bestever    8668    in generation 0
[14, 13, 4, 5, 12, 1, 8, 6, 11, 7, 2, 10, 9, 3, 14, 13, 4, 5, 12, 1, 8, 6, 11, 7, 2, 10, 9, 3, 14, 13, 4, 5, 12, 1, 8, 6, 11, 7, 2, 10, 9, 3, 14, 13, 4, 5, 12, 1, 8, 6, 11, 7, 2, 10, 9, 3]
bestever    8637    in generation 102
[8, 14, 13, 4, 5, 12, 1, 6, 11, 7, 2, 10, 9, 3, 8, 14, 13, 4, 5, 12, 1, 6, 11, 7, 2, 10, 9, 3, 8, 14, 13, 4, 5, 12, 1, 6, 11, 7, 2, 10, 3, 9, 8, 14, 13, 4, 5, 12, 1, 6, 2, 11, 7, 10, 3, 9]
bestever    8601    in generation 111
[14, 13, 4, 5, 12, 1, 6, 11, 7, 2, 10, 8, 14, 13, 4, 5, 12, 1, 7, 6, 11, 2, 3, 10, 3, 9, 9, 8, 14, 13, 4, 5, 12, 1, 6, 11, 7, 2, 10, 3, 9, 8, 14, 13, 4, 5, 12, 1, 6, 11, 7, 2, 10, 9, 3, 8]
bestever    8547    in generation 121
[14, 13, 4, 5, 12, 1, 6, 11, 7, 2, 10, 14, 13, 3, 9, 4, 5, 12, 1, 6, 11, 7, 2, 10, 3, 8, 9, 14, 13, 4, 5, 12, 1, 6, 11, 7, 2, 10, 3, 8, 9, 8, 14, 13, 4, 5, 12, 1, 6, 11, 7, 2, 10, 9, 3, 8]
bestever    8423    in generation 230
[13, 4, 5, 12, 14, 1, 6, 11, 7, 2, 10, 9, 3, 8, 13, 4, 5, 12, 14, 1, 7, 6, 11, 2, 10, 9, 3, 8, 13, 4, 5, 12, 14, 1, 6, 11, 7, 2, 10, 9, 3, 8, 13, 4, 5, 12, 14, 1, 6, 11, 7, 2, 10, 9, 8, 3]
bestever    8171    in generation 333
[4, 13, 5, 12, 14, 1, 6, 11, 2, 7, 10, 9, 3, 8, 4, 13, 5, 12, 14, 1, 6, 11, 2, 7, 10, 9, 3, 8, 4, 13, 5, 12, 14, 1, 6, 11, 2, 7, 10, 9, 3, 8, 4, 13, 5, 12, 14, 1, 6, 11, 7, 2, 10, 9, 3, 8]
bestever    8167    in generation 441
[4, 13, 5, 14, 12, 6, 1, 11, 2, 7, 10, 9, 3, 8, 4, 13, 5, 14, 12, 1, 6, 11, 2, 7, 10, 9, 3, 8, 4, 13, 5, 14, 12, 1, 6, 11, 2, 7, 10, 9, 3, 8, 4, 13, 5, 14, 12, 1, 6, 11, 7, 2, 10, 9, 3, 8]
bestever    8139    in generation 442
[4, 13, 5, 14, 12, 4, 13, 5, 14, 12, 1, 6, 11, 2, 7, 10, 9, 3, 8, 1, 6, 11, 2, 7, 10, 9, 3, 8, 4, 13, 5, 12, 14, 1, 6, 11, 2, 7, 10, 9, 3, 8, 4, 13, 5, 14, 12, 1, 6, 11, 7, 2, 10, 9, 3, 8]
bestever    8129    in generation 460
[4, 13, 5, 14, 12, 4, 13, 5, 14, 12, 1, 6, 11, 2, 7, 10, 9, 3, 8, 1, 6, 11, 2, 7, 10, 9, 3, 8, 4, 13, 5, 12, 14, 1, 6, 11, 2, 7, 10, 9, 3, 8, 4, 13, 5, 12, 14, 1, 6, 11, 2, 7, 10, 9, 3, 8]
bestever    8124    in generation 874
[4, 14, 13, 6, 5, 12, 10, 7, 1, 3, 8, 2, 11, 9, 4, 14, 13, 6, 12, 5, 10, 7, 1, 3, 8, 2, 11, 9, 4, 14, 13, 6, 5, 12, 10, 7, 1, 3, 8, 2, 11, 9, 4, 14, 13, 6, 5, 12, 10, 7, 1, 3, 2, 8, 11, 9]
bestever    8008    in generation 978
[4, 14, 13, 6, 12, 5, 10, 7, 1, 9, 3, 8, 2, 11, 4, 14, 13, 6, 12, 5, 10, 7, 1, 9, 3, 8, 2, 11, 4, 14, 13, 6, 5, 12, 10, 7, 1, 9, 3, 8, 2, 11, 4, 14, 13, 6, 5, 12, 10, 7, 1, 9, 3, 8, 2, 11]
bestever    8003    in generation 1422
[4, 14, 12, 13, 5, 10, 7, 6, 1, 8, 9, 3, 2, 11, 4, 14, 12, 13, 5, 10, 7, 6, 1, 8, 9, 3, 11, 2, 4, 14, 12, 13, 5, 10, 7, 6, 1, 8, 9, 3, 11, 2, 4, 14, 12, 13, 10, 5, 7, 6, 1, 8, 9, 3, 11, 2]
