bestever    3418    in generation 0
[15, 13, 13, 2, 9, 13, 7, 6, 9, 15, 5, 14, 16, 1, 10, 19, 12, 20, 2, 5, 11, 8, 5, 18, 16, 12, 15, 9, 2, 7, 15, 15, 7, 1, 12, 9, 7, 5, 4, 10, 13, 10, 3, 6, 12, 9, 6, 8, 4, 17, 8, 10, 4, 12, 5, 14, 11, 9, 8, 12, 7, 12, 17, 16, 11, 14, 3, 2, 19, 16, 11, 13, 14, 1, 10, 4, 16, 20, 15, 5, 10, 1, 16, 5, 5, 15, 17, 11, 2, 17, 3, 1, 6, 10, 18, 13, 7, 4, 6, 8, 2, 8, 19, 17, 16, 11, 11, 14, 8, 20, 18, 7, 11, 3, 20, 9, 3, 10, 20, 9, 5, 8, 18, 6, 13, 8, 1, 20, 12, 19, 7, 13, 14, 9, 19, 19, 15, 1, 18, 3, 19, 15, 14, 6, 20, 14, 19, 4, 18, 18, 18, 10, 1, 11, 4, 20, 6, 14, 2, 17, 4, 19, 13, 18, 20, 5, 8, 2, 16, 3, 2, 2, 14, 3, 16, 7, 10, 7, 12, 3, 15, 17, 16, 1, 17, 4, 13, 4, 12, 17, 18, 3, 6, 19, 1, 17, 9, 20, 6, 11]
bestever    3159    in generation 1
[5, 5, 6, 14, 9, 4, 14, 2, 4, 17, 12, 16, 11, 4, 11, 6, 6, 12, 5, 18, 10, 16, 2, 5, 14, 10, 16, 13, 11, 3, 19, 9, 14, 8, 15, 6, 7, 5, 5, 17, 16, 9, 11, 7, 18, 3, 3, 18, 8, 6, 18, 2, 8, 3, 7, 17, 18, 2, 13, 11, 17, 15, 17, 17, 11, 20, 3, 14, 17, 13, 3, 20, 13, 13, 14, 15, 20, 8, 6, 15, 11, 6, 4, 13, 8, 8, 3, 20, 13, 20, 14, 10, 4, 16, 20, 2, 6, 12, 2, 13, 1, 4, 18, 3, 8, 19, 9, 4, 12, 12, 2, 14, 9, 13, 18, 11, 19, 12, 7, 19, 20, 3, 15, 10, 7, 15, 1, 6, 2, 4, 18, 8, 9, 10, 15, 15, 10, 1, 19, 18, 13, 19, 4, 12, 19, 7, 16, 19, 8, 7, 11, 14, 5, 1, 17, 18, 15, 1, 14, 5, 9, 1, 17, 11, 20, 1, 1, 9, 5, 17, 2, 19, 16, 4, 2, 9, 10, 16, 10, 12, 5, 6, 1, 15, 9, 12, 1, 20, 12, 10, 20, 7, 10, 7, 7, 16, 19, 16, 8, 3]
bestever    3149    in generation 3
[15, 1, 1, 17, 11, 20, 1, 1, 16, 20, 11, 13, 8, 10, 16, 19, 16, 8, 11, 5, 16, 6, 17, 17, 20, 7, 14, 16, 13, 11, 7, 14, 5, 4, 18, 3, 8, 19, 9, 4, 2, 14, 9, 13, 18, 11, 19, 12, 7, 19, 20, 15, 8, 18, 4, 7, 18, 15, 5, 3, 18, 17, 14, 13, 9, 17, 9, 13, 18, 3, 16, 10, 20, 17, 10, 8, 7, 11, 8, 11, 14, 5, 16, 20, 6, 17, 7, 12, 3, 17, 20, 7, 3, 14, 16, 13, 11, 7, 14, 3, 5, 4, 18, 3, 8, 19, 9, 4, 12, 12, 2, 14, 9, 13, 18, 11, 19, 12, 7, 19, 20, 3, 15, 10, 7, 15, 1, 6, 2, 4, 18, 8, 9, 10, 1, 19, 13, 4, 12, 8, 11, 14, 5, 1, 17, 15, 1, 14, 5, 9, 9, 4, 15, 16, 10, 5, 1, 5, 6, 4, 10, 6, 9, 15, 2, 8, 2, 18, 2, 5, 6, 2, 2, 6, 20, 6, 6, 13, 20, 6, 12, 3, 12, 2, 12, 3, 10, 2, 10, 15, 15, 10, 13, 4, 12, 19, 16, 19, 1, 17]
bestever    3095    in generation 4
[15, 5, 9, 9, 18, 8, 8, 11, 6, 17, 17, 20, 7, 14, 13, 11, 7, 14, 18, 3, 8, 14, 18, 11, 7, 20, 8, 18, 7, 18, 3, 17, 17, 13, 3, 20, 17, 8, 7, 11, 8, 11, 6, 17, 13, 11, 6, 8, 4, 12, 17, 12, 3, 2, 13, 4, 12, 5, 20, 1, 9, 20, 5, 13, 8, 10, 14, 9, 4, 15, 17, 2, 19, 2, 10, 12, 6, 1, 15, 12, 3, 14, 16, 7, 14, 3, 4, 18, 3, 19, 9, 12, 2, 14, 9, 18, 19, 12, 7, 19, 3, 10, 7, 2, 18, 9, 10, 15, 15, 10, 1, 19, 18, 13, 19, 4, 12, 19, 7, 16, 19, 7, 11, 14, 5, 1, 17, 18, 15, 1, 14, 5, 9, 1, 17, 11, 20, 1, 1, 9, 16, 20, 11, 5, 13, 8, 10, 16, 19, 16, 14, 9, 4, 15, 16, 16, 16, 10, 5, 1, 5, 6, 4, 10, 2, 19, 10, 1, 6, 2, 20, 6, 12, 13, 16, 8, 13, 16, 11, 20, 4, 10, 15, 2, 13, 12, 3, 6, 20, 3, 2, 2, 6, 15, 5, 6, 4, 5, 15, 4]
bestever    2765    in generation 5
[9, 9, 18, 8, 8, 11, 17, 17, 20, 7, 14, 13, 11, 7, 14, 4, 18, 3, 8, 14, 18, 11, 7, 20, 8, 18, 7, 18, 3, 18, 17, 14, 17, 13, 3, 20, 17, 8, 7, 11, 8, 11, 14, 6, 17, 3, 3, 13, 11, 12, 7, 6, 8, 4, 12, 17, 12, 3, 2, 13, 4, 12, 5, 1, 9, 20, 5, 13, 8, 10, 19, 14, 9, 15, 2, 19, 10, 12, 6, 1, 3, 19, 9, 12, 14, 9, 18, 19, 12, 7, 19, 3, 10, 7, 18, 9, 10, 15, 10, 1, 19, 18, 13, 19, 4, 12, 19, 7, 16, 19, 7, 11, 14, 5, 1, 17, 18, 15, 1, 5, 9, 1, 17, 11, 20, 1, 1, 9, 16, 20, 11, 5, 13, 8, 10, 16, 19, 16, 14, 4, 15, 16, 16, 10, 5, 5, 6, 4, 10, 2, 14, 9, 4, 15, 16, 17, 2, 2, 10, 12, 6, 1, 15, 6, 2, 20, 6, 1, 6, 2, 20, 6, 12, 13, 16, 8, 13, 16, 16, 11, 20, 4, 10, 15, 2, 13, 3, 6, 20, 3, 2, 2, 15, 5, 4, 5, 15, 4, 15, 5]
bestever    2658    in generation 6
[9, 9, 18, 8, 8, 11, 17, 17, 20, 7, 14, 13, 11, 7, 14, 4, 18, 3, 8, 14, 18, 11, 7, 8, 18, 7, 18, 3, 18, 17, 14, 17, 3, 17, 8, 7, 14, 17, 3, 3, 13, 12, 7, 12, 12, 3, 2, 4, 12, 5, 1, 9, 5, 10, 19, 14, 9, 15, 2, 19, 2, 10, 12, 6, 1, 3, 19, 9, 12, 14, 9, 18, 19, 12, 7, 19, 3, 10, 7, 18, 9, 10, 1, 19, 18, 19, 12, 19, 7, 19, 7, 1, 18, 15, 17, 16, 11, 8, 10, 16, 16, 14, 4, 10, 5, 6, 4, 12, 6, 20, 6, 13, 8, 5, 17, 11, 20, 1, 1, 16, 20, 11, 5, 13, 8, 10, 16, 16, 14, 4, 15, 5, 9, 1, 17, 11, 20, 1, 1, 9, 16, 20, 11, 5, 13, 8, 10, 16, 19, 16, 14, 9, 4, 15, 16, 17, 2, 2, 10, 12, 6, 1, 15, 6, 2, 20, 6, 13, 8, 13, 11, 20, 4, 15, 2, 13, 13, 11, 20, 4, 10, 15, 2, 13, 3, 6, 20, 3, 2, 2, 6, 15, 5, 6, 4, 5, 15, 4, 15, 5]
bestever    2643    in generation 7
[9, 9, 18, 8, 8, 11, 17, 17, 20, 7, 14, 13, 11, 7, 14, 4, 18, 3, 8, 14, 18, 11, 7, 8, 18, 7, 18, 3, 18, 17, 14, 17, 3, 17, 8, 7, 14, 17, 3, 3, 13, 12, 7, 12, 12, 3, 2, 4, 12, 5, 1, 9, 5, 10, 19, 14, 9, 15, 19, 10, 12, 6, 1, 3, 19, 9, 12, 14, 9, 18, 19, 12, 7, 19, 3, 10, 7, 18, 9, 10, 1, 19, 18, 19, 12, 19, 7, 19, 7, 1, 18, 15, 17, 16, 11, 8, 10, 16, 16, 14, 4, 10, 5, 4, 20, 13, 8, 5, 17, 11, 20, 1, 1, 16, 20, 11, 5, 13, 8, 10, 16, 16, 14, 4, 5, 9, 1, 17, 11, 20, 1, 9, 16, 11, 5, 13, 8, 10, 19, 14, 9, 15, 2, 6, 13, 13, 11, 4, 15, 2, 20, 4, 15, 2, 13, 17, 2, 2, 10, 12, 6, 1, 15, 6, 2, 20, 6, 1, 6, 2, 20, 6, 12, 13, 16, 8, 13, 16, 16, 11, 20, 4, 10, 15, 3, 6, 20, 3, 2, 2, 6, 15, 5, 6, 4, 5, 15, 4, 15, 5]
bestever    2628    in generation 9
[9, 9, 18, 8, 8, 11, 17, 17, 20, 7, 14, 13, 11, 7, 14, 4, 18, 3, 19, 14, 18, 11, 7, 8, 18, 7, 18, 3, 18, 17, 14, 17, 3, 17, 8, 7, 14, 17, 3, 3, 13, 12, 7, 12, 12, 3, 2, 4, 12, 5, 1, 9, 5, 10, 19, 14, 9, 15, 8, 10, 12, 6, 1, 3, 19, 9, 12, 14, 9, 18, 19, 12, 7, 19, 3, 10, 7, 18, 9, 10, 1, 19, 18, 19, 12, 19, 7, 19, 7, 1, 18, 15, 17, 16, 11, 8, 10, 16, 16, 14, 4, 10, 5, 4, 20, 13, 8, 5, 17, 11, 20, 1, 1, 16, 20, 11, 5, 13, 8, 10, 16, 16, 14, 4, 5, 9, 1, 17, 11, 20, 1, 9, 16, 11, 5, 13, 8, 10, 19, 14, 9, 15, 2, 6, 13, 13, 11, 4, 15, 2, 20, 4, 15, 2, 13, 17, 2, 2, 10, 12, 6, 1, 15, 6, 2, 20, 6, 1, 6, 2, 20, 6, 12, 13, 16, 8, 13, 16, 16, 11, 20, 4, 10, 15, 3, 6, 20, 3, 2, 2, 6, 15, 5, 6, 4, 5, 15, 4, 15, 5]
bestever    2623    in generation 16
[11, 17, 17, 20, 7, 14, 13, 11, 7, 14, 4, 18, 3, 19, 14, 18, 11, 7, 8, 18, 7, 18, 3, 18, 17, 14, 17, 3, 17, 8, 7, 14, 17, 3, 3, 13, 12, 7, 12, 12, 3, 4, 12, 5, 1, 9, 5, 10, 19, 14, 9, 8, 10, 12, 1, 3, 19, 9, 12, 9, 18, 9, 8, 8, 15, 2, 6, 14, 9, 18, 19, 12, 7, 19, 3, 10, 7, 18, 9, 10, 1, 19, 18, 19, 12, 19, 7, 19, 7, 1, 18, 15, 17, 16, 11, 8, 10, 16, 16, 14, 4, 10, 5, 4, 20, 13, 8, 5, 17, 11, 20, 1, 1, 16, 20, 11, 5, 13, 8, 10, 16, 16, 14, 4, 5, 9, 1, 17, 11, 20, 1, 9, 16, 11, 5, 13, 8, 10, 19, 14, 9, 15, 2, 6, 13, 13, 11, 4, 15, 2, 20, 4, 15, 2, 13, 17, 2, 2, 10, 12, 6, 1, 15, 6, 2, 20, 6, 1, 6, 2, 20, 6, 12, 13, 16, 8, 13, 16, 16, 11, 20, 4, 10, 15, 3, 6, 20, 3, 2, 2, 6, 15, 5, 6, 4, 5, 15, 4, 15, 5]
bestever    2541    in generation 20
[17, 17, 20, 7, 14, 13, 11, 7, 14, 18, 3, 19, 14, 18, 11, 7, 8, 18, 7, 18, 3, 18, 17, 14, 17, 3, 17, 8, 7, 14, 17, 3, 3, 13, 12, 7, 12, 12, 3, 12, 1, 9, 10, 19, 14, 9, 8, 10, 12, 1, 3, 19, 9, 12, 9, 18, 9, 8, 8, 2, 14, 9, 18, 19, 12, 7, 19, 3, 10, 7, 18, 9, 10, 1, 19, 18, 19, 12, 19, 7, 19, 7, 1, 18, 5, 5, 5, 4, 4, 15, 6, 15, 17, 16, 11, 8, 10, 16, 16, 14, 4, 10, 5, 4, 20, 13, 8, 5, 17, 11, 20, 1, 1, 16, 20, 11, 5, 13, 8, 10, 16, 16, 14, 4, 5, 9, 1, 17, 11, 20, 1, 9, 16, 11, 5, 13, 8, 10, 19, 14, 9, 15, 2, 6, 13, 13, 11, 4, 15, 2, 20, 4, 15, 2, 13, 17, 2, 2, 10, 12, 6, 1, 15, 6, 2, 20, 6, 1, 6, 2, 20, 6, 12, 13, 16, 8, 13, 16, 16, 11, 20, 4, 10, 15, 3, 6, 20, 3, 2, 2, 6, 15, 5, 6, 4, 5, 15, 4, 15, 11]
bestever    2537    in generation 25
[12, 7, 12, 12, 12, 1, 9, 10, 9, 10, 12, 1, 19, 9, 12, 9, 9, 9, 19, 19, 3, 10, 9, 10, 1, 7, 7, 1, 17, 10, 10, 10, 15, 15, 4, 20, 11, 20, 20, 5, 16, 4, 5, 11, 11, 5, 8, 19, 13, 13, 12, 1, 19, 7, 7, 1, 18, 5, 8, 5, 1, 1, 19, 14, 11, 20, 4, 13, 8, 3, 3, 17, 17, 7, 13, 8, 14, 5, 20, 5, 8, 10, 19, 14, 6, 11, 14, 11, 4, 4, 15, 15, 12, 10, 14, 5, 9, 11, 20, 9, 5, 8, 10, 19, 14, 11, 4, 20, 4, 15, 15, 2, 2, 6, 16, 13, 16, 16, 11, 14, 9, 13, 13, 11, 4, 2, 20, 4, 15, 2, 13, 2, 2, 12, 6, 1, 15, 6, 2, 20, 6, 1, 6, 2, 13, 16, 16, 16, 16, 13, 16, 16, 6, 12, 4, 15, 3, 6, 20, 3, 2, 2, 6, 15, 5, 6, 14, 7, 14, 18, 3, 19, 14, 18, 7, 8, 18, 7, 18, 3, 17, 17, 3, 17, 8, 18, 3, 19, 18, 8, 18, 18, 3, 18, 17, 17, 17, 8, 7, 17]
bestever    2524    in generation 30
[12, 7, 12, 12, 12, 1, 9, 10, 9, 10, 12, 1, 19, 9, 12, 9, 9, 9, 19, 19, 3, 10, 9, 10, 1, 7, 7, 1, 17, 10, 10, 10, 15, 15, 4, 20, 11, 20, 20, 5, 16, 4, 5, 11, 11, 5, 8, 19, 13, 13, 12, 1, 19, 7, 7, 1, 18, 5, 8, 5, 1, 1, 19, 14, 11, 20, 4, 13, 8, 3, 3, 17, 7, 13, 8, 14, 5, 20, 5, 8, 10, 19, 14, 6, 11, 14, 11, 4, 4, 15, 15, 12, 10, 14, 5, 9, 11, 20, 9, 5, 8, 10, 19, 14, 11, 4, 20, 4, 15, 15, 2, 2, 6, 16, 13, 16, 16, 11, 14, 9, 13, 13, 11, 4, 2, 20, 4, 15, 2, 13, 2, 2, 12, 6, 1, 15, 6, 2, 20, 6, 1, 6, 2, 13, 16, 16, 16, 16, 13, 16, 16, 6, 12, 4, 15, 3, 6, 20, 3, 2, 2, 6, 15, 17, 5, 6, 14, 7, 14, 18, 3, 19, 14, 18, 7, 8, 18, 7, 18, 3, 17, 17, 3, 17, 8, 18, 3, 19, 18, 8, 18, 18, 3, 18, 17, 17, 17, 8, 7, 17]
bestever    2495    in generation 31
[12, 12, 1, 9, 10, 9, 10, 12, 1, 19, 9, 12, 9, 9, 9, 19, 19, 3, 10, 9, 10, 1, 7, 7, 1, 10, 10, 10, 15, 15, 4, 20, 11, 20, 5, 16, 4, 5, 11, 11, 5, 19, 13, 13, 12, 1, 19, 7, 7, 1, 5, 8, 5, 1, 1, 14, 11, 20, 4, 13, 8, 3, 17, 13, 8, 14, 5, 20, 5, 8, 10, 19, 14, 6, 14, 11, 4, 4, 15, 15, 12, 10, 14, 11, 20, 9, 5, 19, 14, 11, 4, 20, 4, 15, 15, 2, 2, 11, 20, 9, 5, 8, 10, 19, 6, 16, 13, 16, 16, 11, 14, 9, 13, 13, 11, 4, 2, 7, 18, 17, 17, 17, 18, 3, 18, 8, 20, 4, 15, 2, 13, 2, 2, 12, 6, 1, 15, 6, 2, 20, 6, 1, 6, 2, 13, 16, 16, 16, 16, 13, 16, 16, 6, 12, 4, 15, 3, 6, 20, 3, 2, 2, 6, 15, 5, 6, 14, 7, 14, 18, 3, 19, 14, 18, 7, 8, 18, 7, 18, 3, 17, 17, 3, 17, 8, 18, 3, 19, 18, 8, 18, 3, 17, 17, 17, 8, 7, 12, 7, 12]
bestever    2431    in generation 32
[12, 12, 1, 9, 10, 9, 10, 12, 1, 19, 9, 12, 9, 9, 9, 19, 19, 3, 10, 9, 10, 1, 7, 7, 1, 10, 10, 10, 15, 4, 20, 11, 20, 20, 5, 16, 4, 5, 11, 11, 5, 19, 13, 13, 12, 1, 19, 7, 7, 1, 5, 8, 5, 1, 1, 14, 11, 13, 8, 3, 17, 13, 8, 5, 20, 5, 8, 10, 19, 14, 6, 11, 14, 4, 15, 15, 12, 10, 14, 11, 20, 9, 5, 19, 14, 11, 4, 20, 4, 15, 15, 2, 2, 6, 16, 13, 16, 16, 9, 5, 8, 10, 19, 14, 11, 4, 20, 4, 15, 11, 14, 9, 13, 13, 11, 4, 2, 7, 18, 17, 17, 17, 18, 3, 18, 8, 20, 4, 15, 2, 13, 2, 2, 12, 6, 1, 15, 6, 2, 20, 6, 1, 6, 2, 13, 16, 16, 16, 16, 13, 16, 16, 6, 12, 4, 15, 3, 6, 20, 3, 2, 2, 6, 15, 5, 6, 14, 7, 14, 18, 3, 19, 14, 18, 7, 8, 18, 7, 18, 3, 17, 17, 3, 17, 8, 18, 3, 19, 18, 8, 18, 3, 17, 17, 17, 8, 7, 12, 7, 12]
bestever    2429    in generation 36
[1, 9, 10, 9, 10, 12, 1, 19, 9, 9, 9, 9, 19, 19, 3, 10, 10, 1, 7, 7, 1, 10, 10, 10, 15, 15, 4, 20, 11, 20, 5, 16, 4, 5, 11, 11, 5, 19, 13, 13, 12, 1, 19, 7, 7, 1, 5, 8, 5, 1, 1, 19, 11, 20, 4, 13, 8, 3, 13, 14, 5, 20, 10, 19, 14, 6, 14, 11, 4, 4, 15, 15, 12, 14, 11, 20, 9, 5, 19, 14, 11, 4, 20, 4, 15, 15, 12, 10, 14, 5, 9, 11, 20, 9, 5, 10, 2, 2, 6, 16, 13, 16, 16, 11, 14, 9, 13, 13, 11, 4, 2, 20, 4, 15, 2, 13, 2, 2, 12, 6, 1, 15, 6, 2, 20, 6, 1, 6, 2, 13, 16, 16, 16, 16, 13, 16, 16, 6, 12, 4, 15, 6, 20, 2, 2, 6, 15, 5, 6, 14, 14, 19, 7, 14, 7, 7, 3, 8, 18, 18, 3, 17, 17, 3, 17, 8, 18, 3, 18, 8, 18, 3, 17, 17, 17, 8, 7, 17, 17, 3, 17, 8, 18, 3, 19, 18, 8, 18, 18, 3, 18, 17, 8, 8, 7, 12, 7, 12, 12, 12]
bestever    2357    in generation 47
[1, 9, 10, 9, 10, 1, 19, 9, 9, 9, 9, 19, 19, 3, 10, 10, 1, 7, 7, 1, 10, 10, 10, 15, 15, 4, 20, 11, 20, 5, 16, 4, 5, 11, 11, 5, 19, 13, 13, 1, 19, 7, 7, 1, 5, 8, 5, 1, 19, 11, 20, 4, 13, 8, 3, 13, 14, 5, 20, 10, 19, 14, 6, 14, 11, 4, 4, 15, 15, 12, 14, 11, 20, 9, 5, 19, 11, 4, 20, 15, 12, 10, 5, 9, 11, 20, 9, 5, 10, 2, 2, 6, 12, 1, 12, 14, 16, 16, 16, 11, 14, 9, 13, 13, 11, 4, 4, 15, 2, 13, 2, 20, 4, 15, 2, 13, 2, 12, 6, 1, 15, 6, 2, 20, 6, 1, 6, 2, 13, 16, 16, 16, 16, 13, 16, 16, 6, 12, 4, 15, 6, 20, 2, 2, 6, 15, 5, 6, 14, 14, 14, 19, 7, 14, 7, 7, 3, 8, 18, 18, 3, 17, 17, 3, 17, 8, 18, 3, 18, 8, 18, 3, 17, 17, 17, 8, 7, 17, 17, 3, 17, 8, 18, 3, 19, 18, 8, 18, 18, 3, 18, 17, 8, 8, 7, 12, 7, 12, 12, 12]
bestever    2344    in generation 58
[1, 9, 10, 9, 10, 1, 19, 9, 9, 9, 9, 19, 19, 3, 10, 10, 1, 7, 7, 1, 10, 10, 10, 15, 15, 4, 20, 11, 20, 5, 16, 4, 5, 11, 11, 5, 19, 13, 13, 1, 19, 7, 7, 1, 5, 8, 5, 1, 19, 11, 20, 4, 13, 3, 13, 14, 5, 20, 10, 19, 14, 6, 14, 11, 4, 4, 15, 15, 12, 14, 11, 20, 9, 5, 19, 11, 4, 20, 15, 12, 10, 5, 9, 11, 20, 9, 5, 10, 2, 2, 6, 12, 1, 12, 14, 16, 16, 16, 11, 14, 9, 13, 13, 11, 4, 4, 15, 2, 13, 2, 20, 4, 15, 2, 13, 2, 12, 6, 1, 15, 6, 2, 20, 6, 1, 6, 2, 13, 16, 16, 16, 16, 13, 16, 16, 6, 12, 4, 15, 6, 20, 2, 2, 6, 15, 5, 6, 14, 14, 14, 19, 7, 14, 7, 3, 18, 18, 7, 8, 3, 17, 17, 3, 17, 8, 18, 3, 18, 8, 18, 3, 17, 17, 17, 8, 7, 17, 17, 3, 17, 8, 18, 3, 19, 18, 8, 18, 18, 3, 18, 17, 8, 8, 8, 7, 12, 7, 12, 12, 12]
bestever    2336    in generation 69
[1, 9, 10, 9, 10, 1, 19, 9, 9, 9, 9, 19, 19, 3, 10, 10, 1, 7, 7, 1, 10, 10, 10, 15, 15, 4, 20, 11, 20, 5, 16, 4, 5, 11, 11, 5, 19, 13, 13, 1, 19, 7, 7, 1, 5, 8, 5, 1, 19, 11, 20, 4, 13, 3, 13, 14, 5, 20, 10, 19, 14, 6, 14, 11, 4, 4, 15, 15, 12, 14, 11, 20, 9, 5, 11, 4, 20, 15, 10, 5, 9, 11, 20, 9, 5, 10, 2, 2, 6, 12, 1, 12, 14, 16, 16, 16, 11, 9, 13, 13, 11, 4, 4, 15, 2, 13, 2, 20, 4, 15, 2, 13, 2, 12, 6, 1, 12, 14, 19, 15, 6, 2, 20, 6, 1, 6, 2, 13, 16, 16, 16, 16, 13, 16, 16, 6, 12, 4, 15, 6, 20, 2, 2, 6, 15, 5, 6, 14, 14, 14, 19, 7, 14, 7, 3, 18, 18, 7, 8, 3, 17, 17, 3, 17, 8, 18, 3, 18, 8, 18, 3, 17, 17, 17, 8, 7, 17, 17, 3, 17, 8, 18, 3, 19, 18, 8, 18, 18, 3, 18, 17, 8, 8, 8, 7, 12, 7, 12, 12, 12]
bestever    2311    in generation 79
[1, 9, 10, 9, 10, 1, 19, 9, 9, 9, 9, 19, 19, 3, 10, 10, 1, 7, 7, 1, 10, 10, 10, 15, 15, 4, 20, 11, 20, 5, 16, 4, 5, 11, 11, 5, 19, 13, 13, 1, 19, 7, 7, 1, 5, 8, 5, 1, 19, 11, 20, 4, 13, 3, 13, 14, 5, 20, 10, 14, 6, 14, 11, 4, 4, 15, 15, 12, 14, 11, 20, 9, 5, 11, 4, 20, 15, 10, 5, 9, 11, 20, 9, 5, 10, 2, 2, 6, 12, 1, 14, 16, 16, 16, 11, 9, 13, 13, 11, 4, 4, 15, 2, 13, 2, 20, 4, 15, 2, 13, 2, 12, 6, 1, 12, 14, 15, 6, 2, 20, 6, 1, 6, 2, 13, 16, 16, 16, 16, 13, 16, 16, 6, 12, 4, 15, 6, 20, 2, 2, 6, 15, 5, 6, 14, 14, 19, 7, 19, 14, 19, 7, 14, 7, 3, 7, 17, 3, 17, 3, 18, 18, 3, 17, 17, 17, 17, 17, 3, 17, 8, 18, 3, 19, 18, 8, 18, 18, 3, 18, 17, 8, 8, 8, 12, 8, 18, 18, 3, 18, 17, 8, 8, 8, 7, 12, 7, 12, 12, 12]
bestever    2301    in generation 97
[5, 16, 4, 5, 11, 11, 5, 13, 13, 1, 1, 11, 20, 4, 20, 1, 19, 19, 7, 7, 19, 3, 19, 7, 7, 1, 15, 15, 19, 1, 10, 10, 9, 10, 9, 1, 9, 10, 9, 9, 10, 9, 10, 10, 5, 8, 5, 1, 19, 11, 20, 4, 13, 3, 13, 14, 5, 20, 10, 14, 6, 14, 11, 4, 4, 15, 15, 12, 14, 11, 20, 9, 5, 11, 4, 20, 15, 10, 5, 9, 11, 20, 9, 5, 10, 2, 2, 6, 12, 1, 14, 16, 16, 16, 11, 9, 13, 13, 11, 4, 4, 15, 2, 13, 2, 20, 4, 15, 2, 13, 2, 12, 6, 1, 12, 14, 15, 6, 2, 20, 6, 1, 6, 2, 13, 16, 16, 16, 16, 13, 16, 16, 6, 12, 4, 15, 6, 20, 2, 2, 6, 15, 5, 6, 14, 14, 19, 7, 19, 14, 19, 7, 14, 7, 3, 7, 17, 3, 17, 3, 18, 18, 3, 17, 17, 17, 17, 17, 3, 17, 8, 18, 3, 19, 18, 8, 18, 18, 3, 18, 17, 8, 8, 8, 12, 8, 18, 18, 3, 18, 17, 8, 8, 8, 7, 12, 7, 12, 12, 12]
bestever    2300    in generation 103
[5, 16, 4, 5, 11, 11, 5, 13, 13, 1, 1, 11, 20, 4, 20, 1, 19, 19, 7, 7, 19, 3, 19, 7, 7, 1, 15, 15, 19, 1, 10, 10, 9, 10, 9, 1, 9, 10, 9, 9, 10, 9, 10, 10, 5, 5, 1, 11, 20, 4, 13, 3, 13, 14, 5, 20, 10, 14, 6, 14, 11, 4, 4, 15, 15, 14, 11, 20, 9, 5, 11, 4, 20, 15, 10, 5, 9, 11, 20, 9, 5, 10, 2, 2, 6, 12, 1, 14, 16, 16, 16, 11, 9, 13, 13, 11, 4, 4, 15, 2, 13, 2, 20, 4, 15, 2, 13, 2, 12, 6, 1, 12, 14, 15, 6, 2, 20, 6, 1, 6, 2, 13, 16, 16, 16, 13, 16, 16, 6, 12, 4, 15, 6, 20, 2, 2, 6, 15, 5, 6, 14, 14, 14, 19, 14, 3, 17, 3, 17, 3, 18, 18, 17, 17, 17, 17, 17, 3, 17, 12, 16, 7, 7, 19, 3, 19, 7, 7, 19, 8, 8, 18, 3, 19, 18, 8, 18, 18, 3, 18, 17, 8, 8, 8, 12, 8, 18, 18, 3, 18, 17, 8, 8, 8, 7, 12, 7, 12, 12, 12]
bestever    2243    in generation 109
[5, 16, 4, 5, 11, 11, 5, 13, 13, 1, 1, 11, 20, 4, 20, 1, 19, 19, 7, 7, 19, 3, 19, 7, 7, 1, 15, 15, 19, 1, 10, 10, 9, 10, 9, 1, 9, 10, 9, 9, 10, 9, 10, 10, 5, 5, 1, 11, 20, 4, 13, 3, 13, 5, 5, 20, 10, 14, 6, 14, 11, 4, 4, 15, 15, 14, 11, 20, 9, 5, 11, 4, 20, 15, 10, 5, 9, 11, 20, 9, 5, 10, 2, 2, 6, 12, 1, 14, 16, 16, 16, 11, 9, 13, 13, 11, 4, 4, 15, 2, 13, 2, 20, 4, 15, 2, 13, 2, 12, 6, 1, 12, 14, 15, 6, 2, 20, 6, 1, 6, 2, 13, 16, 16, 16, 13, 16, 16, 6, 12, 4, 15, 6, 20, 2, 2, 6, 15, 14, 6, 14, 14, 14, 19, 14, 3, 17, 3, 17, 3, 18, 18, 17, 17, 17, 17, 17, 3, 17, 12, 16, 7, 7, 19, 3, 19, 7, 7, 19, 8, 8, 18, 3, 19, 18, 8, 18, 18, 3, 18, 17, 8, 8, 8, 12, 8, 18, 18, 3, 18, 17, 8, 8, 8, 7, 12, 7, 12, 12, 12]
bestever    2209    in generation 142
[5, 16, 4, 5, 11, 11, 5, 13, 13, 1, 1, 11, 20, 4, 20, 1, 19, 19, 7, 7, 19, 3, 19, 7, 7, 1, 1, 15, 19, 1, 10, 10, 9, 10, 9, 1, 9, 10, 9, 9, 10, 9, 10, 10, 5, 5, 15, 11, 20, 4, 13, 3, 13, 5, 5, 20, 10, 14, 6, 14, 11, 4, 4, 15, 15, 14, 11, 20, 9, 5, 11, 4, 20, 15, 10, 5, 9, 11, 20, 9, 5, 10, 2, 2, 6, 12, 1, 14, 16, 16, 16, 11, 9, 13, 13, 11, 4, 4, 15, 2, 13, 2, 20, 4, 15, 2, 13, 2, 12, 6, 1, 14, 15, 6, 2, 20, 6, 1, 6, 2, 13, 16, 16, 16, 13, 16, 16, 6, 4, 15, 6, 20, 2, 2, 6, 15, 14, 6, 14, 14, 14, 19, 14, 3, 17, 3, 17, 3, 18, 18, 17, 17, 17, 17, 17, 3, 17, 12, 16, 7, 7, 19, 3, 19, 7, 19, 8, 8, 18, 3, 19, 18, 8, 18, 18, 3, 18, 17, 12, 7, 12, 8, 8, 8, 12, 8, 18, 18, 3, 18, 17, 8, 8, 8, 7, 12, 7, 12, 12, 12]
bestever    2201    in generation 170
[5, 16, 4, 5, 11, 11, 5, 13, 13, 1, 1, 11, 20, 4, 20, 1, 19, 19, 7, 7, 19, 3, 19, 1, 1, 15, 19, 1, 10, 10, 9, 10, 9, 1, 9, 10, 9, 9, 10, 9, 10, 10, 5, 5, 15, 11, 20, 4, 13, 3, 13, 5, 5, 20, 10, 14, 6, 14, 11, 4, 4, 15, 15, 14, 11, 20, 9, 5, 11, 4, 20, 15, 10, 5, 9, 11, 20, 9, 5, 10, 2, 2, 6, 12, 1, 14, 16, 16, 16, 11, 9, 13, 13, 11, 4, 4, 15, 2, 13, 2, 20, 4, 15, 2, 13, 2, 6, 1, 14, 15, 6, 2, 20, 6, 1, 6, 2, 13, 16, 16, 16, 13, 16, 6, 4, 15, 6, 18, 16, 7, 12, 20, 2, 2, 6, 15, 14, 6, 14, 14, 14, 19, 14, 3, 17, 3, 17, 3, 18, 18, 17, 17, 17, 17, 17, 3, 17, 12, 16, 7, 7, 19, 3, 19, 7, 19, 8, 8, 18, 3, 19, 18, 8, 18, 18, 3, 18, 17, 12, 7, 12, 8, 8, 8, 12, 8, 18, 18, 3, 7, 17, 8, 8, 8, 7, 12, 7, 12, 12, 12]
bestever    2128    in generation 173
[5, 16, 4, 5, 11, 11, 5, 13, 13, 1, 1, 11, 20, 4, 20, 1, 19, 19, 7, 7, 19, 3, 19, 1, 1, 15, 19, 1, 10, 10, 9, 10, 9, 1, 9, 10, 9, 9, 10, 9, 10, 10, 5, 5, 15, 11, 20, 4, 9, 3, 13, 5, 5, 20, 10, 14, 6, 14, 11, 4, 4, 15, 15, 14, 11, 20, 9, 5, 11, 4, 20, 15, 10, 5, 9, 11, 20, 13, 5, 10, 2, 2, 6, 12, 1, 14, 16, 16, 16, 11, 9, 13, 13, 11, 4, 4, 15, 2, 13, 2, 20, 4, 15, 2, 13, 2, 6, 1, 14, 15, 6, 2, 20, 6, 1, 6, 2, 13, 16, 16, 16, 13, 16, 6, 4, 15, 6, 18, 16, 7, 12, 20, 2, 2, 6, 15, 14, 6, 14, 14, 14, 19, 14, 3, 17, 3, 17, 3, 18, 18, 17, 17, 17, 17, 17, 3, 17, 12, 16, 7, 7, 19, 3, 19, 7, 19, 8, 8, 18, 3, 19, 18, 8, 18, 18, 3, 18, 17, 12, 7, 12, 8, 8, 8, 12, 8, 18, 18, 3, 7, 17, 8, 8, 8, 7, 12, 7, 12, 12, 12]
bestever    2113    in generation 263
[5, 16, 4, 5, 11, 11, 5, 13, 13, 1, 1, 11, 20, 4, 20, 1, 19, 19, 7, 7, 19, 3, 19, 1, 1, 15, 19, 1, 10, 10, 9, 10, 9, 1, 9, 10, 9, 10, 10, 9, 10, 9, 5, 5, 15, 11, 20, 4, 9, 3, 13, 5, 5, 20, 10, 14, 6, 11, 4, 4, 15, 15, 11, 20, 9, 5, 11, 4, 20, 15, 10, 5, 9, 11, 20, 13, 5, 10, 2, 2, 6, 12, 1, 16, 16, 16, 11, 9, 13, 13, 11, 4, 4, 15, 2, 13, 2, 20, 4, 15, 2, 13, 2, 6, 1, 14, 15, 6, 2, 20, 6, 1, 6, 2, 13, 16, 16, 16, 13, 16, 6, 4, 15, 18, 16, 7, 12, 6, 14, 14, 14, 20, 2, 2, 6, 15, 14, 6, 14, 14, 14, 19, 14, 3, 17, 3, 17, 3, 18, 18, 17, 17, 17, 17, 17, 3, 17, 16, 7, 7, 19, 3, 19, 7, 19, 12, 8, 8, 18, 3, 19, 18, 8, 18, 18, 3, 18, 17, 12, 7, 12, 8, 8, 8, 12, 8, 18, 18, 3, 7, 17, 8, 8, 8, 7, 12, 7, 12, 12, 12]
bestever    2106    in generation 366
[5, 16, 4, 11, 1, 13, 20, 19, 7, 3, 15, 10, 9, 14, 6, 2, 12, 18, 17, 8, 5, 11, 1, 13, 4, 20, 19, 7, 10, 9, 15, 3, 2, 6, 16, 14, 12, 17, 18, 8, 5, 1, 11, 19, 10, 9, 20, 4, 13, 15, 16, 2, 6, 7, 14, 3, 18, 17, 12, 8, 1, 19, 10, 9, 5, 11, 20, 4, 15, 13, 16, 2, 6, 14, 3, 17, 7, 18, 12, 8, 1, 19, 10, 9, 5, 11, 4, 20, 15, 13, 2, 6, 16, 14, 3, 17, 7, 18, 12, 8, 1, 10, 9, 5, 11, 4, 20, 13, 15, 2, 6, 16, 14, 19, 17, 3, 7, 18, 8, 12, 1, 10, 9, 5, 11, 20, 4, 13, 15, 2, 16, 6, 14, 17, 19, 3, 18, 7, 8, 12, 10, 9, 5, 1, 11, 4, 20, 13, 15, 2, 16, 6, 14, 17, 19, 3, 18, 7, 8, 12, 10, 5, 9, 11, 1, 4, 20, 13, 15, 16, 2, 6, 14, 19, 3, 17, 18, 8, 7, 12, 5, 10, 9, 1, 11, 13, 4, 20, 2, 15, 6, 14, 16, 19, 18, 3, 17, 8, 7, 12]
bestever    2065    in generation 385
[5, 1, 10, 9, 17, 19, 5, 1, 11, 19, 10, 9, 20, 4, 13, 15, 16, 2, 6, 7, 14, 3, 18, 12, 8, 1, 19, 10, 9, 5, 11, 20, 4, 15, 13, 16, 2, 6, 14, 3, 17, 7, 18, 12, 8, 1, 19, 10, 9, 5, 11, 4, 20, 15, 13, 2, 6, 16, 14, 3, 17, 7, 18, 12, 8, 1, 10, 9, 5, 11, 4, 20, 13, 15, 2, 6, 16, 14, 19, 17, 3, 7, 18, 8, 12, 11, 4, 20, 15, 13, 2, 6, 16, 14, 3, 17, 7, 18, 12, 8, 1, 10, 9, 5, 11, 4, 20, 13, 15, 2, 6, 16, 14, 19, 17, 3, 7, 18, 8, 12, 1, 10, 9, 5, 11, 20, 4, 13, 15, 2, 16, 6, 14, 17, 19, 3, 18, 7, 8, 12, 10, 9, 5, 1, 11, 4, 20, 13, 15, 2, 16, 6, 14, 17, 19, 3, 18, 7, 8, 12, 10, 5, 9, 11, 1, 4, 20, 13, 15, 16, 2, 6, 14, 19, 3, 17, 18, 8, 7, 12, 5, 10, 9, 1, 11, 13, 4, 20, 2, 15, 6, 14, 16, 19, 18, 3, 17, 8, 7, 12]
bestever    2064    in generation 387
[5, 1, 10, 9, 17, 19, 5, 1, 11, 19, 10, 9, 20, 4, 13, 15, 16, 2, 6, 7, 14, 3, 18, 12, 8, 1, 19, 10, 9, 5, 11, 20, 4, 15, 13, 16, 2, 6, 14, 3, 17, 7, 18, 12, 8, 11, 4, 20, 15, 13, 2, 6, 16, 14, 3, 17, 18, 8, 7, 12, 1, 19, 10, 9, 5, 11, 20, 4, 15, 13, 16, 2, 6, 14, 3, 17, 7, 18, 12, 8, 1, 19, 10, 9, 5, 11, 4, 20, 15, 13, 2, 6, 16, 14, 3, 17, 7, 18, 12, 8, 1, 10, 9, 5, 11, 4, 20, 13, 15, 2, 6, 16, 14, 19, 17, 3, 7, 18, 8, 12, 1, 10, 9, 5, 11, 20, 4, 13, 15, 2, 16, 6, 14, 17, 19, 3, 18, 7, 8, 12, 10, 9, 5, 1, 11, 4, 20, 13, 15, 2, 16, 6, 14, 17, 19, 3, 18, 7, 8, 12, 10, 5, 9, 11, 1, 4, 20, 13, 15, 16, 2, 6, 14, 19, 3, 17, 18, 8, 7, 12, 5, 10, 9, 1, 11, 13, 4, 20, 2, 15, 6, 14, 16, 19, 18, 3, 17, 8, 7, 12]
bestever    2011    in generation 394
[19, 12, 12, 1, 19, 10, 9, 5, 11, 4, 20, 15, 13, 2, 6, 16, 14, 3, 17, 7, 18, 12, 8, 1, 10, 9, 5, 11, 4, 20, 13, 15, 2, 6, 16, 14, 19, 17, 3, 7, 18, 8, 12, 1, 10, 9, 5, 11, 20, 4, 13, 15, 2, 16, 6, 14, 17, 19, 3, 18, 7, 8, 10, 9, 5, 11, 20, 4, 15, 13, 16, 2, 6, 14, 3, 17, 7, 18, 12, 8, 1, 19, 10, 9, 5, 11, 4, 20, 15, 13, 2, 6, 16, 14, 3, 17, 7, 18, 12, 8, 1, 10, 9, 5, 11, 4, 20, 13, 15, 2, 6, 16, 14, 19, 17, 3, 7, 18, 8, 12, 1, 10, 9, 5, 11, 20, 4, 13, 15, 2, 16, 6, 14, 17, 19, 3, 18, 7, 8, 12, 10, 9, 5, 1, 11, 4, 20, 13, 15, 2, 16, 6, 14, 17, 19, 3, 18, 7, 8, 12, 10, 5, 9, 11, 1, 4, 20, 13, 15, 16, 2, 6, 14, 19, 3, 17, 18, 8, 7, 12, 5, 10, 9, 1, 11, 13, 4, 20, 2, 15, 6, 14, 16, 19, 18, 3, 17, 8, 7, 1]
bestever    2005    in generation 395
[5, 1, 10, 9, 19, 5, 1, 11, 19, 10, 9, 20, 4, 13, 15, 2, 6, 14, 1, 16, 19, 3, 17, 18, 8, 7, 12, 10, 9, 5, 11, 20, 4, 15, 13, 16, 2, 6, 14, 3, 17, 7, 18, 12, 8, 11, 4, 20, 15, 13, 2, 6, 16, 14, 3, 17, 18, 8, 7, 12, 1, 19, 10, 9, 5, 11, 20, 4, 15, 13, 16, 2, 6, 14, 3, 17, 7, 18, 12, 8, 1, 19, 10, 9, 5, 11, 4, 20, 15, 13, 2, 6, 16, 14, 3, 17, 7, 18, 12, 8, 1, 10, 9, 5, 11, 4, 20, 13, 15, 2, 6, 16, 14, 19, 17, 3, 7, 18, 8, 12, 1, 10, 9, 5, 11, 20, 4, 13, 15, 2, 16, 6, 14, 17, 19, 3, 18, 7, 8, 12, 10, 9, 5, 1, 11, 4, 20, 13, 15, 2, 16, 6, 14, 17, 19, 3, 18, 7, 8, 12, 10, 5, 9, 11, 1, 4, 20, 13, 15, 16, 2, 6, 14, 19, 3, 17, 18, 8, 7, 12, 5, 10, 9, 1, 11, 13, 4, 20, 2, 15, 6, 14, 16, 19, 18, 3, 17, 8, 7, 12]
bestever    1958    in generation 410
[5, 1, 10, 9, 19, 5, 1, 11, 19, 10, 9, 20, 4, 13, 15, 2, 6, 14, 1, 16, 19, 3, 17, 18, 8, 7, 12, 10, 9, 11, 20, 4, 15, 13, 16, 2, 6, 14, 3, 17, 7, 18, 12, 8, 1, 10, 9, 5, 11, 20, 4, 13, 15, 2, 16, 6, 14, 17, 19, 3, 18, 7, 8, 12, 10, 9, 5, 1, 11, 4, 20, 13, 15, 2, 16, 6, 14, 17, 19, 3, 18, 7, 8, 12, 5, 11, 4, 20, 15, 13, 2, 6, 16, 14, 3, 17, 7, 18, 12, 8, 1, 10, 9, 5, 11, 4, 20, 13, 15, 2, 6, 16, 14, 19, 17, 3, 7, 18, 8, 12, 1, 10, 9, 5, 11, 20, 4, 13, 15, 2, 16, 6, 14, 17, 19, 3, 18, 7, 8, 12, 10, 9, 5, 1, 11, 4, 20, 13, 15, 2, 16, 6, 14, 17, 19, 3, 18, 7, 8, 12, 10, 5, 9, 11, 1, 4, 20, 13, 15, 16, 2, 6, 14, 19, 3, 17, 18, 8, 7, 12, 5, 10, 9, 1, 11, 13, 4, 20, 2, 15, 6, 14, 16, 19, 18, 3, 17, 8, 7, 12]
bestever    1948    in generation 445
[1, 10, 9, 19, 5, 1, 11, 19, 10, 9, 20, 4, 13, 15, 2, 6, 14, 1, 16, 19, 3, 17, 18, 7, 10, 9, 11, 20, 4, 15, 13, 16, 2, 6, 14, 3, 17, 18, 12, 8, 1, 10, 9, 5, 11, 20, 4, 13, 15, 2, 16, 6, 14, 17, 19, 7, 8, 12, 10, 9, 5, 1, 11, 4, 20, 13, 15, 2, 16, 6, 14, 17, 19, 3, 18, 7, 8, 12, 5, 11, 4, 20, 15, 13, 2, 6, 16, 14, 3, 17, 7, 18, 12, 8, 1, 10, 9, 5, 11, 4, 20, 13, 15, 2, 6, 16, 14, 19, 17, 3, 7, 18, 3, 7, 18, 8, 12, 1, 8, 12, 1, 10, 9, 5, 11, 20, 4, 13, 15, 2, 16, 6, 14, 17, 19, 3, 18, 7, 8, 12, 10, 9, 5, 1, 11, 4, 20, 13, 15, 2, 16, 6, 14, 17, 19, 3, 18, 7, 8, 12, 10, 5, 9, 11, 1, 4, 20, 13, 15, 16, 2, 6, 14, 19, 3, 17, 18, 8, 7, 12, 5, 10, 9, 11, 13, 4, 20, 2, 15, 6, 14, 16, 19, 18, 3, 17, 8, 7, 12, 5]
bestever    1912    in generation 497
[1, 10, 9, 19, 1, 11, 19, 10, 9, 20, 4, 13, 15, 2, 6, 14, 1, 16, 19, 3, 17, 18, 7, 10, 9, 11, 20, 5, 4, 15, 13, 16, 2, 6, 14, 3, 17, 18, 12, 8, 1, 10, 9, 5, 11, 20, 4, 13, 15, 2, 16, 6, 14, 17, 19, 7, 8, 12, 10, 9, 5, 1, 11, 4, 20, 13, 15, 2, 16, 6, 14, 17, 19, 3, 18, 7, 8, 12, 5, 11, 4, 20, 15, 13, 2, 6, 16, 14, 3, 17, 7, 18, 12, 8, 1, 10, 9, 5, 11, 4, 20, 13, 15, 2, 6, 16, 14, 19, 17, 3, 7, 18, 3, 7, 18, 8, 12, 1, 8, 12, 1, 10, 9, 5, 11, 20, 4, 13, 15, 2, 16, 6, 14, 17, 19, 3, 18, 7, 8, 12, 10, 9, 5, 1, 11, 4, 20, 13, 15, 2, 16, 6, 14, 17, 19, 3, 18, 10, 9, 11, 1, 4, 20, 13, 15, 16, 2, 6, 14, 19, 3, 17, 18, 8, 7, 12, 5, 8, 7, 12, 5, 10, 9, 11, 13, 4, 20, 2, 15, 6, 14, 16, 19, 18, 3, 17, 8, 7, 12, 5]
bestever    1892    in generation 528
[1, 10, 9, 19, 1, 11, 19, 10, 9, 20, 4, 13, 15, 2, 6, 14, 1, 16, 19, 3, 17, 18, 7, 10, 9, 11, 20, 5, 4, 15, 13, 16, 2, 6, 14, 3, 17, 18, 12, 8, 1, 10, 9, 11, 20, 4, 13, 15, 2, 16, 6, 14, 17, 19, 7, 8, 12, 10, 9, 5, 1, 11, 4, 20, 13, 15, 2, 16, 6, 14, 17, 19, 3, 18, 7, 8, 12, 5, 11, 4, 20, 15, 13, 2, 6, 16, 14, 3, 17, 7, 18, 12, 8, 1, 10, 9, 5, 11, 4, 20, 13, 15, 2, 6, 16, 14, 19, 17, 3, 18, 3, 7, 18, 1, 8, 12, 1, 10, 9, 5, 11, 20, 4, 13, 15, 2, 16, 6, 14, 7, 8, 12, 5, 17, 19, 3, 18, 7, 8, 12, 10, 9, 5, 1, 11, 4, 20, 13, 15, 2, 16, 6, 14, 17, 19, 3, 18, 10, 9, 11, 1, 4, 20, 13, 15, 16, 2, 6, 14, 19, 3, 17, 18, 8, 7, 12, 5, 8, 7, 12, 5, 10, 9, 11, 13, 4, 20, 2, 15, 6, 14, 16, 19, 18, 3, 17, 8, 7, 12, 5]
bestever    1890    in generation 579
[1, 10, 9, 19, 1, 11, 19, 10, 9, 20, 4, 13, 15, 2, 6, 14, 1, 16, 19, 3, 17, 18, 7, 10, 9, 11, 20, 4, 15, 13, 16, 2, 6, 14, 3, 17, 18, 12, 8, 1, 10, 9, 11, 20, 4, 13, 15, 2, 16, 6, 14, 17, 19, 5, 8, 10, 9, 7, 12, 5, 1, 11, 4, 20, 13, 15, 2, 16, 6, 14, 17, 19, 3, 18, 7, 8, 12, 5, 11, 4, 20, 15, 13, 2, 6, 16, 14, 3, 17, 7, 18, 12, 8, 1, 10, 9, 5, 11, 4, 20, 13, 15, 2, 6, 16, 14, 19, 17, 3, 18, 3, 7, 18, 1, 8, 1, 10, 9, 11, 20, 4, 13, 15, 2, 16, 6, 12, 5, 14, 7, 8, 12, 17, 18, 10, 5, 1, 10, 9, 11, 4, 20, 13, 15, 16, 2, 6, 14, 19, 3, 17, 18, 8, 7, 12, 5, 19, 3, 9, 11, 1, 4, 20, 13, 15, 16, 2, 6, 14, 19, 3, 17, 18, 8, 7, 12, 5, 8, 7, 12, 5, 10, 9, 11, 13, 4, 20, 2, 15, 16, 6, 14, 19, 3, 17, 18, 8, 7, 12, 5]
bestever    1861    in generation 586
[1, 19, 1, 11, 19, 10, 9, 20, 4, 13, 15, 2, 6, 14, 1, 16, 19, 3, 17, 18, 10, 9, 11, 20, 4, 15, 13, 16, 2, 6, 14, 3, 17, 18, 8, 1, 10, 9, 11, 20, 4, 13, 15, 2, 16, 6, 14, 17, 19, 7, 12, 5, 8, 10, 9, 7, 12, 1, 11, 4, 20, 13, 15, 2, 16, 6, 14, 17, 19, 3, 10, 9, 5, 18, 7, 8, 12, 5, 11, 4, 20, 15, 13, 2, 6, 16, 14, 3, 17, 7, 18, 12, 8, 1, 10, 9, 5, 11, 4, 20, 13, 15, 2, 6, 16, 14, 19, 17, 3, 18, 3, 7, 18, 1, 8, 1, 10, 9, 11, 20, 4, 13, 15, 2, 16, 6, 12, 5, 14, 7, 8, 12, 17, 18, 10, 5, 1, 10, 9, 11, 4, 20, 13, 15, 16, 2, 6, 14, 19, 3, 17, 18, 8, 7, 12, 5, 19, 3, 9, 11, 1, 4, 20, 13, 15, 16, 2, 6, 14, 19, 3, 17, 18, 8, 7, 12, 5, 8, 7, 12, 5, 10, 9, 11, 13, 4, 20, 2, 15, 16, 6, 14, 19, 3, 17, 18, 8, 7, 12, 5]
bestever    1858    in generation 608
[1, 19, 1, 11, 19, 10, 9, 20, 4, 13, 15, 2, 6, 14, 1, 16, 19, 3, 17, 18, 10, 9, 11, 20, 4, 15, 13, 16, 2, 6, 14, 3, 17, 18, 8, 1, 10, 9, 11, 20, 4, 13, 15, 2, 16, 6, 14, 17, 19, 7, 12, 5, 8, 10, 9, 10, 9, 7, 5, 1, 11, 4, 20, 13, 15, 2, 16, 6, 14, 17, 19, 3, 18, 7, 8, 12, 5, 11, 4, 20, 15, 13, 2, 6, 16, 14, 3, 17, 18, 12, 8, 1, 10, 9, 11, 4, 20, 13, 15, 2, 6, 16, 14, 17, 3, 18, 3, 7, 18, 1, 1, 10, 9, 11, 20, 4, 13, 15, 2, 16, 6, 12, 5, 14, 7, 8, 17, 18, 10, 1, 10, 9, 11, 4, 20, 13, 15, 16, 2, 6, 14, 19, 3, 17, 18, 8, 7, 12, 5, 19, 8, 7, 12, 5, 19, 3, 9, 11, 1, 4, 20, 13, 15, 16, 2, 6, 14, 19, 3, 17, 18, 12, 5, 8, 7, 12, 5, 8, 7, 12, 5, 10, 9, 11, 13, 4, 20, 2, 15, 16, 6, 14, 19, 3, 17, 18, 8, 7, 12, 5]
bestever    1847    in generation 656
[1, 19, 1, 11, 19, 10, 9, 20, 4, 13, 15, 2, 6, 14, 1, 16, 19, 3, 17, 18, 10, 9, 11, 20, 4, 15, 13, 16, 2, 6, 14, 3, 17, 18, 8, 1, 10, 9, 11, 20, 4, 13, 15, 2, 16, 6, 14, 17, 19, 7, 12, 5, 8, 10, 9, 10, 9, 7, 1, 11, 4, 20, 13, 15, 2, 16, 6, 14, 17, 19, 3, 18, 8, 11, 4, 20, 15, 13, 2, 6, 16, 14, 3, 17, 18, 1, 10, 9, 11, 4, 20, 13, 15, 2, 6, 16, 14, 17, 3, 18, 3, 18, 1, 10, 9, 11, 20, 4, 13, 15, 2, 16, 6, 14, 10, 1, 17, 7, 1, 10, 7, 8, 7, 12, 5, 12, 5, 9, 11, 4, 20, 13, 15, 16, 2, 6, 14, 19, 3, 17, 18, 12, 5, 8, 18, 8, 7, 12, 5, 19, 8, 7, 12, 5, 19, 3, 9, 11, 1, 4, 20, 13, 15, 16, 2, 6, 14, 19, 3, 17, 18, 12, 5, 8, 7, 12, 5, 8, 7, 12, 5, 10, 9, 11, 4, 20, 2, 15, 16, 6, 14, 19, 3, 17, 18, 13, 8, 7, 12, 5]
bestever    1836    in generation 689
[1, 19, 1, 11, 19, 10, 9, 20, 4, 13, 15, 2, 6, 14, 1, 16, 19, 3, 17, 18, 10, 9, 11, 20, 4, 15, 13, 16, 2, 6, 14, 3, 17, 18, 8, 1, 10, 9, 11, 20, 4, 13, 15, 2, 16, 6, 14, 17, 19, 7, 10, 9, 1, 10, 9, 11, 4, 20, 13, 15, 16, 2, 6, 14, 19, 3, 17, 18, 8, 7, 12, 5, 8, 11, 4, 20, 15, 13, 2, 6, 16, 14, 3, 17, 18, 1, 10, 9, 11, 4, 20, 13, 15, 2, 6, 16, 14, 17, 3, 18, 3, 18, 1, 10, 9, 11, 20, 4, 13, 15, 2, 16, 6, 14, 10, 1, 17, 7, 1, 10, 7, 8, 7, 12, 5, 12, 5, 9, 11, 4, 20, 13, 15, 16, 2, 6, 14, 19, 3, 17, 18, 12, 5, 8, 18, 8, 7, 12, 5, 19, 8, 7, 12, 5, 19, 3, 9, 11, 1, 4, 20, 13, 15, 16, 2, 6, 14, 19, 3, 17, 18, 12, 5, 8, 7, 12, 5, 8, 7, 12, 5, 10, 9, 11, 4, 20, 2, 15, 16, 6, 14, 19, 3, 17, 18, 13, 8, 7, 12, 5]
bestever    1835    in generation 779
[1, 19, 1, 11, 19, 10, 9, 20, 4, 13, 15, 2, 6, 1, 16, 19, 3, 17, 18, 10, 9, 11, 20, 4, 15, 13, 2, 6, 14, 3, 17, 18, 8, 1, 10, 9, 11, 20, 4, 13, 15, 2, 16, 6, 14, 17, 19, 7, 10, 9, 1, 10, 9, 11, 4, 20, 13, 15, 16, 2, 6, 14, 19, 3, 17, 18, 8, 7, 8, 11, 4, 20, 15, 13, 2, 6, 16, 14, 3, 17, 18, 1, 10, 9, 11, 4, 20, 13, 15, 2, 6, 16, 14, 16, 14, 17, 3, 18, 3, 18, 1, 10, 9, 11, 20, 4, 13, 15, 2, 16, 6, 14, 10, 1, 17, 7, 12, 5, 1, 10, 7, 8, 7, 12, 5, 12, 5, 9, 11, 4, 20, 13, 15, 16, 2, 6, 14, 19, 3, 17, 18, 12, 5, 8, 18, 8, 7, 12, 5, 19, 8, 12, 5, 19, 3, 9, 11, 1, 4, 20, 13, 15, 16, 2, 6, 14, 19, 3, 17, 18, 8, 7, 12, 5, 7, 12, 5, 8, 7, 12, 5, 10, 9, 11, 4, 20, 2, 15, 16, 6, 14, 19, 3, 17, 13, 18, 8, 7, 12, 5]
bestever    1827    in generation 888
[1, 19, 11, 10, 9, 20, 4, 13, 15, 2, 6, 16, 3, 17, 18, 14, 8, 7, 5, 12, 1, 19, 10, 9, 11, 20, 4, 15, 13, 2, 6, 3, 17, 18, 16, 14, 8, 7, 5, 12, 1, 19, 10, 9, 11, 20, 4, 13, 15, 2, 6, 17, 16, 14, 3, 18, 8, 7, 5, 12, 1, 19, 10, 9, 11, 4, 20, 13, 15, 2, 6, 17, 16, 14, 3, 18, 7, 8, 5, 12, 1, 10, 9, 19, 11, 4, 20, 15, 13, 2, 6, 17, 16, 14, 3, 18, 7, 8, 5, 12, 1, 10, 9, 11, 4, 20, 13, 15, 2, 6, 16, 14, 17, 3, 18, 19, 8, 7, 5, 12, 1, 10, 9, 11, 20, 4, 13, 15, 2, 16, 6, 14, 17, 3, 18, 19, 8, 7, 5, 12, 10, 1, 9, 11, 4, 20, 13, 15, 16, 2, 6, 14, 17, 18, 19, 3, 8, 7, 5, 12, 1, 10, 9, 11, 4, 20, 13, 15, 16, 2, 6, 14, 19, 3, 17, 18, 8, 7, 5, 12, 1, 10, 9, 11, 4, 20, 2, 15, 16, 6, 14, 19, 3, 17, 13, 18, 8, 7, 5, 12]
bestever    1806    in generation 973
[1, 19, 11, 10, 9, 20, 4, 13, 15, 2, 6, 16, 3, 17, 18, 14, 8, 7, 5, 12, 1, 19, 10, 9, 11, 20, 4, 15, 13, 2, 6, 3, 17, 18, 16, 14, 8, 7, 5, 12, 1, 19, 10, 9, 11, 20, 4, 13, 15, 2, 6, 17, 16, 14, 3, 18, 8, 7, 5, 12, 1, 19, 10, 9, 11, 4, 20, 13, 15, 2, 6, 17, 16, 14, 3, 18, 7, 8, 5, 12, 1, 10, 9, 19, 11, 4, 20, 15, 13, 2, 6, 17, 16, 14, 3, 18, 8, 7, 5, 12, 1, 10, 9, 11, 4, 20, 13, 15, 2, 6, 16, 14, 17, 1, 10, 9, 11, 4, 20, 13, 15, 16, 2, 6, 14, 19, 3, 17, 18, 8, 7, 5, 12, 3, 18, 19, 8, 7, 5, 12, 10, 1, 9, 11, 4, 20, 13, 15, 16, 2, 6, 14, 17, 18, 19, 3, 8, 7, 5, 12, 1, 10, 9, 11, 4, 20, 13, 15, 16, 2, 6, 14, 19, 3, 17, 18, 8, 7, 5, 12, 1, 10, 9, 11, 4, 20, 2, 15, 16, 6, 14, 19, 3, 17, 13, 18, 8, 7, 5, 12]
bestever    1802    in generation 986
[1, 19, 11, 10, 9, 20, 4, 13, 15, 2, 6, 16, 3, 17, 18, 14, 8, 7, 5, 12, 1, 19, 10, 9, 11, 4, 20, 13, 15, 2, 6, 17, 3, 18, 16, 14, 8, 7, 5, 12, 1, 19, 10, 9, 11, 20, 4, 13, 15, 2, 6, 17, 16, 14, 3, 18, 8, 7, 5, 12, 1, 19, 10, 9, 11, 4, 20, 13, 15, 2, 6, 17, 16, 14, 3, 18, 7, 8, 5, 12, 1, 10, 9, 19, 11, 4, 20, 15, 13, 2, 6, 17, 16, 14, 3, 18, 8, 7, 5, 1, 10, 9, 11, 4, 20, 13, 15, 2, 6, 16, 14, 17, 1, 10, 9, 11, 4, 20, 13, 15, 16, 2, 6, 14, 19, 3, 17, 18, 12, 8, 7, 5, 12, 3, 18, 19, 8, 7, 5, 12, 10, 1, 9, 11, 4, 20, 13, 15, 16, 2, 6, 14, 17, 18, 19, 3, 8, 7, 5, 12, 1, 10, 9, 11, 4, 20, 13, 15, 16, 2, 6, 14, 19, 3, 17, 18, 8, 7, 5, 12, 1, 10, 9, 11, 4, 20, 2, 15, 16, 6, 14, 19, 3, 17, 13, 18, 8, 7, 5, 12]
bestever    1799    in generation 1010
[1, 19, 11, 10, 9, 20, 4, 13, 15, 2, 6, 16, 3, 17, 18, 14, 8, 7, 5, 12, 1, 19, 10, 9, 11, 4, 20, 13, 15, 2, 6, 17, 3, 18, 16, 14, 8, 7, 5, 12, 1, 19, 10, 9, 11, 20, 4, 13, 15, 2, 6, 17, 16, 14, 3, 18, 8, 7, 5, 12, 1, 19, 10, 9, 11, 4, 20, 13, 15, 2, 6, 17, 16, 14, 3, 18, 7, 8, 5, 12, 1, 10, 9, 19, 11, 4, 20, 15, 13, 2, 6, 17, 16, 14, 3, 18, 8, 7, 5, 1, 10, 9, 11, 4, 20, 13, 15, 2, 6, 16, 14, 17, 1, 10, 9, 11, 4, 20, 13, 15, 16, 2, 6, 14, 19, 3, 17, 18, 12, 8, 7, 5, 12, 3, 18, 19, 8, 7, 5, 12, 10, 1, 9, 11, 4, 20, 13, 15, 16, 2, 6, 14, 17, 18, 19, 3, 8, 1, 10, 9, 11, 4, 20, 13, 15, 16, 2, 6, 14, 19, 3, 17, 18, 8, 7, 5, 12, 7, 5, 12, 1, 10, 9, 11, 4, 20, 13, 15, 16, 2, 6, 14, 19, 3, 17, 18, 8, 5, 12, 7]
bestever    1797    in generation 1124
[10, 1, 19, 11, 9, 20, 4, 13, 15, 2, 6, 16, 3, 17, 18, 14, 8, 7, 5, 12, 10, 1, 19, 9, 11, 4, 20, 13, 15, 2, 6, 17, 3, 18, 16, 14, 8, 5, 7, 12, 10, 1, 19, 9, 11, 20, 4, 13, 15, 2, 6, 17, 16, 14, 3, 18, 8, 7, 5, 12, 10, 1, 19, 9, 11, 4, 20, 13, 15, 2, 6, 17, 16, 14, 3, 18, 8, 7, 5, 12, 10, 1, 9, 19, 11, 4, 20, 15, 13, 2, 6, 17, 16, 14, 3, 18, 8, 7, 5, 12, 10, 1, 9, 11, 4, 20, 13, 15, 2, 6, 16, 14, 17, 19, 3, 18, 8, 7, 5, 12, 10, 1, 9, 11, 4, 20, 13, 15, 16, 2, 6, 14, 17, 3, 18, 19, 8, 7, 5, 12, 10, 1, 9, 11, 4, 20, 13, 15, 16, 2, 6, 14, 17, 18, 19, 3, 8, 7, 5, 12, 10, 1, 9, 11, 4, 20, 13, 15, 16, 2, 6, 14, 19, 3, 17, 18, 8, 7, 5, 12, 10, 1, 9, 11, 4, 20, 13, 15, 16, 2, 6, 14, 19, 3, 17, 18, 8, 5, 12, 7]
bestever    1771    in generation 1232
[10, 19, 1, 11, 9, 20, 4, 13, 15, 2, 6, 16, 3, 17, 18, 14, 8, 7, 5, 12, 10, 19, 1, 9, 11, 4, 20, 13, 15, 2, 6, 17, 3, 16, 14, 8, 18, 7, 5, 12, 10, 19, 1, 9, 11, 20, 4, 13, 15, 2, 6, 17, 16, 14, 3, 8, 18, 7, 5, 12, 10, 19, 1, 9, 11, 4, 20, 13, 15, 2, 6, 17, 16, 14, 3, 18, 8, 7, 5, 12, 10, 9, 1, 19, 11, 4, 20, 15, 13, 2, 6, 17, 16, 14, 3, 18, 8, 7, 5, 12, 10, 9, 1, 11, 4, 20, 13, 15, 2, 6, 16, 14, 17, 19, 3, 18, 8, 7, 5, 12, 10, 9, 1, 11, 4, 20, 13, 15, 16, 2, 6, 14, 17, 3, 18, 19, 8, 7, 5, 12, 10, 9, 1, 11, 4, 20, 13, 15, 16, 2, 6, 14, 17, 18, 19, 3, 8, 7, 5, 12, 10, 9, 1, 11, 4, 20, 13, 15, 16, 2, 6, 14, 19, 3, 17, 18, 8, 7, 5, 12, 10, 9, 1, 11, 4, 20, 13, 15, 16, 2, 6, 14, 19, 3, 17, 18, 8, 5, 12, 7]
bestever    1766    in generation 1358
[15, 10, 19, 1, 11, 9, 20, 4, 13, 2, 6, 16, 3, 17, 18, 14, 8, 7, 5, 12, 15, 10, 19, 1, 9, 11, 4, 20, 13, 2, 6, 17, 3, 16, 14, 8, 18, 5, 7, 12, 15, 10, 19, 1, 9, 11, 20, 4, 13, 2, 6, 17, 16, 14, 3, 8, 18, 7, 5, 12, 15, 10, 19, 1, 9, 11, 4, 20, 13, 2, 6, 17, 16, 14, 3, 18, 8, 7, 5, 12, 15, 10, 9, 1, 19, 11, 4, 20, 13, 2, 6, 17, 16, 14, 3, 18, 8, 7, 5, 12, 15, 10, 9, 1, 11, 4, 20, 13, 2, 6, 16, 14, 17, 19, 3, 18, 8, 7, 5, 12, 15, 10, 9, 1, 11, 4, 20, 13, 16, 2, 6, 14, 17, 3, 18, 19, 8, 5, 7, 12, 15, 10, 9, 1, 11, 4, 20, 13, 16, 2, 6, 14, 17, 18, 19, 3, 8, 7, 5, 12, 15, 10, 9, 1, 11, 4, 20, 13, 16, 2, 6, 14, 19, 3, 17, 18, 8, 7, 5, 12, 15, 10, 9, 1, 11, 4, 20, 13, 16, 2, 6, 14, 19, 3, 17, 18, 8, 5, 12, 7]
bestever    1755    in generation 1462
[15, 10, 19, 1, 11, 9, 20, 4, 13, 2, 16, 3, 17, 18, 14, 8, 7, 5, 12, 6, 15, 10, 19, 1, 9, 11, 4, 20, 13, 2, 17, 3, 16, 14, 8, 18, 5, 7, 12, 6, 15, 10, 19, 1, 9, 11, 20, 4, 13, 2, 17, 16, 14, 3, 8, 18, 7, 5, 12, 6, 15, 10, 19, 1, 9, 11, 4, 20, 13, 2, 17, 16, 14, 3, 18, 8, 7, 5, 12, 6, 15, 10, 9, 1, 19, 11, 4, 20, 13, 2, 17, 16, 14, 3, 18, 8, 7, 5, 12, 6, 15, 10, 9, 1, 11, 4, 20, 13, 2, 16, 14, 17, 19, 3, 18, 8, 7, 5, 6, 12, 15, 10, 9, 1, 11, 4, 20, 13, 16, 2, 14, 17, 3, 18, 19, 8, 5, 7, 12, 6, 15, 10, 9, 1, 11, 4, 20, 13, 16, 2, 14, 17, 18, 19, 3, 8, 7, 5, 12, 6, 15, 10, 9, 1, 11, 4, 20, 13, 16, 2, 14, 19, 3, 17, 18, 8, 7, 5, 12, 6, 15, 10, 9, 1, 11, 4, 20, 13, 16, 2, 14, 19, 3, 17, 18, 8, 5, 12, 7, 6]
bestever    1751    in generation 1564
[15, 1, 10, 19, 11, 9, 20, 4, 13, 2, 16, 3, 17, 18, 14, 8, 7, 5, 12, 6, 15, 1, 10, 19, 9, 11, 4, 20, 13, 2, 17, 3, 16, 14, 8, 18, 5, 7, 12, 6, 15, 1, 10, 19, 9, 11, 20, 4, 13, 2, 17, 16, 14, 3, 8, 18, 7, 5, 12, 6, 15, 1, 10, 19, 9, 11, 4, 20, 13, 2, 17, 16, 14, 3, 18, 8, 7, 5, 12, 6, 15, 1, 10, 9, 19, 11, 4, 20, 13, 2, 16, 14, 3, 17, 18, 8, 7, 5, 12, 6, 15, 1, 10, 9, 11, 4, 20, 13, 2, 16, 14, 17, 19, 3, 18, 8, 7, 5, 6, 12, 15, 1, 10, 9, 11, 4, 20, 13, 16, 2, 14, 17, 3, 18, 19, 8, 7, 5, 12, 6, 15, 1, 10, 9, 11, 4, 20, 13, 16, 2, 14, 17, 18, 19, 3, 8, 7, 5, 12, 6, 15, 1, 10, 9, 11, 4, 20, 13, 16, 2, 14, 19, 3, 17, 18, 8, 7, 5, 12, 6, 15, 1, 10, 9, 11, 4, 20, 13, 16, 2, 14, 19, 3, 17, 18, 8, 5, 12, 7, 6]
bestever    1742    in generation 1673
[15, 1, 10, 19, 11, 9, 20, 4, 13, 2, 16, 3, 18, 14, 8, 7, 17, 5, 12, 6, 15, 1, 10, 19, 9, 11, 4, 20, 13, 2, 3, 16, 14, 18, 17, 8, 7, 5, 12, 6, 15, 1, 10, 19, 9, 11, 20, 4, 13, 2, 16, 14, 3, 18, 17, 8, 7, 5, 12, 6, 15, 1, 10, 19, 9, 11, 4, 20, 13, 2, 16, 14, 3, 18, 17, 8, 7, 5, 12, 6, 15, 1, 10, 9, 19, 11, 4, 20, 13, 2, 16, 14, 3, 18, 8, 7, 5, 17, 12, 6, 15, 1, 10, 9, 11, 4, 20, 13, 2, 16, 14, 19, 3, 18, 8, 17, 7, 5, 6, 12, 15, 1, 10, 9, 11, 4, 20, 13, 16, 2, 14, 3, 18, 19, 8, 17, 7, 5, 12, 6, 15, 1, 10, 9, 11, 4, 20, 13, 16, 2, 14, 18, 19, 3, 8, 17, 7, 5, 12, 6, 15, 1, 10, 9, 11, 4, 20, 13, 16, 2, 14, 19, 3, 18, 8, 7, 5, 17, 12, 6, 15, 1, 10, 9, 11, 4, 20, 13, 16, 2, 14, 19, 3, 18, 8, 5, 12, 17, 7, 6]
bestever    1738    in generation 1778
[15, 1, 10, 19, 11, 9, 20, 13, 4, 2, 16, 3, 18, 14, 8, 7, 17, 5, 12, 6, 15, 1, 10, 19, 9, 11, 20, 4, 13, 2, 3, 16, 14, 18, 17, 8, 7, 5, 12, 6, 15, 1, 10, 19, 9, 11, 20, 13, 4, 2, 16, 14, 3, 18, 17, 8, 7, 5, 12, 6, 15, 1, 10, 19, 9, 11, 20, 4, 13, 2, 16, 14, 3, 18, 17, 8, 7, 5, 12, 6, 15, 1, 10, 9, 19, 11, 20, 4, 13, 2, 16, 14, 3, 18, 8, 7, 5, 17, 12, 6, 15, 1, 10, 9, 11, 20, 4, 13, 2, 16, 14, 19, 3, 18, 8, 17, 7, 5, 6, 12, 15, 1, 10, 9, 11, 20, 4, 13, 16, 2, 14, 3, 18, 19, 8, 17, 7, 5, 12, 6, 15, 1, 10, 9, 11, 20, 4, 13, 16, 2, 14, 18, 19, 3, 8, 7, 5, 17, 12, 6, 15, 1, 10, 9, 11, 20, 4, 13, 16, 2, 14, 19, 3, 18, 8, 7, 5, 17, 12, 6, 9, 15, 1, 10, 11, 20, 4, 13, 16, 2, 14, 19, 3, 18, 8, 5, 12, 17, 7, 6]
bestever    1730    in generation 1797
[15, 1, 10, 19, 11, 9, 20, 13, 4, 2, 16, 3, 18, 14, 8, 7, 17, 5, 12, 6, 15, 1, 10, 19, 9, 11, 20, 4, 13, 2, 3, 16, 14, 18, 17, 8, 7, 5, 12, 6, 15, 1, 10, 19, 9, 11, 20, 13, 4, 2, 16, 14, 3, 18, 17, 8, 7, 5, 12, 6, 15, 1, 10, 19, 9, 11, 20, 4, 13, 2, 16, 14, 3, 18, 17, 8, 7, 5, 12, 6, 15, 1, 10, 9, 19, 11, 20, 4, 13, 2, 16, 14, 3, 18, 8, 7, 5, 17, 12, 6, 15, 1, 10, 9, 11, 20, 4, 13, 2, 16, 14, 19, 3, 18, 8, 17, 7, 5, 12, 15, 1, 10, 9, 11, 20, 4, 13, 16, 2, 14, 3, 18, 19, 8, 17, 7, 5, 6, 12, 6, 15, 1, 10, 9, 11, 20, 4, 13, 16, 2, 14, 18, 19, 3, 8, 7, 5, 17, 12, 6, 15, 1, 10, 9, 11, 20, 4, 13, 16, 2, 14, 19, 3, 18, 8, 7, 5, 17, 12, 6, 9, 15, 1, 10, 11, 20, 4, 13, 16, 2, 14, 19, 3, 18, 8, 5, 12, 17, 7, 6]
bestever    1715    in generation 1902
[2, 15, 1, 10, 19, 11, 9, 20, 13, 4, 16, 3, 18, 14, 8, 7, 17, 5, 12, 6, 2, 15, 1, 10, 19, 9, 11, 20, 4, 13, 3, 16, 14, 18, 17, 8, 7, 5, 12, 6, 2, 15, 1, 10, 19, 9, 11, 20, 13, 4, 16, 14, 3, 18, 17, 8, 7, 5, 12, 6, 2, 15, 1, 10, 19, 9, 11, 20, 4, 13, 16, 14, 3, 18, 17, 8, 7, 5, 12, 6, 2, 15, 1, 10, 9, 19, 11, 20, 4, 13, 16, 14, 3, 18, 8, 7, 5, 17, 12, 6, 2, 15, 1, 10, 9, 11, 20, 4, 13, 16, 14, 19, 3, 18, 8, 17, 7, 5, 12, 6, 2, 15, 1, 10, 9, 11, 20, 4, 13, 16, 14, 3, 18, 19, 8, 17, 7, 5, 12, 6, 2, 15, 1, 10, 9, 11, 20, 4, 13, 16, 14, 18, 19, 3, 8, 7, 5, 17, 12, 6, 2, 15, 1, 10, 9, 11, 20, 4, 13, 16, 14, 19, 3, 18, 8, 7, 5, 17, 12, 6, 2, 9, 15, 1, 10, 11, 20, 4, 13, 16, 14, 19, 3, 18, 8, 5, 12, 17, 7, 6]
bestever    1708    in generation 1936
[2, 15, 1, 10, 19, 11, 9, 20, 13, 4, 16, 3, 18, 14, 8, 7, 17, 5, 12, 6, 2, 15, 1, 10, 19, 9, 11, 20, 4, 13, 3, 16, 14, 18, 17, 8, 7, 5, 12, 6, 2, 15, 1, 10, 19, 9, 11, 20, 13, 4, 16, 14, 3, 18, 17, 8, 7, 5, 12, 6, 2, 15, 1, 10, 19, 9, 11, 20, 4, 13, 16, 14, 3, 18, 17, 8, 7, 5, 12, 6, 2, 15, 1, 10, 9, 19, 11, 20, 4, 13, 16, 14, 3, 18, 8, 7, 5, 17, 12, 6, 2, 15, 1, 10, 9, 11, 20, 4, 13, 16, 14, 19, 3, 18, 8, 17, 7, 5, 12, 6, 2, 15, 1, 10, 9, 11, 20, 4, 13, 16, 14, 3, 18, 19, 8, 17, 7, 5, 12, 6, 2, 15, 1, 10, 9, 11, 20, 4, 13, 16, 14, 18, 19, 3, 8, 7, 2, 15, 1, 10, 9, 11, 20, 4, 13, 16, 14, 19, 3, 18, 8, 7, 5, 17, 12, 6, 5, 17, 12, 6, 2, 9, 15, 1, 10, 11, 20, 4, 13, 16, 14, 19, 3, 18, 8, 7, 5, 17, 12, 6]
bestever    1699    in generation 1943
[2, 15, 1, 10, 19, 11, 9, 20, 13, 4, 16, 3, 18, 14, 8, 7, 17, 5, 12, 6, 2, 15, 1, 10, 19, 9, 11, 20, 4, 13, 3, 16, 14, 18, 17, 8, 7, 5, 12, 6, 2, 15, 1, 10, 19, 9, 11, 20, 13, 4, 16, 14, 3, 18, 17, 8, 7, 5, 12, 6, 2, 15, 1, 10, 19, 9, 11, 20, 4, 13, 16, 14, 3, 18, 17, 8, 7, 5, 12, 6, 2, 15, 1, 10, 9, 19, 11, 20, 4, 13, 16, 14, 3, 18, 8, 7, 5, 17, 12, 6, 2, 15, 1, 10, 9, 11, 20, 4, 13, 16, 14, 19, 3, 18, 8, 7, 2, 15, 1, 10, 9, 11, 20, 4, 13, 16, 14, 2, 15, 1, 10, 9, 11, 20, 2, 15, 1, 10, 9, 11, 19, 3, 18, 8, 7, 5, 17, 12, 6, 20, 4, 13, 16, 14, 19, 3, 18, 8, 7, 5, 17, 12, 6, 4, 13, 16, 14, 19, 3, 18, 8, 7, 5, 17, 12, 6, 5, 17, 12, 6, 2, 9, 15, 1, 10, 11, 20, 4, 13, 16, 14, 19, 3, 18, 8, 7, 5, 17, 12, 6]
bestever    1683    in generation 1945
[2, 15, 1, 10, 19, 11, 9, 20, 13, 4, 16, 3, 18, 14, 8, 7, 17, 5, 12, 6, 2, 15, 1, 10, 19, 9, 11, 20, 4, 13, 3, 16, 14, 18, 17, 8, 7, 5, 12, 6, 2, 15, 1, 10, 19, 9, 11, 20, 13, 4, 16, 14, 3, 18, 17, 8, 7, 5, 12, 6, 2, 15, 1, 10, 19, 9, 11, 20, 4, 13, 16, 14, 3, 18, 17, 8, 7, 5, 12, 6, 2, 15, 1, 10, 9, 19, 11, 20, 4, 13, 16, 14, 3, 18, 8, 7, 5, 17, 12, 6, 2, 15, 1, 10, 9, 11, 20, 4, 13, 16, 14, 19, 3, 18, 8, 7, 5, 2, 15, 1, 10, 9, 11, 20, 4, 13, 16, 14, 3, 18, 19, 8, 17, 7, 5, 12, 6, 2, 15, 1, 10, 9, 11, 20, 4, 13, 16, 14, 18, 19, 3, 8, 7, 2, 15, 1, 10, 9, 11, 20, 4, 13, 16, 14, 19, 3, 18, 8, 7, 5, 17, 12, 6, 17, 12, 6, 5, 17, 12, 6, 2, 9, 15, 1, 10, 11, 20, 4, 13, 16, 14, 19, 3, 18, 8, 7, 5, 17, 12, 6]
bestever    1677    in generation 2054
[2, 10, 15, 1, 19, 11, 9, 20, 13, 16, 4, 3, 18, 14, 8, 7, 17, 5, 12, 6, 2, 10, 15, 1, 19, 9, 11, 20, 13, 4, 3, 16, 14, 18, 17, 8, 7, 5, 12, 6, 2, 10, 15, 1, 19, 9, 11, 20, 13, 16, 4, 14, 3, 18, 17, 8, 7, 5, 12, 6, 2, 10, 15, 1, 19, 9, 11, 20, 13, 4, 16, 14, 3, 18, 17, 8, 7, 5, 12, 6, 2, 10, 15, 1, 9, 19, 11, 20, 13, 4, 16, 14, 3, 18, 8, 7, 5, 17, 12, 6, 2, 10, 15, 1, 9, 11, 20, 13, 4, 16, 14, 19, 3, 18, 8, 7, 5, 17, 12, 6, 2, 10, 15, 1, 9, 11, 20, 13, 4, 16, 14, 3, 18, 19, 8, 7, 5, 17, 12, 6, 2, 10, 15, 1, 9, 11, 20, 13, 4, 16, 14, 18, 19, 3, 8, 7, 5, 17, 12, 6, 2, 10, 15, 1, 9, 11, 20, 13, 4, 16, 14, 19, 3, 18, 8, 7, 5, 17, 12, 6, 2, 9, 10, 15, 1, 11, 20, 13, 4, 16, 14, 19, 3, 18, 8, 7, 5, 17, 12, 6]
bestever    1673    in generation 2179
[2, 10, 15, 19, 11, 9, 1, 20, 13, 16, 4, 3, 18, 14, 8, 7, 17, 12, 5, 6, 2, 10, 15, 19, 9, 11, 1, 20, 13, 4, 3, 16, 14, 18, 17, 8, 7, 12, 5, 6, 2, 10, 15, 19, 9, 11, 1, 20, 13, 16, 4, 14, 3, 18, 17, 8, 7, 12, 5, 6, 2, 10, 15, 19, 9, 11, 1, 20, 13, 4, 16, 14, 3, 18, 8, 7, 17, 5, 12, 6, 2, 10, 15, 9, 19, 11, 1, 20, 13, 4, 16, 14, 3, 18, 8, 7, 17, 5, 12, 6, 2, 10, 15, 9, 11, 20, 1, 13, 4, 16, 14, 19, 3, 18, 8, 7, 5, 17, 12, 6, 2, 10, 15, 9, 11, 20, 1, 13, 4, 16, 14, 3, 18, 19, 8, 7, 5, 17, 12, 6, 10, 2, 15, 9, 11, 20, 1, 13, 4, 16, 14, 18, 19, 3, 8, 7, 5, 17, 12, 6, 10, 2, 15, 9, 11, 20, 1, 13, 4, 16, 14, 19, 3, 18, 8, 7, 5, 17, 12, 6, 2, 10, 9, 15, 11, 20, 13, 1, 4, 16, 14, 19, 3, 18, 8, 7, 17, 5, 12, 6]
bestever    1668    in generation 2243
[2, 10, 15, 19, 11, 9, 1, 20, 13, 16, 4, 3, 18, 14, 8, 7, 17, 12, 2, 10, 15, 19, 9, 11, 1, 20, 13, 4, 3, 16, 14, 18, 8, 7, 5, 17, 12, 6, 5, 6, 2, 10, 15, 19, 9, 11, 1, 20, 13, 16, 4, 14, 3, 18, 17, 8, 7, 12, 5, 6, 2, 10, 15, 19, 9, 11, 1, 20, 13, 4, 16, 14, 3, 18, 8, 7, 17, 5, 12, 6, 2, 10, 15, 9, 19, 11, 1, 20, 13, 4, 16, 14, 3, 18, 8, 7, 17, 5, 12, 6, 2, 10, 15, 9, 11, 20, 1, 13, 4, 16, 14, 19, 3, 18, 8, 7, 5, 17, 12, 6, 2, 10, 15, 9, 11, 20, 1, 13, 4, 16, 14, 3, 18, 19, 8, 7, 5, 17, 12, 6, 10, 2, 15, 9, 11, 20, 1, 13, 4, 16, 14, 18, 19, 3, 8, 7, 5, 17, 12, 6, 10, 2, 15, 9, 11, 20, 1, 13, 4, 16, 14, 19, 3, 18, 8, 7, 5, 17, 12, 6, 2, 10, 9, 15, 11, 20, 13, 1, 4, 16, 14, 19, 3, 18, 8, 7, 17, 5, 12, 6]
bestever    1659    in generation 2334
[2, 10, 15, 19, 11, 9, 1, 20, 13, 16, 4, 3, 18, 14, 8, 7, 17, 12, 2, 10, 15, 19, 9, 11, 1, 20, 13, 4, 3, 16, 14, 18, 8, 7, 5, 12, 6, 5, 2, 10, 15, 19, 9, 11, 1, 20, 13, 16, 4, 14, 3, 18, 8, 2, 10, 15, 19, 9, 11, 1, 20, 13, 4, 16, 14, 2, 10, 15, 9, 11, 1, 20, 19, 3, 18, 8, 7, 5, 17, 12, 6, 13, 4, 16, 14, 2, 3, 18, 8, 7, 5, 17, 12, 6, 10, 15, 9, 11, 20, 1, 13, 4, 16, 14, 19, 3, 18, 8, 7, 5, 17, 12, 6, 17, 6, 2, 10, 15, 9, 11, 20, 1, 13, 4, 16, 14, 3, 18, 19, 8, 7, 5, 17, 12, 6, 7, 5, 17, 12, 6, 10, 2, 15, 9, 11, 20, 1, 13, 4, 16, 14, 18, 19, 3, 8, 7, 5, 17, 12, 6, 10, 2, 15, 9, 11, 20, 1, 13, 4, 16, 14, 19, 3, 18, 8, 7, 5, 17, 12, 6, 2, 10, 9, 15, 11, 20, 13, 1, 4, 16, 14, 19, 3, 18, 8, 7, 17, 5, 12, 6]
bestever    1653    in generation 2369
[2, 10, 15, 19, 11, 9, 1, 20, 13, 16, 4, 3, 18, 14, 8, 7, 12, 2, 10, 15, 19, 9, 11, 1, 20, 13, 4, 3, 16, 14, 18, 8, 5, 2, 10, 15, 19, 9, 11, 1, 20, 13, 16, 4, 14, 2, 10, 15, 19, 9, 11, 1, 20, 2, 10, 15, 9, 11, 20, 1, 13, 4, 16, 14, 19, 3, 18, 8, 7, 5, 17, 12, 6, 3, 18, 8, 7, 5, 17, 12, 6, 13, 4, 16, 14, 2, 3, 18, 8, 7, 5, 17, 12, 6, 10, 15, 9, 11, 20, 1, 13, 4, 16, 17, 2, 10, 15, 9, 11, 14, 19, 3, 18, 8, 7, 5, 17, 12, 6, 20, 1, 13, 6, 4, 16, 14, 3, 18, 19, 8, 7, 5, 17, 12, 6, 7, 5, 17, 12, 6, 10, 2, 15, 9, 11, 20, 1, 13, 4, 16, 14, 18, 19, 3, 8, 7, 5, 17, 12, 6, 10, 2, 15, 9, 11, 20, 1, 13, 4, 16, 14, 19, 3, 18, 8, 7, 5, 17, 12, 6, 2, 10, 9, 15, 11, 20, 13, 1, 4, 16, 14, 19, 3, 18, 8, 7, 17, 5, 12, 6]
bestever    1644    in generation 2471
[2, 10, 15, 19, 4, 11, 9, 1, 20, 13, 16, 3, 18, 14, 8, 7, 12, 5, 17, 6, 2, 10, 15, 4, 19, 9, 11, 1, 20, 13, 3, 16, 14, 18, 8, 7, 5, 12, 17, 6, 2, 10, 15, 19, 4, 9, 11, 1, 20, 13, 16, 14, 3, 18, 8, 7, 5, 12, 17, 6, 2, 10, 15, 4, 19, 9, 11, 1, 20, 13, 16, 14, 3, 18, 8, 7, 5, 17, 12, 6, 2, 10, 15, 4, 9, 11, 20, 1, 19, 13, 16, 14, 3, 18, 8, 7, 5, 17, 12, 6, 2, 10, 4, 15, 9, 11, 20, 1, 13, 16, 14, 19, 3, 18, 8, 7, 5, 17, 12, 6, 2, 10, 4, 15, 9, 11, 20, 1, 13, 16, 14, 3, 18, 19, 8, 7, 5, 17, 12, 6, 10, 2, 4, 15, 9, 11, 20, 1, 13, 16, 14, 18, 19, 3, 8, 7, 5, 17, 12, 6, 10, 2, 4, 15, 9, 11, 20, 1, 13, 16, 14, 19, 3, 18, 8, 7, 5, 17, 12, 6, 9, 10, 4, 2, 15, 11, 20, 13, 1, 16, 14, 19, 3, 18, 8, 7, 17, 5, 12, 6]
bestever    1623    in generation 2540
[2, 10, 15, 19, 4, 11, 9, 1, 20, 13, 16, 3, 18, 14, 8, 7, 12, 5, 17, 2, 10, 15, 4, 19, 9, 11, 1, 20, 13, 2, 10, 15, 4, 16, 14, 19, 3, 18, 8, 7, 5, 17, 12, 6, 9, 11, 1, 20, 13, 2, 10, 15, 4, 9, 11, 1, 20, 16, 14, 19, 3, 18, 8, 7, 5, 17, 12, 6, 6, 13, 16, 14, 3, 18, 8, 7, 5, 17, 12, 2, 10, 15, 4, 9, 11, 20, 1, 19, 13, 6, 16, 14, 3, 18, 2, 10, 4, 8, 7, 5, 17, 12, 6, 15, 9, 2, 10, 4, 11, 20, 1, 13, 16, 14, 19, 3, 18, 8, 7, 5, 17, 12, 6, 15, 9, 11, 20, 1, 13, 16, 14, 3, 18, 19, 8, 7, 5, 17, 12, 6, 10, 2, 4, 15, 9, 11, 20, 1, 13, 16, 14, 18, 19, 3, 8, 7, 5, 17, 12, 6, 10, 2, 4, 15, 9, 11, 20, 1, 13, 16, 14, 19, 3, 18, 8, 7, 5, 17, 12, 6, 9, 10, 4, 2, 15, 11, 20, 13, 1, 16, 14, 19, 3, 18, 8, 7, 17, 5, 12, 6]
bestever    1616    in generation 2650
[2, 10, 15, 19, 4, 11, 9, 1, 20, 13, 16, 3, 18, 14, 8, 12, 5, 17, 6, 7, 2, 10, 15, 4, 19, 9, 11, 1, 20, 13, 16, 14, 3, 18, 8, 5, 17, 12, 6, 7, 2, 10, 15, 4, 19, 9, 11, 1, 20, 13, 16, 14, 3, 18, 8, 5, 17, 12, 6, 7, 2, 10, 15, 4, 9, 11, 1, 20, 19, 13, 16, 14, 3, 18, 8, 5, 17, 12, 6, 7, 2, 10, 15, 4, 9, 11, 20, 1, 19, 13, 16, 14, 3, 18, 8, 5, 17, 12, 6, 7, 2, 10, 4, 15, 9, 11, 20, 1, 13, 16, 14, 19, 3, 18, 8, 5, 17, 12, 6, 7, 2, 10, 4, 15, 9, 11, 20, 1, 13, 16, 14, 3, 18, 19, 8, 5, 17, 12, 6, 7, 10, 2, 4, 15, 9, 11, 20, 1, 13, 16, 14, 18, 19, 3, 8, 5, 17, 12, 6, 7, 10, 2, 4, 15, 9, 11, 20, 1, 13, 16, 14, 19, 3, 18, 8, 5, 17, 12, 6, 7, 9, 10, 4, 2, 15, 11, 20, 13, 1, 16, 14, 19, 3, 18, 8, 17, 5, 12, 6, 7]
bestever    1614    in generation 2756
[2, 15, 10, 19, 4, 11, 9, 1, 20, 13, 16, 3, 18, 14, 8, 5, 17, 12, 6, 7, 2, 15, 10, 4, 19, 9, 11, 1, 20, 13, 16, 14, 3, 18, 8, 5, 17, 12, 6, 7, 2, 15, 10, 4, 19, 9, 11, 1, 20, 13, 16, 14, 3, 18, 8, 5, 17, 12, 6, 7, 2, 15, 10, 4, 9, 11, 1, 20, 19, 13, 16, 14, 3, 18, 8, 5, 17, 12, 6, 7, 2, 15, 10, 4, 9, 11, 20, 1, 19, 13, 16, 14, 3, 18, 8, 5, 17, 12, 6, 7, 2, 10, 15, 4, 9, 11, 20, 1, 13, 16, 14, 19, 3, 18, 8, 5, 17, 12, 6, 7, 2, 10, 15, 4, 9, 11, 20, 1, 13, 16, 14, 3, 18, 19, 8, 5, 17, 12, 6, 7, 10, 2, 15, 4, 9, 11, 20, 1, 13, 16, 14, 18, 19, 3, 8, 5, 17, 12, 6, 7, 10, 2, 15, 4, 9, 11, 20, 1, 13, 16, 14, 19, 3, 18, 8, 5, 17, 12, 6, 7, 9, 10, 4, 15, 2, 11, 20, 13, 1, 16, 14, 19, 3, 18, 8, 17, 5, 12, 6, 7]
bestever    1609    in generation 2860
[2, 15, 10, 19, 4, 11, 9, 1, 20, 13, 16, 3, 18, 14, 8, 5, 17, 12, 6, 7, 2, 15, 10, 4, 19, 9, 11, 1, 20, 13, 16, 14, 3, 18, 8, 5, 17, 12, 6, 7, 2, 15, 10, 4, 19, 9, 11, 1, 20, 13, 16, 14, 3, 18, 8, 5, 17, 12, 6, 7, 2, 15, 10, 4, 9, 11, 1, 20, 19, 13, 16, 14, 3, 18, 8, 5, 17, 12, 6, 7, 2, 15, 10, 4, 9, 11, 20, 1, 19, 13, 16, 14, 3, 18, 8, 5, 17, 12, 6, 7, 2, 10, 15, 4, 9, 11, 20, 1, 13, 16, 14, 19, 3, 18, 8, 5, 17, 12, 6, 7, 2, 10, 15, 4, 9, 11, 20, 1, 13, 16, 14, 3, 18, 19, 8, 17, 5, 12, 6, 7, 2, 10, 15, 4, 9, 11, 20, 1, 13, 16, 14, 18, 19, 3, 8, 5, 17, 12, 6, 7, 2, 10, 15, 4, 9, 11, 20, 1, 13, 16, 14, 19, 18, 3, 8, 5, 17, 12, 6, 7, 9, 10, 4, 2, 15, 11, 20, 13, 1, 16, 14, 19, 3, 18, 8, 17, 5, 12, 6, 7]
bestever    1600    in generation 3044
[2, 15, 10, 19, 4, 11, 9, 1, 20, 16, 13, 3, 18, 14, 8, 5, 17, 12, 6, 7, 2, 15, 10, 4, 19, 9, 11, 1, 20, 16, 13, 14, 3, 18, 8, 5, 17, 12, 6, 7, 2, 15, 10, 4, 19, 9, 11, 1, 20, 16, 13, 14, 3, 18, 8, 5, 17, 12, 6, 7, 2, 15, 10, 4, 9, 11, 1, 20, 19, 16, 13, 14, 3, 18, 8, 5, 17, 12, 6, 7, 2, 15, 10, 4, 9, 11, 20, 1, 19, 16, 13, 14, 3, 18, 8, 5, 17, 12, 6, 7, 2, 10, 15, 4, 9, 11, 20, 1, 16, 13, 14, 19, 18, 3, 8, 5, 17, 12, 6, 7, 2, 10, 15, 4, 9, 11, 20, 1, 16, 13, 14, 19, 18, 3, 8, 5, 17, 12, 6, 7, 2, 10, 15, 4, 9, 11, 20, 1, 16, 13, 14, 19, 2, 10, 15, 4, 9, 11, 20, 1, 16, 13, 18, 3, 8, 5, 17, 12, 6, 7, 14, 19, 18, 3, 8, 5, 17, 12, 6, 7, 9, 10, 4, 2, 15, 11, 1, 13, 16, 20, 14, 19, 3, 18, 8, 17, 5, 12, 6, 7]
bestever    1588    in generation 3079
[2, 15, 10, 19, 4, 11, 9, 1, 20, 16, 13, 3, 18, 14, 8, 5, 17, 12, 6, 7, 2, 15, 10, 4, 19, 9, 11, 1, 20, 16, 13, 14, 3, 18, 8, 5, 17, 12, 6, 7, 2, 15, 10, 4, 19, 9, 11, 1, 20, 16, 13, 14, 3, 18, 2, 15, 10, 4, 9, 11, 1, 20, 19, 16, 13, 14, 3, 18, 8, 5, 17, 12, 6, 8, 5, 2, 15, 7, 10, 4, 9, 11, 20, 1, 19, 16, 13, 14, 18, 2, 10, 15, 4, 9, 11, 20, 1, 16, 13, 14, 19, 18, 3, 8, 5, 17, 12, 6, 7, 3, 8, 5, 17, 2, 10, 15, 4, 9, 11, 20, 1, 16, 13, 14, 19, 18, 3, 8, 5, 17, 12, 6, 7, 12, 6, 7, 2, 10, 15, 4, 9, 11, 20, 1, 16, 13, 14, 19, 2, 10, 15, 4, 9, 11, 20, 1, 17, 12, 6, 7, 16, 13, 18, 3, 14, 19, 18, 3, 8, 5, 17, 12, 6, 7, 8, 5, 17, 12, 6, 7, 9, 10, 4, 2, 15, 11, 1, 13, 16, 20, 14, 19, 3, 18, 8, 17, 5, 12, 6, 7]
bestever    1570    in generation 3319
[16, 2, 15, 10, 19, 4, 11, 9, 1, 20, 13, 3, 18, 14, 8, 5, 17, 12, 6, 7, 16, 2, 15, 10, 4, 19, 9, 11, 1, 20, 13, 14, 3, 18, 8, 5, 17, 12, 6, 7, 16, 2, 15, 10, 4, 19, 9, 11, 1, 20, 13, 14, 3, 18, 5, 8, 17, 12, 6, 7, 16, 2, 15, 10, 4, 9, 11, 1, 20, 19, 13, 14, 18, 3, 8, 5, 17, 12, 6, 7, 16, 2, 15, 10, 4, 9, 11, 20, 1, 19, 13, 14, 18, 3, 8, 5, 17, 12, 6, 7, 16, 2, 10, 15, 4, 9, 11, 20, 1, 13, 14, 19, 18, 3, 8, 5, 17, 12, 6, 7, 16, 2, 10, 15, 4, 9, 11, 20, 1, 13, 14, 19, 18, 3, 8, 5, 17, 12, 6, 7, 16, 2, 10, 15, 4, 9, 11, 20, 1, 13, 14, 19, 18, 3, 8, 5, 17, 12, 6, 7, 16, 2, 10, 15, 4, 9, 11, 20, 1, 13, 14, 19, 18, 3, 8, 5, 17, 12, 6, 7, 16, 9, 10, 4, 2, 15, 11, 1, 13, 20, 14, 19, 3, 18, 8, 17, 5, 12, 6, 7]
bestever    1562    in generation 3321
[16, 2, 15, 10, 19, 4, 11, 9, 1, 20, 13, 3, 18, 14, 8, 5, 17, 12, 6, 7, 16, 2, 15, 10, 4, 19, 9, 11, 1, 20, 13, 14, 3, 18, 8, 5, 17, 12, 16, 2, 15, 10, 4, 19, 9, 11, 1, 20, 13, 14, 18, 3, 8, 5, 17, 12, 6, 7, 6, 7, 16, 2, 15, 10, 4, 9, 11, 1, 20, 19, 13, 14, 18, 3, 8, 5, 17, 12, 6, 7, 16, 2, 15, 10, 4, 9, 11, 20, 1, 19, 13, 14, 18, 3, 8, 5, 17, 12, 6, 7, 16, 2, 10, 15, 4, 9, 11, 20, 1, 13, 14, 19, 18, 3, 8, 5, 17, 12, 6, 7, 16, 2, 10, 15, 4, 9, 11, 20, 1, 13, 14, 19, 18, 3, 8, 5, 17, 12, 6, 7, 16, 2, 10, 15, 4, 9, 11, 20, 1, 13, 14, 19, 18, 3, 8, 5, 17, 12, 6, 7, 16, 2, 10, 15, 4, 9, 11, 20, 1, 13, 14, 19, 18, 3, 8, 5, 17, 12, 6, 7, 16, 9, 10, 4, 2, 15, 11, 1, 13, 20, 14, 19, 3, 18, 8, 17, 5, 12, 6, 7]
bestever    1561    in generation 3428
[15, 16, 2, 10, 19, 4, 11, 9, 1, 20, 13, 14, 18, 3, 8, 5, 17, 12, 6, 7, 15, 16, 2, 10, 4, 19, 9, 11, 1, 20, 13, 14, 3, 18, 8, 5, 17, 12, 6, 7, 15, 16, 2, 10, 4, 19, 9, 11, 1, 20, 13, 14, 18, 3, 8, 5, 17, 12, 6, 7, 15, 16, 2, 10, 4, 9, 11, 1, 20, 19, 13, 14, 18, 3, 8, 5, 17, 12, 6, 7, 15, 16, 2, 10, 4, 9, 11, 20, 1, 19, 13, 14, 18, 3, 8, 5, 17, 12, 6, 7, 15, 16, 2, 10, 4, 9, 11, 20, 1, 13, 14, 19, 18, 3, 8, 5, 17, 12, 6, 7, 15, 16, 2, 10, 4, 9, 11, 20, 1, 13, 14, 19, 18, 3, 8, 5, 17, 12, 6, 7, 15, 16, 2, 10, 4, 9, 11, 20, 1, 13, 14, 19, 18, 3, 8, 5, 17, 12, 6, 7, 15, 16, 2, 10, 4, 9, 11, 20, 1, 13, 14, 19, 18, 3, 8, 5, 17, 12, 6, 7, 16, 15, 9, 10, 4, 2, 11, 20, 1, 13, 14, 19, 18, 3, 8, 5, 17, 12, 6, 7]
bestever    1550    in generation 3530
[14, 15, 16, 2, 10, 19, 4, 11, 9, 1, 20, 13, 18, 3, 8, 5, 17, 12, 6, 7, 14, 15, 16, 2, 10, 4, 19, 9, 11, 1, 20, 13, 3, 18, 8, 5, 17, 12, 6, 7, 14, 15, 16, 2, 10, 4, 19, 9, 11, 1, 20, 13, 18, 3, 8, 5, 17, 12, 6, 7, 14, 15, 16, 2, 10, 4, 9, 11, 1, 20, 19, 13, 18, 3, 8, 5, 17, 12, 6, 7, 14, 15, 16, 2, 10, 4, 9, 11, 20, 1, 19, 13, 18, 3, 8, 5, 17, 12, 6, 7, 14, 15, 16, 2, 10, 4, 9, 11, 20, 1, 13, 19, 18, 3, 8, 5, 17, 12, 6, 7, 14, 15, 16, 2, 10, 4, 9, 11, 20, 1, 13, 19, 18, 3, 8, 5, 17, 12, 6, 7, 14, 15, 16, 2, 10, 4, 9, 11, 20, 1, 13, 19, 18, 3, 8, 5, 17, 12, 6, 7, 14, 15, 16, 2, 10, 4, 9, 11, 20, 1, 13, 19, 18, 3, 8, 5, 17, 12, 6, 7, 14, 16, 15, 9, 10, 4, 2, 11, 20, 1, 13, 19, 18, 3, 8, 5, 17, 12, 6, 7]
bestever    1545    in generation 3625
[14, 15, 16, 2, 10, 19, 4, 11, 9, 1, 20, 13, 18, 3, 8, 5, 17, 12, 6, 7, 14, 15, 16, 2, 10, 4, 19, 9, 11, 1, 20, 13, 3, 18, 8, 5, 17, 12, 6, 7, 14, 15, 16, 2, 10, 4, 19, 9, 11, 1, 20, 13, 18, 3, 8, 5, 17, 12, 6, 7, 14, 15, 16, 2, 10, 4, 9, 11, 1, 20, 19, 13, 18, 14, 15, 16, 2, 10, 4, 9, 11, 20, 1, 19, 13, 18, 3, 8, 5, 17, 12, 6, 7, 3, 8, 5, 17, 12, 6, 7, 14, 15, 16, 2, 10, 4, 9, 11, 14, 15, 16, 2, 10, 4, 9, 11, 20, 1, 13, 19, 18, 3, 8, 5, 17, 12, 6, 7, 20, 1, 13, 19, 18, 3, 8, 5, 17, 14, 15, 16, 2, 10, 4, 9, 11, 14, 15, 16, 2, 10, 4, 20, 1, 13, 19, 18, 3, 8, 5, 17, 12, 6, 7, 12, 6, 7, 9, 11, 20, 1, 13, 19, 18, 3, 8, 5, 17, 12, 6, 7, 14, 16, 15, 2, 10, 4, 9, 11, 20, 1, 13, 19, 18, 3, 8, 5, 17, 12, 6, 7]
bestever    1542    in generation 4008
[14, 15, 2, 10, 19, 16, 4, 11, 9, 1, 20, 13, 18, 3, 8, 5, 12, 17, 7, 6, 14, 15, 2, 10, 4, 16, 19, 9, 11, 1, 20, 13, 3, 18, 8, 5, 12, 17, 7, 6, 14, 15, 2, 10, 4, 16, 19, 9, 11, 1, 20, 13, 18, 3, 8, 5, 12, 17, 7, 6, 14, 15, 2, 10, 4, 16, 9, 11, 1, 20, 19, 13, 18, 3, 8, 5, 12, 17, 7, 6, 14, 15, 2, 10, 4, 16, 9, 11, 20, 1, 19, 13, 18, 3, 8, 5, 12, 17, 7, 6, 14, 15, 2, 10, 4, 16, 9, 11, 20, 1, 13, 19, 18, 3, 8, 5, 12, 17, 7, 6, 14, 15, 2, 10, 4, 16, 9, 11, 20, 1, 13, 19, 18, 3, 8, 5, 12, 17, 7, 6, 14, 15, 2, 10, 4, 16, 9, 11, 20, 1, 13, 19, 18, 3, 8, 5, 12, 17, 7, 6, 14, 15, 2, 10, 4, 16, 9, 11, 20, 1, 13, 19, 18, 3, 8, 5, 12, 17, 7, 6, 14, 10, 15, 4, 2, 16, 9, 11, 20, 13, 1, 19, 18, 3, 8, 5, 12, 17, 7, 6]
bestever    1528    in generation 4120
[14, 15, 16, 2, 10, 19, 4, 11, 9, 1, 20, 13, 18, 3, 8, 5, 12, 7, 17, 6, 14, 15, 16, 2, 10, 4, 19, 9, 11, 1, 20, 13, 18, 3, 8, 5, 12, 17, 7, 6, 14, 15, 16, 2, 10, 4, 19, 9, 11, 1, 20, 13, 18, 3, 8, 5, 12, 7, 17, 6, 14, 15, 16, 2, 10, 4, 9, 11, 1, 20, 19, 13, 18, 3, 8, 5, 12, 7, 17, 6, 14, 15, 16, 2, 10, 4, 9, 11, 20, 1, 19, 13, 18, 3, 8, 5, 12, 7, 17, 6, 14, 15, 16, 2, 10, 4, 9, 11, 20, 1, 13, 19, 18, 3, 8, 5, 12, 7, 17, 6, 14, 15, 16, 10, 4, 2, 9, 11, 20, 1, 13, 19, 18, 3, 8, 5, 12, 7, 17, 6, 14, 15, 16, 10, 2, 4, 9, 11, 20, 1, 13, 19, 18, 3, 8, 5, 12, 7, 17, 6, 14, 15, 16, 2, 10, 4, 9, 11, 20, 1, 13, 19, 18, 3, 8, 5, 12, 7, 17, 6, 14, 10, 16, 15, 4, 2, 9, 11, 20, 13, 1, 19, 18, 3, 8, 5, 12, 7, 17, 6]
bestever    1527    in generation 4249
[14, 15, 16, 2, 10, 19, 4, 11, 9, 1, 20, 13, 18, 8, 3, 5, 12, 7, 17, 6, 14, 15, 16, 2, 10, 4, 19, 9, 11, 1, 20, 13, 18, 8, 3, 5, 12, 17, 7, 6, 14, 15, 16, 2, 10, 4, 19, 9, 11, 1, 20, 13, 18, 8, 3, 5, 12, 7, 17, 6, 14, 15, 16, 2, 10, 4, 9, 11, 1, 20, 19, 13, 18, 8, 3, 5, 12, 7, 17, 6, 14, 15, 16, 2, 10, 4, 9, 11, 20, 1, 19, 13, 18, 8, 3, 5, 12, 7, 17, 6, 14, 15, 16, 2, 10, 4, 9, 11, 20, 1, 13, 19, 18, 8, 3, 5, 12, 7, 17, 6, 14, 15, 16, 10, 4, 2, 9, 11, 20, 1, 13, 19, 18, 8, 3, 5, 12, 7, 17, 6, 14, 15, 16, 10, 2, 4, 9, 11, 20, 1, 13, 19, 18, 8, 3, 5, 12, 7, 17, 6, 14, 15, 16, 2, 10, 4, 9, 11, 20, 1, 13, 19, 18, 8, 3, 5, 12, 7, 17, 6, 14, 10, 16, 15, 4, 2, 9, 11, 20, 13, 1, 19, 18, 8, 3, 5, 12, 7, 17, 6]
bestever    1524    in generation 7202
[16, 2, 14, 15, 10, 4, 19, 11, 9, 1, 20, 13, 18, 8, 5, 3, 7, 12, 17, 6, 16, 2, 14, 15, 4, 10, 19, 9, 11, 1, 20, 13, 18, 8, 5, 3, 12, 7, 17, 6, 16, 2, 14, 15, 4, 10, 19, 9, 11, 1, 20, 13, 18, 8, 5, 3, 12, 17, 7, 6, 16, 2, 14, 15, 4, 10, 9, 11, 1, 20, 19, 13, 18, 8, 5, 3, 12, 17, 7, 6, 16, 2, 14, 15, 4, 10, 9, 11, 20, 1, 19, 13, 18, 8, 5, 3, 12, 17, 7, 6, 16, 2, 14, 15, 4, 10, 9, 11, 20, 1, 13, 19, 18, 8, 5, 3, 12, 17, 7, 6, 16, 2, 14, 15, 4, 10, 9, 11, 20, 1, 13, 19, 18, 8, 5, 3, 12, 17, 7, 6, 16, 2, 14, 15, 4, 10, 9, 11, 20, 1, 13, 19, 18, 8, 5, 3, 12, 7, 17, 6, 2, 16, 14, 15, 4, 10, 9, 11, 20, 1, 13, 19, 18, 8, 5, 3, 7, 12, 17, 6, 2, 16, 14, 10, 4, 15, 9, 11, 1, 20, 19, 18, 13, 8, 5, 3, 12, 17, 7, 6]
bestever    1521    in generation 7322
[16, 2, 14, 15, 10, 19, 4, 11, 9, 1, 20, 13, 18, 8, 3, 5, 7, 12, 17, 6, 16, 2, 14, 15, 10, 4, 19, 9, 11, 1, 20, 13, 18, 8, 3, 5, 12, 7, 17, 6, 16, 2, 14, 15, 10, 4, 19, 9, 11, 1, 20, 13, 18, 8, 3, 5, 12, 17, 7, 6, 16, 2, 14, 15, 10, 4, 9, 11, 1, 20, 19, 13, 18, 8, 3, 5, 12, 17, 7, 6, 16, 2, 14, 15, 10, 4, 9, 11, 20, 1, 19, 13, 18, 8, 3, 5, 12, 17, 7, 6, 16, 2, 14, 15, 10, 4, 9, 11, 20, 1, 13, 19, 18, 8, 3, 5, 12, 17, 7, 6, 16, 2, 14, 15, 10, 4, 9, 11, 20, 1, 13, 19, 18, 8, 3, 5, 12, 17, 7, 6, 16, 2, 14, 15, 10, 4, 9, 11, 20, 1, 13, 19, 18, 8, 3, 5, 12, 7, 17, 6, 2, 16, 14, 15, 10, 4, 9, 11, 20, 1, 13, 19, 18, 8, 3, 5, 7, 12, 17, 6, 2, 16, 14, 10, 15, 4, 9, 11, 1, 20, 19, 18, 13, 8, 3, 5, 12, 17, 7, 6]
bestever    1519    in generation 9987
[14, 19, 16, 2, 15, 10, 4, 11, 9, 1, 20, 13, 18, 8, 5, 3, 7, 12, 17, 6, 14, 19, 16, 2, 15, 10, 4, 9, 11, 1, 20, 13, 18, 8, 5, 3, 7, 12, 17, 6, 14, 19, 16, 2, 15, 10, 4, 9, 11, 1, 20, 13, 18, 8, 5, 3, 7, 12, 17, 6, 14, 19, 16, 2, 15, 10, 4, 9, 11, 1, 20, 13, 18, 8, 5, 3, 12, 17, 7, 6, 14, 19, 16, 2, 15, 10, 4, 9, 11, 20, 1, 13, 18, 8, 5, 3, 12, 17, 7, 6, 14, 19, 16, 2, 15, 10, 4, 9, 11, 20, 1, 13, 18, 8, 5, 3, 12, 17, 7, 6, 14, 19, 16, 2, 15, 10, 4, 9, 11, 20, 1, 13, 18, 8, 5, 3, 12, 17, 7, 6, 14, 19, 16, 2, 15, 10, 4, 9, 11, 20, 1, 13, 18, 8, 5, 3, 12, 7, 17, 6, 14, 19, 16, 2, 15, 10, 4, 9, 20, 1, 13, 18, 11, 8, 5, 3, 7, 12, 17, 6, 14, 19, 16, 2, 10, 15, 4, 9, 1, 20, 18, 13, 11, 8, 5, 3, 12, 17, 7, 6]
bestever    1513    in generation 10098
[14, 19, 16, 2, 15, 10, 4, 9, 11, 1, 20, 13, 18, 8, 5, 3, 7, 12, 17, 6, 14, 19, 16, 2, 15, 10, 9, 4, 11, 1, 20, 13, 18, 8, 5, 3, 12, 17, 7, 6, 14, 19, 16, 2, 15, 10, 9, 4, 11, 1, 20, 13, 18, 8, 5, 3, 12, 7, 17, 6, 14, 19, 16, 2, 15, 10, 9, 4, 11, 20, 1, 13, 18, 8, 5, 3, 12, 17, 7, 6, 14, 19, 16, 2, 15, 10, 9, 4, 11, 20, 1, 13, 18, 8, 5, 3, 12, 17, 7, 6, 14, 19, 16, 2, 15, 10, 9, 4, 11, 20, 1, 13, 18, 8, 5, 3, 12, 17, 7, 6, 14, 19, 16, 2, 15, 10, 9, 4, 11, 20, 1, 13, 18, 8, 5, 3, 12, 17, 7, 6, 14, 19, 16, 2, 15, 10, 9, 4, 11, 20, 1, 13, 18, 8, 5, 3, 12, 7, 17, 6, 14, 19, 16, 2, 15, 10, 9, 4, 20, 1, 13, 18, 11, 8, 5, 3, 7, 12, 17, 6, 14, 19, 16, 2, 10, 15, 9, 4, 1, 20, 18, 13, 11, 8, 5, 3, 12, 17, 7, 6]
bestever    1510    in generation 10200
[14, 19, 16, 2, 10, 9, 4, 11, 15, 20, 1, 13, 18, 8, 5, 3, 12, 17, 7, 6, 14, 19, 16, 2, 10, 9, 4, 11, 15, 20, 1, 13, 18, 8, 5, 3, 12, 17, 7, 6, 14, 19, 16, 2, 10, 9, 4, 11, 15, 20, 1, 13, 18, 8, 5, 3, 12, 17, 7, 6, 14, 19, 16, 2, 10, 9, 4, 11, 15, 20, 1, 13, 18, 8, 5, 3, 12, 17, 7, 6, 14, 19, 16, 2, 10, 9, 4, 11, 15, 20, 1, 13, 18, 8, 5, 3, 12, 17, 7, 6, 14, 19, 16, 2, 10, 9, 4, 11, 15, 20, 1, 13, 18, 8, 5, 3, 12, 17, 7, 6, 14, 19, 16, 2, 10, 9, 4, 11, 15, 20, 1, 13, 18, 8, 5, 3, 12, 17, 7, 6, 14, 19, 16, 2, 10, 9, 4, 11, 15, 20, 1, 13, 18, 8, 5, 3, 12, 7, 17, 6, 14, 19, 16, 2, 10, 4, 9, 11, 15, 1, 20, 13, 18, 8, 5, 3, 7, 12, 17, 6, 14, 19, 16, 2, 10, 9, 4, 11, 15, 1, 20, 13, 18, 8, 5, 3, 12, 17, 7, 6]
bestever    1504    in generation 10315
[16, 14, 19, 2, 10, 11, 9, 4, 15, 1, 20, 13, 18, 5, 8, 3, 12, 7, 17, 6, 16, 14, 19, 2, 10, 11, 9, 4, 15, 1, 20, 13, 18, 5, 8, 3, 7, 12, 17, 6, 16, 14, 19, 2, 10, 11, 9, 4, 15, 20, 1, 13, 18, 5, 8, 3, 12, 17, 7, 6, 16, 14, 19, 2, 10, 11, 9, 4, 15, 20, 1, 13, 18, 5, 8, 3, 12, 17, 7, 6, 16, 14, 19, 2, 10, 11, 9, 4, 15, 20, 1, 13, 18, 5, 8, 3, 12, 17, 7, 6, 16, 14, 19, 2, 10, 11, 9, 4, 15, 20, 1, 13, 18, 5, 8, 3, 12, 17, 7, 6, 16, 14, 19, 2, 10, 11, 9, 4, 15, 20, 1, 13, 18, 5, 8, 3, 12, 17, 7, 6, 16, 14, 19, 2, 10, 11, 9, 4, 15, 20, 1, 13, 18, 5, 8, 3, 12, 7, 17, 6, 16, 14, 19, 2, 10, 11, 4, 9, 15, 1, 20, 13, 18, 5, 8, 3, 7, 12, 17, 6, 16, 14, 19, 2, 10, 11, 9, 4, 15, 1, 20, 13, 18, 5, 8, 3, 12, 17, 7, 6]
bestever    1497    in generation 10419
[16, 14, 19, 2, 10, 11, 9, 4, 15, 20, 1, 13, 18, 3, 5, 8, 12, 17, 7, 6, 16, 14, 19, 2, 10, 11, 9, 4, 15, 20, 1, 13, 18, 3, 5, 8, 12, 17, 7, 6, 16, 14, 19, 2, 10, 11, 9, 4, 15, 20, 1, 13, 18, 3, 5, 8, 12, 17, 7, 6, 16, 14, 19, 2, 10, 11, 9, 4, 15, 20, 1, 13, 18, 3, 5, 8, 12, 17, 7, 6, 16, 14, 19, 2, 10, 11, 9, 4, 15, 20, 1, 13, 18, 3, 5, 8, 12, 17, 7, 6, 16, 14, 19, 2, 10, 11, 9, 4, 15, 20, 1, 13, 18, 3, 5, 8, 12, 17, 7, 6, 16, 14, 19, 2, 10, 11, 9, 4, 15, 20, 1, 13, 18, 3, 5, 8, 12, 17, 7, 6, 16, 14, 19, 2, 10, 11, 9, 4, 15, 20, 1, 13, 18, 3, 5, 8, 12, 7, 17, 6, 16, 14, 19, 2, 10, 11, 4, 9, 15, 1, 20, 13, 18, 3, 5, 8, 7, 12, 17, 6, 16, 14, 19, 2, 10, 11, 9, 4, 15, 1, 20, 13, 18, 3, 5, 8, 12, 17, 7, 6]
bestever    1493    in generation 10607
[16, 14, 19, 2, 10, 9, 4, 11, 15, 20, 1, 13, 18, 3, 5, 8, 7, 12, 17, 6, 16, 14, 19, 2, 10, 9, 4, 11, 15, 20, 1, 13, 18, 3, 5, 8, 12, 17, 7, 6, 16, 14, 19, 2, 10, 9, 4, 11, 15, 20, 1, 13, 18, 3, 5, 8, 12, 17, 7, 6, 16, 14, 19, 2, 10, 9, 4, 11, 15, 20, 1, 13, 18, 3, 5, 8, 12, 17, 7, 6, 16, 14, 19, 2, 10, 9, 4, 11, 15, 20, 1, 13, 18, 3, 5, 8, 12, 17, 7, 6, 16, 14, 19, 2, 10, 9, 4, 11, 15, 20, 1, 13, 18, 3, 5, 8, 12, 17, 7, 6, 16, 14, 19, 2, 10, 9, 4, 11, 15, 20, 1, 13, 18, 3, 5, 8, 12, 17, 7, 6, 16, 14, 19, 2, 10, 9, 4, 11, 15, 20, 1, 13, 18, 3, 5, 8, 12, 7, 17, 6, 16, 14, 19, 2, 10, 4, 9, 11, 15, 1, 20, 13, 18, 3, 5, 8, 7, 12, 17, 6, 16, 14, 19, 2, 10, 9, 4, 11, 15, 1, 20, 13, 18, 3, 5, 8, 12, 17, 7, 6]
bestever    1490    in generation 10753
[14, 19, 16, 10, 2, 9, 4, 11, 15, 20, 1, 13, 18, 3, 5, 8, 7, 12, 17, 6, 14, 19, 16, 10, 2, 4, 9, 11, 15, 20, 1, 13, 18, 3, 5, 8, 12, 7, 17, 6, 14, 19, 16, 10, 2, 9, 4, 11, 15, 20, 1, 13, 18, 3, 5, 8, 12, 17, 7, 6, 14, 19, 16, 10, 2, 9, 4, 11, 15, 20, 1, 13, 18, 3, 5, 8, 12, 17, 7, 6, 14, 19, 16, 10, 2, 9, 4, 11, 15, 20, 1, 13, 18, 3, 5, 8, 12, 17, 7, 6, 14, 19, 16, 10, 2, 9, 4, 11, 15, 20, 1, 13, 18, 3, 5, 8, 12, 17, 7, 6, 14, 19, 16, 10, 2, 9, 4, 11, 15, 20, 1, 13, 18, 3, 5, 8, 12, 17, 7, 6, 14, 19, 16, 10, 2, 9, 4, 11, 15, 20, 1, 13, 18, 3, 5, 8, 12, 7, 17, 6, 14, 19, 16, 10, 2, 4, 9, 11, 15, 1, 20, 13, 18, 3, 5, 8, 7, 12, 17, 6, 14, 19, 16, 10, 2, 9, 4, 11, 15, 1, 20, 13, 18, 3, 5, 8, 12, 17, 7, 6]
bestever    1482    in generation 11117
[14, 19, 16, 10, 2, 9, 11, 15, 20, 1, 4, 13, 18, 3, 5, 8, 12, 17, 7, 6, 14, 19, 16, 10, 2, 9, 11, 15, 20, 1, 4, 13, 18, 3, 5, 8, 12, 17, 7, 6, 14, 19, 16, 10, 2, 9, 11, 15, 20, 1, 4, 13, 18, 3, 5, 8, 12, 17, 7, 6, 14, 19, 16, 10, 2, 9, 11, 15, 20, 1, 4, 13, 18, 3, 5, 8, 12, 17, 7, 6, 14, 19, 16, 10, 2, 9, 11, 15, 20, 1, 4, 13, 18, 3, 5, 8, 12, 17, 7, 6, 14, 19, 16, 10, 2, 9, 11, 15, 20, 1, 4, 13, 18, 3, 5, 8, 12, 17, 7, 6, 14, 19, 16, 10, 2, 9, 11, 15, 20, 1, 4, 13, 18, 3, 5, 8, 12, 17, 7, 6, 14, 19, 16, 10, 2, 9, 11, 15, 20, 1, 4, 13, 18, 3, 5, 8, 12, 7, 17, 6, 14, 19, 16, 10, 2, 9, 11, 15, 1, 4, 20, 13, 18, 3, 5, 8, 7, 12, 17, 6, 14, 19, 16, 10, 2, 9, 11, 15, 1, 20, 4, 13, 18, 3, 5, 8, 12, 17, 7, 6]
bestever    1481    in generation 11269
[14, 19, 16, 10, 2, 9, 11, 20, 1, 4, 13, 15, 18, 3, 5, 8, 12, 17, 7, 6, 14, 19, 16, 10, 2, 9, 11, 20, 1, 4, 13, 15, 18, 3, 5, 8, 12, 17, 7, 6, 14, 19, 16, 10, 2, 9, 11, 20, 1, 4, 13, 15, 18, 3, 5, 8, 12, 17, 7, 6, 14, 19, 16, 10, 2, 9, 11, 20, 1, 4, 13, 15, 18, 3, 5, 8, 12, 17, 7, 6, 14, 19, 16, 10, 2, 9, 11, 20, 1, 4, 13, 15, 18, 3, 5, 8, 12, 17, 7, 6, 14, 19, 16, 10, 2, 9, 11, 20, 1, 4, 13, 15, 18, 3, 5, 8, 12, 17, 7, 6, 14, 19, 16, 10, 2, 9, 11, 20, 1, 4, 13, 15, 18, 3, 5, 8, 12, 17, 7, 6, 14, 19, 16, 10, 2, 9, 11, 20, 1, 4, 13, 15, 18, 3, 5, 8, 12, 7, 17, 6, 14, 19, 16, 10, 2, 9, 11, 1, 4, 20, 13, 15, 18, 3, 5, 8, 7, 12, 17, 6, 14, 19, 16, 10, 2, 9, 11, 1, 20, 4, 13, 15, 18, 3, 5, 8, 12, 17, 7, 6]
bestever    1480    in generation 11373
[14, 19, 16, 10, 2, 9, 11, 20, 4, 13, 1, 15, 18, 3, 5, 8, 7, 12, 17, 6, 14, 19, 16, 10, 2, 9, 11, 20, 4, 13, 1, 15, 18, 3, 5, 8, 12, 17, 7, 6, 14, 19, 16, 10, 2, 9, 11, 20, 4, 13, 1, 15, 18, 3, 5, 8, 12, 17, 7, 6, 14, 19, 16, 10, 2, 9, 11, 20, 4, 13, 1, 15, 18, 3, 5, 8, 12, 17, 7, 6, 14, 19, 16, 10, 2, 9, 11, 20, 4, 13, 1, 15, 18, 3, 5, 8, 12, 17, 7, 6, 14, 19, 16, 10, 2, 9, 11, 20, 4, 13, 1, 15, 18, 3, 5, 8, 12, 17, 7, 6, 14, 19, 16, 10, 2, 9, 11, 20, 4, 13, 1, 15, 18, 3, 5, 8, 12, 17, 7, 6, 14, 19, 16, 10, 2, 9, 11, 20, 4, 13, 1, 15, 18, 3, 5, 8, 12, 7, 17, 6, 14, 19, 16, 10, 2, 9, 11, 4, 20, 1, 13, 15, 18, 3, 5, 8, 7, 12, 17, 6, 14, 19, 16, 10, 2, 9, 11, 20, 4, 1, 13, 15, 18, 3, 5, 8, 12, 17, 7, 6]
bestever    1475    in generation 11487
[14, 19, 16, 10, 2, 9, 11, 20, 4, 13, 15, 1, 18, 3, 5, 8, 12, 17, 7, 6, 14, 19, 16, 10, 2, 9, 11, 20, 4, 13, 15, 1, 18, 3, 5, 8, 12, 17, 7, 6, 14, 19, 16, 10, 2, 9, 11, 20, 4, 13, 15, 1, 18, 3, 5, 8, 12, 17, 7, 6, 14, 19, 16, 10, 2, 9, 11, 20, 4, 13, 15, 1, 18, 3, 5, 8, 12, 17, 7, 6, 14, 19, 16, 10, 2, 9, 11, 20, 4, 13, 15, 1, 18, 3, 5, 8, 12, 17, 7, 6, 14, 19, 16, 10, 2, 9, 11, 20, 4, 13, 15, 1, 18, 3, 5, 8, 12, 17, 7, 6, 14, 19, 16, 10, 2, 9, 11, 20, 4, 13, 15, 1, 18, 3, 5, 8, 12, 17, 7, 6, 14, 19, 16, 10, 2, 9, 11, 20, 4, 13, 15, 1, 18, 3, 5, 8, 12, 7, 17, 6, 14, 19, 16, 10, 2, 9, 11, 4, 20, 13, 1, 15, 18, 3, 5, 8, 7, 12, 17, 6, 14, 19, 16, 10, 2, 9, 11, 20, 4, 13, 1, 15, 18, 3, 5, 8, 12, 17, 7, 6]
bestever    1473    in generation 11621
[14, 19, 16, 10, 2, 9, 11, 20, 4, 13, 15, 3, 1, 18, 5, 8, 7, 12, 17, 6, 14, 19, 16, 10, 2, 9, 11, 20, 4, 13, 15, 3, 1, 18, 5, 8, 7, 12, 17, 6, 14, 19, 16, 10, 2, 9, 11, 20, 4, 13, 15, 3, 1, 18, 5, 8, 7, 12, 17, 6, 14, 19, 16, 10, 2, 9, 11, 4, 20, 13, 15, 3, 1, 18, 5, 8, 7, 12, 17, 6, 14, 19, 16, 10, 2, 9, 11, 20, 4, 13, 15, 3, 1, 18, 5, 8, 12, 17, 7, 6, 14, 19, 16, 10, 2, 9, 11, 20, 4, 13, 15, 3, 1, 18, 5, 8, 12, 17, 7, 6, 14, 19, 16, 10, 2, 9, 11, 20, 4, 13, 15, 3, 1, 18, 5, 8, 12, 17, 7, 6, 14, 19, 16, 10, 2, 9, 11, 20, 4, 13, 15, 3, 1, 18, 5, 8, 12, 7, 17, 6, 14, 19, 16, 10, 2, 9, 11, 4, 20, 13, 1, 3, 15, 18, 5, 8, 7, 12, 17, 6, 14, 19, 16, 10, 2, 9, 11, 20, 4, 13, 1, 3, 15, 18, 5, 8, 12, 17, 7, 6]
bestever    1471    in generation 15535
[14, 19, 10, 2, 16, 9, 11, 4, 20, 13, 3, 1, 15, 18, 5, 8, 12, 7, 17, 6, 14, 19, 10, 2, 16, 9, 4, 11, 20, 13, 3, 1, 15, 18, 5, 8, 12, 7, 17, 6, 14, 19, 10, 2, 16, 9, 11, 4, 20, 13, 3, 1, 15, 18, 5, 8, 12, 7, 17, 6, 14, 19, 10, 2, 16, 9, 11, 4, 20, 13, 3, 1, 15, 18, 5, 8, 12, 7, 17, 6, 14, 19, 10, 2, 16, 9, 11, 4, 20, 13, 3, 1, 15, 18, 5, 8, 12, 7, 17, 6, 14, 19, 10, 2, 16, 9, 11, 4, 20, 13, 3, 1, 15, 18, 5, 8, 12, 17, 7, 6, 14, 19, 10, 2, 16, 9, 11, 4, 20, 13, 3, 1, 18, 15, 5, 8, 12, 17, 7, 6, 14, 19, 10, 2, 16, 9, 11, 4, 20, 13, 3, 1, 18, 15, 5, 8, 12, 7, 17, 6, 14, 19, 10, 2, 16, 9, 4, 11, 20, 13, 3, 1, 15, 18, 5, 8, 12, 7, 17, 6, 14, 19, 10, 16, 9, 4, 11, 20, 13, 2, 3, 1, 15, 18, 5, 8, 12, 7, 17, 6]
bestever    1469    in generation 15637
[14, 19, 10, 16, 2, 9, 11, 4, 20, 13, 3, 1, 15, 18, 5, 8, 12, 7, 17, 6, 14, 19, 10, 16, 2, 9, 4, 11, 20, 13, 3, 1, 15, 18, 5, 8, 12, 7, 17, 6, 14, 19, 10, 16, 2, 9, 11, 4, 20, 13, 3, 1, 15, 18, 5, 8, 12, 7, 17, 6, 14, 19, 10, 16, 2, 9, 11, 4, 20, 13, 3, 1, 15, 18, 5, 8, 12, 7, 17, 6, 14, 19, 10, 16, 2, 9, 11, 4, 20, 13, 3, 1, 15, 18, 5, 8, 12, 7, 17, 6, 14, 19, 10, 16, 2, 9, 11, 4, 20, 13, 3, 1, 15, 18, 5, 8, 12, 17, 7, 6, 14, 19, 10, 16, 2, 9, 11, 4, 20, 13, 3, 1, 18, 15, 5, 8, 12, 17, 7, 6, 14, 19, 10, 16, 2, 9, 11, 4, 20, 13, 3, 1, 18, 15, 5, 8, 12, 7, 17, 6, 14, 19, 10, 16, 2, 9, 4, 11, 20, 13, 3, 1, 15, 18, 5, 8, 12, 7, 17, 6, 14, 19, 10, 16, 9, 4, 11, 20, 13, 3, 2, 1, 15, 18, 5, 8, 12, 7, 17, 6]
bestever    1468    in generation 21392
[14, 19, 2, 16, 11, 10, 9, 4, 20, 13, 15, 3, 1, 18, 5, 8, 12, 7, 17, 6, 14, 19, 2, 16, 11, 10, 9, 4, 20, 13, 15, 3, 1, 18, 5, 8, 12, 7, 17, 6, 14, 19, 2, 16, 11, 10, 9, 4, 20, 13, 15, 3, 1, 18, 5, 8, 12, 7, 17, 6, 14, 19, 2, 16, 11, 10, 9, 4, 20, 13, 15, 3, 1, 18, 8, 5, 12, 7, 17, 6, 14, 19, 2, 16, 10, 9, 11, 4, 20, 13, 15, 3, 1, 18, 8, 5, 12, 7, 17, 6, 14, 19, 2, 16, 10, 9, 11, 4, 20, 13, 15, 3, 1, 18, 8, 5, 12, 17, 7, 6, 14, 19, 2, 16, 10, 9, 11, 4, 20, 13, 3, 15, 1, 18, 8, 5, 12, 17, 7, 14, 19, 2, 16, 10, 9, 11, 6, 4, 20, 13, 3, 15, 1, 18, 8, 5, 12, 7, 17, 6, 14, 19, 2, 16, 10, 9, 11, 4, 20, 13, 3, 1, 15, 18, 8, 5, 12, 7, 17, 6, 14, 19, 2, 10, 16, 11, 9, 4, 20, 13, 3, 1, 15, 18, 8, 5, 12, 7, 17, 6]
bestever    1467    in generation 21537
[16, 14, 19, 2, 11, 10, 9, 4, 20, 13, 15, 3, 1, 18, 5, 8, 12, 7, 17, 6, 16, 14, 19, 2, 11, 10, 9, 4, 20, 13, 15, 3, 1, 18, 5, 8, 12, 7, 17, 6, 16, 14, 19, 2, 11, 10, 9, 4, 20, 13, 15, 3, 1, 18, 5, 8, 12, 7, 17, 6, 16, 14, 19, 2, 11, 10, 9, 4, 20, 13, 15, 3, 1, 18, 8, 5, 12, 7, 17, 6, 16, 14, 19, 2, 10, 9, 11, 4, 20, 13, 15, 3, 1, 18, 8, 5, 12, 7, 17, 6, 16, 14, 19, 2, 10, 9, 11, 4, 20, 13, 15, 3, 1, 18, 8, 5, 12, 17, 7, 6, 16, 14, 19, 2, 10, 9, 11, 4, 20, 13, 3, 15, 1, 18, 8, 5, 12, 17, 7, 6, 16, 14, 19, 2, 10, 9, 11, 4, 20, 13, 3, 15, 1, 18, 8, 5, 12, 7, 17, 6, 16, 14, 19, 2, 10, 9, 11, 4, 20, 13, 3, 1, 15, 18, 8, 5, 12, 7, 17, 6, 16, 14, 19, 2, 10, 11, 9, 4, 20, 13, 3, 1, 15, 18, 8, 5, 12, 7, 17, 6]
bestever    1465    in generation 21738
[16, 2, 14, 19, 11, 10, 9, 4, 20, 13, 15, 3, 1, 18, 5, 8, 12, 7, 17, 6, 16, 2, 14, 19, 11, 10, 9, 4, 20, 13, 15, 3, 1, 18, 5, 8, 12, 7, 17, 6, 16, 2, 14, 19, 11, 10, 9, 4, 20, 13, 15, 3, 1, 18, 5, 8, 12, 7, 17, 6, 16, 2, 14, 19, 11, 10, 9, 4, 20, 13, 15, 3, 1, 18, 8, 5, 12, 7, 17, 6, 16, 2, 14, 19, 10, 9, 11, 4, 20, 13, 15, 3, 1, 18, 8, 5, 12, 7, 17, 6, 16, 2, 14, 19, 10, 9, 11, 4, 20, 13, 15, 3, 1, 18, 8, 5, 12, 17, 7, 6, 16, 2, 14, 19, 10, 9, 11, 4, 20, 13, 3, 15, 1, 18, 8, 5, 12, 17, 7, 6, 16, 2, 14, 19, 10, 9, 11, 4, 20, 13, 3, 15, 1, 18, 8, 5, 12, 7, 17, 6, 16, 2, 14, 19, 10, 9, 11, 4, 20, 13, 3, 1, 15, 18, 8, 5, 12, 7, 17, 6, 16, 2, 14, 19, 10, 11, 9, 4, 20, 13, 3, 1, 15, 18, 8, 5, 12, 7, 17, 6]
bestever    1463    in generation 21881
[16, 2, 14, 19, 11, 10, 9, 4, 20, 13, 15, 3, 1, 18, 5, 8, 17, 12, 7, 6, 16, 2, 14, 19, 11, 10, 9, 4, 20, 13, 15, 3, 1, 18, 5, 8, 17, 12, 7, 6, 16, 2, 14, 19, 11, 10, 9, 4, 20, 13, 15, 3, 1, 18, 5, 8, 17, 12, 7, 6, 16, 2, 14, 19, 11, 10, 9, 4, 20, 13, 15, 3, 1, 18, 8, 5, 17, 12, 7, 6, 16, 2, 14, 19, 10, 9, 11, 4, 20, 13, 15, 3, 1, 18, 8, 5, 17, 12, 7, 6, 16, 2, 14, 19, 10, 9, 11, 4, 20, 13, 15, 3, 1, 18, 8, 17, 5, 12, 7, 6, 16, 2, 14, 19, 10, 9, 11, 4, 20, 13, 3, 15, 1, 18, 8, 17, 5, 12, 7, 6, 16, 2, 14, 19, 10, 9, 11, 4, 20, 13, 3, 15, 1, 18, 8, 5, 17, 12, 7, 6, 16, 2, 14, 19, 10, 9, 11, 4, 20, 13, 3, 1, 15, 18, 8, 5, 17, 12, 7, 6, 16, 2, 14, 19, 10, 11, 9, 4, 20, 13, 3, 1, 15, 18, 8, 5, 17, 12, 7, 6]
bestever    1461    in generation 24647
[16, 2, 14, 19, 11, 10, 9, 3, 20, 4, 13, 15, 1, 18, 5, 8, 12, 17, 7, 6, 16, 2, 14, 19, 11, 10, 9, 3, 20, 4, 13, 15, 1, 18, 5, 8, 12, 17, 7, 6, 16, 2, 14, 19, 11, 10, 9, 3, 20, 4, 13, 15, 1, 18, 5, 8, 12, 17, 7, 6, 16, 2, 14, 19, 11, 10, 9, 3, 20, 4, 13, 15, 1, 18, 8, 5, 12, 17, 7, 6, 16, 2, 14, 19, 10, 9, 11, 3, 20, 4, 13, 15, 1, 18, 8, 5, 12, 17, 7, 6, 16, 2, 14, 19, 10, 9, 11, 3, 20, 4, 13, 15, 1, 18, 8, 5, 17, 12, 7, 6, 16, 2, 14, 19, 10, 9, 3, 11, 20, 4, 13, 15, 1, 18, 8, 5, 17, 12, 16, 2, 14, 19, 10, 9, 3, 11, 20, 7, 6, 4, 13, 15, 1, 18, 8, 5, 17, 12, 7, 6, 14, 16, 2, 19, 10, 9, 3, 11, 20, 4, 13, 1, 15, 18, 8, 5, 17, 12, 7, 6, 16, 2, 19, 10, 9, 3, 11, 14, 4, 20, 13, 1, 15, 18, 8, 5, 17, 12, 7, 6]
bestever    1459    in generation 33270
[16, 2, 14, 19, 10, 11, 9, 3, 4, 20, 13, 15, 1, 18, 5, 8, 12, 17, 7, 6, 16, 2, 14, 19, 11, 10, 9, 3, 4, 20, 13, 15, 1, 18, 5, 8, 12, 17, 7, 6, 16, 2, 14, 19, 11, 10, 9, 3, 4, 20, 13, 15, 1, 18, 5, 8, 12, 17, 7, 6, 16, 2, 14, 19, 11, 10, 9, 3, 4, 20, 13, 15, 1, 18, 5, 8, 12, 16, 2, 14, 19, 10, 9, 11, 3, 20, 4, 13, 15, 1, 18, 5, 17, 8, 12, 7, 6, 17, 7, 6, 16, 2, 14, 19, 10, 9, 3, 11, 4, 20, 13, 15, 1, 18, 8, 5, 17, 12, 7, 6, 16, 2, 14, 19, 10, 9, 3, 11, 4, 20, 13, 15, 1, 18, 8, 5, 17, 12, 7, 6, 16, 2, 14, 19, 10, 9, 3, 11, 4, 20, 13, 15, 1, 18, 8, 5, 17, 12, 7, 6, 16, 2, 14, 19, 10, 9, 11, 3, 4, 20, 13, 15, 1, 18, 5, 17, 8, 12, 7, 6, 16, 2, 14, 19, 9, 10, 4, 3, 11, 20, 13, 15, 1, 18, 5, 17, 8, 12, 7, 6]
