bestever    4476    in generation 0
[12, 4, 10, 4, 14, 16, 5, 3, 18, 15, 17, 3, 18, 17, 8, 12, 13, 16, 3, 8, 5, 12, 9, 20, 4, 8, 7, 6, 4, 17, 5, 8, 19, 18, 1, 3, 19, 3, 2, 13, 12, 17, 9, 19, 13, 12, 6, 6, 6, 10, 7, 17, 5, 4, 15, 18, 10, 20, 12, 13, 9, 6, 19, 16, 6, 19, 3, 6, 1, 3, 10, 12, 2, 15, 6, 7, 13, 7, 14, 11, 2, 12, 1, 17, 12, 3, 13, 3, 10, 4, 14, 9, 14, 15, 8, 18, 16, 18, 4, 1, 4, 17, 12, 6, 19, 8, 13, 1, 14, 6, 7, 13, 8, 17, 20, 6, 10, 11, 19, 13, 11, 14, 11, 17, 2, 10, 15, 17, 14, 16, 13, 7, 19, 7, 20, 5, 3, 3, 14, 15, 3, 16, 6, 2, 2, 14, 14, 8, 18, 1, 9, 10, 6, 10, 16, 10, 20, 20, 7, 4, 18, 8, 19, 17, 12, 8, 5, 16, 5, 1, 5, 12, 11, 13, 13, 2, 17, 13, 18, 15, 15, 7, 15, 7, 20, 18, 7, 19, 5, 9, 3, 9, 18, 1, 15, 18, 20, 12, 16, 15, 2, 12, 20, 20, 9, 18, 16, 16, 19, 4, 7, 19, 10, 7, 11, 11, 15, 17, 8, 5, 3, 11, 15, 10, 6, 20, 8, 9, 16, 7, 1, 18, 2, 1, 1, 19, 5, 14, 10, 13, 19, 18, 19, 2, 12, 8, 9, 15, 17, 14, 8, 7, 20, 5, 17, 5, 14, 15, 2, 16, 4, 1, 16, 4, 8, 11, 1, 1, 9, 11, 5, 4, 13, 2, 20, 2, 10, 11, 4, 11, 11, 16, 4, 9, 2, 1, 11, 11, 10, 2, 9, 14, 9, 3, 6, 14, 5, 20, 9, 20]
bestever    4234    in generation 3
[3, 15, 17, 17, 8, 7, 7, 11, 12, 15, 5, 13, 16, 3, 8, 20, 19, 10, 15, 18, 14, 17, 11, 20, 15, 12, 7, 13, 16, 18, 13, 16, 8, 4, 11, 6, 13, 4, 12, 8, 19, 12, 10, 8, 16, 16, 18, 19, 17, 13, 13, 18, 14, 16, 17, 15, 10, 10, 1, 1, 9, 18, 3, 15, 17, 16, 10, 5, 3, 10, 16, 8, 7, 10, 19, 2, 17, 8, 7, 16, 1, 12, 13, 5, 18, 9, 7, 19, 2, 4, 2, 7, 9, 15, 15, 12, 18, 15, 17, 1, 5, 17, 5, 13, 2, 19, 20, 19, 18, 19, 17, 16, 1, 7, 18, 4, 16, 13, 20, 13, 9, 9, 4, 9, 9, 16, 4, 20, 16, 15, 15, 8, 2, 1, 1, 6, 4, 13, 5, 8, 14, 2, 4, 9, 20, 7, 5, 6, 4, 5, 9, 18, 20, 20, 3, 7, 6, 8, 1, 7, 3, 2, 12, 14, 12, 15, 8, 4, 20, 6, 2, 1, 15, 2, 18, 3, 8, 20, 18, 16, 6, 15, 18, 17, 19, 1, 18, 1, 2, 4, 12, 17, 6, 9, 6, 14, 14, 14, 7, 6, 8, 3, 11, 11, 5, 4, 1, 14, 9, 4, 14, 5, 12, 13, 10, 1, 4, 12, 7, 3, 3, 16, 9, 15, 4, 7, 12, 7, 17, 3, 5, 19, 11, 11, 19, 11, 11, 3, 11, 19, 14, 14, 9, 11, 10, 2, 10, 19, 2, 9, 10, 12, 6, 3, 14, 10, 2, 5, 13, 19, 8, 3, 1, 20, 13, 6, 12, 17, 6, 13, 3, 11, 5, 18, 9, 11, 6, 14, 8, 20, 11, 10, 14, 19, 17, 14, 1, 11, 20, 2, 2, 6, 10, 6, 5, 20, 20, 12, 10, 5]
bestever    4211    in generation 5
[12, 4, 10, 4, 14, 16, 5, 3, 18, 15, 17, 3, 18, 17, 8, 12, 13, 16, 3, 8, 5, 12, 9, 20, 4, 8, 7, 6, 4, 17, 5, 8, 19, 18, 1, 3, 19, 3, 2, 13, 12, 17, 9, 19, 13, 12, 6, 6, 6, 10, 7, 17, 5, 4, 15, 18, 10, 20, 12, 13, 9, 6, 19, 16, 6, 19, 3, 6, 1, 3, 10, 12, 2, 15, 6, 7, 13, 7, 14, 11, 2, 12, 1, 17, 12, 3, 13, 3, 10, 4, 14, 9, 14, 15, 8, 18, 16, 18, 4, 1, 4, 14, 12, 6, 19, 8, 13, 1, 14, 6, 7, 13, 8, 17, 20, 6, 10, 11, 19, 13, 11, 14, 11, 17, 2, 10, 15, 17, 14, 16, 13, 7, 19, 7, 20, 5, 3, 3, 15, 16, 6, 2, 17, 8, 18, 1, 9, 10, 6, 10, 16, 10, 20, 20, 7, 18, 8, 19, 17, 12, 8, 5, 16, 5, 1, 5, 12, 13, 13, 17, 13, 18, 15, 15, 7, 15, 7, 20, 18, 7, 19, 5, 9, 9, 18, 1, 15, 18, 20, 12, 16, 15, 20, 20, 18, 16, 16, 19, 7, 19, 10, 7, 15, 17, 8, 5, 15, 10, 6, 20, 8, 16, 7, 18, 2, 19, 5, 10, 13, 19, 18, 19, 2, 8, 15, 17, 14, 8, 7, 20, 5, 17, 5, 14, 15, 2, 16, 16, 4, 8, 1, 1, 9, 11, 5, 11, 3, 12, 3, 12, 9, 9, 1, 2, 11, 2, 1, 4, 9, 4, 1, 4, 1, 11, 11, 14, 11, 2, 14, 14, 3, 4, 13, 2, 20, 2, 10, 11, 4, 11, 11, 16, 4, 9, 2, 1, 11, 11, 10, 2, 9, 14, 9, 3, 6, 14, 5, 20, 9, 20]
bestever    4198    in generation 6
[4, 10, 4, 14, 16, 5, 3, 18, 15, 17, 3, 18, 17, 8, 12, 13, 16, 3, 8, 5, 12, 9, 20, 4, 8, 7, 6, 4, 17, 5, 8, 19, 18, 1, 3, 19, 3, 2, 13, 12, 17, 9, 19, 13, 12, 6, 6, 6, 10, 7, 17, 5, 4, 15, 18, 10, 20, 12, 13, 6, 19, 16, 6, 19, 3, 6, 1, 3, 10, 12, 15, 6, 7, 13, 14, 2, 12, 1, 17, 12, 3, 13, 3, 10, 4, 14, 14, 15, 8, 18, 16, 18, 4, 1, 4, 14, 12, 6, 19, 8, 13, 14, 6, 7, 13, 8, 17, 20, 6, 10, 11, 19, 13, 11, 14, 11, 17, 2, 10, 17, 14, 16, 13, 7, 19, 7, 20, 5, 3, 3, 14, 15, 3, 16, 2, 2, 14, 17, 18, 9, 10, 6, 10, 16, 20, 20, 7, 4, 18, 19, 12, 16, 5, 12, 11, 13, 13, 2, 17, 18, 15, 15, 7, 15, 7, 15, 7, 18, 7, 19, 5, 9, 3, 9, 18, 1, 18, 20, 12, 2, 20, 20, 9, 16, 16, 19, 4, 7, 11, 11, 15, 17, 8, 5, 3, 11, 15, 10, 6, 20, 8, 9, 16, 7, 1, 2, 1, 1, 5, 14, 10, 13, 11, 15, 17, 8, 5, 11, 15, 10, 6, 20, 8, 9, 16, 7, 1, 18, 1, 1, 19, 5, 10, 13, 19, 18, 19, 2, 12, 8, 9, 18, 19, 2, 12, 8, 9, 15, 17, 14, 8, 7, 20, 5, 17, 5, 14, 15, 2, 16, 4, 1, 16, 4, 8, 11, 1, 1, 9, 11, 5, 4, 13, 2, 20, 2, 10, 11, 4, 11, 11, 16, 4, 9, 2, 1, 11, 10, 2, 9, 14, 9, 3, 6, 14, 5, 20, 9, 20, 12]
bestever    4024    in generation 12
[4, 10, 4, 14, 16, 5, 3, 18, 15, 17, 3, 18, 17, 8, 12, 13, 16, 3, 8, 5, 12, 20, 4, 8, 7, 6, 4, 17, 5, 8, 19, 18, 1, 3, 19, 3, 2, 13, 12, 17, 9, 19, 13, 12, 6, 6, 6, 10, 7, 17, 5, 4, 15, 18, 10, 20, 12, 13, 6, 19, 16, 6, 19, 3, 6, 1, 3, 10, 12, 15, 6, 7, 13, 14, 2, 12, 1, 17, 12, 3, 13, 3, 10, 4, 14, 14, 15, 8, 18, 16, 18, 4, 1, 4, 14, 12, 6, 19, 13, 14, 6, 7, 13, 17, 20, 6, 10, 11, 19, 13, 14, 17, 2, 10, 17, 14, 16, 13, 7, 19, 7, 20, 5, 3, 3, 14, 15, 3, 16, 2, 2, 14, 17, 18, 9, 10, 6, 10, 16, 20, 20, 7, 4, 18, 19, 12, 16, 12, 11, 13, 2, 18, 15, 15, 7, 15, 7, 15, 7, 18, 7, 9, 3, 9, 18, 12, 2, 20, 20, 9, 16, 4, 7, 11, 11, 17, 8, 5, 3, 11, 20, 8, 9, 16, 2, 1, 5, 14, 11, 15, 17, 8, 5, 11, 15, 10, 6, 20, 8, 9, 16, 7, 1, 1, 1, 19, 5, 10, 13, 19, 18, 13, 11, 15, 17, 8, 5, 11, 15, 10, 6, 20, 8, 9, 16, 7, 1, 18, 1, 1, 19, 5, 10, 13, 19, 18, 19, 2, 12, 8, 9, 18, 19, 2, 12, 8, 9, 15, 17, 14, 8, 7, 20, 5, 17, 5, 14, 15, 2, 16, 4, 1, 16, 4, 8, 11, 1, 1, 9, 11, 5, 4, 13, 2, 20, 2, 10, 11, 4, 11, 11, 16, 4, 9, 2, 1, 11, 10, 2, 9, 14, 9, 3, 6, 14, 5, 20, 9, 20, 12]
bestever    3884    in generation 13
[18, 15, 17, 3, 18, 17, 8, 12, 13, 16, 3, 12, 20, 7, 6, 17, 19, 18, 1, 3, 19, 3, 13, 12, 17, 19, 13, 12, 6, 6, 6, 10, 7, 17, 15, 18, 10, 12, 13, 6, 19, 16, 6, 19, 3, 6, 3, 10, 12, 15, 6, 7, 13, 14, 12, 17, 12, 3, 13, 3, 10, 4, 14, 14, 15, 18, 18, 4, 4, 14, 12, 6, 19, 13, 6, 7, 13, 17, 6, 10, 19, 13, 13, 7, 19, 7, 3, 3, 15, 3, 14, 18, 7, 4, 18, 12, 15, 7, 7, 9, 2, 9, 4, 17, 11, 10, 20, 9, 2, 5, 14, 11, 17, 5, 11, 6, 20, 8, 9, 16, 18, 11, 6, 20, 8, 9, 16, 2, 1, 5, 14, 10, 13, 11, 17, 8, 5, 11, 15, 10, 6, 20, 8, 9, 16, 7, 1, 18, 1, 1, 5, 10, 13, 18, 19, 2, 12, 8, 3, 9, 20, 12, 2, 20, 20, 9, 16, 16, 19, 4, 7, 11, 11, 15, 8, 5, 3, 11, 15, 20, 8, 9, 16, 7, 2, 1, 1, 5, 14, 10, 13, 11, 15, 17, 5, 11, 15, 10, 20, 8, 9, 16, 7, 1, 18, 1, 1, 19, 5, 10, 13, 19, 18, 19, 2, 12, 8, 9, 18, 19, 2, 8, 9, 15, 17, 14, 8, 7, 20, 5, 17, 5, 14, 15, 2, 16, 4, 1, 16, 4, 9, 18, 19, 2, 12, 8, 9, 15, 17, 14, 8, 7, 20, 5, 17, 5, 14, 15, 2, 16, 4, 1, 16, 4, 8, 11, 1, 1, 9, 11, 5, 4, 13, 2, 20, 2, 10, 11, 4, 11, 16, 4, 2, 1, 10, 2, 14, 3, 6, 14, 5, 20, 20, 12, 4, 10, 4, 14, 16, 3]
bestever    3838    in generation 18
[18, 15, 17, 3, 18, 17, 8, 12, 13, 16, 3, 12, 20, 7, 6, 17, 19, 18, 1, 3, 19, 3, 13, 12, 17, 19, 13, 12, 6, 6, 6, 10, 7, 17, 15, 18, 10, 12, 13, 6, 19, 16, 6, 19, 3, 6, 3, 10, 12, 15, 6, 7, 13, 14, 12, 17, 12, 3, 13, 3, 10, 14, 14, 15, 18, 18, 4, 14, 12, 6, 19, 13, 6, 7, 13, 17, 6, 10, 19, 13, 13, 7, 19, 7, 3, 3, 15, 3, 14, 18, 7, 4, 18, 12, 15, 7, 7, 9, 2, 9, 4, 17, 11, 10, 20, 9, 2, 5, 14, 11, 17, 5, 11, 6, 20, 8, 9, 16, 18, 11, 6, 20, 8, 9, 16, 2, 1, 5, 10, 13, 11, 17, 8, 5, 11, 15, 10, 6, 20, 8, 9, 16, 7, 1, 18, 1, 1, 5, 10, 13, 18, 19, 2, 12, 8, 3, 20, 12, 2, 20, 16, 16, 19, 4, 7, 11, 11, 15, 8, 5, 3, 11, 15, 8, 7, 1, 5, 10, 13, 11, 15, 17, 11, 15, 10, 20, 8, 9, 7, 1, 18, 1, 1, 19, 10, 13, 19, 18, 19, 9, 18, 19, 9, 20, 4, 1, 16, 4, 9, 2, 12, 9, 14, 8, 20, 5, 5, 14, 2, 16, 2, 8, 9, 15, 17, 14, 8, 7, 20, 5, 17, 5, 14, 15, 2, 16, 4, 1, 16, 4, 9, 18, 19, 2, 12, 8, 9, 15, 17, 14, 8, 7, 20, 5, 17, 5, 14, 15, 2, 16, 4, 1, 16, 4, 8, 11, 1, 1, 9, 11, 5, 4, 13, 2, 20, 2, 10, 11, 4, 11, 16, 4, 2, 1, 10, 2, 14, 3, 6, 14, 5, 20, 20, 12, 4, 10, 4, 14, 16, 3]
bestever    3788    in generation 22
[18, 15, 17, 3, 18, 17, 8, 12, 13, 16, 3, 12, 20, 7, 6, 17, 19, 18, 1, 3, 19, 3, 13, 12, 17, 19, 13, 12, 6, 6, 6, 10, 7, 17, 15, 18, 10, 12, 13, 6, 19, 16, 6, 3, 6, 3, 10, 15, 6, 7, 13, 14, 12, 17, 12, 3, 13, 3, 10, 14, 14, 15, 18, 18, 4, 14, 12, 6, 19, 13, 6, 7, 13, 17, 6, 10, 19, 13, 7, 19, 7, 3, 3, 15, 3, 14, 7, 4, 18, 12, 15, 7, 7, 9, 2, 9, 4, 17, 11, 10, 20, 9, 2, 5, 14, 11, 17, 5, 11, 6, 20, 8, 9, 16, 18, 11, 6, 20, 8, 9, 16, 2, 1, 5, 10, 13, 11, 17, 8, 5, 11, 15, 10, 6, 20, 8, 9, 16, 7, 1, 18, 1, 1, 5, 10, 13, 18, 19, 2, 12, 8, 13, 18, 19, 12, 3, 20, 12, 2, 20, 16, 16, 19, 4, 7, 11, 11, 15, 8, 5, 3, 11, 15, 8, 7, 1, 5, 10, 13, 11, 15, 17, 11, 15, 10, 20, 8, 9, 7, 1, 18, 1, 1, 19, 10, 13, 19, 18, 19, 9, 18, 19, 9, 20, 4, 1, 16, 4, 9, 2, 12, 9, 14, 8, 20, 5, 5, 14, 2, 16, 2, 8, 9, 15, 17, 14, 8, 7, 20, 5, 17, 5, 14, 15, 2, 16, 4, 1, 16, 4, 9, 18, 19, 2, 12, 8, 9, 15, 17, 14, 8, 7, 20, 5, 17, 5, 14, 15, 2, 16, 4, 1, 16, 4, 8, 11, 1, 1, 9, 11, 5, 4, 13, 2, 20, 2, 10, 11, 4, 11, 16, 4, 2, 1, 10, 2, 14, 3, 6, 14, 5, 20, 20, 12, 4, 10, 4, 14, 16, 3]
bestever    3629    in generation 34
[8, 15, 8, 5, 2, 4, 1, 4, 1, 11, 5, 4, 2, 20, 2, 9, 4, 17, 11, 10, 20, 9, 2, 5, 11, 17, 5, 11, 6, 20, 8, 9, 16, 11, 6, 20, 8, 9, 16, 2, 1, 5, 10, 13, 11, 17, 8, 5, 11, 15, 10, 6, 20, 8, 9, 16, 1, 18, 1, 1, 5, 10, 13, 18, 2, 8, 18, 19, 20, 2, 20, 16, 16, 15, 15, 4, 2, 20, 9, 4, 10, 20, 9, 5, 5, 6, 9, 1, 5, 10, 1, 4, 4, 4, 18, 1, 5, 2, 16, 1, 11, 4, 11, 15, 15, 13, 10, 13, 18, 19, 2, 12, 8, 13, 18, 11, 6, 20, 8, 9, 16, 2, 1, 5, 10, 13, 11, 17, 8, 5, 11, 15, 10, 6, 20, 8, 9, 16, 7, 1, 18, 1, 1, 5, 10, 13, 18, 19, 2, 12, 8, 13, 18, 19, 12, 3, 20, 12, 2, 20, 16, 16, 19, 19, 16, 14, 16, 15, 15, 14, 14, 3, 6, 14, 12, 14, 3, 17, 17, 17, 7, 3, 3, 3, 1, 7, 6, 6, 10, 10, 6, 7, 3, 3, 18, 12, 13, 13, 3, 3, 3, 12, 9, 17, 9, 11, 6, 20, 8, 11, 6, 8, 13, 6, 12, 12, 3, 12, 3, 7, 7, 18, 10, 13, 19, 19, 4, 12, 14, 14, 17, 14, 7, 15, 8, 13, 7, 13, 18, 19, 19, 7, 11, 3, 15, 6, 6, 7, 19, 10, 19, 9, 15, 7, 17, 9, 12, 9, 17, 3, 10, 13, 18, 18, 12, 20, 14, 17, 14, 7, 17, 18, 12, 19, 7, 17, 14, 19, 12, 15, 14, 7, 14, 16, 16, 4, 5, 4, 17, 14, 19, 15, 14, 7, 16, 15, 2, 4, 4, 2]
bestever    3503    in generation 36
[8, 15, 8, 5, 2, 4, 1, 4, 1, 11, 5, 4, 2, 20, 2, 9, 4, 17, 11, 10, 20, 9, 2, 5, 11, 17, 5, 11, 6, 20, 8, 9, 16, 11, 6, 20, 8, 9, 16, 2, 1, 5, 10, 13, 11, 17, 8, 5, 11, 15, 10, 6, 20, 8, 9, 16, 1, 18, 1, 1, 5, 10, 13, 18, 2, 8, 18, 19, 20, 2, 20, 16, 16, 15, 15, 4, 2, 20, 9, 4, 10, 20, 9, 5, 5, 6, 9, 1, 5, 10, 1, 4, 4, 18, 1, 5, 2, 16, 1, 11, 4, 11, 15, 13, 10, 13, 18, 19, 2, 12, 8, 13, 18, 11, 6, 20, 8, 9, 16, 2, 1, 5, 10, 13, 11, 8, 5, 10, 6, 20, 8, 9, 16, 1, 18, 1, 1, 5, 10, 13, 19, 2, 12, 8, 13, 19, 12, 3, 20, 2, 16, 16, 16, 16, 15, 15, 3, 6, 14, 14, 3, 17, 17, 17, 3, 3, 3, 1, 6, 6, 10, 6, 3, 3, 18, 3, 3, 17, 9, 20, 11, 12, 12, 12, 18, 4, 12, 14, 14, 17, 14, 7, 15, 13, 7, 13, 18, 7, 11, 3, 15, 7, 19, 10, 19, 9, 6, 20, 8, 11, 6, 8, 13, 6, 12, 12, 3, 12, 3, 7, 7, 18, 10, 13, 19, 19, 4, 12, 14, 14, 17, 14, 7, 15, 8, 13, 7, 13, 18, 19, 19, 7, 11, 3, 15, 6, 6, 7, 19, 10, 19, 9, 15, 7, 17, 9, 12, 9, 17, 3, 10, 13, 18, 18, 12, 20, 14, 17, 14, 7, 17, 18, 12, 19, 7, 17, 14, 19, 12, 15, 14, 7, 14, 16, 16, 4, 5, 4, 17, 14, 19, 15, 14, 7, 16, 15, 2, 4, 4, 2]
bestever    3421    in generation 46
[4, 2, 4, 9, 2, 5, 1, 4, 1, 11, 5, 4, 2, 20, 2, 9, 4, 17, 11, 10, 20, 9, 2, 5, 11, 17, 5, 11, 6, 20, 8, 9, 16, 11, 6, 20, 8, 9, 16, 2, 1, 5, 10, 13, 11, 17, 8, 5, 11, 15, 10, 6, 20, 8, 9, 16, 1, 18, 1, 1, 5, 10, 13, 18, 2, 8, 18, 19, 20, 2, 20, 16, 16, 15, 15, 4, 2, 20, 9, 4, 10, 20, 9, 5, 5, 6, 9, 1, 5, 10, 1, 4, 4, 18, 1, 5, 2, 16, 1, 11, 4, 11, 15, 13, 10, 13, 18, 19, 2, 12, 8, 13, 18, 11, 6, 20, 8, 9, 16, 2, 1, 5, 10, 13, 11, 8, 5, 10, 6, 20, 8, 9, 16, 1, 18, 1, 1, 5, 10, 13, 19, 2, 12, 8, 13, 19, 12, 3, 20, 2, 16, 16, 16, 16, 15, 15, 3, 6, 14, 14, 3, 17, 17, 17, 3, 3, 3, 1, 6, 6, 10, 6, 3, 3, 18, 3, 3, 17, 9, 20, 11, 12, 12, 12, 18, 4, 12, 14, 14, 17, 14, 7, 15, 13, 7, 13, 18, 7, 11, 3, 15, 7, 19, 10, 19, 9, 6, 20, 8, 11, 6, 8, 13, 6, 12, 12, 3, 12, 3, 7, 7, 18, 10, 13, 19, 19, 4, 12, 14, 14, 17, 14, 7, 15, 8, 13, 7, 13, 18, 19, 19, 7, 11, 3, 15, 6, 6, 7, 19, 10, 19, 8, 8, 2, 5, 15, 4, 4, 20, 9, 16, 9, 16, 10, 16, 13, 7, 3, 18, 18, 7, 17, 18, 12, 14, 17, 14, 12, 7, 17, 14, 19, 12, 14, 7, 14, 17, 14, 19, 14, 7, 17, 12, 15, 17, 19, 15, 15, 15, 4]
bestever    3367    in generation 54
[4, 2, 4, 9, 2, 5, 1, 4, 1, 11, 5, 4, 2, 20, 2, 9, 4, 17, 11, 10, 20, 9, 2, 5, 11, 17, 5, 11, 6, 20, 8, 9, 16, 11, 6, 20, 8, 9, 16, 2, 1, 5, 10, 13, 11, 17, 8, 5, 11, 15, 10, 6, 20, 8, 9, 16, 1, 18, 1, 1, 5, 10, 13, 18, 2, 8, 18, 19, 20, 2, 20, 16, 16, 15, 15, 4, 2, 20, 9, 4, 10, 20, 9, 5, 5, 6, 9, 1, 5, 10, 1, 4, 4, 18, 1, 5, 2, 16, 1, 11, 4, 11, 15, 13, 10, 13, 18, 19, 2, 12, 8, 13, 18, 11, 6, 20, 8, 9, 16, 2, 1, 5, 10, 13, 11, 8, 5, 10, 6, 20, 8, 9, 16, 1, 18, 1, 1, 5, 10, 13, 19, 2, 12, 8, 13, 19, 12, 3, 20, 2, 16, 16, 16, 16, 15, 15, 3, 6, 14, 14, 3, 17, 17, 17, 3, 3, 3, 1, 6, 6, 10, 6, 3, 3, 18, 19, 3, 17, 9, 20, 11, 12, 12, 12, 18, 4, 12, 14, 14, 17, 14, 7, 15, 13, 7, 13, 18, 7, 11, 3, 15, 7, 19, 10, 19, 9, 6, 20, 8, 11, 6, 8, 13, 6, 12, 12, 3, 12, 3, 7, 7, 18, 10, 13, 19, 19, 4, 12, 14, 14, 17, 14, 7, 15, 8, 13, 7, 13, 18, 19, 19, 7, 11, 3, 15, 6, 6, 7, 19, 10, 19, 8, 8, 2, 5, 15, 4, 4, 20, 9, 16, 9, 16, 10, 16, 13, 7, 3, 18, 18, 7, 17, 18, 12, 14, 17, 14, 12, 7, 17, 14, 3, 12, 14, 7, 14, 17, 14, 19, 14, 7, 17, 12, 15, 17, 19, 15, 15, 15, 4]
bestever    3325    in generation 69
[4, 2, 4, 9, 2, 5, 1, 4, 1, 11, 5, 4, 2, 20, 2, 9, 4, 17, 11, 10, 20, 9, 2, 5, 11, 17, 5, 11, 6, 20, 8, 9, 16, 11, 6, 20, 8, 9, 16, 2, 1, 5, 10, 13, 11, 17, 8, 5, 11, 15, 10, 6, 20, 8, 9, 16, 1, 18, 1, 1, 5, 10, 13, 18, 2, 8, 18, 19, 20, 2, 20, 16, 16, 15, 15, 4, 2, 20, 9, 4, 10, 20, 9, 5, 5, 6, 9, 1, 5, 10, 1, 4, 4, 18, 1, 5, 2, 16, 1, 11, 4, 11, 15, 13, 10, 13, 18, 19, 2, 12, 8, 13, 18, 11, 6, 20, 8, 9, 16, 2, 1, 5, 10, 13, 11, 8, 5, 10, 6, 20, 8, 9, 16, 1, 18, 1, 1, 5, 10, 13, 19, 2, 12, 8, 13, 19, 12, 3, 20, 2, 16, 16, 16, 16, 15, 3, 6, 14, 14, 3, 17, 17, 17, 3, 3, 3, 1, 6, 6, 10, 6, 3, 3, 18, 19, 3, 17, 9, 20, 11, 12, 12, 12, 18, 4, 12, 14, 14, 17, 14, 7, 13, 7, 13, 18, 7, 11, 3, 15, 19, 10, 19, 9, 6, 20, 8, 11, 6, 8, 13, 6, 12, 12, 12, 3, 7, 18, 13, 4, 12, 14, 14, 17, 14, 7, 15, 8, 13, 7, 13, 18, 7, 3, 15, 7, 19, 10, 19, 15, 19, 19, 7, 11, 3, 15, 6, 6, 7, 19, 10, 19, 8, 8, 2, 5, 15, 4, 4, 20, 9, 16, 9, 16, 10, 16, 13, 7, 3, 18, 18, 7, 17, 18, 12, 14, 17, 14, 12, 7, 17, 14, 3, 12, 14, 7, 14, 17, 14, 19, 14, 7, 17, 12, 15, 17, 19, 15, 15, 15, 4]
bestever    3275    in generation 73
[4, 2, 4, 9, 2, 5, 1, 4, 1, 11, 5, 4, 2, 20, 2, 9, 4, 17, 11, 10, 20, 9, 2, 5, 11, 17, 5, 11, 6, 20, 8, 9, 16, 11, 6, 20, 8, 9, 16, 2, 1, 5, 10, 13, 11, 17, 8, 5, 11, 15, 10, 6, 20, 8, 9, 16, 1, 18, 1, 1, 5, 10, 13, 18, 2, 8, 18, 19, 20, 2, 20, 16, 16, 15, 15, 4, 2, 20, 9, 4, 10, 20, 9, 5, 5, 6, 9, 1, 5, 10, 1, 4, 4, 18, 1, 5, 2, 16, 1, 11, 4, 11, 15, 13, 10, 13, 18, 19, 2, 12, 8, 13, 18, 11, 6, 20, 8, 9, 16, 2, 1, 5, 10, 13, 11, 8, 5, 10, 6, 20, 8, 9, 16, 1, 18, 1, 1, 5, 10, 13, 19, 2, 12, 8, 13, 19, 12, 3, 20, 2, 16, 16, 16, 16, 15, 3, 6, 14, 14, 3, 17, 17, 17, 3, 3, 3, 1, 6, 6, 10, 6, 3, 3, 18, 19, 3, 17, 9, 20, 11, 12, 12, 12, 18, 4, 12, 14, 14, 14, 7, 13, 7, 13, 18, 7, 11, 3, 15, 19, 10, 19, 9, 6, 20, 8, 11, 6, 8, 13, 6, 12, 12, 12, 3, 7, 18, 13, 4, 14, 14, 14, 7, 15, 8, 13, 7, 13, 18, 7, 3, 15, 7, 19, 10, 19, 15, 19, 19, 7, 11, 3, 15, 6, 6, 7, 19, 10, 8, 8, 2, 5, 15, 4, 4, 20, 9, 16, 9, 16, 10, 16, 13, 3, 18, 17, 12, 7, 17, 19, 18, 7, 17, 18, 12, 14, 17, 14, 12, 7, 17, 14, 3, 12, 14, 7, 14, 17, 14, 19, 14, 7, 17, 12, 15, 17, 19, 15, 15, 15, 4]
bestever    3249    in generation 86
[4, 2, 4, 9, 2, 5, 1, 4, 1, 11, 5, 4, 2, 20, 2, 9, 4, 17, 11, 10, 20, 9, 2, 5, 11, 17, 5, 11, 6, 20, 8, 9, 16, 11, 6, 20, 8, 9, 16, 2, 1, 5, 10, 13, 11, 17, 8, 5, 11, 15, 10, 6, 20, 8, 9, 16, 1, 18, 1, 1, 5, 10, 13, 18, 2, 8, 18, 19, 20, 2, 20, 16, 13, 15, 15, 4, 2, 20, 9, 4, 10, 20, 9, 5, 5, 6, 9, 1, 5, 10, 1, 4, 4, 18, 1, 5, 2, 16, 1, 11, 4, 11, 15, 13, 10, 13, 18, 19, 2, 12, 8, 13, 18, 11, 6, 20, 8, 9, 16, 2, 1, 5, 10, 13, 11, 8, 5, 10, 6, 20, 8, 9, 16, 1, 18, 1, 1, 5, 10, 13, 19, 2, 12, 8, 13, 19, 12, 3, 20, 2, 16, 16, 16, 16, 15, 3, 6, 14, 14, 3, 17, 17, 17, 3, 3, 3, 1, 6, 6, 10, 6, 3, 3, 18, 19, 3, 17, 9, 20, 11, 12, 12, 12, 18, 4, 12, 14, 14, 14, 7, 13, 7, 16, 18, 7, 11, 3, 15, 19, 10, 19, 9, 6, 20, 8, 11, 6, 8, 13, 6, 12, 12, 12, 3, 7, 18, 13, 4, 14, 14, 14, 7, 15, 8, 13, 7, 13, 18, 7, 3, 15, 7, 19, 10, 19, 15, 19, 19, 7, 11, 3, 15, 6, 6, 7, 19, 10, 8, 8, 2, 5, 15, 4, 4, 20, 9, 16, 9, 16, 10, 16, 13, 3, 18, 17, 12, 7, 17, 19, 18, 7, 17, 18, 12, 14, 17, 14, 12, 7, 17, 14, 3, 12, 14, 7, 14, 17, 14, 19, 14, 7, 17, 12, 15, 17, 19, 15, 15, 15, 4]
bestever    3190    in generation 89
[4, 2, 4, 9, 2, 5, 1, 4, 1, 11, 5, 4, 2, 20, 2, 9, 4, 17, 11, 10, 20, 9, 2, 5, 11, 17, 5, 11, 6, 20, 8, 9, 16, 11, 6, 20, 8, 9, 16, 2, 1, 5, 10, 13, 11, 17, 8, 5, 11, 15, 10, 6, 20, 8, 9, 16, 1, 18, 1, 1, 5, 10, 13, 18, 2, 8, 18, 19, 20, 2, 20, 16, 13, 15, 15, 4, 2, 20, 9, 4, 10, 20, 9, 5, 5, 6, 9, 1, 5, 10, 1, 4, 4, 18, 1, 5, 2, 16, 1, 11, 4, 11, 15, 13, 10, 13, 18, 19, 2, 12, 8, 13, 18, 11, 6, 20, 8, 9, 16, 2, 1, 5, 10, 13, 11, 8, 5, 10, 6, 20, 8, 9, 16, 1, 18, 1, 1, 5, 10, 13, 19, 2, 12, 8, 13, 19, 12, 3, 20, 2, 16, 16, 16, 16, 15, 3, 6, 14, 3, 17, 17, 17, 3, 3, 3, 1, 6, 6, 10, 6, 3, 3, 18, 19, 3, 9, 20, 11, 12, 12, 12, 18, 12, 7, 13, 7, 16, 18, 7, 11, 3, 15, 19, 10, 19, 9, 6, 20, 8, 11, 6, 8, 13, 6, 3, 7, 18, 13, 14, 14, 7, 8, 13, 7, 13, 18, 7, 3, 15, 7, 19, 10, 19, 15, 19, 19, 7, 11, 3, 15, 6, 6, 7, 19, 10, 8, 8, 2, 5, 15, 4, 4, 20, 9, 16, 16, 10, 3, 7, 19, 7, 18, 16, 14, 17, 17, 17, 17, 12, 4, 12, 14, 14, 14, 18, 15, 9, 12, 12, 12, 18, 13, 4, 14, 14, 17, 14, 12, 7, 17, 14, 3, 12, 14, 7, 14, 17, 14, 19, 14, 7, 17, 12, 15, 17, 19, 15, 15, 15, 4]
bestever    3185    in generation 115
[4, 2, 4, 9, 2, 5, 1, 4, 1, 11, 5, 4, 2, 20, 2, 9, 4, 17, 11, 10, 20, 9, 2, 5, 11, 17, 5, 11, 6, 20, 8, 9, 16, 11, 6, 20, 8, 9, 16, 2, 1, 5, 10, 13, 11, 8, 5, 11, 15, 10, 6, 20, 8, 9, 16, 1, 18, 1, 1, 5, 10, 13, 18, 2, 8, 18, 19, 20, 2, 20, 16, 13, 4, 2, 20, 9, 4, 10, 20, 9, 5, 6, 9, 1, 5, 10, 1, 4, 4, 18, 1, 5, 2, 16, 1, 11, 11, 13, 10, 13, 18, 19, 2, 12, 8, 13, 18, 6, 17, 11, 15, 15, 20, 8, 9, 16, 2, 1, 5, 10, 13, 11, 8, 5, 10, 6, 20, 8, 4, 15, 9, 16, 1, 18, 1, 1, 5, 10, 13, 19, 2, 12, 8, 13, 19, 12, 3, 20, 2, 16, 16, 16, 16, 15, 3, 6, 14, 3, 17, 17, 3, 3, 3, 1, 6, 6, 10, 6, 3, 3, 18, 19, 3, 9, 20, 11, 12, 12, 12, 18, 12, 7, 13, 7, 16, 18, 7, 11, 3, 15, 19, 10, 19, 9, 6, 20, 8, 11, 6, 8, 13, 6, 3, 7, 18, 13, 14, 14, 7, 8, 13, 7, 13, 18, 7, 3, 15, 7, 19, 10, 19, 15, 19, 7, 11, 3, 15, 6, 6, 7, 19, 10, 8, 8, 2, 5, 15, 4, 4, 20, 9, 16, 16, 10, 3, 17, 5, 19, 7, 19, 18, 16, 14, 17, 17, 17, 12, 4, 12, 14, 14, 14, 18, 15, 9, 12, 12, 18, 13, 4, 14, 17, 12, 14, 7, 14, 17, 12, 7, 17, 14, 3, 12, 14, 7, 14, 17, 14, 19, 14, 7, 17, 12, 15, 17, 19, 15, 15, 15, 4]
bestever    3167    in generation 120
[4, 2, 4, 9, 2, 5, 1, 4, 1, 11, 5, 4, 2, 20, 2, 9, 4, 17, 11, 10, 20, 9, 2, 5, 11, 17, 5, 11, 6, 20, 8, 9, 16, 11, 6, 20, 8, 9, 16, 2, 1, 5, 10, 13, 11, 8, 5, 11, 15, 10, 6, 20, 8, 9, 16, 1, 18, 1, 1, 5, 10, 13, 18, 2, 8, 18, 19, 20, 2, 20, 16, 13, 4, 2, 20, 9, 4, 10, 20, 9, 5, 6, 9, 1, 5, 10, 1, 4, 4, 18, 1, 5, 2, 16, 1, 11, 11, 13, 10, 13, 18, 19, 2, 12, 8, 13, 18, 6, 17, 11, 15, 15, 20, 8, 9, 16, 2, 1, 5, 10, 13, 11, 8, 5, 10, 6, 20, 8, 4, 15, 9, 16, 1, 18, 1, 1, 5, 10, 13, 19, 2, 12, 8, 13, 19, 12, 3, 20, 2, 16, 16, 16, 16, 15, 3, 6, 14, 3, 17, 17, 3, 3, 3, 1, 6, 6, 10, 6, 3, 3, 18, 19, 3, 9, 20, 11, 12, 12, 12, 18, 12, 7, 13, 7, 16, 18, 7, 11, 3, 15, 19, 10, 19, 9, 6, 20, 8, 11, 6, 8, 13, 6, 18, 13, 14, 14, 7, 8, 13, 7, 13, 18, 7, 3, 7, 3, 15, 7, 19, 10, 19, 15, 19, 7, 11, 3, 15, 6, 6, 7, 19, 10, 8, 8, 2, 5, 15, 4, 4, 20, 9, 16, 16, 10, 3, 17, 5, 19, 7, 19, 18, 16, 14, 17, 17, 17, 12, 4, 12, 14, 14, 14, 18, 15, 9, 12, 12, 18, 13, 4, 14, 17, 12, 14, 7, 14, 17, 12, 7, 17, 14, 3, 12, 14, 7, 14, 17, 14, 19, 14, 7, 17, 12, 15, 17, 19, 15, 15, 15, 4]
bestever    3138    in generation 124
[4, 2, 4, 9, 2, 5, 1, 4, 1, 11, 5, 4, 2, 20, 2, 9, 4, 17, 11, 10, 20, 9, 2, 5, 11, 17, 5, 11, 6, 20, 8, 9, 16, 11, 6, 20, 8, 9, 16, 2, 1, 5, 10, 13, 11, 8, 5, 11, 15, 10, 6, 20, 8, 9, 16, 1, 18, 1, 1, 5, 10, 13, 18, 2, 8, 18, 19, 20, 2, 20, 16, 13, 4, 2, 20, 9, 10, 20, 9, 5, 6, 9, 1, 5, 10, 1, 4, 18, 1, 5, 2, 16, 1, 11, 11, 13, 10, 13, 18, 19, 2, 12, 8, 13, 18, 6, 17, 11, 15, 15, 20, 8, 9, 16, 2, 1, 5, 10, 13, 11, 8, 5, 10, 6, 20, 8, 4, 15, 9, 16, 1, 18, 1, 1, 5, 10, 13, 19, 2, 12, 8, 13, 19, 12, 3, 20, 2, 16, 16, 16, 16, 15, 3, 6, 14, 3, 17, 3, 3, 3, 1, 6, 6, 10, 6, 3, 3, 18, 19, 3, 9, 20, 11, 12, 12, 12, 18, 12, 7, 13, 7, 16, 18, 7, 11, 3, 15, 19, 10, 19, 6, 20, 8, 11, 6, 8, 13, 6, 18, 13, 14, 14, 7, 8, 13, 7, 13, 18, 7, 3, 7, 3, 15, 7, 19, 10, 19, 19, 7, 11, 3, 15, 6, 6, 7, 19, 10, 8, 8, 2, 5, 15, 4, 4, 20, 9, 16, 16, 10, 5, 19, 7, 19, 18, 16, 12, 4, 15, 9, 4, 14, 14, 17, 17, 17, 12, 4, 18, 15, 9, 12, 12, 18, 13, 4, 17, 12, 17, 17, 14, 3, 14, 14, 14, 7, 14, 17, 12, 7, 17, 14, 3, 12, 14, 7, 14, 17, 14, 19, 14, 7, 17, 12, 15, 17, 19, 15, 15, 15, 4]
bestever    3111    in generation 125
[4, 2, 4, 9, 2, 5, 1, 4, 1, 11, 5, 4, 2, 20, 2, 9, 4, 17, 11, 10, 20, 9, 2, 5, 11, 17, 5, 11, 6, 20, 8, 9, 16, 11, 6, 20, 8, 9, 16, 2, 1, 5, 10, 13, 11, 8, 5, 11, 15, 10, 6, 20, 8, 9, 16, 1, 18, 1, 1, 5, 10, 13, 18, 2, 8, 18, 19, 20, 2, 20, 16, 13, 4, 2, 20, 9, 10, 20, 9, 5, 6, 9, 1, 5, 10, 1, 4, 18, 1, 5, 2, 16, 1, 11, 11, 13, 10, 13, 18, 19, 2, 12, 8, 13, 18, 6, 17, 11, 20, 8, 9, 16, 2, 1, 5, 10, 13, 11, 8, 5, 10, 6, 20, 8, 4, 9, 16, 1, 18, 1, 1, 5, 10, 13, 2, 12, 4, 15, 15, 4, 19, 15, 8, 13, 19, 12, 3, 20, 2, 16, 16, 16, 16, 15, 3, 6, 14, 3, 17, 17, 3, 3, 3, 1, 6, 6, 10, 6, 3, 3, 18, 19, 3, 9, 20, 11, 12, 12, 12, 18, 12, 7, 13, 7, 16, 18, 7, 11, 3, 15, 19, 10, 19, 9, 6, 20, 8, 11, 6, 8, 13, 6, 18, 13, 14, 14, 7, 8, 13, 7, 13, 18, 7, 3, 7, 3, 15, 7, 19, 10, 19, 15, 19, 7, 11, 3, 15, 6, 6, 7, 19, 10, 8, 8, 2, 5, 15, 4, 4, 20, 9, 16, 16, 10, 3, 17, 5, 19, 7, 19, 18, 16, 14, 17, 17, 17, 12, 4, 12, 14, 14, 14, 18, 15, 9, 12, 12, 18, 13, 4, 14, 17, 12, 14, 7, 14, 17, 12, 7, 17, 14, 3, 12, 14, 7, 14, 17, 14, 19, 14, 7, 17, 12, 15, 17, 19, 15, 15, 15, 4]
bestever    3108    in generation 128
[4, 2, 4, 9, 2, 5, 1, 4, 1, 11, 5, 4, 2, 20, 2, 9, 4, 17, 11, 10, 20, 9, 2, 5, 11, 17, 5, 11, 6, 20, 8, 9, 16, 11, 6, 20, 8, 9, 16, 2, 1, 5, 10, 13, 11, 8, 5, 11, 15, 10, 6, 20, 8, 9, 16, 1, 18, 1, 1, 5, 10, 13, 18, 2, 8, 18, 19, 20, 2, 20, 16, 13, 4, 2, 20, 9, 10, 20, 9, 5, 6, 9, 1, 5, 10, 1, 4, 18, 1, 5, 2, 16, 1, 11, 11, 13, 10, 13, 18, 19, 2, 12, 8, 13, 18, 6, 17, 11, 15, 15, 20, 8, 9, 16, 2, 1, 5, 10, 13, 11, 8, 5, 10, 6, 20, 8, 15, 9, 16, 1, 18, 1, 1, 5, 10, 13, 19, 2, 12, 8, 13, 19, 12, 3, 20, 2, 16, 16, 16, 16, 15, 3, 6, 14, 3, 3, 3, 3, 1, 6, 6, 10, 6, 3, 3, 18, 19, 3, 9, 20, 11, 12, 12, 12, 18, 12, 7, 13, 7, 16, 18, 7, 11, 3, 19, 10, 19, 6, 20, 8, 11, 6, 8, 13, 6, 18, 13, 14, 14, 7, 8, 13, 7, 13, 18, 7, 3, 7, 3, 7, 19, 10, 19, 19, 7, 11, 3, 6, 6, 7, 10, 8, 15, 15, 4, 19, 17, 15, 8, 2, 5, 15, 4, 4, 20, 9, 16, 16, 10, 5, 19, 7, 19, 18, 16, 12, 4, 15, 9, 4, 14, 14, 17, 17, 17, 12, 4, 18, 15, 9, 12, 12, 18, 13, 4, 17, 12, 17, 17, 14, 3, 14, 14, 14, 7, 14, 17, 12, 7, 17, 14, 3, 12, 14, 7, 14, 17, 14, 19, 14, 7, 17, 12, 15, 17, 19, 15, 15, 15, 4]
bestever    3075    in generation 141
[2, 4, 9, 2, 5, 1, 4, 1, 11, 5, 4, 2, 20, 2, 9, 4, 17, 11, 10, 20, 9, 2, 5, 11, 5, 11, 6, 20, 8, 9, 16, 11, 6, 20, 8, 9, 16, 2, 1, 5, 10, 13, 11, 8, 5, 11, 15, 10, 6, 20, 8, 9, 16, 1, 18, 1, 1, 5, 10, 13, 18, 2, 8, 18, 20, 2, 20, 16, 13, 4, 2, 20, 9, 10, 20, 9, 5, 6, 9, 1, 5, 10, 1, 18, 1, 5, 2, 16, 1, 11, 11, 13, 10, 13, 18, 19, 2, 12, 8, 13, 18, 6, 11, 20, 8, 9, 16, 2, 1, 5, 10, 13, 11, 8, 5, 10, 6, 20, 8, 9, 16, 1, 1, 1, 5, 10, 13, 19, 2, 12, 8, 13, 19, 12, 3, 20, 2, 16, 16, 16, 16, 3, 6, 14, 3, 3, 3, 1, 6, 6, 10, 6, 19, 9, 20, 11, 12, 12, 18, 12, 7, 13, 7, 16, 18, 7, 11, 3, 19, 10, 19, 6, 20, 11, 6, 8, 13, 6, 18, 14, 8, 13, 18, 7, 3, 3, 19, 18, 7, 8, 13, 7, 13, 18, 3, 3, 3, 7, 3, 7, 19, 10, 19, 7, 11, 3, 6, 6, 10, 8, 15, 15, 19, 15, 15, 4, 17, 12, 7, 17, 14, 19, 15, 15, 4, 19, 17, 15, 8, 2, 5, 15, 4, 4, 20, 9, 16, 16, 10, 5, 19, 7, 19, 18, 16, 12, 4, 15, 9, 4, 14, 14, 17, 17, 17, 12, 4, 18, 15, 9, 12, 12, 18, 13, 4, 17, 12, 17, 17, 14, 3, 14, 14, 14, 7, 14, 17, 12, 7, 17, 14, 3, 12, 14, 7, 14, 17, 14, 14, 7, 17, 12, 15, 17, 19, 15, 15, 15, 4, 4]
bestever    3072    in generation 175
[2, 4, 9, 2, 5, 1, 4, 1, 11, 5, 4, 2, 20, 2, 9, 4, 17, 11, 10, 20, 9, 2, 5, 11, 5, 11, 6, 20, 8, 9, 16, 11, 6, 20, 8, 9, 16, 2, 1, 5, 10, 13, 11, 8, 5, 11, 15, 10, 6, 20, 8, 9, 16, 1, 18, 1, 1, 5, 10, 13, 18, 2, 8, 18, 20, 2, 20, 16, 13, 4, 2, 20, 9, 10, 20, 9, 5, 6, 9, 1, 5, 10, 1, 18, 1, 5, 2, 16, 1, 11, 11, 13, 10, 13, 18, 19, 2, 12, 8, 13, 18, 6, 11, 20, 8, 9, 16, 2, 1, 5, 10, 13, 11, 8, 5, 10, 6, 20, 8, 9, 16, 1, 1, 1, 5, 10, 13, 19, 2, 12, 8, 13, 19, 12, 3, 20, 2, 16, 16, 16, 16, 3, 6, 3, 3, 3, 1, 6, 6, 10, 6, 19, 9, 20, 11, 12, 12, 18, 12, 7, 13, 7, 16, 18, 7, 11, 3, 19, 10, 19, 6, 20, 11, 6, 8, 13, 6, 18, 8, 13, 18, 7, 3, 3, 19, 18, 7, 8, 13, 7, 13, 18, 3, 3, 3, 7, 3, 7, 19, 10, 19, 11, 6, 6, 10, 8, 15, 15, 19, 15, 15, 4, 17, 12, 17, 19, 15, 15, 4, 19, 15, 8, 2, 5, 15, 4, 4, 20, 9, 16, 16, 10, 5, 19, 7, 19, 18, 16, 12, 4, 15, 9, 4, 12, 4, 18, 15, 9, 12, 18, 13, 4, 17, 12, 17, 17, 3, 14, 14, 14, 7, 14, 17, 17, 14, 3, 14, 14, 14, 7, 14, 17, 12, 7, 17, 14, 17, 12, 7, 17, 14, 3, 12, 14, 7, 14, 17, 14, 14, 7, 17, 12, 15, 17, 19, 15, 15, 15, 4, 4]
bestever    3007    in generation 180
[2, 4, 9, 2, 5, 1, 4, 1, 11, 5, 4, 2, 20, 2, 9, 4, 17, 11, 10, 20, 9, 2, 5, 11, 5, 11, 6, 20, 8, 9, 16, 11, 6, 20, 8, 9, 16, 2, 1, 5, 10, 13, 11, 8, 5, 11, 15, 10, 6, 20, 8, 9, 16, 1, 18, 1, 18, 5, 10, 13, 18, 2, 8, 18, 20, 2, 20, 16, 13, 4, 2, 20, 9, 10, 20, 9, 5, 6, 9, 1, 5, 10, 1, 18, 1, 5, 2, 16, 1, 11, 11, 13, 10, 13, 18, 19, 2, 12, 8, 13, 18, 6, 11, 20, 8, 9, 16, 2, 1, 5, 10, 13, 11, 8, 5, 10, 6, 20, 8, 9, 16, 1, 1, 1, 5, 10, 13, 19, 2, 12, 8, 13, 19, 12, 3, 20, 2, 16, 16, 16, 16, 3, 6, 3, 3, 3, 1, 6, 6, 10, 6, 19, 9, 20, 11, 12, 12, 18, 12, 7, 13, 7, 16, 1, 7, 11, 3, 19, 10, 19, 6, 20, 11, 6, 8, 13, 6, 18, 8, 13, 18, 7, 3, 3, 19, 18, 7, 8, 13, 7, 13, 18, 3, 3, 3, 7, 3, 7, 19, 10, 19, 11, 6, 6, 10, 8, 15, 15, 19, 15, 15, 4, 17, 12, 17, 19, 15, 15, 4, 19, 15, 8, 2, 5, 15, 4, 4, 20, 9, 16, 16, 10, 5, 19, 7, 19, 18, 16, 12, 4, 15, 9, 4, 12, 4, 18, 15, 9, 12, 18, 13, 4, 17, 12, 17, 17, 3, 14, 14, 14, 7, 14, 17, 17, 14, 3, 14, 14, 14, 7, 14, 17, 12, 7, 17, 14, 17, 12, 7, 17, 14, 3, 12, 14, 7, 14, 17, 14, 14, 7, 17, 12, 15, 17, 19, 15, 15, 15, 4, 4]
bestever    2993    in generation 190
[2, 4, 9, 2, 5, 1, 4, 1, 11, 5, 4, 2, 20, 2, 9, 4, 17, 11, 10, 20, 9, 2, 5, 11, 5, 11, 6, 20, 8, 9, 16, 11, 6, 20, 8, 9, 16, 2, 1, 5, 10, 13, 11, 8, 5, 11, 15, 10, 6, 20, 8, 9, 16, 1, 18, 1, 18, 5, 10, 13, 18, 2, 8, 18, 20, 2, 20, 16, 13, 4, 2, 20, 9, 10, 20, 9, 5, 6, 9, 1, 5, 10, 1, 18, 1, 5, 2, 16, 1, 11, 11, 13, 10, 13, 18, 19, 2, 12, 8, 13, 18, 6, 11, 20, 8, 9, 16, 2, 1, 5, 10, 13, 11, 8, 5, 10, 6, 20, 8, 9, 16, 1, 1, 1, 5, 10, 13, 19, 2, 12, 8, 13, 19, 12, 3, 20, 2, 16, 16, 16, 16, 3, 6, 3, 3, 3, 1, 6, 6, 10, 6, 19, 9, 20, 11, 12, 12, 18, 12, 7, 13, 7, 16, 1, 7, 11, 3, 19, 10, 19, 6, 20, 11, 6, 8, 13, 6, 18, 8, 13, 18, 7, 3, 3, 19, 18, 7, 8, 13, 7, 13, 18, 3, 3, 3, 7, 3, 7, 19, 10, 19, 11, 6, 6, 10, 8, 15, 15, 19, 15, 15, 4, 17, 12, 17, 19, 15, 15, 4, 19, 15, 8, 2, 5, 15, 4, 4, 20, 9, 16, 16, 10, 5, 19, 19, 18, 16, 12, 4, 15, 9, 4, 12, 4, 18, 15, 9, 18, 13, 4, 17, 12, 17, 17, 14, 7, 14, 17, 17, 14, 14, 3, 12, 14, 7, 3, 14, 14, 14, 7, 14, 17, 12, 7, 17, 14, 17, 12, 7, 17, 14, 3, 12, 14, 7, 14, 17, 14, 14, 7, 17, 12, 15, 17, 19, 15, 15, 15, 4, 4]
bestever    2982    in generation 192
[2, 4, 9, 2, 5, 1, 4, 1, 11, 5, 4, 2, 20, 2, 9, 4, 17, 11, 10, 20, 9, 2, 5, 11, 5, 11, 6, 20, 8, 9, 16, 11, 6, 20, 8, 9, 16, 2, 1, 5, 10, 13, 11, 8, 5, 11, 15, 10, 6, 20, 8, 9, 16, 1, 18, 1, 18, 5, 10, 13, 18, 2, 8, 18, 20, 2, 20, 16, 13, 4, 2, 20, 9, 10, 20, 9, 5, 6, 9, 1, 5, 10, 1, 18, 1, 5, 2, 16, 1, 11, 11, 13, 10, 13, 18, 19, 2, 12, 8, 13, 18, 6, 11, 20, 8, 9, 16, 2, 1, 5, 10, 13, 11, 8, 5, 10, 6, 20, 8, 9, 16, 1, 1, 1, 5, 10, 13, 19, 2, 12, 8, 13, 19, 12, 3, 20, 2, 16, 16, 16, 16, 3, 6, 3, 3, 3, 1, 6, 6, 10, 6, 19, 9, 20, 11, 12, 12, 18, 12, 7, 13, 16, 1, 7, 11, 3, 19, 10, 19, 6, 20, 11, 6, 8, 13, 6, 18, 8, 13, 18, 7, 3, 3, 19, 7, 8, 13, 7, 13, 18, 3, 3, 3, 7, 3, 7, 19, 10, 19, 11, 6, 6, 10, 8, 15, 15, 19, 15, 15, 4, 17, 12, 17, 19, 15, 15, 4, 15, 8, 2, 5, 15, 4, 4, 20, 9, 16, 16, 19, 18, 12, 10, 5, 19, 7, 19, 18, 16, 4, 15, 9, 4, 12, 4, 18, 15, 9, 18, 13, 4, 17, 12, 17, 17, 14, 7, 14, 17, 17, 14, 14, 3, 12, 14, 7, 3, 14, 14, 14, 7, 14, 17, 12, 7, 17, 14, 17, 12, 7, 17, 14, 3, 12, 14, 7, 14, 17, 14, 14, 7, 17, 12, 15, 17, 19, 15, 15, 15, 4, 4]
bestever    2976    in generation 195
[2, 4, 9, 2, 5, 1, 4, 1, 11, 5, 4, 2, 20, 2, 9, 4, 17, 11, 10, 20, 9, 2, 5, 11, 5, 11, 6, 20, 8, 9, 16, 11, 6, 20, 8, 9, 16, 2, 1, 5, 10, 13, 11, 8, 5, 11, 15, 10, 6, 20, 8, 9, 16, 1, 18, 1, 18, 5, 10, 13, 18, 2, 8, 18, 20, 2, 20, 16, 13, 4, 2, 20, 9, 10, 20, 9, 5, 6, 9, 1, 5, 10, 1, 18, 1, 5, 2, 16, 1, 11, 11, 13, 10, 13, 18, 19, 2, 12, 8, 13, 18, 6, 11, 20, 8, 9, 16, 2, 1, 5, 10, 13, 11, 8, 5, 10, 6, 20, 8, 9, 16, 1, 1, 1, 5, 10, 13, 19, 2, 12, 8, 13, 19, 12, 3, 20, 2, 16, 16, 16, 16, 3, 6, 3, 3, 3, 1, 6, 6, 10, 6, 19, 9, 20, 11, 12, 12, 18, 12, 7, 13, 16, 1, 7, 11, 3, 19, 10, 19, 6, 20, 11, 6, 8, 13, 6, 18, 8, 13, 18, 7, 3, 3, 19, 7, 8, 13, 7, 13, 18, 3, 3, 3, 7, 3, 7, 19, 10, 19, 11, 6, 6, 10, 8, 15, 15, 19, 15, 17, 15, 8, 2, 5, 15, 19, 15, 4, 15, 4, 12, 17, 15, 4, 4, 20, 9, 16, 16, 19, 18, 12, 10, 5, 19, 7, 19, 18, 16, 4, 15, 9, 4, 12, 4, 18, 15, 9, 18, 13, 4, 17, 12, 17, 17, 14, 7, 14, 17, 17, 14, 14, 3, 12, 14, 7, 3, 14, 14, 14, 7, 14, 17, 12, 7, 17, 14, 17, 12, 7, 17, 14, 3, 12, 14, 7, 14, 17, 14, 14, 7, 17, 12, 15, 17, 19, 15, 15, 15, 4, 4]
bestever    2958    in generation 232
[2, 4, 9, 2, 5, 1, 4, 1, 11, 5, 4, 2, 20, 2, 9, 4, 17, 11, 10, 20, 9, 2, 5, 11, 5, 11, 6, 20, 8, 9, 16, 11, 6, 20, 8, 9, 16, 2, 1, 5, 10, 13, 11, 8, 5, 11, 15, 10, 6, 20, 8, 9, 16, 1, 18, 1, 18, 5, 10, 13, 18, 2, 8, 18, 20, 2, 20, 16, 13, 4, 2, 20, 9, 10, 20, 9, 5, 6, 9, 1, 5, 10, 2, 18, 1, 5, 2, 16, 1, 11, 11, 13, 10, 13, 18, 19, 1, 12, 8, 13, 18, 6, 11, 20, 8, 9, 16, 2, 1, 5, 10, 13, 11, 8, 5, 10, 6, 20, 8, 9, 16, 1, 1, 1, 5, 10, 13, 19, 2, 12, 8, 13, 19, 12, 3, 20, 2, 16, 16, 16, 16, 3, 6, 3, 3, 3, 1, 6, 6, 10, 6, 19, 9, 20, 11, 12, 12, 18, 12, 7, 13, 16, 1, 7, 11, 3, 19, 10, 19, 6, 20, 11, 6, 8, 13, 6, 18, 8, 13, 18, 7, 3, 3, 19, 7, 8, 13, 7, 13, 18, 3, 3, 3, 7, 3, 7, 19, 10, 19, 11, 6, 6, 10, 8, 15, 15, 19, 15, 17, 15, 8, 2, 5, 15, 19, 15, 4, 15, 4, 12, 17, 15, 4, 4, 20, 9, 16, 16, 19, 18, 12, 10, 5, 19, 7, 19, 18, 16, 4, 15, 9, 4, 12, 4, 18, 15, 9, 18, 13, 4, 17, 12, 17, 17, 14, 7, 14, 17, 17, 14, 14, 3, 12, 14, 7, 3, 14, 14, 14, 7, 14, 17, 12, 7, 17, 12, 3, 12, 17, 14, 7, 14, 17, 14, 14, 7, 17, 14, 14, 7, 17, 12, 15, 17, 19, 15, 15, 15, 4, 4]
bestever    2951    in generation 233
[2, 4, 9, 2, 5, 1, 4, 1, 11, 5, 4, 2, 20, 2, 9, 4, 17, 11, 10, 20, 9, 2, 5, 11, 5, 11, 6, 20, 8, 9, 16, 11, 6, 20, 8, 9, 16, 2, 1, 5, 10, 13, 11, 8, 5, 11, 15, 10, 6, 20, 8, 9, 16, 1, 18, 1, 18, 5, 10, 13, 18, 2, 8, 18, 20, 2, 20, 16, 13, 4, 2, 20, 9, 10, 20, 9, 5, 6, 9, 1, 5, 10, 1, 18, 1, 5, 2, 16, 1, 11, 11, 13, 10, 13, 18, 19, 2, 12, 8, 13, 18, 6, 11, 20, 8, 9, 16, 2, 1, 5, 10, 13, 11, 8, 5, 10, 6, 20, 8, 9, 16, 1, 1, 1, 5, 10, 13, 19, 2, 12, 8, 13, 19, 12, 3, 20, 2, 16, 16, 16, 16, 3, 6, 3, 3, 3, 1, 6, 6, 10, 6, 19, 9, 20, 11, 12, 12, 18, 12, 7, 13, 16, 1, 7, 11, 3, 19, 10, 19, 6, 20, 11, 6, 8, 13, 6, 18, 8, 13, 18, 7, 3, 3, 19, 7, 8, 13, 7, 13, 18, 3, 3, 3, 7, 3, 7, 19, 10, 19, 11, 6, 6, 10, 8, 15, 15, 19, 15, 17, 15, 8, 2, 5, 15, 19, 15, 4, 15, 4, 12, 17, 15, 4, 4, 20, 9, 16, 16, 19, 18, 12, 10, 5, 19, 7, 19, 18, 16, 4, 15, 9, 4, 12, 4, 18, 15, 9, 18, 13, 4, 17, 12, 17, 17, 14, 7, 14, 17, 17, 14, 14, 3, 12, 14, 7, 3, 14, 14, 14, 7, 14, 17, 12, 7, 15, 15, 19, 15, 4, 15, 4, 17, 12, 17, 17, 17, 17, 14, 12, 14, 7, 3, 14, 14, 14, 7, 14, 17, 12, 7]
bestever    2926    in generation 234
[2, 4, 9, 2, 5, 1, 4, 1, 11, 5, 4, 2, 20, 2, 9, 4, 17, 11, 10, 20, 9, 2, 5, 11, 5, 11, 6, 20, 8, 9, 16, 11, 6, 20, 8, 9, 16, 2, 1, 5, 10, 13, 11, 8, 5, 11, 15, 10, 6, 20, 8, 9, 16, 1, 18, 1, 18, 5, 10, 13, 18, 2, 8, 18, 20, 2, 20, 16, 13, 4, 2, 20, 9, 10, 20, 9, 5, 6, 9, 1, 5, 10, 2, 18, 1, 5, 2, 16, 1, 11, 11, 13, 10, 13, 18, 19, 1, 12, 8, 13, 18, 6, 11, 20, 8, 9, 16, 2, 1, 5, 10, 13, 11, 8, 5, 10, 6, 20, 8, 9, 16, 1, 1, 1, 5, 10, 13, 19, 2, 12, 8, 13, 19, 12, 3, 20, 2, 16, 16, 16, 16, 3, 6, 3, 3, 3, 1, 6, 6, 10, 6, 19, 9, 20, 11, 12, 12, 18, 12, 7, 13, 16, 1, 7, 11, 3, 19, 10, 19, 6, 20, 11, 6, 8, 13, 6, 18, 8, 13, 18, 7, 3, 3, 19, 7, 8, 13, 7, 13, 18, 3, 3, 3, 7, 3, 7, 19, 10, 19, 11, 6, 6, 10, 8, 15, 15, 19, 15, 17, 15, 8, 2, 5, 15, 19, 15, 4, 15, 4, 12, 17, 4, 4, 20, 9, 16, 16, 19, 18, 12, 10, 5, 19, 7, 19, 18, 16, 4, 9, 4, 12, 4, 18, 9, 18, 13, 4, 17, 12, 17, 17, 14, 7, 14, 17, 17, 14, 14, 3, 12, 14, 7, 3, 14, 14, 14, 7, 14, 17, 12, 7, 17, 12, 3, 12, 17, 15, 14, 7, 14, 17, 14, 14, 7, 17, 14, 14, 7, 17, 12, 15, 17, 19, 15, 15, 15, 15, 15, 4, 4]
bestever    2897    in generation 340
[2, 4, 13, 9, 5, 1, 11, 20, 17, 10, 6, 8, 16, 15, 18, 19, 12, 3, 7, 14, 2, 4, 13, 1, 5, 9, 11, 20, 6, 8, 16, 10, 18, 19, 12, 3, 7, 15, 17, 14, 4, 2, 13, 9, 5, 11, 20, 1, 8, 10, 6, 16, 18, 19, 12, 3, 7, 15, 17, 14, 2, 4, 13, 5, 11, 9, 20, 8, 1, 10, 18, 16, 6, 3, 19, 12, 7, 15, 17, 14, 2, 13, 11, 9, 5, 20, 1, 8, 4, 10, 18, 16, 6, 3, 12, 19, 7, 15, 17, 14, 13, 2, 11, 5, 9, 20, 1, 10, 18, 8, 16, 6, 12, 3, 19, 7, 15, 4, 17, 14, 13, 11, 5, 2, 20, 9, 1, 10, 18, 8, 16, 6, 3, 19, 7, 15, 4, 12, 17, 14, 13, 2, 20, 9, 5, 1, 11, 10, 8, 16, 6, 18, 3, 19, 15, 4, 12, 7, 17, 14, 13, 2, 20, 9, 5, 11, 1, 10, 8, 16, 6, 18, 3, 19, 4, 12, 7, 14, 17, 15, 13, 2, 5, 11, 20, 9, 1, 10, 8, 16, 6, 18, 3, 19, 4, 12, 7, 17, 14, 15, 13, 2, 5, 11, 20, 9, 1, 16, 10, 6, 8, 18, 3, 19, 4, 12, 7, 17, 14, 15, 13, 2, 5, 1, 20, 9, 11, 16, 10, 6, 8, 3, 19, 18, 4, 12, 7, 17, 14, 15, 13, 1, 5, 2, 20, 11, 6, 8, 10, 9, 16, 19, 18, 4, 3, 12, 7, 14, 17, 15, 13, 2, 1, 20, 11, 6, 10, 8, 5, 16, 19, 9, 18, 3, 12, 7, 14, 17, 15, 4, 1, 13, 11, 6, 8, 2, 20, 10, 5, 16, 9, 18, 3, 14, 7, 12, 17, 19, 15, 4]
bestever    2734    in generation 376
[13, 9, 5, 1, 11, 20, 17, 10, 6, 8, 16, 15, 18, 19, 12, 3, 7, 14, 2, 4, 13, 1, 5, 9, 11, 20, 6, 8, 16, 10, 18, 19, 12, 3, 7, 15, 17, 14, 4, 2, 13, 9, 5, 11, 20, 1, 8, 10, 6, 16, 18, 19, 12, 3, 7, 15, 17, 14, 2, 4, 13, 5, 11, 9, 20, 8, 1, 10, 18, 16, 6, 3, 19, 12, 7, 15, 17, 14, 2, 13, 11, 9, 5, 20, 1, 8, 4, 10, 18, 16, 6, 3, 12, 19, 7, 15, 17, 14, 13, 2, 11, 5, 9, 20, 1, 10, 18, 8, 16, 6, 12, 3, 19, 7, 15, 4, 17, 14, 13, 11, 5, 11, 5, 2, 20, 9, 1, 10, 18, 8, 16, 6, 3, 19, 7, 15, 4, 12, 17, 14, 13, 2, 20, 9, 5, 1, 11, 10, 8, 16, 6, 18, 3, 19, 15, 4, 12, 7, 17, 14, 13, 2, 20, 9, 5, 11, 1, 10, 8, 16, 6, 18, 3, 19, 4, 12, 7, 14, 17, 15, 13, 2, 5, 11, 20, 9, 1, 10, 8, 16, 6, 18, 3, 19, 4, 12, 7, 17, 14, 15, 13, 2, 5, 11, 20, 9, 1, 16, 10, 6, 8, 18, 3, 19, 4, 12, 7, 17, 14, 15, 13, 2, 5, 1, 20, 9, 11, 16, 10, 6, 8, 3, 19, 18, 4, 12, 7, 17, 14, 15, 13, 1, 5, 2, 20, 11, 6, 8, 10, 9, 16, 19, 18, 4, 3, 12, 7, 14, 17, 15, 13, 2, 1, 20, 6, 10, 8, 16, 19, 9, 18, 3, 12, 7, 14, 17, 15, 4, 1, 13, 11, 6, 8, 2, 20, 10, 5, 16, 9, 18, 3, 14, 7, 12, 17, 19, 15, 4, 2, 4]
bestever    2667    in generation 382
[13, 9, 5, 1, 11, 20, 17, 10, 6, 8, 16, 15, 18, 19, 12, 3, 7, 14, 2, 13, 1, 5, 9, 11, 6, 8, 13, 5, 4, 20, 10, 16, 19, 9, 18, 3, 12, 7, 14, 17, 15, 4, 2, 11, 20, 1, 8, 10, 6, 16, 18, 19, 12, 3, 7, 15, 17, 14, 2, 4, 13, 5, 11, 9, 20, 8, 1, 10, 18, 16, 6, 3, 19, 12, 7, 15, 17, 14, 2, 13, 11, 9, 5, 20, 1, 8, 4, 10, 18, 16, 6, 3, 12, 19, 7, 15, 17, 14, 13, 2, 11, 5, 9, 20, 1, 10, 18, 8, 16, 6, 12, 3, 19, 7, 15, 4, 17, 14, 13, 11, 5, 11, 5, 2, 20, 9, 1, 10, 18, 8, 16, 6, 3, 19, 7, 15, 4, 12, 17, 14, 13, 2, 20, 9, 5, 1, 11, 10, 8, 16, 6, 18, 3, 19, 15, 4, 12, 7, 17, 14, 13, 2, 20, 9, 5, 11, 1, 10, 8, 16, 6, 18, 3, 19, 4, 12, 7, 14, 17, 15, 13, 2, 5, 11, 20, 9, 1, 10, 8, 16, 6, 18, 3, 19, 4, 12, 7, 17, 14, 15, 13, 2, 5, 11, 20, 9, 1, 16, 10, 6, 8, 18, 3, 19, 4, 12, 7, 17, 14, 15, 13, 2, 5, 1, 20, 9, 11, 16, 10, 6, 8, 3, 19, 18, 4, 12, 7, 17, 14, 15, 13, 1, 5, 2, 20, 11, 6, 8, 10, 9, 16, 19, 18, 4, 3, 12, 7, 14, 17, 15, 13, 2, 1, 20, 6, 10, 8, 16, 19, 9, 18, 3, 12, 7, 14, 17, 15, 4, 1, 13, 11, 6, 8, 2, 20, 10, 5, 16, 9, 18, 3, 14, 7, 12, 17, 19, 15, 4, 2, 4]
bestever    2662    in generation 441
[13, 9, 5, 1, 11, 20, 10, 17, 6, 8, 16, 15, 18, 19, 12, 3, 7, 14, 2, 13, 1, 5, 9, 11, 6, 8, 13, 5, 20, 10, 16, 9, 11, 4, 19, 18, 3, 12, 7, 14, 17, 15, 4, 2, 20, 1, 8, 10, 6, 16, 18, 19, 12, 3, 7, 15, 17, 14, 2, 4, 13, 5, 11, 9, 20, 8, 1, 10, 18, 16, 6, 3, 19, 12, 7, 15, 17, 14, 2, 13, 11, 9, 5, 20, 1, 8, 4, 10, 18, 16, 6, 3, 12, 19, 7, 15, 17, 14, 13, 2, 11, 5, 9, 20, 1, 10, 18, 8, 16, 6, 12, 3, 19, 7, 15, 4, 17, 14, 13, 11, 5, 11, 5, 2, 20, 9, 1, 10, 18, 8, 16, 6, 3, 19, 7, 15, 12, 14, 13, 20, 9, 5, 1, 11, 10, 8, 16, 6, 18, 3, 7, 4, 19, 12, 17, 15, 4, 2, 17, 14, 13, 2, 20, 9, 5, 11, 1, 10, 8, 16, 6, 18, 3, 19, 4, 12, 7, 14, 17, 15, 13, 2, 5, 11, 20, 9, 1, 10, 8, 16, 6, 18, 3, 19, 4, 12, 7, 17, 14, 15, 13, 2, 5, 11, 20, 9, 1, 16, 10, 6, 8, 18, 3, 19, 4, 12, 7, 17, 14, 15, 13, 2, 5, 1, 20, 9, 11, 16, 10, 6, 8, 3, 19, 18, 12, 7, 17, 14, 15, 13, 1, 5, 2, 11, 6, 8, 4, 13, 1, 20, 10, 16, 19, 9, 18, 3, 12, 7, 14, 17, 15, 4, 2, 20, 6, 10, 8, 16, 19, 9, 18, 3, 12, 7, 14, 17, 15, 4, 1, 13, 11, 6, 8, 2, 20, 10, 5, 16, 9, 18, 3, 14, 7, 12, 17, 19, 15, 4, 2, 4]
bestever    2642    in generation 544
[13, 9, 5, 1, 11, 20, 10, 6, 8, 17, 16, 15, 18, 19, 12, 3, 7, 14, 2, 4, 13, 1, 5, 9, 11, 6, 8, 20, 10, 16, 19, 18, 3, 12, 7, 14, 15, 2, 17, 4, 13, 5, 9, 11, 20, 1, 8, 10, 6, 16, 18, 19, 12, 3, 7, 15, 14, 2, 17, 4, 13, 5, 11, 9, 20, 8, 1, 10, 18, 16, 6, 3, 19, 12, 7, 15, 14, 2, 17, 4, 13, 11, 9, 5, 20, 1, 8, 10, 18, 16, 6, 3, 12, 19, 7, 15, 14, 2, 17, 4, 13, 11, 5, 9, 20, 1, 10, 18, 8, 16, 6, 12, 3, 19, 7, 15, 14, 2, 17, 4, 13, 11, 5, 20, 9, 1, 10, 18, 8, 16, 6, 3, 19, 7, 15, 12, 14, 4, 2, 17, 11, 5, 13, 20, 9, 1, 10, 8, 16, 6, 18, 3, 7, 19, 12, 15, 14, 2, 17, 4, 5, 11, 13, 20, 9, 1, 10, 8, 16, 6, 18, 3, 19, 12, 7, 14, 15, 2, 17, 4, 5, 11, 13, 20, 9, 1, 10, 8, 16, 6, 18, 3, 19, 12, 7, 14, 15, 17, 2, 4, 5, 11, 13, 20, 9, 1, 16, 10, 6, 8, 18, 3, 19, 12, 7, 14, 15, 17, 2, 4, 5, 11, 13, 1, 20, 9, 16, 10, 6, 8, 3, 19, 18, 12, 7, 14, 15, 17, 2, 4, 5, 11, 13, 1, 6, 8, 20, 10, 16, 19, 9, 18, 3, 12, 7, 14, 15, 2, 17, 4, 5, 11, 1, 13, 20, 6, 10, 8, 16, 19, 9, 18, 3, 12, 7, 14, 15, 2, 17, 4, 1, 13, 11, 6, 8, 20, 10, 5, 16, 9, 18, 3, 14, 7, 12, 19, 15, 17, 2, 4]
bestever    2619    in generation 597
[13, 9, 5, 1, 11, 20, 10, 6, 8, 17, 16, 15, 18, 19, 12, 3, 7, 14, 2, 4, 13, 1, 5, 9, 11, 6, 8, 20, 10, 16, 19, 18, 3, 12, 4, 13, 5, 9, 11, 20, 1, 8, 10, 6, 16, 13, 5, 11, 9, 20, 8, 1, 10, 18, 16, 6, 3, 19, 12, 7, 15, 14, 2, 17, 4, 18, 3, 12, 19, 7, 15, 14, 2, 17, 4, 13, 11, 5, 9, 20, 1, 10, 18, 8, 16, 6, 12, 3, 19, 7, 15, 14, 2, 17, 4, 13, 11, 5, 20, 9, 1, 10, 18, 8, 16, 6, 3, 19, 7, 15, 12, 14, 4, 2, 17, 11, 5, 13, 20, 9, 1, 10, 8, 16, 6, 18, 3, 7, 19, 12, 15, 14, 2, 17, 4, 5, 11, 13, 20, 9, 1, 10, 8, 16, 6, 18, 3, 19, 12, 7, 14, 15, 2, 17, 4, 5, 11, 13, 20, 9, 1, 10, 8, 16, 6, 7, 14, 15, 17, 2, 18, 3, 19, 12, 7, 14, 15, 2, 17, 4, 5, 11, 13, 20, 9, 1, 10, 8, 16, 6, 18, 3, 19, 12, 7, 14, 15, 17, 2, 4, 5, 11, 13, 20, 9, 1, 16, 10, 6, 8, 18, 3, 19, 12, 7, 14, 15, 17, 2, 4, 5, 11, 13, 1, 20, 9, 16, 10, 6, 8, 3, 19, 18, 12, 7, 14, 15, 17, 2, 4, 5, 11, 13, 1, 6, 8, 20, 10, 16, 19, 9, 18, 3, 12, 7, 14, 15, 2, 17, 4, 5, 11, 1, 13, 20, 6, 10, 8, 16, 19, 9, 18, 3, 12, 7, 14, 15, 2, 17, 4, 1, 13, 11, 6, 8, 20, 10, 5, 16, 9, 18, 3, 14, 7, 12, 19, 15, 17, 2, 4]
bestever    2613    in generation 603
[13, 9, 5, 1, 11, 20, 10, 6, 8, 16, 18, 19, 12, 3, 14, 4, 13, 1, 5, 9, 11, 6, 8, 20, 10, 16, 18, 3, 13, 5, 19, 12, 7, 15, 2, 17, 4, 9, 11, 20, 1, 8, 10, 6, 16, 13, 5, 11, 9, 20, 8, 1, 10, 18, 16, 6, 3, 19, 12, 7, 15, 14, 2, 17, 4, 18, 3, 12, 19, 7, 15, 14, 2, 17, 4, 13, 11, 5, 9, 20, 1, 10, 18, 8, 16, 6, 12, 3, 19, 7, 15, 14, 2, 17, 4, 13, 11, 5, 20, 9, 1, 10, 18, 8, 16, 6, 3, 19, 7, 15, 12, 14, 4, 2, 17, 11, 5, 13, 20, 9, 1, 10, 8, 16, 6, 18, 3, 7, 19, 12, 15, 14, 2, 17, 4, 5, 11, 13, 20, 9, 1, 10, 8, 16, 6, 18, 3, 19, 12, 7, 14, 15, 2, 17, 4, 5, 11, 13, 20, 9, 1, 10, 8, 16, 6, 7, 14, 15, 17, 2, 18, 3, 19, 12, 7, 14, 15, 2, 17, 4, 5, 11, 13, 20, 9, 1, 10, 8, 16, 6, 18, 3, 19, 12, 7, 14, 15, 17, 2, 4, 5, 11, 13, 20, 9, 1, 16, 10, 6, 8, 18, 3, 19, 12, 7, 14, 15, 17, 2, 4, 5, 11, 13, 1, 20, 9, 16, 10, 6, 8, 3, 19, 18, 12, 7, 14, 15, 17, 2, 4, 5, 11, 13, 1, 6, 8, 20, 10, 16, 19, 9, 18, 3, 12, 7, 14, 15, 2, 17, 4, 5, 11, 1, 13, 20, 6, 10, 8, 16, 19, 9, 18, 3, 12, 7, 14, 15, 2, 17, 4, 1, 13, 11, 6, 8, 20, 10, 5, 16, 9, 18, 3, 14, 7, 12, 19, 15, 17, 2, 4]
bestever    2594    in generation 628
[13, 9, 5, 1, 11, 20, 10, 6, 8, 16, 18, 19, 12, 3, 14, 4, 13, 1, 5, 9, 11, 6, 8, 20, 10, 16, 18, 3, 13, 5, 19, 12, 7, 15, 2, 17, 4, 9, 11, 20, 1, 8, 10, 6, 16, 13, 5, 11, 9, 20, 8, 1, 10, 18, 16, 6, 3, 19, 12, 7, 15, 14, 2, 17, 4, 18, 3, 12, 19, 7, 15, 14, 2, 17, 4, 13, 11, 5, 9, 20, 1, 10, 18, 8, 16, 6, 12, 3, 19, 7, 15, 14, 2, 17, 4, 13, 11, 5, 20, 9, 1, 10, 18, 8, 16, 6, 3, 19, 7, 15, 12, 14, 4, 2, 17, 11, 5, 13, 20, 9, 1, 10, 8, 16, 6, 18, 3, 7, 19, 12, 15, 14, 2, 17, 4, 5, 11, 13, 20, 9, 1, 10, 8, 16, 6, 18, 3, 7, 14, 5, 11, 13, 20, 9, 19, 12, 15, 2, 17, 4, 1, 10, 8, 16, 6, 7, 14, 15, 17, 2, 18, 3, 19, 12, 7, 14, 15, 2, 17, 4, 5, 11, 13, 20, 9, 1, 10, 8, 16, 6, 18, 3, 19, 12, 7, 14, 15, 17, 2, 4, 5, 11, 13, 20, 9, 1, 16, 10, 6, 8, 18, 3, 19, 12, 7, 14, 15, 17, 2, 4, 5, 11, 13, 1, 20, 9, 16, 10, 6, 8, 3, 19, 18, 12, 7, 14, 15, 5, 11, 13, 1, 6, 8, 20, 10, 16, 9, 18, 5, 11, 1, 13, 19, 3, 12, 7, 14, 15, 2, 17, 4, 20, 6, 10, 8, 16, 19, 9, 18, 3, 12, 7, 14, 15, 2, 17, 4, 2, 17, 4, 1, 13, 11, 6, 8, 20, 10, 5, 16, 9, 18, 3, 14, 7, 12, 19, 15, 17, 2, 4]
bestever    2576    in generation 669
[13, 9, 5, 1, 11, 20, 10, 6, 8, 16, 18, 19, 12, 3, 14, 4, 13, 1, 5, 9, 11, 6, 8, 20, 10, 16, 18, 3, 13, 5, 19, 12, 7, 15, 2, 17, 4, 9, 11, 20, 1, 8, 10, 6, 16, 13, 5, 11, 9, 20, 8, 1, 10, 18, 16, 6, 3, 19, 12, 7, 15, 14, 2, 17, 4, 18, 3, 12, 19, 7, 15, 14, 2, 17, 4, 13, 11, 5, 9, 20, 1, 10, 18, 8, 16, 6, 12, 3, 19, 7, 15, 14, 2, 17, 4, 13, 11, 5, 20, 9, 1, 10, 18, 8, 16, 6, 3, 19, 7, 15, 12, 14, 4, 2, 17, 11, 5, 13, 20, 9, 1, 10, 8, 16, 6, 18, 3, 7, 19, 12, 15, 14, 2, 17, 4, 5, 11, 13, 20, 9, 1, 10, 8, 16, 6, 18, 3, 7, 14, 5, 11, 13, 20, 9, 19, 12, 15, 2, 17, 4, 1, 10, 8, 16, 6, 7, 14, 15, 17, 2, 18, 3, 19, 12, 7, 14, 15, 2, 17, 4, 5, 11, 13, 20, 9, 1, 10, 8, 16, 6, 18, 3, 19, 12, 7, 14, 15, 17, 2, 4, 5, 11, 13, 20, 9, 1, 16, 10, 6, 8, 18, 3, 19, 12, 7, 14, 15, 17, 2, 4, 5, 11, 13, 1, 20, 9, 16, 10, 6, 8, 3, 19, 18, 12, 7, 14, 15, 5, 11, 13, 1, 6, 8, 20, 10, 16, 9, 18, 5, 11, 1, 13, 19, 3, 12, 7, 14, 15, 2, 17, 4, 20, 6, 10, 8, 16, 19, 9, 18, 3, 12, 7, 14, 15, 2, 17, 4, 2, 17, 4, 1, 5, 11, 13, 20, 6, 10, 8, 16, 19, 9, 18, 3, 12, 7, 14, 15, 2, 17, 4]
bestever    2521    in generation 752
[13, 9, 5, 1, 11, 20, 10, 6, 8, 16, 18, 19, 12, 3, 14, 4, 13, 1, 5, 9, 11, 6, 8, 20, 10, 16, 18, 3, 13, 5, 19, 12, 7, 15, 2, 17, 4, 9, 11, 20, 1, 8, 10, 6, 16, 13, 5, 11, 9, 20, 8, 1, 10, 18, 16, 6, 3, 19, 12, 7, 15, 14, 2, 17, 4, 18, 3, 12, 19, 7, 13, 11, 5, 9, 20, 1, 10, 18, 8, 16, 6, 19, 13, 11, 5, 20, 9, 3, 12, 7, 14, 15, 2, 17, 4, 14, 15, 2, 17, 4, 1, 10, 18, 8, 16, 6, 3, 19, 7, 15, 12, 14, 4, 2, 17, 11, 5, 13, 20, 9, 1, 10, 8, 16, 6, 18, 3, 7, 19, 12, 15, 14, 2, 17, 4, 5, 11, 13, 20, 9, 1, 10, 8, 16, 6, 18, 3, 7, 14, 5, 11, 13, 20, 9, 19, 12, 15, 2, 17, 1, 10, 8, 16, 6, 7, 14, 15, 2, 18, 3, 19, 12, 7, 14, 15, 5, 11, 13, 20, 9, 2, 17, 4, 1, 10, 8, 16, 6, 17, 4, 18, 3, 19, 12, 7, 14, 15, 5, 11, 13, 20, 9, 1, 16, 10, 6, 8, 18, 3, 19, 12, 7, 14, 15, 5, 11, 13, 1, 20, 16, 10, 6, 8, 5, 11, 1, 13, 2, 17, 20, 6, 10, 8, 4, 16, 9, 18, 5, 19, 9, 18, 3, 12, 7, 14, 15, 2, 17, 4, 11, 1, 13, 19, 3, 12, 7, 14, 15, 2, 17, 20, 6, 10, 8, 4, 16, 19, 9, 18, 3, 12, 7, 14, 15, 2, 17, 4, 2, 17, 4, 1, 5, 11, 13, 20, 6, 10, 8, 16, 19, 9, 18, 3, 12, 7, 14, 15, 2, 17, 4]
bestever    2513    in generation 854
[13, 9, 5, 1, 11, 20, 10, 6, 8, 16, 18, 19, 12, 3, 4, 7, 14, 2, 17, 15, 13, 1, 5, 9, 11, 6, 8, 20, 10, 16, 18, 3, 19, 12, 7, 14, 2, 15, 4, 17, 13, 5, 9, 11, 20, 1, 8, 10, 6, 16, 18, 3, 12, 19, 7, 14, 2, 4, 15, 17, 13, 5, 11, 9, 20, 8, 1, 10, 16, 6, 18, 19, 3, 12, 7, 14, 4, 15, 2, 17, 13, 11, 5, 20, 9, 1, 10, 18, 8, 16, 6, 3, 19, 12, 7, 14, 2, 4, 15, 17, 11, 5, 13, 20, 9, 1, 10, 8, 16, 6, 18, 3, 19, 12, 7, 14, 2, 17, 15, 4, 5, 11, 13, 20, 9, 1, 10, 8, 16, 6, 18, 3, 19, 12, 7, 14, 2, 17, 15, 4, 5, 11, 13, 20, 9, 1, 10, 8, 16, 6, 18, 3, 19, 12, 7, 14, 2, 17, 15, 4, 5, 11, 13, 20, 9, 1, 10, 8, 16, 6, 18, 3, 19, 12, 7, 14, 2, 17, 15, 4, 5, 11, 13, 20, 9, 1, 10, 8, 16, 6, 18, 3, 19, 12, 7, 14, 2, 17, 15, 4, 5, 11, 13, 20, 9, 1, 16, 10, 6, 8, 18, 3, 19, 12, 7, 14, 2, 17, 15, 4, 5, 11, 13, 1, 20, 16, 10, 6, 8, 9, 18, 19, 3, 12, 7, 14, 2, 17, 15, 4, 5, 11, 1, 13, 20, 6, 10, 8, 16, 9, 18, 19, 3, 12, 7, 14, 2, 17, 15, 4, 5, 11, 1, 13, 20, 6, 10, 8, 16, 19, 9, 18, 3, 12, 7, 14, 2, 17, 15, 4, 1, 5, 11, 13, 20, 6, 10, 8, 16, 19, 9, 18, 3, 12, 7, 14, 2, 17, 15, 4]
bestever    2503    in generation 861
[13, 5, 11, 20, 13, 5, 11, 20, 9, 1, 10, 8, 16, 6, 18, 3, 19, 12, 7, 14, 2, 17, 15, 4, 20, 9, 1, 10, 8, 16, 6, 18, 3, 19, 12, 7, 14, 2, 17, 15, 4, 5, 11, 13, 20, 9, 1, 10, 8, 16, 6, 18, 3, 19, 12, 7, 14, 2, 17, 15, 4, 5, 11, 13, 20, 9, 1, 10, 8, 16, 6, 18, 3, 19, 12, 7, 14, 2, 17, 15, 4, 5, 11, 13, 20, 9, 1, 10, 8, 16, 6, 18, 3, 19, 12, 7, 14, 2, 17, 15, 4, 5, 11, 13, 9, 1, 10, 8, 16, 6, 18, 3, 19, 12, 7, 14, 2, 17, 15, 4, 5, 11, 13, 20, 9, 1, 10, 8, 16, 6, 18, 3, 19, 12, 7, 14, 2, 17, 15, 4, 5, 11, 13, 20, 9, 1, 10, 8, 16, 6, 18, 3, 19, 12, 7, 14, 2, 17, 15, 4, 5, 11, 13, 20, 9, 1, 10, 8, 16, 6, 18, 3, 19, 12, 7, 14, 2, 17, 15, 4, 5, 11, 13, 20, 9, 1, 10, 8, 16, 6, 18, 3, 19, 12, 7, 14, 2, 17, 15, 4, 5, 11, 13, 20, 9, 1, 16, 10, 6, 8, 18, 3, 19, 12, 7, 14, 2, 17, 15, 4, 5, 11, 13, 1, 20, 16, 10, 6, 8, 9, 18, 19, 3, 12, 7, 14, 2, 17, 15, 4, 5, 11, 1, 13, 20, 6, 10, 8, 16, 9, 18, 19, 3, 12, 7, 14, 2, 17, 15, 4, 5, 11, 1, 13, 20, 6, 10, 8, 16, 19, 9, 18, 3, 12, 7, 14, 2, 17, 15, 4, 1, 5, 11, 13, 20, 6, 10, 8, 16, 19, 9, 18, 3, 12, 7, 14, 2, 17, 15, 4]
bestever    2460    in generation 922
[5, 20, 5, 20, 11, 13, 9, 1, 10, 8, 16, 6, 18, 3, 19, 12, 7, 14, 2, 17, 15, 4, 11, 13, 20, 9, 1, 10, 8, 16, 6, 18, 3, 19, 12, 7, 14, 2, 17, 15, 4, 5, 11, 13, 20, 9, 1, 10, 8, 16, 6, 18, 3, 19, 5, 11, 13, 20, 9, 1, 10, 8, 16, 6, 18, 3, 12, 7, 14, 2, 17, 15, 4, 19, 12, 7, 14, 2, 17, 15, 4, 5, 11, 13, 20, 9, 1, 10, 8, 16, 6, 18, 3, 19, 12, 7, 14, 2, 17, 15, 4, 5, 11, 13, 9, 1, 10, 8, 16, 6, 18, 3, 19, 12, 7, 14, 2, 17, 15, 4, 5, 11, 13, 20, 9, 1, 10, 8, 16, 6, 18, 3, 19, 12, 7, 14, 2, 17, 15, 4, 5, 11, 13, 20, 9, 1, 10, 8, 16, 6, 18, 3, 19, 5, 11, 13, 20, 9, 1, 10, 8, 16, 6, 18, 3, 12, 7, 14, 2, 17, 15, 4, 19, 12, 7, 14, 2, 17, 15, 4, 5, 11, 13, 20, 9, 1, 10, 8, 16, 6, 18, 3, 19, 12, 7, 14, 2, 17, 15, 4, 5, 11, 13, 20, 9, 1, 16, 10, 6, 8, 18, 3, 19, 12, 7, 14, 2, 17, 15, 4, 5, 11, 13, 1, 20, 16, 10, 6, 8, 9, 18, 19, 3, 12, 7, 14, 2, 17, 15, 4, 5, 11, 1, 13, 20, 6, 10, 8, 16, 9, 18, 19, 3, 12, 7, 14, 2, 17, 15, 4, 5, 11, 1, 13, 20, 6, 10, 8, 16, 19, 9, 18, 3, 12, 7, 14, 2, 17, 15, 4, 1, 5, 11, 13, 20, 6, 10, 8, 16, 19, 9, 18, 3, 12, 7, 14, 2, 17, 15, 4]
bestever    2427    in generation 1028
[5, 20, 11, 13, 9, 1, 10, 16, 8, 6, 18, 3, 19, 12, 7, 14, 2, 17, 15, 4, 5, 20, 11, 13, 9, 1, 10, 16, 8, 6, 18, 3, 19, 12, 7, 14, 2, 17, 15, 4, 20, 5, 11, 13, 9, 1, 10, 16, 8, 6, 18, 3, 19, 12, 7, 14, 2, 17, 15, 4, 20, 5, 11, 13, 9, 1, 10, 16, 8, 6, 18, 3, 19, 12, 7, 14, 2, 17, 15, 4, 20, 5, 11, 13, 9, 1, 10, 16, 8, 6, 18, 3, 19, 12, 7, 14, 2, 17, 15, 4, 20, 5, 11, 13, 9, 1, 10, 16, 8, 6, 18, 3, 19, 12, 7, 14, 2, 17, 15, 4, 5, 11, 13, 20, 9, 1, 10, 16, 8, 6, 18, 3, 19, 12, 7, 14, 2, 17, 15, 4, 5, 11, 13, 20, 9, 1, 10, 16, 8, 6, 18, 3, 19, 12, 7, 14, 2, 17, 15, 4, 5, 11, 13, 20, 9, 1, 10, 16, 8, 6, 18, 3, 19, 12, 7, 14, 2, 17, 15, 4, 5, 11, 13, 20, 9, 1, 10, 16, 8, 6, 18, 3, 19, 12, 7, 14, 2, 17, 15, 4, 5, 11, 13, 20, 9, 1, 16, 10, 6, 18, 8, 3, 19, 12, 7, 14, 2, 17, 15, 4, 5, 11, 13, 1, 20, 16, 10, 6, 9, 8, 18, 19, 3, 12, 7, 14, 2, 17, 15, 4, 5, 11, 1, 13, 20, 6, 10, 16, 8, 9, 18, 19, 3, 12, 7, 14, 2, 17, 15, 4, 5, 11, 1, 13, 20, 6, 10, 16, 8, 19, 9, 18, 3, 12, 7, 14, 2, 17, 15, 4, 1, 5, 11, 13, 20, 6, 10, 16, 8, 19, 9, 18, 3, 12, 7, 14, 2, 17, 15, 4]
bestever    2383    in generation 1039
[8, 6, 18, 3, 19, 12, 7, 16, 8, 6, 18, 3, 19, 12, 7, 14, 2, 17, 15, 4, 5, 20, 11, 13, 9, 1, 10, 16, 8, 6, 18, 3, 19, 12, 7, 14, 2, 17, 15, 4, 20, 5, 11, 13, 9, 1, 10, 16, 8, 6, 18, 3, 19, 12, 7, 14, 2, 17, 15, 4, 20, 5, 11, 13, 9, 1, 10, 16, 8, 6, 18, 3, 19, 12, 7, 14, 2, 17, 15, 4, 20, 5, 11, 13, 9, 1, 10, 16, 8, 6, 18, 3, 19, 12, 7, 14, 2, 17, 15, 4, 20, 5, 11, 13, 9, 1, 10, 16, 8, 6, 18, 3, 19, 12, 7, 14, 2, 17, 15, 4, 5, 11, 13, 20, 9, 1, 10, 16, 8, 6, 18, 3, 19, 14, 2, 17, 15, 4, 5, 11, 20, 10, 12, 7, 14, 2, 17, 15, 4, 5, 11, 13, 20, 9, 1, 16, 8, 6, 18, 3, 19, 12, 7, 13, 9, 1, 10, 14, 2, 17, 15, 4, 20, 5, 11, 13, 9, 1, 10, 16, 8, 6, 18, 3, 19, 12, 7, 14, 2, 17, 15, 4, 20, 5, 11, 13, 9, 1, 10, 16, 8, 6, 18, 3, 19, 12, 7, 14, 2, 17, 15, 4, 20, 5, 11, 13, 9, 1, 10, 16, 8, 6, 18, 3, 19, 12, 7, 14, 2, 17, 15, 4, 20, 5, 11, 13, 9, 1, 10, 16, 8, 6, 18, 3, 19, 12, 7, 14, 2, 17, 15, 4, 5, 11, 13, 20, 9, 1, 10, 16, 8, 6, 18, 3, 19, 12, 7, 14, 2, 17, 15, 4, 5, 11, 13, 20, 9, 1, 10, 16, 8, 6, 18, 3, 19, 12, 7, 14, 2, 17, 15, 4, 5, 11, 13, 20, 9, 1, 10, 16]
bestever    2372    in generation 1046
[8, 6, 18, 3, 19, 12, 7, 16, 8, 6, 18, 3, 19, 12, 7, 14, 2, 17, 15, 4, 5, 20, 11, 13, 9, 1, 10, 16, 8, 6, 18, 3, 19, 12, 7, 14, 2, 17, 15, 4, 20, 5, 11, 13, 9, 1, 10, 16, 8, 6, 18, 3, 19, 12, 7, 14, 2, 17, 15, 4, 20, 5, 11, 13, 9, 1, 10, 16, 8, 6, 18, 3, 19, 12, 7, 14, 2, 17, 15, 4, 20, 5, 11, 13, 9, 1, 10, 16, 8, 6, 18, 3, 19, 12, 7, 14, 2, 17, 15, 8, 6, 18, 4, 5, 11, 13, 20, 9, 1, 10, 16, 3, 19, 12, 7, 14, 2, 17, 15, 4, 5, 11, 13, 20, 9, 1, 10, 16, 8, 6, 18, 3, 19, 14, 2, 17, 15, 4, 5, 11, 20, 10, 12, 7, 14, 2, 17, 15, 4, 5, 11, 13, 20, 9, 1, 16, 8, 6, 18, 3, 19, 12, 7, 13, 9, 1, 10, 14, 2, 17, 15, 4, 20, 5, 11, 13, 9, 1, 10, 16, 8, 6, 18, 3, 19, 12, 7, 14, 2, 17, 15, 4, 20, 5, 11, 13, 9, 1, 10, 16, 8, 6, 18, 3, 19, 12, 7, 14, 2, 17, 15, 4, 20, 5, 11, 13, 9, 1, 10, 16, 8, 6, 18, 3, 19, 12, 7, 14, 2, 17, 15, 4, 20, 5, 11, 13, 9, 1, 10, 16, 8, 6, 18, 3, 19, 12, 7, 14, 2, 17, 15, 4, 5, 11, 13, 20, 9, 1, 10, 16, 8, 6, 18, 3, 19, 12, 7, 14, 2, 17, 15, 4, 5, 11, 13, 20, 9, 1, 10, 16, 8, 6, 18, 3, 19, 12, 7, 14, 2, 17, 15, 4, 5, 11, 13, 20, 9, 1, 10, 16]
bestever    2327    in generation 1047
[8, 6, 18, 3, 19, 12, 7, 16, 8, 6, 18, 3, 19, 12, 7, 14, 2, 17, 15, 4, 5, 20, 11, 13, 9, 1, 10, 16, 8, 6, 18, 3, 19, 12, 7, 14, 2, 17, 15, 4, 20, 5, 11, 13, 9, 1, 10, 16, 8, 6, 18, 3, 19, 12, 7, 14, 2, 17, 15, 4, 20, 5, 11, 13, 9, 1, 10, 8, 6, 18, 3, 19, 12, 7, 14, 2, 17, 15, 4, 20, 5, 11, 13, 9, 14, 2, 17, 15, 4, 5, 11, 13, 20, 9, 16, 1, 10, 16, 8, 6, 18, 3, 19, 10, 12, 7, 14, 2, 17, 15, 4, 5, 11, 20, 1, 16, 8, 6, 18, 3, 19, 12, 7, 13, 9, 1, 10, 14, 2, 17, 15, 4, 20, 5, 11, 13, 9, 1, 10, 16, 8, 6, 18, 3, 19, 12, 7, 14, 2, 17, 15, 4, 20, 5, 11, 13, 9, 1, 10, 16, 8, 6, 18, 3, 19, 12, 7, 14, 2, 17, 15, 4, 20, 5, 11, 13, 9, 1, 10, 16, 8, 6, 18, 3, 19, 12, 7, 14, 2, 17, 15, 4, 20, 5, 11, 13, 9, 1, 10, 16, 8, 6, 18, 3, 19, 12, 7, 14, 2, 17, 15, 4, 20, 5, 11, 13, 9, 1, 10, 16, 8, 6, 18, 3, 19, 12, 7, 14, 2, 17, 15, 4, 20, 5, 11, 13, 9, 1, 10, 16, 8, 6, 18, 3, 19, 12, 7, 14, 2, 17, 15, 4, 5, 11, 13, 20, 9, 1, 10, 16, 8, 6, 18, 3, 19, 12, 7, 14, 2, 17, 15, 4, 5, 11, 13, 20, 9, 1, 10, 16, 8, 6, 18, 3, 19, 12, 7, 14, 2, 17, 15, 4, 5, 11, 13, 20, 9, 1, 10, 16]
bestever    2316    in generation 1055
[8, 6, 18, 3, 19, 12, 7, 8, 6, 18, 3, 19, 12, 7, 14, 2, 17, 15, 4, 5, 20, 11, 13, 9, 1, 16, 8, 6, 18, 3, 19, 12, 7, 14, 2, 17, 15, 4, 20, 5, 11, 13, 9, 1, 10, 16, 8, 6, 18, 3, 19, 12, 7, 14, 2, 17, 15, 4, 20, 5, 11, 13, 9, 1, 10, 8, 6, 18, 3, 19, 12, 7, 14, 2, 17, 15, 4, 20, 5, 11, 13, 9, 14, 2, 17, 15, 4, 5, 11, 13, 20, 9, 16, 1, 10, 16, 8, 6, 18, 3, 19, 10, 12, 7, 14, 2, 17, 15, 4, 5, 11, 20, 1, 16, 8, 6, 18, 3, 19, 12, 7, 13, 9, 1, 10, 14, 2, 17, 15, 4, 20, 5, 11, 13, 9, 1, 10, 16, 8, 6, 18, 3, 19, 12, 7, 14, 2, 17, 15, 4, 20, 5, 11, 13, 9, 1, 10, 16, 10, 16, 8, 6, 18, 3, 19, 12, 7, 14, 2, 17, 15, 4, 20, 5, 11, 13, 9, 1, 10, 16, 8, 6, 18, 3, 19, 12, 7, 14, 2, 17, 15, 4, 20, 5, 11, 13, 9, 1, 10, 16, 8, 6, 18, 3, 19, 12, 7, 14, 2, 17, 15, 4, 20, 5, 11, 13, 9, 1, 10, 16, 8, 6, 18, 3, 19, 12, 7, 14, 2, 17, 15, 4, 20, 5, 11, 13, 9, 1, 10, 16, 8, 6, 18, 3, 19, 12, 7, 14, 2, 17, 15, 4, 5, 11, 13, 20, 9, 1, 10, 16, 8, 6, 18, 3, 19, 12, 7, 14, 2, 17, 15, 4, 5, 11, 13, 20, 9, 1, 10, 16, 8, 6, 18, 3, 19, 12, 7, 14, 2, 17, 15, 4, 5, 11, 13, 20, 9, 1, 10, 16]
bestever    2300    in generation 1164
[8, 6, 12, 18, 3, 19, 7, 14, 2, 17, 15, 4, 5, 20, 11, 13, 9, 1, 16, 10, 8, 6, 12, 18, 3, 19, 7, 14, 2, 17, 15, 4, 20, 5, 11, 13, 9, 1, 16, 10, 8, 6, 12, 18, 3, 19, 7, 14, 2, 17, 15, 4, 20, 5, 11, 13, 9, 1, 16, 10, 8, 6, 12, 18, 3, 19, 7, 14, 2, 17, 15, 4, 5, 11, 13, 20, 9, 1, 16, 10, 8, 6, 12, 18, 3, 19, 7, 14, 2, 17, 15, 4, 20, 5, 11, 13, 9, 1, 16, 10, 8, 6, 12, 18, 3, 19, 7, 14, 2, 17, 15, 4, 20, 5, 11, 13, 9, 1, 10, 16, 8, 6, 12, 18, 3, 19, 7, 14, 2, 17, 15, 4, 20, 5, 11, 13, 9, 1, 10, 16, 8, 6, 12, 18, 3, 19, 7, 14, 2, 17, 15, 4, 20, 5, 11, 13, 9, 1, 10, 16, 8, 6, 12, 18, 3, 19, 7, 14, 2, 17, 15, 4, 20, 5, 11, 13, 9, 1, 10, 16, 8, 6, 12, 18, 3, 19, 7, 14, 2, 17, 15, 4, 20, 5, 11, 13, 9, 1, 10, 16, 8, 6, 12, 18, 3, 19, 7, 14, 2, 17, 15, 4, 20, 5, 11, 13, 9, 1, 10, 16, 8, 6, 12, 18, 3, 19, 7, 14, 2, 17, 15, 4, 20, 5, 11, 13, 9, 1, 10, 16, 8, 6, 12, 18, 3, 19, 7, 14, 2, 17, 15, 4, 5, 11, 13, 20, 9, 1, 10, 16, 8, 6, 12, 18, 3, 19, 7, 14, 2, 17, 15, 4, 5, 11, 13, 20, 9, 1, 10, 16, 8, 6, 12, 18, 3, 19, 7, 14, 2, 17, 15, 4, 5, 11, 13, 20, 9, 1, 10, 16]
bestever    2277    in generation 1269
[8, 6, 12, 18, 3, 19, 7, 14, 2, 17, 15, 4, 20, 5, 11, 13, 1, 9, 10, 16, 8, 6, 12, 18, 3, 19, 7, 14, 2, 17, 15, 4, 20, 5, 11, 13, 1, 9, 10, 16, 8, 6, 12, 18, 3, 19, 7, 14, 2, 17, 15, 4, 20, 5, 11, 13, 1, 9, 10, 16, 8, 6, 12, 18, 3, 19, 7, 14, 2, 17, 15, 4, 20, 5, 11, 13, 1, 9, 10, 16, 8, 6, 12, 18, 3, 19, 7, 14, 2, 17, 15, 4, 20, 5, 11, 13, 16, 1, 9, 10, 8, 6, 12, 18, 3, 19, 7, 14, 2, 17, 15, 4, 20, 5, 13, 11, 16, 1, 9, 10, 8, 6, 12, 18, 3, 19, 7, 14, 2, 17, 15, 4, 20, 5, 11, 13, 1, 9, 10, 16, 8, 6, 12, 18, 3, 19, 7, 14, 2, 17, 15, 4, 20, 5, 11, 13, 1, 9, 10, 16, 8, 6, 12, 18, 3, 19, 7, 14, 2, 17, 15, 4, 20, 5, 11, 13, 1, 9, 10, 16, 8, 6, 12, 18, 3, 19, 7, 14, 2, 17, 15, 4, 20, 5, 11, 13, 1, 9, 10, 16, 8, 6, 12, 18, 3, 19, 7, 14, 2, 17, 15, 4, 20, 5, 11, 13, 1, 9, 10, 16, 8, 6, 12, 18, 3, 19, 7, 14, 2, 17, 15, 4, 20, 5, 11, 13, 1, 9, 10, 16, 8, 6, 12, 18, 3, 19, 7, 14, 2, 17, 15, 4, 20, 5, 11, 13, 1, 9, 10, 16, 8, 6, 12, 18, 3, 19, 7, 14, 2, 17, 15, 4, 20, 5, 11, 13, 1, 9, 10, 16, 8, 6, 12, 18, 3, 19, 7, 14, 2, 17, 15, 4, 20, 5, 11, 13, 1, 9, 10, 16]
bestever    2264    in generation 1371
[8, 6, 12, 18, 3, 19, 7, 14, 17, 15, 4, 20, 2, 5, 11, 13, 1, 9, 10, 16, 8, 6, 12, 18, 3, 19, 7, 14, 17, 15, 4, 20, 2, 5, 11, 13, 1, 9, 10, 16, 8, 6, 12, 18, 3, 19, 7, 14, 17, 15, 4, 20, 2, 5, 11, 13, 1, 9, 10, 16, 8, 6, 12, 18, 3, 19, 7, 14, 17, 15, 4, 20, 2, 5, 11, 13, 1, 9, 10, 16, 8, 6, 12, 18, 3, 19, 7, 14, 17, 15, 4, 20, 2, 5, 11, 13, 16, 1, 9, 10, 8, 6, 12, 18, 3, 19, 7, 14, 17, 15, 4, 20, 2, 5, 13, 11, 16, 1, 9, 10, 8, 6, 12, 18, 3, 19, 7, 14, 17, 15, 4, 20, 2, 5, 11, 13, 1, 9, 10, 16, 8, 6, 12, 18, 3, 19, 7, 14, 17, 15, 4, 20, 2, 5, 11, 13, 1, 9, 10, 16, 8, 6, 12, 18, 3, 19, 7, 14, 17, 15, 4, 20, 2, 5, 11, 13, 1, 9, 10, 16, 8, 6, 12, 18, 3, 19, 7, 14, 17, 15, 4, 20, 2, 5, 11, 13, 1, 9, 10, 16, 8, 6, 12, 18, 3, 19, 7, 14, 17, 15, 4, 20, 2, 5, 11, 13, 1, 9, 10, 16, 8, 6, 12, 18, 3, 19, 7, 14, 17, 15, 4, 20, 2, 5, 11, 13, 1, 9, 10, 16, 8, 6, 12, 18, 3, 19, 7, 14, 17, 15, 4, 20, 2, 5, 11, 13, 1, 9, 10, 16, 8, 6, 12, 18, 3, 19, 7, 14, 17, 15, 4, 20, 2, 5, 11, 13, 1, 9, 10, 16, 8, 6, 12, 18, 3, 19, 7, 14, 17, 15, 4, 20, 2, 5, 11, 13, 1, 9, 10, 16]
bestever    2246    in generation 1375
[8, 6, 12, 18, 3, 19, 7, 14, 2, 17, 15, 4, 20, 5, 11, 13, 8, 6, 12, 18, 8, 1, 9, 10, 16, 3, 19, 7, 14, 2, 17, 15, 4, 20, 5, 11, 13, 1, 9, 10, 16, 8, 6, 12, 18, 3, 19, 7, 14, 2, 17, 15, 4, 20, 5, 11, 13, 16, 1, 9, 10, 8, 6, 12, 18, 3, 19, 7, 14, 2, 17, 15, 4, 20, 5, 13, 11, 16, 1, 9, 10, 8, 6, 12, 18, 3, 19, 7, 14, 2, 17, 15, 4, 20, 5, 11, 13, 1, 9, 10, 16, 8, 6, 12, 18, 3, 19, 7, 14, 2, 17, 15, 4, 20, 5, 11, 13, 1, 9, 10, 16, 8, 6, 12, 18, 3, 19, 7, 14, 2, 17, 15, 4, 20, 5, 11, 13, 8, 6, 12, 18, 6, 12, 18, 3, 19, 7, 14, 2, 17, 15, 4, 20, 5, 11, 13, 1, 9, 10, 16, 8, 6, 12, 18, 3, 19, 7, 14, 2, 17, 15, 4, 20, 5, 11, 13, 1, 9, 10, 16, 3, 19, 7, 14, 2, 17, 15, 4, 20, 1, 9, 10, 16, 5, 11, 13, 1, 9, 10, 16, 8, 6, 12, 18, 3, 19, 7, 14, 17, 15, 4, 20, 2, 5, 11, 13, 1, 9, 10, 16, 8, 6, 12, 18, 3, 19, 7, 14, 17, 15, 4, 20, 2, 5, 11, 13, 1, 9, 10, 16, 8, 6, 12, 18, 3, 19, 7, 14, 17, 15, 4, 20, 2, 5, 11, 13, 1, 9, 10, 16, 8, 6, 12, 18, 3, 19, 7, 14, 17, 15, 4, 20, 2, 5, 11, 13, 1, 9, 10, 16, 8, 6, 12, 18, 3, 19, 7, 14, 17, 15, 4, 20, 2, 5, 11, 13, 1, 9, 10, 16]
bestever    2234    in generation 1479
[8, 6, 12, 18, 3, 19, 7, 14, 2, 17, 15, 4, 20, 5, 11, 13, 1, 10, 9, 16, 8, 6, 12, 18, 3, 19, 7, 14, 2, 17, 15, 4, 20, 5, 11, 13, 16, 1, 10, 9, 8, 6, 12, 18, 3, 19, 7, 14, 2, 17, 15, 4, 20, 5, 13, 11, 1, 10, 9, 16, 8, 6, 12, 18, 3, 19, 7, 14, 2, 17, 15, 4, 20, 5, 11, 13, 1, 10, 9, 16, 8, 6, 12, 18, 3, 19, 7, 14, 2, 17, 15, 4, 20, 5, 11, 13, 1, 10, 9, 16, 8, 6, 12, 18, 3, 19, 7, 14, 17, 2, 15, 4, 20, 5, 11, 13, 1, 10, 9, 16, 8, 6, 12, 18, 3, 19, 7, 14, 17, 15, 4, 20, 2, 5, 11, 13, 1, 10, 9, 16, 8, 6, 12, 18, 3, 19, 7, 14, 17, 15, 4, 20, 2, 5, 11, 13, 1, 10, 9, 16, 8, 6, 12, 18, 3, 19, 7, 14, 17, 15, 4, 20, 2, 5, 11, 13, 1, 10, 9, 16, 8, 6, 12, 18, 3, 19, 7, 14, 17, 15, 4, 20, 2, 5, 11, 13, 1, 10, 9, 16, 8, 6, 12, 18, 3, 19, 7, 14, 17, 15, 4, 20, 2, 5, 11, 13, 1, 10, 9, 16, 8, 6, 12, 18, 3, 19, 7, 14, 17, 15, 4, 20, 2, 5, 11, 13, 1, 10, 9, 16, 8, 6, 12, 18, 3, 19, 7, 14, 17, 15, 4, 20, 2, 5, 11, 13, 1, 10, 9, 16, 8, 6, 12, 18, 3, 19, 7, 14, 17, 15, 4, 20, 2, 5, 11, 13, 1, 10, 9, 16, 8, 6, 12, 18, 3, 19, 7, 14, 17, 15, 4, 20, 2, 5, 11, 13, 1, 10, 9, 16]
bestever    2182    in generation 1585
[8, 6, 12, 18, 3, 19, 14, 2, 17, 15, 4, 20, 7, 5, 11, 13, 1, 10, 9, 16, 8, 6, 12, 18, 3, 19, 14, 2, 17, 15, 4, 20, 7, 5, 11, 13, 1, 10, 9, 16, 8, 6, 12, 18, 3, 19, 14, 2, 17, 15, 4, 20, 7, 5, 11, 13, 1, 10, 9, 16, 8, 6, 12, 18, 3, 19, 14, 2, 17, 15, 4, 20, 7, 5, 11, 13, 1, 10, 9, 16, 8, 6, 12, 18, 3, 19, 14, 17, 15, 4, 20, 2, 7, 5, 11, 13, 1, 10, 9, 16, 8, 6, 12, 18, 3, 19, 14, 17, 15, 4, 20, 2, 7, 5, 11, 13, 1, 10, 9, 16, 8, 6, 12, 18, 3, 19, 14, 17, 15, 4, 20, 2, 7, 5, 11, 13, 1, 10, 9, 16, 8, 6, 12, 18, 3, 19, 14, 17, 15, 4, 20, 2, 7, 5, 11, 13, 1, 10, 9, 16, 8, 6, 12, 18, 3, 19, 14, 17, 15, 4, 20, 2, 7, 5, 11, 13, 1, 10, 9, 16, 8, 6, 12, 18, 3, 19, 14, 17, 15, 4, 20, 2, 7, 5, 11, 13, 1, 10, 9, 16, 8, 6, 12, 18, 3, 19, 14, 17, 15, 4, 20, 2, 7, 5, 11, 13, 1, 10, 9, 16, 8, 6, 12, 18, 3, 19, 14, 17, 15, 4, 20, 2, 7, 5, 11, 13, 1, 10, 9, 16, 8, 6, 12, 18, 3, 19, 14, 17, 15, 4, 20, 2, 7, 5, 11, 13, 1, 10, 9, 16, 8, 6, 12, 18, 3, 19, 14, 17, 15, 4, 20, 2, 7, 5, 11, 13, 1, 10, 9, 16, 8, 6, 12, 18, 3, 19, 14, 17, 15, 4, 20, 2, 7, 5, 11, 13, 1, 10, 9, 16]
bestever    2145    in generation 1693
[8, 6, 12, 18, 3, 19, 14, 2, 17, 15, 4, 20, 7, 5, 11, 13, 10, 9, 16, 1, 8, 6, 12, 18, 3, 19, 14, 2, 17, 15, 4, 20, 7, 5, 11, 13, 10, 9, 16, 1, 8, 6, 12, 18, 3, 19, 14, 2, 17, 15, 4, 20, 7, 5, 11, 13, 10, 9, 16, 1, 8, 6, 12, 18, 3, 19, 14, 17, 15, 4, 20, 2, 7, 5, 11, 13, 10, 9, 16, 1, 8, 6, 12, 18, 3, 19, 14, 17, 15, 4, 20, 2, 7, 5, 11, 13, 10, 9, 16, 1, 8, 6, 12, 18, 3, 19, 14, 17, 15, 4, 20, 2, 7, 5, 11, 13, 10, 9, 16, 1, 8, 6, 12, 18, 3, 19, 14, 17, 15, 4, 20, 2, 7, 5, 11, 13, 10, 9, 16, 1, 8, 6, 12, 18, 3, 19, 14, 17, 15, 4, 20, 2, 7, 5, 11, 13, 10, 9, 16, 1, 8, 6, 12, 18, 3, 19, 14, 17, 15, 4, 20, 2, 7, 5, 11, 13, 10, 9, 16, 1, 8, 6, 12, 18, 3, 19, 14, 17, 15, 4, 20, 2, 7, 5, 11, 13, 10, 9, 16, 1, 8, 6, 12, 18, 3, 19, 14, 17, 15, 4, 20, 2, 7, 5, 11, 13, 10, 9, 16, 1, 8, 6, 12, 18, 3, 19, 14, 17, 15, 4, 20, 2, 7, 5, 11, 13, 10, 9, 16, 1, 8, 6, 12, 18, 3, 19, 14, 17, 15, 4, 20, 2, 7, 5, 11, 13, 10, 9, 16, 1, 8, 6, 12, 18, 3, 19, 14, 17, 15, 4, 20, 2, 7, 5, 11, 13, 10, 9, 16, 1, 8, 6, 12, 18, 3, 19, 14, 17, 15, 4, 20, 2, 7, 5, 11, 13, 10, 9, 16, 1]
bestever    2139    in generation 1795
[8, 6, 12, 18, 3, 19, 14, 2, 17, 15, 4, 10, 20, 7, 5, 11, 13, 9, 16, 1, 8, 6, 12, 18, 3, 19, 14, 2, 17, 15, 4, 10, 20, 7, 5, 11, 13, 9, 16, 1, 8, 6, 12, 18, 3, 19, 14, 17, 15, 4, 20, 10, 2, 7, 5, 11, 13, 9, 16, 1, 8, 6, 12, 18, 3, 19, 14, 17, 15, 4, 20, 10, 2, 7, 5, 11, 13, 9, 16, 1, 8, 6, 12, 18, 3, 19, 14, 17, 15, 4, 20, 10, 2, 7, 5, 11, 13, 9, 16, 1, 8, 6, 12, 18, 3, 19, 14, 17, 15, 4, 20, 10, 2, 7, 5, 11, 13, 9, 16, 1, 8, 6, 12, 18, 3, 19, 14, 17, 15, 4, 20, 10, 2, 7, 5, 11, 13, 9, 16, 1, 8, 6, 12, 18, 3, 19, 14, 17, 15, 4, 20, 10, 2, 7, 5, 11, 13, 9, 16, 1, 8, 6, 12, 18, 3, 19, 14, 17, 15, 4, 20, 10, 2, 7, 5, 11, 13, 9, 16, 1, 8, 6, 12, 18, 3, 19, 14, 17, 15, 4, 20, 10, 2, 7, 5, 11, 13, 9, 16, 1, 8, 6, 12, 18, 3, 19, 14, 17, 15, 4, 20, 10, 2, 7, 5, 11, 13, 9, 16, 1, 8, 6, 12, 18, 3, 19, 14, 17, 15, 4, 20, 10, 2, 7, 5, 11, 13, 9, 16, 1, 8, 6, 12, 18, 3, 19, 14, 17, 15, 4, 20, 10, 2, 7, 5, 11, 13, 9, 16, 1, 8, 6, 12, 18, 3, 19, 14, 17, 15, 4, 20, 10, 2, 7, 5, 11, 13, 9, 16, 1, 8, 6, 12, 18, 3, 19, 14, 17, 15, 4, 20, 10, 2, 7, 5, 11, 13, 9, 16, 1]
bestever    2135    in generation 1908
[8, 6, 12, 18, 3, 19, 17, 14, 2, 15, 4, 10, 20, 7, 5, 11, 13, 9, 16, 1, 8, 6, 12, 18, 3, 19, 17, 14, 2, 15, 4, 10, 20, 7, 5, 11, 13, 9, 16, 1, 8, 6, 12, 18, 3, 17, 19, 14, 15, 4, 20, 10, 2, 7, 5, 11, 13, 9, 16, 1, 8, 6, 12, 18, 3, 17, 19, 14, 15, 4, 20, 10, 2, 7, 5, 11, 13, 9, 16, 1, 8, 6, 12, 18, 3, 17, 19, 14, 15, 4, 20, 10, 2, 7, 5, 11, 13, 9, 16, 1, 8, 6, 12, 18, 3, 17, 19, 14, 15, 4, 20, 10, 2, 7, 5, 11, 13, 9, 16, 1, 8, 6, 12, 18, 3, 17, 19, 14, 15, 4, 20, 10, 2, 7, 5, 11, 13, 9, 16, 1, 8, 6, 12, 18, 3, 17, 19, 14, 15, 4, 20, 10, 2, 7, 5, 11, 13, 9, 16, 1, 8, 6, 12, 18, 3, 17, 19, 14, 15, 4, 20, 10, 2, 7, 5, 11, 13, 9, 16, 1, 8, 6, 12, 18, 3, 17, 19, 14, 15, 4, 20, 10, 2, 7, 5, 11, 13, 9, 16, 1, 8, 6, 12, 18, 3, 17, 19, 14, 15, 4, 20, 10, 2, 7, 5, 11, 13, 9, 16, 1, 8, 6, 12, 18, 3, 17, 19, 14, 15, 4, 20, 10, 2, 7, 5, 11, 13, 9, 16, 1, 8, 6, 12, 18, 3, 17, 19, 14, 15, 4, 20, 10, 2, 7, 5, 11, 13, 9, 16, 1, 8, 6, 12, 18, 3, 17, 19, 14, 15, 4, 20, 10, 2, 7, 5, 11, 13, 9, 16, 1, 8, 6, 12, 18, 3, 17, 19, 14, 15, 4, 20, 10, 2, 7, 5, 11, 13, 9, 16, 1]
bestever    2123    in generation 2018
[8, 6, 12, 18, 3, 19, 14, 17, 15, 4, 20, 10, 2, 7, 5, 11, 13, 9, 16, 1, 8, 6, 12, 18, 3, 19, 17, 14, 15, 4, 20, 10, 2, 7, 5, 11, 13, 9, 16, 1, 8, 6, 12, 18, 3, 19, 17, 14, 15, 4, 20, 10, 2, 7, 5, 11, 13, 9, 16, 1, 8, 6, 12, 18, 3, 19, 17, 14, 15, 4, 20, 10, 2, 7, 5, 13, 9, 16, 11, 1, 8, 6, 12, 18, 3, 19, 17, 14, 15, 4, 20, 10, 2, 7, 5, 11, 13, 9, 16, 1, 8, 6, 12, 18, 3, 19, 17, 14, 15, 4, 20, 10, 2, 7, 5, 11, 13, 9, 16, 1, 8, 6, 12, 18, 3, 19, 17, 14, 15, 4, 20, 10, 2, 7, 5, 11, 13, 9, 16, 1, 8, 6, 12, 18, 3, 19, 17, 14, 15, 4, 20, 10, 2, 7, 5, 11, 13, 9, 16, 1, 8, 6, 12, 18, 3, 19, 17, 14, 15, 4, 20, 10, 2, 7, 5, 11, 13, 9, 16, 1, 8, 6, 12, 18, 3, 19, 17, 14, 15, 4, 20, 10, 2, 7, 5, 11, 13, 9, 16, 1, 8, 6, 12, 18, 3, 19, 17, 14, 15, 4, 20, 10, 2, 7, 5, 11, 13, 9, 16, 1, 8, 6, 12, 18, 3, 19, 17, 14, 15, 4, 20, 10, 2, 7, 5, 11, 13, 9, 16, 1, 8, 6, 12, 18, 3, 19, 17, 14, 15, 4, 20, 10, 2, 7, 5, 11, 13, 9, 16, 1, 8, 6, 12, 18, 3, 19, 17, 14, 15, 4, 20, 10, 2, 7, 5, 11, 13, 9, 16, 1, 8, 6, 12, 18, 3, 19, 17, 14, 15, 4, 20, 10, 2, 7, 5, 11, 13, 9, 16, 1]
bestever    2121    in generation 2026
[8, 6, 12, 18, 3, 19, 17, 14, 15, 4, 20, 10, 2, 7, 5, 11, 13, 9, 16, 1, 8, 6, 12, 18, 3, 19, 17, 14, 15, 4, 20, 10, 2, 7, 5, 11, 13, 9, 16, 1, 8, 6, 12, 18, 3, 19, 17, 14, 15, 4, 20, 10, 2, 7, 5, 11, 13, 9, 16, 1, 8, 6, 12, 18, 3, 19, 17, 14, 15, 4, 20, 10, 2, 7, 5, 13, 9, 16, 11, 1, 8, 6, 12, 18, 3, 19, 17, 14, 15, 4, 20, 10, 2, 7, 5, 11, 13, 9, 16, 1, 8, 6, 12, 18, 3, 19, 17, 14, 15, 4, 20, 10, 2, 7, 5, 11, 13, 9, 16, 1, 8, 6, 12, 18, 3, 19, 17, 14, 15, 4, 20, 10, 2, 7, 5, 11, 13, 9, 16, 1, 8, 6, 12, 18, 3, 19, 17, 14, 15, 4, 20, 10, 2, 7, 5, 11, 13, 9, 16, 1, 8, 6, 12, 18, 3, 19, 17, 14, 15, 4, 20, 10, 2, 7, 5, 11, 13, 9, 16, 1, 8, 6, 12, 18, 3, 19, 17, 14, 15, 4, 20, 10, 2, 7, 5, 11, 13, 9, 16, 1, 8, 6, 12, 18, 3, 19, 17, 14, 15, 4, 20, 10, 2, 7, 5, 11, 13, 9, 16, 1, 8, 6, 12, 18, 3, 19, 17, 14, 15, 4, 20, 10, 2, 7, 5, 11, 13, 9, 16, 1, 8, 6, 12, 18, 3, 19, 17, 14, 15, 4, 20, 10, 2, 7, 5, 11, 13, 9, 16, 1, 8, 6, 12, 18, 3, 19, 17, 14, 15, 4, 20, 8, 6, 12, 18, 3, 19, 17, 14, 15, 4, 20, 10, 2, 7, 5, 11, 13, 9, 16, 1, 10, 2, 7, 5, 11, 13, 9, 16, 1]
bestever    2104    in generation 2131
[8, 6, 12, 18, 3, 19, 17, 15, 14, 4, 20, 10, 2, 7, 5, 11, 13, 9, 16, 1, 8, 6, 12, 18, 3, 19, 17, 15, 14, 4, 20, 10, 2, 7, 5, 11, 13, 9, 16, 1, 8, 6, 12, 18, 3, 19, 17, 15, 14, 4, 20, 10, 2, 7, 5, 11, 13, 9, 16, 1, 8, 6, 12, 18, 3, 19, 17, 15, 14, 4, 20, 10, 2, 7, 5, 11, 13, 9, 16, 1, 8, 6, 12, 18, 3, 19, 17, 15, 14, 4, 20, 10, 2, 7, 5, 11, 13, 9, 16, 1, 8, 6, 12, 18, 3, 19, 17, 15, 14, 4, 20, 10, 2, 7, 5, 11, 13, 9, 16, 1, 8, 6, 12, 18, 3, 19, 17, 15, 14, 4, 20, 10, 2, 7, 5, 11, 13, 9, 16, 1, 8, 6, 12, 18, 3, 19, 17, 15, 14, 4, 20, 10, 2, 7, 5, 11, 13, 9, 16, 1, 8, 6, 12, 18, 3, 19, 17, 15, 14, 4, 20, 10, 2, 7, 5, 11, 13, 9, 16, 1, 8, 6, 12, 18, 3, 19, 17, 15, 14, 4, 20, 10, 2, 7, 5, 11, 13, 9, 16, 1, 8, 6, 12, 18, 3, 19, 17, 15, 14, 4, 20, 10, 2, 7, 5, 11, 13, 9, 16, 1, 8, 6, 12, 18, 3, 19, 17, 15, 14, 4, 20, 10, 2, 7, 5, 11, 13, 9, 16, 1, 8, 6, 12, 18, 3, 19, 17, 15, 14, 4, 20, 10, 2, 7, 5, 11, 13, 9, 16, 1, 8, 6, 12, 18, 3, 19, 17, 15, 14, 4, 20, 10, 2, 7, 5, 11, 13, 9, 16, 1, 8, 6, 12, 18, 3, 19, 17, 15, 14, 4, 20, 10, 2, 7, 5, 11, 13, 9, 16, 1]
bestever    2082    in generation 2237
[8, 6, 12, 18, 3, 19, 17, 15, 14, 4, 20, 10, 7, 5, 1, 11, 13, 9, 2, 16, 8, 6, 12, 18, 3, 19, 17, 15, 14, 4, 20, 10, 7, 5, 11, 1, 13, 9, 2, 16, 8, 6, 12, 18, 3, 19, 17, 15, 14, 4, 20, 10, 7, 5, 1, 11, 13, 9, 2, 16, 8, 6, 12, 18, 3, 19, 17, 15, 14, 4, 20, 10, 7, 5, 11, 13, 9, 16, 2, 1, 8, 6, 12, 18, 3, 19, 17, 15, 14, 4, 20, 10, 7, 5, 11, 13, 9, 16, 2, 1, 8, 6, 12, 18, 3, 19, 17, 15, 14, 4, 20, 10, 7, 5, 11, 13, 9, 16, 2, 1, 8, 6, 12, 18, 3, 19, 17, 15, 14, 4, 20, 10, 7, 5, 11, 13, 9, 16, 2, 1, 8, 6, 12, 18, 3, 19, 17, 15, 14, 4, 20, 10, 7, 5, 11, 13, 9, 16, 2, 1, 8, 6, 12, 18, 3, 19, 17, 15, 14, 4, 20, 10, 7, 5, 11, 13, 9, 16, 2, 1, 8, 6, 12, 18, 3, 19, 17, 15, 14, 4, 20, 10, 7, 5, 11, 13, 9, 16, 2, 1, 8, 6, 12, 18, 3, 19, 17, 15, 14, 4, 20, 10, 7, 5, 11, 13, 9, 16, 2, 1, 8, 6, 12, 18, 3, 19, 17, 15, 14, 4, 20, 10, 7, 5, 11, 13, 9, 16, 2, 1, 8, 6, 12, 18, 3, 19, 17, 15, 14, 4, 20, 10, 7, 5, 11, 13, 9, 16, 2, 1, 8, 6, 12, 18, 3, 19, 17, 15, 14, 4, 20, 10, 7, 5, 11, 13, 9, 16, 2, 1, 8, 6, 12, 18, 3, 19, 17, 15, 14, 4, 20, 10, 7, 5, 11, 13, 9, 16, 2, 1]
bestever    2079    in generation 2339
[8, 6, 12, 18, 3, 15, 19, 17, 14, 4, 20, 10, 7, 5, 1, 11, 13, 9, 2, 16, 8, 6, 12, 18, 3, 15, 19, 17, 14, 4, 20, 10, 7, 5, 11, 13, 9, 16, 2, 1, 8, 6, 12, 18, 3, 15, 19, 17, 14, 4, 20, 10, 7, 5, 11, 13, 9, 16, 2, 1, 8, 6, 12, 18, 3, 15, 19, 17, 14, 4, 20, 10, 7, 5, 11, 13, 9, 16, 2, 1, 8, 6, 12, 18, 3, 15, 19, 17, 14, 4, 20, 10, 7, 5, 11, 13, 9, 16, 2, 1, 8, 6, 12, 18, 3, 15, 19, 17, 14, 4, 20, 10, 7, 5, 11, 13, 9, 16, 2, 1, 8, 6, 12, 18, 3, 15, 19, 17, 14, 4, 20, 10, 7, 5, 11, 13, 9, 16, 2, 1, 8, 6, 12, 18, 3, 15, 19, 17, 14, 4, 20, 10, 7, 5, 11, 13, 9, 16, 2, 1, 8, 6, 12, 18, 3, 15, 19, 17, 14, 4, 20, 10, 7, 5, 11, 13, 9, 16, 2, 1, 8, 6, 12, 18, 3, 15, 19, 17, 14, 4, 20, 10, 7, 5, 11, 13, 9, 16, 2, 1, 8, 6, 12, 18, 3, 15, 19, 17, 14, 4, 20, 10, 7, 5, 11, 13, 9, 16, 2, 1, 8, 6, 12, 18, 3, 15, 19, 17, 14, 4, 20, 10, 7, 5, 11, 13, 9, 16, 2, 1, 8, 6, 12, 18, 3, 15, 19, 17, 14, 4, 20, 10, 7, 5, 11, 13, 9, 16, 2, 1, 8, 6, 12, 18, 3, 15, 19, 17, 14, 4, 20, 10, 7, 5, 11, 13, 9, 16, 2, 1, 8, 6, 12, 18, 3, 15, 19, 17, 14, 4, 20, 10, 7, 5, 11, 13, 9, 16, 2, 1]
bestever    2072    in generation 2638
[8, 6, 12, 18, 3, 15, 17, 19, 14, 4, 20, 10, 13, 7, 5, 11, 16, 9, 1, 2, 8, 6, 12, 18, 3, 15, 17, 19, 14, 4, 20, 10, 7, 13, 5, 16, 11, 9, 2, 1, 8, 6, 12, 18, 3, 15, 17, 19, 14, 4, 20, 10, 7, 13, 5, 16, 11, 9, 2, 1, 8, 6, 12, 18, 3, 15, 19, 17, 14, 4, 20, 10, 7, 13, 5, 16, 11, 9, 2, 1, 8, 6, 12, 18, 3, 15, 19, 17, 14, 4, 20, 10, 7, 13, 5, 16, 11, 9, 2, 1, 8, 6, 12, 18, 3, 15, 19, 17, 14, 4, 20, 10, 7, 13, 5, 16, 11, 9, 2, 1, 8, 6, 12, 18, 3, 15, 19, 17, 14, 4, 20, 10, 7, 13, 5, 16, 11, 9, 2, 1, 8, 6, 12, 18, 3, 15, 19, 17, 14, 4, 20, 10, 7, 13, 5, 16, 11, 9, 2, 1, 8, 6, 12, 18, 3, 15, 19, 17, 14, 4, 20, 10, 7, 13, 5, 16, 11, 9, 2, 1, 8, 6, 12, 18, 3, 15, 19, 17, 14, 4, 20, 10, 7, 13, 5, 16, 11, 9, 2, 1, 8, 6, 12, 18, 3, 15, 19, 17, 14, 4, 20, 10, 7, 13, 5, 16, 11, 9, 2, 1, 8, 6, 12, 18, 3, 15, 19, 17, 14, 4, 20, 10, 7, 13, 5, 16, 11, 9, 2, 1, 8, 6, 12, 18, 3, 15, 19, 17, 14, 4, 20, 10, 7, 13, 5, 16, 11, 9, 2, 1, 8, 6, 12, 18, 3, 15, 19, 17, 14, 4, 20, 10, 7, 13, 5, 16, 11, 9, 2, 1, 8, 6, 12, 18, 3, 15, 19, 17, 14, 20, 4, 10, 7, 13, 5, 16, 11, 9, 2, 1]
bestever    2069    in generation 2747
[8, 6, 12, 18, 3, 15, 19, 17, 14, 4, 20, 10, 13, 7, 5, 11, 16, 9, 2, 1, 8, 6, 12, 18, 3, 15, 19, 17, 14, 4, 20, 10, 7, 13, 5, 16, 11, 9, 2, 1, 8, 6, 12, 18, 3, 19, 15, 17, 14, 4, 20, 10, 7, 13, 5, 16, 11, 9, 2, 1, 8, 6, 12, 18, 3, 19, 15, 17, 14, 4, 20, 10, 7, 13, 5, 16, 11, 9, 2, 1, 8, 6, 12, 18, 3, 19, 15, 17, 14, 4, 20, 10, 7, 13, 5, 16, 11, 9, 2, 1, 8, 6, 12, 18, 3, 19, 15, 17, 14, 4, 20, 10, 7, 13, 5, 16, 11, 9, 2, 1, 8, 6, 12, 18, 3, 19, 15, 17, 14, 4, 20, 10, 7, 13, 5, 16, 11, 9, 2, 1, 8, 6, 12, 18, 3, 19, 15, 17, 14, 4, 20, 10, 7, 13, 5, 16, 11, 9, 2, 1, 8, 6, 12, 18, 3, 19, 15, 17, 14, 4, 20, 10, 7, 13, 5, 16, 11, 9, 2, 1, 8, 6, 12, 18, 3, 19, 15, 17, 14, 4, 20, 10, 7, 13, 5, 16, 11, 9, 2, 1, 8, 6, 12, 18, 3, 19, 15, 17, 14, 4, 20, 10, 7, 13, 5, 16, 11, 9, 2, 1, 8, 6, 12, 18, 3, 19, 15, 17, 14, 4, 20, 10, 7, 13, 5, 16, 11, 9, 2, 1, 8, 6, 12, 18, 3, 19, 15, 17, 14, 4, 20, 10, 7, 13, 5, 16, 11, 9, 2, 1, 8, 6, 12, 18, 3, 19, 15, 17, 14, 4, 20, 10, 7, 13, 5, 16, 11, 9, 2, 1, 8, 6, 12, 18, 3, 19, 15, 17, 14, 20, 4, 10, 7, 13, 5, 16, 11, 9, 2, 1]
bestever    2056    in generation 2856
[8, 6, 12, 18, 3, 15, 19, 13, 17, 14, 4, 20, 10, 7, 5, 11, 16, 9, 2, 1, 8, 6, 12, 18, 3, 15, 19, 17, 13, 14, 4, 20, 10, 7, 5, 16, 11, 9, 2, 1, 8, 6, 12, 18, 3, 19, 15, 17, 13, 14, 4, 20, 10, 7, 5, 16, 11, 9, 2, 1, 8, 6, 12, 18, 3, 19, 15, 17, 13, 14, 4, 20, 10, 7, 5, 16, 11, 9, 2, 1, 8, 6, 12, 18, 3, 19, 15, 17, 13, 14, 4, 20, 10, 7, 5, 16, 11, 9, 2, 1, 8, 6, 12, 18, 3, 19, 15, 17, 13, 14, 4, 20, 10, 7, 5, 16, 11, 9, 2, 1, 8, 6, 12, 18, 3, 19, 15, 17, 13, 14, 4, 20, 10, 7, 5, 16, 11, 9, 2, 1, 8, 6, 12, 18, 3, 19, 15, 17, 13, 14, 4, 20, 10, 7, 5, 16, 11, 9, 2, 1, 8, 6, 12, 18, 3, 19, 15, 17, 13, 14, 4, 20, 10, 7, 5, 16, 11, 9, 2, 1, 8, 6, 12, 18, 3, 19, 15, 17, 13, 14, 4, 20, 10, 7, 5, 16, 11, 9, 2, 1, 8, 6, 12, 18, 3, 19, 15, 17, 13, 14, 4, 20, 10, 7, 5, 16, 11, 9, 2, 1, 8, 6, 12, 18, 3, 19, 15, 17, 13, 14, 4, 20, 10, 7, 5, 16, 11, 9, 2, 1, 8, 6, 12, 18, 3, 19, 15, 17, 13, 14, 4, 20, 10, 7, 5, 16, 11, 9, 2, 1, 8, 6, 12, 18, 3, 19, 15, 17, 13, 14, 4, 20, 10, 7, 5, 16, 11, 9, 2, 1, 8, 6, 12, 18, 3, 19, 15, 17, 13, 14, 20, 4, 10, 7, 5, 16, 11, 9, 2, 1]
bestever    2054    in generation 2972
[8, 6, 12, 18, 3, 15, 19, 13, 17, 14, 4, 10, 7, 5, 20, 11, 2, 16, 9, 1, 8, 6, 12, 18, 3, 15, 19, 17, 13, 14, 4, 10, 7, 5, 20, 16, 2, 11, 9, 1, 8, 6, 12, 18, 3, 19, 15, 17, 13, 14, 4, 10, 7, 5, 20, 16, 2, 11, 9, 1, 8, 6, 12, 18, 3, 19, 15, 17, 13, 14, 4, 10, 7, 5, 20, 16, 2, 11, 9, 1, 8, 6, 12, 18, 3, 19, 15, 17, 13, 14, 4, 10, 7, 5, 20, 16, 2, 11, 9, 1, 8, 6, 12, 18, 3, 19, 15, 17, 13, 14, 4, 10, 7, 5, 20, 16, 2, 11, 9, 1, 8, 6, 12, 18, 3, 19, 15, 17, 13, 14, 4, 10, 7, 5, 20, 16, 2, 11, 9, 1, 8, 6, 12, 18, 3, 19, 15, 17, 13, 14, 4, 10, 7, 5, 20, 16, 2, 11, 9, 1, 8, 6, 12, 18, 3, 19, 15, 17, 13, 14, 4, 10, 7, 5, 20, 16, 2, 11, 9, 1, 8, 6, 12, 18, 3, 19, 15, 17, 13, 14, 4, 10, 7, 5, 20, 16, 2, 11, 9, 1, 8, 6, 12, 18, 3, 19, 15, 17, 13, 14, 4, 10, 7, 5, 20, 16, 2, 11, 9, 1, 8, 6, 12, 18, 3, 19, 15, 17, 13, 14, 4, 10, 7, 5, 20, 16, 2, 11, 9, 1, 8, 6, 12, 18, 3, 19, 15, 17, 13, 14, 4, 10, 7, 5, 20, 16, 2, 11, 9, 1, 8, 6, 12, 18, 3, 19, 15, 17, 13, 14, 4, 10, 7, 5, 20, 16, 2, 11, 9, 1, 8, 6, 12, 18, 3, 19, 15, 17, 13, 14, 4, 10, 7, 20, 5, 16, 2, 11, 9, 1]
bestever    2024    in generation 3126
[8, 6, 12, 18, 3, 19, 15, 17, 13, 4, 14, 10, 2, 7, 5, 20, 16, 11, 9, 1, 8, 6, 12, 18, 3, 19, 15, 17, 13, 4, 14, 10, 2, 7, 5, 20, 16, 11, 9, 1, 8, 6, 12, 18, 3, 19, 15, 17, 13, 4, 14, 2, 10, 7, 5, 20, 16, 11, 9, 1, 8, 6, 12, 18, 3, 19, 15, 17, 13, 4, 14, 10, 2, 7, 5, 20, 16, 11, 9, 1, 8, 6, 12, 18, 3, 19, 15, 17, 13, 4, 14, 10, 2, 7, 5, 20, 16, 11, 9, 1, 8, 6, 12, 18, 3, 19, 15, 17, 13, 4, 14, 10, 2, 7, 5, 20, 16, 11, 9, 1, 8, 6, 12, 18, 3, 19, 15, 17, 13, 4, 14, 10, 2, 7, 5, 20, 16, 11, 9, 1, 8, 6, 12, 18, 3, 19, 15, 17, 13, 4, 14, 10, 2, 7, 5, 20, 16, 11, 9, 1, 8, 6, 12, 18, 3, 19, 15, 17, 13, 4, 14, 10, 2, 7, 5, 20, 16, 11, 9, 1, 8, 6, 12, 18, 3, 19, 15, 17, 13, 4, 14, 10, 2, 7, 5, 20, 16, 11, 9, 1, 8, 6, 12, 18, 3, 19, 15, 17, 13, 4, 14, 10, 2, 7, 5, 20, 16, 11, 9, 1, 8, 6, 12, 18, 3, 19, 15, 17, 13, 4, 14, 10, 2, 7, 5, 20, 16, 11, 9, 1, 8, 6, 12, 18, 3, 19, 15, 17, 13, 4, 14, 10, 2, 7, 5, 20, 16, 11, 9, 1, 8, 6, 12, 18, 3, 19, 15, 17, 13, 4, 14, 10, 2, 7, 5, 20, 16, 11, 9, 1, 8, 6, 12, 18, 3, 19, 15, 17, 13, 4, 14, 10, 2, 7, 5, 20, 16, 11, 9, 1]
bestever    2023    in generation 3246
[8, 6, 12, 18, 3, 19, 17, 15, 13, 4, 14, 10, 2, 7, 20, 5, 16, 11, 9, 1, 8, 6, 12, 18, 3, 19, 17, 15, 13, 4, 14, 10, 2, 7, 20, 5, 16, 11, 9, 1, 8, 6, 12, 18, 3, 19, 17, 15, 13, 4, 14, 10, 2, 7, 20, 5, 16, 11, 9, 1, 8, 6, 12, 18, 3, 19, 17, 15, 13, 4, 14, 10, 2, 7, 20, 5, 16, 11, 9, 1, 8, 6, 12, 18, 3, 19, 17, 15, 13, 4, 14, 10, 2, 7, 20, 5, 16, 11, 9, 1, 8, 6, 12, 18, 3, 19, 17, 15, 13, 4, 14, 10, 2, 7, 20, 5, 16, 11, 9, 1, 8, 6, 12, 18, 3, 19, 17, 15, 13, 4, 14, 10, 2, 7, 20, 5, 16, 11, 9, 1, 8, 6, 12, 18, 3, 19, 17, 15, 13, 4, 14, 10, 2, 7, 5, 20, 16, 11, 9, 1, 8, 6, 12, 18, 3, 19, 17, 15, 13, 4, 14, 10, 2, 7, 5, 20, 16, 11, 9, 1, 8, 6, 12, 18, 3, 19, 17, 15, 13, 4, 14, 10, 2, 7, 5, 20, 16, 11, 9, 1, 8, 6, 12, 18, 3, 19, 17, 15, 13, 4, 14, 10, 2, 7, 5, 20, 16, 11, 9, 1, 8, 6, 12, 18, 3, 19, 17, 15, 13, 4, 14, 10, 2, 7, 5, 20, 16, 11, 9, 1, 8, 6, 12, 18, 3, 19, 17, 15, 13, 4, 14, 10, 2, 7, 5, 20, 16, 11, 9, 1, 8, 6, 12, 18, 3, 19, 17, 15, 13, 4, 14, 10, 2, 7, 5, 20, 16, 11, 9, 1, 8, 6, 12, 18, 3, 19, 17, 15, 13, 4, 14, 10, 2, 7, 20, 5, 16, 11, 9, 1]
bestever    2020    in generation 4393
[8, 4, 6, 12, 18, 3, 19, 13, 17, 15, 14, 2, 10, 7, 5, 20, 16, 11, 1, 9, 8, 4, 6, 12, 18, 3, 19, 13, 17, 15, 14, 2, 10, 7, 5, 20, 16, 11, 1, 9, 8, 4, 6, 12, 18, 3, 19, 13, 17, 15, 14, 2, 10, 5, 7, 20, 16, 11, 1, 9, 8, 4, 6, 12, 18, 3, 19, 13, 17, 15, 14, 2, 10, 5, 7, 20, 16, 11, 1, 9, 8, 4, 6, 12, 18, 3, 19, 13, 17, 15, 14, 2, 10, 5, 7, 20, 16, 11, 1, 9, 8, 4, 6, 12, 18, 3, 19, 13, 17, 15, 14, 2, 10, 5, 7, 20, 16, 11, 1, 9, 8, 4, 6, 12, 18, 3, 19, 13, 17, 15, 14, 2, 10, 7, 5, 20, 16, 11, 1, 9, 8, 4, 6, 12, 18, 3, 19, 13, 17, 15, 14, 2, 10, 7, 5, 20, 16, 11, 1, 9, 8, 4, 6, 12, 18, 3, 19, 13, 17, 15, 14, 2, 10, 7, 5, 20, 16, 11, 1, 9, 8, 4, 6, 12, 18, 3, 19, 13, 17, 15, 14, 2, 10, 7, 5, 20, 16, 11, 1, 9, 8, 4, 6, 12, 18, 3, 19, 13, 17, 15, 14, 2, 10, 7, 5, 20, 16, 11, 1, 9, 8, 4, 6, 12, 18, 3, 19, 13, 17, 15, 14, 2, 10, 7, 5, 20, 16, 11, 1, 9, 8, 4, 6, 12, 18, 3, 19, 13, 17, 15, 14, 2, 10, 7, 5, 20, 16, 11, 1, 9, 8, 4, 6, 12, 18, 3, 19, 13, 17, 15, 14, 2, 10, 7, 5, 20, 16, 11, 1, 9, 8, 4, 6, 12, 18, 3, 19, 13, 17, 15, 14, 2, 10, 7, 5, 16, 20, 11, 1, 9]
bestever    2016    in generation 4412
[8, 4, 6, 12, 18, 3, 19, 13, 17, 15, 14, 2, 10, 7, 5, 20, 16, 11, 1, 9, 8, 4, 6, 12, 18, 3, 19, 13, 17, 15, 14, 2, 8, 10, 7, 4, 6, 12, 18, 3, 19, 13, 17, 15, 14, 2, 10, 7, 8, 4, 6, 12, 8, 4, 6, 12, 18, 3, 19, 13, 8, 4, 6, 12, 18, 17, 15, 14, 2, 10, 7, 5, 20, 16, 11, 1, 9, 3, 19, 13, 17, 15, 14, 2, 10, 7, 8, 4, 6, 12, 8, 4, 6, 12, 18, 3, 19, 13, 17, 15, 14, 2, 10, 7, 5, 20, 16, 11, 1, 9, 5, 20, 16, 11, 1, 9, 18, 3, 19, 13, 17, 15, 14, 2, 10, 7, 5, 20, 16, 11, 1, 9, 8, 4, 6, 12, 18, 3, 19, 13, 17, 15, 14, 2, 10, 7, 5, 20, 16, 11, 1, 9, 5, 20, 16, 11, 1, 9, 5, 20, 16, 11, 1, 9, 18, 3, 19, 13, 17, 15, 14, 2, 10, 7, 5, 20, 16, 11, 1, 9, 8, 4, 6, 12, 18, 3, 19, 13, 17, 15, 14, 2, 10, 7, 5, 20, 16, 11, 1, 9, 8, 4, 6, 12, 18, 3, 19, 13, 17, 15, 14, 2, 10, 7, 5, 20, 16, 11, 1, 9, 8, 4, 6, 12, 18, 3, 19, 13, 17, 15, 14, 2, 10, 7, 5, 20, 16, 11, 1, 9, 8, 4, 6, 12, 18, 3, 19, 13, 17, 15, 14, 2, 10, 7, 5, 20, 16, 11, 1, 9, 8, 4, 6, 12, 18, 3, 19, 13, 17, 15, 14, 2, 10, 7, 5, 20, 16, 11, 1, 9, 8, 4, 6, 12, 18, 3, 19, 13, 17, 15, 14, 2, 10, 7, 5, 16, 20, 11, 1, 9]
bestever    2014    in generation 4529
[8, 4, 12, 6, 18, 3, 19, 13, 17, 15, 14, 2, 10, 5, 7, 20, 16, 11, 1, 9, 8, 4, 12, 6, 18, 3, 19, 13, 17, 15, 14, 2, 10, 5, 7, 20, 16, 11, 1, 9, 8, 4, 12, 6, 18, 3, 19, 13, 17, 15, 14, 2, 10, 7, 5, 20, 16, 11, 1, 9, 8, 4, 12, 6, 18, 3, 19, 13, 17, 15, 14, 2, 10, 7, 5, 20, 16, 11, 1, 9, 8, 4, 12, 6, 18, 3, 19, 13, 17, 15, 14, 2, 10, 7, 5, 20, 16, 11, 1, 9, 8, 4, 12, 6, 18, 3, 19, 13, 17, 15, 14, 2, 10, 7, 5, 20, 16, 11, 1, 9, 8, 4, 12, 6, 18, 3, 19, 13, 17, 15, 14, 2, 10, 7, 5, 20, 16, 11, 1, 9, 8, 4, 12, 6, 18, 3, 19, 13, 17, 15, 14, 2, 10, 7, 5, 20, 16, 11, 1, 9, 8, 4, 12, 6, 18, 3, 19, 13, 17, 15, 14, 2, 10, 7, 5, 20, 16, 11, 1, 9, 8, 4, 12, 6, 18, 3, 19, 13, 17, 15, 14, 2, 10, 7, 5, 20, 16, 11, 1, 9, 8, 4, 12, 6, 18, 3, 19, 13, 17, 15, 14, 2, 10, 7, 5, 20, 16, 11, 1, 9, 8, 4, 12, 6, 18, 3, 19, 13, 17, 15, 14, 2, 10, 7, 5, 20, 16, 11, 1, 9, 8, 4, 12, 6, 18, 3, 19, 13, 17, 15, 14, 2, 10, 7, 5, 20, 16, 11, 1, 9, 8, 4, 12, 6, 18, 3, 19, 13, 17, 15, 14, 2, 10, 7, 5, 20, 16, 11, 1, 9, 8, 4, 12, 6, 18, 3, 19, 13, 17, 15, 14, 2, 10, 7, 5, 16, 20, 11, 1, 9]
bestever    2012    in generation 4681
[8, 4, 12, 6, 18, 3, 19, 13, 2, 17, 15, 14, 10, 7, 5, 20, 16, 11, 1, 9, 8, 4, 12, 6, 18, 3, 19, 13, 2, 17, 15, 14, 10, 7, 5, 20, 16, 11, 1, 9, 8, 4, 12, 6, 18, 3, 19, 13, 2, 17, 15, 14, 10, 7, 5, 20, 16, 11, 1, 9, 8, 4, 12, 6, 18, 3, 19, 13, 2, 17, 15, 14, 10, 7, 5, 20, 16, 11, 1, 9, 8, 4, 12, 6, 18, 3, 19, 13, 2, 17, 15, 14, 10, 7, 5, 20, 16, 11, 1, 9, 8, 4, 12, 6, 18, 3, 19, 13, 2, 17, 15, 14, 10, 7, 5, 20, 16, 11, 1, 9, 8, 4, 12, 6, 18, 3, 19, 13, 2, 17, 15, 14, 10, 7, 5, 20, 16, 11, 1, 9, 8, 4, 12, 6, 18, 3, 19, 13, 2, 17, 15, 14, 10, 7, 5, 20, 16, 11, 1, 9, 8, 4, 12, 6, 18, 3, 19, 13, 2, 17, 15, 14, 10, 7, 5, 20, 16, 11, 1, 9, 8, 4, 12, 6, 18, 3, 19, 13, 2, 17, 15, 14, 10, 7, 5, 20, 16, 11, 1, 9, 8, 4, 12, 6, 18, 3, 19, 13, 2, 17, 15, 14, 10, 7, 5, 20, 16, 11, 1, 9, 8, 4, 12, 6, 18, 3, 19, 13, 2, 17, 15, 14, 10, 7, 5, 20, 16, 11, 1, 9, 8, 4, 12, 6, 18, 3, 19, 13, 2, 17, 15, 14, 10, 7, 5, 20, 16, 11, 1, 9, 8, 4, 12, 6, 18, 3, 19, 13, 2, 17, 15, 14, 10, 7, 5, 20, 16, 11, 1, 9, 8, 4, 12, 6, 18, 3, 19, 13, 2, 17, 15, 14, 10, 7, 5, 20, 16, 11, 1, 9]
bestever    2007    in generation 4783
[8, 4, 6, 12, 18, 3, 19, 13, 2, 17, 15, 14, 10, 7, 5, 20, 16, 11, 1, 9, 8, 4, 6, 12, 18, 3, 19, 13, 2, 17, 15, 14, 10, 7, 5, 20, 16, 11, 1, 9, 8, 4, 6, 12, 18, 3, 19, 13, 2, 17, 15, 14, 10, 7, 5, 20, 16, 11, 1, 9, 8, 4, 6, 12, 18, 3, 19, 13, 2, 17, 15, 14, 10, 7, 5, 20, 16, 11, 1, 9, 8, 4, 6, 12, 18, 3, 19, 13, 2, 17, 15, 14, 10, 7, 5, 20, 16, 11, 1, 9, 8, 4, 6, 12, 18, 3, 19, 13, 2, 17, 15, 14, 10, 7, 5, 20, 16, 11, 1, 9, 8, 4, 6, 12, 18, 3, 19, 13, 2, 17, 15, 14, 10, 7, 5, 20, 16, 11, 1, 9, 8, 4, 6, 12, 18, 3, 19, 13, 2, 17, 15, 14, 10, 7, 5, 20, 16, 11, 1, 9, 8, 4, 6, 12, 18, 3, 19, 13, 2, 17, 15, 14, 10, 7, 5, 20, 16, 11, 1, 9, 8, 4, 6, 12, 18, 3, 19, 13, 2, 17, 15, 14, 10, 7, 5, 20, 16, 11, 1, 9, 8, 4, 6, 12, 18, 3, 19, 13, 2, 17, 15, 14, 10, 7, 5, 20, 16, 11, 1, 9, 8, 4, 6, 12, 18, 3, 19, 13, 2, 17, 15, 14, 10, 7, 5, 20, 16, 11, 1, 9, 8, 4, 6, 12, 18, 3, 19, 13, 2, 17, 15, 14, 10, 7, 5, 20, 16, 11, 1, 9, 8, 4, 6, 12, 18, 3, 19, 13, 2, 17, 15, 14, 10, 7, 5, 20, 16, 11, 1, 9, 8, 4, 6, 12, 18, 3, 19, 13, 2, 17, 15, 14, 10, 7, 5, 20, 16, 11, 1, 9]
bestever    2006    in generation 6301
[8, 4, 6, 12, 18, 3, 19, 13, 17, 2, 15, 14, 10, 7, 20, 5, 16, 11, 1, 9, 8, 4, 6, 12, 18, 3, 19, 13, 17, 2, 15, 14, 10, 7, 20, 5, 16, 11, 1, 9, 8, 4, 6, 12, 18, 3, 19, 13, 17, 2, 15, 14, 10, 7, 20, 5, 16, 11, 1, 9, 8, 4, 6, 12, 18, 3, 19, 13, 17, 2, 15, 14, 10, 7, 20, 5, 16, 11, 1, 9, 8, 4, 6, 12, 18, 3, 19, 13, 17, 2, 15, 14, 10, 7, 20, 5, 16, 11, 1, 9, 8, 4, 6, 12, 18, 3, 19, 13, 17, 2, 15, 14, 10, 7, 20, 5, 16, 11, 1, 9, 8, 4, 6, 12, 18, 3, 19, 13, 17, 2, 15, 14, 10, 7, 5, 20, 16, 11, 1, 9, 8, 4, 6, 12, 18, 3, 19, 13, 17, 2, 15, 14, 10, 7, 5, 20, 16, 11, 1, 9, 8, 4, 6, 12, 18, 3, 19, 13, 17, 2, 15, 14, 10, 7, 5, 20, 16, 11, 1, 9, 8, 4, 6, 12, 18, 3, 19, 13, 17, 2, 15, 14, 10, 7, 5, 20, 16, 11, 1, 9, 8, 4, 6, 12, 18, 3, 19, 13, 17, 2, 15, 14, 10, 7, 5, 20, 16, 11, 1, 9, 8, 4, 6, 12, 18, 3, 19, 13, 17, 2, 15, 14, 10, 7, 5, 20, 16, 11, 1, 9, 8, 4, 6, 12, 18, 3, 19, 13, 17, 2, 15, 14, 10, 7, 5, 20, 16, 11, 1, 9, 8, 4, 6, 12, 18, 3, 19, 13, 17, 2, 15, 14, 10, 7, 5, 20, 16, 11, 1, 9, 8, 4, 18, 6, 12, 3, 19, 13, 17, 2, 15, 14, 10, 7, 20, 5, 16, 11, 1, 9]
bestever    2001    in generation 6426
[8, 4, 18, 6, 12, 3, 19, 13, 17, 2, 15, 14, 10, 7, 20, 5, 16, 11, 1, 9, 8, 4, 18, 6, 12, 3, 19, 13, 17, 2, 15, 14, 10, 7, 20, 5, 16, 11, 1, 9, 8, 4, 18, 6, 12, 3, 19, 13, 17, 2, 15, 14, 10, 7, 20, 5, 16, 11, 1, 9, 8, 4, 18, 6, 12, 3, 19, 13, 17, 2, 15, 14, 10, 7, 20, 5, 16, 11, 1, 9, 8, 4, 18, 6, 12, 3, 19, 13, 17, 2, 15, 14, 10, 7, 20, 5, 16, 11, 1, 9, 8, 4, 18, 6, 12, 3, 19, 13, 17, 2, 15, 14, 10, 7, 20, 5, 16, 11, 1, 9, 8, 4, 18, 6, 12, 3, 19, 13, 17, 2, 15, 14, 10, 7, 5, 20, 16, 11, 1, 9, 8, 4, 18, 6, 12, 3, 19, 13, 17, 2, 15, 14, 10, 7, 5, 20, 16, 11, 1, 9, 8, 4, 18, 6, 12, 3, 19, 13, 17, 2, 15, 14, 10, 7, 5, 20, 16, 11, 1, 9, 8, 4, 18, 6, 12, 3, 19, 13, 17, 2, 15, 14, 10, 7, 5, 20, 16, 11, 1, 9, 8, 4, 18, 6, 12, 3, 19, 13, 17, 2, 15, 14, 10, 7, 5, 20, 16, 11, 1, 9, 8, 4, 18, 6, 12, 3, 19, 13, 17, 2, 15, 14, 10, 7, 5, 20, 16, 11, 1, 9, 8, 4, 18, 6, 12, 3, 19, 13, 17, 2, 15, 14, 10, 7, 5, 20, 16, 11, 1, 9, 8, 4, 18, 6, 12, 3, 19, 13, 17, 2, 15, 14, 10, 7, 5, 20, 16, 11, 1, 9, 18, 8, 4, 6, 12, 3, 19, 13, 17, 2, 15, 14, 10, 7, 20, 5, 16, 11, 1, 9]
