bestever    7725    in generation 0
[12, 11, 10, 6, 4, 5, 3, 1, 9, 7, 8, 2, 12, 11, 10, 6, 4, 5, 3, 1, 9, 7, 8, 2, 12, 11, 10, 6, 4, 5, 3, 1, 9, 7, 8, 2, 12, 11, 10, 6, 4, 5, 3, 1, 9, 7, 8, 2, 12, 11, 10, 6, 4, 5, 3, 1, 9, 7, 8, 2]
bestever    7594    in generation 120
[12, 11, 6, 10, 4, 5, 3, 9, 7, 8, 2, 1, 12, 11, 6, 10, 4, 5, 3, 9, 7, 8, 2, 1, 12, 11, 6, 10, 4, 5, 3, 9, 7, 8, 2, 1, 12, 11, 6, 10, 4, 5, 3, 9, 7, 8, 2, 1, 12, 11, 6, 10, 4, 5, 3, 9, 7, 8, 2, 1]
bestever    7517    in generation 231
[12, 11, 6, 10, 4, 5, 3, 7, 2, 9, 8, 1, 12, 11, 6, 10, 4, 5, 3, 7, 2, 9, 8, 1, 12, 11, 6, 10, 4, 5, 3, 7, 2, 9, 8, 1, 12, 11, 6, 10, 4, 5, 3, 7, 2, 9, 8, 1, 12, 11, 6, 10, 4, 5, 3, 7, 2, 9, 8, 1]
bestever    7459    in generation 336
[12, 11, 6, 10, 4, 5, 3, 7, 9, 2, 8, 1, 12, 11, 6, 10, 4, 5, 3, 7, 9, 2, 8, 1, 12, 11, 6, 10, 4, 5, 3, 7, 9, 2, 8, 1, 12, 11, 6, 10, 4, 5, 3, 7, 9, 2, 8, 1, 12, 11, 6, 10, 4, 5, 3, 7, 9, 2, 8, 1]
bestever    7399    in generation 470
[11, 12, 6, 10, 4, 5, 3, 9, 2, 8, 7, 1, 11, 12, 6, 10, 4, 5, 3, 9, 2, 8, 7, 1, 11, 12, 6, 10, 4, 5, 3, 9, 2, 8, 7, 1, 11, 12, 6, 10, 4, 5, 3, 9, 2, 8, 7, 1, 11, 12, 6, 10, 4, 5, 3, 2, 9, 8, 7, 1]
bestever    7312    in generation 2473
[11, 6, 12, 5, 10, 3, 2, 9, 4, 7, 8, 1, 11, 12, 6, 5, 10, 3, 2, 9, 4, 7, 8, 1, 11, 12, 6, 5, 10, 3, 2, 9, 4, 7, 8, 1, 11, 12, 6, 5, 10, 3, 2, 9, 4, 7, 8, 1, 11, 12, 6, 5, 10, 3, 2, 9, 4, 7, 8, 1]
