bestever    3312    in generation 0
[15, 20, 2, 4, 15, 7, 20, 11, 9, 9, 12, 7, 12, 18, 7, 5, 3, 16, 20, 12, 11, 4, 1, 5, 12, 15, 3, 3, 18, 16, 16, 14, 3, 19, 11, 4, 8, 1, 13, 6, 19, 16, 5, 13, 16, 16, 2, 5, 13, 9, 10, 4, 16, 20, 19, 19, 15, 1, 8, 20, 3, 1, 17, 17, 14, 2, 8, 13, 19, 15, 1, 18, 20, 10, 7, 7, 3, 17, 14, 5, 9, 13, 7, 1, 4, 20, 6, 12, 4, 16, 4, 2, 3, 8, 19, 8, 9, 6, 11, 12, 10, 15, 5, 10, 20, 6, 8, 18, 1, 7, 11, 7, 14, 18, 15, 17, 5, 9, 20, 11, 17, 14, 15, 11, 2, 11, 5, 8, 1, 2, 5, 19, 20, 2, 6, 14, 16, 3, 14, 14, 18, 12, 10, 11, 11, 6, 18, 13, 10, 6, 8, 9, 17, 1, 10, 17, 6, 13, 4, 19, 4, 6, 1, 2, 2, 4, 18, 19, 3, 17, 2, 12, 16, 12, 13, 18, 12, 17, 13, 17, 6, 14, 15, 7, 8, 3, 18, 9, 10, 5, 19, 10, 9, 14, 10, 9, 8, 15, 7, 13]
bestever    3082    in generation 1
[15, 15, 15, 13, 13, 13, 1, 16, 5, 9, 11, 12, 9, 9, 9, 8, 4, 11, 3, 12, 12, 11, 9, 7, 18, 13, 1, 4, 14, 7, 18, 14, 18, 8, 12, 10, 4, 15, 12, 5, 13, 1, 17, 13, 10, 9, 6, 13, 8, 6, 16, 11, 7, 5, 8, 2, 17, 1, 4, 10, 9, 9, 8, 5, 17, 8, 16, 15, 6, 11, 20, 18, 9, 1, 2, 4, 3, 5, 10, 3, 1, 6, 12, 13, 15, 9, 14, 19, 20, 2, 7, 6, 10, 10, 11, 6, 14, 16, 14, 8, 16, 20, 20, 4, 3, 18, 16, 1, 19, 13, 1, 6, 17, 12, 14, 5, 2, 19, 10, 17, 7, 15, 13, 3, 7, 1, 15, 7, 16, 19, 19, 12, 17, 16, 7, 16, 15, 3, 3, 12, 20, 3, 12, 11, 19, 16, 4, 19, 2, 18, 14, 20, 4, 14, 18, 18, 3, 17, 14, 6, 11, 6, 20, 7, 5, 7, 5, 19, 17, 19, 2, 2, 17, 5, 19, 11, 18, 14, 15, 10, 10, 17, 4, 11, 3, 4, 8, 2, 20, 8, 2, 18, 5, 10, 8, 20, 6, 1, 20, 2]
bestever    3012    in generation 7
[13, 13, 1, 16, 5, 9, 11, 12, 9, 9, 9, 8, 4, 11, 3, 12, 12, 11, 9, 7, 18, 13, 1, 4, 14, 7, 18, 14, 18, 8, 12, 10, 4, 15, 12, 5, 13, 1, 17, 13, 10, 9, 6, 13, 8, 6, 16, 11, 5, 8, 2, 17, 1, 4, 10, 9, 9, 8, 5, 17, 8, 16, 6, 11, 20, 18, 9, 1, 2, 4, 3, 5, 10, 3, 1, 6, 12, 13, 9, 14, 6, 10, 19, 20, 2, 7, 6, 10, 10, 11, 6, 14, 16, 14, 8, 16, 20, 20, 4, 3, 18, 16, 1, 19, 13, 6, 17, 12, 14, 5, 2, 19, 10, 17, 7, 15, 3, 1, 15, 7, 16, 15, 13, 3, 7, 1, 15, 7, 19, 19, 12, 17, 16, 7, 1, 15, 3, 3, 12, 20, 3, 12, 11, 19, 16, 4, 19, 2, 18, 14, 20, 4, 14, 18, 18, 3, 17, 14, 6, 11, 20, 7, 5, 7, 5, 19, 17, 19, 2, 2, 17, 5, 19, 11, 18, 14, 15, 10, 10, 17, 4, 11, 4, 8, 2, 20, 8, 2, 18, 5, 8, 20, 6, 16, 20, 2, 15, 15, 15, 13]
bestever    2977    in generation 8
[13, 13, 13, 1, 16, 5, 9, 11, 12, 9, 9, 9, 8, 4, 11, 3, 12, 12, 11, 9, 7, 18, 13, 1, 4, 14, 7, 18, 14, 18, 8, 12, 10, 4, 15, 12, 5, 13, 1, 17, 13, 10, 9, 6, 13, 8, 6, 16, 11, 7, 5, 8, 2, 17, 1, 4, 10, 9, 9, 8, 5, 17, 8, 16, 15, 6, 11, 20, 18, 9, 1, 4, 3, 5, 10, 3, 1, 6, 12, 13, 15, 9, 14, 7, 6, 10, 19, 7, 6, 10, 10, 11, 14, 16, 14, 8, 16, 3, 16, 1, 19, 13, 1, 17, 12, 14, 19, 17, 7, 15, 13, 3, 1, 15, 7, 16, 19, 19, 12, 17, 16, 7, 1, 20, 2, 20, 6, 20, 2, 2, 5, 18, 10, 4, 11, 3, 15, 3, 3, 12, 20, 3, 12, 11, 19, 16, 4, 19, 2, 18, 14, 20, 4, 14, 18, 18, 3, 17, 14, 6, 11, 6, 20, 7, 5, 7, 5, 19, 17, 19, 2, 2, 17, 5, 19, 11, 18, 14, 15, 10, 10, 17, 4, 4, 8, 2, 20, 8, 2, 18, 5, 8, 20, 6, 16, 20, 2, 15, 15, 15]
bestever    2871    in generation 13
[13, 13, 13, 1, 16, 9, 11, 12, 9, 9, 9, 8, 4, 11, 3, 12, 12, 11, 9, 7, 18, 13, 1, 4, 14, 7, 18, 14, 18, 8, 12, 10, 4, 15, 12, 13, 1, 17, 13, 10, 9, 6, 13, 8, 6, 16, 11, 7, 8, 2, 17, 1, 4, 10, 9, 9, 8, 5, 8, 16, 15, 6, 11, 20, 18, 9, 1, 4, 3, 5, 10, 3, 1, 6, 12, 13, 15, 9, 14, 7, 6, 10, 19, 7, 6, 10, 10, 11, 14, 16, 14, 8, 16, 3, 16, 1, 19, 13, 1, 17, 12, 14, 19, 17, 7, 15, 13, 3, 1, 15, 7, 16, 19, 19, 12, 17, 16, 1, 20, 2, 2, 2, 5, 10, 3, 15, 3, 3, 12, 20, 3, 12, 19, 16, 4, 19, 2, 20, 4, 18, 18, 17, 14, 11, 6, 20, 20, 4, 14, 18, 18, 3, 17, 14, 11, 6, 5, 5, 6, 11, 20, 7, 5, 7, 5, 7, 5, 19, 17, 19, 2, 2, 17, 5, 19, 11, 18, 14, 15, 10, 10, 17, 4, 4, 8, 2, 20, 8, 2, 18, 5, 8, 20, 6, 16, 20, 2, 15, 15, 15]
bestever    2858    in generation 16
[13, 1, 16, 9, 11, 12, 9, 9, 9, 8, 4, 11, 3, 12, 12, 11, 9, 7, 18, 13, 1, 4, 14, 7, 18, 14, 18, 8, 12, 10, 4, 15, 12, 13, 1, 17, 13, 10, 9, 6, 13, 8, 6, 16, 11, 7, 8, 1, 4, 10, 9, 9, 8, 8, 16, 6, 11, 20, 9, 1, 4, 3, 5, 10, 3, 1, 6, 12, 9, 14, 7, 6, 10, 19, 7, 6, 10, 10, 11, 14, 16, 14, 8, 16, 3, 16, 1, 19, 13, 1, 12, 14, 19, 7, 13, 3, 1, 7, 16, 19, 12, 17, 16, 1, 20, 5, 10, 3, 15, 3, 3, 12, 3, 12, 16, 4, 2, 4, 18, 17, 14, 11, 6, 4, 14, 18, 18, 3, 17, 14, 11, 6, 5, 5, 6, 20, 19, 17, 19, 2, 2, 17, 5, 19, 18, 15, 17, 2, 20, 2, 18, 5, 20, 20, 2, 15, 15, 15, 13, 11, 20, 7, 5, 7, 5, 7, 5, 19, 17, 19, 2, 2, 17, 5, 19, 11, 18, 14, 15, 10, 10, 17, 4, 4, 8, 2, 20, 8, 2, 18, 8, 20, 6, 16, 20, 15, 15, 15, 13, 13]
bestever    2754    in generation 17
[13, 13, 13, 1, 16, 9, 11, 12, 9, 9, 9, 8, 4, 11, 3, 12, 12, 11, 9, 7, 18, 13, 1, 4, 14, 7, 18, 14, 18, 8, 12, 10, 4, 12, 13, 1, 17, 13, 10, 9, 6, 13, 8, 6, 16, 11, 7, 8, 2, 17, 1, 4, 10, 9, 9, 8, 5, 8, 16, 6, 11, 20, 18, 9, 1, 4, 3, 5, 10, 3, 1, 6, 12, 13, 14, 7, 6, 10, 19, 7, 6, 10, 10, 11, 14, 16, 14, 8, 16, 3, 16, 15, 15, 9, 15, 1, 19, 13, 1, 17, 12, 14, 19, 17, 7, 15, 13, 3, 1, 15, 7, 16, 19, 19, 12, 17, 16, 1, 20, 2, 2, 2, 5, 10, 3, 15, 3, 3, 12, 20, 3, 12, 19, 16, 4, 19, 2, 20, 4, 18, 18, 17, 14, 11, 6, 20, 20, 4, 14, 18, 18, 3, 17, 14, 11, 6, 5, 5, 6, 11, 20, 7, 5, 7, 5, 7, 5, 19, 17, 19, 2, 2, 17, 5, 19, 11, 18, 14, 15, 10, 10, 17, 4, 4, 8, 2, 20, 8, 2, 18, 5, 8, 20, 6, 16, 20, 2, 15, 15, 15]
bestever    2723    in generation 24
[13, 13, 1, 16, 9, 11, 12, 9, 9, 9, 8, 4, 11, 3, 12, 12, 11, 9, 7, 18, 13, 1, 4, 14, 7, 18, 18, 8, 12, 10, 4, 12, 13, 1, 17, 13, 10, 9, 6, 13, 8, 6, 16, 11, 7, 8, 2, 17, 1, 4, 10, 9, 9, 8, 5, 8, 16, 6, 11, 20, 18, 9, 1, 4, 3, 5, 10, 3, 1, 6, 12, 13, 14, 7, 6, 10, 19, 7, 6, 10, 10, 11, 14, 16, 14, 8, 16, 3, 16, 15, 15, 9, 15, 1, 19, 13, 1, 17, 12, 14, 19, 17, 7, 15, 13, 3, 1, 15, 7, 16, 19, 19, 12, 17, 16, 1, 20, 2, 2, 2, 5, 10, 3, 15, 3, 3, 12, 20, 3, 12, 19, 16, 14, 11, 4, 19, 2, 20, 4, 18, 18, 17, 14, 11, 6, 20, 20, 4, 14, 18, 18, 3, 17, 14, 11, 6, 5, 5, 6, 11, 20, 7, 5, 7, 5, 7, 5, 19, 17, 19, 2, 2, 17, 5, 19, 18, 14, 15, 10, 10, 17, 4, 4, 8, 2, 20, 8, 2, 18, 5, 8, 20, 6, 16, 20, 2, 15, 15, 15, 13]
bestever    2714    in generation 31
[9, 11, 12, 9, 9, 9, 8, 4, 13, 13, 11, 3, 12, 12, 11, 9, 7, 13, 1, 4, 14, 7, 18, 8, 12, 10, 12, 13, 1, 17, 1, 18, 4, 18, 13, 13, 10, 9, 6, 13, 8, 6, 16, 11, 7, 8, 2, 17, 1, 4, 10, 9, 9, 8, 5, 8, 16, 6, 11, 20, 18, 9, 1, 4, 3, 5, 10, 3, 1, 6, 12, 13, 14, 7, 6, 10, 19, 7, 6, 10, 10, 11, 14, 16, 14, 8, 16, 3, 16, 15, 15, 9, 15, 1, 19, 13, 1, 17, 12, 14, 19, 17, 7, 15, 13, 3, 1, 15, 7, 16, 19, 19, 12, 17, 16, 1, 20, 2, 2, 2, 5, 10, 3, 15, 3, 3, 12, 20, 3, 12, 19, 16, 14, 11, 4, 19, 2, 20, 4, 18, 18, 17, 14, 11, 6, 20, 20, 4, 14, 18, 18, 3, 17, 14, 11, 6, 5, 5, 6, 11, 20, 7, 5, 7, 5, 7, 5, 19, 17, 19, 2, 2, 17, 5, 19, 18, 14, 15, 10, 10, 17, 4, 4, 8, 2, 20, 8, 2, 18, 5, 8, 20, 6, 16, 20, 2, 15, 15, 15, 16]
bestever    2690    in generation 32
[13, 13, 1, 16, 9, 11, 12, 9, 9, 9, 8, 4, 11, 3, 12, 12, 11, 9, 7, 18, 13, 1, 4, 14, 7, 18, 18, 8, 12, 10, 4, 12, 13, 1, 17, 13, 10, 9, 6, 13, 8, 6, 16, 11, 7, 8, 2, 17, 1, 4, 10, 9, 9, 8, 5, 8, 16, 6, 11, 20, 18, 9, 1, 4, 3, 5, 10, 3, 1, 6, 12, 13, 14, 7, 6, 10, 19, 7, 6, 10, 10, 11, 14, 16, 14, 16, 3, 16, 15, 15, 9, 15, 1, 19, 13, 1, 17, 12, 14, 19, 17, 7, 13, 3, 1, 15, 7, 16, 19, 19, 12, 17, 16, 1, 20, 2, 2, 2, 5, 10, 3, 15, 3, 3, 12, 20, 3, 12, 19, 16, 14, 11, 4, 19, 2, 20, 4, 18, 18, 17, 14, 11, 6, 20, 4, 14, 18, 3, 17, 14, 11, 6, 5, 5, 6, 11, 20, 7, 5, 7, 5, 7, 5, 19, 17, 19, 2, 17, 5, 19, 18, 15, 20, 8, 2, 18, 14, 15, 10, 10, 17, 4, 4, 8, 2, 20, 8, 2, 18, 5, 8, 20, 6, 16, 20, 2, 15, 15, 15, 13]
bestever    2641    in generation 33
[13, 13, 1, 16, 9, 11, 12, 9, 9, 9, 8, 4, 11, 3, 12, 12, 11, 9, 7, 18, 13, 1, 4, 14, 7, 18, 18, 8, 12, 10, 4, 12, 13, 1, 17, 13, 10, 9, 6, 13, 8, 6, 16, 11, 7, 8, 2, 17, 1, 4, 10, 9, 9, 8, 5, 8, 16, 6, 11, 20, 18, 9, 1, 4, 3, 10, 3, 1, 6, 12, 13, 14, 7, 6, 10, 19, 7, 10, 10, 11, 14, 16, 14, 16, 3, 16, 15, 15, 9, 15, 1, 19, 13, 1, 17, 12, 14, 19, 7, 13, 3, 1, 15, 7, 16, 19, 19, 12, 16, 1, 2, 2, 2, 10, 3, 15, 3, 3, 12, 3, 12, 16, 19, 4, 20, 4, 18, 17, 14, 5, 5, 19, 17, 14, 14, 11, 7, 15, 18, 17, 11, 6, 20, 20, 4, 18, 18, 3, 17, 14, 11, 6, 5, 5, 6, 11, 20, 7, 5, 7, 5, 5, 19, 17, 19, 2, 2, 17, 5, 19, 18, 14, 15, 10, 10, 17, 4, 4, 8, 2, 20, 8, 2, 18, 5, 8, 20, 6, 20, 2, 8, 20, 6, 16, 20, 2, 15, 15, 15, 13]
bestever    2590    in generation 35
[13, 13, 1, 16, 9, 11, 12, 9, 9, 9, 8, 4, 11, 3, 12, 12, 11, 9, 7, 18, 13, 1, 4, 14, 7, 18, 18, 8, 12, 10, 4, 12, 13, 1, 17, 13, 10, 9, 6, 13, 8, 6, 16, 11, 7, 8, 2, 17, 1, 4, 10, 9, 9, 8, 5, 8, 16, 6, 11, 20, 18, 9, 1, 4, 3, 10, 3, 1, 12, 13, 14, 7, 6, 10, 19, 7, 10, 10, 11, 14, 16, 14, 16, 3, 16, 15, 15, 9, 15, 1, 19, 13, 1, 17, 12, 14, 19, 7, 13, 3, 1, 15, 7, 16, 19, 19, 12, 16, 1, 2, 2, 2, 10, 3, 15, 3, 3, 12, 3, 12, 16, 19, 4, 20, 4, 18, 14, 5, 5, 19, 17, 14, 7, 15, 17, 11, 6, 20, 20, 4, 18, 18, 17, 14, 11, 18, 3, 17, 14, 11, 6, 6, 5, 5, 6, 11, 20, 7, 5, 7, 5, 5, 19, 17, 19, 2, 2, 17, 5, 19, 18, 14, 15, 10, 10, 17, 4, 4, 8, 2, 20, 8, 2, 18, 5, 8, 20, 6, 20, 2, 8, 20, 6, 16, 20, 2, 15, 15, 15, 13]
bestever    2533    in generation 39
[13, 13, 1, 16, 9, 11, 12, 9, 9, 9, 8, 4, 11, 3, 12, 12, 11, 9, 7, 18, 13, 1, 4, 14, 7, 18, 18, 8, 12, 10, 4, 12, 13, 1, 17, 13, 10, 9, 6, 13, 8, 6, 16, 11, 7, 8, 17, 1, 4, 10, 9, 9, 8, 5, 8, 16, 6, 11, 20, 18, 9, 1, 4, 3, 10, 3, 1, 12, 13, 14, 7, 6, 10, 19, 7, 10, 11, 14, 16, 14, 16, 3, 16, 15, 15, 9, 6, 1, 19, 13, 1, 17, 12, 14, 19, 7, 13, 3, 1, 15, 7, 16, 19, 19, 12, 16, 1, 2, 2, 3, 15, 3, 3, 12, 3, 12, 16, 19, 4, 20, 18, 17, 14, 5, 5, 19, 17, 14, 14, 11, 7, 15, 18, 17, 11, 6, 20, 20, 18, 3, 11, 6, 5, 5, 6, 11, 20, 7, 5, 7, 2, 2, 5, 5, 19, 17, 19, 2, 2, 17, 5, 19, 18, 14, 15, 10, 10, 17, 4, 4, 18, 14, 15, 10, 10, 17, 4, 4, 8, 2, 20, 8, 2, 18, 5, 8, 20, 6, 20, 2, 8, 20, 6, 16, 20, 2, 15, 15, 13, 15]
bestever    2513    in generation 40
[13, 13, 1, 16, 9, 11, 12, 9, 9, 9, 8, 4, 11, 3, 12, 12, 11, 9, 7, 18, 13, 1, 4, 14, 7, 18, 18, 8, 12, 10, 4, 12, 13, 1, 17, 13, 10, 9, 6, 13, 6, 16, 11, 7, 8, 17, 1, 4, 10, 9, 9, 8, 5, 8, 16, 6, 11, 20, 18, 9, 1, 4, 3, 10, 3, 1, 12, 13, 14, 7, 6, 10, 19, 7, 10, 11, 14, 16, 14, 16, 3, 16, 15, 15, 9, 1, 19, 13, 1, 17, 12, 14, 19, 7, 13, 3, 1, 15, 7, 16, 19, 19, 12, 16, 1, 2, 3, 15, 3, 3, 12, 3, 12, 16, 19, 4, 20, 18, 14, 5, 5, 19, 17, 14, 7, 15, 17, 11, 6, 20, 20, 18, 18, 17, 14, 11, 3, 14, 11, 6, 6, 5, 6, 11, 20, 7, 2, 2, 5, 18, 5, 7, 5, 5, 19, 17, 19, 2, 2, 17, 5, 19, 18, 14, 15, 10, 10, 17, 4, 4, 8, 2, 15, 10, 10, 17, 4, 4, 8, 2, 20, 8, 2, 18, 5, 8, 20, 6, 20, 2, 8, 20, 6, 16, 20, 2, 15, 15, 15, 13]
bestever    2471    in generation 49
[13, 13, 1, 16, 9, 11, 12, 9, 9, 9, 8, 4, 11, 3, 12, 12, 11, 9, 7, 18, 13, 1, 4, 14, 7, 18, 18, 8, 12, 10, 4, 12, 13, 1, 17, 13, 10, 9, 6, 13, 6, 16, 11, 7, 8, 17, 1, 4, 10, 9, 9, 8, 5, 8, 16, 6, 11, 20, 18, 9, 1, 4, 3, 10, 3, 1, 12, 13, 14, 7, 6, 10, 19, 7, 10, 11, 14, 3, 14, 16, 3, 16, 15, 15, 9, 1, 19, 13, 1, 17, 12, 14, 19, 7, 13, 3, 1, 7, 16, 19, 19, 12, 16, 1, 2, 3, 16, 3, 12, 3, 12, 16, 19, 4, 20, 18, 14, 5, 5, 19, 17, 14, 7, 15, 17, 11, 6, 20, 20, 18, 18, 17, 14, 11, 3, 14, 11, 6, 6, 5, 6, 11, 20, 7, 2, 2, 5, 18, 5, 7, 5, 5, 15, 15, 19, 17, 19, 2, 2, 17, 5, 19, 18, 14, 15, 10, 10, 17, 4, 4, 8, 2, 15, 10, 10, 17, 4, 4, 8, 2, 20, 8, 2, 18, 5, 8, 20, 6, 20, 2, 8, 20, 6, 16, 20, 2, 15, 15, 15, 13]
bestever    2455    in generation 51
[13, 13, 1, 16, 9, 11, 12, 9, 9, 9, 8, 4, 11, 3, 12, 12, 11, 9, 7, 18, 13, 1, 4, 14, 7, 18, 18, 8, 12, 10, 4, 12, 13, 1, 17, 13, 10, 9, 6, 13, 6, 16, 11, 7, 8, 17, 1, 4, 10, 9, 9, 8, 5, 16, 6, 11, 20, 18, 9, 1, 4, 3, 10, 3, 1, 12, 13, 14, 7, 6, 10, 19, 7, 10, 11, 14, 3, 14, 16, 3, 16, 15, 15, 9, 1, 19, 13, 1, 17, 12, 14, 19, 7, 13, 3, 1, 7, 16, 19, 19, 12, 16, 1, 2, 3, 16, 3, 12, 3, 12, 16, 19, 4, 18, 14, 5, 5, 19, 17, 14, 7, 15, 17, 11, 6, 20, 20, 18, 18, 17, 14, 11, 3, 14, 11, 6, 6, 5, 6, 11, 20, 7, 2, 2, 5, 18, 5, 7, 5, 5, 15, 15, 19, 17, 19, 2, 17, 5, 19, 18, 14, 15, 10, 10, 17, 4, 4, 2, 15, 10, 10, 17, 4, 8, 2, 20, 8, 4, 8, 2, 20, 8, 2, 18, 5, 8, 20, 6, 20, 2, 8, 20, 6, 16, 20, 2, 15, 15, 15, 13]
bestever    2452    in generation 64
[13, 13, 1, 16, 9, 11, 12, 9, 9, 9, 8, 4, 11, 3, 12, 12, 11, 9, 7, 18, 13, 1, 4, 14, 7, 18, 18, 8, 12, 10, 4, 12, 13, 1, 17, 13, 10, 9, 6, 13, 6, 16, 11, 7, 8, 17, 1, 4, 10, 9, 9, 8, 5, 16, 6, 11, 18, 9, 1, 4, 3, 10, 3, 1, 12, 13, 14, 7, 6, 10, 19, 7, 10, 11, 14, 3, 14, 16, 3, 16, 9, 1, 19, 13, 1, 17, 12, 14, 19, 7, 13, 3, 1, 7, 16, 19, 19, 12, 16, 1, 3, 16, 3, 12, 3, 12, 19, 4, 18, 14, 5, 5, 19, 17, 14, 7, 17, 11, 6, 15, 16, 20, 20, 18, 18, 17, 14, 11, 3, 14, 11, 6, 6, 5, 6, 11, 20, 7, 2, 2, 5, 18, 5, 7, 5, 5, 15, 15, 19, 17, 19, 2, 17, 5, 19, 18, 14, 15, 10, 10, 17, 4, 4, 2, 15, 10, 10, 17, 4, 8, 2, 20, 8, 4, 8, 2, 20, 8, 2, 18, 5, 8, 20, 6, 20, 2, 8, 20, 6, 16, 20, 2, 15, 15, 20, 2, 15, 15, 15, 13]
bestever    2401    in generation 68
[13, 13, 1, 16, 9, 11, 12, 9, 9, 9, 8, 4, 11, 3, 12, 12, 11, 9, 7, 18, 13, 1, 4, 14, 7, 18, 8, 12, 10, 4, 12, 13, 1, 17, 13, 10, 9, 6, 13, 6, 16, 11, 7, 8, 1, 4, 10, 9, 9, 8, 5, 16, 6, 11, 9, 1, 4, 3, 10, 3, 1, 12, 13, 14, 7, 6, 10, 19, 7, 10, 11, 14, 3, 14, 16, 3, 16, 9, 1, 19, 13, 1, 17, 12, 14, 19, 7, 13, 3, 1, 7, 16, 19, 19, 12, 16, 1, 3, 16, 3, 12, 3, 12, 19, 4, 18, 14, 5, 5, 19, 17, 7, 17, 6, 15, 16, 20, 20, 18, 18, 17, 14, 11, 18, 18, 17, 14, 11, 3, 14, 11, 6, 6, 5, 6, 11, 20, 7, 2, 2, 5, 18, 5, 7, 5, 5, 15, 15, 19, 17, 19, 2, 17, 5, 19, 18, 14, 15, 10, 10, 17, 4, 4, 2, 15, 10, 10, 17, 4, 8, 2, 20, 8, 4, 8, 2, 20, 8, 2, 18, 5, 8, 20, 6, 20, 2, 8, 20, 6, 16, 20, 2, 15, 15, 20, 2, 15, 15, 15, 13]
bestever    2319    in generation 80
[13, 1, 16, 9, 11, 12, 9, 9, 9, 8, 4, 11, 3, 12, 12, 11, 9, 7, 13, 1, 4, 14, 7, 8, 12, 10, 4, 12, 13, 1, 17, 13, 10, 9, 6, 13, 16, 7, 8, 1, 4, 10, 9, 9, 8, 16, 9, 1, 4, 3, 10, 3, 1, 12, 13, 14, 7, 10, 19, 7, 10, 14, 3, 16, 3, 16, 9, 1, 19, 13, 1, 12, 19, 7, 13, 3, 1, 7, 16, 19, 19, 12, 16, 1, 3, 16, 3, 12, 3, 12, 19, 4, 19, 7, 17, 6, 15, 16, 20, 20, 17, 14, 18, 18, 17, 14, 11, 14, 11, 6, 6, 6, 11, 2, 5, 18, 5, 5, 18, 18, 17, 14, 11, 18, 18, 17, 14, 11, 3, 14, 11, 6, 6, 5, 6, 11, 20, 7, 2, 2, 5, 18, 5, 7, 5, 5, 15, 15, 19, 17, 19, 2, 17, 5, 19, 18, 14, 15, 10, 10, 17, 4, 4, 2, 15, 10, 10, 17, 4, 8, 2, 20, 8, 4, 8, 2, 20, 8, 2, 18, 5, 8, 20, 6, 20, 2, 8, 20, 6, 16, 20, 2, 15, 15, 20, 15, 15, 15, 13, 13]
bestever    2288    in generation 93
[13, 1, 16, 9, 11, 12, 9, 9, 9, 4, 11, 3, 12, 12, 11, 9, 7, 13, 1, 4, 14, 7, 12, 10, 4, 12, 13, 1, 17, 13, 10, 9, 6, 13, 16, 7, 1, 4, 10, 9, 9, 16, 9, 1, 4, 3, 10, 3, 1, 12, 14, 7, 10, 19, 7, 10, 14, 3, 16, 3, 16, 9, 1, 19, 13, 1, 12, 19, 7, 13, 3, 1, 7, 16, 19, 19, 12, 16, 1, 3, 3, 12, 3, 12, 19, 4, 19, 7, 17, 6, 16, 20, 17, 14, 18, 18, 17, 14, 11, 14, 11, 6, 6, 6, 11, 16, 5, 18, 5, 5, 18, 18, 17, 14, 11, 18, 18, 17, 14, 11, 3, 14, 11, 6, 6, 5, 6, 11, 7, 5, 18, 15, 2, 20, 8, 2, 20, 8, 5, 7, 5, 5, 15, 15, 19, 17, 19, 2, 17, 5, 19, 18, 14, 15, 10, 10, 17, 4, 4, 2, 15, 10, 10, 17, 8, 8, 4, 8, 2, 20, 2, 20, 8, 4, 8, 2, 20, 8, 2, 18, 5, 8, 20, 6, 20, 2, 8, 6, 16, 20, 2, 15, 15, 20, 15, 15, 15, 13, 13, 13]
bestever    2285    in generation 99
[13, 1, 16, 9, 11, 12, 9, 9, 9, 4, 11, 3, 12, 12, 11, 9, 7, 13, 1, 4, 14, 7, 12, 10, 4, 12, 13, 1, 17, 13, 10, 9, 6, 13, 16, 7, 1, 4, 10, 9, 9, 16, 9, 1, 4, 3, 10, 3, 1, 12, 14, 7, 10, 19, 7, 10, 14, 3, 16, 3, 16, 9, 1, 19, 13, 1, 12, 19, 7, 13, 3, 1, 7, 16, 19, 19, 12, 16, 1, 3, 3, 12, 3, 12, 19, 4, 19, 7, 17, 6, 16, 20, 17, 14, 18, 18, 17, 14, 11, 14, 11, 6, 6, 6, 11, 16, 5, 18, 5, 5, 18, 18, 17, 14, 11, 18, 18, 14, 11, 3, 14, 11, 6, 6, 5, 6, 11, 7, 5, 18, 15, 2, 20, 8, 2, 20, 8, 5, 7, 5, 15, 15, 19, 17, 19, 2, 17, 5, 17, 5, 19, 18, 14, 15, 10, 10, 17, 4, 4, 2, 15, 10, 10, 17, 8, 8, 4, 8, 2, 20, 2, 20, 8, 4, 8, 2, 20, 8, 2, 18, 5, 8, 20, 6, 20, 2, 8, 6, 16, 20, 2, 15, 15, 20, 15, 15, 15, 13, 13, 13]
bestever    2208    in generation 100
[9, 11, 12, 9, 9, 9, 4, 11, 3, 12, 12, 11, 9, 7, 13, 1, 4, 13, 1, 16, 14, 7, 12, 10, 4, 12, 13, 1, 17, 13, 10, 9, 6, 13, 16, 7, 1, 4, 10, 9, 9, 16, 9, 1, 4, 3, 10, 3, 1, 12, 14, 7, 10, 19, 7, 10, 14, 3, 16, 3, 16, 9, 1, 19, 13, 1, 12, 19, 7, 13, 3, 1, 7, 16, 19, 19, 12, 16, 1, 3, 3, 12, 3, 12, 19, 4, 19, 7, 17, 6, 16, 20, 17, 14, 18, 18, 17, 14, 11, 14, 11, 6, 6, 6, 11, 16, 5, 18, 5, 5, 18, 18, 17, 14, 11, 18, 18, 14, 11, 3, 14, 11, 6, 6, 5, 6, 11, 7, 5, 18, 15, 2, 20, 8, 2, 20, 8, 5, 7, 5, 15, 15, 19, 17, 19, 2, 17, 5, 17, 5, 19, 18, 14, 15, 10, 10, 17, 4, 4, 2, 15, 10, 10, 17, 8, 8, 4, 8, 2, 20, 2, 20, 8, 4, 8, 2, 20, 8, 2, 18, 5, 8, 15, 6, 20, 2, 8, 6, 16, 20, 2, 15, 15, 20, 15, 20, 15, 13, 13, 13]
bestever    2202    in generation 117
[9, 11, 12, 9, 9, 9, 4, 11, 3, 12, 12, 11, 9, 7, 13, 1, 4, 13, 1, 16, 14, 7, 12, 10, 4, 12, 13, 1, 17, 13, 10, 9, 6, 16, 7, 1, 4, 10, 9, 9, 16, 9, 1, 4, 3, 10, 3, 1, 12, 14, 7, 10, 19, 7, 10, 14, 3, 16, 3, 16, 9, 1, 19, 1, 12, 19, 7, 13, 3, 1, 7, 16, 19, 19, 12, 16, 1, 3, 3, 12, 3, 12, 19, 4, 19, 7, 17, 6, 16, 20, 17, 14, 18, 18, 17, 14, 11, 14, 11, 6, 6, 6, 11, 16, 5, 18, 5, 5, 18, 18, 17, 14, 11, 18, 18, 14, 11, 3, 14, 11, 6, 6, 5, 6, 11, 7, 5, 18, 15, 2, 20, 8, 2, 20, 8, 5, 7, 5, 15, 15, 19, 17, 19, 2, 17, 5, 17, 5, 19, 18, 14, 15, 10, 10, 17, 4, 4, 2, 15, 10, 10, 17, 8, 8, 4, 8, 2, 20, 2, 20, 8, 4, 8, 2, 20, 8, 2, 18, 5, 8, 6, 2, 8, 6, 16, 20, 2, 15, 15, 20, 15, 20, 15, 13, 13, 20, 15, 13, 13, 13]
bestever    2168    in generation 132
[9, 11, 12, 9, 9, 9, 4, 11, 3, 12, 12, 11, 9, 7, 13, 1, 4, 13, 1, 16, 14, 7, 12, 10, 4, 12, 13, 1, 17, 13, 10, 9, 6, 16, 7, 1, 4, 10, 9, 9, 16, 9, 1, 4, 3, 10, 3, 1, 12, 14, 7, 10, 19, 7, 10, 14, 3, 16, 3, 16, 9, 1, 19, 1, 12, 19, 7, 13, 3, 1, 7, 16, 19, 19, 12, 16, 1, 3, 3, 12, 3, 12, 19, 4, 19, 7, 17, 6, 16, 20, 14, 18, 18, 14, 11, 14, 11, 6, 6, 6, 11, 5, 18, 5, 5, 18, 18, 14, 11, 18, 18, 14, 11, 3, 14, 11, 6, 6, 5, 11, 7, 5, 15, 2, 20, 8, 2, 8, 5, 7, 15, 15, 19, 19, 2, 17, 17, 5, 18, 17, 17, 17, 5, 17, 5, 19, 18, 14, 15, 10, 10, 17, 4, 4, 2, 15, 10, 10, 17, 8, 8, 4, 8, 2, 20, 2, 20, 8, 4, 8, 2, 20, 18, 5, 8, 6, 16, 20, 2, 8, 6, 2, 8, 6, 16, 20, 2, 15, 15, 20, 15, 20, 15, 13, 13, 20, 15, 13, 13, 13]
bestever    2162    in generation 134
[9, 11, 12, 9, 9, 9, 4, 11, 3, 12, 12, 11, 9, 7, 13, 1, 4, 13, 1, 16, 14, 7, 12, 10, 4, 12, 13, 1, 17, 10, 9, 6, 16, 7, 1, 4, 10, 9, 9, 16, 9, 1, 4, 3, 10, 3, 1, 12, 14, 7, 10, 19, 7, 10, 14, 3, 16, 3, 16, 9, 1, 19, 1, 12, 19, 7, 3, 1, 7, 16, 19, 19, 12, 16, 1, 3, 3, 12, 3, 12, 19, 4, 19, 7, 17, 6, 16, 20, 14, 18, 18, 14, 11, 14, 11, 6, 6, 6, 11, 5, 18, 5, 5, 18, 18, 14, 11, 18, 18, 14, 11, 3, 14, 11, 13, 13, 6, 6, 5, 11, 7, 5, 15, 2, 20, 8, 2, 8, 5, 7, 15, 15, 19, 19, 2, 17, 17, 5, 18, 17, 17, 17, 5, 17, 5, 19, 18, 14, 15, 10, 10, 17, 4, 4, 2, 15, 10, 10, 17, 8, 8, 4, 8, 2, 20, 2, 20, 8, 4, 8, 2, 20, 18, 5, 8, 6, 16, 20, 2, 8, 6, 2, 8, 6, 16, 20, 2, 15, 15, 20, 15, 20, 15, 13, 13, 20, 15, 13, 13, 13]
bestever    2151    in generation 138
[9, 11, 12, 9, 9, 9, 4, 11, 3, 12, 12, 11, 9, 7, 1, 4, 1, 16, 14, 7, 12, 10, 4, 12, 1, 17, 10, 9, 6, 16, 7, 1, 4, 10, 9, 9, 16, 9, 1, 4, 3, 10, 3, 1, 12, 14, 7, 10, 19, 7, 10, 14, 3, 16, 3, 16, 9, 1, 19, 1, 12, 19, 7, 3, 1, 7, 16, 19, 19, 12, 16, 1, 3, 3, 12, 3, 12, 19, 19, 7, 17, 6, 16, 14, 18, 18, 14, 11, 14, 11, 6, 6, 6, 11, 5, 18, 5, 5, 18, 18, 14, 11, 18, 18, 14, 11, 3, 14, 11, 13, 13, 6, 6, 5, 11, 7, 5, 2, 8, 2, 8, 5, 7, 19, 19, 2, 17, 17, 5, 18, 4, 17, 17, 17, 5, 17, 5, 19, 18, 14, 15, 10, 10, 17, 4, 4, 2, 15, 10, 10, 17, 8, 8, 4, 8, 2, 20, 2, 20, 8, 4, 8, 2, 20, 18, 5, 8, 6, 16, 20, 2, 8, 6, 2, 8, 6, 16, 20, 2, 15, 15, 20, 15, 20, 15, 13, 13, 20, 15, 13, 15, 20, 15, 13, 13, 20, 15, 13, 13, 13]
bestever    2113    in generation 164
[9, 12, 9, 9, 9, 4, 3, 12, 12, 9, 7, 1, 4, 1, 16, 14, 7, 12, 10, 4, 12, 1, 17, 10, 9, 6, 16, 7, 1, 4, 10, 9, 9, 16, 9, 1, 3, 10, 3, 1, 14, 7, 10, 19, 7, 10, 3, 16, 3, 16, 9, 1, 19, 19, 7, 1, 16, 19, 19, 12, 1, 12, 12, 11, 3, 11, 11, 7, 14, 4, 16, 1, 3, 3, 12, 3, 12, 19, 19, 7, 17, 6, 16, 14, 18, 18, 14, 11, 14, 11, 6, 6, 6, 11, 5, 18, 5, 5, 18, 18, 14, 11, 18, 18, 14, 11, 3, 14, 11, 13, 13, 6, 6, 5, 11, 7, 5, 2, 8, 2, 8, 5, 7, 19, 19, 2, 17, 17, 5, 18, 4, 17, 17, 17, 5, 17, 5, 19, 18, 14, 15, 10, 10, 17, 4, 4, 2, 15, 10, 10, 17, 8, 8, 4, 8, 2, 20, 2, 20, 8, 4, 8, 2, 20, 18, 5, 8, 6, 16, 20, 2, 8, 6, 2, 8, 6, 16, 20, 2, 15, 15, 20, 15, 20, 15, 13, 13, 20, 15, 13, 15, 20, 15, 13, 13, 20, 15, 13, 13, 13]
bestever    2103    in generation 205
[9, 12, 9, 9, 9, 4, 3, 12, 12, 9, 7, 1, 4, 1, 16, 14, 7, 12, 10, 4, 12, 1, 17, 10, 9, 6, 16, 7, 1, 4, 10, 9, 9, 16, 9, 1, 3, 10, 3, 1, 14, 7, 10, 19, 7, 10, 3, 16, 3, 16, 9, 1, 19, 19, 7, 1, 16, 19, 19, 12, 1, 12, 12, 11, 3, 11, 11, 7, 14, 16, 1, 3, 3, 12, 3, 12, 19, 19, 7, 17, 6, 16, 14, 18, 18, 14, 11, 14, 11, 6, 6, 6, 11, 5, 18, 5, 5, 18, 18, 14, 11, 18, 18, 14, 11, 3, 14, 11, 13, 13, 6, 6, 5, 11, 7, 5, 2, 8, 2, 8, 5, 7, 19, 19, 2, 17, 17, 5, 18, 17, 17, 17, 5, 17, 5, 19, 18, 14, 15, 10, 10, 17, 4, 4, 4, 4, 2, 15, 10, 10, 17, 8, 8, 4, 8, 2, 20, 2, 20, 8, 4, 8, 2, 20, 18, 5, 8, 6, 16, 20, 2, 8, 6, 2, 8, 6, 16, 20, 2, 15, 15, 20, 15, 20, 15, 13, 13, 20, 15, 13, 15, 20, 15, 13, 13, 20, 15, 13, 13, 13]
bestever    2053    in generation 220
[9, 12, 9, 9, 9, 4, 3, 12, 12, 9, 7, 1, 4, 1, 16, 14, 7, 12, 10, 4, 12, 1, 17, 10, 9, 16, 7, 1, 4, 10, 9, 9, 16, 9, 1, 3, 10, 3, 1, 14, 7, 10, 19, 7, 10, 3, 16, 3, 16, 9, 1, 19, 19, 7, 1, 16, 19, 19, 12, 1, 12, 12, 11, 3, 11, 11, 7, 14, 16, 1, 3, 3, 12, 3, 12, 19, 19, 7, 17, 16, 14, 18, 18, 14, 11, 14, 11, 6, 6, 6, 11, 5, 18, 5, 5, 18, 18, 14, 11, 18, 6, 6, 18, 14, 11, 3, 14, 11, 13, 13, 6, 6, 5, 11, 7, 5, 2, 8, 2, 8, 5, 7, 19, 19, 2, 17, 17, 5, 18, 17, 17, 17, 5, 17, 5, 19, 18, 14, 15, 10, 10, 17, 4, 4, 4, 4, 2, 15, 10, 10, 17, 8, 8, 4, 8, 2, 20, 2, 20, 8, 4, 8, 2, 20, 18, 5, 8, 6, 16, 20, 2, 8, 6, 2, 8, 6, 16, 20, 2, 15, 15, 20, 15, 20, 15, 13, 13, 20, 15, 13, 15, 20, 15, 13, 13, 20, 15, 13, 13, 13]
bestever    2019    in generation 280
[12, 12, 9, 7, 1, 4, 10, 9, 9, 16, 9, 1, 3, 1, 16, 14, 7, 12, 10, 4, 12, 17, 9, 7, 1, 4, 10, 16, 1, 10, 3, 1, 14, 7, 10, 19, 7, 10, 3, 16, 3, 16, 9, 1, 19, 19, 7, 1, 16, 19, 12, 3, 4, 9, 9, 9, 9, 19, 12, 1, 12, 12, 11, 3, 11, 11, 7, 14, 16, 1, 3, 3, 12, 3, 12, 19, 19, 7, 17, 16, 14, 18, 18, 14, 11, 14, 11, 6, 6, 6, 11, 5, 18, 5, 5, 18, 18, 14, 11, 18, 6, 6, 18, 14, 11, 3, 14, 11, 13, 13, 6, 6, 5, 11, 7, 5, 2, 8, 2, 8, 5, 7, 19, 19, 2, 17, 17, 5, 18, 17, 17, 17, 5, 17, 5, 19, 18, 14, 15, 10, 10, 17, 4, 4, 4, 4, 2, 15, 10, 10, 17, 8, 8, 4, 8, 2, 20, 2, 20, 8, 4, 8, 2, 20, 18, 5, 8, 6, 16, 20, 2, 8, 6, 2, 8, 6, 16, 20, 2, 15, 15, 20, 15, 20, 15, 13, 13, 20, 15, 13, 15, 20, 15, 13, 13, 20, 15, 13, 13, 13]
bestever    2005    in generation 347
[12, 12, 9, 7, 1, 4, 10, 9, 9, 16, 9, 1, 3, 1, 16, 14, 7, 12, 10, 4, 12, 17, 9, 7, 1, 4, 10, 16, 1, 10, 3, 1, 14, 7, 10, 7, 10, 3, 3, 16, 9, 1, 19, 7, 1, 16, 19, 12, 4, 9, 9, 9, 9, 19, 12, 1, 11, 11, 11, 7, 14, 16, 3, 3, 12, 12, 16, 1, 3, 3, 12, 12, 19, 19, 19, 19, 7, 17, 16, 14, 18, 18, 14, 11, 6, 6, 6, 5, 18, 5, 5, 18, 18, 14, 11, 18, 6, 6, 11, 3, 14, 11, 18, 14, 11, 3, 14, 11, 13, 6, 6, 5, 11, 7, 2, 8, 2, 8, 5, 7, 19, 19, 2, 17, 18, 17, 5, 17, 17, 5, 17, 5, 17, 5, 19, 18, 14, 15, 10, 10, 17, 4, 4, 4, 4, 2, 15, 10, 10, 17, 8, 8, 4, 8, 2, 20, 2, 20, 8, 4, 8, 2, 20, 18, 5, 8, 6, 16, 20, 8, 6, 2, 2, 8, 6, 16, 20, 2, 15, 15, 20, 15, 20, 15, 13, 13, 20, 15, 13, 13, 15, 20, 15, 13, 13, 20, 15, 13, 13, 13]
bestever    2004    in generation 376
[12, 12, 9, 7, 1, 4, 10, 9, 9, 16, 9, 1, 3, 1, 16, 14, 7, 12, 10, 4, 12, 17, 9, 7, 1, 4, 10, 16, 1, 10, 3, 1, 14, 7, 10, 7, 10, 3, 3, 9, 1, 19, 7, 1, 16, 19, 12, 4, 9, 9, 9, 9, 19, 12, 1, 11, 11, 11, 7, 14, 16, 3, 3, 12, 12, 16, 16, 1, 3, 3, 12, 12, 19, 19, 19, 19, 7, 17, 16, 14, 18, 18, 14, 11, 6, 6, 6, 5, 18, 5, 5, 18, 18, 14, 11, 18, 6, 6, 11, 3, 14, 11, 18, 14, 11, 3, 14, 11, 6, 6, 5, 11, 7, 2, 8, 2, 8, 5, 7, 19, 19, 2, 17, 18, 17, 5, 17, 17, 5, 17, 5, 17, 5, 19, 18, 14, 15, 10, 10, 17, 4, 4, 4, 4, 2, 13, 15, 10, 10, 17, 8, 8, 4, 8, 2, 20, 2, 20, 8, 4, 8, 2, 20, 18, 5, 8, 6, 16, 20, 8, 6, 2, 2, 8, 6, 16, 20, 2, 15, 15, 20, 15, 20, 15, 13, 13, 20, 15, 13, 13, 15, 20, 15, 13, 13, 20, 15, 13, 13, 13]
bestever    2000    in generation 442
[12, 12, 9, 7, 1, 4, 10, 9, 9, 16, 9, 1, 3, 1, 16, 14, 7, 12, 10, 4, 12, 17, 9, 7, 1, 4, 10, 16, 1, 10, 3, 1, 14, 7, 10, 7, 10, 3, 3, 9, 1, 19, 7, 1, 16, 19, 12, 4, 9, 9, 9, 9, 19, 12, 1, 11, 11, 11, 7, 14, 16, 3, 3, 12, 12, 16, 16, 1, 3, 3, 12, 12, 19, 19, 19, 19, 7, 17, 16, 14, 5, 5, 5, 18, 18, 6, 18, 14, 11, 6, 6, 18, 18, 14, 11, 18, 6, 6, 11, 3, 14, 11, 18, 14, 11, 3, 14, 11, 6, 6, 5, 11, 7, 2, 8, 2, 8, 5, 7, 19, 19, 2, 17, 18, 17, 5, 17, 5, 17, 17, 5, 17, 5, 19, 18, 14, 15, 10, 10, 17, 4, 4, 4, 4, 2, 13, 15, 10, 10, 17, 8, 8, 4, 8, 2, 20, 2, 20, 8, 4, 8, 2, 20, 18, 5, 8, 6, 16, 20, 8, 6, 2, 2, 8, 6, 16, 20, 2, 15, 15, 20, 15, 20, 15, 13, 13, 20, 15, 13, 13, 15, 20, 15, 13, 13, 20, 15, 13, 13, 13]
bestever    1995    in generation 491
[12, 12, 9, 7, 1, 4, 10, 9, 9, 16, 9, 1, 3, 1, 16, 14, 7, 12, 10, 4, 12, 17, 9, 7, 1, 4, 10, 16, 1, 10, 3, 1, 14, 7, 10, 7, 10, 3, 3, 9, 1, 19, 7, 1, 16, 19, 12, 4, 9, 9, 9, 9, 19, 12, 1, 11, 11, 11, 7, 14, 16, 3, 3, 12, 12, 16, 16, 1, 3, 3, 12, 12, 19, 19, 19, 19, 7, 17, 16, 14, 5, 5, 5, 18, 18, 6, 18, 14, 11, 6, 6, 18, 11, 18, 6, 6, 3, 14, 11, 18, 14, 11, 18, 14, 11, 3, 14, 11, 6, 6, 5, 11, 7, 2, 8, 2, 8, 5, 7, 19, 19, 2, 17, 18, 17, 5, 17, 5, 17, 17, 5, 17, 5, 19, 18, 14, 15, 10, 10, 17, 4, 4, 4, 4, 2, 13, 15, 10, 10, 17, 8, 8, 4, 8, 2, 20, 2, 20, 8, 4, 8, 2, 20, 18, 5, 8, 6, 16, 20, 8, 6, 2, 2, 8, 6, 16, 20, 2, 15, 15, 20, 15, 20, 15, 13, 13, 20, 15, 13, 13, 15, 20, 15, 13, 13, 20, 15, 13, 13, 13]
bestever    1978    in generation 539
[12, 12, 9, 7, 1, 4, 10, 9, 9, 16, 9, 1, 3, 1, 16, 14, 7, 12, 10, 4, 12, 17, 9, 7, 1, 4, 10, 16, 1, 10, 3, 1, 14, 7, 10, 7, 10, 3, 3, 9, 14, 19, 7, 1, 16, 19, 12, 4, 9, 9, 9, 9, 19, 12, 1, 11, 11, 11, 7, 14, 16, 3, 3, 12, 12, 16, 16, 1, 3, 3, 12, 12, 19, 19, 19, 19, 7, 17, 16, 14, 5, 5, 5, 18, 18, 6, 18, 14, 11, 6, 6, 18, 11, 18, 6, 6, 3, 14, 11, 18, 14, 11, 18, 14, 11, 3, 1, 11, 6, 6, 5, 11, 7, 2, 8, 2, 8, 5, 7, 19, 19, 2, 17, 18, 17, 5, 17, 5, 17, 17, 5, 17, 5, 19, 18, 14, 15, 10, 10, 17, 4, 4, 4, 4, 2, 13, 15, 10, 10, 17, 8, 8, 4, 8, 2, 20, 2, 20, 8, 4, 8, 2, 20, 18, 5, 8, 6, 16, 20, 8, 6, 2, 2, 8, 6, 16, 20, 2, 15, 15, 20, 15, 20, 15, 13, 13, 20, 15, 13, 13, 15, 20, 15, 13, 13, 20, 15, 13, 13, 13]
bestever    1976    in generation 568
[12, 12, 9, 7, 1, 4, 10, 9, 9, 16, 9, 1, 3, 1, 16, 14, 7, 12, 10, 4, 12, 17, 9, 7, 1, 4, 10, 16, 1, 10, 3, 1, 14, 7, 10, 7, 10, 3, 3, 9, 14, 19, 7, 1, 16, 19, 12, 4, 9, 9, 9, 9, 19, 12, 1, 11, 11, 11, 7, 14, 16, 3, 3, 12, 12, 16, 16, 1, 3, 3, 12, 12, 19, 19, 19, 19, 7, 17, 16, 14, 5, 5, 5, 18, 18, 6, 18, 14, 11, 6, 6, 18, 11, 18, 6, 6, 3, 14, 11, 18, 14, 11, 18, 14, 11, 3, 1, 11, 6, 6, 5, 11, 7, 2, 8, 2, 8, 5, 7, 5, 19, 2, 17, 18, 17, 5, 17, 5, 17, 17, 5, 17, 5, 19, 18, 14, 15, 10, 10, 17, 4, 4, 4, 4, 2, 13, 15, 10, 10, 17, 8, 8, 4, 8, 2, 20, 2, 20, 8, 4, 8, 2, 20, 18, 19, 8, 6, 16, 20, 8, 6, 2, 2, 8, 6, 16, 20, 2, 15, 15, 20, 15, 20, 15, 13, 13, 20, 15, 13, 13, 15, 20, 15, 13, 13, 20, 15, 13, 13, 13]
bestever    1974    in generation 657
[12, 12, 9, 7, 1, 4, 10, 9, 9, 16, 9, 1, 3, 1, 16, 14, 7, 12, 10, 4, 12, 17, 9, 7, 1, 4, 10, 16, 1, 10, 3, 1, 14, 7, 10, 7, 10, 3, 3, 9, 14, 19, 7, 1, 16, 19, 12, 4, 9, 9, 9, 9, 19, 12, 1, 11, 11, 11, 7, 14, 16, 3, 3, 12, 12, 16, 16, 1, 3, 3, 12, 12, 19, 19, 19, 19, 7, 17, 16, 14, 5, 5, 5, 18, 18, 6, 18, 14, 11, 6, 6, 18, 11, 18, 6, 6, 3, 14, 11, 18, 14, 11, 18, 14, 11, 3, 1, 11, 6, 6, 5, 11, 18, 2, 8, 2, 8, 5, 7, 5, 19, 2, 17, 18, 17, 5, 17, 5, 17, 17, 5, 17, 5, 19, 18, 14, 15, 10, 10, 17, 4, 4, 4, 4, 2, 15, 10, 10, 17, 8, 8, 4, 8, 2, 20, 2, 20, 8, 4, 8, 2, 20, 7, 19, 8, 6, 16, 20, 8, 6, 2, 2, 8, 6, 16, 20, 2, 15, 15, 20, 15, 13, 20, 15, 13, 13, 20, 15, 13, 13, 15, 20, 15, 13, 13, 20, 15, 13, 13, 13]
bestever    1953    in generation 846
[12, 12, 9, 7, 1, 4, 10, 9, 12, 9, 16, 9, 1, 3, 1, 16, 14, 7, 12, 10, 4, 12, 17, 9, 7, 1, 4, 10, 16, 1, 10, 9, 3, 1, 14, 7, 10, 7, 10, 3, 3, 9, 14, 19, 7, 1, 16, 19, 12, 4, 9, 9, 9, 19, 12, 1, 11, 11, 11, 7, 14, 16, 3, 3, 12, 16, 16, 1, 3, 3, 12, 12, 19, 19, 19, 19, 7, 17, 16, 14, 5, 5, 11, 6, 18, 18, 18, 14, 11, 6, 8, 6, 18, 11, 18, 6, 13, 6, 3, 14, 5, 11, 18, 18, 14, 20, 11, 14, 11, 3, 1, 11, 7, 6, 5, 5, 18, 2, 8, 2, 8, 5, 7, 5, 19, 2, 17, 18, 17, 5, 17, 17, 17, 5, 17, 5, 19, 18, 14, 15, 10, 10, 17, 4, 4, 4, 4, 2, 15, 10, 10, 17, 8, 8, 4, 2, 20, 2, 20, 8, 4, 8, 2, 6, 19, 8, 6, 16, 20, 8, 6, 2, 2, 8, 6, 16, 20, 2, 15, 15, 20, 13, 20, 13, 15, 20, 15, 13, 15, 13, 13, 15, 20, 15, 13, 20, 15, 13, 13, 13]
bestever    1947    in generation 927
[12, 12, 9, 7, 1, 4, 10, 9, 12, 9, 16, 9, 1, 3, 1, 16, 14, 7, 12, 1, 4, 12, 17, 9, 7, 1, 4, 10, 16, 1, 10, 9, 3, 1, 14, 7, 10, 7, 10, 3, 3, 9, 14, 19, 1, 16, 19, 12, 4, 9, 9, 9, 19, 12, 11, 11, 11, 7, 14, 16, 3, 3, 12, 16, 16, 1, 3, 3, 12, 12, 19, 19, 19, 19, 7, 17, 16, 14, 5, 5, 11, 6, 18, 18, 18, 14, 11, 6, 8, 6, 18, 11, 18, 6, 6, 3, 14, 5, 18, 18, 13, 14, 20, 1, 11, 7, 11, 14, 11, 3, 10, 11, 7, 6, 5, 5, 18, 2, 8, 2, 8, 5, 7, 5, 19, 2, 17, 18, 17, 5, 17, 17, 17, 5, 17, 5, 19, 18, 14, 15, 10, 10, 17, 4, 4, 4, 4, 2, 15, 10, 10, 17, 8, 8, 4, 2, 20, 2, 20, 8, 4, 8, 2, 6, 19, 8, 6, 16, 20, 8, 6, 2, 2, 8, 6, 16, 20, 2, 15, 15, 20, 13, 20, 13, 15, 20, 15, 13, 15, 13, 13, 15, 20, 15, 13, 20, 15, 13, 13, 13]
bestever    1931    in generation 1110
[12, 12, 9, 7, 1, 4, 10, 9, 12, 9, 16, 9, 1, 3, 1, 16, 14, 7, 12, 1, 4, 12, 17, 9, 7, 1, 4, 10, 16, 19, 10, 9, 3, 1, 14, 7, 1, 7, 10, 3, 3, 9, 14, 19, 10, 16, 19, 12, 4, 9, 9, 9, 19, 12, 11, 11, 11, 7, 14, 16, 3, 3, 12, 16, 16, 1, 3, 3, 12, 12, 1, 19, 19, 19, 7, 17, 16, 14, 5, 5, 11, 6, 18, 18, 18, 14, 18, 11, 6, 8, 6, 18, 11, 18, 6, 6, 3, 14, 5, 17, 13, 14, 20, 1, 11, 7, 11, 14, 11, 3, 10, 10, 11, 7, 6, 5, 17, 10, 2, 8, 2, 8, 5, 7, 5, 19, 2, 17, 18, 17, 5, 5, 17, 18, 5, 17, 5, 19, 18, 14, 15, 10, 17, 4, 4, 4, 4, 2, 15, 18, 10, 17, 8, 8, 4, 2, 20, 20, 2, 8, 4, 8, 2, 6, 19, 8, 6, 16, 20, 8, 6, 2, 2, 8, 6, 16, 20, 2, 15, 15, 20, 13, 20, 13, 15, 20, 15, 13, 15, 13, 13, 15, 20, 15, 13, 20, 15, 13, 13, 13]
bestever    1912    in generation 1134
[12, 12, 9, 7, 1, 4, 10, 9, 12, 9, 16, 9, 1, 3, 1, 16, 14, 7, 12, 1, 4, 12, 17, 9, 7, 1, 4, 10, 16, 19, 10, 9, 3, 1, 14, 7, 1, 7, 10, 3, 3, 9, 14, 19, 10, 16, 19, 12, 4, 9, 9, 9, 19, 12, 11, 11, 11, 7, 14, 16, 3, 3, 12, 16, 16, 1, 3, 3, 12, 12, 1, 19, 19, 1, 7, 17, 16, 14, 5, 5, 11, 6, 18, 18, 18, 14, 18, 11, 6, 20, 6, 18, 11, 18, 6, 6, 3, 14, 5, 17, 13, 14, 20, 19, 11, 7, 11, 14, 11, 3, 10, 10, 11, 7, 6, 5, 17, 10, 2, 8, 2, 8, 5, 7, 5, 19, 2, 17, 18, 17, 5, 5, 17, 18, 5, 17, 5, 19, 18, 14, 15, 10, 17, 4, 4, 4, 4, 2, 15, 18, 10, 17, 8, 8, 4, 2, 20, 8, 2, 8, 4, 8, 2, 6, 19, 8, 6, 16, 20, 8, 6, 2, 2, 8, 6, 16, 20, 2, 15, 15, 20, 13, 20, 13, 15, 20, 15, 13, 15, 13, 13, 15, 20, 15, 13, 20, 15, 13, 13, 13]
bestever    1904    in generation 1143
[12, 9, 1, 7, 12, 4, 10, 9, 12, 9, 16, 9, 1, 3, 1, 16, 14, 7, 12, 1, 4, 12, 17, 9, 7, 1, 4, 10, 16, 19, 10, 9, 3, 1, 14, 7, 1, 7, 10, 3, 3, 9, 14, 19, 10, 16, 19, 12, 4, 9, 9, 9, 19, 12, 11, 11, 11, 7, 14, 16, 3, 3, 12, 16, 16, 1, 3, 3, 12, 12, 1, 19, 19, 1, 7, 17, 16, 14, 5, 5, 11, 6, 18, 18, 18, 14, 18, 11, 6, 20, 6, 18, 11, 18, 6, 6, 3, 14, 5, 17, 13, 14, 20, 19, 11, 7, 11, 14, 11, 3, 10, 10, 11, 7, 6, 5, 17, 10, 2, 8, 2, 8, 5, 7, 5, 19, 2, 17, 18, 17, 5, 5, 17, 18, 5, 17, 5, 19, 18, 14, 15, 10, 17, 4, 4, 4, 4, 2, 15, 18, 10, 17, 8, 8, 4, 2, 20, 8, 2, 8, 4, 8, 2, 6, 19, 8, 6, 16, 20, 8, 6, 2, 2, 8, 6, 16, 20, 2, 15, 15, 20, 13, 20, 13, 15, 20, 15, 13, 15, 13, 13, 15, 20, 15, 13, 20, 15, 13, 13, 13]
bestever    1895    in generation 1187
[12, 9, 1, 7, 12, 4, 10, 9, 12, 9, 16, 9, 1, 3, 1, 16, 14, 7, 12, 1, 4, 12, 17, 9, 7, 1, 4, 10, 16, 19, 10, 9, 3, 1, 14, 7, 1, 7, 10, 3, 3, 14, 14, 19, 10, 16, 19, 12, 4, 9, 9, 9, 19, 12, 11, 11, 11, 7, 14, 16, 3, 3, 12, 16, 16, 1, 3, 3, 12, 12, 1, 19, 19, 1, 7, 17, 16, 14, 5, 5, 11, 6, 18, 18, 18, 14, 18, 11, 6, 20, 6, 18, 11, 18, 6, 6, 3, 14, 5, 17, 13, 9, 20, 19, 11, 7, 11, 14, 11, 3, 10, 10, 11, 7, 6, 5, 17, 10, 2, 8, 2, 8, 5, 7, 5, 19, 2, 17, 18, 17, 5, 5, 17, 18, 5, 17, 5, 19, 18, 14, 15, 10, 17, 4, 4, 4, 4, 2, 15, 18, 10, 17, 8, 8, 4, 2, 20, 8, 2, 8, 4, 8, 2, 6, 19, 8, 6, 16, 20, 8, 6, 2, 2, 8, 6, 16, 20, 2, 15, 15, 20, 20, 15, 13, 15, 13, 13, 15, 20, 15, 13, 20, 15, 13, 13, 20, 15, 13, 13, 13]
bestever    1892    in generation 1252
[12, 9, 1, 7, 12, 4, 10, 9, 12, 9, 16, 9, 1, 3, 1, 16, 14, 7, 12, 1, 4, 12, 17, 9, 7, 1, 4, 10, 16, 19, 10, 9, 3, 1, 14, 7, 1, 7, 10, 3, 3, 14, 14, 19, 10, 16, 19, 12, 4, 9, 9, 9, 19, 12, 11, 11, 11, 7, 14, 16, 3, 3, 12, 16, 16, 1, 3, 3, 12, 12, 1, 19, 19, 1, 7, 17, 16, 14, 5, 5, 11, 6, 18, 18, 18, 14, 18, 11, 6, 20, 6, 18, 11, 18, 3, 14, 5, 17, 13, 9, 20, 19, 11, 7, 11, 14, 11, 3, 10, 10, 11, 7, 6, 5, 17, 10, 2, 8, 2, 8, 5, 7, 5, 19, 2, 17, 18, 17, 5, 5, 17, 18, 5, 17, 5, 19, 18, 14, 15, 10, 17, 4, 4, 4, 4, 2, 15, 10, 17, 8, 8, 4, 2, 20, 2, 8, 4, 8, 2, 6, 6, 19, 8, 6, 18, 8, 6, 16, 20, 8, 6, 2, 2, 8, 6, 16, 20, 2, 15, 15, 20, 20, 15, 13, 15, 13, 13, 15, 20, 15, 13, 20, 15, 13, 13, 20, 15, 13, 13, 13]
bestever    1887    in generation 1287
[12, 9, 1, 7, 12, 4, 10, 9, 12, 9, 16, 9, 1, 3, 1, 16, 14, 7, 12, 1, 4, 12, 17, 9, 7, 1, 4, 10, 16, 19, 10, 9, 3, 1, 14, 7, 1, 7, 10, 3, 3, 14, 14, 19, 10, 16, 19, 12, 4, 9, 9, 9, 19, 12, 11, 11, 11, 7, 14, 16, 3, 3, 12, 16, 16, 1, 3, 3, 12, 10, 1, 19, 19, 1, 7, 17, 16, 14, 5, 5, 11, 6, 18, 18, 18, 14, 18, 11, 6, 20, 6, 18, 11, 18, 3, 14, 5, 17, 13, 9, 20, 19, 11, 7, 11, 14, 11, 3, 10, 10, 11, 7, 6, 5, 17, 10, 2, 8, 2, 8, 5, 7, 5, 19, 2, 17, 18, 17, 5, 5, 17, 18, 5, 17, 5, 19, 18, 14, 15, 12, 17, 4, 4, 4, 4, 2, 15, 10, 17, 8, 8, 4, 2, 20, 2, 8, 4, 8, 2, 6, 6, 19, 8, 6, 18, 8, 6, 16, 20, 8, 6, 2, 2, 8, 6, 16, 20, 2, 15, 15, 20, 20, 15, 13, 15, 13, 13, 15, 20, 15, 13, 20, 15, 13, 13, 20, 15, 13, 13, 13]
bestever    1865    in generation 1402
[12, 9, 1, 7, 12, 4, 10, 9, 12, 9, 16, 9, 1, 3, 1, 16, 14, 7, 12, 1, 4, 12, 17, 9, 9, 7, 1, 4, 10, 16, 19, 10, 9, 3, 1, 14, 7, 1, 7, 10, 3, 3, 14, 14, 19, 10, 16, 19, 12, 4, 9, 9, 19, 12, 11, 11, 11, 7, 14, 16, 3, 14, 12, 16, 16, 1, 3, 3, 12, 10, 1, 19, 19, 1, 7, 17, 16, 3, 5, 5, 11, 6, 18, 18, 18, 14, 18, 11, 6, 20, 6, 18, 11, 18, 3, 14, 5, 17, 13, 9, 20, 19, 11, 7, 11, 14, 11, 3, 10, 10, 11, 7, 6, 5, 17, 10, 2, 8, 2, 8, 5, 7, 5, 19, 2, 17, 18, 17, 5, 5, 17, 18, 5, 17, 5, 19, 18, 14, 15, 12, 17, 4, 4, 4, 4, 2, 15, 10, 17, 8, 8, 4, 2, 20, 2, 8, 4, 8, 2, 6, 6, 19, 8, 6, 18, 8, 6, 16, 20, 8, 6, 2, 2, 8, 6, 16, 20, 2, 15, 15, 20, 20, 15, 13, 15, 13, 13, 15, 20, 15, 13, 20, 15, 13, 13, 20, 15, 13, 13, 13]
bestever    1860    in generation 1417
[12, 9, 1, 7, 12, 4, 10, 9, 12, 9, 16, 9, 1, 3, 1, 16, 14, 7, 12, 1, 4, 12, 17, 9, 9, 7, 1, 4, 10, 16, 19, 10, 9, 3, 1, 14, 7, 1, 7, 10, 3, 3, 14, 14, 19, 10, 16, 19, 12, 4, 9, 9, 19, 12, 11, 11, 11, 7, 14, 16, 3, 14, 12, 16, 16, 1, 3, 3, 12, 10, 1, 19, 19, 1, 7, 17, 16, 3, 5, 5, 11, 6, 18, 18, 18, 14, 18, 11, 6, 20, 6, 18, 11, 18, 3, 14, 5, 17, 9, 20, 19, 11, 7, 11, 14, 11, 3, 10, 10, 11, 7, 10, 5, 17, 10, 2, 8, 2, 8, 5, 7, 5, 19, 2, 17, 18, 17, 5, 5, 17, 18, 5, 17, 5, 19, 18, 14, 15, 12, 17, 4, 4, 4, 4, 2, 13, 15, 6, 17, 8, 8, 4, 2, 20, 2, 8, 4, 8, 2, 6, 6, 19, 8, 6, 18, 8, 6, 16, 20, 8, 6, 2, 2, 8, 6, 16, 20, 2, 15, 15, 20, 20, 15, 13, 15, 13, 13, 15, 20, 15, 13, 20, 15, 13, 13, 20, 15, 13, 13, 13]
bestever    1846    in generation 1448
[12, 9, 1, 7, 12, 4, 10, 9, 12, 9, 16, 9, 1, 3, 1, 16, 14, 7, 12, 1, 4, 12, 17, 9, 9, 7, 1, 4, 10, 16, 19, 10, 9, 3, 1, 14, 7, 1, 7, 10, 3, 3, 14, 14, 19, 10, 16, 19, 12, 4, 9, 9, 19, 17, 11, 11, 11, 7, 14, 16, 3, 14, 12, 16, 16, 1, 3, 3, 12, 10, 1, 19, 19, 1, 7, 17, 16, 3, 5, 5, 11, 6, 18, 18, 18, 14, 18, 11, 6, 20, 6, 18, 11, 18, 3, 14, 5, 17, 9, 20, 19, 11, 7, 11, 14, 11, 3, 10, 10, 11, 7, 10, 5, 12, 10, 2, 8, 2, 8, 5, 7, 5, 19, 2, 17, 18, 17, 5, 5, 17, 18, 5, 17, 5, 19, 18, 14, 15, 12, 17, 4, 4, 4, 4, 2, 13, 15, 6, 17, 8, 8, 4, 2, 20, 2, 8, 4, 8, 2, 6, 6, 19, 8, 6, 18, 8, 6, 16, 20, 8, 6, 2, 2, 8, 6, 16, 20, 2, 15, 15, 20, 20, 15, 13, 15, 13, 13, 15, 20, 15, 13, 20, 15, 13, 13, 20, 13, 15, 13, 13]
bestever    1814    in generation 1488
[12, 9, 1, 7, 12, 4, 10, 9, 12, 9, 16, 9, 1, 3, 1, 16, 14, 7, 12, 1, 4, 12, 17, 9, 9, 7, 1, 4, 10, 16, 19, 10, 9, 3, 1, 14, 7, 1, 7, 10, 3, 3, 14, 14, 19, 10, 16, 19, 12, 4, 9, 9, 19, 17, 11, 11, 11, 7, 14, 16, 3, 14, 12, 16, 16, 1, 3, 3, 12, 10, 1, 19, 19, 1, 7, 17, 16, 3, 5, 5, 11, 18, 18, 18, 14, 18, 11, 20, 18, 11, 18, 3, 14, 5, 17, 9, 20, 19, 11, 7, 11, 14, 11, 3, 10, 10, 11, 7, 10, 5, 12, 10, 2, 8, 2, 8, 5, 7, 5, 19, 2, 17, 18, 17, 5, 5, 17, 18, 5, 17, 5, 19, 14, 15, 12, 17, 4, 4, 4, 4, 13, 15, 17, 8, 4, 2, 20, 2, 4, 8, 2, 6, 6, 8, 2, 6, 6, 19, 8, 6, 18, 8, 6, 6, 18, 8, 6, 16, 20, 8, 6, 2, 2, 8, 6, 16, 20, 2, 15, 15, 20, 20, 15, 13, 15, 13, 13, 15, 20, 15, 13, 20, 15, 13, 13, 20, 13, 15, 13, 13]
bestever    1813    in generation 1741
[12, 9, 1, 7, 12, 4, 10, 9, 12, 9, 16, 1, 3, 1, 16, 14, 7, 12, 1, 4, 12, 17, 9, 9, 7, 1, 4, 10, 16, 19, 10, 9, 3, 1, 14, 7, 1, 7, 10, 3, 3, 14, 14, 19, 10, 18, 16, 19, 12, 4, 9, 9, 19, 17, 11, 11, 9, 11, 7, 14, 16, 3, 16, 14, 12, 16, 16, 1, 3, 3, 12, 10, 1, 19, 19, 1, 7, 17, 16, 3, 5, 14, 12, 11, 18, 18, 5, 18, 11, 20, 18, 11, 18, 3, 14, 5, 17, 9, 20, 19, 11, 7, 12, 11, 14, 11, 3, 10, 10, 11, 7, 10, 5, 19, 10, 2, 8, 2, 5, 8, 7, 5, 2, 17, 18, 17, 5, 5, 17, 15, 5, 4, 5, 19, 14, 18, 17, 17, 4, 4, 4, 13, 15, 17, 8, 4, 2, 20, 2, 8, 2, 6, 6, 8, 2, 6, 6, 19, 8, 6, 18, 8, 6, 6, 18, 8, 15, 16, 20, 8, 6, 2, 20, 8, 6, 4, 20, 2, 15, 15, 20, 20, 15, 13, 15, 13, 13, 6, 20, 15, 13, 2, 15, 13, 13, 20, 13, 15, 13, 13]
bestever    1802    in generation 1846
[12, 9, 1, 7, 12, 4, 10, 9, 12, 9, 16, 1, 3, 1, 16, 14, 7, 12, 1, 4, 12, 17, 9, 9, 7, 1, 4, 10, 16, 19, 10, 9, 3, 1, 14, 7, 1, 7, 10, 3, 3, 14, 14, 19, 10, 18, 16, 19, 12, 4, 9, 9, 19, 17, 11, 11, 12, 9, 11, 7, 14, 16, 3, 16, 14, 12, 16, 16, 1, 3, 3, 12, 10, 1, 19, 19, 1, 7, 17, 16, 3, 5, 14, 11, 18, 18, 5, 18, 11, 20, 18, 11, 18, 3, 14, 5, 17, 9, 20, 19, 11, 7, 12, 11, 14, 11, 3, 10, 10, 11, 7, 10, 5, 19, 10, 2, 8, 2, 5, 8, 7, 5, 2, 17, 18, 17, 5, 5, 15, 5, 5, 19, 14, 18, 17, 4, 17, 17, 4, 4, 4, 13, 15, 17, 8, 4, 2, 20, 2, 8, 2, 6, 6, 8, 2, 6, 6, 19, 8, 6, 18, 8, 6, 6, 18, 8, 15, 16, 20, 8, 6, 2, 20, 8, 6, 4, 20, 2, 15, 15, 20, 20, 15, 13, 15, 13, 13, 6, 20, 15, 13, 2, 15, 13, 13, 20, 13, 15, 13, 13]
bestever    1795    in generation 1929
[12, 9, 1, 7, 12, 4, 10, 9, 12, 9, 16, 1, 3, 1, 16, 14, 7, 12, 1, 4, 12, 17, 9, 9, 7, 1, 4, 10, 16, 19, 10, 9, 3, 1, 14, 7, 1, 7, 10, 3, 3, 14, 14, 19, 10, 18, 16, 19, 12, 4, 9, 9, 19, 17, 11, 11, 12, 9, 11, 7, 14, 16, 3, 16, 14, 12, 16, 16, 1, 3, 3, 12, 10, 1, 19, 19, 1, 7, 17, 16, 3, 5, 14, 11, 18, 18, 5, 18, 11, 20, 18, 11, 18, 3, 14, 5, 17, 9, 20, 19, 11, 7, 12, 11, 14, 11, 3, 10, 10, 11, 7, 10, 5, 19, 10, 2, 8, 2, 5, 8, 7, 5, 2, 17, 18, 17, 5, 5, 15, 5, 5, 19, 14, 18, 17, 4, 17, 17, 4, 4, 4, 15, 17, 8, 4, 2, 20, 2, 8, 2, 6, 6, 8, 2, 6, 6, 19, 8, 6, 18, 8, 15, 6, 18, 8, 15, 16, 20, 8, 13, 6, 2, 20, 8, 6, 4, 20, 2, 15, 15, 20, 20, 6, 13, 15, 13, 13, 6, 20, 15, 13, 2, 15, 13, 13, 20, 13, 15, 13, 13]
bestever    1794    in generation 1964
[12, 9, 1, 7, 12, 4, 10, 9, 12, 9, 16, 1, 3, 1, 16, 14, 7, 12, 1, 4, 12, 17, 9, 9, 7, 1, 4, 10, 16, 19, 10, 9, 3, 1, 14, 7, 1, 7, 10, 3, 3, 14, 14, 19, 10, 18, 16, 19, 12, 9, 9, 19, 17, 11, 11, 12, 9, 11, 7, 14, 16, 3, 16, 14, 12, 16, 16, 1, 3, 3, 12, 10, 1, 19, 19, 1, 7, 17, 16, 3, 5, 14, 11, 18, 18, 5, 18, 11, 20, 18, 11, 18, 3, 14, 5, 17, 9, 20, 19, 11, 7, 12, 11, 14, 11, 3, 10, 10, 11, 7, 10, 5, 19, 10, 2, 8, 2, 5, 8, 7, 5, 2, 17, 18, 17, 5, 5, 15, 5, 5, 19, 14, 18, 17, 17, 4, 4, 17, 4, 4, 4, 15, 17, 8, 4, 2, 20, 2, 8, 2, 6, 6, 8, 2, 6, 6, 19, 8, 6, 18, 8, 15, 6, 18, 8, 15, 16, 20, 8, 13, 6, 2, 20, 8, 6, 4, 20, 2, 15, 20, 6, 15, 13, 20, 15, 13, 13, 6, 20, 15, 13, 2, 15, 13, 13, 20, 13, 15, 13, 13]
bestever    1793    in generation 2094
[12, 9, 1, 7, 12, 4, 10, 9, 12, 9, 16, 1, 3, 1, 16, 14, 7, 12, 1, 4, 12, 17, 9, 9, 7, 13, 1, 4, 10, 16, 19, 10, 9, 3, 1, 14, 7, 1, 7, 10, 3, 3, 14, 14, 19, 10, 18, 16, 19, 12, 9, 9, 19, 17, 11, 11, 12, 9, 3, 7, 14, 16, 3, 16, 14, 5, 12, 16, 16, 1, 3, 11, 12, 10, 1, 19, 19, 1, 7, 17, 16, 3, 5, 14, 11, 18, 18, 18, 11, 20, 18, 11, 18, 3, 14, 5, 17, 9, 20, 19, 11, 7, 12, 11, 14, 11, 3, 10, 10, 11, 7, 10, 5, 19, 10, 2, 8, 2, 5, 8, 7, 5, 2, 17, 18, 17, 5, 5, 15, 5, 5, 19, 14, 18, 17, 17, 4, 4, 17, 4, 4, 4, 15, 17, 8, 4, 2, 20, 2, 8, 2, 6, 6, 8, 2, 6, 6, 19, 8, 6, 8, 15, 6, 18, 8, 15, 16, 20, 8, 13, 6, 2, 20, 8, 6, 4, 20, 2, 15, 20, 6, 15, 13, 20, 15, 13, 18, 6, 20, 15, 13, 2, 15, 13, 13, 20, 13, 15, 13, 13]
bestever    1785    in generation 2099
[12, 9, 1, 7, 12, 4, 10, 9, 12, 9, 16, 1, 3, 1, 16, 14, 7, 12, 1, 4, 12, 17, 9, 9, 7, 1, 4, 10, 16, 19, 10, 9, 3, 1, 14, 7, 1, 7, 10, 3, 3, 14, 14, 19, 10, 18, 16, 19, 12, 9, 9, 19, 17, 11, 11, 12, 9, 3, 7, 14, 16, 3, 16, 14, 5, 12, 16, 16, 1, 3, 11, 12, 10, 1, 19, 19, 1, 7, 17, 16, 3, 5, 14, 11, 18, 18, 18, 11, 20, 18, 11, 18, 3, 14, 5, 17, 9, 20, 19, 11, 7, 12, 11, 14, 11, 3, 10, 10, 11, 7, 10, 5, 19, 10, 2, 8, 2, 5, 8, 7, 5, 2, 17, 18, 17, 5, 5, 15, 5, 5, 19, 14, 18, 17, 17, 4, 4, 17, 4, 4, 4, 15, 17, 8, 4, 2, 20, 2, 8, 2, 6, 6, 8, 2, 6, 6, 19, 8, 6, 8, 15, 6, 18, 8, 15, 16, 20, 8, 6, 2, 20, 8, 6, 4, 20, 2, 15, 20, 6, 15, 13, 20, 13, 18, 6, 20, 15, 13, 15, 13, 13, 2, 15, 13, 13, 20, 13, 15, 13, 13]
bestever    1783    in generation 2135
[12, 9, 1, 7, 12, 4, 10, 9, 12, 9, 16, 1, 3, 1, 16, 14, 7, 12, 1, 4, 12, 17, 9, 9, 7, 1, 4, 10, 16, 19, 10, 9, 3, 1, 14, 7, 1, 7, 10, 3, 3, 14, 14, 19, 10, 18, 16, 19, 12, 9, 9, 19, 17, 11, 11, 12, 9, 3, 7, 14, 16, 3, 16, 14, 5, 12, 16, 16, 1, 3, 11, 12, 10, 1, 19, 19, 1, 7, 17, 16, 3, 5, 14, 11, 18, 18, 18, 11, 20, 18, 11, 18, 3, 14, 5, 17, 9, 20, 19, 11, 7, 12, 11, 14, 11, 3, 10, 10, 11, 7, 10, 5, 19, 10, 2, 8, 2, 5, 8, 7, 5, 2, 17, 18, 17, 5, 5, 15, 5, 5, 19, 14, 18, 17, 17, 4, 4, 17, 4, 4, 4, 6, 17, 8, 4, 2, 20, 2, 8, 2, 6, 6, 8, 2, 15, 6, 19, 8, 6, 8, 15, 6, 18, 8, 15, 16, 20, 8, 6, 2, 20, 8, 6, 4, 20, 2, 15, 20, 6, 15, 13, 20, 13, 18, 6, 20, 15, 13, 15, 13, 13, 2, 15, 13, 13, 20, 13, 15, 13, 13]
bestever    1782    in generation 2160
[12, 9, 1, 7, 12, 4, 10, 9, 12, 9, 16, 1, 3, 1, 16, 14, 7, 12, 1, 4, 12, 17, 9, 9, 7, 1, 4, 10, 16, 19, 10, 9, 3, 1, 14, 7, 1, 7, 10, 3, 3, 14, 14, 19, 10, 18, 16, 19, 12, 9, 9, 19, 17, 11, 11, 12, 9, 3, 7, 14, 16, 3, 16, 14, 5, 12, 16, 7, 1, 3, 11, 12, 10, 1, 19, 19, 1, 7, 17, 16, 3, 5, 14, 11, 18, 18, 18, 11, 20, 18, 11, 18, 3, 14, 5, 17, 9, 20, 19, 11, 7, 12, 11, 14, 11, 3, 10, 10, 11, 16, 10, 5, 19, 10, 2, 8, 2, 5, 8, 7, 5, 2, 17, 18, 17, 5, 5, 15, 5, 5, 19, 14, 18, 17, 17, 4, 4, 17, 4, 4, 4, 6, 17, 8, 4, 2, 20, 2, 8, 2, 6, 6, 8, 2, 15, 6, 19, 8, 6, 8, 15, 6, 18, 8, 15, 16, 20, 8, 6, 2, 20, 8, 6, 4, 20, 2, 15, 20, 6, 15, 13, 20, 13, 18, 6, 20, 15, 13, 15, 13, 13, 2, 15, 13, 13, 20, 13, 15, 13, 13]
bestever    1772    in generation 2399
[12, 9, 1, 7, 12, 4, 10, 9, 12, 9, 16, 1, 3, 1, 16, 14, 7, 12, 1, 4, 12, 17, 9, 16, 7, 1, 12, 10, 16, 19, 10, 9, 3, 1, 14, 7, 1, 7, 10, 3, 3, 14, 14, 19, 10, 19, 16, 18, 4, 9, 9, 19, 17, 11, 11, 12, 9, 3, 7, 14, 9, 3, 16, 14, 5, 12, 16, 7, 1, 3, 11, 12, 10, 1, 19, 19, 20, 1, 7, 17, 16, 3, 5, 14, 11, 11, 18, 18, 18, 20, 18, 11, 17, 18, 3, 14, 5, 9, 20, 19, 11, 7, 12, 11, 14, 11, 3, 10, 10, 11, 16, 10, 5, 19, 10, 2, 8, 2, 5, 8, 7, 5, 2, 18, 17, 18, 17, 5, 5, 15, 5, 5, 19, 14, 18, 17, 17, 4, 4, 17, 4, 4, 4, 6, 17, 8, 4, 2, 20, 18, 8, 2, 6, 6, 8, 2, 15, 6, 19, 8, 6, 8, 15, 6, 8, 15, 16, 20, 8, 6, 2, 20, 8, 6, 4, 2, 15, 20, 6, 15, 13, 20, 13, 2, 6, 20, 15, 13, 15, 13, 13, 2, 15, 13, 13, 20, 13, 15, 13, 13]
bestever    1762    in generation 2415
[12, 9, 1, 7, 12, 10, 9, 12, 9, 16, 1, 3, 1, 16, 14, 7, 12, 1, 12, 17, 9, 16, 7, 1, 12, 10, 16, 19, 10, 9, 3, 1, 14, 7, 1, 7, 10, 3, 3, 14, 14, 19, 10, 19, 16, 18, 9, 9, 19, 17, 11, 11, 12, 9, 3, 7, 14, 9, 3, 16, 14, 5, 12, 16, 7, 1, 3, 11, 12, 10, 1, 19, 19, 20, 1, 7, 17, 16, 3, 5, 14, 11, 11, 18, 18, 18, 20, 18, 11, 17, 18, 3, 14, 5, 9, 20, 19, 11, 7, 12, 11, 14, 11, 3, 10, 10, 11, 16, 10, 5, 19, 10, 2, 8, 2, 5, 8, 7, 5, 2, 18, 17, 18, 17, 5, 5, 15, 5, 5, 19, 14, 18, 4, 17, 4, 4, 17, 4, 4, 17, 4, 4, 4, 6, 17, 8, 4, 2, 20, 18, 8, 2, 6, 6, 8, 2, 15, 6, 19, 8, 6, 8, 15, 6, 8, 15, 16, 20, 8, 6, 2, 20, 8, 6, 4, 2, 15, 20, 6, 15, 13, 20, 13, 2, 6, 20, 15, 13, 15, 13, 13, 2, 15, 13, 13, 20, 13, 15, 13, 13]
bestever    1754    in generation 2426
[12, 9, 1, 7, 12, 10, 9, 12, 9, 16, 1, 3, 1, 16, 14, 7, 12, 1, 12, 17, 9, 16, 7, 1, 12, 10, 16, 19, 10, 9, 3, 1, 14, 7, 1, 7, 10, 3, 3, 14, 14, 19, 10, 19, 16, 18, 9, 9, 19, 17, 11, 11, 12, 9, 3, 7, 14, 9, 3, 16, 14, 5, 12, 16, 7, 1, 3, 11, 12, 10, 1, 19, 19, 20, 1, 7, 17, 16, 3, 5, 14, 11, 11, 18, 18, 18, 18, 11, 17, 18, 3, 14, 5, 9, 20, 19, 11, 7, 12, 11, 14, 11, 3, 10, 10, 11, 16, 10, 5, 19, 10, 2, 8, 2, 5, 8, 7, 5, 2, 18, 17, 18, 17, 5, 5, 15, 5, 5, 19, 14, 18, 4, 17, 4, 4, 17, 4, 4, 17, 4, 4, 4, 6, 17, 8, 4, 20, 18, 8, 2, 6, 6, 8, 2, 15, 19, 8, 6, 8, 15, 6, 15, 16, 20, 8, 6, 2, 20, 8, 6, 2, 20, 8, 6, 4, 2, 15, 20, 6, 15, 13, 20, 13, 2, 6, 20, 15, 13, 15, 13, 13, 2, 15, 13, 13, 20, 13, 15, 13, 13]
bestever    1750    in generation 2465
[12, 9, 1, 7, 12, 10, 9, 12, 9, 16, 1, 3, 1, 16, 14, 7, 12, 1, 12, 17, 9, 16, 7, 1, 12, 10, 16, 19, 10, 9, 3, 1, 14, 7, 1, 7, 10, 3, 3, 14, 14, 19, 10, 19, 16, 18, 9, 9, 19, 17, 11, 11, 12, 9, 3, 7, 14, 9, 3, 16, 14, 5, 12, 16, 7, 1, 3, 11, 12, 10, 1, 19, 19, 20, 1, 7, 17, 16, 3, 5, 14, 11, 11, 18, 18, 18, 18, 11, 17, 18, 14, 5, 9, 20, 19, 7, 12, 11, 11, 3, 14, 11, 3, 10, 10, 11, 16, 10, 5, 19, 10, 2, 8, 2, 5, 8, 7, 5, 2, 18, 17, 18, 17, 5, 5, 15, 5, 5, 19, 14, 18, 4, 17, 4, 4, 17, 4, 4, 17, 4, 4, 4, 6, 17, 8, 4, 20, 18, 8, 2, 6, 6, 8, 2, 15, 19, 8, 6, 8, 15, 6, 15, 16, 20, 8, 6, 2, 20, 8, 6, 2, 20, 8, 6, 4, 2, 15, 20, 6, 15, 13, 20, 13, 2, 6, 20, 15, 13, 15, 13, 13, 2, 15, 13, 13, 20, 13, 15, 13, 13]
bestever    1747    in generation 3812
[12, 9, 1, 12, 7, 12, 9, 10, 9, 12, 9, 9, 16, 1, 3, 19, 16, 10, 7, 12, 1, 12, 17, 9, 14, 16, 1, 1, 12, 10, 12, 16, 10, 16, 9, 3, 7, 1, 14, 7, 12, 7, 3, 3, 14, 14, 19, 3, 9, 1, 16, 19, 18, 18, 1, 19, 17, 11, 11, 12, 9, 10, 3, 7, 11, 14, 3, 16, 11, 5, 18, 18, 10, 16, 1, 14, 10, 3, 1, 19, 19, 7, 20, 2, 7, 8, 17, 10, 16, 5, 14, 18, 15, 19, 18, 20, 2, 2, 17, 18, 5, 9, 16, 7, 5, 11, 11, 3, 6, 11, 20, 14, 19, 2, 10, 8, 7, 5, 8, 5, 11, 14, 2, 17, 5, 5, 18, 8, 5, 5, 19, 18, 4, 17, 6, 17, 4, 11, 4, 14, 3, 10, 2, 4, 4, 17, 4, 8, 11, 19, 6, 4, 20, 4, 6, 8, 2, 20, 17, 8, 8, 13, 17, 15, 13, 15, 15, 6, 4, 20, 18, 8, 15, 6, 6, 8, 6, 2, 20, 6, 4, 15, 20, 2, 2, 20, 13, 15, 15, 15, 13, 13, 13, 6, 13, 13, 20, 13, 15, 13]
bestever    1746    in generation 3886
[12, 9, 1, 12, 7, 12, 9, 10, 9, 12, 9, 9, 16, 1, 3, 19, 16, 10, 7, 12, 1, 12, 17, 9, 14, 16, 1, 1, 12, 10, 12, 16, 10, 16, 9, 3, 7, 1, 14, 7, 12, 7, 3, 3, 14, 14, 19, 3, 9, 1, 16, 19, 18, 18, 1, 19, 17, 11, 11, 12, 9, 10, 3, 7, 11, 14, 3, 16, 11, 5, 18, 18, 10, 16, 1, 14, 10, 3, 1, 19, 19, 7, 20, 2, 7, 8, 17, 10, 16, 5, 14, 18, 15, 19, 18, 20, 2, 2, 17, 18, 5, 9, 16, 7, 5, 11, 11, 3, 6, 11, 20, 14, 19, 8, 7, 5, 5, 11, 14, 2, 17, 5, 5, 18, 8, 5, 5, 18, 4, 6, 17, 4, 14, 3, 10, 2, 4, 4, 17, 4, 8, 10, 2, 17, 8, 11, 19, 4, 11, 19, 6, 4, 20, 4, 6, 8, 2, 20, 17, 8, 8, 13, 17, 15, 13, 15, 15, 6, 4, 20, 18, 8, 15, 6, 6, 8, 6, 2, 20, 6, 4, 15, 20, 2, 2, 20, 13, 15, 15, 15, 13, 13, 13, 6, 13, 13, 20, 13, 15, 13]
bestever    1744    in generation 3913
[12, 9, 1, 12, 7, 12, 9, 10, 9, 12, 9, 9, 16, 1, 3, 19, 16, 10, 7, 12, 1, 12, 17, 9, 14, 16, 1, 1, 12, 10, 12, 16, 10, 16, 9, 3, 7, 1, 14, 7, 12, 7, 3, 3, 14, 14, 19, 3, 9, 1, 16, 19, 18, 18, 1, 19, 17, 11, 11, 12, 9, 10, 3, 7, 11, 14, 3, 16, 11, 5, 18, 18, 10, 16, 1, 14, 10, 3, 1, 19, 19, 7, 20, 2, 7, 8, 17, 10, 16, 5, 14, 18, 15, 19, 18, 20, 2, 2, 17, 18, 5, 9, 16, 7, 5, 11, 11, 3, 6, 11, 20, 14, 19, 8, 7, 5, 5, 11, 14, 2, 17, 5, 5, 18, 8, 5, 5, 18, 4, 6, 17, 4, 14, 3, 10, 2, 4, 4, 17, 4, 8, 10, 2, 17, 8, 11, 19, 4, 11, 19, 6, 4, 20, 4, 6, 8, 20, 17, 8, 8, 13, 17, 15, 13, 15, 15, 6, 4, 18, 8, 6, 6, 8, 6, 6, 4, 15, 20, 2, 2, 20, 15, 20, 2, 2, 20, 13, 15, 15, 15, 13, 13, 13, 6, 13, 13, 20, 13, 15, 13]
bestever    1732    in generation 5512
[12, 9, 1, 12, 7, 12, 9, 10, 9, 12, 9, 1, 16, 1, 3, 7, 19, 16, 10, 12, 1, 16, 18, 17, 9, 9, 7, 14, 16, 1, 12, 1, 11, 3, 12, 19, 16, 10, 16, 1, 12, 9, 3, 9, 10, 5, 1, 10, 10, 7, 3, 12, 9, 14, 19, 1, 8, 14, 7, 3, 11, 19, 18, 16, 14, 19, 17, 11, 18, 2, 10, 3, 14, 12, 7, 10, 7, 3, 19, 5, 17, 16, 14, 3, 16, 18, 1, 20, 7, 10, 11, 9, 18, 14, 17, 2, 7, 5, 14, 18, 11, 5, 4, 19, 14, 6, 20, 2, 17, 5, 18, 16, 2, 4, 18, 8, 11, 19, 11, 20, 14, 2, 13, 8, 5, 7, 5, 11, 17, 5, 4, 5, 5, 18, 8, 6, 3, 18, 15, 4, 10, 4, 8, 17, 2, 4, 3, 11, 8, 19, 4, 20, 17, 15, 11, 4, 19, 6, 13, 17, 6, 6, 20, 17, 8, 15, 6, 13, 15, 13, 15, 20, 4, 8, 6, 8, 8, 6, 13, 6, 4, 15, 2, 2, 13, 20, 15, 20, 2, 20, 13, 15, 15, 2, 13, 6, 20, 13, 15, 13]
bestever    1730    in generation 5652
[12, 9, 1, 12, 7, 12, 9, 10, 9, 12, 9, 1, 16, 1, 3, 7, 19, 16, 10, 12, 1, 16, 18, 17, 9, 9, 7, 14, 16, 1, 12, 1, 11, 3, 12, 19, 16, 10, 16, 1, 12, 9, 3, 9, 10, 5, 1, 10, 10, 7, 3, 12, 9, 14, 19, 1, 8, 14, 7, 3, 11, 19, 18, 16, 14, 19, 17, 11, 18, 2, 10, 18, 14, 12, 7, 10, 7, 3, 19, 5, 17, 7, 14, 3, 16, 18, 1, 20, 7, 10, 11, 9, 18, 14, 17, 2, 16, 5, 14, 18, 11, 5, 4, 19, 14, 6, 20, 2, 17, 5, 3, 16, 2, 4, 18, 11, 11, 20, 14, 2, 13, 8, 5, 7, 5, 11, 17, 5, 4, 5, 5, 18, 8, 6, 3, 18, 15, 10, 4, 8, 17, 2, 4, 3, 11, 8, 19, 4, 8, 19, 4, 20, 17, 15, 11, 4, 19, 6, 2, 17, 6, 6, 20, 17, 8, 15, 6, 13, 15, 13, 15, 20, 4, 8, 6, 8, 8, 6, 13, 6, 4, 15, 2, 2, 13, 20, 15, 20, 13, 20, 13, 15, 15, 2, 13, 6, 20, 13, 15, 13]
bestever    1721    in generation 5766
[12, 9, 1, 12, 7, 12, 9, 10, 9, 12, 9, 1, 16, 1, 3, 7, 19, 16, 10, 12, 1, 16, 18, 17, 9, 9, 7, 14, 16, 1, 12, 1, 11, 3, 12, 19, 16, 10, 16, 1, 12, 9, 3, 9, 10, 5, 1, 10, 10, 7, 3, 12, 9, 14, 19, 1, 8, 14, 7, 3, 11, 19, 18, 16, 14, 19, 17, 11, 18, 2, 10, 18, 14, 12, 7, 10, 7, 3, 19, 5, 17, 7, 14, 3, 11, 18, 1, 20, 7, 10, 11, 9, 18, 14, 17, 2, 16, 5, 14, 18, 16, 5, 4, 19, 14, 6, 20, 8, 2, 17, 5, 3, 16, 2, 4, 18, 11, 11, 20, 14, 2, 13, 5, 7, 5, 11, 17, 5, 4, 5, 5, 18, 8, 6, 3, 18, 15, 10, 4, 8, 17, 2, 4, 3, 11, 8, 19, 4, 8, 19, 4, 20, 17, 15, 11, 4, 19, 6, 17, 6, 6, 20, 17, 8, 6, 15, 4, 8, 6, 8, 8, 6, 6, 4, 15, 2, 13, 15, 13, 20, 2, 2, 20, 13, 15, 13, 15, 20, 13, 20, 13, 15, 15, 2, 13, 6, 20, 13, 15, 13]
bestever    1716    in generation 5909
[12, 9, 1, 12, 7, 12, 9, 10, 9, 12, 9, 1, 16, 1, 3, 7, 19, 16, 10, 12, 1, 16, 18, 17, 9, 9, 7, 14, 16, 1, 12, 1, 11, 3, 12, 19, 16, 10, 16, 1, 12, 9, 3, 9, 10, 5, 16, 18, 10, 7, 3, 12, 9, 14, 19, 1, 8, 14, 7, 3, 11, 19, 18, 16, 14, 19, 17, 11, 10, 2, 12, 10, 18, 14, 7, 10, 7, 3, 19, 5, 17, 7, 14, 3, 11, 18, 1, 20, 7, 10, 11, 9, 18, 14, 17, 2, 16, 5, 14, 18, 16, 5, 4, 19, 14, 6, 20, 8, 2, 17, 5, 3, 1, 2, 4, 18, 11, 11, 20, 14, 2, 13, 5, 7, 5, 11, 17, 5, 4, 5, 5, 18, 8, 6, 3, 18, 15, 10, 4, 8, 17, 2, 4, 3, 11, 8, 19, 4, 8, 19, 4, 20, 17, 15, 11, 4, 19, 6, 17, 6, 6, 20, 17, 8, 6, 15, 4, 8, 6, 8, 8, 6, 6, 4, 15, 2, 13, 15, 13, 20, 2, 2, 20, 13, 15, 13, 15, 20, 13, 20, 13, 15, 15, 2, 13, 6, 20, 13, 15, 13]
