bestever    7543    in generation 0
[6, 12, 11, 2, 4, 5, 10, 3, 9, 1, 8, 7, 6, 12, 11, 2, 4, 5, 10, 3, 9, 1, 8, 7, 6, 12, 11, 2, 4, 5, 10, 3, 9, 1, 8, 7, 6, 12, 11, 2, 4, 5, 10, 3, 9, 1, 8, 7, 6, 12, 11, 2, 4, 5, 10, 3, 9, 1, 8, 7]
bestever    7422    in generation 12
[11, 6, 12, 2, 4, 5, 10, 3, 9, 1, 8, 7, 11, 6, 12, 2, 4, 5, 10, 3, 9, 1, 8, 7, 11, 6, 12, 2, 4, 5, 10, 3, 9, 1, 8, 7, 11, 6, 12, 2, 4, 5, 10, 3, 9, 1, 8, 7, 11, 6, 12, 2, 4, 5, 10, 3, 9, 1, 8, 7]
bestever    7420    in generation 24
[11, 6, 12, 2, 4, 5, 10, 3, 9, 8, 7, 1, 11, 6, 12, 2, 4, 5, 10, 3, 9, 8, 7, 1, 11, 6, 12, 2, 4, 5, 10, 3, 9, 8, 7, 1, 11, 6, 12, 2, 4, 5, 10, 3, 9, 8, 7, 1, 11, 6, 12, 2, 4, 5, 10, 3, 9, 8, 7, 1]
bestever    7399    in generation 38
[11, 6, 12, 5, 4, 2, 10, 3, 9, 8, 7, 1, 11, 6, 12, 5, 4, 2, 10, 3, 9, 8, 7, 1, 11, 6, 12, 5, 4, 2, 10, 3, 9, 8, 7, 1, 11, 6, 12, 5, 4, 2, 10, 3, 9, 8, 7, 1, 11, 6, 12, 5, 4, 2, 10, 3, 9, 8, 7, 1]
bestever    7312    in generation 908
[11, 12, 6, 5, 9, 10, 3, 2, 4, 7, 8, 1, 11, 12, 6, 5, 9, 10, 3, 2, 4, 7, 8, 1, 11, 12, 6, 5, 9, 10, 3, 2, 4, 7, 8, 1, 11, 12, 6, 5, 9, 10, 3, 2, 4, 7, 8, 1, 11, 12, 6, 5, 9, 10, 3, 2, 4, 7, 8, 1]
