bestever    8423    in generation 0
[13, 6, 12, 9, 7, 1, 8, 10, 4, 14, 2, 3, 5, 11, 13, 6, 12, 9, 7, 1, 8, 10, 4, 14, 2, 3, 5, 11, 13, 6, 12, 9, 7, 1, 8, 10, 4, 14, 2, 3, 5, 11, 13, 6, 12, 9, 7, 1, 8, 10, 4, 14, 2, 3, 5, 11]
bestever    8416    in generation 25
[4, 13, 14, 12, 6, 7, 1, 5, 2, 10, 3, 9, 8, 11, 4, 13, 14, 12, 6, 7, 1, 5, 2, 10, 3, 9, 8, 11, 4, 13, 14, 12, 6, 7, 1, 5, 2, 10, 3, 9, 8, 11, 4, 13, 14, 12, 6, 7, 1, 5, 2, 3, 10, 9, 8, 11]
bestever    8131    in generation 29
[4, 13, 14, 12, 6, 7, 1, 5, 2, 10, 3, 9, 8, 11, 4, 13, 14, 12, 6, 7, 1, 5, 2, 10, 3, 9, 8, 11, 4, 13, 14, 12, 6, 7, 1, 5, 2, 10, 3, 9, 8, 11, 4, 13, 14, 12, 6, 7, 1, 5, 2, 10, 3, 9, 8, 11]
bestever    8129    in generation 41
[4, 13, 14, 12, 6, 7, 1, 5, 2, 10, 3, 9, 11, 8, 4, 13, 14, 12, 6, 7, 1, 5, 2, 10, 3, 9, 11, 8, 4, 13, 14, 12, 6, 7, 1, 5, 2, 10, 3, 9, 11, 8, 4, 13, 14, 12, 6, 7, 1, 5, 2, 10, 3, 9, 11, 8]
bestever    8085    in generation 53
[4, 14, 13, 1, 12, 6, 7, 5, 2, 10, 3, 9, 8, 11, 4, 14, 13, 1, 12, 6, 7, 5, 2, 10, 3, 9, 8, 11, 4, 14, 13, 1, 12, 6, 7, 5, 2, 10, 3, 9, 8, 11, 4, 14, 13, 1, 12, 6, 7, 5, 2, 10, 3, 9, 8, 11]
bestever    8076    in generation 67
[4, 13, 14, 1, 12, 6, 7, 5, 2, 10, 3, 8, 11, 9, 4, 13, 14, 1, 12, 6, 7, 5, 2, 10, 3, 8, 11, 9, 4, 14, 13, 1, 12, 6, 7, 5, 2, 10, 3, 8, 11, 9, 4, 14, 13, 1, 12, 6, 7, 5, 2, 10, 3, 8, 11, 9]
bestever    8003    in generation 86
[4, 14, 13, 12, 1, 6, 7, 5, 3, 8, 11, 9, 10, 2, 4, 14, 13, 12, 1, 6, 7, 5, 3, 8, 11, 9, 10, 2, 4, 14, 12, 13, 1, 6, 7, 5, 3, 8, 11, 9, 10, 2, 4, 14, 12, 13, 1, 6, 7, 5, 3, 8, 11, 9, 10, 2]
