bestever    11031    in generation 0
[8, 1, 2, 4, 9, 6, 5, 1, 4, 9, 1, 8, 6, 4, 4, 9, 7, 2, 3, 9, 1, 5, 3, 3, 5, 10, 7, 3, 6, 4, 8, 4, 10, 5, 5, 5, 10, 3, 6, 2, 1, 9, 1, 7, 8, 10, 7, 3, 2, 9, 6, 6, 10, 7, 2, 8, 10, 7, 2, 8]
bestever    10390    in generation 3
[4, 7, 7, 1, 4, 2, 1, 3, 2, 1, 6, 6, 3, 5, 10, 10, 3, 3, 2, 6, 3, 7, 9, 9, 1, 4, 6, 6, 3, 5, 2, 9, 2, 10, 1, 4, 8, 10, 10, 6, 2, 9, 10, 4, 8, 1, 4, 7, 9, 5, 8, 7, 8, 5, 7, 9, 5, 8, 5, 8]
bestever    9685    in generation 7
[10, 3, 3, 2, 10, 6, 6, 3, 10, 2, 1, 4, 1, 4, 6, 5, 9, 2, 8, 3, 9, 1, 4, 6, 6, 3, 2, 9, 2, 10, 10, 6, 4, 9, 4, 8, 1, 7, 9, 5, 8, 10, 8, 3, 5, 8, 1, 8, 7, 4, 7, 5, 7, 1, 5, 9, 5, 7, 7, 2]
bestever    9531    in generation 8
[10, 3, 3, 2, 1, 10, 3, 6, 6, 3, 5, 2, 6, 3, 7, 1, 4, 6, 6, 3, 5, 2, 9, 2, 10, 1, 4, 8, 10, 10, 6, 2, 4, 9, 4, 1, 7, 9, 9, 1, 7, 2, 10, 4, 8, 1, 4, 7, 9, 5, 8, 7, 8, 5, 7, 9, 5, 8, 5, 8]
bestever    9367    in generation 9
[4, 1, 4, 2, 1, 10, 3, 3, 2, 1, 10, 3, 6, 6, 3, 2, 6, 3, 9, 4, 6, 6, 3, 2, 2, 10, 4, 10, 10, 6, 2, 1, 7, 7, 8, 5, 1, 7, 9, 5, 8, 9, 10, 4, 8, 1, 4, 7, 9, 5, 7, 5, 9, 8, 7, 9, 5, 8, 5, 8]
bestever    8837    in generation 10
[1, 3, 2, 1, 10, 3, 3, 2, 1, 10, 3, 6, 6, 3, 5, 2, 6, 3, 1, 4, 6, 6, 4, 5, 9, 8, 9, 8, 4, 5, 2, 9, 2, 10, 1, 4, 8, 10, 10, 6, 2, 9, 10, 4, 8, 1, 7, 7, 5, 7, 9, 7, 9, 5, 8, 5, 8, 4, 7, 7]
bestever    8825    in generation 11
[1, 3, 2, 1, 10, 3, 3, 2, 1, 10, 3, 6, 6, 3, 5, 2, 6, 3, 1, 4, 6, 6, 4, 5, 9, 8, 9, 8, 4, 2, 9, 2, 10, 1, 4, 10, 10, 6, 2, 9, 10, 4, 1, 7, 7, 5, 8, 4, 9, 5, 8, 7, 8, 5, 7, 9, 5, 8, 7, 7]
bestever    8794    in generation 17
[1, 3, 1, 2, 1, 3, 2, 10, 10, 3, 3, 6, 6, 3, 5, 2, 6, 3, 1, 4, 6, 6, 4, 5, 9, 8, 9, 8, 4, 5, 2, 9, 2, 10, 1, 4, 10, 10, 6, 2, 9, 10, 4, 1, 7, 7, 9, 5, 8, 4, 8, 7, 8, 5, 7, 9, 5, 8, 7, 7]
bestever    8770    in generation 43
[1, 3, 1, 2, 1, 3, 2, 10, 10, 3, 3, 6, 6, 3, 2, 6, 3, 1, 4, 6, 6, 4, 5, 9, 8, 9, 8, 4, 5, 2, 9, 2, 10, 1, 4, 10, 10, 6, 2, 10, 4, 1, 7, 7, 9, 9, 5, 5, 8, 4, 8, 7, 8, 5, 7, 9, 5, 8, 7, 7]
bestever    8624    in generation 63
[1, 3, 1, 2, 1, 3, 2, 10, 10, 3, 3, 6, 2, 3, 2, 6, 3, 1, 4, 6, 6, 4, 5, 9, 8, 9, 8, 4, 5, 6, 9, 2, 10, 1, 4, 10, 10, 6, 2, 10, 4, 1, 7, 7, 9, 9, 5, 5, 8, 4, 8, 7, 8, 5, 7, 9, 5, 8, 7, 7]
bestever    8516    in generation 83
[1, 3, 1, 2, 1, 3, 2, 10, 10, 3, 3, 6, 2, 3, 2, 6, 3, 1, 4, 6, 6, 4, 5, 9, 10, 9, 8, 4, 5, 6, 9, 2, 10, 1, 4, 10, 8, 6, 2, 10, 4, 1, 7, 7, 9, 9, 5, 5, 8, 4, 8, 7, 8, 5, 7, 9, 5, 8, 7, 7]
bestever    8452    in generation 88
[1, 3, 1, 2, 1, 3, 2, 10, 10, 3, 3, 6, 2, 3, 2, 6, 3, 1, 4, 6, 6, 4, 5, 9, 10, 9, 8, 4, 5, 6, 9, 2, 10, 1, 4, 7, 8, 6, 2, 10, 4, 1, 7, 10, 9, 9, 5, 5, 8, 4, 8, 7, 8, 5, 7, 9, 5, 8, 7, 7]
bestever    8370    in generation 94
[1, 3, 1, 2, 1, 3, 2, 10, 10, 3, 3, 6, 2, 3, 2, 6, 3, 4, 6, 6, 4, 5, 9, 10, 9, 8, 4, 5, 6, 9, 2, 10, 6, 4, 8, 1, 2, 10, 4, 1, 10, 9, 9, 5, 5, 4, 8, 7, 8, 5, 7, 9, 5, 8, 7, 7, 1, 8, 7, 7]
bestever    8329    in generation 105
[1, 3, 1, 1, 3, 10, 10, 3, 6, 2, 3, 2, 2, 3, 2, 6, 3, 4, 6, 6, 4, 5, 9, 10, 9, 8, 4, 5, 6, 9, 2, 10, 6, 4, 8, 1, 2, 10, 4, 1, 10, 9, 9, 5, 5, 4, 8, 7, 8, 5, 7, 9, 5, 8, 7, 7, 1, 8, 7, 7]
bestever    8245    in generation 120
[1, 3, 1, 3, 10, 10, 3, 6, 2, 3, 2, 2, 3, 2, 6, 3, 4, 6, 6, 4, 5, 9, 10, 9, 8, 4, 1, 5, 6, 9, 2, 10, 6, 4, 8, 1, 2, 10, 4, 1, 10, 9, 9, 5, 5, 4, 8, 7, 8, 5, 7, 9, 5, 8, 7, 7, 1, 8, 7, 7]
bestever    8224    in generation 222
[1, 3, 10, 2, 6, 4, 5, 9, 8, 7, 1, 3, 10, 2, 4, 6, 9, 5, 8, 7, 3, 2, 10, 6, 4, 1, 9, 5, 8, 7, 3, 2, 10, 6, 4, 1, 9, 5, 8, 7, 3, 2, 6, 10, 4, 1, 9, 5, 8, 7, 3, 2, 6, 10, 4, 9, 5, 1, 8, 7]
bestever    8196    in generation 239
[1, 3, 10, 2, 6, 4, 9, 1, 5, 8, 7, 3, 10, 2, 4, 6, 9, 5, 8, 7, 3, 2, 10, 6, 4, 1, 9, 5, 8, 7, 3, 2, 10, 6, 4, 1, 9, 5, 8, 7, 3, 2, 6, 10, 4, 1, 9, 5, 8, 7, 3, 2, 6, 10, 4, 9, 5, 1, 8, 7]
bestever    8167    in generation 336
[1, 3, 10, 2, 6, 4, 9, 1, 5, 8, 7, 3, 10, 2, 4, 6, 9, 5, 3, 2, 10, 6, 4, 9, 3, 2, 10, 6, 4, 9, 5, 3, 2, 6, 10, 4, 1, 9, 8, 7, 5, 5, 1, 8, 7, 1, 8, 7, 8, 7, 3, 2, 6, 10, 4, 9, 5, 1, 8, 7]
bestever    8166    in generation 438
[2, 1, 3, 10, 6, 4, 9, 5, 8, 7, 2, 1, 3, 10, 4, 6, 9, 5, 8, 7, 2, 3, 10, 6, 4, 9, 1, 5, 8, 7, 2, 3, 10, 6, 4, 9, 5, 1, 8, 7, 2, 3, 6, 10, 4, 9, 5, 1, 8, 7, 2, 3, 6, 10, 4, 9, 5, 1, 8, 7]
bestever    8114    in generation 685
[6, 2, 3, 1, 10, 9, 4, 5, 8, 7, 6, 2, 3, 1, 10, 9, 4, 5, 8, 7, 6, 2, 3, 10, 9, 4, 5, 1, 8, 7, 6, 2, 3, 10, 9, 4, 1, 5, 8, 7, 6, 2, 3, 9, 10, 4, 1, 5, 8, 7, 6, 2, 3, 9, 10, 4, 5, 1, 8, 7]
bestever    8110    in generation 740
[6, 2, 3, 1, 10, 9, 4, 5, 7, 6, 2, 3, 1, 6, 10, 9, 4, 5, 8, 6, 2, 3, 10, 9, 4, 5, 1, 7, 2, 3, 10, 9, 4, 7, 1, 5, 6, 2, 3, 9, 10, 4, 6, 2, 3, 9, 10, 4, 5, 1, 7, 8, 8, 1, 7, 5, 8, 7, 8, 8]
bestever    8086    in generation 752
[6, 2, 3, 1, 10, 9, 4, 5, 7, 6, 2, 3, 1, 6, 10, 9, 4, 5, 8, 6, 2, 3, 10, 9, 4, 1, 2, 3, 10, 9, 4, 7, 5, 6, 7, 8, 1, 2, 3, 9, 10, 4, 6, 2, 3, 9, 10, 4, 5, 1, 7, 5, 8, 1, 7, 5, 8, 7, 8, 8]
bestever    8066    in generation 869
[6, 2, 3, 1, 10, 4, 5, 9, 7, 8, 6, 2, 3, 1, 10, 4, 5, 9, 7, 8, 6, 2, 3, 10, 4, 1, 9, 5, 7, 8, 6, 2, 3, 10, 4, 5, 9, 1, 7, 8, 6, 2, 3, 10, 4, 9, 5, 1, 7, 8, 6, 2, 3, 10, 4, 9, 5, 1, 7, 8]
bestever    8039    in generation 972
[5, 2, 6, 3, 1, 10, 4, 9, 7, 8, 5, 2, 6, 3, 1, 10, 4, 9, 7, 8, 5, 2, 6, 3, 10, 4, 1, 9, 7, 8, 5, 2, 6, 3, 10, 4, 9, 1, 7, 8, 5, 2, 6, 3, 10, 4, 9, 1, 7, 8, 5, 2, 6, 3, 10, 4, 9, 1, 7, 8]
bestever    7862    in generation 1086
[5, 6, 2, 3, 1, 10, 4, 9, 7, 8, 5, 6, 2, 3, 1, 10, 4, 9, 7, 8, 5, 6, 2, 3, 10, 4, 1, 9, 7, 8, 5, 6, 2, 3, 10, 4, 9, 1, 7, 8, 5, 6, 2, 3, 10, 4, 9, 1, 7, 8, 5, 6, 2, 3, 10, 4, 9, 1, 7, 8]
bestever    7844    in generation 1207
[5, 6, 2, 3, 1, 10, 4, 7, 9, 8, 5, 6, 2, 3, 1, 10, 4, 7, 9, 8, 5, 6, 2, 3, 1, 4, 10, 7, 9, 8, 5, 6, 2, 3, 10, 4, 1, 7, 9, 8, 5, 6, 2, 3, 10, 4, 1, 9, 7, 8, 5, 6, 2, 3, 10, 4, 1, 9, 7, 8]
bestever    7836    in generation 1524
[5, 6, 3, 2, 1, 7, 4, 10, 9, 8, 5, 6, 3, 2, 1, 7, 4, 10, 9, 8, 5, 6, 3, 2, 1, 4, 7, 10, 9, 8, 5, 6, 3, 2, 4, 10, 7, 1, 9, 8, 5, 6, 3, 2, 4, 10, 7, 1, 9, 8, 5, 6, 3, 2, 4, 10, 7, 1, 9, 8]
bestever    7835    in generation 2824
[5, 6, 2, 1, 3, 7, 4, 10, 9, 8, 5, 6, 2, 1, 3, 4, 7, 10, 9, 8, 5, 6, 2, 3, 1, 4, 7, 10, 9, 8, 5, 6, 2, 3, 4, 10, 1, 7, 9, 8, 5, 6, 2, 3, 4, 10, 1, 7, 9, 8, 5, 6, 2, 3, 4, 10, 1, 7, 9, 8]
bestever    7821    in generation 2845
[5, 6, 2, 1, 3, 7, 4, 10, 9, 5, 6, 2, 1, 3, 4, 7, 8, 5, 6, 2, 3, 4, 10, 1, 7, 9, 8, 10, 9, 8, 5, 6, 2, 3, 4, 10, 1, 7, 9, 5, 6, 2, 3, 4, 10, 1, 7, 9, 8, 8, 5, 6, 2, 3, 4, 10, 1, 7, 9, 8]
bestever    7795    in generation 19270
[5, 2, 1, 4, 6, 3, 8, 10, 9, 7, 5, 2, 1, 4, 6, 3, 8, 10, 9, 7, 5, 2, 4, 1, 3, 6, 8, 10, 9, 7, 5, 2, 4, 1, 3, 6, 8, 10, 9, 7, 5, 2, 1, 4, 3, 6, 8, 10, 9, 7, 5, 2, 4, 3, 1, 6, 8, 10, 9, 7]
bestever    7731    in generation 19304
[2, 1, 4, 6, 3, 8, 10, 9, 7, 2, 1, 4, 6, 3, 8, 10, 9, 7, 5, 2, 4, 1, 3, 6, 8, 10, 9, 7, 5, 2, 4, 1, 3, 6, 8, 10, 9, 7, 5, 2, 5, 2, 1, 4, 3, 6, 8, 10, 9, 7, 4, 3, 1, 6, 8, 10, 9, 7, 5, 5]
bestever    7720    in generation 22610
[5, 2, 4, 1, 3, 8, 6, 10, 9, 7, 5, 2, 4, 1, 3, 8, 6, 10, 9, 5, 2, 4, 1, 3, 8, 6, 10, 9, 7, 5, 2, 4, 1, 3, 8, 6, 10, 9, 7, 5, 2, 4, 3, 1, 6, 10, 9, 8, 7, 5, 2, 4, 3, 1, 6, 10, 9, 8, 7, 7]
