bestever    2187    in generation 0
[18, 1, 4, 5, 19, 13, 6, 3, 7, 15, 10, 20, 2, 17, 16, 8, 11, 9, 12, 14, 18, 1, 4, 5, 19, 13, 6, 3, 7, 15, 10, 20, 2, 17, 16, 8, 11, 9, 12, 14, 18, 1, 4, 5, 19, 13, 6, 3, 7, 15, 10, 20, 2, 17, 16, 8, 11, 9, 12, 14, 18, 1, 4, 5, 19, 13, 6, 3, 7, 15, 10, 20, 2, 17, 16, 8, 11, 9, 12, 14, 18, 1, 4, 5, 19, 13, 6, 3, 7, 15, 10, 20, 2, 17, 16, 8, 11, 9, 12, 14, 18, 1, 4, 5, 19, 13, 6, 3, 7, 15, 10, 20, 2, 17, 16, 8, 11, 9, 12, 14, 18, 1, 4, 5, 19, 13, 6, 3, 7, 15, 10, 20, 2, 17, 16, 8, 11, 9, 12, 14, 18, 1, 4, 5, 19, 13, 6, 3, 7, 15, 10, 20, 2, 17, 16, 8, 11, 9, 12, 14, 18, 1, 4, 5, 19, 13, 6, 3, 7, 15, 10, 20, 2, 17, 16, 8, 11, 9, 12, 14, 18, 1, 4, 5, 19, 13, 6, 3, 7, 15, 10, 20, 2, 17, 16, 8, 11, 9, 12, 14, 18, 1, 4, 5, 19, 13, 6, 3, 7, 15, 10, 20, 2, 17, 16, 8, 11, 9, 12, 14, 18, 1, 4, 5, 19, 13, 6, 3, 7, 15, 10, 20, 2, 17, 16, 8, 11, 9, 12, 14, 18, 1, 4, 5, 19, 13, 6, 3, 7, 15, 10, 20, 2, 17, 16, 8, 11, 9, 12, 14, 18, 1, 4, 5, 19, 13, 6, 3, 7, 15, 10, 20, 2, 17, 16, 8, 11, 9, 12, 14, 18, 1, 4, 5, 19, 13, 6, 3, 7, 15, 10, 20, 2, 17, 16, 8, 11, 9, 12, 14]
bestever    2172    in generation 14
[18, 1, 4, 5, 19, 13, 6, 3, 7, 15, 10, 20, 2, 16, 17, 8, 11, 9, 12, 14, 18, 1, 4, 5, 19, 13, 6, 3, 7, 15, 10, 20, 2, 16, 17, 8, 11, 9, 12, 14, 18, 1, 4, 5, 19, 13, 6, 3, 7, 15, 10, 20, 2, 16, 17, 8, 11, 9, 12, 14, 18, 1, 4, 5, 19, 13, 6, 3, 7, 15, 10, 20, 2, 16, 17, 8, 11, 9, 12, 14, 18, 1, 4, 5, 19, 13, 6, 3, 7, 15, 10, 20, 2, 16, 17, 8, 11, 9, 12, 14, 18, 1, 4, 5, 19, 13, 6, 3, 7, 15, 10, 20, 2, 16, 17, 8, 11, 9, 12, 14, 18, 1, 4, 5, 19, 13, 6, 3, 7, 15, 10, 20, 2, 16, 17, 8, 11, 9, 12, 14, 18, 1, 4, 5, 19, 13, 6, 3, 7, 15, 10, 20, 2, 16, 17, 8, 11, 9, 12, 14, 18, 1, 4, 5, 19, 13, 6, 3, 7, 15, 10, 20, 2, 16, 17, 8, 11, 9, 12, 14, 18, 1, 4, 5, 19, 13, 6, 3, 7, 15, 10, 20, 2, 16, 17, 8, 11, 9, 12, 14, 18, 1, 4, 5, 19, 13, 6, 3, 7, 15, 10, 20, 2, 16, 17, 8, 11, 9, 12, 14, 18, 1, 4, 5, 19, 13, 6, 3, 7, 15, 10, 20, 2, 16, 17, 8, 11, 9, 12, 14, 18, 1, 4, 5, 19, 13, 6, 3, 7, 15, 10, 20, 2, 16, 17, 8, 11, 9, 12, 14, 18, 1, 4, 5, 19, 13, 6, 3, 7, 15, 10, 20, 2, 16, 17, 8, 11, 9, 12, 14, 18, 1, 4, 5, 19, 13, 6, 3, 7, 15, 10, 20, 2, 16, 17, 8, 11, 9, 12, 14]
bestever    2131    in generation 26
[13, 18, 1, 4, 5, 19, 6, 3, 7, 15, 10, 20, 2, 16, 17, 8, 11, 9, 12, 14, 13, 18, 1, 4, 5, 19, 6, 3, 7, 15, 10, 20, 2, 16, 17, 8, 11, 9, 12, 14, 13, 18, 1, 4, 5, 19, 6, 3, 7, 15, 10, 20, 2, 16, 17, 8, 11, 9, 12, 14, 13, 18, 1, 4, 5, 19, 6, 3, 7, 15, 10, 20, 2, 16, 17, 8, 11, 9, 12, 14, 13, 18, 1, 4, 5, 19, 6, 3, 7, 15, 10, 20, 2, 16, 17, 8, 11, 9, 12, 14, 13, 18, 1, 4, 5, 19, 6, 3, 7, 15, 10, 20, 2, 16, 17, 8, 11, 9, 12, 14, 13, 18, 1, 4, 5, 19, 6, 3, 7, 15, 10, 20, 2, 16, 17, 8, 11, 9, 12, 14, 13, 18, 1, 4, 5, 19, 6, 3, 7, 15, 10, 20, 2, 16, 17, 8, 11, 9, 12, 14, 13, 18, 1, 4, 5, 19, 6, 3, 7, 15, 10, 20, 2, 16, 17, 8, 11, 9, 12, 14, 13, 18, 1, 4, 5, 19, 6, 3, 7, 15, 10, 20, 2, 16, 17, 8, 11, 9, 12, 14, 13, 18, 1, 4, 5, 19, 6, 3, 7, 15, 10, 20, 2, 16, 17, 8, 11, 9, 12, 14, 13, 18, 1, 4, 5, 19, 6, 3, 7, 15, 10, 20, 2, 16, 17, 8, 11, 9, 12, 14, 13, 18, 1, 4, 5, 19, 6, 3, 7, 15, 10, 20, 2, 16, 17, 8, 11, 9, 12, 14, 13, 18, 1, 4, 5, 19, 6, 3, 7, 15, 10, 20, 2, 16, 17, 8, 11, 9, 12, 14, 13, 18, 1, 4, 5, 19, 6, 3, 7, 15, 10, 20, 2, 16, 17, 8, 11, 9, 12, 14]
bestever    2105    in generation 40
[13, 18, 20, 1, 4, 5, 19, 6, 3, 7, 15, 10, 2, 16, 17, 8, 11, 9, 12, 14, 13, 18, 20, 1, 4, 5, 19, 6, 3, 7, 15, 10, 2, 16, 17, 8, 11, 9, 12, 14, 13, 18, 20, 1, 4, 5, 19, 6, 3, 7, 15, 10, 2, 16, 17, 8, 11, 9, 12, 14, 13, 18, 20, 1, 4, 5, 19, 6, 3, 7, 15, 10, 2, 16, 17, 8, 11, 9, 12, 14, 13, 18, 20, 1, 4, 5, 19, 6, 3, 7, 15, 10, 2, 16, 17, 8, 11, 9, 12, 14, 13, 18, 20, 1, 4, 5, 19, 6, 3, 7, 15, 10, 2, 16, 17, 8, 11, 9, 12, 14, 13, 18, 20, 1, 4, 5, 19, 6, 3, 7, 15, 10, 2, 16, 17, 8, 11, 9, 12, 14, 13, 18, 20, 1, 4, 5, 19, 6, 3, 7, 15, 10, 2, 16, 17, 8, 11, 9, 12, 14, 13, 18, 20, 1, 4, 5, 19, 6, 3, 7, 15, 10, 2, 16, 17, 8, 11, 9, 12, 14, 13, 18, 20, 1, 4, 5, 19, 6, 3, 7, 15, 10, 2, 16, 17, 8, 11, 9, 12, 14, 13, 18, 20, 1, 4, 5, 19, 6, 3, 7, 15, 10, 2, 16, 17, 8, 11, 9, 12, 14, 13, 18, 20, 1, 4, 5, 19, 6, 3, 7, 15, 10, 2, 16, 17, 8, 11, 9, 12, 14, 13, 18, 20, 1, 4, 5, 19, 6, 3, 7, 15, 10, 2, 16, 17, 8, 11, 9, 12, 14, 13, 18, 20, 1, 4, 5, 19, 6, 3, 7, 15, 10, 2, 16, 17, 8, 11, 9, 12, 14, 13, 18, 20, 1, 4, 5, 19, 6, 3, 7, 15, 10, 2, 16, 17, 8, 11, 9, 12, 14]
bestever    2090    in generation 57
[13, 18, 20, 1, 4, 5, 19, 6, 3, 7, 15, 10, 2, 11, 16, 17, 8, 9, 12, 14, 13, 18, 20, 1, 4, 5, 19, 6, 3, 7, 15, 10, 2, 11, 16, 17, 8, 9, 12, 14, 13, 18, 20, 1, 4, 5, 19, 6, 3, 7, 15, 10, 2, 11, 16, 17, 8, 9, 12, 14, 13, 18, 20, 1, 4, 5, 19, 6, 3, 7, 15, 10, 2, 11, 16, 17, 8, 9, 12, 14, 13, 18, 20, 1, 4, 5, 19, 6, 3, 7, 15, 10, 2, 11, 16, 17, 8, 9, 12, 14, 13, 18, 20, 1, 4, 5, 19, 6, 3, 7, 15, 10, 2, 11, 16, 17, 8, 9, 12, 14, 13, 18, 20, 1, 4, 5, 19, 6, 3, 7, 15, 10, 2, 11, 16, 17, 8, 9, 12, 14, 13, 18, 20, 1, 4, 5, 19, 6, 3, 7, 15, 10, 2, 11, 16, 17, 8, 9, 12, 14, 13, 18, 20, 1, 4, 5, 19, 6, 3, 7, 15, 10, 2, 11, 16, 17, 8, 9, 12, 14, 13, 18, 20, 1, 4, 5, 19, 6, 3, 7, 15, 10, 2, 11, 16, 17, 8, 9, 12, 14, 13, 18, 20, 1, 4, 5, 19, 6, 3, 7, 15, 10, 2, 11, 16, 17, 8, 9, 12, 14, 13, 18, 20, 1, 4, 5, 19, 6, 3, 7, 15, 10, 2, 11, 16, 17, 8, 9, 12, 14, 13, 18, 20, 1, 4, 5, 19, 6, 3, 7, 15, 10, 2, 11, 16, 17, 8, 9, 12, 14, 13, 18, 20, 1, 4, 5, 19, 6, 3, 7, 15, 10, 2, 11, 16, 17, 8, 9, 12, 14, 13, 18, 20, 1, 4, 5, 19, 6, 3, 7, 15, 10, 2, 11, 16, 17, 8, 9, 12, 14]
bestever    2089    in generation 71
[13, 18, 20, 1, 4, 5, 19, 6, 3, 7, 15, 11, 10, 2, 16, 17, 8, 9, 12, 14, 13, 18, 20, 1, 4, 5, 19, 6, 3, 7, 15, 11, 10, 2, 16, 17, 8, 9, 12, 14, 13, 18, 20, 1, 4, 5, 19, 6, 3, 7, 15, 11, 10, 2, 16, 17, 8, 9, 12, 14, 13, 18, 20, 1, 4, 5, 19, 6, 3, 7, 15, 11, 10, 2, 16, 17, 8, 9, 12, 14, 13, 18, 20, 1, 4, 5, 19, 6, 3, 7, 15, 11, 10, 2, 16, 17, 8, 9, 12, 14, 13, 18, 20, 1, 4, 5, 19, 6, 3, 7, 15, 11, 10, 2, 16, 17, 8, 9, 12, 14, 13, 18, 20, 1, 4, 5, 19, 6, 3, 7, 15, 11, 10, 2, 16, 17, 8, 9, 12, 14, 13, 18, 20, 1, 4, 5, 19, 6, 3, 7, 15, 11, 10, 2, 16, 17, 8, 9, 12, 14, 13, 18, 20, 1, 4, 5, 19, 6, 3, 7, 15, 11, 10, 2, 16, 17, 8, 9, 12, 14, 13, 18, 20, 1, 4, 5, 19, 6, 3, 7, 15, 11, 10, 2, 16, 17, 8, 9, 12, 14, 13, 18, 20, 1, 4, 5, 19, 6, 3, 7, 15, 11, 10, 2, 16, 17, 8, 9, 12, 14, 13, 18, 20, 1, 4, 5, 19, 6, 3, 7, 15, 11, 10, 2, 16, 17, 8, 9, 12, 14, 13, 18, 20, 1, 4, 5, 19, 6, 3, 7, 15, 11, 10, 2, 16, 17, 8, 9, 12, 14, 13, 18, 20, 1, 4, 5, 19, 6, 3, 7, 15, 11, 10, 2, 16, 17, 8, 9, 12, 14, 13, 18, 20, 1, 4, 5, 19, 6, 3, 7, 15, 11, 10, 2, 16, 17, 8, 9, 12, 14]
bestever    2087    in generation 86
[13, 18, 1, 20, 4, 5, 19, 6, 3, 7, 15, 2, 11, 10, 16, 17, 8, 9, 12, 14, 13, 18, 1, 20, 4, 5, 19, 6, 3, 7, 15, 2, 11, 10, 16, 17, 8, 9, 12, 14, 13, 18, 1, 20, 4, 5, 19, 6, 3, 7, 15, 2, 11, 10, 16, 17, 8, 9, 12, 14, 13, 18, 1, 20, 4, 5, 19, 6, 3, 7, 15, 2, 11, 10, 16, 17, 8, 9, 12, 14, 13, 18, 1, 20, 4, 5, 19, 6, 3, 7, 15, 2, 11, 10, 16, 17, 8, 9, 12, 14, 13, 18, 1, 20, 4, 5, 19, 6, 3, 7, 15, 2, 11, 10, 16, 17, 8, 9, 12, 14, 13, 18, 1, 20, 4, 5, 19, 6, 3, 7, 15, 2, 11, 10, 16, 17, 8, 9, 12, 14, 13, 18, 1, 20, 4, 5, 19, 6, 3, 7, 15, 2, 11, 10, 16, 17, 8, 9, 12, 14, 13, 18, 1, 20, 4, 5, 19, 6, 3, 7, 15, 2, 11, 10, 16, 17, 8, 9, 12, 14, 13, 18, 1, 20, 4, 5, 19, 6, 3, 7, 15, 2, 11, 10, 16, 17, 8, 9, 12, 14, 13, 18, 1, 20, 4, 5, 19, 6, 3, 7, 15, 2, 11, 10, 16, 17, 8, 9, 12, 14, 13, 18, 1, 20, 4, 5, 19, 6, 3, 7, 15, 2, 11, 10, 16, 17, 8, 9, 12, 14, 13, 18, 1, 20, 4, 5, 19, 6, 3, 7, 15, 2, 11, 10, 16, 17, 8, 9, 12, 14, 13, 18, 1, 20, 4, 5, 19, 6, 3, 7, 15, 2, 11, 10, 16, 17, 8, 9, 12, 14, 13, 18, 1, 20, 4, 5, 19, 6, 3, 7, 15, 2, 11, 10, 16, 17, 8, 9, 12, 14]
bestever    2086    in generation 99
[13, 18, 1, 20, 4, 19, 6, 5, 3, 7, 15, 2, 11, 10, 16, 17, 8, 9, 12, 14, 13, 18, 1, 20, 4, 19, 6, 5, 3, 7, 15, 2, 11, 10, 16, 17, 8, 9, 12, 14, 13, 18, 1, 20, 4, 19, 6, 5, 3, 7, 15, 2, 11, 10, 16, 17, 8, 9, 12, 14, 13, 18, 1, 20, 4, 19, 6, 5, 3, 7, 15, 2, 11, 10, 16, 17, 8, 9, 12, 14, 13, 18, 1, 20, 4, 19, 6, 5, 3, 7, 15, 2, 11, 10, 16, 17, 8, 9, 12, 14, 13, 18, 1, 20, 4, 19, 6, 5, 3, 7, 15, 2, 11, 10, 16, 17, 8, 9, 12, 14, 13, 18, 1, 20, 4, 19, 6, 5, 3, 7, 15, 2, 11, 10, 16, 17, 8, 9, 12, 14, 13, 18, 1, 20, 4, 19, 6, 5, 3, 7, 15, 2, 11, 10, 16, 17, 8, 9, 12, 14, 13, 18, 1, 20, 4, 19, 6, 5, 3, 7, 15, 2, 11, 10, 16, 17, 8, 9, 12, 14, 13, 18, 1, 20, 4, 19, 6, 5, 3, 7, 15, 2, 11, 10, 16, 17, 8, 9, 12, 14, 13, 18, 1, 20, 4, 19, 6, 5, 3, 7, 15, 2, 11, 10, 16, 17, 8, 9, 12, 14, 13, 18, 1, 20, 4, 19, 6, 5, 3, 7, 15, 2, 11, 10, 16, 17, 8, 9, 12, 14, 13, 18, 1, 20, 4, 19, 6, 5, 3, 7, 15, 2, 11, 10, 16, 17, 8, 9, 12, 14, 13, 18, 1, 20, 4, 19, 6, 5, 3, 7, 15, 2, 11, 10, 16, 17, 8, 9, 12, 14, 13, 18, 1, 20, 4, 19, 6, 5, 3, 7, 15, 2, 11, 10, 16, 17, 8, 9, 12, 14]
bestever    2085    in generation 113
[13, 18, 20, 1, 4, 19, 6, 5, 3, 7, 15, 2, 11, 10, 16, 17, 8, 9, 12, 14, 13, 18, 20, 1, 4, 19, 6, 5, 3, 7, 15, 2, 11, 10, 16, 17, 8, 9, 12, 14, 13, 18, 20, 1, 4, 19, 6, 5, 3, 7, 15, 2, 11, 10, 16, 17, 8, 9, 12, 14, 13, 18, 20, 1, 4, 19, 6, 5, 3, 7, 15, 2, 11, 10, 16, 17, 8, 9, 12, 14, 13, 18, 20, 1, 4, 19, 6, 5, 3, 7, 15, 2, 11, 10, 16, 17, 8, 9, 12, 14, 13, 18, 20, 1, 4, 19, 6, 5, 3, 7, 15, 2, 11, 10, 16, 17, 8, 9, 12, 14, 13, 18, 20, 1, 4, 19, 6, 5, 3, 7, 15, 2, 11, 10, 16, 17, 8, 9, 12, 14, 13, 18, 20, 1, 4, 19, 6, 5, 3, 7, 15, 2, 11, 10, 16, 17, 8, 9, 12, 14, 13, 18, 20, 1, 4, 19, 6, 5, 3, 7, 15, 2, 11, 10, 16, 17, 8, 9, 12, 14, 13, 18, 20, 1, 4, 19, 6, 5, 3, 7, 15, 2, 11, 10, 16, 17, 8, 9, 12, 14, 13, 18, 20, 1, 4, 19, 6, 5, 3, 7, 15, 2, 11, 10, 16, 17, 8, 9, 12, 14, 13, 18, 20, 1, 4, 19, 6, 5, 3, 7, 15, 2, 11, 10, 16, 17, 8, 9, 12, 14, 13, 18, 20, 1, 4, 19, 6, 5, 3, 7, 15, 2, 11, 10, 16, 17, 8, 9, 12, 14, 13, 18, 20, 1, 4, 19, 6, 5, 3, 7, 15, 2, 11, 10, 16, 17, 8, 9, 12, 14, 13, 18, 20, 1, 4, 19, 6, 5, 3, 7, 15, 2, 11, 10, 16, 17, 8, 9, 12, 14]
bestever    2083    in generation 131
[13, 18, 20, 1, 4, 19, 6, 5, 3, 7, 15, 2, 12, 11, 10, 16, 17, 8, 9, 14, 13, 18, 20, 1, 4, 19, 6, 5, 3, 7, 15, 2, 12, 11, 10, 16, 17, 8, 9, 14, 13, 18, 20, 1, 4, 19, 6, 5, 3, 7, 15, 2, 12, 11, 10, 16, 17, 8, 9, 14, 13, 18, 20, 1, 4, 19, 6, 5, 3, 7, 15, 2, 12, 11, 10, 16, 17, 8, 9, 14, 13, 18, 20, 1, 4, 19, 6, 5, 3, 7, 15, 2, 12, 11, 10, 16, 17, 8, 9, 14, 13, 18, 20, 1, 4, 19, 6, 5, 3, 7, 15, 2, 12, 11, 10, 16, 17, 8, 9, 14, 13, 18, 20, 1, 4, 19, 6, 5, 3, 7, 15, 2, 12, 11, 10, 16, 17, 8, 9, 14, 13, 18, 20, 1, 4, 19, 6, 5, 3, 7, 15, 2, 12, 11, 10, 16, 17, 8, 9, 14, 13, 18, 20, 1, 4, 19, 6, 5, 3, 7, 15, 2, 12, 11, 10, 16, 17, 8, 9, 14, 13, 18, 20, 1, 4, 19, 6, 5, 3, 7, 15, 2, 12, 11, 10, 16, 17, 8, 9, 14, 13, 18, 20, 1, 4, 19, 6, 5, 3, 7, 15, 2, 12, 11, 10, 16, 17, 8, 9, 14, 13, 18, 20, 1, 4, 19, 6, 5, 3, 7, 15, 2, 12, 11, 10, 16, 17, 8, 9, 14, 13, 18, 20, 1, 4, 19, 6, 5, 3, 7, 15, 2, 12, 11, 10, 16, 17, 8, 9, 14, 13, 18, 20, 1, 4, 19, 6, 5, 3, 7, 15, 2, 12, 11, 10, 16, 17, 8, 9, 14, 13, 18, 20, 1, 4, 19, 6, 5, 3, 7, 15, 2, 12, 11, 10, 16, 17, 8, 9, 14]
bestever    2076    in generation 145
[13, 18, 20, 1, 4, 19, 6, 5, 7, 3, 15, 2, 12, 11, 10, 16, 17, 8, 9, 14, 13, 18, 20, 1, 4, 19, 6, 5, 7, 3, 15, 2, 12, 11, 10, 16, 17, 8, 9, 14, 13, 18, 20, 1, 4, 19, 6, 5, 7, 3, 15, 2, 12, 11, 10, 16, 17, 8, 9, 14, 13, 18, 20, 1, 4, 19, 6, 5, 7, 3, 15, 2, 12, 11, 10, 16, 17, 8, 9, 14, 13, 18, 20, 1, 4, 19, 6, 5, 7, 3, 15, 2, 12, 11, 10, 16, 17, 8, 9, 14, 13, 18, 20, 1, 4, 19, 6, 5, 7, 3, 15, 2, 12, 11, 10, 16, 17, 8, 9, 14, 13, 18, 20, 1, 4, 19, 6, 5, 7, 3, 15, 2, 12, 11, 10, 16, 17, 8, 9, 14, 13, 18, 20, 1, 4, 19, 6, 5, 7, 3, 15, 2, 12, 11, 10, 16, 17, 8, 9, 14, 13, 18, 20, 1, 4, 19, 6, 5, 7, 3, 15, 2, 12, 11, 10, 16, 17, 8, 9, 14, 13, 18, 20, 1, 4, 19, 6, 5, 7, 3, 15, 2, 12, 11, 10, 16, 17, 8, 9, 14, 13, 18, 20, 1, 4, 19, 6, 5, 7, 3, 15, 2, 12, 11, 10, 16, 17, 8, 9, 14, 13, 18, 20, 1, 4, 19, 6, 5, 7, 3, 15, 2, 12, 11, 10, 16, 17, 8, 9, 14, 13, 18, 20, 1, 4, 19, 6, 5, 7, 3, 15, 2, 12, 11, 10, 16, 17, 8, 9, 14, 13, 18, 20, 1, 4, 19, 6, 5, 7, 3, 15, 2, 12, 11, 10, 16, 17, 8, 9, 14, 13, 18, 20, 1, 4, 19, 6, 5, 7, 3, 15, 2, 12, 11, 10, 16, 17, 8, 9, 14]
bestever    2069    in generation 192
[13, 20, 18, 1, 19, 6, 5, 7, 3, 4, 15, 2, 12, 11, 10, 16, 17, 8, 9, 14, 13, 20, 18, 1, 19, 6, 5, 7, 3, 4, 15, 2, 12, 11, 10, 16, 17, 8, 9, 14, 13, 20, 18, 1, 19, 6, 5, 7, 3, 4, 15, 2, 12, 11, 10, 16, 17, 8, 9, 14, 13, 20, 18, 1, 19, 6, 5, 7, 3, 4, 15, 2, 12, 11, 10, 16, 17, 8, 9, 14, 13, 20, 18, 1, 19, 6, 5, 7, 3, 4, 15, 2, 12, 11, 10, 16, 17, 8, 9, 14, 13, 20, 18, 1, 19, 6, 5, 7, 3, 4, 15, 2, 12, 11, 10, 16, 17, 8, 9, 14, 13, 20, 18, 1, 19, 6, 5, 7, 3, 4, 15, 2, 12, 11, 10, 16, 17, 8, 9, 14, 13, 20, 18, 1, 19, 6, 5, 7, 3, 4, 15, 2, 12, 11, 10, 16, 17, 8, 9, 14, 13, 20, 18, 1, 19, 6, 5, 7, 3, 4, 15, 2, 12, 11, 10, 16, 17, 8, 9, 14, 13, 20, 18, 1, 19, 6, 5, 7, 3, 4, 15, 2, 12, 11, 10, 16, 17, 8, 9, 14, 13, 20, 18, 1, 19, 6, 5, 7, 3, 4, 15, 2, 12, 11, 10, 16, 17, 8, 9, 14, 13, 20, 18, 1, 19, 6, 5, 7, 3, 4, 15, 2, 12, 11, 10, 16, 17, 8, 9, 14, 13, 20, 18, 1, 19, 6, 5, 7, 3, 4, 15, 2, 12, 11, 10, 16, 17, 8, 9, 14, 13, 20, 18, 1, 19, 6, 5, 7, 3, 4, 15, 2, 12, 11, 10, 16, 17, 8, 9, 14, 13, 20, 18, 1, 19, 6, 5, 7, 3, 4, 15, 2, 12, 11, 10, 16, 17, 8, 9, 14]
bestever    2051    in generation 224
[13, 20, 18, 1, 19, 6, 5, 3, 4, 15, 2, 12, 11, 10, 16, 7, 17, 8, 9, 14, 13, 20, 18, 1, 19, 6, 5, 3, 4, 15, 2, 12, 11, 10, 16, 7, 17, 8, 9, 14, 13, 20, 18, 1, 19, 6, 5, 3, 4, 15, 2, 12, 11, 10, 16, 7, 17, 8, 9, 14, 13, 20, 18, 1, 19, 6, 5, 3, 4, 15, 2, 12, 11, 10, 16, 7, 17, 8, 9, 14, 13, 20, 18, 1, 19, 6, 5, 3, 4, 15, 2, 12, 11, 10, 16, 7, 17, 8, 9, 14, 13, 20, 18, 1, 19, 6, 5, 3, 4, 15, 2, 12, 11, 10, 16, 7, 17, 8, 9, 14, 13, 20, 18, 1, 19, 6, 5, 3, 4, 15, 2, 12, 11, 10, 16, 7, 17, 8, 9, 14, 13, 20, 18, 1, 19, 6, 5, 3, 4, 15, 2, 12, 11, 10, 16, 7, 17, 8, 9, 14, 13, 20, 18, 1, 19, 6, 5, 3, 4, 15, 2, 12, 11, 10, 16, 7, 17, 8, 9, 14, 13, 20, 18, 1, 19, 6, 5, 3, 4, 15, 2, 12, 11, 10, 16, 7, 17, 8, 9, 14, 13, 20, 18, 1, 19, 6, 5, 3, 4, 15, 2, 12, 11, 10, 16, 7, 17, 8, 9, 14, 13, 20, 18, 1, 19, 6, 5, 3, 4, 15, 2, 12, 11, 10, 16, 7, 17, 8, 9, 14, 13, 20, 18, 1, 19, 6, 5, 3, 4, 15, 2, 12, 11, 10, 16, 7, 17, 8, 9, 14, 13, 20, 18, 1, 19, 6, 5, 3, 4, 15, 2, 12, 11, 10, 16, 7, 17, 8, 9, 14, 13, 20, 18, 1, 19, 6, 5, 3, 4, 15, 2, 12, 11, 10, 16, 7, 17, 8, 9, 14]
bestever    2050    in generation 240
[13, 20, 18, 1, 19, 6, 2, 5, 3, 4, 15, 12, 11, 10, 16, 7, 17, 8, 9, 14, 13, 20, 18, 1, 19, 6, 2, 5, 3, 4, 15, 12, 11, 10, 16, 7, 17, 8, 9, 14, 13, 20, 18, 1, 19, 6, 2, 5, 3, 4, 15, 12, 11, 10, 16, 7, 17, 8, 9, 14, 13, 20, 18, 1, 19, 6, 2, 5, 3, 4, 15, 12, 11, 10, 16, 7, 17, 8, 9, 14, 13, 20, 18, 1, 19, 6, 2, 5, 3, 4, 15, 12, 11, 10, 16, 7, 17, 8, 9, 14, 13, 20, 18, 1, 19, 6, 2, 5, 3, 4, 15, 12, 11, 10, 16, 7, 17, 8, 9, 14, 13, 20, 18, 1, 19, 6, 2, 5, 3, 4, 15, 12, 11, 10, 16, 7, 17, 8, 9, 14, 13, 20, 18, 1, 19, 6, 2, 5, 3, 4, 15, 12, 11, 10, 16, 7, 17, 8, 9, 14, 13, 20, 18, 1, 19, 6, 2, 5, 3, 4, 15, 12, 11, 10, 16, 7, 17, 8, 9, 14, 13, 20, 18, 1, 19, 6, 2, 5, 3, 4, 15, 12, 11, 10, 16, 7, 17, 8, 9, 14, 13, 20, 18, 1, 19, 6, 2, 5, 3, 4, 15, 12, 11, 10, 16, 7, 17, 8, 9, 14, 13, 20, 18, 1, 19, 6, 2, 5, 3, 4, 15, 12, 11, 10, 16, 7, 17, 8, 9, 14, 13, 20, 18, 1, 19, 6, 2, 5, 3, 4, 15, 12, 11, 10, 16, 7, 17, 8, 9, 14, 13, 20, 18, 1, 19, 6, 2, 5, 3, 4, 15, 12, 11, 10, 16, 7, 17, 8, 9, 14, 13, 20, 18, 1, 19, 6, 2, 5, 3, 4, 15, 12, 11, 10, 16, 7, 17, 8, 9, 14]
bestever    2049    in generation 254
[13, 20, 18, 1, 6, 19, 2, 5, 3, 4, 15, 12, 11, 10, 16, 7, 17, 8, 9, 14, 13, 20, 18, 1, 6, 19, 2, 5, 3, 4, 15, 12, 11, 10, 16, 7, 17, 8, 9, 14, 13, 20, 18, 1, 6, 19, 2, 5, 3, 4, 15, 12, 11, 10, 16, 7, 17, 8, 9, 14, 13, 20, 18, 1, 6, 19, 2, 5, 3, 4, 15, 12, 11, 10, 16, 7, 17, 8, 9, 14, 13, 20, 18, 1, 6, 19, 2, 5, 3, 4, 15, 12, 11, 10, 16, 7, 17, 8, 9, 14, 13, 20, 18, 1, 6, 19, 2, 5, 3, 4, 15, 12, 11, 10, 16, 7, 17, 8, 9, 14, 13, 20, 18, 1, 6, 19, 2, 5, 3, 4, 15, 12, 11, 10, 16, 7, 17, 8, 9, 14, 13, 20, 18, 1, 6, 19, 2, 5, 3, 4, 15, 12, 11, 10, 16, 7, 17, 8, 9, 14, 13, 20, 18, 1, 6, 19, 2, 5, 3, 4, 15, 12, 11, 10, 16, 7, 17, 8, 9, 14, 13, 20, 18, 1, 6, 19, 2, 5, 3, 4, 15, 12, 11, 10, 16, 7, 17, 8, 9, 14, 13, 20, 18, 1, 6, 19, 2, 5, 3, 4, 15, 12, 11, 10, 16, 7, 17, 8, 9, 14, 13, 20, 18, 1, 6, 19, 2, 5, 3, 4, 15, 12, 11, 10, 16, 7, 17, 8, 9, 14, 13, 20, 18, 1, 6, 19, 2, 5, 3, 4, 15, 12, 11, 10, 16, 7, 17, 8, 9, 14, 13, 20, 18, 1, 6, 19, 2, 5, 3, 4, 15, 12, 11, 10, 16, 7, 17, 8, 9, 14, 13, 20, 18, 1, 6, 19, 2, 5, 3, 4, 15, 12, 11, 10, 16, 7, 17, 8, 9, 14]
bestever    2045    in generation 273
[13, 20, 18, 1, 19, 2, 5, 6, 3, 4, 15, 12, 11, 10, 7, 16, 17, 8, 9, 14, 13, 20, 18, 1, 19, 2, 5, 6, 3, 4, 15, 12, 11, 10, 7, 16, 17, 8, 9, 14, 13, 20, 18, 1, 19, 2, 5, 6, 3, 4, 15, 12, 11, 10, 7, 16, 17, 8, 9, 14, 13, 20, 18, 1, 19, 2, 5, 6, 3, 4, 15, 12, 11, 10, 7, 16, 17, 8, 9, 14, 13, 20, 18, 1, 19, 2, 5, 6, 3, 4, 15, 12, 11, 10, 7, 16, 17, 8, 9, 14, 13, 20, 18, 1, 19, 2, 5, 6, 3, 4, 15, 12, 11, 10, 7, 16, 17, 8, 9, 14, 13, 20, 18, 1, 19, 2, 5, 6, 3, 4, 15, 12, 11, 10, 7, 16, 17, 8, 9, 14, 13, 20, 18, 1, 19, 2, 5, 6, 3, 4, 15, 12, 11, 10, 7, 16, 17, 8, 9, 14, 13, 20, 18, 1, 19, 2, 5, 6, 3, 4, 15, 12, 11, 10, 7, 16, 17, 8, 9, 14, 13, 20, 18, 1, 19, 2, 5, 6, 3, 4, 15, 12, 11, 10, 7, 16, 17, 8, 9, 14, 13, 20, 18, 1, 19, 2, 5, 6, 3, 4, 15, 12, 11, 10, 7, 16, 17, 8, 9, 14, 13, 20, 18, 1, 19, 2, 5, 6, 3, 4, 15, 12, 11, 10, 7, 16, 17, 8, 9, 14, 13, 20, 18, 1, 19, 2, 5, 6, 3, 4, 15, 12, 11, 10, 7, 16, 17, 8, 9, 14, 13, 20, 18, 1, 19, 2, 5, 6, 3, 4, 15, 12, 11, 10, 7, 16, 17, 8, 9, 14, 13, 20, 18, 1, 19, 2, 5, 6, 3, 4, 15, 12, 11, 10, 7, 16, 17, 8, 9, 14]
bestever    2038    in generation 285
[13, 20, 18, 19, 2, 1, 5, 6, 3, 4, 15, 12, 11, 10, 7, 16, 17, 8, 9, 14, 13, 20, 18, 19, 2, 1, 5, 6, 3, 4, 15, 12, 11, 10, 7, 16, 17, 8, 9, 14, 13, 20, 18, 19, 2, 1, 5, 6, 3, 4, 15, 12, 11, 10, 7, 16, 17, 8, 9, 14, 13, 20, 18, 19, 2, 1, 5, 6, 3, 4, 15, 12, 11, 10, 7, 16, 17, 8, 9, 14, 13, 20, 18, 19, 2, 1, 5, 6, 3, 4, 15, 12, 11, 10, 7, 16, 17, 8, 9, 14, 13, 20, 18, 19, 2, 1, 5, 6, 3, 4, 15, 12, 11, 10, 7, 16, 17, 8, 9, 14, 13, 20, 18, 19, 2, 1, 5, 6, 3, 4, 15, 12, 11, 10, 7, 16, 17, 8, 9, 14, 13, 20, 18, 19, 2, 1, 5, 6, 3, 4, 15, 12, 11, 10, 7, 16, 17, 8, 9, 14, 13, 20, 18, 19, 2, 1, 5, 6, 3, 4, 15, 12, 11, 10, 7, 16, 17, 8, 9, 14, 13, 20, 18, 19, 2, 1, 5, 6, 3, 4, 15, 12, 11, 10, 7, 16, 17, 8, 9, 14, 13, 20, 18, 19, 2, 1, 5, 6, 3, 4, 15, 12, 11, 10, 7, 16, 17, 8, 9, 14, 13, 20, 18, 19, 2, 1, 5, 6, 3, 4, 15, 12, 11, 10, 7, 16, 17, 8, 9, 14, 13, 20, 18, 19, 2, 1, 5, 6, 3, 4, 15, 12, 11, 10, 7, 16, 17, 8, 9, 14, 13, 20, 18, 19, 2, 1, 5, 6, 3, 4, 15, 12, 11, 10, 7, 16, 17, 8, 9, 14, 13, 20, 18, 19, 2, 1, 5, 6, 3, 4, 15, 12, 11, 10, 7, 16, 17, 8, 9, 14]
bestever    2037    in generation 297
[13, 20, 5, 18, 19, 2, 1, 6, 3, 4, 15, 12, 11, 10, 7, 16, 17, 8, 9, 14, 13, 20, 5, 18, 19, 2, 1, 6, 3, 4, 15, 12, 11, 10, 7, 16, 17, 8, 9, 14, 13, 20, 5, 18, 19, 2, 1, 6, 3, 4, 15, 12, 11, 10, 7, 16, 17, 8, 9, 14, 13, 20, 5, 18, 19, 2, 1, 6, 3, 4, 15, 12, 11, 10, 7, 16, 17, 8, 9, 14, 13, 20, 5, 18, 19, 2, 1, 6, 3, 4, 15, 12, 11, 10, 7, 16, 17, 8, 9, 14, 13, 20, 5, 18, 19, 2, 1, 6, 3, 4, 15, 12, 11, 10, 7, 16, 17, 8, 9, 14, 13, 20, 5, 18, 19, 2, 1, 6, 3, 4, 15, 12, 11, 10, 7, 16, 17, 8, 9, 14, 13, 20, 5, 18, 19, 2, 1, 6, 3, 4, 15, 12, 11, 10, 7, 16, 17, 8, 9, 14, 13, 20, 5, 18, 19, 2, 1, 6, 3, 4, 15, 12, 11, 10, 7, 16, 17, 8, 9, 14, 13, 20, 5, 18, 19, 2, 1, 6, 3, 4, 15, 12, 11, 10, 7, 16, 17, 8, 9, 14, 13, 20, 5, 18, 19, 2, 1, 6, 3, 4, 15, 12, 11, 10, 7, 16, 17, 8, 9, 14, 13, 20, 5, 18, 19, 2, 1, 6, 3, 4, 15, 12, 11, 10, 7, 16, 17, 8, 9, 14, 13, 20, 5, 18, 19, 2, 1, 6, 3, 4, 15, 12, 11, 10, 7, 16, 17, 8, 9, 14, 13, 20, 5, 18, 19, 2, 1, 6, 3, 4, 15, 12, 11, 10, 7, 16, 17, 8, 9, 14, 13, 20, 5, 18, 19, 2, 1, 6, 3, 4, 15, 12, 11, 10, 7, 16, 17, 8, 9, 14]
bestever    2035    in generation 309
[13, 20, 5, 18, 19, 2, 1, 6, 3, 4, 15, 12, 11, 10, 7, 17, 16, 8, 9, 14, 13, 20, 5, 18, 19, 2, 1, 6, 3, 4, 15, 12, 11, 10, 7, 17, 16, 8, 9, 14, 13, 20, 5, 18, 19, 2, 1, 6, 3, 4, 15, 12, 11, 10, 7, 17, 16, 8, 9, 14, 13, 20, 5, 18, 19, 2, 1, 6, 3, 4, 15, 12, 11, 10, 7, 17, 16, 8, 9, 14, 13, 20, 5, 18, 19, 2, 1, 6, 3, 4, 15, 12, 11, 10, 7, 17, 16, 8, 9, 14, 13, 20, 5, 18, 19, 2, 1, 6, 3, 4, 15, 12, 11, 10, 7, 17, 16, 8, 9, 14, 13, 20, 5, 18, 19, 2, 1, 6, 3, 4, 15, 12, 11, 10, 7, 17, 16, 8, 9, 14, 13, 20, 5, 18, 19, 2, 1, 6, 3, 4, 15, 12, 11, 10, 7, 17, 16, 8, 9, 14, 13, 20, 5, 18, 19, 2, 1, 6, 3, 4, 15, 12, 11, 10, 7, 17, 16, 8, 9, 14, 13, 20, 5, 18, 19, 2, 1, 6, 3, 4, 15, 12, 11, 10, 7, 17, 16, 8, 9, 14, 13, 20, 5, 18, 19, 2, 1, 6, 3, 4, 15, 12, 11, 10, 7, 17, 16, 8, 9, 14, 13, 20, 5, 18, 19, 2, 1, 6, 3, 4, 15, 12, 11, 10, 7, 17, 16, 8, 9, 14, 13, 20, 5, 18, 19, 2, 1, 6, 3, 4, 15, 12, 11, 10, 7, 17, 16, 8, 9, 14, 13, 20, 5, 18, 19, 2, 1, 6, 3, 4, 15, 12, 11, 10, 7, 17, 16, 8, 9, 14, 13, 20, 5, 18, 19, 2, 1, 6, 3, 4, 15, 12, 11, 10, 7, 17, 16, 8, 9, 14]
bestever    2034    in generation 549
[13, 20, 19, 5, 18, 2, 6, 3, 15, 4, 12, 11, 10, 7, 17, 16, 8, 9, 1, 14, 13, 20, 19, 5, 18, 2, 6, 3, 15, 4, 12, 11, 10, 7, 17, 16, 8, 9, 1, 14, 13, 20, 19, 5, 18, 2, 6, 3, 15, 4, 12, 11, 10, 7, 17, 16, 8, 9, 1, 14, 13, 20, 19, 5, 18, 2, 6, 3, 15, 4, 12, 11, 10, 7, 17, 16, 8, 9, 1, 14, 13, 20, 19, 5, 18, 2, 6, 3, 15, 4, 12, 11, 10, 7, 17, 16, 8, 9, 1, 14, 13, 20, 19, 5, 18, 2, 6, 3, 15, 4, 12, 11, 10, 7, 17, 16, 8, 9, 1, 14, 13, 20, 19, 5, 18, 2, 6, 3, 15, 4, 12, 11, 10, 7, 17, 16, 8, 9, 1, 14, 13, 20, 19, 5, 18, 2, 6, 3, 15, 4, 12, 11, 10, 7, 17, 16, 8, 9, 1, 14, 13, 20, 19, 5, 18, 2, 6, 3, 15, 4, 12, 11, 10, 7, 17, 16, 8, 9, 1, 14, 13, 20, 19, 5, 18, 2, 6, 3, 15, 4, 12, 11, 10, 7, 17, 16, 8, 9, 1, 14, 13, 20, 19, 5, 18, 2, 6, 3, 15, 4, 12, 11, 10, 7, 17, 16, 8, 9, 1, 14, 13, 20, 19, 5, 18, 2, 6, 3, 15, 4, 12, 11, 10, 7, 17, 16, 8, 9, 1, 14, 13, 20, 19, 5, 18, 2, 6, 3, 15, 4, 12, 11, 10, 7, 17, 16, 8, 9, 1, 14, 13, 20, 19, 5, 18, 2, 6, 3, 15, 4, 12, 11, 10, 7, 17, 16, 8, 9, 1, 14, 13, 20, 19, 5, 18, 2, 6, 3, 15, 4, 12, 11, 10, 7, 17, 16, 8, 9, 1, 14]
bestever    2030    in generation 561
[13, 20, 19, 5, 18, 6, 2, 3, 15, 4, 12, 11, 10, 7, 17, 16, 8, 9, 1, 14, 13, 20, 19, 5, 18, 6, 2, 3, 15, 4, 12, 11, 10, 7, 17, 16, 8, 9, 1, 14, 13, 20, 19, 5, 18, 6, 2, 3, 15, 4, 12, 11, 10, 7, 17, 16, 8, 9, 1, 14, 13, 20, 19, 5, 18, 6, 2, 3, 15, 4, 12, 11, 10, 7, 17, 16, 8, 9, 1, 14, 13, 20, 19, 5, 18, 6, 2, 3, 15, 4, 12, 11, 10, 7, 17, 16, 8, 9, 1, 14, 13, 20, 19, 5, 18, 6, 2, 3, 15, 4, 12, 11, 10, 7, 17, 16, 8, 9, 1, 14, 13, 20, 19, 5, 18, 6, 2, 3, 15, 4, 12, 11, 10, 7, 17, 16, 8, 9, 1, 14, 13, 20, 19, 5, 18, 6, 2, 3, 15, 4, 12, 11, 10, 7, 17, 16, 8, 9, 1, 14, 13, 20, 19, 5, 18, 6, 2, 3, 15, 4, 12, 11, 10, 7, 17, 16, 8, 9, 1, 14, 13, 20, 19, 5, 18, 6, 2, 3, 15, 4, 12, 11, 10, 7, 17, 16, 8, 9, 1, 14, 13, 20, 19, 5, 18, 6, 2, 3, 15, 4, 12, 11, 10, 7, 17, 16, 8, 9, 1, 14, 13, 20, 19, 5, 18, 6, 2, 3, 15, 4, 12, 11, 10, 7, 17, 16, 8, 9, 1, 14, 13, 20, 19, 5, 18, 6, 2, 3, 15, 4, 12, 11, 10, 7, 17, 16, 8, 9, 1, 14, 13, 20, 19, 5, 18, 6, 2, 3, 15, 4, 12, 11, 10, 7, 17, 16, 8, 9, 1, 14, 13, 20, 19, 5, 18, 6, 2, 3, 15, 4, 12, 11, 10, 7, 17, 16, 8, 9, 1, 14]
bestever    2021    in generation 607
[5, 13, 20, 18, 19, 6, 2, 8, 3, 15, 4, 12, 11, 10, 7, 17, 16, 9, 1, 14, 5, 13, 20, 18, 19, 6, 2, 8, 3, 15, 4, 12, 11, 10, 7, 17, 16, 9, 1, 14, 5, 13, 20, 18, 19, 6, 2, 8, 3, 15, 4, 12, 11, 10, 7, 17, 16, 9, 1, 14, 5, 13, 20, 18, 19, 6, 2, 8, 3, 15, 4, 12, 11, 10, 7, 17, 16, 9, 1, 14, 5, 13, 20, 18, 19, 6, 2, 8, 3, 15, 4, 12, 11, 10, 7, 17, 16, 9, 1, 14, 5, 13, 20, 18, 19, 6, 2, 8, 3, 15, 4, 12, 11, 10, 7, 17, 16, 9, 1, 14, 5, 13, 20, 18, 19, 6, 2, 8, 3, 15, 4, 12, 11, 10, 7, 17, 16, 9, 1, 14, 5, 13, 20, 18, 19, 6, 2, 8, 3, 15, 4, 12, 11, 10, 7, 17, 16, 9, 1, 14, 5, 13, 20, 18, 19, 6, 2, 8, 3, 15, 4, 12, 11, 10, 7, 17, 16, 9, 1, 14, 5, 13, 20, 18, 19, 6, 2, 8, 3, 15, 4, 12, 11, 10, 7, 17, 16, 9, 1, 14, 5, 13, 20, 18, 19, 6, 2, 8, 3, 15, 4, 12, 11, 10, 7, 17, 16, 9, 1, 14, 5, 13, 20, 18, 19, 6, 2, 8, 3, 15, 4, 12, 11, 10, 7, 17, 16, 9, 1, 14, 5, 13, 20, 18, 19, 6, 2, 8, 3, 15, 4, 12, 11, 10, 7, 17, 16, 9, 1, 14, 5, 13, 20, 18, 19, 6, 2, 8, 3, 15, 4, 12, 11, 10, 7, 17, 16, 9, 1, 14, 5, 13, 20, 18, 19, 6, 2, 8, 3, 15, 4, 12, 11, 10, 7, 17, 16, 9, 1, 14]
bestever    2020    in generation 619
[5, 13, 18, 20, 19, 6, 2, 8, 3, 15, 4, 12, 11, 10, 7, 17, 16, 9, 1, 14, 5, 13, 18, 20, 19, 6, 2, 8, 3, 15, 4, 12, 11, 10, 7, 17, 16, 9, 1, 14, 5, 13, 18, 20, 19, 6, 2, 8, 3, 15, 4, 12, 11, 10, 7, 17, 16, 9, 1, 14, 5, 13, 18, 20, 19, 6, 2, 8, 3, 15, 4, 12, 11, 10, 7, 17, 16, 9, 1, 14, 5, 13, 18, 20, 19, 6, 2, 8, 3, 15, 4, 12, 11, 10, 7, 17, 16, 9, 1, 14, 5, 13, 18, 20, 19, 6, 2, 8, 3, 15, 4, 12, 11, 10, 7, 17, 16, 9, 1, 14, 5, 13, 18, 20, 19, 6, 2, 8, 3, 15, 4, 12, 11, 10, 7, 17, 16, 9, 1, 14, 5, 13, 18, 20, 19, 6, 2, 8, 3, 15, 4, 12, 11, 10, 7, 17, 16, 9, 1, 14, 5, 13, 18, 20, 19, 6, 2, 8, 3, 15, 4, 12, 11, 10, 7, 17, 16, 9, 1, 14, 5, 13, 18, 20, 19, 6, 2, 8, 3, 15, 4, 12, 11, 10, 7, 17, 16, 9, 1, 14, 5, 13, 18, 20, 19, 6, 2, 8, 3, 15, 4, 12, 11, 10, 7, 17, 16, 9, 1, 14, 5, 13, 18, 20, 19, 6, 2, 8, 3, 15, 4, 12, 11, 10, 7, 17, 16, 9, 1, 14, 5, 13, 18, 20, 19, 6, 2, 8, 3, 15, 4, 12, 11, 10, 7, 17, 16, 9, 1, 14, 5, 13, 18, 20, 19, 6, 2, 8, 3, 15, 4, 12, 11, 10, 7, 17, 16, 9, 1, 14, 5, 13, 18, 20, 19, 6, 2, 8, 3, 15, 4, 12, 11, 10, 7, 17, 16, 9, 1, 14]
bestever    2012    in generation 633
[13, 18, 20, 5, 19, 6, 2, 8, 3, 15, 4, 12, 11, 10, 7, 17, 16, 9, 1, 14, 13, 18, 20, 5, 19, 6, 2, 8, 3, 15, 4, 12, 11, 10, 7, 17, 16, 9, 1, 14, 13, 18, 20, 5, 19, 6, 2, 8, 3, 15, 4, 12, 11, 10, 7, 17, 16, 9, 1, 14, 13, 18, 20, 5, 19, 6, 2, 8, 3, 15, 4, 12, 11, 10, 7, 17, 16, 9, 1, 14, 13, 18, 20, 5, 19, 6, 2, 8, 3, 15, 4, 12, 11, 10, 7, 17, 16, 9, 1, 14, 13, 18, 20, 5, 19, 6, 2, 8, 3, 15, 4, 12, 11, 10, 7, 17, 16, 9, 1, 14, 13, 18, 20, 5, 19, 6, 2, 8, 3, 15, 4, 12, 11, 10, 7, 17, 16, 9, 1, 14, 13, 18, 20, 5, 19, 6, 2, 8, 3, 15, 4, 12, 11, 10, 7, 17, 16, 9, 1, 14, 13, 18, 20, 5, 19, 6, 2, 8, 3, 15, 4, 12, 11, 10, 7, 17, 16, 9, 1, 14, 13, 18, 20, 5, 19, 6, 2, 8, 3, 15, 4, 12, 11, 10, 7, 17, 16, 9, 1, 14, 13, 18, 20, 5, 19, 6, 2, 8, 3, 15, 4, 12, 11, 10, 7, 17, 16, 9, 1, 14, 13, 18, 20, 5, 19, 6, 2, 8, 3, 15, 4, 12, 11, 10, 7, 17, 16, 9, 1, 14, 13, 18, 20, 5, 19, 6, 2, 8, 3, 15, 4, 12, 11, 10, 7, 17, 16, 9, 1, 14, 13, 18, 20, 5, 19, 6, 2, 8, 3, 15, 4, 12, 11, 10, 7, 17, 16, 9, 1, 14, 13, 18, 20, 5, 19, 6, 2, 8, 3, 15, 4, 12, 11, 10, 7, 17, 16, 9, 1, 14]
bestever    2001    in generation 654
[13, 18, 20, 19, 6, 2, 8, 3, 15, 4, 12, 11, 10, 7, 5, 17, 16, 9, 1, 14, 13, 18, 20, 19, 6, 2, 8, 3, 15, 4, 12, 11, 10, 7, 5, 17, 16, 9, 1, 14, 13, 18, 20, 19, 6, 2, 8, 3, 15, 4, 12, 11, 10, 7, 5, 17, 16, 9, 1, 14, 13, 18, 20, 19, 6, 2, 8, 3, 15, 4, 12, 11, 10, 7, 5, 17, 16, 9, 1, 14, 13, 18, 20, 19, 6, 2, 8, 3, 15, 4, 12, 11, 10, 7, 5, 17, 16, 9, 1, 14, 13, 18, 20, 19, 6, 2, 8, 3, 15, 4, 12, 11, 10, 7, 5, 17, 16, 9, 1, 14, 13, 18, 20, 19, 6, 2, 8, 3, 15, 4, 12, 11, 10, 7, 5, 17, 16, 9, 1, 14, 13, 18, 20, 19, 6, 2, 8, 3, 15, 4, 12, 11, 10, 7, 5, 17, 16, 9, 1, 14, 13, 18, 20, 19, 6, 2, 8, 3, 15, 4, 12, 11, 10, 7, 5, 17, 16, 9, 1, 14, 13, 18, 20, 19, 6, 2, 8, 3, 15, 4, 12, 11, 10, 7, 5, 17, 16, 9, 1, 14, 13, 18, 20, 19, 6, 2, 8, 3, 15, 4, 12, 11, 10, 7, 5, 17, 16, 9, 1, 14, 13, 18, 20, 19, 6, 2, 8, 3, 15, 4, 12, 11, 10, 7, 5, 17, 16, 9, 1, 14, 13, 18, 20, 19, 6, 2, 8, 3, 15, 4, 12, 11, 10, 7, 5, 17, 16, 9, 1, 14, 13, 18, 20, 19, 6, 2, 8, 3, 15, 4, 12, 11, 10, 7, 5, 17, 16, 9, 1, 14, 13, 18, 20, 19, 6, 2, 8, 3, 15, 4, 12, 11, 10, 7, 5, 17, 16, 9, 1, 14]
bestever    1999    in generation 669
[13, 18, 20, 19, 6, 8, 2, 3, 15, 4, 12, 11, 10, 7, 5, 17, 16, 9, 1, 14, 13, 18, 20, 19, 6, 8, 2, 3, 15, 4, 12, 11, 10, 7, 5, 17, 16, 9, 1, 14, 13, 18, 20, 19, 6, 8, 2, 3, 15, 4, 12, 11, 10, 7, 5, 17, 16, 9, 1, 14, 13, 18, 20, 19, 6, 8, 2, 3, 15, 4, 12, 11, 10, 7, 5, 17, 16, 9, 1, 14, 13, 18, 20, 19, 6, 8, 2, 3, 15, 4, 12, 11, 10, 7, 5, 17, 16, 9, 1, 14, 13, 18, 20, 19, 6, 8, 2, 3, 15, 4, 12, 11, 10, 7, 5, 17, 16, 9, 1, 14, 13, 18, 20, 19, 6, 8, 2, 3, 15, 4, 12, 11, 10, 7, 5, 17, 16, 9, 1, 14, 13, 18, 20, 19, 6, 8, 2, 3, 15, 4, 12, 11, 10, 7, 5, 17, 16, 9, 1, 14, 13, 18, 20, 19, 6, 8, 2, 3, 15, 4, 12, 11, 10, 7, 5, 17, 16, 9, 1, 14, 13, 18, 20, 19, 6, 8, 2, 3, 15, 4, 12, 11, 10, 7, 5, 17, 16, 9, 1, 14, 13, 18, 20, 19, 6, 8, 2, 3, 15, 4, 12, 11, 10, 7, 5, 17, 16, 9, 1, 14, 13, 18, 20, 19, 6, 8, 2, 3, 15, 4, 12, 11, 10, 7, 5, 17, 16, 9, 1, 14, 13, 18, 20, 19, 6, 8, 2, 3, 15, 4, 12, 11, 10, 7, 5, 17, 16, 9, 1, 14, 13, 18, 20, 19, 6, 8, 2, 3, 15, 4, 12, 11, 10, 7, 5, 17, 16, 9, 1, 14, 13, 18, 20, 19, 6, 8, 2, 3, 15, 4, 12, 11, 10, 7, 5, 17, 16, 9, 1, 14]
bestever    1998    in generation 685
[13, 18, 20, 19, 8, 2, 6, 3, 15, 4, 12, 11, 10, 7, 5, 17, 16, 9, 1, 14, 13, 18, 20, 19, 8, 2, 6, 3, 15, 4, 12, 11, 10, 7, 5, 17, 16, 9, 1, 14, 13, 18, 20, 19, 8, 2, 6, 3, 15, 4, 12, 11, 10, 7, 5, 17, 16, 9, 1, 14, 13, 18, 20, 19, 8, 2, 6, 3, 15, 4, 12, 11, 10, 7, 5, 17, 16, 9, 1, 14, 13, 18, 20, 19, 8, 2, 6, 3, 15, 4, 12, 11, 10, 7, 5, 17, 16, 9, 1, 14, 13, 18, 20, 19, 8, 2, 6, 3, 15, 4, 12, 11, 10, 7, 5, 17, 16, 9, 1, 14, 13, 18, 20, 19, 8, 2, 6, 3, 15, 4, 12, 11, 10, 7, 5, 17, 16, 9, 1, 14, 13, 18, 20, 19, 8, 2, 6, 3, 15, 4, 12, 11, 10, 7, 5, 17, 16, 9, 1, 14, 13, 18, 20, 19, 8, 2, 6, 3, 15, 4, 12, 11, 10, 7, 5, 17, 16, 9, 1, 14, 13, 18, 20, 19, 8, 2, 6, 3, 15, 4, 12, 11, 10, 7, 5, 17, 16, 9, 1, 14, 13, 18, 20, 19, 8, 2, 6, 3, 15, 4, 12, 11, 10, 7, 5, 17, 16, 9, 1, 14, 13, 18, 20, 19, 8, 2, 6, 3, 15, 4, 12, 11, 10, 7, 5, 17, 16, 9, 1, 14, 13, 18, 20, 19, 8, 2, 6, 3, 15, 4, 12, 11, 10, 7, 5, 17, 16, 9, 1, 14, 13, 18, 20, 19, 8, 2, 6, 3, 15, 4, 12, 11, 10, 7, 5, 17, 16, 9, 1, 14, 13, 18, 20, 19, 8, 2, 6, 3, 15, 4, 12, 11, 10, 7, 5, 17, 16, 9, 1, 14]
bestever    1997    in generation 789
[13, 18, 20, 19, 8, 2, 6, 3, 15, 10, 4, 12, 11, 7, 5, 17, 16, 9, 1, 14, 13, 18, 20, 19, 8, 2, 6, 3, 15, 10, 4, 12, 11, 7, 5, 17, 16, 9, 1, 14, 13, 18, 20, 19, 8, 2, 6, 3, 15, 10, 4, 12, 11, 7, 5, 17, 16, 9, 1, 14, 13, 18, 20, 19, 8, 2, 6, 3, 15, 10, 4, 12, 11, 7, 5, 17, 16, 9, 1, 13, 18, 14, 20, 19, 8, 2, 6, 3, 15, 4, 12, 11, 10, 7, 5, 17, 16, 9, 1, 14, 13, 18, 20, 19, 8, 2, 6, 3, 15, 4, 12, 11, 10, 7, 5, 17, 16, 9, 1, 14, 13, 18, 20, 19, 8, 2, 6, 3, 15, 4, 12, 11, 10, 7, 5, 17, 16, 9, 1, 14, 13, 18, 20, 19, 8, 2, 6, 3, 15, 4, 12, 11, 10, 7, 5, 17, 16, 9, 1, 14, 13, 18, 20, 19, 8, 2, 6, 3, 15, 4, 12, 11, 10, 7, 5, 17, 16, 9, 1, 14, 13, 18, 20, 19, 8, 2, 6, 3, 15, 4, 12, 11, 10, 7, 5, 17, 16, 9, 1, 14, 13, 18, 20, 19, 8, 2, 6, 3, 15, 4, 12, 11, 10, 7, 5, 17, 16, 9, 1, 14, 13, 18, 20, 19, 8, 2, 6, 3, 15, 4, 12, 11, 10, 7, 5, 17, 16, 9, 1, 14, 13, 18, 20, 19, 8, 2, 6, 3, 15, 4, 12, 11, 10, 7, 5, 17, 16, 9, 1, 14, 13, 18, 20, 19, 8, 2, 6, 3, 15, 4, 12, 11, 10, 7, 5, 17, 16, 9, 1, 14, 13, 18, 20, 19, 8, 2, 6, 3, 15, 4, 12, 11, 10, 7, 5, 17, 16, 9, 1, 14]
bestever    1995    in generation 810
[13, 18, 20, 19, 8, 2, 6, 3, 15, 10, 4, 12, 11, 7, 5, 17, 9, 14, 16, 1, 13, 18, 20, 19, 8, 2, 6, 3, 15, 10, 4, 12, 11, 7, 5, 17, 9, 14, 16, 1, 13, 18, 20, 19, 8, 2, 6, 3, 15, 10, 4, 12, 11, 7, 5, 17, 9, 14, 16, 1, 13, 18, 20, 19, 8, 2, 6, 3, 15, 10, 4, 12, 11, 7, 5, 17, 9, 14, 16, 1, 13, 18, 20, 19, 8, 2, 6, 3, 15, 4, 12, 11, 10, 7, 5, 17, 9, 14, 16, 1, 13, 18, 20, 19, 8, 2, 6, 3, 15, 4, 12, 11, 10, 7, 5, 17, 9, 14, 16, 1, 13, 18, 20, 19, 8, 2, 6, 3, 15, 4, 12, 11, 10, 7, 5, 17, 9, 14, 16, 1, 13, 18, 20, 19, 8, 2, 6, 3, 15, 4, 12, 11, 10, 7, 5, 17, 9, 14, 16, 1, 13, 18, 20, 19, 8, 2, 6, 3, 15, 4, 12, 11, 10, 7, 5, 17, 9, 14, 16, 1, 13, 18, 20, 19, 8, 2, 6, 3, 15, 4, 12, 11, 10, 7, 5, 17, 9, 14, 16, 1, 13, 18, 20, 19, 8, 2, 6, 3, 15, 4, 12, 11, 10, 7, 5, 17, 9, 14, 16, 1, 13, 18, 20, 19, 8, 2, 6, 3, 15, 4, 12, 11, 10, 7, 5, 17, 9, 14, 16, 1, 13, 18, 20, 19, 8, 2, 6, 3, 15, 4, 12, 11, 10, 7, 5, 17, 9, 14, 16, 1, 13, 18, 20, 19, 8, 2, 6, 3, 15, 4, 12, 11, 10, 7, 5, 17, 9, 14, 16, 1, 13, 18, 20, 19, 8, 2, 6, 3, 15, 4, 12, 11, 10, 7, 5, 17, 9, 14, 16, 1]
bestever    1976    in generation 827
[13, 18, 17, 20, 19, 8, 2, 6, 3, 15, 10, 4, 12, 11, 7, 5, 9, 14, 16, 1, 13, 18, 17, 20, 19, 8, 2, 6, 3, 15, 10, 4, 12, 11, 7, 5, 9, 14, 16, 1, 13, 18, 17, 20, 19, 8, 2, 6, 3, 15, 10, 4, 12, 11, 7, 5, 9, 14, 16, 1, 13, 18, 17, 20, 19, 8, 2, 6, 3, 15, 10, 4, 12, 11, 7, 5, 9, 14, 16, 1, 13, 18, 17, 20, 19, 8, 2, 6, 3, 15, 4, 12, 11, 10, 7, 5, 9, 14, 16, 1, 13, 18, 17, 20, 19, 8, 2, 6, 3, 15, 4, 12, 11, 10, 7, 5, 9, 14, 16, 1, 13, 18, 17, 20, 19, 8, 2, 6, 3, 15, 4, 12, 11, 10, 7, 5, 9, 14, 16, 1, 13, 18, 17, 20, 19, 8, 2, 6, 3, 15, 4, 12, 11, 10, 7, 5, 9, 14, 16, 1, 13, 18, 17, 20, 19, 8, 2, 6, 3, 15, 4, 12, 11, 10, 7, 5, 9, 14, 16, 1, 13, 18, 17, 20, 19, 8, 2, 6, 3, 15, 4, 12, 11, 10, 7, 5, 9, 14, 16, 1, 13, 18, 17, 20, 19, 8, 2, 6, 3, 15, 4, 12, 11, 10, 7, 5, 9, 14, 16, 1, 13, 18, 17, 20, 19, 8, 2, 6, 3, 15, 4, 12, 11, 10, 7, 5, 9, 14, 16, 1, 13, 18, 17, 20, 19, 8, 2, 6, 3, 15, 4, 12, 11, 10, 7, 5, 9, 14, 16, 1, 13, 18, 17, 20, 19, 8, 2, 6, 3, 15, 4, 12, 11, 10, 7, 5, 9, 14, 16, 1, 13, 18, 17, 20, 19, 8, 2, 6, 3, 15, 4, 12, 11, 10, 7, 5, 9, 14, 16, 1]
bestever    1971    in generation 861
[13, 18, 17, 20, 19, 8, 2, 6, 3, 15, 10, 4, 12, 11, 5, 7, 9, 14, 16, 1, 13, 18, 17, 20, 19, 8, 2, 6, 3, 15, 10, 4, 12, 11, 5, 7, 9, 14, 16, 1, 13, 18, 17, 20, 19, 8, 2, 6, 3, 15, 10, 4, 12, 11, 5, 7, 9, 14, 16, 1, 13, 18, 17, 20, 19, 8, 2, 6, 3, 15, 10, 4, 12, 11, 5, 7, 9, 14, 16, 1, 13, 18, 17, 20, 19, 8, 2, 6, 3, 15, 4, 12, 11, 10, 5, 7, 9, 14, 16, 1, 13, 18, 17, 20, 19, 8, 2, 6, 3, 15, 4, 12, 11, 10, 5, 7, 9, 14, 16, 1, 13, 18, 17, 20, 19, 8, 2, 6, 3, 15, 4, 12, 11, 10, 5, 7, 9, 14, 16, 1, 13, 18, 17, 20, 19, 8, 2, 6, 3, 15, 4, 12, 11, 10, 5, 7, 9, 14, 16, 1, 13, 18, 17, 20, 19, 8, 2, 6, 3, 15, 4, 12, 11, 10, 5, 7, 9, 14, 16, 1, 13, 18, 17, 20, 19, 8, 2, 6, 3, 15, 4, 12, 11, 10, 5, 7, 9, 14, 16, 1, 13, 18, 17, 20, 19, 8, 2, 6, 3, 15, 4, 12, 11, 10, 5, 7, 9, 14, 16, 1, 13, 18, 17, 20, 19, 8, 2, 6, 3, 15, 4, 12, 11, 10, 5, 7, 9, 14, 16, 1, 13, 18, 17, 20, 19, 8, 2, 6, 3, 15, 4, 12, 11, 10, 5, 7, 9, 14, 16, 1, 13, 18, 17, 20, 19, 8, 2, 6, 3, 15, 4, 12, 11, 10, 5, 7, 9, 14, 16, 1, 13, 18, 17, 20, 19, 8, 2, 6, 3, 15, 4, 12, 11, 10, 5, 7, 9, 14, 16, 1]
bestever    1969    in generation 900
[13, 18, 17, 20, 19, 8, 2, 6, 3, 15, 10, 4, 12, 11, 7, 5, 9, 14, 16, 1, 13, 18, 17, 20, 19, 8, 2, 6, 3, 15, 10, 4, 12, 11, 7, 5, 9, 14, 16, 1, 13, 18, 17, 20, 19, 8, 2, 6, 3, 15, 10, 4, 12, 11, 7, 5, 9, 14, 16, 1, 13, 18, 17, 20, 19, 8, 2, 6, 3, 15, 10, 4, 12, 11, 7, 5, 9, 14, 16, 1, 13, 18, 17, 20, 19, 8, 2, 6, 3, 15, 4, 12, 11, 10, 7, 5, 9, 14, 16, 1, 13, 18, 17, 20, 19, 8, 2, 6, 3, 15, 4, 12, 11, 10, 7, 5, 9, 14, 16, 1, 13, 18, 17, 20, 19, 8, 2, 6, 3, 15, 4, 12, 11, 10, 7, 5, 9, 14, 16, 1, 13, 18, 17, 20, 19, 8, 2, 6, 3, 15, 4, 12, 11, 10, 7, 5, 9, 14, 16, 1, 13, 18, 17, 20, 19, 8, 2, 6, 3, 15, 4, 12, 11, 10, 7, 5, 9, 14, 16, 1, 13, 18, 17, 20, 19, 8, 2, 6, 3, 15, 4, 12, 11, 10, 7, 5, 9, 14, 16, 1, 13, 18, 17, 20, 19, 8, 2, 6, 3, 15, 4, 12, 11, 10, 7, 5, 9, 14, 16, 1, 13, 18, 17, 20, 19, 8, 2, 6, 3, 15, 4, 12, 11, 10, 7, 5, 9, 14, 16, 1, 13, 18, 17, 20, 19, 8, 2, 6, 3, 15, 4, 12, 11, 10, 7, 5, 9, 14, 16, 1, 13, 18, 17, 20, 19, 8, 2, 6, 3, 15, 4, 12, 11, 10, 5, 7, 9, 14, 16, 1, 18, 13, 17, 20, 19, 8, 2, 6, 3, 15, 4, 12, 11, 10, 5, 7, 9, 14, 16, 1]
bestever    1965    in generation 947
[13, 18, 20, 17, 8, 2, 19, 6, 3, 15, 4, 12, 11, 10, 7, 5, 9, 14, 16, 1, 13, 18, 20, 17, 8, 2, 19, 6, 3, 15, 4, 12, 11, 10, 7, 5, 9, 14, 16, 1, 13, 18, 20, 17, 8, 2, 19, 6, 3, 15, 4, 12, 11, 10, 7, 5, 9, 14, 16, 1, 13, 18, 20, 17, 8, 2, 19, 6, 3, 15, 4, 12, 11, 10, 7, 5, 9, 14, 16, 1, 13, 18, 20, 17, 8, 2, 19, 6, 3, 15, 4, 12, 11, 10, 7, 5, 9, 14, 16, 1, 13, 18, 20, 17, 8, 2, 19, 6, 3, 15, 4, 12, 11, 10, 7, 5, 9, 14, 16, 1, 13, 18, 20, 17, 8, 2, 19, 6, 3, 15, 4, 12, 11, 10, 7, 5, 9, 14, 16, 1, 13, 18, 20, 17, 8, 2, 19, 6, 3, 15, 4, 12, 11, 10, 7, 5, 9, 14, 16, 1, 13, 18, 20, 17, 8, 2, 19, 6, 3, 15, 4, 12, 11, 10, 7, 5, 9, 14, 16, 1, 13, 18, 20, 17, 8, 2, 19, 6, 3, 15, 4, 12, 11, 10, 7, 5, 9, 14, 16, 1, 13, 18, 20, 17, 8, 2, 19, 6, 3, 15, 4, 12, 11, 10, 7, 5, 9, 14, 16, 1, 13, 18, 20, 17, 8, 2, 19, 6, 3, 15, 4, 12, 11, 10, 7, 5, 9, 14, 16, 1, 13, 18, 20, 17, 8, 2, 19, 6, 3, 15, 4, 12, 11, 10, 7, 5, 9, 14, 16, 1, 13, 18, 20, 17, 8, 2, 19, 6, 3, 15, 4, 12, 11, 10, 5, 7, 9, 14, 16, 1, 18, 13, 20, 17, 8, 2, 19, 6, 3, 15, 4, 12, 11, 10, 5, 7, 9, 14, 16, 1]
bestever    1964    in generation 1054
[13, 18, 20, 17, 8, 2, 19, 6, 3, 15, 4, 12, 11, 5, 10, 7, 9, 14, 16, 1, 13, 18, 20, 17, 8, 2, 19, 6, 3, 15, 4, 12, 11, 5, 10, 7, 9, 14, 16, 1, 13, 18, 20, 17, 8, 2, 19, 6, 3, 15, 4, 12, 11, 5, 10, 7, 9, 14, 16, 1, 13, 18, 20, 17, 8, 2, 19, 6, 3, 15, 4, 12, 11, 5, 10, 7, 9, 14, 16, 1, 13, 18, 20, 17, 8, 2, 19, 6, 3, 15, 4, 12, 11, 5, 10, 7, 9, 14, 16, 1, 13, 18, 20, 17, 8, 2, 19, 6, 3, 15, 4, 12, 11, 5, 10, 7, 9, 14, 16, 1, 13, 18, 20, 17, 8, 2, 19, 6, 3, 15, 4, 12, 11, 5, 10, 7, 9, 14, 16, 1, 13, 18, 20, 17, 8, 2, 19, 6, 3, 15, 4, 12, 11, 5, 10, 7, 9, 14, 16, 1, 13, 18, 20, 17, 8, 2, 19, 6, 3, 15, 4, 12, 11, 5, 10, 7, 9, 14, 16, 1, 13, 18, 20, 17, 8, 2, 19, 6, 3, 15, 4, 12, 11, 5, 10, 7, 9, 14, 16, 1, 13, 18, 20, 17, 8, 2, 19, 6, 3, 15, 4, 12, 11, 5, 10, 7, 9, 14, 16, 1, 13, 18, 20, 17, 8, 2, 19, 6, 3, 15, 4, 12, 11, 5, 10, 7, 9, 14, 16, 1, 13, 18, 20, 17, 8, 2, 19, 6, 3, 15, 4, 12, 11, 5, 10, 7, 9, 14, 16, 1, 13, 18, 20, 17, 8, 2, 19, 6, 3, 15, 4, 12, 11, 5, 10, 7, 9, 14, 16, 1, 13, 18, 20, 17, 8, 2, 19, 6, 3, 15, 4, 12, 11, 5, 10, 7, 9, 14, 16, 1]
bestever    1955    in generation 1456
[13, 18, 2, 17, 20, 8, 19, 6, 3, 15, 4, 12, 11, 14, 10, 7, 9, 16, 1, 5, 13, 18, 2, 17, 20, 8, 19, 6, 3, 15, 4, 12, 11, 14, 10, 7, 9, 16, 1, 5, 13, 18, 2, 17, 20, 8, 19, 6, 3, 15, 4, 12, 11, 14, 10, 7, 9, 16, 1, 5, 13, 18, 2, 17, 20, 8, 19, 6, 3, 15, 4, 12, 11, 14, 10, 7, 9, 16, 1, 5, 13, 18, 2, 17, 20, 8, 19, 6, 3, 15, 4, 12, 11, 14, 10, 7, 9, 16, 1, 5, 13, 18, 2, 17, 20, 8, 19, 6, 3, 15, 4, 12, 11, 14, 10, 7, 9, 16, 1, 5, 13, 18, 2, 17, 20, 8, 19, 6, 3, 15, 4, 12, 11, 14, 10, 7, 9, 16, 1, 5, 13, 18, 2, 17, 20, 8, 19, 6, 3, 15, 4, 12, 11, 14, 10, 7, 9, 16, 1, 5, 13, 18, 2, 17, 20, 8, 19, 6, 3, 15, 4, 12, 11, 14, 10, 7, 9, 16, 1, 5, 13, 18, 2, 17, 20, 8, 19, 6, 15, 3, 4, 12, 11, 14, 10, 7, 9, 16, 1, 5, 13, 18, 2, 17, 20, 8, 19, 6, 15, 3, 4, 12, 11, 14, 10, 7, 9, 16, 1, 5, 13, 18, 2, 17, 20, 8, 19, 6, 15, 3, 4, 12, 11, 14, 10, 7, 9, 16, 1, 5, 13, 18, 2, 17, 20, 8, 19, 6, 15, 3, 4, 12, 11, 14, 10, 7, 9, 16, 1, 5, 13, 18, 2, 17, 20, 8, 19, 6, 15, 3, 4, 12, 11, 14, 10, 7, 9, 16, 1, 5, 13, 18, 2, 17, 20, 8, 19, 6, 3, 15, 4, 12, 11, 14, 10, 7, 9, 16, 1, 5]
bestever    1949    in generation 1475
[13, 18, 17, 20, 8, 2, 19, 6, 3, 15, 4, 12, 11, 14, 10, 7, 9, 16, 1, 5, 13, 18, 17, 20, 8, 2, 19, 6, 3, 15, 4, 12, 11, 14, 10, 7, 9, 16, 1, 5, 13, 18, 17, 20, 8, 2, 19, 6, 3, 15, 4, 12, 11, 14, 10, 7, 9, 16, 1, 5, 13, 18, 17, 20, 8, 2, 19, 6, 3, 15, 4, 12, 11, 14, 10, 7, 9, 16, 1, 5, 13, 18, 17, 20, 8, 2, 19, 6, 3, 15, 4, 12, 11, 14, 10, 7, 9, 16, 1, 5, 13, 18, 17, 20, 8, 2, 19, 6, 3, 15, 4, 12, 11, 14, 10, 7, 9, 16, 1, 5, 13, 18, 17, 20, 8, 2, 19, 6, 3, 15, 4, 12, 11, 14, 10, 7, 9, 16, 1, 5, 13, 18, 17, 20, 8, 2, 19, 6, 3, 15, 4, 12, 11, 14, 10, 7, 9, 16, 1, 5, 13, 18, 17, 20, 8, 2, 19, 6, 3, 15, 4, 12, 11, 14, 10, 7, 9, 16, 1, 5, 13, 18, 17, 20, 8, 2, 19, 6, 15, 3, 4, 12, 11, 14, 10, 7, 9, 16, 1, 5, 13, 18, 17, 20, 8, 2, 19, 6, 15, 3, 4, 12, 11, 14, 10, 7, 9, 16, 1, 5, 13, 18, 17, 20, 8, 2, 19, 6, 15, 3, 4, 12, 11, 14, 10, 7, 9, 16, 1, 5, 13, 18, 17, 20, 8, 2, 19, 6, 15, 3, 4, 12, 11, 14, 10, 7, 9, 16, 1, 5, 13, 18, 17, 20, 8, 2, 19, 6, 15, 3, 4, 12, 11, 14, 10, 7, 9, 16, 1, 5, 13, 18, 17, 20, 8, 2, 19, 6, 3, 15, 4, 12, 11, 14, 10, 7, 9, 16, 1, 5]
bestever    1947    in generation 1479
[13, 18, 17, 20, 8, 2, 19, 6, 3, 15, 4, 12, 11, 14, 10, 7, 9, 16, 1, 5, 13, 18, 17, 20, 8, 2, 19, 6, 3, 15, 4, 12, 11, 14, 10, 7, 9, 16, 1, 5, 13, 18, 17, 20, 8, 2, 19, 6, 3, 15, 4, 12, 11, 14, 10, 7, 9, 16, 1, 5, 13, 18, 17, 20, 8, 2, 19, 6, 3, 15, 4, 12, 11, 14, 10, 7, 9, 16, 1, 5, 13, 18, 17, 20, 8, 2, 19, 6, 3, 15, 4, 12, 11, 14, 10, 7, 9, 16, 1, 5, 13, 18, 17, 20, 8, 2, 19, 6, 3, 15, 4, 12, 11, 14, 10, 7, 9, 16, 13, 18, 17, 20, 8, 2, 19, 6, 3, 15, 4, 12, 11, 14, 10, 7, 9, 16, 1, 5, 13, 18, 17, 20, 8, 2, 19, 6, 3, 15, 4, 12, 11, 14, 10, 7, 9, 16, 1, 5, 13, 18, 17, 20, 8, 2, 19, 6, 15, 3, 4, 12, 11, 14, 10, 7, 9, 16, 1, 5, 13, 18, 17, 20, 8, 2, 19, 6, 15, 3, 4, 12, 11, 14, 10, 7, 9, 16, 1, 5, 1, 5, 13, 18, 17, 20, 8, 2, 19, 6, 15, 3, 4, 12, 11, 14, 10, 7, 9, 16, 1, 5, 13, 18, 17, 20, 8, 2, 19, 6, 15, 3, 4, 12, 11, 14, 10, 7, 9, 16, 1, 5, 13, 18, 17, 20, 8, 2, 19, 6, 15, 3, 4, 12, 11, 14, 10, 7, 9, 16, 1, 5, 13, 18, 17, 20, 8, 2, 19, 6, 15, 3, 4, 12, 11, 14, 10, 7, 9, 16, 1, 5, 13, 18, 17, 20, 8, 2, 19, 6, 3, 15, 4, 12, 11, 14, 10, 7, 9, 16, 1, 5]
bestever    1941    in generation 1547
[13, 18, 20, 17, 8, 2, 19, 6, 11, 3, 15, 4, 12, 14, 10, 7, 9, 16, 1, 5, 13, 18, 20, 17, 8, 2, 19, 6, 11, 3, 15, 4, 12, 14, 10, 7, 9, 16, 1, 5, 13, 18, 20, 17, 8, 2, 19, 6, 11, 3, 15, 4, 12, 14, 10, 7, 9, 16, 1, 5, 13, 18, 20, 17, 8, 2, 19, 6, 11, 3, 15, 4, 12, 14, 10, 7, 9, 16, 1, 5, 13, 18, 20, 17, 8, 2, 19, 6, 11, 3, 15, 4, 12, 14, 10, 7, 9, 16, 1, 5, 13, 18, 20, 17, 8, 2, 19, 6, 11, 3, 15, 4, 12, 14, 10, 7, 9, 16, 1, 5, 13, 18, 20, 17, 8, 2, 19, 6, 11, 3, 15, 4, 12, 14, 10, 7, 9, 16, 1, 5, 13, 18, 20, 17, 8, 2, 19, 6, 11, 3, 15, 4, 12, 14, 10, 7, 9, 16, 1, 5, 13, 18, 20, 17, 8, 2, 19, 6, 11, 15, 3, 4, 12, 14, 10, 7, 9, 16, 1, 5, 13, 18, 20, 17, 8, 2, 19, 6, 11, 15, 3, 4, 12, 14, 10, 7, 9, 16, 1, 5, 13, 18, 20, 17, 8, 2, 19, 6, 11, 3, 15, 4, 12, 14, 10, 7, 9, 16, 1, 5, 13, 18, 17, 20, 8, 2, 19, 6, 11, 15, 3, 4, 12, 14, 10, 7, 9, 16, 1, 5, 13, 18, 17, 20, 8, 2, 19, 6, 11, 15, 3, 4, 12, 14, 10, 7, 9, 16, 1, 5, 13, 18, 17, 20, 8, 2, 19, 6, 11, 15, 3, 4, 12, 14, 10, 7, 9, 16, 1, 5, 13, 18, 17, 20, 8, 2, 19, 6, 11, 3, 15, 4, 12, 14, 10, 7, 9, 16, 1, 5]
bestever    1938    in generation 1585
[13, 18, 20, 17, 8, 19, 6, 2, 11, 3, 15, 4, 12, 14, 10, 7, 9, 16, 1, 5, 13, 18, 20, 17, 8, 19, 6, 2, 11, 3, 15, 4, 12, 14, 10, 7, 9, 16, 1, 5, 13, 18, 20, 17, 8, 19, 6, 2, 11, 3, 15, 4, 12, 14, 10, 7, 9, 16, 1, 5, 13, 18, 20, 17, 8, 19, 6, 2, 11, 3, 15, 4, 12, 14, 10, 7, 9, 16, 1, 5, 13, 18, 20, 17, 8, 19, 6, 2, 11, 3, 15, 4, 12, 14, 10, 7, 9, 16, 1, 5, 13, 18, 20, 17, 8, 19, 6, 2, 11, 3, 15, 4, 12, 14, 10, 7, 9, 16, 1, 5, 13, 18, 20, 17, 8, 19, 6, 2, 11, 3, 15, 4, 12, 14, 10, 7, 9, 16, 1, 5, 13, 18, 20, 17, 8, 19, 6, 2, 11, 3, 15, 4, 12, 14, 10, 7, 9, 16, 1, 5, 13, 18, 20, 17, 8, 19, 6, 2, 11, 15, 3, 4, 12, 14, 10, 7, 9, 16, 1, 5, 13, 18, 20, 17, 8, 19, 6, 2, 11, 15, 3, 4, 12, 14, 10, 7, 9, 16, 1, 5, 13, 18, 20, 17, 8, 19, 6, 2, 11, 3, 15, 4, 12, 14, 10, 7, 9, 16, 1, 5, 13, 18, 17, 20, 8, 19, 6, 2, 11, 15, 3, 4, 12, 14, 10, 7, 9, 16, 1, 5, 13, 18, 17, 20, 8, 19, 6, 2, 11, 15, 3, 4, 12, 14, 10, 7, 9, 16, 1, 5, 13, 18, 17, 20, 8, 19, 6, 2, 11, 15, 3, 4, 12, 14, 10, 7, 9, 16, 1, 5, 13, 18, 17, 20, 8, 19, 6, 2, 11, 3, 15, 4, 12, 14, 10, 7, 9, 16, 1, 5]
bestever    1935    in generation 1635
[13, 18, 20, 8, 19, 6, 17, 2, 11, 3, 15, 4, 12, 14, 10, 7, 9, 16, 1, 5, 13, 18, 20, 8, 19, 6, 17, 2, 11, 3, 15, 4, 12, 14, 10, 7, 9, 16, 1, 5, 13, 18, 20, 8, 19, 6, 17, 2, 11, 3, 15, 4, 12, 14, 10, 7, 9, 16, 1, 5, 13, 18, 20, 8, 19, 6, 17, 2, 11, 3, 15, 4, 12, 14, 10, 7, 9, 16, 1, 5, 13, 18, 20, 8, 19, 6, 17, 2, 11, 3, 15, 4, 12, 14, 10, 7, 9, 16, 1, 5, 13, 18, 20, 8, 19, 6, 17, 2, 11, 3, 15, 4, 12, 14, 10, 7, 9, 16, 1, 5, 13, 18, 20, 8, 19, 6, 17, 2, 11, 3, 15, 4, 12, 14, 10, 7, 9, 16, 1, 5, 13, 18, 20, 8, 19, 6, 17, 2, 11, 3, 15, 4, 12, 14, 10, 7, 9, 16, 1, 5, 13, 18, 20, 8, 19, 6, 17, 2, 11, 15, 3, 4, 12, 14, 10, 7, 9, 16, 1, 5, 13, 18, 20, 8, 19, 6, 17, 2, 11, 15, 3, 4, 12, 14, 10, 7, 9, 16, 1, 5, 13, 18, 20, 8, 19, 6, 17, 2, 11, 3, 15, 4, 12, 14, 10, 7, 9, 16, 1, 5, 13, 18, 20, 8, 19, 17, 6, 2, 11, 15, 3, 4, 12, 14, 10, 7, 9, 16, 1, 5, 13, 18, 20, 8, 19, 17, 6, 2, 11, 15, 3, 4, 12, 14, 10, 7, 9, 16, 1, 5, 13, 18, 20, 8, 19, 17, 6, 2, 11, 15, 3, 4, 12, 14, 10, 7, 9, 16, 1, 5, 13, 18, 20, 8, 19, 17, 6, 2, 11, 3, 15, 4, 12, 14, 10, 7, 9, 16, 1, 5]
bestever    1933    in generation 1735
[13, 18, 20, 8, 6, 19, 2, 17, 11, 3, 15, 4, 12, 14, 10, 7, 9, 16, 1, 5, 13, 18, 20, 8, 6, 19, 2, 17, 11, 3, 15, 4, 12, 14, 10, 7, 9, 16, 1, 5, 13, 18, 20, 8, 6, 19, 2, 17, 11, 3, 15, 4, 12, 14, 10, 7, 9, 16, 1, 5, 13, 18, 20, 8, 6, 19, 2, 17, 11, 3, 15, 4, 12, 14, 10, 7, 9, 16, 1, 5, 13, 18, 20, 8, 6, 19, 2, 17, 11, 3, 15, 4, 12, 14, 10, 7, 9, 16, 1, 5, 13, 18, 20, 8, 6, 19, 2, 17, 11, 3, 15, 4, 12, 14, 10, 7, 9, 16, 1, 5, 13, 18, 20, 8, 6, 19, 2, 17, 11, 3, 15, 4, 12, 14, 10, 7, 9, 16, 1, 5, 13, 18, 20, 8, 6, 19, 2, 17, 11, 3, 15, 4, 12, 14, 10, 7, 9, 16, 1, 5, 13, 18, 20, 8, 6, 19, 2, 17, 11, 15, 3, 4, 12, 14, 10, 7, 9, 16, 1, 5, 13, 18, 20, 8, 6, 19, 2, 17, 11, 15, 3, 4, 12, 14, 10, 7, 9, 16, 1, 5, 13, 18, 20, 8, 6, 19, 2, 17, 11, 3, 15, 4, 12, 14, 10, 7, 9, 16, 1, 5, 13, 18, 20, 8, 19, 6, 2, 17, 11, 15, 3, 4, 12, 14, 10, 7, 9, 16, 1, 5, 13, 18, 20, 8, 19, 6, 2, 17, 11, 15, 3, 4, 12, 14, 10, 7, 9, 16, 1, 5, 13, 18, 20, 8, 19, 6, 2, 17, 11, 15, 3, 4, 12, 14, 10, 7, 9, 16, 1, 5, 13, 18, 20, 8, 19, 6, 2, 17, 11, 3, 15, 4, 12, 14, 10, 7, 9, 16, 1, 5]
bestever    1930    in generation 1975
[13, 18, 20, 8, 6, 19, 2, 17, 11, 3, 15, 4, 14, 12, 10, 7, 9, 16, 1, 5, 13, 18, 20, 8, 6, 19, 2, 17, 11, 3, 15, 4, 14, 12, 10, 7, 9, 16, 1, 5, 13, 18, 20, 8, 6, 19, 2, 17, 11, 3, 15, 4, 14, 12, 10, 7, 9, 16, 1, 5, 13, 18, 20, 8, 6, 19, 2, 17, 11, 3, 15, 4, 14, 12, 10, 7, 9, 16, 1, 5, 13, 18, 20, 8, 6, 19, 2, 17, 11, 3, 15, 4, 12, 14, 10, 7, 9, 16, 1, 5, 13, 18, 20, 8, 6, 19, 2, 17, 11, 3, 15, 4, 12, 14, 10, 7, 9, 16, 1, 5, 13, 18, 20, 8, 6, 19, 2, 17, 11, 3, 15, 4, 12, 14, 10, 7, 9, 16, 1, 5, 13, 18, 20, 8, 6, 19, 2, 17, 11, 3, 15, 4, 12, 14, 10, 7, 9, 16, 1, 5, 13, 18, 20, 8, 6, 19, 2, 17, 11, 15, 3, 4, 12, 14, 10, 7, 9, 16, 1, 5, 13, 18, 20, 8, 6, 19, 2, 17, 11, 15, 3, 4, 12, 14, 10, 7, 9, 16, 1, 5, 13, 18, 20, 8, 6, 19, 2, 17, 11, 3, 15, 4, 12, 14, 10, 7, 9, 16, 1, 5, 13, 18, 20, 8, 19, 6, 2, 17, 11, 15, 3, 4, 12, 14, 10, 7, 9, 16, 1, 5, 18, 13, 20, 8, 19, 6, 2, 17, 11, 15, 3, 4, 12, 14, 10, 7, 9, 16, 1, 5, 18, 13, 20, 8, 19, 6, 2, 17, 11, 15, 3, 4, 12, 14, 10, 7, 9, 16, 1, 5, 13, 20, 18, 8, 19, 6, 2, 17, 11, 3, 15, 4, 14, 12, 10, 7, 9, 16, 1, 5]
bestever    1928    in generation 3091
[13, 18, 20, 2, 8, 19, 6, 17, 4, 11, 3, 15, 12, 14, 10, 7, 9, 16, 1, 5, 13, 18, 20, 8, 19, 6, 2, 17, 4, 11, 3, 15, 14, 12, 10, 7, 9, 16, 1, 5, 13, 18, 20, 8, 19, 6, 2, 17, 4, 11, 3, 15, 14, 12, 10, 7, 9, 16, 1, 5, 13, 18, 20, 8, 19, 6, 2, 17, 4, 11, 3, 15, 14, 12, 10, 7, 9, 16, 1, 5, 13, 18, 20, 8, 19, 6, 2, 17, 4, 11, 3, 15, 12, 14, 10, 7, 9, 16, 1, 5, 13, 18, 20, 8, 19, 6, 2, 17, 4, 11, 3, 15, 12, 14, 10, 7, 9, 16, 1, 5, 13, 18, 20, 8, 19, 6, 2, 17, 4, 11, 3, 15, 12, 14, 10, 7, 9, 16, 1, 5, 13, 18, 20, 8, 19, 6, 2, 17, 4, 11, 3, 15, 12, 14, 10, 7, 9, 16, 1, 5, 13, 18, 20, 8, 19, 6, 2, 17, 4, 11, 15, 3, 12, 14, 10, 7, 9, 16, 1, 5, 13, 18, 20, 8, 19, 6, 2, 17, 4, 11, 15, 3, 12, 14, 10, 7, 9, 16, 1, 5, 13, 18, 20, 8, 19, 6, 2, 17, 4, 11, 3, 15, 12, 14, 10, 7, 9, 16, 1, 5, 13, 18, 20, 8, 19, 6, 2, 17, 4, 11, 3, 15, 12, 14, 10, 7, 9, 16, 1, 5, 13, 18, 20, 8, 19, 6, 2, 17, 4, 11, 3, 15, 12, 14, 10, 7, 9, 16, 1, 5, 13, 18, 20, 8, 19, 6, 2, 17, 4, 3, 11, 15, 12, 14, 10, 7, 9, 16, 1, 5, 13, 18, 20, 8, 19, 6, 2, 17, 4, 3, 11, 15, 14, 12, 10, 7, 9, 16, 1, 5]
