bestever    8490    in generation 0
[7, 3, 10, 4, 2, 6, 1, 9, 5, 8, 7, 3, 10, 4, 2, 6, 1, 9, 5, 8, 7, 3, 10, 4, 2, 6, 1, 9, 5, 8, 7, 3, 10, 4, 2, 6, 1, 9, 5, 8, 7, 3, 10, 4, 2, 6, 1, 9, 5, 8, 7, 3, 10, 4, 2, 6, 1, 9, 5, 8]
bestever    8202    in generation 102
[3, 7, 10, 4, 2, 6, 1, 9, 5, 8, 3, 7, 10, 4, 2, 6, 1, 9, 5, 8, 3, 7, 10, 4, 2, 6, 1, 9, 5, 8, 3, 7, 10, 4, 2, 6, 1, 9, 5, 8, 3, 7, 10, 4, 2, 6, 1, 9, 5, 8, 3, 7, 10, 4, 2, 6, 1, 9, 5, 8]
bestever    8172    in generation 204
[3, 7, 10, 4, 2, 6, 1, 5, 9, 8, 3, 7, 10, 4, 2, 6, 1, 5, 9, 8, 3, 7, 10, 4, 2, 6, 1, 5, 9, 8, 3, 7, 10, 4, 2, 6, 1, 5, 9, 8, 3, 7, 10, 4, 2, 6, 1, 5, 9, 8, 3, 7, 10, 4, 2, 6, 1, 5, 9, 8]
bestever    8161    in generation 308
[6, 3, 7, 10, 4, 2, 1, 5, 9, 8, 6, 3, 7, 10, 4, 2, 1, 5, 9, 8, 6, 3, 7, 10, 4, 2, 1, 5, 9, 8, 6, 3, 7, 10, 4, 2, 1, 5, 9, 8, 6, 3, 7, 10, 4, 2, 1, 5, 9, 8, 6, 3, 7, 10, 4, 2, 1, 5, 9, 8]
bestever    8105    in generation 413
[6, 3, 7, 2, 4, 1, 10, 5, 9, 8, 6, 3, 7, 2, 4, 1, 10, 5, 9, 8, 6, 3, 7, 2, 4, 1, 10, 5, 9, 8, 6, 3, 7, 2, 4, 1, 10, 5, 9, 8, 6, 3, 7, 2, 4, 1, 10, 5, 9, 8, 6, 3, 7, 2, 4, 1, 10, 5, 9, 8]
bestever    8061    in generation 515
[6, 3, 7, 4, 1, 10, 2, 5, 9, 8, 6, 3, 7, 4, 1, 10, 2, 5, 9, 8, 6, 3, 7, 4, 1, 10, 2, 5, 9, 8, 6, 3, 7, 4, 1, 10, 2, 5, 9, 8, 6, 3, 7, 4, 1, 10, 2, 5, 9, 8, 6, 3, 7, 4, 1, 10, 2, 5, 9, 8]
bestever    8039    in generation 623
[6, 7, 4, 3, 1, 10, 2, 9, 5, 8, 6, 7, 4, 3, 1, 10, 2, 9, 5, 8, 6, 7, 4, 3, 1, 10, 2, 9, 5, 8, 6, 7, 4, 3, 1, 10, 2, 9, 5, 8, 6, 7, 4, 3, 1, 10, 2, 9, 5, 8, 6, 7, 4, 3, 1, 10, 2, 9, 5, 8]
bestever    7894    in generation 827
[4, 3, 1, 7, 10, 2, 9, 5, 6, 8, 4, 3, 1, 7, 10, 2, 9, 5, 6, 8, 4, 3, 1, 7, 10, 2, 9, 5, 6, 8, 4, 3, 1, 7, 10, 2, 9, 5, 6, 8, 4, 1, 3, 7, 10, 2, 9, 5, 6, 8, 4, 1, 3, 7, 10, 2, 9, 5, 6, 8]
bestever    7865    in generation 929
[4, 3, 1, 7, 10, 2, 9, 6, 5, 8, 4, 3, 1, 7, 10, 2, 9, 6, 5, 8, 4, 3, 1, 7, 10, 2, 9, 6, 5, 8, 4, 1, 3, 7, 10, 2, 9, 6, 5, 8, 4, 1, 3, 7, 10, 2, 9, 6, 5, 8, 4, 1, 3, 7, 10, 2, 9, 6, 5, 8]
bestever    7864    in generation 1041
[4, 1, 7, 10, 2, 9, 6, 3, 5, 8, 4, 1, 7, 10, 2, 9, 6, 3, 5, 8, 4, 1, 7, 10, 2, 9, 6, 3, 5, 8, 4, 1, 7, 10, 2, 9, 6, 3, 5, 8, 4, 1, 7, 10, 2, 9, 6, 3, 5, 8, 4, 1, 7, 10, 2, 9, 6, 3, 5, 8]
bestever    7835    in generation 1222
[4, 1, 3, 7, 10, 2, 9, 6, 5, 8, 4, 1, 3, 7, 10, 2, 9, 6, 5, 8, 4, 1, 3, 7, 10, 2, 9, 6, 5, 8, 4, 1, 3, 7, 10, 2, 9, 6, 5, 8, 4, 1, 3, 7, 10, 2, 9, 6, 5, 8, 4, 1, 3, 7, 10, 2, 9, 6, 5, 8]
bestever    7821    in generation 1333
[4, 5, 3, 1, 7, 10, 2, 9, 6, 8, 4, 5, 3, 1, 7, 10, 2, 9, 6, 8, 4, 5, 3, 1, 7, 10, 2, 9, 6, 8, 4, 5, 3, 1, 7, 10, 2, 9, 6, 8, 4, 5, 3, 1, 7, 10, 2, 9, 6, 8, 3, 5, 4, 1, 7, 10, 2, 9, 6, 8]
bestever    7767    in generation 8250
[4, 5, 3, 1, 10, 2, 8, 6, 9, 7, 4, 5, 3, 1, 10, 2, 8, 6, 9, 7, 4, 5, 3, 1, 10, 2, 8, 6, 9, 7, 4, 5, 3, 1, 10, 2, 8, 6, 9, 7, 5, 4, 3, 1, 10, 2, 8, 6, 9, 7, 4, 5, 3, 1, 10, 2, 8, 6, 9, 7]
bestever    7764    in generation 8835
[4, 3, 5, 2, 1, 8, 10, 6, 9, 7, 4, 3, 5, 2, 1, 8, 10, 6, 9, 7, 4, 3, 5, 2, 1, 8, 10, 6, 9, 7, 4, 5, 3, 2, 1, 10, 8, 6, 9, 7, 4, 5, 3, 2, 1, 10, 8, 6, 9, 7, 4, 3, 5, 1, 2, 8, 10, 6, 9, 7]
bestever    7750    in generation 8838
[4, 3, 5, 2, 1, 8, 10, 6, 9, 7, 4, 3, 5, 2, 1, 8, 10, 6, 9, 7, 4, 3, 5, 2, 1, 8, 10, 6, 9, 7, 4, 5, 3, 2, 1, 10, 8, 6, 4, 5, 3, 2, 1, 10, 8, 9, 7, 6, 9, 7, 4, 3, 5, 1, 2, 10, 8, 6, 9, 7]
bestever    7732    in generation 8976
[3, 5, 2, 1, 4, 8, 10, 6, 9, 7, 3, 5, 2, 1, 4, 8, 10, 6, 9, 7, 3, 5, 2, 1, 4, 8, 10, 6, 9, 7, 5, 3, 2, 1, 4, 10, 8, 6, 9, 7, 5, 3, 2, 1, 4, 10, 8, 6, 9, 7, 3, 5, 2, 1, 4, 10, 8, 6, 9, 7]
bestever    7720    in generation 11248
[5, 2, 4, 1, 3, 8, 10, 6, 9, 7, 5, 2, 4, 1, 3, 8, 10, 6, 9, 7, 5, 2, 4, 1, 3, 8, 10, 6, 9, 7, 2, 5, 4, 1, 3, 10, 8, 6, 9, 7, 2, 5, 4, 1, 3, 10, 8, 6, 9, 7, 2, 4, 1, 5, 3, 10, 8, 6, 9, 7]
bestever    7702    in generation 22596
[5, 2, 1, 4, 3, 8, 10, 6, 9, 7, 5, 2, 1, 4, 3, 8, 10, 6, 9, 7, 5, 2, 4, 1, 3, 8, 10, 6, 9, 7, 5, 2, 4, 1, 3, 10, 6, 8, 9, 7, 5, 2, 4, 1, 3, 10, 6, 8, 9, 7, 5, 2, 4, 1, 3, 10, 6, 8, 9, 7]
