bestever    7824    in generation 0
[7, 11, 3, 2, 4, 8, 6, 1, 13, 9, 12, 10, 5, 7, 11, 3, 2, 4, 8, 6, 1, 13, 9, 12, 10, 5, 7, 11, 3, 2, 4, 8, 6, 1, 13, 9, 12, 10, 5, 7, 11, 3, 2, 4, 8, 6, 1, 13, 9, 12, 10, 5]
bestever    7756    in generation 12
[7, 11, 3, 2, 4, 8, 6, 13, 1, 9, 12, 10, 5, 7, 11, 3, 2, 4, 8, 6, 13, 1, 9, 12, 10, 5, 7, 11, 3, 2, 4, 8, 6, 13, 1, 9, 12, 10, 5, 7, 11, 3, 2, 4, 8, 6, 13, 1, 9, 12, 10, 5]
bestever    7459    in generation 28
[7, 11, 4, 3, 2, 8, 6, 13, 1, 9, 12, 10, 5, 7, 11, 4, 3, 2, 8, 6, 13, 1, 9, 12, 10, 5, 7, 11, 4, 3, 2, 8, 6, 13, 1, 9, 12, 10, 5, 7, 11, 4, 3, 2, 8, 6, 13, 1, 9, 12, 10, 5]
bestever    7381    in generation 34
[7, 11, 3, 2, 4, 8, 13, 1, 9, 7, 11, 3, 2, 4, 8, 6, 13, 1, 9, 12, 10, 5, 7, 11, 2, 4, 8, 3, 6, 6, 12, 10, 5, 13, 1, 9, 12, 10, 5, 7, 11, 2, 4, 8, 3, 6, 13, 1, 9, 12, 10, 5]
bestever    7376    in generation 48
[7, 11, 3, 4, 2, 8, 13, 1, 9, 6, 12, 10, 5, 7, 11, 3, 4, 2, 8, 13, 1, 9, 6, 12, 10, 5, 7, 11, 4, 2, 8, 3, 6, 13, 1, 9, 12, 10, 5, 7, 11, 4, 2, 8, 3, 6, 13, 1, 9, 12, 10, 5]
bestever    7166    in generation 762
[7, 3, 4, 11, 2, 8, 9, 1, 12, 5, 6, 13, 10, 7, 3, 4, 11, 2, 8, 9, 1, 12, 5, 6, 13, 10, 7, 3, 4, 11, 2, 8, 9, 1, 12, 6, 5, 13, 10, 7, 3, 4, 11, 2, 8, 9, 1, 12, 6, 5, 13, 10]
