bestever    10744    in generation 0
[11, 9, 9, 4, 8, 13, 7, 7, 11, 5, 1, 2, 4, 9, 8, 2, 13, 1, 4, 7, 9, 11, 7, 10, 6, 2, 13, 3, 13, 4, 3, 2, 11, 3, 8, 6, 12, 10, 6, 12, 1, 12, 10, 5, 1, 10, 6, 8, 5, 3, 12, 5]
bestever    10640    in generation 7
[11, 9, 9, 4, 8, 13, 7, 7, 11, 5, 1, 2, 4, 9, 8, 2, 13, 1, 4, 7, 9, 11, 7, 10, 6, 2, 13, 3, 2, 4, 3, 13, 11, 3, 8, 6, 12, 10, 6, 12, 1, 12, 10, 5, 1, 10, 6, 8, 5, 3, 12, 5]
bestever    10225    in generation 9
[11, 9, 9, 4, 8, 13, 7, 7, 11, 1, 2, 4, 9, 8, 2, 13, 1, 4, 7, 9, 11, 7, 10, 6, 2, 3, 3, 2, 3, 8, 6, 12, 5, 11, 13, 13, 4, 10, 6, 12, 1, 12, 10, 5, 1, 10, 6, 8, 5, 3, 12, 5]
bestever    9856    in generation 10
[9, 11, 10, 2, 7, 9, 11, 2, 7, 9, 2, 1, 11, 4, 13, 13, 12, 3, 4, 2, 4, 9, 7, 8, 5, 11, 13, 13, 4, 10, 6, 12, 1, 3, 8, 6, 12, 10, 6, 12, 1, 10, 5, 1, 6, 8, 5, 3, 7, 8, 3, 5]
bestever    9615    in generation 11
[11, 9, 9, 4, 8, 13, 7, 7, 11, 1, 2, 4, 9, 8, 2, 13, 4, 7, 9, 11, 7, 10, 6, 2, 3, 3, 10, 11, 8, 2, 5, 6, 12, 1, 13, 13, 4, 10, 6, 12, 1, 12, 10, 5, 1, 6, 8, 5, 3, 3, 12, 5]
bestever    9490    in generation 13
[9, 9, 4, 8, 13, 7, 7, 11, 2, 4, 9, 2, 13, 7, 2, 11, 7, 9, 3, 3, 2, 3, 12, 4, 8, 3, 8, 6, 1, 5, 10, 6, 12, 1, 13, 13, 4, 10, 6, 12, 1, 12, 10, 5, 1, 8, 5, 11, 5, 10, 6, 11]
bestever    9405    in generation 19
[11, 9, 9, 2, 4, 7, 11, 1, 9, 7, 9, 2, 4, 7, 11, 7, 2, 3, 3, 2, 11, 6, 3, 12, 10, 1, 1, 5, 12, 12, 10, 6, 5, 12, 3, 8, 6, 5, 10, 6, 8, 13, 5, 13, 1, 13, 8, 4, 13, 8, 4, 10]
bestever    9184    in generation 22
[11, 9, 9, 2, 4, 7, 11, 1, 9, 7, 9, 2, 4, 7, 11, 7, 2, 3, 3, 2, 11, 6, 3, 12, 10, 1, 5, 12, 12, 10, 6, 5, 12, 3, 6, 5, 10, 6, 8, 5, 13, 1, 13, 8, 1, 13, 8, 4, 13, 8, 4, 10]
bestever    9061    in generation 54
[11, 9, 9, 2, 7, 11, 1, 9, 7, 9, 2, 7, 11, 7, 2, 3, 3, 2, 11, 6, 3, 12, 10, 1, 5, 12, 12, 10, 6, 5, 12, 3, 6, 5, 6, 8, 5, 13, 1, 13, 8, 1, 13, 8, 4, 4, 10, 4, 13, 8, 4, 10]
bestever    8858    in generation 60
[9, 2, 7, 11, 1, 9, 7, 11, 9, 9, 2, 7, 11, 7, 2, 3, 3, 2, 11, 6, 3, 12, 10, 1, 5, 12, 12, 10, 6, 5, 12, 3, 6, 5, 6, 8, 5, 13, 1, 13, 8, 1, 13, 8, 4, 4, 10, 4, 13, 8, 4, 10]
bestever    8857    in generation 75
[9, 12, 7, 11, 9, 7, 11, 9, 2, 7, 7, 1, 9, 11, 2, 3, 3, 2, 11, 6, 3, 12, 10, 2, 5, 12, 1, 10, 6, 5, 12, 3, 6, 5, 6, 8, 5, 13, 1, 13, 8, 1, 13, 8, 4, 4, 13, 8, 4, 10, 4, 10]
bestever    8801    in generation 83
[9, 12, 7, 11, 9, 7, 11, 9, 2, 7, 7, 3, 9, 11, 2, 3, 3, 2, 11, 6, 3, 12, 10, 2, 5, 12, 1, 10, 6, 5, 12, 1, 6, 5, 6, 8, 5, 13, 1, 13, 8, 1, 13, 8, 4, 4, 13, 8, 4, 10, 4, 10]
bestever    8602    in generation 88
[9, 12, 7, 11, 9, 7, 11, 9, 2, 7, 7, 3, 9, 11, 2, 3, 3, 2, 11, 6, 3, 12, 2, 5, 12, 1, 6, 5, 12, 1, 6, 5, 6, 8, 5, 13, 1, 13, 8, 1, 8, 10, 4, 13, 8, 4, 10, 4, 10, 13, 4, 10]
bestever    8345    in generation 193
[9, 11, 12, 7, 2, 3, 1, 5, 6, 8, 13, 4, 10, 11, 9, 7, 2, 3, 12, 5, 6, 1, 13, 8, 4, 10, 11, 9, 7, 3, 2, 12, 6, 5, 1, 13, 8, 4, 10, 11, 7, 9, 3, 2, 12, 6, 5, 1, 8, 13, 4, 10]
bestever    8231    in generation 213
[11, 7, 9, 3, 2, 12, 6, 5, 1, 13, 8, 4, 10, 11, 9, 7, 2, 3, 12, 5, 6, 1, 13, 8, 4, 10, 11, 9, 7, 3, 2, 12, 6, 5, 1, 13, 8, 4, 10, 11, 7, 9, 3, 2, 12, 6, 5, 1, 8, 13, 4, 10]
bestever    8079    in generation 286
[11, 11, 9, 7, 3, 2, 12, 6, 5, 1, 13, 8, 4, 10, 9, 7, 2, 3, 12, 5, 6, 1, 13, 8, 11, 9, 7, 4, 2, 12, 6, 5, 1, 8, 11, 7, 9, 3, 13, 10, 2, 12, 6, 5, 1, 8, 13, 3, 10, 4, 10, 4]
bestever    8040    in generation 371
[7, 11, 9, 11, 3, 2, 12, 6, 5, 1, 8, 9, 7, 2, 13, 3, 12, 5, 6, 1, 8, 4, 13, 10, 11, 9, 7, 4, 2, 12, 6, 5, 1, 8, 11, 7, 9, 3, 4, 10, 2, 12, 6, 5, 1, 8, 13, 3, 10, 4, 10, 13]
bestever    8015    in generation 381
[11, 7, 9, 11, 3, 2, 12, 6, 5, 1, 8, 9, 7, 2, 13, 3, 12, 5, 6, 1, 8, 4, 13, 10, 11, 9, 7, 4, 2, 12, 6, 5, 1, 8, 11, 7, 9, 3, 4, 10, 2, 12, 6, 5, 1, 8, 13, 3, 10, 4, 10, 13]
bestever    7940    in generation 401
[11, 7, 9, 11, 3, 2, 12, 6, 5, 1, 8, 9, 7, 2, 12, 5, 6, 1, 11, 8, 3, 4, 7, 9, 13, 4, 2, 12, 6, 5, 1, 8, 11, 7, 9, 3, 4, 2, 12, 6, 5, 1, 8, 13, 10, 13, 3, 10, 10, 4, 10, 13]
bestever    7777    in generation 504
[7, 11, 9, 3, 2, 12, 6, 5, 1, 8, 4, 13, 10, 11, 7, 9, 2, 12, 5, 6, 1, 8, 3, 4, 13, 10, 7, 11, 9, 2, 12, 6, 5, 1, 8, 3, 4, 13, 10, 7, 11, 9, 2, 12, 6, 5, 1, 8, 3, 4, 10, 13]
bestever    7765    in generation 511
[7, 11, 9, 11, 7, 2, 12, 6, 5, 1, 8, 3, 4, 13, 10, 9, 2, 12, 5, 6, 1, 8, 3, 4, 13, 10, 7, 11, 9, 2, 12, 6, 5, 1, 8, 3, 4, 13, 10, 7, 11, 9, 2, 12, 6, 5, 1, 8, 3, 4, 10, 13]
bestever    7746    in generation 615
[7, 11, 9, 2, 12, 6, 5, 1, 3, 8, 4, 13, 10, 7, 11, 9, 2, 12, 6, 5, 1, 3, 8, 4, 13, 10, 7, 11, 9, 2, 12, 6, 5, 1, 3, 8, 4, 13, 10, 7, 11, 9, 2, 12, 6, 5, 1, 3, 8, 4, 13, 10]
bestever    7745    in generation 640
[11, 11, 7, 7, 9, 2, 12, 6, 5, 1, 3, 8, 4, 13, 10, 9, 2, 12, 6, 7, 11, 9, 2, 12, 6, 5, 1, 3, 8, 4, 13, 10, 5, 1, 3, 8, 4, 13, 10, 7, 11, 9, 2, 12, 6, 5, 1, 3, 8, 4, 13, 10]
bestever    7693    in generation 742
[11, 7, 2, 12, 9, 6, 5, 1, 3, 8, 4, 13, 10, 11, 7, 2, 12, 9, 6, 5, 1, 3, 8, 4, 13, 10, 7, 11, 2, 12, 9, 6, 5, 1, 3, 8, 4, 13, 10, 7, 11, 2, 12, 9, 6, 5, 1, 3, 8, 4, 13, 10]
bestever    7686    in generation 844
[11, 7, 2, 12, 9, 6, 5, 13, 1, 3, 8, 4, 10, 11, 7, 2, 12, 9, 6, 5, 13, 1, 3, 8, 4, 10, 7, 11, 2, 12, 9, 6, 5, 13, 1, 3, 8, 4, 10, 7, 11, 2, 12, 9, 6, 5, 13, 1, 3, 8, 4, 10]
bestever    7634    in generation 959
[11, 7, 2, 9, 6, 5, 13, 1, 3, 8, 4, 12, 10, 11, 7, 2, 9, 6, 5, 13, 1, 3, 8, 4, 12, 10, 7, 11, 2, 9, 6, 5, 13, 1, 3, 8, 4, 12, 10, 7, 11, 2, 9, 6, 5, 13, 1, 3, 8, 4, 12, 10]
bestever    7522    in generation 1061
[11, 7, 2, 9, 5, 13, 1, 3, 8, 4, 12, 10, 6, 11, 7, 2, 9, 5, 13, 1, 3, 8, 4, 12, 10, 6, 7, 11, 2, 9, 5, 13, 1, 3, 8, 4, 12, 10, 6, 7, 11, 2, 9, 5, 13, 1, 3, 8, 4, 12, 10, 6]
bestever    7405    in generation 1084
[11, 7, 2, 9, 5, 3, 13, 1, 8, 4, 12, 10, 6, 7, 11, 2, 9, 5, 13, 1, 3, 8, 4, 12, 10, 6, 7, 11, 2, 9, 5, 13, 1, 3, 8, 4, 12, 10, 6, 7, 11, 2, 9, 5, 13, 1, 3, 8, 4, 12, 10, 6]
bestever    7381    in generation 1093
[7, 11, 2, 9, 5, 13, 1, 3, 8, 4, 12, 7, 11, 2, 9, 5, 13, 1, 3, 8, 4, 12, 10, 6, 10, 6, 7, 11, 2, 9, 5, 7, 11, 2, 9, 5, 13, 1, 3, 8, 4, 12, 10, 6, 13, 1, 3, 8, 4, 12, 10, 6]
bestever    7376    in generation 1202
[7, 11, 4, 2, 9, 5, 13, 1, 3, 8, 12, 10, 6, 7, 11, 4, 2, 9, 5, 13, 1, 3, 8, 12, 10, 6, 7, 11, 4, 2, 9, 5, 13, 1, 3, 8, 12, 10, 6, 7, 11, 4, 2, 9, 5, 13, 1, 3, 8, 12, 10, 6]
bestever    7226    in generation 2155
[7, 3, 4, 11, 2, 9, 6, 8, 1, 13, 12, 5, 10, 7, 3, 4, 11, 2, 9, 6, 8, 1, 13, 12, 5, 10, 7, 3, 4, 11, 2, 6, 9, 8, 1, 13, 12, 5, 10, 7, 3, 4, 11, 2, 6, 9, 8, 1, 13, 12, 5, 10]
bestever    7176    in generation 2262
[7, 3, 4, 11, 2, 9, 6, 8, 12, 1, 13, 5, 10, 7, 3, 4, 11, 2, 6, 9, 8, 12, 1, 13, 5, 10, 7, 3, 4, 11, 2, 6, 9, 8, 12, 1, 13, 5, 10, 7, 3, 4, 11, 2, 9, 6, 8, 12, 1, 13, 5, 10]
bestever    7166    in generation 2269
[7, 3, 4, 11, 2, 9, 6, 8, 12, 1, 13, 5, 10, 7, 3, 4, 11, 2, 6, 9, 8, 12, 1, 13, 5, 10, 7, 3, 4, 11, 2, 6, 9, 8, 12, 1, 13, 5, 7, 10, 3, 4, 11, 2, 6, 9, 8, 12, 1, 13, 5, 10]
