bestever    11261    in generation 0
[5, 4, 1, 2, 6, 3, 9, 5, 6, 6, 4, 4, 2, 3, 9, 2, 2, 5, 6, 3, 4, 6, 2, 8, 4, 1, 9, 10, 10, 7, 8, 9, 4, 10, 3, 10, 5, 7, 10, 5, 7, 1, 8, 9, 7, 1, 8, 10, 2, 1, 3, 7, 6, 8, 3, 7, 9, 1, 5, 8]
bestever    10935    in generation 2
[4, 1, 2, 6, 3, 9, 5, 6, 4, 4, 2, 9, 2, 2, 3, 4, 2, 8, 4, 1, 9, 7, 9, 4, 3, 10, 1, 3, 7, 1, 6, 2, 7, 10, 3, 10, 5, 7, 10, 5, 7, 1, 8, 9, 7, 1, 6, 8, 3, 5, 8, 10, 6, 5, 6, 9, 8, 10, 8, 5]
bestever    10359    in generation 7
[4, 1, 2, 6, 3, 9, 5, 6, 4, 4, 2, 9, 2, 2, 3, 4, 2, 8, 4, 1, 9, 7, 9, 4, 3, 10, 1, 3, 7, 1, 6, 2, 7, 10, 3, 10, 5, 7, 10, 5, 7, 1, 8, 9, 7, 1, 6, 8, 3, 5, 8, 10, 5, 6, 9, 8, 10, 8, 6, 5]
bestever    10125    in generation 11
[4, 1, 2, 3, 9, 5, 6, 4, 4, 2, 9, 2, 3, 4, 4, 1, 9, 7, 4, 3, 10, 1, 3, 7, 1, 6, 2, 7, 10, 3, 10, 5, 7, 5, 7, 1, 9, 6, 8, 3, 5, 2, 7, 9, 8, 10, 2, 1, 8, 6, 8, 10, 5, 6, 9, 8, 10, 8, 6, 5]
bestever    10079    in generation 16
[4, 1, 2, 3, 9, 5, 4, 4, 2, 9, 2, 3, 4, 4, 1, 9, 7, 4, 3, 10, 1, 3, 7, 1, 6, 2, 7, 10, 3, 10, 5, 7, 5, 7, 1, 9, 6, 8, 3, 5, 2, 7, 9, 10, 2, 8, 6, 1, 8, 6, 8, 10, 5, 6, 9, 8, 10, 8, 6, 5]
bestever    9494    in generation 38
[4, 4, 2, 9, 4, 3, 1, 5, 2, 9, 2, 3, 4, 4, 1, 9, 7, 4, 3, 10, 1, 3, 7, 1, 6, 2, 7, 10, 3, 10, 5, 7, 5, 7, 1, 9, 6, 8, 3, 5, 2, 7, 9, 10, 2, 8, 6, 1, 8, 6, 8, 10, 5, 6, 9, 8, 10, 8, 6, 5]
bestever    9421    in generation 56
[4, 4, 2, 9, 4, 3, 1, 5, 2, 9, 2, 3, 4, 4, 1, 9, 7, 4, 3, 10, 1, 3, 7, 1, 6, 2, 7, 10, 3, 10, 5, 10, 5, 7, 1, 9, 6, 8, 3, 5, 2, 7, 9, 7, 2, 8, 6, 1, 8, 6, 8, 10, 5, 6, 9, 8, 10, 8, 6, 5]
bestever    9328    in generation 59
[4, 4, 2, 9, 4, 3, 1, 5, 2, 9, 2, 3, 4, 4, 1, 9, 7, 4, 3, 10, 1, 3, 7, 1, 6, 2, 7, 10, 3, 10, 5, 5, 7, 1, 9, 6, 3, 2, 7, 9, 7, 2, 1, 5, 8, 6, 8, 10, 5, 6, 9, 8, 10, 8, 6, 8, 10, 8, 6, 5]
bestever    9027    in generation 90
[4, 4, 2, 9, 4, 3, 1, 5, 2, 9, 2, 3, 4, 4, 1, 9, 7, 4, 3, 10, 1, 3, 7, 1, 6, 2, 7, 10, 3, 5, 5, 7, 1, 9, 6, 3, 2, 7, 9, 7, 2, 1, 8, 6, 10, 6, 8, 10, 5, 6, 9, 8, 10, 8, 6, 8, 10, 8, 5, 5]
bestever    8884    in generation 107
[4, 4, 2, 9, 4, 3, 1, 2, 9, 2, 5, 2, 4, 4, 1, 9, 7, 4, 3, 10, 1, 3, 7, 1, 6, 2, 7, 10, 3, 7, 1, 9, 6, 3, 3, 7, 9, 7, 2, 1, 6, 5, 10, 6, 5, 8, 8, 10, 5, 6, 9, 8, 10, 8, 6, 8, 10, 8, 5, 5]
bestever    8755    in generation 139
[4, 4, 2, 9, 4, 3, 1, 2, 9, 2, 5, 2, 4, 4, 1, 9, 7, 4, 3, 10, 1, 3, 7, 1, 6, 2, 7, 10, 3, 7, 1, 9, 6, 3, 3, 7, 9, 7, 6, 1, 6, 5, 10, 2, 5, 8, 8, 10, 5, 6, 10, 9, 6, 5, 8, 8, 8, 10, 8, 5]
bestever    8720    in generation 160
[4, 4, 2, 9, 4, 3, 1, 2, 9, 2, 5, 2, 4, 4, 1, 9, 7, 4, 3, 10, 1, 3, 7, 1, 6, 2, 7, 10, 3, 7, 1, 9, 6, 3, 3, 7, 9, 7, 6, 1, 6, 5, 10, 2, 5, 8, 8, 10, 5, 6, 10, 9, 6, 5, 8, 8, 10, 5, 8, 8]
bestever    8556    in generation 170
[4, 2, 4, 3, 1, 2, 9, 2, 5, 2, 4, 4, 1, 9, 7, 4, 3, 10, 1, 3, 7, 1, 6, 2, 7, 10, 3, 7, 1, 9, 4, 9, 6, 3, 3, 7, 9, 7, 6, 1, 6, 5, 10, 2, 5, 8, 8, 10, 5, 6, 10, 9, 6, 5, 8, 8, 10, 5, 8, 8]
bestever    8309    in generation 175
[4, 2, 4, 3, 1, 2, 9, 2, 2, 4, 4, 1, 9, 7, 4, 3, 10, 1, 3, 7, 1, 6, 9, 4, 2, 5, 7, 10, 3, 7, 1, 9, 6, 3, 3, 7, 9, 7, 6, 1, 6, 5, 10, 2, 5, 8, 8, 10, 5, 6, 10, 9, 6, 5, 8, 8, 10, 5, 8, 8]
bestever    8119    in generation 225
[4, 2, 4, 1, 2, 9, 2, 2, 4, 4, 1, 9, 4, 3, 3, 7, 1, 6, 9, 4, 2, 7, 3, 7, 1, 3, 7, 1, 9, 3, 3, 7, 9, 7, 6, 6, 10, 10, 5, 1, 6, 5, 10, 2, 5, 10, 5, 6, 10, 9, 6, 5, 8, 8, 8, 8, 10, 5, 8, 8]
bestever    8057    in generation 270
[4, 2, 4, 1, 2, 9, 2, 2, 4, 4, 1, 9, 4, 3, 3, 7, 1, 3, 9, 4, 2, 7, 3, 7, 1, 3, 7, 1, 9, 6, 3, 7, 9, 7, 6, 6, 10, 10, 5, 1, 6, 5, 10, 2, 5, 10, 5, 6, 10, 9, 6, 5, 8, 8, 8, 8, 10, 5, 8, 8]
bestever    8046    in generation 482
[6, 4, 2, 1, 9, 3, 7, 10, 5, 8, 6, 4, 2, 1, 9, 3, 7, 10, 5, 8, 6, 4, 2, 1, 3, 9, 7, 10, 5, 8, 6, 4, 2, 3, 1, 9, 6, 4, 2, 3, 1, 7, 10, 5, 8, 7, 9, 10, 5, 8, 6, 4, 3, 2, 1, 9, 7, 10, 5, 8]
bestever    8044    in generation 676
[6, 4, 1, 3, 2, 9, 7, 10, 5, 8, 6, 4, 1, 3, 2, 9, 7, 10, 5, 8, 6, 4, 1, 3, 2, 9, 7, 10, 5, 8, 6, 4, 3, 1, 2, 9, 7, 10, 5, 8, 6, 4, 3, 1, 2, 9, 7, 10, 5, 8, 6, 4, 3, 1, 2, 9, 7, 10, 5, 8]
bestever    8039    in generation 871
[6, 4, 3, 1, 2, 7, 10, 9, 5, 8, 6, 3, 4, 1, 2, 7, 10, 9, 5, 8, 4, 6, 3, 1, 2, 7, 10, 9, 5, 8, 4, 6, 3, 1, 2, 7, 10, 9, 5, 8, 4, 6, 3, 1, 2, 7, 10, 9, 5, 8, 4, 6, 3, 1, 2, 7, 10, 9, 5, 8]
bestever    8037    in generation 1122
[1, 6, 4, 7, 3, 10, 2, 9, 5, 8, 1, 6, 4, 3, 7, 10, 2, 9, 5, 8, 1, 4, 6, 3, 7, 10, 2, 9, 5, 8, 1, 4, 6, 3, 7, 10, 2, 9, 5, 8, 1, 4, 6, 3, 7, 10, 2, 9, 5, 8, 1, 4, 6, 3, 7, 10, 2, 9, 5, 8]
bestever    8011    in generation 1225
[1, 6, 4, 3, 10, 7, 2, 9, 5, 8, 1, 6, 4, 3, 10, 2, 7, 9, 5, 8, 1, 4, 6, 3, 10, 2, 7, 9, 5, 8, 1, 4, 6, 3, 10, 2, 7, 9, 5, 8, 1, 4, 6, 3, 10, 2, 7, 9, 5, 8, 1, 4, 6, 3, 10, 2, 7, 9, 5, 8]
bestever    7862    in generation 1266
[1, 6, 4, 1, 4, 4, 1, 3, 10, 2, 4, 6, 7, 9, 5, 8, 6, 3, 10, 2, 7, 9, 5, 8, 1, 3, 10, 2, 7, 9, 5, 8, 6, 3, 10, 2, 7, 9, 5, 8, 1, 4, 6, 3, 10, 2, 7, 9, 5, 8, 1, 4, 6, 3, 10, 2, 7, 9, 5, 8]
bestever    7832    in generation 1372
[1, 6, 4, 10, 2, 3, 7, 9, 5, 8, 1, 4, 6, 10, 2, 3, 7, 9, 5, 8, 4, 1, 6, 10, 2, 3, 7, 9, 5, 8, 4, 1, 6, 10, 2, 3, 7, 9, 5, 8, 1, 4, 6, 10, 2, 3, 7, 9, 5, 8, 4, 6, 10, 2, 3, 7, 9, 5, 1, 8]
bestever    7821    in generation 2653
[5, 1, 4, 6, 10, 2, 7, 3, 9, 8, 5, 4, 1, 6, 10, 2, 3, 7, 9, 8, 5, 4, 1, 6, 10, 2, 3, 7, 9, 8, 5, 4, 1, 6, 10, 2, 3, 7, 9, 8, 5, 4, 1, 6, 10, 2, 3, 7, 9, 8, 5, 4, 1, 6, 10, 2, 3, 7, 9, 8]
bestever    7767    in generation 4159
[5, 4, 1, 10, 2, 3, 8, 6, 9, 7, 5, 4, 1, 10, 2, 3, 8, 6, 9, 7, 5, 4, 1, 10, 2, 3, 8, 6, 9, 7, 5, 4, 1, 10, 2, 3, 8, 6, 9, 7, 5, 4, 1, 10, 2, 3, 8, 6, 9, 7, 5, 4, 1, 10, 2, 3, 8, 6, 9, 7]
bestever    7750    in generation 6499
[3, 5, 4, 2, 1, 8, 6, 10, 9, 7, 3, 5, 4, 2, 1, 8, 6, 10, 9, 7, 3, 4, 5, 2, 1, 8, 6, 10, 9, 7, 3, 4, 5, 2, 1, 8, 6, 10, 9, 7, 3, 4, 5, 2, 1, 6, 8, 10, 9, 7, 3, 5, 4, 2, 1, 6, 8, 10, 9, 7]
bestever    7720    in generation 6740
[4, 5, 2, 1, 3, 8, 6, 10, 9, 7, 4, 5, 2, 1, 3, 8, 6, 10, 9, 7, 4, 5, 2, 1, 3, 8, 6, 10, 9, 7, 4, 5, 2, 1, 3, 8, 6, 10, 9, 7, 4, 5, 2, 1, 3, 8, 6, 10, 9, 7, 4, 5, 2, 1, 3, 8, 6, 10, 9, 7]
bestever    7702    in generation 12649
[5, 2, 1, 4, 3, 8, 10, 6, 9, 7, 5, 2, 1, 4, 3, 8, 10, 6, 9, 7, 5, 2, 4, 1, 3, 8, 10, 6, 9, 7, 5, 2, 4, 3, 1, 10, 6, 8, 9, 7, 5, 2, 4, 3, 1, 10, 6, 8, 9, 7, 5, 2, 4, 3, 1, 10, 6, 8, 9, 7]
