bestever    10836    in generation 0
[7, 11, 3, 4, 11, 9, 4, 11, 4, 8, 4, 4, 8, 3, 9, 7, 3, 5, 10, 7, 10, 5, 9, 2, 11, 6, 7, 8, 2, 5, 8, 9, 1, 11, 1, 1, 2, 3, 5, 2, 7, 3, 1, 6, 5, 1, 9, 6, 2, 10, 8, 10, 6, 10, 6]
bestever    10815    in generation 2
[11, 3, 4, 11, 9, 4, 11, 4, 8, 4, 8, 3, 9, 7, 3, 5, 10, 7, 10, 5, 9, 2, 11, 6, 7, 8, 2, 5, 8, 1, 11, 1, 1, 2, 3, 5, 2, 7, 3, 1, 6, 5, 9, 4, 6, 1, 9, 6, 2, 10, 8, 10, 6, 10, 7]
bestever    10157    in generation 4
[3, 8, 9, 4, 3, 4, 11, 4, 11, 11, 4, 6, 10, 9, 7, 3, 5, 10, 7, 5, 9, 2, 11, 7, 8, 2, 5, 8, 1, 1, 1, 2, 3, 5, 7, 3, 1, 6, 6, 10, 2, 11, 9, 6, 5, 1, 9, 6, 2, 10, 8, 10, 7, 4, 8]
bestever    9766    in generation 5
[11, 3, 4, 11, 9, 4, 11, 4, 8, 4, 3, 9, 7, 3, 5, 10, 7, 10, 6, 5, 9, 2, 11, 7, 8, 2, 5, 8, 1, 1, 1, 2, 3, 5, 7, 3, 1, 6, 6, 10, 2, 11, 9, 6, 5, 1, 9, 6, 2, 10, 8, 10, 7, 4, 8]
bestever    9209    in generation 17
[11, 3, 4, 11, 9, 4, 11, 4, 4, 3, 7, 3, 5, 5, 2, 11, 7, 8, 2, 5, 8, 1, 1, 5, 7, 3, 10, 11, 9, 7, 3, 1, 6, 6, 10, 2, 9, 6, 5, 1, 9, 6, 2, 10, 8, 1, 9, 6, 2, 10, 8, 10, 7, 4, 8]
bestever    9148    in generation 25
[11, 3, 4, 11, 9, 4, 11, 4, 4, 3, 7, 3, 5, 5, 2, 11, 7, 8, 2, 5, 1, 1, 5, 7, 3, 11, 9, 7, 3, 1, 6, 6, 10, 9, 6, 5, 1, 9, 6, 2, 10, 8, 2, 10, 8, 1, 9, 6, 2, 10, 8, 10, 7, 4, 8]
bestever    8737    in generation 30
[11, 3, 11, 9, 11, 3, 7, 3, 5, 5, 2, 11, 7, 8, 2, 5, 8, 1, 1, 5, 7, 3, 11, 9, 7, 3, 1, 6, 6, 6, 5, 1, 9, 2, 8, 1, 9, 6, 10, 4, 2, 10, 10, 4, 4, 9, 6, 2, 10, 7, 8, 10, 4, 4, 8]
bestever    8585    in generation 34
[3, 11, 11, 8, 11, 3, 7, 3, 5, 5, 2, 11, 7, 8, 2, 5, 8, 1, 1, 5, 7, 3, 11, 9, 7, 3, 1, 6, 6, 6, 5, 1, 9, 2, 10, 8, 1, 4, 9, 6, 2, 10, 10, 4, 4, 9, 6, 2, 10, 7, 8, 10, 4, 4, 9]
bestever    8448    in generation 45
[3, 11, 11, 8, 11, 3, 7, 3, 5, 5, 2, 11, 7, 8, 2, 5, 1, 1, 5, 7, 3, 11, 9, 7, 3, 1, 6, 6, 6, 5, 1, 2, 10, 8, 1, 4, 6, 2, 10, 10, 4, 4, 6, 2, 10, 7, 10, 4, 8, 9, 9, 4, 8, 9, 9]
bestever    8447    in generation 49
[11, 8, 11, 3, 3, 11, 7, 3, 5, 5, 2, 11, 7, 8, 2, 5, 1, 1, 5, 7, 3, 11, 9, 7, 3, 1, 6, 6, 6, 5, 1, 2, 10, 8, 1, 4, 6, 2, 10, 10, 4, 4, 6, 2, 10, 7, 10, 4, 8, 9, 9, 4, 8, 9, 9]
bestever    8436    in generation 55
[11, 8, 11, 3, 3, 11, 7, 3, 5, 5, 2, 11, 7, 8, 2, 5, 1, 1, 5, 7, 3, 11, 7, 3, 1, 6, 6, 6, 5, 1, 2, 10, 8, 1, 4, 6, 2, 10, 10, 4, 4, 6, 2, 10, 7, 9, 10, 4, 8, 9, 9, 4, 8, 9, 9]
bestever    8413    in generation 106
[11, 8, 11, 3, 11, 7, 3, 5, 5, 2, 11, 8, 2, 5, 1, 5, 7, 3, 11, 7, 3, 1, 7, 3, 1, 6, 6, 6, 5, 1, 2, 8, 1, 4, 4, 6, 2, 10, 10, 4, 6, 2, 10, 10, 7, 9, 10, 4, 8, 9, 9, 4, 8, 9, 9]
bestever    8271    in generation 113
[11, 8, 11, 3, 11, 7, 3, 5, 5, 2, 11, 8, 2, 7, 3, 11, 3, 1, 5, 7, 1, 5, 7, 3, 1, 6, 6, 6, 5, 1, 2, 8, 1, 4, 4, 6, 2, 10, 10, 4, 6, 2, 10, 10, 7, 9, 10, 4, 8, 9, 9, 4, 8, 9, 9]
bestever    8243    in generation 116
[11, 8, 11, 3, 11, 7, 3, 5, 5, 2, 11, 8, 2, 7, 3, 11, 3, 1, 5, 7, 1, 5, 7, 3, 1, 6, 6, 6, 5, 1, 2, 1, 4, 4, 6, 2, 10, 10, 4, 6, 2, 10, 10, 7, 9, 4, 10, 4, 8, 9, 9, 8, 8, 9, 9]
bestever    8190    in generation 219
[3, 11, 7, 5, 2, 8, 1, 6, 4, 10, 9, 3, 11, 5, 2, 7, 1, 6, 4, 8, 10, 9, 3, 11, 5, 7, 1, 6, 2, 4, 10, 8, 9, 3, 11, 5, 7, 1, 6, 2, 10, 4, 8, 9, 3, 11, 5, 1, 6, 2, 7, 10, 4, 8, 9]
bestever    8176    in generation 231
[3, 11, 7, 5, 3, 11, 5, 2, 7, 1, 6, 4, 8, 10, 9, 1, 6, 2, 4, 10, 8, 9, 3, 11, 5, 7, 1, 6, 2, 4, 10, 3, 8, 9, 11, 5, 7, 1, 6, 2, 10, 4, 8, 9, 3, 11, 5, 1, 6, 2, 7, 10, 4, 8, 9]
bestever    8151    in generation 233
[3, 11, 7, 5, 2, 8, 1, 6, 4, 10, 9, 3, 11, 5, 2, 7, 1, 6, 4, 8, 10, 9, 3, 11, 5, 7, 1, 6, 2, 4, 10, 8, 9, 3, 11, 5, 7, 1, 6, 2, 10, 4, 8, 9, 3, 11, 5, 7, 1, 6, 2, 10, 4, 8, 9]
bestever    8137    in generation 254
[3, 11, 7, 5, 2, 1, 6, 4, 10, 3, 11, 5, 2, 7, 1, 6, 8, 9, 4, 10, 3, 11, 5, 8, 9, 7, 1, 6, 2, 4, 10, 3, 11, 5, 8, 9, 7, 1, 6, 2, 10, 4, 8, 9, 3, 11, 5, 7, 1, 6, 2, 10, 4, 8, 9]
bestever    8047    in generation 320
[3, 11, 5, 7, 1, 6, 2, 4, 3, 11, 5, 7, 1, 6, 2, 10, 4, 8, 9, 10, 3, 11, 5, 7, 1, 6, 2, 4, 3, 11, 5, 7, 1, 6, 2, 8, 9, 4, 8, 9, 10, 8, 9, 3, 11, 5, 7, 1, 6, 2, 10, 4, 8, 9, 10]
bestever    7834    in generation 327
[3, 11, 5, 7, 1, 6, 2, 4, 3, 11, 5, 7, 1, 6, 2, 4, 8, 9, 10, 3, 11, 5, 7, 1, 6, 2, 4, 3, 11, 5, 7, 1, 6, 2, 8, 9, 4, 10, 8, 9, 10, 8, 9, 3, 11, 5, 7, 1, 6, 2, 10, 4, 8, 9, 10]
bestever    7689    in generation 430
[3, 5, 11, 7, 1, 6, 2, 4, 8, 9, 10, 3, 5, 11, 7, 1, 6, 2, 4, 8, 9, 10, 3, 5, 11, 7, 1, 6, 2, 4, 8, 9, 10, 3, 5, 11, 7, 1, 6, 2, 4, 8, 10, 9, 3, 5, 11, 7, 1, 6, 2, 4, 8, 9, 10]
bestever    7685    in generation 532
[5, 3, 11, 7, 1, 6, 9, 2, 4, 8, 10, 5, 3, 11, 7, 1, 6, 2, 4, 8, 9, 10, 5, 3, 11, 7, 1, 6, 2, 4, 8, 9, 10, 5, 3, 11, 7, 1, 6, 2, 4, 8, 9, 10, 5, 3, 11, 7, 1, 6, 2, 4, 8, 9, 10]
bestever    7651    in generation 678
[8, 5, 3, 11, 7, 1, 6, 2, 4, 10, 9, 8, 5, 3, 11, 7, 6, 1, 4, 2, 9, 10, 8, 5, 3, 11, 7, 6, 1, 4, 2, 9, 10, 8, 5, 3, 11, 7, 1, 6, 2, 4, 9, 10, 8, 5, 3, 11, 7, 1, 6, 2, 4, 10, 9]
bestever    7389    in generation 687
[8, 5, 3, 11, 7, 1, 6, 2, 4, 10, 9, 8, 5, 3, 11, 7, 6, 1, 4, 2, 9, 10, 8, 5, 3, 11, 7, 6, 1, 4, 2, 9, 10, 8, 8, 5, 3, 11, 7, 6, 1, 4, 2, 9, 10, 5, 3, 11, 7, 6, 1, 4, 2, 9, 10]
bestever    7108    in generation 688
[8, 5, 3, 11, 7, 6, 1, 4, 2, 9, 10, 8, 5, 3, 11, 7, 6, 1, 4, 2, 9, 10, 8, 5, 3, 11, 7, 6, 1, 4, 2, 9, 10, 8, 5, 3, 11, 7, 1, 6, 2, 4, 9, 10, 8, 5, 3, 11, 7, 6, 1, 4, 2, 9, 10]
bestever    7038    in generation 717
[8, 5, 3, 11, 7, 6, 1, 4, 2, 9, 8, 5, 3, 11, 7, 6, 1, 4, 2, 9, 10, 10, 8, 5, 3, 11, 7, 6, 1, 4, 2, 9, 10, 8, 5, 3, 11, 7, 1, 6, 2, 4, 9, 10, 8, 5, 3, 11, 7, 1, 6, 2, 4, 9, 10]
