bestever    3366    in generation 0
[16, 7, 16, 17, 11, 7, 10, 3, 14, 5, 12, 13, 17, 3, 19, 10, 17, 4, 11, 14, 6, 19, 6, 3, 7, 17, 5, 13, 3, 19, 1, 9, 6, 3, 12, 2, 19, 11, 11, 8, 16, 5, 1, 18, 4, 2, 15, 6, 12, 12, 15, 8, 19, 1, 9, 20, 2, 6, 10, 11, 6, 11, 4, 9, 14, 10, 4, 19, 18, 18, 6, 1, 12, 5, 6, 7, 11, 20, 5, 11, 7, 16, 1, 12, 17, 8, 2, 9, 1, 15, 19, 5, 17, 18, 15, 3, 2, 18, 14, 16, 13, 20, 18, 4, 12, 7, 15, 13, 5, 8, 5, 7, 2, 5, 20, 10, 8, 13, 1, 9, 17, 20, 17, 12, 19, 1, 13, 4, 1, 20, 16, 4, 14, 18, 17, 5, 18, 13, 2, 16, 15, 3, 14, 16, 19, 3, 10, 12, 15, 8, 12, 9, 11, 1, 9, 15, 7, 19, 9, 16, 15, 14, 17, 14, 3, 4, 10, 2, 20, 9, 20, 4, 18, 10, 13, 18, 6, 15, 4, 16, 7, 20, 13, 10, 14, 7, 20, 8, 8, 13, 8, 2, 2, 9, 6, 3, 11, 10, 14, 8]
bestever    3226    in generation 1
[10, 7, 2, 10, 2, 20, 4, 18, 16, 14, 2, 5, 16, 18, 18, 16, 15, 1, 15, 11, 14, 17, 13, 10, 19, 14, 10, 10, 15, 16, 7, 7, 19, 7, 18, 1, 14, 5, 4, 7, 9, 11, 19, 16, 20, 3, 19, 2, 13, 3, 2, 17, 1, 5, 11, 8, 14, 10, 2, 18, 12, 16, 14, 2, 5, 3, 1, 14, 20, 11, 15, 7, 12, 3, 11, 6, 18, 17, 16, 13, 11, 12, 8, 16, 5, 5, 5, 6, 10, 4, 8, 5, 9, 7, 12, 20, 4, 17, 3, 7, 12, 8, 4, 11, 13, 8, 20, 6, 6, 2, 8, 20, 3, 14, 9, 17, 2, 17, 18, 15, 13, 19, 17, 13, 17, 20, 19, 15, 18, 20, 8, 17, 19, 13, 20, 12, 11, 3, 6, 6, 1, 7, 13, 10, 8, 9, 13, 9, 10, 9, 1, 19, 3, 4, 1, 16, 18, 10, 1, 7, 12, 6, 17, 9, 20, 12, 3, 1, 8, 4, 2, 4, 19, 6, 15, 15, 15, 1, 5, 4, 13, 14, 19, 9, 6, 5, 6, 14, 8, 11, 11, 4, 9, 12, 9, 18, 15, 16, 12, 3]
bestever    3186    in generation 4
[5, 6, 15, 6, 1, 14, 7, 13, 10, 2, 8, 9, 5, 5, 2, 13, 16, 14, 9, 10, 9, 1, 19, 14, 4, 1, 18, 5, 10, 1, 7, 12, 6, 9, 14, 2, 1, 8, 4, 2, 5, 4, 19, 6, 15, 15, 15, 1, 5, 4, 14, 9, 6, 5, 14, 11, 4, 9, 9, 3, 6, 13, 17, 19, 12, 12, 3, 16, 8, 11, 20, 18, 15, 16, 12, 3, 10, 7, 2, 10, 2, 20, 4, 18, 16, 14, 2, 5, 16, 18, 18, 16, 15, 1, 15, 11, 4, 17, 3, 1, 7, 19, 7, 17, 7, 19, 7, 18, 18, 8, 4, 19, 20, 20, 11, 13, 16, 20, 1, 6, 6, 10, 2, 10, 13, 5, 5, 10, 18, 17, 17, 7, 20, 3, 14, 9, 17, 2, 13, 4, 14, 18, 3, 4, 6, 8, 13, 17, 11, 20, 19, 11, 8, 12, 15, 12, 3, 16, 13, 9, 8, 19, 7, 17, 1, 13, 2, 17, 11, 10, 9, 20, 19, 10, 11, 8, 12, 15, 12, 14, 3, 7, 16, 8, 18, 15, 11, 20, 12, 8, 17, 19, 13, 20, 12, 16, 3, 11, 3, 6]
bestever    3130    in generation 6
[5, 6, 15, 6, 1, 14, 7, 13, 10, 2, 8, 9, 5, 5, 2, 13, 16, 14, 9, 10, 9, 1, 19, 14, 4, 1, 18, 5, 10, 1, 7, 12, 6, 9, 14, 2, 1, 8, 4, 2, 5, 4, 19, 6, 15, 15, 15, 1, 5, 4, 14, 9, 6, 5, 14, 4, 9, 9, 12, 16, 18, 16, 10, 7, 2, 10, 2, 4, 18, 16, 14, 2, 5, 18, 18, 20, 3, 6, 13, 17, 11, 20, 19, 11, 12, 15, 12, 3, 16, 8, 16, 15, 1, 11, 4, 17, 1, 7, 19, 7, 7, 19, 7, 18, 18, 8, 4, 20, 20, 13, 16, 8, 1, 6, 10, 2, 10, 20, 3, 6, 13, 17, 11, 20, 19, 11, 12, 15, 12, 3, 16, 8, 5, 5, 10, 18, 19, 17, 17, 7, 20, 3, 14, 9, 17, 2, 13, 4, 17, 11, 13, 3, 14, 18, 3, 15, 4, 6, 13, 9, 8, 19, 7, 17, 1, 13, 2, 17, 11, 10, 9, 20, 19, 10, 11, 8, 12, 15, 12, 14, 3, 7, 16, 8, 18, 15, 11, 20, 12, 8, 17, 19, 13, 20, 12, 16, 3, 11, 3, 6]
bestever    3116    in generation 7
[5, 6, 15, 6, 1, 14, 7, 13, 10, 2, 8, 9, 5, 5, 2, 13, 16, 14, 9, 10, 9, 1, 19, 14, 4, 1, 18, 5, 10, 1, 7, 12, 6, 9, 14, 2, 1, 8, 4, 2, 5, 4, 19, 6, 15, 15, 15, 1, 5, 4, 14, 9, 6, 3, 19, 12, 16, 20, 5, 6, 14, 11, 4, 9, 12, 18, 15, 16, 12, 10, 7, 2, 2, 20, 4, 18, 16, 2, 5, 16, 18, 18, 16, 1, 11, 4, 1, 7, 19, 7, 7, 18, 4, 20, 16, 8, 1, 6, 10, 20, 11, 20, 11, 12, 15, 12, 16, 8, 10, 19, 17, 7, 20, 3, 17, 2, 17, 11, 13, 3, 14, 18, 3, 15, 6, 13, 9, 8, 19, 10, 8, 13, 5, 5, 10, 18, 19, 17, 17, 7, 20, 3, 14, 9, 17, 2, 13, 4, 17, 11, 13, 3, 14, 18, 3, 15, 4, 6, 13, 9, 8, 19, 7, 17, 1, 13, 2, 17, 11, 10, 9, 20, 19, 10, 11, 8, 12, 15, 12, 14, 3, 7, 16, 8, 18, 15, 11, 20, 12, 8, 17, 19, 13, 20, 12, 16, 3, 11, 3, 6]
bestever    3102    in generation 8
[5, 6, 15, 6, 1, 14, 7, 10, 2, 9, 5, 5, 2, 16, 14, 9, 10, 9, 1, 19, 14, 4, 1, 18, 5, 10, 1, 7, 12, 6, 9, 14, 2, 1, 4, 2, 5, 4, 19, 6, 15, 15, 15, 1, 5, 4, 14, 9, 19, 16, 20, 5, 14, 8, 4, 12, 9, 18, 15, 16, 12, 7, 2, 2, 4, 18, 16, 5, 18, 18, 15, 1, 11, 4, 7, 7, 19, 7, 18, 8, 16, 8, 1, 6, 10, 20, 3, 6, 13, 11, 20, 19, 11, 12, 15, 12, 3, 16, 8, 10, 19, 17, 7, 20, 3, 9, 17, 2, 13, 4, 17, 11, 13, 3, 14, 18, 13, 16, 20, 12, 8, 16, 1, 20, 6, 6, 10, 11, 2, 10, 8, 13, 5, 5, 10, 18, 19, 17, 17, 7, 20, 3, 14, 9, 17, 2, 13, 4, 17, 11, 13, 3, 14, 18, 3, 15, 4, 6, 13, 9, 8, 19, 7, 17, 1, 13, 2, 17, 11, 10, 9, 20, 19, 10, 11, 8, 12, 15, 12, 14, 3, 7, 16, 8, 18, 15, 11, 20, 12, 8, 17, 19, 13, 20, 12, 16, 3, 11, 3, 6]
bestever    2830    in generation 10
[5, 6, 15, 6, 1, 14, 7, 10, 2, 9, 5, 5, 2, 16, 14, 9, 10, 9, 1, 19, 14, 4, 1, 18, 5, 10, 1, 7, 12, 6, 9, 14, 2, 1, 4, 2, 5, 4, 19, 15, 15, 15, 1, 4, 14, 9, 19, 16, 20, 14, 8, 4, 12, 9, 18, 15, 16, 7, 2, 2, 4, 18, 16, 18, 18, 1, 11, 4, 7, 7, 19, 7, 18, 16, 1, 10, 13, 11, 10, 17, 9, 14, 18, 1, 5, 5, 6, 1, 13, 2, 9, 10, 14, 7, 8, 15, 8, 4, 20, 20, 13, 16, 8, 6, 2, 10, 20, 3, 6, 13, 17, 11, 20, 19, 11, 12, 15, 12, 3, 16, 8, 5, 5, 10, 18, 19, 17, 17, 7, 20, 3, 17, 2, 13, 4, 17, 11, 13, 3, 14, 18, 3, 15, 4, 6, 13, 9, 8, 19, 7, 17, 13, 2, 17, 11, 10, 9, 20, 19, 10, 11, 8, 12, 15, 12, 14, 3, 7, 16, 8, 18, 15, 11, 20, 12, 8, 17, 19, 13, 20, 12, 16, 3, 11, 3, 6, 5, 6, 12, 8, 17, 19, 13, 20, 12, 16, 3, 11, 3, 6]
bestever    2768    in generation 13
[5, 6, 15, 6, 1, 14, 7, 10, 2, 9, 5, 5, 2, 16, 14, 9, 10, 9, 1, 19, 14, 4, 1, 18, 5, 10, 1, 7, 12, 6, 9, 14, 2, 1, 4, 2, 5, 4, 19, 15, 15, 15, 1, 4, 14, 9, 19, 16, 20, 14, 8, 4, 12, 9, 18, 15, 16, 7, 2, 2, 4, 18, 16, 18, 18, 1, 11, 4, 7, 7, 19, 7, 18, 16, 1, 10, 13, 11, 10, 17, 9, 14, 18, 1, 5, 5, 6, 1, 13, 2, 9, 10, 14, 7, 8, 15, 8, 4, 20, 20, 13, 16, 8, 6, 2, 10, 20, 3, 6, 13, 17, 11, 20, 19, 11, 12, 15, 12, 3, 16, 8, 5, 5, 10, 18, 19, 17, 17, 7, 20, 3, 17, 2, 13, 4, 17, 11, 13, 3, 14, 18, 3, 15, 4, 6, 13, 9, 8, 19, 7, 17, 13, 13, 17, 11, 10, 9, 20, 19, 10, 11, 8, 12, 15, 12, 14, 3, 7, 16, 8, 18, 15, 11, 20, 12, 8, 17, 19, 13, 20, 12, 16, 3, 11, 3, 6, 5, 6, 12, 8, 17, 19, 2, 20, 12, 16, 3, 11, 3, 6]
bestever    2760    in generation 16
[5, 6, 15, 6, 1, 14, 7, 10, 2, 9, 5, 5, 2, 16, 14, 9, 10, 9, 1, 19, 14, 4, 1, 18, 5, 10, 1, 7, 6, 9, 14, 2, 1, 4, 2, 5, 4, 19, 15, 15, 15, 1, 4, 14, 9, 19, 16, 20, 14, 8, 4, 9, 18, 15, 16, 7, 2, 2, 4, 18, 16, 18, 18, 1, 11, 4, 7, 7, 19, 7, 18, 16, 1, 10, 13, 11, 10, 17, 9, 14, 18, 1, 5, 5, 6, 1, 13, 2, 9, 10, 14, 7, 8, 15, 8, 4, 20, 20, 13, 8, 6, 2, 10, 3, 6, 13, 17, 11, 20, 19, 12, 15, 12, 16, 5, 5, 10, 18, 17, 17, 7, 20, 3, 17, 2, 13, 4, 13, 3, 14, 18, 3, 15, 4, 6, 9, 19, 7, 17, 13, 17, 20, 19, 11, 8, 12, 12, 3, 16, 8, 11, 13, 13, 17, 11, 10, 9, 20, 19, 10, 11, 8, 12, 15, 12, 14, 3, 7, 16, 8, 18, 15, 11, 20, 12, 8, 17, 19, 13, 20, 12, 16, 3, 11, 3, 6, 5, 6, 12, 8, 17, 19, 2, 20, 12, 16, 3, 11, 3, 6]
bestever    2729    in generation 34
[5, 6, 15, 6, 1, 14, 7, 10, 2, 9, 5, 5, 2, 16, 14, 9, 10, 9, 1, 19, 14, 4, 1, 18, 5, 10, 1, 7, 6, 9, 14, 2, 1, 4, 2, 5, 4, 19, 15, 15, 15, 1, 4, 14, 9, 19, 16, 20, 14, 8, 4, 9, 18, 15, 16, 7, 2, 2, 4, 18, 16, 18, 18, 1, 11, 4, 7, 9, 19, 7, 18, 16, 1, 10, 13, 11, 10, 17, 7, 14, 18, 1, 5, 5, 6, 1, 13, 2, 9, 10, 14, 7, 8, 15, 8, 4, 20, 20, 13, 8, 6, 2, 10, 3, 6, 13, 17, 11, 20, 19, 12, 15, 12, 16, 5, 5, 10, 18, 17, 17, 7, 20, 3, 17, 2, 13, 4, 13, 3, 14, 18, 3, 15, 4, 6, 9, 19, 7, 17, 13, 17, 20, 19, 11, 8, 12, 12, 3, 16, 8, 11, 13, 13, 17, 11, 10, 9, 20, 19, 10, 11, 8, 12, 15, 12, 14, 3, 7, 16, 8, 18, 15, 11, 20, 12, 8, 17, 19, 13, 20, 12, 16, 3, 11, 3, 6, 5, 6, 12, 8, 17, 19, 2, 20, 12, 16, 3, 11, 3, 6]
bestever    2725    in generation 42
[5, 9, 15, 6, 1, 14, 7, 10, 2, 9, 5, 5, 2, 16, 14, 9, 10, 9, 1, 19, 14, 4, 1, 18, 5, 10, 1, 7, 6, 9, 14, 2, 1, 4, 2, 5, 4, 19, 15, 15, 15, 1, 4, 14, 6, 19, 16, 20, 14, 8, 4, 9, 18, 15, 16, 7, 2, 2, 4, 18, 16, 18, 18, 1, 11, 4, 7, 9, 19, 7, 18, 16, 1, 10, 13, 11, 10, 17, 7, 14, 18, 1, 5, 5, 6, 1, 13, 2, 9, 10, 14, 7, 8, 15, 8, 4, 20, 20, 13, 8, 6, 2, 10, 3, 6, 13, 17, 11, 20, 19, 12, 15, 12, 16, 5, 5, 10, 18, 17, 17, 7, 20, 3, 17, 2, 13, 4, 13, 3, 14, 18, 3, 15, 4, 6, 9, 19, 7, 17, 13, 17, 20, 19, 11, 8, 12, 12, 3, 16, 8, 11, 13, 13, 17, 11, 10, 9, 20, 19, 10, 11, 8, 12, 15, 12, 14, 3, 7, 16, 8, 18, 15, 11, 20, 12, 8, 17, 19, 13, 20, 12, 16, 3, 11, 3, 6, 5, 6, 12, 8, 17, 19, 2, 20, 12, 16, 3, 11, 3, 6]
bestever    2707    in generation 44
[1, 14, 7, 10, 2, 9, 5, 2, 16, 14, 9, 10, 9, 1, 19, 14, 4, 1, 18, 10, 1, 7, 9, 14, 2, 1, 4, 2, 4, 19, 15, 15, 15, 1, 4, 14, 19, 16, 20, 14, 8, 4, 9, 18, 15, 16, 7, 2, 4, 18, 16, 18, 18, 1, 11, 4, 7, 9, 19, 7, 18, 1, 10, 13, 17, 14, 18, 1, 9, 14, 8, 8, 4, 8, 19, 5, 4, 9, 10, 7, 5, 2, 5, 5, 6, 1, 13, 2, 10, 14, 7, 8, 4, 20, 13, 6, 2, 10, 3, 6, 13, 17, 11, 20, 19, 12, 15, 12, 16, 5, 5, 10, 18, 17, 17, 7, 20, 3, 17, 2, 13, 13, 3, 14, 18, 3, 15, 6, 7, 17, 13, 17, 20, 19, 11, 12, 12, 3, 16, 8, 11, 13, 13, 17, 11, 10, 9, 20, 19, 10, 11, 8, 12, 15, 12, 3, 7, 16, 8, 18, 15, 11, 20, 12, 8, 17, 19, 13, 20, 12, 16, 3, 11, 3, 6, 5, 6, 12, 8, 17, 19, 2, 20, 12, 16, 3, 11, 3, 6, 5, 6, 15, 6, 20, 16, 11, 6, 5, 9, 15]
bestever    2682    in generation 45
[2, 16, 14, 9, 10, 9, 1, 19, 14, 4, 1, 18, 10, 1, 7, 9, 14, 2, 1, 2, 1, 14, 9, 7, 10, 15, 4, 2, 4, 19, 15, 15, 15, 1, 4, 14, 19, 16, 20, 14, 8, 4, 9, 18, 15, 16, 7, 2, 4, 18, 16, 18, 18, 1, 11, 4, 7, 9, 19, 7, 18, 1, 10, 13, 17, 14, 18, 1, 9, 14, 8, 8, 4, 8, 19, 5, 4, 9, 10, 7, 5, 2, 5, 5, 6, 1, 13, 2, 10, 14, 7, 8, 4, 20, 13, 6, 2, 10, 3, 6, 13, 17, 11, 20, 19, 12, 15, 12, 16, 5, 5, 10, 18, 17, 17, 7, 20, 3, 17, 2, 13, 13, 3, 14, 18, 3, 15, 6, 7, 17, 13, 17, 20, 19, 11, 12, 12, 3, 16, 8, 11, 13, 13, 17, 11, 10, 9, 20, 19, 10, 11, 8, 12, 15, 12, 3, 7, 16, 8, 18, 15, 11, 20, 12, 8, 17, 19, 13, 20, 12, 16, 3, 11, 3, 6, 5, 6, 12, 8, 17, 19, 2, 20, 12, 16, 3, 11, 3, 6, 5, 6, 15, 6, 20, 16, 11, 6, 5, 9, 5]
bestever    2674    in generation 46
[1, 14, 7, 10, 2, 9, 5, 2, 16, 14, 9, 10, 9, 1, 19, 14, 4, 1, 18, 10, 1, 7, 9, 14, 2, 1, 4, 2, 4, 19, 15, 15, 15, 1, 4, 14, 19, 16, 20, 14, 8, 4, 9, 18, 15, 16, 7, 2, 4, 18, 18, 18, 1, 4, 7, 9, 19, 7, 18, 1, 10, 13, 17, 14, 18, 1, 9, 14, 8, 8, 4, 8, 19, 5, 4, 10, 7, 5, 2, 5, 5, 1, 13, 2, 10, 14, 7, 4, 20, 13, 2, 10, 3, 6, 13, 17, 12, 5, 10, 18, 17, 17, 7, 3, 17, 2, 13, 13, 14, 18, 6, 7, 13, 9, 15, 16, 15, 11, 20, 8, 17, 19, 20, 16, 3, 11, 3, 6, 5, 6, 12, 17, 20, 19, 11, 12, 12, 3, 16, 8, 11, 13, 13, 17, 11, 10, 9, 20, 19, 10, 11, 8, 12, 15, 12, 3, 7, 16, 8, 18, 15, 11, 20, 12, 8, 17, 19, 13, 20, 12, 16, 3, 11, 3, 6, 5, 6, 12, 8, 17, 19, 2, 20, 12, 16, 3, 11, 3, 6, 5, 6, 15, 6, 20, 16, 11, 6, 5, 9, 15]
bestever    2654    in generation 47
[1, 14, 7, 10, 2, 9, 5, 2, 16, 14, 9, 10, 9, 1, 19, 14, 4, 1, 18, 10, 1, 7, 9, 14, 2, 1, 4, 2, 4, 19, 15, 15, 15, 1, 4, 14, 19, 16, 20, 14, 8, 4, 9, 18, 15, 16, 7, 2, 4, 18, 18, 18, 1, 4, 7, 9, 19, 7, 18, 1, 10, 13, 17, 14, 18, 1, 9, 14, 8, 8, 4, 8, 19, 5, 4, 10, 7, 5, 2, 5, 5, 6, 1, 13, 2, 10, 14, 7, 4, 20, 13, 6, 2, 10, 3, 6, 13, 17, 15, 5, 5, 10, 18, 17, 17, 7, 3, 17, 2, 13, 13, 14, 18, 6, 7, 9, 16, 15, 11, 20, 12, 8, 17, 19, 20, 12, 16, 3, 11, 3, 13, 17, 20, 19, 11, 12, 12, 3, 16, 8, 11, 13, 13, 17, 11, 10, 9, 20, 19, 10, 11, 8, 12, 15, 12, 3, 7, 16, 8, 18, 15, 11, 20, 12, 8, 17, 19, 13, 20, 12, 16, 3, 11, 3, 6, 5, 6, 12, 8, 17, 19, 2, 20, 12, 16, 3, 11, 3, 6, 5, 6, 15, 6, 20, 16, 11, 6, 5, 9, 15]
bestever    2652    in generation 55
[1, 14, 7, 10, 2, 9, 5, 2, 16, 14, 9, 10, 9, 1, 19, 14, 4, 1, 18, 10, 1, 7, 9, 14, 2, 1, 4, 2, 4, 19, 15, 15, 15, 1, 4, 14, 19, 16, 20, 14, 8, 4, 9, 18, 15, 16, 7, 2, 4, 18, 18, 18, 1, 4, 7, 9, 19, 7, 18, 1, 10, 13, 17, 14, 18, 1, 9, 14, 8, 8, 4, 8, 19, 5, 4, 10, 7, 5, 2, 5, 5, 6, 1, 13, 2, 10, 14, 7, 4, 20, 13, 6, 2, 10, 3, 6, 13, 17, 5, 5, 10, 18, 17, 17, 7, 2, 13, 13, 14, 18, 6, 7, 3, 9, 15, 3, 16, 15, 11, 20, 12, 8, 17, 19, 20, 12, 16, 3, 11, 17, 13, 17, 20, 19, 11, 12, 12, 3, 16, 8, 11, 13, 13, 17, 11, 10, 9, 20, 19, 10, 11, 8, 12, 15, 12, 3, 7, 16, 8, 18, 15, 11, 20, 12, 8, 17, 19, 13, 20, 12, 16, 3, 11, 3, 6, 5, 6, 12, 8, 17, 19, 2, 20, 12, 16, 3, 11, 3, 6, 5, 6, 15, 6, 20, 16, 11, 6, 5, 9, 15]
bestever    2583    in generation 67
[14, 7, 10, 2, 9, 5, 2, 16, 14, 10, 9, 1, 14, 4, 1, 18, 10, 1, 7, 9, 14, 2, 1, 4, 2, 4, 19, 15, 15, 15, 1, 4, 14, 19, 16, 20, 14, 8, 4, 9, 18, 15, 16, 7, 2, 4, 18, 18, 18, 1, 4, 7, 9, 19, 7, 18, 1, 10, 13, 17, 14, 18, 1, 9, 14, 8, 4, 8, 19, 5, 4, 10, 7, 5, 2, 5, 5, 6, 1, 13, 2, 14, 7, 4, 20, 13, 6, 2, 10, 3, 6, 13, 17, 5, 5, 10, 18, 17, 17, 7, 2, 13, 13, 14, 18, 6, 7, 3, 9, 15, 3, 16, 15, 11, 12, 8, 17, 19, 20, 12, 16, 3, 11, 19, 20, 16, 8, 10, 9, 17, 13, 17, 20, 19, 11, 12, 12, 3, 16, 8, 11, 13, 13, 17, 11, 10, 9, 20, 19, 10, 11, 8, 12, 15, 12, 3, 7, 16, 8, 18, 15, 11, 20, 12, 8, 17, 19, 13, 20, 12, 16, 3, 11, 3, 6, 5, 6, 12, 8, 17, 19, 2, 20, 12, 16, 3, 11, 3, 6, 5, 6, 15, 6, 20, 11, 6, 5, 9, 15, 1]
bestever    2582    in generation 68
[1, 14, 7, 10, 2, 9, 5, 2, 16, 14, 9, 10, 9, 1, 19, 14, 4, 1, 18, 10, 1, 7, 9, 14, 2, 1, 4, 2, 4, 19, 15, 15, 15, 1, 4, 14, 19, 16, 20, 14, 8, 4, 9, 18, 15, 16, 7, 2, 4, 18, 18, 18, 1, 4, 7, 9, 19, 7, 18, 1, 10, 13, 17, 14, 18, 1, 9, 14, 8, 8, 4, 8, 19, 5, 4, 10, 7, 5, 2, 5, 5, 6, 1, 13, 2, 10, 14, 7, 4, 20, 13, 6, 2, 10, 3, 6, 13, 17, 5, 5, 10, 18, 17, 17, 7, 2, 13, 13, 14, 18, 6, 7, 3, 9, 15, 3, 16, 15, 11, 20, 12, 8, 17, 19, 20, 12, 16, 3, 11, 17, 13, 17, 20, 19, 5, 12, 12, 3, 16, 8, 11, 13, 13, 17, 11, 10, 9, 20, 19, 10, 11, 8, 12, 15, 12, 3, 7, 16, 8, 18, 15, 11, 20, 12, 8, 17, 19, 13, 20, 12, 16, 3, 11, 3, 6, 11, 6, 12, 8, 17, 19, 2, 20, 12, 16, 3, 11, 3, 6, 5, 6, 15, 6, 20, 16, 11, 6, 5, 9, 15]
bestever    2551    in generation 80
[1, 14, 7, 10, 2, 9, 5, 2, 16, 14, 9, 10, 9, 1, 19, 14, 4, 1, 18, 10, 1, 7, 9, 14, 2, 1, 4, 2, 4, 19, 15, 15, 1, 4, 14, 19, 16, 20, 14, 8, 4, 9, 18, 16, 7, 2, 4, 18, 18, 18, 1, 4, 7, 9, 19, 7, 18, 1, 10, 13, 17, 14, 18, 1, 9, 14, 8, 8, 4, 8, 19, 5, 4, 10, 7, 5, 2, 5, 5, 6, 1, 13, 2, 10, 14, 7, 4, 20, 13, 6, 2, 10, 3, 6, 13, 17, 5, 5, 10, 18, 17, 17, 7, 2, 13, 13, 14, 18, 6, 7, 9, 15, 3, 8, 11, 20, 12, 8, 17, 19, 20, 16, 3, 11, 17, 13, 17, 20, 19, 11, 12, 12, 3, 16, 8, 11, 13, 13, 17, 11, 10, 9, 20, 19, 10, 11, 8, 12, 6, 12, 3, 16, 15, 15, 12, 3, 7, 16, 18, 11, 20, 12, 8, 17, 19, 13, 20, 12, 3, 3, 6, 6, 12, 8, 15, 17, 19, 2, 20, 12, 16, 3, 11, 3, 6, 5, 6, 15, 6, 20, 16, 11, 15, 5, 16, 11, 15, 5, 9, 15]
bestever    2496    in generation 86
[14, 7, 10, 2, 9, 5, 2, 16, 14, 9, 10, 9, 1, 19, 14, 4, 1, 18, 10, 1, 7, 14, 2, 1, 4, 2, 4, 19, 1, 4, 14, 19, 20, 14, 8, 4, 9, 18, 7, 2, 4, 18, 18, 18, 1, 4, 7, 9, 19, 7, 18, 1, 10, 13, 17, 14, 18, 1, 9, 14, 8, 8, 4, 8, 19, 5, 4, 10, 7, 5, 2, 6, 1, 13, 14, 7, 4, 20, 13, 2, 3, 13, 17, 5, 5, 10, 18, 17, 17, 2, 13, 13, 14, 7, 9, 3, 8, 11, 20, 12, 8, 17, 17, 13, 12, 8, 10, 9, 10, 16, 15, 15, 7, 16, 18, 11, 19, 13, 13, 17, 11, 10, 9, 20, 19, 10, 11, 8, 12, 6, 12, 3, 16, 15, 12, 3, 7, 16, 18, 11, 20, 12, 8, 17, 19, 13, 20, 12, 3, 3, 6, 6, 12, 8, 15, 17, 19, 2, 20, 12, 16, 3, 11, 3, 6, 5, 6, 15, 6, 20, 16, 11, 15, 5, 15, 17, 19, 2, 20, 12, 16, 3, 11, 3, 6, 5, 6, 15, 6, 20, 16, 11, 15, 5, 16, 11, 15, 5, 9, 1]
bestever    2379    in generation 94
[9, 15, 9, 1, 19, 14, 4, 1, 18, 10, 1, 7, 9, 14, 1, 4, 4, 19, 15, 1, 4, 14, 19, 16, 20, 14, 8, 4, 9, 18, 16, 2, 4, 18, 18, 18, 1, 9, 19, 7, 18, 1, 10, 13, 17, 14, 18, 9, 8, 8, 8, 19, 5, 4, 10, 7, 5, 2, 5, 5, 6, 1, 13, 2, 10, 14, 7, 4, 8, 5, 4, 10, 7, 2, 1, 13, 2, 10, 14, 7, 4, 20, 13, 2, 10, 3, 17, 10, 18, 17, 17, 7, 2, 13, 13, 14, 18, 7, 9, 3, 8, 11, 20, 12, 8, 17, 11, 17, 13, 12, 9, 7, 1, 14, 9, 5, 19, 13, 13, 17, 11, 10, 9, 20, 19, 10, 11, 8, 12, 6, 12, 3, 16, 15, 12, 3, 7, 16, 18, 11, 20, 12, 8, 17, 19, 13, 20, 12, 3, 3, 6, 6, 12, 8, 15, 17, 19, 2, 20, 12, 16, 3, 11, 3, 6, 5, 6, 15, 6, 20, 16, 11, 15, 5, 15, 17, 19, 2, 20, 12, 16, 3, 11, 3, 6, 5, 6, 15, 6, 20, 16, 11, 15, 5, 16, 11, 15, 2, 16, 14]
bestever    2225    in generation 98
[9, 9, 1, 19, 14, 4, 1, 18, 10, 1, 7, 9, 14, 1, 4, 4, 19, 1, 4, 14, 19, 16, 20, 14, 8, 4, 9, 18, 2, 4, 18, 18, 18, 1, 9, 19, 7, 18, 1, 10, 13, 17, 14, 18, 9, 8, 8, 8, 19, 5, 4, 10, 7, 2, 5, 6, 1, 13, 2, 10, 14, 7, 4, 8, 5, 4, 10, 7, 2, 1, 13, 2, 10, 14, 7, 4, 20, 13, 2, 10, 3, 17, 10, 18, 17, 17, 7, 2, 13, 13, 14, 18, 7, 9, 3, 8, 11, 20, 12, 8, 17, 17, 13, 12, 9, 7, 1, 14, 9, 5, 19, 13, 13, 17, 10, 9, 20, 19, 10, 8, 12, 6, 12, 3, 15, 12, 3, 7, 16, 18, 11, 12, 8, 17, 19, 13, 12, 12, 8, 15, 17, 19, 2, 20, 12, 16, 3, 11, 3, 5, 15, 20, 16, 11, 3, 11, 3, 6, 5, 6, 15, 6, 20, 16, 11, 5, 6, 15, 6, 20, 16, 11, 15, 5, 15, 17, 19, 2, 20, 12, 16, 3, 11, 3, 6, 5, 6, 15, 6, 20, 16, 11, 15, 5, 16, 11, 15, 2, 16, 14]
bestever    2210    in generation 109
[9, 9, 1, 19, 14, 4, 1, 18, 10, 1, 7, 9, 14, 1, 4, 4, 19, 1, 4, 14, 19, 20, 14, 8, 4, 9, 18, 2, 4, 18, 18, 18, 1, 9, 19, 7, 18, 1, 10, 13, 17, 14, 18, 9, 8, 8, 8, 19, 5, 4, 10, 7, 2, 5, 6, 1, 13, 2, 10, 14, 7, 4, 8, 5, 4, 10, 7, 2, 1, 13, 2, 10, 14, 7, 4, 20, 13, 2, 10, 3, 17, 10, 18, 17, 17, 7, 13, 13, 14, 18, 7, 9, 3, 8, 11, 20, 12, 8, 17, 17, 13, 12, 9, 7, 1, 14, 9, 19, 13, 13, 17, 10, 9, 20, 19, 10, 8, 12, 6, 12, 3, 15, 12, 3, 7, 18, 12, 8, 17, 19, 13, 12, 12, 8, 17, 19, 2, 16, 5, 16, 11, 15, 2, 20, 12, 16, 3, 11, 3, 5, 15, 20, 16, 11, 3, 11, 3, 6, 5, 6, 15, 6, 20, 16, 11, 5, 6, 15, 6, 20, 16, 11, 15, 5, 15, 17, 19, 2, 20, 12, 16, 3, 11, 3, 6, 5, 6, 15, 6, 20, 16, 11, 15, 5, 16, 11, 15, 2, 16, 14]
bestever    2203    in generation 120
[9, 9, 1, 19, 14, 4, 1, 18, 10, 1, 7, 9, 14, 1, 4, 4, 19, 1, 4, 14, 19, 20, 14, 8, 4, 9, 18, 2, 4, 18, 18, 18, 1, 9, 19, 7, 18, 1, 10, 13, 17, 14, 18, 9, 8, 8, 8, 19, 5, 4, 10, 7, 2, 5, 6, 1, 13, 2, 10, 14, 7, 4, 8, 5, 4, 10, 7, 2, 1, 13, 2, 10, 14, 7, 4, 20, 13, 2, 10, 3, 17, 10, 14, 17, 17, 7, 13, 13, 14, 18, 7, 9, 3, 8, 11, 20, 12, 8, 17, 17, 13, 12, 9, 7, 1, 14, 9, 19, 13, 13, 17, 10, 9, 20, 19, 10, 8, 12, 6, 12, 3, 15, 12, 3, 7, 18, 12, 8, 17, 19, 13, 12, 12, 8, 17, 19, 2, 16, 5, 16, 11, 15, 2, 20, 12, 16, 3, 11, 3, 5, 15, 20, 16, 11, 3, 11, 3, 6, 5, 6, 15, 6, 20, 16, 11, 5, 6, 15, 6, 20, 16, 11, 15, 5, 15, 17, 19, 2, 20, 12, 16, 3, 11, 3, 6, 5, 6, 15, 6, 20, 16, 11, 15, 5, 16, 11, 15, 2, 16, 18]
bestever    2170    in generation 123
[9, 9, 1, 19, 14, 4, 1, 18, 10, 1, 7, 9, 14, 1, 4, 4, 19, 1, 4, 14, 19, 20, 14, 8, 4, 9, 18, 2, 4, 18, 18, 18, 1, 9, 19, 7, 18, 1, 10, 13, 17, 14, 18, 9, 8, 8, 8, 19, 5, 4, 10, 7, 2, 11, 6, 1, 13, 2, 10, 14, 7, 4, 8, 5, 4, 10, 7, 2, 1, 13, 2, 10, 14, 7, 4, 20, 13, 2, 10, 3, 17, 10, 14, 17, 17, 7, 13, 13, 14, 18, 7, 9, 3, 8, 11, 20, 12, 8, 17, 17, 13, 12, 9, 7, 1, 14, 9, 19, 13, 13, 17, 10, 9, 20, 19, 10, 8, 12, 6, 12, 3, 15, 12, 3, 7, 18, 12, 8, 17, 19, 13, 12, 12, 8, 17, 19, 2, 16, 5, 16, 11, 15, 2, 20, 12, 16, 3, 5, 3, 5, 15, 20, 16, 11, 3, 11, 3, 6, 5, 6, 15, 6, 20, 16, 11, 5, 6, 15, 6, 20, 16, 11, 15, 5, 15, 17, 19, 2, 20, 12, 16, 3, 11, 3, 6, 5, 6, 15, 6, 20, 16, 11, 15, 5, 16, 11, 15, 2, 16, 18]
bestever    2137    in generation 135
[9, 9, 1, 19, 14, 4, 1, 18, 10, 1, 7, 9, 14, 1, 4, 4, 19, 1, 4, 14, 19, 20, 14, 8, 4, 9, 18, 2, 4, 18, 18, 18, 1, 9, 19, 7, 18, 1, 10, 13, 17, 14, 18, 9, 8, 8, 8, 19, 5, 4, 10, 7, 2, 11, 6, 1, 13, 2, 10, 14, 7, 4, 8, 5, 4, 10, 7, 2, 1, 13, 2, 10, 14, 7, 4, 20, 13, 2, 10, 3, 17, 10, 14, 17, 17, 7, 13, 8, 14, 18, 7, 9, 3, 8, 11, 20, 12, 13, 17, 17, 13, 12, 9, 7, 1, 14, 9, 19, 13, 13, 17, 10, 9, 20, 19, 10, 8, 12, 6, 12, 3, 15, 12, 3, 7, 18, 12, 8, 17, 19, 13, 12, 12, 8, 17, 19, 2, 16, 5, 16, 11, 15, 2, 20, 12, 16, 3, 5, 3, 5, 15, 20, 16, 11, 3, 11, 3, 6, 5, 6, 15, 6, 20, 16, 11, 5, 6, 15, 6, 20, 16, 11, 15, 5, 15, 17, 19, 2, 20, 12, 16, 3, 11, 3, 6, 5, 6, 15, 6, 20, 16, 11, 15, 5, 16, 11, 15, 2, 16, 18]
bestever    2112    in generation 151
[9, 9, 1, 19, 14, 4, 1, 18, 10, 1, 7, 9, 14, 1, 4, 4, 1, 4, 14, 19, 20, 14, 8, 4, 9, 18, 2, 4, 18, 18, 18, 1, 9, 19, 7, 18, 1, 10, 13, 17, 14, 18, 9, 8, 8, 8, 19, 5, 4, 10, 7, 2, 11, 6, 1, 13, 2, 10, 14, 7, 4, 8, 5, 4, 10, 7, 2, 1, 13, 2, 10, 14, 7, 4, 20, 13, 2, 10, 3, 17, 10, 14, 17, 17, 7, 13, 8, 14, 18, 7, 9, 3, 8, 20, 11, 12, 17, 17, 13, 12, 7, 1, 14, 9, 19, 13, 9, 19, 13, 13, 17, 10, 9, 20, 19, 10, 8, 12, 6, 12, 3, 15, 12, 3, 7, 18, 12, 8, 17, 19, 13, 12, 12, 8, 17, 19, 2, 16, 5, 16, 11, 15, 2, 20, 12, 16, 3, 5, 3, 5, 15, 20, 16, 11, 3, 11, 3, 6, 5, 6, 15, 6, 20, 16, 11, 5, 6, 15, 6, 20, 16, 11, 15, 5, 15, 17, 19, 2, 20, 12, 16, 3, 11, 3, 6, 5, 6, 15, 6, 20, 16, 11, 15, 5, 16, 11, 15, 2, 16, 18]
bestever    2106    in generation 173
[9, 9, 1, 19, 14, 4, 1, 18, 10, 1, 7, 9, 14, 1, 4, 4, 1, 4, 14, 19, 20, 14, 8, 4, 9, 18, 2, 4, 18, 18, 18, 1, 9, 19, 7, 18, 1, 10, 13, 17, 14, 18, 9, 8, 8, 8, 19, 5, 4, 10, 7, 2, 11, 6, 1, 13, 2, 10, 14, 7, 4, 8, 5, 4, 10, 7, 2, 1, 13, 2, 10, 14, 7, 4, 20, 13, 2, 10, 3, 17, 10, 14, 17, 17, 7, 13, 8, 14, 18, 7, 9, 3, 8, 20, 11, 12, 17, 17, 13, 12, 7, 1, 14, 9, 19, 13, 9, 19, 13, 13, 17, 10, 9, 20, 19, 10, 8, 12, 6, 12, 3, 15, 12, 3, 7, 18, 12, 8, 17, 19, 13, 12, 12, 8, 17, 19, 2, 16, 5, 16, 11, 15, 2, 20, 12, 16, 3, 5, 3, 5, 15, 20, 11, 3, 11, 6, 5, 6, 15, 6, 20, 16, 11, 5, 6, 15, 6, 16, 11, 15, 5, 15, 17, 19, 2, 20, 16, 3, 20, 12, 16, 3, 11, 3, 6, 5, 6, 15, 6, 20, 16, 11, 15, 5, 16, 11, 15, 2, 16, 18]
bestever    2105    in generation 207
[9, 9, 1, 19, 14, 4, 1, 18, 10, 1, 7, 9, 14, 1, 4, 4, 1, 4, 14, 19, 20, 14, 8, 4, 9, 18, 2, 4, 18, 18, 18, 1, 9, 19, 7, 18, 1, 10, 13, 17, 14, 18, 9, 8, 8, 8, 19, 5, 4, 10, 7, 2, 11, 6, 1, 13, 2, 10, 14, 7, 4, 8, 5, 4, 10, 7, 2, 1, 13, 2, 10, 14, 7, 4, 20, 13, 2, 10, 3, 17, 10, 14, 17, 17, 7, 13, 8, 14, 18, 7, 9, 3, 8, 20, 11, 12, 17, 17, 13, 12, 7, 1, 14, 9, 19, 13, 9, 19, 13, 13, 17, 10, 9, 20, 19, 10, 8, 12, 6, 12, 3, 15, 12, 3, 7, 18, 12, 8, 17, 19, 13, 12, 12, 8, 17, 19, 2, 16, 5, 16, 11, 15, 20, 12, 3, 5, 3, 5, 15, 20, 11, 3, 11, 6, 5, 6, 6, 5, 6, 15, 16, 11, 15, 15, 2, 16, 20, 16, 11, 5, 6, 15, 17, 19, 2, 20, 16, 3, 20, 12, 16, 3, 11, 3, 6, 5, 6, 15, 6, 20, 16, 11, 15, 5, 16, 11, 15, 2, 16, 18]
bestever    2077    in generation 213
[9, 9, 1, 19, 14, 4, 1, 18, 10, 1, 7, 9, 14, 1, 4, 4, 1, 4, 14, 19, 20, 14, 8, 4, 9, 18, 2, 4, 18, 18, 18, 1, 9, 19, 7, 18, 1, 10, 13, 17, 14, 18, 9, 8, 8, 8, 19, 5, 4, 10, 7, 2, 11, 6, 1, 13, 2, 10, 14, 7, 4, 8, 5, 4, 10, 7, 2, 1, 13, 2, 10, 14, 7, 4, 20, 13, 2, 10, 3, 17, 10, 14, 17, 17, 7, 13, 8, 14, 18, 7, 9, 3, 8, 20, 11, 12, 17, 17, 13, 12, 7, 1, 14, 9, 19, 13, 9, 19, 13, 13, 17, 10, 9, 20, 19, 10, 8, 12, 6, 12, 3, 15, 12, 3, 7, 18, 12, 8, 17, 19, 13, 12, 12, 8, 17, 19, 2, 16, 5, 16, 11, 15, 20, 12, 3, 5, 3, 5, 15, 20, 11, 3, 11, 6, 5, 6, 6, 5, 6, 15, 16, 15, 2, 20, 6, 17, 19, 2, 3, 12, 16, 15, 20, 16, 3, 11, 3, 6, 5, 6, 15, 6, 20, 16, 11, 15, 5, 16, 11, 20, 16, 11, 15, 5, 16, 11, 15, 2, 16, 18]
bestever    2064    in generation 234
[9, 9, 1, 19, 14, 4, 1, 18, 10, 1, 7, 9, 14, 1, 4, 4, 1, 4, 14, 19, 20, 14, 8, 4, 9, 18, 2, 4, 18, 18, 18, 1, 9, 19, 7, 18, 1, 10, 13, 17, 14, 18, 9, 8, 8, 8, 19, 5, 4, 10, 7, 2, 11, 6, 1, 13, 2, 10, 14, 7, 4, 8, 5, 17, 10, 7, 2, 1, 13, 2, 10, 14, 7, 4, 20, 13, 2, 10, 3, 17, 10, 14, 17, 17, 7, 13, 8, 14, 18, 7, 9, 3, 8, 20, 11, 12, 17, 17, 13, 12, 7, 1, 14, 9, 19, 13, 9, 19, 13, 13, 4, 10, 9, 20, 19, 10, 8, 12, 6, 12, 3, 15, 12, 3, 7, 18, 12, 8, 17, 19, 13, 12, 12, 8, 17, 19, 2, 16, 5, 16, 11, 15, 20, 12, 3, 5, 3, 5, 15, 20, 11, 3, 11, 6, 5, 6, 6, 5, 6, 15, 16, 15, 2, 20, 6, 17, 19, 2, 3, 12, 16, 15, 20, 16, 3, 11, 3, 6, 5, 6, 15, 6, 20, 16, 11, 15, 5, 16, 11, 20, 16, 11, 15, 5, 16, 11, 15, 2, 16, 18]
bestever    2038    in generation 261
[9, 9, 1, 19, 14, 4, 1, 18, 10, 1, 7, 9, 14, 1, 4, 4, 1, 4, 14, 19, 20, 14, 8, 4, 9, 18, 2, 4, 18, 18, 18, 1, 9, 19, 7, 18, 1, 10, 13, 17, 14, 18, 9, 8, 8, 8, 19, 5, 4, 10, 7, 2, 11, 6, 1, 13, 2, 10, 14, 7, 4, 8, 5, 17, 10, 7, 2, 1, 13, 2, 10, 14, 7, 4, 20, 13, 2, 10, 3, 17, 10, 14, 17, 17, 7, 13, 8, 14, 18, 7, 9, 3, 8, 20, 11, 12, 17, 17, 13, 12, 7, 1, 14, 9, 19, 13, 9, 19, 13, 13, 4, 10, 9, 20, 19, 10, 8, 12, 6, 12, 3, 15, 12, 3, 7, 18, 12, 8, 17, 19, 13, 12, 12, 8, 17, 19, 16, 5, 11, 15, 20, 12, 3, 5, 3, 5, 20, 11, 3, 6, 5, 2, 11, 15, 16, 6, 6, 5, 6, 15, 16, 15, 2, 20, 6, 17, 19, 2, 3, 12, 16, 15, 20, 16, 3, 11, 3, 6, 5, 6, 15, 6, 20, 16, 11, 15, 5, 16, 11, 20, 16, 11, 15, 5, 16, 11, 15, 2, 16, 18]
bestever    2035    in generation 276
[9, 9, 1, 19, 14, 4, 1, 18, 10, 1, 7, 9, 14, 1, 4, 4, 1, 4, 14, 19, 20, 14, 8, 4, 9, 18, 2, 4, 18, 18, 18, 1, 9, 19, 7, 18, 1, 10, 13, 17, 14, 9, 8, 8, 8, 19, 5, 4, 10, 7, 2, 11, 6, 1, 13, 2, 10, 14, 7, 4, 8, 5, 17, 10, 7, 2, 1, 13, 2, 10, 14, 7, 4, 20, 13, 10, 3, 17, 10, 14, 17, 17, 18, 7, 13, 8, 14, 18, 7, 9, 3, 8, 20, 11, 12, 17, 17, 13, 12, 7, 1, 14, 9, 19, 13, 9, 19, 13, 13, 4, 10, 9, 19, 10, 8, 12, 6, 12, 3, 15, 12, 3, 7, 18, 12, 8, 17, 19, 13, 12, 12, 8, 17, 19, 16, 5, 11, 15, 20, 12, 3, 5, 3, 5, 20, 11, 3, 6, 5, 2, 11, 15, 16, 6, 5, 6, 15, 16, 15, 2, 20, 6, 2, 20, 6, 17, 19, 2, 3, 12, 16, 15, 20, 16, 3, 11, 3, 6, 5, 6, 15, 6, 20, 16, 11, 15, 5, 16, 11, 20, 16, 11, 15, 5, 16, 11, 15, 2, 16, 18]
bestever    2029    in generation 316
[9, 9, 1, 19, 14, 4, 1, 18, 10, 1, 7, 9, 14, 1, 4, 4, 1, 4, 14, 19, 20, 14, 8, 4, 9, 18, 2, 4, 18, 18, 18, 1, 9, 19, 7, 18, 1, 10, 13, 17, 14, 18, 9, 8, 8, 8, 19, 5, 4, 10, 7, 2, 11, 6, 1, 13, 2, 10, 14, 7, 4, 8, 5, 17, 10, 7, 2, 1, 13, 2, 10, 14, 7, 4, 20, 13, 10, 3, 17, 10, 14, 17, 14, 7, 13, 8, 14, 7, 9, 3, 8, 20, 11, 12, 17, 17, 13, 12, 7, 18, 1, 17, 9, 19, 13, 9, 19, 13, 13, 4, 10, 9, 19, 10, 8, 12, 6, 12, 3, 15, 12, 3, 7, 18, 12, 8, 17, 19, 13, 12, 12, 8, 17, 19, 16, 5, 11, 15, 20, 12, 3, 5, 3, 5, 20, 11, 3, 6, 5, 2, 11, 15, 16, 6, 5, 6, 15, 16, 15, 2, 20, 6, 2, 20, 6, 17, 19, 2, 3, 12, 16, 15, 20, 16, 3, 11, 3, 6, 5, 6, 15, 6, 20, 16, 11, 15, 5, 16, 11, 20, 16, 11, 15, 5, 16, 11, 15, 2, 16, 18]
bestever    2028    in generation 335
[9, 9, 1, 19, 14, 4, 1, 18, 10, 1, 7, 9, 14, 1, 4, 4, 1, 4, 14, 19, 20, 14, 8, 4, 9, 18, 2, 4, 18, 18, 18, 1, 9, 19, 7, 18, 1, 10, 13, 17, 14, 18, 9, 8, 8, 8, 19, 5, 4, 10, 7, 2, 11, 6, 1, 13, 2, 10, 14, 7, 4, 8, 5, 17, 10, 7, 2, 1, 13, 2, 10, 14, 7, 4, 20, 13, 10, 3, 17, 10, 14, 17, 14, 7, 13, 8, 14, 7, 9, 3, 8, 20, 11, 12, 17, 17, 13, 12, 7, 18, 1, 17, 9, 19, 13, 9, 19, 13, 13, 4, 10, 9, 19, 10, 8, 12, 6, 12, 3, 15, 12, 3, 7, 18, 12, 8, 17, 19, 13, 12, 12, 8, 17, 19, 16, 5, 11, 15, 20, 12, 3, 5, 3, 5, 20, 11, 3, 6, 5, 2, 11, 15, 16, 6, 5, 6, 15, 16, 15, 2, 20, 2, 2, 20, 6, 17, 19, 2, 3, 12, 16, 15, 20, 16, 3, 11, 3, 6, 5, 6, 15, 6, 20, 16, 11, 15, 5, 16, 11, 20, 16, 11, 15, 5, 16, 11, 15, 6, 16, 18]
bestever    2010    in generation 345
[9, 9, 1, 19, 14, 4, 1, 18, 10, 1, 7, 9, 14, 1, 4, 4, 1, 4, 14, 19, 2, 14, 8, 4, 9, 18, 20, 4, 18, 18, 18, 1, 9, 19, 7, 18, 1, 10, 13, 17, 14, 18, 9, 8, 8, 8, 19, 5, 4, 10, 7, 2, 11, 6, 1, 13, 2, 10, 14, 7, 4, 8, 5, 17, 10, 7, 2, 1, 13, 2, 10, 14, 7, 4, 20, 13, 10, 3, 17, 10, 14, 17, 14, 7, 13, 8, 14, 7, 9, 3, 8, 20, 11, 12, 17, 17, 13, 12, 7, 18, 1, 17, 9, 19, 13, 9, 19, 13, 13, 4, 10, 9, 19, 10, 8, 12, 6, 12, 3, 15, 12, 3, 7, 18, 12, 8, 17, 19, 13, 12, 12, 8, 17, 19, 16, 5, 11, 15, 20, 12, 3, 5, 3, 5, 20, 11, 3, 6, 5, 2, 11, 15, 16, 6, 5, 6, 15, 16, 15, 2, 20, 2, 2, 20, 6, 17, 19, 2, 3, 12, 16, 15, 20, 16, 3, 11, 3, 6, 5, 6, 15, 6, 20, 16, 11, 15, 5, 16, 11, 20, 16, 11, 15, 5, 16, 11, 15, 6, 16, 18]
bestever    1997    in generation 362
[9, 9, 1, 19, 14, 4, 1, 18, 10, 1, 7, 9, 14, 1, 4, 4, 1, 4, 14, 19, 2, 14, 8, 4, 9, 18, 20, 4, 18, 18, 18, 1, 9, 19, 7, 18, 1, 10, 13, 17, 14, 18, 9, 8, 8, 8, 19, 5, 4, 10, 7, 2, 11, 6, 1, 13, 2, 10, 14, 7, 4, 8, 5, 17, 10, 7, 2, 1, 13, 2, 10, 14, 7, 4, 20, 13, 10, 3, 17, 10, 14, 17, 14, 7, 13, 8, 14, 7, 9, 3, 8, 20, 11, 12, 17, 17, 13, 12, 7, 18, 1, 17, 9, 19, 13, 9, 19, 13, 13, 4, 10, 9, 19, 10, 8, 12, 6, 12, 3, 15, 12, 3, 7, 18, 12, 8, 17, 19, 13, 12, 12, 8, 17, 19, 16, 5, 11, 15, 20, 12, 3, 5, 3, 5, 20, 11, 3, 6, 5, 2, 11, 15, 16, 6, 5, 6, 15, 16, 15, 2, 20, 2, 2, 20, 17, 19, 2, 3, 12, 20, 11, 16, 3, 3, 6, 5, 6, 15, 6, 20, 16, 11, 15, 5, 16, 11, 20, 16, 11, 15, 5, 16, 11, 15, 6, 16, 15, 6, 16, 18]
bestever    1994    in generation 389
[9, 9, 1, 19, 14, 4, 1, 18, 10, 1, 7, 9, 14, 1, 4, 4, 1, 4, 14, 19, 2, 14, 8, 4, 9, 18, 20, 4, 18, 18, 18, 1, 9, 19, 7, 18, 1, 10, 13, 17, 14, 18, 9, 8, 8, 8, 19, 5, 4, 10, 7, 2, 11, 1, 13, 2, 10, 14, 7, 4, 8, 5, 17, 10, 7, 2, 1, 13, 2, 10, 14, 7, 4, 20, 13, 10, 3, 17, 10, 14, 17, 14, 7, 13, 8, 14, 7, 9, 3, 8, 20, 11, 12, 17, 17, 13, 12, 7, 18, 1, 17, 9, 19, 13, 9, 19, 13, 13, 4, 10, 9, 19, 10, 8, 12, 12, 3, 15, 12, 3, 7, 18, 12, 8, 17, 19, 13, 12, 12, 8, 17, 19, 5, 20, 6, 6, 16, 11, 15, 12, 3, 5, 3, 5, 20, 11, 3, 6, 5, 2, 11, 15, 16, 6, 5, 6, 15, 16, 15, 2, 20, 2, 2, 20, 17, 19, 2, 3, 12, 20, 11, 16, 3, 3, 6, 5, 6, 15, 6, 20, 16, 11, 15, 5, 16, 11, 20, 16, 11, 15, 5, 16, 11, 15, 6, 16, 15, 6, 16, 18]
bestever    1975    in generation 430
[9, 9, 1, 19, 14, 4, 1, 18, 10, 1, 7, 9, 14, 1, 4, 4, 1, 4, 14, 19, 2, 14, 8, 4, 9, 18, 20, 4, 18, 18, 18, 1, 9, 19, 7, 18, 1, 10, 13, 17, 14, 18, 9, 8, 8, 8, 19, 5, 4, 10, 7, 2, 11, 1, 13, 2, 10, 14, 7, 4, 8, 5, 17, 10, 7, 2, 1, 13, 2, 10, 14, 7, 4, 20, 13, 10, 3, 17, 10, 14, 17, 14, 7, 13, 8, 14, 7, 9, 3, 8, 20, 11, 12, 17, 13, 12, 7, 18, 1, 17, 9, 19, 13, 9, 13, 13, 4, 10, 9, 19, 10, 8, 12, 3, 15, 12, 3, 7, 18, 12, 8, 17, 19, 12, 17, 19, 13, 12, 12, 8, 17, 19, 5, 20, 6, 6, 16, 11, 15, 12, 3, 5, 3, 5, 20, 11, 3, 6, 5, 2, 11, 15, 16, 6, 5, 6, 15, 16, 15, 2, 20, 2, 2, 20, 17, 19, 2, 3, 12, 20, 11, 16, 3, 3, 6, 5, 6, 15, 6, 20, 16, 11, 15, 5, 16, 11, 20, 16, 11, 15, 5, 16, 11, 15, 6, 16, 15, 6, 16, 18]
bestever    1964    in generation 490
[9, 9, 1, 19, 14, 4, 1, 18, 10, 1, 7, 9, 14, 1, 4, 4, 1, 4, 14, 19, 2, 14, 8, 4, 9, 18, 20, 4, 18, 18, 18, 1, 9, 19, 7, 18, 1, 10, 13, 17, 14, 18, 9, 8, 8, 8, 19, 5, 4, 10, 7, 2, 11, 1, 13, 2, 10, 14, 7, 4, 8, 5, 17, 10, 7, 2, 1, 13, 2, 10, 14, 7, 4, 20, 13, 10, 3, 17, 10, 14, 17, 14, 7, 13, 8, 14, 7, 9, 3, 8, 20, 12, 17, 13, 12, 7, 18, 1, 17, 9, 19, 13, 9, 13, 13, 4, 10, 9, 19, 10, 8, 12, 3, 12, 3, 7, 12, 8, 18, 18, 16, 17, 19, 12, 17, 19, 13, 12, 12, 8, 17, 19, 5, 20, 6, 6, 16, 11, 12, 3, 5, 3, 5, 20, 11, 3, 6, 5, 2, 11, 6, 5, 6, 15, 15, 16, 15, 16, 15, 2, 20, 2, 2, 20, 17, 19, 2, 3, 12, 20, 11, 16, 3, 3, 6, 5, 6, 15, 6, 20, 16, 11, 15, 5, 16, 11, 20, 16, 11, 15, 5, 16, 11, 15, 6, 16, 15, 6, 11, 15]
bestever    1961    in generation 564
[9, 9, 1, 19, 14, 4, 1, 18, 10, 1, 7, 9, 14, 1, 4, 4, 1, 4, 14, 19, 2, 14, 8, 4, 9, 18, 20, 4, 18, 18, 18, 1, 9, 19, 7, 18, 1, 10, 13, 17, 14, 18, 9, 8, 8, 8, 19, 5, 4, 10, 7, 2, 11, 1, 13, 2, 10, 14, 7, 4, 8, 5, 17, 10, 7, 2, 1, 13, 2, 10, 14, 7, 4, 20, 13, 10, 3, 17, 10, 14, 17, 14, 7, 13, 8, 14, 7, 9, 3, 8, 20, 12, 17, 13, 12, 7, 18, 1, 17, 9, 19, 13, 9, 13, 13, 4, 10, 9, 19, 10, 8, 12, 3, 12, 3, 7, 12, 8, 18, 18, 16, 17, 19, 12, 17, 19, 13, 12, 12, 8, 17, 19, 5, 20, 6, 6, 16, 11, 12, 3, 5, 3, 5, 20, 11, 3, 6, 5, 2, 11, 6, 5, 6, 15, 15, 16, 15, 16, 15, 2, 20, 2, 5, 20, 17, 19, 2, 3, 12, 20, 11, 16, 3, 3, 6, 2, 6, 15, 6, 20, 16, 11, 15, 5, 16, 11, 20, 16, 11, 15, 5, 16, 11, 15, 6, 16, 15, 6, 11, 15]
bestever    1942    in generation 577
[9, 9, 1, 19, 14, 4, 1, 18, 10, 1, 7, 9, 14, 1, 4, 4, 1, 4, 14, 19, 2, 14, 8, 4, 9, 18, 20, 4, 18, 18, 18, 1, 9, 19, 7, 18, 1, 10, 13, 17, 14, 18, 9, 8, 8, 8, 19, 5, 4, 10, 7, 2, 11, 1, 13, 2, 10, 14, 7, 4, 8, 5, 17, 10, 7, 2, 1, 13, 2, 10, 14, 7, 4, 20, 13, 10, 3, 17, 10, 14, 17, 14, 7, 13, 8, 14, 7, 9, 3, 8, 20, 12, 17, 13, 12, 7, 18, 1, 17, 9, 19, 13, 9, 13, 13, 4, 10, 9, 19, 10, 8, 12, 3, 12, 3, 7, 12, 8, 18, 18, 16, 17, 19, 12, 17, 19, 13, 12, 12, 8, 17, 19, 5, 20, 6, 6, 16, 11, 12, 3, 5, 3, 5, 20, 11, 3, 6, 5, 2, 11, 5, 15, 15, 16, 16, 2, 20, 2, 20, 17, 19, 2, 3, 12, 20, 3, 2, 6, 15, 11, 15, 3, 6, 5, 6, 15, 6, 20, 16, 11, 15, 5, 16, 11, 20, 16, 11, 15, 5, 16, 11, 15, 6, 16, 6, 16, 15, 6, 11, 15]
bestever    1933    in generation 596
[9, 9, 1, 19, 14, 4, 1, 18, 10, 1, 7, 9, 14, 1, 4, 4, 1, 4, 14, 19, 2, 14, 8, 4, 9, 18, 20, 4, 18, 18, 18, 1, 9, 19, 7, 18, 1, 10, 13, 17, 14, 18, 9, 8, 10, 8, 19, 5, 4, 10, 7, 2, 11, 1, 13, 2, 10, 14, 7, 4, 8, 5, 17, 10, 7, 2, 1, 13, 2, 10, 14, 7, 4, 20, 13, 10, 3, 17, 8, 14, 17, 14, 7, 13, 8, 14, 7, 9, 3, 8, 20, 12, 17, 13, 12, 7, 18, 1, 17, 9, 19, 13, 9, 13, 13, 4, 10, 9, 19, 10, 8, 12, 19, 12, 3, 7, 12, 8, 18, 18, 16, 17, 3, 12, 17, 19, 13, 12, 12, 8, 17, 19, 5, 20, 6, 6, 16, 11, 12, 3, 5, 3, 5, 20, 11, 3, 6, 5, 2, 11, 5, 15, 15, 16, 16, 2, 20, 2, 20, 17, 19, 2, 3, 12, 20, 3, 2, 6, 15, 11, 15, 3, 6, 5, 6, 15, 6, 20, 16, 11, 15, 5, 16, 11, 20, 16, 11, 15, 5, 16, 11, 15, 6, 16, 6, 16, 15, 6, 11, 15]
bestever    1915    in generation 756
[9, 9, 1, 19, 14, 4, 1, 18, 10, 1, 7, 9, 14, 1, 4, 4, 1, 4, 14, 19, 2, 14, 8, 4, 9, 18, 20, 4, 18, 18, 18, 1, 9, 19, 7, 18, 1, 10, 13, 17, 14, 18, 9, 8, 10, 8, 19, 5, 4, 10, 7, 2, 11, 1, 13, 2, 10, 14, 7, 4, 8, 5, 17, 10, 7, 2, 1, 13, 2, 10, 14, 7, 4, 20, 13, 10, 2, 3, 17, 8, 11, 17, 14, 7, 13, 8, 14, 7, 9, 3, 8, 20, 12, 17, 13, 12, 7, 18, 1, 17, 9, 19, 13, 9, 13, 13, 4, 10, 9, 19, 10, 8, 12, 19, 12, 3, 7, 12, 8, 18, 18, 16, 17, 3, 12, 17, 19, 13, 12, 12, 8, 17, 19, 5, 20, 6, 16, 14, 12, 3, 5, 3, 5, 20, 11, 3, 5, 2, 5, 16, 2, 20, 20, 17, 19, 2, 3, 12, 20, 3, 2, 6, 15, 11, 15, 6, 16, 6, 15, 11, 15, 3, 6, 5, 6, 15, 6, 20, 16, 11, 15, 5, 16, 11, 20, 16, 11, 15, 5, 16, 11, 15, 6, 16, 6, 16, 15, 6, 11, 15]
bestever    1912    in generation 763
[9, 9, 1, 19, 14, 4, 1, 18, 10, 1, 7, 9, 14, 1, 4, 4, 1, 4, 14, 19, 2, 14, 8, 4, 9, 18, 20, 4, 18, 18, 18, 1, 9, 19, 7, 18, 1, 10, 13, 17, 14, 18, 9, 8, 10, 8, 19, 5, 4, 10, 7, 2, 11, 1, 13, 2, 10, 14, 7, 4, 8, 5, 17, 10, 7, 2, 1, 13, 2, 10, 14, 7, 4, 20, 13, 10, 2, 3, 17, 8, 11, 17, 14, 7, 13, 8, 14, 7, 9, 3, 8, 20, 12, 17, 13, 12, 7, 18, 1, 17, 9, 19, 13, 9, 13, 13, 4, 10, 9, 19, 10, 8, 12, 19, 12, 3, 7, 12, 8, 18, 18, 16, 17, 3, 12, 17, 19, 13, 12, 12, 8, 17, 19, 5, 20, 6, 16, 14, 12, 3, 5, 3, 5, 20, 11, 3, 5, 2, 5, 16, 2, 20, 20, 17, 19, 2, 3, 12, 20, 3, 2, 6, 15, 11, 15, 6, 16, 6, 11, 3, 5, 6, 15, 6, 20, 16, 11, 15, 5, 11, 20, 16, 15, 16, 11, 15, 5, 16, 11, 15, 6, 15, 6, 16, 6, 16, 15, 6, 11, 15]
bestever    1898    in generation 897
[9, 9, 1, 19, 14, 4, 1, 18, 10, 1, 7, 9, 14, 1, 4, 4, 1, 4, 14, 19, 2, 14, 8, 4, 9, 18, 20, 4, 18, 18, 18, 1, 9, 19, 7, 10, 1, 10, 13, 17, 14, 18, 9, 8, 10, 8, 19, 5, 4, 10, 7, 2, 11, 1, 13, 2, 10, 14, 7, 7, 8, 4, 17, 10, 7, 2, 1, 13, 2, 10, 14, 7, 4, 20, 13, 18, 2, 3, 17, 8, 11, 17, 14, 5, 13, 8, 14, 7, 9, 3, 8, 20, 12, 17, 13, 12, 7, 18, 1, 17, 9, 19, 13, 9, 13, 13, 4, 10, 9, 19, 10, 8, 12, 19, 12, 3, 7, 12, 8, 18, 18, 16, 17, 3, 12, 17, 19, 13, 12, 12, 8, 17, 19, 5, 20, 6, 16, 14, 12, 3, 5, 3, 5, 20, 11, 3, 5, 2, 5, 16, 2, 20, 20, 17, 19, 2, 3, 12, 20, 3, 2, 6, 15, 11, 15, 6, 16, 6, 15, 11, 3, 6, 5, 6, 6, 20, 16, 11, 15, 5, 16, 11, 20, 16, 11, 15, 5, 16, 11, 15, 6, 16, 6, 16, 15, 6, 15, 15, 11, 15]
bestever    1892    in generation 972
[9, 9, 1, 19, 14, 4, 1, 18, 10, 1, 7, 9, 14, 8, 4, 4, 1, 4, 14, 19, 2, 14, 1, 4, 9, 18, 20, 4, 18, 18, 18, 1, 9, 19, 7, 10, 1, 10, 13, 17, 14, 18, 9, 8, 10, 8, 19, 5, 4, 10, 7, 2, 11, 1, 13, 2, 10, 14, 7, 7, 8, 4, 17, 10, 7, 2, 1, 13, 2, 10, 14, 7, 4, 20, 13, 18, 2, 3, 17, 8, 11, 17, 14, 5, 13, 8, 14, 7, 9, 3, 8, 20, 12, 17, 13, 12, 7, 18, 1, 17, 9, 19, 13, 9, 13, 13, 4, 10, 9, 19, 10, 8, 12, 19, 12, 3, 7, 12, 8, 18, 18, 16, 17, 3, 12, 17, 19, 13, 12, 12, 8, 17, 19, 5, 20, 6, 16, 14, 12, 3, 5, 3, 5, 20, 11, 3, 5, 2, 5, 16, 2, 20, 20, 17, 19, 2, 3, 12, 20, 3, 2, 6, 15, 11, 15, 6, 16, 6, 15, 11, 3, 6, 5, 6, 6, 20, 16, 11, 15, 5, 16, 11, 20, 16, 11, 15, 5, 16, 11, 15, 6, 16, 6, 16, 15, 6, 15, 15, 11, 15]
bestever    1884    in generation 1012
[9, 9, 1, 19, 14, 4, 1, 18, 10, 1, 7, 4, 14, 8, 4, 4, 1, 4, 14, 19, 2, 14, 1, 4, 9, 18, 20, 4, 18, 18, 18, 1, 9, 19, 7, 10, 1, 10, 13, 17, 14, 18, 9, 8, 10, 8, 19, 5, 4, 10, 7, 2, 11, 1, 13, 2, 10, 14, 7, 7, 8, 9, 17, 10, 7, 2, 1, 13, 2, 10, 14, 7, 4, 20, 13, 18, 2, 3, 17, 8, 11, 17, 14, 5, 13, 8, 14, 7, 9, 3, 8, 20, 12, 17, 13, 12, 7, 18, 1, 17, 9, 19, 13, 9, 13, 13, 4, 10, 9, 19, 10, 8, 12, 19, 12, 3, 7, 12, 8, 18, 18, 16, 17, 3, 12, 17, 19, 13, 12, 12, 8, 17, 19, 5, 20, 6, 16, 14, 12, 3, 5, 3, 5, 20, 11, 3, 5, 2, 5, 16, 2, 20, 20, 17, 19, 2, 3, 12, 20, 3, 2, 6, 15, 11, 15, 6, 16, 6, 15, 11, 3, 6, 5, 6, 6, 20, 16, 11, 5, 16, 11, 20, 16, 11, 15, 5, 16, 11, 15, 6, 16, 15, 6, 16, 15, 6, 15, 15, 11, 15]
bestever    1875    in generation 1035
[9, 9, 1, 19, 14, 4, 1, 18, 10, 1, 7, 4, 14, 8, 4, 4, 1, 4, 14, 19, 2, 1, 4, 9, 18, 20, 4, 18, 18, 18, 1, 9, 19, 7, 10, 1, 10, 13, 17, 14, 18, 9, 8, 10, 8, 19, 5, 4, 10, 7, 2, 11, 1, 13, 2, 14, 7, 8, 9, 17, 10, 7, 2, 1, 13, 2, 10, 14, 7, 10, 14, 7, 4, 20, 13, 18, 2, 3, 17, 8, 11, 17, 14, 5, 13, 8, 14, 7, 9, 3, 8, 20, 12, 17, 13, 12, 7, 18, 1, 17, 9, 19, 13, 9, 13, 13, 4, 10, 9, 19, 10, 8, 12, 19, 12, 3, 7, 12, 8, 18, 18, 16, 17, 3, 12, 17, 19, 13, 12, 12, 8, 17, 19, 5, 20, 6, 16, 14, 12, 3, 5, 3, 5, 20, 11, 3, 5, 2, 5, 16, 2, 20, 20, 17, 19, 2, 3, 12, 20, 3, 2, 6, 15, 11, 15, 6, 16, 6, 15, 11, 3, 6, 5, 6, 6, 20, 16, 11, 5, 16, 11, 20, 16, 11, 15, 5, 16, 11, 15, 6, 16, 15, 6, 16, 15, 6, 15, 15, 11, 15]
bestever    1873    in generation 1209
[9, 9, 1, 19, 14, 4, 1, 18, 10, 1, 7, 4, 14, 8, 4, 4, 1, 4, 14, 19, 2, 1, 4, 9, 18, 20, 4, 18, 18, 18, 1, 9, 19, 7, 10, 1, 10, 13, 17, 14, 14, 7, 9, 18, 9, 8, 10, 8, 19, 5, 4, 10, 7, 2, 11, 1, 13, 2, 14, 7, 8, 9, 17, 10, 7, 2, 1, 13, 2, 10, 14, 7, 10, 14, 7, 4, 20, 13, 18, 2, 3, 17, 8, 11, 17, 14, 5, 13, 8, 3, 8, 20, 12, 17, 13, 12, 7, 18, 1, 17, 9, 19, 13, 9, 13, 13, 4, 10, 9, 19, 10, 8, 12, 19, 12, 3, 7, 12, 8, 18, 18, 16, 17, 3, 12, 17, 19, 13, 12, 12, 8, 17, 19, 5, 20, 6, 16, 14, 12, 3, 5, 3, 5, 11, 11, 3, 5, 2, 5, 16, 2, 20, 20, 17, 19, 2, 3, 12, 20, 3, 2, 6, 15, 11, 15, 6, 16, 11, 6, 3, 6, 5, 6, 6, 20, 16, 20, 5, 16, 15, 11, 20, 16, 11, 15, 5, 16, 11, 15, 6, 16, 15, 6, 16, 15, 6, 15, 15, 11, 15]
bestever    1871    in generation 1215
[9, 9, 1, 19, 14, 4, 1, 18, 10, 1, 7, 4, 14, 8, 4, 4, 1, 4, 14, 19, 2, 1, 4, 9, 18, 20, 4, 18, 18, 18, 1, 9, 19, 7, 10, 1, 10, 13, 17, 14, 14, 7, 9, 18, 9, 8, 10, 8, 19, 5, 4, 10, 7, 2, 11, 1, 13, 2, 14, 7, 8, 9, 17, 10, 7, 2, 1, 13, 2, 10, 14, 7, 10, 14, 7, 4, 20, 13, 18, 2, 3, 17, 8, 11, 17, 14, 5, 13, 8, 3, 8, 20, 12, 17, 13, 12, 7, 18, 1, 17, 9, 19, 13, 9, 13, 13, 4, 10, 9, 19, 10, 8, 12, 19, 12, 3, 7, 12, 8, 18, 18, 16, 17, 3, 12, 17, 19, 13, 12, 12, 8, 17, 19, 16, 20, 6, 16, 14, 12, 3, 5, 3, 5, 11, 11, 3, 5, 2, 5, 16, 2, 20, 20, 17, 19, 2, 3, 12, 20, 3, 2, 6, 15, 11, 15, 6, 16, 11, 6, 3, 6, 5, 6, 6, 20, 16, 20, 5, 5, 15, 11, 20, 16, 11, 15, 5, 16, 11, 15, 6, 16, 15, 6, 16, 15, 6, 15, 15, 11, 15]
bestever    1869    in generation 1218
[9, 9, 1, 19, 14, 4, 1, 18, 10, 1, 7, 4, 14, 8, 4, 4, 1, 4, 14, 19, 2, 1, 4, 9, 18, 20, 4, 18, 18, 18, 1, 9, 19, 7, 10, 1, 10, 13, 17, 14, 14, 7, 9, 18, 9, 8, 10, 8, 19, 5, 4, 10, 7, 2, 11, 1, 13, 2, 14, 7, 8, 9, 17, 10, 7, 2, 1, 13, 2, 10, 14, 7, 10, 14, 7, 4, 20, 13, 18, 2, 3, 17, 8, 11, 17, 14, 20, 13, 8, 3, 8, 20, 12, 17, 13, 12, 7, 18, 1, 17, 9, 19, 13, 9, 13, 13, 4, 10, 9, 19, 10, 8, 12, 19, 12, 3, 7, 12, 8, 18, 18, 16, 17, 3, 12, 17, 19, 13, 12, 12, 8, 17, 19, 5, 20, 6, 16, 14, 12, 3, 5, 3, 5, 11, 11, 3, 5, 2, 5, 16, 2, 20, 20, 17, 19, 2, 3, 12, 20, 3, 2, 6, 15, 11, 15, 6, 16, 11, 6, 3, 6, 5, 6, 6, 20, 16, 20, 5, 16, 15, 11, 5, 16, 11, 15, 5, 16, 11, 15, 6, 16, 15, 6, 16, 15, 6, 15, 15, 11, 15]
bestever    1863    in generation 1221
[9, 9, 1, 19, 14, 4, 1, 18, 10, 1, 7, 4, 14, 8, 4, 4, 1, 4, 14, 19, 2, 1, 4, 9, 18, 20, 4, 18, 18, 18, 1, 9, 19, 7, 10, 1, 10, 13, 17, 14, 14, 7, 9, 18, 9, 8, 10, 8, 19, 5, 4, 10, 7, 2, 11, 1, 13, 2, 14, 7, 8, 9, 17, 10, 7, 2, 1, 13, 2, 10, 14, 7, 10, 14, 7, 4, 20, 13, 18, 2, 3, 17, 8, 11, 17, 14, 20, 13, 8, 3, 8, 20, 12, 17, 13, 12, 7, 18, 1, 17, 9, 19, 13, 9, 13, 13, 4, 10, 9, 19, 10, 8, 12, 19, 12, 3, 7, 12, 8, 18, 18, 16, 17, 3, 12, 17, 19, 13, 12, 12, 8, 17, 19, 5, 20, 6, 16, 14, 12, 3, 5, 3, 5, 11, 11, 3, 5, 2, 5, 16, 2, 20, 20, 11, 19, 2, 3, 12, 20, 3, 2, 6, 15, 11, 15, 6, 16, 11, 6, 3, 6, 5, 6, 6, 20, 16, 20, 5, 16, 15, 11, 5, 16, 11, 15, 5, 16, 17, 15, 6, 16, 15, 6, 16, 15, 6, 15, 15, 11, 15]
bestever    1861    in generation 1236
[9, 9, 1, 19, 14, 4, 1, 18, 10, 1, 7, 4, 14, 8, 4, 4, 1, 4, 14, 19, 2, 1, 4, 9, 18, 20, 4, 18, 18, 18, 1, 9, 19, 7, 1, 1, 10, 13, 17, 14, 14, 7, 9, 18, 9, 8, 10, 8, 19, 5, 4, 10, 7, 2, 11, 10, 13, 2, 14, 7, 8, 9, 17, 10, 7, 2, 1, 13, 2, 10, 14, 7, 10, 14, 7, 4, 20, 13, 18, 2, 3, 17, 8, 11, 17, 14, 20, 13, 8, 3, 8, 20, 12, 17, 13, 12, 7, 18, 1, 17, 9, 19, 13, 9, 13, 13, 4, 10, 9, 19, 10, 8, 12, 19, 12, 3, 7, 12, 8, 18, 18, 16, 17, 3, 12, 17, 19, 13, 12, 12, 8, 17, 19, 5, 20, 6, 16, 14, 12, 3, 5, 3, 5, 11, 11, 3, 5, 2, 5, 16, 2, 20, 20, 11, 19, 2, 3, 12, 20, 3, 2, 6, 15, 11, 15, 6, 16, 11, 6, 3, 6, 5, 6, 6, 20, 16, 20, 5, 16, 15, 11, 5, 16, 11, 15, 5, 16, 17, 15, 6, 16, 15, 6, 16, 15, 6, 15, 15, 11, 15]
bestever    1858    in generation 1324
[9, 9, 1, 19, 14, 4, 1, 18, 10, 1, 7, 4, 14, 8, 4, 4, 1, 4, 14, 19, 2, 1, 4, 9, 18, 20, 4, 18, 18, 18, 1, 9, 19, 7, 1, 1, 10, 13, 17, 14, 14, 7, 9, 18, 9, 8, 10, 8, 19, 5, 4, 10, 7, 2, 11, 10, 13, 2, 14, 7, 8, 9, 17, 10, 7, 2, 1, 13, 2, 10, 14, 7, 10, 14, 7, 4, 20, 13, 18, 2, 3, 17, 8, 11, 17, 14, 20, 13, 8, 3, 8, 20, 12, 17, 13, 12, 7, 18, 1, 17, 9, 19, 13, 9, 13, 13, 4, 10, 9, 19, 10, 8, 12, 19, 12, 3, 7, 12, 8, 18, 18, 16, 17, 3, 12, 17, 19, 13, 12, 12, 8, 17, 19, 5, 20, 6, 16, 14, 12, 3, 5, 3, 5, 11, 11, 3, 5, 2, 5, 16, 2, 20, 11, 19, 2, 3, 20, 12, 20, 3, 2, 6, 15, 11, 6, 16, 11, 6, 3, 6, 5, 6, 20, 16, 20, 5, 16, 15, 11, 5, 16, 11, 15, 5, 17, 15, 6, 16, 15, 6, 16, 15, 6, 16, 15, 6, 15, 15, 11, 15]
bestever    1848    in generation 1371
[9, 9, 1, 19, 14, 4, 1, 18, 10, 1, 7, 4, 14, 8, 4, 4, 1, 4, 14, 19, 2, 1, 4, 9, 18, 20, 4, 18, 18, 18, 1, 9, 19, 7, 1, 1, 10, 13, 17, 14, 14, 7, 9, 18, 9, 8, 10, 8, 19, 5, 4, 10, 7, 2, 11, 10, 13, 2, 14, 7, 8, 9, 17, 10, 7, 2, 1, 13, 2, 10, 14, 7, 10, 14, 7, 4, 20, 13, 18, 2, 3, 17, 8, 11, 17, 14, 20, 13, 8, 3, 8, 20, 12, 13, 12, 7, 18, 1, 17, 9, 13, 9, 13, 13, 4, 10, 9, 19, 10, 8, 12, 19, 12, 3, 7, 12, 8, 18, 18, 16, 17, 3, 12, 17, 19, 17, 19, 13, 12, 12, 8, 17, 19, 5, 20, 6, 16, 14, 12, 3, 5, 3, 5, 11, 11, 3, 5, 2, 5, 16, 2, 20, 11, 19, 2, 3, 20, 12, 20, 3, 2, 6, 15, 11, 6, 16, 11, 6, 3, 6, 5, 6, 20, 16, 20, 5, 16, 15, 11, 5, 16, 11, 15, 5, 17, 15, 6, 16, 15, 6, 16, 15, 6, 16, 15, 6, 15, 15, 11, 15]
bestever    1843    in generation 1446
[9, 9, 1, 19, 14, 4, 1, 18, 10, 1, 7, 4, 14, 8, 4, 4, 1, 4, 14, 19, 2, 1, 4, 9, 18, 20, 4, 18, 18, 18, 1, 9, 19, 7, 1, 1, 10, 13, 17, 14, 14, 7, 9, 18, 9, 8, 10, 8, 19, 5, 4, 10, 7, 2, 11, 10, 13, 2, 14, 7, 8, 9, 17, 10, 7, 2, 1, 13, 2, 10, 14, 7, 10, 14, 7, 4, 20, 13, 18, 2, 3, 17, 8, 11, 17, 14, 20, 13, 8, 3, 8, 20, 12, 13, 12, 7, 18, 1, 9, 13, 9, 13, 13, 4, 10, 9, 10, 8, 12, 12, 3, 7, 8, 18, 18, 16, 3, 17, 19, 17, 19, 12, 12, 17, 19, 17, 19, 13, 12, 12, 8, 17, 19, 5, 20, 6, 16, 14, 12, 3, 5, 3, 5, 11, 11, 3, 5, 2, 5, 16, 2, 20, 11, 19, 2, 3, 20, 12, 20, 3, 2, 6, 15, 11, 6, 16, 11, 6, 3, 6, 5, 6, 20, 16, 20, 5, 16, 15, 11, 5, 16, 11, 15, 5, 17, 15, 6, 16, 15, 6, 16, 15, 6, 16, 15, 6, 15, 15, 11, 15]
bestever    1838    in generation 1570
[9, 9, 1, 19, 14, 4, 1, 18, 10, 1, 7, 4, 14, 8, 4, 4, 1, 4, 14, 19, 2, 1, 4, 14, 18, 20, 4, 18, 18, 18, 1, 9, 19, 7, 1, 1, 10, 13, 10, 14, 14, 7, 9, 18, 9, 8, 17, 8, 19, 5, 4, 10, 7, 2, 11, 10, 13, 2, 14, 7, 8, 9, 17, 10, 7, 2, 1, 13, 2, 10, 14, 7, 10, 14, 7, 4, 20, 13, 18, 2, 3, 17, 8, 11, 17, 9, 20, 13, 8, 3, 8, 20, 12, 12, 7, 18, 1, 13, 9, 13, 9, 13, 13, 4, 10, 9, 10, 8, 12, 12, 3, 7, 8, 18, 18, 16, 3, 17, 19, 17, 19, 12, 12, 17, 19, 17, 19, 13, 12, 12, 8, 17, 19, 5, 6, 16, 14, 12, 3, 5, 3, 5, 11, 11, 5, 2, 5, 16, 11, 2, 20, 20, 3, 19, 2, 3, 20, 12, 20, 3, 2, 6, 15, 11, 6, 16, 11, 6, 3, 6, 5, 6, 20, 16, 20, 5, 16, 15, 11, 5, 16, 11, 15, 5, 17, 15, 6, 16, 15, 6, 16, 15, 6, 16, 15, 6, 15, 15, 11, 15]
bestever    1824    in generation 1593
[9, 9, 1, 19, 14, 4, 1, 18, 10, 1, 7, 4, 14, 8, 4, 4, 1, 4, 14, 19, 2, 1, 4, 14, 18, 20, 4, 18, 18, 18, 1, 9, 19, 7, 1, 1, 10, 13, 10, 14, 14, 7, 9, 18, 9, 8, 17, 8, 19, 5, 4, 10, 7, 2, 11, 10, 13, 2, 14, 7, 8, 9, 17, 10, 7, 2, 1, 13, 2, 10, 14, 7, 10, 14, 7, 4, 20, 13, 18, 2, 3, 17, 8, 11, 17, 9, 20, 13, 8, 3, 8, 20, 12, 12, 7, 18, 1, 13, 9, 13, 9, 13, 13, 4, 10, 9, 10, 8, 12, 12, 3, 7, 8, 19, 18, 16, 3, 17, 19, 17, 18, 12, 12, 17, 19, 17, 19, 13, 12, 12, 8, 17, 19, 5, 6, 16, 14, 12, 3, 5, 3, 5, 11, 11, 5, 2, 5, 16, 11, 2, 20, 20, 3, 19, 2, 3, 20, 12, 20, 3, 2, 6, 15, 11, 6, 16, 11, 6, 3, 6, 5, 6, 20, 16, 20, 5, 16, 15, 11, 5, 16, 11, 15, 5, 17, 15, 6, 16, 15, 6, 16, 15, 6, 16, 15, 6, 15, 15, 11, 15]
bestever    1816    in generation 1723
[9, 9, 1, 19, 14, 4, 1, 18, 10, 1, 7, 4, 14, 8, 4, 4, 1, 4, 14, 19, 2, 1, 4, 14, 18, 20, 4, 18, 18, 18, 1, 9, 19, 7, 1, 1, 10, 13, 10, 14, 14, 7, 9, 18, 9, 8, 17, 8, 19, 5, 4, 10, 7, 2, 11, 10, 13, 2, 14, 7, 8, 9, 17, 10, 7, 2, 1, 13, 2, 10, 14, 7, 10, 14, 7, 4, 20, 13, 18, 2, 3, 17, 8, 11, 17, 9, 20, 13, 8, 3, 8, 20, 12, 12, 7, 18, 1, 13, 9, 13, 9, 10, 8, 12, 12, 3, 7, 8, 19, 18, 16, 3, 17, 19, 17, 9, 13, 13, 4, 10, 18, 12, 12, 17, 19, 17, 19, 13, 12, 12, 8, 17, 19, 5, 6, 16, 14, 12, 3, 5, 3, 5, 11, 11, 5, 2, 5, 16, 11, 20, 20, 3, 2, 19, 2, 3, 20, 12, 20, 3, 2, 6, 15, 11, 6, 16, 11, 6, 3, 6, 5, 6, 20, 16, 20, 5, 16, 15, 11, 5, 16, 11, 15, 5, 17, 15, 6, 16, 15, 6, 16, 15, 6, 16, 15, 6, 15, 15, 11, 15]
bestever    1809    in generation 1876
[9, 9, 1, 19, 14, 4, 1, 18, 10, 1, 7, 4, 14, 8, 4, 4, 1, 4, 14, 19, 2, 1, 4, 14, 18, 20, 4, 18, 18, 18, 1, 9, 19, 7, 1, 1, 10, 13, 10, 14, 14, 7, 9, 18, 9, 8, 17, 8, 19, 5, 4, 10, 7, 2, 3, 11, 10, 13, 2, 14, 7, 8, 9, 17, 10, 7, 2, 1, 13, 2, 10, 14, 7, 10, 14, 7, 4, 20, 13, 18, 2, 3, 17, 8, 11, 17, 9, 20, 13, 8, 8, 20, 12, 12, 7, 18, 1, 13, 9, 13, 9, 10, 8, 12, 12, 3, 7, 8, 19, 18, 16, 3, 17, 19, 17, 9, 13, 13, 4, 10, 18, 2, 12, 12, 17, 19, 17, 19, 13, 12, 12, 8, 17, 19, 5, 6, 16, 14, 12, 3, 5, 3, 5, 11, 11, 5, 5, 16, 11, 20, 20, 3, 2, 19, 2, 3, 20, 12, 20, 3, 2, 6, 11, 16, 11, 3, 6, 5, 20, 20, 5, 11, 5, 15, 15, 15, 6, 6, 16, 15, 16, 11, 16, 11, 5, 17, 6, 15, 15, 6, 16, 15, 6, 16, 15, 6, 16, 15, 6, 15]
bestever    1808    in generation 1877
[9, 9, 1, 19, 14, 4, 1, 18, 10, 1, 7, 4, 14, 8, 4, 4, 1, 4, 14, 19, 2, 1, 4, 14, 18, 20, 4, 18, 18, 18, 1, 9, 19, 7, 1, 1, 10, 13, 10, 14, 14, 7, 9, 18, 9, 8, 17, 8, 19, 5, 4, 10, 7, 2, 3, 11, 10, 13, 2, 14, 7, 8, 9, 17, 10, 7, 2, 1, 13, 2, 10, 14, 7, 10, 14, 7, 4, 20, 13, 18, 2, 3, 17, 8, 11, 17, 9, 20, 13, 8, 8, 20, 12, 12, 7, 18, 1, 13, 9, 13, 9, 10, 8, 12, 12, 3, 7, 8, 19, 18, 16, 3, 17, 19, 17, 9, 13, 13, 4, 10, 18, 2, 12, 12, 17, 19, 17, 19, 13, 12, 12, 8, 17, 19, 5, 6, 16, 14, 12, 3, 5, 3, 5, 17, 11, 5, 5, 16, 11, 20, 20, 3, 2, 19, 2, 3, 20, 12, 20, 3, 2, 6, 11, 16, 11, 3, 6, 5, 20, 20, 5, 11, 5, 15, 15, 15, 6, 6, 16, 15, 16, 11, 16, 11, 5, 11, 6, 15, 15, 6, 16, 15, 6, 16, 15, 6, 16, 15, 6, 15]
bestever    1806    in generation 2098
[9, 9, 1, 19, 14, 4, 1, 18, 10, 1, 7, 4, 14, 8, 4, 4, 1, 4, 14, 19, 2, 1, 4, 14, 18, 20, 4, 18, 18, 18, 1, 9, 19, 7, 1, 1, 10, 13, 10, 9, 14, 14, 7, 18, 9, 8, 17, 8, 19, 5, 4, 10, 7, 2, 3, 11, 10, 13, 2, 14, 7, 8, 9, 17, 10, 7, 2, 1, 13, 2, 10, 14, 7, 10, 14, 7, 4, 20, 13, 18, 2, 3, 17, 8, 17, 9, 20, 13, 8, 8, 20, 12, 12, 7, 18, 1, 13, 9, 13, 9, 10, 8, 12, 12, 3, 7, 8, 19, 18, 16, 3, 17, 19, 17, 9, 13, 13, 4, 10, 18, 2, 12, 12, 17, 19, 17, 19, 13, 2, 12, 8, 17, 19, 5, 19, 6, 16, 14, 12, 3, 5, 3, 5, 17, 11, 5, 5, 16, 11, 16, 20, 3, 2, 2, 3, 20, 12, 20, 3, 12, 6, 11, 16, 11, 11, 3, 6, 5, 20, 20, 5, 11, 5, 15, 15, 15, 6, 6, 20, 15, 16, 11, 16, 11, 5, 11, 6, 15, 15, 6, 16, 15, 6, 16, 15, 6, 16, 15, 6, 15]
bestever    1793    in generation 2225
[9, 9, 1, 19, 14, 4, 1, 18, 10, 1, 7, 4, 14, 8, 4, 4, 1, 4, 14, 19, 2, 1, 4, 14, 18, 20, 4, 18, 18, 18, 1, 9, 19, 7, 1, 1, 10, 13, 10, 9, 14, 14, 7, 18, 9, 8, 17, 8, 19, 5, 4, 10, 7, 2, 3, 11, 10, 13, 2, 14, 7, 8, 18, 9, 17, 10, 7, 2, 1, 13, 2, 10, 14, 7, 10, 14, 7, 4, 20, 13, 18, 2, 3, 17, 8, 17, 9, 20, 13, 8, 8, 20, 12, 12, 7, 18, 1, 13, 9, 13, 9, 10, 8, 12, 12, 3, 7, 8, 19, 16, 3, 17, 19, 17, 9, 13, 13, 4, 10, 18, 2, 12, 12, 17, 19, 17, 19, 13, 2, 12, 8, 17, 19, 5, 19, 6, 16, 14, 12, 3, 5, 3, 5, 17, 11, 5, 5, 16, 11, 16, 20, 3, 2, 2, 3, 20, 12, 20, 3, 12, 6, 11, 16, 11, 11, 3, 6, 5, 20, 20, 20, 11, 5, 15, 15, 15, 6, 6, 5, 16, 11, 16, 11, 5, 11, 15, 15, 6, 15, 6, 16, 15, 6, 16, 15, 6, 16, 15, 6, 15]
bestever    1788    in generation 2363
[9, 9, 1, 19, 14, 4, 1, 18, 10, 1, 7, 4, 14, 8, 4, 4, 1, 4, 14, 19, 2, 1, 4, 14, 18, 20, 4, 18, 18, 18, 1, 9, 19, 7, 1, 1, 10, 13, 10, 9, 14, 14, 7, 18, 9, 8, 17, 8, 19, 5, 4, 10, 7, 2, 3, 11, 10, 13, 2, 14, 7, 8, 18, 9, 17, 10, 7, 2, 1, 13, 2, 10, 14, 7, 10, 14, 7, 4, 20, 13, 18, 2, 3, 17, 8, 17, 9, 20, 13, 8, 8, 10, 12, 12, 7, 18, 1, 13, 9, 13, 9, 10, 8, 12, 12, 3, 7, 8, 19, 16, 3, 17, 19, 17, 9, 13, 13, 4, 20, 18, 2, 12, 12, 17, 19, 17, 19, 13, 2, 12, 8, 17, 19, 5, 19, 6, 16, 14, 12, 3, 5, 3, 5, 17, 11, 5, 5, 16, 11, 16, 20, 20, 2, 2, 3, 20, 12, 3, 3, 12, 6, 11, 16, 11, 11, 3, 6, 5, 20, 20, 20, 11, 5, 15, 15, 15, 6, 6, 5, 16, 11, 16, 11, 5, 11, 15, 15, 6, 15, 6, 16, 15, 6, 16, 15, 6, 16, 15, 6, 15]
bestever    1782    in generation 2387
[9, 9, 1, 19, 14, 4, 1, 18, 10, 1, 7, 4, 14, 8, 4, 4, 1, 4, 14, 19, 2, 1, 4, 14, 18, 20, 4, 18, 18, 18, 1, 9, 19, 7, 1, 1, 10, 13, 10, 9, 14, 14, 7, 18, 9, 8, 17, 8, 19, 5, 4, 10, 7, 2, 3, 10, 13, 2, 14, 7, 8, 18, 9, 17, 10, 7, 2, 1, 13, 2, 10, 14, 7, 10, 14, 7, 4, 20, 13, 18, 2, 3, 17, 8, 17, 9, 20, 13, 8, 8, 10, 12, 12, 7, 18, 1, 13, 9, 13, 9, 10, 8, 12, 12, 3, 7, 8, 19, 16, 3, 17, 19, 17, 9, 13, 13, 4, 20, 18, 2, 12, 12, 17, 19, 17, 19, 13, 2, 12, 8, 17, 19, 5, 19, 6, 16, 14, 12, 3, 5, 3, 5, 17, 5, 5, 16, 11, 16, 20, 20, 2, 2, 3, 20, 12, 3, 3, 12, 6, 11, 16, 11, 11, 11, 11, 3, 6, 5, 20, 20, 20, 11, 5, 15, 15, 15, 6, 6, 5, 16, 11, 16, 11, 5, 11, 15, 15, 6, 15, 6, 16, 15, 6, 16, 15, 6, 16, 15, 6, 15]
bestever    1777    in generation 2776
[9, 9, 1, 19, 14, 4, 1, 18, 10, 1, 7, 4, 14, 8, 4, 4, 1, 4, 14, 19, 2, 1, 4, 14, 18, 20, 4, 18, 18, 18, 1, 9, 19, 7, 1, 1, 10, 13, 10, 9, 14, 14, 7, 18, 9, 8, 16, 17, 8, 19, 5, 4, 10, 7, 2, 3, 10, 13, 2, 2, 7, 8, 18, 9, 17, 10, 7, 14, 1, 13, 2, 10, 14, 7, 10, 14, 7, 4, 20, 13, 18, 2, 3, 17, 8, 17, 9, 20, 7, 8, 8, 10, 12, 12, 7, 18, 1, 13, 9, 13, 9, 10, 8, 12, 12, 3, 13, 8, 19, 16, 3, 17, 19, 9, 17, 13, 13, 4, 20, 18, 2, 12, 5, 12, 17, 19, 17, 19, 13, 2, 5, 8, 17, 19, 5, 19, 6, 16, 14, 12, 3, 5, 3, 5, 17, 12, 16, 11, 16, 20, 20, 2, 2, 3, 20, 12, 3, 3, 12, 15, 6, 11, 11, 15, 11, 11, 11, 3, 6, 5, 20, 20, 20, 11, 5, 6, 5, 15, 15, 6, 16, 11, 16, 11, 5, 11, 15, 15, 6, 15, 6, 16, 15, 6, 16, 6, 16, 15, 6, 15]
bestever    1773    in generation 3590
[9, 9, 1, 19, 14, 4, 1, 18, 10, 1, 7, 2, 4, 14, 8, 4, 4, 1, 4, 14, 19, 1, 1, 4, 14, 18, 20, 4, 18, 18, 18, 1, 9, 19, 7, 1, 2, 10, 13, 10, 9, 14, 14, 7, 18, 9, 8, 16, 17, 8, 19, 5, 4, 10, 7, 2, 3, 10, 13, 2, 7, 8, 18, 9, 17, 10, 7, 14, 1, 13, 2, 10, 14, 7, 10, 14, 7, 4, 20, 12, 13, 18, 2, 3, 17, 8, 17, 9, 20, 7, 8, 8, 10, 12, 12, 7, 18, 1, 13, 9, 13, 9, 10, 8, 12, 6, 15, 3, 13, 8, 19, 16, 3, 17, 19, 9, 17, 13, 13, 4, 20, 18, 2, 12, 5, 12, 17, 19, 17, 19, 13, 2, 5, 8, 17, 19, 5, 19, 16, 14, 12, 3, 5, 3, 11, 5, 17, 12, 16, 20, 20, 2, 2, 3, 20, 12, 3, 3, 12, 6, 11, 11, 11, 11, 11, 3, 5, 20, 20, 20, 11, 15, 5, 15, 5, 15, 16, 6, 15, 6, 6, 16, 11, 16, 11, 5, 11, 15, 6, 15, 6, 16, 15, 6, 16, 6, 16, 15, 6, 15]
bestever    1771    in generation 3997
[9, 9, 1, 19, 14, 4, 1, 18, 10, 1, 7, 2, 4, 14, 8, 4, 4, 1, 4, 14, 19, 1, 1, 4, 14, 18, 20, 4, 18, 18, 18, 1, 9, 19, 7, 1, 2, 10, 13, 10, 9, 14, 14, 7, 18, 9, 8, 16, 17, 8, 19, 5, 4, 10, 7, 2, 3, 10, 13, 20, 2, 7, 8, 18, 9, 17, 10, 7, 14, 1, 13, 2, 10, 14, 7, 10, 14, 7, 4, 20, 12, 13, 18, 2, 3, 17, 8, 17, 9, 20, 7, 8, 8, 10, 12, 12, 7, 18, 1, 10, 9, 13, 9, 13, 8, 12, 6, 3, 13, 8, 19, 16, 3, 17, 19, 9, 17, 13, 13, 4, 18, 2, 12, 5, 12, 17, 14, 19, 17, 19, 13, 2, 5, 8, 17, 19, 19, 16, 12, 3, 5, 3, 5, 17, 12, 16, 11, 5, 15, 11, 20, 20, 2, 2, 3, 20, 12, 3, 3, 12, 11, 11, 11, 11, 3, 5, 20, 20, 20, 11, 5, 15, 15, 16, 6, 5, 15, 16, 6, 15, 6, 11, 16, 11, 5, 11, 6, 15, 6, 15, 6, 16, 15, 6, 16, 6, 16, 15, 6, 15]
bestever    1763    in generation 4034
[9, 9, 1, 19, 14, 4, 1, 18, 10, 1, 7, 2, 4, 14, 8, 4, 4, 1, 4, 14, 19, 1, 1, 4, 14, 18, 20, 4, 18, 18, 18, 1, 9, 19, 7, 1, 2, 10, 13, 10, 9, 14, 14, 7, 18, 9, 8, 16, 17, 8, 19, 5, 4, 10, 7, 2, 3, 10, 13, 20, 2, 7, 8, 18, 9, 17, 10, 7, 14, 1, 13, 2, 10, 14, 7, 10, 14, 7, 17, 20, 12, 13, 18, 2, 3, 17, 8, 4, 9, 20, 7, 8, 8, 10, 12, 12, 7, 18, 1, 10, 9, 13, 9, 13, 8, 12, 6, 3, 13, 8, 19, 16, 3, 17, 19, 9, 17, 13, 13, 4, 18, 2, 12, 5, 12, 17, 14, 19, 17, 19, 13, 2, 5, 8, 17, 19, 19, 16, 12, 3, 5, 3, 5, 17, 12, 16, 11, 5, 15, 11, 20, 20, 2, 2, 3, 20, 12, 3, 3, 12, 11, 11, 11, 11, 3, 5, 20, 20, 20, 11, 5, 15, 15, 16, 6, 5, 15, 16, 6, 15, 6, 11, 16, 11, 5, 11, 6, 15, 6, 15, 6, 16, 15, 6, 16, 6, 16, 15, 6, 15]
bestever    1761    in generation 4166
[9, 9, 1, 19, 14, 4, 1, 18, 10, 1, 7, 2, 4, 14, 8, 4, 4, 1, 4, 14, 19, 1, 1, 4, 14, 18, 20, 4, 18, 18, 18, 1, 9, 19, 7, 1, 2, 10, 13, 10, 9, 14, 14, 7, 18, 9, 8, 16, 17, 8, 19, 5, 4, 10, 7, 2, 3, 10, 13, 20, 2, 7, 8, 18, 9, 17, 10, 7, 14, 1, 13, 2, 10, 14, 7, 10, 14, 7, 17, 20, 12, 13, 18, 2, 3, 17, 8, 4, 9, 20, 7, 8, 8, 10, 12, 12, 7, 18, 1, 10, 9, 13, 9, 13, 8, 12, 6, 2, 13, 8, 19, 16, 3, 17, 19, 9, 17, 13, 15, 4, 18, 3, 12, 5, 12, 17, 14, 19, 17, 19, 13, 2, 5, 8, 17, 19, 19, 16, 12, 3, 5, 3, 5, 17, 12, 16, 11, 5, 15, 11, 20, 20, 2, 2, 3, 20, 12, 3, 3, 12, 11, 11, 11, 11, 3, 5, 20, 20, 20, 11, 5, 15, 5, 15, 15, 11, 16, 6, 6, 15, 6, 16, 16, 11, 5, 11, 6, 13, 6, 15, 6, 16, 15, 6, 16, 6, 16, 15, 6, 15]
bestever    1758    in generation 4512
[9, 9, 1, 19, 14, 4, 1, 18, 10, 1, 7, 2, 4, 14, 8, 4, 4, 1, 4, 4, 14, 19, 1, 1, 4, 14, 18, 20, 18, 18, 18, 1, 9, 19, 7, 1, 2, 10, 13, 10, 9, 14, 14, 7, 18, 9, 8, 16, 17, 8, 19, 5, 4, 10, 7, 2, 3, 10, 13, 20, 2, 7, 8, 18, 9, 17, 10, 7, 14, 1, 13, 2, 10, 14, 7, 10, 14, 7, 17, 20, 12, 13, 18, 2, 3, 17, 8, 4, 9, 20, 7, 8, 8, 10, 12, 12, 7, 18, 1, 10, 9, 13, 9, 13, 8, 12, 6, 2, 13, 8, 19, 16, 3, 17, 19, 9, 17, 13, 15, 4, 18, 3, 12, 5, 12, 17, 14, 19, 17, 19, 13, 2, 5, 8, 17, 19, 19, 16, 12, 3, 5, 3, 5, 17, 12, 16, 11, 5, 15, 13, 20, 20, 2, 2, 3, 20, 12, 3, 3, 12, 11, 11, 11, 11, 3, 5, 20, 20, 20, 11, 5, 15, 5, 15, 15, 11, 16, 6, 6, 15, 6, 16, 16, 11, 5, 11, 6, 11, 6, 15, 6, 16, 15, 6, 16, 6, 16, 15, 6, 15]
bestever    1755    in generation 9621
[9, 9, 13, 1, 19, 14, 4, 1, 18, 10, 4, 7, 1, 2, 14, 8, 19, 4, 4, 4, 4, 4, 9, 17, 14, 16, 18, 1, 13, 4, 18, 15, 18, 1, 19, 14, 18, 9, 1, 1, 7, 20, 18, 9, 18, 18, 1, 2, 10, 10, 9, 14, 7, 1, 14, 8, 8, 10, 12, 4, 7, 10, 7, 2, 13, 10, 3, 20, 2, 9, 8, 18, 2, 5, 7, 17, 19, 14, 11, 10, 14, 7, 1, 10, 14, 7, 7, 17, 18, 12, 13, 8, 2, 16, 3, 17, 8, 9, 7, 13, 16, 8, 10, 12, 9, 10, 9, 13, 8, 12, 2, 13, 8, 5, 19, 3, 17, 19, 11, 17, 13, 4, 3, 12, 5, 12, 17, 19, 17, 19, 13, 2, 5, 8, 17, 19, 14, 19, 12, 17, 20, 3, 2, 3, 12, 20, 20, 3, 2, 3, 12, 20, 20, 13, 11, 15, 6, 6, 3, 12, 11, 3, 20, 16, 5, 5, 11, 6, 15, 20, 15, 5, 5, 11, 11, 11, 5, 20, 16, 16, 11, 11, 16, 5, 16, 15, 6, 15, 6, 15, 6, 15, 6, 6, 16, 6, 16, 15, 6, 15]
bestever    1745    in generation 9890
[9, 9, 13, 1, 19, 14, 9, 4, 1, 18, 10, 4, 7, 1, 2, 14, 8, 19, 4, 4, 4, 4, 4, 9, 17, 14, 16, 18, 1, 13, 4, 18, 18, 1, 19, 14, 18, 9, 1, 1, 7, 20, 18, 9, 18, 18, 1, 2, 10, 10, 9, 14, 7, 1, 14, 8, 8, 10, 12, 4, 7, 10, 7, 2, 13, 10, 3, 20, 2, 8, 18, 2, 5, 7, 17, 19, 14, 11, 10, 14, 7, 1, 10, 14, 7, 7, 17, 18, 12, 13, 8, 2, 16, 3, 17, 8, 9, 7, 13, 8, 10, 12, 9, 10, 9, 13, 8, 12, 2, 13, 8, 5, 19, 3, 17, 19, 11, 17, 13, 4, 3, 12, 5, 12, 17, 19, 17, 19, 13, 2, 5, 8, 17, 19, 14, 19, 12, 17, 20, 3, 2, 3, 12, 20, 20, 3, 2, 3, 12, 20, 20, 13, 11, 6, 6, 3, 12, 11, 3, 20, 5, 5, 11, 20, 5, 5, 15, 6, 16, 16, 15, 6, 15, 11, 11, 11, 5, 20, 16, 15, 15, 16, 6, 11, 11, 16, 5, 16, 15, 6, 15, 6, 15, 6, 16, 6, 16, 15, 6, 15]
bestever    1731    in generation 9893
[9, 9, 13, 1, 19, 14, 9, 4, 1, 18, 10, 4, 7, 1, 2, 14, 8, 19, 4, 4, 4, 4, 4, 9, 17, 14, 16, 18, 1, 13, 4, 18, 18, 1, 19, 14, 18, 7, 1, 1, 7, 20, 18, 9, 18, 18, 1, 2, 10, 10, 9, 14, 7, 1, 14, 8, 8, 10, 12, 4, 7, 10, 7, 2, 13, 10, 3, 20, 2, 8, 18, 2, 5, 9, 17, 19, 14, 11, 10, 14, 7, 1, 10, 14, 7, 7, 17, 18, 12, 13, 8, 2, 16, 3, 17, 8, 9, 7, 13, 8, 10, 12, 9, 10, 9, 13, 8, 12, 2, 13, 8, 5, 19, 3, 17, 19, 11, 17, 13, 4, 3, 12, 5, 12, 17, 19, 17, 19, 13, 2, 5, 8, 17, 19, 14, 19, 12, 17, 20, 3, 2, 3, 12, 20, 20, 3, 2, 3, 12, 20, 20, 13, 11, 6, 6, 3, 12, 11, 3, 20, 5, 5, 11, 20, 5, 5, 15, 6, 16, 16, 15, 6, 15, 11, 11, 11, 5, 20, 16, 15, 15, 16, 6, 11, 11, 16, 5, 16, 15, 6, 15, 6, 15, 6, 16, 6, 16, 15, 6, 15]
