bestever    3465    in generation 0
[19, 6, 16, 6, 2, 9, 19, 7, 17, 16, 19, 12, 4, 14, 10, 17, 3, 14, 15, 7, 1, 13, 2, 1, 6, 5, 17, 13, 11, 10, 15, 7, 5, 13, 19, 1, 10, 4, 16, 16, 3, 17, 3, 20, 11, 11, 19, 3, 8, 10, 5, 15, 4, 1, 2, 5, 15, 19, 12, 8, 10, 18, 16, 16, 11, 15, 8, 10, 18, 12, 18, 14, 10, 8, 12, 11, 3, 18, 15, 15, 4, 1, 13, 18, 7, 13, 6, 5, 14, 18, 20, 11, 12, 3, 14, 14, 17, 1, 7, 16, 2, 9, 20, 14, 17, 7, 8, 18, 9, 10, 13, 14, 2, 16, 18, 9, 7, 6, 9, 14, 16, 8, 2, 20, 20, 5, 8, 7, 11, 19, 4, 8, 12, 2, 15, 4, 3, 11, 4, 13, 19, 15, 8, 3, 1, 16, 19, 20, 9, 10, 18, 2, 6, 1, 8, 9, 4, 7, 19, 6, 13, 17, 18, 20, 4, 15, 13, 9, 12, 20, 1, 7, 10, 9, 5, 3, 6, 17, 12, 2, 1, 6, 9, 14, 20, 2, 3, 4, 11, 5, 5, 12, 17, 6, 5, 17, 20, 11, 13, 12]
bestever    3347    in generation 1
[19, 6, 16, 2, 9, 19, 7, 17, 16, 19, 12, 4, 14, 10, 17, 3, 14, 15, 7, 1, 13, 2, 1, 6, 5, 17, 13, 11, 10, 15, 7, 13, 19, 1, 10, 16, 16, 3, 17, 20, 11, 11, 19, 3, 8, 10, 5, 15, 4, 1, 2, 5, 15, 19, 12, 8, 10, 18, 16, 16, 11, 15, 8, 10, 18, 12, 18, 14, 10, 8, 12, 11, 3, 18, 15, 15, 4, 1, 13, 18, 7, 13, 6, 5, 14, 18, 20, 11, 12, 3, 14, 17, 1, 7, 16, 2, 9, 20, 14, 17, 7, 8, 18, 10, 13, 14, 2, 16, 18, 7, 6, 9, 14, 16, 2, 20, 20, 5, 8, 7, 11, 19, 4, 8, 12, 2, 15, 4, 3, 14, 4, 9, 6, 9, 5, 3, 8, 11, 4, 13, 19, 15, 8, 3, 1, 16, 19, 20, 9, 10, 18, 2, 6, 1, 8, 9, 4, 7, 19, 6, 13, 17, 18, 20, 4, 15, 13, 9, 12, 20, 1, 7, 10, 9, 5, 3, 6, 17, 12, 2, 1, 6, 9, 14, 20, 2, 3, 4, 11, 5, 5, 12, 17, 6, 5, 17, 20, 11, 13, 12]
bestever    3141    in generation 2
[10, 4, 16, 16, 3, 17, 3, 20, 11, 11, 19, 3, 8, 10, 5, 4, 1, 2, 5, 19, 8, 10, 16, 16, 11, 15, 8, 10, 14, 10, 8, 12, 11, 3, 18, 15, 15, 4, 1, 13, 18, 7, 13, 6, 5, 14, 18, 20, 11, 12, 3, 14, 14, 17, 1, 7, 16, 9, 3, 2, 1, 7, 14, 8, 15, 15, 1, 10, 18, 12, 18, 14, 10, 8, 12, 11, 3, 18, 15, 15, 4, 1, 13, 18, 7, 13, 6, 5, 14, 18, 20, 11, 12, 3, 14, 14, 17, 1, 7, 2, 9, 20, 17, 8, 18, 9, 10, 13, 2, 16, 18, 6, 9, 16, 8, 2, 20, 20, 5, 8, 11, 19, 4, 8, 12, 15, 4, 3, 11, 4, 13, 19, 15, 3, 1, 16, 19, 20, 9, 10, 2, 6, 9, 7, 19, 6, 13, 17, 20, 4, 15, 13, 9, 12, 7, 9, 5, 6, 17, 12, 2, 9, 20, 2, 4, 11, 5, 12, 17, 6, 5, 20, 12, 19, 6, 16, 6, 2, 9, 19, 7, 17, 16, 19, 4, 17, 14, 7, 2, 1, 6, 5, 17, 13, 10, 7, 5, 13, 19, 1]
bestever    3049    in generation 4
[1, 2, 5, 15, 19, 8, 3, 19, 12, 8, 17, 5, 12, 16, 9, 3, 7, 8, 1, 10, 12, 10, 8, 12, 11, 3, 15, 15, 4, 1, 13, 18, 7, 13, 6, 5, 18, 20, 11, 12, 3, 14, 14, 17, 1, 7, 16, 2, 9, 20, 14, 8, 18, 12, 18, 14, 8, 12, 18, 15, 15, 1, 13, 18, 17, 7, 8, 18, 9, 8, 12, 11, 3, 15, 15, 4, 1, 13, 7, 13, 6, 5, 14, 20, 11, 12, 3, 14, 17, 1, 7, 16, 2, 9, 20, 14, 17, 7, 9, 10, 13, 14, 2, 16, 18, 9, 7, 6, 14, 16, 4, 10, 2, 5, 2, 10, 14, 4, 6, 5, 3, 3, 10, 10, 19, 16, 16, 4, 7, 11, 17, 20, 18, 16, 7, 3, 11, 1, 19, 19, 16, 1, 5, 16, 6, 8, 3, 1, 10, 11, 8, 17, 4, 5, 13, 19, 19, 17, 9, 4, 17, 2, 15, 19, 11, 5, 15, 9, 6, 15, 9, 4, 20, 5, 20, 19, 2, 9, 12, 19, 17, 2, 11, 2, 20, 18, 10, 6, 6, 13, 4, 20, 6, 4, 6, 11, 20, 13, 13, 10]
bestever    3032    in generation 9
[3, 15, 10, 13, 18, 7, 13, 5, 14, 18, 11, 12, 3, 14, 14, 17, 1, 7, 16, 2, 12, 10, 8, 12, 11, 3, 15, 15, 4, 1, 13, 18, 7, 13, 6, 5, 18, 20, 11, 12, 3, 14, 14, 17, 1, 7, 16, 2, 9, 20, 14, 8, 18, 12, 18, 14, 8, 12, 18, 15, 15, 1, 13, 18, 17, 7, 8, 18, 9, 8, 12, 11, 3, 15, 15, 4, 1, 13, 7, 13, 6, 5, 14, 20, 11, 12, 3, 14, 17, 1, 7, 16, 2, 9, 20, 14, 17, 7, 9, 17, 7, 3, 19, 15, 8, 3, 1, 16, 19, 10, 5, 10, 16, 1, 19, 16, 5, 8, 10, 8, 9, 10, 12, 4, 17, 2, 19, 11, 9, 9, 4, 19, 9, 12, 19, 17, 11, 2, 10, 6, 4, 20, 6, 4, 6, 11, 3, 15, 15, 4, 5, 20, 17, 16, 2, 9, 1, 4, 1, 13, 10, 11, 10, 11, 13, 19, 19, 19, 8, 5, 3, 17, 2, 6, 2, 13, 20, 9, 2, 6, 10, 19, 4, 6, 5, 20, 4, 18, 7, 6, 5, 20, 16, 2, 20, 16, 6, 16, 5, 8]
bestever    3003    in generation 16
[15, 10, 13, 18, 7, 13, 5, 14, 18, 11, 12, 3, 14, 14, 17, 1, 7, 16, 2, 12, 10, 8, 12, 11, 3, 15, 15, 4, 1, 13, 18, 7, 5, 18, 20, 11, 12, 3, 14, 14, 17, 1, 7, 16, 2, 9, 20, 14, 8, 12, 18, 14, 8, 12, 18, 15, 15, 1, 18, 17, 7, 8, 18, 9, 8, 12, 11, 3, 15, 15, 4, 1, 13, 7, 13, 5, 14, 11, 12, 3, 14, 17, 1, 16, 9, 14, 17, 7, 9, 17, 7, 3, 19, 15, 8, 1, 16, 19, 10, 10, 16, 1, 19, 16, 5, 8, 10, 8, 9, 10, 12, 4, 17, 2, 19, 11, 9, 9, 4, 19, 9, 12, 19, 17, 2, 10, 6, 6, 11, 3, 15, 15, 4, 5, 20, 17, 16, 2, 9, 1, 4, 1, 13, 10, 11, 11, 13, 19, 10, 11, 13, 19, 8, 5, 3, 6, 13, 20, 2, 6, 19, 4, 6, 20, 4, 18, 7, 6, 20, 5, 3, 17, 2, 6, 2, 13, 20, 9, 2, 6, 10, 19, 4, 6, 5, 20, 4, 18, 7, 6, 5, 20, 16, 2, 20, 16, 16, 5, 8, 3]
bestever    2935    in generation 17
[3, 15, 10, 13, 18, 7, 13, 5, 14, 18, 11, 12, 3, 14, 14, 17, 1, 7, 16, 2, 12, 10, 8, 12, 11, 3, 15, 15, 4, 1, 18, 7, 13, 6, 5, 18, 20, 11, 12, 3, 14, 14, 17, 1, 7, 16, 2, 9, 20, 14, 8, 18, 12, 18, 14, 8, 12, 18, 15, 15, 1, 13, 18, 17, 7, 8, 18, 9, 8, 12, 11, 3, 15, 15, 4, 1, 13, 7, 13, 6, 5, 14, 20, 11, 12, 3, 14, 17, 1, 7, 16, 2, 9, 20, 14, 17, 7, 9, 17, 7, 3, 19, 15, 8, 3, 1, 16, 19, 10, 5, 10, 16, 19, 16, 5, 8, 8, 9, 10, 12, 17, 2, 19, 11, 9, 9, 4, 19, 9, 12, 19, 17, 11, 2, 10, 6, 4, 20, 6, 4, 6, 3, 15, 15, 4, 4, 1, 13, 10, 11, 5, 20, 17, 16, 2, 9, 1, 4, 1, 13, 10, 11, 10, 11, 13, 19, 19, 19, 8, 5, 3, 17, 2, 6, 2, 13, 20, 9, 2, 6, 10, 19, 4, 6, 5, 20, 4, 18, 7, 6, 5, 20, 16, 2, 20, 16, 6, 16, 5, 8]
bestever    2934    in generation 21
[3, 15, 15, 1, 13, 18, 7, 18, 11, 12, 3, 14, 14, 17, 1, 7, 9, 14, 8, 12, 18, 14, 8, 12, 18, 15, 15, 1, 7, 8, 18, 9, 11, 15, 15, 4, 1, 7, 14, 12, 14, 17, 9, 14, 17, 7, 16, 16, 4, 19, 17, 17, 16, 8, 5, 18, 20, 5, 3, 13, 20, 10, 9, 13, 19, 3, 10, 12, 11, 3, 15, 10, 1, 12, 3, 1, 1, 13, 13, 10, 15, 18, 7, 14, 18, 11, 14, 19, 16, 5, 8, 10, 8, 9, 10, 12, 4, 17, 2, 19, 11, 9, 9, 4, 19, 9, 12, 19, 17, 2, 10, 6, 6, 11, 3, 15, 15, 4, 5, 20, 17, 16, 2, 9, 1, 4, 1, 13, 10, 11, 11, 13, 19, 10, 11, 13, 19, 8, 5, 3, 6, 13, 20, 2, 6, 19, 4, 6, 20, 4, 18, 7, 6, 20, 5, 3, 17, 2, 6, 2, 13, 20, 9, 2, 6, 10, 19, 4, 6, 5, 20, 4, 18, 7, 6, 5, 20, 16, 2, 20, 16, 16, 5, 8, 7, 5, 16, 2, 16, 8, 3, 14, 17, 1, 7, 2, 12, 8, 12, 11]
bestever    2922    in generation 22
[4, 2, 4, 13, 13, 5, 3, 10, 6, 20, 6, 6, 11, 3, 15, 5, 10, 16, 19, 16, 5, 8, 10, 8, 10, 4, 2, 19, 11, 9, 4, 19, 9, 19, 17, 2, 10, 5, 18, 5, 11, 12, 3, 17, 16, 9, 14, 17, 7, 9, 17, 7, 3, 19, 15, 8, 1, 16, 19, 10, 16, 1, 19, 16, 14, 17, 1, 16, 9, 14, 17, 9, 17, 3, 19, 15, 8, 1, 16, 19, 10, 1, 19, 16, 5, 8, 10, 8, 9, 5, 8, 10, 8, 9, 10, 12, 4, 17, 2, 11, 9, 4, 12, 17, 2, 6, 6, 11, 3, 15, 15, 4, 20, 17, 2, 1, 4, 1, 13, 11, 11, 13, 13, 8, 3, 1, 1, 13, 13, 8, 3, 13, 20, 6, 20, 18, 7, 6, 20, 6, 20, 9, 5, 20, 6, 20, 18, 7, 6, 2, 3, 15, 18, 7, 14, 18, 12, 14, 14, 1, 7, 2, 12, 12, 11, 15, 15, 13, 18, 11, 12, 3, 14, 14, 14, 12, 18, 12, 18, 15, 7, 18, 11, 15, 4, 7, 12, 14, 7, 4, 2, 16, 5, 18, 7, 20, 5, 13, 20, 2]
bestever    2883    in generation 23
[3, 15, 15, 1, 13, 18, 7, 18, 11, 12, 3, 14, 14, 17, 1, 7, 9, 14, 8, 12, 18, 14, 8, 12, 18, 15, 15, 1, 7, 8, 18, 9, 11, 15, 15, 4, 1, 7, 14, 12, 14, 17, 9, 14, 17, 7, 16, 16, 4, 19, 17, 17, 8, 5, 20, 5, 3, 13, 20, 10, 9, 13, 19, 3, 10, 12, 11, 3, 15, 10, 1, 12, 3, 1, 1, 13, 13, 10, 15, 14, 11, 14, 19, 5, 8, 10, 8, 9, 10, 12, 4, 17, 2, 19, 11, 9, 9, 4, 19, 9, 12, 19, 17, 2, 10, 6, 6, 11, 3, 15, 15, 4, 5, 20, 2, 9, 1, 4, 1, 13, 10, 11, 11, 13, 19, 11, 13, 19, 5, 6, 13, 20, 2, 6, 19, 4, 6, 20, 4, 18, 6, 5, 3, 17, 6, 13, 10, 4, 18, 7, 18, 7, 5, 2, 19, 4, 20, 18, 7, 2, 20, 17, 6, 9, 10, 5, 20, 6, 20, 18, 7, 6, 16, 2, 16, 2, 20, 16, 16, 5, 8, 5, 16, 16, 8, 3, 16, 2, 16, 8, 3, 14, 17, 1, 7, 2, 12, 8, 12, 11]
bestever    2849    in generation 36
[3, 15, 15, 1, 13, 18, 7, 18, 11, 12, 3, 14, 14, 17, 1, 7, 9, 14, 8, 12, 18, 14, 8, 12, 18, 15, 15, 1, 7, 8, 18, 9, 11, 15, 15, 4, 1, 7, 14, 12, 14, 17, 9, 14, 17, 7, 16, 16, 4, 19, 17, 17, 8, 5, 20, 5, 3, 13, 20, 10, 9, 13, 19, 3, 10, 12, 11, 3, 15, 10, 1, 12, 3, 1, 1, 13, 13, 10, 15, 14, 11, 14, 19, 5, 8, 10, 9, 10, 4, 17, 2, 19, 11, 9, 9, 4, 19, 9, 19, 17, 2, 10, 6, 6, 11, 3, 15, 4, 5, 20, 2, 9, 1, 4, 1, 13, 10, 11, 11, 13, 19, 13, 19, 5, 6, 13, 20, 2, 6, 19, 4, 6, 20, 4, 18, 5, 17, 2, 20, 6, 16, 16, 1, 7, 6, 13, 10, 4, 18, 7, 18, 7, 5, 2, 19, 4, 20, 18, 7, 2, 20, 17, 6, 9, 10, 5, 20, 6, 20, 18, 7, 6, 16, 2, 16, 2, 11, 16, 16, 5, 8, 5, 16, 16, 8, 3, 2, 3, 15, 17, 14, 8, 8, 12, 12, 3, 12, 8, 12, 11]
bestever    2834    in generation 49
[12, 12, 11, 2, 8, 8, 3, 14, 11, 14, 10, 10, 4, 2, 19, 11, 9, 19, 9, 19, 2, 10, 6, 6, 11, 15, 4, 15, 14, 14, 4, 19, 17, 10, 3, 15, 4, 5, 10, 19, 18, 3, 10, 12, 11, 3, 1, 12, 3, 1, 1, 11, 8, 3, 14, 11, 2, 8, 14, 11, 14, 19, 5, 10, 9, 10, 4, 2, 19, 11, 9, 9, 9, 2, 9, 1, 1, 11, 6, 2, 6, 6, 18, 6, 1, 2, 17, 9, 6, 6, 2, 2, 5, 8, 8, 9, 5, 19, 13, 18, 7, 9, 3, 4, 4, 5, 10, 20, 19, 20, 6, 1, 7, 6, 18, 18, 20, 16, 16, 16, 16, 16, 16, 3, 8, 16, 16, 18, 18, 7, 20, 20, 18, 7, 7, 16, 16, 5, 20, 5, 13, 7, 15, 15, 4, 17, 15, 4, 5, 20, 20, 18, 17, 7, 13, 12, 15, 12, 13, 13, 17, 15, 13, 7, 3, 12, 12, 17, 8, 20, 18, 7, 13, 10, 15, 12, 12, 14, 14, 17, 7, 4, 19, 17, 17, 8, 5, 20, 5, 13, 1, 1, 13, 17, 15, 1, 13, 8, 3, 14]
bestever    2713    in generation 50
[10, 10, 4, 2, 19, 11, 9, 19, 9, 19, 2, 10, 6, 6, 11, 15, 4, 15, 14, 14, 4, 19, 17, 10, 3, 15, 4, 10, 20, 19, 3, 10, 12, 11, 3, 1, 12, 3, 11, 8, 14, 11, 2, 8, 11, 10, 9, 10, 2, 1, 1, 6, 1, 2, 17, 9, 6, 6, 2, 2, 5, 8, 9, 5, 19, 9, 4, 4, 5, 10, 19, 20, 18, 7, 13, 10, 19, 11, 9, 9, 4, 9, 2, 9, 1, 1, 13, 11, 5, 6, 2, 6, 6, 18, 5, 20, 6, 1, 7, 6, 18, 18, 20, 18, 16, 16, 16, 16, 16, 16, 3, 16, 16, 18, 18, 20, 20, 18, 7, 7, 16, 16, 5, 3, 8, 18, 18, 7, 20, 20, 7, 7, 5, 5, 13, 15, 15, 4, 17, 15, 4, 5, 20, 17, 13, 12, 15, 12, 13, 13, 17, 15, 13, 7, 3, 12, 12, 17, 8, 8, 3, 14, 14, 19, 15, 12, 12, 14, 14, 17, 7, 4, 19, 17, 17, 8, 20, 5, 13, 1, 1, 13, 17, 15, 1, 13, 7, 8, 3, 14, 12, 12, 11, 2, 8, 8, 3, 14, 11, 14]
bestever    2587    in generation 57
[10, 10, 4, 2, 19, 11, 9, 19, 9, 19, 2, 10, 6, 6, 11, 15, 4, 15, 4, 19, 17, 10, 3, 15, 4, 10, 20, 19, 3, 10, 12, 11, 3, 1, 12, 3, 11, 11, 2, 11, 10, 9, 10, 2, 1, 1, 6, 1, 2, 17, 9, 6, 6, 2, 2, 5, 8, 9, 5, 19, 9, 4, 4, 5, 10, 20, 18, 7, 13, 10, 19, 11, 9, 9, 9, 2, 9, 1, 1, 13, 11, 5, 6, 2, 6, 6, 18, 5, 20, 6, 1, 7, 6, 18, 18, 20, 18, 16, 16, 16, 16, 16, 16, 16, 16, 18, 18, 20, 20, 18, 7, 7, 16, 16, 5, 8, 18, 18, 7, 20, 20, 5, 13, 15, 15, 4, 15, 4, 5, 13, 15, 13, 13, 7, 3, 8, 8, 3, 14, 19, 12, 12, 14, 14, 17, 15, 13, 7, 3, 12, 12, 17, 8, 8, 3, 14, 14, 15, 12, 12, 14, 14, 17, 7, 4, 19, 17, 17, 20, 5, 7, 4, 19, 17, 17, 8, 20, 5, 13, 1, 1, 13, 17, 15, 1, 13, 7, 8, 3, 14, 12, 12, 11, 2, 8, 8, 3, 14, 11, 14]
bestever    2538    in generation 79
[10, 10, 4, 2, 19, 11, 9, 19, 9, 19, 2, 10, 6, 6, 11, 15, 4, 15, 4, 19, 17, 10, 3, 15, 4, 10, 20, 19, 3, 10, 12, 11, 1, 12, 3, 11, 11, 2, 11, 10, 9, 10, 2, 1, 1, 6, 1, 2, 17, 9, 6, 6, 2, 2, 5, 8, 9, 5, 19, 9, 4, 4, 5, 10, 20, 18, 7, 13, 10, 19, 11, 9, 9, 9, 2, 9, 1, 1, 13, 11, 5, 6, 2, 6, 6, 18, 5, 20, 6, 1, 7, 6, 18, 18, 20, 18, 16, 16, 16, 16, 16, 16, 16, 16, 18, 18, 20, 20, 18, 7, 7, 16, 16, 5, 8, 18, 18, 7, 20, 20, 5, 13, 15, 4, 15, 4, 5, 13, 15, 13, 13, 7, 3, 8, 8, 3, 14, 19, 12, 12, 14, 14, 17, 15, 13, 7, 3, 15, 3, 12, 12, 17, 8, 8, 3, 14, 14, 15, 12, 12, 14, 14, 17, 7, 4, 19, 17, 17, 20, 5, 7, 4, 19, 17, 17, 8, 20, 5, 13, 1, 1, 13, 17, 15, 1, 13, 7, 8, 3, 14, 12, 12, 11, 2, 8, 8, 3, 14, 11, 14]
bestever    2470    in generation 85
[10, 10, 4, 2, 19, 11, 9, 19, 9, 19, 2, 10, 6, 6, 11, 15, 4, 15, 4, 19, 17, 10, 3, 15, 4, 4, 20, 19, 3, 10, 12, 11, 1, 12, 3, 11, 11, 2, 11, 10, 9, 10, 2, 1, 1, 6, 1, 2, 17, 9, 6, 6, 2, 2, 5, 8, 9, 5, 19, 9, 4, 10, 5, 10, 20, 18, 7, 13, 10, 19, 11, 9, 9, 9, 2, 9, 1, 1, 13, 11, 5, 6, 2, 6, 6, 18, 5, 20, 6, 1, 7, 6, 18, 18, 20, 18, 16, 16, 16, 16, 16, 16, 16, 16, 18, 18, 20, 20, 18, 7, 7, 16, 16, 5, 8, 18, 18, 7, 20, 20, 5, 13, 15, 4, 15, 4, 5, 13, 15, 13, 13, 7, 3, 8, 8, 3, 14, 19, 12, 12, 14, 14, 17, 15, 13, 7, 3, 15, 3, 12, 12, 17, 8, 8, 3, 14, 14, 15, 12, 12, 14, 14, 17, 7, 4, 19, 17, 17, 20, 5, 7, 4, 19, 17, 17, 8, 20, 5, 13, 1, 1, 13, 17, 15, 1, 13, 7, 8, 3, 14, 12, 12, 11, 2, 8, 8, 3, 14, 11, 14]
bestever    2457    in generation 87
[10, 10, 4, 2, 19, 11, 9, 19, 9, 19, 2, 10, 6, 6, 11, 15, 4, 15, 4, 19, 17, 10, 3, 15, 4, 4, 20, 19, 3, 10, 12, 11, 1, 12, 3, 11, 11, 2, 11, 10, 9, 10, 2, 1, 1, 6, 1, 2, 17, 9, 6, 6, 2, 2, 5, 8, 9, 5, 19, 9, 4, 10, 5, 10, 20, 18, 7, 13, 10, 19, 11, 9, 9, 9, 2, 9, 1, 1, 13, 5, 6, 2, 6, 6, 18, 5, 20, 6, 1, 7, 6, 18, 18, 20, 18, 16, 16, 16, 16, 16, 16, 16, 16, 18, 18, 20, 20, 18, 7, 7, 16, 16, 5, 8, 18, 18, 7, 20, 20, 5, 13, 15, 4, 15, 4, 5, 13, 15, 13, 13, 7, 3, 8, 8, 3, 14, 19, 12, 12, 14, 14, 17, 15, 13, 7, 3, 15, 3, 12, 12, 17, 8, 14, 14, 15, 12, 12, 14, 17, 7, 4, 19, 17, 17, 20, 5, 7, 4, 19, 17, 17, 8, 20, 5, 13, 1, 1, 13, 17, 15, 1, 8, 3, 14, 11, 13, 7, 8, 3, 14, 12, 12, 11, 2, 8, 8, 3, 14, 11, 14]
bestever    2452    in generation 88
[10, 10, 4, 2, 19, 11, 9, 19, 9, 19, 2, 10, 6, 6, 11, 15, 4, 15, 4, 19, 17, 10, 3, 15, 4, 4, 20, 19, 3, 10, 12, 11, 1, 12, 3, 11, 11, 2, 11, 10, 9, 10, 2, 1, 1, 6, 1, 2, 17, 9, 6, 6, 2, 2, 5, 8, 9, 5, 19, 9, 4, 10, 5, 10, 20, 18, 7, 13, 10, 19, 11, 9, 9, 9, 2, 9, 1, 1, 13, 5, 6, 2, 6, 6, 18, 5, 20, 6, 1, 7, 6, 18, 18, 20, 18, 16, 16, 16, 16, 16, 16, 16, 16, 18, 18, 20, 20, 18, 7, 7, 16, 16, 5, 8, 18, 18, 7, 20, 20, 5, 13, 15, 4, 15, 4, 5, 13, 15, 13, 13, 7, 3, 8, 8, 3, 14, 19, 12, 12, 14, 17, 15, 13, 7, 3, 15, 3, 12, 12, 17, 8, 8, 3, 14, 14, 15, 12, 12, 14, 14, 17, 7, 4, 19, 17, 17, 20, 5, 7, 4, 19, 17, 17, 8, 20, 5, 13, 1, 1, 13, 17, 15, 1, 13, 7, 8, 3, 14, 12, 12, 11, 2, 8, 8, 3, 14, 11, 14, 11, 14]
bestever    2440    in generation 93
[10, 10, 4, 2, 19, 11, 9, 19, 9, 19, 2, 10, 6, 6, 11, 15, 4, 15, 4, 19, 17, 10, 3, 15, 4, 4, 20, 19, 3, 10, 12, 11, 1, 12, 3, 11, 11, 2, 11, 10, 9, 10, 2, 1, 1, 6, 1, 2, 17, 9, 6, 6, 2, 2, 5, 8, 9, 5, 19, 9, 4, 10, 5, 10, 20, 18, 7, 13, 10, 19, 11, 9, 9, 9, 2, 9, 1, 1, 13, 5, 6, 2, 6, 6, 18, 5, 20, 6, 1, 7, 6, 18, 18, 20, 18, 16, 16, 16, 16, 16, 16, 16, 16, 18, 7, 20, 20, 18, 7, 7, 16, 16, 5, 8, 18, 18, 7, 20, 20, 5, 13, 15, 4, 15, 4, 5, 13, 15, 13, 13, 7, 3, 8, 8, 3, 14, 19, 12, 12, 14, 17, 15, 13, 7, 3, 15, 3, 12, 12, 17, 8, 8, 3, 14, 14, 15, 12, 12, 14, 14, 17, 18, 4, 19, 17, 17, 20, 5, 7, 4, 19, 17, 17, 8, 20, 5, 13, 1, 1, 13, 17, 15, 1, 13, 7, 8, 3, 14, 12, 12, 11, 2, 8, 8, 3, 14, 11, 14, 11, 14]
bestever    2435    in generation 121
[10, 10, 4, 2, 19, 11, 9, 19, 9, 19, 2, 10, 6, 6, 11, 15, 4, 15, 4, 19, 17, 10, 3, 15, 4, 4, 20, 19, 3, 10, 12, 11, 1, 12, 3, 11, 11, 2, 11, 10, 9, 10, 2, 18, 1, 6, 1, 2, 17, 9, 6, 6, 2, 2, 5, 8, 9, 5, 19, 9, 4, 10, 5, 10, 20, 18, 7, 13, 10, 19, 11, 9, 9, 9, 2, 9, 1, 1, 13, 5, 15, 2, 6, 6, 18, 5, 20, 6, 1, 7, 6, 18, 18, 20, 18, 16, 16, 16, 16, 16, 16, 16, 16, 18, 7, 20, 20, 18, 7, 7, 16, 16, 5, 8, 1, 18, 7, 20, 20, 5, 13, 15, 4, 6, 4, 5, 13, 15, 13, 13, 7, 3, 8, 8, 3, 14, 19, 12, 12, 14, 17, 15, 13, 7, 3, 15, 3, 12, 12, 17, 8, 8, 3, 14, 14, 15, 12, 12, 14, 14, 17, 18, 4, 19, 17, 17, 20, 5, 7, 4, 19, 17, 17, 8, 20, 5, 13, 1, 1, 13, 17, 15, 1, 13, 7, 8, 3, 14, 12, 12, 11, 2, 8, 8, 3, 14, 11, 14, 11, 14]
bestever    2407    in generation 124
[10, 10, 4, 2, 19, 11, 9, 19, 9, 19, 2, 10, 6, 6, 11, 15, 4, 15, 4, 19, 17, 10, 3, 15, 4, 4, 20, 19, 3, 10, 12, 11, 1, 12, 3, 11, 11, 2, 10, 9, 10, 2, 18, 1, 6, 1, 2, 17, 9, 6, 6, 2, 2, 5, 8, 9, 5, 19, 9, 4, 10, 5, 10, 20, 18, 7, 13, 10, 19, 11, 9, 9, 9, 2, 9, 1, 1, 13, 5, 15, 2, 6, 6, 18, 5, 20, 6, 1, 7, 6, 18, 18, 20, 18, 16, 16, 16, 16, 16, 16, 16, 16, 18, 7, 20, 20, 18, 7, 7, 16, 16, 5, 8, 1, 18, 7, 20, 20, 5, 13, 15, 4, 6, 4, 5, 13, 15, 13, 13, 7, 3, 8, 8, 3, 14, 19, 12, 12, 14, 17, 15, 13, 7, 3, 15, 3, 12, 12, 17, 8, 8, 14, 15, 12, 12, 14, 14, 17, 18, 4, 19, 17, 17, 20, 5, 7, 4, 19, 17, 17, 20, 5, 13, 1, 1, 13, 3, 14, 11, 8, 17, 15, 1, 13, 7, 8, 3, 14, 12, 12, 11, 2, 8, 8, 3, 14, 11, 14, 11, 14]
bestever    2378    in generation 157
[10, 10, 4, 2, 19, 11, 9, 19, 9, 19, 2, 10, 6, 6, 11, 15, 4, 15, 4, 19, 17, 10, 3, 15, 4, 4, 20, 19, 3, 10, 12, 11, 1, 12, 3, 11, 2, 10, 9, 10, 2, 18, 1, 6, 1, 2, 17, 9, 6, 6, 2, 2, 5, 8, 9, 5, 19, 9, 4, 10, 5, 20, 18, 7, 13, 10, 19, 11, 9, 9, 9, 2, 1, 13, 5, 15, 6, 6, 18, 5, 20, 6, 7, 6, 18, 18, 20, 18, 16, 16, 16, 16, 16, 16, 16, 16, 18, 7, 20, 20, 18, 7, 7, 16, 16, 5, 15, 18, 7, 20, 20, 5, 13, 4, 6, 4, 5, 13, 15, 7, 3, 8, 8, 14, 19, 12, 12, 17, 8, 13, 7, 3, 15, 3, 12, 12, 17, 8, 14, 10, 9, 2, 14, 15, 12, 12, 14, 14, 17, 18, 4, 19, 17, 20, 5, 7, 4, 19, 17, 20, 5, 17, 13, 1, 1, 13, 3, 11, 8, 17, 15, 1, 13, 1, 1, 13, 3, 11, 8, 17, 15, 1, 13, 7, 8, 3, 14, 12, 12, 11, 2, 8, 8, 3, 14, 11, 14, 11, 14, 14]
bestever    2335    in generation 187
[2, 19, 9, 19, 9, 19, 2, 10, 6, 4, 10, 10, 11, 6, 11, 15, 4, 15, 4, 19, 17, 10, 3, 15, 4, 4, 20, 19, 3, 10, 12, 11, 12, 3, 11, 2, 10, 9, 10, 2, 18, 6, 1, 2, 17, 9, 6, 6, 2, 2, 5, 8, 9, 5, 19, 9, 4, 10, 5, 20, 18, 7, 13, 10, 19, 11, 9, 9, 9, 2, 1, 13, 5, 15, 6, 6, 18, 5, 20, 6, 7, 6, 18, 18, 20, 18, 16, 16, 16, 16, 16, 16, 16, 16, 18, 7, 20, 20, 18, 7, 7, 16, 16, 5, 15, 18, 7, 20, 20, 5, 13, 4, 6, 4, 5, 15, 7, 3, 8, 8, 19, 12, 12, 17, 8, 13, 7, 3, 15, 3, 12, 12, 17, 8, 10, 9, 2, 15, 12, 12, 14, 14, 17, 18, 4, 19, 17, 20, 5, 7, 4, 19, 17, 20, 5, 17, 13, 1, 1, 13, 14, 3, 1, 1, 13, 14, 11, 17, 15, 1, 13, 1, 1, 13, 11, 8, 17, 15, 8, 3, 14, 1, 13, 7, 8, 3, 14, 12, 12, 11, 2, 8, 8, 3, 14, 11, 14, 11, 14, 14]
bestever    2239    in generation 201
[2, 19, 9, 19, 9, 19, 2, 10, 6, 4, 10, 10, 11, 6, 11, 15, 4, 15, 4, 19, 10, 3, 15, 4, 4, 20, 19, 3, 10, 12, 11, 12, 3, 11, 2, 10, 9, 10, 2, 18, 6, 2, 17, 9, 6, 6, 2, 2, 5, 8, 9, 5, 19, 9, 4, 10, 5, 20, 18, 7, 13, 10, 19, 11, 9, 9, 9, 2, 13, 5, 15, 6, 6, 18, 5, 20, 6, 7, 6, 18, 18, 20, 18, 16, 16, 16, 16, 16, 16, 16, 16, 18, 7, 20, 20, 18, 7, 16, 16, 5, 18, 7, 20, 20, 5, 4, 6, 4, 5, 3, 8, 8, 19, 12, 17, 7, 3, 15, 12, 7, 15, 3, 12, 7, 1, 1, 13, 15, 13, 8, 17, 12, 17, 8, 10, 9, 2, 15, 12, 12, 14, 14, 17, 18, 4, 19, 17, 20, 5, 7, 4, 19, 17, 20, 5, 17, 13, 1, 1, 13, 14, 3, 1, 1, 13, 14, 11, 17, 15, 1, 13, 1, 1, 13, 11, 8, 17, 15, 8, 3, 14, 1, 13, 7, 8, 3, 14, 12, 12, 11, 2, 8, 8, 3, 14, 11, 14, 11, 14, 14]
bestever    2233    in generation 297
[2, 19, 9, 19, 9, 19, 2, 10, 6, 4, 10, 10, 11, 6, 11, 15, 4, 15, 4, 19, 10, 3, 15, 4, 4, 20, 19, 3, 10, 12, 11, 12, 3, 11, 2, 10, 9, 10, 2, 18, 6, 2, 9, 6, 6, 2, 2, 5, 8, 9, 5, 19, 9, 4, 10, 5, 20, 18, 7, 13, 10, 19, 11, 9, 9, 9, 2, 13, 5, 15, 6, 6, 18, 5, 20, 6, 7, 6, 18, 18, 20, 18, 16, 16, 16, 16, 16, 16, 16, 16, 18, 7, 20, 20, 18, 7, 16, 16, 5, 18, 7, 20, 20, 5, 4, 6, 4, 3, 8, 19, 12, 7, 3, 15, 12, 7, 15, 3, 12, 1, 1, 13, 15, 13, 8, 12, 8, 2, 8, 10, 9, 15, 12, 12, 14, 14, 17, 5, 7, 17, 17, 17, 18, 4, 19, 17, 20, 5, 7, 4, 19, 17, 17, 20, 5, 17, 13, 1, 1, 13, 14, 3, 1, 1, 13, 14, 11, 17, 15, 1, 13, 1, 1, 13, 11, 8, 17, 15, 8, 3, 14, 1, 13, 7, 8, 3, 14, 12, 12, 11, 2, 8, 8, 3, 14, 11, 14, 11, 14, 14]
bestever    2216    in generation 298
[2, 19, 9, 19, 9, 19, 2, 10, 6, 4, 10, 10, 11, 6, 11, 15, 4, 15, 4, 19, 10, 3, 15, 4, 4, 20, 19, 3, 10, 12, 11, 12, 3, 11, 2, 10, 9, 10, 2, 18, 6, 2, 9, 6, 6, 2, 2, 5, 8, 9, 5, 19, 9, 4, 10, 5, 20, 18, 7, 13, 10, 19, 9, 9, 9, 2, 13, 5, 15, 6, 6, 18, 5, 20, 6, 7, 6, 18, 18, 20, 18, 16, 16, 16, 16, 16, 16, 16, 16, 18, 7, 20, 20, 18, 7, 16, 16, 5, 18, 7, 20, 20, 5, 4, 6, 4, 3, 8, 19, 12, 7, 3, 15, 12, 7, 15, 3, 12, 1, 1, 13, 15, 13, 8, 12, 8, 2, 10, 9, 15, 12, 12, 17, 5, 7, 17, 17, 17, 18, 4, 19, 17, 20, 5, 7, 4, 19, 17, 17, 20, 5, 1, 13, 17, 1, 13, 14, 1, 1, 13, 14, 17, 15, 1, 11, 14, 3, 14, 11, 8, 13, 1, 1, 13, 11, 8, 17, 15, 8, 3, 14, 1, 13, 7, 8, 3, 14, 12, 12, 11, 2, 8, 8, 3, 14, 11, 14, 11, 14, 14]
bestever    2208    in generation 315
[2, 19, 9, 19, 9, 19, 2, 10, 6, 4, 10, 10, 11, 6, 11, 15, 4, 15, 4, 19, 10, 3, 15, 4, 4, 20, 19, 3, 10, 12, 11, 12, 3, 11, 2, 10, 9, 10, 2, 18, 6, 2, 9, 6, 6, 2, 2, 5, 8, 9, 5, 19, 9, 4, 10, 5, 20, 18, 7, 13, 10, 19, 9, 9, 9, 2, 13, 5, 15, 6, 6, 18, 5, 20, 6, 7, 6, 18, 18, 20, 18, 16, 16, 16, 16, 16, 16, 16, 16, 18, 7, 20, 20, 18, 7, 16, 16, 5, 18, 7, 20, 20, 5, 4, 6, 4, 3, 8, 19, 12, 7, 3, 15, 12, 7, 15, 3, 12, 1, 1, 13, 15, 13, 8, 12, 8, 2, 10, 9, 15, 12, 12, 17, 5, 7, 17, 17, 17, 18, 4, 19, 17, 20, 5, 7, 4, 19, 17, 17, 20, 5, 1, 13, 17, 1, 13, 14, 1, 1, 13, 14, 17, 15, 1, 11, 14, 3, 14, 8, 13, 1, 1, 13, 11, 8, 17, 15, 8, 3, 14, 1, 13, 7, 8, 3, 14, 12, 12, 11, 11, 2, 8, 8, 3, 14, 11, 14, 11, 14, 14]
bestever    2161    in generation 329
[2, 19, 9, 19, 9, 19, 2, 10, 6, 4, 10, 10, 6, 15, 4, 15, 4, 19, 10, 3, 15, 4, 4, 20, 19, 3, 10, 12, 11, 12, 3, 11, 2, 10, 9, 10, 2, 18, 6, 2, 9, 6, 6, 2, 2, 5, 9, 5, 19, 9, 4, 10, 5, 20, 18, 7, 13, 10, 19, 9, 9, 9, 2, 13, 5, 15, 6, 6, 18, 5, 20, 6, 7, 6, 18, 18, 20, 18, 16, 16, 16, 16, 16, 16, 16, 16, 18, 7, 20, 20, 18, 7, 16, 16, 5, 18, 7, 20, 20, 5, 4, 6, 4, 19, 12, 7, 15, 12, 7, 15, 12, 1, 1, 13, 15, 13, 12, 2, 10, 9, 15, 12, 12, 17, 5, 7, 17, 17, 17, 18, 4, 19, 17, 20, 5, 7, 4, 19, 17, 17, 20, 5, 1, 13, 17, 1, 13, 1, 1, 13, 17, 11, 3, 8, 11, 8, 8, 3, 14, 15, 1, 11, 14, 3, 14, 8, 13, 1, 1, 13, 11, 8, 17, 15, 8, 3, 14, 1, 13, 7, 8, 3, 14, 8, 3, 14, 12, 12, 11, 11, 2, 8, 8, 3, 14, 11, 14, 11, 14, 14]
bestever    2113    in generation 443
[2, 19, 9, 19, 9, 19, 2, 10, 6, 4, 10, 10, 6, 15, 4, 15, 4, 19, 10, 15, 4, 4, 20, 19, 10, 12, 12, 2, 10, 9, 10, 2, 18, 6, 2, 9, 6, 6, 2, 2, 5, 9, 5, 19, 9, 4, 10, 5, 20, 18, 7, 13, 10, 19, 9, 9, 9, 2, 13, 5, 15, 6, 6, 18, 20, 6, 7, 6, 18, 18, 20, 18, 16, 16, 16, 16, 16, 16, 16, 16, 18, 20, 7, 16, 18, 7, 20, 5, 4, 16, 5, 18, 7, 20, 20, 5, 6, 19, 12, 7, 15, 12, 7, 15, 12, 1, 1, 13, 15, 13, 12, 2, 10, 9, 15, 12, 4, 3, 3, 3, 11, 11, 12, 17, 5, 7, 17, 17, 17, 18, 4, 19, 17, 20, 5, 7, 4, 19, 17, 17, 20, 5, 1, 13, 17, 1, 13, 1, 1, 13, 17, 11, 3, 8, 8, 8, 3, 14, 15, 1, 3, 14, 8, 13, 1, 1, 13, 8, 17, 15, 8, 3, 14, 1, 13, 7, 3, 14, 11, 14, 11, 11, 14, 12, 8, 8, 3, 12, 11, 11, 2, 8, 8, 3, 14, 11, 14, 11, 14, 14]
bestever    2092    in generation 478
[2, 19, 9, 19, 9, 19, 2, 10, 6, 4, 10, 10, 6, 15, 4, 15, 4, 19, 10, 15, 4, 4, 20, 19, 10, 12, 12, 2, 10, 9, 10, 2, 18, 6, 2, 9, 6, 6, 2, 2, 5, 9, 5, 19, 9, 4, 10, 5, 20, 18, 7, 13, 10, 19, 9, 9, 9, 2, 13, 5, 15, 6, 6, 18, 20, 6, 7, 6, 18, 18, 20, 18, 16, 16, 16, 16, 16, 16, 16, 16, 18, 20, 7, 16, 18, 7, 20, 5, 4, 16, 5, 18, 7, 20, 20, 5, 6, 19, 12, 7, 15, 12, 15, 12, 1, 13, 15, 13, 12, 2, 10, 9, 15, 12, 4, 3, 3, 3, 11, 12, 17, 7, 17, 17, 18, 4, 7, 19, 5, 7, 4, 19, 20, 5, 17, 20, 5, 1, 17, 1, 13, 1, 1, 13, 17, 11, 3, 8, 8, 8, 3, 14, 15, 1, 3, 14, 11, 17, 17, 17, 13, 1, 8, 13, 1, 1, 13, 8, 17, 15, 8, 3, 14, 1, 13, 7, 3, 14, 11, 14, 11, 11, 14, 12, 8, 8, 3, 12, 11, 11, 2, 8, 8, 3, 14, 11, 14, 11, 14, 14]
bestever    2086    in generation 480
[2, 19, 9, 19, 9, 19, 2, 10, 6, 4, 10, 10, 6, 15, 4, 15, 4, 19, 10, 15, 4, 4, 20, 19, 10, 12, 12, 2, 10, 9, 10, 2, 18, 6, 2, 9, 6, 6, 2, 2, 5, 9, 5, 19, 9, 4, 10, 5, 17, 18, 7, 13, 10, 19, 9, 9, 9, 2, 13, 5, 15, 6, 6, 18, 20, 6, 7, 6, 18, 18, 20, 18, 16, 16, 16, 16, 16, 16, 16, 16, 18, 20, 7, 16, 18, 7, 20, 5, 4, 16, 5, 18, 7, 20, 20, 5, 6, 19, 12, 7, 15, 12, 15, 12, 1, 13, 15, 13, 12, 2, 10, 9, 15, 12, 4, 3, 3, 3, 11, 12, 17, 7, 17, 17, 18, 4, 7, 19, 5, 7, 4, 19, 20, 5, 17, 20, 5, 1, 17, 1, 13, 1, 1, 13, 17, 11, 3, 8, 8, 8, 3, 14, 15, 1, 3, 14, 11, 20, 17, 17, 13, 1, 8, 13, 1, 1, 13, 8, 17, 15, 8, 3, 14, 1, 13, 7, 3, 14, 11, 14, 11, 11, 14, 12, 8, 8, 3, 12, 11, 11, 2, 8, 8, 3, 14, 11, 14, 11, 14, 14]
bestever    2065    in generation 493
[19, 19, 9, 2, 9, 19, 2, 10, 6, 4, 10, 10, 6, 15, 4, 15, 4, 19, 10, 15, 4, 4, 20, 19, 10, 12, 12, 2, 10, 9, 10, 2, 18, 6, 2, 9, 6, 6, 2, 2, 5, 9, 5, 19, 9, 4, 10, 5, 17, 18, 7, 13, 10, 19, 9, 9, 9, 2, 13, 5, 15, 6, 6, 18, 20, 6, 7, 6, 18, 18, 20, 18, 16, 16, 16, 16, 16, 16, 16, 16, 18, 20, 7, 16, 18, 7, 20, 5, 4, 16, 5, 18, 7, 20, 20, 5, 6, 19, 12, 7, 15, 12, 15, 12, 1, 13, 15, 13, 12, 2, 10, 9, 15, 12, 4, 3, 3, 3, 11, 12, 17, 7, 17, 17, 18, 4, 7, 19, 5, 7, 4, 19, 20, 5, 17, 20, 5, 1, 17, 1, 13, 1, 1, 13, 17, 11, 3, 8, 8, 8, 3, 14, 15, 1, 3, 14, 11, 20, 17, 17, 13, 1, 8, 13, 1, 1, 13, 8, 17, 15, 8, 3, 14, 1, 13, 7, 3, 14, 11, 14, 11, 11, 14, 12, 8, 8, 3, 12, 11, 11, 2, 8, 8, 3, 14, 11, 14, 11, 14, 14]
bestever    2061    in generation 632
[19, 19, 9, 2, 9, 19, 2, 10, 6, 4, 10, 10, 6, 15, 4, 15, 4, 19, 10, 15, 4, 4, 20, 19, 10, 12, 12, 2, 10, 9, 10, 2, 18, 6, 2, 9, 6, 6, 2, 2, 5, 9, 5, 19, 9, 4, 10, 5, 17, 18, 7, 13, 10, 19, 9, 9, 9, 2, 13, 5, 15, 6, 6, 18, 20, 6, 7, 6, 18, 18, 20, 18, 16, 16, 16, 16, 16, 16, 16, 16, 18, 20, 7, 16, 18, 5, 20, 5, 4, 16, 5, 18, 7, 20, 20, 7, 6, 19, 12, 7, 15, 12, 15, 12, 1, 13, 15, 13, 12, 2, 10, 9, 15, 12, 4, 3, 3, 3, 11, 12, 17, 7, 17, 17, 18, 4, 7, 19, 5, 7, 4, 19, 20, 5, 17, 20, 5, 1, 17, 1, 13, 1, 1, 13, 17, 11, 3, 8, 8, 8, 3, 14, 15, 1, 3, 14, 11, 20, 17, 17, 13, 1, 8, 13, 1, 1, 13, 8, 17, 15, 8, 3, 14, 1, 13, 7, 3, 14, 11, 14, 11, 11, 14, 12, 8, 8, 3, 12, 11, 11, 2, 8, 8, 3, 14, 11, 14, 11, 14, 14]
bestever    2054    in generation 636
[19, 19, 9, 2, 9, 19, 2, 10, 6, 4, 10, 10, 6, 15, 4, 15, 4, 19, 10, 15, 4, 4, 20, 19, 10, 12, 12, 2, 10, 9, 10, 2, 18, 6, 2, 9, 6, 6, 2, 2, 5, 9, 5, 19, 9, 4, 10, 5, 17, 18, 7, 13, 10, 19, 9, 9, 9, 2, 13, 5, 15, 6, 6, 18, 20, 6, 7, 6, 18, 18, 20, 18, 16, 16, 16, 16, 16, 16, 16, 16, 18, 20, 7, 16, 18, 5, 20, 5, 4, 16, 5, 5, 7, 20, 20, 7, 6, 19, 12, 7, 15, 12, 15, 12, 1, 13, 15, 13, 12, 2, 10, 9, 15, 12, 4, 3, 3, 3, 11, 12, 17, 7, 17, 17, 18, 4, 7, 19, 5, 7, 4, 19, 20, 5, 17, 20, 18, 1, 17, 1, 13, 1, 1, 13, 17, 11, 3, 8, 8, 8, 3, 14, 15, 1, 3, 14, 11, 20, 17, 17, 13, 1, 8, 13, 1, 1, 13, 8, 17, 15, 8, 3, 14, 1, 13, 7, 3, 14, 11, 14, 11, 11, 14, 12, 8, 8, 3, 12, 11, 11, 2, 8, 8, 3, 14, 11, 14, 11, 14, 14]
bestever    2046    in generation 742
[19, 19, 9, 2, 9, 19, 2, 10, 6, 4, 10, 10, 6, 15, 4, 15, 4, 19, 10, 15, 4, 4, 20, 19, 10, 12, 12, 2, 10, 9, 10, 2, 18, 6, 2, 9, 6, 6, 2, 2, 5, 9, 5, 19, 9, 4, 10, 5, 17, 18, 7, 13, 10, 19, 9, 9, 9, 2, 5, 15, 6, 6, 18, 20, 6, 7, 6, 18, 18, 20, 18, 16, 16, 16, 16, 16, 16, 5, 16, 18, 20, 7, 16, 18, 5, 20, 5, 4, 16, 5, 5, 7, 20, 20, 7, 6, 19, 12, 7, 15, 12, 15, 12, 1, 13, 15, 13, 12, 2, 10, 9, 15, 12, 4, 3, 3, 3, 11, 12, 17, 7, 17, 18, 4, 7, 19, 5, 7, 4, 19, 20, 16, 17, 20, 18, 1, 17, 1, 13, 1, 1, 13, 17, 13, 17, 11, 3, 8, 8, 8, 3, 14, 15, 1, 3, 14, 11, 20, 17, 17, 13, 1, 8, 13, 1, 1, 13, 8, 17, 15, 8, 3, 14, 1, 13, 7, 3, 14, 11, 14, 14, 12, 8, 3, 11, 11, 3, 11, 8, 12, 11, 2, 8, 8, 14, 11, 14, 11, 14, 14]
bestever    2044    in generation 794
[19, 19, 9, 2, 9, 19, 2, 10, 6, 4, 10, 10, 6, 15, 4, 15, 4, 19, 10, 15, 4, 4, 19, 10, 12, 12, 2, 10, 9, 10, 2, 18, 6, 2, 9, 6, 6, 2, 2, 5, 9, 5, 19, 9, 4, 10, 5, 17, 18, 7, 13, 10, 19, 9, 9, 9, 2, 5, 15, 6, 6, 18, 6, 7, 6, 18, 18, 20, 18, 16, 16, 16, 16, 16, 16, 5, 16, 18, 20, 7, 18, 5, 20, 4, 16, 5, 7, 16, 5, 5, 20, 20, 20, 20, 7, 6, 19, 12, 7, 15, 12, 15, 12, 1, 13, 15, 13, 12, 2, 10, 9, 15, 12, 4, 3, 3, 3, 11, 12, 17, 7, 17, 18, 4, 19, 7, 5, 7, 4, 19, 20, 16, 17, 20, 18, 1, 17, 1, 13, 1, 1, 13, 17, 8, 17, 11, 3, 8, 13, 8, 3, 15, 1, 3, 11, 20, 17, 17, 13, 1, 8, 13, 14, 14, 1, 1, 13, 8, 17, 15, 8, 3, 14, 1, 13, 7, 3, 14, 14, 12, 8, 3, 11, 11, 3, 11, 8, 12, 11, 2, 8, 8, 14, 11, 14, 11, 14, 11, 14, 14]
bestever    2043    in generation 1060
[19, 19, 9, 2, 9, 19, 2, 10, 4, 14, 10, 10, 15, 4, 15, 4, 19, 10, 15, 4, 4, 19, 10, 12, 12, 2, 10, 9, 10, 2, 18, 6, 2, 9, 6, 6, 2, 2, 5, 9, 5, 19, 9, 4, 7, 10, 5, 17, 18, 7, 13, 6, 6, 10, 19, 9, 9, 9, 2, 5, 15, 6, 6, 18, 6, 7, 6, 18, 18, 20, 18, 16, 16, 17, 16, 16, 16, 16, 5, 16, 18, 20, 7, 18, 5, 20, 4, 16, 5, 7, 16, 5, 5, 20, 20, 20, 20, 7, 6, 19, 12, 15, 12, 15, 12, 1, 13, 15, 13, 12, 2, 10, 9, 15, 12, 4, 3, 3, 3, 11, 12, 17, 7, 18, 4, 19, 7, 5, 7, 4, 19, 20, 16, 17, 20, 18, 1, 17, 1, 13, 1, 1, 13, 17, 8, 17, 3, 8, 13, 8, 3, 15, 1, 3, 20, 17, 17, 13, 1, 8, 13, 14, 1, 1, 13, 8, 17, 15, 8, 14, 3, 14, 1, 13, 7, 3, 14, 14, 12, 8, 3, 11, 11, 11, 11, 3, 11, 8, 12, 11, 2, 8, 8, 14, 11, 14, 11, 14, 11, 14]
bestever    2009    in generation 1078
[19, 19, 9, 2, 9, 19, 2, 10, 4, 14, 10, 10, 15, 4, 15, 19, 10, 15, 4, 4, 19, 10, 12, 2, 10, 9, 10, 2, 18, 6, 2, 9, 6, 6, 2, 2, 5, 9, 5, 19, 9, 4, 7, 10, 5, 17, 18, 7, 13, 6, 6, 10, 19, 9, 9, 9, 2, 5, 6, 6, 18, 6, 7, 6, 18, 18, 20, 18, 16, 16, 17, 16, 16, 16, 16, 5, 16, 18, 20, 7, 18, 5, 20, 4, 16, 5, 7, 16, 5, 5, 20, 20, 20, 20, 7, 6, 19, 12, 15, 12, 15, 12, 1, 13, 15, 15, 12, 4, 13, 12, 2, 10, 9, 15, 12, 4, 3, 3, 3, 11, 12, 17, 7, 18, 4, 19, 7, 5, 7, 4, 19, 20, 16, 17, 20, 18, 1, 17, 1, 13, 1, 1, 13, 17, 8, 17, 3, 8, 13, 8, 3, 15, 1, 3, 20, 17, 17, 13, 1, 8, 13, 14, 1, 1, 13, 8, 17, 15, 8, 14, 3, 14, 1, 13, 7, 3, 14, 14, 12, 8, 3, 11, 11, 11, 11, 3, 11, 8, 12, 11, 2, 8, 8, 14, 11, 14, 11, 14, 11, 14]
bestever    1982    in generation 1088
[19, 19, 9, 2, 9, 19, 2, 10, 4, 10, 10, 15, 4, 15, 19, 10, 15, 4, 4, 19, 10, 12, 2, 10, 9, 10, 2, 18, 6, 2, 9, 6, 6, 2, 2, 5, 9, 5, 19, 9, 4, 7, 10, 5, 17, 18, 7, 13, 6, 6, 10, 19, 9, 9, 9, 2, 5, 6, 6, 18, 6, 7, 6, 18, 18, 20, 18, 16, 16, 17, 16, 16, 16, 16, 5, 16, 18, 20, 7, 18, 5, 20, 4, 16, 5, 7, 16, 5, 5, 20, 20, 20, 20, 7, 6, 19, 12, 15, 12, 15, 12, 1, 13, 15, 15, 12, 4, 13, 12, 2, 10, 9, 15, 12, 4, 3, 3, 3, 11, 12, 17, 7, 18, 4, 19, 7, 5, 7, 4, 19, 20, 16, 17, 20, 18, 1, 17, 1, 13, 1, 1, 13, 14, 17, 8, 17, 3, 8, 13, 8, 3, 15, 1, 3, 20, 17, 17, 13, 1, 8, 13, 14, 1, 1, 13, 8, 17, 15, 8, 14, 3, 14, 1, 13, 7, 3, 14, 14, 12, 8, 3, 11, 11, 11, 11, 3, 11, 8, 12, 11, 2, 8, 8, 14, 11, 14, 11, 14, 11, 14]
bestever    1949    in generation 1189
[19, 19, 9, 2, 9, 19, 2, 10, 4, 10, 10, 15, 4, 15, 19, 10, 15, 4, 4, 19, 10, 12, 2, 10, 9, 10, 2, 18, 6, 2, 9, 6, 6, 2, 2, 5, 9, 5, 19, 9, 4, 7, 10, 5, 17, 18, 7, 13, 6, 6, 10, 19, 9, 9, 9, 2, 5, 6, 6, 18, 6, 7, 6, 18, 18, 20, 18, 16, 16, 17, 16, 16, 16, 15, 5, 16, 18, 20, 7, 14, 18, 5, 20, 4, 16, 5, 7, 16, 5, 5, 20, 20, 20, 20, 7, 6, 19, 12, 15, 12, 15, 12, 1, 13, 15, 15, 12, 4, 13, 12, 2, 10, 9, 15, 12, 4, 1, 3, 3, 12, 17, 7, 18, 4, 19, 7, 5, 4, 19, 20, 16, 17, 20, 18, 1, 17, 3, 13, 1, 1, 13, 17, 8, 17, 8, 13, 8, 3, 15, 1, 3, 20, 17, 17, 13, 1, 8, 13, 7, 3, 14, 1, 1, 13, 8, 17, 16, 8, 14, 3, 14, 1, 13, 7, 3, 14, 12, 8, 11, 14, 3, 11, 11, 11, 11, 3, 11, 8, 12, 11, 2, 8, 8, 14, 11, 14, 11, 14, 11, 14]
bestever    1934    in generation 1208
[19, 19, 9, 2, 9, 19, 2, 10, 4, 10, 10, 18, 4, 15, 19, 10, 15, 4, 4, 19, 10, 12, 2, 10, 9, 10, 2, 15, 6, 2, 9, 6, 6, 2, 2, 5, 9, 5, 19, 9, 4, 7, 10, 5, 17, 18, 7, 13, 6, 6, 10, 19, 9, 9, 9, 2, 5, 6, 6, 18, 6, 7, 6, 18, 18, 20, 18, 16, 16, 17, 16, 16, 16, 15, 5, 16, 18, 20, 7, 14, 18, 5, 20, 4, 16, 5, 7, 16, 5, 5, 20, 20, 20, 20, 7, 6, 19, 12, 15, 12, 15, 12, 1, 13, 15, 15, 12, 4, 13, 12, 2, 10, 9, 15, 12, 4, 1, 3, 3, 12, 17, 7, 18, 4, 19, 7, 5, 4, 19, 20, 16, 17, 20, 18, 1, 17, 3, 13, 1, 1, 13, 17, 8, 17, 8, 13, 8, 3, 15, 1, 3, 20, 17, 17, 13, 1, 8, 13, 7, 3, 14, 1, 1, 13, 8, 17, 16, 8, 14, 3, 14, 1, 13, 7, 3, 14, 12, 8, 11, 14, 3, 11, 11, 11, 11, 3, 11, 8, 12, 11, 2, 8, 8, 14, 11, 14, 11, 14, 11, 14]
bestever    1927    in generation 1334
[19, 19, 9, 2, 9, 19, 2, 10, 4, 10, 10, 18, 4, 15, 19, 10, 15, 4, 4, 19, 10, 12, 2, 10, 9, 10, 2, 15, 6, 2, 9, 6, 6, 2, 2, 5, 9, 5, 19, 9, 4, 7, 10, 5, 17, 18, 7, 13, 6, 6, 10, 19, 9, 9, 9, 2, 5, 6, 6, 18, 6, 7, 6, 18, 18, 20, 18, 16, 16, 17, 16, 16, 16, 15, 5, 16, 18, 20, 7, 14, 18, 5, 20, 4, 16, 5, 7, 16, 5, 5, 20, 20, 20, 20, 7, 6, 19, 12, 15, 12, 15, 12, 1, 13, 15, 15, 12, 4, 13, 12, 2, 10, 9, 15, 12, 4, 1, 3, 3, 12, 17, 7, 18, 4, 19, 7, 5, 4, 19, 20, 16, 17, 1, 20, 18, 1, 17, 3, 13, 1, 13, 17, 8, 17, 8, 13, 8, 3, 15, 1, 3, 20, 17, 17, 13, 1, 8, 13, 7, 3, 14, 1, 1, 13, 8, 17, 16, 8, 3, 1, 13, 7, 3, 12, 8, 11, 14, 3, 11, 11, 11, 3, 8, 12, 2, 14, 11, 14, 11, 14, 11, 8, 8, 14, 11, 14, 11, 14, 11, 14]
bestever    1917    in generation 1484
[19, 19, 9, 2, 9, 19, 2, 10, 4, 10, 10, 18, 4, 15, 19, 10, 15, 4, 4, 19, 10, 12, 2, 10, 9, 10, 2, 15, 6, 2, 9, 6, 6, 2, 2, 5, 9, 5, 19, 9, 4, 7, 10, 5, 17, 18, 7, 13, 6, 6, 10, 19, 9, 9, 9, 2, 5, 6, 6, 18, 6, 7, 6, 18, 18, 20, 18, 16, 16, 17, 16, 16, 16, 15, 5, 16, 18, 20, 7, 14, 18, 5, 20, 4, 16, 5, 7, 16, 5, 5, 20, 20, 20, 20, 7, 6, 19, 12, 15, 12, 15, 12, 1, 13, 15, 15, 12, 4, 13, 12, 2, 10, 9, 15, 12, 4, 1, 3, 3, 12, 4, 7, 18, 17, 19, 7, 5, 4, 13, 20, 16, 17, 1, 20, 18, 1, 17, 3, 13, 1, 19, 17, 8, 17, 8, 13, 8, 3, 15, 1, 3, 20, 17, 17, 13, 1, 8, 13, 7, 14, 1, 3, 1, 13, 8, 17, 16, 8, 3, 1, 13, 7, 3, 12, 8, 11, 14, 3, 11, 11, 11, 3, 8, 12, 2, 14, 11, 14, 11, 14, 11, 8, 8, 14, 11, 14, 11, 14, 11, 14]
bestever    1905    in generation 1744
[19, 19, 9, 2, 9, 19, 2, 10, 4, 10, 10, 18, 4, 15, 19, 10, 15, 4, 4, 19, 19, 12, 2, 10, 9, 10, 2, 15, 6, 2, 9, 6, 6, 2, 2, 5, 9, 5, 10, 9, 4, 7, 10, 5, 17, 18, 7, 13, 6, 6, 10, 19, 9, 9, 9, 2, 5, 6, 6, 18, 6, 7, 6, 18, 18, 20, 18, 16, 16, 17, 16, 16, 16, 15, 5, 16, 18, 20, 7, 18, 5, 20, 4, 16, 5, 7, 16, 5, 5, 20, 20, 20, 20, 7, 6, 19, 12, 15, 12, 15, 12, 1, 13, 15, 15, 12, 4, 13, 12, 2, 10, 9, 15, 12, 4, 1, 3, 3, 12, 4, 7, 18, 17, 19, 7, 5, 4, 13, 17, 16, 17, 1, 20, 18, 1, 20, 13, 1, 19, 17, 17, 13, 8, 15, 1, 3, 20, 17, 17, 13, 1, 8, 7, 3, 1, 13, 8, 8, 3, 3, 1, 13, 8, 17, 16, 8, 3, 14, 1, 13, 7, 3, 12, 11, 11, 14, 3, 11, 8, 3, 8, 14, 12, 2, 14, 11, 14, 14, 11, 11, 14, 11, 8, 8, 14, 11, 14, 11, 14, 11]
bestever    1900    in generation 1814
[19, 19, 9, 2, 9, 19, 2, 10, 4, 10, 10, 18, 4, 15, 19, 10, 15, 4, 4, 19, 19, 12, 2, 10, 9, 10, 2, 15, 6, 2, 9, 6, 6, 2, 2, 5, 9, 5, 10, 9, 4, 7, 10, 5, 17, 18, 7, 13, 6, 6, 10, 19, 9, 9, 9, 4, 5, 6, 6, 18, 6, 7, 6, 18, 18, 20, 18, 16, 16, 17, 16, 16, 16, 15, 5, 16, 18, 20, 7, 18, 5, 20, 2, 16, 5, 7, 16, 5, 5, 20, 20, 20, 20, 7, 6, 19, 12, 15, 12, 15, 12, 1, 13, 15, 15, 12, 4, 13, 12, 2, 10, 9, 15, 12, 4, 1, 3, 3, 12, 4, 7, 18, 17, 19, 7, 5, 4, 13, 17, 16, 17, 1, 20, 18, 1, 20, 13, 1, 19, 17, 17, 13, 8, 15, 1, 3, 20, 17, 17, 13, 1, 8, 7, 3, 1, 13, 8, 8, 3, 3, 1, 13, 8, 17, 16, 8, 3, 14, 1, 13, 7, 3, 12, 11, 11, 14, 3, 11, 8, 3, 8, 14, 12, 2, 14, 11, 14, 14, 11, 11, 14, 11, 8, 8, 14, 11, 14, 11, 14, 11]
bestever    1894    in generation 1816
[19, 19, 9, 2, 9, 19, 2, 10, 4, 10, 10, 18, 4, 15, 19, 10, 15, 4, 4, 19, 19, 6, 2, 10, 9, 10, 2, 15, 6, 2, 9, 6, 6, 2, 2, 5, 9, 5, 10, 9, 4, 7, 10, 5, 17, 18, 7, 13, 6, 6, 10, 19, 9, 9, 9, 4, 5, 6, 12, 18, 6, 7, 6, 18, 18, 20, 18, 16, 16, 17, 16, 16, 16, 15, 5, 16, 18, 20, 7, 18, 5, 20, 2, 16, 5, 7, 16, 5, 5, 20, 20, 20, 20, 7, 6, 19, 12, 15, 12, 15, 12, 1, 13, 15, 15, 12, 4, 13, 12, 2, 10, 9, 15, 12, 4, 1, 3, 3, 12, 4, 7, 18, 17, 19, 7, 5, 4, 13, 17, 16, 17, 1, 20, 18, 1, 20, 13, 1, 19, 17, 17, 13, 8, 15, 1, 3, 20, 17, 17, 13, 1, 8, 7, 3, 1, 13, 8, 8, 3, 3, 1, 13, 8, 17, 16, 8, 3, 14, 1, 13, 7, 3, 12, 11, 11, 14, 3, 11, 8, 3, 8, 14, 12, 2, 14, 11, 14, 14, 11, 11, 14, 11, 8, 8, 14, 11, 14, 11, 14, 11]
bestever    1884    in generation 2618
[19, 19, 9, 2, 9, 19, 2, 10, 2, 4, 10, 10, 18, 4, 15, 19, 19, 10, 15, 4, 4, 19, 19, 6, 2, 10, 9, 10, 2, 15, 6, 2, 9, 4, 6, 2, 2, 5, 9, 5, 10, 9, 6, 7, 10, 5, 17, 18, 7, 13, 6, 6, 10, 19, 9, 9, 9, 4, 5, 6, 12, 4, 6, 7, 6, 18, 18, 20, 18, 16, 16, 18, 16, 16, 16, 15, 5, 16, 18, 20, 7, 18, 5, 20, 16, 5, 7, 16, 5, 5, 20, 20, 20, 14, 20, 7, 6, 12, 15, 12, 15, 12, 1, 13, 15, 15, 12, 4, 13, 12, 2, 10, 9, 15, 12, 4, 1, 14, 3, 12, 4, 7, 18, 17, 19, 7, 5, 18, 13, 17, 16, 17, 17, 1, 20, 17, 1, 20, 13, 1, 19, 17, 17, 13, 8, 15, 1, 3, 20, 17, 17, 13, 1, 8, 1, 13, 8, 8, 3, 3, 16, 3, 3, 1, 13, 7, 1, 13, 7, 3, 12, 3, 3, 12, 14, 11, 11, 3, 2, 8, 8, 8, 8, 14, 11, 14, 11, 14, 11, 11, 14, 11, 8, 8, 14, 11, 14, 11, 14, 11]
bestever    1875    in generation 2864
[19, 19, 9, 2, 9, 19, 2, 10, 2, 4, 10, 10, 18, 4, 15, 19, 19, 10, 15, 4, 4, 19, 19, 9, 2, 10, 9, 10, 2, 15, 6, 2, 6, 4, 6, 2, 2, 5, 9, 5, 10, 9, 6, 7, 10, 5, 17, 18, 7, 13, 6, 6, 10, 19, 9, 9, 9, 4, 5, 6, 12, 4, 6, 7, 6, 18, 18, 20, 18, 16, 16, 18, 16, 16, 16, 15, 5, 16, 18, 20, 7, 18, 5, 20, 16, 5, 16, 5, 5, 20, 20, 20, 20, 6, 12, 15, 12, 15, 12, 1, 13, 15, 15, 12, 4, 13, 12, 2, 10, 9, 15, 12, 4, 1, 3, 12, 4, 18, 17, 19, 5, 18, 13, 17, 16, 17, 17, 1, 20, 17, 1, 20, 13, 1, 19, 17, 17, 13, 8, 15, 1, 3, 20, 17, 17, 13, 1, 8, 1, 8, 8, 16, 3, 7, 7, 13, 7, 3, 12, 3, 3, 7, 1, 13, 7, 1, 13, 7, 3, 3, 3, 12, 11, 11, 3, 2, 8, 8, 14, 14, 14, 8, 8, 14, 11, 14, 11, 14, 11, 11, 14, 11, 8, 8, 14, 11, 14, 11, 14, 11]
bestever    1867    in generation 2937
[19, 19, 9, 2, 9, 19, 2, 10, 2, 4, 10, 10, 18, 4, 15, 19, 19, 10, 15, 4, 4, 19, 19, 9, 2, 10, 9, 10, 2, 15, 6, 2, 6, 4, 6, 2, 2, 5, 9, 5, 10, 9, 6, 7, 10, 5, 17, 18, 7, 13, 6, 6, 10, 19, 9, 9, 9, 4, 5, 6, 12, 4, 6, 7, 4, 18, 18, 20, 18, 16, 16, 18, 16, 16, 16, 15, 5, 16, 18, 20, 7, 18, 5, 20, 16, 5, 16, 5, 5, 20, 20, 20, 20, 6, 12, 15, 12, 15, 12, 1, 13, 15, 15, 12, 4, 13, 12, 2, 10, 9, 15, 12, 4, 1, 3, 12, 6, 18, 17, 19, 5, 18, 13, 17, 16, 17, 17, 1, 20, 17, 1, 20, 13, 1, 19, 17, 17, 13, 8, 15, 1, 3, 20, 17, 17, 13, 1, 8, 1, 8, 8, 16, 3, 7, 7, 13, 7, 3, 12, 3, 3, 1, 7, 13, 7, 1, 13, 7, 3, 3, 3, 12, 11, 11, 3, 2, 8, 8, 14, 14, 14, 8, 8, 14, 11, 14, 11, 14, 11, 11, 14, 11, 8, 8, 14, 11, 14, 11, 14, 11]
bestever    1866    in generation 3193
[19, 19, 9, 2, 9, 19, 2, 10, 2, 4, 10, 10, 18, 4, 15, 19, 19, 10, 15, 4, 4, 19, 19, 9, 2, 10, 9, 10, 2, 15, 6, 2, 6, 4, 6, 2, 2, 5, 9, 5, 10, 9, 6, 7, 10, 5, 18, 7, 13, 6, 6, 10, 19, 9, 9, 9, 4, 5, 6, 12, 4, 6, 7, 4, 18, 18, 20, 18, 16, 16, 18, 16, 16, 16, 15, 5, 16, 18, 20, 7, 18, 12, 20, 16, 5, 16, 5, 5, 20, 20, 20, 6, 12, 15, 12, 15, 5, 1, 13, 15, 13, 12, 4, 15, 12, 2, 10, 9, 15, 12, 4, 1, 3, 12, 6, 18, 17, 19, 5, 18, 20, 17, 13, 17, 16, 17, 17, 1, 20, 17, 1, 20, 13, 1, 19, 17, 17, 13, 8, 15, 1, 3, 20, 17, 17, 13, 1, 8, 1, 8, 16, 3, 7, 7, 13, 7, 12, 3, 1, 7, 13, 7, 1, 13, 3, 3, 7, 3, 3, 3, 12, 11, 11, 3, 2, 8, 14, 14, 14, 8, 8, 8, 8, 14, 11, 14, 11, 14, 11, 11, 14, 11, 8, 8, 14, 11, 14, 11, 14, 11]
bestever    1856    in generation 3464
[19, 19, 9, 2, 9, 19, 2, 10, 2, 4, 10, 10, 18, 4, 15, 19, 19, 10, 15, 4, 4, 19, 19, 9, 2, 10, 9, 10, 2, 15, 6, 2, 6, 4, 6, 2, 5, 9, 5, 10, 9, 6, 18, 7, 10, 5, 18, 7, 13, 6, 6, 10, 19, 9, 9, 9, 4, 5, 6, 12, 4, 6, 7, 4, 18, 18, 20, 18, 16, 16, 16, 16, 16, 15, 5, 16, 18, 17, 20, 7, 18, 20, 16, 5, 16, 6, 12, 15, 12, 5, 1, 13, 15, 13, 12, 4, 15, 12, 2, 15, 12, 2, 10, 9, 15, 12, 4, 1, 12, 6, 18, 17, 19, 5, 18, 20, 17, 14, 17, 16, 1, 17, 1, 20, 17, 1, 20, 13, 17, 19, 17, 13, 8, 15, 1, 3, 20, 17, 17, 13, 1, 8, 1, 8, 16, 3, 7, 7, 3, 13, 7, 12, 5, 5, 20, 20, 20, 3, 1, 7, 13, 7, 1, 13, 3, 3, 7, 3, 3, 3, 12, 11, 3, 2, 14, 14, 11, 14, 11, 8, 8, 8, 8, 11, 13, 11, 14, 11, 8, 8, 14, 11, 14, 8, 14, 11, 14, 11, 14, 11]
bestever    1853    in generation 3671
[19, 19, 9, 2, 9, 19, 2, 10, 2, 4, 10, 10, 18, 4, 15, 19, 19, 10, 15, 4, 4, 19, 19, 9, 2, 10, 9, 10, 2, 15, 6, 2, 6, 4, 6, 2, 5, 9, 5, 10, 9, 6, 18, 7, 10, 5, 18, 7, 13, 6, 6, 10, 19, 18, 9, 9, 4, 5, 6, 12, 4, 6, 7, 4, 9, 18, 20, 18, 16, 16, 16, 16, 16, 15, 5, 16, 18, 17, 20, 7, 18, 20, 16, 5, 16, 6, 12, 15, 12, 5, 1, 13, 15, 13, 12, 4, 15, 12, 2, 15, 12, 2, 10, 9, 15, 12, 4, 1, 12, 6, 18, 17, 19, 5, 18, 20, 17, 14, 17, 16, 1, 17, 1, 20, 17, 1, 20, 13, 17, 19, 17, 13, 8, 15, 1, 3, 20, 13, 1, 1, 16, 11, 3, 7, 7, 3, 13, 7, 12, 5, 5, 20, 20, 20, 3, 1, 7, 13, 7, 1, 13, 3, 3, 7, 3, 3, 3, 12, 8, 8, 17, 11, 3, 2, 11, 8, 14, 8, 8, 14, 14, 11, 14, 14, 8, 14, 11, 14, 11, 14, 11, 14, 8, 11, 13, 8, 8, 17, 11, 11]
bestever    1843    in generation 3706
[19, 19, 9, 2, 9, 19, 2, 10, 2, 4, 10, 10, 18, 4, 15, 19, 19, 10, 15, 4, 4, 19, 19, 9, 2, 10, 9, 10, 2, 15, 6, 2, 6, 4, 6, 2, 5, 9, 5, 10, 9, 6, 18, 7, 10, 5, 18, 7, 13, 6, 6, 10, 19, 18, 9, 9, 4, 5, 6, 12, 4, 6, 7, 4, 9, 18, 20, 18, 16, 16, 16, 16, 16, 15, 5, 16, 18, 17, 20, 7, 18, 20, 2, 5, 16, 6, 12, 15, 12, 5, 1, 13, 15, 13, 12, 4, 15, 12, 2, 15, 12, 16, 10, 9, 15, 12, 4, 1, 12, 6, 18, 17, 19, 5, 18, 20, 17, 14, 17, 16, 1, 17, 1, 20, 17, 1, 20, 13, 17, 19, 17, 13, 8, 15, 1, 3, 20, 13, 1, 1, 16, 7, 7, 13, 7, 12, 5, 5, 20, 20, 20, 1, 7, 13, 7, 3, 3, 3, 1, 3, 3, 7, 3, 3, 3, 12, 8, 3, 2, 8, 14, 11, 14, 11, 14, 11, 8, 8, 17, 13, 11, 14, 11, 8, 8, 14, 11, 14, 11, 14, 14, 14, 8, 11, 13, 8, 8, 17, 11, 11]
bestever    1833    in generation 4877
[19, 19, 9, 2, 9, 19, 10, 10, 2, 4, 10, 2, 18, 4, 15, 19, 19, 10, 15, 14, 4, 4, 19, 19, 9, 2, 10, 9, 10, 2, 15, 6, 2, 4, 6, 9, 2, 5, 9, 5, 10, 9, 6, 18, 7, 5, 18, 7, 13, 2, 6, 6, 10, 6, 19, 18, 9, 4, 5, 6, 12, 4, 6, 7, 4, 9, 18, 20, 18, 16, 16, 16, 16, 15, 5, 16, 18, 17, 20, 7, 18, 20, 5, 16, 6, 12, 15, 12, 5, 1, 13, 15, 13, 12, 4, 15, 12, 2, 15, 16, 10, 12, 16, 10, 9, 15, 12, 4, 1, 12, 6, 18, 3, 17, 19, 5, 18, 20, 17, 14, 17, 17, 16, 1, 17, 19, 20, 17, 1, 20, 13, 1, 17, 8, 15, 1, 20, 1, 1, 13, 13, 3, 16, 14, 7, 7, 13, 7, 12, 5, 5, 20, 20, 20, 1, 7, 13, 7, 3, 3, 3, 3, 3, 3, 7, 1, 3, 12, 8, 3, 2, 8, 8, 17, 11, 13, 14, 14, 8, 11, 11, 11, 8, 8, 11, 14, 11, 14, 11, 14, 14, 14, 8, 11, 13, 8, 8, 17, 11, 11]
bestever    1832    in generation 5031
[19, 19, 9, 2, 9, 19, 10, 10, 2, 4, 10, 2, 18, 4, 15, 19, 19, 10, 15, 14, 4, 4, 19, 19, 9, 2, 10, 9, 10, 2, 15, 6, 2, 4, 6, 9, 2, 5, 9, 5, 10, 9, 6, 18, 7, 5, 18, 7, 13, 2, 12, 4, 15, 12, 2, 15, 6, 6, 10, 5, 19, 18, 9, 4, 6, 6, 12, 4, 6, 7, 4, 9, 18, 20, 18, 16, 16, 16, 16, 15, 5, 16, 18, 17, 20, 7, 18, 20, 5, 16, 6, 12, 15, 12, 5, 1, 13, 15, 13, 16, 10, 12, 16, 10, 9, 15, 12, 4, 1, 12, 6, 18, 3, 17, 19, 5, 18, 20, 17, 14, 17, 17, 16, 1, 17, 19, 20, 17, 1, 20, 13, 1, 17, 8, 15, 1, 20, 1, 1, 13, 13, 3, 16, 14, 7, 7, 13, 7, 12, 5, 5, 20, 20, 20, 1, 7, 13, 7, 3, 3, 3, 3, 3, 3, 7, 1, 3, 12, 8, 3, 2, 8, 8, 17, 11, 13, 14, 14, 8, 11, 11, 11, 8, 8, 11, 14, 11, 14, 11, 14, 14, 14, 8, 11, 13, 8, 8, 17, 11, 11]
bestever    1823    in generation 5444
[19, 19, 9, 2, 9, 19, 10, 10, 2, 4, 10, 2, 18, 4, 15, 19, 19, 10, 15, 14, 4, 4, 19, 19, 9, 9, 2, 10, 9, 9, 2, 15, 6, 2, 4, 6, 9, 2, 5, 5, 10, 10, 16, 6, 18, 7, 5, 18, 4, 13, 2, 12, 4, 15, 12, 2, 15, 6, 6, 10, 5, 19, 18, 9, 4, 6, 6, 12, 4, 6, 7, 4, 9, 18, 20, 18, 16, 16, 16, 16, 15, 5, 18, 17, 20, 7, 18, 20, 5, 16, 6, 12, 15, 12, 5, 1, 13, 15, 13, 16, 10, 12, 16, 10, 9, 15, 12, 7, 1, 12, 3, 2, 17, 11, 8, 6, 18, 3, 17, 19, 5, 18, 20, 17, 17, 19, 17, 16, 1, 17, 20, 17, 1, 20, 13, 1, 17, 15, 1, 20, 1, 1, 13, 13, 3, 16, 7, 7, 13, 7, 12, 5, 5, 20, 20, 20, 1, 7, 13, 7, 3, 3, 3, 3, 3, 3, 7, 1, 3, 12, 14, 8, 14, 8, 14, 14, 8, 13, 8, 11, 8, 11, 11, 14, 14, 11, 11, 8, 14, 11, 14, 14, 8, 11, 13, 8, 8, 17, 11, 11]
bestever    1816    in generation 5478
[19, 19, 9, 2, 9, 19, 10, 10, 2, 4, 10, 2, 18, 4, 15, 19, 19, 10, 15, 14, 4, 4, 19, 19, 9, 9, 2, 10, 9, 9, 2, 15, 6, 2, 4, 6, 9, 2, 18, 5, 10, 10, 16, 6, 18, 7, 5, 18, 4, 13, 2, 12, 4, 15, 12, 2, 15, 6, 6, 10, 5, 19, 18, 9, 4, 6, 6, 12, 4, 6, 7, 4, 9, 18, 20, 18, 16, 16, 16, 16, 15, 5, 5, 17, 20, 7, 18, 20, 5, 16, 6, 12, 15, 12, 5, 1, 13, 15, 13, 16, 10, 12, 16, 10, 9, 15, 12, 7, 1, 12, 3, 2, 17, 6, 18, 3, 17, 19, 5, 18, 20, 17, 17, 19, 17, 16, 1, 17, 20, 17, 1, 20, 13, 1, 17, 15, 1, 20, 1, 1, 13, 13, 3, 16, 7, 7, 13, 7, 12, 5, 5, 8, 11, 20, 20, 20, 1, 7, 13, 7, 3, 3, 3, 3, 3, 3, 7, 1, 3, 12, 14, 8, 14, 8, 14, 14, 8, 13, 8, 11, 8, 11, 11, 14, 14, 11, 11, 8, 14, 11, 14, 14, 8, 11, 13, 8, 8, 17, 11, 11]
bestever    1812    in generation 5524
[19, 19, 9, 2, 9, 19, 10, 10, 2, 4, 10, 2, 18, 4, 15, 19, 19, 10, 15, 4, 4, 19, 19, 9, 9, 2, 10, 9, 9, 2, 15, 6, 2, 4, 6, 9, 2, 18, 5, 10, 10, 16, 6, 18, 7, 5, 18, 4, 13, 2, 12, 4, 15, 12, 2, 15, 6, 6, 10, 5, 19, 18, 9, 4, 6, 6, 12, 4, 6, 7, 4, 9, 18, 20, 18, 16, 16, 16, 16, 15, 5, 5, 17, 20, 7, 18, 20, 5, 16, 6, 12, 15, 12, 5, 1, 13, 15, 13, 16, 10, 12, 16, 10, 9, 15, 12, 7, 1, 12, 3, 2, 17, 6, 18, 3, 17, 19, 5, 18, 20, 17, 17, 19, 17, 16, 1, 17, 20, 17, 1, 20, 13, 1, 17, 15, 1, 20, 1, 1, 13, 13, 3, 16, 7, 7, 13, 7, 12, 5, 5, 8, 20, 20, 20, 1, 7, 14, 13, 11, 7, 3, 3, 3, 3, 3, 3, 7, 1, 3, 12, 14, 8, 14, 8, 14, 14, 8, 13, 8, 11, 8, 11, 11, 14, 14, 11, 11, 8, 14, 11, 14, 14, 8, 13, 8, 8, 17, 11, 11, 11]
bestever    1793    in generation 5574
[19, 19, 9, 2, 9, 19, 10, 10, 2, 4, 10, 2, 18, 4, 15, 19, 19, 10, 15, 4, 4, 19, 19, 9, 9, 2, 10, 9, 2, 15, 2, 4, 6, 9, 2, 18, 5, 10, 10, 16, 6, 18, 7, 5, 18, 13, 2, 12, 4, 15, 12, 2, 15, 6, 6, 10, 5, 19, 18, 9, 4, 9, 4, 6, 6, 6, 12, 4, 6, 7, 4, 9, 18, 20, 18, 16, 16, 16, 16, 15, 5, 5, 17, 20, 7, 18, 20, 5, 16, 6, 12, 15, 12, 5, 1, 13, 15, 13, 16, 10, 12, 16, 10, 9, 15, 12, 7, 1, 12, 3, 2, 17, 6, 18, 3, 17, 19, 5, 18, 20, 17, 17, 19, 17, 16, 1, 17, 20, 17, 1, 20, 13, 1, 17, 15, 1, 20, 1, 1, 13, 13, 3, 16, 7, 7, 13, 7, 12, 5, 5, 8, 20, 20, 20, 1, 7, 14, 13, 11, 7, 3, 3, 3, 3, 3, 3, 7, 1, 3, 12, 14, 8, 14, 8, 14, 14, 8, 13, 8, 11, 8, 11, 11, 14, 14, 11, 11, 8, 14, 11, 14, 14, 8, 13, 8, 8, 17, 11, 11, 11]
bestever    1791    in generation 7345
[19, 19, 9, 2, 9, 19, 10, 10, 2, 4, 10, 2, 18, 4, 15, 19, 19, 10, 15, 4, 4, 19, 19, 9, 9, 2, 10, 9, 2, 15, 2, 4, 6, 9, 2, 18, 5, 10, 4, 10, 16, 6, 18, 7, 5, 18, 2, 12, 4, 16, 15, 12, 2, 17, 15, 6, 6, 10, 5, 4, 18, 9, 19, 9, 4, 6, 6, 6, 12, 6, 7, 4, 9, 18, 20, 18, 16, 16, 16, 16, 15, 5, 5, 17, 20, 17, 20, 7, 18, 5, 19, 16, 6, 12, 15, 12, 5, 1, 15, 13, 10, 12, 16, 7, 10, 9, 14, 15, 12, 7, 1, 12, 3, 2, 14, 6, 20, 5, 18, 20, 17, 17, 19, 17, 16, 20, 20, 13, 15, 18, 1, 1, 1, 13, 13, 17, 1, 1, 13, 13, 17, 16, 13, 7, 12, 7, 5, 8, 20, 1, 7, 20, 20, 1, 5, 3, 3, 3, 3, 13, 17, 3, 3, 7, 3, 3, 7, 1, 3, 12, 14, 8, 14, 8, 14, 14, 8, 13, 8, 8, 14, 14, 11, 14, 11, 14, 11, 17, 11, 11, 8, 13, 8, 8, 11, 8, 11, 11, 11, 11]
bestever    1786    in generation 7418
[19, 19, 9, 2, 9, 19, 10, 10, 2, 4, 10, 2, 18, 4, 15, 19, 19, 10, 15, 4, 4, 19, 19, 9, 9, 2, 10, 9, 2, 15, 2, 4, 6, 9, 2, 18, 5, 10, 4, 10, 16, 6, 18, 7, 5, 18, 2, 12, 4, 16, 15, 12, 2, 17, 15, 6, 6, 10, 5, 4, 18, 9, 19, 9, 4, 6, 6, 6, 12, 6, 7, 4, 9, 18, 20, 18, 16, 16, 16, 16, 15, 5, 5, 17, 20, 17, 20, 7, 18, 5, 19, 16, 6, 12, 15, 12, 9, 1, 15, 13, 10, 12, 16, 7, 10, 5, 15, 12, 7, 1, 12, 3, 2, 14, 6, 20, 5, 18, 20, 17, 17, 19, 17, 16, 20, 20, 13, 15, 18, 1, 1, 1, 13, 13, 17, 1, 1, 13, 13, 17, 16, 13, 7, 12, 7, 5, 8, 20, 1, 7, 20, 20, 1, 5, 3, 3, 3, 3, 14, 13, 17, 3, 3, 7, 3, 3, 7, 1, 3, 12, 14, 8, 14, 8, 14, 14, 8, 13, 8, 8, 14, 14, 11, 14, 11, 14, 11, 17, 11, 11, 8, 13, 8, 8, 11, 8, 11, 11, 11, 11]
bestever    1785    in generation 7552
[19, 19, 9, 2, 9, 19, 10, 10, 2, 4, 10, 2, 18, 4, 15, 19, 19, 10, 15, 4, 4, 19, 19, 9, 9, 2, 10, 9, 2, 15, 2, 4, 6, 9, 2, 18, 5, 10, 4, 10, 16, 6, 18, 7, 5, 18, 2, 12, 4, 16, 15, 12, 2, 17, 15, 6, 6, 10, 5, 4, 18, 9, 19, 9, 4, 6, 6, 6, 12, 6, 7, 4, 9, 18, 20, 18, 16, 16, 16, 16, 15, 5, 5, 17, 20, 17, 20, 7, 18, 5, 19, 16, 6, 12, 15, 12, 9, 1, 15, 13, 10, 12, 16, 7, 10, 5, 15, 12, 7, 1, 12, 3, 2, 14, 6, 20, 5, 18, 17, 17, 19, 17, 16, 20, 20, 20, 13, 15, 18, 1, 1, 1, 13, 13, 17, 1, 1, 13, 13, 17, 16, 13, 7, 12, 7, 5, 8, 20, 1, 7, 20, 20, 1, 5, 3, 3, 3, 3, 14, 13, 17, 3, 3, 7, 3, 3, 7, 1, 3, 12, 14, 8, 14, 8, 14, 14, 8, 13, 8, 8, 14, 14, 11, 14, 11, 14, 11, 17, 8, 13, 8, 11, 11, 8, 11, 8, 11, 11, 11, 11]
bestever    1780    in generation 7564
[19, 19, 9, 2, 9, 19, 10, 10, 2, 4, 10, 2, 18, 4, 15, 19, 19, 10, 15, 4, 4, 19, 19, 9, 9, 2, 10, 9, 2, 15, 2, 4, 6, 9, 2, 18, 5, 10, 4, 10, 16, 6, 18, 7, 5, 18, 2, 12, 4, 16, 15, 12, 2, 17, 15, 6, 6, 10, 5, 4, 18, 9, 19, 9, 4, 6, 6, 6, 12, 6, 7, 4, 9, 18, 20, 18, 16, 16, 16, 16, 15, 5, 5, 17, 20, 17, 7, 18, 5, 19, 16, 6, 12, 15, 12, 9, 1, 15, 13, 10, 12, 16, 7, 10, 5, 15, 12, 7, 1, 12, 3, 2, 14, 6, 5, 18, 17, 17, 19, 17, 16, 20, 20, 20, 20, 20, 13, 15, 18, 1, 1, 1, 13, 13, 17, 1, 1, 13, 13, 17, 16, 13, 7, 12, 7, 5, 8, 20, 1, 7, 20, 20, 1, 5, 3, 3, 3, 3, 14, 13, 17, 3, 3, 7, 3, 3, 7, 1, 3, 12, 14, 8, 14, 8, 14, 14, 8, 13, 8, 8, 14, 14, 11, 14, 11, 14, 11, 17, 8, 13, 8, 11, 11, 8, 11, 8, 11, 11, 11, 11]
bestever    1770    in generation 7681
[19, 19, 9, 2, 9, 19, 10, 10, 2, 4, 10, 2, 18, 4, 15, 19, 19, 10, 15, 4, 4, 19, 19, 9, 9, 2, 10, 9, 2, 15, 2, 4, 6, 9, 2, 18, 5, 10, 4, 10, 16, 6, 18, 7, 5, 18, 2, 12, 4, 16, 15, 12, 2, 17, 15, 6, 6, 10, 5, 4, 18, 9, 19, 9, 4, 6, 6, 6, 12, 6, 7, 4, 9, 18, 20, 18, 16, 16, 16, 16, 15, 5, 5, 17, 20, 17, 7, 18, 5, 19, 16, 6, 12, 15, 12, 9, 1, 15, 13, 10, 12, 16, 7, 10, 5, 15, 12, 7, 1, 12, 3, 2, 14, 6, 5, 18, 17, 17, 19, 5, 17, 16, 20, 20, 20, 20, 20, 13, 15, 18, 1, 1, 1, 13, 13, 17, 1, 1, 13, 13, 17, 16, 13, 7, 12, 7, 5, 8, 20, 1, 20, 20, 1, 3, 3, 7, 13, 17, 3, 3, 7, 3, 3, 3, 3, 14, 7, 1, 3, 12, 14, 8, 14, 8, 14, 14, 8, 13, 8, 8, 14, 14, 11, 14, 11, 14, 11, 17, 8, 13, 8, 11, 11, 8, 11, 8, 11, 11, 11, 11]
bestever    1769    in generation 8302
[19, 19, 9, 2, 10, 16, 9, 19, 10, 10, 2, 4, 2, 18, 4, 15, 19, 19, 10, 15, 4, 4, 19, 19, 9, 9, 2, 10, 9, 2, 15, 2, 4, 6, 9, 2, 18, 5, 10, 4, 10, 16, 6, 18, 7, 5, 18, 2, 10, 4, 16, 15, 12, 2, 17, 15, 6, 6, 12, 5, 4, 18, 9, 19, 9, 4, 6, 6, 6, 6, 4, 13, 18, 20, 18, 16, 16, 16, 15, 5, 5, 17, 20, 17, 7, 18, 5, 19, 16, 12, 15, 12, 9, 12, 6, 1, 15, 13, 10, 12, 16, 7, 10, 5, 15, 12, 7, 1, 12, 2, 14, 6, 5, 18, 17, 17, 19, 5, 17, 12, 20, 20, 20, 20, 20, 9, 15, 18, 1, 1, 1, 13, 17, 1, 1, 13, 16, 13, 7, 12, 5, 8, 13, 7, 20, 1, 20, 20, 1, 13, 17, 3, 7, 3, 3, 7, 13, 17, 3, 3, 7, 3, 3, 3, 3, 14, 7, 1, 3, 16, 14, 8, 14, 14, 8, 14, 8, 13, 8, 8, 14, 14, 11, 14, 14, 11, 11, 17, 8, 13, 8, 8, 11, 11, 11, 8, 11, 11, 11, 11]
bestever    1767    in generation 8876
[19, 19, 9, 2, 10, 16, 9, 19, 10, 10, 2, 4, 2, 18, 4, 15, 15, 19, 10, 19, 2, 4, 4, 19, 19, 5, 9, 9, 2, 10, 9, 2, 15, 2, 4, 6, 9, 2, 18, 5, 10, 4, 10, 16, 6, 18, 7, 18, 10, 4, 16, 15, 12, 2, 17, 15, 6, 6, 12, 5, 4, 18, 9, 19, 9, 4, 6, 6, 6, 6, 4, 13, 18, 20, 18, 16, 16, 16, 1, 5, 5, 17, 20, 14, 17, 7, 18, 5, 19, 16, 12, 15, 12, 9, 2, 6, 1, 15, 13, 10, 12, 16, 7, 8, 10, 5, 15, 12, 7, 15, 12, 12, 14, 6, 5, 18, 17, 17, 19, 5, 17, 12, 20, 20, 20, 20, 9, 15, 18, 1, 1, 1, 13, 17, 1, 13, 16, 13, 7, 12, 5, 8, 13, 20, 1, 14, 7, 20, 1, 20, 20, 1, 13, 17, 3, 7, 3, 3, 7, 13, 17, 3, 3, 7, 3, 3, 3, 3, 14, 7, 1, 3, 16, 8, 14, 14, 8, 14, 8, 13, 14, 13, 11, 11, 11, 8, 8, 11, 11, 8, 11, 14, 14, 11, 11, 17, 8, 8, 11, 11]
bestever    1755    in generation 9029
[19, 19, 9, 2, 10, 16, 9, 19, 10, 10, 2, 4, 2, 18, 4, 15, 15, 19, 10, 19, 2, 4, 4, 19, 19, 5, 9, 9, 2, 10, 9, 2, 15, 2, 4, 6, 9, 2, 18, 5, 10, 4, 10, 16, 6, 18, 7, 18, 10, 4, 16, 15, 12, 2, 17, 15, 6, 6, 12, 5, 4, 18, 9, 19, 9, 4, 6, 6, 6, 6, 4, 13, 18, 20, 18, 16, 16, 16, 1, 5, 5, 17, 20, 14, 17, 7, 18, 5, 19, 16, 12, 15, 12, 9, 2, 6, 1, 15, 13, 10, 12, 16, 7, 8, 10, 5, 15, 12, 7, 15, 12, 12, 14, 6, 5, 18, 17, 17, 19, 5, 17, 12, 20, 20, 20, 20, 9, 15, 18, 1, 1, 1, 13, 17, 1, 13, 16, 13, 7, 12, 5, 13, 20, 1, 14, 7, 20, 1, 20, 20, 1, 13, 17, 3, 7, 3, 3, 7, 13, 17, 3, 3, 7, 14, 7, 1, 8, 8, 13, 13, 11, 11, 3, 3, 3, 3, 3, 16, 8, 14, 14, 14, 8, 14, 11, 8, 8, 11, 11, 8, 11, 14, 14, 11, 11, 17, 8, 8, 11, 11]
