bestever    3470    in generation 0
[3, 5, 7, 1, 20, 3, 5, 16, 16, 13, 20, 18, 5, 4, 15, 5, 20, 8, 2, 16, 19, 19, 3, 3, 18, 1, 3, 15, 3, 20, 5, 12, 9, 9, 17, 13, 10, 11, 12, 16, 15, 9, 19, 14, 10, 11, 9, 7, 2, 5, 15, 6, 14, 12, 10, 11, 17, 15, 12, 16, 20, 1, 11, 12, 13, 8, 14, 4, 18, 14, 6, 14, 10, 14, 12, 9, 18, 20, 11, 8, 16, 7, 13, 8, 9, 11, 8, 1, 3, 9, 3, 4, 13, 7, 19, 11, 7, 9, 7, 6, 4, 20, 9, 6, 8, 6, 14, 17, 11, 13, 14, 12, 17, 11, 1, 17, 10, 17, 16, 16, 12, 4, 5, 20, 3, 16, 2, 2, 4, 8, 1, 18, 6, 5, 13, 20, 7, 19, 2, 19, 8, 18, 11, 13, 10, 8, 2, 6, 18, 6, 1, 14, 4, 15, 10, 18, 7, 20, 7, 18, 2, 10, 15, 5, 14, 19, 17, 5, 15, 7, 17, 2, 17, 4, 2, 8, 1, 17, 9, 13, 6, 3, 10, 19, 4, 12, 10, 4, 1, 13, 18, 15, 16, 1, 19, 15, 2, 19, 12, 6]
bestever    3308    in generation 1
[12, 19, 17, 6, 6, 8, 15, 19, 10, 15, 15, 15, 4, 2, 18, 1, 13, 9, 10, 19, 16, 14, 3, 8, 2, 7, 19, 14, 11, 20, 5, 12, 9, 9, 17, 13, 10, 11, 12, 16, 15, 9, 19, 14, 10, 11, 9, 7, 2, 5, 15, 6, 14, 12, 10, 11, 17, 15, 12, 16, 20, 1, 11, 12, 13, 8, 14, 4, 18, 14, 6, 14, 10, 14, 12, 9, 18, 20, 11, 8, 16, 7, 13, 8, 9, 11, 8, 1, 3, 9, 3, 4, 13, 7, 19, 11, 7, 9, 7, 6, 4, 20, 9, 6, 8, 6, 14, 17, 11, 13, 14, 12, 17, 11, 1, 17, 10, 17, 16, 16, 12, 4, 5, 20, 3, 16, 2, 2, 4, 8, 3, 15, 18, 18, 13, 16, 16, 5, 20, 8, 20, 19, 5, 15, 2, 20, 7, 19, 5, 4, 3, 1, 16, 5, 1, 3, 18, 3, 3, 2, 18, 10, 1, 5, 6, 13, 20, 3, 2, 1, 5, 17, 2, 4, 5, 13, 10, 13, 4, 4, 10, 8, 12, 19, 18, 6, 1, 7, 19, 7, 7, 2, 15, 20, 18, 17, 18, 1, 17, 6]
bestever    3070    in generation 2
[12, 9, 9, 17, 13, 10, 11, 12, 16, 15, 9, 19, 14, 10, 11, 9, 7, 2, 5, 15, 6, 14, 12, 10, 11, 17, 15, 12, 16, 20, 1, 11, 12, 13, 17, 13, 10, 11, 12, 16, 15, 9, 19, 14, 10, 11, 9, 7, 2, 5, 15, 17, 14, 12, 10, 11, 17, 15, 12, 16, 20, 1, 11, 12, 13, 8, 4, 18, 6, 14, 14, 12, 9, 18, 20, 8, 16, 7, 13, 8, 9, 8, 1, 3, 3, 4, 19, 7, 7, 6, 4, 20, 9, 6, 8, 6, 14, 14, 11, 1, 17, 16, 16, 4, 5, 20, 3, 2, 4, 8, 18, 6, 5, 13, 20, 7, 19, 2, 8, 18, 11, 13, 8, 2, 6, 18, 6, 1, 14, 4, 15, 10, 18, 7, 7, 18, 2, 10, 15, 5, 14, 19, 17, 5, 7, 17, 2, 17, 4, 2, 8, 1, 17, 9, 13, 6, 3, 10, 19, 4, 10, 4, 1, 13, 18, 1, 19, 2, 19, 6, 3, 5, 7, 1, 20, 3, 16, 16, 13, 20, 18, 5, 4, 15, 5, 20, 8, 2, 16, 19, 19, 3, 3, 18, 1, 3, 15, 3, 20, 5]
bestever    3007    in generation 3
[12, 9, 9, 17, 13, 10, 11, 12, 16, 15, 9, 19, 14, 10, 11, 9, 7, 2, 5, 15, 17, 14, 12, 10, 11, 17, 15, 12, 16, 20, 1, 11, 12, 13, 17, 13, 10, 11, 12, 16, 9, 19, 14, 10, 11, 9, 7, 2, 5, 6, 14, 12, 10, 11, 17, 15, 12, 16, 20, 1, 11, 12, 13, 8, 4, 18, 14, 14, 12, 9, 18, 20, 8, 16, 7, 13, 8, 9, 8, 1, 3, 3, 4, 19, 7, 7, 6, 4, 20, 9, 6, 8, 6, 14, 14, 11, 1, 6, 17, 16, 16, 4, 5, 20, 3, 2, 4, 8, 18, 6, 5, 13, 7, 19, 2, 8, 18, 11, 13, 8, 6, 6, 1, 14, 15, 18, 2, 15, 14, 19, 17, 5, 7, 17, 2, 17, 4, 2, 8, 1, 17, 9, 13, 6, 3, 10, 19, 4, 10, 4, 1, 13, 4, 15, 10, 18, 7, 20, 7, 18, 2, 10, 15, 5, 18, 1, 19, 2, 19, 6, 3, 5, 7, 1, 20, 3, 16, 16, 13, 20, 18, 5, 4, 15, 5, 20, 8, 2, 16, 19, 19, 3, 3, 18, 1, 3, 15, 3, 20, 5]
bestever    2973    in generation 11
[9, 17, 13, 10, 11, 12, 4, 15, 9, 19, 14, 10, 11, 9, 7, 2, 15, 17, 14, 12, 10, 11, 17, 12, 16, 20, 1, 11, 12, 13, 17, 13, 10, 11, 12, 16, 9, 14, 10, 11, 9, 7, 2, 4, 6, 14, 12, 10, 11, 17, 12, 16, 20, 1, 11, 12, 13, 8, 4, 14, 14, 12, 9, 8, 16, 7, 13, 8, 9, 8, 1, 4, 7, 7, 6, 9, 6, 6, 14, 6, 11, 17, 16, 20, 3, 20, 14, 16, 15, 18, 15, 5, 8, 3, 4, 5, 13, 18, 19, 2, 19, 3, 5, 1, 20, 3, 16, 8, 18, 6, 5, 13, 7, 19, 2, 8, 18, 11, 13, 8, 6, 6, 1, 14, 15, 18, 2, 15, 14, 19, 17, 5, 7, 17, 2, 17, 4, 2, 8, 1, 17, 9, 13, 6, 3, 10, 19, 4, 10, 4, 1, 13, 4, 15, 10, 18, 7, 20, 7, 18, 2, 10, 15, 5, 18, 1, 19, 2, 19, 6, 3, 5, 7, 1, 20, 3, 16, 16, 5, 20, 18, 5, 4, 15, 5, 20, 8, 2, 16, 19, 19, 3, 3, 18, 1, 3, 15, 20, 12, 9]
bestever    2947    in generation 16
[15, 12, 16, 20, 1, 11, 12, 13, 17, 13, 10, 11, 12, 16, 15, 9, 19, 14, 10, 11, 9, 7, 2, 4, 15, 6, 14, 10, 17, 15, 16, 20, 1, 13, 8, 4, 18, 14, 14, 12, 18, 20, 8, 16, 7, 13, 8, 8, 1, 3, 16, 16, 4, 5, 20, 3, 2, 4, 8, 18, 6, 5, 13, 20, 13, 8, 4, 18, 14, 14, 12, 9, 18, 20, 8, 16, 3, 4, 19, 7, 7, 6, 20, 6, 8, 14, 6, 1, 6, 17, 16, 16, 20, 3, 2, 8, 18, 6, 13, 7, 19, 8, 18, 11, 13, 2, 6, 6, 1, 14, 10, 7, 7, 2, 13, 14, 19, 17, 5, 7, 17, 2, 4, 2, 1, 6, 19, 4, 5, 1, 18, 1, 19, 2, 3, 5, 5, 18, 4, 20, 16, 1, 19, 19, 3, 3, 18, 1, 3, 15, 3, 5, 12, 9, 9, 17, 10, 11, 12, 15, 19, 10, 11, 9, 7, 2, 5, 15, 12, 10, 11, 17, 15, 3, 20, 5, 12, 9, 9, 17, 13, 10, 11, 12, 4, 15, 9, 19, 10, 11, 9, 7, 2, 5, 15, 17, 14, 10, 11, 17]
bestever    2925    in generation 17
[9, 17, 13, 10, 11, 12, 4, 15, 9, 19, 14, 10, 11, 9, 7, 2, 15, 17, 14, 12, 10, 11, 17, 12, 16, 20, 1, 11, 12, 13, 17, 13, 10, 11, 12, 16, 9, 14, 10, 11, 7, 2, 4, 6, 14, 12, 11, 12, 16, 20, 1, 11, 12, 13, 8, 4, 14, 14, 12, 9, 8, 16, 7, 13, 8, 9, 8, 1, 4, 7, 7, 6, 9, 6, 6, 14, 6, 11, 16, 20, 3, 20, 18, 8, 3, 4, 13, 18, 19, 2, 1, 8, 18, 6, 13, 7, 2, 8, 18, 11, 13, 8, 6, 6, 15, 18, 15, 14, 5, 7, 17, 4, 8, 17, 9, 6, 4, 10, 15, 10, 7, 7, 10, 15, 5, 1, 2, 19, 6, 3, 15, 13, 14, 19, 17, 5, 17, 2, 17, 4, 2, 1, 17, 9, 13, 10, 4, 10, 18, 19, 2, 19, 14, 1, 20, 16, 16, 5, 20, 18, 5, 15, 5, 2, 19, 19, 3, 3, 18, 1, 3, 5, 7, 1, 20, 3, 16, 16, 5, 20, 18, 5, 4, 15, 5, 20, 8, 2, 16, 19, 19, 3, 3, 18, 1, 3, 15, 20, 12, 9]
bestever    2839    in generation 18
[9, 17, 13, 10, 11, 12, 4, 15, 9, 19, 14, 10, 11, 9, 7, 2, 15, 17, 14, 12, 10, 11, 17, 12, 16, 20, 1, 11, 12, 13, 17, 13, 10, 11, 12, 16, 9, 14, 10, 11, 7, 2, 4, 6, 14, 12, 11, 12, 16, 20, 1, 11, 12, 13, 8, 4, 14, 14, 12, 9, 8, 16, 7, 13, 8, 9, 8, 1, 4, 7, 7, 6, 9, 6, 6, 14, 6, 11, 16, 20, 3, 20, 18, 8, 3, 4, 13, 18, 19, 2, 1, 8, 18, 6, 13, 7, 2, 8, 18, 11, 13, 8, 6, 6, 15, 18, 15, 14, 5, 7, 17, 4, 8, 17, 9, 6, 4, 10, 15, 10, 7, 7, 10, 1, 2, 19, 3, 15, 13, 14, 19, 17, 5, 17, 2, 17, 4, 2, 17, 9, 13, 10, 4, 10, 14, 1, 20, 16, 16, 5, 20, 18, 5, 15, 5, 2, 19, 19, 3, 3, 18, 1, 15, 5, 18, 1, 19, 2, 19, 6, 3, 5, 7, 1, 20, 3, 16, 16, 5, 20, 18, 5, 4, 15, 5, 20, 8, 2, 16, 19, 19, 3, 3, 18, 1, 3, 15, 20, 12, 9]
bestever    2834    in generation 20
[9, 17, 13, 10, 11, 12, 4, 15, 9, 19, 14, 10, 11, 9, 7, 2, 15, 17, 14, 12, 10, 11, 17, 12, 16, 20, 1, 11, 12, 13, 17, 13, 10, 11, 12, 16, 9, 14, 10, 11, 7, 2, 4, 6, 14, 12, 11, 12, 16, 1, 11, 12, 13, 8, 4, 14, 14, 12, 9, 8, 16, 7, 13, 8, 9, 8, 1, 4, 7, 7, 6, 6, 6, 6, 14, 9, 11, 16, 20, 3, 20, 18, 8, 3, 4, 13, 18, 19, 2, 1, 8, 18, 6, 13, 7, 2, 8, 18, 11, 13, 8, 6, 6, 15, 15, 14, 5, 7, 17, 4, 8, 17, 9, 6, 4, 10, 15, 10, 7, 10, 1, 2, 19, 15, 13, 14, 19, 17, 5, 17, 17, 4, 2, 17, 9, 13, 10, 4, 14, 1, 20, 16, 5, 18, 5, 5, 2, 19, 19, 3, 3, 1, 3, 16, 18, 15, 20, 20, 7, 18, 2, 10, 15, 5, 18, 1, 19, 2, 19, 6, 3, 5, 7, 1, 20, 3, 16, 16, 5, 20, 18, 5, 4, 15, 5, 20, 8, 2, 16, 19, 19, 3, 3, 18, 1, 3, 15, 20, 12, 9]
bestever    2833    in generation 21
[9, 17, 13, 10, 11, 12, 4, 15, 9, 19, 14, 10, 11, 9, 7, 2, 15, 17, 14, 12, 10, 11, 17, 12, 16, 1, 11, 12, 13, 17, 13, 10, 11, 12, 16, 9, 14, 10, 11, 7, 2, 4, 6, 14, 12, 11, 12, 16, 20, 1, 11, 12, 13, 8, 4, 14, 14, 12, 9, 8, 16, 7, 13, 8, 9, 8, 1, 4, 7, 7, 6, 6, 6, 6, 14, 9, 11, 16, 20, 3, 20, 18, 8, 3, 4, 13, 18, 19, 2, 1, 8, 6, 13, 7, 2, 8, 11, 13, 8, 6, 6, 15, 18, 15, 14, 5, 17, 4, 8, 17, 9, 6, 4, 10, 10, 7, 10, 15, 5, 1, 2, 19, 15, 13, 14, 19, 17, 5, 17, 17, 4, 2, 1, 17, 9, 13, 4, 18, 14, 1, 20, 16, 5, 18, 5, 5, 2, 19, 19, 3, 3, 1, 3, 16, 10, 18, 7, 20, 7, 18, 2, 10, 15, 18, 15, 20, 19, 2, 19, 6, 3, 5, 7, 1, 20, 3, 16, 16, 5, 20, 18, 5, 4, 15, 5, 20, 8, 2, 16, 19, 19, 3, 3, 18, 1, 3, 15, 20, 12, 9]
bestever    2816    in generation 23
[9, 17, 13, 10, 11, 12, 4, 15, 9, 19, 14, 10, 11, 9, 7, 2, 15, 17, 14, 12, 10, 11, 17, 12, 16, 1, 11, 12, 13, 17, 13, 10, 11, 12, 16, 9, 14, 10, 11, 7, 2, 4, 6, 14, 12, 11, 12, 16, 20, 1, 11, 12, 13, 8, 4, 14, 14, 12, 9, 8, 16, 7, 13, 8, 9, 8, 1, 4, 7, 7, 6, 6, 6, 20, 14, 9, 11, 16, 20, 3, 20, 18, 8, 3, 4, 13, 18, 19, 2, 1, 8, 6, 13, 7, 2, 8, 11, 13, 8, 6, 6, 15, 18, 15, 14, 5, 17, 4, 8, 17, 9, 6, 4, 10, 10, 7, 10, 15, 5, 1, 2, 19, 15, 13, 14, 19, 17, 5, 17, 17, 4, 2, 1, 17, 9, 13, 4, 18, 14, 1, 20, 16, 5, 18, 5, 5, 2, 19, 19, 3, 3, 1, 3, 16, 10, 18, 7, 20, 7, 18, 2, 10, 15, 18, 15, 6, 19, 2, 19, 6, 3, 5, 7, 1, 20, 3, 16, 16, 5, 20, 18, 5, 4, 15, 5, 20, 8, 2, 16, 19, 19, 3, 3, 18, 1, 3, 15, 20, 12, 9]
bestever    2743    in generation 28
[9, 17, 13, 10, 11, 12, 4, 15, 9, 19, 14, 10, 11, 9, 7, 2, 15, 17, 14, 12, 10, 11, 17, 12, 16, 20, 1, 11, 12, 13, 17, 13, 10, 11, 12, 16, 9, 14, 10, 11, 7, 2, 4, 6, 14, 12, 11, 12, 16, 20, 1, 11, 12, 13, 8, 4, 14, 14, 12, 9, 8, 16, 7, 13, 8, 9, 8, 1, 4, 7, 7, 6, 6, 6, 6, 14, 9, 11, 16, 20, 3, 20, 18, 8, 3, 4, 13, 18, 19, 2, 1, 8, 1, 6, 13, 7, 2, 8, 18, 11, 13, 8, 6, 6, 15, 18, 15, 14, 5, 7, 17, 4, 8, 17, 9, 6, 4, 10, 15, 10, 7, 7, 10, 15, 5, 1, 2, 19, 15, 13, 14, 19, 17, 5, 17, 2, 17, 4, 2, 1, 17, 9, 13, 10, 4, 10, 18, 14, 1, 20, 16, 5, 18, 5, 5, 2, 19, 19, 3, 3, 1, 3, 16, 18, 15, 20, 19, 2, 19, 6, 3, 5, 7, 1, 20, 3, 16, 16, 5, 20, 18, 5, 4, 15, 5, 20, 8, 2, 16, 19, 19, 3, 3, 18, 18, 3, 15, 20, 12, 9]
bestever    2569    in generation 35
[9, 17, 13, 10, 11, 12, 4, 15, 9, 19, 14, 10, 11, 9, 7, 2, 15, 17, 14, 12, 10, 11, 17, 12, 16, 9, 1, 11, 12, 13, 17, 13, 10, 11, 12, 16, 9, 14, 10, 11, 7, 2, 4, 6, 14, 12, 11, 12, 16, 20, 1, 11, 12, 13, 8, 4, 14, 14, 12, 9, 8, 16, 7, 13, 8, 9, 8, 1, 4, 7, 7, 6, 6, 6, 6, 14, 9, 11, 16, 20, 3, 20, 18, 8, 3, 4, 13, 18, 19, 2, 1, 8, 1, 6, 13, 7, 2, 8, 18, 11, 13, 8, 6, 6, 15, 18, 15, 14, 5, 7, 17, 4, 8, 17, 9, 6, 4, 10, 15, 10, 7, 7, 10, 15, 5, 1, 2, 19, 15, 13, 14, 19, 17, 5, 17, 2, 17, 4, 2, 1, 17, 9, 13, 10, 4, 10, 18, 14, 1, 20, 16, 5, 18, 5, 5, 2, 19, 19, 3, 3, 1, 3, 16, 18, 15, 20, 19, 2, 19, 6, 3, 5, 7, 1, 20, 3, 16, 16, 5, 20, 18, 5, 4, 15, 5, 20, 8, 2, 16, 19, 19, 3, 3, 18, 18, 3, 15, 20, 12, 20]
bestever    2562    in generation 45
[9, 17, 13, 10, 11, 12, 4, 15, 9, 19, 14, 10, 11, 9, 7, 2, 15, 17, 14, 12, 10, 11, 17, 12, 16, 9, 1, 11, 12, 13, 17, 13, 10, 11, 12, 16, 9, 14, 10, 11, 7, 2, 4, 6, 14, 12, 11, 12, 16, 20, 1, 11, 12, 13, 8, 4, 14, 14, 12, 9, 8, 16, 7, 13, 8, 9, 8, 1, 4, 7, 7, 6, 6, 6, 6, 14, 9, 11, 16, 20, 3, 20, 18, 8, 3, 4, 13, 18, 19, 2, 1, 8, 1, 6, 13, 7, 2, 8, 18, 11, 13, 8, 6, 6, 15, 18, 15, 14, 5, 7, 17, 4, 8, 17, 9, 6, 4, 10, 15, 10, 7, 7, 10, 15, 5, 1, 2, 19, 15, 13, 14, 19, 17, 5, 17, 2, 17, 4, 2, 1, 17, 9, 13, 10, 4, 10, 18, 14, 1, 16, 5, 5, 5, 2, 19, 19, 3, 1, 3, 18, 15, 19, 2, 19, 6, 3, 7, 1, 20, 3, 16, 20, 18, 5, 20, 3, 16, 16, 5, 20, 18, 5, 4, 15, 5, 20, 8, 2, 16, 19, 19, 3, 3, 18, 18, 3, 15, 20, 12, 20]
bestever    2519    in generation 46
[9, 17, 13, 10, 11, 12, 4, 15, 9, 19, 14, 10, 11, 9, 7, 2, 15, 17, 14, 12, 10, 11, 17, 12, 16, 9, 1, 11, 12, 13, 17, 13, 10, 11, 12, 16, 9, 14, 10, 11, 7, 2, 4, 6, 14, 12, 11, 12, 16, 20, 1, 11, 12, 13, 8, 4, 14, 14, 12, 9, 8, 16, 7, 13, 8, 9, 8, 1, 4, 7, 7, 6, 6, 6, 18, 14, 9, 11, 16, 20, 3, 20, 18, 8, 3, 4, 13, 18, 19, 2, 1, 8, 1, 6, 13, 7, 2, 8, 18, 11, 13, 8, 6, 6, 15, 6, 15, 14, 5, 7, 17, 4, 8, 17, 9, 6, 4, 10, 15, 10, 7, 7, 10, 15, 5, 1, 2, 19, 15, 13, 14, 19, 17, 5, 17, 2, 17, 4, 2, 1, 17, 9, 13, 10, 4, 10, 18, 14, 1, 20, 16, 5, 18, 5, 5, 2, 19, 19, 3, 3, 1, 3, 16, 18, 15, 20, 19, 2, 19, 6, 3, 5, 7, 1, 20, 3, 16, 16, 5, 20, 18, 5, 4, 15, 5, 20, 8, 2, 16, 19, 19, 3, 3, 18, 18, 3, 15, 20, 12, 20]
bestever    2482    in generation 49
[9, 17, 13, 10, 11, 12, 4, 15, 9, 19, 14, 10, 11, 9, 7, 2, 15, 17, 14, 12, 10, 11, 17, 12, 16, 9, 1, 11, 12, 13, 17, 13, 10, 11, 12, 16, 9, 14, 10, 11, 7, 2, 4, 6, 14, 12, 11, 12, 8, 20, 1, 11, 12, 13, 8, 4, 14, 14, 12, 9, 8, 16, 7, 13, 8, 9, 8, 1, 4, 7, 7, 6, 6, 6, 6, 14, 9, 11, 16, 3, 18, 8, 4, 13, 18, 19, 2, 1, 8, 1, 6, 13, 7, 2, 8, 18, 11, 13, 16, 6, 6, 15, 15, 14, 5, 7, 17, 4, 8, 17, 9, 6, 4, 10, 15, 10, 7, 7, 10, 15, 5, 1, 2, 19, 13, 14, 19, 17, 5, 17, 2, 17, 4, 20, 15, 20, 3, 18, 2, 1, 17, 9, 13, 10, 4, 10, 18, 14, 1, 20, 16, 5, 18, 5, 5, 2, 19, 19, 3, 3, 1, 3, 16, 18, 15, 20, 19, 2, 19, 6, 3, 5, 7, 1, 20, 3, 16, 16, 5, 20, 18, 5, 4, 15, 5, 20, 8, 2, 16, 19, 19, 3, 3, 18, 18, 3, 15, 20, 12, 20]
bestever    2469    in generation 69
[9, 17, 13, 10, 11, 12, 4, 15, 9, 19, 14, 10, 11, 9, 7, 2, 15, 17, 14, 12, 10, 11, 17, 12, 16, 9, 1, 11, 12, 13, 17, 13, 10, 11, 12, 16, 9, 14, 10, 11, 7, 2, 4, 6, 14, 12, 8, 12, 8, 20, 1, 11, 12, 13, 8, 4, 14, 14, 12, 9, 8, 16, 7, 13, 8, 9, 8, 1, 4, 7, 7, 6, 6, 6, 6, 14, 9, 11, 16, 3, 18, 8, 4, 13, 18, 19, 2, 1, 11, 1, 6, 13, 7, 2, 8, 18, 11, 13, 16, 6, 6, 15, 15, 14, 5, 7, 17, 4, 8, 17, 9, 6, 4, 10, 15, 10, 7, 7, 10, 15, 5, 1, 2, 19, 13, 14, 19, 17, 5, 17, 2, 17, 4, 20, 15, 20, 3, 18, 2, 1, 17, 9, 13, 10, 4, 10, 18, 14, 1, 20, 16, 5, 18, 5, 5, 2, 19, 19, 3, 3, 1, 3, 16, 18, 15, 20, 19, 2, 19, 6, 3, 5, 7, 1, 20, 3, 16, 16, 5, 20, 18, 5, 4, 15, 5, 20, 8, 2, 16, 19, 19, 3, 3, 18, 18, 3, 15, 20, 12, 20]
bestever    2448    in generation 72
[9, 17, 13, 10, 11, 12, 4, 15, 9, 19, 14, 10, 11, 9, 7, 2, 15, 17, 14, 12, 10, 11, 17, 12, 16, 9, 1, 11, 12, 13, 17, 13, 10, 11, 12, 16, 9, 14, 10, 11, 7, 2, 4, 6, 14, 12, 11, 12, 8, 20, 1, 11, 12, 13, 8, 4, 14, 14, 12, 9, 8, 16, 7, 13, 8, 9, 8, 1, 4, 7, 7, 6, 6, 6, 6, 14, 9, 11, 16, 3, 18, 8, 4, 13, 18, 19, 2, 1, 8, 1, 6, 13, 7, 2, 8, 18, 11, 13, 16, 6, 6, 15, 15, 14, 5, 7, 17, 4, 8, 17, 9, 6, 4, 10, 15, 10, 7, 7, 10, 15, 5, 1, 2, 19, 13, 14, 19, 17, 5, 17, 2, 17, 4, 20, 15, 20, 3, 18, 2, 16, 17, 9, 13, 10, 4, 10, 18, 14, 1, 20, 16, 5, 18, 5, 5, 2, 19, 19, 3, 3, 1, 3, 16, 18, 15, 20, 19, 2, 19, 6, 3, 5, 7, 1, 20, 3, 1, 16, 5, 20, 18, 5, 4, 15, 5, 20, 8, 2, 16, 19, 19, 3, 3, 18, 18, 3, 15, 20, 12, 20]
bestever    2443    in generation 74
[9, 17, 13, 10, 11, 12, 4, 15, 9, 19, 14, 10, 11, 9, 7, 2, 15, 17, 14, 12, 10, 11, 17, 12, 16, 9, 1, 11, 12, 13, 17, 13, 10, 11, 12, 16, 9, 14, 10, 11, 7, 2, 4, 6, 14, 12, 11, 12, 8, 20, 1, 11, 12, 13, 8, 4, 14, 14, 12, 9, 8, 16, 7, 13, 8, 9, 8, 1, 4, 7, 7, 6, 6, 6, 6, 14, 9, 11, 16, 3, 18, 8, 4, 13, 18, 19, 2, 1, 8, 1, 6, 13, 7, 2, 8, 18, 11, 13, 16, 6, 6, 15, 15, 14, 5, 7, 17, 4, 8, 17, 9, 6, 4, 10, 15, 10, 7, 7, 10, 15, 5, 1, 2, 19, 13, 14, 19, 17, 5, 17, 2, 17, 4, 20, 15, 20, 3, 18, 2, 1, 17, 9, 13, 10, 4, 10, 18, 14, 1, 20, 16, 5, 12, 5, 5, 2, 19, 19, 3, 3, 1, 3, 16, 18, 15, 20, 19, 2, 19, 6, 3, 5, 7, 1, 20, 3, 16, 16, 5, 20, 18, 5, 4, 15, 5, 20, 8, 2, 16, 19, 19, 3, 3, 18, 18, 3, 15, 20, 18, 20]
bestever    2419    in generation 79
[9, 17, 13, 10, 11, 12, 4, 15, 9, 19, 14, 10, 11, 9, 7, 2, 15, 17, 14, 12, 10, 11, 17, 12, 16, 9, 1, 11, 8, 13, 17, 13, 10, 11, 12, 16, 9, 14, 10, 11, 7, 2, 4, 6, 14, 12, 11, 12, 8, 20, 1, 11, 12, 13, 8, 4, 14, 14, 12, 9, 8, 16, 7, 13, 12, 9, 8, 1, 4, 7, 7, 6, 6, 6, 6, 14, 9, 11, 16, 3, 18, 8, 4, 13, 18, 19, 2, 1, 8, 1, 6, 13, 7, 2, 8, 18, 11, 13, 16, 6, 6, 15, 15, 14, 5, 7, 17, 4, 8, 17, 9, 6, 4, 10, 15, 10, 7, 7, 10, 15, 5, 1, 2, 19, 13, 14, 19, 17, 5, 17, 2, 17, 4, 20, 15, 20, 3, 18, 2, 16, 17, 9, 13, 10, 4, 10, 18, 14, 1, 20, 16, 5, 18, 5, 5, 2, 19, 19, 3, 3, 1, 3, 16, 18, 15, 20, 19, 2, 19, 6, 3, 5, 7, 1, 20, 3, 1, 16, 5, 20, 18, 5, 4, 15, 5, 20, 8, 2, 16, 19, 19, 3, 3, 18, 18, 3, 15, 20, 12, 20]
bestever    2410    in generation 94
[9, 17, 13, 10, 11, 12, 4, 15, 9, 19, 14, 10, 11, 9, 7, 2, 15, 17, 14, 12, 10, 11, 17, 12, 16, 9, 1, 11, 8, 13, 17, 13, 10, 11, 12, 9, 14, 10, 11, 7, 2, 4, 6, 14, 12, 11, 12, 8, 20, 1, 11, 12, 13, 8, 4, 14, 14, 12, 9, 8, 16, 7, 13, 12, 9, 8, 1, 4, 7, 7, 6, 6, 6, 6, 14, 9, 11, 16, 3, 18, 8, 4, 13, 18, 19, 2, 1, 8, 1, 6, 13, 7, 2, 8, 18, 11, 13, 16, 6, 6, 15, 15, 14, 5, 7, 17, 4, 8, 17, 9, 6, 4, 10, 15, 10, 7, 7, 10, 15, 5, 1, 2, 19, 13, 14, 19, 17, 5, 17, 2, 17, 20, 15, 20, 3, 18, 2, 16, 4, 16, 17, 9, 13, 10, 4, 10, 18, 14, 1, 20, 16, 5, 18, 5, 5, 2, 19, 19, 3, 3, 1, 3, 16, 18, 15, 20, 19, 2, 19, 6, 3, 5, 7, 1, 20, 3, 1, 16, 5, 20, 18, 5, 4, 15, 5, 20, 8, 2, 16, 19, 19, 3, 3, 18, 18, 3, 15, 20, 12, 20]
bestever    2391    in generation 98
[9, 17, 13, 10, 11, 12, 4, 15, 9, 19, 14, 10, 11, 9, 7, 2, 15, 17, 7, 12, 10, 11, 17, 12, 16, 9, 1, 11, 8, 13, 17, 13, 10, 11, 12, 16, 9, 14, 10, 11, 7, 2, 4, 6, 14, 12, 11, 12, 8, 20, 1, 11, 12, 13, 8, 4, 14, 14, 12, 9, 8, 16, 7, 13, 12, 9, 8, 1, 4, 14, 7, 6, 6, 6, 6, 14, 9, 11, 16, 3, 18, 8, 4, 13, 18, 19, 2, 1, 8, 1, 6, 13, 7, 2, 8, 18, 11, 13, 16, 6, 6, 15, 15, 14, 5, 7, 17, 4, 8, 17, 9, 6, 4, 10, 15, 10, 7, 7, 10, 15, 5, 1, 2, 19, 13, 14, 19, 17, 5, 17, 2, 17, 4, 20, 15, 20, 3, 18, 2, 16, 17, 9, 13, 10, 4, 10, 18, 14, 1, 20, 16, 5, 18, 5, 5, 2, 19, 19, 3, 3, 1, 3, 16, 18, 15, 20, 19, 2, 19, 6, 3, 5, 7, 1, 20, 3, 1, 16, 5, 20, 18, 5, 4, 15, 5, 20, 8, 2, 16, 19, 19, 3, 3, 18, 18, 3, 15, 20, 12, 20]
bestever    2388    in generation 109
[9, 4, 13, 10, 11, 12, 4, 15, 9, 19, 14, 10, 11, 9, 7, 2, 15, 17, 7, 12, 10, 11, 17, 12, 16, 9, 1, 11, 8, 13, 17, 13, 10, 11, 12, 16, 9, 14, 10, 11, 7, 2, 4, 6, 14, 12, 11, 12, 8, 20, 1, 11, 12, 13, 8, 4, 14, 14, 12, 9, 8, 16, 7, 13, 12, 9, 8, 1, 4, 14, 7, 6, 6, 6, 6, 14, 9, 11, 16, 3, 18, 8, 4, 13, 18, 19, 2, 1, 8, 1, 6, 13, 7, 2, 8, 18, 11, 13, 16, 6, 6, 15, 15, 14, 5, 7, 17, 4, 8, 17, 9, 6, 4, 10, 15, 10, 7, 7, 10, 15, 5, 1, 2, 19, 13, 14, 19, 17, 5, 17, 2, 17, 4, 20, 15, 20, 3, 18, 2, 16, 17, 9, 13, 10, 17, 10, 18, 14, 1, 20, 16, 5, 18, 5, 5, 2, 19, 19, 3, 3, 1, 3, 16, 18, 15, 20, 19, 2, 19, 6, 3, 5, 7, 1, 20, 3, 1, 16, 5, 20, 18, 5, 4, 15, 5, 20, 8, 2, 16, 19, 19, 3, 3, 18, 18, 3, 15, 20, 12, 20]
bestever    2342    in generation 112
[9, 4, 13, 10, 11, 12, 4, 15, 9, 19, 14, 10, 11, 9, 7, 2, 15, 17, 7, 12, 10, 11, 17, 12, 16, 9, 1, 11, 8, 13, 17, 13, 10, 11, 12, 16, 9, 14, 10, 11, 7, 2, 4, 6, 14, 12, 11, 12, 8, 1, 11, 12, 13, 8, 4, 14, 14, 12, 9, 8, 16, 7, 13, 12, 9, 8, 1, 4, 14, 7, 6, 6, 6, 6, 14, 9, 11, 16, 3, 18, 8, 4, 13, 18, 19, 2, 1, 8, 1, 6, 13, 7, 2, 8, 18, 11, 13, 16, 6, 6, 15, 15, 14, 5, 7, 17, 4, 8, 17, 9, 6, 4, 10, 15, 10, 7, 10, 5, 1, 2, 19, 13, 14, 19, 17, 5, 17, 2, 17, 4, 15, 20, 18, 2, 17, 9, 13, 10, 17, 10, 14, 1, 20, 16, 18, 5, 5, 3, 3, 3, 16, 18, 15, 20, 19, 2, 19, 3, 5, 7, 1, 20, 16, 18, 15, 20, 19, 2, 19, 6, 3, 5, 7, 1, 20, 3, 1, 16, 5, 20, 18, 5, 4, 15, 5, 20, 8, 2, 16, 19, 19, 3, 3, 18, 18, 3, 15, 20, 12, 20]
bestever    2332    in generation 118
[9, 4, 13, 10, 11, 12, 4, 15, 9, 19, 14, 10, 11, 9, 7, 2, 15, 17, 7, 12, 10, 11, 17, 12, 16, 9, 1, 11, 8, 13, 17, 13, 10, 11, 12, 16, 9, 14, 10, 11, 7, 2, 4, 6, 14, 12, 11, 12, 8, 1, 11, 12, 13, 8, 4, 14, 14, 12, 9, 8, 16, 7, 13, 12, 9, 8, 1, 4, 14, 7, 6, 6, 6, 6, 14, 9, 11, 16, 3, 18, 8, 4, 13, 18, 19, 2, 1, 8, 1, 6, 13, 7, 2, 8, 18, 11, 13, 16, 6, 6, 15, 15, 14, 5, 7, 17, 4, 8, 17, 9, 6, 4, 10, 15, 10, 7, 10, 5, 1, 2, 19, 13, 14, 19, 3, 5, 17, 2, 17, 4, 15, 20, 18, 2, 17, 9, 13, 10, 17, 10, 14, 1, 20, 16, 18, 5, 5, 17, 3, 3, 16, 18, 15, 20, 19, 2, 19, 3, 5, 7, 1, 20, 16, 18, 15, 20, 19, 2, 19, 6, 3, 5, 7, 1, 20, 3, 1, 16, 5, 20, 18, 5, 4, 15, 5, 20, 8, 2, 16, 19, 19, 3, 3, 18, 18, 3, 15, 20, 12, 20]
bestever    2317    in generation 122
[9, 4, 13, 10, 11, 12, 4, 15, 9, 19, 14, 10, 11, 9, 7, 2, 15, 17, 7, 12, 10, 11, 17, 12, 16, 9, 1, 11, 8, 13, 17, 13, 10, 11, 12, 4, 9, 14, 10, 11, 7, 2, 4, 6, 14, 12, 11, 12, 8, 1, 11, 12, 13, 8, 4, 14, 14, 12, 9, 8, 16, 7, 13, 12, 9, 8, 1, 4, 14, 7, 6, 6, 6, 6, 14, 9, 11, 16, 3, 18, 8, 16, 13, 18, 19, 2, 1, 8, 1, 6, 13, 7, 2, 8, 18, 11, 13, 16, 6, 6, 15, 15, 14, 5, 7, 17, 4, 8, 17, 9, 6, 4, 10, 15, 10, 7, 10, 5, 1, 2, 19, 13, 14, 19, 17, 5, 17, 2, 17, 4, 15, 20, 18, 2, 17, 9, 13, 10, 17, 10, 14, 1, 20, 16, 18, 5, 5, 3, 3, 3, 16, 18, 15, 20, 19, 2, 19, 3, 5, 7, 1, 20, 16, 18, 15, 20, 19, 2, 19, 6, 3, 5, 7, 1, 20, 3, 1, 16, 5, 20, 18, 5, 4, 15, 5, 20, 8, 2, 16, 19, 19, 3, 3, 18, 18, 3, 15, 20, 12, 20]
bestever    2312    in generation 123
[9, 4, 13, 10, 11, 12, 4, 15, 9, 19, 14, 10, 11, 9, 7, 2, 15, 16, 7, 12, 10, 11, 17, 12, 16, 9, 1, 11, 8, 13, 17, 13, 10, 11, 12, 17, 9, 14, 10, 11, 7, 2, 4, 6, 14, 12, 11, 12, 8, 1, 11, 12, 13, 8, 4, 14, 14, 12, 9, 8, 16, 7, 13, 12, 9, 8, 1, 4, 14, 7, 6, 6, 6, 6, 14, 9, 11, 16, 3, 18, 8, 4, 13, 18, 19, 2, 1, 8, 1, 6, 13, 7, 2, 8, 18, 11, 13, 16, 6, 6, 15, 15, 14, 5, 7, 17, 4, 8, 17, 9, 6, 4, 10, 15, 10, 7, 10, 5, 1, 2, 19, 13, 14, 19, 17, 5, 17, 2, 17, 4, 15, 20, 18, 2, 17, 9, 13, 10, 17, 10, 14, 1, 20, 16, 18, 5, 5, 3, 3, 3, 16, 18, 15, 20, 19, 2, 19, 3, 5, 7, 1, 20, 16, 18, 15, 20, 19, 2, 19, 6, 3, 5, 7, 1, 20, 3, 1, 16, 5, 20, 18, 5, 4, 15, 5, 20, 8, 2, 16, 19, 19, 3, 3, 18, 18, 3, 15, 20, 12, 20]
bestever    2289    in generation 146
[9, 4, 13, 10, 11, 12, 4, 15, 9, 19, 14, 10, 11, 9, 7, 2, 15, 16, 7, 12, 10, 11, 17, 12, 16, 9, 1, 11, 8, 13, 17, 13, 10, 11, 12, 17, 9, 14, 10, 11, 7, 2, 4, 6, 14, 12, 11, 12, 8, 1, 11, 12, 13, 8, 4, 14, 14, 12, 9, 8, 16, 7, 13, 12, 9, 8, 1, 4, 14, 7, 6, 6, 6, 6, 14, 9, 11, 16, 3, 18, 8, 4, 13, 18, 19, 5, 1, 8, 1, 6, 13, 7, 2, 8, 18, 11, 13, 16, 6, 6, 15, 15, 14, 5, 7, 17, 4, 8, 17, 9, 6, 4, 10, 15, 10, 7, 10, 2, 1, 2, 19, 13, 14, 19, 17, 5, 17, 2, 17, 4, 15, 20, 18, 2, 17, 9, 13, 10, 17, 10, 14, 1, 20, 16, 18, 5, 5, 3, 3, 3, 16, 18, 15, 20, 19, 2, 19, 3, 5, 7, 1, 20, 16, 18, 15, 20, 19, 2, 19, 6, 3, 5, 7, 1, 20, 3, 1, 16, 5, 20, 18, 5, 4, 15, 5, 20, 8, 2, 16, 19, 19, 3, 3, 18, 18, 3, 15, 20, 12, 20]
bestever    2273    in generation 165
[9, 4, 13, 10, 11, 12, 4, 15, 9, 19, 14, 10, 11, 9, 7, 2, 15, 16, 7, 12, 10, 11, 17, 12, 16, 9, 1, 11, 8, 13, 17, 13, 10, 11, 12, 17, 9, 14, 10, 11, 7, 2, 4, 6, 14, 12, 11, 12, 8, 1, 11, 12, 13, 8, 4, 14, 14, 12, 9, 8, 16, 7, 13, 12, 9, 8, 1, 4, 14, 7, 6, 6, 6, 6, 14, 9, 11, 16, 3, 18, 8, 4, 13, 18, 19, 5, 1, 8, 1, 6, 13, 7, 2, 8, 18, 11, 13, 16, 6, 6, 15, 15, 14, 5, 7, 17, 4, 8, 17, 9, 6, 4, 10, 15, 10, 7, 10, 2, 1, 2, 19, 13, 14, 19, 17, 5, 20, 2, 17, 4, 15, 20, 18, 2, 17, 9, 13, 10, 17, 10, 14, 1, 17, 16, 18, 5, 5, 3, 3, 3, 16, 18, 15, 20, 19, 2, 19, 3, 5, 7, 1, 20, 16, 18, 15, 20, 19, 2, 19, 6, 3, 5, 7, 1, 20, 3, 1, 16, 5, 20, 18, 5, 4, 15, 5, 20, 8, 2, 16, 19, 19, 3, 3, 18, 18, 3, 15, 20, 12, 20]
bestever    2270    in generation 174
[9, 4, 13, 10, 11, 12, 4, 15, 9, 19, 14, 10, 11, 9, 7, 2, 15, 16, 7, 12, 10, 11, 17, 12, 16, 9, 1, 11, 8, 13, 17, 13, 10, 11, 12, 17, 9, 14, 10, 11, 7, 2, 4, 6, 14, 12, 11, 12, 8, 1, 11, 12, 13, 8, 4, 14, 14, 12, 9, 8, 16, 7, 13, 12, 9, 8, 1, 4, 14, 7, 6, 6, 6, 6, 14, 9, 11, 16, 3, 18, 8, 4, 13, 18, 19, 5, 1, 8, 1, 6, 13, 7, 2, 8, 18, 11, 13, 16, 6, 6, 15, 15, 14, 5, 7, 17, 4, 8, 17, 9, 6, 4, 10, 15, 10, 7, 10, 2, 1, 2, 19, 13, 14, 19, 17, 5, 20, 2, 17, 4, 15, 20, 18, 2, 17, 9, 13, 10, 17, 10, 14, 1, 17, 16, 18, 5, 5, 3, 3, 3, 16, 18, 15, 20, 19, 2, 19, 3, 5, 7, 1, 20, 16, 18, 15, 20, 19, 2, 19, 6, 3, 5, 7, 1, 20, 3, 1, 16, 5, 20, 18, 5, 4, 15, 5, 8, 2, 16, 19, 19, 3, 3, 18, 18, 3, 20, 15, 20, 12, 20]
bestever    2257    in generation 188
[9, 4, 13, 10, 11, 12, 4, 15, 9, 10, 14, 10, 11, 9, 7, 2, 15, 16, 7, 12, 10, 11, 17, 12, 16, 9, 1, 11, 8, 13, 17, 13, 10, 11, 12, 17, 9, 14, 10, 11, 7, 2, 4, 6, 14, 12, 11, 12, 8, 1, 11, 12, 13, 8, 4, 14, 14, 12, 9, 8, 16, 7, 13, 12, 9, 8, 1, 4, 14, 7, 6, 6, 6, 6, 14, 9, 11, 16, 3, 18, 8, 4, 13, 18, 19, 5, 1, 8, 1, 6, 13, 7, 2, 8, 18, 11, 13, 16, 6, 6, 15, 15, 14, 5, 7, 17, 4, 8, 17, 9, 6, 4, 10, 15, 19, 7, 10, 2, 1, 2, 19, 13, 14, 19, 17, 5, 20, 2, 17, 4, 15, 20, 18, 2, 17, 9, 13, 10, 17, 10, 14, 1, 17, 16, 18, 5, 5, 3, 3, 3, 16, 18, 15, 20, 19, 2, 19, 3, 5, 7, 1, 20, 16, 18, 15, 19, 2, 20, 19, 6, 3, 5, 7, 1, 20, 3, 1, 16, 5, 20, 18, 5, 4, 15, 5, 8, 2, 16, 19, 19, 3, 3, 18, 18, 3, 20, 15, 20, 12, 20]
bestever    2254    in generation 214
[9, 4, 13, 10, 11, 12, 4, 15, 9, 10, 14, 10, 11, 9, 7, 2, 15, 16, 7, 12, 10, 11, 17, 12, 16, 9, 1, 11, 8, 13, 17, 13, 10, 11, 12, 17, 9, 14, 10, 11, 7, 2, 9, 6, 14, 12, 11, 12, 8, 1, 11, 12, 13, 8, 4, 14, 14, 12, 4, 8, 16, 7, 13, 12, 9, 8, 1, 4, 14, 7, 6, 6, 6, 6, 14, 9, 11, 16, 3, 18, 8, 4, 13, 18, 19, 5, 1, 8, 1, 6, 13, 7, 2, 8, 18, 11, 13, 16, 6, 6, 15, 15, 14, 5, 7, 17, 4, 8, 17, 9, 6, 4, 10, 15, 19, 7, 10, 2, 1, 2, 19, 13, 14, 19, 17, 5, 20, 2, 17, 4, 15, 20, 18, 2, 17, 9, 13, 10, 17, 10, 14, 1, 17, 16, 18, 5, 5, 3, 3, 3, 16, 18, 15, 20, 19, 2, 19, 3, 5, 7, 1, 20, 16, 18, 15, 19, 2, 20, 19, 6, 3, 5, 7, 1, 20, 3, 1, 16, 5, 20, 18, 5, 4, 15, 5, 8, 2, 16, 19, 19, 3, 3, 18, 18, 3, 20, 15, 20, 12, 20]
bestever    2249    in generation 216
[9, 4, 13, 10, 11, 12, 4, 15, 9, 10, 14, 10, 11, 9, 7, 2, 15, 16, 7, 12, 10, 11, 17, 12, 16, 9, 1, 11, 8, 13, 17, 13, 10, 11, 12, 17, 9, 14, 10, 11, 7, 2, 9, 6, 14, 12, 11, 12, 8, 1, 11, 12, 13, 8, 4, 14, 14, 12, 4, 8, 16, 7, 13, 12, 9, 8, 1, 4, 14, 7, 6, 6, 6, 6, 14, 9, 11, 16, 3, 18, 8, 4, 13, 18, 19, 5, 1, 8, 1, 6, 13, 7, 2, 8, 18, 11, 13, 16, 6, 6, 15, 15, 14, 5, 20, 17, 4, 8, 17, 9, 6, 4, 10, 15, 19, 7, 10, 2, 1, 2, 19, 13, 14, 19, 17, 5, 7, 2, 17, 4, 15, 20, 18, 2, 17, 9, 13, 10, 17, 10, 14, 1, 17, 16, 18, 5, 5, 3, 3, 3, 16, 18, 15, 20, 19, 2, 19, 3, 5, 7, 1, 20, 16, 18, 15, 19, 2, 20, 19, 6, 3, 5, 7, 1, 20, 3, 1, 16, 5, 20, 18, 5, 4, 15, 5, 8, 2, 16, 19, 19, 3, 3, 18, 18, 3, 20, 15, 20, 12, 20]
bestever    2247    in generation 235
[9, 4, 13, 10, 11, 12, 4, 15, 9, 10, 14, 10, 11, 9, 7, 2, 15, 16, 7, 12, 10, 11, 17, 12, 16, 9, 1, 11, 8, 13, 17, 13, 10, 11, 12, 17, 9, 14, 10, 11, 7, 13, 9, 6, 14, 12, 11, 12, 8, 1, 11, 12, 13, 8, 4, 14, 14, 12, 4, 8, 16, 7, 13, 12, 9, 8, 1, 4, 14, 7, 6, 6, 6, 6, 14, 9, 11, 16, 3, 18, 8, 4, 13, 18, 19, 5, 1, 8, 1, 6, 13, 7, 2, 8, 18, 11, 2, 16, 6, 6, 15, 15, 14, 5, 20, 17, 4, 8, 17, 9, 6, 4, 10, 15, 19, 7, 10, 2, 1, 2, 19, 13, 14, 19, 17, 5, 7, 2, 17, 4, 15, 20, 18, 2, 17, 9, 13, 10, 17, 10, 14, 1, 17, 16, 18, 5, 5, 3, 3, 3, 16, 18, 15, 20, 19, 2, 19, 3, 5, 7, 1, 20, 16, 18, 15, 19, 2, 20, 19, 6, 3, 5, 7, 1, 20, 3, 1, 16, 5, 20, 18, 5, 4, 15, 5, 8, 2, 16, 19, 19, 3, 3, 18, 18, 3, 20, 15, 20, 12, 20]
bestever    2231    in generation 247
[9, 4, 13, 10, 11, 12, 4, 15, 9, 10, 14, 10, 11, 9, 7, 2, 15, 16, 7, 12, 10, 11, 17, 12, 16, 9, 1, 11, 8, 13, 17, 13, 10, 11, 12, 17, 9, 14, 10, 11, 7, 13, 9, 6, 14, 12, 11, 12, 8, 1, 11, 12, 13, 8, 4, 14, 14, 12, 4, 8, 16, 7, 13, 12, 9, 8, 1, 4, 14, 7, 6, 6, 6, 6, 14, 9, 11, 16, 3, 18, 8, 4, 13, 18, 19, 5, 1, 8, 1, 6, 13, 7, 2, 8, 18, 11, 2, 16, 6, 6, 15, 15, 14, 5, 20, 17, 4, 8, 17, 9, 12, 4, 10, 15, 19, 7, 10, 2, 1, 2, 19, 13, 14, 19, 17, 5, 7, 2, 17, 4, 15, 20, 18, 2, 17, 9, 13, 10, 17, 10, 14, 1, 17, 16, 18, 5, 5, 3, 3, 3, 16, 18, 15, 20, 19, 2, 19, 3, 5, 7, 1, 20, 16, 18, 15, 19, 2, 20, 19, 6, 3, 5, 7, 1, 20, 3, 1, 16, 5, 20, 18, 5, 4, 15, 5, 8, 2, 16, 19, 19, 3, 3, 18, 18, 3, 20, 15, 20, 6, 20]
bestever    2216    in generation 253
[9, 4, 13, 10, 11, 12, 4, 15, 9, 10, 14, 10, 11, 9, 7, 2, 15, 16, 7, 12, 10, 11, 17, 12, 16, 9, 1, 11, 8, 13, 17, 13, 10, 11, 12, 17, 9, 14, 10, 11, 7, 13, 9, 6, 14, 12, 11, 12, 8, 1, 11, 12, 13, 8, 4, 14, 14, 12, 4, 8, 16, 7, 13, 12, 9, 8, 1, 4, 14, 7, 6, 6, 6, 6, 14, 9, 11, 16, 3, 18, 8, 4, 13, 18, 19, 5, 1, 8, 1, 6, 13, 7, 2, 8, 18, 11, 2, 16, 6, 6, 15, 15, 14, 5, 20, 17, 4, 8, 17, 9, 6, 4, 10, 15, 19, 7, 10, 2, 1, 2, 19, 13, 14, 19, 17, 5, 7, 2, 17, 4, 15, 20, 18, 2, 17, 9, 13, 10, 17, 10, 14, 1, 17, 16, 18, 5, 5, 3, 3, 3, 16, 18, 15, 20, 19, 2, 19, 3, 5, 7, 1, 20, 16, 18, 15, 19, 2, 20, 19, 6, 5, 7, 1, 20, 3, 1, 16, 5, 20, 18, 5, 4, 8, 5, 15, 12, 3, 16, 19, 19, 3, 3, 18, 18, 3, 20, 15, 20, 2, 20]
bestever    2209    in generation 308
[9, 4, 13, 10, 11, 12, 4, 15, 9, 10, 14, 10, 11, 9, 7, 2, 15, 16, 7, 12, 10, 11, 17, 12, 16, 9, 1, 11, 8, 13, 17, 13, 10, 11, 12, 17, 9, 14, 10, 11, 7, 13, 9, 6, 14, 12, 11, 12, 8, 1, 11, 12, 13, 8, 4, 14, 14, 12, 4, 8, 16, 7, 13, 12, 9, 8, 1, 4, 14, 7, 6, 6, 6, 6, 14, 9, 8, 16, 3, 18, 2, 4, 13, 18, 19, 5, 1, 8, 1, 13, 13, 7, 11, 8, 18, 11, 2, 16, 6, 6, 15, 15, 14, 5, 20, 17, 4, 8, 17, 9, 6, 4, 10, 15, 19, 7, 10, 2, 1, 2, 19, 6, 14, 19, 17, 5, 7, 2, 17, 4, 15, 20, 18, 2, 17, 9, 13, 10, 17, 10, 14, 1, 17, 16, 18, 5, 5, 3, 3, 3, 16, 18, 15, 20, 19, 2, 19, 3, 5, 7, 1, 20, 16, 18, 15, 19, 2, 20, 19, 6, 5, 7, 1, 20, 3, 1, 16, 5, 20, 18, 5, 4, 8, 5, 15, 12, 3, 16, 19, 19, 3, 3, 18, 18, 3, 20, 15, 20, 2, 20]
bestever    2180    in generation 370
[9, 4, 13, 10, 11, 12, 4, 15, 9, 10, 14, 10, 11, 9, 7, 2, 15, 16, 7, 12, 10, 11, 17, 12, 16, 9, 1, 11, 8, 13, 17, 13, 10, 11, 12, 17, 9, 14, 10, 11, 7, 13, 9, 6, 14, 12, 11, 12, 8, 1, 11, 12, 13, 8, 4, 14, 14, 12, 4, 8, 16, 7, 13, 12, 9, 8, 1, 4, 14, 7, 6, 6, 6, 6, 14, 9, 8, 16, 3, 18, 2, 4, 13, 18, 19, 5, 1, 8, 1, 13, 13, 7, 11, 8, 18, 11, 2, 16, 6, 15, 15, 15, 14, 5, 20, 17, 4, 8, 17, 9, 6, 4, 10, 6, 19, 7, 10, 2, 1, 2, 19, 6, 14, 19, 17, 5, 7, 2, 17, 4, 15, 20, 18, 2, 17, 9, 13, 10, 17, 10, 14, 1, 17, 16, 18, 5, 5, 3, 3, 3, 16, 18, 15, 20, 19, 2, 19, 3, 5, 7, 1, 20, 16, 18, 15, 19, 2, 20, 19, 6, 5, 7, 1, 20, 3, 1, 16, 5, 20, 18, 5, 4, 8, 5, 15, 12, 3, 16, 19, 19, 3, 3, 18, 18, 3, 20, 15, 20, 2, 20]
bestever    2177    in generation 374
[9, 4, 13, 10, 11, 12, 4, 15, 9, 10, 14, 10, 11, 9, 7, 2, 15, 16, 7, 12, 10, 11, 17, 12, 16, 9, 1, 11, 8, 13, 17, 13, 10, 11, 12, 17, 9, 14, 10, 11, 7, 13, 9, 6, 14, 12, 11, 12, 8, 1, 11, 12, 13, 8, 4, 14, 14, 12, 4, 8, 16, 7, 13, 12, 9, 8, 1, 4, 14, 7, 6, 6, 6, 6, 14, 9, 8, 16, 3, 18, 2, 4, 13, 18, 19, 5, 1, 8, 1, 13, 13, 7, 11, 8, 18, 11, 2, 16, 6, 15, 15, 15, 14, 5, 20, 17, 4, 8, 17, 9, 6, 4, 10, 6, 19, 7, 10, 2, 1, 2, 19, 6, 14, 19, 17, 5, 7, 2, 17, 4, 15, 20, 18, 2, 17, 9, 13, 10, 17, 10, 14, 1, 17, 16, 18, 5, 3, 3, 16, 18, 15, 19, 2, 3, 7, 1, 18, 15, 19, 2, 20, 19, 5, 20, 3, 16, 5, 20, 19, 6, 5, 7, 1, 20, 3, 1, 16, 5, 20, 18, 5, 4, 8, 5, 15, 12, 3, 16, 19, 19, 3, 3, 18, 18, 3, 20, 15, 20, 2, 20]
bestever    2160    in generation 387
[9, 4, 13, 10, 11, 12, 4, 15, 9, 10, 14, 10, 11, 9, 7, 2, 15, 16, 7, 12, 10, 11, 17, 12, 16, 9, 1, 11, 8, 13, 17, 13, 10, 11, 12, 17, 9, 14, 10, 11, 7, 13, 9, 6, 14, 12, 11, 12, 8, 1, 11, 12, 13, 8, 4, 14, 14, 12, 4, 8, 16, 7, 13, 12, 9, 8, 1, 4, 14, 7, 6, 6, 6, 6, 14, 9, 8, 16, 3, 18, 2, 4, 13, 18, 19, 5, 1, 8, 1, 13, 13, 7, 11, 8, 18, 11, 2, 16, 6, 15, 15, 15, 14, 5, 20, 17, 4, 8, 17, 9, 6, 4, 10, 6, 19, 7, 10, 2, 1, 2, 19, 6, 14, 19, 17, 5, 7, 2, 17, 4, 15, 20, 18, 2, 17, 9, 13, 10, 17, 10, 14, 1, 17, 16, 18, 5, 3, 3, 16, 15, 19, 2, 7, 1, 18, 19, 2, 20, 19, 5, 20, 3, 16, 5, 6, 5, 7, 1, 20, 3, 1, 16, 20, 18, 15, 3, 19, 5, 20, 18, 5, 4, 8, 5, 15, 12, 3, 16, 19, 19, 3, 3, 18, 18, 3, 20, 15, 20, 2, 20]
bestever    2158    in generation 409
[9, 4, 13, 10, 11, 12, 4, 15, 9, 10, 14, 10, 11, 9, 7, 2, 15, 14, 7, 12, 10, 11, 17, 12, 16, 9, 1, 11, 8, 13, 17, 13, 10, 11, 12, 17, 9, 14, 10, 11, 7, 13, 9, 6, 16, 12, 11, 12, 8, 1, 11, 12, 13, 8, 4, 14, 14, 12, 4, 8, 16, 7, 13, 12, 9, 8, 1, 4, 14, 7, 6, 6, 6, 6, 14, 9, 8, 16, 3, 18, 2, 4, 13, 18, 19, 5, 1, 8, 1, 13, 13, 7, 11, 8, 18, 11, 2, 16, 6, 15, 15, 15, 14, 5, 20, 17, 4, 8, 17, 9, 6, 4, 10, 6, 19, 7, 10, 2, 1, 2, 19, 6, 14, 19, 17, 5, 7, 2, 17, 4, 15, 20, 18, 2, 17, 9, 13, 10, 17, 10, 14, 1, 17, 16, 18, 5, 3, 3, 16, 15, 19, 2, 7, 1, 18, 19, 2, 20, 19, 5, 20, 3, 16, 5, 6, 5, 7, 1, 20, 3, 1, 16, 20, 18, 15, 3, 19, 5, 20, 18, 5, 4, 8, 5, 15, 12, 3, 16, 19, 19, 3, 3, 18, 18, 3, 20, 15, 20, 2, 20]
bestever    2157    in generation 452
[9, 4, 13, 10, 11, 12, 4, 15, 9, 10, 14, 10, 11, 9, 7, 2, 15, 7, 12, 10, 11, 17, 12, 14, 16, 9, 1, 11, 8, 13, 17, 13, 10, 11, 12, 17, 9, 14, 10, 11, 7, 13, 9, 6, 16, 12, 11, 12, 8, 1, 11, 12, 13, 8, 4, 14, 14, 12, 4, 8, 16, 7, 13, 12, 9, 8, 1, 4, 14, 7, 6, 1, 6, 6, 14, 9, 8, 16, 3, 18, 2, 4, 13, 18, 19, 5, 6, 8, 1, 13, 13, 7, 11, 8, 18, 11, 2, 16, 6, 15, 15, 15, 14, 5, 20, 17, 4, 8, 17, 9, 6, 4, 10, 6, 19, 7, 10, 2, 1, 2, 19, 6, 14, 19, 17, 5, 7, 2, 17, 4, 15, 20, 18, 2, 17, 9, 13, 10, 17, 10, 14, 1, 17, 16, 18, 5, 3, 3, 16, 15, 19, 2, 7, 1, 18, 19, 2, 20, 19, 5, 20, 3, 16, 5, 6, 5, 7, 1, 20, 3, 1, 16, 20, 18, 15, 3, 19, 5, 20, 18, 5, 4, 8, 12, 15, 5, 3, 16, 19, 19, 3, 3, 18, 18, 3, 20, 15, 20, 2, 20]
bestever    2137    in generation 464
[9, 4, 13, 10, 11, 12, 4, 15, 9, 10, 14, 10, 11, 9, 7, 2, 15, 7, 12, 10, 11, 17, 12, 14, 16, 9, 1, 11, 8, 13, 17, 13, 10, 11, 12, 17, 9, 14, 10, 11, 7, 13, 9, 6, 16, 12, 11, 12, 8, 1, 11, 12, 13, 8, 4, 14, 14, 12, 4, 8, 16, 7, 13, 9, 8, 1, 4, 14, 7, 6, 1, 6, 6, 14, 9, 8, 16, 3, 18, 2, 4, 13, 18, 19, 5, 6, 8, 1, 13, 13, 7, 11, 8, 18, 11, 2, 16, 6, 15, 15, 15, 14, 5, 20, 17, 4, 8, 17, 9, 6, 4, 10, 6, 19, 7, 10, 2, 1, 2, 19, 6, 14, 19, 17, 5, 7, 2, 17, 15, 20, 18, 2, 17, 9, 13, 10, 17, 10, 14, 1, 17, 16, 18, 5, 3, 3, 16, 15, 19, 2, 7, 1, 18, 19, 20, 19, 5, 3, 16, 5, 6, 5, 7, 1, 1, 16, 15, 4, 12, 15, 18, 3, 19, 5, 20, 18, 5, 4, 8, 12, 5, 3, 16, 19, 19, 3, 3, 18, 18, 3, 20, 20, 2, 20, 3, 20, 15, 20, 2, 20]
bestever    2126    in generation 470
[9, 4, 13, 10, 11, 12, 4, 15, 9, 10, 14, 10, 11, 9, 7, 2, 15, 7, 12, 10, 11, 17, 12, 14, 16, 9, 1, 11, 8, 13, 17, 13, 10, 11, 12, 17, 9, 14, 10, 11, 7, 13, 9, 6, 16, 12, 11, 12, 8, 1, 11, 12, 13, 8, 4, 14, 14, 12, 4, 8, 16, 7, 13, 12, 9, 8, 1, 4, 14, 7, 6, 1, 6, 6, 14, 9, 8, 16, 3, 18, 2, 4, 13, 18, 19, 5, 6, 8, 1, 13, 13, 7, 11, 8, 18, 11, 2, 16, 6, 15, 15, 15, 14, 5, 20, 17, 4, 8, 17, 9, 6, 4, 10, 6, 19, 7, 10, 2, 1, 2, 19, 6, 14, 19, 17, 5, 7, 2, 17, 4, 15, 20, 18, 2, 17, 9, 13, 10, 17, 10, 14, 1, 17, 16, 18, 5, 3, 3, 16, 15, 19, 2, 7, 1, 18, 19, 20, 19, 5, 3, 16, 5, 6, 5, 7, 1, 3, 1, 16, 18, 15, 19, 5, 18, 5, 4, 8, 15, 20, 12, 5, 3, 16, 19, 19, 3, 3, 18, 18, 3, 20, 20, 2, 20, 3, 20, 15, 20, 2, 20]
bestever    2123    in generation 475
[9, 4, 13, 10, 11, 12, 4, 15, 9, 10, 14, 10, 11, 9, 7, 2, 15, 7, 12, 10, 11, 17, 12, 14, 16, 9, 1, 11, 8, 13, 17, 13, 10, 11, 12, 17, 9, 14, 10, 11, 7, 13, 9, 6, 16, 12, 11, 12, 8, 1, 11, 12, 13, 8, 4, 14, 14, 12, 4, 8, 16, 7, 13, 9, 8, 1, 4, 14, 7, 6, 1, 6, 6, 14, 9, 8, 16, 3, 18, 2, 4, 13, 18, 19, 5, 7, 8, 1, 13, 13, 6, 11, 8, 18, 11, 2, 16, 6, 15, 15, 15, 14, 5, 20, 17, 4, 8, 17, 9, 6, 4, 10, 6, 19, 7, 10, 2, 1, 2, 19, 6, 14, 19, 17, 5, 7, 2, 17, 15, 20, 18, 2, 17, 9, 13, 10, 17, 10, 14, 1, 17, 16, 18, 5, 3, 3, 16, 15, 19, 2, 7, 1, 18, 19, 20, 19, 5, 3, 16, 5, 6, 5, 7, 1, 1, 16, 15, 4, 12, 15, 18, 3, 19, 5, 20, 18, 5, 4, 8, 12, 5, 3, 16, 19, 19, 3, 3, 18, 18, 3, 20, 20, 2, 20, 3, 20, 15, 20, 2, 20]
bestever    2107    in generation 480
[9, 4, 13, 10, 11, 12, 4, 15, 9, 10, 14, 10, 11, 9, 7, 2, 15, 7, 12, 10, 11, 17, 12, 14, 16, 9, 1, 11, 8, 13, 17, 13, 10, 11, 12, 17, 9, 14, 10, 11, 7, 13, 9, 6, 16, 12, 11, 12, 8, 1, 11, 12, 13, 8, 4, 14, 14, 12, 4, 8, 16, 7, 13, 9, 8, 1, 4, 14, 7, 6, 1, 6, 6, 14, 9, 8, 16, 3, 18, 2, 4, 13, 18, 19, 5, 7, 8, 1, 13, 13, 6, 11, 8, 18, 11, 2, 16, 6, 15, 15, 15, 14, 5, 17, 4, 8, 17, 9, 6, 4, 10, 6, 19, 7, 10, 2, 1, 2, 19, 6, 14, 19, 17, 5, 7, 2, 17, 18, 17, 9, 13, 10, 17, 10, 14, 1, 17, 15, 2, 20, 20, 16, 18, 5, 3, 3, 16, 15, 19, 2, 7, 1, 18, 19, 20, 19, 5, 3, 16, 5, 6, 5, 7, 1, 1, 16, 15, 4, 12, 15, 18, 3, 19, 5, 20, 18, 5, 4, 8, 12, 5, 3, 16, 19, 19, 3, 3, 18, 18, 3, 20, 20, 2, 20, 3, 20, 15, 20, 2, 20]
bestever    2105    in generation 488
[9, 4, 13, 10, 11, 12, 4, 15, 9, 10, 14, 10, 11, 9, 7, 2, 15, 7, 12, 10, 11, 17, 12, 14, 16, 9, 1, 11, 8, 13, 17, 13, 10, 11, 12, 17, 9, 14, 10, 11, 7, 13, 9, 6, 16, 12, 11, 12, 8, 1, 11, 12, 13, 8, 4, 14, 14, 12, 4, 8, 16, 7, 13, 9, 8, 1, 4, 14, 7, 6, 1, 6, 6, 14, 9, 8, 16, 3, 18, 2, 4, 13, 18, 19, 5, 7, 8, 1, 13, 13, 6, 11, 8, 18, 11, 2, 16, 6, 15, 15, 15, 14, 5, 17, 4, 8, 17, 9, 6, 4, 10, 6, 19, 7, 10, 2, 1, 2, 19, 6, 14, 19, 17, 5, 7, 2, 17, 18, 17, 9, 13, 10, 17, 10, 14, 1, 17, 15, 2, 20, 16, 18, 5, 3, 3, 16, 15, 19, 7, 1, 18, 19, 19, 5, 3, 16, 5, 6, 5, 7, 1, 1, 16, 15, 4, 12, 15, 2, 20, 20, 18, 3, 19, 5, 20, 18, 5, 4, 8, 12, 5, 3, 16, 19, 19, 3, 3, 18, 18, 3, 20, 20, 2, 20, 3, 20, 15, 20, 2, 20]
bestever    2088    in generation 496
[9, 4, 13, 10, 11, 12, 4, 15, 9, 10, 14, 10, 11, 9, 7, 2, 15, 7, 12, 10, 11, 17, 12, 14, 16, 9, 1, 11, 8, 13, 17, 13, 10, 11, 12, 17, 9, 14, 10, 11, 7, 13, 9, 6, 16, 12, 11, 12, 8, 1, 11, 12, 13, 8, 4, 14, 14, 12, 4, 8, 16, 7, 13, 9, 8, 1, 4, 14, 7, 6, 1, 6, 6, 14, 9, 8, 16, 3, 18, 2, 4, 13, 18, 19, 5, 7, 8, 1, 13, 13, 6, 11, 8, 18, 11, 2, 16, 6, 15, 15, 15, 14, 5, 17, 4, 8, 17, 9, 6, 4, 10, 6, 19, 7, 10, 2, 1, 2, 19, 6, 14, 19, 17, 5, 7, 2, 4, 18, 17, 9, 13, 10, 17, 10, 14, 1, 17, 15, 2, 20, 20, 16, 18, 5, 3, 3, 16, 15, 19, 2, 7, 1, 18, 19, 20, 19, 5, 3, 16, 5, 6, 5, 7, 1, 1, 16, 15, 17, 12, 15, 18, 3, 19, 5, 20, 18, 5, 4, 8, 12, 5, 3, 16, 19, 19, 3, 3, 18, 18, 3, 20, 20, 2, 20, 3, 20, 15, 20, 2, 20]
bestever    2086    in generation 502
[9, 4, 13, 10, 11, 12, 4, 15, 9, 10, 14, 10, 11, 9, 7, 2, 15, 7, 12, 10, 11, 17, 12, 14, 16, 9, 1, 11, 8, 13, 17, 13, 10, 11, 12, 17, 9, 14, 10, 11, 7, 13, 9, 6, 16, 12, 11, 12, 8, 1, 11, 12, 13, 8, 4, 14, 14, 12, 4, 8, 16, 7, 13, 9, 8, 1, 4, 14, 7, 6, 1, 6, 6, 14, 9, 8, 16, 3, 18, 2, 4, 13, 18, 19, 5, 7, 8, 1, 13, 13, 6, 11, 8, 18, 11, 2, 16, 6, 15, 15, 15, 14, 5, 17, 4, 8, 17, 9, 6, 4, 10, 6, 19, 7, 10, 2, 1, 2, 19, 6, 14, 19, 17, 5, 7, 2, 4, 18, 17, 9, 13, 10, 17, 10, 14, 1, 17, 15, 2, 20, 16, 18, 5, 3, 3, 16, 15, 19, 7, 1, 18, 19, 19, 5, 3, 16, 5, 6, 5, 7, 2, 20, 20, 1, 1, 16, 15, 17, 12, 15, 18, 3, 19, 5, 20, 18, 5, 4, 8, 12, 5, 3, 16, 19, 19, 3, 3, 18, 18, 3, 20, 20, 2, 20, 3, 20, 15, 20, 2, 20]
bestever    2084    in generation 541
[9, 4, 13, 10, 11, 12, 4, 15, 9, 10, 9, 10, 11, 9, 7, 2, 15, 7, 12, 10, 11, 17, 12, 14, 16, 9, 1, 11, 8, 13, 17, 13, 10, 11, 12, 17, 9, 14, 10, 11, 7, 13, 14, 6, 16, 12, 11, 12, 8, 1, 11, 12, 13, 8, 4, 14, 14, 12, 4, 8, 16, 7, 13, 9, 8, 1, 4, 14, 7, 6, 1, 6, 6, 14, 9, 8, 16, 3, 18, 2, 4, 13, 18, 19, 5, 7, 8, 1, 13, 13, 6, 11, 8, 18, 11, 2, 16, 6, 15, 15, 15, 14, 5, 1, 4, 8, 17, 9, 6, 4, 10, 6, 19, 7, 10, 2, 17, 2, 19, 6, 14, 19, 17, 5, 7, 2, 4, 18, 17, 9, 13, 10, 17, 10, 14, 1, 17, 15, 2, 20, 16, 18, 5, 3, 3, 16, 15, 19, 7, 1, 18, 19, 19, 5, 3, 16, 5, 6, 5, 7, 2, 20, 20, 1, 1, 16, 15, 17, 12, 15, 18, 3, 19, 5, 20, 18, 5, 4, 8, 12, 5, 3, 16, 19, 19, 3, 3, 18, 18, 3, 20, 20, 2, 20, 3, 20, 15, 20, 2, 20]
bestever    2076    in generation 718
[9, 4, 13, 10, 11, 12, 4, 15, 9, 10, 9, 10, 11, 9, 7, 2, 15, 7, 12, 10, 11, 17, 12, 14, 16, 9, 1, 11, 8, 13, 17, 13, 10, 11, 12, 17, 9, 14, 10, 11, 7, 13, 14, 6, 16, 12, 11, 12, 8, 1, 11, 12, 13, 8, 4, 14, 14, 12, 4, 8, 16, 7, 13, 9, 8, 1, 4, 1, 7, 6, 1, 6, 6, 14, 9, 8, 16, 3, 18, 2, 4, 13, 18, 19, 5, 7, 8, 14, 13, 13, 6, 11, 8, 18, 11, 2, 16, 6, 15, 15, 15, 14, 5, 1, 4, 8, 17, 9, 6, 4, 10, 6, 19, 7, 10, 2, 17, 2, 19, 6, 14, 19, 17, 5, 7, 2, 4, 19, 18, 17, 9, 13, 10, 17, 10, 14, 1, 17, 15, 2, 20, 16, 18, 5, 3, 3, 16, 15, 19, 7, 1, 18, 19, 5, 16, 5, 6, 5, 7, 2, 20, 20, 1, 1, 16, 15, 17, 12, 15, 18, 19, 5, 20, 18, 3, 3, 5, 4, 8, 12, 5, 3, 16, 19, 19, 3, 3, 18, 18, 3, 20, 20, 2, 20, 3, 20, 15, 20, 2, 20]
bestever    2071    in generation 770
[9, 4, 13, 10, 11, 12, 4, 15, 9, 10, 9, 10, 11, 9, 7, 2, 15, 7, 12, 10, 11, 17, 12, 14, 16, 9, 1, 11, 8, 13, 17, 13, 10, 11, 12, 17, 9, 14, 10, 11, 7, 13, 14, 6, 16, 12, 11, 12, 8, 1, 11, 12, 13, 8, 4, 14, 14, 12, 4, 8, 16, 7, 13, 9, 8, 1, 4, 1, 7, 6, 1, 6, 6, 14, 9, 8, 16, 3, 18, 2, 4, 13, 17, 19, 5, 7, 8, 14, 13, 13, 6, 11, 8, 18, 11, 2, 16, 6, 15, 15, 15, 14, 5, 1, 4, 8, 17, 9, 6, 4, 10, 6, 19, 7, 10, 2, 17, 2, 19, 6, 14, 19, 17, 5, 7, 2, 4, 19, 18, 17, 9, 13, 10, 17, 10, 14, 1, 17, 15, 2, 16, 18, 5, 3, 3, 16, 15, 19, 7, 1, 18, 19, 5, 16, 5, 6, 5, 7, 1, 1, 16, 15, 18, 12, 15, 18, 19, 20, 20, 2, 20, 5, 20, 18, 3, 3, 5, 4, 8, 12, 5, 3, 16, 19, 19, 3, 3, 18, 18, 3, 20, 20, 2, 20, 3, 20, 15, 20, 2, 20]
bestever    2068    in generation 787
[9, 4, 13, 10, 11, 12, 4, 15, 9, 10, 9, 10, 11, 9, 7, 2, 15, 7, 12, 10, 11, 17, 12, 14, 16, 9, 1, 11, 8, 13, 17, 13, 10, 11, 12, 17, 9, 14, 10, 11, 7, 13, 14, 6, 16, 12, 11, 12, 8, 1, 11, 12, 13, 8, 4, 14, 14, 12, 4, 8, 16, 7, 13, 9, 8, 1, 4, 1, 7, 6, 1, 6, 6, 14, 9, 8, 16, 3, 18, 2, 4, 13, 5, 19, 5, 7, 8, 14, 13, 13, 6, 11, 8, 18, 11, 2, 16, 6, 15, 15, 15, 14, 17, 1, 4, 8, 17, 9, 6, 4, 10, 6, 19, 7, 10, 2, 17, 2, 19, 6, 14, 19, 17, 5, 7, 2, 4, 19, 18, 17, 9, 13, 10, 17, 10, 14, 1, 17, 15, 2, 16, 18, 5, 3, 3, 16, 15, 19, 7, 1, 18, 19, 5, 16, 5, 6, 5, 7, 1, 1, 16, 15, 18, 12, 15, 18, 19, 20, 20, 2, 20, 5, 20, 18, 3, 3, 5, 4, 8, 12, 5, 3, 16, 19, 19, 3, 3, 18, 18, 3, 20, 20, 2, 20, 3, 20, 15, 20, 2, 20]
bestever    2066    in generation 870
[9, 4, 13, 10, 11, 12, 4, 15, 9, 10, 9, 10, 11, 9, 7, 2, 15, 7, 12, 10, 11, 17, 12, 14, 16, 9, 1, 11, 8, 13, 17, 13, 10, 11, 12, 17, 9, 14, 10, 11, 7, 13, 14, 6, 16, 12, 11, 12, 8, 1, 11, 12, 13, 8, 4, 14, 14, 12, 4, 8, 16, 7, 13, 9, 8, 1, 4, 1, 7, 6, 1, 6, 6, 14, 9, 8, 16, 3, 18, 2, 4, 13, 5, 19, 5, 7, 8, 14, 13, 13, 6, 11, 8, 18, 11, 2, 16, 6, 15, 15, 15, 14, 17, 1, 4, 8, 17, 9, 6, 4, 10, 6, 19, 7, 10, 2, 17, 7, 19, 6, 14, 19, 17, 5, 7, 2, 4, 19, 18, 17, 9, 13, 10, 17, 10, 14, 1, 17, 15, 2, 16, 18, 5, 3, 3, 16, 15, 19, 2, 1, 18, 19, 5, 16, 5, 6, 5, 7, 1, 1, 16, 15, 18, 12, 15, 18, 19, 20, 20, 2, 20, 5, 20, 18, 3, 3, 5, 4, 8, 12, 5, 3, 16, 19, 19, 3, 3, 18, 18, 3, 20, 20, 2, 20, 3, 20, 15, 20, 2, 20]
bestever    2061    in generation 880
[9, 4, 13, 10, 11, 12, 4, 15, 9, 10, 9, 10, 11, 9, 7, 2, 15, 7, 12, 10, 11, 17, 12, 14, 16, 9, 1, 11, 8, 13, 17, 13, 10, 11, 12, 17, 9, 14, 10, 11, 7, 13, 14, 6, 16, 12, 11, 12, 8, 1, 11, 12, 13, 8, 4, 14, 14, 12, 4, 8, 16, 7, 13, 9, 8, 1, 4, 1, 7, 6, 1, 6, 6, 2, 9, 8, 16, 3, 18, 14, 4, 13, 5, 19, 5, 7, 8, 14, 13, 13, 6, 11, 8, 18, 11, 2, 16, 6, 15, 15, 15, 14, 17, 1, 4, 8, 17, 9, 6, 4, 10, 6, 19, 7, 10, 2, 17, 7, 19, 6, 14, 19, 17, 5, 7, 2, 4, 19, 18, 17, 9, 13, 10, 17, 10, 14, 1, 17, 15, 2, 16, 18, 5, 3, 3, 16, 15, 19, 2, 1, 18, 19, 5, 16, 5, 6, 5, 7, 1, 1, 16, 15, 18, 12, 15, 18, 19, 20, 20, 2, 20, 5, 20, 18, 3, 3, 5, 4, 8, 12, 5, 3, 16, 19, 19, 3, 3, 18, 18, 3, 20, 20, 2, 20, 3, 20, 15, 20, 2, 20]
bestever    2055    in generation 913
[9, 4, 13, 10, 11, 12, 4, 15, 9, 10, 9, 10, 11, 9, 7, 2, 15, 7, 12, 10, 11, 17, 12, 14, 16, 9, 1, 11, 8, 13, 17, 13, 10, 11, 12, 17, 9, 14, 10, 11, 7, 13, 14, 6, 16, 12, 11, 12, 8, 1, 11, 12, 13, 8, 4, 14, 14, 12, 4, 8, 16, 7, 13, 9, 8, 1, 4, 1, 7, 6, 1, 6, 6, 2, 9, 8, 16, 3, 18, 14, 4, 13, 5, 19, 5, 7, 8, 14, 13, 13, 6, 11, 8, 18, 11, 2, 16, 6, 15, 15, 15, 14, 17, 1, 4, 8, 17, 9, 6, 4, 10, 6, 19, 7, 10, 2, 17, 7, 19, 6, 14, 19, 17, 5, 7, 2, 5, 19, 18, 17, 9, 13, 10, 17, 10, 14, 1, 17, 15, 2, 16, 18, 5, 3, 3, 16, 15, 19, 2, 1, 18, 19, 5, 16, 4, 6, 5, 7, 1, 1, 16, 15, 18, 12, 15, 18, 19, 20, 20, 2, 20, 5, 20, 18, 3, 3, 5, 4, 8, 12, 5, 3, 16, 19, 19, 3, 3, 18, 18, 3, 20, 20, 2, 20, 3, 20, 15, 20, 2, 20]
bestever    2050    in generation 1027
[9, 4, 13, 10, 10, 11, 12, 4, 15, 9, 10, 9, 10, 11, 9, 7, 2, 15, 7, 12, 10, 11, 17, 12, 14, 16, 9, 1, 11, 8, 13, 17, 13, 10, 11, 12, 17, 9, 14, 10, 11, 7, 13, 14, 6, 16, 12, 11, 12, 8, 1, 11, 12, 13, 8, 4, 14, 14, 12, 4, 8, 16, 7, 13, 9, 8, 1, 4, 1, 7, 6, 1, 6, 6, 2, 9, 8, 16, 3, 18, 14, 4, 13, 5, 19, 5, 7, 8, 14, 13, 13, 6, 11, 8, 18, 11, 2, 16, 6, 15, 15, 15, 14, 17, 1, 4, 8, 17, 9, 6, 4, 6, 19, 7, 10, 2, 17, 7, 19, 6, 14, 19, 17, 5, 7, 2, 5, 19, 18, 17, 9, 13, 10, 17, 10, 14, 1, 17, 15, 2, 16, 18, 5, 3, 3, 16, 15, 19, 2, 1, 18, 19, 5, 16, 4, 6, 5, 7, 1, 1, 16, 15, 18, 12, 15, 18, 19, 2, 20, 20, 20, 5, 20, 5, 4, 8, 12, 3, 3, 18, 5, 3, 16, 19, 19, 3, 3, 18, 18, 3, 20, 20, 2, 20, 3, 20, 15, 20, 2, 20]
bestever    2043    in generation 1067
[9, 4, 13, 10, 10, 11, 12, 4, 15, 9, 10, 9, 10, 11, 9, 7, 2, 15, 7, 12, 10, 11, 17, 12, 14, 16, 9, 1, 11, 8, 13, 17, 13, 10, 11, 12, 17, 9, 14, 10, 11, 7, 13, 14, 6, 9, 12, 11, 12, 8, 1, 11, 12, 13, 8, 4, 14, 14, 12, 4, 8, 16, 7, 13, 9, 8, 1, 4, 1, 7, 6, 1, 6, 6, 2, 9, 8, 16, 3, 18, 14, 4, 13, 5, 19, 5, 7, 8, 14, 13, 13, 6, 11, 8, 18, 11, 2, 16, 6, 15, 15, 15, 14, 17, 1, 4, 8, 17, 16, 6, 4, 6, 19, 7, 10, 2, 17, 7, 19, 6, 14, 19, 17, 5, 7, 2, 5, 19, 18, 17, 9, 13, 10, 17, 10, 14, 1, 17, 15, 2, 16, 18, 5, 3, 3, 16, 15, 19, 2, 1, 18, 19, 5, 16, 4, 6, 5, 7, 1, 1, 16, 15, 18, 12, 15, 18, 19, 20, 20, 2, 20, 5, 20, 5, 4, 8, 12, 3, 3, 18, 5, 3, 16, 19, 19, 3, 3, 18, 18, 3, 20, 20, 2, 20, 3, 20, 15, 20, 2, 20]
bestever    2042    in generation 1201
[9, 4, 13, 10, 10, 11, 12, 4, 15, 9, 10, 9, 10, 11, 9, 7, 2, 15, 7, 12, 10, 11, 17, 12, 14, 16, 9, 1, 11, 8, 13, 17, 13, 10, 11, 12, 17, 9, 14, 10, 11, 7, 13, 14, 6, 9, 12, 11, 12, 8, 1, 11, 12, 13, 8, 4, 14, 14, 12, 4, 8, 16, 7, 13, 9, 8, 1, 4, 1, 7, 6, 1, 6, 6, 2, 9, 8, 16, 3, 18, 14, 4, 13, 5, 19, 5, 7, 8, 14, 13, 13, 6, 11, 8, 12, 18, 11, 2, 16, 6, 15, 15, 15, 14, 17, 1, 4, 8, 17, 16, 6, 4, 6, 19, 7, 10, 2, 17, 7, 19, 6, 14, 19, 17, 5, 7, 2, 5, 19, 18, 17, 9, 13, 10, 17, 10, 14, 1, 17, 15, 2, 16, 18, 5, 3, 3, 16, 15, 19, 2, 1, 18, 19, 5, 16, 4, 6, 5, 7, 1, 1, 16, 15, 18, 15, 18, 19, 20, 20, 2, 20, 5, 20, 5, 4, 8, 12, 3, 3, 18, 5, 3, 16, 19, 19, 3, 3, 18, 18, 3, 20, 20, 2, 20, 3, 20, 15, 20, 2, 20]
bestever    2038    in generation 1248
[9, 4, 13, 10, 10, 11, 12, 4, 15, 9, 10, 9, 10, 11, 9, 7, 2, 15, 7, 12, 10, 11, 17, 12, 14, 16, 9, 11, 11, 8, 13, 17, 13, 10, 1, 12, 17, 9, 14, 10, 11, 7, 13, 14, 6, 9, 12, 11, 12, 8, 1, 11, 12, 13, 8, 4, 14, 14, 12, 4, 8, 16, 7, 13, 9, 8, 1, 4, 1, 7, 6, 1, 6, 6, 2, 9, 8, 16, 3, 18, 14, 4, 13, 5, 19, 5, 7, 8, 14, 13, 13, 6, 11, 8, 12, 18, 11, 2, 16, 6, 15, 15, 15, 14, 17, 1, 4, 8, 17, 16, 6, 4, 6, 19, 7, 10, 2, 17, 7, 19, 6, 14, 19, 17, 5, 7, 2, 5, 19, 18, 17, 9, 13, 10, 17, 10, 14, 1, 17, 15, 2, 16, 18, 5, 3, 3, 16, 15, 19, 2, 1, 18, 19, 5, 16, 4, 6, 5, 7, 1, 1, 16, 15, 18, 15, 18, 19, 20, 20, 2, 20, 5, 20, 5, 4, 8, 12, 3, 3, 18, 5, 3, 16, 19, 19, 3, 3, 18, 18, 3, 20, 20, 2, 20, 3, 20, 15, 20, 2, 20]
bestever    2034    in generation 1261
[9, 4, 13, 10, 10, 11, 12, 4, 15, 9, 10, 9, 10, 11, 9, 7, 2, 15, 7, 12, 10, 11, 17, 12, 14, 16, 9, 1, 11, 8, 13, 17, 13, 10, 11, 12, 17, 9, 14, 10, 11, 7, 13, 14, 6, 9, 12, 11, 12, 8, 1, 11, 12, 13, 8, 4, 14, 14, 12, 4, 8, 16, 7, 13, 9, 8, 1, 4, 1, 7, 6, 1, 6, 6, 2, 9, 8, 16, 3, 18, 14, 4, 13, 5, 19, 5, 7, 8, 14, 13, 13, 6, 11, 8, 12, 4, 11, 2, 16, 6, 15, 15, 15, 14, 17, 1, 4, 8, 17, 16, 6, 4, 6, 19, 7, 10, 2, 17, 7, 19, 6, 14, 19, 17, 5, 7, 2, 5, 19, 18, 17, 9, 13, 10, 17, 10, 14, 1, 17, 15, 2, 16, 18, 5, 3, 3, 16, 15, 19, 2, 1, 18, 19, 5, 16, 18, 6, 5, 7, 1, 1, 16, 15, 18, 15, 18, 19, 20, 20, 2, 20, 5, 20, 5, 4, 8, 12, 3, 3, 18, 5, 3, 16, 19, 19, 3, 3, 18, 18, 3, 20, 20, 2, 20, 3, 20, 15, 20, 2, 20]
bestever    2033    in generation 1276
[9, 4, 13, 10, 10, 11, 12, 4, 15, 9, 10, 9, 10, 11, 9, 7, 2, 15, 7, 12, 10, 11, 17, 12, 14, 16, 9, 1, 11, 8, 13, 17, 13, 10, 11, 12, 17, 9, 14, 10, 11, 7, 13, 14, 6, 9, 12, 11, 12, 8, 1, 11, 12, 13, 8, 4, 14, 14, 12, 4, 8, 16, 7, 13, 9, 8, 1, 4, 1, 7, 6, 1, 6, 6, 2, 9, 8, 16, 3, 18, 14, 4, 13, 5, 19, 5, 7, 8, 14, 13, 13, 6, 11, 8, 12, 4, 11, 2, 16, 6, 15, 15, 15, 14, 17, 1, 4, 8, 17, 16, 6, 4, 6, 19, 7, 10, 2, 17, 7, 19, 6, 14, 19, 17, 5, 7, 2, 5, 19, 18, 17, 9, 13, 10, 17, 10, 14, 1, 17, 15, 2, 16, 18, 5, 3, 3, 16, 15, 19, 2, 1, 18, 19, 5, 16, 18, 6, 5, 7, 1, 1, 16, 15, 18, 15, 18, 19, 20, 5, 5, 4, 8, 12, 3, 3, 18, 5, 3, 16, 19, 19, 3, 3, 18, 18, 3, 20, 20, 2, 20, 20, 20, 2, 20, 3, 20, 15, 20, 2, 20]
bestever    2021    in generation 1292
[9, 4, 13, 10, 10, 11, 12, 4, 15, 9, 10, 9, 10, 11, 9, 7, 2, 15, 7, 12, 10, 11, 17, 12, 14, 16, 9, 7, 11, 8, 13, 17, 13, 10, 11, 12, 17, 9, 14, 10, 11, 1, 13, 14, 6, 9, 12, 11, 12, 8, 1, 11, 12, 13, 8, 4, 14, 14, 12, 4, 8, 16, 7, 13, 9, 8, 1, 4, 1, 7, 6, 1, 6, 6, 2, 9, 8, 16, 3, 18, 14, 4, 13, 5, 19, 5, 7, 8, 14, 13, 13, 6, 11, 8, 12, 4, 11, 2, 16, 6, 15, 15, 15, 14, 17, 1, 4, 8, 17, 16, 6, 4, 6, 19, 7, 10, 2, 17, 7, 19, 6, 14, 19, 17, 5, 7, 2, 5, 19, 18, 17, 9, 13, 10, 17, 10, 14, 1, 17, 15, 2, 16, 18, 5, 3, 3, 16, 15, 19, 2, 1, 18, 19, 5, 16, 18, 6, 5, 7, 1, 1, 16, 15, 18, 15, 18, 19, 20, 5, 5, 4, 8, 12, 3, 3, 18, 5, 3, 16, 19, 19, 3, 3, 18, 18, 3, 20, 20, 2, 20, 20, 20, 2, 20, 3, 20, 15, 20, 2, 20]
bestever    2019    in generation 1297
[9, 4, 13, 10, 10, 11, 12, 4, 15, 9, 10, 9, 10, 11, 9, 7, 2, 15, 7, 12, 10, 11, 17, 12, 14, 16, 9, 7, 11, 8, 13, 17, 13, 10, 11, 12, 17, 9, 14, 10, 11, 1, 13, 14, 6, 9, 12, 11, 12, 8, 1, 11, 12, 13, 8, 4, 14, 14, 12, 4, 8, 16, 7, 13, 9, 8, 1, 4, 1, 7, 6, 1, 6, 6, 2, 9, 8, 16, 3, 18, 14, 4, 13, 5, 19, 5, 7, 8, 14, 13, 13, 6, 11, 8, 12, 4, 11, 2, 16, 6, 15, 15, 15, 14, 17, 1, 4, 8, 17, 16, 6, 4, 6, 19, 7, 10, 2, 17, 7, 19, 6, 14, 19, 17, 5, 7, 2, 5, 19, 18, 17, 9, 13, 10, 17, 18, 14, 1, 17, 15, 2, 16, 18, 5, 3, 3, 16, 15, 19, 2, 1, 10, 19, 5, 16, 18, 6, 5, 7, 1, 1, 16, 15, 18, 15, 18, 19, 20, 5, 5, 4, 8, 12, 3, 3, 18, 5, 3, 16, 19, 19, 3, 3, 18, 18, 3, 20, 20, 2, 20, 20, 20, 2, 20, 3, 20, 15, 20, 2, 20]
bestever    2007    in generation 1310
[9, 4, 13, 10, 10, 11, 12, 4, 15, 9, 10, 9, 10, 11, 9, 7, 2, 15, 7, 12, 10, 11, 17, 12, 14, 16, 9, 7, 11, 8, 13, 17, 13, 10, 11, 12, 17, 9, 14, 10, 11, 1, 13, 14, 6, 9, 12, 11, 12, 8, 1, 11, 12, 13, 8, 4, 14, 14, 12, 4, 8, 16, 7, 13, 9, 8, 1, 4, 1, 7, 6, 1, 6, 6, 2, 9, 8, 16, 3, 18, 14, 4, 13, 5, 19, 5, 7, 8, 14, 13, 13, 6, 11, 8, 12, 4, 11, 2, 16, 6, 15, 15, 15, 14, 17, 1, 4, 8, 17, 16, 6, 4, 6, 19, 7, 10, 2, 17, 7, 19, 6, 14, 19, 17, 5, 7, 2, 5, 19, 18, 17, 9, 13, 10, 3, 18, 14, 1, 17, 15, 2, 16, 18, 5, 3, 3, 16, 15, 19, 2, 1, 10, 19, 5, 16, 18, 6, 5, 7, 1, 1, 16, 15, 18, 15, 18, 19, 20, 5, 5, 4, 8, 12, 3, 3, 18, 5, 17, 16, 19, 19, 3, 3, 18, 18, 3, 20, 20, 2, 20, 20, 20, 2, 20, 3, 20, 15, 20, 2, 20]
bestever    2006    in generation 1326
[9, 4, 13, 10, 10, 11, 12, 4, 15, 9, 10, 9, 10, 11, 9, 7, 2, 15, 7, 12, 10, 11, 17, 12, 14, 16, 9, 7, 11, 8, 13, 17, 13, 10, 11, 12, 17, 9, 14, 10, 11, 1, 13, 14, 6, 9, 12, 11, 12, 8, 1, 11, 12, 13, 8, 4, 14, 14, 12, 4, 8, 16, 7, 13, 9, 8, 1, 4, 1, 7, 6, 1, 6, 6, 2, 9, 8, 16, 3, 18, 14, 4, 13, 5, 19, 5, 7, 8, 14, 13, 13, 6, 11, 8, 12, 4, 11, 2, 16, 6, 15, 15, 15, 14, 17, 1, 4, 8, 17, 16, 6, 4, 6, 19, 7, 10, 2, 17, 7, 19, 6, 14, 19, 17, 5, 7, 2, 5, 19, 18, 17, 9, 13, 10, 3, 18, 14, 1, 17, 15, 2, 16, 18, 5, 3, 3, 16, 15, 19, 2, 1, 10, 19, 5, 16, 18, 6, 5, 7, 4, 1, 16, 15, 18, 15, 18, 19, 20, 5, 5, 1, 8, 12, 3, 3, 18, 5, 17, 16, 19, 19, 3, 3, 18, 18, 3, 20, 20, 2, 20, 20, 20, 2, 20, 3, 20, 15, 20, 2, 20]
bestever    1997    in generation 1350
[9, 4, 13, 10, 10, 11, 9, 4, 15, 12, 10, 9, 10, 11, 9, 7, 2, 15, 7, 12, 10, 11, 17, 12, 14, 16, 9, 7, 11, 8, 13, 17, 13, 10, 11, 12, 17, 9, 14, 10, 11, 1, 13, 14, 6, 9, 12, 11, 12, 8, 1, 11, 12, 13, 8, 4, 14, 14, 12, 4, 8, 16, 7, 13, 9, 8, 1, 4, 1, 7, 6, 1, 6, 6, 2, 9, 8, 16, 3, 18, 14, 4, 13, 5, 19, 5, 7, 8, 14, 13, 13, 6, 11, 8, 12, 4, 11, 2, 16, 6, 15, 15, 15, 14, 17, 1, 4, 8, 17, 16, 6, 4, 6, 19, 7, 10, 2, 17, 7, 19, 6, 14, 19, 17, 5, 7, 2, 5, 19, 18, 17, 9, 13, 10, 3, 18, 14, 1, 17, 15, 2, 16, 18, 5, 3, 3, 16, 15, 19, 2, 1, 10, 19, 5, 16, 18, 6, 5, 7, 4, 1, 16, 15, 18, 15, 18, 19, 20, 5, 5, 1, 8, 12, 3, 3, 18, 5, 17, 16, 19, 19, 3, 3, 18, 18, 3, 20, 20, 2, 20, 20, 20, 2, 20, 3, 20, 15, 20, 2, 20]
bestever    1983    in generation 1417
[9, 4, 13, 10, 10, 11, 9, 4, 15, 12, 10, 9, 10, 11, 9, 7, 2, 15, 7, 12, 10, 11, 17, 12, 14, 16, 9, 7, 11, 8, 13, 17, 13, 10, 11, 12, 10, 9, 14, 10, 11, 1, 13, 14, 6, 9, 12, 11, 12, 8, 1, 11, 12, 13, 8, 4, 14, 14, 12, 4, 8, 16, 7, 13, 9, 8, 1, 4, 1, 7, 6, 1, 6, 6, 2, 9, 8, 16, 3, 18, 14, 4, 13, 5, 19, 5, 7, 8, 14, 13, 13, 6, 11, 8, 12, 4, 11, 2, 16, 6, 15, 15, 15, 14, 17, 1, 4, 8, 17, 16, 6, 4, 6, 19, 7, 10, 2, 17, 7, 19, 6, 14, 19, 17, 5, 7, 2, 5, 19, 18, 17, 9, 13, 17, 3, 18, 14, 1, 17, 15, 2, 16, 18, 5, 3, 3, 16, 15, 19, 2, 1, 10, 19, 5, 16, 18, 6, 5, 7, 4, 1, 16, 15, 18, 15, 18, 19, 20, 5, 5, 1, 8, 12, 3, 3, 18, 5, 17, 16, 19, 19, 3, 3, 18, 18, 3, 20, 20, 2, 20, 20, 20, 2, 20, 3, 20, 15, 20, 2, 20]
bestever    1976    in generation 1435
[9, 4, 13, 10, 10, 11, 9, 4, 15, 12, 10, 9, 10, 11, 9, 7, 2, 15, 7, 12, 10, 11, 17, 12, 14, 16, 9, 7, 11, 8, 13, 17, 13, 10, 11, 12, 10, 9, 14, 10, 11, 1, 13, 14, 6, 9, 12, 11, 9, 8, 1, 11, 12, 13, 8, 4, 14, 14, 12, 4, 8, 16, 7, 13, 9, 8, 1, 4, 1, 7, 6, 1, 6, 6, 2, 12, 8, 16, 3, 18, 14, 4, 13, 5, 19, 5, 7, 8, 14, 13, 13, 6, 11, 8, 12, 4, 11, 2, 16, 6, 15, 15, 15, 14, 17, 1, 4, 8, 17, 16, 6, 4, 6, 19, 7, 10, 2, 17, 7, 19, 6, 14, 19, 17, 5, 7, 2, 5, 19, 18, 17, 9, 13, 17, 3, 18, 14, 1, 17, 15, 2, 16, 18, 5, 3, 3, 16, 15, 19, 2, 1, 10, 19, 5, 16, 18, 6, 5, 7, 4, 1, 16, 15, 18, 15, 18, 19, 20, 5, 5, 1, 8, 12, 3, 3, 18, 5, 17, 16, 19, 19, 3, 3, 18, 18, 3, 20, 20, 2, 20, 20, 20, 2, 20, 3, 20, 15, 20, 2, 20]
bestever    1955    in generation 1440
[9, 4, 13, 10, 10, 11, 9, 4, 15, 12, 10, 9, 10, 11, 9, 7, 2, 15, 7, 12, 10, 11, 17, 12, 14, 16, 9, 7, 11, 8, 13, 17, 13, 10, 11, 12, 10, 9, 14, 10, 11, 1, 13, 14, 6, 9, 12, 11, 9, 8, 1, 11, 12, 13, 8, 4, 14, 14, 12, 4, 8, 16, 7, 13, 9, 8, 1, 4, 1, 7, 6, 1, 6, 6, 2, 12, 8, 16, 18, 14, 4, 13, 5, 19, 5, 7, 8, 14, 13, 13, 6, 11, 8, 12, 4, 11, 2, 16, 6, 15, 15, 15, 14, 17, 1, 4, 8, 17, 16, 6, 4, 6, 19, 7, 10, 2, 17, 7, 19, 6, 14, 19, 17, 5, 7, 2, 5, 19, 18, 17, 9, 13, 17, 18, 14, 1, 17, 15, 2, 16, 18, 5, 3, 3, 16, 15, 19, 2, 1, 10, 19, 5, 16, 18, 6, 5, 7, 4, 1, 16, 15, 18, 15, 18, 19, 20, 5, 5, 1, 8, 12, 3, 3, 3, 3, 18, 5, 17, 16, 19, 19, 3, 3, 18, 18, 3, 20, 20, 2, 20, 20, 20, 2, 20, 3, 20, 15, 20, 2, 20]
bestever    1948    in generation 1474
[9, 4, 13, 10, 10, 11, 9, 4, 15, 12, 10, 9, 10, 11, 9, 7, 2, 15, 7, 12, 10, 11, 17, 12, 14, 16, 9, 7, 11, 8, 13, 17, 13, 10, 11, 12, 10, 9, 14, 10, 11, 1, 13, 14, 6, 9, 12, 11, 9, 8, 1, 11, 12, 13, 8, 4, 14, 14, 12, 4, 8, 16, 7, 13, 9, 8, 1, 4, 1, 7, 6, 1, 6, 6, 2, 12, 8, 16, 18, 14, 4, 13, 5, 19, 5, 7, 8, 14, 13, 13, 6, 11, 8, 12, 4, 11, 2, 16, 6, 15, 15, 15, 14, 17, 1, 4, 8, 17, 16, 6, 4, 6, 19, 7, 10, 2, 17, 7, 19, 6, 14, 19, 17, 5, 7, 2, 5, 19, 18, 17, 9, 13, 17, 18, 14, 1, 17, 15, 2, 16, 18, 5, 3, 3, 16, 15, 19, 20, 1, 10, 19, 5, 16, 18, 6, 5, 7, 4, 1, 16, 15, 18, 15, 18, 19, 20, 5, 5, 1, 8, 12, 3, 3, 3, 3, 18, 5, 17, 16, 19, 19, 3, 3, 18, 18, 3, 20, 20, 2, 20, 20, 20, 2, 20, 3, 2, 15, 20, 2, 20]
bestever    1945    in generation 1500
[9, 4, 13, 10, 10, 11, 9, 4, 15, 12, 10, 9, 10, 11, 9, 7, 2, 15, 7, 12, 10, 11, 17, 12, 14, 16, 9, 7, 11, 8, 13, 17, 13, 10, 11, 12, 10, 9, 14, 10, 11, 1, 13, 14, 6, 9, 12, 11, 9, 8, 1, 11, 12, 13, 8, 4, 14, 14, 12, 4, 8, 16, 7, 13, 9, 8, 1, 4, 1, 7, 6, 1, 6, 6, 2, 12, 8, 16, 18, 14, 4, 13, 5, 19, 5, 7, 8, 14, 13, 13, 6, 11, 8, 12, 4, 11, 2, 16, 6, 15, 15, 15, 14, 17, 1, 4, 8, 17, 16, 6, 4, 6, 19, 7, 10, 2, 17, 7, 19, 6, 14, 19, 17, 5, 7, 2, 5, 19, 18, 17, 9, 13, 17, 18, 14, 1, 17, 15, 16, 18, 5, 3, 3, 16, 15, 19, 20, 1, 10, 19, 5, 16, 18, 6, 5, 7, 4, 1, 16, 15, 18, 15, 18, 19, 5, 5, 1, 8, 12, 3, 3, 3, 3, 18, 5, 17, 16, 19, 19, 3, 2, 20, 3, 18, 18, 3, 20, 20, 2, 20, 20, 20, 2, 20, 3, 2, 15, 20, 2, 20]
bestever    1943    in generation 1582
[9, 4, 13, 10, 10, 11, 9, 4, 15, 12, 10, 9, 10, 11, 9, 7, 2, 15, 7, 12, 10, 11, 17, 12, 14, 16, 9, 7, 11, 8, 13, 17, 13, 10, 11, 12, 10, 9, 14, 10, 11, 1, 13, 14, 6, 9, 12, 11, 9, 8, 19, 11, 12, 13, 8, 4, 14, 14, 12, 4, 8, 16, 7, 13, 9, 8, 1, 4, 1, 7, 6, 1, 6, 6, 2, 12, 8, 16, 18, 14, 4, 13, 5, 1, 5, 7, 8, 14, 13, 13, 6, 11, 8, 12, 4, 11, 2, 16, 6, 15, 15, 15, 14, 17, 1, 4, 8, 17, 16, 6, 4, 6, 19, 7, 10, 2, 17, 7, 19, 6, 14, 19, 17, 5, 7, 2, 5, 19, 18, 17, 9, 13, 17, 18, 14, 1, 17, 15, 16, 18, 5, 3, 3, 16, 15, 19, 20, 1, 10, 19, 5, 16, 18, 6, 5, 7, 4, 1, 16, 15, 18, 15, 18, 19, 5, 5, 1, 8, 12, 3, 3, 3, 3, 18, 5, 17, 16, 19, 19, 3, 2, 20, 3, 18, 18, 3, 20, 20, 2, 20, 20, 20, 2, 20, 3, 2, 15, 20, 2, 20]
bestever    1941    in generation 1631
[9, 10, 13, 10, 10, 11, 9, 4, 15, 12, 10, 9, 4, 11, 9, 7, 2, 15, 7, 12, 10, 11, 17, 12, 14, 16, 9, 7, 11, 8, 13, 17, 13, 10, 11, 12, 10, 9, 14, 10, 11, 1, 13, 14, 6, 9, 12, 11, 9, 8, 19, 11, 12, 13, 8, 4, 14, 14, 12, 4, 8, 16, 7, 13, 9, 8, 1, 4, 1, 7, 6, 1, 6, 6, 2, 12, 8, 16, 18, 14, 4, 13, 5, 1, 5, 7, 8, 14, 13, 13, 6, 11, 8, 12, 4, 11, 2, 16, 6, 15, 15, 15, 14, 17, 1, 4, 8, 17, 16, 7, 4, 6, 19, 7, 10, 2, 17, 6, 19, 6, 14, 19, 17, 5, 7, 2, 5, 19, 18, 17, 9, 13, 17, 18, 14, 1, 17, 15, 16, 18, 5, 3, 3, 16, 15, 19, 20, 1, 10, 19, 5, 16, 18, 6, 5, 7, 4, 1, 16, 15, 18, 15, 18, 19, 5, 5, 1, 8, 12, 3, 3, 3, 3, 18, 5, 17, 16, 19, 19, 3, 2, 20, 3, 18, 18, 3, 20, 20, 2, 20, 20, 20, 2, 20, 3, 2, 15, 20, 2, 20]
bestever    1940    in generation 1652
[9, 10, 13, 10, 10, 11, 9, 4, 15, 12, 10, 9, 4, 11, 9, 7, 2, 15, 7, 12, 10, 11, 17, 12, 14, 16, 9, 7, 11, 8, 13, 17, 13, 10, 11, 12, 10, 9, 14, 10, 11, 1, 13, 14, 6, 9, 12, 11, 9, 8, 19, 11, 12, 13, 8, 4, 14, 14, 12, 4, 8, 16, 7, 13, 9, 8, 1, 4, 1, 7, 6, 1, 6, 6, 2, 12, 8, 16, 18, 14, 4, 13, 5, 1, 5, 7, 8, 14, 13, 13, 6, 11, 8, 12, 4, 11, 2, 16, 6, 15, 15, 15, 14, 17, 1, 4, 8, 17, 16, 7, 4, 6, 19, 7, 10, 2, 17, 6, 19, 6, 14, 19, 17, 5, 7, 2, 5, 19, 18, 17, 9, 13, 17, 18, 14, 1, 17, 15, 16, 18, 5, 3, 3, 16, 15, 19, 20, 1, 10, 19, 5, 16, 18, 6, 5, 7, 4, 1, 16, 15, 18, 15, 18, 19, 5, 5, 1, 8, 12, 3, 3, 17, 3, 18, 5, 3, 16, 19, 19, 3, 2, 20, 3, 18, 18, 3, 20, 20, 2, 20, 20, 20, 2, 20, 3, 2, 15, 20, 2, 20]
bestever    1920    in generation 1686
[9, 10, 13, 10, 10, 11, 9, 4, 15, 12, 10, 9, 4, 11, 9, 7, 2, 15, 7, 12, 10, 11, 17, 12, 14, 16, 9, 7, 11, 8, 13, 17, 13, 10, 11, 12, 10, 9, 14, 10, 11, 1, 13, 14, 6, 9, 12, 11, 9, 8, 19, 11, 12, 13, 8, 4, 14, 14, 12, 4, 8, 16, 7, 13, 9, 8, 1, 4, 1, 7, 6, 1, 6, 6, 2, 12, 8, 16, 18, 14, 4, 13, 5, 1, 5, 7, 8, 14, 13, 13, 6, 11, 8, 12, 4, 11, 2, 16, 6, 15, 15, 15, 14, 17, 1, 4, 8, 17, 16, 7, 4, 6, 19, 7, 10, 2, 17, 6, 19, 6, 14, 19, 17, 5, 7, 2, 5, 19, 18, 17, 9, 13, 17, 18, 14, 1, 17, 15, 16, 18, 5, 3, 3, 16, 15, 19, 20, 1, 10, 19, 5, 16, 18, 6, 5, 7, 4, 1, 16, 15, 18, 15, 18, 19, 5, 5, 1, 8, 12, 3, 3, 17, 3, 18, 16, 3, 5, 19, 19, 3, 2, 20, 3, 18, 18, 3, 20, 20, 2, 20, 20, 20, 2, 20, 3, 2, 15, 20, 2, 20]
bestever    1913    in generation 1733
[9, 10, 13, 10, 10, 11, 9, 4, 15, 12, 10, 9, 4, 11, 9, 7, 2, 15, 7, 12, 10, 11, 17, 12, 14, 16, 9, 7, 11, 8, 13, 17, 13, 10, 11, 12, 10, 9, 14, 10, 11, 1, 13, 14, 6, 9, 12, 11, 9, 8, 19, 11, 12, 13, 8, 4, 14, 14, 12, 4, 8, 16, 5, 13, 9, 8, 1, 4, 1, 7, 6, 1, 6, 6, 2, 12, 8, 16, 18, 14, 4, 13, 5, 1, 7, 7, 8, 14, 13, 13, 6, 11, 8, 12, 4, 11, 2, 16, 6, 15, 15, 15, 14, 17, 1, 4, 8, 17, 16, 7, 4, 6, 19, 7, 10, 2, 17, 6, 19, 6, 14, 19, 17, 5, 7, 2, 5, 19, 18, 17, 9, 13, 17, 18, 14, 1, 17, 15, 16, 18, 5, 3, 3, 16, 15, 19, 20, 1, 10, 19, 5, 16, 18, 6, 5, 7, 4, 1, 16, 15, 18, 15, 18, 19, 5, 5, 1, 8, 12, 3, 3, 17, 3, 18, 16, 3, 5, 19, 19, 3, 2, 20, 3, 18, 18, 3, 20, 20, 2, 20, 20, 20, 2, 20, 3, 2, 15, 20, 2, 20]
bestever    1909    in generation 1755
[9, 10, 13, 10, 10, 11, 9, 4, 15, 12, 10, 9, 4, 11, 9, 7, 2, 15, 7, 12, 10, 11, 17, 12, 14, 16, 9, 7, 11, 8, 13, 17, 13, 10, 11, 12, 10, 9, 14, 10, 11, 1, 13, 14, 6, 9, 12, 11, 9, 8, 19, 11, 12, 13, 8, 4, 14, 14, 12, 4, 8, 16, 5, 13, 9, 8, 1, 4, 1, 7, 6, 1, 6, 6, 12, 8, 16, 18, 14, 4, 13, 5, 1, 7, 7, 8, 14, 13, 13, 6, 11, 8, 12, 4, 11, 2, 16, 6, 15, 15, 15, 14, 17, 1, 4, 8, 17, 16, 7, 4, 6, 19, 7, 10, 2, 17, 6, 19, 6, 14, 19, 17, 5, 7, 2, 5, 19, 18, 17, 9, 13, 17, 18, 14, 1, 17, 15, 16, 18, 5, 3, 3, 16, 15, 19, 20, 1, 10, 19, 5, 16, 18, 6, 5, 7, 4, 1, 16, 15, 18, 15, 18, 19, 5, 5, 1, 8, 12, 17, 3, 18, 3, 3, 2, 16, 3, 5, 19, 19, 3, 2, 20, 3, 18, 18, 3, 20, 20, 2, 20, 20, 20, 2, 20, 3, 2, 15, 20, 2, 20]
bestever    1908    in generation 1806
[9, 10, 13, 10, 10, 11, 9, 4, 15, 12, 10, 9, 4, 11, 9, 7, 2, 15, 7, 12, 10, 11, 17, 12, 14, 16, 9, 7, 11, 8, 13, 17, 13, 10, 11, 12, 10, 9, 14, 10, 11, 1, 13, 14, 6, 9, 12, 11, 9, 8, 19, 11, 12, 13, 8, 4, 14, 14, 12, 4, 8, 16, 5, 13, 9, 8, 1, 4, 1, 7, 6, 1, 6, 6, 12, 8, 16, 18, 14, 4, 13, 5, 1, 7, 7, 8, 14, 13, 13, 6, 11, 8, 12, 4, 11, 2, 16, 6, 15, 15, 15, 7, 17, 1, 4, 8, 17, 16, 7, 4, 6, 19, 7, 10, 2, 17, 6, 19, 6, 14, 19, 17, 5, 7, 2, 5, 19, 18, 17, 9, 13, 17, 18, 14, 1, 17, 15, 16, 18, 5, 3, 3, 16, 15, 19, 20, 1, 10, 19, 5, 16, 18, 6, 5, 14, 4, 1, 16, 15, 18, 15, 18, 19, 5, 5, 1, 8, 12, 17, 3, 18, 3, 3, 2, 16, 3, 5, 19, 19, 3, 2, 20, 3, 18, 18, 3, 20, 20, 2, 20, 20, 20, 2, 20, 3, 2, 15, 20, 2, 20]
bestever    1895    in generation 1953
[9, 10, 13, 10, 10, 11, 9, 4, 15, 12, 10, 9, 4, 11, 9, 7, 15, 7, 12, 10, 11, 17, 12, 14, 16, 9, 7, 11, 8, 13, 17, 13, 10, 11, 12, 10, 9, 14, 10, 11, 1, 13, 14, 6, 9, 12, 11, 9, 8, 19, 11, 12, 13, 8, 4, 14, 14, 12, 4, 8, 16, 5, 13, 9, 8, 1, 4, 1, 7, 6, 1, 6, 6, 12, 8, 16, 18, 14, 4, 2, 20, 13, 5, 1, 7, 7, 8, 14, 13, 13, 6, 11, 8, 12, 4, 11, 2, 16, 6, 15, 15, 15, 7, 17, 1, 4, 8, 17, 16, 7, 4, 6, 19, 7, 10, 2, 17, 6, 19, 6, 14, 19, 17, 5, 7, 2, 5, 19, 18, 17, 9, 13, 17, 18, 14, 1, 17, 15, 16, 18, 5, 3, 3, 16, 15, 19, 20, 1, 10, 19, 5, 16, 18, 6, 5, 17, 14, 4, 1, 16, 15, 18, 15, 18, 19, 5, 5, 1, 8, 12, 3, 18, 3, 3, 2, 16, 3, 5, 19, 19, 3, 2, 20, 3, 18, 18, 3, 20, 2, 20, 20, 20, 2, 20, 3, 2, 15, 20, 2, 20]
bestever    1892    in generation 2039
[9, 10, 13, 10, 10, 11, 9, 7, 15, 12, 10, 9, 4, 11, 9, 7, 15, 4, 12, 10, 11, 17, 12, 14, 16, 9, 7, 11, 8, 13, 17, 13, 10, 11, 12, 10, 9, 14, 10, 11, 1, 13, 14, 6, 9, 12, 11, 9, 8, 19, 11, 12, 13, 8, 4, 14, 14, 12, 4, 8, 16, 5, 13, 9, 8, 1, 4, 1, 7, 6, 1, 6, 6, 12, 8, 16, 18, 14, 4, 2, 20, 13, 5, 1, 7, 7, 8, 14, 13, 13, 6, 11, 8, 12, 4, 11, 2, 16, 6, 15, 15, 15, 7, 17, 1, 4, 8, 17, 16, 7, 4, 6, 19, 7, 10, 2, 17, 6, 19, 6, 14, 19, 17, 5, 7, 2, 5, 19, 18, 17, 9, 13, 17, 14, 1, 17, 15, 16, 5, 3, 3, 16, 20, 1, 10, 19, 5, 18, 6, 17, 14, 4, 1, 16, 18, 15, 18, 19, 5, 16, 15, 18, 15, 18, 19, 5, 5, 1, 8, 12, 3, 18, 3, 3, 2, 16, 3, 5, 19, 19, 3, 2, 20, 3, 18, 18, 3, 20, 2, 20, 20, 20, 2, 20, 3, 2, 15, 20, 2, 20]
bestever    1888    in generation 2052
[9, 10, 13, 10, 10, 11, 9, 7, 15, 12, 10, 9, 4, 11, 9, 7, 15, 4, 12, 10, 11, 17, 12, 14, 16, 9, 7, 11, 8, 13, 17, 13, 10, 11, 12, 10, 9, 14, 10, 11, 1, 13, 14, 6, 9, 12, 11, 9, 8, 19, 11, 12, 13, 8, 4, 14, 14, 12, 4, 8, 2, 5, 13, 9, 8, 1, 4, 1, 7, 6, 1, 6, 6, 12, 8, 16, 18, 14, 4, 16, 20, 13, 5, 1, 7, 7, 8, 14, 13, 13, 6, 11, 8, 12, 4, 11, 2, 16, 6, 15, 15, 15, 7, 17, 1, 4, 8, 17, 16, 7, 4, 6, 19, 7, 10, 2, 17, 6, 19, 6, 14, 19, 17, 5, 7, 2, 5, 19, 18, 17, 9, 13, 17, 14, 1, 17, 15, 16, 5, 3, 3, 16, 20, 1, 10, 19, 5, 18, 6, 17, 14, 4, 1, 16, 18, 15, 18, 19, 5, 16, 15, 18, 15, 18, 19, 5, 5, 1, 8, 12, 3, 18, 3, 3, 2, 16, 3, 5, 19, 19, 3, 2, 20, 3, 18, 18, 3, 20, 2, 20, 20, 20, 2, 20, 3, 2, 15, 20, 2, 20]
bestever    1883    in generation 2064
[9, 10, 13, 10, 10, 11, 9, 7, 15, 12, 10, 9, 10, 11, 9, 7, 15, 4, 12, 10, 11, 17, 12, 14, 16, 9, 7, 11, 8, 13, 17, 13, 10, 11, 12, 10, 9, 14, 4, 11, 1, 13, 14, 6, 9, 12, 11, 9, 8, 19, 11, 12, 13, 8, 4, 14, 14, 12, 4, 8, 2, 5, 13, 9, 8, 1, 4, 1, 7, 6, 1, 6, 6, 12, 8, 16, 18, 14, 4, 16, 20, 13, 5, 1, 7, 7, 8, 14, 13, 13, 6, 11, 8, 12, 4, 11, 2, 16, 6, 15, 15, 15, 7, 17, 1, 4, 8, 17, 16, 7, 4, 6, 19, 7, 10, 2, 17, 6, 19, 6, 14, 19, 17, 5, 7, 2, 5, 19, 18, 17, 9, 13, 17, 14, 1, 17, 15, 16, 5, 3, 3, 16, 20, 1, 10, 19, 5, 18, 6, 17, 14, 4, 1, 16, 18, 15, 18, 19, 5, 16, 15, 18, 15, 18, 19, 5, 5, 1, 8, 12, 3, 18, 3, 3, 2, 16, 3, 5, 19, 19, 3, 2, 20, 3, 18, 18, 3, 20, 2, 20, 20, 20, 2, 20, 3, 2, 15, 20, 2, 20]
bestever    1880    in generation 2257
[9, 10, 13, 10, 10, 11, 9, 7, 15, 12, 10, 9, 10, 11, 9, 7, 15, 4, 12, 10, 11, 17, 12, 14, 16, 9, 7, 11, 8, 13, 17, 13, 10, 11, 12, 10, 9, 14, 4, 11, 1, 13, 14, 6, 9, 12, 11, 9, 8, 19, 11, 12, 13, 8, 4, 14, 14, 12, 4, 8, 2, 5, 13, 9, 8, 1, 4, 1, 7, 6, 1, 6, 6, 12, 8, 16, 18, 14, 4, 16, 13, 5, 1, 7, 7, 8, 14, 13, 13, 6, 11, 8, 12, 4, 11, 2, 16, 6, 15, 15, 15, 7, 17, 1, 4, 8, 17, 16, 7, 4, 6, 19, 7, 10, 17, 6, 19, 6, 14, 19, 17, 5, 7, 5, 19, 18, 17, 9, 13, 17, 14, 1, 17, 15, 16, 5, 3, 3, 16, 1, 10, 19, 5, 18, 6, 17, 14, 4, 1, 16, 18, 15, 18, 19, 5, 16, 15, 18, 15, 18, 19, 5, 5, 1, 8, 12, 15, 18, 3, 2, 3, 2, 16, 3, 5, 19, 19, 3, 2, 18, 18, 3, 2, 20, 20, 20, 3, 20, 20, 20, 2, 20, 2, 20, 3, 2, 3, 20, 2, 20]
bestever    1879    in generation 2367
[9, 10, 13, 10, 10, 11, 9, 7, 15, 12, 10, 9, 10, 11, 9, 7, 15, 4, 12, 10, 11, 17, 12, 14, 16, 9, 7, 11, 8, 13, 17, 13, 10, 11, 12, 10, 9, 14, 4, 11, 1, 13, 14, 6, 9, 12, 11, 9, 8, 19, 11, 12, 13, 8, 4, 14, 14, 12, 4, 8, 2, 5, 13, 9, 8, 1, 4, 1, 7, 6, 1, 6, 6, 12, 8, 16, 18, 14, 4, 16, 13, 5, 1, 7, 7, 8, 14, 13, 13, 6, 11, 8, 12, 4, 11, 2, 16, 6, 15, 15, 15, 7, 17, 1, 4, 8, 17, 16, 7, 4, 6, 19, 7, 10, 17, 6, 19, 6, 14, 19, 17, 5, 7, 5, 19, 18, 12, 9, 13, 17, 14, 1, 17, 15, 16, 5, 3, 3, 16, 1, 10, 19, 5, 18, 6, 17, 14, 4, 1, 16, 18, 15, 18, 19, 5, 16, 15, 18, 15, 18, 19, 5, 5, 1, 8, 17, 15, 18, 3, 2, 3, 2, 16, 3, 5, 19, 19, 3, 2, 18, 18, 3, 2, 20, 20, 20, 3, 20, 20, 20, 2, 20, 2, 20, 3, 2, 3, 20, 2, 20]
bestever    1878    in generation 2397
[9, 10, 13, 10, 10, 11, 9, 7, 15, 12, 10, 9, 10, 11, 9, 7, 15, 4, 12, 10, 11, 17, 12, 14, 16, 9, 7, 11, 8, 13, 17, 13, 10, 11, 12, 10, 9, 14, 4, 11, 1, 13, 14, 6, 9, 12, 11, 9, 8, 19, 11, 12, 13, 8, 4, 14, 14, 12, 4, 8, 2, 5, 13, 9, 8, 1, 4, 1, 7, 6, 1, 6, 6, 12, 8, 16, 18, 14, 4, 16, 13, 5, 1, 7, 7, 8, 14, 13, 13, 6, 11, 8, 12, 4, 2, 11, 16, 6, 15, 15, 15, 7, 17, 1, 4, 8, 17, 16, 7, 4, 6, 19, 7, 10, 17, 6, 19, 6, 14, 19, 17, 5, 7, 5, 19, 18, 12, 9, 13, 10, 14, 1, 17, 15, 16, 5, 3, 3, 16, 1, 17, 19, 5, 18, 6, 17, 14, 4, 1, 16, 18, 15, 18, 19, 5, 16, 15, 18, 15, 18, 19, 5, 5, 1, 8, 17, 15, 18, 3, 2, 3, 2, 16, 3, 5, 19, 19, 3, 2, 18, 18, 3, 2, 20, 20, 20, 3, 20, 20, 20, 2, 20, 2, 20, 3, 2, 3, 20, 2, 20]
bestever    1871    in generation 2398
[9, 10, 13, 10, 10, 11, 9, 7, 15, 12, 10, 9, 10, 11, 9, 7, 15, 4, 12, 10, 11, 17, 12, 14, 16, 9, 7, 11, 8, 13, 17, 13, 10, 11, 12, 10, 9, 14, 4, 11, 1, 13, 14, 6, 9, 12, 11, 9, 8, 19, 11, 12, 13, 8, 4, 14, 14, 12, 4, 8, 2, 5, 13, 9, 8, 1, 4, 1, 7, 6, 1, 6, 6, 12, 8, 16, 18, 14, 4, 16, 13, 5, 1, 7, 7, 8, 14, 13, 13, 6, 11, 8, 12, 4, 2, 11, 16, 6, 15, 15, 15, 7, 20, 1, 4, 8, 17, 16, 7, 4, 6, 19, 7, 10, 17, 6, 19, 6, 14, 19, 17, 5, 7, 5, 19, 18, 12, 9, 13, 17, 14, 1, 17, 15, 16, 5, 3, 3, 16, 1, 10, 19, 5, 18, 6, 17, 14, 4, 1, 16, 18, 15, 18, 19, 5, 16, 15, 18, 15, 18, 19, 5, 5, 1, 8, 17, 15, 18, 3, 2, 3, 2, 16, 3, 5, 19, 19, 3, 2, 18, 18, 3, 2, 20, 20, 17, 3, 20, 20, 20, 2, 20, 2, 20, 3, 2, 3, 20, 2, 20]
bestever    1863    in generation 2441
[9, 10, 13, 10, 10, 11, 9, 7, 15, 12, 10, 9, 10, 11, 9, 7, 15, 4, 12, 10, 11, 17, 12, 14, 16, 9, 7, 11, 8, 13, 17, 13, 10, 11, 12, 10, 9, 14, 4, 11, 1, 13, 14, 6, 9, 12, 11, 9, 8, 19, 11, 12, 13, 8, 4, 14, 14, 12, 4, 8, 2, 5, 13, 9, 8, 1, 4, 1, 7, 6, 1, 6, 6, 12, 8, 16, 18, 14, 4, 16, 13, 5, 1, 7, 7, 8, 14, 13, 13, 6, 11, 8, 12, 4, 11, 16, 6, 15, 15, 15, 7, 20, 1, 4, 8, 17, 16, 7, 4, 6, 19, 7, 10, 17, 6, 19, 6, 14, 19, 17, 5, 7, 5, 19, 18, 12, 9, 13, 17, 14, 1, 17, 15, 16, 5, 3, 3, 16, 1, 10, 19, 5, 18, 6, 17, 14, 4, 1, 16, 18, 15, 18, 19, 5, 16, 15, 18, 15, 18, 19, 5, 5, 1, 8, 17, 15, 18, 3, 2, 3, 2, 16, 3, 5, 19, 19, 3, 2, 18, 18, 3, 2, 20, 17, 3, 20, 20, 20, 2, 20, 2, 20, 3, 2, 3, 20, 2, 20, 2, 20]
bestever    1858    in generation 2460
[9, 10, 13, 10, 10, 11, 9, 7, 15, 12, 10, 9, 10, 11, 9, 7, 15, 4, 12, 10, 11, 17, 12, 14, 16, 9, 7, 11, 8, 13, 17, 13, 10, 11, 12, 10, 9, 14, 4, 11, 1, 13, 14, 6, 9, 12, 11, 9, 8, 19, 11, 12, 13, 8, 4, 14, 14, 12, 4, 8, 2, 5, 13, 9, 8, 1, 4, 1, 7, 6, 1, 6, 6, 12, 8, 16, 18, 14, 4, 16, 13, 5, 1, 7, 7, 8, 14, 13, 13, 6, 11, 8, 12, 4, 11, 16, 6, 15, 15, 15, 7, 20, 1, 4, 8, 17, 16, 7, 4, 6, 19, 7, 10, 17, 6, 19, 6, 14, 19, 17, 5, 7, 5, 19, 18, 12, 9, 13, 17, 14, 1, 17, 15, 16, 5, 3, 3, 16, 1, 10, 19, 5, 18, 6, 17, 14, 4, 1, 16, 18, 15, 18, 19, 5, 16, 15, 18, 15, 18, 19, 5, 5, 1, 8, 17, 15, 18, 3, 2, 3, 2, 16, 3, 5, 19, 19, 3, 2, 18, 18, 20, 20, 20, 20, 20, 20, 2, 20, 2, 20, 2, 20, 17, 3, 2, 3, 2, 3, 3, 2]
bestever    1851    in generation 2756
[9, 10, 13, 10, 10, 11, 9, 7, 15, 12, 10, 9, 10, 11, 9, 7, 15, 4, 12, 10, 11, 17, 12, 14, 16, 9, 7, 11, 8, 13, 17, 13, 10, 11, 12, 10, 9, 14, 4, 11, 1, 13, 14, 6, 9, 12, 11, 9, 8, 19, 11, 12, 13, 8, 4, 14, 14, 12, 4, 8, 5, 13, 9, 8, 1, 4, 1, 7, 6, 1, 6, 6, 12, 8, 16, 18, 14, 4, 16, 13, 5, 1, 7, 7, 8, 14, 13, 13, 6, 11, 8, 12, 4, 11, 16, 6, 15, 15, 15, 7, 20, 1, 4, 8, 17, 16, 7, 4, 6, 19, 7, 10, 17, 6, 19, 6, 14, 19, 17, 5, 7, 5, 19, 2, 12, 9, 13, 17, 14, 1, 17, 15, 16, 5, 16, 1, 10, 19, 5, 18, 6, 14, 4, 1, 16, 18, 15, 18, 19, 16, 15, 18, 15, 3, 2, 18, 19, 5, 17, 5, 5, 1, 8, 17, 15, 18, 3, 18, 3, 2, 16, 3, 5, 19, 19, 3, 2, 18, 18, 20, 20, 20, 20, 20, 20, 2, 20, 2, 20, 2, 20, 17, 3, 2, 3, 2, 3, 3, 3, 2]
bestever    1850    in generation 4781
[9, 10, 13, 10, 10, 11, 7, 9, 7, 15, 12, 9, 11, 10, 9, 10, 11, 9, 7, 15, 4, 12, 10, 11, 17, 11, 12, 14, 16, 9, 7, 8, 13, 17, 13, 10, 11, 12, 10, 9, 14, 4, 11, 1, 13, 14, 6, 12, 9, 8, 19, 11, 12, 4, 13, 8, 14, 14, 16, 12, 4, 8, 5, 13, 12, 8, 1, 4, 20, 1, 7, 8, 6, 1, 6, 6, 9, 12, 18, 14, 4, 16, 13, 8, 11, 1, 3, 7, 9, 11, 14, 13, 13, 6, 5, 8, 12, 4, 16, 14, 2, 15, 15, 15, 7, 13, 4, 8, 17, 16, 7, 4, 6, 19, 7, 10, 17, 6, 19, 2, 6, 6, 19, 17, 5, 7, 5, 19, 1, 17, 14, 1, 17, 15, 16, 5, 16, 1, 10, 19, 2, 1, 8, 5, 18, 14, 4, 1, 16, 18, 15, 15, 19, 16, 15, 18, 20, 18, 3, 2, 18, 19, 5, 17, 5, 5, 6, 3, 2, 15, 18, 18, 3, 2, 16, 3, 5, 19, 19, 20, 18, 20, 20, 20, 18, 20, 2, 3, 17, 20, 2, 3, 20, 2, 17, 20, 3, 3, 3, 2]
bestever    1843    in generation 5042
[9, 10, 13, 10, 10, 11, 7, 9, 7, 15, 12, 9, 11, 10, 9, 10, 11, 9, 7, 15, 4, 12, 10, 11, 17, 11, 12, 14, 16, 9, 7, 8, 13, 17, 13, 10, 11, 12, 10, 9, 14, 4, 11, 16, 1, 13, 14, 6, 12, 9, 8, 19, 11, 12, 4, 13, 8, 14, 14, 12, 4, 8, 5, 13, 12, 8, 1, 4, 20, 1, 7, 8, 6, 1, 6, 6, 9, 12, 18, 14, 4, 16, 13, 8, 11, 1, 7, 9, 11, 14, 13, 13, 6, 5, 8, 12, 4, 16, 14, 2, 15, 15, 15, 7, 13, 4, 8, 17, 16, 7, 4, 6, 19, 7, 10, 17, 6, 19, 2, 6, 6, 19, 17, 5, 7, 5, 19, 1, 17, 14, 1, 17, 15, 16, 5, 16, 1, 19, 10, 1, 8, 5, 18, 14, 4, 1, 16, 18, 15, 15, 19, 16, 15, 18, 18, 17, 3, 3, 3, 20, 2, 2, 18, 19, 5, 5, 5, 6, 2, 15, 18, 18, 16, 5, 19, 3, 3, 2, 19, 20, 18, 20, 20, 20, 18, 20, 2, 3, 17, 20, 2, 3, 20, 2, 17, 20, 3, 3, 3, 2]
bestever    1842    in generation 5137
[9, 10, 13, 10, 10, 11, 7, 9, 7, 15, 12, 9, 11, 10, 9, 10, 11, 9, 7, 15, 4, 12, 10, 11, 17, 11, 12, 14, 16, 9, 7, 8, 13, 17, 13, 10, 11, 12, 10, 9, 14, 4, 11, 16, 1, 13, 14, 6, 12, 9, 8, 19, 11, 12, 4, 13, 8, 14, 14, 12, 4, 8, 5, 13, 12, 8, 1, 4, 20, 1, 7, 8, 6, 1, 6, 6, 9, 12, 18, 14, 4, 16, 13, 8, 11, 1, 7, 9, 11, 14, 13, 13, 6, 5, 8, 12, 4, 16, 14, 2, 15, 15, 15, 7, 13, 4, 8, 17, 16, 7, 4, 6, 19, 7, 10, 17, 6, 19, 2, 6, 6, 19, 17, 5, 7, 5, 19, 1, 16, 14, 1, 17, 15, 16, 5, 17, 1, 19, 10, 1, 8, 5, 18, 14, 4, 1, 16, 18, 15, 15, 19, 16, 15, 18, 18, 17, 3, 2, 2, 18, 19, 5, 5, 5, 6, 2, 15, 3, 3, 20, 18, 18, 16, 5, 19, 3, 3, 2, 19, 20, 18, 20, 20, 20, 18, 20, 2, 3, 17, 20, 2, 3, 20, 2, 17, 20, 3, 3, 3, 2]
bestever    1836    in generation 5192
[9, 10, 13, 10, 10, 11, 7, 9, 7, 15, 12, 9, 11, 10, 9, 10, 11, 9, 7, 15, 4, 12, 10, 11, 17, 11, 12, 14, 16, 9, 7, 8, 13, 17, 13, 10, 11, 12, 10, 9, 14, 4, 11, 16, 1, 13, 14, 6, 12, 9, 8, 19, 11, 12, 4, 13, 8, 14, 14, 12, 4, 8, 5, 13, 12, 8, 1, 4, 20, 1, 7, 8, 6, 1, 6, 6, 9, 12, 18, 14, 4, 16, 13, 8, 11, 1, 7, 9, 11, 14, 13, 13, 6, 5, 8, 12, 4, 16, 14, 2, 15, 15, 15, 7, 13, 4, 8, 17, 16, 7, 4, 6, 19, 7, 10, 17, 6, 19, 2, 6, 6, 19, 17, 5, 7, 5, 19, 1, 16, 14, 1, 17, 15, 16, 5, 17, 1, 19, 10, 1, 8, 5, 18, 14, 4, 1, 16, 18, 15, 15, 19, 16, 15, 18, 18, 17, 3, 2, 2, 18, 19, 5, 5, 5, 6, 2, 15, 3, 3, 20, 18, 18, 16, 5, 19, 3, 2, 19, 20, 18, 20, 20, 20, 18, 20, 3, 17, 3, 2, 20, 2, 3, 20, 2, 17, 20, 3, 3, 3, 2]
bestever    1826    in generation 5578
[9, 10, 13, 10, 10, 11, 7, 9, 7, 15, 12, 9, 11, 10, 9, 10, 11, 9, 7, 15, 4, 12, 10, 11, 17, 11, 12, 14, 16, 9, 7, 8, 13, 17, 13, 10, 11, 12, 10, 9, 14, 4, 11, 16, 1, 13, 14, 6, 12, 9, 8, 19, 11, 12, 4, 13, 8, 14, 14, 12, 4, 8, 5, 13, 12, 8, 1, 4, 20, 1, 7, 8, 6, 1, 6, 6, 9, 12, 18, 14, 4, 16, 13, 8, 11, 1, 7, 9, 11, 14, 13, 13, 6, 5, 8, 12, 16, 4, 20, 14, 2, 15, 15, 15, 7, 13, 19, 8, 17, 16, 7, 3, 4, 6, 19, 7, 10, 17, 6, 4, 2, 6, 6, 19, 17, 5, 5, 19, 1, 16, 14, 1, 17, 15, 16, 5, 17, 1, 19, 10, 1, 8, 5, 18, 14, 4, 7, 3, 1, 16, 18, 15, 15, 19, 16, 15, 18, 18, 17, 3, 2, 2, 18, 19, 5, 5, 5, 6, 2, 15, 20, 18, 18, 16, 5, 19, 19, 20, 18, 20, 20, 3, 2, 20, 18, 20, 3, 17, 3, 2, 20, 2, 3, 2, 17, 20, 3, 3, 3, 2]
bestever    1824    in generation 5808
[9, 10, 13, 10, 10, 11, 7, 9, 7, 15, 12, 9, 11, 10, 9, 10, 11, 9, 7, 15, 4, 12, 10, 11, 17, 11, 12, 14, 16, 9, 7, 8, 13, 17, 13, 10, 11, 12, 10, 9, 14, 4, 11, 16, 1, 13, 14, 6, 12, 9, 8, 19, 11, 12, 4, 13, 8, 14, 12, 12, 4, 8, 5, 13, 14, 8, 1, 4, 20, 1, 7, 8, 6, 1, 6, 6, 9, 12, 18, 14, 4, 16, 13, 8, 11, 1, 7, 9, 11, 14, 13, 13, 6, 5, 8, 12, 16, 4, 20, 14, 2, 15, 15, 15, 7, 13, 19, 8, 17, 16, 7, 3, 4, 6, 19, 7, 10, 17, 6, 4, 2, 6, 6, 19, 17, 5, 5, 19, 1, 16, 14, 1, 17, 15, 16, 5, 17, 1, 19, 10, 1, 8, 5, 18, 14, 4, 7, 3, 1, 16, 18, 15, 15, 19, 16, 15, 18, 18, 17, 3, 2, 2, 18, 19, 17, 5, 5, 5, 6, 2, 15, 20, 18, 18, 16, 5, 19, 19, 20, 18, 20, 20, 3, 2, 20, 18, 20, 3, 3, 2, 20, 2, 3, 2, 17, 20, 3, 3, 3, 2]
bestever    1817    in generation 5861
[9, 10, 13, 10, 10, 11, 7, 9, 7, 15, 12, 9, 11, 10, 9, 10, 11, 9, 7, 15, 4, 12, 10, 11, 17, 11, 12, 14, 16, 9, 7, 8, 13, 17, 13, 10, 11, 12, 10, 9, 14, 4, 11, 16, 1, 13, 14, 6, 12, 9, 8, 19, 11, 12, 4, 13, 8, 14, 12, 12, 4, 8, 5, 13, 14, 8, 1, 4, 20, 1, 7, 8, 6, 1, 6, 6, 9, 12, 18, 14, 4, 16, 13, 8, 11, 1, 7, 9, 11, 14, 13, 13, 6, 5, 8, 12, 16, 4, 20, 14, 2, 15, 15, 15, 7, 13, 19, 8, 17, 16, 7, 3, 4, 6, 19, 7, 10, 17, 6, 4, 2, 6, 6, 19, 17, 5, 5, 19, 1, 16, 14, 1, 17, 15, 16, 5, 17, 1, 19, 10, 1, 8, 5, 18, 14, 4, 7, 3, 1, 16, 18, 15, 15, 19, 16, 15, 18, 18, 17, 3, 2, 16, 18, 19, 17, 5, 5, 5, 6, 2, 15, 20, 18, 18, 2, 5, 19, 19, 20, 18, 20, 20, 3, 2, 20, 18, 20, 3, 3, 2, 20, 2, 3, 2, 17, 20, 3, 3, 3, 2]
bestever    1812    in generation 5983
[9, 10, 13, 10, 10, 11, 7, 9, 7, 15, 12, 9, 11, 10, 9, 10, 11, 9, 7, 15, 4, 12, 10, 11, 17, 11, 12, 14, 16, 9, 7, 8, 13, 17, 13, 10, 11, 12, 10, 9, 14, 4, 11, 16, 1, 13, 14, 6, 12, 9, 8, 19, 11, 12, 4, 13, 8, 14, 12, 12, 4, 14, 5, 13, 8, 8, 1, 4, 20, 1, 7, 8, 6, 1, 6, 6, 9, 12, 18, 14, 4, 16, 13, 8, 11, 1, 7, 9, 11, 14, 13, 13, 6, 5, 8, 12, 16, 16, 4, 20, 14, 2, 15, 15, 15, 7, 13, 19, 8, 17, 16, 7, 3, 4, 6, 19, 7, 10, 17, 6, 4, 2, 6, 6, 19, 17, 5, 5, 19, 1, 16, 14, 1, 17, 15, 16, 5, 17, 1, 19, 10, 1, 8, 5, 18, 14, 4, 7, 3, 1, 18, 15, 15, 19, 16, 15, 18, 18, 17, 3, 2, 16, 18, 19, 17, 5, 5, 5, 6, 2, 15, 20, 18, 18, 2, 5, 19, 19, 20, 18, 20, 20, 3, 2, 20, 18, 20, 3, 3, 2, 20, 2, 3, 2, 17, 20, 3, 3, 3, 2]
bestever    1802    in generation 6073
[9, 10, 13, 10, 10, 11, 7, 9, 7, 15, 12, 9, 11, 10, 9, 10, 11, 9, 7, 15, 4, 12, 10, 11, 17, 11, 12, 14, 16, 9, 7, 8, 13, 17, 13, 10, 11, 12, 10, 9, 14, 4, 11, 16, 1, 13, 14, 6, 12, 9, 8, 19, 11, 12, 4, 13, 8, 14, 12, 12, 1, 14, 5, 13, 8, 8, 4, 4, 20, 1, 7, 8, 6, 1, 6, 6, 9, 12, 18, 14, 4, 16, 13, 8, 11, 1, 7, 9, 11, 14, 13, 13, 6, 5, 8, 12, 16, 16, 4, 20, 14, 2, 15, 15, 15, 7, 13, 19, 8, 17, 16, 7, 3, 4, 6, 19, 7, 10, 17, 6, 4, 2, 6, 6, 19, 17, 5, 5, 19, 1, 16, 14, 1, 17, 15, 16, 5, 17, 1, 19, 10, 1, 8, 5, 18, 14, 4, 7, 3, 1, 18, 15, 15, 19, 16, 15, 18, 18, 17, 3, 2, 16, 18, 19, 17, 5, 5, 5, 6, 2, 15, 20, 18, 18, 2, 5, 19, 19, 20, 18, 20, 20, 3, 2, 20, 18, 20, 3, 3, 2, 20, 2, 3, 2, 17, 20, 3, 3, 3, 2]
bestever    1798    in generation 6225
[9, 10, 13, 10, 10, 11, 7, 9, 7, 15, 12, 9, 11, 10, 9, 10, 11, 9, 7, 15, 4, 12, 10, 11, 17, 11, 12, 14, 16, 9, 7, 8, 13, 17, 13, 10, 11, 12, 10, 9, 14, 4, 11, 16, 1, 13, 14, 6, 12, 9, 8, 19, 11, 12, 4, 13, 8, 14, 12, 12, 1, 14, 5, 17, 13, 8, 8, 4, 4, 20, 1, 7, 8, 6, 1, 6, 6, 9, 12, 18, 14, 4, 16, 13, 8, 11, 1, 7, 9, 11, 14, 13, 13, 6, 5, 8, 12, 16, 16, 4, 20, 14, 15, 15, 15, 7, 13, 19, 8, 17, 16, 7, 3, 4, 6, 19, 7, 10, 17, 6, 2, 4, 2, 6, 6, 19, 5, 5, 19, 1, 16, 14, 1, 17, 15, 16, 5, 17, 1, 19, 10, 1, 8, 5, 18, 14, 4, 7, 3, 1, 18, 15, 15, 19, 16, 15, 18, 18, 17, 3, 2, 16, 18, 19, 17, 5, 5, 5, 6, 2, 15, 20, 18, 18, 2, 5, 19, 19, 20, 18, 20, 20, 3, 2, 20, 18, 20, 3, 3, 2, 20, 2, 3, 2, 17, 20, 3, 3, 3, 2]
bestever    1797    in generation 6251
[9, 10, 13, 10, 10, 11, 7, 9, 7, 15, 12, 9, 11, 10, 9, 10, 11, 9, 7, 15, 4, 12, 10, 11, 17, 11, 12, 14, 16, 9, 7, 8, 13, 17, 13, 10, 11, 12, 10, 9, 14, 4, 11, 16, 1, 13, 14, 6, 12, 9, 8, 19, 11, 12, 4, 13, 8, 14, 12, 12, 1, 14, 5, 17, 13, 8, 8, 4, 4, 20, 1, 7, 8, 6, 1, 6, 6, 9, 12, 18, 14, 4, 16, 13, 8, 11, 1, 7, 9, 11, 14, 13, 13, 6, 5, 8, 12, 16, 16, 4, 20, 14, 15, 15, 15, 7, 13, 19, 8, 17, 10, 7, 3, 4, 6, 19, 7, 16, 17, 6, 2, 4, 2, 6, 6, 19, 5, 5, 19, 1, 16, 14, 1, 17, 15, 16, 5, 17, 1, 19, 10, 1, 8, 5, 18, 14, 4, 7, 3, 1, 18, 15, 15, 19, 16, 15, 18, 18, 17, 3, 2, 16, 18, 19, 17, 5, 5, 5, 6, 2, 15, 20, 18, 18, 2, 5, 19, 19, 20, 18, 20, 20, 2, 3, 20, 18, 20, 3, 3, 2, 20, 2, 3, 2, 17, 20, 3, 3, 3, 2]
bestever    1793    in generation 7264
[9, 10, 13, 10, 10, 11, 7, 9, 7, 15, 12, 9, 11, 10, 9, 10, 11, 9, 7, 15, 4, 12, 10, 11, 17, 11, 12, 14, 16, 9, 7, 8, 13, 17, 13, 10, 11, 12, 10, 9, 14, 4, 11, 16, 1, 13, 14, 6, 12, 9, 8, 19, 11, 12, 4, 13, 8, 14, 12, 12, 1, 14, 5, 17, 13, 8, 8, 4, 4, 20, 18, 1, 7, 8, 6, 10, 1, 6, 6, 9, 12, 14, 2, 4, 13, 16, 13, 14, 11, 1, 7, 9, 11, 14, 13, 6, 5, 8, 12, 16, 16, 4, 19, 14, 15, 15, 15, 7, 13, 20, 8, 17, 7, 17, 4, 6, 19, 7, 16, 4, 4, 6, 3, 6, 19, 5, 5, 19, 1, 16, 8, 15, 1, 17, 15, 16, 5, 17, 1, 19, 10, 3, 1, 8, 5, 18, 14, 6, 7, 1, 18, 15, 15, 19, 16, 15, 5, 18, 17, 2, 16, 18, 19, 17, 18, 5, 5, 6, 20, 19, 18, 18, 5, 19, 20, 2, 20, 3, 3, 3, 18, 20, 2, 2, 20, 20, 3, 20, 2, 3, 18, 3, 2, 3, 2, 17, 20, 3, 2, 2]
bestever    1788    in generation 7307
[9, 10, 13, 10, 10, 11, 7, 9, 7, 15, 12, 9, 11, 10, 9, 10, 11, 9, 7, 15, 4, 12, 10, 11, 17, 11, 12, 14, 16, 9, 7, 8, 13, 17, 13, 10, 11, 12, 10, 9, 14, 4, 11, 16, 1, 13, 14, 6, 12, 9, 8, 19, 11, 12, 4, 13, 8, 14, 12, 12, 1, 14, 5, 17, 13, 8, 8, 4, 4, 20, 18, 1, 7, 8, 6, 10, 1, 6, 6, 9, 12, 14, 2, 4, 13, 16, 13, 14, 11, 1, 7, 9, 11, 14, 13, 6, 5, 8, 12, 16, 16, 4, 19, 14, 15, 15, 15, 7, 13, 20, 8, 17, 7, 17, 4, 6, 19, 7, 16, 4, 4, 6, 3, 16, 19, 5, 5, 19, 1, 16, 8, 15, 1, 17, 15, 16, 5, 17, 1, 19, 10, 3, 1, 8, 5, 18, 14, 6, 7, 1, 18, 15, 15, 19, 16, 15, 5, 18, 17, 2, 6, 18, 19, 17, 18, 5, 5, 6, 20, 19, 18, 18, 5, 19, 20, 2, 20, 3, 3, 3, 18, 20, 2, 2, 20, 20, 3, 20, 2, 3, 18, 3, 2, 3, 2, 17, 20, 3, 2, 2]
bestever    1787    in generation 8161
[9, 10, 13, 10, 10, 11, 7, 9, 7, 15, 12, 9, 11, 10, 9, 10, 11, 9, 7, 15, 4, 12, 10, 11, 17, 11, 12, 14, 16, 9, 7, 8, 13, 17, 13, 10, 11, 12, 10, 9, 14, 9, 4, 11, 16, 1, 13, 14, 6, 12, 9, 8, 19, 11, 12, 4, 13, 8, 14, 12, 12, 1, 14, 5, 17, 13, 8, 8, 4, 4, 20, 18, 1, 7, 8, 6, 1, 6, 6, 9, 12, 14, 4, 13, 16, 13, 14, 11, 1, 7, 11, 14, 17, 13, 6, 5, 8, 12, 16, 16, 4, 19, 14, 15, 15, 15, 7, 13, 18, 20, 8, 17, 7, 4, 6, 19, 7, 16, 4, 4, 6, 3, 16, 19, 5, 5, 19, 1, 16, 8, 15, 10, 1, 17, 15, 16, 5, 17, 2, 1, 19, 10, 1, 8, 5, 18, 14, 6, 19, 16, 15, 5, 18, 17, 6, 18, 7, 1, 6, 15, 19, 17, 18, 5, 5, 15, 3, 19, 18, 2, 3, 18, 5, 19, 20, 20, 3, 20, 3, 2, 2, 18, 20, 20, 2, 20, 3, 20, 2, 3, 18, 3, 2, 3, 2, 17, 20, 3, 2, 2]
bestever    1784    in generation 8243
[9, 10, 13, 10, 10, 11, 7, 9, 7, 15, 12, 9, 11, 10, 9, 10, 11, 9, 7, 15, 4, 12, 10, 11, 17, 11, 12, 14, 16, 9, 7, 8, 13, 17, 13, 10, 11, 12, 10, 9, 14, 9, 4, 11, 16, 1, 13, 14, 6, 12, 9, 8, 19, 11, 12, 4, 13, 8, 14, 12, 12, 1, 14, 5, 17, 13, 8, 8, 4, 4, 20, 18, 1, 7, 8, 6, 1, 6, 6, 9, 12, 14, 4, 13, 16, 13, 14, 11, 1, 7, 16, 14, 17, 13, 6, 5, 8, 12, 16, 16, 4, 19, 14, 15, 15, 15, 7, 13, 18, 20, 8, 17, 7, 4, 6, 19, 7, 11, 4, 4, 6, 3, 16, 19, 5, 5, 19, 1, 16, 8, 15, 10, 1, 17, 15, 16, 5, 17, 2, 1, 19, 10, 1, 8, 5, 18, 14, 6, 19, 16, 15, 5, 18, 17, 6, 18, 7, 1, 6, 15, 19, 17, 18, 5, 5, 15, 3, 19, 18, 2, 3, 18, 5, 19, 20, 20, 3, 20, 3, 2, 2, 18, 20, 20, 2, 20, 3, 20, 2, 3, 18, 3, 2, 3, 2, 17, 20, 3, 2, 2]
bestever    1781    in generation 8588
[9, 10, 13, 10, 10, 11, 7, 9, 7, 15, 12, 10, 11, 10, 9, 10, 11, 9, 7, 15, 4, 12, 9, 11, 17, 11, 12, 14, 16, 9, 7, 8, 13, 17, 13, 10, 11, 12, 10, 9, 14, 9, 4, 11, 16, 1, 13, 14, 6, 12, 9, 8, 19, 11, 12, 4, 13, 8, 14, 12, 12, 1, 14, 5, 17, 13, 8, 8, 4, 4, 20, 18, 1, 7, 8, 6, 1, 6, 6, 9, 12, 14, 4, 13, 16, 13, 14, 11, 1, 7, 16, 14, 17, 13, 6, 5, 8, 12, 16, 8, 4, 19, 14, 15, 15, 15, 7, 13, 18, 3, 8, 17, 7, 4, 6, 19, 7, 11, 4, 4, 6, 3, 16, 19, 5, 5, 19, 1, 16, 16, 15, 10, 1, 17, 15, 16, 5, 17, 1, 19, 10, 1, 8, 5, 18, 14, 6, 19, 16, 15, 5, 18, 17, 6, 18, 7, 1, 6, 15, 19, 17, 18, 5, 5, 15, 19, 18, 3, 5, 19, 20, 20, 2, 3, 2, 20, 3, 18, 20, 18, 20, 20, 3, 20, 20, 2, 3, 2, 2, 3, 2, 18, 2, 3, 2, 17, 20, 3, 2, 2]
bestever    1780    in generation 8839
[9, 10, 13, 10, 10, 11, 7, 9, 7, 15, 12, 10, 11, 10, 9, 10, 11, 9, 7, 15, 4, 12, 9, 11, 17, 11, 12, 14, 16, 9, 7, 8, 13, 17, 13, 10, 11, 12, 10, 9, 14, 9, 4, 11, 16, 1, 13, 14, 6, 12, 9, 8, 19, 11, 12, 4, 13, 8, 14, 12, 12, 1, 14, 5, 17, 13, 8, 8, 4, 4, 20, 18, 1, 17, 8, 6, 1, 6, 6, 9, 12, 14, 4, 13, 16, 13, 14, 11, 1, 7, 16, 14, 17, 13, 6, 5, 8, 12, 16, 8, 4, 19, 14, 15, 15, 15, 7, 13, 18, 8, 17, 7, 4, 6, 19, 7, 11, 4, 4, 6, 16, 19, 5, 5, 19, 1, 16, 16, 15, 10, 1, 7, 15, 16, 5, 17, 1, 19, 14, 1, 8, 5, 18, 10, 6, 19, 16, 15, 5, 18, 17, 6, 18, 7, 1, 6, 15, 19, 17, 18, 5, 5, 15, 19, 3, 5, 19, 2, 3, 2, 3, 18, 20, 3, 20, 20, 3, 18, 20, 18, 20, 20, 3, 20, 20, 2, 3, 2, 2, 3, 2, 18, 2, 3, 2, 17, 20, 3, 2, 2]
