bestever    3298    in generation 0
[17, 18, 15, 6, 6, 10, 9, 8, 10, 17, 10, 18, 4, 6, 8, 9, 18, 10, 5, 12, 13, 14, 17, 6, 17, 9, 5, 5, 14, 9, 1, 11, 4, 3, 20, 11, 8, 9, 11, 11, 13, 17, 3, 17, 13, 19, 2, 1, 19, 6, 18, 1, 16, 19, 13, 13, 20, 16, 11, 7, 13, 7, 7, 12, 14, 4, 11, 13, 1, 18, 2, 5, 2, 20, 19, 19, 20, 13, 17, 6, 7, 19, 18, 15, 10, 19, 2, 14, 16, 3, 9, 7, 7, 5, 20, 16, 10, 2, 8, 9, 8, 15, 5, 18, 17, 3, 19, 9, 20, 18, 13, 3, 7, 12, 1, 7, 16, 16, 5, 12, 9, 5, 8, 14, 3, 4, 10, 1, 20, 20, 4, 14, 3, 11, 14, 8, 11, 19, 15, 19, 13, 16, 11, 16, 7, 6, 11, 12, 16, 15, 14, 4, 4, 18, 2, 15, 12, 2, 3, 8, 8, 1, 10, 1, 12, 7, 8, 3, 2, 14, 2, 2, 15, 14, 1, 20, 4, 18, 5, 6, 6, 16, 10, 12, 15, 1, 4, 6, 3, 12, 10, 12, 20, 9, 17, 4, 5, 15, 15, 17]
bestever    3232    in generation 3
[16, 12, 14, 19, 13, 13, 10, 15, 14, 20, 2, 16, 7, 2, 4, 14, 1, 14, 6, 1, 14, 5, 6, 1, 8, 2, 11, 10, 20, 2, 12, 4, 2, 7, 12, 12, 18, 20, 10, 5, 13, 11, 18, 18, 20, 5, 13, 10, 5, 3, 10, 12, 6, 4, 8, 14, 1, 10, 18, 1, 5, 1, 10, 13, 19, 4, 15, 19, 17, 18, 2, 10, 17, 4, 3, 17, 8, 5, 2, 8, 9, 16, 6, 15, 9, 15, 20, 19, 13, 7, 3, 16, 19, 3, 7, 11, 14, 13, 1, 8, 20, 13, 3, 16, 19, 4, 15, 12, 19, 3, 11, 7, 16, 5, 6, 12, 9, 9, 20, 11, 16, 17, 18, 20, 2, 7, 10, 11, 17, 8, 4, 5, 6, 3, 17, 12, 5, 8, 5, 14, 2, 8, 9, 6, 16, 6, 15, 9, 15, 14, 20, 19, 13, 7, 3, 15, 16, 2, 4, 17, 4, 9, 4, 11, 7, 6, 15, 19, 1, 13, 9, 3, 12, 17, 20, 12, 10, 18, 11, 3, 19, 16, 8, 11, 15, 9, 1, 6, 8, 18, 17, 11, 18, 14, 18, 17, 7, 9, 7, 1]
bestever    3187    in generation 4
[17, 18, 15, 6, 6, 10, 9, 8, 10, 17, 10, 18, 4, 6, 8, 9, 18, 10, 5, 12, 13, 14, 17, 6, 17, 9, 5, 5, 14, 9, 1, 11, 4, 3, 20, 11, 8, 9, 11, 11, 13, 17, 3, 17, 13, 19, 2, 1, 19, 6, 18, 1, 16, 19, 13, 13, 20, 16, 11, 7, 13, 7, 7, 12, 14, 4, 11, 13, 1, 18, 2, 5, 2, 20, 19, 19, 20, 13, 17, 7, 19, 18, 15, 10, 19, 2, 14, 16, 3, 9, 7, 7, 5, 20, 16, 10, 2, 8, 9, 8, 15, 5, 18, 17, 3, 19, 9, 20, 18, 3, 7, 12, 7, 16, 16, 5, 12, 9, 5, 8, 14, 3, 4, 1, 20, 20, 4, 14, 3, 11, 8, 11, 15, 19, 13, 16, 11, 16, 7, 6, 11, 12, 16, 14, 4, 4, 18, 2, 15, 12, 2, 3, 8, 8, 1, 10, 1, 12, 7, 8, 3, 14, 13, 1, 10, 6, 15, 19, 2, 14, 2, 2, 15, 14, 1, 20, 4, 18, 5, 6, 6, 16, 10, 12, 15, 1, 4, 6, 3, 12, 10, 12, 20, 9, 17, 4, 5, 15, 15, 17]
bestever    3100    in generation 6
[1, 4, 3, 20, 8, 9, 11, 11, 17, 3, 17, 19, 2, 1, 19, 6, 18, 1, 16, 19, 20, 16, 11, 7, 7, 7, 12, 14, 4, 11, 13, 1, 18, 2, 5, 2, 20, 19, 19, 20, 13, 17, 3, 17, 13, 19, 2, 1, 19, 6, 18, 1, 16, 19, 13, 13, 20, 16, 11, 7, 13, 7, 7, 12, 14, 4, 11, 13, 1, 18, 2, 5, 2, 20, 19, 19, 20, 13, 17, 6, 18, 15, 10, 14, 3, 9, 5, 20, 10, 8, 9, 8, 15, 5, 18, 17, 9, 18, 13, 3, 7, 12, 1, 7, 16, 16, 5, 9, 8, 14, 3, 4, 10, 4, 3, 11, 14, 8, 11, 15, 13, 16, 11, 16, 7, 6, 11, 12, 16, 15, 14, 4, 15, 12, 2, 3, 8, 8, 10, 12, 7, 8, 3, 2, 14, 2, 2, 15, 14, 1, 20, 4, 5, 6, 6, 16, 10, 12, 15, 1, 4, 3, 12, 10, 12, 20, 9, 17, 4, 5, 15, 15, 17, 17, 18, 15, 6, 6, 10, 9, 8, 10, 17, 10, 18, 4, 6, 8, 9, 18, 10, 5, 12, 14, 6, 9, 5, 5, 14, 9]
bestever    3073    in generation 10
[17, 10, 18, 9, 18, 5, 13, 17, 17, 9, 9, 11, 11, 9, 11, 11, 13, 17, 13, 19, 2, 19, 18, 19, 13, 13, 11, 7, 13, 11, 18, 19, 19, 17, 5, 5, 17, 9, 20, 5, 9, 5, 8, 20, 20, 4, 14, 3, 14, 8, 19, 17, 12, 12, 6, 4, 17, 6, 4, 1, 17, 6, 10, 10, 9, 12, 1, 20, 13, 17, 6, 7, 13, 18, 15, 10, 19, 2, 16, 9, 7, 7, 20, 16, 10, 2, 8, 9, 8, 15, 18, 19, 20, 18, 13, 3, 7, 12, 1, 7, 16, 16, 5, 12, 5, 14, 3, 10, 1, 20, 20, 4, 14, 3, 14, 8, 19, 15, 19, 13, 16, 11, 16, 7, 6, 11, 12, 16, 15, 14, 4, 4, 18, 2, 15, 12, 2, 3, 8, 8, 1, 1, 12, 7, 8, 3, 2, 14, 2, 2, 15, 14, 1, 20, 4, 18, 5, 6, 16, 10, 12, 15, 1, 4, 6, 3, 7, 16, 5, 12, 5, 3, 10, 1, 20, 4, 14, 3, 14, 8, 15, 16, 11, 7, 6, 11, 15, 4, 18, 2, 15, 2, 3, 8, 1, 6, 6, 10, 9, 10]
bestever    2938    in generation 11
[8, 1, 6, 6, 10, 9, 10, 17, 10, 18, 9, 18, 10, 5, 13, 14, 17, 17, 9, 5, 5, 9, 1, 11, 3, 11, 9, 11, 11, 13, 17, 3, 13, 19, 19, 18, 16, 19, 13, 13, 11, 7, 13, 7, 11, 18, 17, 15, 17, 9, 9, 14, 8, 19, 17, 17, 17, 6, 9, 5, 5, 11, 8, 2, 20, 19, 19, 20, 13, 17, 6, 7, 13, 18, 15, 10, 19, 2, 16, 9, 7, 7, 20, 16, 10, 2, 8, 9, 8, 15, 18, 19, 20, 18, 13, 3, 7, 12, 1, 7, 16, 16, 5, 12, 5, 14, 3, 10, 1, 20, 20, 4, 14, 3, 14, 8, 19, 15, 19, 13, 16, 11, 16, 7, 6, 11, 12, 16, 15, 14, 4, 4, 18, 2, 15, 12, 2, 3, 8, 8, 1, 1, 12, 7, 8, 3, 2, 14, 2, 2, 15, 14, 1, 20, 4, 18, 5, 6, 16, 10, 12, 15, 1, 4, 6, 3, 12, 10, 12, 20, 4, 5, 14, 1, 20, 4, 5, 6, 6, 10, 12, 1, 4, 3, 20, 7, 6, 11, 12, 16, 15, 14, 4, 4, 18, 2, 15, 2, 3, 8]
bestever    2830    in generation 15
[15, 10, 2, 10, 2, 9, 10, 17, 10, 18, 9, 18, 10, 5, 13, 14, 17, 17, 9, 5, 5, 9, 1, 11, 3, 11, 9, 11, 11, 13, 17, 3, 13, 19, 19, 18, 16, 19, 13, 13, 11, 7, 13, 7, 11, 18, 17, 15, 17, 9, 9, 14, 8, 19, 17, 17, 17, 6, 9, 5, 5, 11, 8, 2, 20, 19, 19, 20, 13, 17, 6, 7, 13, 18, 15, 10, 19, 2, 16, 9, 7, 7, 20, 16, 10, 2, 8, 9, 8, 15, 18, 19, 20, 18, 13, 3, 7, 12, 1, 7, 16, 16, 5, 12, 5, 14, 3, 10, 1, 20, 20, 4, 14, 3, 14, 8, 19, 15, 19, 13, 16, 11, 16, 7, 6, 11, 12, 16, 15, 14, 4, 4, 18, 2, 15, 12, 2, 3, 8, 8, 1, 1, 12, 7, 8, 3, 2, 14, 2, 2, 15, 14, 1, 20, 4, 18, 5, 6, 16, 10, 12, 15, 1, 10, 8, 6, 6, 4, 4, 6, 20, 3, 12, 1, 7, 16, 5, 12, 5, 3, 4, 1, 20, 20, 4, 14, 3, 14, 8, 11, 18, 15, 12, 12, 6, 4, 6, 4, 1, 6]
bestever    2698    in generation 16
[10, 9, 10, 17, 10, 18, 9, 18, 10, 5, 13, 14, 17, 17, 9, 5, 5, 9, 11, 3, 11, 9, 11, 11, 13, 17, 3, 13, 19, 19, 18, 16, 19, 13, 13, 11, 7, 13, 7, 11, 18, 17, 15, 17, 9, 9, 14, 8, 19, 17, 17, 17, 9, 5, 5, 11, 8, 2, 20, 19, 19, 20, 13, 17, 6, 7, 13, 18, 15, 10, 19, 2, 16, 9, 7, 7, 20, 16, 2, 8, 9, 8, 15, 18, 19, 18, 13, 3, 7, 7, 16, 16, 14, 3, 20, 4, 14, 3, 19, 15, 19, 13, 16, 11, 16, 6, 11, 16, 15, 14, 4, 4, 15, 12, 3, 8, 1, 12, 7, 8, 3, 14, 2, 2, 15, 14, 1, 20, 4, 18, 5, 6, 16, 10, 12, 15, 8, 1, 1, 12, 7, 8, 2, 14, 2, 2, 1, 20, 4, 18, 5, 6, 10, 12, 1, 4, 6, 12, 10, 20, 4, 5, 1, 4, 6, 3, 12, 10, 12, 20, 4, 5, 14, 1, 20, 4, 5, 6, 6, 10, 12, 1, 3, 20, 7, 6, 11, 12, 16, 15, 14, 18, 2, 15, 2, 3, 8, 8, 1, 6]
bestever    2652    in generation 24
[10, 9, 10, 17, 10, 18, 9, 18, 10, 5, 13, 14, 17, 17, 9, 5, 5, 9, 11, 3, 11, 9, 11, 11, 13, 17, 3, 13, 19, 19, 18, 16, 19, 13, 13, 11, 7, 13, 7, 11, 18, 17, 15, 17, 9, 9, 14, 8, 19, 17, 17, 17, 9, 5, 5, 11, 8, 2, 20, 19, 19, 20, 13, 17, 6, 7, 13, 18, 15, 10, 19, 2, 16, 9, 7, 7, 20, 16, 2, 8, 9, 8, 15, 18, 19, 18, 13, 3, 7, 7, 16, 16, 14, 3, 20, 4, 14, 3, 19, 15, 19, 13, 16, 11, 14, 6, 11, 16, 15, 14, 4, 4, 15, 12, 3, 8, 1, 12, 7, 8, 3, 16, 2, 2, 15, 14, 1, 20, 4, 18, 5, 6, 16, 10, 12, 15, 8, 1, 1, 12, 7, 8, 2, 14, 2, 2, 1, 20, 4, 18, 5, 6, 10, 12, 1, 4, 6, 12, 10, 20, 4, 5, 1, 4, 6, 3, 12, 10, 12, 20, 4, 5, 14, 1, 20, 4, 5, 6, 6, 10, 12, 1, 3, 20, 7, 6, 11, 12, 16, 15, 14, 18, 2, 15, 2, 3, 8, 8, 1, 6]
bestever    2648    in generation 35
[10, 9, 10, 17, 10, 18, 9, 18, 10, 5, 13, 14, 17, 17, 9, 5, 5, 9, 11, 3, 11, 9, 11, 11, 13, 17, 3, 13, 19, 19, 18, 16, 19, 13, 13, 11, 7, 13, 7, 11, 18, 17, 15, 17, 9, 9, 14, 8, 19, 17, 17, 17, 9, 5, 5, 11, 8, 2, 20, 19, 19, 20, 13, 14, 6, 7, 13, 18, 15, 10, 19, 2, 16, 9, 7, 7, 20, 16, 2, 8, 9, 8, 15, 18, 19, 18, 13, 3, 7, 7, 16, 16, 14, 3, 20, 4, 14, 3, 19, 15, 19, 13, 16, 11, 17, 6, 11, 16, 15, 14, 4, 4, 15, 12, 3, 8, 1, 12, 7, 8, 3, 16, 2, 2, 15, 14, 1, 20, 4, 18, 5, 6, 16, 10, 12, 15, 8, 1, 1, 12, 7, 8, 2, 14, 2, 2, 1, 20, 4, 18, 5, 6, 10, 12, 1, 4, 6, 12, 10, 20, 4, 5, 1, 4, 6, 3, 12, 10, 12, 20, 4, 5, 14, 1, 20, 4, 5, 6, 6, 10, 12, 1, 3, 20, 7, 6, 11, 12, 16, 15, 14, 18, 2, 15, 2, 3, 8, 8, 1, 6]
bestever    2646    in generation 36
[10, 9, 10, 17, 10, 18, 9, 18, 10, 5, 13, 14, 17, 17, 9, 5, 5, 9, 11, 3, 11, 9, 11, 11, 13, 17, 3, 13, 19, 19, 18, 16, 19, 13, 13, 11, 7, 13, 7, 11, 18, 17, 15, 17, 9, 9, 14, 8, 19, 17, 17, 17, 9, 5, 5, 11, 8, 2, 20, 19, 19, 20, 13, 17, 6, 7, 13, 18, 15, 10, 19, 2, 16, 9, 7, 7, 20, 16, 2, 8, 9, 8, 15, 18, 19, 18, 13, 3, 7, 7, 16, 16, 14, 3, 20, 4, 14, 3, 19, 15, 19, 13, 16, 11, 14, 6, 11, 16, 15, 14, 4, 4, 15, 12, 3, 8, 1, 12, 7, 8, 3, 16, 2, 2, 15, 14, 1, 20, 4, 18, 5, 6, 16, 10, 12, 15, 8, 1, 1, 12, 7, 8, 2, 14, 2, 2, 1, 20, 4, 18, 5, 8, 10, 12, 1, 4, 6, 12, 10, 20, 4, 5, 1, 4, 6, 3, 12, 10, 12, 20, 4, 5, 14, 1, 20, 4, 5, 6, 6, 10, 12, 1, 3, 20, 7, 6, 11, 12, 16, 15, 14, 18, 2, 15, 2, 3, 8, 6, 1, 6]
bestever    2620    in generation 39
[10, 9, 10, 17, 10, 18, 9, 18, 10, 5, 13, 14, 17, 17, 9, 5, 5, 9, 11, 3, 11, 9, 11, 11, 13, 17, 3, 13, 19, 19, 18, 16, 19, 13, 13, 11, 7, 13, 7, 11, 18, 17, 15, 17, 9, 9, 14, 8, 19, 17, 17, 17, 9, 5, 5, 11, 8, 2, 20, 19, 19, 20, 13, 17, 6, 7, 2, 18, 15, 10, 19, 2, 16, 9, 7, 7, 20, 16, 2, 8, 9, 8, 15, 18, 19, 18, 13, 3, 7, 7, 16, 16, 14, 3, 20, 4, 14, 3, 19, 15, 19, 13, 16, 11, 14, 6, 11, 16, 15, 14, 4, 4, 15, 12, 3, 8, 1, 12, 7, 8, 3, 16, 2, 2, 15, 14, 1, 20, 4, 18, 5, 6, 16, 10, 12, 15, 8, 1, 1, 12, 7, 8, 2, 14, 2, 2, 1, 20, 4, 18, 5, 6, 10, 12, 1, 4, 6, 12, 10, 20, 4, 5, 1, 4, 6, 3, 12, 10, 12, 20, 4, 5, 14, 1, 20, 4, 5, 6, 6, 10, 12, 1, 3, 20, 7, 6, 11, 12, 16, 15, 14, 18, 13, 15, 2, 3, 8, 8, 1, 6]
bestever    2609    in generation 45
[10, 9, 10, 17, 10, 18, 9, 18, 10, 5, 13, 14, 17, 17, 9, 5, 5, 9, 11, 3, 11, 9, 11, 11, 13, 17, 3, 13, 19, 19, 18, 16, 19, 13, 13, 11, 7, 13, 7, 11, 18, 17, 15, 17, 9, 9, 14, 8, 19, 17, 17, 17, 9, 5, 5, 11, 8, 2, 20, 19, 19, 20, 13, 17, 6, 7, 13, 18, 15, 10, 19, 2, 16, 9, 3, 7, 20, 16, 2, 8, 9, 8, 15, 18, 19, 18, 13, 3, 7, 7, 16, 16, 14, 3, 20, 4, 14, 3, 19, 15, 19, 13, 16, 11, 14, 6, 11, 16, 15, 14, 4, 4, 15, 12, 7, 8, 1, 12, 7, 8, 3, 16, 2, 2, 15, 14, 1, 20, 4, 18, 5, 6, 16, 10, 12, 8, 1, 1, 12, 7, 8, 2, 14, 2, 2, 1, 20, 4, 18, 5, 6, 10, 12, 1, 4, 6, 12, 10, 20, 4, 5, 1, 4, 6, 12, 10, 12, 20, 4, 5, 14, 20, 4, 5, 6, 10, 12, 1, 3, 6, 15, 1, 3, 20, 7, 6, 11, 12, 16, 15, 14, 18, 2, 15, 2, 3, 8, 8, 1, 6]
bestever    2468    in generation 50
[5, 13, 17, 17, 9, 5, 5, 9, 11, 11, 9, 11, 11, 13, 17, 13, 19, 19, 16, 19, 13, 13, 11, 7, 13, 7, 11, 17, 17, 9, 19, 17, 17, 5, 2, 20, 19, 19, 20, 9, 5, 10, 18, 13, 17, 6, 7, 2, 18, 10, 19, 2, 16, 9, 7, 7, 20, 16, 2, 8, 9, 8, 15, 18, 19, 18, 7, 14, 20, 4, 14, 3, 15, 13, 14, 6, 11, 16, 15, 14, 4, 4, 15, 12, 3, 8, 1, 12, 7, 8, 3, 16, 14, 3, 20, 4, 14, 3, 19, 15, 19, 13, 16, 11, 14, 6, 11, 16, 15, 14, 4, 4, 15, 12, 3, 8, 1, 12, 7, 8, 3, 16, 2, 2, 15, 14, 20, 18, 5, 6, 16, 10, 15, 8, 1, 1, 7, 8, 2, 14, 2, 2, 1, 20, 18, 5, 10, 12, 1, 6, 12, 10, 20, 4, 5, 1, 4, 6, 3, 12, 10, 12, 4, 5, 1, 20, 4, 5, 6, 6, 10, 12, 1, 3, 20, 7, 6, 11, 12, 16, 15, 18, 13, 2, 3, 8, 8, 1, 6, 10, 9, 10, 17, 10, 18, 9, 17, 18, 9, 18]
bestever    2419    in generation 52
[5, 13, 17, 17, 9, 5, 5, 9, 11, 11, 9, 11, 11, 13, 17, 13, 19, 19, 16, 19, 13, 13, 11, 7, 13, 7, 11, 17, 17, 9, 19, 17, 17, 5, 2, 20, 19, 19, 20, 9, 5, 10, 18, 13, 17, 6, 7, 2, 18, 10, 19, 2, 16, 9, 7, 7, 20, 16, 2, 8, 9, 8, 15, 18, 19, 18, 7, 14, 20, 4, 14, 3, 15, 13, 14, 6, 11, 16, 15, 14, 4, 4, 15, 12, 3, 8, 1, 12, 7, 8, 3, 16, 14, 3, 20, 4, 14, 3, 19, 15, 19, 13, 16, 11, 14, 11, 16, 15, 15, 12, 3, 8, 1, 12, 7, 8, 3, 16, 2, 2, 15, 18, 5, 16, 10, 15, 8, 1, 1, 7, 14, 6, 16, 15, 18, 13, 2, 3, 8, 8, 1, 8, 2, 14, 2, 2, 1, 20, 4, 18, 5, 6, 10, 12, 1, 4, 6, 12, 10, 20, 4, 5, 1, 4, 6, 3, 12, 10, 12, 20, 4, 5, 14, 1, 20, 4, 5, 6, 6, 10, 12, 1, 3, 20, 7, 6, 11, 12, 6, 10, 9, 10, 17, 10, 18, 9, 17, 18, 9, 18]
bestever    2393    in generation 58
[11, 9, 11, 13, 17, 13, 19, 19, 16, 19, 13, 13, 11, 7, 13, 7, 11, 17, 9, 19, 2, 20, 19, 19, 20, 9, 10, 18, 13, 6, 7, 2, 18, 10, 19, 2, 16, 7, 7, 20, 16, 2, 8, 9, 8, 15, 18, 19, 7, 14, 20, 4, 14, 3, 15, 13, 14, 6, 11, 16, 15, 14, 4, 4, 15, 12, 3, 8, 1, 14, 6, 16, 15, 14, 4, 4, 15, 12, 7, 8, 3, 16, 14, 3, 20, 4, 14, 3, 19, 15, 19, 16, 6, 3, 8, 1, 8, 2, 18, 10, 6, 11, 16, 15, 12, 3, 8, 1, 12, 7, 8, 3, 2, 2, 14, 20, 18, 5, 16, 10, 15, 8, 1, 1, 7, 8, 2, 14, 2, 2, 1, 20, 18, 5, 10, 12, 1, 6, 12, 10, 20, 4, 5, 1, 4, 6, 3, 12, 10, 12, 4, 5, 1, 5, 18, 9, 17, 13, 9, 17, 17, 18, 5, 9, 5, 20, 4, 5, 6, 6, 10, 12, 1, 3, 20, 7, 6, 11, 12, 16, 15, 9, 10, 17, 10, 18, 9, 17, 18, 9, 5, 13, 17, 17, 5, 11, 11, 11, 13, 17]
bestever    2391    in generation 67
[11, 9, 11, 13, 17, 13, 19, 19, 16, 19, 13, 13, 11, 7, 13, 7, 11, 17, 9, 8, 2, 20, 19, 19, 20, 9, 10, 18, 13, 6, 7, 2, 18, 10, 19, 2, 16, 7, 7, 20, 16, 2, 8, 9, 8, 15, 18, 19, 7, 14, 20, 4, 14, 3, 15, 13, 14, 6, 11, 16, 15, 14, 4, 4, 15, 12, 3, 8, 1, 14, 6, 16, 15, 14, 4, 4, 15, 12, 7, 8, 3, 16, 14, 3, 20, 4, 14, 3, 19, 15, 19, 16, 6, 3, 8, 1, 19, 2, 18, 10, 6, 11, 16, 15, 12, 3, 8, 1, 12, 7, 8, 3, 2, 2, 14, 20, 18, 5, 16, 10, 15, 8, 1, 1, 7, 8, 2, 14, 2, 2, 1, 20, 18, 5, 10, 12, 1, 6, 12, 10, 20, 4, 5, 1, 4, 6, 3, 12, 10, 12, 4, 5, 1, 5, 18, 9, 17, 13, 9, 17, 17, 18, 5, 9, 5, 20, 4, 5, 6, 6, 10, 12, 1, 3, 20, 7, 6, 11, 12, 16, 15, 9, 10, 17, 10, 18, 9, 17, 18, 9, 5, 13, 17, 17, 5, 11, 11, 11, 13, 17]
bestever    2371    in generation 68
[11, 9, 11, 13, 17, 13, 19, 19, 16, 19, 13, 13, 11, 7, 13, 7, 11, 17, 9, 19, 2, 20, 19, 19, 20, 9, 10, 18, 13, 6, 7, 2, 18, 10, 19, 2, 16, 7, 7, 20, 16, 2, 8, 9, 8, 15, 18, 19, 7, 14, 20, 4, 14, 3, 15, 13, 14, 6, 11, 16, 15, 14, 4, 4, 15, 12, 3, 8, 1, 14, 6, 16, 15, 14, 4, 4, 15, 12, 7, 8, 3, 16, 14, 3, 20, 4, 14, 3, 19, 15, 19, 16, 6, 3, 8, 1, 8, 2, 18, 10, 6, 11, 16, 15, 12, 3, 8, 6, 12, 7, 8, 3, 2, 2, 14, 20, 18, 5, 16, 10, 15, 8, 1, 1, 7, 8, 2, 14, 2, 2, 1, 20, 18, 5, 10, 12, 1, 6, 12, 10, 20, 4, 5, 1, 4, 6, 3, 12, 10, 12, 4, 5, 1, 5, 18, 9, 17, 13, 9, 17, 17, 18, 5, 9, 5, 20, 4, 5, 6, 6, 10, 12, 1, 3, 20, 7, 1, 11, 12, 16, 15, 9, 10, 17, 10, 18, 9, 17, 18, 9, 5, 13, 17, 17, 5, 11, 11, 11, 13, 17]
bestever    2368    in generation 70
[11, 9, 11, 13, 17, 13, 19, 19, 16, 19, 13, 13, 11, 7, 13, 7, 11, 17, 9, 8, 2, 20, 19, 19, 20, 9, 10, 18, 13, 6, 7, 2, 18, 10, 19, 2, 16, 7, 7, 20, 16, 2, 8, 9, 15, 18, 19, 7, 14, 20, 4, 14, 3, 15, 13, 14, 6, 11, 16, 15, 14, 4, 4, 19, 15, 12, 3, 8, 1, 14, 6, 16, 15, 14, 4, 4, 15, 12, 7, 8, 3, 16, 14, 3, 20, 4, 14, 3, 19, 15, 19, 16, 6, 3, 8, 1, 8, 2, 18, 10, 6, 11, 16, 15, 12, 3, 8, 6, 12, 7, 8, 3, 2, 2, 14, 20, 18, 5, 16, 10, 15, 8, 1, 1, 7, 8, 2, 14, 2, 2, 1, 20, 18, 5, 10, 12, 1, 6, 12, 10, 20, 4, 5, 1, 4, 6, 3, 12, 10, 12, 4, 5, 1, 5, 18, 9, 17, 13, 9, 17, 17, 18, 5, 9, 5, 20, 4, 5, 6, 6, 10, 12, 1, 3, 20, 7, 1, 11, 12, 16, 15, 9, 10, 17, 10, 18, 9, 17, 18, 9, 5, 13, 17, 17, 5, 11, 11, 11, 13, 17]
bestever    2365    in generation 79
[19, 19, 16, 19, 13, 13, 11, 7, 13, 7, 11, 8, 2, 20, 19, 19, 20, 9, 18, 6, 7, 2, 18, 19, 2, 16, 7, 7, 20, 16, 2, 8, 9, 8, 15, 19, 7, 14, 20, 4, 14, 3, 15, 14, 6, 16, 15, 14, 4, 4, 15, 3, 8, 1, 14, 6, 16, 15, 14, 4, 4, 15, 8, 3, 16, 14, 3, 4, 14, 3, 19, 19, 6, 8, 19, 2, 16, 15, 7, 10, 10, 20, 6, 3, 12, 10, 12, 1, 18, 9, 17, 13, 9, 17, 17, 18, 20, 4, 5, 6, 6, 11, 16, 15, 12, 3, 8, 1, 12, 7, 8, 3, 2, 2, 14, 20, 18, 5, 16, 10, 15, 8, 1, 1, 7, 8, 2, 14, 2, 2, 1, 20, 18, 5, 10, 12, 1, 6, 12, 10, 20, 4, 5, 1, 4, 6, 3, 12, 10, 12, 4, 5, 1, 5, 18, 9, 17, 13, 9, 17, 17, 18, 5, 9, 5, 10, 12, 1, 3, 20, 7, 6, 17, 9, 5, 13, 17, 5, 12, 16, 15, 9, 10, 17, 10, 18, 9, 17, 18, 13, 11, 11, 11, 13, 11, 11, 13, 11, 11, 13]
bestever    2272    in generation 84
[19, 19, 16, 19, 13, 13, 11, 7, 13, 7, 11, 8, 2, 20, 19, 19, 20, 9, 18, 6, 7, 2, 18, 19, 2, 16, 7, 7, 20, 16, 2, 8, 9, 8, 15, 19, 7, 14, 20, 4, 14, 3, 15, 14, 6, 16, 15, 14, 4, 4, 15, 3, 8, 1, 14, 6, 16, 15, 14, 4, 4, 15, 8, 3, 16, 14, 3, 4, 14, 3, 19, 19, 6, 8, 19, 2, 16, 15, 7, 10, 10, 20, 6, 3, 12, 10, 12, 1, 18, 9, 17, 13, 9, 17, 17, 18, 20, 4, 5, 6, 1, 11, 16, 15, 12, 3, 8, 6, 12, 7, 8, 3, 2, 2, 14, 20, 18, 5, 16, 10, 15, 8, 1, 1, 7, 8, 2, 14, 2, 2, 1, 20, 18, 5, 10, 12, 1, 6, 12, 10, 20, 4, 5, 1, 4, 6, 3, 12, 10, 12, 4, 5, 1, 5, 18, 9, 17, 13, 9, 17, 17, 18, 5, 9, 5, 10, 12, 1, 3, 20, 7, 6, 17, 9, 5, 13, 17, 5, 12, 16, 15, 9, 10, 17, 10, 18, 9, 17, 18, 13, 11, 11, 11, 13, 11, 11, 13, 11, 11, 13]
bestever    2234    in generation 88
[19, 19, 16, 19, 13, 13, 11, 7, 13, 7, 11, 8, 2, 20, 19, 19, 20, 9, 18, 6, 7, 2, 18, 19, 2, 16, 7, 7, 20, 16, 2, 8, 9, 8, 15, 19, 7, 14, 20, 4, 14, 3, 15, 14, 6, 16, 15, 14, 4, 4, 15, 3, 8, 1, 14, 6, 16, 15, 14, 4, 4, 15, 8, 3, 16, 14, 3, 4, 14, 3, 19, 19, 6, 8, 19, 2, 16, 15, 7, 10, 10, 20, 6, 3, 12, 10, 12, 1, 18, 9, 17, 13, 9, 17, 17, 18, 20, 4, 5, 6, 2, 11, 16, 15, 12, 3, 8, 6, 12, 7, 8, 3, 1, 2, 14, 20, 18, 5, 16, 10, 15, 8, 1, 1, 7, 8, 2, 14, 2, 2, 1, 20, 18, 5, 10, 12, 1, 6, 12, 10, 20, 4, 5, 1, 4, 6, 3, 12, 10, 12, 4, 5, 1, 5, 18, 9, 17, 13, 9, 17, 17, 18, 5, 9, 5, 10, 12, 1, 3, 20, 7, 6, 17, 9, 5, 13, 17, 5, 12, 16, 15, 9, 10, 17, 10, 18, 9, 17, 18, 13, 11, 11, 11, 13, 11, 11, 13, 11, 11, 13]
bestever    2227    in generation 90
[19, 19, 16, 19, 13, 13, 11, 7, 13, 7, 11, 8, 2, 20, 19, 19, 20, 9, 18, 6, 7, 2, 18, 19, 2, 16, 7, 7, 20, 16, 2, 8, 9, 8, 15, 19, 7, 14, 20, 4, 14, 3, 15, 14, 6, 16, 15, 14, 4, 4, 15, 3, 8, 1, 14, 6, 16, 15, 14, 4, 4, 15, 8, 3, 16, 14, 3, 14, 3, 19, 19, 6, 8, 19, 2, 16, 15, 7, 10, 20, 6, 3, 12, 10, 1, 18, 9, 17, 13, 9, 17, 17, 18, 20, 4, 5, 1, 11, 16, 15, 12, 3, 8, 6, 12, 7, 8, 3, 2, 2, 14, 20, 18, 5, 16, 10, 15, 8, 1, 7, 8, 2, 14, 2, 2, 1, 18, 5, 10, 12, 1, 6, 12, 10, 20, 4, 1, 6, 12, 10, 20, 4, 5, 1, 4, 6, 3, 12, 10, 12, 4, 5, 1, 5, 18, 9, 17, 13, 9, 17, 17, 18, 5, 9, 5, 10, 12, 1, 3, 20, 7, 6, 17, 9, 5, 13, 17, 5, 12, 16, 15, 9, 10, 17, 10, 18, 9, 17, 18, 13, 11, 11, 11, 13, 11, 11, 13, 11, 11, 13]
bestever    2184    in generation 96
[19, 19, 16, 19, 13, 7, 7, 8, 2, 20, 19, 19, 20, 9, 18, 6, 7, 2, 18, 19, 2, 16, 7, 7, 20, 16, 2, 8, 9, 8, 15, 19, 7, 14, 20, 4, 14, 3, 15, 14, 6, 16, 15, 14, 4, 4, 15, 3, 8, 1, 14, 6, 16, 15, 14, 4, 4, 15, 8, 3, 16, 14, 3, 14, 3, 19, 19, 6, 8, 19, 2, 16, 15, 7, 10, 20, 6, 3, 12, 10, 1, 18, 9, 17, 9, 17, 17, 18, 20, 4, 5, 1, 16, 15, 12, 3, 8, 6, 12, 10, 6, 4, 13, 11, 11, 13, 11, 12, 7, 8, 3, 2, 2, 14, 20, 18, 5, 16, 10, 15, 8, 1, 1, 7, 8, 2, 14, 2, 2, 1, 20, 18, 5, 10, 12, 1, 6, 12, 10, 20, 4, 5, 1, 4, 6, 3, 12, 10, 12, 4, 5, 1, 5, 18, 9, 17, 13, 9, 17, 18, 5, 5, 12, 1, 3, 20, 7, 6, 17, 13, 17, 9, 10, 9, 5, 13, 17, 5, 12, 16, 15, 9, 10, 17, 10, 18, 9, 17, 18, 13, 11, 11, 11, 13, 11, 11, 13, 11, 11, 13]
bestever    2176    in generation 105
[19, 19, 16, 19, 7, 7, 8, 2, 20, 19, 19, 20, 9, 18, 6, 7, 2, 18, 19, 2, 16, 7, 7, 20, 16, 2, 8, 9, 8, 15, 19, 7, 14, 20, 4, 14, 3, 15, 14, 6, 16, 15, 14, 4, 4, 15, 3, 8, 1, 14, 6, 16, 15, 14, 4, 4, 15, 8, 3, 16, 14, 3, 14, 3, 19, 19, 6, 8, 19, 2, 16, 15, 7, 10, 20, 6, 3, 12, 10, 1, 18, 9, 17, 9, 17, 17, 18, 20, 4, 5, 1, 16, 15, 12, 3, 8, 6, 12, 10, 6, 4, 11, 12, 7, 8, 3, 2, 2, 14, 20, 18, 5, 16, 10, 15, 8, 1, 1, 7, 8, 11, 11, 13, 13, 13, 2, 14, 2, 2, 1, 20, 18, 5, 10, 12, 1, 6, 12, 10, 20, 4, 5, 1, 4, 6, 3, 12, 10, 12, 4, 5, 1, 5, 18, 9, 17, 13, 9, 17, 18, 5, 5, 12, 1, 3, 20, 7, 6, 17, 13, 17, 9, 10, 9, 5, 13, 17, 5, 12, 16, 15, 9, 10, 17, 10, 18, 9, 17, 18, 13, 11, 11, 11, 13, 11, 11, 13, 11, 11, 13]
bestever    2155    in generation 109
[19, 19, 16, 19, 13, 7, 7, 8, 2, 20, 19, 19, 20, 9, 18, 6, 7, 2, 18, 19, 2, 16, 7, 7, 20, 16, 2, 8, 9, 8, 15, 19, 7, 14, 20, 4, 14, 3, 15, 14, 6, 16, 15, 14, 4, 4, 15, 3, 8, 1, 14, 6, 16, 15, 14, 4, 4, 15, 8, 3, 16, 14, 3, 14, 3, 19, 19, 6, 8, 19, 2, 16, 15, 7, 10, 20, 6, 3, 12, 10, 1, 18, 9, 17, 9, 17, 17, 18, 20, 4, 5, 1, 16, 15, 12, 3, 8, 6, 12, 10, 6, 4, 13, 11, 11, 13, 11, 12, 7, 8, 3, 2, 2, 14, 20, 18, 5, 16, 10, 15, 8, 1, 1, 7, 8, 2, 14, 2, 2, 1, 20, 18, 5, 10, 12, 1, 6, 12, 10, 20, 4, 5, 1, 4, 6, 3, 12, 10, 12, 4, 5, 1, 5, 18, 9, 17, 13, 9, 17, 18, 5, 5, 12, 1, 3, 20, 7, 6, 17, 13, 11, 9, 10, 9, 5, 13, 17, 5, 12, 16, 15, 9, 10, 17, 10, 18, 9, 17, 18, 13, 11, 11, 17, 13, 11, 11, 13, 11, 11, 13]
bestever    2147    in generation 135
[19, 19, 16, 19, 7, 7, 8, 2, 20, 19, 19, 20, 9, 18, 6, 7, 2, 18, 19, 2, 16, 7, 7, 20, 16, 2, 8, 9, 8, 15, 19, 7, 14, 20, 4, 14, 3, 15, 14, 6, 16, 15, 13, 14, 4, 4, 15, 3, 8, 1, 14, 6, 16, 15, 14, 4, 4, 15, 8, 3, 16, 14, 3, 14, 3, 19, 19, 6, 8, 19, 2, 16, 15, 7, 10, 20, 6, 3, 12, 10, 1, 18, 9, 17, 9, 17, 17, 18, 20, 4, 5, 1, 16, 15, 6, 3, 8, 6, 12, 13, 12, 4, 10, 11, 11, 13, 11, 12, 7, 8, 3, 2, 2, 14, 20, 18, 5, 16, 10, 15, 8, 1, 1, 7, 8, 2, 14, 2, 2, 1, 20, 18, 5, 10, 12, 1, 6, 12, 10, 20, 4, 5, 1, 4, 6, 3, 12, 10, 12, 4, 5, 1, 5, 18, 9, 17, 13, 9, 17, 18, 5, 5, 12, 1, 3, 20, 7, 6, 17, 13, 11, 9, 10, 9, 5, 13, 17, 5, 12, 16, 15, 9, 10, 17, 10, 18, 9, 17, 18, 13, 11, 11, 17, 13, 11, 11, 13, 11, 11, 13]
bestever    2143    in generation 152
[19, 19, 16, 19, 7, 7, 8, 2, 20, 19, 19, 20, 9, 18, 6, 7, 2, 18, 19, 2, 16, 7, 7, 20, 16, 8, 8, 9, 8, 15, 20, 7, 14, 19, 4, 14, 3, 15, 14, 6, 16, 15, 13, 14, 4, 4, 15, 3, 8, 1, 14, 6, 16, 15, 14, 4, 4, 15, 8, 3, 16, 14, 3, 14, 3, 19, 19, 6, 8, 19, 2, 16, 15, 7, 10, 20, 6, 3, 12, 10, 1, 18, 9, 17, 9, 17, 17, 18, 20, 4, 5, 1, 16, 15, 6, 3, 8, 6, 12, 13, 12, 4, 10, 11, 12, 7, 2, 3, 2, 2, 14, 20, 18, 5, 16, 10, 15, 8, 1, 1, 7, 8, 2, 14, 2, 2, 1, 20, 18, 11, 11, 13, 5, 10, 12, 1, 6, 12, 10, 20, 4, 5, 1, 4, 6, 3, 12, 10, 12, 4, 5, 1, 5, 18, 9, 17, 13, 9, 17, 18, 5, 5, 12, 1, 3, 20, 7, 6, 17, 13, 11, 9, 10, 9, 5, 13, 17, 5, 12, 16, 15, 9, 10, 17, 10, 18, 9, 17, 18, 13, 11, 11, 11, 13, 11, 17, 13, 11, 11, 13]
bestever    2138    in generation 160
[19, 19, 16, 19, 7, 7, 8, 2, 20, 19, 19, 20, 9, 18, 6, 7, 2, 18, 19, 2, 16, 7, 7, 20, 16, 8, 8, 9, 8, 15, 20, 7, 14, 19, 4, 14, 3, 15, 14, 6, 16, 15, 13, 14, 4, 4, 15, 3, 8, 1, 14, 6, 16, 15, 14, 4, 4, 15, 8, 3, 16, 14, 3, 14, 3, 19, 19, 6, 8, 19, 2, 16, 15, 7, 10, 20, 6, 3, 12, 10, 1, 18, 9, 17, 9, 17, 17, 18, 20, 4, 5, 1, 16, 15, 3, 8, 6, 12, 13, 12, 4, 10, 11, 12, 7, 2, 3, 2, 2, 14, 20, 18, 5, 16, 10, 15, 8, 1, 7, 8, 2, 14, 2, 2, 1, 20, 18, 11, 11, 13, 5, 10, 12, 1, 6, 1, 6, 12, 10, 20, 4, 5, 1, 4, 6, 3, 12, 10, 12, 4, 5, 1, 5, 18, 9, 17, 13, 9, 17, 18, 5, 5, 12, 1, 3, 20, 7, 6, 17, 13, 11, 9, 10, 9, 5, 13, 17, 5, 12, 16, 15, 9, 10, 17, 10, 18, 9, 17, 18, 13, 11, 11, 11, 13, 11, 17, 13, 11, 11, 13]
bestever    2131    in generation 179
[19, 16, 19, 7, 7, 8, 2, 20, 19, 19, 20, 9, 18, 6, 7, 2, 18, 19, 2, 16, 7, 7, 20, 16, 8, 8, 9, 8, 15, 20, 7, 14, 19, 4, 14, 3, 15, 14, 6, 16, 15, 13, 14, 4, 4, 15, 3, 8, 1, 14, 6, 16, 15, 14, 4, 4, 15, 8, 3, 16, 14, 3, 14, 3, 19, 19, 6, 8, 19, 2, 16, 15, 7, 10, 20, 6, 3, 12, 10, 1, 18, 9, 9, 17, 18, 20, 4, 5, 1, 16, 15, 6, 3, 8, 12, 13, 12, 4, 10, 11, 12, 7, 2, 3, 2, 2, 14, 20, 18, 5, 16, 10, 15, 8, 1, 7, 8, 17, 17, 19, 2, 14, 2, 2, 1, 20, 18, 11, 11, 13, 5, 10, 12, 1, 6, 1, 6, 12, 10, 20, 4, 5, 1, 4, 6, 3, 12, 10, 12, 4, 5, 1, 5, 18, 9, 17, 13, 9, 17, 18, 5, 5, 12, 1, 3, 20, 7, 6, 17, 11, 9, 10, 9, 5, 13, 13, 17, 5, 12, 16, 15, 9, 10, 10, 18, 17, 9, 17, 18, 13, 11, 11, 11, 13, 11, 17, 13, 11, 11, 13]
bestever    2122    in generation 205
[19, 19, 16, 19, 7, 7, 8, 2, 20, 19, 19, 20, 9, 18, 6, 7, 2, 18, 19, 2, 16, 7, 7, 20, 16, 8, 8, 9, 8, 15, 20, 7, 14, 19, 4, 14, 3, 15, 14, 16, 15, 13, 14, 4, 4, 15, 3, 8, 1, 14, 6, 16, 15, 14, 4, 4, 15, 3, 16, 14, 3, 14, 3, 19, 19, 6, 8, 19, 2, 16, 15, 7, 10, 20, 6, 3, 12, 10, 1, 18, 9, 17, 9, 17, 17, 18, 20, 4, 5, 1, 16, 15, 3, 8, 6, 8, 6, 12, 13, 12, 4, 10, 11, 12, 7, 2, 3, 2, 2, 14, 20, 18, 5, 16, 10, 15, 8, 1, 7, 8, 2, 14, 2, 2, 1, 20, 18, 11, 11, 13, 5, 10, 12, 1, 6, 1, 6, 12, 10, 20, 4, 5, 1, 4, 6, 3, 12, 10, 12, 4, 5, 1, 5, 18, 9, 17, 13, 9, 17, 18, 5, 5, 12, 1, 3, 20, 7, 6, 17, 11, 9, 10, 11, 5, 13, 13, 17, 5, 12, 16, 15, 9, 10, 10, 18, 17, 9, 17, 18, 13, 11, 11, 9, 13, 11, 17, 13, 11, 11, 13]
bestever    2118    in generation 213
[19, 19, 16, 19, 7, 7, 8, 2, 20, 19, 19, 20, 9, 18, 6, 7, 2, 18, 19, 2, 16, 7, 7, 20, 16, 8, 8, 9, 8, 15, 20, 7, 14, 19, 4, 14, 3, 15, 14, 16, 15, 13, 14, 4, 4, 15, 3, 8, 1, 14, 6, 16, 15, 14, 4, 4, 15, 3, 16, 14, 3, 14, 3, 19, 19, 6, 8, 19, 2, 16, 15, 7, 10, 20, 6, 3, 12, 10, 1, 18, 9, 17, 9, 17, 17, 18, 20, 4, 5, 1, 16, 15, 3, 8, 6, 8, 6, 12, 13, 12, 4, 10, 11, 12, 7, 2, 3, 2, 2, 14, 20, 18, 5, 16, 10, 15, 8, 1, 7, 8, 2, 14, 2, 2, 1, 20, 18, 11, 11, 13, 5, 10, 12, 1, 6, 1, 6, 12, 10, 20, 4, 15, 1, 4, 6, 3, 12, 10, 12, 4, 5, 1, 5, 18, 9, 17, 13, 9, 17, 18, 5, 5, 12, 1, 3, 20, 7, 6, 17, 11, 9, 10, 11, 5, 13, 13, 17, 5, 12, 16, 5, 9, 10, 10, 18, 17, 9, 17, 18, 13, 11, 11, 9, 13, 11, 17, 13, 11, 11, 13]
bestever    2096    in generation 215
[19, 19, 16, 19, 7, 7, 8, 2, 20, 19, 19, 20, 9, 18, 6, 7, 2, 18, 19, 2, 16, 7, 7, 20, 16, 8, 8, 9, 8, 15, 20, 7, 14, 19, 4, 14, 3, 15, 14, 16, 15, 13, 14, 4, 4, 15, 3, 8, 1, 14, 6, 16, 15, 14, 4, 4, 15, 3, 16, 14, 3, 14, 3, 19, 19, 6, 8, 19, 2, 16, 15, 7, 10, 20, 6, 3, 12, 10, 1, 18, 9, 17, 9, 17, 18, 20, 4, 5, 1, 16, 15, 3, 8, 6, 8, 6, 12, 12, 4, 10, 11, 12, 7, 2, 3, 2, 2, 14, 20, 18, 5, 16, 10, 15, 8, 1, 7, 8, 2, 14, 2, 2, 1, 20, 18, 5, 10, 12, 1, 6, 1, 6, 12, 10, 20, 4, 1, 4, 15, 17, 13, 11, 13, 11, 6, 3, 12, 10, 12, 4, 5, 1, 5, 18, 9, 17, 13, 9, 17, 18, 5, 5, 12, 1, 3, 20, 7, 6, 17, 11, 9, 10, 11, 5, 13, 13, 17, 5, 12, 16, 5, 9, 10, 10, 18, 17, 9, 17, 18, 13, 11, 11, 9, 13, 11, 17, 13, 11, 11, 13]
bestever    2091    in generation 223
[19, 19, 16, 19, 7, 7, 8, 2, 20, 19, 19, 20, 9, 18, 6, 7, 2, 18, 19, 2, 16, 7, 7, 20, 16, 8, 8, 9, 8, 15, 20, 7, 14, 7, 4, 14, 3, 15, 14, 16, 15, 13, 14, 4, 4, 15, 3, 8, 1, 14, 6, 16, 15, 14, 4, 4, 15, 3, 16, 14, 3, 14, 3, 19, 19, 6, 8, 19, 2, 16, 15, 19, 10, 20, 6, 3, 12, 10, 1, 18, 9, 17, 9, 17, 18, 20, 4, 5, 1, 16, 15, 3, 8, 6, 8, 6, 12, 12, 4, 10, 11, 12, 7, 2, 3, 2, 2, 14, 20, 18, 5, 16, 10, 15, 8, 1, 7, 8, 2, 14, 2, 2, 1, 20, 18, 5, 10, 12, 1, 6, 1, 6, 12, 10, 20, 4, 1, 4, 15, 17, 13, 11, 13, 11, 6, 3, 12, 10, 12, 4, 5, 1, 5, 18, 9, 17, 13, 9, 17, 18, 5, 5, 12, 1, 3, 20, 7, 6, 17, 11, 9, 10, 5, 13, 5, 12, 16, 5, 10, 10, 18, 9, 17, 13, 11, 17, 9, 17, 18, 13, 11, 11, 9, 13, 11, 17, 13, 11, 11, 13]
bestever    2072    in generation 235
[19, 19, 16, 19, 7, 7, 8, 2, 20, 19, 19, 20, 9, 18, 6, 7, 2, 18, 19, 2, 16, 7, 7, 20, 16, 8, 8, 9, 8, 15, 20, 7, 14, 7, 4, 14, 3, 15, 14, 16, 15, 13, 14, 4, 4, 15, 3, 8, 1, 14, 6, 16, 15, 14, 4, 4, 15, 3, 16, 14, 3, 14, 3, 19, 19, 6, 8, 19, 2, 16, 15, 19, 10, 20, 6, 3, 12, 10, 1, 18, 9, 17, 9, 17, 18, 20, 4, 5, 1, 16, 15, 3, 8, 6, 8, 6, 12, 12, 4, 10, 11, 12, 7, 2, 3, 2, 2, 14, 20, 18, 5, 16, 10, 15, 8, 1, 7, 8, 2, 14, 2, 2, 1, 20, 18, 5, 10, 12, 1, 6, 1, 6, 12, 10, 20, 4, 1, 4, 15, 17, 13, 11, 13, 11, 6, 6, 12, 10, 12, 4, 5, 1, 5, 18, 9, 17, 13, 9, 17, 18, 5, 5, 12, 1, 3, 20, 7, 3, 17, 11, 9, 10, 5, 13, 5, 12, 16, 5, 10, 10, 18, 9, 17, 13, 11, 17, 9, 17, 18, 13, 11, 11, 9, 13, 11, 17, 13, 11, 11, 13]
bestever    2066    in generation 265
[19, 19, 16, 19, 7, 7, 8, 2, 20, 19, 19, 20, 9, 18, 6, 7, 2, 18, 19, 2, 16, 7, 7, 20, 16, 8, 8, 9, 8, 15, 20, 7, 14, 7, 4, 14, 3, 15, 14, 16, 15, 13, 14, 4, 4, 15, 3, 8, 1, 14, 6, 16, 15, 14, 4, 4, 15, 3, 16, 14, 3, 14, 3, 19, 19, 6, 8, 19, 2, 16, 15, 2, 10, 20, 6, 3, 12, 10, 1, 18, 9, 17, 9, 17, 18, 20, 4, 5, 1, 16, 15, 3, 8, 6, 8, 6, 12, 12, 4, 10, 11, 12, 7, 2, 3, 19, 2, 14, 20, 18, 5, 16, 10, 15, 8, 1, 7, 8, 2, 14, 2, 2, 1, 20, 18, 5, 10, 12, 1, 6, 1, 6, 12, 10, 20, 4, 1, 4, 15, 17, 13, 11, 13, 11, 6, 6, 12, 10, 12, 4, 5, 1, 5, 18, 9, 17, 13, 9, 17, 18, 5, 5, 12, 1, 3, 20, 7, 3, 17, 11, 9, 10, 5, 13, 5, 12, 16, 5, 10, 10, 18, 9, 17, 13, 11, 17, 9, 17, 18, 13, 11, 11, 9, 13, 11, 17, 13, 11, 11, 13]
bestever    2050    in generation 276
[19, 19, 16, 19, 7, 7, 8, 2, 20, 19, 19, 20, 9, 18, 6, 7, 2, 18, 19, 2, 16, 7, 7, 20, 16, 8, 8, 9, 8, 15, 20, 7, 14, 7, 4, 14, 3, 15, 14, 16, 15, 13, 14, 4, 4, 15, 3, 8, 1, 14, 6, 16, 15, 14, 4, 4, 15, 3, 6, 14, 3, 14, 3, 19, 19, 6, 8, 19, 2, 16, 15, 19, 10, 20, 6, 3, 12, 15, 1, 18, 9, 17, 9, 17, 18, 20, 4, 5, 1, 16, 15, 3, 8, 16, 8, 6, 12, 12, 4, 10, 11, 12, 7, 2, 3, 2, 2, 14, 20, 18, 5, 16, 10, 15, 8, 1, 7, 8, 2, 14, 2, 2, 1, 20, 18, 5, 10, 12, 1, 6, 1, 6, 12, 10, 20, 4, 1, 4, 10, 17, 13, 11, 13, 11, 6, 6, 12, 10, 12, 4, 5, 1, 5, 18, 9, 17, 13, 9, 17, 18, 5, 5, 12, 1, 3, 20, 7, 3, 17, 11, 9, 10, 5, 13, 5, 12, 16, 5, 10, 10, 18, 9, 17, 13, 11, 17, 9, 17, 18, 13, 11, 11, 9, 13, 11, 17, 13, 11, 11, 13]
bestever    2047    in generation 297
[19, 19, 16, 19, 7, 7, 8, 2, 20, 19, 19, 20, 9, 18, 6, 7, 2, 18, 19, 2, 16, 7, 7, 20, 16, 8, 8, 9, 8, 15, 20, 7, 14, 7, 4, 14, 3, 15, 14, 16, 15, 13, 14, 4, 4, 15, 3, 8, 1, 14, 6, 16, 15, 14, 4, 4, 15, 3, 6, 14, 3, 14, 3, 19, 19, 6, 14, 19, 2, 16, 15, 19, 10, 20, 6, 3, 12, 15, 1, 18, 9, 17, 9, 17, 18, 20, 4, 5, 1, 16, 15, 3, 8, 16, 8, 6, 12, 12, 4, 10, 11, 12, 7, 1, 3, 2, 2, 14, 20, 18, 5, 16, 10, 15, 8, 1, 7, 8, 2, 8, 2, 2, 1, 20, 18, 5, 10, 12, 2, 6, 1, 6, 12, 10, 20, 4, 1, 4, 10, 17, 13, 11, 13, 11, 6, 6, 12, 10, 12, 4, 5, 1, 5, 18, 9, 17, 9, 17, 18, 5, 5, 12, 1, 3, 20, 7, 3, 17, 9, 10, 5, 5, 12, 16, 5, 10, 10, 18, 17, 18, 9, 17, 13, 11, 9, 9, 13, 11, 17, 13, 11, 11, 13, 13, 11, 17, 13, 11, 11, 13]
bestever    2044    in generation 303
[19, 19, 16, 19, 7, 7, 8, 2, 20, 19, 19, 20, 9, 18, 6, 7, 2, 18, 19, 2, 16, 7, 7, 20, 16, 8, 8, 9, 8, 15, 20, 7, 14, 7, 4, 14, 3, 15, 14, 16, 15, 13, 14, 4, 4, 15, 3, 8, 1, 14, 6, 16, 15, 14, 4, 4, 15, 3, 6, 14, 3, 14, 3, 19, 19, 6, 14, 19, 2, 16, 15, 19, 10, 20, 6, 3, 12, 15, 1, 18, 9, 17, 9, 17, 18, 20, 4, 5, 1, 16, 15, 3, 8, 16, 8, 2, 12, 12, 4, 10, 11, 12, 7, 1, 3, 2, 2, 14, 20, 18, 5, 16, 10, 15, 8, 1, 7, 8, 2, 8, 2, 6, 1, 20, 18, 5, 10, 12, 2, 6, 1, 6, 12, 10, 20, 4, 1, 4, 10, 17, 13, 11, 13, 11, 6, 6, 12, 10, 12, 4, 5, 1, 5, 18, 9, 17, 9, 17, 18, 5, 5, 12, 1, 3, 20, 7, 3, 17, 9, 10, 5, 5, 12, 16, 5, 10, 10, 18, 17, 18, 9, 17, 13, 11, 9, 9, 13, 11, 17, 13, 11, 11, 13, 13, 11, 17, 13, 11, 11, 13]
bestever    2030    in generation 327
[19, 19, 16, 19, 7, 7, 8, 2, 20, 19, 19, 20, 9, 18, 6, 7, 2, 18, 19, 2, 16, 7, 7, 20, 16, 8, 8, 9, 8, 15, 20, 7, 14, 7, 4, 14, 3, 15, 14, 16, 15, 13, 14, 4, 4, 15, 3, 8, 1, 14, 6, 16, 15, 14, 4, 4, 15, 3, 6, 14, 3, 14, 3, 19, 19, 6, 14, 19, 2, 16, 15, 19, 10, 20, 6, 3, 12, 15, 1, 18, 9, 17, 9, 17, 18, 20, 4, 5, 1, 16, 15, 3, 8, 16, 8, 2, 12, 12, 4, 11, 12, 7, 1, 3, 2, 2, 14, 20, 18, 5, 16, 10, 15, 8, 1, 7, 8, 2, 8, 2, 6, 20, 18, 5, 10, 12, 2, 6, 1, 6, 12, 10, 20, 1, 4, 10, 1, 4, 10, 17, 13, 11, 13, 11, 6, 6, 12, 10, 12, 4, 5, 1, 5, 18, 9, 17, 9, 17, 18, 5, 5, 12, 1, 3, 20, 7, 3, 17, 9, 10, 5, 5, 12, 16, 5, 10, 10, 18, 17, 18, 9, 17, 13, 11, 9, 9, 13, 11, 17, 13, 11, 11, 13, 13, 11, 17, 13, 11, 11, 13]
bestever    1996    in generation 363
[19, 19, 16, 19, 7, 7, 8, 2, 20, 19, 19, 20, 9, 16, 6, 7, 2, 18, 19, 2, 16, 7, 7, 20, 16, 8, 8, 9, 8, 15, 20, 7, 14, 7, 4, 14, 3, 15, 14, 18, 15, 13, 14, 4, 4, 15, 3, 8, 1, 14, 6, 16, 15, 14, 4, 4, 15, 3, 6, 14, 3, 14, 3, 19, 19, 6, 14, 19, 2, 16, 15, 19, 10, 20, 6, 3, 12, 15, 1, 18, 9, 17, 9, 17, 18, 20, 4, 5, 1, 16, 15, 3, 8, 16, 8, 2, 12, 12, 4, 11, 12, 7, 1, 3, 2, 2, 14, 20, 18, 5, 16, 10, 15, 8, 1, 7, 8, 2, 8, 2, 6, 20, 18, 5, 10, 12, 2, 6, 1, 6, 12, 10, 20, 1, 4, 10, 1, 4, 10, 17, 13, 11, 13, 11, 6, 6, 12, 10, 12, 4, 5, 1, 5, 18, 9, 17, 9, 17, 18, 5, 5, 12, 1, 3, 20, 7, 3, 17, 9, 10, 5, 5, 12, 16, 5, 10, 10, 18, 17, 18, 9, 17, 13, 11, 9, 9, 13, 11, 17, 13, 11, 11, 13, 13, 11, 17, 13, 11, 11, 13]
bestever    1994    in generation 372
[19, 19, 16, 19, 7, 7, 8, 2, 20, 19, 19, 20, 9, 16, 6, 7, 2, 18, 19, 2, 16, 7, 7, 20, 16, 8, 8, 9, 8, 15, 20, 7, 14, 7, 4, 14, 3, 15, 14, 18, 15, 13, 14, 4, 4, 15, 3, 8, 1, 14, 6, 16, 15, 14, 4, 4, 15, 3, 6, 14, 3, 14, 3, 19, 19, 6, 14, 19, 2, 16, 15, 19, 10, 20, 6, 3, 12, 15, 1, 18, 9, 17, 9, 17, 18, 20, 4, 5, 1, 16, 15, 3, 8, 16, 8, 2, 12, 12, 4, 5, 12, 7, 1, 3, 2, 2, 14, 20, 18, 5, 16, 10, 15, 8, 1, 7, 8, 2, 8, 2, 6, 20, 18, 11, 10, 12, 2, 6, 1, 6, 12, 10, 20, 1, 4, 10, 1, 4, 9, 17, 13, 11, 13, 11, 6, 6, 12, 10, 12, 4, 5, 1, 5, 18, 10, 17, 9, 17, 18, 5, 5, 12, 1, 3, 20, 7, 3, 17, 9, 10, 5, 5, 12, 16, 5, 10, 10, 18, 17, 18, 9, 17, 13, 11, 9, 9, 13, 11, 17, 13, 11, 11, 13, 13, 11, 17, 13, 11, 11, 13]
bestever    1988    in generation 403
[19, 19, 16, 19, 7, 7, 8, 2, 20, 19, 19, 20, 9, 16, 6, 7, 2, 18, 19, 2, 16, 7, 7, 20, 16, 8, 8, 9, 8, 15, 20, 7, 14, 7, 4, 14, 3, 15, 14, 18, 15, 13, 14, 4, 4, 15, 3, 8, 1, 14, 6, 16, 15, 14, 4, 4, 15, 3, 6, 14, 3, 14, 3, 19, 19, 6, 14, 19, 2, 16, 15, 19, 1, 20, 6, 3, 12, 15, 1, 18, 9, 17, 9, 17, 18, 20, 4, 5, 1, 16, 15, 3, 8, 16, 8, 2, 12, 12, 4, 5, 12, 7, 1, 3, 2, 2, 14, 20, 18, 5, 16, 10, 15, 8, 1, 7, 8, 2, 8, 2, 6, 20, 18, 11, 10, 12, 2, 6, 10, 6, 12, 10, 20, 1, 4, 10, 1, 4, 9, 17, 13, 11, 13, 11, 6, 6, 12, 10, 12, 4, 5, 1, 5, 18, 10, 17, 9, 17, 18, 5, 5, 12, 1, 3, 20, 7, 3, 17, 9, 10, 5, 5, 12, 16, 5, 10, 10, 18, 17, 18, 9, 17, 13, 11, 9, 9, 13, 11, 17, 13, 11, 11, 13, 13, 11, 17, 13, 11, 11, 13]
bestever    1980    in generation 461
[19, 19, 16, 19, 7, 7, 8, 2, 20, 19, 19, 20, 9, 16, 6, 7, 2, 18, 19, 2, 16, 7, 7, 20, 16, 8, 8, 9, 8, 15, 20, 7, 14, 7, 4, 14, 3, 15, 14, 18, 15, 13, 14, 4, 4, 15, 3, 8, 1, 14, 6, 16, 15, 14, 4, 4, 1, 3, 6, 14, 3, 14, 3, 19, 19, 6, 14, 19, 2, 16, 15, 19, 1, 20, 6, 3, 12, 15, 1, 18, 9, 17, 9, 17, 18, 20, 4, 5, 15, 16, 15, 3, 8, 16, 8, 2, 12, 12, 4, 5, 12, 7, 1, 3, 2, 2, 14, 20, 18, 5, 16, 10, 15, 8, 1, 7, 8, 2, 8, 2, 6, 20, 18, 11, 10, 12, 2, 6, 10, 6, 12, 10, 20, 1, 4, 10, 1, 4, 9, 17, 13, 6, 6, 12, 10, 12, 4, 5, 1, 18, 5, 10, 17, 9, 17, 18, 5, 5, 12, 1, 3, 20, 7, 3, 17, 9, 11, 11, 13, 10, 5, 5, 12, 16, 5, 10, 10, 18, 17, 18, 9, 17, 13, 11, 9, 9, 13, 11, 17, 13, 11, 11, 13, 13, 11, 17, 13, 11, 11, 13]
bestever    1948    in generation 478
[19, 19, 16, 19, 7, 7, 8, 2, 20, 19, 19, 20, 9, 16, 6, 7, 2, 2, 19, 2, 16, 7, 7, 20, 16, 8, 8, 9, 8, 15, 20, 7, 14, 7, 4, 14, 3, 15, 14, 18, 15, 13, 14, 4, 4, 15, 3, 8, 1, 14, 6, 16, 15, 14, 4, 4, 1, 3, 6, 14, 3, 14, 3, 19, 19, 6, 14, 19, 18, 16, 15, 19, 1, 20, 6, 3, 12, 15, 1, 18, 9, 17, 9, 17, 18, 20, 4, 5, 15, 16, 15, 3, 8, 16, 8, 2, 12, 12, 4, 5, 12, 7, 1, 3, 2, 2, 14, 20, 18, 5, 16, 10, 15, 8, 1, 7, 8, 2, 8, 2, 6, 20, 18, 11, 10, 12, 2, 6, 10, 6, 12, 10, 20, 1, 4, 10, 1, 4, 9, 17, 13, 6, 6, 12, 10, 12, 4, 5, 1, 18, 5, 10, 17, 9, 17, 18, 5, 5, 12, 1, 3, 20, 7, 3, 17, 9, 11, 11, 13, 10, 5, 5, 12, 16, 5, 10, 10, 18, 17, 18, 9, 17, 13, 11, 9, 9, 13, 11, 17, 13, 11, 11, 13, 13, 11, 17, 13, 11, 11, 13]
bestever    1940    in generation 479
[19, 19, 16, 19, 7, 7, 8, 2, 20, 19, 19, 20, 9, 16, 6, 7, 2, 2, 19, 2, 16, 7, 7, 20, 16, 8, 8, 9, 8, 15, 20, 7, 14, 7, 4, 14, 3, 15, 14, 18, 15, 14, 4, 4, 15, 3, 8, 1, 14, 6, 16, 15, 14, 4, 4, 1, 3, 6, 14, 3, 14, 3, 19, 19, 6, 14, 19, 18, 16, 15, 19, 1, 20, 6, 3, 12, 15, 1, 18, 9, 17, 9, 17, 18, 20, 4, 5, 15, 16, 15, 3, 8, 16, 8, 2, 12, 12, 4, 5, 12, 7, 1, 3, 2, 2, 14, 20, 18, 5, 16, 10, 15, 8, 1, 8, 2, 8, 2, 6, 20, 18, 10, 12, 2, 6, 10, 6, 12, 10, 20, 1, 4, 10, 1, 4, 9, 17, 6, 6, 12, 10, 12, 4, 5, 1, 18, 5, 10, 9, 18, 5, 5, 12, 1, 3, 7, 17, 17, 13, 11, 13, 20, 7, 3, 17, 9, 11, 11, 13, 10, 5, 5, 12, 16, 5, 10, 10, 18, 17, 18, 9, 17, 13, 11, 9, 9, 13, 11, 17, 13, 11, 11, 13, 13, 11, 17, 13, 11, 11, 13]
bestever    1911    in generation 597
[19, 19, 16, 19, 7, 7, 8, 2, 2, 20, 19, 19, 20, 9, 16, 6, 7, 2, 19, 2, 16, 7, 16, 20, 7, 8, 8, 9, 8, 15, 20, 7, 14, 7, 4, 14, 3, 15, 14, 18, 15, 14, 4, 4, 15, 3, 8, 1, 14, 6, 16, 15, 14, 4, 4, 1, 3, 6, 14, 3, 14, 3, 19, 19, 6, 14, 19, 18, 16, 15, 19, 1, 20, 6, 3, 12, 15, 1, 18, 9, 17, 9, 17, 18, 20, 4, 5, 15, 16, 15, 3, 8, 16, 8, 2, 12, 12, 4, 5, 12, 7, 1, 3, 2, 2, 14, 20, 18, 5, 16, 10, 15, 8, 1, 8, 2, 8, 2, 6, 20, 18, 10, 12, 2, 6, 10, 6, 12, 10, 20, 1, 4, 10, 1, 4, 9, 17, 6, 6, 12, 10, 12, 4, 5, 1, 18, 5, 10, 9, 18, 5, 5, 12, 1, 3, 7, 17, 17, 13, 11, 20, 7, 3, 17, 9, 10, 11, 13, 13, 11, 5, 5, 12, 16, 5, 10, 10, 18, 17, 18, 9, 17, 13, 11, 9, 9, 13, 11, 17, 13, 11, 11, 13, 13, 11, 17, 13, 11, 11, 13]
bestever    1900    in generation 654
[19, 19, 16, 19, 7, 7, 8, 2, 2, 20, 19, 19, 20, 9, 16, 6, 7, 2, 19, 2, 16, 7, 16, 20, 7, 8, 8, 9, 8, 15, 20, 7, 14, 7, 4, 14, 3, 15, 14, 18, 15, 14, 4, 4, 15, 3, 8, 1, 14, 6, 16, 15, 14, 4, 4, 1, 3, 6, 14, 3, 14, 3, 19, 19, 6, 14, 19, 18, 16, 15, 19, 1, 20, 6, 3, 12, 15, 1, 18, 9, 17, 9, 17, 18, 20, 4, 5, 15, 16, 15, 3, 8, 16, 8, 2, 12, 12, 4, 5, 12, 7, 1, 3, 2, 2, 14, 20, 18, 5, 16, 10, 15, 8, 1, 8, 2, 8, 2, 6, 20, 18, 10, 12, 2, 6, 10, 6, 12, 10, 20, 1, 4, 10, 1, 4, 9, 17, 6, 6, 12, 10, 12, 4, 11, 1, 18, 5, 10, 9, 18, 5, 5, 12, 1, 3, 7, 17, 17, 13, 11, 20, 7, 3, 17, 9, 10, 11, 13, 13, 11, 5, 5, 12, 16, 5, 10, 10, 18, 17, 18, 9, 17, 13, 11, 9, 9, 13, 11, 17, 13, 11, 5, 13, 13, 11, 17, 13, 11, 11, 13]
bestever    1896    in generation 656
[19, 19, 16, 19, 7, 7, 8, 2, 2, 20, 19, 19, 20, 9, 16, 6, 7, 2, 19, 2, 16, 7, 16, 20, 7, 8, 8, 9, 8, 15, 20, 7, 14, 7, 4, 14, 3, 15, 14, 18, 15, 14, 4, 4, 15, 3, 8, 1, 14, 6, 16, 15, 14, 4, 4, 1, 3, 6, 14, 3, 14, 3, 19, 19, 6, 14, 19, 18, 16, 15, 19, 1, 20, 6, 3, 12, 15, 1, 18, 9, 17, 2, 17, 18, 20, 4, 5, 15, 16, 15, 3, 8, 16, 8, 2, 12, 12, 4, 5, 12, 7, 1, 3, 9, 2, 14, 20, 18, 5, 16, 10, 15, 8, 1, 8, 2, 8, 2, 6, 20, 18, 10, 12, 2, 6, 10, 6, 12, 10, 20, 1, 4, 10, 1, 4, 9, 17, 6, 6, 12, 10, 12, 4, 11, 1, 18, 5, 10, 9, 18, 5, 5, 12, 1, 3, 7, 17, 17, 13, 11, 20, 7, 3, 17, 9, 10, 11, 13, 13, 11, 5, 5, 12, 16, 5, 10, 10, 18, 17, 18, 9, 17, 13, 11, 9, 9, 13, 11, 17, 13, 11, 5, 13, 13, 11, 17, 13, 11, 11, 13]
bestever    1891    in generation 749
[19, 16, 16, 19, 7, 7, 8, 2, 2, 20, 19, 19, 20, 9, 16, 6, 7, 2, 19, 2, 19, 7, 16, 20, 7, 8, 8, 9, 8, 15, 20, 7, 14, 7, 4, 14, 3, 15, 14, 18, 15, 14, 4, 4, 15, 3, 8, 1, 14, 6, 16, 15, 14, 4, 4, 1, 3, 6, 14, 3, 14, 3, 19, 19, 6, 14, 19, 18, 16, 15, 19, 1, 20, 6, 3, 12, 15, 1, 18, 9, 17, 2, 17, 18, 20, 4, 5, 15, 16, 15, 3, 8, 16, 8, 2, 12, 12, 4, 5, 12, 7, 1, 3, 9, 2, 14, 20, 18, 5, 16, 10, 15, 8, 1, 8, 2, 8, 2, 6, 20, 18, 10, 12, 2, 6, 10, 6, 12, 10, 20, 1, 4, 10, 1, 4, 9, 17, 6, 6, 12, 10, 12, 4, 11, 1, 18, 5, 10, 9, 18, 5, 5, 12, 1, 3, 7, 17, 17, 13, 11, 20, 7, 3, 17, 9, 10, 11, 13, 13, 11, 5, 5, 12, 16, 5, 10, 10, 18, 17, 18, 9, 17, 13, 11, 9, 9, 13, 11, 17, 13, 11, 5, 13, 13, 11, 17, 13, 11, 11, 13]
bestever    1886    in generation 753
[19, 16, 16, 19, 7, 7, 8, 2, 2, 20, 19, 19, 20, 9, 16, 6, 7, 2, 19, 2, 19, 7, 16, 20, 7, 8, 8, 9, 8, 15, 20, 7, 14, 7, 4, 14, 3, 15, 14, 18, 15, 14, 4, 4, 15, 3, 8, 1, 14, 6, 16, 15, 14, 4, 4, 1, 3, 6, 14, 3, 14, 3, 19, 19, 8, 14, 19, 18, 16, 15, 19, 1, 20, 6, 3, 12, 15, 1, 18, 9, 17, 2, 17, 18, 20, 4, 5, 15, 16, 15, 3, 8, 16, 6, 2, 12, 12, 4, 5, 12, 7, 1, 3, 9, 2, 14, 20, 18, 5, 16, 10, 15, 8, 1, 8, 2, 8, 2, 6, 20, 18, 10, 12, 2, 6, 10, 6, 12, 10, 20, 1, 4, 10, 1, 4, 9, 17, 6, 6, 12, 10, 12, 4, 11, 1, 18, 5, 10, 9, 18, 5, 5, 12, 1, 3, 7, 17, 17, 13, 11, 20, 7, 3, 17, 9, 10, 11, 13, 13, 11, 5, 5, 12, 16, 5, 10, 10, 18, 17, 18, 9, 17, 13, 11, 9, 9, 13, 11, 17, 13, 11, 5, 13, 13, 11, 17, 13, 11, 11, 13]
bestever    1868    in generation 778
[19, 16, 16, 19, 7, 7, 8, 2, 2, 20, 19, 19, 20, 9, 16, 6, 7, 2, 19, 2, 19, 7, 16, 20, 7, 8, 8, 14, 8, 15, 20, 7, 14, 7, 4, 14, 3, 15, 9, 18, 15, 14, 4, 4, 15, 3, 8, 1, 14, 6, 16, 15, 14, 4, 4, 1, 3, 6, 14, 3, 14, 3, 19, 19, 8, 14, 19, 18, 16, 15, 19, 1, 20, 6, 3, 12, 15, 1, 18, 9, 17, 2, 17, 18, 20, 4, 5, 15, 16, 15, 3, 8, 16, 6, 2, 12, 12, 4, 5, 12, 7, 1, 3, 9, 2, 14, 20, 18, 5, 16, 10, 15, 8, 1, 8, 2, 8, 2, 6, 20, 18, 10, 12, 2, 6, 10, 6, 12, 10, 20, 1, 4, 10, 1, 4, 9, 17, 6, 6, 12, 10, 12, 4, 11, 1, 18, 5, 10, 9, 18, 5, 5, 12, 1, 3, 7, 17, 17, 13, 11, 20, 7, 3, 17, 9, 10, 11, 13, 13, 11, 5, 5, 12, 16, 5, 10, 10, 18, 17, 18, 9, 17, 13, 11, 9, 9, 13, 11, 17, 13, 11, 5, 13, 13, 11, 17, 13, 11, 11, 13]
bestever    1858    in generation 793
[19, 16, 16, 19, 7, 7, 8, 2, 2, 20, 19, 19, 20, 9, 16, 4, 7, 2, 19, 2, 19, 7, 16, 20, 7, 8, 8, 14, 8, 15, 20, 7, 14, 7, 4, 14, 3, 15, 9, 18, 15, 14, 4, 6, 15, 3, 8, 1, 14, 6, 16, 15, 14, 4, 4, 1, 3, 6, 14, 3, 14, 3, 19, 19, 8, 14, 19, 18, 16, 15, 19, 1, 20, 6, 3, 12, 15, 1, 18, 9, 17, 2, 17, 18, 20, 4, 5, 15, 16, 15, 3, 8, 16, 6, 2, 12, 12, 4, 5, 12, 7, 1, 3, 9, 2, 14, 20, 18, 5, 16, 10, 15, 8, 1, 8, 2, 8, 2, 6, 20, 18, 10, 12, 2, 6, 10, 6, 12, 10, 20, 1, 4, 10, 1, 4, 9, 17, 6, 6, 12, 10, 12, 4, 11, 1, 18, 5, 10, 9, 18, 5, 5, 12, 1, 3, 7, 17, 17, 13, 11, 20, 7, 3, 17, 9, 10, 11, 13, 13, 11, 5, 5, 12, 16, 5, 10, 10, 18, 17, 18, 9, 17, 13, 11, 9, 9, 13, 11, 17, 13, 11, 5, 13, 13, 11, 17, 13, 11, 11, 13]
bestever    1849    in generation 797
[19, 16, 16, 19, 7, 7, 8, 2, 2, 20, 19, 19, 20, 9, 16, 4, 7, 2, 19, 2, 19, 7, 16, 20, 7, 8, 8, 14, 8, 15, 20, 7, 14, 7, 4, 14, 3, 15, 9, 18, 15, 14, 4, 6, 15, 3, 8, 1, 14, 6, 16, 15, 14, 4, 4, 1, 3, 6, 14, 3, 14, 3, 19, 19, 8, 14, 19, 18, 16, 15, 19, 1, 20, 6, 3, 12, 15, 1, 18, 9, 17, 2, 17, 18, 20, 4, 5, 15, 16, 15, 3, 8, 16, 6, 2, 12, 12, 4, 5, 12, 7, 1, 3, 9, 2, 14, 20, 18, 5, 16, 10, 15, 8, 1, 8, 2, 8, 2, 6, 20, 18, 10, 12, 2, 6, 10, 6, 12, 10, 20, 1, 4, 10, 1, 4, 9, 17, 6, 6, 12, 10, 12, 4, 11, 1, 18, 5, 10, 9, 18, 5, 5, 12, 1, 3, 7, 18, 17, 13, 11, 20, 7, 3, 17, 9, 10, 11, 13, 13, 11, 5, 5, 12, 16, 5, 10, 10, 17, 17, 18, 9, 17, 13, 11, 9, 9, 13, 11, 17, 13, 11, 5, 13, 13, 11, 17, 13, 11, 11, 13]
bestever    1843    in generation 843
[19, 16, 16, 19, 7, 7, 8, 2, 2, 20, 19, 19, 20, 9, 16, 4, 7, 2, 19, 2, 19, 7, 16, 20, 7, 8, 8, 14, 8, 15, 20, 7, 14, 7, 4, 14, 3, 15, 9, 19, 15, 14, 4, 6, 15, 3, 8, 1, 14, 6, 16, 15, 14, 4, 4, 1, 3, 6, 14, 3, 14, 3, 18, 19, 8, 14, 19, 18, 16, 15, 19, 1, 20, 6, 3, 12, 15, 1, 18, 9, 17, 2, 17, 18, 20, 4, 5, 15, 16, 15, 3, 8, 16, 6, 2, 12, 12, 4, 5, 12, 7, 1, 3, 9, 2, 14, 20, 18, 5, 16, 10, 15, 8, 1, 8, 2, 8, 2, 6, 20, 18, 10, 12, 2, 6, 10, 6, 12, 10, 20, 1, 4, 10, 1, 4, 9, 17, 6, 6, 12, 10, 12, 4, 11, 1, 18, 5, 10, 9, 18, 5, 5, 12, 1, 3, 7, 18, 17, 13, 11, 20, 7, 3, 17, 9, 10, 11, 13, 13, 11, 5, 5, 12, 16, 5, 10, 10, 17, 17, 18, 9, 17, 13, 11, 9, 9, 13, 11, 17, 13, 11, 5, 13, 13, 11, 17, 13, 11, 11, 13]
bestever    1827    in generation 911
[19, 16, 16, 19, 7, 7, 8, 2, 2, 20, 19, 19, 20, 9, 16, 4, 7, 2, 19, 2, 19, 7, 16, 20, 7, 8, 8, 14, 8, 15, 20, 7, 14, 7, 4, 14, 3, 15, 9, 19, 15, 14, 4, 6, 15, 3, 8, 1, 14, 6, 16, 15, 14, 4, 4, 1, 3, 6, 14, 3, 14, 3, 17, 19, 8, 14, 19, 18, 16, 15, 19, 1, 20, 6, 3, 12, 15, 1, 18, 9, 18, 2, 17, 18, 20, 4, 5, 15, 16, 15, 3, 8, 16, 6, 2, 12, 12, 4, 5, 12, 7, 1, 3, 9, 2, 14, 20, 18, 5, 16, 10, 15, 8, 1, 8, 2, 8, 2, 6, 20, 18, 10, 12, 2, 6, 10, 6, 12, 10, 20, 1, 4, 10, 1, 4, 9, 17, 6, 6, 12, 10, 12, 4, 11, 1, 18, 5, 10, 9, 18, 5, 5, 12, 1, 3, 7, 18, 17, 13, 20, 7, 3, 17, 9, 10, 5, 5, 12, 16, 5, 10, 10, 17, 17, 18, 9, 11, 13, 11, 17, 13, 11, 13, 11, 9, 9, 13, 11, 17, 13, 11, 5, 13, 13, 11, 17, 13, 11, 11, 13]
bestever    1826    in generation 937
[19, 16, 16, 19, 7, 7, 8, 2, 2, 20, 19, 19, 20, 9, 16, 4, 7, 2, 19, 2, 19, 7, 16, 20, 7, 8, 8, 14, 8, 15, 20, 7, 14, 7, 4, 14, 3, 15, 9, 19, 15, 14, 4, 6, 15, 3, 8, 1, 14, 6, 16, 15, 14, 4, 4, 1, 3, 6, 14, 3, 14, 3, 17, 19, 8, 15, 19, 18, 16, 15, 19, 1, 20, 6, 3, 12, 14, 1, 18, 9, 18, 2, 17, 18, 20, 4, 5, 15, 16, 15, 3, 8, 16, 6, 2, 12, 12, 4, 5, 12, 7, 1, 3, 9, 2, 14, 20, 18, 5, 16, 10, 15, 8, 1, 8, 2, 8, 2, 6, 20, 18, 10, 12, 2, 6, 10, 6, 12, 10, 20, 1, 4, 10, 1, 4, 9, 17, 6, 6, 12, 10, 12, 4, 11, 1, 18, 5, 10, 9, 18, 5, 5, 12, 1, 3, 7, 18, 17, 13, 20, 7, 3, 17, 9, 10, 5, 5, 12, 16, 5, 10, 10, 17, 17, 18, 9, 11, 13, 11, 17, 13, 11, 13, 11, 9, 9, 13, 11, 17, 13, 11, 5, 13, 13, 11, 17, 13, 11, 11, 13]
bestever    1813    in generation 996
[19, 16, 16, 19, 7, 7, 8, 2, 2, 20, 19, 19, 20, 9, 16, 4, 7, 2, 19, 2, 19, 7, 16, 20, 7, 8, 8, 14, 8, 15, 20, 7, 14, 7, 4, 14, 3, 15, 9, 19, 15, 14, 4, 6, 15, 3, 8, 1, 14, 6, 16, 15, 14, 4, 4, 1, 3, 6, 14, 3, 14, 3, 17, 19, 8, 15, 19, 18, 16, 15, 19, 1, 20, 6, 3, 12, 14, 1, 18, 9, 18, 2, 17, 18, 20, 4, 5, 15, 16, 15, 3, 8, 16, 6, 2, 12, 12, 4, 5, 12, 7, 1, 3, 9, 2, 14, 20, 18, 5, 16, 10, 15, 8, 1, 8, 2, 8, 2, 6, 20, 18, 10, 12, 2, 6, 10, 6, 12, 10, 18, 1, 4, 10, 1, 4, 9, 6, 6, 12, 10, 12, 4, 11, 1, 20, 5, 10, 9, 18, 5, 5, 12, 1, 3, 7, 18, 13, 20, 7, 3, 17, 9, 10, 5, 12, 16, 5, 17, 17, 5, 10, 10, 17, 17, 18, 9, 11, 13, 11, 17, 13, 11, 13, 11, 9, 9, 13, 11, 17, 13, 11, 5, 13, 13, 11, 17, 13, 11, 11, 13]
bestever    1810    in generation 1008
[19, 16, 16, 19, 7, 7, 8, 2, 2, 20, 19, 19, 20, 9, 16, 4, 7, 2, 19, 2, 19, 7, 16, 20, 7, 8, 8, 14, 8, 15, 20, 7, 14, 7, 4, 14, 3, 15, 9, 19, 15, 14, 4, 6, 15, 3, 8, 1, 14, 6, 16, 15, 14, 4, 4, 1, 3, 6, 14, 3, 14, 3, 17, 19, 8, 15, 19, 18, 16, 15, 19, 18, 20, 6, 3, 12, 14, 1, 18, 9, 1, 2, 17, 18, 20, 4, 5, 15, 16, 15, 3, 8, 16, 6, 2, 12, 12, 4, 5, 12, 7, 1, 3, 9, 2, 14, 20, 18, 5, 16, 10, 15, 8, 1, 8, 2, 8, 2, 6, 20, 18, 10, 12, 2, 6, 10, 6, 12, 10, 18, 1, 4, 10, 1, 4, 9, 6, 6, 12, 10, 12, 4, 11, 1, 20, 5, 10, 9, 18, 5, 5, 12, 1, 3, 7, 18, 13, 20, 7, 3, 17, 9, 10, 5, 12, 16, 5, 17, 17, 5, 10, 10, 17, 17, 18, 9, 11, 13, 11, 17, 13, 11, 13, 11, 9, 9, 13, 11, 17, 13, 11, 5, 13, 13, 11, 17, 13, 11, 11, 13]
bestever    1807    in generation 1055
[19, 16, 16, 19, 7, 7, 8, 2, 2, 20, 19, 19, 20, 9, 16, 4, 7, 2, 19, 2, 19, 7, 16, 20, 7, 8, 8, 14, 8, 15, 20, 7, 14, 7, 4, 14, 3, 15, 9, 19, 15, 14, 4, 6, 15, 3, 8, 1, 14, 6, 16, 15, 14, 4, 4, 1, 3, 6, 14, 3, 14, 3, 19, 8, 15, 19, 18, 16, 15, 19, 18, 20, 6, 3, 12, 14, 1, 18, 9, 1, 2, 18, 20, 4, 5, 15, 16, 15, 3, 8, 16, 6, 2, 12, 12, 4, 5, 12, 7, 1, 3, 9, 2, 14, 20, 18, 5, 16, 10, 15, 8, 1, 8, 2, 8, 2, 6, 20, 18, 10, 12, 2, 6, 10, 6, 12, 10, 18, 1, 4, 10, 1, 4, 9, 6, 6, 12, 10, 12, 4, 11, 1, 20, 5, 10, 18, 5, 5, 12, 1, 3, 7, 18, 13, 20, 7, 3, 9, 10, 12, 17, 5, 17, 17, 9, 16, 5, 17, 17, 5, 10, 10, 17, 17, 18, 9, 11, 13, 11, 17, 13, 11, 13, 11, 9, 9, 13, 11, 17, 13, 11, 5, 13, 13, 11, 17, 13, 11, 11, 13]
bestever    1805    in generation 1095
[19, 16, 16, 19, 7, 7, 8, 2, 2, 20, 19, 19, 20, 9, 16, 4, 7, 2, 19, 2, 19, 7, 16, 20, 7, 8, 8, 14, 8, 15, 20, 7, 14, 7, 4, 14, 3, 15, 9, 19, 15, 14, 4, 6, 15, 3, 8, 1, 14, 6, 16, 15, 14, 4, 4, 1, 3, 6, 14, 3, 14, 3, 19, 8, 15, 19, 18, 16, 15, 19, 18, 20, 6, 3, 12, 14, 1, 18, 9, 1, 2, 18, 20, 4, 5, 15, 16, 15, 3, 8, 16, 6, 2, 12, 12, 4, 5, 12, 7, 1, 3, 9, 2, 14, 20, 18, 5, 16, 10, 15, 8, 1, 8, 2, 8, 2, 6, 20, 18, 10, 12, 2, 6, 10, 6, 12, 10, 18, 1, 4, 10, 1, 4, 9, 6, 6, 12, 10, 17, 4, 11, 1, 20, 5, 10, 18, 5, 5, 12, 1, 3, 7, 18, 13, 20, 7, 3, 9, 10, 12, 17, 5, 17, 17, 9, 16, 5, 12, 17, 5, 10, 10, 17, 17, 18, 9, 11, 13, 11, 17, 13, 11, 13, 11, 9, 9, 13, 11, 17, 13, 11, 5, 13, 13, 11, 17, 13, 11, 11, 13]
bestever    1804    in generation 1111
[19, 16, 16, 19, 7, 7, 8, 2, 2, 20, 19, 19, 20, 9, 16, 4, 7, 2, 19, 2, 19, 7, 16, 20, 7, 8, 8, 14, 8, 15, 20, 7, 14, 7, 4, 14, 3, 15, 9, 19, 15, 14, 4, 6, 15, 3, 8, 1, 14, 6, 16, 15, 14, 4, 4, 1, 3, 6, 14, 3, 14, 3, 19, 8, 15, 19, 18, 16, 15, 19, 18, 20, 6, 3, 12, 14, 1, 18, 9, 1, 2, 18, 20, 4, 15, 16, 15, 3, 8, 16, 6, 2, 12, 12, 4, 12, 7, 1, 3, 9, 2, 14, 20, 18, 5, 16, 10, 15, 8, 1, 8, 2, 8, 2, 6, 20, 18, 10, 12, 2, 6, 10, 6, 12, 10, 6, 1, 4, 10, 1, 4, 9, 6, 18, 12, 10, 4, 11, 1, 20, 5, 10, 18, 5, 5, 12, 5, 5, 12, 1, 3, 7, 18, 13, 20, 7, 3, 9, 10, 12, 17, 5, 17, 17, 9, 16, 5, 17, 17, 5, 10, 10, 17, 17, 18, 9, 11, 13, 11, 17, 13, 11, 13, 11, 9, 9, 13, 11, 17, 13, 11, 5, 13, 13, 11, 17, 13, 11, 11, 13]
bestever    1799    in generation 1132
[19, 16, 16, 19, 7, 7, 8, 2, 2, 20, 19, 19, 20, 9, 16, 4, 7, 2, 19, 2, 19, 7, 16, 20, 7, 8, 8, 14, 8, 15, 20, 7, 14, 7, 4, 14, 3, 15, 9, 19, 15, 14, 4, 6, 15, 3, 8, 1, 14, 6, 16, 15, 14, 4, 4, 1, 3, 6, 14, 3, 14, 3, 19, 8, 15, 19, 18, 16, 15, 19, 18, 20, 6, 3, 12, 14, 1, 18, 9, 1, 2, 18, 20, 4, 15, 16, 15, 3, 8, 16, 6, 2, 12, 12, 4, 12, 7, 1, 3, 9, 2, 14, 20, 18, 5, 16, 10, 15, 8, 1, 8, 2, 8, 2, 6, 20, 18, 10, 12, 2, 6, 10, 6, 12, 10, 6, 1, 4, 10, 1, 4, 9, 6, 18, 12, 10, 4, 11, 1, 20, 5, 10, 18, 5, 5, 9, 5, 5, 12, 1, 3, 7, 18, 13, 20, 7, 3, 12, 10, 12, 17, 5, 17, 17, 9, 16, 5, 17, 17, 5, 10, 10, 17, 17, 18, 9, 11, 13, 11, 17, 13, 11, 13, 11, 9, 9, 13, 11, 17, 13, 11, 5, 13, 13, 11, 17, 13, 11, 11, 13]
bestever    1798    in generation 1194
[19, 16, 16, 19, 7, 7, 8, 2, 2, 20, 19, 19, 20, 9, 16, 4, 7, 2, 19, 2, 19, 7, 16, 20, 7, 8, 8, 14, 8, 15, 20, 7, 14, 7, 4, 14, 3, 15, 9, 19, 15, 14, 4, 6, 15, 3, 8, 1, 14, 6, 16, 15, 14, 4, 4, 1, 3, 6, 14, 3, 14, 3, 19, 8, 16, 19, 18, 16, 15, 19, 18, 20, 6, 3, 12, 14, 1, 18, 9, 1, 2, 18, 20, 4, 15, 16, 15, 3, 8, 15, 6, 2, 12, 12, 4, 12, 7, 1, 3, 9, 2, 14, 20, 18, 5, 16, 10, 15, 8, 1, 8, 2, 8, 2, 6, 20, 18, 10, 12, 2, 6, 10, 6, 12, 10, 6, 1, 4, 10, 1, 4, 9, 6, 18, 12, 10, 4, 11, 1, 20, 5, 10, 18, 5, 5, 9, 5, 5, 12, 1, 3, 7, 18, 13, 20, 7, 3, 12, 10, 12, 17, 5, 17, 17, 9, 16, 5, 17, 17, 5, 10, 10, 17, 17, 18, 9, 11, 13, 11, 17, 13, 11, 13, 11, 9, 9, 13, 11, 17, 13, 11, 5, 13, 13, 11, 17, 13, 11, 11, 13]
bestever    1795    in generation 1219
[19, 16, 16, 19, 7, 7, 8, 2, 2, 20, 19, 19, 20, 9, 16, 4, 7, 2, 19, 2, 19, 7, 16, 20, 7, 8, 8, 14, 8, 15, 20, 7, 14, 7, 4, 14, 3, 15, 9, 19, 15, 14, 4, 6, 15, 3, 8, 1, 14, 6, 16, 15, 14, 4, 4, 1, 3, 6, 14, 3, 14, 3, 19, 8, 16, 19, 18, 16, 15, 19, 18, 20, 6, 3, 12, 14, 1, 18, 9, 1, 2, 18, 20, 4, 15, 16, 15, 3, 8, 15, 6, 2, 12, 12, 4, 12, 7, 1, 3, 9, 2, 14, 20, 18, 5, 16, 10, 15, 8, 1, 8, 2, 8, 2, 6, 20, 18, 10, 12, 2, 6, 10, 6, 12, 10, 6, 1, 4, 10, 1, 4, 9, 6, 18, 12, 10, 4, 11, 1, 20, 5, 10, 18, 5, 5, 5, 5, 12, 1, 3, 7, 18, 13, 20, 7, 3, 12, 10, 12, 17, 5, 17, 9, 16, 5, 17, 5, 17, 17, 9, 10, 10, 17, 17, 18, 9, 11, 13, 11, 17, 13, 11, 13, 11, 9, 9, 13, 11, 17, 13, 11, 5, 13, 13, 11, 17, 13, 11, 11, 13]
bestever    1789    in generation 1223
[19, 16, 16, 19, 7, 7, 8, 2, 2, 20, 19, 19, 20, 9, 16, 4, 7, 2, 19, 2, 19, 7, 16, 20, 16, 8, 8, 14, 8, 15, 20, 7, 14, 7, 4, 14, 3, 15, 9, 19, 15, 14, 4, 6, 15, 3, 8, 1, 14, 6, 16, 15, 14, 4, 4, 1, 3, 6, 14, 3, 14, 3, 19, 8, 16, 19, 18, 16, 15, 19, 18, 20, 6, 3, 12, 14, 1, 18, 9, 1, 2, 18, 20, 4, 15, 16, 15, 3, 8, 15, 6, 2, 12, 12, 4, 12, 7, 1, 3, 9, 2, 14, 20, 18, 5, 16, 10, 15, 8, 1, 8, 2, 8, 2, 6, 20, 18, 10, 12, 2, 6, 10, 6, 12, 10, 6, 1, 4, 10, 1, 4, 9, 6, 18, 12, 10, 4, 11, 1, 20, 5, 10, 18, 5, 5, 5, 5, 12, 1, 3, 7, 18, 13, 20, 7, 3, 12, 10, 12, 17, 5, 17, 9, 7, 5, 17, 5, 17, 17, 9, 10, 10, 17, 17, 18, 9, 11, 13, 11, 17, 13, 11, 13, 11, 9, 9, 13, 11, 17, 13, 11, 5, 13, 13, 11, 17, 13, 11, 11, 13]
bestever    1785    in generation 1303
[19, 16, 16, 19, 7, 7, 8, 2, 2, 20, 19, 19, 20, 9, 16, 4, 7, 2, 19, 2, 19, 7, 16, 20, 16, 8, 8, 14, 8, 15, 20, 7, 14, 7, 4, 14, 3, 15, 9, 19, 15, 14, 4, 6, 15, 3, 8, 1, 14, 6, 16, 15, 14, 4, 4, 1, 3, 6, 14, 3, 14, 3, 19, 8, 16, 19, 18, 16, 15, 19, 18, 20, 6, 3, 12, 14, 1, 18, 9, 1, 2, 18, 20, 4, 15, 16, 15, 3, 8, 15, 6, 2, 12, 12, 4, 12, 7, 1, 3, 9, 2, 14, 20, 18, 5, 16, 10, 15, 8, 1, 8, 2, 8, 2, 6, 20, 18, 10, 12, 2, 6, 10, 6, 12, 10, 6, 1, 4, 10, 1, 4, 9, 6, 18, 12, 10, 4, 11, 1, 20, 5, 10, 18, 5, 5, 5, 5, 12, 1, 3, 7, 18, 13, 20, 7, 3, 12, 10, 12, 17, 5, 17, 9, 7, 5, 17, 5, 17, 17, 9, 10, 10, 17, 17, 18, 9, 11, 13, 11, 17, 13, 11, 13, 11, 9, 13, 13, 11, 17, 13, 11, 5, 13, 13, 11, 17, 9, 11, 11, 13]
bestever    1782    in generation 1338
[19, 16, 16, 19, 7, 7, 8, 2, 2, 20, 19, 19, 20, 9, 16, 4, 7, 2, 19, 2, 19, 7, 16, 20, 16, 8, 8, 14, 8, 15, 20, 7, 14, 7, 4, 14, 3, 15, 9, 19, 15, 14, 4, 6, 15, 3, 8, 1, 14, 6, 16, 15, 14, 4, 4, 1, 3, 6, 14, 3, 14, 3, 19, 8, 16, 19, 18, 16, 15, 19, 18, 20, 6, 3, 12, 14, 1, 18, 9, 1, 2, 18, 20, 4, 15, 16, 15, 3, 8, 15, 6, 2, 12, 12, 4, 12, 7, 1, 3, 9, 2, 14, 20, 18, 5, 16, 10, 15, 8, 1, 8, 2, 8, 2, 6, 20, 18, 10, 12, 2, 6, 10, 6, 12, 10, 6, 1, 4, 10, 1, 4, 9, 6, 18, 12, 10, 4, 11, 1, 20, 5, 10, 18, 5, 5, 5, 5, 12, 1, 3, 7, 18, 13, 20, 7, 3, 12, 10, 12, 17, 5, 17, 9, 7, 5, 17, 5, 17, 17, 9, 10, 10, 17, 17, 18, 9, 11, 13, 11, 17, 13, 11, 13, 11, 13, 13, 11, 13, 5, 9, 17, 9, 11, 13, 11, 17, 13, 11, 13, 11]
bestever    1777    in generation 1482
[19, 16, 16, 19, 7, 7, 8, 2, 2, 20, 19, 19, 20, 9, 16, 4, 7, 2, 19, 2, 19, 7, 16, 20, 16, 8, 8, 14, 8, 15, 20, 7, 14, 7, 4, 14, 3, 15, 16, 19, 15, 14, 4, 6, 15, 3, 8, 1, 14, 15, 16, 6, 14, 4, 4, 1, 3, 6, 14, 3, 14, 3, 19, 8, 16, 19, 18, 16, 15, 19, 18, 20, 6, 3, 12, 14, 1, 18, 9, 1, 2, 18, 20, 4, 15, 16, 15, 3, 8, 15, 6, 2, 12, 12, 4, 12, 7, 1, 3, 9, 2, 14, 20, 18, 5, 9, 10, 15, 8, 1, 8, 2, 8, 2, 6, 20, 18, 10, 12, 2, 6, 10, 6, 12, 10, 6, 1, 4, 10, 1, 9, 5, 6, 18, 12, 10, 4, 1, 20, 5, 10, 18, 5, 5, 5, 4, 12, 1, 3, 7, 18, 20, 7, 3, 12, 10, 12, 17, 5, 17, 9, 7, 5, 17, 5, 17, 17, 9, 10, 10, 13, 11, 17, 17, 18, 13, 11, 11, 11, 13, 13, 13, 11, 9, 17, 13, 5, 13, 11, 9, 17, 9, 11, 13, 11, 17, 13, 11, 13, 11]
bestever    1771    in generation 1521
[19, 16, 16, 19, 7, 7, 8, 2, 2, 20, 19, 19, 20, 9, 16, 4, 7, 2, 19, 2, 19, 7, 16, 20, 16, 8, 8, 14, 8, 15, 20, 7, 14, 7, 4, 14, 3, 15, 16, 19, 15, 14, 4, 6, 15, 3, 8, 1, 14, 15, 16, 6, 14, 4, 4, 1, 3, 6, 14, 3, 14, 3, 19, 8, 16, 19, 18, 16, 15, 19, 18, 20, 6, 3, 12, 14, 1, 18, 9, 1, 2, 18, 20, 4, 15, 16, 15, 3, 8, 15, 6, 2, 12, 12, 4, 12, 1, 3, 9, 2, 14, 20, 18, 9, 10, 15, 8, 1, 8, 2, 8, 2, 6, 20, 18, 10, 12, 2, 6, 10, 6, 12, 10, 6, 1, 4, 10, 1, 9, 6, 18, 4, 1, 20, 5, 10, 5, 5, 5, 18, 7, 12, 10, 5, 5, 4, 12, 1, 3, 7, 18, 20, 7, 3, 12, 10, 12, 17, 5, 17, 9, 7, 5, 17, 5, 17, 17, 9, 10, 10, 13, 11, 17, 17, 18, 13, 11, 11, 11, 13, 13, 13, 11, 9, 17, 13, 5, 13, 11, 9, 17, 9, 11, 13, 11, 17, 13, 11, 13, 11]
bestever    1769    in generation 1750
[19, 16, 16, 19, 7, 16, 7, 8, 2, 2, 20, 19, 19, 20, 9, 16, 4, 7, 2, 19, 2, 19, 7, 20, 16, 8, 8, 14, 8, 15, 20, 7, 14, 7, 4, 14, 3, 15, 16, 19, 15, 14, 4, 6, 15, 3, 8, 1, 2, 14, 15, 16, 6, 14, 4, 4, 1, 3, 6, 14, 3, 14, 3, 19, 8, 16, 19, 18, 16, 15, 19, 18, 20, 6, 3, 12, 14, 1, 18, 9, 1, 2, 18, 20, 4, 15, 16, 15, 3, 8, 15, 6, 2, 12, 12, 4, 12, 1, 3, 9, 2, 14, 20, 18, 9, 10, 15, 8, 1, 8, 2, 8, 2, 6, 20, 18, 10, 12, 6, 10, 6, 12, 10, 6, 1, 4, 10, 1, 9, 6, 18, 4, 13, 1, 20, 5, 10, 5, 5, 5, 18, 7, 12, 10, 5, 5, 4, 12, 1, 3, 5, 7, 11, 18, 20, 7, 3, 12, 10, 12, 17, 5, 17, 9, 7, 5, 17, 5, 17, 17, 9, 10, 10, 13, 11, 17, 17, 18, 13, 11, 13, 13, 11, 9, 13, 13, 11, 17, 13, 11, 9, 17, 9, 11, 13, 11, 17, 11, 13, 11]
bestever    1758    in generation 1774
[19, 16, 16, 19, 7, 16, 7, 8, 2, 2, 20, 19, 19, 20, 9, 16, 4, 7, 2, 19, 2, 19, 7, 20, 16, 8, 8, 14, 8, 15, 20, 7, 14, 7, 4, 14, 3, 15, 16, 19, 15, 14, 4, 6, 15, 3, 8, 1, 2, 14, 15, 16, 6, 14, 4, 4, 1, 3, 6, 14, 3, 14, 3, 19, 8, 16, 19, 18, 16, 15, 19, 18, 20, 6, 3, 12, 14, 1, 18, 9, 1, 2, 18, 20, 4, 15, 16, 15, 3, 8, 15, 6, 2, 12, 12, 4, 12, 1, 3, 9, 2, 14, 20, 18, 9, 10, 15, 8, 1, 8, 2, 8, 2, 6, 20, 18, 10, 12, 6, 10, 6, 12, 10, 6, 1, 4, 10, 1, 9, 6, 18, 4, 13, 1, 20, 5, 10, 5, 5, 5, 18, 7, 12, 10, 5, 5, 4, 12, 1, 3, 5, 7, 18, 20, 7, 3, 12, 10, 12, 17, 5, 17, 9, 7, 5, 17, 5, 17, 17, 9, 10, 10, 13, 17, 18, 13, 11, 11, 17, 11, 13, 13, 11, 9, 13, 13, 11, 17, 13, 11, 9, 17, 9, 11, 13, 11, 17, 11, 13, 11]
bestever    1734    in generation 1890
[19, 16, 16, 19, 7, 16, 7, 8, 2, 2, 20, 19, 19, 20, 9, 16, 4, 7, 2, 19, 2, 19, 7, 20, 16, 8, 8, 14, 8, 15, 20, 7, 14, 7, 4, 14, 3, 15, 16, 19, 15, 14, 4, 6, 15, 3, 8, 1, 2, 14, 15, 16, 6, 14, 4, 4, 1, 3, 6, 14, 3, 14, 3, 19, 8, 16, 19, 18, 16, 15, 19, 18, 20, 6, 3, 12, 14, 1, 18, 9, 1, 2, 18, 20, 4, 15, 16, 8, 3, 8, 15, 6, 2, 12, 12, 4, 12, 1, 3, 9, 2, 14, 20, 18, 9, 10, 15, 15, 1, 8, 2, 8, 2, 6, 20, 18, 10, 12, 6, 10, 6, 12, 10, 6, 1, 4, 10, 1, 9, 6, 18, 4, 13, 1, 20, 5, 10, 5, 5, 5, 18, 7, 12, 10, 5, 5, 4, 12, 1, 3, 5, 7, 18, 20, 7, 3, 12, 10, 12, 17, 5, 17, 9, 7, 5, 17, 5, 17, 17, 9, 10, 10, 13, 17, 18, 13, 11, 11, 17, 11, 13, 13, 11, 9, 13, 13, 11, 17, 13, 11, 9, 17, 9, 11, 13, 11, 17, 11, 13, 11]
bestever    1729    in generation 2741
[19, 16, 19, 16, 19, 7, 16, 7, 7, 8, 2, 2, 20, 19, 19, 20, 9, 16, 4, 7, 14, 2, 19, 2, 7, 20, 8, 8, 14, 8, 15, 20, 7, 14, 7, 4, 3, 15, 16, 19, 15, 14, 4, 6, 15, 3, 8, 1, 2, 14, 15, 16, 6, 14, 4, 4, 1, 3, 6, 14, 3, 14, 3, 19, 8, 16, 19, 18, 16, 15, 19, 18, 20, 6, 8, 12, 14, 1, 18, 9, 1, 2, 18, 20, 4, 15, 16, 8, 3, 8, 15, 6, 2, 12, 12, 4, 12, 1, 3, 9, 2, 14, 20, 18, 9, 10, 15, 15, 1, 8, 2, 3, 2, 6, 20, 18, 10, 12, 6, 10, 6, 12, 10, 6, 16, 1, 4, 10, 1, 9, 6, 18, 4, 13, 1, 20, 5, 10, 5, 5, 5, 18, 17, 12, 10, 5, 5, 4, 12, 17, 1, 3, 5, 7, 18, 20, 3, 12, 10, 12, 17, 5, 7, 13, 9, 7, 5, 17, 5, 17, 17, 9, 10, 10, 11, 13, 17, 18, 11, 13, 11, 13, 9, 13, 11, 13, 11, 17, 11, 11, 13, 11, 9, 17, 9, 13, 17, 13, 11, 11]
bestever    1728    in generation 2785
[19, 16, 19, 16, 19, 7, 16, 7, 7, 8, 2, 2, 20, 19, 19, 20, 9, 16, 4, 7, 14, 2, 19, 2, 7, 20, 8, 8, 14, 8, 15, 20, 7, 14, 7, 4, 3, 15, 16, 19, 15, 14, 4, 6, 15, 3, 8, 1, 2, 14, 15, 16, 6, 14, 4, 4, 1, 3, 6, 14, 3, 14, 3, 19, 8, 16, 19, 18, 16, 15, 19, 18, 20, 6, 8, 12, 14, 1, 18, 9, 1, 2, 18, 20, 4, 15, 16, 8, 3, 8, 15, 6, 2, 12, 12, 4, 12, 1, 3, 9, 2, 14, 20, 18, 9, 10, 15, 15, 1, 8, 2, 3, 5, 6, 20, 18, 10, 12, 6, 10, 6, 12, 10, 6, 16, 1, 4, 10, 1, 9, 6, 18, 4, 13, 1, 20, 5, 10, 2, 5, 5, 18, 17, 12, 10, 5, 5, 4, 12, 17, 1, 3, 5, 7, 18, 20, 3, 12, 10, 12, 17, 5, 7, 13, 9, 7, 5, 17, 5, 17, 17, 9, 10, 10, 11, 13, 17, 18, 11, 13, 11, 13, 9, 13, 11, 13, 11, 17, 11, 11, 13, 11, 9, 17, 9, 13, 17, 13, 11, 11]
bestever    1726    in generation 2860
[19, 16, 19, 16, 19, 7, 16, 7, 7, 8, 2, 2, 20, 19, 19, 20, 9, 16, 4, 7, 14, 2, 19, 2, 7, 20, 8, 8, 14, 8, 15, 20, 7, 14, 7, 4, 3, 15, 16, 19, 15, 14, 4, 6, 15, 3, 8, 1, 2, 14, 15, 19, 6, 14, 4, 4, 1, 3, 6, 14, 3, 14, 3, 16, 8, 16, 19, 18, 16, 15, 19, 18, 20, 6, 8, 12, 14, 1, 18, 9, 1, 2, 18, 20, 4, 15, 16, 8, 3, 8, 15, 6, 2, 12, 12, 4, 12, 1, 3, 9, 2, 14, 20, 18, 9, 10, 15, 15, 2, 8, 1, 3, 5, 6, 20, 18, 10, 12, 6, 10, 6, 12, 10, 6, 16, 1, 4, 10, 1, 9, 6, 18, 4, 13, 1, 20, 5, 10, 2, 5, 5, 18, 17, 12, 10, 5, 5, 4, 12, 17, 1, 3, 5, 7, 18, 20, 3, 12, 10, 12, 17, 5, 7, 13, 9, 7, 5, 17, 5, 17, 17, 9, 10, 10, 11, 13, 17, 18, 11, 13, 11, 13, 9, 13, 11, 13, 11, 17, 11, 11, 13, 11, 9, 17, 9, 13, 17, 13, 11, 11]
bestever    1721    in generation 3855
[19, 16, 19, 19, 16, 19, 7, 16, 7, 7, 8, 2, 2, 20, 19, 19, 20, 9, 16, 20, 4, 7, 14, 2, 19, 2, 7, 20, 8, 8, 14, 8, 15, 7, 14, 7, 4, 3, 15, 16, 7, 19, 16, 15, 14, 4, 6, 15, 3, 8, 1, 2, 14, 15, 19, 6, 14, 4, 4, 1, 3, 6, 14, 3, 14, 9, 16, 8, 19, 18, 16, 15, 18, 20, 6, 8, 12, 8, 1, 18, 3, 1, 2, 18, 20, 4, 15, 16, 14, 3, 8, 15, 6, 2, 12, 12, 9, 4, 12, 1, 3, 6, 2, 14, 20, 18, 4, 9, 10, 15, 10, 2, 8, 1, 3, 5, 6, 20, 18, 15, 12, 10, 6, 12, 10, 6, 16, 1, 4, 10, 1, 9, 6, 18, 13, 1, 20, 5, 10, 3, 5, 18, 2, 5, 5, 12, 18, 17, 12, 10, 5, 5, 4, 17, 1, 20, 3, 12, 10, 12, 17, 5, 7, 13, 7, 5, 17, 5, 10, 10, 18, 9, 17, 9, 13, 11, 17, 13, 11, 17, 11, 13, 9, 13, 11, 13, 11, 17, 11, 11, 13, 11, 9, 17, 9, 13, 17, 13, 11, 11]
bestever    1718    in generation 5133
[19, 16, 19, 19, 16, 19, 19, 7, 16, 7, 7, 8, 2, 2, 20, 20, 19, 19, 9, 16, 20, 7, 7, 14, 2, 19, 2, 7, 20, 8, 8, 14, 8, 15, 4, 7, 14, 4, 3, 15, 16, 7, 19, 16, 15, 14, 4, 6, 15, 3, 8, 1, 2, 14, 15, 8, 6, 14, 4, 4, 1, 3, 6, 8, 14, 3, 14, 9, 16, 19, 18, 16, 15, 18, 20, 6, 8, 20, 12, 1, 18, 3, 1, 14, 2, 18, 20, 12, 15, 16, 14, 3, 8, 15, 6, 2, 4, 12, 9, 4, 12, 1, 3, 2, 6, 16, 18, 1, 4, 18, 6, 15, 10, 2, 8, 1, 3, 5, 17, 20, 18, 15, 12, 10, 6, 12, 12, 1, 4, 10, 9, 6, 10, 13, 1, 20, 10, 3, 5, 18, 2, 9, 5, 5, 12, 18, 17, 12, 10, 5, 9, 10, 6, 9, 11, 5, 4, 17, 1, 20, 3, 12, 10, 17, 18, 7, 13, 7, 5, 17, 5, 10, 10, 11, 11, 11, 11, 13, 11, 11, 9, 9, 11, 13, 9, 17, 17, 13, 17, 5, 13, 11, 17, 13, 13, 5, 13, 17, 11, 13]
bestever    1698    in generation 5232
[19, 16, 19, 19, 16, 19, 19, 7, 16, 7, 7, 8, 2, 2, 20, 20, 19, 19, 9, 16, 20, 7, 7, 14, 2, 19, 8, 7, 20, 8, 2, 14, 8, 15, 4, 7, 14, 4, 3, 15, 16, 7, 19, 16, 15, 14, 4, 6, 15, 3, 8, 1, 2, 14, 15, 8, 6, 14, 4, 4, 1, 3, 6, 8, 14, 3, 14, 9, 16, 19, 18, 16, 15, 18, 20, 6, 8, 20, 12, 1, 18, 3, 1, 14, 2, 18, 20, 12, 15, 16, 14, 3, 8, 15, 6, 2, 4, 12, 9, 4, 12, 1, 3, 2, 6, 16, 18, 1, 4, 18, 6, 15, 10, 2, 8, 1, 3, 5, 17, 20, 18, 15, 12, 10, 6, 12, 12, 1, 4, 10, 9, 6, 10, 1, 20, 10, 3, 5, 18, 2, 9, 5, 5, 12, 18, 17, 12, 10, 5, 9, 10, 6, 9, 11, 5, 4, 17, 1, 20, 3, 12, 10, 18, 7, 7, 5, 10, 10, 11, 11, 11, 11, 13, 11, 11, 9, 9, 11, 13, 17, 13, 17, 5, 13, 9, 17, 17, 13, 17, 5, 13, 11, 17, 13, 13, 5, 13, 17, 11, 13]
bestever    1695    in generation 5930
[19, 16, 2, 19, 16, 19, 19, 7, 16, 7, 7, 8, 2, 2, 20, 20, 19, 19, 9, 16, 20, 7, 7, 14, 2, 19, 8, 7, 20, 8, 2, 14, 8, 15, 4, 7, 14, 4, 3, 15, 16, 7, 19, 16, 15, 14, 4, 6, 15, 3, 8, 1, 2, 14, 15, 8, 6, 14, 4, 4, 1, 3, 6, 8, 14, 3, 14, 9, 16, 19, 18, 16, 15, 18, 20, 6, 8, 20, 12, 1, 18, 3, 1, 14, 2, 18, 20, 12, 15, 16, 3, 8, 15, 6, 19, 4, 12, 9, 4, 12, 1, 3, 6, 2, 6, 16, 18, 1, 4, 18, 14, 15, 10, 2, 8, 1, 3, 5, 17, 20, 7, 18, 15, 12, 10, 6, 12, 12, 1, 11, 4, 10, 9, 6, 10, 1, 20, 10, 3, 5, 18, 2, 9, 5, 5, 12, 18, 17, 12, 10, 5, 9, 10, 6, 9, 11, 5, 4, 13, 1, 20, 3, 12, 10, 5, 7, 18, 10, 10, 11, 11, 11, 11, 9, 9, 11, 17, 13, 17, 13, 17, 9, 13, 17, 5, 13, 17, 5, 13, 11, 17, 11, 17, 13, 13, 5, 13, 17, 11, 13]
bestever    1692    in generation 5982
[19, 16, 2, 19, 16, 19, 19, 7, 16, 7, 7, 8, 2, 2, 20, 20, 19, 19, 9, 16, 20, 7, 7, 14, 2, 19, 8, 7, 20, 8, 2, 14, 8, 15, 4, 7, 14, 4, 3, 15, 16, 7, 19, 16, 15, 14, 4, 6, 15, 3, 8, 1, 2, 14, 15, 8, 6, 14, 4, 4, 1, 3, 6, 8, 14, 3, 14, 9, 16, 19, 18, 16, 15, 18, 20, 6, 8, 20, 12, 1, 18, 10, 1, 14, 2, 18, 20, 12, 15, 16, 3, 8, 15, 6, 19, 4, 12, 9, 4, 12, 1, 3, 6, 2, 6, 16, 18, 1, 4, 18, 14, 15, 10, 2, 8, 1, 3, 5, 17, 20, 7, 18, 15, 12, 10, 6, 12, 12, 1, 11, 4, 10, 9, 6, 10, 1, 20, 10, 3, 5, 18, 2, 9, 5, 5, 12, 18, 17, 12, 10, 5, 9, 10, 6, 9, 11, 5, 4, 13, 1, 20, 3, 12, 10, 5, 7, 18, 10, 3, 11, 11, 11, 11, 9, 9, 11, 17, 13, 17, 13, 17, 9, 13, 17, 5, 13, 17, 5, 13, 11, 17, 11, 17, 13, 13, 5, 13, 17, 11, 13]
bestever    1691    in generation 6068
[19, 16, 2, 19, 16, 19, 19, 7, 2, 7, 7, 8, 2, 2, 20, 20, 19, 19, 9, 16, 20, 7, 7, 14, 2, 19, 8, 7, 20, 8, 2, 14, 8, 15, 4, 7, 14, 4, 3, 15, 16, 7, 19, 16, 15, 14, 4, 6, 15, 3, 8, 1, 2, 14, 15, 8, 6, 4, 14, 4, 1, 3, 6, 8, 14, 3, 14, 9, 16, 19, 18, 16, 15, 18, 20, 6, 8, 20, 12, 1, 18, 10, 1, 14, 2, 18, 20, 12, 15, 16, 3, 8, 15, 6, 19, 4, 12, 9, 4, 12, 1, 3, 6, 2, 6, 16, 18, 1, 4, 18, 14, 15, 10, 16, 8, 1, 3, 5, 17, 10, 7, 18, 15, 12, 10, 6, 12, 12, 1, 11, 4, 20, 9, 6, 10, 1, 20, 10, 3, 5, 18, 2, 9, 5, 5, 12, 18, 17, 12, 10, 5, 9, 10, 6, 9, 11, 5, 4, 13, 1, 20, 3, 12, 10, 5, 7, 18, 10, 3, 11, 11, 11, 11, 9, 9, 11, 17, 13, 17, 13, 17, 9, 13, 17, 5, 13, 17, 5, 13, 11, 17, 11, 17, 13, 13, 5, 13, 17, 11, 13]
bestever    1689    in generation 6156
[19, 16, 2, 19, 16, 19, 19, 7, 2, 7, 7, 8, 2, 2, 20, 20, 19, 4, 9, 16, 20, 7, 7, 14, 2, 19, 8, 7, 20, 8, 2, 14, 8, 15, 19, 7, 14, 4, 3, 15, 16, 7, 19, 16, 15, 14, 4, 6, 15, 3, 8, 1, 2, 14, 15, 8, 6, 4, 14, 4, 1, 3, 6, 8, 14, 3, 14, 9, 16, 19, 18, 16, 15, 18, 20, 6, 8, 20, 12, 1, 18, 10, 1, 14, 2, 18, 20, 12, 15, 16, 3, 8, 15, 6, 19, 4, 12, 9, 4, 12, 1, 3, 6, 2, 6, 16, 18, 1, 4, 18, 14, 15, 10, 16, 8, 1, 3, 5, 17, 10, 7, 18, 15, 12, 10, 6, 5, 12, 1, 11, 4, 20, 9, 6, 10, 1, 20, 10, 3, 5, 18, 2, 9, 5, 5, 12, 18, 17, 12, 10, 5, 9, 10, 6, 9, 11, 5, 4, 13, 1, 20, 3, 12, 10, 12, 7, 18, 10, 3, 11, 11, 11, 11, 9, 9, 11, 17, 13, 17, 13, 17, 9, 13, 17, 5, 13, 17, 5, 13, 11, 17, 11, 17, 13, 13, 5, 13, 17, 11, 13]
bestever    1677    in generation 6344
[19, 16, 2, 19, 16, 19, 19, 7, 2, 7, 7, 8, 2, 2, 20, 20, 19, 4, 9, 16, 20, 7, 7, 14, 2, 19, 8, 7, 20, 8, 2, 14, 8, 15, 19, 7, 14, 4, 3, 15, 16, 7, 19, 16, 15, 14, 4, 6, 15, 3, 8, 1, 2, 14, 15, 8, 6, 4, 14, 4, 1, 3, 6, 8, 14, 3, 14, 9, 16, 19, 18, 16, 15, 18, 20, 6, 8, 20, 12, 1, 18, 10, 1, 14, 2, 18, 20, 12, 15, 16, 3, 8, 15, 6, 19, 4, 12, 9, 4, 12, 1, 3, 6, 2, 6, 16, 18, 1, 4, 18, 14, 15, 10, 16, 8, 1, 3, 5, 17, 10, 7, 18, 15, 12, 10, 6, 5, 12, 1, 11, 4, 20, 9, 6, 10, 3, 1, 20, 10, 3, 5, 18, 2, 9, 5, 5, 12, 18, 17, 12, 10, 5, 9, 6, 9, 11, 5, 4, 13, 10, 1, 20, 3, 12, 10, 12, 7, 18, 10, 11, 11, 11, 11, 9, 9, 11, 17, 13, 17, 13, 17, 9, 13, 17, 13, 13, 5, 5, 5, 13, 11, 11, 11, 17, 13, 17, 13, 17, 13, 17]
bestever    1676    in generation 7297
[19, 16, 2, 19, 16, 19, 19, 7, 2, 7, 20, 8, 2, 2, 20, 7, 19, 4, 9, 16, 20, 7, 7, 14, 2, 19, 8, 7, 20, 15, 2, 14, 8, 15, 19, 7, 14, 4, 3, 8, 16, 7, 19, 16, 15, 14, 4, 6, 15, 3, 8, 1, 2, 14, 15, 8, 6, 4, 14, 4, 1, 3, 3, 6, 8, 1, 14, 14, 16, 9, 16, 19, 18, 16, 15, 18, 20, 6, 20, 8, 20, 12, 18, 10, 1, 14, 2, 18, 12, 15, 16, 3, 8, 15, 6, 19, 4, 12, 9, 4, 12, 1, 3, 6, 2, 6, 18, 1, 18, 4, 14, 15, 10, 16, 8, 1, 3, 4, 10, 7, 18, 15, 12, 10, 6, 5, 12, 1, 11, 5, 20, 6, 10, 3, 1, 20, 10, 3, 5, 18, 2, 9, 12, 18, 12, 10, 5, 9, 6, 11, 9, 5, 9, 5, 5, 4, 1, 20, 13, 17, 17, 3, 12, 10, 10, 12, 7, 18, 10, 11, 11, 11, 11, 17, 9, 11, 17, 9, 9, 13, 13, 13, 13, 13, 5, 5, 5, 13, 11, 11, 11, 17, 17, 13, 17, 13, 17, 17, 13, 17]
bestever    1675    in generation 7314
[19, 16, 2, 19, 16, 19, 19, 7, 2, 7, 20, 8, 2, 2, 20, 7, 19, 4, 9, 16, 20, 7, 7, 14, 2, 19, 8, 7, 20, 15, 2, 14, 8, 15, 19, 7, 14, 4, 3, 8, 16, 7, 19, 16, 15, 14, 4, 6, 15, 3, 8, 1, 2, 14, 15, 8, 6, 4, 14, 4, 1, 3, 3, 6, 8, 1, 14, 14, 16, 9, 16, 19, 18, 16, 15, 18, 20, 6, 12, 8, 20, 20, 18, 10, 1, 14, 2, 18, 12, 15, 16, 3, 8, 15, 6, 19, 4, 12, 9, 4, 12, 1, 3, 6, 2, 6, 18, 1, 18, 4, 14, 15, 10, 16, 8, 1, 3, 4, 10, 7, 18, 15, 12, 10, 6, 5, 12, 1, 11, 5, 20, 6, 10, 3, 1, 20, 10, 3, 5, 18, 2, 9, 12, 18, 12, 10, 5, 9, 6, 11, 9, 5, 9, 5, 5, 4, 1, 20, 17, 17, 3, 12, 10, 10, 12, 7, 18, 10, 11, 11, 11, 11, 17, 9, 11, 17, 9, 9, 13, 13, 13, 13, 13, 13, 5, 5, 5, 13, 11, 11, 11, 17, 17, 13, 17, 13, 17, 17, 13, 17]
bestever    1665    in generation 9175
[19, 16, 2, 19, 16, 19, 19, 19, 7, 2, 7, 20, 8, 2, 2, 20, 7, 4, 9, 16, 20, 7, 7, 14, 2, 19, 8, 7, 8, 15, 2, 14, 8, 15, 19, 3, 7, 14, 4, 7, 3, 20, 7, 16, 19, 16, 15, 14, 4, 6, 15, 3, 6, 8, 1, 2, 14, 15, 8, 4, 14, 4, 1, 3, 6, 8, 1, 16, 14, 14, 16, 9, 16, 19, 18, 15, 18, 20, 6, 12, 8, 20, 20, 18, 10, 1, 14, 12, 18, 2, 15, 16, 3, 8, 15, 6, 19, 4, 12, 9, 4, 12, 1, 5, 2, 7, 3, 6, 3, 18, 1, 4, 15, 10, 16, 8, 1, 3, 4, 17, 10, 5, 18, 15, 12, 6, 10, 12, 1, 20, 6, 10, 1, 20, 10, 6, 18, 2, 18, 3, 4, 12, 18, 12, 9, 10, 14, 1, 20, 17, 3, 12, 10, 5, 5, 9, 5, 11, 9, 11, 5, 6, 10, 9, 5, 12, 18, 10, 11, 11, 11, 11, 11, 9, 11, 9, 9, 13, 13, 13, 13, 5, 13, 17, 17, 13, 5, 5, 13, 11, 11, 17, 17, 13, 17, 13, 17, 17, 13, 17]
bestever    1664    in generation 9343
[19, 16, 2, 19, 16, 19, 19, 19, 7, 2, 7, 20, 8, 2, 2, 20, 7, 4, 9, 16, 20, 7, 7, 14, 2, 19, 8, 7, 8, 15, 2, 14, 8, 16, 15, 19, 3, 7, 14, 4, 7, 3, 20, 7, 16, 19, 16, 15, 14, 4, 6, 15, 3, 6, 8, 1, 2, 14, 15, 8, 4, 14, 4, 1, 16, 6, 8, 1, 3, 14, 14, 9, 16, 19, 18, 15, 18, 20, 6, 12, 8, 20, 20, 18, 10, 1, 14, 12, 18, 2, 15, 16, 3, 8, 15, 6, 19, 4, 12, 9, 4, 12, 1, 5, 2, 7, 3, 6, 3, 18, 1, 4, 15, 10, 16, 8, 1, 3, 4, 10, 5, 18, 15, 13, 12, 6, 10, 12, 1, 20, 6, 10, 1, 20, 10, 6, 18, 2, 17, 18, 3, 4, 12, 18, 12, 9, 10, 14, 1, 20, 17, 3, 12, 10, 5, 5, 9, 5, 11, 9, 11, 5, 6, 10, 9, 5, 12, 18, 10, 11, 11, 11, 11, 11, 9, 11, 9, 9, 13, 13, 13, 13, 5, 13, 17, 13, 5, 5, 11, 11, 17, 13, 17, 17, 13, 17, 17, 17, 13, 17]
bestever    1651    in generation 9346
[19, 16, 2, 19, 16, 19, 19, 19, 7, 2, 7, 20, 8, 2, 2, 20, 7, 4, 9, 16, 20, 7, 7, 14, 2, 19, 8, 7, 8, 15, 2, 14, 8, 16, 15, 19, 3, 7, 14, 4, 7, 3, 20, 7, 16, 19, 16, 15, 14, 4, 6, 15, 3, 6, 8, 1, 2, 14, 15, 14, 4, 14, 4, 1, 16, 6, 8, 1, 3, 8, 14, 9, 16, 19, 18, 15, 18, 20, 6, 12, 8, 20, 20, 18, 10, 1, 14, 12, 18, 2, 15, 16, 3, 8, 15, 6, 19, 4, 12, 9, 4, 12, 1, 5, 2, 7, 3, 6, 3, 18, 1, 4, 15, 10, 16, 8, 1, 3, 4, 10, 5, 18, 15, 13, 12, 6, 10, 12, 1, 20, 6, 10, 1, 20, 10, 6, 18, 2, 17, 18, 3, 4, 12, 18, 12, 9, 10, 14, 1, 20, 17, 3, 12, 10, 5, 5, 9, 5, 11, 9, 11, 5, 6, 10, 9, 5, 12, 18, 10, 11, 11, 11, 11, 11, 9, 11, 9, 9, 13, 13, 13, 13, 5, 13, 17, 13, 5, 5, 11, 11, 17, 13, 17, 17, 13, 17, 17, 17, 13, 17]
