bestever    3137    in generation 0
[16, 8, 8, 6, 13, 4, 19, 16, 16, 18, 1, 7, 19, 17, 17, 6, 13, 7, 5, 12, 2, 1, 6, 19, 16, 19, 9, 12, 3, 15, 11, 16, 11, 14, 13, 4, 5, 9, 20, 1, 19, 7, 20, 13, 8, 14, 18, 17, 12, 8, 6, 7, 9, 16, 1, 12, 5, 18, 4, 1, 10, 2, 15, 4, 17, 14, 18, 20, 19, 6, 3, 6, 19, 14, 17, 10, 4, 3, 13, 19, 4, 16, 12, 11, 14, 12, 8, 12, 19, 7, 12, 3, 8, 20, 10, 13, 10, 6, 9, 17, 5, 20, 17, 2, 15, 7, 12, 16, 13, 8, 10, 20, 17, 11, 20, 18, 15, 15, 10, 18, 9, 7, 12, 3, 15, 10, 19, 8, 3, 11, 20, 9, 5, 14, 1, 11, 10, 3, 2, 15, 4, 13, 20, 20, 15, 13, 16, 18, 2, 1, 18, 2, 6, 9, 5, 18, 10, 5, 15, 5, 5, 1, 6, 7, 3, 10, 3, 1, 14, 8, 7, 4, 5, 1, 11, 13, 2, 2, 14, 16, 3, 15, 11, 14, 4, 2, 18, 17, 4, 9, 2, 6, 14, 8, 11, 17, 11, 9, 7, 9]
bestever    3049    in generation 6
[16, 8, 8, 6, 13, 4, 19, 16, 16, 18, 1, 7, 19, 17, 17, 6, 13, 7, 5, 12, 2, 1, 6, 19, 16, 19, 9, 12, 3, 15, 11, 16, 11, 14, 13, 14, 5, 9, 20, 1, 19, 7, 20, 13, 8, 14, 18, 17, 12, 8, 6, 7, 9, 16, 1, 12, 5, 18, 4, 1, 10, 2, 15, 4, 17, 14, 18, 20, 19, 6, 3, 6, 19, 14, 17, 10, 4, 3, 13, 19, 16, 12, 11, 12, 8, 12, 19, 7, 12, 3, 8, 20, 10, 13, 10, 6, 9, 17, 5, 20, 17, 2, 15, 7, 12, 16, 13, 8, 10, 20, 17, 20, 18, 15, 15, 10, 18, 9, 7, 12, 3, 15, 10, 19, 3, 11, 20, 9, 5, 1, 11, 10, 3, 2, 15, 4, 13, 20, 20, 15, 13, 16, 18, 1, 18, 6, 9, 5, 18, 10, 5, 15, 5, 5, 1, 6, 3, 10, 3, 14, 8, 7, 4, 11, 2, 2, 14, 1, 14, 8, 7, 4, 5, 1, 11, 13, 2, 2, 14, 16, 3, 15, 11, 4, 4, 2, 18, 17, 4, 9, 2, 6, 14, 8, 11, 17, 11, 9, 7, 9]
bestever    3016    in generation 9
[16, 8, 8, 6, 13, 4, 19, 16, 16, 4, 1, 7, 19, 17, 17, 6, 13, 7, 5, 12, 2, 1, 6, 19, 16, 19, 9, 12, 3, 15, 11, 16, 11, 14, 13, 4, 5, 9, 20, 1, 19, 7, 20, 13, 8, 14, 18, 17, 12, 8, 6, 7, 9, 16, 1, 12, 5, 18, 4, 1, 10, 2, 15, 4, 17, 14, 18, 20, 19, 6, 3, 6, 19, 14, 17, 10, 4, 3, 13, 19, 18, 16, 12, 11, 14, 12, 8, 12, 19, 7, 12, 3, 8, 20, 10, 13, 10, 6, 9, 17, 5, 20, 17, 2, 15, 7, 12, 16, 13, 8, 10, 20, 17, 11, 20, 18, 15, 15, 10, 18, 9, 7, 12, 3, 15, 10, 19, 8, 3, 11, 20, 9, 5, 14, 1, 11, 10, 3, 2, 15, 4, 13, 20, 20, 15, 13, 16, 18, 2, 1, 18, 2, 6, 9, 5, 18, 10, 5, 15, 5, 5, 1, 6, 7, 3, 10, 3, 1, 14, 8, 7, 4, 5, 1, 11, 13, 2, 2, 14, 16, 3, 15, 11, 14, 4, 2, 18, 17, 4, 9, 2, 6, 14, 8, 11, 17, 11, 9, 7, 9]
bestever    3015    in generation 18
[16, 8, 8, 6, 13, 4, 19, 16, 16, 18, 1, 7, 19, 17, 17, 6, 13, 7, 5, 12, 2, 1, 6, 19, 16, 19, 12, 3, 15, 16, 14, 13, 4, 5, 20, 1, 19, 7, 20, 13, 8, 14, 18, 17, 12, 6, 16, 1, 12, 5, 18, 4, 1, 10, 15, 4, 17, 14, 18, 20, 19, 6, 3, 19, 10, 3, 9, 9, 9, 6, 8, 7, 11, 11, 14, 4, 2, 17, 13, 19, 4, 16, 12, 11, 14, 12, 8, 12, 19, 7, 12, 3, 8, 20, 10, 13, 10, 6, 9, 17, 5, 20, 17, 2, 15, 7, 12, 16, 13, 8, 10, 20, 17, 11, 20, 18, 15, 15, 10, 18, 9, 7, 12, 3, 15, 10, 19, 8, 3, 11, 20, 9, 5, 14, 1, 11, 10, 3, 2, 15, 4, 13, 20, 20, 15, 13, 16, 18, 2, 1, 18, 2, 6, 9, 5, 18, 10, 5, 15, 5, 5, 1, 6, 7, 3, 10, 3, 1, 14, 8, 7, 4, 5, 1, 11, 13, 2, 2, 14, 16, 3, 15, 11, 14, 4, 2, 18, 17, 4, 9, 2, 6, 14, 8, 11, 17, 11, 9, 7, 9]
bestever    2985    in generation 19
[16, 8, 8, 6, 13, 4, 19, 16, 16, 4, 1, 7, 19, 17, 17, 6, 13, 7, 5, 12, 2, 1, 6, 19, 16, 19, 9, 12, 3, 15, 11, 16, 14, 13, 4, 5, 20, 1, 19, 7, 20, 13, 8, 14, 18, 17, 12, 8, 6, 7, 16, 1, 12, 5, 18, 4, 1, 10, 15, 17, 14, 18, 20, 19, 6, 3, 6, 19, 17, 10, 3, 13, 19, 18, 16, 12, 12, 8, 12, 19, 7, 12, 8, 20, 10, 13, 10, 17, 5, 20, 17, 15, 12, 13, 10, 20, 17, 20, 9, 11, 9, 11, 4, 16, 9, 18, 15, 6, 3, 14, 8, 7, 4, 11, 2, 2, 14, 15, 10, 18, 9, 7, 12, 3, 15, 10, 19, 8, 3, 11, 20, 9, 5, 14, 1, 11, 10, 3, 2, 15, 4, 13, 20, 20, 15, 13, 16, 18, 2, 1, 18, 2, 6, 9, 5, 18, 10, 5, 15, 5, 5, 1, 6, 7, 3, 10, 3, 1, 14, 8, 7, 4, 5, 1, 11, 13, 2, 2, 14, 16, 3, 15, 11, 14, 4, 2, 18, 17, 4, 9, 2, 6, 14, 8, 11, 17, 11, 9, 7, 9]
bestever    2939    in generation 20
[16, 8, 8, 6, 13, 4, 19, 16, 16, 4, 1, 7, 19, 17, 17, 6, 13, 7, 5, 12, 2, 1, 6, 19, 16, 19, 9, 12, 3, 15, 16, 14, 13, 4, 5, 20, 1, 19, 7, 20, 13, 8, 14, 18, 17, 12, 6, 16, 1, 12, 5, 18, 4, 1, 10, 2, 15, 4, 17, 14, 18, 20, 19, 6, 3, 6, 19, 10, 3, 13, 19, 18, 9, 8, 7, 11, 11, 14, 17, 9, 4, 16, 12, 11, 14, 12, 8, 12, 19, 7, 12, 3, 8, 20, 10, 13, 10, 6, 9, 17, 5, 20, 17, 2, 15, 7, 12, 16, 13, 8, 10, 20, 17, 11, 20, 18, 15, 15, 10, 18, 9, 7, 12, 3, 15, 10, 19, 8, 3, 11, 20, 9, 5, 14, 1, 11, 10, 3, 2, 15, 4, 13, 20, 20, 15, 13, 16, 18, 2, 1, 18, 2, 6, 9, 5, 18, 10, 5, 15, 5, 5, 1, 6, 7, 3, 10, 3, 1, 14, 8, 7, 4, 5, 1, 11, 13, 2, 2, 14, 16, 3, 15, 11, 14, 4, 2, 18, 17, 4, 9, 2, 6, 14, 8, 11, 17, 11, 9, 7, 9]
bestever    2894    in generation 26
[16, 8, 8, 6, 13, 4, 19, 16, 16, 4, 1, 7, 19, 17, 17, 6, 13, 7, 5, 12, 2, 1, 6, 19, 16, 19, 9, 12, 3, 15, 16, 14, 13, 4, 5, 20, 1, 19, 7, 20, 13, 8, 14, 18, 17, 12, 6, 16, 1, 12, 5, 18, 4, 1, 10, 15, 17, 14, 18, 20, 19, 6, 3, 6, 19, 10, 3, 13, 19, 18, 9, 8, 7, 11, 17, 16, 12, 12, 8, 12, 19, 7, 12, 8, 20, 10, 13, 10, 17, 5, 20, 17, 15, 7, 12, 16, 13, 10, 20, 17, 20, 18, 15, 10, 9, 12, 11, 9, 11, 4, 9, 18, 15, 6, 3, 14, 8, 7, 4, 11, 2, 2, 14, 3, 15, 10, 19, 8, 3, 11, 20, 9, 5, 14, 1, 11, 10, 3, 2, 15, 4, 13, 20, 20, 15, 13, 16, 18, 2, 1, 18, 2, 6, 9, 5, 18, 10, 5, 15, 5, 5, 1, 6, 7, 3, 10, 3, 1, 14, 8, 7, 4, 5, 1, 11, 13, 2, 2, 14, 16, 3, 15, 11, 14, 4, 2, 18, 17, 4, 9, 2, 6, 14, 8, 11, 17, 11, 9, 7, 9]
bestever    2770    in generation 27
[16, 8, 8, 19, 13, 4, 19, 16, 16, 4, 1, 7, 19, 17, 17, 6, 13, 7, 5, 12, 2, 1, 6, 19, 16, 19, 9, 12, 3, 15, 16, 14, 13, 4, 5, 20, 1, 19, 7, 20, 13, 8, 14, 18, 17, 12, 6, 16, 1, 12, 5, 18, 4, 1, 10, 2, 15, 4, 17, 14, 18, 20, 19, 6, 3, 6, 19, 10, 3, 13, 6, 18, 9, 8, 7, 11, 11, 14, 17, 9, 4, 16, 12, 11, 14, 12, 8, 12, 19, 7, 12, 3, 8, 20, 10, 13, 10, 6, 9, 17, 5, 20, 17, 2, 15, 7, 12, 16, 13, 8, 10, 20, 17, 11, 20, 18, 15, 15, 10, 18, 9, 7, 12, 3, 15, 10, 19, 8, 3, 11, 20, 9, 5, 14, 1, 11, 10, 3, 2, 15, 4, 13, 20, 20, 15, 13, 16, 18, 2, 1, 18, 2, 6, 9, 5, 18, 10, 5, 15, 5, 5, 1, 6, 7, 3, 10, 3, 1, 14, 8, 7, 4, 5, 1, 11, 13, 2, 2, 14, 16, 3, 15, 11, 14, 4, 2, 18, 17, 4, 9, 2, 6, 14, 8, 11, 17, 11, 9, 7, 9]
bestever    2709    in generation 34
[16, 8, 8, 19, 13, 4, 19, 16, 16, 4, 1, 7, 19, 17, 17, 6, 13, 7, 5, 12, 2, 1, 6, 19, 16, 19, 9, 12, 3, 15, 16, 14, 13, 4, 5, 20, 1, 19, 7, 20, 13, 8, 14, 18, 17, 12, 6, 16, 1, 12, 5, 18, 4, 1, 10, 2, 15, 4, 17, 14, 18, 20, 19, 6, 3, 6, 19, 10, 3, 13, 6, 18, 9, 8, 7, 11, 11, 14, 17, 9, 4, 16, 12, 13, 14, 12, 8, 12, 19, 7, 12, 3, 8, 20, 10, 13, 10, 6, 9, 17, 5, 20, 17, 2, 15, 7, 12, 16, 13, 8, 10, 20, 17, 11, 20, 18, 15, 15, 10, 18, 9, 7, 12, 3, 15, 10, 19, 8, 3, 11, 20, 9, 5, 14, 1, 11, 10, 3, 2, 15, 4, 11, 20, 20, 15, 13, 16, 18, 2, 1, 18, 2, 6, 9, 5, 18, 10, 5, 15, 5, 5, 1, 6, 7, 3, 10, 3, 1, 14, 8, 7, 4, 5, 1, 11, 13, 2, 2, 14, 16, 3, 15, 11, 14, 4, 2, 18, 17, 4, 9, 2, 6, 14, 8, 11, 17, 11, 9, 7, 9]
bestever    2704    in generation 47
[16, 8, 8, 19, 13, 4, 19, 16, 16, 4, 1, 7, 19, 17, 17, 6, 13, 7, 5, 12, 2, 1, 6, 19, 16, 19, 9, 12, 3, 15, 16, 14, 13, 4, 5, 20, 1, 19, 7, 20, 13, 8, 14, 18, 17, 12, 6, 16, 1, 12, 5, 18, 4, 1, 10, 2, 15, 4, 17, 14, 18, 20, 19, 6, 3, 6, 19, 10, 3, 13, 6, 18, 9, 8, 7, 11, 11, 14, 17, 9, 4, 16, 12, 13, 14, 12, 8, 12, 19, 7, 12, 3, 8, 20, 10, 13, 10, 6, 9, 17, 5, 20, 17, 2, 15, 7, 12, 16, 13, 8, 10, 20, 17, 11, 20, 18, 15, 15, 10, 18, 9, 7, 12, 3, 15, 10, 19, 8, 3, 11, 20, 9, 5, 14, 1, 11, 10, 3, 2, 15, 4, 11, 20, 20, 15, 13, 16, 18, 2, 1, 18, 2, 6, 5, 18, 10, 5, 15, 5, 5, 1, 6, 7, 3, 10, 3, 1, 14, 8, 7, 4, 5, 1, 11, 13, 9, 2, 2, 14, 16, 3, 15, 11, 14, 4, 2, 18, 17, 4, 9, 2, 6, 14, 8, 11, 17, 11, 9, 7, 9]
bestever    2665    in generation 57
[16, 8, 8, 19, 13, 4, 19, 16, 16, 4, 1, 7, 19, 17, 17, 6, 13, 7, 5, 12, 2, 1, 6, 19, 16, 19, 9, 12, 3, 15, 16, 14, 13, 4, 5, 20, 1, 19, 7, 20, 13, 8, 14, 18, 17, 12, 6, 16, 1, 12, 5, 18, 4, 1, 10, 2, 15, 4, 17, 14, 18, 20, 19, 6, 3, 6, 19, 10, 3, 13, 6, 18, 9, 8, 7, 11, 11, 14, 17, 9, 4, 16, 12, 13, 14, 12, 8, 12, 19, 7, 12, 18, 8, 20, 10, 13, 10, 6, 9, 17, 5, 20, 17, 2, 15, 7, 12, 16, 13, 8, 10, 20, 17, 11, 20, 18, 15, 15, 10, 3, 9, 7, 12, 3, 15, 10, 19, 8, 3, 11, 20, 9, 5, 14, 1, 11, 10, 3, 2, 15, 4, 11, 20, 20, 15, 13, 16, 18, 2, 1, 18, 2, 6, 5, 18, 10, 5, 15, 5, 5, 1, 6, 7, 3, 10, 3, 1, 14, 8, 7, 4, 5, 1, 11, 13, 9, 2, 2, 14, 16, 3, 15, 11, 14, 4, 2, 18, 17, 4, 9, 2, 6, 14, 8, 11, 17, 11, 9, 7, 9]
bestever    2661    in generation 67
[16, 8, 8, 19, 13, 4, 19, 16, 16, 4, 1, 7, 19, 17, 17, 6, 13, 7, 5, 12, 2, 1, 6, 19, 16, 19, 12, 3, 15, 16, 14, 13, 4, 5, 20, 1, 19, 20, 13, 8, 14, 18, 17, 12, 6, 16, 1, 12, 5, 18, 4, 7, 9, 1, 10, 2, 15, 4, 17, 14, 18, 20, 19, 6, 3, 6, 19, 10, 3, 13, 6, 18, 9, 8, 7, 11, 11, 14, 17, 9, 4, 16, 12, 13, 14, 12, 8, 12, 19, 7, 12, 18, 8, 20, 10, 13, 10, 6, 9, 17, 5, 20, 17, 2, 15, 7, 12, 16, 13, 8, 10, 20, 17, 11, 20, 18, 15, 15, 10, 3, 9, 7, 12, 3, 15, 10, 19, 8, 3, 11, 20, 9, 5, 14, 1, 11, 10, 3, 2, 15, 4, 11, 20, 20, 15, 13, 16, 18, 2, 1, 18, 2, 6, 5, 18, 10, 5, 15, 5, 5, 1, 6, 7, 3, 10, 3, 1, 14, 8, 7, 4, 5, 1, 11, 13, 9, 2, 2, 14, 16, 3, 15, 11, 14, 4, 2, 18, 17, 4, 9, 2, 6, 14, 8, 11, 17, 11, 9, 7, 9]
bestever    2651    in generation 80
[16, 8, 8, 19, 13, 4, 19, 16, 16, 4, 1, 7, 19, 17, 17, 6, 13, 7, 5, 12, 2, 1, 6, 19, 16, 19, 12, 3, 15, 16, 8, 13, 4, 5, 20, 1, 19, 20, 13, 8, 14, 18, 17, 12, 6, 16, 1, 12, 5, 18, 4, 7, 9, 1, 10, 2, 15, 4, 17, 14, 18, 20, 19, 6, 3, 6, 19, 10, 3, 13, 6, 18, 9, 8, 7, 11, 11, 14, 17, 9, 4, 16, 12, 13, 14, 12, 8, 12, 19, 7, 12, 18, 8, 20, 10, 13, 10, 6, 9, 17, 5, 20, 17, 2, 15, 7, 12, 16, 13, 8, 10, 20, 17, 11, 20, 18, 15, 15, 10, 3, 9, 7, 12, 3, 15, 10, 19, 8, 3, 11, 20, 9, 5, 14, 1, 11, 10, 3, 2, 15, 4, 11, 20, 20, 15, 13, 16, 18, 2, 1, 18, 2, 6, 5, 18, 10, 5, 15, 5, 5, 1, 6, 7, 3, 10, 3, 1, 14, 14, 7, 4, 5, 1, 11, 13, 9, 2, 2, 14, 16, 3, 15, 11, 14, 4, 2, 18, 17, 4, 9, 2, 6, 14, 8, 11, 17, 11, 9, 7, 9]
bestever    2624    in generation 92
[16, 8, 8, 19, 13, 4, 19, 16, 16, 4, 1, 7, 19, 17, 17, 6, 13, 7, 5, 12, 2, 1, 6, 19, 16, 19, 12, 3, 15, 16, 14, 13, 4, 5, 20, 1, 19, 20, 13, 8, 14, 18, 17, 12, 6, 16, 1, 12, 5, 18, 4, 7, 9, 1, 10, 2, 15, 4, 17, 14, 18, 20, 12, 6, 3, 6, 19, 10, 3, 13, 6, 18, 9, 8, 7, 11, 17, 9, 4, 16, 12, 13, 12, 8, 12, 19, 7, 19, 18, 8, 20, 10, 13, 10, 17, 5, 20, 17, 2, 15, 7, 12, 16, 13, 8, 10, 20, 20, 18, 15, 15, 10, 3, 12, 3, 6, 8, 7, 11, 9, 11, 14, 17, 9, 15, 10, 19, 8, 3, 11, 20, 9, 5, 14, 1, 11, 10, 3, 2, 15, 4, 11, 20, 20, 15, 13, 16, 18, 2, 1, 18, 2, 6, 5, 18, 10, 5, 15, 5, 5, 1, 6, 7, 3, 10, 3, 1, 14, 14, 7, 4, 5, 1, 11, 13, 9, 2, 2, 14, 16, 3, 15, 11, 14, 4, 2, 18, 17, 4, 9, 2, 6, 14, 8, 11, 17, 11, 9, 7, 9]
bestever    2606    in generation 105
[16, 8, 8, 19, 13, 4, 19, 16, 16, 4, 1, 7, 19, 17, 17, 6, 13, 7, 5, 12, 2, 1, 6, 19, 16, 19, 12, 3, 15, 16, 14, 13, 4, 5, 20, 1, 19, 20, 13, 8, 14, 18, 17, 12, 6, 16, 1, 12, 5, 18, 4, 7, 9, 1, 10, 2, 15, 4, 17, 14, 18, 20, 12, 6, 3, 6, 19, 10, 3, 13, 6, 18, 9, 8, 7, 17, 4, 16, 12, 13, 12, 8, 12, 19, 7, 19, 18, 20, 10, 13, 10, 17, 5, 20, 2, 15, 12, 13, 6, 14, 8, 7, 9, 16, 9, 8, 8, 10, 20, 17, 11, 20, 18, 15, 15, 10, 3, 9, 7, 12, 3, 15, 10, 19, 8, 3, 11, 20, 9, 5, 14, 1, 11, 10, 3, 2, 15, 4, 11, 20, 20, 15, 13, 16, 18, 2, 1, 18, 2, 6, 5, 18, 10, 5, 15, 5, 5, 1, 6, 7, 3, 10, 3, 1, 14, 14, 7, 4, 5, 1, 11, 13, 9, 2, 2, 14, 16, 3, 15, 11, 14, 4, 2, 18, 17, 4, 9, 2, 6, 14, 8, 11, 17, 11, 11, 17, 11, 9, 7, 9]
bestever    2592    in generation 112
[16, 8, 8, 19, 13, 4, 19, 16, 16, 4, 1, 7, 19, 17, 17, 6, 13, 7, 5, 12, 2, 1, 6, 19, 16, 19, 12, 3, 15, 16, 14, 13, 4, 5, 20, 1, 19, 20, 13, 8, 14, 18, 17, 12, 6, 16, 1, 12, 5, 18, 4, 7, 9, 1, 10, 2, 15, 4, 17, 14, 18, 20, 12, 6, 3, 6, 19, 10, 3, 13, 6, 18, 9, 8, 7, 17, 4, 16, 12, 13, 12, 8, 12, 19, 7, 19, 18, 20, 10, 13, 10, 17, 5, 20, 2, 15, 12, 13, 6, 14, 8, 7, 9, 16, 8, 8, 10, 20, 17, 20, 18, 15, 15, 10, 3, 9, 12, 3, 15, 10, 19, 8, 3, 20, 9, 5, 1, 11, 10, 3, 2, 15, 11, 20, 20, 15, 13, 16, 18, 2, 1, 18, 5, 18, 10, 5, 15, 5, 5, 1, 6, 7, 11, 9, 11, 14, 4, 2, 6, 7, 3, 10, 3, 1, 14, 14, 7, 4, 5, 1, 11, 13, 9, 2, 2, 14, 16, 3, 15, 11, 14, 4, 2, 18, 17, 4, 9, 2, 6, 14, 8, 11, 17, 11, 11, 17, 11, 9, 7, 9]
bestever    2538    in generation 117
[16, 8, 8, 19, 13, 4, 19, 16, 16, 4, 1, 7, 19, 17, 17, 6, 13, 7, 5, 12, 2, 1, 6, 19, 16, 19, 12, 3, 15, 16, 14, 13, 4, 5, 20, 1, 19, 20, 13, 8, 14, 18, 17, 12, 6, 16, 1, 12, 5, 18, 4, 7, 9, 1, 10, 2, 15, 4, 17, 14, 18, 20, 12, 6, 3, 6, 19, 10, 3, 13, 6, 18, 9, 8, 7, 17, 4, 16, 12, 13, 12, 8, 12, 19, 7, 19, 18, 20, 10, 13, 10, 17, 5, 20, 2, 15, 12, 13, 6, 14, 8, 7, 9, 16, 8, 8, 10, 20, 17, 20, 14, 15, 15, 10, 3, 9, 12, 3, 15, 10, 19, 8, 3, 20, 9, 5, 1, 11, 10, 3, 2, 15, 11, 20, 20, 15, 13, 16, 18, 2, 1, 18, 5, 18, 10, 5, 15, 5, 5, 1, 6, 7, 11, 9, 11, 14, 4, 2, 6, 7, 3, 10, 3, 1, 14, 14, 7, 4, 5, 1, 11, 13, 9, 2, 2, 14, 16, 3, 15, 11, 18, 4, 2, 18, 17, 4, 9, 2, 6, 14, 8, 11, 17, 11, 11, 17, 11, 9, 7, 9]
bestever    2511    in generation 120
[16, 8, 8, 19, 13, 4, 19, 16, 16, 4, 1, 7, 19, 17, 17, 6, 13, 8, 5, 12, 2, 1, 6, 19, 16, 19, 12, 3, 15, 16, 14, 13, 4, 5, 20, 1, 19, 20, 13, 8, 14, 18, 17, 12, 6, 16, 1, 12, 5, 18, 4, 7, 9, 1, 10, 2, 15, 4, 17, 14, 18, 20, 12, 6, 3, 6, 19, 10, 3, 13, 6, 18, 9, 8, 7, 17, 4, 16, 12, 13, 12, 8, 12, 19, 7, 19, 18, 20, 10, 13, 10, 17, 5, 20, 2, 15, 12, 13, 6, 14, 7, 9, 16, 8, 8, 10, 20, 17, 11, 20, 18, 15, 15, 10, 3, 12, 3, 15, 10, 19, 8, 3, 11, 20, 5, 14, 1, 10, 3, 2, 15, 20, 20, 15, 13, 16, 7, 9, 9, 2, 1, 18, 5, 18, 10, 5, 15, 5, 5, 1, 6, 7, 11, 9, 11, 14, 4, 2, 6, 7, 3, 10, 3, 1, 14, 14, 7, 4, 5, 1, 11, 13, 9, 2, 2, 14, 16, 3, 15, 11, 18, 4, 2, 18, 17, 4, 9, 2, 6, 14, 8, 11, 17, 11, 11, 17, 11, 9, 7, 9]
bestever    2491    in generation 122
[16, 8, 8, 19, 13, 4, 19, 16, 16, 4, 1, 7, 19, 17, 17, 6, 13, 7, 5, 12, 2, 1, 6, 19, 16, 19, 12, 3, 15, 16, 4, 13, 4, 5, 20, 1, 19, 20, 13, 8, 14, 18, 17, 12, 6, 16, 1, 12, 5, 18, 4, 7, 9, 1, 10, 2, 15, 4, 17, 14, 18, 20, 12, 6, 3, 6, 19, 10, 3, 13, 6, 18, 9, 8, 7, 17, 14, 16, 12, 13, 12, 8, 12, 19, 7, 19, 18, 20, 10, 13, 10, 17, 5, 20, 2, 15, 12, 13, 6, 14, 8, 7, 9, 16, 8, 8, 10, 20, 17, 20, 14, 15, 15, 10, 3, 9, 12, 3, 15, 10, 19, 8, 3, 20, 9, 5, 1, 11, 10, 3, 2, 15, 11, 20, 20, 15, 13, 16, 18, 2, 1, 18, 5, 18, 10, 5, 15, 5, 5, 1, 6, 7, 11, 9, 11, 14, 4, 2, 6, 7, 3, 10, 3, 1, 14, 14, 7, 4, 5, 1, 11, 13, 9, 2, 2, 14, 16, 3, 15, 11, 18, 4, 2, 18, 17, 4, 9, 2, 6, 14, 8, 11, 17, 11, 11, 17, 11, 9, 7, 9]
bestever    2480    in generation 132
[16, 8, 8, 19, 13, 4, 19, 16, 16, 4, 1, 7, 19, 17, 17, 6, 13, 7, 5, 12, 2, 1, 6, 19, 16, 19, 12, 3, 15, 16, 4, 13, 4, 5, 20, 1, 19, 20, 13, 8, 14, 18, 17, 12, 6, 14, 1, 12, 5, 18, 4, 7, 9, 1, 10, 2, 15, 4, 17, 14, 18, 20, 12, 6, 3, 6, 19, 10, 3, 13, 6, 18, 9, 8, 7, 17, 16, 16, 12, 13, 12, 8, 12, 19, 7, 19, 18, 20, 10, 13, 10, 17, 5, 20, 2, 15, 12, 13, 6, 14, 8, 7, 9, 16, 8, 8, 10, 20, 17, 20, 14, 15, 15, 10, 3, 9, 12, 3, 15, 10, 19, 8, 3, 20, 9, 5, 1, 11, 10, 3, 2, 15, 11, 20, 20, 15, 13, 16, 18, 2, 1, 18, 5, 18, 10, 5, 15, 5, 5, 1, 6, 7, 11, 9, 11, 14, 4, 2, 6, 7, 3, 10, 3, 1, 14, 14, 7, 4, 5, 1, 11, 13, 9, 2, 2, 14, 16, 3, 15, 11, 18, 4, 2, 18, 17, 4, 9, 2, 6, 14, 8, 11, 17, 11, 11, 17, 11, 9, 7, 9]
bestever    2398    in generation 153
[16, 8, 8, 13, 13, 4, 19, 16, 16, 4, 1, 7, 19, 17, 17, 6, 13, 7, 5, 12, 2, 1, 6, 19, 16, 19, 12, 3, 15, 16, 4, 13, 4, 5, 20, 1, 19, 20, 13, 8, 14, 18, 17, 12, 6, 14, 1, 12, 5, 18, 4, 7, 9, 1, 10, 2, 15, 4, 17, 14, 18, 20, 12, 6, 3, 6, 19, 10, 3, 13, 6, 18, 9, 8, 7, 17, 16, 16, 12, 13, 12, 8, 12, 19, 7, 19, 18, 20, 10, 13, 10, 17, 5, 20, 2, 15, 12, 13, 6, 14, 8, 7, 9, 16, 8, 8, 10, 20, 17, 20, 14, 15, 15, 10, 3, 9, 12, 3, 15, 10, 19, 8, 3, 20, 9, 5, 1, 11, 10, 3, 2, 15, 11, 20, 20, 15, 19, 16, 18, 2, 1, 18, 5, 18, 10, 5, 15, 5, 5, 1, 6, 7, 11, 9, 11, 14, 4, 2, 6, 7, 3, 10, 3, 1, 14, 14, 7, 4, 5, 1, 11, 13, 9, 2, 2, 14, 16, 3, 15, 11, 18, 4, 2, 18, 17, 4, 9, 2, 6, 14, 8, 11, 17, 11, 11, 17, 11, 9, 7, 9]
bestever    2393    in generation 251
[16, 8, 8, 13, 13, 4, 19, 16, 16, 4, 1, 7, 19, 17, 17, 6, 13, 7, 5, 12, 2, 1, 6, 19, 16, 19, 12, 3, 15, 16, 4, 13, 4, 5, 20, 1, 19, 20, 13, 8, 14, 18, 17, 12, 6, 14, 1, 12, 5, 18, 4, 7, 9, 1, 10, 2, 15, 4, 17, 14, 18, 20, 12, 6, 3, 6, 19, 10, 3, 13, 6, 18, 9, 8, 17, 17, 16, 16, 12, 13, 12, 8, 12, 19, 7, 19, 18, 20, 10, 13, 10, 7, 5, 20, 2, 15, 12, 13, 6, 14, 8, 7, 9, 16, 8, 8, 10, 20, 17, 20, 14, 15, 15, 10, 3, 9, 12, 3, 15, 10, 19, 8, 3, 20, 9, 5, 1, 11, 10, 3, 2, 15, 11, 20, 20, 15, 19, 16, 18, 2, 1, 18, 5, 18, 10, 5, 15, 5, 5, 1, 6, 7, 11, 9, 11, 14, 4, 2, 6, 7, 3, 10, 3, 1, 14, 17, 7, 4, 5, 1, 11, 13, 9, 2, 2, 14, 16, 3, 15, 18, 4, 2, 18, 9, 2, 11, 14, 11, 6, 14, 8, 4, 17, 11, 11, 17, 11, 9, 7, 9]
bestever    2331    in generation 253
[16, 8, 8, 13, 13, 4, 19, 16, 16, 4, 1, 7, 19, 17, 17, 6, 13, 7, 5, 12, 2, 1, 6, 19, 16, 19, 12, 3, 15, 16, 4, 13, 4, 5, 20, 1, 19, 20, 13, 8, 14, 18, 17, 12, 6, 14, 1, 12, 5, 18, 4, 7, 9, 1, 10, 2, 15, 4, 17, 14, 18, 20, 12, 6, 3, 6, 19, 10, 18, 13, 6, 18, 9, 8, 7, 17, 16, 16, 12, 13, 12, 8, 12, 19, 7, 19, 18, 20, 10, 13, 10, 17, 5, 20, 2, 15, 12, 13, 6, 14, 8, 7, 9, 16, 8, 8, 10, 20, 17, 20, 14, 15, 15, 10, 3, 9, 12, 3, 15, 10, 19, 8, 3, 20, 9, 5, 1, 11, 10, 3, 2, 15, 11, 20, 20, 15, 19, 16, 18, 2, 1, 3, 5, 18, 10, 5, 15, 5, 5, 1, 6, 7, 11, 9, 11, 14, 4, 2, 6, 7, 3, 10, 3, 1, 14, 17, 7, 4, 5, 1, 11, 13, 9, 2, 2, 14, 16, 3, 15, 18, 4, 2, 18, 9, 2, 11, 14, 11, 6, 14, 8, 4, 17, 11, 11, 17, 11, 9, 7, 9]
bestever    2312    in generation 273
[16, 8, 8, 13, 13, 4, 19, 16, 16, 4, 1, 7, 19, 17, 17, 6, 13, 7, 5, 12, 2, 1, 6, 19, 16, 19, 12, 3, 15, 16, 4, 13, 4, 5, 20, 1, 19, 20, 13, 8, 16, 18, 17, 12, 6, 14, 1, 12, 5, 18, 4, 7, 9, 1, 10, 2, 15, 4, 17, 14, 18, 20, 12, 6, 3, 6, 19, 10, 18, 13, 6, 18, 9, 8, 7, 17, 14, 16, 12, 13, 12, 8, 12, 19, 7, 19, 18, 20, 10, 13, 10, 17, 5, 20, 2, 15, 12, 13, 6, 14, 8, 7, 9, 16, 8, 8, 10, 20, 17, 20, 14, 15, 15, 10, 3, 9, 12, 3, 15, 10, 19, 8, 3, 20, 9, 5, 1, 11, 10, 3, 2, 15, 11, 20, 20, 15, 19, 16, 18, 2, 1, 3, 5, 18, 10, 5, 15, 5, 5, 1, 6, 7, 11, 9, 11, 14, 4, 2, 6, 7, 3, 10, 3, 1, 14, 17, 7, 4, 5, 1, 11, 13, 9, 2, 2, 14, 16, 3, 15, 18, 4, 2, 18, 9, 2, 11, 14, 11, 6, 14, 8, 4, 17, 11, 11, 17, 11, 9, 7, 9]
bestever    2299    in generation 281
[16, 8, 8, 13, 13, 4, 19, 16, 16, 4, 1, 7, 19, 17, 17, 6, 13, 7, 5, 12, 2, 1, 6, 19, 16, 19, 12, 3, 15, 16, 4, 13, 4, 5, 20, 1, 19, 20, 13, 8, 16, 18, 17, 12, 6, 14, 1, 12, 5, 18, 4, 7, 9, 1, 10, 2, 15, 4, 17, 14, 18, 20, 12, 6, 3, 6, 19, 10, 18, 13, 6, 18, 9, 8, 7, 17, 14, 16, 12, 13, 12, 8, 12, 19, 7, 19, 18, 20, 10, 13, 10, 17, 5, 20, 2, 15, 12, 13, 6, 14, 8, 7, 9, 16, 8, 8, 10, 20, 17, 20, 14, 15, 15, 10, 3, 9, 12, 3, 15, 10, 19, 8, 3, 20, 9, 5, 1, 11, 10, 3, 2, 15, 11, 20, 20, 15, 19, 16, 18, 2, 1, 3, 5, 18, 10, 5, 15, 5, 5, 1, 6, 15, 11, 9, 11, 14, 4, 2, 6, 7, 3, 10, 3, 1, 14, 17, 7, 4, 5, 1, 11, 13, 9, 2, 2, 14, 16, 3, 7, 18, 4, 2, 18, 9, 2, 11, 14, 11, 6, 14, 8, 4, 17, 11, 11, 17, 11, 9, 7, 9]
bestever    2296    in generation 290
[16, 8, 8, 13, 13, 4, 19, 16, 16, 4, 1, 7, 19, 17, 17, 6, 13, 7, 5, 12, 2, 1, 6, 19, 16, 19, 12, 3, 15, 16, 4, 13, 4, 5, 20, 1, 19, 20, 13, 8, 16, 18, 17, 12, 6, 14, 1, 12, 5, 18, 4, 7, 9, 1, 10, 2, 15, 4, 17, 14, 18, 20, 12, 6, 3, 6, 19, 10, 18, 13, 6, 18, 9, 8, 7, 17, 14, 16, 12, 13, 12, 8, 12, 19, 7, 19, 18, 20, 10, 13, 10, 17, 5, 20, 8, 15, 12, 13, 6, 14, 8, 7, 9, 16, 8, 8, 10, 20, 17, 20, 14, 15, 15, 10, 3, 9, 12, 3, 15, 10, 19, 2, 3, 20, 9, 5, 1, 11, 10, 3, 2, 15, 11, 20, 20, 15, 19, 16, 18, 2, 1, 3, 5, 18, 10, 5, 15, 5, 5, 1, 6, 15, 11, 9, 11, 14, 4, 2, 6, 7, 3, 10, 3, 1, 14, 17, 7, 4, 5, 1, 11, 13, 9, 2, 2, 14, 16, 3, 7, 18, 4, 2, 18, 9, 2, 11, 14, 11, 6, 14, 8, 4, 17, 11, 11, 17, 11, 9, 7, 9]
bestever    2289    in generation 294
[16, 8, 8, 13, 13, 4, 19, 16, 16, 4, 1, 7, 19, 17, 17, 6, 13, 7, 5, 12, 2, 1, 6, 19, 16, 19, 12, 3, 15, 16, 4, 13, 4, 5, 20, 1, 19, 20, 13, 8, 16, 18, 17, 12, 6, 14, 1, 12, 5, 18, 4, 7, 9, 1, 10, 2, 15, 4, 17, 14, 18, 20, 12, 6, 3, 6, 19, 10, 18, 13, 6, 18, 9, 8, 7, 17, 14, 16, 12, 13, 12, 8, 12, 14, 7, 19, 18, 20, 10, 13, 10, 17, 5, 20, 8, 15, 12, 13, 6, 19, 8, 7, 9, 16, 8, 8, 10, 20, 17, 20, 14, 15, 15, 10, 3, 9, 12, 3, 15, 10, 19, 2, 3, 20, 9, 5, 1, 11, 10, 3, 2, 15, 11, 20, 20, 15, 19, 16, 18, 2, 1, 3, 5, 18, 10, 5, 15, 5, 5, 1, 6, 15, 11, 9, 11, 14, 4, 2, 6, 7, 3, 10, 3, 1, 14, 17, 7, 4, 5, 1, 11, 13, 9, 2, 2, 14, 16, 3, 7, 18, 4, 2, 18, 9, 2, 11, 14, 11, 6, 14, 8, 4, 17, 11, 11, 17, 11, 9, 7, 9]
bestever    2284    in generation 330
[16, 8, 8, 13, 13, 4, 19, 16, 16, 4, 1, 7, 19, 17, 17, 6, 13, 7, 5, 12, 2, 1, 6, 19, 16, 19, 12, 3, 15, 16, 4, 13, 4, 5, 20, 1, 19, 20, 13, 8, 16, 18, 17, 12, 6, 14, 1, 12, 5, 18, 4, 7, 9, 1, 10, 2, 15, 4, 17, 14, 18, 20, 12, 6, 3, 6, 19, 10, 18, 13, 6, 18, 11, 8, 7, 17, 14, 16, 12, 13, 12, 8, 12, 14, 7, 19, 18, 20, 10, 13, 10, 17, 5, 20, 8, 15, 12, 13, 6, 19, 8, 7, 9, 16, 8, 8, 10, 20, 17, 20, 14, 15, 15, 10, 3, 9, 12, 3, 15, 10, 19, 2, 3, 20, 9, 5, 1, 11, 10, 3, 2, 15, 11, 20, 20, 15, 19, 16, 18, 2, 1, 3, 5, 18, 10, 5, 15, 5, 5, 1, 6, 15, 11, 9, 11, 14, 4, 2, 6, 7, 3, 10, 3, 1, 14, 17, 7, 4, 5, 1, 11, 13, 9, 2, 2, 14, 16, 3, 7, 18, 4, 2, 18, 9, 2, 9, 14, 11, 6, 14, 8, 4, 17, 11, 11, 17, 11, 9, 7, 9]
bestever    2283    in generation 333
[16, 8, 8, 13, 13, 4, 19, 16, 16, 4, 1, 7, 19, 17, 17, 6, 13, 7, 5, 12, 2, 1, 6, 19, 16, 19, 12, 3, 15, 16, 4, 13, 4, 5, 20, 1, 19, 20, 13, 8, 16, 18, 17, 12, 6, 14, 1, 12, 5, 18, 4, 7, 9, 1, 10, 2, 15, 4, 17, 14, 18, 20, 12, 6, 3, 6, 19, 10, 18, 13, 6, 18, 9, 8, 7, 17, 14, 16, 12, 13, 12, 8, 12, 14, 7, 19, 18, 20, 10, 13, 10, 17, 5, 20, 8, 15, 12, 13, 6, 19, 8, 7, 9, 16, 8, 8, 10, 20, 17, 20, 14, 15, 15, 10, 3, 9, 12, 3, 15, 10, 19, 2, 3, 20, 9, 5, 1, 11, 10, 3, 2, 15, 11, 20, 6, 15, 19, 16, 18, 2, 1, 3, 5, 18, 10, 5, 15, 5, 5, 1, 20, 15, 11, 9, 11, 14, 4, 2, 6, 7, 3, 10, 3, 1, 14, 17, 7, 4, 5, 1, 11, 13, 9, 2, 2, 14, 16, 3, 7, 18, 4, 2, 18, 9, 2, 11, 14, 11, 6, 14, 8, 4, 17, 11, 11, 17, 11, 9, 7, 9]
bestever    2282    in generation 338
[16, 8, 8, 13, 13, 4, 19, 16, 16, 4, 1, 7, 19, 17, 17, 6, 13, 7, 5, 12, 2, 1, 6, 19, 16, 19, 12, 3, 15, 16, 4, 13, 4, 5, 20, 1, 19, 20, 13, 8, 16, 18, 17, 12, 6, 14, 1, 12, 5, 18, 4, 7, 19, 1, 10, 2, 15, 4, 17, 14, 18, 20, 12, 6, 3, 6, 19, 10, 18, 13, 6, 18, 9, 8, 7, 17, 14, 16, 12, 13, 12, 8, 12, 14, 7, 19, 18, 20, 10, 13, 10, 17, 5, 20, 8, 15, 12, 13, 6, 19, 8, 7, 9, 16, 8, 8, 10, 20, 17, 20, 14, 15, 15, 10, 3, 9, 12, 3, 15, 10, 9, 2, 3, 20, 5, 1, 11, 10, 3, 2, 15, 11, 20, 20, 15, 19, 16, 18, 2, 1, 3, 5, 18, 10, 5, 15, 5, 5, 1, 6, 15, 14, 4, 2, 6, 7, 3, 10, 3, 1, 17, 5, 1, 11, 13, 9, 7, 4, 9, 11, 14, 11, 9, 2, 2, 14, 16, 3, 7, 18, 4, 2, 18, 9, 2, 11, 14, 11, 6, 14, 8, 4, 17, 11, 11, 17, 11, 9, 7, 9]
bestever    2279    in generation 353
[16, 8, 8, 13, 13, 4, 19, 16, 16, 4, 1, 7, 19, 17, 17, 6, 13, 7, 5, 12, 2, 1, 6, 19, 16, 19, 12, 3, 15, 16, 4, 13, 4, 5, 20, 1, 19, 20, 13, 8, 16, 18, 17, 12, 6, 14, 1, 12, 5, 18, 4, 7, 9, 1, 10, 2, 15, 4, 17, 14, 18, 20, 12, 6, 3, 6, 19, 10, 18, 13, 6, 18, 9, 8, 7, 17, 14, 16, 12, 13, 12, 8, 12, 8, 7, 19, 18, 20, 10, 13, 10, 17, 5, 20, 8, 15, 12, 13, 6, 19, 8, 7, 9, 16, 14, 8, 10, 20, 17, 20, 14, 15, 15, 10, 3, 9, 12, 3, 15, 10, 19, 2, 3, 20, 9, 5, 1, 11, 10, 3, 2, 15, 11, 20, 6, 15, 19, 16, 18, 2, 1, 3, 5, 18, 10, 5, 15, 5, 5, 1, 20, 15, 11, 9, 11, 14, 4, 2, 6, 7, 3, 10, 3, 1, 14, 17, 7, 4, 5, 1, 11, 13, 9, 2, 2, 14, 16, 3, 7, 18, 4, 2, 18, 9, 2, 11, 14, 11, 6, 14, 8, 4, 17, 11, 11, 17, 11, 9, 7, 9]
bestever    2272    in generation 356
[16, 8, 8, 13, 13, 4, 19, 16, 16, 4, 1, 7, 19, 17, 17, 6, 13, 7, 5, 12, 2, 1, 6, 19, 16, 19, 12, 3, 15, 16, 4, 13, 4, 5, 20, 1, 19, 20, 13, 8, 16, 18, 17, 12, 6, 14, 1, 12, 5, 18, 4, 7, 9, 1, 10, 2, 15, 4, 17, 14, 18, 20, 12, 6, 3, 6, 19, 10, 18, 13, 6, 18, 9, 8, 7, 17, 14, 16, 13, 13, 12, 8, 12, 14, 7, 19, 18, 20, 10, 13, 10, 17, 5, 20, 8, 15, 12, 12, 6, 19, 8, 7, 9, 16, 8, 8, 10, 20, 17, 20, 14, 15, 15, 10, 3, 9, 12, 3, 15, 10, 19, 2, 3, 20, 9, 5, 1, 11, 10, 3, 2, 15, 11, 20, 6, 15, 19, 16, 18, 2, 1, 3, 5, 18, 10, 5, 15, 5, 5, 1, 20, 15, 11, 9, 11, 14, 4, 2, 6, 7, 3, 10, 3, 1, 14, 17, 7, 4, 5, 1, 11, 13, 9, 2, 2, 14, 16, 3, 7, 18, 4, 2, 18, 9, 2, 11, 14, 11, 6, 14, 8, 4, 17, 11, 11, 17, 11, 9, 7, 9]
bestever    2256    in generation 371
[16, 8, 8, 13, 13, 4, 19, 16, 16, 4, 1, 7, 19, 17, 17, 6, 13, 7, 5, 12, 2, 1, 6, 19, 16, 19, 12, 3, 15, 16, 4, 13, 4, 5, 20, 1, 19, 20, 13, 8, 16, 18, 17, 12, 6, 14, 1, 12, 5, 18, 4, 7, 9, 1, 10, 2, 15, 4, 17, 14, 18, 20, 12, 6, 3, 6, 19, 10, 18, 13, 6, 18, 9, 8, 7, 17, 14, 16, 13, 13, 12, 8, 12, 14, 7, 19, 18, 20, 10, 13, 10, 17, 5, 20, 8, 15, 12, 12, 6, 19, 8, 7, 9, 16, 8, 8, 10, 20, 17, 20, 14, 15, 15, 10, 3, 9, 12, 3, 15, 10, 19, 2, 3, 20, 9, 5, 1, 11, 10, 3, 2, 15, 11, 20, 6, 15, 19, 16, 18, 2, 1, 3, 5, 18, 10, 5, 15, 5, 5, 1, 20, 15, 11, 9, 11, 14, 4, 2, 6, 7, 3, 10, 3, 1, 14, 17, 7, 4, 5, 1, 11, 13, 9, 2, 2, 14, 16, 3, 7, 18, 4, 2, 18, 9, 2, 11, 14, 11, 6, 8, 17, 17, 11, 9, 7, 4, 9, 11, 14, 11]
bestever    2251    in generation 390
[16, 8, 8, 13, 13, 4, 19, 16, 16, 4, 1, 7, 19, 17, 17, 6, 13, 7, 5, 12, 2, 1, 6, 19, 16, 19, 12, 3, 15, 16, 4, 13, 4, 5, 20, 1, 19, 20, 3, 8, 16, 18, 17, 12, 6, 14, 1, 12, 5, 18, 4, 7, 9, 1, 10, 2, 15, 4, 17, 14, 18, 20, 12, 6, 13, 6, 19, 10, 18, 13, 6, 18, 9, 8, 7, 17, 14, 16, 13, 13, 12, 8, 12, 14, 7, 19, 18, 20, 10, 13, 10, 17, 5, 20, 8, 15, 12, 12, 6, 19, 8, 7, 9, 16, 8, 8, 10, 20, 17, 20, 14, 15, 15, 10, 3, 9, 12, 3, 15, 10, 19, 2, 3, 20, 9, 5, 1, 11, 10, 3, 2, 15, 11, 20, 6, 15, 19, 16, 18, 2, 1, 3, 5, 18, 10, 5, 15, 5, 5, 1, 20, 15, 11, 9, 11, 14, 4, 2, 6, 7, 3, 10, 3, 1, 14, 17, 7, 4, 5, 1, 11, 13, 9, 2, 2, 14, 16, 3, 7, 18, 4, 2, 18, 9, 2, 11, 14, 11, 6, 8, 17, 17, 11, 9, 7, 4, 9, 11, 14, 11]
bestever    2243    in generation 393
[16, 8, 8, 13, 13, 4, 19, 16, 16, 4, 1, 7, 19, 17, 17, 6, 13, 7, 5, 12, 2, 1, 6, 19, 16, 19, 12, 3, 15, 16, 4, 13, 4, 5, 20, 1, 19, 20, 13, 15, 16, 18, 17, 12, 6, 14, 1, 12, 5, 18, 4, 7, 9, 1, 10, 2, 8, 4, 17, 14, 18, 20, 12, 6, 3, 6, 19, 10, 18, 13, 6, 18, 9, 8, 7, 17, 14, 16, 13, 13, 12, 8, 12, 14, 7, 19, 18, 20, 10, 13, 10, 17, 5, 20, 8, 15, 12, 12, 6, 19, 8, 7, 9, 16, 8, 8, 10, 20, 17, 20, 14, 15, 15, 10, 3, 9, 12, 3, 15, 10, 19, 2, 3, 20, 9, 5, 1, 11, 10, 3, 2, 15, 11, 20, 6, 15, 19, 16, 18, 2, 1, 3, 5, 18, 10, 5, 15, 5, 5, 1, 20, 15, 11, 9, 11, 14, 4, 2, 6, 7, 3, 10, 3, 1, 14, 17, 7, 4, 5, 1, 11, 13, 9, 2, 2, 14, 16, 3, 7, 18, 4, 2, 18, 9, 2, 11, 14, 11, 6, 8, 17, 17, 11, 9, 7, 4, 9, 11, 14, 11]
bestever    2242    in generation 397
[16, 8, 8, 13, 13, 4, 19, 16, 16, 4, 1, 7, 19, 17, 17, 6, 13, 7, 5, 12, 2, 1, 6, 19, 16, 19, 12, 3, 15, 16, 4, 13, 4, 5, 20, 1, 19, 20, 13, 8, 16, 18, 17, 12, 6, 14, 1, 12, 5, 18, 4, 7, 9, 1, 10, 2, 15, 4, 17, 14, 18, 20, 12, 6, 3, 6, 19, 10, 18, 13, 6, 18, 9, 8, 7, 17, 14, 16, 13, 13, 12, 8, 12, 14, 7, 19, 18, 20, 10, 13, 10, 17, 5, 20, 8, 15, 12, 12, 6, 19, 8, 7, 9, 16, 8, 8, 10, 20, 17, 20, 14, 15, 15, 10, 3, 9, 12, 3, 15, 10, 19, 2, 3, 20, 9, 5, 1, 11, 10, 3, 2, 15, 11, 20, 6, 15, 19, 16, 18, 2, 1, 3, 5, 18, 10, 5, 15, 5, 5, 1, 20, 15, 18, 9, 11, 14, 4, 2, 6, 7, 3, 10, 3, 1, 14, 17, 7, 4, 5, 1, 11, 13, 9, 2, 2, 14, 16, 3, 7, 18, 4, 2, 11, 9, 2, 11, 14, 11, 6, 8, 17, 17, 11, 9, 7, 4, 9, 11, 14, 11]
bestever    2237    in generation 411
[16, 8, 8, 13, 13, 4, 19, 16, 16, 4, 1, 7, 19, 17, 17, 6, 13, 7, 5, 12, 2, 1, 6, 19, 16, 19, 12, 3, 15, 16, 4, 13, 4, 5, 20, 1, 19, 20, 13, 8, 16, 18, 17, 12, 6, 14, 1, 12, 5, 18, 4, 7, 9, 1, 10, 11, 15, 4, 17, 14, 18, 20, 12, 6, 3, 6, 19, 10, 18, 13, 6, 18, 9, 8, 7, 17, 14, 16, 13, 13, 12, 8, 12, 14, 7, 19, 18, 20, 10, 13, 10, 17, 5, 20, 8, 15, 12, 12, 6, 19, 8, 7, 9, 16, 8, 8, 10, 20, 17, 20, 14, 15, 15, 10, 3, 9, 12, 3, 15, 10, 19, 2, 3, 20, 9, 5, 1, 11, 10, 3, 2, 15, 2, 20, 6, 15, 19, 16, 18, 2, 1, 3, 5, 18, 10, 5, 15, 5, 5, 1, 20, 15, 18, 9, 11, 14, 4, 2, 6, 7, 3, 10, 3, 1, 14, 17, 7, 4, 5, 1, 11, 13, 9, 2, 2, 14, 16, 3, 7, 18, 4, 2, 11, 9, 2, 11, 14, 11, 6, 8, 17, 17, 11, 9, 7, 4, 9, 11, 14, 11]
bestever    2227    in generation 493
[16, 8, 8, 13, 13, 4, 19, 16, 16, 4, 1, 7, 19, 17, 17, 6, 13, 7, 5, 12, 2, 1, 6, 19, 16, 19, 12, 3, 15, 16, 4, 13, 4, 5, 20, 1, 19, 20, 13, 8, 16, 18, 17, 12, 6, 14, 1, 12, 5, 18, 4, 7, 9, 1, 10, 11, 15, 4, 17, 14, 18, 20, 12, 6, 3, 6, 19, 10, 18, 13, 6, 18, 9, 8, 7, 17, 14, 16, 13, 13, 12, 8, 12, 14, 7, 19, 18, 20, 10, 13, 10, 17, 5, 20, 8, 15, 12, 12, 6, 19, 8, 7, 9, 16, 8, 8, 10, 20, 17, 20, 14, 15, 15, 10, 3, 9, 12, 3, 15, 10, 19, 1, 3, 20, 9, 5, 2, 11, 10, 3, 2, 15, 2, 20, 6, 15, 19, 16, 18, 2, 1, 3, 5, 18, 10, 5, 15, 5, 5, 1, 20, 15, 18, 9, 11, 14, 4, 2, 6, 7, 3, 10, 3, 1, 14, 17, 7, 4, 5, 1, 11, 13, 9, 2, 2, 4, 16, 3, 7, 18, 4, 2, 11, 9, 2, 11, 14, 11, 6, 8, 17, 17, 11, 9, 7, 14, 9, 11, 14, 11]
bestever    2219    in generation 529
[16, 8, 8, 13, 13, 4, 19, 16, 16, 4, 1, 7, 19, 17, 17, 6, 13, 7, 5, 12, 2, 1, 6, 19, 16, 19, 12, 3, 15, 16, 4, 13, 4, 5, 20, 1, 19, 20, 13, 8, 16, 18, 17, 12, 6, 14, 1, 12, 5, 18, 4, 7, 9, 1, 10, 11, 15, 4, 17, 14, 18, 20, 12, 6, 3, 6, 19, 10, 18, 13, 6, 18, 9, 8, 7, 17, 14, 16, 13, 13, 12, 8, 12, 14, 7, 19, 18, 20, 10, 13, 10, 17, 5, 20, 8, 15, 12, 12, 6, 19, 8, 7, 9, 16, 8, 8, 10, 20, 17, 20, 14, 15, 15, 10, 3, 9, 12, 3, 15, 10, 19, 1, 3, 20, 9, 5, 8, 11, 10, 3, 2, 15, 2, 20, 6, 15, 19, 16, 18, 2, 1, 3, 5, 18, 10, 5, 15, 5, 5, 1, 20, 15, 18, 9, 11, 14, 4, 2, 6, 7, 3, 10, 3, 1, 14, 17, 7, 4, 5, 1, 11, 13, 9, 2, 2, 4, 16, 3, 7, 18, 4, 2, 11, 9, 2, 11, 14, 11, 6, 2, 17, 17, 11, 9, 7, 14, 9, 11, 14, 11]
bestever    2209    in generation 548
[16, 8, 8, 13, 13, 4, 19, 16, 16, 4, 1, 7, 19, 17, 1, 6, 13, 7, 5, 12, 2, 17, 6, 19, 16, 19, 12, 3, 15, 16, 4, 13, 4, 5, 20, 1, 19, 20, 13, 8, 16, 18, 17, 12, 6, 14, 1, 12, 5, 18, 4, 7, 9, 1, 10, 11, 15, 4, 17, 14, 18, 20, 12, 6, 3, 6, 19, 10, 18, 13, 6, 18, 9, 8, 7, 17, 14, 16, 13, 13, 12, 8, 12, 14, 7, 19, 18, 20, 10, 13, 10, 17, 5, 20, 8, 15, 12, 12, 6, 19, 8, 7, 9, 16, 8, 8, 10, 20, 17, 20, 14, 15, 15, 10, 3, 9, 12, 3, 15, 10, 19, 1, 3, 20, 9, 5, 8, 11, 10, 3, 2, 15, 2, 20, 6, 15, 19, 16, 18, 2, 1, 3, 5, 18, 10, 5, 15, 5, 5, 1, 20, 15, 18, 9, 11, 14, 4, 2, 6, 7, 3, 10, 3, 1, 14, 17, 7, 4, 5, 1, 11, 13, 9, 2, 2, 4, 16, 3, 7, 18, 4, 2, 11, 9, 2, 11, 14, 11, 6, 2, 17, 17, 11, 9, 7, 14, 9, 11, 14, 11]
bestever    2205    in generation 557
[16, 8, 8, 13, 13, 4, 19, 16, 13, 4, 1, 7, 19, 17, 1, 6, 13, 7, 5, 12, 2, 17, 6, 19, 16, 19, 12, 3, 15, 16, 4, 13, 4, 5, 20, 1, 19, 20, 13, 8, 16, 18, 17, 12, 6, 14, 1, 12, 5, 18, 4, 7, 9, 1, 10, 11, 15, 4, 17, 14, 18, 20, 12, 6, 3, 6, 19, 10, 18, 16, 6, 18, 9, 8, 7, 17, 14, 16, 13, 13, 12, 8, 12, 14, 7, 19, 18, 20, 10, 13, 10, 17, 5, 20, 8, 15, 12, 12, 6, 19, 8, 7, 9, 16, 8, 8, 10, 20, 17, 20, 14, 15, 15, 10, 3, 9, 12, 3, 15, 10, 19, 1, 3, 20, 9, 5, 8, 11, 10, 3, 2, 15, 2, 20, 6, 15, 19, 16, 18, 2, 1, 3, 5, 18, 10, 5, 15, 5, 5, 1, 20, 15, 18, 9, 11, 14, 4, 2, 6, 7, 3, 10, 3, 1, 14, 17, 7, 4, 5, 1, 11, 13, 9, 2, 2, 4, 16, 3, 7, 18, 4, 2, 11, 9, 2, 11, 14, 11, 6, 2, 17, 17, 11, 9, 7, 14, 9, 11, 14, 11]
bestever    2193    in generation 565
[16, 8, 8, 13, 13, 4, 19, 16, 13, 4, 1, 7, 19, 17, 1, 6, 13, 7, 5, 12, 2, 17, 6, 19, 16, 19, 12, 3, 15, 16, 4, 13, 4, 5, 20, 1, 19, 20, 13, 8, 16, 18, 17, 12, 6, 14, 1, 12, 5, 18, 4, 7, 9, 1, 10, 11, 15, 4, 17, 14, 18, 20, 12, 6, 3, 6, 19, 10, 18, 16, 6, 18, 9, 8, 7, 17, 14, 16, 13, 13, 12, 8, 12, 14, 7, 19, 18, 20, 10, 13, 10, 17, 5, 20, 8, 15, 12, 12, 6, 19, 8, 7, 9, 16, 8, 8, 10, 20, 17, 20, 14, 15, 15, 10, 3, 9, 12, 3, 15, 10, 19, 1, 3, 20, 9, 5, 8, 11, 10, 3, 2, 15, 2, 20, 6, 15, 19, 16, 18, 2, 1, 3, 5, 18, 10, 5, 15, 5, 5, 1, 20, 15, 18, 9, 4, 2, 6, 7, 3, 10, 3, 1, 14, 17, 4, 5, 1, 13, 2, 2, 4, 7, 14, 11, 11, 9, 16, 3, 7, 18, 4, 2, 11, 9, 2, 11, 14, 11, 6, 2, 17, 17, 11, 9, 7, 14, 9, 11, 14, 11]
bestever    2189    in generation 582
[16, 8, 8, 13, 13, 4, 19, 16, 13, 4, 1, 7, 19, 17, 1, 6, 13, 7, 5, 12, 2, 17, 6, 19, 16, 19, 12, 3, 15, 16, 4, 13, 4, 5, 20, 1, 19, 20, 13, 8, 16, 18, 17, 12, 6, 14, 1, 12, 5, 18, 4, 7, 9, 1, 10, 15, 4, 17, 14, 18, 20, 12, 6, 3, 6, 19, 10, 18, 16, 6, 18, 9, 8, 7, 17, 14, 16, 13, 13, 12, 8, 12, 7, 19, 18, 20, 10, 13, 10, 17, 5, 20, 8, 15, 12, 12, 6, 19, 8, 9, 16, 8, 8, 10, 20, 17, 20, 15, 15, 10, 3, 9, 12, 3, 15, 10, 19, 1, 3, 20, 5, 8, 10, 3, 2, 15, 2, 20, 6, 15, 19, 16, 18, 2, 1, 3, 5, 18, 10, 5, 15, 5, 5, 14, 7, 14, 11, 11, 9, 1, 20, 15, 18, 9, 4, 2, 6, 7, 3, 10, 3, 1, 14, 17, 4, 5, 1, 13, 2, 2, 4, 7, 14, 11, 11, 9, 16, 3, 7, 18, 4, 2, 11, 9, 2, 11, 14, 11, 6, 2, 17, 17, 11, 9, 7, 14, 9, 11, 14, 11]
bestever    2182    in generation 608
[16, 8, 8, 13, 13, 4, 19, 16, 13, 4, 1, 7, 19, 17, 1, 6, 13, 7, 5, 12, 2, 17, 6, 19, 16, 19, 12, 3, 15, 16, 4, 13, 4, 5, 20, 1, 19, 20, 13, 8, 16, 18, 17, 12, 6, 14, 1, 12, 5, 18, 4, 7, 9, 1, 10, 11, 15, 4, 17, 14, 18, 20, 12, 6, 3, 6, 19, 10, 18, 16, 6, 18, 9, 8, 7, 17, 14, 16, 13, 13, 12, 8, 12, 14, 7, 19, 18, 20, 10, 13, 10, 17, 5, 20, 8, 15, 12, 12, 6, 19, 8, 7, 9, 16, 8, 8, 10, 20, 17, 20, 14, 15, 15, 10, 3, 9, 12, 3, 15, 10, 19, 1, 3, 20, 9, 5, 8, 10, 3, 2, 15, 2, 20, 6, 15, 19, 16, 18, 2, 1, 3, 5, 18, 10, 5, 15, 5, 5, 1, 20, 15, 18, 4, 2, 6, 7, 3, 10, 3, 1, 4, 5, 1, 13, 2, 2, 4, 14, 9, 16, 3, 7, 11, 9, 11, 14, 11, 17, 7, 18, 4, 2, 11, 9, 2, 11, 14, 11, 6, 2, 17, 17, 11, 9, 7, 14, 9, 11, 14, 11]
bestever    2169    in generation 630
[16, 8, 8, 13, 13, 4, 19, 16, 13, 4, 1, 7, 19, 17, 1, 6, 13, 7, 5, 12, 2, 17, 6, 19, 16, 19, 12, 3, 15, 16, 4, 13, 4, 5, 20, 1, 19, 20, 13, 8, 16, 18, 17, 12, 6, 14, 1, 12, 5, 18, 4, 7, 9, 1, 10, 11, 15, 4, 17, 14, 18, 20, 12, 6, 3, 6, 19, 10, 18, 16, 6, 18, 9, 8, 7, 17, 14, 16, 13, 13, 12, 8, 12, 14, 7, 19, 18, 20, 10, 13, 10, 17, 5, 20, 8, 15, 12, 12, 6, 19, 8, 7, 9, 16, 8, 8, 10, 20, 17, 20, 14, 15, 15, 10, 3, 9, 12, 3, 15, 10, 19, 1, 3, 20, 9, 5, 8, 10, 3, 2, 15, 2, 20, 6, 15, 19, 16, 18, 2, 1, 3, 5, 18, 10, 5, 15, 5, 5, 2, 20, 15, 18, 4, 2, 6, 7, 3, 10, 3, 1, 4, 5, 1, 13, 2, 2, 4, 14, 9, 16, 3, 7, 11, 9, 11, 14, 11, 17, 7, 18, 4, 2, 11, 9, 1, 11, 14, 11, 6, 2, 17, 17, 11, 9, 7, 14, 9, 11, 14, 11]
bestever    2157    in generation 656
[16, 8, 8, 13, 13, 4, 19, 16, 13, 4, 1, 7, 19, 17, 1, 6, 13, 7, 5, 12, 19, 17, 6, 19, 16, 19, 12, 3, 15, 16, 4, 13, 4, 5, 20, 1, 19, 20, 13, 8, 16, 18, 17, 12, 6, 14, 1, 12, 5, 18, 4, 7, 9, 1, 10, 11, 15, 4, 17, 14, 18, 20, 12, 6, 3, 6, 19, 10, 18, 16, 6, 18, 9, 8, 7, 17, 14, 16, 13, 13, 12, 8, 12, 14, 7, 19, 18, 20, 10, 13, 10, 17, 5, 20, 8, 15, 12, 12, 6, 2, 8, 7, 9, 16, 8, 8, 10, 20, 17, 20, 14, 15, 15, 10, 3, 9, 12, 3, 15, 10, 19, 1, 3, 20, 9, 5, 8, 10, 3, 2, 15, 2, 20, 6, 15, 19, 16, 18, 2, 1, 3, 5, 18, 10, 5, 15, 5, 5, 2, 20, 15, 18, 4, 2, 6, 7, 3, 10, 3, 1, 4, 5, 1, 13, 2, 2, 4, 14, 9, 16, 3, 7, 11, 9, 11, 14, 11, 17, 7, 18, 4, 2, 11, 9, 1, 11, 14, 11, 6, 2, 17, 17, 11, 9, 7, 14, 9, 11, 14, 11]
bestever    2145    in generation 780
[16, 8, 8, 13, 13, 4, 19, 16, 13, 4, 1, 7, 19, 19, 17, 1, 6, 13, 7, 5, 12, 19, 17, 6, 19, 16, 19, 12, 3, 15, 16, 4, 13, 4, 5, 20, 1, 20, 13, 8, 16, 18, 17, 12, 6, 14, 1, 12, 5, 18, 4, 7, 9, 1, 10, 11, 15, 4, 17, 14, 18, 20, 12, 6, 3, 6, 19, 10, 18, 16, 6, 18, 16, 8, 7, 17, 14, 16, 13, 13, 12, 8, 12, 14, 7, 19, 18, 20, 10, 13, 10, 17, 5, 20, 8, 15, 12, 12, 6, 2, 8, 7, 9, 9, 8, 8, 10, 20, 17, 20, 14, 15, 15, 10, 3, 9, 12, 3, 15, 10, 19, 1, 3, 20, 9, 5, 8, 10, 3, 2, 15, 2, 20, 6, 15, 19, 16, 18, 2, 1, 3, 5, 18, 10, 5, 15, 5, 5, 2, 20, 15, 18, 4, 2, 6, 7, 3, 10, 3, 1, 4, 5, 1, 13, 2, 2, 4, 14, 9, 16, 3, 7, 11, 9, 11, 14, 11, 17, 7, 18, 4, 2, 11, 9, 1, 14, 11, 6, 2, 17, 11, 17, 11, 9, 7, 14, 9, 11, 14, 11]
bestever    2144    in generation 782
[16, 8, 8, 13, 13, 4, 19, 16, 13, 4, 1, 7, 19, 19, 17, 1, 6, 13, 7, 5, 12, 19, 17, 6, 19, 16, 19, 12, 3, 15, 16, 4, 13, 4, 5, 20, 1, 20, 13, 8, 16, 18, 17, 12, 6, 14, 1, 12, 5, 18, 4, 7, 9, 1, 10, 11, 15, 4, 17, 14, 18, 20, 12, 6, 3, 6, 19, 10, 18, 16, 6, 18, 16, 8, 7, 17, 14, 16, 13, 13, 12, 8, 12, 14, 7, 19, 18, 20, 10, 13, 10, 17, 5, 20, 8, 15, 12, 12, 6, 16, 8, 7, 9, 9, 8, 8, 10, 20, 17, 20, 14, 15, 15, 10, 3, 9, 12, 3, 15, 10, 19, 1, 3, 20, 9, 5, 8, 10, 3, 2, 15, 2, 20, 6, 15, 19, 2, 18, 2, 1, 3, 5, 18, 10, 5, 15, 5, 5, 2, 20, 15, 18, 4, 2, 6, 7, 3, 10, 3, 1, 4, 5, 1, 13, 2, 2, 4, 14, 9, 16, 3, 7, 11, 9, 11, 14, 11, 17, 7, 18, 4, 2, 11, 9, 1, 14, 11, 6, 2, 17, 11, 17, 11, 9, 7, 14, 9, 11, 14, 11]
bestever    2143    in generation 793
[16, 8, 8, 13, 13, 4, 19, 16, 13, 4, 1, 7, 19, 19, 17, 1, 6, 13, 7, 5, 12, 19, 17, 6, 19, 16, 19, 12, 3, 15, 16, 4, 13, 4, 5, 20, 1, 20, 13, 8, 16, 18, 17, 12, 6, 14, 1, 12, 5, 18, 4, 7, 9, 1, 10, 11, 15, 4, 17, 14, 18, 20, 12, 6, 3, 6, 19, 10, 18, 16, 6, 18, 16, 8, 7, 17, 14, 16, 13, 13, 12, 8, 12, 14, 7, 19, 18, 20, 10, 13, 10, 17, 5, 20, 8, 15, 12, 12, 6, 16, 8, 7, 9, 9, 8, 8, 10, 20, 17, 20, 14, 15, 15, 10, 3, 9, 12, 3, 15, 10, 19, 1, 3, 20, 9, 5, 8, 10, 3, 2, 15, 2, 20, 6, 15, 19, 2, 18, 2, 1, 3, 5, 18, 10, 3, 15, 5, 5, 2, 20, 15, 18, 4, 2, 6, 7, 5, 10, 3, 1, 4, 5, 1, 13, 2, 2, 4, 14, 9, 16, 3, 7, 11, 9, 11, 14, 11, 17, 7, 18, 4, 2, 11, 9, 1, 14, 11, 6, 2, 17, 11, 17, 11, 9, 7, 14, 9, 11, 14, 11]
bestever    2134    in generation 799
[16, 8, 8, 13, 13, 4, 19, 16, 13, 4, 1, 17, 19, 19, 17, 1, 6, 13, 7, 5, 12, 19, 17, 6, 19, 16, 19, 12, 3, 15, 16, 4, 13, 4, 5, 20, 1, 20, 13, 8, 16, 18, 7, 12, 6, 14, 1, 12, 5, 18, 4, 7, 9, 1, 10, 11, 15, 4, 17, 14, 18, 20, 12, 6, 3, 6, 19, 10, 18, 16, 6, 18, 16, 8, 7, 17, 14, 16, 13, 13, 12, 8, 12, 14, 7, 19, 18, 20, 10, 13, 10, 17, 5, 20, 8, 15, 12, 12, 6, 16, 8, 7, 9, 9, 8, 8, 10, 20, 17, 20, 14, 15, 15, 10, 3, 9, 12, 3, 15, 10, 19, 1, 3, 20, 9, 5, 8, 10, 3, 2, 15, 2, 20, 6, 15, 19, 2, 18, 2, 1, 3, 5, 18, 10, 3, 15, 5, 5, 2, 20, 15, 18, 4, 2, 6, 7, 5, 10, 3, 1, 4, 5, 1, 13, 2, 2, 4, 14, 9, 16, 3, 7, 11, 9, 11, 14, 11, 17, 7, 18, 4, 2, 11, 9, 1, 14, 11, 6, 2, 17, 11, 17, 11, 9, 7, 14, 9, 11, 14, 11]
bestever    2127    in generation 803
[16, 8, 8, 13, 13, 4, 19, 16, 13, 4, 1, 12, 19, 19, 17, 1, 6, 13, 7, 5, 12, 19, 17, 6, 19, 16, 19, 12, 3, 15, 16, 4, 13, 4, 5, 20, 1, 20, 13, 8, 16, 18, 7, 12, 6, 14, 1, 12, 5, 18, 4, 7, 9, 1, 10, 11, 15, 4, 17, 14, 18, 20, 12, 6, 3, 6, 19, 10, 18, 16, 6, 18, 16, 8, 7, 17, 14, 16, 13, 13, 17, 8, 12, 14, 7, 19, 18, 20, 10, 13, 10, 17, 5, 20, 8, 15, 12, 12, 6, 16, 8, 7, 9, 9, 8, 8, 10, 20, 17, 20, 14, 15, 15, 10, 3, 9, 12, 3, 15, 10, 19, 1, 3, 20, 9, 5, 8, 10, 3, 2, 15, 2, 20, 6, 15, 19, 2, 18, 2, 1, 3, 5, 18, 10, 3, 15, 5, 5, 2, 20, 15, 18, 4, 2, 6, 7, 5, 10, 3, 1, 4, 5, 1, 13, 2, 2, 4, 14, 9, 16, 3, 7, 11, 9, 11, 14, 11, 17, 7, 18, 4, 2, 11, 9, 1, 14, 11, 6, 2, 17, 11, 17, 11, 9, 7, 14, 9, 11, 14, 11]
bestever    2125    in generation 811
[16, 8, 8, 13, 13, 4, 19, 16, 13, 4, 1, 12, 19, 19, 17, 1, 6, 13, 7, 5, 12, 19, 17, 6, 19, 16, 19, 12, 3, 15, 16, 4, 13, 4, 5, 20, 1, 20, 13, 8, 16, 18, 7, 12, 6, 14, 1, 12, 5, 18, 4, 7, 9, 1, 10, 11, 15, 4, 17, 14, 18, 20, 12, 6, 3, 6, 19, 10, 18, 16, 6, 18, 16, 8, 7, 17, 14, 16, 13, 13, 17, 8, 12, 14, 7, 19, 18, 20, 10, 13, 10, 17, 5, 20, 8, 15, 12, 12, 6, 16, 8, 7, 9, 9, 8, 8, 10, 20, 17, 20, 14, 15, 15, 10, 2, 9, 12, 3, 15, 10, 19, 1, 3, 20, 9, 5, 8, 10, 3, 3, 15, 2, 20, 6, 15, 19, 2, 18, 2, 1, 3, 5, 18, 10, 3, 15, 5, 5, 2, 20, 15, 18, 4, 2, 6, 7, 5, 10, 3, 1, 4, 5, 1, 13, 2, 2, 4, 14, 9, 16, 3, 7, 11, 9, 11, 14, 11, 17, 7, 18, 4, 2, 11, 9, 1, 14, 11, 6, 2, 17, 11, 17, 11, 9, 7, 14, 9, 11, 14, 11]
bestever    2124    in generation 816
[16, 8, 8, 13, 13, 4, 19, 16, 13, 4, 1, 12, 19, 19, 17, 1, 6, 13, 7, 5, 12, 19, 17, 6, 19, 16, 19, 12, 3, 15, 16, 4, 13, 4, 5, 20, 1, 20, 13, 8, 16, 18, 7, 12, 6, 14, 1, 12, 5, 18, 4, 7, 9, 1, 10, 11, 15, 4, 17, 14, 18, 20, 12, 6, 3, 6, 19, 10, 18, 16, 6, 18, 16, 8, 7, 17, 14, 16, 13, 13, 17, 8, 12, 14, 7, 19, 18, 20, 10, 13, 10, 17, 5, 20, 8, 15, 12, 12, 6, 16, 8, 7, 9, 9, 8, 8, 10, 20, 17, 20, 14, 15, 15, 10, 2, 9, 12, 3, 15, 10, 19, 1, 3, 20, 9, 5, 8, 10, 3, 3, 15, 2, 20, 6, 15, 19, 2, 18, 2, 1, 3, 5, 18, 10, 3, 15, 5, 5, 2, 20, 15, 18, 4, 2, 6, 7, 9, 10, 3, 1, 4, 5, 1, 13, 2, 2, 4, 14, 5, 16, 3, 7, 11, 9, 11, 14, 11, 17, 7, 18, 4, 2, 11, 9, 1, 14, 11, 6, 2, 17, 11, 17, 11, 9, 7, 14, 9, 11, 14, 11]
bestever    2114    in generation 829
[8, 16, 8, 13, 13, 4, 19, 16, 13, 4, 1, 12, 19, 19, 17, 1, 6, 13, 7, 5, 12, 19, 17, 6, 19, 16, 19, 12, 3, 15, 16, 4, 13, 4, 5, 20, 1, 20, 13, 8, 16, 18, 7, 12, 6, 14, 1, 12, 5, 18, 4, 7, 9, 1, 10, 11, 15, 4, 17, 14, 18, 20, 12, 6, 3, 6, 19, 10, 18, 16, 6, 18, 16, 8, 7, 17, 14, 16, 13, 13, 17, 8, 12, 14, 7, 19, 18, 20, 10, 13, 10, 17, 5, 20, 8, 15, 12, 12, 6, 16, 8, 7, 9, 9, 8, 8, 10, 20, 17, 20, 14, 15, 15, 10, 2, 9, 12, 3, 15, 10, 19, 1, 3, 20, 9, 5, 8, 10, 3, 3, 15, 2, 20, 6, 15, 19, 2, 18, 2, 1, 3, 5, 18, 10, 3, 15, 5, 5, 2, 20, 15, 18, 4, 2, 6, 7, 9, 10, 3, 1, 4, 5, 1, 13, 2, 2, 4, 14, 5, 16, 3, 7, 11, 9, 11, 14, 11, 17, 7, 18, 4, 2, 11, 9, 1, 14, 11, 6, 2, 17, 11, 17, 11, 9, 7, 14, 9, 11, 14, 11]
bestever    2110    in generation 858
[8, 16, 8, 13, 13, 4, 19, 16, 13, 4, 1, 12, 19, 19, 17, 1, 6, 13, 7, 5, 12, 19, 17, 6, 19, 16, 19, 12, 3, 15, 16, 4, 13, 4, 5, 20, 1, 20, 13, 8, 16, 18, 7, 12, 6, 14, 1, 12, 5, 18, 8, 7, 9, 1, 10, 11, 15, 4, 17, 14, 18, 20, 12, 6, 3, 6, 19, 10, 18, 16, 6, 18, 16, 4, 7, 17, 14, 16, 13, 13, 17, 8, 12, 14, 7, 19, 18, 20, 10, 13, 10, 17, 5, 20, 8, 15, 12, 12, 6, 16, 8, 7, 9, 9, 8, 8, 10, 20, 17, 20, 14, 15, 15, 10, 2, 9, 12, 3, 15, 10, 19, 1, 3, 20, 9, 5, 8, 10, 3, 3, 15, 2, 20, 6, 15, 19, 2, 18, 2, 1, 3, 5, 18, 10, 3, 15, 5, 5, 2, 20, 15, 18, 4, 2, 6, 7, 9, 10, 3, 1, 4, 5, 1, 13, 2, 2, 4, 14, 5, 16, 3, 7, 11, 9, 11, 14, 11, 17, 7, 18, 4, 2, 11, 9, 1, 14, 11, 6, 2, 17, 11, 17, 11, 9, 7, 14, 9, 11, 14, 11]
bestever    2107    in generation 876
[8, 16, 8, 13, 13, 4, 19, 16, 13, 4, 1, 12, 19, 19, 17, 1, 6, 13, 7, 5, 12, 19, 17, 6, 19, 16, 19, 12, 3, 15, 16, 4, 13, 4, 5, 20, 1, 20, 13, 8, 16, 18, 7, 12, 6, 14, 1, 12, 5, 18, 8, 7, 9, 1, 10, 11, 15, 4, 17, 14, 18, 20, 12, 6, 3, 6, 19, 10, 18, 16, 6, 18, 16, 4, 7, 17, 14, 16, 13, 13, 17, 8, 12, 14, 7, 19, 18, 20, 10, 13, 10, 17, 5, 20, 8, 15, 12, 2, 6, 16, 8, 7, 9, 9, 8, 8, 10, 20, 17, 20, 14, 15, 15, 10, 2, 9, 12, 3, 15, 10, 19, 1, 3, 20, 9, 5, 8, 10, 3, 3, 15, 2, 20, 6, 15, 19, 2, 18, 2, 1, 3, 5, 18, 10, 3, 15, 5, 5, 2, 20, 15, 18, 4, 2, 6, 7, 9, 10, 3, 1, 4, 5, 1, 13, 2, 12, 4, 14, 5, 16, 3, 7, 11, 9, 11, 14, 11, 17, 7, 18, 4, 2, 11, 9, 1, 14, 11, 6, 2, 17, 11, 17, 11, 9, 7, 14, 9, 11, 14, 11]
bestever    2104    in generation 886
[8, 16, 8, 13, 13, 4, 19, 16, 13, 4, 1, 12, 19, 19, 17, 1, 6, 13, 7, 5, 12, 19, 17, 6, 19, 16, 19, 12, 3, 15, 16, 4, 13, 4, 5, 20, 1, 20, 13, 8, 16, 18, 7, 12, 6, 14, 1, 12, 5, 18, 8, 7, 9, 1, 10, 15, 4, 17, 14, 18, 20, 12, 6, 3, 6, 19, 10, 18, 16, 6, 18, 16, 4, 7, 17, 14, 16, 13, 13, 17, 8, 12, 14, 7, 19, 18, 20, 10, 13, 10, 17, 5, 20, 8, 15, 12, 2, 6, 16, 8, 7, 9, 9, 8, 8, 10, 20, 17, 20, 15, 15, 10, 2, 9, 12, 3, 15, 10, 19, 1, 3, 20, 9, 5, 8, 10, 3, 3, 15, 2, 20, 6, 15, 19, 2, 18, 2, 1, 3, 5, 18, 10, 3, 15, 5, 5, 2, 20, 15, 18, 4, 2, 6, 7, 9, 10, 3, 1, 4, 5, 1, 13, 2, 12, 4, 14, 11, 14, 5, 16, 3, 7, 11, 9, 11, 14, 11, 17, 7, 18, 4, 2, 11, 9, 1, 14, 11, 6, 2, 17, 11, 17, 11, 9, 7, 14, 9, 11, 14, 11]
bestever    2099    in generation 1099
[8, 16, 8, 13, 13, 4, 19, 16, 13, 4, 1, 12, 19, 19, 17, 1, 6, 13, 7, 5, 12, 19, 17, 6, 19, 16, 19, 12, 8, 15, 16, 4, 13, 4, 5, 20, 1, 20, 6, 8, 16, 18, 7, 12, 13, 14, 1, 12, 5, 18, 8, 7, 9, 1, 10, 15, 4, 2, 17, 14, 18, 20, 12, 6, 3, 6, 19, 10, 18, 16, 6, 18, 16, 7, 17, 14, 16, 13, 13, 4, 17, 8, 12, 14, 7, 19, 18, 20, 10, 13, 10, 17, 5, 20, 8, 15, 12, 2, 6, 16, 8, 7, 9, 9, 8, 8, 10, 20, 17, 20, 15, 15, 10, 9, 12, 3, 15, 10, 19, 1, 3, 20, 9, 5, 3, 10, 3, 3, 15, 2, 20, 6, 15, 19, 18, 2, 1, 3, 18, 10, 3, 15, 5, 5, 2, 5, 2, 20, 15, 18, 4, 2, 6, 7, 9, 10, 3, 1, 4, 5, 1, 13, 2, 12, 4, 14, 11, 5, 16, 3, 7, 9, 11, 11, 14, 14, 11, 17, 18, 2, 9, 1, 14, 6, 2, 11, 4, 11, 7, 17, 11, 17, 11, 9, 7, 14, 9, 11, 14, 11]
bestever    2086    in generation 1130
[13, 16, 8, 13, 13, 4, 19, 16, 13, 4, 1, 12, 19, 19, 17, 1, 6, 8, 7, 5, 12, 19, 17, 6, 19, 16, 19, 12, 3, 8, 16, 4, 13, 4, 5, 20, 1, 20, 6, 8, 16, 18, 7, 12, 13, 14, 1, 12, 5, 18, 8, 7, 9, 1, 10, 15, 4, 2, 17, 14, 18, 20, 12, 6, 3, 6, 19, 10, 18, 16, 6, 18, 16, 7, 17, 14, 16, 13, 13, 4, 17, 8, 12, 14, 7, 19, 18, 20, 10, 13, 10, 17, 5, 20, 8, 15, 12, 2, 6, 16, 15, 7, 9, 9, 8, 8, 10, 20, 17, 20, 15, 15, 10, 9, 12, 3, 15, 10, 19, 1, 3, 20, 9, 5, 8, 10, 3, 3, 15, 2, 20, 6, 15, 19, 18, 2, 1, 3, 18, 10, 3, 15, 5, 5, 2, 5, 2, 20, 15, 18, 4, 2, 6, 7, 9, 10, 3, 1, 4, 5, 1, 13, 2, 12, 4, 14, 11, 5, 16, 3, 7, 9, 11, 11, 14, 14, 17, 18, 2, 9, 1, 6, 2, 14, 11, 11, 4, 11, 7, 17, 11, 17, 11, 9, 7, 14, 9, 11, 14, 11]
bestever    2081    in generation 1303
[13, 16, 8, 13, 13, 4, 19, 16, 13, 4, 1, 12, 19, 19, 17, 1, 6, 8, 7, 5, 12, 19, 17, 6, 19, 16, 19, 12, 3, 8, 16, 4, 13, 4, 5, 20, 1, 20, 6, 8, 16, 18, 7, 12, 13, 14, 1, 12, 5, 18, 8, 7, 9, 1, 10, 15, 4, 2, 17, 14, 18, 20, 12, 6, 3, 6, 19, 10, 18, 16, 6, 18, 16, 7, 17, 14, 16, 13, 13, 4, 17, 8, 12, 14, 7, 19, 18, 20, 10, 13, 10, 17, 5, 20, 8, 15, 12, 2, 6, 16, 15, 7, 9, 9, 8, 8, 10, 20, 17, 20, 15, 15, 10, 17, 12, 3, 15, 10, 19, 1, 3, 20, 9, 5, 8, 10, 3, 3, 15, 2, 20, 6, 15, 19, 18, 2, 1, 3, 18, 10, 3, 15, 5, 5, 2, 5, 2, 20, 15, 18, 4, 2, 6, 7, 9, 10, 3, 1, 4, 5, 1, 13, 2, 12, 4, 14, 11, 5, 16, 3, 7, 9, 11, 11, 14, 14, 9, 18, 2, 9, 1, 6, 2, 14, 11, 11, 4, 7, 17, 11, 11, 17, 11, 9, 7, 14, 9, 11, 14, 11]
bestever    2078    in generation 1324
[13, 16, 8, 13, 13, 4, 19, 16, 13, 4, 1, 12, 19, 19, 17, 1, 6, 8, 7, 5, 12, 19, 17, 6, 19, 16, 19, 12, 3, 8, 16, 4, 13, 4, 5, 20, 1, 20, 6, 8, 16, 18, 7, 12, 13, 14, 1, 12, 5, 18, 8, 7, 9, 1, 10, 15, 4, 2, 17, 14, 18, 20, 12, 6, 3, 6, 19, 10, 18, 16, 6, 18, 16, 7, 17, 14, 16, 13, 13, 4, 17, 8, 12, 14, 7, 19, 18, 20, 10, 13, 10, 17, 5, 20, 8, 15, 12, 2, 6, 16, 15, 7, 9, 9, 8, 8, 10, 20, 17, 20, 15, 15, 10, 17, 12, 3, 15, 10, 19, 1, 3, 20, 9, 5, 8, 10, 3, 3, 15, 2, 20, 6, 15, 19, 18, 2, 1, 3, 18, 10, 3, 15, 5, 5, 2, 5, 2, 20, 15, 18, 4, 2, 6, 7, 9, 10, 17, 1, 4, 5, 1, 13, 2, 12, 4, 14, 11, 5, 16, 3, 7, 9, 11, 11, 14, 14, 9, 18, 2, 9, 1, 6, 2, 14, 11, 11, 4, 7, 3, 11, 11, 17, 11, 9, 7, 14, 9, 11, 14, 11]
bestever    2077    in generation 1348
[13, 16, 8, 13, 13, 4, 19, 16, 13, 4, 1, 12, 19, 19, 17, 1, 6, 8, 7, 5, 12, 19, 17, 6, 19, 16, 19, 12, 3, 8, 16, 4, 13, 4, 5, 20, 1, 20, 6, 8, 16, 18, 7, 12, 13, 14, 1, 12, 5, 18, 8, 7, 9, 1, 10, 15, 4, 2, 17, 14, 18, 20, 12, 6, 3, 6, 19, 10, 18, 16, 6, 18, 16, 7, 17, 14, 16, 13, 13, 4, 17, 8, 12, 14, 7, 19, 18, 20, 10, 13, 10, 17, 5, 20, 8, 15, 12, 2, 6, 16, 15, 7, 9, 9, 8, 8, 10, 20, 17, 20, 15, 15, 10, 17, 12, 3, 15, 10, 19, 1, 3, 20, 9, 5, 8, 10, 3, 3, 15, 2, 20, 6, 15, 19, 18, 2, 1, 3, 18, 10, 3, 15, 5, 5, 2, 5, 2, 20, 15, 18, 4, 2, 6, 7, 9, 10, 17, 1, 4, 5, 1, 13, 2, 12, 4, 14, 11, 5, 16, 3, 7, 9, 11, 11, 11, 14, 9, 18, 2, 9, 1, 6, 2, 14, 11, 11, 4, 7, 3, 11, 14, 17, 11, 9, 7, 14, 9, 11, 14, 11]
bestever    2073    in generation 1359
[13, 16, 8, 13, 13, 4, 19, 16, 13, 4, 1, 12, 19, 19, 17, 1, 6, 8, 7, 5, 12, 19, 17, 6, 19, 16, 19, 12, 3, 8, 16, 4, 13, 4, 5, 20, 1, 20, 6, 8, 16, 18, 7, 12, 13, 14, 1, 12, 5, 18, 8, 7, 9, 1, 10, 15, 4, 2, 17, 14, 18, 20, 12, 6, 3, 6, 19, 10, 18, 16, 6, 18, 16, 7, 17, 14, 16, 13, 13, 4, 17, 8, 12, 14, 7, 19, 18, 20, 10, 13, 10, 17, 5, 20, 8, 15, 12, 2, 6, 16, 15, 7, 9, 9, 8, 8, 10, 20, 17, 20, 15, 15, 10, 17, 12, 3, 15, 10, 19, 1, 3, 20, 9, 5, 8, 10, 3, 3, 15, 2, 20, 6, 15, 19, 18, 2, 1, 3, 18, 10, 3, 15, 5, 5, 10, 5, 2, 20, 15, 18, 4, 2, 6, 7, 9, 2, 17, 1, 4, 5, 1, 13, 2, 12, 4, 14, 11, 5, 16, 3, 7, 9, 11, 11, 11, 14, 9, 18, 2, 9, 1, 6, 2, 14, 11, 11, 4, 7, 3, 11, 14, 17, 11, 9, 7, 14, 9, 11, 14, 11]
bestever    2072    in generation 1435
[13, 16, 8, 13, 13, 4, 19, 16, 13, 4, 1, 12, 19, 19, 17, 1, 6, 8, 7, 5, 12, 19, 17, 6, 19, 16, 19, 12, 3, 8, 16, 4, 13, 4, 5, 20, 1, 20, 6, 8, 16, 18, 7, 12, 13, 14, 1, 12, 5, 18, 8, 7, 9, 1, 10, 15, 4, 2, 17, 14, 18, 20, 12, 6, 3, 6, 19, 10, 18, 16, 6, 18, 16, 7, 17, 16, 13, 13, 4, 17, 8, 12, 7, 19, 18, 20, 10, 13, 10, 17, 5, 20, 8, 15, 12, 2, 6, 16, 15, 7, 9, 9, 8, 8, 10, 20, 17, 20, 15, 15, 10, 17, 12, 3, 15, 10, 19, 1, 3, 20, 5, 8, 10, 3, 3, 15, 2, 20, 6, 15, 19, 18, 2, 1, 3, 18, 10, 3, 15, 5, 5, 10, 5, 2, 20, 15, 18, 4, 2, 6, 7, 2, 17, 1, 4, 5, 1, 13, 12, 4, 14, 11, 5, 16, 3, 14, 9, 9, 11, 14, 11, 7, 11, 14, 9, 2, 9, 18, 2, 9, 1, 6, 2, 11, 14, 11, 4, 7, 3, 11, 14, 17, 11, 9, 7, 14, 9, 11, 14, 11]
bestever    2046    in generation 1479
[13, 16, 8, 13, 13, 4, 19, 16, 13, 4, 1, 12, 19, 19, 17, 1, 6, 8, 7, 5, 12, 19, 17, 6, 19, 16, 19, 20, 3, 8, 16, 4, 13, 4, 5, 20, 1, 12, 6, 8, 16, 18, 7, 12, 13, 14, 1, 12, 5, 18, 8, 7, 9, 1, 10, 15, 4, 2, 17, 14, 18, 20, 12, 6, 3, 6, 19, 10, 18, 16, 6, 18, 16, 7, 17, 16, 13, 13, 4, 17, 8, 12, 7, 19, 18, 20, 10, 13, 10, 17, 5, 20, 8, 15, 12, 2, 6, 16, 15, 7, 9, 9, 8, 8, 10, 20, 17, 20, 15, 15, 10, 17, 12, 3, 15, 10, 19, 1, 3, 20, 5, 8, 10, 3, 3, 15, 2, 20, 6, 15, 19, 18, 2, 1, 3, 18, 10, 3, 15, 5, 5, 10, 5, 2, 20, 15, 18, 4, 2, 6, 7, 2, 17, 1, 4, 5, 1, 13, 12, 4, 14, 11, 5, 16, 3, 14, 9, 9, 11, 14, 11, 7, 11, 14, 9, 2, 9, 18, 2, 9, 1, 6, 2, 11, 14, 11, 4, 7, 3, 11, 14, 17, 11, 9, 7, 14, 9, 11, 14, 11]
bestever    2036    in generation 1507
[13, 16, 8, 13, 13, 4, 19, 16, 13, 4, 1, 12, 19, 19, 17, 1, 6, 8, 7, 5, 12, 19, 17, 6, 19, 16, 19, 20, 2, 8, 16, 4, 13, 4, 5, 20, 1, 12, 6, 8, 16, 18, 7, 12, 13, 14, 1, 12, 5, 18, 8, 7, 9, 1, 10, 15, 4, 2, 17, 14, 18, 20, 12, 6, 3, 6, 19, 10, 18, 16, 6, 18, 16, 7, 17, 16, 13, 13, 4, 17, 8, 12, 7, 19, 18, 20, 10, 13, 10, 17, 5, 20, 8, 15, 12, 2, 6, 16, 15, 7, 9, 9, 8, 8, 10, 20, 17, 20, 15, 15, 10, 17, 12, 3, 15, 10, 19, 1, 3, 20, 5, 8, 10, 3, 3, 15, 2, 20, 6, 15, 19, 18, 2, 1, 3, 18, 10, 3, 15, 5, 5, 10, 5, 2, 20, 15, 18, 4, 2, 6, 7, 17, 1, 4, 5, 1, 13, 12, 4, 14, 5, 16, 3, 9, 9, 3, 14, 11, 11, 14, 11, 7, 11, 14, 9, 2, 9, 18, 2, 9, 1, 6, 2, 11, 14, 11, 4, 7, 3, 11, 14, 17, 11, 9, 7, 14, 9, 11, 14, 11]
bestever    2032    in generation 1520
[13, 16, 8, 13, 13, 4, 19, 16, 13, 4, 1, 12, 19, 19, 17, 1, 6, 8, 7, 5, 12, 19, 17, 6, 19, 16, 19, 20, 2, 8, 16, 4, 13, 4, 5, 20, 1, 12, 6, 8, 16, 18, 7, 12, 13, 14, 1, 12, 5, 18, 8, 7, 9, 1, 10, 15, 4, 2, 17, 14, 18, 20, 12, 6, 3, 6, 19, 10, 18, 16, 6, 18, 16, 7, 17, 16, 13, 13, 4, 17, 8, 12, 7, 19, 18, 20, 10, 13, 10, 17, 5, 20, 8, 15, 12, 2, 6, 16, 15, 7, 9, 9, 8, 8, 10, 20, 17, 20, 15, 15, 10, 17, 12, 3, 15, 10, 19, 1, 3, 20, 5, 8, 10, 3, 3, 15, 2, 20, 6, 15, 19, 18, 2, 1, 3, 18, 10, 3, 15, 5, 5, 10, 5, 2, 20, 15, 18, 4, 2, 6, 3, 17, 1, 4, 5, 1, 13, 12, 4, 14, 5, 16, 3, 9, 9, 7, 14, 11, 11, 14, 11, 7, 11, 14, 9, 2, 9, 18, 2, 9, 1, 6, 2, 11, 14, 11, 4, 7, 3, 11, 14, 17, 11, 9, 7, 14, 9, 11, 14, 11]
bestever    2029    in generation 1593
[13, 16, 8, 13, 13, 4, 19, 16, 13, 4, 1, 12, 19, 19, 17, 1, 6, 8, 7, 5, 12, 19, 17, 6, 19, 16, 19, 20, 2, 8, 16, 4, 13, 4, 5, 20, 1, 12, 6, 8, 16, 18, 7, 12, 13, 14, 1, 12, 5, 18, 8, 7, 9, 1, 10, 15, 4, 2, 17, 14, 18, 20, 12, 6, 3, 6, 19, 10, 18, 16, 6, 18, 16, 11, 17, 16, 13, 13, 4, 17, 8, 12, 7, 19, 18, 20, 10, 13, 10, 17, 5, 20, 8, 15, 12, 2, 6, 16, 15, 7, 9, 9, 8, 8, 10, 20, 17, 20, 15, 15, 10, 17, 12, 3, 15, 10, 19, 1, 3, 20, 5, 8, 10, 3, 3, 15, 2, 20, 6, 15, 19, 18, 2, 1, 3, 18, 10, 3, 15, 5, 5, 10, 5, 2, 20, 15, 18, 4, 2, 6, 3, 17, 1, 4, 5, 1, 13, 12, 4, 14, 5, 16, 3, 9, 9, 7, 14, 11, 7, 14, 11, 7, 11, 14, 9, 2, 9, 18, 2, 9, 1, 6, 11, 11, 14, 11, 4, 7, 3, 2, 14, 17, 11, 9, 7, 14, 9, 11, 14, 11]
bestever    2020    in generation 1690
[13, 16, 8, 13, 13, 4, 19, 16, 13, 4, 1, 12, 19, 19, 17, 1, 6, 8, 7, 5, 12, 19, 17, 6, 19, 16, 19, 20, 2, 8, 16, 4, 13, 4, 5, 20, 1, 12, 6, 8, 16, 18, 7, 12, 13, 14, 1, 12, 17, 18, 8, 7, 13, 1, 10, 15, 4, 2, 5, 14, 18, 20, 12, 6, 3, 6, 19, 10, 18, 16, 6, 18, 16, 17, 16, 13, 9, 4, 17, 8, 12, 7, 19, 18, 20, 10, 13, 10, 17, 5, 20, 8, 15, 12, 2, 6, 16, 15, 7, 9, 9, 8, 8, 10, 20, 17, 20, 15, 15, 10, 17, 12, 3, 15, 10, 19, 1, 3, 20, 5, 8, 10, 3, 3, 15, 2, 20, 6, 15, 19, 18, 2, 1, 3, 18, 10, 3, 15, 5, 5, 10, 5, 2, 20, 15, 18, 4, 2, 6, 3, 17, 1, 4, 5, 1, 13, 12, 4, 14, 5, 16, 3, 9, 9, 7, 14, 11, 11, 7, 14, 11, 7, 11, 14, 9, 2, 9, 18, 2, 9, 1, 6, 11, 11, 4, 11, 14, 7, 3, 2, 14, 17, 11, 9, 7, 14, 9, 11, 14, 11]
bestever    2016    in generation 1703
[13, 16, 8, 13, 13, 4, 19, 16, 13, 4, 1, 12, 19, 19, 17, 1, 6, 8, 7, 5, 12, 19, 17, 6, 19, 16, 19, 20, 2, 8, 16, 4, 13, 4, 5, 20, 1, 12, 6, 8, 16, 18, 7, 12, 13, 14, 1, 12, 17, 18, 8, 7, 13, 1, 10, 15, 4, 2, 5, 14, 18, 20, 12, 6, 3, 6, 19, 10, 13, 16, 6, 18, 16, 17, 16, 18, 12, 4, 17, 8, 12, 7, 19, 18, 20, 10, 13, 10, 17, 5, 20, 8, 15, 9, 2, 6, 16, 15, 7, 9, 9, 8, 8, 10, 20, 17, 20, 15, 15, 10, 17, 12, 3, 15, 10, 19, 1, 3, 20, 5, 8, 10, 3, 3, 15, 2, 20, 6, 15, 19, 18, 2, 1, 3, 18, 10, 3, 15, 5, 5, 10, 5, 2, 20, 15, 18, 4, 2, 6, 3, 17, 1, 4, 5, 1, 13, 12, 4, 14, 5, 16, 3, 9, 9, 7, 14, 11, 11, 7, 14, 11, 7, 11, 14, 9, 2, 9, 18, 2, 9, 1, 6, 11, 11, 4, 11, 14, 7, 3, 2, 14, 17, 11, 9, 7, 14, 9, 11, 14, 11]
bestever    2013    in generation 1747
[13, 16, 8, 13, 13, 4, 19, 16, 4, 4, 1, 12, 19, 19, 17, 1, 6, 8, 7, 5, 12, 19, 17, 6, 19, 16, 19, 20, 2, 8, 16, 13, 13, 4, 5, 20, 1, 12, 6, 8, 16, 18, 7, 12, 13, 14, 1, 12, 17, 18, 8, 7, 13, 1, 10, 15, 4, 2, 5, 14, 18, 20, 12, 6, 3, 6, 19, 10, 13, 16, 6, 18, 16, 17, 16, 18, 12, 4, 17, 8, 12, 7, 19, 18, 20, 10, 13, 10, 17, 5, 20, 8, 15, 9, 2, 6, 16, 15, 7, 9, 9, 8, 8, 10, 20, 17, 20, 15, 15, 10, 17, 12, 3, 15, 10, 19, 1, 3, 20, 5, 8, 10, 3, 3, 15, 2, 20, 6, 15, 19, 18, 2, 1, 3, 18, 10, 3, 15, 5, 5, 10, 5, 2, 20, 15, 18, 4, 2, 6, 3, 17, 1, 4, 5, 1, 13, 12, 4, 14, 5, 16, 3, 9, 9, 7, 14, 11, 11, 7, 14, 11, 7, 11, 14, 9, 2, 9, 18, 2, 9, 1, 6, 11, 11, 4, 11, 14, 7, 3, 2, 14, 17, 11, 9, 7, 14, 9, 11, 14, 11]
bestever    2008    in generation 1749
[13, 16, 8, 13, 13, 4, 19, 16, 13, 4, 1, 12, 19, 19, 17, 1, 6, 8, 7, 5, 12, 19, 17, 6, 19, 16, 19, 20, 2, 8, 16, 4, 13, 4, 5, 20, 1, 12, 6, 8, 16, 18, 7, 12, 13, 14, 8, 12, 17, 18, 8, 7, 13, 1, 10, 15, 4, 2, 5, 14, 18, 20, 12, 6, 3, 6, 19, 10, 13, 16, 6, 18, 16, 17, 16, 18, 12, 4, 17, 8, 12, 7, 19, 18, 20, 10, 13, 10, 17, 5, 20, 8, 15, 9, 2, 6, 16, 15, 7, 9, 9, 8, 8, 10, 20, 17, 20, 15, 15, 10, 17, 12, 3, 15, 10, 19, 1, 3, 20, 5, 1, 10, 3, 3, 15, 2, 20, 6, 15, 19, 18, 2, 1, 3, 18, 10, 3, 15, 5, 5, 10, 5, 2, 20, 15, 18, 4, 2, 6, 3, 17, 1, 4, 5, 1, 13, 12, 4, 14, 5, 16, 3, 9, 9, 7, 14, 11, 11, 7, 14, 11, 7, 11, 14, 9, 2, 9, 18, 2, 9, 1, 6, 11, 11, 4, 11, 14, 7, 3, 2, 14, 17, 11, 9, 7, 14, 9, 11, 14, 11]
bestever    2006    in generation 1779
[13, 16, 8, 13, 13, 4, 19, 16, 8, 4, 1, 12, 19, 19, 17, 1, 6, 8, 7, 5, 12, 19, 17, 6, 19, 16, 19, 20, 2, 8, 16, 4, 13, 4, 5, 20, 1, 12, 6, 8, 16, 18, 7, 12, 13, 14, 13, 12, 17, 18, 8, 7, 13, 1, 10, 15, 4, 2, 5, 14, 18, 20, 12, 6, 3, 6, 19, 10, 13, 16, 6, 18, 16, 17, 16, 18, 12, 4, 17, 8, 12, 7, 19, 18, 20, 10, 13, 10, 17, 5, 20, 8, 15, 9, 2, 6, 16, 15, 7, 9, 9, 8, 8, 10, 20, 17, 20, 15, 15, 10, 17, 12, 3, 15, 10, 19, 1, 3, 20, 5, 1, 10, 3, 3, 15, 2, 20, 6, 15, 19, 18, 2, 1, 3, 18, 10, 3, 15, 5, 5, 10, 5, 2, 20, 15, 18, 4, 2, 6, 3, 17, 1, 4, 5, 1, 13, 12, 4, 14, 5, 16, 3, 9, 9, 7, 14, 11, 11, 7, 14, 11, 7, 11, 14, 9, 2, 9, 18, 2, 9, 1, 6, 11, 11, 4, 11, 14, 7, 3, 2, 14, 17, 11, 9, 7, 14, 9, 11, 14, 11]
bestever    1998    in generation 1784
[13, 16, 8, 13, 13, 4, 19, 16, 13, 4, 1, 12, 19, 19, 17, 1, 6, 8, 7, 5, 12, 19, 17, 6, 19, 16, 19, 20, 2, 8, 16, 4, 13, 4, 5, 20, 1, 12, 6, 8, 16, 18, 7, 12, 13, 14, 8, 12, 17, 18, 8, 7, 13, 1, 10, 15, 4, 2, 5, 14, 18, 20, 12, 6, 3, 6, 19, 10, 13, 16, 6, 4, 16, 17, 16, 18, 12, 18, 17, 8, 12, 7, 19, 18, 20, 10, 13, 10, 17, 5, 20, 8, 15, 9, 2, 6, 16, 15, 7, 9, 9, 8, 8, 10, 20, 17, 20, 15, 15, 10, 17, 12, 3, 15, 10, 19, 1, 3, 20, 5, 1, 10, 3, 3, 15, 2, 20, 6, 15, 19, 18, 2, 1, 3, 18, 10, 3, 15, 5, 5, 10, 5, 2, 20, 15, 18, 4, 2, 6, 3, 17, 1, 4, 5, 1, 13, 12, 4, 14, 5, 16, 3, 9, 9, 7, 14, 11, 11, 7, 14, 11, 7, 11, 14, 9, 2, 9, 18, 2, 9, 1, 6, 11, 11, 4, 11, 14, 7, 3, 2, 14, 17, 11, 9, 7, 14, 9, 11, 14, 11]
bestever    1995    in generation 1837
[13, 16, 8, 13, 13, 4, 19, 16, 13, 4, 1, 12, 19, 19, 17, 1, 6, 8, 7, 5, 12, 19, 17, 6, 19, 16, 19, 20, 2, 8, 16, 4, 13, 4, 5, 20, 1, 12, 6, 8, 16, 18, 7, 12, 13, 14, 8, 12, 17, 18, 8, 7, 13, 1, 10, 15, 4, 2, 5, 14, 18, 20, 12, 6, 3, 6, 19, 10, 13, 16, 6, 4, 16, 17, 16, 18, 12, 18, 17, 8, 12, 7, 19, 18, 20, 10, 13, 10, 17, 5, 20, 15, 15, 9, 2, 6, 16, 8, 7, 9, 9, 8, 8, 10, 20, 17, 20, 15, 15, 10, 17, 12, 3, 15, 10, 19, 1, 3, 20, 5, 1, 10, 3, 3, 15, 2, 20, 6, 15, 19, 18, 2, 1, 3, 18, 10, 3, 15, 5, 5, 10, 5, 2, 20, 15, 18, 4, 2, 6, 3, 17, 1, 4, 5, 1, 13, 12, 4, 14, 5, 16, 3, 9, 9, 7, 14, 11, 11, 7, 14, 11, 7, 11, 14, 9, 2, 9, 18, 2, 9, 1, 6, 11, 11, 4, 11, 14, 7, 3, 2, 14, 17, 11, 9, 7, 14, 9, 11, 14, 11]
bestever    1993    in generation 1845
[13, 16, 8, 13, 13, 4, 19, 16, 13, 4, 1, 12, 19, 19, 17, 1, 6, 8, 7, 5, 12, 19, 17, 6, 19, 16, 19, 20, 19, 8, 16, 4, 13, 4, 5, 20, 1, 12, 6, 8, 16, 18, 7, 12, 13, 14, 8, 12, 17, 18, 8, 7, 13, 1, 10, 15, 4, 2, 5, 14, 18, 20, 12, 6, 3, 6, 19, 10, 13, 16, 6, 4, 16, 17, 16, 18, 12, 18, 17, 8, 12, 7, 19, 18, 20, 10, 13, 10, 17, 5, 20, 8, 15, 9, 2, 6, 16, 15, 7, 9, 20, 8, 8, 10, 20, 17, 20, 15, 15, 10, 17, 12, 3, 15, 10, 2, 1, 3, 20, 5, 1, 10, 3, 3, 15, 2, 20, 6, 15, 19, 18, 2, 1, 3, 18, 10, 3, 15, 5, 5, 10, 5, 2, 9, 15, 18, 4, 2, 6, 3, 17, 1, 4, 5, 1, 13, 12, 4, 14, 5, 16, 3, 9, 9, 7, 14, 11, 11, 7, 14, 11, 7, 11, 14, 9, 2, 9, 18, 2, 9, 1, 6, 11, 11, 4, 11, 14, 7, 3, 2, 14, 17, 11, 9, 7, 14, 9, 11, 14, 11]
bestever    1988    in generation 1870
[13, 16, 8, 13, 13, 4, 19, 16, 13, 4, 1, 12, 19, 19, 17, 1, 6, 8, 7, 5, 12, 19, 17, 6, 19, 16, 19, 20, 19, 8, 16, 4, 13, 4, 5, 13, 1, 12, 6, 8, 16, 18, 7, 12, 13, 14, 8, 12, 17, 18, 8, 7, 13, 1, 10, 15, 4, 2, 5, 14, 18, 20, 12, 6, 3, 6, 19, 10, 20, 16, 6, 4, 16, 17, 16, 18, 12, 18, 17, 8, 12, 7, 19, 18, 20, 10, 13, 10, 17, 5, 20, 8, 15, 9, 2, 6, 16, 15, 7, 9, 20, 8, 8, 10, 20, 17, 20, 15, 15, 10, 17, 12, 3, 15, 10, 2, 1, 3, 20, 5, 1, 10, 3, 3, 15, 2, 20, 6, 15, 19, 18, 2, 1, 3, 18, 10, 3, 15, 5, 5, 10, 5, 2, 9, 15, 18, 4, 2, 6, 3, 17, 1, 4, 5, 1, 13, 12, 4, 14, 5, 16, 3, 9, 9, 7, 14, 11, 11, 7, 14, 11, 7, 11, 14, 9, 2, 9, 18, 2, 9, 1, 6, 11, 11, 4, 11, 14, 7, 3, 2, 14, 17, 11, 9, 7, 14, 9, 11, 14, 11]
bestever    1987    in generation 1935
[13, 16, 8, 13, 13, 4, 19, 16, 13, 4, 1, 12, 19, 19, 17, 1, 6, 8, 7, 5, 12, 19, 17, 6, 19, 16, 19, 20, 19, 8, 16, 4, 13, 4, 5, 13, 1, 12, 6, 8, 16, 18, 7, 12, 13, 14, 8, 12, 17, 18, 8, 7, 13, 1, 10, 15, 4, 2, 5, 14, 18, 20, 12, 6, 3, 6, 19, 10, 20, 16, 6, 4, 16, 17, 16, 18, 12, 18, 17, 8, 12, 7, 19, 18, 20, 10, 13, 10, 17, 5, 18, 8, 15, 9, 2, 6, 16, 15, 7, 9, 20, 8, 8, 10, 20, 17, 20, 15, 15, 10, 17, 12, 3, 15, 10, 2, 1, 3, 20, 5, 1, 10, 3, 3, 15, 2, 20, 6, 15, 19, 18, 2, 1, 3, 20, 10, 3, 15, 5, 5, 10, 5, 2, 9, 15, 18, 4, 2, 6, 3, 17, 1, 4, 5, 1, 13, 12, 4, 14, 5, 16, 3, 9, 9, 7, 14, 11, 11, 7, 14, 11, 7, 11, 14, 9, 2, 9, 18, 2, 9, 1, 6, 11, 11, 4, 11, 14, 7, 3, 2, 14, 17, 11, 9, 7, 14, 9, 11, 14, 11]
bestever    1983    in generation 1982
[13, 16, 8, 13, 13, 4, 19, 16, 13, 4, 1, 12, 19, 19, 17, 1, 6, 8, 7, 5, 12, 19, 17, 6, 19, 16, 19, 20, 19, 8, 16, 4, 13, 4, 5, 13, 1, 12, 6, 8, 16, 18, 7, 12, 13, 14, 8, 12, 17, 18, 8, 7, 13, 1, 10, 15, 4, 2, 5, 14, 18, 20, 12, 6, 3, 6, 19, 10, 20, 16, 6, 4, 16, 17, 16, 18, 12, 18, 17, 8, 12, 7, 19, 18, 20, 10, 13, 10, 17, 5, 18, 8, 15, 9, 2, 6, 16, 15, 7, 9, 20, 8, 8, 10, 20, 17, 20, 15, 15, 10, 17, 12, 3, 15, 10, 2, 1, 3, 20, 5, 1, 10, 3, 3, 15, 2, 20, 3, 15, 19, 18, 2, 1, 6, 20, 10, 3, 15, 5, 5, 10, 5, 2, 9, 15, 18, 4, 2, 6, 3, 17, 1, 4, 5, 1, 13, 12, 4, 14, 5, 16, 3, 9, 9, 7, 11, 11, 14, 7, 14, 11, 7, 11, 14, 9, 2, 9, 18, 2, 9, 1, 6, 11, 11, 4, 11, 14, 7, 3, 2, 14, 17, 11, 9, 7, 14, 9, 11, 14, 11]
bestever    1981    in generation 2032
[13, 16, 8, 13, 13, 4, 19, 16, 13, 4, 1, 12, 19, 19, 17, 1, 6, 8, 7, 5, 12, 19, 17, 6, 19, 16, 19, 20, 19, 8, 16, 4, 13, 4, 5, 13, 1, 12, 6, 8, 16, 18, 7, 12, 13, 14, 8, 12, 17, 18, 8, 7, 13, 1, 10, 15, 4, 2, 5, 14, 18, 20, 12, 6, 3, 6, 19, 10, 20, 16, 6, 4, 16, 17, 16, 18, 12, 18, 17, 8, 12, 7, 19, 18, 20, 10, 13, 10, 17, 5, 18, 8, 15, 9, 2, 3, 16, 15, 7, 9, 20, 8, 8, 10, 20, 17, 20, 15, 15, 10, 17, 12, 3, 15, 10, 2, 1, 3, 20, 5, 1, 10, 3, 3, 15, 2, 20, 6, 15, 19, 18, 2, 1, 3, 20, 10, 3, 15, 5, 5, 10, 5, 2, 9, 15, 18, 4, 2, 6, 3, 17, 1, 4, 5, 1, 13, 12, 4, 14, 11, 16, 3, 9, 9, 7, 11, 11, 14, 7, 14, 5, 7, 11, 14, 9, 2, 9, 18, 2, 9, 1, 6, 11, 11, 4, 11, 14, 7, 6, 2, 14, 17, 11, 9, 7, 14, 9, 11, 14, 11]
bestever    1973    in generation 2049
[13, 16, 8, 13, 13, 4, 19, 16, 13, 4, 1, 12, 19, 19, 17, 1, 6, 8, 7, 5, 12, 19, 17, 6, 19, 16, 19, 20, 19, 8, 16, 4, 13, 4, 5, 13, 1, 12, 6, 8, 16, 18, 7, 12, 13, 14, 8, 12, 17, 18, 8, 7, 13, 1, 10, 15, 4, 2, 5, 14, 18, 20, 12, 6, 3, 6, 19, 10, 20, 16, 6, 4, 16, 17, 16, 18, 12, 18, 17, 8, 12, 7, 19, 18, 20, 10, 13, 10, 17, 5, 18, 8, 15, 9, 2, 3, 16, 15, 7, 9, 20, 8, 8, 10, 20, 17, 20, 15, 15, 10, 17, 12, 3, 15, 10, 2, 1, 3, 20, 5, 1, 10, 3, 3, 15, 2, 20, 6, 15, 19, 18, 2, 1, 3, 20, 10, 3, 15, 5, 5, 10, 5, 2, 9, 15, 18, 4, 2, 6, 7, 17, 1, 4, 5, 1, 13, 12, 4, 14, 11, 16, 3, 9, 9, 7, 11, 11, 14, 7, 14, 5, 7, 11, 14, 9, 2, 9, 18, 2, 9, 1, 6, 11, 11, 4, 11, 14, 3, 6, 2, 14, 17, 11, 9, 7, 14, 9, 11, 14, 11]
bestever    1967    in generation 2153
[13, 16, 8, 13, 13, 4, 19, 16, 13, 4, 1, 12, 19, 19, 17, 1, 6, 8, 7, 5, 12, 19, 17, 6, 19, 16, 19, 20, 19, 8, 16, 4, 13, 4, 5, 13, 1, 12, 6, 8, 16, 18, 7, 12, 13, 14, 8, 12, 17, 18, 8, 7, 13, 1, 10, 15, 4, 2, 5, 14, 18, 20, 12, 6, 3, 6, 19, 10, 20, 16, 17, 4, 16, 17, 16, 18, 12, 18, 6, 8, 12, 7, 19, 18, 20, 10, 13, 10, 17, 5, 18, 8, 15, 9, 2, 3, 16, 15, 7, 9, 20, 8, 8, 10, 20, 17, 20, 15, 15, 10, 17, 12, 3, 15, 10, 2, 1, 3, 20, 5, 1, 10, 3, 3, 15, 2, 20, 6, 15, 19, 18, 2, 1, 3, 20, 10, 3, 15, 5, 5, 10, 5, 2, 9, 15, 18, 4, 2, 6, 7, 17, 1, 4, 5, 1, 13, 12, 4, 14, 11, 16, 3, 9, 9, 7, 11, 11, 14, 7, 14, 5, 7, 11, 14, 9, 2, 9, 18, 2, 9, 1, 6, 11, 11, 4, 11, 14, 3, 6, 2, 14, 17, 11, 9, 7, 14, 9, 11, 14, 11]
bestever    1966    in generation 2260
[13, 16, 8, 13, 13, 4, 19, 16, 13, 8, 4, 1, 12, 19, 19, 17, 1, 6, 8, 7, 5, 12, 19, 17, 6, 19, 16, 19, 20, 19, 8, 16, 4, 13, 4, 5, 13, 1, 12, 6, 8, 16, 18, 7, 12, 13, 14, 8, 12, 17, 18, 8, 7, 13, 1, 10, 15, 4, 2, 5, 14, 18, 20, 12, 6, 3, 6, 19, 10, 20, 16, 17, 4, 16, 17, 16, 18, 12, 18, 6, 8, 12, 7, 19, 18, 20, 10, 13, 10, 17, 5, 18, 8, 15, 9, 2, 3, 16, 15, 7, 9, 20, 8, 10, 20, 17, 20, 15, 15, 10, 17, 12, 3, 15, 10, 2, 1, 3, 20, 5, 1, 10, 3, 3, 15, 2, 20, 6, 15, 19, 18, 2, 1, 3, 20, 10, 3, 15, 5, 5, 10, 5, 2, 9, 15, 18, 4, 2, 6, 17, 7, 1, 4, 5, 1, 13, 12, 4, 14, 11, 16, 3, 9, 9, 7, 11, 11, 14, 7, 14, 5, 7, 11, 14, 9, 2, 9, 18, 2, 9, 1, 6, 11, 11, 4, 11, 14, 3, 6, 2, 14, 17, 11, 9, 7, 14, 9, 11, 14, 11]
bestever    1951    in generation 2336
[13, 16, 8, 13, 13, 4, 19, 16, 13, 8, 4, 1, 12, 19, 19, 17, 1, 6, 8, 7, 5, 12, 19, 17, 6, 19, 16, 19, 20, 19, 8, 16, 4, 13, 4, 5, 13, 1, 12, 6, 8, 16, 18, 7, 12, 13, 14, 8, 12, 17, 18, 8, 7, 13, 1, 10, 15, 4, 2, 5, 14, 18, 20, 12, 6, 3, 6, 19, 10, 20, 16, 17, 4, 16, 17, 16, 18, 12, 18, 6, 8, 12, 7, 19, 18, 20, 10, 13, 10, 17, 5, 18, 8, 15, 9, 2, 3, 16, 15, 7, 9, 20, 8, 10, 20, 17, 20, 15, 15, 10, 17, 12, 3, 15, 10, 2, 1, 3, 20, 5, 1, 10, 3, 14, 15, 2, 20, 6, 15, 19, 18, 2, 1, 3, 20, 10, 3, 15, 5, 5, 10, 5, 2, 9, 15, 18, 4, 2, 6, 17, 7, 1, 4, 5, 1, 13, 12, 4, 14, 11, 16, 3, 9, 9, 7, 11, 11, 7, 3, 5, 7, 14, 9, 2, 9, 18, 2, 9, 1, 6, 11, 11, 4, 11, 14, 11, 14, 3, 6, 2, 14, 17, 11, 9, 7, 14, 9, 11, 14, 11]
bestever    1950    in generation 2349
[13, 16, 8, 13, 13, 4, 19, 16, 13, 8, 4, 1, 12, 19, 19, 17, 1, 6, 8, 7, 5, 12, 19, 17, 6, 19, 16, 19, 20, 19, 8, 16, 4, 13, 4, 5, 13, 1, 12, 6, 8, 16, 18, 7, 12, 13, 14, 8, 12, 17, 18, 8, 7, 13, 1, 10, 15, 4, 2, 5, 14, 18, 20, 16, 6, 3, 6, 19, 10, 20, 16, 17, 4, 16, 17, 12, 18, 12, 18, 6, 8, 12, 7, 19, 18, 20, 10, 13, 10, 17, 5, 18, 8, 15, 9, 2, 3, 16, 15, 7, 9, 20, 8, 10, 20, 17, 20, 15, 15, 10, 17, 12, 3, 15, 10, 2, 1, 3, 20, 5, 1, 10, 3, 14, 15, 2, 20, 6, 15, 19, 18, 2, 1, 3, 20, 10, 3, 15, 5, 5, 10, 5, 2, 9, 15, 18, 4, 2, 6, 17, 7, 1, 4, 5, 1, 13, 12, 4, 14, 11, 16, 3, 9, 9, 7, 11, 11, 7, 3, 5, 7, 14, 9, 2, 9, 18, 2, 9, 1, 6, 11, 11, 4, 11, 14, 11, 14, 3, 6, 2, 14, 17, 11, 9, 7, 14, 9, 11, 14, 11]
bestever    1949    in generation 2370
[13, 16, 8, 13, 13, 4, 19, 16, 13, 8, 4, 1, 12, 19, 19, 17, 1, 6, 8, 7, 5, 12, 19, 17, 6, 19, 16, 19, 20, 19, 8, 16, 4, 13, 4, 5, 13, 1, 12, 6, 8, 16, 18, 7, 12, 13, 14, 8, 12, 17, 18, 8, 7, 13, 1, 10, 15, 4, 2, 5, 14, 18, 20, 16, 6, 3, 6, 19, 10, 20, 16, 17, 4, 16, 17, 12, 18, 12, 18, 6, 8, 12, 7, 19, 18, 20, 10, 13, 10, 17, 5, 18, 8, 15, 9, 2, 3, 16, 15, 6, 9, 20, 8, 10, 20, 17, 20, 15, 15, 10, 17, 12, 3, 15, 10, 2, 1, 3, 20, 5, 1, 10, 3, 14, 15, 2, 20, 7, 15, 19, 18, 2, 1, 3, 20, 10, 3, 15, 5, 5, 10, 5, 2, 9, 15, 18, 4, 2, 6, 17, 7, 1, 4, 5, 1, 13, 12, 4, 14, 11, 16, 3, 9, 9, 7, 11, 11, 7, 3, 5, 7, 14, 9, 2, 9, 18, 2, 9, 1, 6, 11, 11, 4, 11, 14, 11, 14, 3, 6, 2, 14, 17, 11, 9, 7, 14, 9, 11, 14, 11]
bestever    1945    in generation 2386
[13, 16, 8, 13, 13, 4, 19, 16, 13, 8, 4, 1, 12, 19, 19, 17, 1, 6, 8, 7, 5, 12, 19, 17, 6, 19, 16, 19, 20, 19, 8, 16, 4, 13, 4, 5, 13, 1, 12, 6, 8, 16, 18, 7, 12, 13, 14, 8, 12, 17, 18, 8, 7, 13, 1, 10, 15, 4, 2, 5, 14, 18, 20, 16, 6, 3, 6, 19, 10, 20, 16, 17, 4, 16, 17, 12, 18, 12, 18, 6, 8, 12, 18, 19, 18, 20, 10, 13, 10, 17, 5, 18, 8, 15, 9, 2, 3, 16, 15, 6, 9, 20, 8, 10, 20, 17, 20, 15, 15, 10, 17, 12, 3, 15, 10, 2, 1, 3, 20, 5, 1, 10, 3, 14, 15, 2, 20, 7, 15, 19, 18, 2, 1, 3, 20, 10, 3, 15, 5, 5, 10, 5, 2, 9, 15, 18, 4, 2, 6, 17, 7, 1, 4, 5, 1, 13, 12, 4, 14, 11, 16, 3, 9, 9, 7, 11, 11, 7, 3, 5, 7, 14, 9, 2, 9, 7, 2, 9, 1, 6, 11, 11, 4, 11, 14, 11, 14, 3, 6, 2, 14, 17, 11, 9, 7, 14, 9, 11, 14, 11]
bestever    1942    in generation 2416
[13, 16, 8, 13, 13, 4, 19, 16, 13, 8, 4, 1, 12, 19, 19, 17, 1, 6, 8, 16, 5, 12, 19, 17, 6, 19, 16, 19, 20, 19, 8, 16, 4, 13, 4, 5, 13, 1, 12, 6, 8, 16, 18, 7, 12, 13, 14, 8, 12, 17, 18, 8, 7, 13, 1, 10, 15, 4, 2, 5, 14, 18, 20, 16, 6, 3, 6, 19, 10, 20, 7, 17, 4, 16, 17, 12, 18, 12, 18, 6, 8, 12, 18, 19, 18, 20, 10, 13, 10, 17, 5, 18, 8, 15, 9, 2, 3, 16, 15, 6, 9, 20, 8, 10, 20, 17, 20, 15, 15, 10, 17, 12, 3, 15, 10, 2, 1, 3, 20, 5, 1, 10, 3, 14, 15, 2, 20, 7, 15, 19, 18, 2, 1, 3, 20, 10, 3, 15, 5, 5, 10, 5, 2, 9, 15, 18, 4, 2, 6, 17, 7, 1, 4, 5, 1, 13, 12, 4, 14, 11, 16, 3, 9, 9, 7, 11, 11, 7, 3, 5, 7, 14, 9, 2, 9, 7, 2, 9, 1, 6, 11, 11, 4, 11, 14, 11, 14, 3, 6, 2, 14, 17, 11, 9, 7, 14, 9, 11, 14, 11]
bestever    1936    in generation 2435
[13, 16, 8, 13, 13, 4, 19, 16, 13, 8, 19, 1, 12, 4, 19, 17, 1, 6, 8, 16, 5, 12, 19, 17, 6, 19, 16, 19, 20, 19, 8, 16, 4, 13, 4, 5, 13, 1, 12, 6, 8, 16, 18, 7, 12, 13, 14, 8, 12, 17, 18, 8, 7, 13, 1, 10, 15, 4, 2, 5, 14, 18, 20, 16, 6, 3, 6, 19, 10, 20, 7, 17, 4, 16, 17, 12, 18, 12, 18, 6, 8, 12, 18, 19, 18, 20, 10, 13, 10, 17, 5, 18, 8, 15, 9, 2, 3, 16, 15, 6, 9, 20, 8, 10, 20, 17, 20, 15, 15, 10, 17, 12, 3, 15, 10, 2, 1, 3, 20, 5, 1, 10, 3, 14, 15, 2, 20, 7, 15, 19, 18, 2, 1, 3, 20, 10, 3, 15, 5, 5, 10, 5, 2, 9, 15, 18, 4, 2, 6, 17, 7, 1, 4, 5, 1, 13, 12, 4, 14, 11, 16, 3, 9, 9, 7, 11, 11, 7, 3, 5, 7, 14, 9, 2, 9, 7, 2, 1, 6, 11, 4, 11, 11, 9, 14, 11, 14, 3, 6, 2, 14, 17, 11, 9, 7, 14, 9, 11, 14, 11]
bestever    1932    in generation 2476
[13, 16, 8, 13, 13, 4, 19, 16, 13, 8, 19, 1, 12, 4, 19, 17, 1, 6, 8, 16, 5, 12, 19, 17, 6, 19, 16, 19, 20, 19, 8, 16, 4, 13, 4, 5, 13, 1, 12, 6, 8, 16, 18, 7, 12, 13, 14, 8, 12, 17, 18, 8, 7, 13, 1, 10, 15, 4, 2, 5, 14, 18, 20, 16, 6, 3, 6, 19, 10, 20, 7, 17, 4, 16, 18, 12, 18, 12, 18, 6, 8, 12, 18, 19, 18, 20, 10, 13, 10, 17, 5, 17, 8, 15, 9, 2, 3, 16, 15, 6, 9, 20, 8, 10, 20, 17, 20, 15, 15, 10, 17, 12, 3, 15, 10, 2, 1, 3, 20, 5, 1, 10, 3, 14, 15, 2, 20, 7, 15, 19, 18, 2, 1, 3, 20, 10, 3, 15, 5, 5, 10, 5, 2, 9, 15, 18, 4, 2, 6, 17, 7, 1, 4, 5, 1, 13, 12, 4, 14, 11, 16, 3, 9, 9, 7, 11, 11, 7, 3, 5, 7, 14, 9, 2, 9, 7, 2, 1, 6, 11, 4, 11, 11, 9, 14, 11, 14, 3, 6, 2, 14, 17, 11, 9, 7, 14, 9, 11, 14, 11]
bestever    1930    in generation 2494
[13, 16, 8, 13, 13, 4, 19, 16, 13, 8, 19, 1, 12, 4, 19, 17, 1, 6, 8, 16, 5, 12, 19, 17, 6, 19, 16, 19, 20, 19, 8, 16, 4, 13, 4, 5, 13, 1, 12, 6, 8, 16, 18, 7, 12, 13, 14, 4, 12, 17, 18, 8, 7, 13, 1, 10, 15, 4, 2, 5, 14, 18, 20, 16, 6, 3, 6, 19, 10, 20, 7, 17, 8, 16, 18, 12, 18, 12, 18, 6, 8, 12, 18, 19, 18, 20, 10, 13, 10, 17, 5, 17, 8, 15, 9, 2, 3, 16, 15, 6, 9, 20, 8, 10, 20, 17, 20, 15, 15, 10, 17, 12, 3, 15, 10, 2, 1, 3, 20, 5, 1, 10, 3, 14, 15, 2, 20, 7, 15, 19, 18, 2, 1, 3, 20, 10, 3, 15, 5, 5, 10, 5, 2, 9, 15, 18, 4, 2, 6, 17, 7, 1, 4, 5, 1, 13, 12, 4, 14, 11, 16, 3, 9, 9, 7, 11, 11, 7, 3, 5, 7, 14, 9, 2, 9, 7, 2, 1, 6, 11, 4, 11, 11, 9, 14, 11, 14, 3, 6, 2, 14, 17, 11, 9, 7, 14, 9, 11, 14, 11]
bestever    1923    in generation 2512
[13, 16, 4, 13, 13, 4, 19, 16, 13, 8, 19, 1, 12, 8, 19, 17, 1, 6, 8, 16, 5, 12, 19, 17, 6, 19, 16, 19, 20, 19, 8, 16, 4, 13, 4, 5, 13, 1, 12, 6, 8, 16, 18, 7, 12, 13, 14, 8, 12, 17, 18, 8, 7, 13, 1, 10, 15, 4, 2, 5, 18, 20, 16, 6, 3, 6, 19, 10, 20, 7, 17, 4, 16, 18, 12, 18, 12, 18, 6, 8, 12, 18, 19, 18, 20, 10, 13, 10, 17, 5, 17, 8, 15, 9, 2, 3, 16, 15, 6, 9, 20, 8, 10, 20, 17, 20, 15, 15, 10, 17, 12, 3, 15, 10, 2, 1, 3, 20, 5, 1, 10, 3, 15, 2, 20, 7, 15, 19, 18, 2, 1, 3, 20, 10, 3, 15, 5, 5, 10, 5, 2, 9, 15, 18, 4, 17, 7, 1, 4, 5, 1, 13, 12, 4, 16, 3, 7, 3, 14, 9, 7, 2, 6, 11, 11, 9, 14, 11, 14, 5, 7, 14, 9, 2, 9, 7, 2, 1, 6, 11, 4, 11, 11, 9, 14, 11, 14, 3, 6, 2, 14, 17, 11, 9, 7, 14, 9, 11, 14, 11]
bestever    1922    in generation 2537
[13, 16, 4, 13, 13, 4, 19, 16, 13, 8, 19, 1, 12, 8, 19, 17, 1, 6, 8, 16, 5, 12, 19, 17, 6, 19, 16, 19, 20, 19, 8, 16, 4, 13, 4, 5, 13, 1, 12, 6, 8, 16, 18, 7, 12, 13, 14, 8, 12, 17, 18, 8, 7, 13, 1, 10, 15, 4, 2, 5, 18, 20, 16, 6, 3, 6, 19, 10, 20, 7, 17, 4, 16, 18, 12, 18, 12, 18, 6, 8, 12, 18, 19, 18, 20, 10, 13, 10, 17, 5, 17, 8, 15, 9, 2, 3, 16, 15, 6, 9, 20, 8, 10, 20, 17, 20, 15, 15, 10, 17, 12, 3, 15, 10, 2, 1, 3, 20, 5, 1, 10, 3, 15, 2, 20, 7, 15, 19, 18, 7, 1, 3, 20, 10, 3, 15, 5, 5, 10, 5, 2, 9, 15, 18, 4, 17, 7, 1, 4, 5, 1, 13, 12, 4, 16, 3, 7, 3, 14, 9, 7, 2, 6, 11, 11, 9, 14, 11, 14, 5, 7, 14, 9, 2, 9, 7, 2, 1, 6, 11, 4, 11, 11, 9, 14, 11, 14, 3, 6, 2, 14, 17, 11, 9, 2, 14, 9, 11, 14, 11]
bestever    1921    in generation 2640
[13, 16, 4, 13, 13, 4, 19, 16, 13, 8, 19, 1, 12, 8, 19, 17, 1, 6, 8, 16, 5, 12, 19, 17, 6, 19, 16, 19, 20, 19, 8, 16, 4, 13, 4, 5, 13, 1, 12, 6, 8, 16, 18, 7, 12, 13, 14, 8, 12, 17, 18, 8, 7, 13, 1, 10, 15, 4, 2, 5, 18, 20, 16, 6, 3, 6, 19, 10, 20, 7, 17, 4, 16, 18, 12, 18, 12, 18, 6, 8, 12, 18, 19, 18, 20, 10, 13, 10, 17, 5, 17, 8, 15, 9, 2, 3, 16, 15, 6, 9, 20, 8, 10, 20, 17, 20, 15, 15, 10, 17, 12, 3, 15, 10, 2, 1, 3, 20, 5, 1, 3, 15, 2, 20, 7, 15, 19, 18, 3, 1, 7, 10, 20, 10, 3, 15, 5, 5, 10, 5, 2, 9, 15, 18, 4, 17, 7, 1, 4, 5, 1, 13, 12, 4, 16, 3, 7, 3, 9, 7, 6, 11, 14, 9, 2, 9, 7, 2, 1, 6, 11, 4, 2, 14, 11, 9, 11, 14, 5, 7, 14, 11, 11, 9, 14, 11, 14, 3, 6, 2, 14, 17, 11, 9, 2, 14, 9, 11, 14, 11]
bestever    1909    in generation 2661
[13, 16, 4, 13, 13, 4, 19, 16, 13, 8, 19, 1, 12, 8, 19, 17, 1, 6, 8, 16, 5, 12, 19, 17, 6, 19, 16, 19, 20, 19, 8, 16, 4, 13, 4, 5, 13, 1, 12, 6, 8, 16, 18, 7, 12, 13, 8, 12, 17, 18, 8, 7, 13, 1, 10, 15, 4, 2, 5, 18, 20, 16, 6, 3, 6, 19, 10, 20, 7, 17, 4, 16, 18, 12, 18, 12, 18, 6, 8, 12, 18, 19, 18, 20, 10, 13, 10, 17, 5, 17, 8, 15, 9, 2, 3, 16, 15, 6, 9, 20, 8, 10, 20, 17, 20, 15, 15, 10, 17, 12, 3, 15, 10, 2, 1, 3, 20, 5, 1, 3, 15, 2, 20, 7, 15, 19, 18, 3, 1, 7, 10, 20, 10, 3, 15, 5, 5, 10, 5, 2, 9, 15, 18, 4, 17, 7, 1, 4, 5, 1, 13, 12, 4, 16, 3, 7, 3, 9, 7, 6, 9, 2, 7, 2, 1, 6, 4, 2, 11, 14, 14, 11, 9, 14, 11, 9, 11, 14, 5, 7, 14, 11, 11, 9, 14, 11, 14, 3, 6, 2, 14, 17, 11, 9, 2, 14, 9, 11, 14, 11]
bestever    1908    in generation 2689
[13, 16, 4, 13, 13, 4, 19, 16, 13, 8, 19, 1, 12, 8, 19, 17, 1, 6, 8, 16, 5, 12, 19, 17, 6, 19, 16, 19, 20, 19, 8, 16, 4, 13, 4, 5, 13, 1, 12, 6, 8, 16, 18, 7, 12, 13, 8, 12, 17, 18, 8, 7, 13, 1, 10, 15, 4, 2, 5, 18, 20, 16, 6, 3, 6, 19, 10, 20, 7, 17, 4, 16, 18, 12, 18, 12, 18, 6, 8, 12, 18, 19, 18, 20, 10, 13, 10, 17, 5, 17, 8, 15, 9, 2, 3, 16, 15, 6, 9, 20, 8, 10, 20, 17, 20, 15, 15, 10, 17, 12, 3, 15, 10, 2, 1, 3, 20, 5, 1, 3, 15, 2, 20, 15, 15, 19, 18, 3, 1, 7, 10, 20, 10, 3, 15, 5, 5, 10, 5, 2, 9, 7, 18, 4, 17, 7, 1, 4, 5, 1, 13, 12, 4, 16, 3, 7, 3, 9, 7, 6, 9, 2, 7, 2, 1, 6, 4, 2, 11, 14, 14, 11, 9, 14, 11, 9, 11, 14, 5, 7, 14, 11, 11, 9, 14, 11, 14, 3, 6, 2, 14, 17, 11, 9, 2, 14, 9, 11, 14, 11]
bestever    1903    in generation 2716
[13, 16, 4, 13, 13, 4, 19, 16, 13, 8, 19, 1, 12, 8, 19, 17, 1, 6, 8, 16, 5, 12, 19, 17, 6, 19, 16, 19, 20, 19, 8, 16, 4, 13, 4, 5, 13, 1, 12, 6, 8, 16, 18, 1, 12, 13, 8, 12, 17, 18, 8, 7, 13, 1, 10, 15, 4, 2, 5, 18, 20, 16, 6, 3, 6, 19, 10, 20, 7, 17, 4, 16, 18, 12, 18, 12, 18, 6, 8, 12, 18, 19, 18, 20, 10, 13, 10, 17, 5, 17, 8, 15, 9, 2, 3, 16, 15, 6, 9, 20, 8, 10, 20, 17, 20, 15, 15, 10, 17, 12, 3, 15, 10, 2, 1, 3, 20, 5, 7, 3, 15, 2, 20, 15, 15, 19, 18, 3, 1, 7, 10, 20, 10, 3, 15, 5, 5, 10, 5, 2, 9, 7, 18, 4, 17, 7, 1, 4, 5, 1, 13, 12, 4, 16, 3, 7, 3, 9, 7, 6, 9, 2, 7, 2, 1, 6, 4, 2, 11, 14, 14, 11, 9, 14, 11, 9, 11, 14, 5, 7, 14, 11, 11, 9, 14, 11, 14, 3, 6, 2, 14, 17, 11, 9, 2, 14, 9, 11, 14, 11]
bestever    1896    in generation 2756
[13, 16, 4, 13, 13, 4, 19, 16, 13, 8, 19, 1, 12, 8, 19, 17, 1, 6, 8, 16, 5, 12, 19, 17, 6, 19, 16, 19, 20, 19, 8, 16, 4, 13, 4, 5, 13, 1, 12, 6, 8, 16, 18, 1, 12, 13, 8, 10, 17, 18, 8, 7, 13, 1, 12, 15, 4, 2, 5, 18, 20, 16, 6, 3, 6, 19, 10, 20, 7, 17, 4, 16, 18, 12, 18, 12, 18, 6, 8, 12, 18, 19, 18, 20, 10, 13, 10, 17, 5, 17, 8, 15, 9, 2, 3, 16, 15, 6, 9, 20, 8, 10, 20, 17, 20, 15, 15, 10, 17, 12, 3, 15, 10, 2, 1, 3, 20, 5, 7, 3, 15, 2, 20, 15, 15, 19, 18, 3, 1, 7, 10, 20, 10, 3, 15, 5, 5, 10, 5, 2, 9, 7, 18, 4, 17, 7, 1, 4, 5, 1, 14, 12, 4, 16, 3, 7, 3, 9, 7, 6, 9, 2, 7, 2, 1, 6, 4, 2, 11, 13, 14, 9, 14, 11, 11, 9, 11, 14, 5, 7, 14, 11, 11, 9, 14, 11, 14, 3, 6, 2, 14, 17, 11, 9, 2, 14, 9, 11, 14, 11]
bestever    1894    in generation 2864
[13, 16, 4, 13, 13, 4, 19, 16, 13, 8, 19, 1, 12, 8, 19, 17, 1, 6, 8, 16, 5, 12, 19, 17, 6, 19, 16, 19, 20, 19, 8, 16, 4, 13, 4, 5, 13, 1, 12, 6, 8, 16, 18, 1, 12, 13, 8, 10, 17, 18, 8, 7, 13, 1, 12, 15, 4, 2, 5, 18, 20, 16, 6, 3, 6, 19, 10, 20, 7, 17, 4, 16, 18, 12, 18, 12, 18, 6, 8, 12, 18, 19, 18, 20, 10, 13, 10, 17, 5, 17, 1, 15, 9, 2, 3, 16, 15, 6, 9, 20, 8, 10, 20, 17, 20, 15, 15, 10, 17, 12, 3, 15, 10, 2, 8, 3, 20, 5, 7, 3, 15, 2, 20, 15, 15, 19, 18, 3, 1, 7, 10, 20, 11, 10, 3, 15, 5, 5, 10, 5, 2, 9, 7, 18, 4, 17, 7, 1, 4, 5, 1, 14, 12, 4, 16, 3, 7, 3, 9, 7, 6, 9, 2, 7, 2, 1, 6, 4, 2, 13, 14, 9, 14, 11, 11, 9, 11, 14, 5, 7, 14, 11, 11, 9, 14, 11, 14, 3, 6, 2, 14, 17, 11, 9, 2, 14, 9, 11, 14, 11]
bestever    1891    in generation 2895
[13, 16, 4, 13, 13, 4, 19, 16, 13, 8, 19, 1, 12, 8, 19, 17, 1, 6, 8, 16, 5, 12, 19, 17, 6, 19, 16, 19, 20, 19, 8, 16, 4, 13, 4, 5, 13, 1, 12, 6, 8, 16, 18, 1, 12, 13, 8, 10, 17, 18, 8, 7, 13, 1, 12, 15, 4, 2, 5, 18, 20, 16, 6, 3, 6, 19, 10, 20, 7, 17, 4, 16, 18, 12, 9, 12, 18, 6, 8, 12, 18, 19, 18, 20, 10, 13, 10, 17, 5, 17, 1, 15, 18, 2, 3, 16, 15, 6, 9, 20, 8, 10, 20, 17, 20, 15, 15, 10, 17, 12, 3, 15, 10, 2, 8, 3, 20, 5, 7, 3, 15, 2, 20, 15, 15, 19, 18, 3, 1, 7, 10, 20, 11, 10, 3, 15, 5, 5, 10, 5, 2, 9, 7, 18, 4, 17, 7, 1, 4, 5, 1, 14, 12, 4, 16, 3, 7, 3, 9, 7, 6, 9, 2, 7, 2, 1, 6, 4, 2, 13, 14, 9, 14, 11, 11, 9, 11, 14, 5, 7, 14, 11, 11, 9, 14, 11, 14, 3, 6, 2, 14, 17, 11, 9, 2, 14, 9, 11, 14, 11]
bestever    1890    in generation 2950
[13, 16, 4, 13, 13, 4, 19, 16, 13, 8, 19, 1, 12, 8, 19, 17, 1, 6, 8, 16, 5, 12, 19, 17, 6, 19, 16, 19, 20, 19, 8, 16, 4, 13, 4, 5, 13, 1, 12, 6, 8, 16, 18, 1, 12, 13, 8, 10, 17, 18, 8, 7, 13, 1, 12, 15, 4, 2, 5, 18, 20, 16, 6, 3, 6, 19, 10, 20, 7, 17, 4, 16, 18, 12, 9, 12, 18, 6, 8, 12, 18, 19, 18, 20, 10, 13, 10, 17, 5, 17, 1, 15, 18, 2, 3, 16, 15, 6, 9, 20, 8, 10, 20, 17, 20, 7, 15, 10, 17, 12, 3, 15, 10, 2, 8, 3, 20, 5, 7, 3, 15, 2, 20, 15, 15, 19, 18, 3, 1, 15, 10, 20, 11, 10, 3, 15, 5, 5, 10, 5, 2, 9, 7, 18, 4, 17, 7, 1, 4, 5, 1, 14, 12, 4, 16, 3, 7, 3, 9, 7, 6, 9, 2, 7, 2, 1, 6, 4, 2, 13, 14, 9, 14, 11, 11, 9, 11, 14, 5, 7, 14, 11, 11, 9, 14, 11, 14, 3, 6, 2, 14, 17, 9, 2, 14, 11, 9, 11, 14, 11]
bestever    1882    in generation 2952
[13, 16, 4, 13, 13, 4, 19, 16, 13, 8, 19, 1, 12, 8, 19, 17, 1, 6, 8, 16, 5, 12, 19, 17, 6, 19, 16, 19, 20, 19, 8, 16, 4, 13, 4, 5, 13, 1, 12, 6, 8, 16, 18, 1, 12, 13, 8, 10, 17, 18, 8, 7, 13, 1, 12, 15, 4, 2, 5, 18, 20, 16, 6, 3, 6, 19, 10, 20, 7, 17, 4, 16, 18, 12, 9, 12, 18, 6, 8, 12, 18, 19, 18, 20, 10, 13, 10, 17, 5, 17, 1, 15, 18, 2, 3, 16, 15, 6, 9, 20, 8, 10, 20, 17, 20, 15, 15, 10, 17, 12, 3, 15, 10, 2, 8, 3, 20, 5, 7, 3, 15, 2, 20, 15, 15, 19, 18, 3, 1, 7, 6, 20, 11, 10, 3, 15, 5, 5, 10, 5, 2, 9, 7, 18, 4, 17, 7, 1, 4, 5, 1, 14, 12, 4, 16, 3, 7, 3, 9, 7, 10, 9, 2, 7, 2, 1, 6, 4, 2, 13, 14, 9, 14, 11, 11, 9, 11, 14, 5, 7, 14, 11, 11, 9, 14, 11, 14, 3, 6, 2, 14, 17, 9, 2, 14, 11, 9, 11, 14, 11]
bestever    1879    in generation 2953
[13, 16, 4, 13, 13, 4, 19, 16, 13, 8, 19, 1, 12, 8, 19, 17, 1, 6, 8, 16, 5, 12, 19, 17, 6, 19, 16, 19, 20, 19, 8, 16, 4, 13, 4, 5, 13, 1, 12, 18, 8, 16, 18, 1, 12, 13, 8, 10, 17, 6, 8, 7, 13, 1, 12, 15, 4, 2, 5, 18, 20, 16, 6, 3, 6, 19, 10, 20, 7, 17, 4, 16, 18, 12, 9, 12, 18, 6, 8, 12, 18, 19, 18, 20, 10, 13, 10, 17, 5, 17, 1, 15, 18, 2, 3, 16, 15, 6, 9, 20, 8, 10, 20, 17, 20, 15, 15, 10, 17, 12, 3, 15, 10, 2, 8, 3, 20, 5, 7, 3, 15, 2, 20, 15, 15, 19, 18, 3, 1, 7, 10, 20, 11, 10, 3, 15, 5, 5, 10, 5, 2, 9, 7, 18, 4, 17, 7, 1, 4, 5, 1, 14, 12, 4, 16, 3, 7, 3, 9, 7, 6, 9, 2, 7, 2, 1, 6, 4, 2, 13, 14, 9, 14, 11, 11, 9, 11, 14, 5, 7, 14, 11, 11, 9, 14, 11, 14, 3, 6, 2, 14, 17, 9, 2, 14, 11, 9, 11, 14, 11]
bestever    1876    in generation 3026
[13, 16, 4, 13, 13, 4, 19, 16, 13, 8, 19, 1, 12, 8, 19, 17, 1, 6, 8, 16, 5, 12, 19, 17, 6, 19, 16, 19, 20, 19, 8, 16, 4, 13, 4, 5, 13, 1, 12, 18, 8, 16, 18, 1, 12, 13, 8, 10, 17, 6, 8, 7, 13, 1, 12, 15, 4, 2, 5, 18, 20, 16, 6, 3, 6, 19, 10, 20, 7, 17, 4, 16, 18, 12, 9, 12, 18, 6, 8, 12, 18, 19, 18, 20, 10, 13, 10, 17, 5, 17, 1, 15, 18, 2, 3, 16, 15, 6, 9, 20, 8, 10, 20, 17, 20, 15, 15, 10, 17, 12, 3, 15, 10, 2, 8, 3, 20, 5, 7, 3, 15, 13, 20, 15, 15, 19, 18, 3, 1, 7, 10, 20, 11, 10, 3, 15, 5, 5, 10, 5, 2, 9, 7, 18, 4, 17, 7, 1, 4, 5, 1, 14, 12, 4, 16, 3, 7, 3, 9, 7, 6, 9, 2, 7, 2, 1, 6, 4, 2, 2, 14, 9, 14, 11, 11, 9, 11, 14, 5, 7, 14, 11, 11, 9, 14, 11, 14, 3, 6, 2, 14, 17, 9, 2, 14, 11, 9, 11, 14, 11]
bestever    1870    in generation 3043
[13, 16, 4, 13, 13, 4, 19, 16, 13, 8, 19, 1, 12, 8, 19, 17, 1, 6, 8, 16, 5, 12, 19, 17, 6, 19, 16, 19, 20, 19, 8, 16, 4, 13, 4, 5, 13, 1, 12, 18, 8, 16, 18, 1, 12, 13, 8, 10, 17, 6, 8, 7, 13, 1, 12, 15, 4, 2, 5, 18, 20, 16, 6, 3, 6, 19, 10, 20, 7, 17, 4, 16, 18, 12, 9, 12, 18, 6, 8, 12, 18, 19, 18, 20, 10, 13, 10, 17, 5, 17, 1, 15, 18, 2, 3, 16, 7, 6, 9, 20, 8, 10, 20, 17, 20, 15, 15, 10, 17, 12, 3, 15, 10, 2, 8, 3, 20, 5, 7, 3, 15, 13, 20, 15, 15, 19, 18, 3, 1, 15, 20, 10, 11, 10, 3, 15, 5, 5, 10, 5, 2, 9, 7, 18, 4, 17, 7, 1, 4, 5, 1, 14, 12, 4, 16, 3, 7, 3, 9, 7, 6, 9, 2, 7, 2, 1, 6, 4, 2, 2, 14, 9, 14, 11, 11, 9, 11, 14, 5, 7, 14, 11, 11, 9, 14, 11, 14, 3, 6, 2, 14, 17, 9, 2, 14, 11, 9, 11, 14, 11]
bestever    1869    in generation 3106
[13, 16, 4, 13, 13, 4, 19, 16, 13, 8, 19, 1, 12, 8, 19, 17, 1, 6, 8, 16, 5, 12, 19, 17, 6, 19, 16, 19, 20, 19, 8, 16, 4, 13, 4, 5, 13, 1, 12, 18, 8, 16, 18, 1, 12, 13, 8, 10, 17, 6, 8, 7, 13, 1, 12, 15, 4, 2, 5, 18, 20, 16, 1, 3, 6, 19, 10, 20, 7, 17, 4, 16, 18, 12, 9, 12, 18, 6, 8, 12, 18, 19, 18, 20, 10, 13, 10, 17, 5, 17, 1, 15, 18, 2, 3, 16, 7, 6, 9, 20, 8, 10, 20, 17, 20, 15, 15, 10, 17, 12, 3, 15, 10, 2, 8, 3, 20, 5, 7, 3, 15, 13, 20, 15, 15, 19, 18, 3, 1, 15, 20, 10, 11, 10, 3, 15, 5, 5, 10, 5, 2, 9, 7, 18, 4, 17, 7, 1, 4, 5, 6, 14, 12, 4, 16, 3, 7, 3, 9, 7, 6, 9, 2, 7, 2, 1, 6, 4, 2, 2, 14, 9, 14, 11, 11, 9, 11, 14, 5, 7, 14, 11, 11, 9, 14, 11, 14, 3, 6, 2, 14, 17, 9, 2, 14, 11, 9, 11, 14, 11]
bestever    1854    in generation 3124
[13, 16, 4, 13, 13, 4, 19, 16, 13, 8, 19, 1, 12, 8, 19, 17, 1, 6, 8, 16, 5, 12, 19, 17, 6, 19, 16, 19, 20, 19, 8, 16, 4, 13, 4, 5, 13, 1, 12, 18, 8, 16, 18, 1, 12, 13, 8, 10, 17, 6, 8, 16, 13, 1, 12, 15, 4, 2, 5, 18, 20, 16, 1, 3, 6, 19, 10, 20, 7, 17, 4, 16, 18, 12, 9, 12, 18, 6, 8, 12, 18, 19, 18, 20, 10, 13, 10, 17, 5, 17, 1, 15, 18, 2, 3, 16, 7, 6, 9, 20, 8, 10, 20, 17, 20, 15, 15, 10, 17, 12, 3, 15, 10, 2, 8, 3, 20, 5, 7, 3, 15, 13, 20, 15, 15, 19, 18, 3, 1, 15, 20, 10, 11, 10, 3, 15, 5, 5, 10, 5, 2, 9, 7, 18, 4, 17, 7, 1, 4, 5, 6, 14, 12, 4, 7, 3, 7, 3, 9, 7, 6, 9, 2, 7, 2, 1, 6, 4, 2, 2, 14, 9, 14, 11, 11, 9, 11, 14, 5, 7, 14, 11, 11, 9, 14, 11, 14, 3, 6, 2, 14, 17, 9, 2, 14, 11, 9, 11, 14, 11]
bestever    1844    in generation 3229
[13, 16, 4, 13, 13, 4, 19, 16, 13, 8, 19, 1, 12, 8, 19, 17, 1, 6, 8, 16, 5, 12, 19, 17, 6, 19, 16, 19, 20, 19, 8, 16, 4, 13, 4, 5, 13, 1, 12, 18, 8, 16, 18, 1, 12, 13, 8, 10, 17, 6, 8, 16, 13, 1, 12, 15, 4, 2, 5, 18, 20, 16, 1, 3, 6, 19, 10, 20, 7, 17, 4, 16, 18, 12, 9, 12, 18, 6, 8, 12, 18, 19, 18, 20, 10, 13, 10, 17, 5, 17, 1, 15, 18, 2, 3, 16, 7, 6, 9, 20, 8, 10, 20, 17, 20, 15, 15, 10, 17, 12, 3, 15, 3, 2, 8, 3, 20, 5, 7, 10, 15, 13, 20, 15, 15, 19, 18, 3, 1, 15, 20, 10, 11, 10, 3, 15, 5, 5, 10, 5, 2, 9, 7, 18, 4, 17, 7, 1, 4, 5, 6, 14, 12, 4, 7, 3, 7, 3, 9, 7, 6, 9, 2, 7, 2, 1, 6, 4, 2, 2, 14, 9, 14, 11, 11, 9, 11, 14, 5, 7, 14, 11, 11, 9, 14, 11, 14, 3, 6, 2, 14, 17, 9, 2, 14, 11, 9, 11, 14, 11]
bestever    1841    in generation 3306
[13, 16, 4, 13, 13, 4, 19, 16, 13, 8, 19, 1, 12, 8, 19, 17, 1, 6, 8, 16, 5, 12, 19, 17, 6, 19, 16, 19, 20, 19, 8, 16, 4, 13, 4, 5, 13, 1, 12, 18, 8, 16, 18, 1, 12, 13, 8, 10, 17, 6, 8, 16, 13, 1, 12, 15, 4, 2, 5, 18, 20, 16, 1, 3, 6, 19, 10, 20, 7, 17, 4, 16, 18, 12, 9, 12, 18, 6, 8, 12, 18, 19, 20, 20, 10, 13, 10, 17, 5, 17, 1, 15, 18, 2, 3, 16, 7, 6, 9, 18, 8, 10, 20, 17, 20, 15, 15, 10, 17, 12, 3, 15, 3, 2, 8, 3, 20, 5, 7, 10, 15, 13, 20, 15, 15, 19, 18, 3, 1, 15, 20, 10, 11, 10, 3, 15, 5, 5, 10, 5, 2, 9, 7, 18, 4, 17, 7, 1, 4, 5, 6, 14, 12, 4, 7, 3, 7, 3, 9, 7, 6, 9, 2, 7, 2, 1, 6, 4, 2, 2, 14, 9, 14, 11, 11, 9, 11, 14, 5, 7, 14, 11, 11, 9, 14, 11, 14, 3, 6, 2, 14, 17, 9, 2, 14, 11, 9, 11, 14, 11]
bestever    1837    in generation 3331
[13, 16, 4, 13, 13, 4, 19, 16, 13, 8, 19, 1, 12, 8, 19, 17, 1, 6, 8, 16, 5, 12, 19, 17, 6, 19, 16, 19, 20, 19, 8, 16, 4, 13, 4, 5, 13, 1, 12, 18, 8, 16, 18, 1, 12, 13, 8, 10, 17, 6, 8, 16, 13, 1, 12, 15, 4, 2, 5, 18, 20, 16, 1, 3, 6, 19, 10, 20, 7, 17, 4, 16, 18, 12, 9, 12, 18, 6, 8, 12, 18, 19, 20, 20, 10, 13, 10, 17, 5, 17, 1, 15, 18, 2, 3, 16, 7, 6, 9, 18, 8, 10, 20, 17, 20, 15, 15, 10, 17, 12, 3, 15, 3, 2, 8, 3, 20, 5, 7, 10, 15, 13, 20, 15, 15, 19, 18, 3, 1, 15, 20, 10, 10, 3, 15, 5, 5, 10, 5, 2, 9, 7, 18, 4, 17, 7, 1, 4, 5, 6, 14, 12, 4, 7, 3, 7, 3, 9, 7, 6, 2, 7, 2, 1, 6, 4, 2, 9, 11, 11, 9, 11, 14, 2, 14, 9, 11, 14, 5, 7, 14, 11, 11, 9, 14, 11, 14, 3, 6, 2, 14, 17, 9, 2, 14, 11, 9, 11, 14, 11]
bestever    1835    in generation 3412
[13, 16, 4, 13, 13, 4, 19, 16, 13, 8, 19, 1, 12, 8, 19, 17, 1, 6, 8, 16, 5, 12, 19, 17, 6, 19, 16, 19, 20, 19, 8, 16, 4, 13, 4, 5, 13, 1, 12, 18, 8, 16, 18, 1, 12, 13, 8, 10, 17, 6, 8, 16, 13, 1, 12, 15, 4, 2, 5, 18, 20, 16, 1, 3, 6, 19, 10, 20, 7, 17, 6, 16, 18, 12, 9, 12, 18, 6, 8, 12, 18, 19, 20, 20, 10, 13, 10, 17, 5, 17, 1, 15, 18, 2, 3, 16, 7, 4, 9, 18, 8, 10, 20, 17, 20, 15, 15, 10, 17, 12, 3, 15, 3, 2, 8, 3, 20, 5, 7, 10, 15, 13, 20, 15, 15, 19, 18, 3, 1, 15, 20, 10, 10, 3, 15, 5, 5, 10, 5, 2, 9, 7, 18, 4, 17, 7, 1, 4, 5, 6, 14, 12, 4, 7, 3, 7, 3, 9, 7, 6, 2, 7, 2, 1, 6, 4, 2, 9, 11, 11, 9, 11, 14, 2, 14, 9, 11, 14, 5, 7, 14, 11, 11, 9, 14, 11, 14, 3, 6, 2, 14, 17, 9, 2, 14, 11, 9, 11, 14, 11]
bestever    1828    in generation 3500
[13, 16, 4, 13, 13, 4, 19, 16, 13, 8, 19, 1, 12, 8, 19, 17, 1, 6, 8, 16, 5, 12, 19, 17, 6, 19, 16, 19, 20, 19, 8, 16, 4, 13, 4, 5, 13, 1, 12, 18, 8, 16, 18, 1, 12, 13, 8, 10, 17, 6, 8, 16, 13, 1, 12, 15, 4, 2, 5, 18, 20, 16, 1, 3, 6, 19, 10, 20, 7, 17, 6, 16, 18, 12, 9, 12, 18, 6, 8, 12, 18, 19, 20, 20, 4, 13, 10, 17, 5, 17, 1, 15, 18, 2, 3, 16, 7, 4, 9, 18, 8, 10, 20, 17, 20, 15, 15, 10, 17, 12, 3, 15, 3, 2, 8, 3, 20, 5, 7, 10, 15, 13, 20, 15, 15, 19, 18, 3, 1, 15, 20, 10, 10, 3, 15, 5, 5, 10, 5, 2, 9, 7, 18, 4, 17, 7, 1, 10, 5, 6, 14, 12, 4, 7, 3, 7, 3, 9, 7, 6, 2, 7, 2, 1, 6, 4, 2, 9, 11, 11, 9, 11, 14, 2, 14, 9, 11, 14, 5, 7, 14, 11, 11, 9, 14, 11, 14, 3, 6, 2, 14, 17, 9, 2, 14, 11, 9, 11, 14, 11]
bestever    1815    in generation 3573
[13, 16, 4, 13, 13, 4, 19, 16, 13, 8, 19, 1, 12, 8, 19, 17, 1, 6, 8, 16, 5, 12, 19, 17, 6, 19, 16, 19, 20, 19, 8, 16, 4, 13, 4, 5, 13, 1, 12, 18, 8, 16, 18, 1, 12, 13, 8, 10, 17, 6, 8, 16, 13, 1, 12, 15, 4, 2, 5, 18, 20, 16, 1, 3, 6, 19, 10, 20, 7, 17, 6, 16, 18, 12, 9, 4, 18, 6, 8, 12, 18, 19, 20, 20, 4, 13, 10, 17, 5, 17, 1, 15, 18, 2, 3, 16, 7, 12, 9, 18, 8, 10, 20, 17, 20, 15, 15, 10, 17, 12, 3, 15, 3, 2, 8, 3, 20, 5, 7, 10, 15, 13, 20, 15, 15, 19, 18, 3, 1, 15, 20, 10, 10, 3, 15, 5, 5, 10, 5, 2, 9, 7, 18, 4, 17, 7, 1, 10, 5, 6, 12, 4, 7, 3, 7, 3, 9, 7, 6, 2, 7, 2, 1, 6, 4, 2, 9, 2, 9, 14, 11, 11, 9, 14, 11, 14, 11, 14, 5, 7, 14, 11, 11, 9, 14, 11, 14, 3, 6, 2, 14, 17, 9, 2, 14, 11, 9, 11, 14, 11]
bestever    1814    in generation 3602
[13, 16, 4, 13, 13, 4, 19, 16, 13, 8, 19, 1, 12, 8, 19, 17, 1, 6, 8, 16, 5, 12, 19, 17, 6, 19, 16, 19, 20, 19, 8, 16, 4, 13, 4, 5, 13, 1, 12, 18, 8, 16, 18, 1, 12, 13, 8, 10, 17, 6, 8, 16, 13, 1, 12, 15, 4, 2, 5, 18, 20, 16, 1, 3, 6, 19, 10, 20, 7, 17, 6, 16, 18, 12, 9, 4, 18, 6, 8, 12, 18, 19, 20, 20, 4, 13, 10, 17, 5, 17, 1, 15, 18, 2, 3, 16, 7, 12, 9, 18, 8, 10, 20, 17, 20, 15, 15, 10, 17, 12, 3, 15, 3, 2, 8, 3, 20, 5, 7, 10, 15, 13, 20, 15, 15, 19, 18, 3, 1, 15, 20, 10, 10, 3, 15, 5, 5, 10, 5, 2, 9, 7, 18, 4, 7, 1, 10, 5, 6, 12, 4, 7, 3, 7, 3, 9, 7, 6, 2, 7, 2, 1, 6, 4, 2, 9, 9, 14, 11, 11, 14, 11, 14, 11, 14, 5, 7, 11, 11, 9, 14, 11, 14, 3, 6, 2, 14, 17, 9, 2, 14, 17, 9, 2, 14, 11, 9, 11, 14, 11]
bestever    1812    in generation 3891
[13, 16, 4, 13, 13, 4, 19, 16, 13, 8, 19, 1, 12, 8, 19, 17, 1, 6, 8, 16, 5, 12, 19, 17, 6, 19, 16, 19, 20, 19, 8, 16, 4, 13, 4, 1, 5, 13, 1, 8, 12, 18, 8, 16, 18, 1, 12, 13, 8, 10, 17, 6, 8, 16, 13, 1, 12, 15, 4, 2, 5, 18, 20, 16, 1, 3, 6, 19, 10, 20, 7, 17, 6, 16, 18, 12, 9, 4, 18, 6, 12, 18, 19, 20, 20, 4, 13, 10, 17, 5, 17, 1, 15, 18, 2, 3, 16, 7, 12, 9, 18, 8, 10, 20, 17, 20, 15, 15, 10, 17, 12, 3, 15, 3, 2, 8, 3, 20, 5, 7, 10, 15, 13, 20, 15, 15, 19, 18, 3, 15, 20, 10, 10, 3, 15, 5, 5, 10, 5, 2, 9, 7, 18, 4, 7, 1, 10, 5, 6, 12, 4, 7, 3, 7, 3, 9, 7, 6, 2, 7, 2, 1, 6, 4, 2, 9, 9, 14, 11, 11, 14, 11, 14, 11, 14, 5, 7, 11, 11, 9, 14, 11, 14, 3, 6, 2, 14, 17, 9, 2, 14, 17, 9, 2, 14, 11, 9, 11, 14, 11]
bestever    1804    in generation 3965
[13, 16, 4, 13, 13, 4, 19, 16, 13, 8, 19, 1, 12, 8, 19, 17, 1, 6, 8, 16, 5, 12, 19, 17, 6, 19, 16, 19, 20, 19, 16, 16, 4, 13, 4, 1, 5, 13, 1, 8, 12, 18, 8, 16, 18, 1, 12, 13, 8, 10, 17, 6, 8, 16, 13, 1, 12, 15, 4, 2, 5, 18, 20, 16, 1, 3, 6, 19, 10, 20, 7, 17, 6, 8, 18, 12, 9, 4, 18, 6, 12, 18, 19, 20, 20, 4, 13, 10, 17, 5, 17, 1, 15, 18, 2, 3, 16, 7, 12, 9, 18, 8, 10, 20, 17, 20, 15, 15, 10, 17, 12, 3, 15, 3, 2, 8, 3, 20, 5, 7, 10, 15, 13, 20, 15, 15, 19, 18, 3, 15, 20, 10, 10, 3, 15, 5, 5, 10, 5, 2, 9, 7, 18, 4, 7, 1, 10, 5, 6, 12, 4, 7, 3, 7, 3, 9, 7, 6, 2, 7, 2, 1, 6, 4, 2, 9, 9, 14, 11, 11, 14, 11, 14, 11, 14, 5, 7, 11, 11, 9, 14, 11, 14, 3, 6, 2, 14, 17, 9, 2, 14, 17, 9, 2, 14, 11, 9, 11, 14, 11]
bestever    1802    in generation 4041
[13, 16, 4, 13, 13, 4, 19, 16, 13, 8, 19, 1, 12, 8, 19, 17, 1, 6, 8, 16, 5, 12, 19, 17, 6, 19, 16, 19, 20, 19, 16, 16, 4, 13, 4, 1, 5, 13, 1, 8, 12, 18, 8, 16, 18, 1, 12, 13, 8, 10, 17, 6, 8, 16, 13, 1, 12, 15, 4, 2, 5, 18, 20, 16, 1, 3, 6, 19, 10, 20, 7, 17, 6, 8, 18, 12, 9, 4, 18, 6, 12, 18, 19, 20, 20, 4, 13, 10, 17, 5, 17, 1, 15, 18, 10, 3, 16, 7, 12, 9, 18, 8, 10, 20, 17, 20, 15, 15, 10, 17, 12, 3, 15, 3, 2, 8, 3, 20, 5, 7, 10, 15, 13, 20, 15, 15, 19, 18, 3, 15, 20, 2, 10, 3, 15, 5, 5, 10, 5, 2, 9, 7, 18, 4, 7, 1, 10, 5, 6, 12, 4, 7, 3, 7, 3, 9, 7, 6, 2, 7, 2, 1, 6, 4, 2, 9, 9, 14, 11, 11, 14, 11, 14, 11, 14, 5, 7, 11, 11, 9, 14, 11, 14, 3, 6, 2, 14, 17, 9, 2, 14, 17, 9, 2, 14, 11, 9, 11, 14, 11]
bestever    1799    in generation 4050
[13, 16, 4, 13, 13, 4, 19, 16, 13, 8, 19, 1, 12, 8, 19, 17, 1, 6, 8, 16, 5, 12, 19, 17, 6, 19, 16, 19, 20, 19, 16, 16, 4, 13, 4, 1, 5, 13, 1, 8, 12, 18, 8, 16, 18, 1, 12, 13, 8, 10, 17, 6, 8, 16, 13, 1, 12, 15, 4, 2, 5, 18, 20, 16, 1, 3, 6, 19, 10, 20, 7, 17, 6, 8, 18, 12, 9, 4, 18, 6, 12, 18, 19, 20, 20, 4, 10, 10, 17, 5, 17, 1, 15, 18, 2, 3, 16, 7, 12, 9, 18, 8, 10, 20, 17, 20, 15, 15, 10, 17, 12, 3, 15, 3, 2, 8, 3, 20, 5, 7, 10, 15, 13, 20, 15, 15, 19, 18, 3, 15, 20, 13, 10, 3, 15, 5, 5, 10, 5, 2, 9, 7, 18, 4, 7, 1, 10, 5, 6, 12, 4, 7, 3, 7, 3, 9, 7, 6, 2, 7, 2, 1, 6, 4, 2, 9, 9, 14, 11, 11, 14, 11, 14, 11, 14, 5, 7, 11, 11, 9, 14, 11, 14, 3, 6, 2, 14, 17, 9, 2, 14, 17, 9, 2, 14, 11, 9, 11, 14, 11]
bestever    1798    in generation 4326
[13, 16, 4, 13, 13, 4, 19, 16, 13, 8, 19, 1, 12, 8, 19, 17, 1, 6, 8, 16, 5, 12, 19, 17, 6, 19, 16, 19, 20, 19, 16, 16, 4, 13, 4, 1, 5, 13, 1, 8, 12, 18, 8, 16, 18, 1, 12, 13, 8, 10, 17, 6, 8, 16, 13, 1, 12, 15, 4, 2, 5, 18, 20, 16, 1, 3, 6, 19, 10, 20, 7, 17, 6, 8, 18, 12, 9, 4, 18, 6, 12, 18, 19, 20, 20, 4, 10, 10, 17, 5, 17, 1, 15, 18, 2, 3, 16, 7, 12, 9, 18, 8, 10, 20, 17, 20, 15, 15, 10, 17, 12, 3, 15, 3, 2, 8, 3, 20, 5, 7, 10, 15, 13, 20, 15, 15, 19, 18, 3, 15, 20, 17, 10, 3, 15, 5, 5, 10, 5, 2, 9, 7, 18, 4, 7, 1, 10, 5, 6, 12, 4, 7, 3, 7, 3, 9, 7, 6, 2, 7, 2, 1, 6, 4, 2, 9, 9, 14, 11, 11, 14, 11, 14, 11, 14, 5, 7, 11, 11, 9, 14, 11, 14, 3, 6, 2, 14, 17, 9, 2, 14, 13, 9, 2, 14, 11, 9, 11, 14, 11]
bestever    1797    in generation 4375
[13, 16, 4, 13, 13, 4, 19, 16, 13, 8, 19, 1, 12, 8, 19, 17, 1, 6, 8, 16, 5, 12, 19, 17, 6, 19, 16, 19, 20, 19, 16, 16, 4, 13, 4, 1, 5, 13, 1, 8, 12, 18, 8, 16, 18, 1, 12, 13, 8, 10, 17, 6, 8, 16, 13, 1, 12, 15, 4, 2, 5, 18, 20, 16, 1, 3, 6, 19, 10, 20, 7, 17, 6, 8, 18, 12, 9, 4, 18, 20, 12, 18, 19, 20, 20, 4, 10, 10, 17, 5, 17, 1, 15, 18, 2, 3, 16, 7, 12, 9, 18, 8, 10, 20, 17, 20, 15, 15, 10, 17, 12, 3, 15, 3, 2, 8, 3, 20, 5, 7, 10, 15, 13, 6, 15, 15, 19, 18, 3, 15, 20, 17, 10, 3, 15, 5, 5, 10, 5, 2, 9, 7, 18, 4, 7, 1, 10, 5, 6, 12, 4, 7, 3, 7, 3, 9, 7, 6, 2, 7, 2, 1, 6, 4, 2, 9, 9, 14, 11, 11, 14, 11, 14, 11, 14, 5, 7, 11, 11, 9, 14, 11, 14, 3, 6, 2, 14, 17, 9, 2, 14, 13, 9, 2, 14, 11, 9, 11, 14, 11]
bestever    1796    in generation 4449
[13, 16, 4, 13, 13, 4, 19, 16, 13, 8, 19, 1, 12, 8, 19, 17, 1, 6, 8, 16, 5, 12, 19, 17, 6, 19, 16, 19, 20, 19, 16, 16, 4, 13, 4, 1, 5, 13, 1, 8, 12, 18, 8, 16, 18, 1, 12, 13, 8, 10, 17, 6, 8, 16, 13, 1, 12, 15, 4, 2, 5, 18, 20, 16, 1, 3, 6, 19, 10, 20, 7, 17, 6, 8, 18, 12, 9, 4, 18, 20, 12, 18, 19, 20, 20, 4, 10, 10, 17, 5, 17, 1, 15, 18, 2, 3, 16, 7, 12, 9, 18, 8, 10, 20, 17, 20, 15, 15, 10, 17, 12, 3, 15, 3, 8, 3, 20, 5, 7, 10, 15, 13, 6, 15, 15, 19, 18, 3, 15, 20, 17, 10, 3, 15, 5, 5, 10, 5, 9, 7, 18, 4, 7, 1, 10, 5, 6, 12, 4, 7, 3, 7, 3, 9, 2, 7, 2, 6, 2, 7, 2, 1, 6, 4, 2, 9, 9, 14, 11, 11, 14, 11, 14, 11, 14, 5, 7, 11, 11, 9, 14, 11, 14, 3, 6, 2, 14, 17, 9, 2, 14, 13, 9, 2, 14, 11, 9, 11, 14, 11]
bestever    1795    in generation 5939
[13, 16, 4, 13, 13, 4, 19, 16, 13, 8, 19, 1, 12, 8, 19, 17, 1, 6, 19, 8, 16, 5, 12, 19, 17, 6, 19, 16, 20, 19, 4, 16, 16, 13, 4, 1, 5, 13, 16, 8, 12, 18, 8, 1, 18, 1, 12, 13, 8, 10, 17, 6, 8, 16, 13, 1, 16, 15, 4, 3, 12, 2, 6, 18, 20, 16, 1, 6, 19, 10, 20, 12, 17, 8, 18, 7, 9, 4, 18, 20, 12, 18, 19, 20, 20, 11, 4, 10, 10, 17, 17, 1, 15, 18, 2, 10, 3, 7, 12, 12, 9, 18, 8, 20, 17, 18, 20, 15, 15, 15, 8, 3, 20, 5, 7, 10, 15, 13, 6, 15, 19, 3, 17, 10, 3, 15, 5, 5, 3, 20, 17, 10, 3, 15, 5, 5, 10, 5, 9, 7, 18, 15, 4, 7, 7, 1, 2, 2, 5, 6, 12, 4, 7, 14, 3, 7, 3, 9, 2, 7, 6, 2, 10, 1, 6, 2, 4, 2, 9, 11, 9, 14, 11, 11, 5, 14, 17, 14, 7, 11, 11, 9, 14, 11, 14, 3, 6, 14, 9, 2, 14, 13, 9, 2, 14, 11, 9, 11, 14, 11]
bestever    1793    in generation 6013
[13, 16, 4, 13, 13, 4, 19, 16, 13, 8, 19, 1, 12, 8, 19, 17, 1, 6, 19, 8, 16, 5, 12, 19, 17, 6, 19, 16, 20, 19, 4, 16, 16, 13, 4, 1, 5, 13, 16, 8, 12, 8, 18, 8, 1, 18, 1, 12, 13, 8, 10, 17, 6, 16, 13, 1, 16, 15, 4, 3, 12, 2, 6, 18, 20, 16, 1, 6, 19, 10, 20, 12, 17, 8, 18, 7, 9, 4, 18, 20, 12, 18, 19, 20, 20, 11, 4, 10, 10, 17, 17, 1, 15, 18, 15, 10, 3, 7, 12, 12, 9, 18, 8, 20, 17, 18, 20, 2, 15, 15, 8, 3, 20, 5, 7, 10, 15, 13, 6, 15, 19, 3, 17, 10, 3, 15, 5, 5, 3, 20, 17, 10, 3, 15, 5, 5, 10, 5, 9, 7, 18, 15, 4, 7, 7, 1, 2, 2, 5, 6, 12, 4, 7, 14, 3, 7, 3, 9, 2, 7, 6, 2, 10, 1, 6, 2, 4, 14, 5, 17, 11, 11, 9, 11, 14, 9, 2, 14, 7, 11, 11, 9, 14, 11, 14, 3, 6, 14, 9, 2, 14, 13, 9, 2, 14, 11, 9, 11, 14, 11]
bestever    1773    in generation 6305
[13, 16, 4, 13, 13, 4, 19, 16, 13, 8, 19, 1, 12, 8, 19, 17, 1, 6, 19, 8, 16, 5, 12, 18, 17, 6, 19, 16, 20, 19, 4, 16, 16, 13, 4, 1, 5, 13, 16, 8, 12, 8, 19, 8, 1, 18, 1, 6, 12, 13, 8, 10, 17, 6, 16, 13, 1, 16, 15, 4, 3, 12, 2, 6, 18, 20, 16, 1, 19, 10, 20, 12, 17, 8, 18, 7, 9, 4, 18, 20, 12, 18, 19, 20, 20, 11, 4, 10, 10, 17, 17, 1, 15, 18, 15, 10, 3, 7, 12, 12, 9, 8, 18, 20, 17, 18, 20, 2, 15, 15, 8, 3, 20, 5, 7, 10, 15, 13, 6, 15, 19, 3, 17, 10, 3, 15, 5, 5, 3, 20, 17, 10, 3, 15, 5, 5, 10, 5, 9, 7, 18, 15, 4, 7, 7, 1, 2, 2, 5, 6, 12, 4, 7, 14, 3, 7, 3, 9, 2, 7, 6, 10, 1, 6, 2, 4, 2, 5, 17, 2, 7, 11, 11, 9, 14, 11, 14, 14, 9, 11, 11, 9, 14, 11, 14, 3, 6, 14, 9, 2, 14, 13, 9, 2, 14, 11, 9, 11, 14, 11]
