bestever    3344    in generation 0
[3, 9, 2, 19, 7, 3, 16, 20, 16, 4, 7, 12, 3, 20, 15, 7, 8, 1, 12, 8, 6, 17, 4, 10, 9, 10, 6, 16, 20, 20, 18, 6, 18, 11, 7, 7, 6, 12, 10, 13, 20, 4, 13, 12, 2, 5, 13, 14, 12, 15, 8, 17, 8, 7, 8, 8, 20, 14, 6, 18, 15, 12, 20, 15, 10, 4, 17, 19, 9, 11, 12, 7, 10, 10, 11, 2, 17, 8, 20, 15, 13, 2, 2, 9, 5, 19, 15, 4, 10, 13, 9, 9, 6, 17, 5, 11, 19, 2, 11, 15, 14, 12, 2, 3, 7, 14, 11, 16, 19, 14, 14, 8, 17, 16, 18, 2, 12, 11, 19, 20, 5, 1, 3, 10, 10, 16, 15, 1, 4, 15, 9, 6, 16, 11, 7, 7, 13, 2, 8, 19, 13, 18, 19, 1, 14, 4, 5, 13, 19, 17, 11, 4, 13, 5, 9, 12, 5, 16, 1, 1, 16, 3, 1, 14, 1, 5, 10, 11, 9, 17, 15, 5, 17, 13, 17, 9, 3, 1, 18, 20, 18, 8, 6, 18, 18, 3, 18, 19, 4, 4, 3, 6, 14, 3, 5, 6, 16, 1, 14, 2]
bestever    3227    in generation 1
[8, 10, 14, 13, 20, 14, 13, 10, 9, 9, 5, 1, 18, 4, 18, 4, 1, 2, 15, 19, 13, 18, 1, 4, 5, 8, 13, 17, 1, 6, 5, 2, 17, 14, 1, 11, 16, 3, 2, 8, 20, 15, 3, 9, 6, 9, 5, 3, 10, 16, 19, 16, 2, 4, 10, 16, 9, 14, 10, 12, 14, 2, 5, 8, 16, 8, 12, 13, 20, 1, 14, 3, 3, 13, 9, 15, 19, 18, 20, 15, 1, 5, 20, 2, 3, 15, 14, 8, 11, 15, 12, 19, 2, 9, 10, 6, 11, 18, 15, 15, 4, 11, 16, 19, 17, 2, 17, 10, 19, 3, 17, 7, 7, 4, 5, 19, 6, 19, 5, 6, 6, 7, 2, 9, 10, 7, 13, 6, 13, 8, 15, 7, 11, 12, 17, 12, 7, 10, 19, 7, 13, 2, 6, 20, 6, 6, 11, 8, 4, 10, 4, 3, 12, 20, 15, 8, 20, 19, 9, 16, 5, 18, 5, 12, 16, 1, 7, 20, 4, 11, 11, 3, 1, 3, 8, 9, 20, 14, 11, 18, 17, 17, 4, 14, 7, 13, 12, 11, 7, 18, 17, 12, 12, 16, 18, 1, 16, 18, 14, 17]
bestever    3188    in generation 2
[17, 19, 3, 17, 7, 2, 6, 20, 6, 6, 11, 8, 4, 4, 3, 12, 8, 7, 4, 6, 20, 17, 18, 20, 11, 12, 20, 14, 16, 10, 12, 10, 1, 18, 16, 3, 1, 3, 4, 16, 4, 1, 4, 8, 16, 16, 8, 16, 7, 4, 6, 20, 17, 18, 20, 11, 12, 20, 14, 16, 10, 12, 10, 1, 18, 16, 3, 1, 2, 10, 14, 10, 12, 13, 6, 3, 14, 10, 7, 11, 3, 13, 18, 2, 15, 2, 9, 20, 3, 9, 13, 9, 16, 4, 5, 15, 17, 16, 1, 11, 8, 8, 9, 7, 2, 15, 5, 19, 6, 19, 5, 6, 2, 9, 7, 13, 6, 13, 8, 15, 7, 12, 17, 12, 7, 19, 19, 15, 2, 14, 17, 13, 3, 19, 7, 10, 13, 20, 8, 6, 19, 9, 5, 5, 1, 7, 4, 11, 11, 3, 9, 14, 17, 17, 4, 14, 13, 18, 17, 14, 10, 13, 13, 10, 5, 1, 18, 2, 18, 5, 8, 2, 8, 5, 9, 5, 12, 1, 14, 9, 19, 18, 15, 1, 5, 20, 15, 14, 11, 15, 12, 19, 9, 11, 18, 15, 15, 11, 19, 2]
bestever    3150    in generation 3
[16, 3, 1, 3, 16, 1, 13, 3, 14, 10, 7, 3, 14, 13, 8, 9, 18, 5, 9, 3, 2, 8, 12, 1, 1, 8, 5, 13, 8, 16, 16, 8, 16, 7, 4, 18, 12, 16, 10, 10, 1, 3, 1, 2, 10, 14, 5, 2, 13, 1, 13, 2, 15, 9, 20, 9, 9, 5, 15, 16, 8, 15, 6, 6, 12, 13, 6, 19, 5, 4, 11, 17, 17, 4, 14, 13, 18, 17, 14, 10, 13, 13, 10, 5, 18, 2, 18, 5, 2, 8, 5, 9, 5, 1, 14, 9, 19, 18, 15, 15, 17, 19, 17, 2, 17, 10, 19, 3, 7, 7, 7, 2, 6, 6, 11, 4, 10, 4, 3, 20, 15, 6, 20, 19, 9, 16, 7, 20, 4, 19, 11, 11, 19, 3, 3, 8, 9, 20, 14, 11, 17, 17, 4, 14, 7, 13, 12, 11, 7, 17, 12, 6, 12, 16, 18, 1, 5, 20, 15, 14, 11, 15, 12, 19, 9, 11, 18, 15, 15, 11, 19, 2, 17, 19, 7, 2, 6, 20, 6, 6, 11, 8, 4, 4, 12, 8, 7, 4, 20, 18, 20, 12, 20, 14, 16, 10, 12, 10, 1, 18]
bestever    3061    in generation 6
[16, 3, 1, 3, 16, 1, 13, 3, 14, 10, 7, 3, 14, 13, 8, 9, 18, 5, 9, 3, 2, 8, 1, 1, 8, 5, 13, 8, 16, 16, 8, 16, 7, 4, 18, 12, 16, 10, 10, 1, 3, 1, 2, 10, 14, 5, 2, 13, 1, 13, 2, 15, 9, 20, 9, 9, 5, 15, 16, 8, 15, 6, 6, 12, 13, 6, 19, 5, 4, 11, 17, 17, 4, 14, 18, 17, 14, 10, 13, 13, 10, 5, 18, 2, 18, 5, 2, 8, 5, 9, 5, 1, 14, 9, 19, 18, 15, 15, 17, 19, 17, 2, 17, 10, 19, 3, 7, 7, 2, 6, 6, 11, 4, 10, 4, 3, 20, 15, 6, 20, 19, 9, 16, 7, 20, 19, 11, 11, 19, 3, 3, 8, 9, 20, 11, 4, 14, 7, 13, 12, 17, 17, 4, 14, 7, 13, 12, 11, 7, 17, 12, 6, 12, 16, 18, 1, 5, 20, 15, 14, 11, 15, 12, 19, 9, 11, 18, 15, 15, 11, 19, 2, 17, 19, 7, 2, 6, 20, 6, 6, 11, 8, 4, 4, 12, 8, 7, 4, 20, 18, 20, 12, 20, 14, 16, 10, 12, 10, 1, 18]
bestever    2970    in generation 8
[3, 1, 3, 16, 1, 13, 3, 14, 10, 7, 3, 14, 13, 8, 9, 18, 5, 9, 3, 2, 8, 1, 1, 8, 5, 13, 8, 16, 16, 8, 16, 7, 4, 18, 12, 16, 10, 10, 1, 3, 1, 2, 14, 5, 2, 13, 1, 13, 2, 15, 9, 20, 9, 9, 5, 15, 16, 8, 15, 6, 6, 12, 13, 6, 19, 5, 4, 11, 17, 17, 4, 14, 18, 17, 14, 10, 13, 13, 10, 5, 18, 2, 18, 5, 2, 8, 5, 9, 5, 1, 14, 9, 19, 18, 15, 15, 17, 19, 17, 2, 17, 10, 19, 3, 7, 10, 19, 7, 2, 6, 6, 11, 4, 10, 4, 3, 20, 15, 6, 20, 19, 9, 16, 7, 20, 19, 11, 11, 19, 3, 3, 8, 9, 20, 11, 4, 14, 7, 13, 12, 17, 17, 4, 14, 7, 13, 12, 11, 7, 17, 12, 6, 12, 16, 18, 1, 5, 20, 15, 14, 11, 15, 12, 9, 11, 18, 15, 15, 11, 19, 2, 17, 19, 7, 2, 6, 20, 6, 6, 11, 8, 4, 4, 12, 8, 7, 4, 20, 18, 20, 12, 20, 14, 16, 10, 12, 10, 1, 18, 16]
bestever    2935    in generation 12
[13, 8, 9, 5, 9, 2, 8, 1, 1, 8, 5, 13, 8, 16, 16, 8, 4, 18, 10, 3, 2, 14, 5, 13, 1, 13, 15, 9, 9, 5, 15, 16, 15, 6, 6, 13, 6, 19, 5, 17, 14, 17, 13, 13, 5, 18, 2, 8, 9, 5, 1, 19, 15, 17, 19, 17, 2, 10, 2, 10, 15, 16, 19, 8, 9, 17, 17, 2, 10, 11, 16, 1, 3, 8, 9, 13, 4, 13, 7, 16, 1, 5, 20, 15, 14, 9, 12, 18, 16, 7, 20, 19, 11, 11, 19, 3, 20, 11, 4, 7, 12, 17, 17, 4, 14, 7, 12, 11, 7, 17, 12, 6, 12, 1, 5, 20, 15, 14, 11, 15, 19, 18, 12, 11, 18, 15, 15, 11, 19, 2, 17, 19, 7, 2, 6, 20, 6, 6, 11, 4, 4, 12, 7, 4, 20, 18, 20, 12, 20, 14, 10, 12, 10, 18, 3, 14, 10, 7, 3, 14, 9, 18, 5, 9, 3, 2, 19, 7, 2, 6, 20, 6, 6, 11, 8, 4, 4, 12, 8, 7, 4, 20, 18, 14, 16, 10, 10, 1, 18, 16, 3, 1, 3, 16, 1, 13, 3, 10, 3, 14]
bestever    2816    in generation 13
[14, 13, 8, 9, 5, 9, 2, 8, 1, 8, 5, 13, 16, 8, 4, 18, 2, 5, 2, 13, 13, 2, 15, 9, 9, 5, 15, 15, 6, 6, 6, 8, 9, 1, 9, 2, 10, 3, 9, 13, 1, 5, 15, 14, 9, 2, 2, 20, 5, 15, 16, 15, 6, 6, 6, 19, 5, 4, 17, 17, 14, 11, 14, 17, 10, 13, 18, 1, 19, 18, 17, 19, 17, 17, 19, 3, 7, 4, 4, 20, 19, 16, 7, 19, 19, 12, 17, 17, 14, 1, 5, 15, 15, 19, 2, 19, 6, 20, 6, 6, 11, 4, 4, 7, 4, 20, 20, 12, 20, 10, 12, 10, 18, 3, 10, 7, 3, 14, 18, 3, 2, 11, 15, 7, 20, 19, 11, 11, 3, 3, 8, 9, 20, 11, 4, 14, 7, 13, 12, 17, 17, 4, 14, 7, 13, 12, 11, 7, 12, 6, 12, 16, 18, 1, 5, 20, 15, 14, 11, 9, 18, 12, 11, 18, 11, 2, 8, 1, 8, 5, 13, 8, 16, 16, 8, 16, 7, 4, 18, 12, 16, 10, 10, 20, 12, 14, 16, 10, 10, 1, 18, 16, 3, 1, 3, 1, 13, 3, 10, 7]
bestever    2709    in generation 16
[14, 13, 8, 9, 5, 9, 2, 8, 1, 8, 5, 13, 8, 8, 4, 18, 2, 5, 2, 13, 13, 2, 15, 9, 9, 5, 15, 15, 6, 6, 6, 9, 1, 9, 2, 3, 9, 13, 13, 5, 15, 14, 9, 2, 2, 20, 5, 15, 15, 6, 6, 6, 19, 4, 17, 17, 11, 17, 13, 18, 19, 17, 19, 17, 17, 19, 7, 11, 4, 4, 20, 19, 7, 20, 19, 11, 11, 19, 20, 11, 4, 12, 17, 17, 4, 1, 3, 3, 14, 9, 3, 1, 5, 13, 8, 16, 7, 18, 16, 10, 14, 7, 12, 11, 7, 17, 12, 6, 12, 1, 5, 12, 15, 14, 11, 15, 19, 18, 12, 11, 18, 15, 15, 11, 19, 2, 17, 19, 7, 2, 6, 20, 6, 6, 11, 4, 4, 12, 7, 4, 20, 18, 20, 12, 20, 14, 10, 20, 10, 18, 3, 14, 10, 7, 3, 14, 9, 18, 5, 3, 2, 8, 1, 8, 5, 13, 8, 16, 16, 8, 16, 7, 4, 18, 12, 16, 10, 10, 20, 12, 14, 16, 10, 10, 1, 14, 16, 10, 10, 1, 18, 16, 3, 1, 3, 16, 1, 13, 3, 7]
bestever    2673    in generation 19
[14, 13, 8, 9, 5, 9, 2, 8, 1, 5, 13, 8, 8, 4, 18, 2, 5, 2, 13, 13, 2, 15, 9, 9, 5, 15, 15, 6, 6, 6, 9, 9, 2, 3, 9, 13, 13, 5, 15, 14, 9, 2, 2, 20, 5, 15, 15, 6, 6, 6, 19, 4, 17, 17, 11, 17, 13, 18, 19, 17, 19, 17, 17, 19, 7, 11, 4, 4, 20, 19, 7, 20, 19, 11, 11, 19, 20, 11, 4, 12, 17, 17, 4, 1, 3, 3, 14, 9, 3, 1, 5, 13, 8, 16, 7, 18, 16, 10, 14, 7, 12, 11, 7, 17, 12, 6, 12, 1, 5, 12, 15, 14, 11, 15, 19, 18, 12, 11, 18, 15, 15, 11, 19, 2, 17, 19, 7, 2, 6, 20, 6, 6, 11, 4, 4, 12, 7, 4, 20, 18, 20, 12, 20, 14, 10, 20, 10, 18, 3, 14, 10, 7, 3, 14, 9, 18, 5, 3, 2, 8, 1, 8, 1, 8, 5, 13, 8, 16, 16, 8, 16, 7, 4, 18, 12, 16, 10, 10, 20, 12, 14, 16, 10, 10, 1, 14, 16, 10, 10, 1, 18, 16, 3, 1, 3, 16, 1, 13, 3, 7]
bestever    2531    in generation 20
[13, 9, 5, 9, 2, 1, 5, 13, 4, 18, 2, 5, 2, 13, 13, 2, 15, 9, 9, 5, 15, 15, 6, 6, 6, 9, 1, 9, 2, 9, 13, 13, 5, 15, 14, 9, 2, 20, 15, 15, 6, 6, 6, 19, 4, 17, 17, 11, 17, 18, 19, 17, 19, 17, 17, 19, 7, 11, 4, 4, 20, 19, 7, 20, 19, 11, 11, 19, 20, 11, 4, 12, 17, 17, 4, 14, 9, 13, 7, 18, 10, 14, 7, 12, 11, 17, 12, 6, 12, 12, 15, 11, 15, 19, 12, 11, 15, 15, 11, 19, 2, 17, 19, 2, 6, 20, 6, 6, 11, 12, 20, 10, 10, 10, 2, 5, 13, 4, 18, 7, 4, 18, 12, 14, 10, 20, 10, 18, 3, 14, 10, 7, 4, 20, 18, 20, 14, 9, 3, 5, 13, 8, 7, 14, 16, 10, 3, 8, 1, 8, 5, 8, 16, 16, 8, 16, 7, 4, 18, 12, 16, 10, 20, 12, 14, 16, 1, 18, 16, 3, 1, 3, 18, 16, 1, 3, 16, 1, 3, 10, 7, 14, 8, 5, 2, 8, 1, 8, 5, 8, 16, 8, 3, 1, 3, 1, 13, 3, 7, 14]
bestever    2520    in generation 30
[13, 9, 5, 9, 2, 1, 5, 13, 4, 18, 2, 5, 2, 13, 13, 2, 15, 9, 9, 5, 15, 15, 6, 6, 6, 9, 1, 9, 2, 9, 13, 13, 5, 15, 14, 9, 2, 20, 15, 15, 6, 6, 6, 19, 4, 17, 17, 11, 17, 18, 11, 17, 19, 17, 17, 19, 7, 11, 4, 4, 20, 19, 7, 20, 19, 11, 11, 19, 20, 11, 4, 12, 17, 17, 4, 14, 9, 13, 7, 18, 10, 14, 7, 12, 19, 17, 12, 6, 12, 12, 15, 11, 15, 19, 12, 11, 15, 15, 11, 19, 2, 17, 19, 2, 6, 20, 6, 6, 11, 12, 20, 10, 10, 10, 2, 5, 13, 4, 18, 7, 4, 18, 12, 14, 10, 20, 10, 18, 3, 14, 10, 7, 4, 20, 18, 20, 14, 9, 3, 5, 13, 8, 7, 14, 16, 10, 3, 8, 1, 8, 5, 8, 16, 16, 8, 16, 7, 4, 18, 12, 16, 10, 20, 12, 14, 16, 1, 18, 16, 3, 1, 3, 18, 16, 1, 3, 16, 1, 3, 10, 7, 14, 8, 5, 2, 8, 1, 8, 5, 8, 16, 8, 3, 1, 3, 1, 13, 3, 7, 14]
bestever    2516    in generation 31
[13, 9, 5, 9, 2, 1, 5, 13, 4, 18, 2, 5, 2, 13, 13, 2, 15, 9, 9, 5, 15, 15, 6, 6, 6, 9, 1, 9, 2, 9, 13, 13, 5, 15, 14, 9, 2, 20, 15, 15, 6, 6, 6, 19, 17, 17, 17, 11, 17, 18, 19, 17, 19, 17, 17, 19, 7, 11, 4, 4, 20, 19, 7, 20, 19, 11, 11, 19, 20, 11, 4, 12, 4, 17, 4, 14, 9, 13, 7, 18, 10, 14, 7, 12, 11, 17, 12, 6, 12, 12, 15, 11, 15, 19, 12, 11, 15, 15, 11, 19, 2, 17, 19, 2, 6, 20, 6, 6, 11, 12, 20, 10, 10, 10, 2, 5, 13, 4, 18, 7, 4, 18, 12, 14, 10, 20, 10, 18, 3, 14, 10, 7, 4, 20, 18, 20, 14, 9, 3, 5, 13, 8, 7, 14, 16, 10, 3, 8, 1, 8, 5, 8, 16, 16, 8, 16, 7, 4, 18, 12, 16, 10, 20, 12, 14, 16, 1, 18, 16, 3, 1, 3, 18, 16, 1, 3, 16, 1, 3, 10, 7, 14, 8, 5, 2, 8, 1, 8, 5, 8, 16, 8, 3, 1, 3, 1, 13, 3, 7, 14]
bestever    2463    in generation 33
[14, 7, 4, 4, 7, 4, 12, 14, 12, 7, 12, 14, 12, 18, 11, 7, 10, 10, 18, 12, 7, 18, 12, 14, 17, 11, 14, 17, 13, 19, 17, 19, 17, 17, 19, 7, 11, 4, 4, 19, 7, 19, 11, 11, 19, 11, 4, 12, 17, 17, 14, 12, 6, 15, 1, 3, 5, 15, 15, 6, 11, 7, 17, 12, 6, 15, 14, 11, 15, 19, 12, 11, 18, 15, 15, 11, 17, 19, 1, 20, 10, 20, 10, 20, 3, 1, 3, 1, 5, 5, 19, 7, 10, 4, 18, 20, 3, 8, 16, 10, 3, 8, 1, 18, 20, 14, 10, 20, 8, 8, 16, 16, 8, 16, 4, 18, 16, 14, 16, 18, 16, 3, 18, 16, 3, 16, 7, 14, 1, 10, 20, 3, 13, 13, 9, 2, 2, 6, 9, 9, 8, 8, 1, 8, 5, 8, 16, 8, 4, 18, 5, 5, 15, 15, 6, 1, 10, 20, 3, 5, 13, 13, 2, 15, 5, 6, 6, 6, 1, 2, 3, 13, 13, 1, 9, 2, 20, 9, 9, 10, 9, 6, 2, 13, 9, 2, 5, 2, 20, 19, 5, 6, 9, 13, 2, 13, 2, 9, 4, 17]
bestever    2448    in generation 41
[14, 7, 4, 4, 7, 4, 12, 14, 12, 7, 12, 14, 12, 18, 11, 7, 10, 10, 18, 12, 7, 18, 12, 14, 17, 11, 14, 17, 13, 19, 17, 19, 17, 17, 19, 7, 11, 4, 4, 19, 7, 19, 11, 11, 19, 11, 12, 17, 17, 14, 12, 6, 15, 1, 3, 5, 15, 15, 6, 11, 17, 12, 6, 15, 14, 11, 15, 19, 12, 11, 18, 15, 15, 11, 19, 1, 20, 10, 20, 10, 20, 3, 1, 3, 1, 5, 5, 19, 7, 10, 18, 20, 3, 8, 16, 10, 3, 8, 1, 18, 20, 10, 20, 8, 8, 16, 16, 8, 16, 18, 16, 14, 16, 18, 16, 3, 18, 16, 3, 16, 7, 14, 1, 10, 20, 3, 13, 13, 9, 2, 2, 6, 9, 9, 8, 8, 1, 8, 5, 8, 16, 8, 4, 18, 5, 5, 15, 15, 6, 1, 10, 20, 3, 5, 13, 13, 2, 15, 5, 6, 6, 6, 1, 2, 3, 13, 1, 9, 2, 20, 9, 9, 10, 9, 6, 2, 5, 20, 19, 5, 6, 13, 2, 13, 2, 9, 4, 17, 14, 7, 4, 4, 9, 13, 2, 13, 2, 9, 4, 17]
bestever    2440    in generation 52
[14, 7, 4, 4, 7, 4, 12, 14, 12, 7, 12, 14, 12, 18, 11, 7, 10, 10, 18, 12, 7, 18, 12, 14, 17, 11, 14, 17, 13, 19, 17, 19, 17, 17, 19, 7, 11, 4, 4, 19, 7, 19, 11, 11, 19, 11, 12, 17, 17, 14, 12, 6, 15, 1, 3, 5, 15, 15, 6, 11, 17, 12, 6, 15, 14, 11, 15, 19, 12, 11, 18, 15, 15, 11, 19, 1, 20, 10, 20, 10, 20, 3, 1, 3, 1, 5, 5, 19, 7, 10, 18, 20, 3, 15, 16, 10, 3, 8, 1, 18, 20, 10, 20, 8, 8, 16, 16, 8, 16, 18, 16, 14, 16, 18, 16, 3, 18, 16, 3, 16, 7, 14, 1, 10, 20, 3, 13, 13, 9, 2, 2, 6, 9, 9, 8, 8, 1, 8, 5, 8, 16, 8, 4, 18, 5, 5, 8, 15, 6, 1, 10, 20, 3, 5, 13, 13, 2, 15, 5, 6, 6, 6, 1, 2, 3, 13, 1, 9, 2, 20, 9, 9, 10, 9, 6, 2, 5, 20, 19, 5, 6, 13, 2, 13, 2, 9, 4, 17, 14, 7, 4, 4, 9, 13, 2, 13, 2, 9, 4, 17]
bestever    2400    in generation 55
[7, 12, 12, 11, 10, 10, 12, 12, 17, 11, 17, 19, 17, 19, 17, 19, 11, 19, 19, 11, 11, 19, 11, 12, 17, 12, 6, 15, 3, 5, 15, 15, 6, 11, 17, 12, 6, 15, 11, 15, 19, 12, 11, 15, 15, 11, 20, 10, 3, 5, 5, 7, 16, 8, 8, 8, 16, 16, 18, 7, 4, 18, 19, 13, 20, 10, 1, 3, 1, 5, 5, 19, 7, 3, 8, 16, 3, 8, 1, 14, 20, 8, 16, 8, 16, 10, 3, 8, 1, 18, 20, 14, 10, 20, 16, 4, 18, 16, 10, 3, 8, 1, 18, 20, 14, 10, 20, 16, 4, 18, 14, 18, 3, 18, 7, 14, 1, 10, 20, 13, 13, 9, 2, 2, 6, 9, 9, 8, 5, 4, 18, 6, 1, 5, 16, 4, 18, 5, 5, 15, 15, 6, 1, 10, 20, 3, 15, 6, 6, 1, 3, 13, 1, 2, 20, 9, 9, 9, 6, 2, 19, 5, 6, 13, 2, 13, 2, 9, 4, 17, 14, 7, 9, 13, 2, 13, 2, 9, 17, 14, 7, 4, 4, 13, 2, 9, 4, 17, 14, 7, 4, 13, 2, 17, 14, 7, 7, 12, 14, 12]
bestever    2326    in generation 59
[11, 10, 10, 12, 12, 17, 11, 17, 19, 17, 19, 17, 19, 11, 19, 19, 11, 11, 19, 11, 12, 17, 12, 6, 15, 3, 5, 15, 15, 6, 11, 17, 12, 6, 15, 11, 15, 19, 12, 11, 15, 15, 11, 20, 10, 3, 5, 5, 7, 16, 8, 8, 8, 16, 16, 18, 7, 4, 18, 19, 13, 20, 10, 1, 3, 1, 5, 5, 19, 7, 3, 8, 16, 3, 8, 1, 14, 20, 8, 16, 8, 16, 10, 3, 8, 1, 18, 20, 14, 10, 20, 16, 4, 18, 16, 10, 3, 8, 1, 18, 20, 14, 10, 20, 16, 4, 18, 14, 18, 3, 18, 7, 14, 1, 10, 13, 9, 2, 2, 9, 9, 8, 4, 18, 1, 16, 4, 18, 5, 5, 15, 15, 1, 10, 20, 3, 6, 3, 13, 2, 20, 9, 9, 9, 6, 15, 5, 6, 1, 2, 13, 9, 20, 9, 5, 6, 6, 6, 1, 2, 19, 5, 6, 13, 2, 13, 2, 9, 4, 17, 14, 7, 13, 2, 13, 17, 14, 7, 4, 4, 13, 2, 9, 4, 17, 14, 7, 4, 13, 2, 17, 14, 7, 7, 12, 14, 12, 7, 12, 12]
bestever    2304    in generation 63
[10, 10, 12, 12, 11, 19, 17, 19, 17, 19, 11, 19, 19, 11, 11, 19, 11, 12, 17, 12, 6, 15, 3, 5, 15, 15, 6, 11, 17, 12, 6, 15, 11, 15, 19, 12, 11, 15, 15, 11, 20, 10, 3, 5, 5, 16, 8, 8, 8, 16, 16, 18, 7, 4, 18, 19, 13, 20, 10, 1, 3, 1, 5, 5, 19, 7, 3, 8, 16, 3, 8, 1, 14, 20, 8, 16, 8, 16, 10, 3, 8, 1, 18, 20, 10, 20, 16, 18, 16, 10, 3, 8, 1, 18, 20, 10, 20, 16, 18, 18, 3, 18, 7, 14, 1, 10, 9, 2, 2, 9, 9, 8, 18, 1, 16, 18, 5, 5, 15, 15, 1, 10, 20, 3, 6, 3, 2, 20, 9, 9, 9, 6, 15, 5, 6, 1, 9, 20, 5, 6, 6, 6, 1, 19, 5, 4, 17, 14, 7, 13, 2, 6, 13, 2, 13, 2, 9, 4, 14, 7, 13, 2, 13, 17, 14, 7, 4, 4, 13, 2, 9, 4, 17, 14, 13, 17, 14, 7, 4, 4, 13, 2, 9, 4, 17, 14, 7, 4, 13, 2, 17, 14, 7, 7, 12, 14, 12, 12, 12, 11]
bestever    2279    in generation 65
[10, 10, 12, 12, 11, 19, 17, 19, 17, 19, 11, 19, 19, 11, 11, 19, 11, 12, 17, 12, 6, 15, 3, 5, 15, 15, 6, 11, 12, 6, 15, 11, 15, 19, 12, 11, 15, 15, 11, 20, 10, 3, 5, 5, 16, 8, 8, 8, 16, 16, 18, 4, 18, 19, 13, 20, 10, 1, 3, 1, 5, 5, 19, 3, 8, 16, 3, 8, 1, 14, 20, 8, 16, 8, 16, 10, 3, 8, 1, 18, 20, 10, 20, 16, 18, 16, 10, 3, 8, 1, 18, 20, 10, 20, 16, 18, 18, 3, 18, 1, 10, 9, 2, 2, 9, 9, 8, 18, 1, 16, 18, 5, 5, 15, 15, 1, 10, 20, 3, 6, 3, 2, 20, 9, 9, 9, 6, 15, 5, 6, 1, 9, 20, 5, 6, 6, 6, 1, 19, 5, 7, 13, 6, 13, 7, 2, 14, 7, 2, 9, 17, 14, 17, 14, 7, 4, 4, 13, 14, 7, 13, 2, 13, 17, 14, 7, 4, 4, 13, 2, 9, 4, 17, 14, 7, 4, 13, 2, 17, 4, 13, 2, 9, 4, 17, 14, 7, 4, 13, 2, 17, 14, 7, 7, 12, 14, 12, 12, 12, 11]
bestever    2255    in generation 66
[10, 10, 12, 12, 11, 19, 17, 19, 17, 19, 11, 19, 19, 11, 11, 19, 11, 12, 17, 12, 6, 15, 3, 5, 15, 15, 6, 11, 17, 12, 6, 15, 11, 15, 19, 12, 11, 15, 15, 11, 20, 10, 3, 5, 5, 16, 8, 8, 8, 16, 16, 18, 7, 4, 18, 19, 13, 20, 10, 1, 3, 1, 5, 5, 19, 7, 3, 8, 16, 3, 8, 1, 14, 20, 8, 16, 8, 16, 10, 3, 8, 1, 18, 20, 10, 20, 16, 18, 16, 10, 3, 8, 1, 18, 20, 10, 20, 16, 18, 18, 3, 18, 14, 1, 10, 9, 2, 2, 9, 9, 8, 18, 1, 16, 18, 5, 5, 15, 15, 1, 10, 20, 3, 6, 3, 2, 20, 9, 9, 9, 6, 15, 5, 6, 1, 9, 20, 5, 6, 6, 6, 1, 19, 5, 4, 17, 14, 13, 2, 6, 13, 2, 13, 2, 9, 4, 13, 13, 7, 14, 7, 14, 7, 17, 14, 7, 4, 4, 13, 2, 9, 4, 17, 14, 7, 4, 13, 2, 17, 4, 13, 2, 9, 4, 17, 14, 7, 4, 13, 2, 17, 14, 7, 7, 12, 14, 12, 12, 12, 11]
bestever    2243    in generation 67
[10, 12, 12, 17, 11, 19, 19, 19, 11, 19, 19, 11, 11, 19, 11, 12, 17, 12, 6, 15, 3, 5, 15, 15, 6, 11, 17, 12, 6, 15, 11, 15, 19, 12, 11, 15, 15, 11, 3, 5, 5, 16, 8, 8, 8, 16, 16, 4, 13, 1, 3, 1, 5, 5, 19, 8, 16, 8, 1, 14, 20, 10, 3, 20, 10, 18, 18, 3, 10, 7, 19, 17, 7, 20, 8, 16, 8, 16, 10, 3, 8, 1, 18, 20, 10, 20, 16, 18, 16, 10, 3, 8, 1, 18, 20, 10, 20, 16, 18, 18, 3, 18, 7, 14, 1, 10, 9, 2, 2, 9, 9, 8, 18, 1, 16, 18, 5, 5, 15, 15, 1, 10, 20, 3, 6, 3, 2, 20, 9, 9, 9, 6, 15, 5, 6, 1, 9, 20, 5, 6, 6, 6, 1, 19, 5, 4, 17, 14, 7, 13, 2, 6, 13, 2, 13, 2, 9, 4, 14, 7, 13, 2, 13, 17, 14, 7, 4, 4, 13, 2, 9, 4, 17, 14, 13, 17, 14, 7, 4, 4, 13, 2, 9, 4, 17, 14, 7, 4, 13, 2, 17, 14, 7, 7, 12, 14, 12, 12, 12, 11]
bestever    2223    in generation 71
[10, 12, 12, 17, 11, 19, 19, 19, 11, 19, 19, 11, 11, 19, 11, 12, 17, 12, 6, 15, 3, 5, 15, 15, 6, 11, 17, 12, 6, 15, 11, 15, 19, 12, 11, 15, 15, 11, 3, 5, 5, 16, 8, 8, 8, 16, 16, 4, 13, 1, 3, 1, 5, 5, 19, 8, 16, 8, 1, 14, 20, 10, 3, 20, 10, 18, 18, 3, 10, 7, 19, 17, 7, 20, 8, 16, 8, 16, 10, 3, 8, 1, 18, 20, 10, 20, 16, 18, 16, 10, 3, 8, 1, 18, 20, 10, 20, 16, 18, 18, 3, 18, 7, 14, 1, 10, 9, 2, 2, 9, 9, 8, 18, 1, 16, 18, 5, 5, 15, 15, 1, 10, 20, 3, 6, 3, 2, 20, 9, 9, 9, 6, 15, 5, 6, 1, 9, 20, 5, 6, 6, 6, 1, 19, 5, 4, 17, 14, 7, 13, 2, 6, 13, 2, 13, 2, 9, 4, 14, 7, 13, 2, 13, 17, 14, 7, 4, 4, 13, 2, 9, 4, 17, 14, 13, 17, 7, 4, 4, 13, 2, 9, 4, 14, 17, 14, 7, 4, 13, 2, 17, 14, 7, 7, 12, 14, 12, 12, 12, 11]
bestever    2185    in generation 78
[10, 12, 12, 17, 11, 19, 19, 19, 11, 19, 19, 11, 11, 19, 11, 12, 17, 12, 15, 3, 5, 15, 15, 11, 17, 12, 15, 11, 15, 19, 12, 11, 15, 15, 11, 3, 5, 5, 16, 8, 8, 8, 16, 16, 4, 13, 1, 3, 1, 5, 5, 19, 8, 16, 8, 1, 14, 20, 10, 3, 20, 10, 18, 18, 3, 10, 7, 19, 17, 7, 20, 8, 16, 8, 16, 10, 3, 8, 1, 18, 20, 10, 20, 16, 18, 16, 10, 3, 8, 1, 18, 20, 10, 20, 16, 18, 18, 3, 18, 7, 14, 1, 10, 9, 2, 2, 9, 8, 18, 16, 18, 5, 15, 15, 10, 20, 3, 6, 3, 2, 9, 9, 9, 6, 15, 5, 1, 9, 20, 5, 6, 6, 6, 1, 6, 1, 9, 20, 5, 6, 6, 6, 1, 19, 5, 4, 17, 14, 7, 13, 2, 6, 13, 2, 13, 2, 9, 4, 14, 7, 13, 2, 13, 17, 14, 7, 4, 4, 13, 2, 9, 4, 17, 14, 13, 17, 7, 4, 4, 13, 2, 9, 4, 14, 17, 14, 7, 4, 13, 2, 17, 14, 7, 7, 12, 14, 12, 12, 12, 11]
bestever    2132    in generation 96
[11, 19, 19, 19, 11, 19, 19, 11, 11, 19, 11, 17, 12, 15, 3, 5, 15, 15, 11, 12, 15, 11, 15, 19, 12, 11, 15, 15, 11, 3, 5, 5, 16, 8, 8, 8, 16, 16, 1, 3, 1, 5, 5, 19, 8, 16, 1, 20, 10, 3, 20, 10, 18, 18, 3, 10, 19, 20, 16, 8, 16, 10, 3, 8, 1, 18, 20, 10, 20, 16, 18, 16, 10, 8, 8, 16, 15, 3, 15, 5, 14, 3, 8, 1, 18, 20, 10, 20, 18, 18, 3, 18, 7, 14, 1, 10, 9, 2, 2, 9, 8, 18, 16, 18, 5, 15, 10, 20, 3, 6, 2, 9, 9, 9, 6, 5, 1, 9, 20, 5, 6, 6, 6, 1, 6, 1, 9, 20, 5, 6, 6, 6, 1, 19, 4, 17, 14, 7, 13, 2, 6, 13, 2, 13, 2, 9, 4, 14, 7, 13, 2, 13, 17, 14, 7, 4, 4, 13, 2, 9, 4, 17, 14, 13, 17, 7, 4, 4, 13, 2, 9, 4, 14, 17, 14, 7, 4, 13, 2, 17, 14, 7, 7, 12, 17, 14, 7, 4, 13, 17, 7, 12, 12, 12, 12, 11, 10, 12, 12, 17]
bestever    2075    in generation 101
[19, 19, 19, 11, 19, 11, 11, 19, 11, 12, 15, 3, 5, 15, 15, 11, 12, 15, 11, 15, 19, 12, 11, 15, 15, 11, 3, 5, 5, 16, 8, 8, 8, 16, 16, 1, 3, 1, 5, 5, 19, 8, 16, 1, 20, 10, 3, 20, 10, 18, 18, 3, 10, 19, 20, 16, 8, 16, 10, 3, 8, 1, 18, 20, 10, 20, 16, 18, 16, 10, 8, 8, 16, 15, 3, 15, 5, 14, 3, 8, 1, 18, 20, 10, 20, 18, 18, 3, 18, 14, 1, 10, 9, 2, 2, 9, 8, 18, 18, 5, 15, 10, 20, 2, 9, 19, 14, 7, 3, 6, 2, 9, 9, 9, 6, 5, 1, 9, 20, 5, 6, 6, 6, 1, 6, 1, 9, 20, 5, 6, 6, 6, 1, 19, 4, 17, 14, 7, 13, 2, 6, 13, 2, 13, 2, 9, 4, 14, 7, 13, 2, 13, 16, 14, 7, 4, 4, 13, 2, 9, 4, 17, 14, 13, 17, 7, 4, 4, 13, 4, 17, 14, 13, 17, 7, 17, 4, 13, 2, 17, 14, 7, 7, 12, 17, 14, 7, 4, 17, 7, 12, 12, 12, 12, 11, 10, 12, 12, 17, 11]
bestever    2066    in generation 114
[19, 19, 19, 11, 19, 11, 11, 19, 11, 12, 15, 3, 5, 15, 15, 11, 12, 15, 11, 15, 19, 12, 11, 15, 15, 11, 3, 5, 5, 16, 8, 8, 8, 16, 16, 1, 3, 1, 5, 5, 19, 8, 16, 1, 20, 10, 3, 20, 10, 18, 18, 3, 10, 19, 20, 16, 8, 16, 10, 3, 8, 1, 18, 20, 10, 20, 16, 18, 16, 10, 8, 8, 16, 15, 3, 15, 5, 14, 3, 8, 1, 18, 20, 10, 20, 18, 18, 3, 18, 14, 1, 10, 9, 2, 2, 9, 8, 18, 18, 5, 15, 10, 20, 2, 9, 19, 14, 7, 3, 6, 2, 9, 9, 9, 6, 5, 1, 9, 20, 5, 6, 6, 6, 1, 6, 1, 9, 20, 5, 6, 6, 6, 1, 19, 4, 17, 14, 7, 13, 2, 6, 13, 2, 13, 2, 9, 4, 7, 13, 2, 13, 16, 4, 4, 13, 2, 9, 4, 17, 13, 14, 7, 14, 13, 17, 7, 4, 4, 13, 4, 17, 14, 13, 17, 7, 17, 4, 2, 14, 17, 14, 7, 7, 12, 17, 14, 7, 4, 17, 7, 12, 12, 12, 12, 11, 10, 12, 12, 17, 11]
bestever    2054    in generation 123
[19, 19, 19, 11, 19, 11, 11, 19, 11, 12, 15, 3, 5, 15, 15, 11, 12, 15, 11, 15, 19, 12, 11, 15, 15, 11, 3, 5, 5, 16, 8, 8, 8, 16, 16, 1, 3, 1, 5, 5, 19, 8, 16, 1, 20, 10, 3, 20, 10, 18, 18, 3, 10, 19, 20, 16, 8, 16, 10, 3, 8, 1, 18, 20, 10, 20, 16, 18, 16, 10, 8, 8, 16, 15, 3, 15, 5, 14, 3, 8, 1, 18, 20, 10, 2, 18, 18, 3, 18, 14, 1, 10, 9, 2, 2, 9, 8, 18, 18, 5, 15, 10, 20, 2, 9, 19, 14, 7, 3, 6, 2, 9, 9, 9, 6, 5, 1, 9, 20, 5, 6, 6, 6, 1, 6, 1, 9, 20, 5, 6, 6, 6, 1, 19, 4, 17, 14, 7, 13, 2, 6, 13, 2, 13, 2, 9, 4, 7, 13, 2, 13, 16, 4, 4, 13, 20, 9, 4, 17, 13, 14, 7, 14, 13, 17, 7, 4, 4, 13, 4, 17, 14, 13, 17, 7, 17, 4, 2, 14, 17, 14, 7, 7, 12, 17, 14, 7, 4, 17, 7, 12, 12, 12, 12, 11, 10, 12, 12, 17, 11]
bestever    2045    in generation 144
[19, 19, 19, 11, 19, 11, 11, 19, 11, 12, 15, 3, 5, 15, 15, 11, 12, 15, 11, 15, 19, 12, 11, 15, 15, 11, 3, 5, 5, 16, 8, 8, 8, 16, 16, 1, 3, 1, 5, 5, 19, 8, 16, 1, 20, 10, 3, 20, 10, 18, 18, 3, 10, 19, 20, 16, 8, 16, 10, 3, 8, 1, 18, 20, 10, 20, 16, 18, 16, 10, 8, 8, 16, 15, 3, 15, 5, 14, 3, 8, 1, 18, 20, 10, 2, 18, 18, 3, 18, 14, 1, 10, 9, 2, 2, 9, 8, 18, 18, 5, 15, 10, 20, 2, 9, 19, 14, 7, 3, 6, 2, 9, 9, 9, 6, 5, 1, 9, 20, 5, 6, 6, 6, 1, 6, 1, 9, 20, 5, 14, 6, 6, 1, 19, 4, 17, 14, 7, 13, 2, 6, 13, 2, 13, 2, 9, 4, 7, 13, 2, 13, 16, 4, 4, 13, 20, 9, 4, 17, 13, 14, 7, 14, 13, 17, 7, 4, 4, 13, 4, 17, 14, 13, 17, 7, 17, 4, 2, 14, 17, 6, 7, 7, 12, 17, 14, 7, 4, 17, 7, 12, 12, 12, 12, 11, 10, 12, 12, 17, 11]
bestever    2043    in generation 147
[19, 19, 19, 11, 19, 11, 11, 19, 11, 12, 15, 3, 5, 15, 15, 11, 12, 15, 11, 15, 19, 12, 11, 15, 15, 11, 3, 5, 5, 16, 8, 8, 8, 16, 16, 1, 3, 1, 5, 5, 19, 8, 16, 1, 20, 10, 3, 20, 10, 18, 18, 3, 10, 19, 20, 16, 8, 16, 10, 3, 8, 1, 18, 20, 10, 20, 16, 18, 16, 10, 8, 8, 16, 15, 3, 15, 5, 14, 3, 8, 1, 18, 20, 10, 2, 18, 18, 3, 18, 14, 1, 10, 9, 2, 2, 9, 8, 18, 18, 5, 15, 10, 20, 2, 9, 19, 14, 7, 3, 6, 2, 9, 9, 9, 6, 5, 1, 9, 20, 5, 6, 6, 6, 1, 6, 1, 9, 20, 5, 14, 6, 6, 1, 19, 4, 17, 14, 7, 13, 2, 6, 13, 2, 13, 2, 9, 4, 7, 13, 2, 13, 16, 4, 4, 13, 20, 9, 4, 17, 13, 14, 7, 14, 13, 17, 7, 4, 4, 13, 4, 17, 14, 13, 17, 7, 17, 4, 2, 12, 17, 6, 7, 7, 12, 17, 14, 7, 4, 17, 7, 12, 14, 12, 12, 11, 10, 12, 12, 17, 11]
bestever    2010    in generation 157
[19, 19, 19, 11, 19, 11, 11, 19, 11, 12, 15, 3, 5, 15, 15, 11, 15, 11, 15, 19, 11, 15, 15, 11, 3, 5, 5, 16, 8, 8, 8, 16, 16, 1, 3, 1, 5, 5, 19, 8, 16, 1, 20, 10, 3, 20, 10, 18, 18, 3, 10, 19, 20, 16, 8, 16, 10, 3, 8, 1, 18, 20, 10, 20, 16, 18, 16, 10, 8, 8, 16, 15, 3, 15, 5, 14, 3, 8, 1, 18, 20, 10, 2, 18, 18, 3, 18, 14, 1, 10, 9, 2, 2, 9, 8, 18, 18, 5, 15, 10, 20, 2, 9, 19, 14, 7, 3, 6, 2, 9, 9, 9, 6, 5, 1, 9, 20, 5, 6, 6, 6, 1, 6, 1, 9, 20, 5, 14, 6, 6, 1, 19, 4, 17, 14, 7, 13, 2, 6, 13, 2, 13, 2, 9, 4, 7, 13, 2, 13, 16, 4, 4, 13, 20, 9, 4, 17, 13, 14, 7, 14, 13, 17, 7, 4, 4, 13, 4, 17, 14, 13, 17, 7, 4, 17, 12, 12, 2, 12, 17, 6, 7, 7, 12, 17, 14, 7, 4, 17, 7, 12, 14, 12, 12, 11, 10, 12, 12, 17, 11]
bestever    1955    in generation 163
[19, 19, 19, 11, 19, 11, 11, 19, 11, 15, 3, 5, 15, 15, 11, 15, 11, 15, 19, 11, 15, 15, 11, 3, 5, 5, 16, 8, 8, 8, 16, 16, 1, 3, 1, 5, 5, 19, 8, 16, 1, 20, 10, 3, 20, 10, 18, 18, 3, 10, 19, 20, 16, 8, 16, 10, 3, 8, 1, 18, 20, 10, 20, 16, 18, 16, 10, 8, 8, 16, 15, 3, 15, 5, 14, 3, 8, 1, 18, 20, 10, 2, 18, 18, 3, 18, 14, 1, 10, 9, 2, 2, 9, 8, 18, 18, 5, 15, 10, 20, 2, 9, 19, 14, 7, 3, 6, 2, 9, 9, 9, 6, 5, 1, 9, 20, 5, 6, 6, 6, 1, 6, 1, 9, 20, 5, 14, 6, 6, 1, 19, 4, 17, 14, 7, 13, 2, 6, 13, 2, 13, 2, 9, 4, 7, 13, 2, 13, 16, 4, 4, 13, 20, 9, 4, 17, 13, 14, 14, 13, 17, 4, 4, 13, 4, 17, 14, 13, 7, 4, 12, 12, 2, 12, 17, 7, 17, 6, 7, 7, 12, 17, 7, 12, 17, 14, 7, 4, 17, 7, 12, 14, 12, 12, 10, 11, 12, 12, 17, 11]
bestever    1935    in generation 258
[19, 19, 19, 11, 19, 11, 11, 19, 11, 15, 3, 5, 15, 15, 11, 15, 11, 15, 19, 11, 15, 15, 11, 3, 5, 5, 16, 8, 8, 8, 16, 16, 1, 3, 1, 5, 5, 19, 8, 16, 1, 20, 10, 20, 10, 18, 18, 3, 10, 19, 20, 16, 8, 16, 10, 3, 8, 1, 18, 20, 10, 20, 16, 18, 16, 10, 8, 8, 16, 3, 15, 3, 15, 5, 14, 3, 8, 1, 18, 20, 10, 2, 18, 18, 3, 18, 14, 1, 10, 9, 2, 2, 9, 8, 18, 18, 5, 15, 10, 20, 2, 9, 19, 14, 7, 3, 6, 2, 9, 9, 9, 6, 5, 1, 9, 20, 5, 6, 6, 6, 1, 6, 1, 9, 20, 5, 14, 6, 6, 1, 19, 4, 17, 14, 7, 13, 2, 6, 2, 13, 2, 9, 4, 7, 13, 2, 13, 16, 4, 4, 13, 13, 20, 9, 4, 17, 13, 14, 14, 13, 17, 4, 4, 13, 4, 17, 14, 7, 13, 4, 12, 12, 2, 12, 17, 7, 17, 6, 7, 7, 12, 17, 7, 12, 17, 14, 7, 4, 17, 7, 12, 14, 12, 12, 10, 11, 12, 12, 17, 11]
bestever    1922    in generation 260
[19, 19, 19, 11, 19, 11, 11, 19, 11, 15, 3, 5, 15, 15, 11, 15, 11, 15, 19, 11, 15, 15, 11, 3, 5, 5, 16, 8, 8, 8, 16, 16, 1, 3, 1, 5, 5, 19, 8, 16, 1, 20, 10, 20, 10, 18, 18, 3, 10, 19, 20, 16, 8, 16, 10, 3, 8, 1, 18, 20, 10, 20, 16, 18, 16, 16, 8, 8, 16, 3, 15, 3, 15, 5, 14, 3, 8, 1, 18, 20, 10, 2, 18, 18, 3, 18, 14, 1, 10, 9, 2, 2, 9, 8, 18, 18, 5, 15, 10, 20, 2, 9, 19, 14, 7, 3, 6, 2, 9, 9, 9, 6, 5, 1, 9, 20, 5, 6, 6, 6, 1, 6, 1, 9, 20, 5, 14, 6, 6, 1, 19, 4, 17, 14, 7, 13, 2, 6, 2, 13, 2, 9, 4, 7, 13, 2, 13, 10, 4, 4, 13, 13, 20, 9, 4, 17, 13, 14, 14, 13, 17, 4, 4, 13, 4, 17, 14, 7, 13, 4, 12, 12, 2, 12, 17, 7, 17, 6, 7, 7, 12, 17, 7, 12, 17, 14, 7, 4, 17, 7, 12, 14, 12, 12, 10, 11, 12, 12, 17, 11]
bestever    1918    in generation 298
[19, 19, 19, 11, 19, 11, 11, 19, 11, 15, 3, 5, 15, 15, 11, 15, 11, 3, 19, 11, 15, 15, 11, 3, 5, 5, 16, 8, 8, 8, 16, 16, 1, 3, 1, 5, 5, 19, 8, 16, 1, 20, 10, 20, 10, 18, 18, 15, 10, 19, 20, 16, 8, 16, 10, 3, 8, 1, 18, 20, 10, 20, 16, 18, 16, 16, 8, 8, 16, 3, 15, 3, 15, 5, 14, 3, 8, 1, 18, 20, 10, 2, 18, 18, 3, 18, 14, 1, 10, 9, 2, 2, 9, 8, 18, 18, 5, 15, 10, 20, 2, 9, 19, 14, 7, 3, 6, 2, 9, 9, 9, 6, 5, 1, 9, 20, 5, 6, 6, 6, 1, 6, 1, 9, 20, 5, 14, 6, 6, 1, 19, 4, 17, 14, 7, 13, 2, 6, 2, 13, 2, 9, 4, 7, 13, 2, 13, 10, 4, 4, 13, 13, 20, 9, 4, 17, 13, 14, 14, 13, 17, 4, 4, 13, 4, 17, 14, 7, 13, 4, 12, 12, 2, 12, 17, 7, 17, 6, 7, 7, 12, 17, 7, 12, 17, 14, 7, 4, 17, 7, 12, 14, 12, 12, 10, 11, 12, 12, 17, 11]
bestever    1912    in generation 375
[19, 19, 19, 11, 19, 11, 11, 19, 11, 15, 3, 5, 15, 15, 11, 15, 11, 3, 19, 11, 15, 15, 11, 3, 5, 5, 16, 8, 8, 8, 16, 16, 1, 3, 1, 5, 5, 19, 8, 16, 1, 20, 10, 20, 10, 18, 18, 15, 10, 19, 20, 16, 8, 16, 10, 3, 8, 1, 18, 20, 10, 20, 16, 18, 16, 16, 8, 8, 16, 3, 15, 3, 15, 5, 14, 3, 8, 1, 18, 20, 10, 2, 18, 18, 3, 18, 14, 1, 10, 9, 2, 2, 9, 8, 18, 18, 5, 15, 14, 20, 2, 9, 19, 14, 7, 3, 6, 2, 9, 9, 9, 6, 5, 1, 9, 20, 5, 6, 6, 6, 1, 6, 1, 9, 20, 5, 14, 6, 6, 1, 19, 4, 17, 13, 7, 13, 2, 6, 2, 13, 2, 9, 4, 7, 13, 2, 13, 10, 4, 4, 13, 14, 20, 9, 4, 17, 13, 14, 10, 13, 17, 4, 4, 13, 4, 17, 14, 7, 13, 4, 12, 12, 2, 12, 17, 7, 17, 6, 7, 7, 12, 17, 7, 12, 17, 14, 7, 4, 17, 7, 12, 14, 12, 12, 10, 11, 12, 12, 17, 11]
bestever    1906    in generation 398
[19, 19, 19, 11, 19, 11, 11, 19, 11, 15, 3, 5, 15, 15, 11, 15, 11, 3, 19, 11, 15, 15, 11, 3, 5, 5, 16, 8, 8, 8, 16, 16, 1, 3, 1, 5, 5, 19, 8, 16, 1, 20, 10, 20, 10, 18, 18, 15, 10, 19, 20, 16, 8, 16, 10, 3, 8, 1, 18, 20, 10, 20, 16, 18, 16, 16, 8, 8, 16, 3, 15, 3, 15, 5, 14, 3, 8, 1, 18, 20, 10, 2, 18, 18, 3, 18, 14, 1, 10, 9, 2, 2, 9, 8, 18, 18, 5, 15, 14, 20, 2, 9, 19, 14, 7, 3, 6, 2, 9, 9, 9, 6, 5, 1, 9, 20, 5, 6, 4, 6, 1, 6, 1, 9, 20, 5, 14, 6, 6, 1, 19, 4, 17, 13, 7, 13, 2, 6, 2, 13, 2, 9, 4, 7, 13, 2, 13, 10, 4, 4, 13, 14, 20, 9, 4, 17, 13, 14, 10, 13, 17, 6, 4, 13, 4, 17, 14, 7, 13, 4, 12, 12, 2, 12, 17, 7, 17, 6, 7, 7, 12, 17, 7, 12, 17, 14, 7, 4, 17, 7, 12, 14, 12, 12, 10, 11, 12, 12, 17, 11]
bestever    1895    in generation 403
[19, 19, 19, 11, 19, 11, 11, 19, 11, 15, 3, 5, 15, 15, 11, 15, 11, 3, 19, 11, 15, 15, 11, 3, 5, 5, 16, 8, 8, 8, 16, 16, 1, 3, 1, 5, 5, 19, 8, 16, 1, 20, 10, 20, 10, 18, 18, 15, 10, 19, 20, 16, 8, 16, 10, 3, 8, 1, 18, 20, 10, 20, 16, 18, 16, 16, 8, 8, 16, 3, 15, 3, 15, 5, 14, 3, 8, 1, 5, 20, 10, 2, 18, 18, 3, 18, 14, 1, 10, 9, 2, 2, 9, 8, 18, 18, 5, 15, 14, 20, 2, 9, 19, 14, 7, 3, 6, 2, 9, 9, 9, 6, 5, 1, 9, 20, 18, 6, 4, 6, 1, 6, 1, 9, 20, 5, 14, 6, 6, 1, 19, 4, 17, 13, 7, 13, 2, 6, 2, 13, 2, 9, 4, 7, 13, 2, 13, 10, 4, 4, 13, 14, 20, 9, 4, 17, 13, 14, 10, 13, 17, 6, 4, 13, 4, 17, 14, 7, 13, 4, 12, 12, 2, 12, 17, 7, 17, 6, 7, 7, 12, 17, 7, 12, 17, 14, 7, 4, 17, 7, 12, 14, 12, 12, 10, 11, 12, 12, 17, 11]
bestever    1873    in generation 459
[19, 19, 19, 11, 19, 11, 11, 19, 11, 15, 3, 5, 15, 15, 11, 15, 11, 3, 19, 11, 15, 15, 11, 3, 5, 5, 16, 8, 8, 8, 16, 16, 1, 3, 1, 5, 5, 19, 8, 16, 1, 20, 10, 20, 10, 18, 18, 15, 10, 19, 20, 16, 8, 16, 10, 3, 8, 1, 18, 20, 10, 20, 16, 18, 16, 16, 8, 8, 16, 3, 15, 3, 15, 5, 14, 3, 8, 1, 5, 20, 10, 2, 18, 18, 3, 18, 14, 1, 10, 9, 2, 2, 9, 8, 18, 18, 5, 15, 14, 20, 2, 9, 19, 14, 7, 3, 6, 2, 9, 9, 9, 6, 5, 1, 9, 20, 18, 6, 4, 6, 1, 6, 1, 9, 20, 5, 14, 6, 13, 1, 19, 4, 17, 13, 7, 13, 2, 6, 2, 13, 2, 9, 4, 7, 13, 2, 13, 10, 4, 4, 13, 14, 20, 9, 4, 17, 13, 14, 10, 13, 17, 6, 4, 6, 4, 17, 14, 7, 13, 4, 12, 12, 2, 12, 17, 7, 17, 6, 7, 7, 12, 17, 7, 12, 17, 14, 7, 4, 17, 7, 12, 14, 12, 12, 10, 11, 12, 12, 17, 11]
bestever    1855    in generation 494
[19, 19, 19, 11, 19, 11, 11, 19, 11, 15, 3, 5, 15, 15, 11, 15, 11, 3, 19, 11, 15, 15, 11, 3, 5, 5, 16, 8, 8, 8, 16, 16, 1, 3, 1, 5, 5, 19, 8, 16, 1, 20, 10, 20, 10, 18, 18, 15, 10, 19, 20, 16, 8, 16, 10, 3, 8, 1, 18, 20, 10, 20, 16, 18, 16, 16, 8, 8, 16, 3, 15, 3, 15, 5, 14, 3, 8, 1, 5, 20, 10, 2, 18, 18, 3, 18, 14, 1, 10, 9, 2, 2, 9, 8, 18, 18, 5, 15, 14, 20, 2, 9, 19, 14, 7, 3, 6, 2, 9, 9, 9, 6, 5, 1, 9, 20, 18, 6, 4, 6, 1, 6, 1, 9, 20, 5, 14, 6, 13, 1, 19, 4, 17, 13, 7, 13, 2, 6, 2, 13, 2, 9, 4, 7, 13, 2, 13, 10, 4, 4, 13, 14, 20, 9, 4, 17, 13, 14, 10, 13, 17, 6, 4, 6, 4, 17, 14, 7, 13, 4, 12, 12, 2, 12, 17, 7, 17, 6, 12, 11, 11, 7, 7, 14, 10, 14, 4, 12, 12, 12, 17, 7, 12, 17, 7, 12, 12, 17, 7, 17]
bestever    1847    in generation 496
[19, 19, 19, 11, 19, 11, 11, 19, 11, 15, 3, 5, 15, 15, 11, 15, 11, 3, 19, 11, 15, 15, 11, 3, 5, 5, 16, 8, 8, 8, 16, 16, 1, 3, 1, 5, 5, 19, 8, 16, 1, 20, 10, 20, 10, 18, 18, 15, 10, 19, 20, 16, 8, 16, 10, 3, 8, 1, 18, 20, 10, 20, 16, 18, 16, 16, 8, 8, 16, 3, 15, 3, 15, 5, 14, 3, 8, 1, 5, 20, 10, 2, 18, 18, 3, 18, 14, 1, 9, 2, 2, 9, 8, 18, 18, 5, 15, 14, 20, 2, 9, 19, 14, 7, 3, 6, 2, 9, 9, 9, 6, 5, 1, 9, 20, 18, 6, 4, 6, 1, 1, 9, 20, 5, 14, 6, 13, 1, 19, 4, 17, 13, 7, 13, 2, 6, 2, 13, 2, 9, 7, 13, 2, 10, 4, 4, 13, 14, 20, 9, 4, 10, 13, 6, 4, 17, 13, 14, 10, 13, 17, 6, 4, 6, 4, 17, 14, 7, 13, 4, 12, 12, 2, 12, 17, 7, 17, 6, 12, 11, 11, 7, 7, 14, 10, 14, 4, 12, 12, 12, 17, 7, 12, 17, 7, 12, 12, 17, 7, 17]
bestever    1844    in generation 520
[19, 19, 19, 11, 19, 11, 11, 19, 11, 15, 3, 5, 15, 15, 11, 15, 11, 3, 19, 11, 15, 15, 11, 3, 5, 5, 16, 8, 8, 8, 16, 16, 1, 3, 1, 5, 5, 19, 8, 16, 1, 20, 10, 20, 10, 18, 18, 15, 19, 20, 16, 8, 16, 10, 3, 8, 1, 18, 20, 10, 20, 16, 18, 16, 16, 8, 8, 16, 3, 15, 3, 15, 5, 14, 3, 8, 1, 5, 20, 10, 2, 18, 18, 3, 18, 14, 1, 9, 2, 2, 9, 8, 18, 18, 5, 15, 14, 20, 2, 9, 19, 14, 7, 3, 6, 2, 9, 9, 9, 6, 5, 1, 9, 20, 18, 6, 4, 6, 1, 1, 9, 20, 5, 14, 6, 13, 1, 19, 4, 17, 13, 7, 13, 2, 6, 13, 2, 9, 7, 13, 2, 10, 2, 10, 4, 4, 13, 14, 20, 9, 4, 10, 13, 6, 4, 17, 13, 14, 10, 13, 17, 6, 4, 6, 4, 17, 14, 7, 13, 4, 12, 12, 2, 12, 17, 7, 17, 6, 12, 11, 11, 7, 14, 10, 14, 4, 12, 12, 7, 12, 17, 7, 12, 17, 7, 12, 12, 17, 7, 17]
bestever    1842    in generation 566
[19, 19, 19, 11, 19, 11, 11, 19, 11, 15, 3, 5, 15, 15, 11, 15, 11, 3, 19, 11, 15, 15, 11, 3, 5, 5, 16, 8, 8, 8, 16, 16, 1, 3, 1, 5, 5, 19, 8, 16, 1, 20, 10, 20, 10, 18, 18, 15, 19, 20, 16, 8, 16, 10, 3, 8, 1, 18, 20, 10, 20, 16, 18, 16, 16, 8, 8, 16, 3, 15, 3, 15, 5, 14, 3, 8, 1, 5, 20, 10, 2, 18, 18, 3, 18, 14, 1, 9, 2, 2, 9, 8, 18, 18, 5, 15, 14, 20, 2, 9, 19, 14, 7, 3, 6, 2, 9, 9, 9, 6, 5, 1, 9, 20, 18, 6, 4, 6, 1, 1, 9, 20, 5, 14, 6, 13, 1, 19, 4, 17, 13, 7, 13, 2, 6, 13, 2, 9, 7, 13, 2, 10, 2, 10, 4, 4, 13, 14, 20, 9, 4, 10, 13, 6, 4, 17, 13, 14, 10, 13, 17, 6, 4, 6, 4, 17, 14, 7, 13, 4, 12, 12, 2, 12, 7, 6, 12, 11, 11, 14, 10, 14, 4, 7, 12, 17, 7, 12, 17, 12, 17, 7, 12, 17, 7, 12, 12, 17, 7, 17]
bestever    1831    in generation 595
[19, 19, 19, 11, 19, 11, 11, 19, 11, 15, 3, 5, 15, 15, 11, 15, 11, 3, 19, 11, 15, 15, 11, 3, 5, 5, 16, 8, 8, 8, 16, 16, 1, 3, 1, 5, 5, 19, 8, 16, 1, 20, 10, 20, 10, 18, 18, 15, 19, 20, 16, 8, 16, 10, 3, 8, 1, 18, 20, 10, 20, 16, 18, 16, 16, 8, 8, 16, 3, 15, 3, 15, 5, 14, 3, 8, 1, 5, 20, 10, 2, 18, 18, 3, 18, 14, 1, 9, 2, 2, 9, 8, 18, 18, 5, 15, 14, 20, 2, 9, 19, 14, 7, 3, 6, 2, 9, 9, 9, 6, 5, 1, 9, 20, 18, 6, 4, 6, 1, 1, 9, 20, 5, 14, 6, 13, 1, 19, 4, 17, 13, 7, 13, 2, 6, 13, 2, 9, 7, 13, 2, 10, 2, 10, 4, 4, 13, 14, 20, 9, 4, 10, 13, 6, 4, 13, 14, 10, 13, 6, 4, 6, 12, 17, 14, 13, 4, 2, 7, 12, 17, 7, 12, 12, 17, 6, 12, 11, 11, 14, 10, 14, 4, 7, 12, 17, 7, 12, 17, 12, 17, 7, 12, 17, 7, 4, 12, 17, 7, 17]
bestever    1824    in generation 612
[19, 19, 19, 11, 19, 11, 11, 19, 11, 15, 3, 5, 15, 15, 11, 15, 11, 3, 19, 11, 15, 15, 11, 3, 5, 5, 16, 8, 8, 8, 16, 16, 1, 3, 1, 5, 5, 19, 8, 16, 1, 20, 10, 20, 10, 18, 18, 15, 19, 20, 16, 8, 16, 10, 3, 8, 1, 18, 20, 10, 20, 16, 18, 16, 16, 8, 8, 16, 3, 15, 3, 15, 5, 14, 3, 8, 1, 5, 20, 10, 2, 18, 18, 3, 18, 14, 1, 9, 2, 2, 9, 8, 18, 18, 5, 15, 14, 20, 2, 9, 19, 14, 7, 3, 6, 2, 9, 9, 9, 6, 5, 1, 9, 20, 18, 6, 4, 6, 1, 1, 9, 20, 5, 14, 6, 13, 1, 19, 4, 17, 13, 7, 13, 2, 6, 13, 2, 9, 13, 2, 10, 2, 10, 4, 4, 13, 14, 20, 9, 4, 10, 13, 6, 4, 17, 13, 14, 10, 13, 6, 4, 6, 12, 14, 13, 12, 2, 4, 7, 17, 7, 12, 12, 6, 12, 17, 11, 11, 14, 10, 14, 4, 7, 12, 17, 7, 12, 17, 12, 17, 7, 12, 17, 7, 4, 12, 17, 7, 7, 17]
bestever    1811    in generation 626
[19, 19, 19, 11, 19, 11, 11, 19, 11, 15, 3, 5, 15, 15, 11, 15, 11, 3, 19, 11, 15, 15, 11, 3, 5, 5, 16, 8, 8, 8, 16, 16, 1, 3, 1, 5, 5, 19, 8, 16, 1, 20, 10, 20, 10, 10, 18, 15, 19, 20, 16, 8, 16, 10, 3, 8, 1, 18, 20, 10, 20, 16, 18, 16, 16, 8, 8, 16, 3, 15, 3, 15, 5, 14, 3, 8, 1, 5, 20, 10, 2, 18, 18, 3, 18, 14, 1, 9, 2, 2, 9, 8, 18, 18, 5, 15, 14, 20, 2, 9, 19, 14, 7, 3, 6, 2, 9, 9, 9, 6, 5, 1, 9, 20, 18, 6, 4, 6, 1, 1, 9, 20, 5, 14, 6, 13, 1, 19, 4, 17, 13, 7, 13, 2, 6, 13, 2, 9, 13, 2, 10, 2, 18, 4, 4, 13, 14, 20, 9, 4, 10, 13, 6, 4, 17, 13, 14, 10, 13, 6, 4, 6, 12, 14, 13, 12, 2, 4, 7, 17, 7, 12, 12, 6, 12, 17, 11, 11, 14, 10, 14, 4, 7, 12, 17, 7, 12, 17, 12, 17, 7, 12, 17, 7, 4, 12, 17, 7, 7, 17]
bestever    1806    in generation 630
[19, 19, 19, 11, 19, 11, 11, 19, 11, 15, 3, 5, 15, 15, 11, 15, 11, 3, 19, 11, 15, 15, 11, 3, 5, 5, 16, 8, 8, 8, 16, 16, 1, 3, 1, 5, 5, 19, 8, 16, 1, 20, 10, 20, 10, 10, 18, 15, 19, 20, 16, 8, 16, 10, 3, 8, 1, 18, 20, 10, 20, 16, 18, 16, 16, 8, 8, 16, 3, 15, 3, 15, 5, 14, 3, 8, 1, 5, 20, 2, 18, 18, 3, 18, 14, 1, 9, 2, 2, 9, 8, 18, 18, 5, 15, 14, 20, 2, 9, 19, 14, 7, 3, 6, 2, 9, 9, 9, 6, 5, 1, 9, 20, 18, 6, 1, 1, 9, 20, 5, 14, 6, 13, 1, 19, 17, 13, 7, 13, 2, 6, 2, 9, 13, 2, 10, 2, 18, 4, 4, 13, 14, 4, 10, 13, 6, 4, 20, 9, 4, 10, 13, 6, 4, 17, 13, 14, 10, 13, 6, 4, 6, 12, 14, 13, 12, 2, 4, 7, 17, 7, 12, 12, 6, 12, 17, 11, 11, 14, 10, 14, 4, 7, 12, 17, 7, 12, 17, 12, 17, 7, 12, 17, 7, 4, 12, 17, 7, 7, 17]
bestever    1797    in generation 652
[19, 19, 19, 11, 19, 11, 11, 19, 11, 15, 3, 5, 15, 15, 11, 15, 11, 3, 19, 11, 15, 15, 11, 3, 5, 5, 16, 8, 8, 8, 16, 16, 1, 3, 1, 5, 5, 19, 8, 16, 1, 20, 10, 20, 10, 10, 18, 15, 19, 20, 16, 8, 16, 10, 3, 8, 1, 18, 20, 10, 20, 16, 18, 16, 16, 8, 8, 16, 3, 15, 3, 15, 5, 14, 3, 8, 1, 5, 20, 2, 18, 18, 3, 18, 14, 1, 9, 2, 2, 9, 8, 18, 18, 5, 15, 14, 20, 2, 9, 19, 14, 3, 6, 2, 9, 9, 9, 6, 5, 1, 9, 20, 18, 6, 1, 1, 9, 20, 5, 14, 6, 13, 1, 19, 17, 13, 13, 2, 6, 2, 9, 13, 2, 10, 2, 18, 4, 4, 13, 14, 4, 10, 13, 6, 4, 20, 9, 4, 10, 13, 6, 4, 13, 14, 10, 13, 6, 4, 6, 12, 14, 13, 12, 2, 4, 7, 17, 7, 12, 12, 6, 17, 11, 11, 14, 10, 14, 4, 7, 12, 17, 7, 7, 12, 17, 7, 12, 17, 12, 17, 7, 12, 17, 7, 4, 12, 17, 7, 7, 17]
bestever    1796    in generation 660
[19, 19, 19, 11, 19, 11, 11, 19, 11, 15, 3, 5, 15, 15, 11, 15, 11, 3, 19, 11, 15, 15, 11, 3, 5, 5, 16, 8, 8, 8, 16, 16, 1, 3, 1, 5, 5, 19, 8, 16, 1, 20, 10, 20, 10, 10, 18, 15, 19, 20, 16, 8, 16, 10, 3, 8, 1, 18, 20, 10, 20, 16, 18, 16, 16, 8, 8, 16, 3, 15, 3, 15, 5, 14, 3, 8, 1, 5, 20, 2, 18, 18, 3, 18, 14, 1, 9, 2, 2, 9, 8, 18, 18, 5, 15, 14, 20, 2, 9, 19, 14, 3, 6, 2, 9, 9, 9, 6, 5, 1, 9, 20, 18, 6, 1, 1, 9, 20, 5, 14, 6, 13, 1, 19, 17, 13, 13, 2, 6, 2, 9, 13, 2, 10, 2, 18, 4, 4, 13, 14, 4, 10, 13, 6, 4, 20, 9, 4, 10, 13, 6, 4, 13, 14, 10, 13, 6, 4, 6, 12, 14, 13, 12, 2, 4, 7, 17, 7, 12, 12, 6, 17, 11, 11, 14, 10, 14, 4, 7, 12, 17, 7, 7, 12, 17, 7, 12, 17, 12, 17, 7, 12, 17, 7, 4, 17, 7, 12, 17, 7]
bestever    1775    in generation 662
[19, 19, 19, 11, 19, 11, 11, 19, 11, 15, 3, 5, 15, 15, 11, 15, 11, 3, 19, 11, 15, 15, 11, 3, 5, 5, 16, 8, 8, 8, 16, 16, 1, 3, 1, 5, 5, 19, 8, 16, 1, 16, 10, 20, 10, 10, 18, 15, 19, 20, 16, 8, 20, 10, 3, 8, 1, 18, 20, 10, 20, 16, 18, 16, 16, 8, 8, 16, 3, 15, 3, 15, 5, 14, 3, 8, 1, 5, 20, 2, 18, 18, 3, 18, 14, 1, 9, 2, 2, 9, 8, 18, 18, 5, 15, 14, 20, 2, 9, 19, 14, 3, 6, 2, 9, 9, 9, 6, 5, 1, 9, 20, 18, 6, 1, 1, 9, 20, 5, 14, 6, 13, 1, 19, 17, 13, 13, 2, 6, 2, 9, 13, 2, 10, 2, 18, 4, 4, 13, 14, 4, 10, 13, 6, 4, 20, 9, 4, 10, 13, 6, 4, 13, 14, 10, 13, 6, 4, 6, 12, 14, 13, 12, 2, 4, 7, 17, 7, 12, 12, 6, 17, 11, 11, 14, 10, 14, 4, 7, 12, 17, 7, 7, 12, 17, 7, 12, 17, 12, 17, 7, 12, 17, 7, 4, 17, 7, 12, 17, 7]
bestever    1762    in generation 673
[19, 19, 19, 11, 19, 11, 11, 19, 11, 15, 3, 5, 15, 15, 11, 15, 11, 3, 19, 11, 15, 15, 11, 3, 5, 5, 16, 8, 8, 8, 16, 16, 1, 3, 1, 5, 5, 19, 8, 16, 1, 16, 10, 20, 10, 10, 18, 15, 19, 20, 16, 8, 20, 10, 3, 8, 1, 18, 20, 10, 20, 16, 18, 16, 16, 8, 8, 16, 3, 15, 3, 15, 5, 14, 3, 8, 1, 5, 20, 2, 18, 18, 3, 18, 14, 1, 9, 2, 2, 9, 8, 18, 18, 5, 15, 14, 20, 2, 9, 19, 14, 3, 6, 2, 9, 9, 9, 6, 5, 1, 9, 20, 18, 6, 1, 1, 9, 20, 5, 14, 6, 13, 1, 19, 17, 13, 13, 2, 6, 2, 9, 13, 2, 10, 2, 18, 4, 4, 13, 14, 4, 10, 13, 6, 4, 20, 9, 4, 10, 13, 6, 4, 13, 14, 10, 13, 6, 4, 6, 12, 14, 13, 12, 2, 4, 7, 17, 7, 12, 12, 6, 17, 11, 11, 14, 10, 14, 4, 7, 12, 17, 7, 12, 12, 17, 7, 12, 17, 7, 17, 7, 12, 17, 7, 4, 17, 7, 12, 17, 7]
bestever    1760    in generation 717
[19, 19, 19, 11, 19, 11, 11, 19, 11, 15, 3, 5, 15, 3, 11, 15, 11, 3, 19, 11, 15, 15, 11, 3, 5, 5, 16, 8, 8, 8, 16, 16, 1, 3, 1, 5, 5, 19, 8, 16, 1, 16, 10, 20, 10, 10, 18, 15, 19, 20, 16, 8, 20, 10, 3, 8, 1, 18, 20, 10, 20, 16, 18, 16, 16, 8, 8, 16, 15, 15, 3, 15, 5, 14, 3, 8, 1, 5, 20, 2, 18, 18, 3, 18, 14, 1, 9, 2, 2, 9, 8, 18, 18, 5, 15, 14, 20, 2, 9, 19, 14, 3, 6, 2, 9, 9, 9, 6, 5, 1, 9, 20, 18, 6, 1, 1, 9, 20, 5, 14, 6, 13, 1, 19, 17, 13, 13, 2, 6, 2, 9, 13, 2, 10, 2, 18, 4, 4, 13, 14, 4, 10, 13, 6, 4, 20, 9, 4, 10, 13, 6, 4, 13, 14, 10, 13, 6, 4, 6, 12, 14, 13, 12, 2, 4, 7, 17, 7, 12, 12, 6, 17, 11, 11, 14, 10, 14, 4, 7, 12, 17, 7, 12, 12, 17, 7, 12, 17, 7, 17, 7, 12, 17, 7, 4, 17, 7, 12, 17, 7]
bestever    1751    in generation 784
[19, 19, 19, 11, 19, 11, 11, 19, 11, 15, 3, 5, 15, 3, 11, 15, 11, 3, 19, 11, 15, 15, 11, 3, 5, 5, 16, 8, 8, 8, 16, 16, 1, 3, 1, 5, 5, 19, 8, 16, 1, 16, 10, 20, 10, 10, 18, 15, 19, 20, 16, 8, 20, 10, 3, 8, 1, 18, 20, 10, 20, 16, 18, 16, 16, 8, 8, 16, 15, 15, 3, 15, 5, 14, 3, 8, 1, 5, 20, 2, 18, 18, 3, 18, 14, 1, 9, 2, 2, 9, 8, 18, 18, 5, 15, 14, 20, 2, 9, 19, 14, 3, 6, 2, 9, 9, 9, 6, 5, 1, 9, 20, 18, 6, 1, 1, 9, 20, 5, 14, 6, 13, 1, 19, 17, 13, 13, 2, 6, 2, 9, 13, 2, 10, 2, 18, 4, 4, 13, 14, 4, 10, 13, 6, 4, 20, 9, 17, 10, 13, 6, 4, 13, 14, 10, 13, 6, 4, 6, 12, 14, 13, 12, 2, 4, 7, 17, 12, 12, 6, 11, 11, 14, 10, 14, 4, 7, 7, 12, 17, 7, 12, 12, 17, 7, 12, 4, 7, 17, 7, 12, 17, 7, 4, 17, 7, 12, 17, 17, 7]
bestever    1750    in generation 797
[19, 19, 19, 11, 19, 11, 11, 19, 11, 15, 3, 5, 15, 3, 11, 15, 11, 3, 19, 11, 15, 15, 11, 3, 5, 5, 16, 8, 8, 8, 16, 16, 1, 3, 1, 5, 5, 19, 8, 16, 1, 16, 10, 20, 10, 10, 18, 15, 19, 20, 16, 8, 20, 10, 3, 8, 1, 18, 20, 10, 20, 16, 18, 16, 16, 8, 8, 16, 15, 15, 3, 15, 5, 14, 3, 8, 1, 5, 20, 2, 18, 18, 3, 18, 14, 1, 9, 2, 2, 9, 8, 18, 18, 5, 15, 14, 20, 2, 9, 19, 14, 3, 6, 2, 9, 9, 9, 6, 5, 1, 9, 20, 18, 6, 1, 1, 9, 20, 5, 14, 6, 13, 1, 19, 13, 13, 2, 6, 2, 9, 13, 2, 10, 2, 18, 4, 4, 13, 14, 4, 10, 13, 6, 4, 20, 9, 10, 13, 6, 4, 13, 14, 10, 13, 6, 4, 6, 12, 14, 13, 12, 2, 4, 17, 12, 12, 6, 11, 11, 14, 10, 14, 4, 7, 12, 7, 17, 17, 7, 12, 12, 7, 17, 7, 12, 17, 4, 7, 17, 7, 12, 17, 7, 4, 17, 7, 12, 17, 17, 7]
bestever    1748    in generation 815
[19, 19, 19, 11, 19, 11, 11, 19, 11, 15, 3, 5, 15, 3, 11, 15, 11, 3, 19, 11, 15, 15, 11, 3, 5, 5, 16, 8, 8, 8, 16, 16, 1, 3, 1, 5, 5, 19, 8, 16, 1, 16, 10, 20, 10, 10, 18, 15, 19, 20, 16, 8, 20, 10, 3, 8, 1, 18, 20, 10, 20, 16, 18, 16, 16, 8, 8, 16, 15, 15, 3, 15, 5, 14, 3, 8, 1, 5, 20, 2, 18, 18, 3, 18, 14, 1, 9, 2, 2, 9, 8, 18, 18, 5, 15, 14, 20, 2, 9, 19, 14, 3, 6, 2, 9, 9, 9, 6, 5, 1, 9, 20, 18, 6, 1, 1, 9, 20, 5, 14, 6, 13, 1, 19, 13, 13, 2, 6, 2, 9, 13, 2, 10, 2, 18, 4, 4, 13, 14, 4, 10, 13, 6, 4, 20, 9, 10, 13, 6, 4, 13, 14, 10, 13, 6, 4, 6, 12, 14, 13, 12, 2, 4, 17, 12, 12, 6, 11, 11, 14, 10, 14, 4, 7, 12, 7, 17, 7, 17, 12, 17, 17, 7, 7, 12, 17, 7, 4, 17, 7, 12, 12, 7, 4, 17, 7, 12, 17, 17, 7]
bestever    1747    in generation 913
[19, 19, 19, 11, 19, 11, 11, 19, 11, 15, 3, 5, 15, 3, 11, 15, 11, 3, 19, 11, 15, 15, 11, 3, 5, 5, 16, 8, 8, 8, 16, 16, 1, 3, 1, 5, 5, 19, 8, 16, 1, 16, 20, 20, 10, 10, 18, 15, 19, 20, 16, 8, 20, 10, 3, 8, 1, 18, 20, 10, 20, 16, 18, 16, 16, 8, 8, 16, 15, 15, 3, 15, 5, 14, 3, 8, 1, 5, 20, 2, 18, 18, 3, 18, 14, 1, 9, 2, 2, 9, 8, 18, 18, 5, 15, 14, 10, 2, 9, 19, 14, 3, 6, 2, 9, 9, 9, 6, 5, 1, 9, 20, 18, 6, 1, 1, 9, 20, 5, 14, 6, 13, 1, 19, 13, 13, 2, 6, 2, 9, 13, 2, 10, 2, 18, 4, 4, 13, 14, 4, 10, 13, 6, 4, 20, 9, 10, 13, 6, 4, 13, 14, 10, 13, 6, 4, 6, 12, 14, 13, 12, 2, 4, 17, 12, 12, 6, 11, 11, 14, 10, 14, 4, 7, 12, 7, 17, 12, 12, 4, 17, 17, 7, 7, 17, 7, 17, 17, 7, 7, 12, 12, 7, 4, 17, 7, 12, 17, 17, 7]
bestever    1738    in generation 1285
[19, 19, 19, 11, 19, 11, 15, 11, 19, 11, 3, 5, 15, 3, 11, 15, 11, 3, 19, 11, 15, 15, 11, 3, 5, 5, 16, 8, 8, 8, 16, 11, 16, 1, 3, 1, 5, 5, 19, 8, 16, 1, 16, 20, 20, 10, 10, 18, 15, 19, 20, 16, 8, 20, 10, 3, 8, 1, 18, 20, 10, 20, 16, 18, 16, 16, 8, 8, 16, 15, 15, 3, 15, 5, 14, 3, 8, 1, 5, 20, 2, 18, 18, 3, 18, 14, 1, 9, 2, 2, 9, 8, 18, 18, 5, 15, 14, 10, 2, 9, 19, 14, 3, 6, 2, 9, 9, 9, 6, 5, 1, 9, 20, 18, 6, 1, 1, 9, 20, 5, 14, 6, 13, 1, 19, 13, 13, 2, 6, 2, 9, 13, 2, 10, 2, 18, 4, 4, 13, 14, 4, 10, 13, 6, 4, 20, 9, 10, 13, 6, 4, 13, 14, 10, 13, 6, 4, 6, 12, 14, 13, 12, 2, 4, 17, 12, 12, 6, 11, 14, 10, 14, 4, 12, 7, 7, 17, 12, 12, 4, 17, 17, 7, 7, 17, 7, 17, 17, 7, 7, 12, 12, 7, 4, 17, 7, 12, 17, 17, 7]
bestever    1721    in generation 3217
[19, 19, 19, 11, 19, 11, 15, 11, 11, 19, 16, 3, 5, 15, 3, 15, 11, 3, 19, 11, 15, 15, 11, 5, 3, 5, 11, 8, 8, 8, 16, 11, 16, 3, 20, 10, 5, 19, 8, 16, 1, 16, 20, 20, 10, 10, 19, 15, 19, 16, 8, 20, 10, 3, 8, 1, 18, 20, 16, 14, 5, 18, 16, 16, 8, 8, 16, 15, 15, 3, 15, 14, 3, 8, 1, 5, 20, 1, 1, 5, 20, 1, 2, 18, 3, 9, 2, 2, 9, 8, 18, 18, 5, 18, 18, 5, 15, 14, 10, 13, 2, 9, 19, 14, 3, 6, 2, 1, 9, 9, 9, 2, 1, 9, 20, 18, 6, 1, 9, 12, 5, 14, 6, 10, 1, 18, 2, 13, 18, 13, 2, 6, 6, 9, 10, 2, 6, 4, 4, 13, 14, 4, 10, 13, 6, 4, 7, 20, 9, 10, 13, 6, 4, 13, 14, 13, 13, 6, 4, 14, 4, 12, 2, 4, 7, 12, 12, 20, 12, 6, 11, 14, 10, 14, 4, 17, 17, 12, 4, 7, 17, 17, 17, 7, 12, 7, 17, 17, 7, 7, 12, 7, 12, 13, 17, 7, 12, 17, 17, 7]
bestever    1710    in generation 3840
[19, 19, 19, 11, 19, 11, 15, 11, 11, 19, 16, 3, 5, 15, 3, 15, 11, 16, 19, 11, 15, 15, 11, 5, 3, 5, 11, 8, 3, 8, 16, 16, 11, 3, 10, 20, 10, 5, 19, 8, 16, 1, 16, 20, 20, 10, 19, 15, 19, 16, 8, 20, 10, 3, 8, 1, 18, 20, 8, 14, 5, 18, 16, 16, 8, 8, 16, 15, 15, 3, 15, 14, 3, 8, 1, 5, 20, 1, 1, 5, 20, 1, 2, 18, 3, 9, 2, 2, 9, 8, 18, 18, 5, 18, 18, 5, 15, 14, 10, 13, 2, 9, 19, 14, 3, 6, 2, 1, 9, 9, 9, 2, 1, 9, 20, 18, 6, 1, 9, 12, 5, 14, 6, 10, 1, 18, 2, 13, 18, 13, 2, 6, 6, 9, 2, 6, 4, 4, 13, 14, 4, 10, 13, 6, 4, 7, 20, 9, 10, 10, 13, 6, 4, 13, 14, 13, 13, 6, 4, 14, 4, 12, 2, 4, 12, 12, 20, 12, 6, 7, 17, 11, 14, 10, 14, 4, 17, 17, 12, 4, 12, 17, 7, 17, 17, 7, 7, 17, 7, 7, 12, 7, 12, 13, 17, 7, 12, 17, 17, 7]
bestever    1704    in generation 4586
[19, 19, 19, 11, 19, 11, 15, 15, 11, 11, 19, 16, 3, 5, 15, 3, 15, 11, 16, 19, 11, 15, 15, 11, 5, 3, 5, 11, 8, 3, 8, 16, 16, 19, 11, 3, 10, 20, 10, 5, 19, 8, 16, 1, 16, 20, 20, 10, 16, 15, 19, 16, 20, 8, 1, 20, 10, 8, 18, 20, 8, 14, 5, 18, 20, 16, 8, 16, 15, 3, 14, 3, 8, 3, 8, 1, 18, 5, 20, 1, 1, 19, 1, 2, 18, 3, 9, 2, 2, 9, 8, 18, 5, 18, 5, 15, 18, 5, 15, 14, 10, 13, 2, 9, 14, 3, 6, 2, 1, 9, 9, 9, 2, 1, 9, 20, 18, 6, 1, 9, 7, 5, 14, 6, 10, 1, 18, 2, 13, 18, 13, 2, 6, 6, 12, 9, 2, 6, 4, 4, 13, 14, 4, 10, 13, 6, 4, 9, 10, 10, 13, 6, 4, 12, 14, 13, 13, 6, 4, 14, 4, 12, 2, 4, 13, 12, 20, 12, 6, 11, 14, 10, 14, 4, 17, 12, 4, 17, 17, 17, 7, 7, 12, 17, 7, 17, 7, 7, 13, 12, 12, 17, 7, 7, 12, 17, 7, 17, 7, 17]
bestever    1703    in generation 6181
[19, 19, 19, 11, 19, 11, 15, 15, 11, 11, 19, 3, 16, 3, 5, 15, 15, 19, 15, 16, 19, 11, 15, 11, 16, 5, 3, 5, 11, 8, 3, 8, 16, 20, 19, 11, 3, 10, 20, 10, 5, 19, 8, 16, 1, 8, 20, 16, 10, 16, 15, 11, 1, 20, 8, 1, 5, 10, 16, 18, 20, 8, 14, 2, 5, 18, 20, 11, 16, 8, 15, 3, 14, 3, 8, 3, 8, 1, 18, 15, 20, 1, 19, 1, 1, 2, 18, 3, 9, 2, 9, 8, 18, 5, 18, 6, 15, 18, 5, 5, 14, 10, 13, 9, 14, 3, 6, 2, 1, 9, 9, 9, 2, 16, 9, 17, 12, 20, 18, 6, 1, 9, 4, 20, 14, 5, 10, 2, 1, 2, 13, 18, 2, 6, 12, 9, 2, 6, 14, 6, 10, 9, 10, 10, 18, 6, 13, 4, 14, 4, 13, 4, 6, 13, 13, 4, 6, 13, 13, 4, 14, 4, 12, 2, 4, 13, 20, 12, 6, 12, 14, 13, 10, 14, 4, 17, 12, 4, 17, 7, 12, 17, 17, 7, 7, 17, 7, 7, 7, 12, 12, 17, 7, 7, 12, 17, 7, 17, 7, 17]
bestever    1698    in generation 6993
[19, 19, 19, 11, 19, 11, 15, 15, 11, 11, 19, 3, 16, 3, 5, 15, 15, 19, 15, 15, 16, 19, 19, 5, 11, 8, 3, 8, 16, 11, 11, 16, 5, 3, 20, 11, 3, 10, 20, 10, 5, 19, 8, 16, 1, 8, 20, 16, 10, 16, 15, 2, 11, 1, 20, 8, 1, 18, 5, 10, 16, 18, 20, 8, 14, 2, 15, 5, 18, 20, 11, 16, 8, 3, 14, 3, 8, 3, 8, 1, 18, 20, 1, 19, 1, 1, 2, 3, 9, 2, 9, 8, 18, 18, 6, 15, 15, 5, 18, 5, 5, 14, 10, 13, 9, 14, 3, 20, 6, 2, 1, 9, 9, 9, 2, 16, 9, 18, 6, 1, 9, 4, 20, 14, 12, 5, 10, 2, 1, 13, 18, 2, 6, 12, 9, 6, 14, 6, 13, 9, 10, 18, 6, 13, 4, 13, 17, 4, 6, 13, 13, 4, 6, 10, 4, 12, 14, 4, 2, 13, 10, 14, 4, 2, 13, 20, 12, 6, 12, 4, 14, 13, 10, 14, 4, 17, 12, 4, 17, 7, 12, 17, 7, 7, 7, 7, 17, 17, 7, 12, 12, 17, 7, 7, 12, 17, 7, 17, 7, 17]
