bestever    3426    in generation 0
[15, 3, 5, 9, 20, 9, 11, 16, 2, 13, 12, 9, 11, 17, 1, 8, 16, 13, 6, 13, 4, 14, 4, 18, 16, 19, 13, 1, 20, 13, 4, 20, 8, 18, 1, 18, 10, 18, 3, 15, 15, 20, 15, 2, 15, 17, 16, 10, 1, 14, 18, 3, 3, 20, 20, 10, 18, 13, 3, 15, 6, 11, 10, 10, 17, 7, 9, 13, 14, 9, 20, 2, 12, 5, 5, 12, 11, 9, 5, 8, 5, 5, 2, 16, 9, 19, 8, 14, 11, 11, 8, 6, 17, 17, 16, 15, 2, 8, 4, 2, 8, 4, 11, 19, 2, 15, 20, 12, 12, 3, 7, 1, 3, 17, 19, 8, 6, 6, 1, 15, 5, 3, 15, 13, 12, 14, 2, 12, 19, 11, 6, 9, 7, 18, 1, 9, 18, 7, 18, 7, 17, 12, 20, 4, 10, 2, 1, 19, 1, 14, 5, 14, 3, 17, 5, 19, 7, 3, 1, 19, 10, 17, 4, 9, 6, 14, 19, 10, 4, 2, 13, 6, 5, 16, 20, 10, 12, 18, 6, 8, 16, 7, 16, 11, 7, 4, 13, 17, 16, 7, 19, 14, 7, 10, 4, 6, 11, 14, 8, 12]
bestever    3364    in generation 1
[10, 6, 17, 17, 18, 16, 20, 4, 9, 2, 5, 4, 2, 16, 5, 6, 14, 13, 10, 10, 2, 17, 18, 4, 6, 10, 12, 1, 2, 5, 1, 15, 6, 16, 4, 9, 12, 6, 6, 8, 13, 9, 7, 2, 7, 11, 7, 11, 7, 7, 13, 11, 17, 11, 6, 9, 8, 17, 13, 7, 1, 20, 17, 1, 10, 8, 11, 13, 8, 13, 1, 10, 11, 12, 4, 3, 16, 11, 13, 8, 10, 7, 2, 12, 5, 14, 19, 20, 3, 15, 9, 5, 19, 1, 5, 18, 12, 14, 9, 19, 7, 16, 15, 19, 16, 10, 17, 1, 14, 14, 4, 4, 20, 6, 14, 15, 13, 11, 15, 7, 19, 17, 13, 16, 4, 5, 9, 20, 2, 3, 1, 5, 17, 15, 3, 3, 5, 1, 12, 12, 12, 9, 3, 11, 18, 16, 2, 11, 8, 13, 5, 7, 3, 9, 18, 14, 19, 8, 14, 18, 20, 8, 2, 2, 17, 15, 19, 10, 9, 19, 6, 19, 16, 15, 20, 12, 15, 12, 3, 6, 19, 18, 18, 4, 1, 14, 16, 18, 14, 8, 20, 8, 18, 3, 10, 4, 15, 20, 20, 3]
bestever    2987    in generation 2
[9, 7, 5, 7, 5, 11, 7, 11, 20, 19, 11, 11, 6, 9, 15, 9, 5, 20, 20, 10, 14, 10, 8, 15, 3, 2, 19, 11, 19, 5, 19, 11, 9, 3, 8, 12, 11, 7, 10, 1, 2, 16, 4, 7, 16, 2, 13, 8, 2, 10, 17, 1, 7, 17, 7, 6, 13, 1, 5, 8, 8, 9, 17, 10, 16, 6, 13, 6, 17, 2, 1, 10, 4, 6, 17, 1, 3, 8, 14, 8, 20, 3, 15, 20, 16, 18, 20, 18, 10, 4, 10, 6, 17, 2, 12, 8, 6, 16, 15, 19, 7, 16, 15, 19, 16, 10, 17, 1, 14, 14, 4, 4, 20, 6, 14, 15, 13, 11, 15, 7, 19, 17, 13, 16, 4, 5, 9, 20, 2, 3, 1, 5, 17, 15, 3, 3, 5, 1, 12, 12, 12, 9, 3, 11, 18, 16, 2, 11, 8, 13, 5, 7, 3, 9, 18, 14, 19, 8, 14, 18, 20, 1, 6, 5, 18, 13, 13, 12, 14, 9, 19, 16, 15, 20, 12, 15, 12, 3, 6, 18, 18, 4, 1, 18, 4, 2, 4, 2, 13, 19, 10, 17, 14, 18, 4, 9, 12, 14, 12, 13]
bestever    2927    in generation 4
[9, 7, 5, 7, 5, 11, 7, 11, 20, 19, 11, 11, 6, 9, 15, 9, 5, 20, 20, 10, 14, 10, 8, 15, 3, 2, 19, 11, 19, 5, 19, 11, 9, 3, 8, 12, 11, 7, 10, 1, 2, 16, 4, 7, 16, 2, 13, 8, 2, 10, 17, 1, 7, 17, 7, 6, 13, 1, 5, 8, 8, 9, 17, 10, 16, 6, 13, 6, 17, 2, 1, 10, 4, 6, 17, 1, 3, 8, 14, 8, 20, 3, 15, 20, 16, 18, 20, 18, 10, 4, 10, 6, 17, 2, 12, 8, 6, 16, 15, 19, 7, 16, 15, 19, 16, 10, 17, 1, 14, 14, 4, 20, 6, 15, 13, 11, 15, 7, 17, 16, 5, 9, 20, 2, 3, 1, 5, 17, 15, 3, 3, 5, 1, 12, 9, 3, 11, 18, 16, 11, 8, 5, 7, 3, 14, 13, 13, 14, 9, 19, 12, 12, 4, 18, 4, 2, 19, 8, 14, 18, 20, 1, 6, 5, 18, 13, 13, 12, 14, 9, 19, 16, 15, 20, 12, 15, 12, 3, 6, 18, 18, 4, 1, 18, 4, 2, 4, 2, 13, 19, 10, 17, 14, 18, 4, 9, 12, 14, 12, 13]
bestever    2912    in generation 5
[9, 7, 5, 7, 5, 11, 7, 11, 20, 19, 11, 11, 6, 9, 15, 9, 5, 20, 20, 10, 14, 10, 8, 15, 3, 2, 19, 11, 19, 5, 19, 11, 9, 3, 8, 12, 11, 7, 10, 1, 2, 16, 4, 7, 16, 2, 13, 8, 2, 10, 17, 1, 7, 17, 7, 6, 13, 1, 5, 8, 8, 17, 10, 16, 6, 13, 6, 17, 2, 1, 10, 4, 6, 17, 1, 3, 8, 14, 8, 20, 3, 15, 20, 16, 18, 20, 18, 10, 4, 10, 6, 17, 2, 8, 6, 16, 15, 19, 7, 16, 15, 19, 16, 10, 17, 1, 14, 14, 4, 4, 20, 6, 15, 13, 11, 15, 19, 17, 16, 20, 18, 7, 18, 5, 9, 12, 13, 14, 2, 3, 1, 5, 17, 15, 3, 3, 5, 1, 12, 12, 12, 9, 3, 11, 18, 16, 2, 11, 8, 13, 5, 7, 3, 9, 18, 14, 19, 8, 14, 18, 20, 1, 6, 5, 18, 13, 13, 12, 14, 9, 19, 16, 15, 20, 12, 15, 12, 3, 6, 18, 18, 4, 1, 4, 2, 4, 2, 13, 19, 10, 17, 14, 4, 9, 4, 9, 12, 14, 12, 13]
bestever    2851    in generation 7
[9, 7, 5, 7, 5, 11, 7, 11, 20, 19, 11, 11, 6, 9, 15, 9, 5, 20, 20, 10, 14, 10, 8, 15, 3, 2, 19, 11, 19, 5, 19, 11, 9, 3, 8, 12, 11, 7, 10, 1, 2, 16, 4, 7, 16, 2, 13, 8, 2, 20, 17, 1, 7, 17, 7, 6, 13, 1, 5, 8, 8, 17, 10, 16, 6, 13, 6, 17, 2, 1, 10, 4, 6, 17, 1, 3, 8, 14, 8, 20, 3, 15, 20, 16, 18, 20, 18, 10, 4, 10, 6, 17, 2, 8, 6, 16, 15, 19, 7, 16, 15, 19, 16, 10, 17, 1, 14, 14, 4, 4, 20, 6, 15, 13, 11, 15, 19, 17, 16, 20, 18, 7, 18, 5, 9, 12, 13, 14, 2, 3, 1, 5, 17, 15, 3, 3, 5, 1, 12, 12, 12, 9, 3, 11, 18, 16, 2, 11, 8, 13, 5, 7, 3, 9, 18, 14, 19, 8, 14, 18, 10, 1, 6, 5, 18, 13, 13, 12, 14, 9, 19, 16, 15, 20, 12, 15, 12, 3, 6, 18, 18, 4, 1, 4, 2, 4, 2, 13, 19, 10, 17, 14, 4, 9, 4, 9, 12, 14, 12, 13]
bestever    2818    in generation 8
[9, 7, 5, 7, 5, 11, 7, 11, 20, 19, 11, 11, 6, 9, 15, 9, 5, 20, 20, 10, 14, 10, 8, 15, 3, 2, 19, 11, 19, 5, 19, 11, 9, 3, 8, 12, 11, 7, 10, 1, 2, 16, 4, 7, 16, 2, 13, 8, 2, 10, 17, 1, 7, 17, 7, 6, 13, 1, 5, 8, 8, 17, 10, 16, 6, 13, 6, 17, 2, 1, 10, 4, 6, 17, 1, 3, 8, 14, 8, 20, 3, 15, 20, 16, 18, 20, 18, 10, 10, 6, 17, 8, 6, 16, 15, 19, 7, 16, 15, 19, 16, 10, 17, 1, 14, 4, 4, 20, 6, 15, 11, 15, 17, 16, 20, 7, 5, 9, 12, 2, 3, 1, 5, 17, 15, 3, 3, 5, 12, 3, 2, 14, 1, 13, 13, 14, 9, 19, 12, 12, 18, 18, 4, 11, 18, 16, 2, 11, 8, 13, 5, 7, 3, 9, 18, 14, 19, 8, 14, 18, 20, 1, 6, 5, 18, 13, 13, 12, 14, 9, 19, 16, 15, 20, 12, 15, 12, 3, 6, 18, 18, 4, 1, 4, 2, 4, 2, 13, 19, 10, 17, 14, 4, 9, 4, 9, 12, 14, 12, 13]
bestever    2799    in generation 10
[9, 7, 5, 7, 5, 11, 7, 11, 20, 19, 11, 11, 6, 9, 15, 9, 5, 20, 20, 10, 14, 10, 8, 15, 3, 2, 19, 11, 19, 5, 19, 11, 9, 3, 8, 12, 11, 7, 10, 1, 2, 16, 4, 7, 16, 2, 13, 8, 2, 10, 17, 1, 7, 17, 7, 6, 13, 1, 5, 8, 8, 17, 10, 16, 6, 13, 6, 17, 2, 1, 10, 4, 6, 17, 1, 3, 8, 14, 8, 20, 3, 15, 20, 16, 18, 20, 18, 10, 10, 6, 17, 8, 6, 16, 15, 19, 7, 16, 15, 16, 10, 17, 1, 14, 4, 4, 20, 15, 11, 15, 17, 16, 7, 5, 9, 12, 2, 3, 1, 5, 17, 15, 3, 3, 5, 12, 3, 2, 13, 13, 14, 9, 19, 12, 12, 4, 11, 18, 16, 2, 11, 8, 13, 5, 7, 3, 9, 18, 14, 19, 14, 18, 20, 1, 6, 18, 19, 8, 14, 18, 20, 1, 6, 5, 18, 13, 13, 12, 14, 9, 19, 16, 15, 20, 12, 15, 12, 3, 6, 18, 18, 4, 1, 4, 2, 4, 2, 13, 19, 10, 17, 14, 4, 9, 4, 9, 12, 14, 12, 13]
bestever    2759    in generation 21
[9, 7, 5, 7, 5, 11, 7, 11, 20, 19, 11, 11, 6, 9, 15, 5, 20, 20, 10, 14, 10, 8, 15, 3, 2, 19, 11, 19, 5, 19, 11, 3, 8, 12, 11, 7, 10, 1, 2, 16, 4, 7, 16, 2, 13, 8, 2, 10, 17, 1, 7, 17, 7, 6, 13, 1, 5, 8, 8, 17, 10, 16, 6, 6, 17, 2, 1, 10, 4, 6, 17, 1, 3, 8, 14, 8, 20, 3, 15, 20, 16, 18, 20, 18, 10, 10, 6, 17, 8, 6, 16, 15, 19, 7, 16, 15, 16, 10, 17, 1, 14, 4, 4, 20, 15, 11, 15, 17, 16, 5, 12, 2, 3, 1, 5, 17, 15, 3, 3, 5, 2, 9, 19, 18, 7, 9, 18, 20, 1, 6, 14, 13, 13, 14, 9, 19, 12, 4, 13, 12, 12, 9, 3, 11, 18, 16, 2, 11, 8, 13, 5, 7, 3, 9, 18, 14, 19, 8, 14, 18, 20, 1, 6, 5, 18, 13, 13, 12, 14, 9, 19, 16, 15, 20, 12, 15, 12, 3, 6, 18, 18, 4, 1, 4, 2, 4, 2, 13, 19, 10, 17, 14, 4, 9, 4, 9, 12, 14, 12, 13]
bestever    2625    in generation 24
[9, 7, 5, 7, 5, 11, 7, 11, 20, 19, 11, 11, 6, 9, 6, 5, 20, 20, 10, 14, 10, 8, 15, 3, 2, 19, 11, 19, 5, 19, 11, 3, 8, 12, 11, 7, 10, 1, 2, 16, 4, 7, 16, 2, 13, 8, 2, 10, 17, 1, 7, 17, 7, 6, 13, 1, 5, 8, 8, 17, 10, 16, 6, 6, 17, 2, 1, 10, 4, 6, 17, 1, 3, 8, 14, 8, 20, 3, 15, 20, 16, 18, 20, 18, 10, 10, 6, 17, 8, 6, 16, 15, 19, 7, 16, 15, 16, 10, 17, 1, 14, 4, 4, 20, 15, 11, 15, 17, 16, 5, 12, 2, 3, 1, 5, 17, 15, 3, 3, 5, 2, 9, 19, 18, 7, 9, 18, 20, 1, 6, 14, 13, 13, 14, 9, 19, 12, 4, 13, 12, 12, 9, 3, 11, 18, 16, 2, 11, 8, 13, 5, 7, 3, 9, 18, 14, 19, 8, 14, 18, 20, 1, 15, 5, 18, 13, 13, 12, 14, 9, 19, 16, 15, 20, 12, 15, 12, 3, 6, 18, 18, 4, 1, 4, 2, 4, 2, 13, 19, 10, 17, 14, 4, 9, 4, 9, 12, 14, 12, 13]
bestever    2620    in generation 27
[9, 7, 5, 7, 5, 11, 7, 11, 20, 19, 11, 11, 6, 9, 6, 5, 20, 20, 10, 14, 10, 8, 15, 3, 2, 19, 11, 19, 5, 19, 11, 3, 8, 12, 11, 7, 10, 1, 2, 16, 4, 7, 16, 2, 13, 8, 2, 10, 17, 1, 7, 17, 7, 6, 13, 1, 5, 8, 8, 17, 10, 16, 6, 6, 17, 2, 1, 10, 4, 6, 17, 1, 3, 8, 14, 8, 20, 3, 15, 20, 16, 18, 20, 18, 10, 10, 6, 17, 8, 16, 15, 19, 7, 16, 15, 16, 10, 17, 1, 4, 4, 20, 15, 11, 15, 17, 16, 5, 12, 2, 3, 1, 5, 17, 15, 3, 3, 5, 2, 9, 7, 6, 13, 13, 14, 9, 19, 12, 4, 13, 12, 12, 9, 11, 18, 16, 2, 11, 8, 13, 5, 7, 3, 9, 18, 14, 19, 14, 18, 20, 1, 15, 3, 9, 18, 14, 19, 8, 14, 18, 20, 1, 6, 5, 18, 13, 13, 12, 14, 9, 19, 16, 15, 20, 12, 15, 12, 3, 6, 18, 18, 4, 1, 4, 2, 4, 2, 13, 19, 10, 17, 14, 4, 9, 4, 9, 12, 14, 12, 13]
bestever    2575    in generation 28
[7, 5, 7, 5, 11, 7, 11, 20, 19, 11, 11, 6, 6, 5, 20, 20, 10, 14, 10, 8, 15, 3, 2, 19, 11, 19, 5, 19, 11, 3, 8, 11, 7, 10, 1, 2, 16, 4, 7, 16, 2, 13, 8, 2, 10, 17, 1, 7, 17, 7, 6, 1, 5, 8, 8, 17, 10, 16, 6, 6, 17, 2, 1, 10, 6, 17, 1, 3, 8, 8, 20, 3, 15, 20, 16, 18, 20, 18, 10, 10, 6, 17, 8, 16, 15, 19, 7, 16, 15, 16, 10, 17, 1, 20, 15, 11, 15, 17, 16, 5, 2, 3, 1, 15, 9, 14, 14, 9, 12, 12, 4, 4, 13, 5, 17, 3, 3, 5, 2, 9, 19, 18, 7, 9, 18, 20, 1, 6, 14, 13, 13, 19, 12, 13, 3, 11, 18, 16, 2, 11, 8, 5, 7, 9, 6, 9, 12, 12, 4, 4, 13, 14, 3, 9, 18, 14, 19, 8, 14, 18, 20, 1, 15, 5, 18, 13, 13, 12, 14, 9, 19, 16, 15, 20, 12, 15, 12, 3, 6, 18, 18, 4, 1, 4, 2, 4, 2, 13, 19, 10, 17, 14, 4, 9, 4, 9, 12, 14, 12, 13]
bestever    2543    in generation 32
[7, 5, 7, 5, 11, 7, 11, 20, 19, 11, 11, 6, 6, 5, 20, 20, 10, 14, 10, 8, 15, 3, 14, 19, 11, 19, 5, 19, 11, 3, 8, 11, 7, 10, 1, 2, 16, 4, 7, 16, 2, 13, 8, 2, 10, 17, 1, 7, 17, 7, 6, 1, 5, 8, 8, 17, 10, 16, 6, 6, 17, 2, 1, 10, 6, 17, 1, 3, 8, 8, 20, 3, 15, 20, 16, 18, 20, 18, 10, 10, 6, 17, 8, 16, 15, 19, 7, 16, 15, 16, 10, 17, 1, 20, 15, 11, 15, 17, 16, 5, 2, 3, 1, 15, 9, 14, 14, 9, 12, 12, 4, 4, 13, 5, 17, 3, 3, 5, 2, 9, 19, 18, 7, 9, 18, 20, 1, 6, 14, 13, 13, 19, 12, 13, 3, 11, 18, 16, 2, 11, 8, 5, 7, 9, 6, 9, 12, 12, 4, 4, 13, 2, 3, 9, 18, 14, 19, 8, 14, 18, 20, 1, 15, 5, 18, 13, 13, 12, 14, 9, 19, 16, 15, 20, 12, 15, 12, 3, 6, 18, 18, 4, 1, 4, 2, 4, 2, 13, 19, 10, 17, 14, 4, 9, 4, 9, 12, 14, 12, 13]
bestever    2528    in generation 49
[7, 5, 7, 5, 11, 7, 11, 20, 19, 11, 11, 6, 6, 5, 20, 20, 10, 14, 10, 8, 11, 3, 14, 19, 11, 19, 5, 19, 11, 3, 8, 15, 7, 10, 1, 2, 16, 4, 7, 16, 2, 13, 8, 2, 10, 17, 1, 7, 17, 7, 6, 1, 5, 8, 8, 17, 10, 16, 6, 6, 17, 2, 1, 10, 6, 17, 1, 3, 8, 8, 20, 3, 15, 20, 16, 18, 20, 18, 10, 10, 6, 17, 8, 16, 15, 19, 7, 16, 15, 16, 10, 17, 1, 20, 15, 11, 15, 17, 16, 5, 2, 3, 1, 15, 9, 14, 14, 9, 12, 12, 4, 4, 13, 5, 17, 3, 3, 5, 2, 9, 19, 18, 7, 9, 18, 20, 1, 6, 14, 13, 13, 19, 12, 13, 3, 11, 18, 16, 2, 11, 8, 5, 7, 9, 6, 9, 12, 12, 4, 4, 13, 2, 3, 9, 18, 14, 19, 8, 14, 18, 20, 1, 15, 5, 18, 13, 13, 12, 14, 9, 19, 16, 15, 20, 12, 15, 12, 3, 6, 18, 18, 4, 1, 4, 2, 4, 2, 13, 19, 10, 17, 14, 4, 9, 4, 9, 12, 14, 12, 13]
bestever    2515    in generation 56
[7, 5, 7, 5, 11, 7, 11, 20, 19, 11, 11, 6, 6, 5, 20, 20, 10, 14, 10, 8, 11, 3, 6, 19, 11, 19, 5, 19, 11, 3, 8, 15, 7, 10, 1, 2, 16, 4, 7, 16, 2, 13, 8, 2, 10, 17, 1, 7, 17, 7, 6, 1, 5, 8, 8, 17, 10, 16, 14, 6, 17, 2, 1, 10, 6, 17, 1, 3, 8, 8, 20, 3, 15, 20, 16, 18, 20, 18, 10, 10, 6, 17, 8, 16, 15, 19, 7, 16, 15, 16, 10, 17, 1, 20, 15, 11, 15, 17, 16, 5, 2, 3, 1, 15, 9, 14, 14, 9, 12, 4, 4, 13, 5, 17, 3, 3, 5, 2, 9, 19, 18, 7, 9, 18, 20, 1, 6, 14, 13, 13, 19, 12, 3, 11, 18, 16, 2, 11, 8, 5, 7, 9, 6, 12, 12, 4, 4, 2, 3, 9, 8, 14, 18, 20, 1, 15, 18, 13, 13, 12, 14, 9, 19, 5, 18, 13, 13, 12, 14, 9, 19, 16, 15, 20, 12, 15, 12, 3, 6, 18, 18, 4, 1, 4, 2, 4, 2, 13, 19, 10, 17, 14, 4, 9, 4, 9, 12, 14, 12, 13]
bestever    2497    in generation 75
[7, 5, 7, 5, 11, 7, 11, 20, 19, 11, 11, 6, 6, 5, 20, 20, 10, 14, 10, 8, 11, 3, 6, 19, 11, 19, 5, 19, 11, 3, 8, 15, 7, 10, 1, 2, 16, 4, 7, 16, 2, 8, 8, 2, 10, 17, 1, 7, 17, 7, 6, 1, 5, 8, 8, 17, 10, 16, 14, 6, 17, 2, 1, 10, 6, 17, 1, 3, 8, 8, 20, 3, 15, 20, 16, 18, 20, 18, 10, 10, 6, 17, 8, 16, 15, 19, 7, 16, 15, 16, 10, 17, 1, 20, 15, 11, 15, 17, 16, 5, 2, 3, 1, 15, 9, 14, 14, 9, 12, 4, 4, 13, 5, 17, 3, 3, 5, 2, 9, 19, 18, 7, 9, 18, 20, 1, 6, 14, 13, 13, 19, 12, 3, 11, 18, 16, 2, 11, 13, 5, 7, 9, 6, 12, 12, 4, 4, 2, 3, 9, 8, 14, 18, 20, 1, 15, 18, 13, 13, 12, 14, 9, 19, 5, 18, 13, 13, 12, 14, 9, 19, 16, 15, 20, 12, 15, 12, 3, 6, 18, 18, 4, 1, 4, 2, 4, 2, 13, 19, 10, 17, 14, 4, 9, 4, 9, 12, 14, 12, 13]
bestever    2494    in generation 85
[7, 5, 7, 5, 11, 7, 11, 20, 19, 11, 11, 6, 6, 5, 20, 20, 10, 14, 10, 8, 11, 3, 6, 19, 11, 19, 5, 19, 11, 3, 8, 15, 7, 10, 1, 2, 16, 4, 7, 16, 2, 8, 8, 2, 10, 17, 1, 7, 17, 7, 6, 1, 5, 8, 8, 17, 10, 16, 14, 6, 17, 2, 1, 10, 6, 17, 1, 3, 8, 8, 20, 3, 15, 20, 16, 18, 20, 18, 10, 10, 6, 17, 8, 16, 15, 19, 7, 16, 15, 16, 10, 17, 1, 20, 15, 11, 15, 17, 16, 5, 6, 3, 1, 15, 9, 14, 14, 9, 12, 4, 4, 13, 5, 17, 3, 3, 5, 2, 9, 19, 18, 7, 9, 18, 20, 1, 2, 14, 13, 13, 19, 12, 3, 11, 18, 16, 2, 11, 13, 5, 7, 9, 6, 12, 12, 4, 4, 2, 3, 9, 8, 14, 18, 20, 1, 15, 18, 13, 13, 12, 14, 9, 19, 5, 18, 13, 13, 12, 14, 9, 19, 16, 15, 20, 12, 15, 12, 3, 6, 18, 18, 4, 1, 4, 2, 4, 2, 13, 19, 10, 17, 14, 4, 9, 4, 9, 12, 14, 12, 13]
bestever    2443    in generation 91
[7, 5, 7, 5, 11, 7, 11, 20, 19, 11, 11, 6, 6, 5, 20, 20, 10, 14, 10, 8, 11, 3, 6, 19, 11, 19, 5, 19, 11, 3, 8, 15, 7, 10, 1, 2, 16, 4, 7, 16, 2, 8, 8, 2, 10, 17, 1, 7, 17, 7, 6, 1, 5, 8, 8, 17, 10, 16, 14, 6, 17, 2, 1, 10, 6, 17, 1, 3, 8, 8, 20, 3, 15, 20, 9, 18, 20, 18, 10, 10, 6, 17, 8, 16, 15, 19, 7, 16, 15, 16, 10, 17, 1, 20, 15, 11, 15, 17, 16, 5, 6, 3, 1, 15, 16, 14, 14, 9, 12, 4, 4, 13, 5, 17, 3, 2, 5, 2, 9, 19, 18, 7, 9, 18, 20, 1, 3, 14, 13, 13, 19, 12, 3, 11, 18, 16, 2, 11, 13, 5, 7, 9, 6, 12, 12, 4, 4, 2, 3, 9, 8, 14, 18, 20, 1, 15, 18, 13, 13, 12, 14, 9, 19, 5, 18, 13, 13, 12, 14, 9, 19, 16, 15, 20, 12, 15, 12, 3, 6, 18, 18, 4, 1, 4, 2, 4, 2, 13, 19, 10, 17, 14, 4, 9, 4, 9, 12, 14, 12, 13]
bestever    2417    in generation 101
[5, 7, 5, 11, 7, 11, 20, 19, 11, 11, 6, 6, 5, 20, 20, 10, 14, 10, 8, 11, 3, 6, 11, 19, 5, 19, 11, 3, 8, 15, 7, 10, 1, 2, 16, 4, 7, 16, 8, 8, 2, 10, 17, 1, 7, 17, 7, 6, 1, 5, 8, 8, 17, 10, 16, 14, 6, 17, 2, 1, 10, 6, 17, 1, 3, 8, 8, 20, 3, 15, 20, 9, 18, 20, 18, 10, 10, 6, 17, 8, 16, 15, 19, 7, 16, 15, 16, 10, 17, 1, 20, 15, 11, 15, 17, 16, 5, 6, 3, 1, 15, 16, 14, 14, 9, 12, 4, 4, 13, 5, 17, 3, 2, 5, 2, 9, 19, 2, 9, 19, 18, 7, 9, 18, 20, 1, 3, 14, 13, 13, 19, 12, 3, 11, 18, 16, 2, 11, 13, 5, 7, 9, 6, 12, 12, 4, 4, 2, 3, 8, 14, 18, 20, 1, 15, 18, 13, 13, 12, 14, 9, 19, 5, 18, 13, 13, 12, 14, 9, 19, 16, 15, 20, 12, 15, 12, 3, 6, 18, 18, 4, 1, 4, 2, 4, 2, 13, 19, 10, 17, 14, 4, 9, 4, 9, 12, 14, 12, 13, 7]
bestever    2408    in generation 132
[5, 7, 5, 11, 7, 11, 20, 19, 11, 11, 6, 6, 5, 20, 20, 10, 14, 10, 8, 11, 3, 6, 11, 19, 5, 19, 11, 3, 8, 15, 7, 10, 1, 2, 16, 4, 7, 16, 8, 8, 2, 10, 17, 1, 7, 17, 7, 6, 1, 5, 8, 8, 17, 10, 16, 14, 6, 17, 2, 1, 10, 6, 17, 1, 3, 8, 8, 20, 3, 15, 20, 9, 18, 20, 18, 10, 10, 6, 17, 8, 16, 15, 19, 7, 16, 15, 16, 10, 17, 1, 20, 15, 11, 15, 17, 16, 5, 6, 3, 1, 15, 16, 14, 14, 9, 12, 4, 4, 13, 5, 17, 3, 2, 5, 2, 9, 19, 2, 9, 19, 18, 7, 9, 18, 20, 1, 3, 14, 13, 13, 19, 12, 3, 11, 18, 16, 2, 11, 13, 5, 7, 9, 6, 12, 12, 4, 4, 2, 3, 8, 14, 18, 20, 1, 15, 18, 13, 13, 12, 14, 9, 19, 5, 18, 13, 9, 13, 14, 12, 19, 16, 15, 20, 12, 15, 12, 3, 6, 18, 18, 4, 1, 4, 2, 4, 2, 13, 19, 10, 17, 14, 4, 9, 4, 9, 12, 14, 12, 13, 7]
bestever    2389    in generation 140
[5, 7, 5, 11, 7, 11, 20, 19, 11, 11, 6, 6, 5, 20, 20, 10, 14, 10, 8, 11, 3, 6, 11, 19, 5, 19, 11, 3, 8, 7, 7, 10, 1, 2, 16, 4, 7, 16, 8, 8, 2, 10, 17, 1, 7, 17, 15, 6, 1, 5, 8, 8, 17, 10, 16, 14, 6, 17, 2, 1, 10, 6, 17, 1, 3, 8, 8, 20, 3, 15, 20, 9, 18, 20, 18, 10, 10, 6, 17, 8, 16, 15, 19, 7, 16, 15, 16, 10, 17, 1, 20, 15, 11, 15, 17, 16, 5, 6, 3, 1, 15, 16, 14, 14, 9, 4, 4, 13, 5, 17, 3, 2, 2, 9, 19, 2, 9, 19, 18, 9, 18, 20, 1, 3, 13, 19, 7, 5, 12, 13, 14, 3, 11, 18, 16, 2, 11, 13, 5, 7, 9, 6, 12, 12, 4, 4, 2, 3, 8, 14, 18, 20, 1, 15, 18, 13, 13, 12, 14, 9, 19, 5, 18, 13, 13, 12, 14, 9, 19, 16, 15, 20, 12, 15, 12, 3, 6, 18, 18, 4, 1, 4, 2, 4, 2, 13, 19, 10, 17, 14, 4, 9, 4, 9, 12, 12, 14, 12, 13, 7]
bestever    2376    in generation 150
[5, 7, 5, 11, 7, 11, 20, 19, 11, 11, 6, 6, 5, 20, 20, 10, 14, 10, 8, 11, 3, 6, 11, 19, 5, 8, 11, 3, 19, 7, 7, 10, 1, 2, 16, 4, 7, 16, 8, 8, 2, 10, 17, 1, 7, 17, 15, 6, 1, 5, 8, 8, 17, 10, 16, 14, 6, 17, 2, 1, 10, 6, 17, 1, 3, 8, 8, 20, 3, 15, 20, 9, 18, 20, 18, 10, 10, 6, 17, 8, 16, 15, 19, 7, 16, 15, 16, 10, 17, 1, 20, 15, 11, 15, 17, 16, 5, 6, 3, 1, 15, 16, 14, 14, 9, 4, 4, 13, 5, 17, 3, 2, 2, 9, 19, 2, 9, 19, 18, 9, 18, 20, 1, 3, 13, 19, 7, 5, 12, 13, 14, 3, 11, 18, 16, 2, 11, 13, 5, 7, 9, 6, 12, 12, 4, 4, 2, 3, 8, 14, 18, 20, 1, 15, 18, 13, 13, 12, 14, 9, 19, 5, 18, 13, 13, 12, 14, 9, 19, 16, 15, 20, 12, 15, 12, 3, 6, 18, 18, 4, 1, 4, 2, 4, 2, 13, 19, 10, 17, 14, 4, 9, 4, 9, 12, 12, 14, 12, 13, 7]
bestever    2357    in generation 161
[5, 7, 5, 11, 7, 11, 20, 19, 11, 11, 6, 6, 5, 20, 20, 10, 14, 10, 8, 11, 3, 6, 11, 19, 5, 8, 11, 3, 19, 7, 7, 10, 1, 2, 16, 4, 7, 16, 8, 8, 2, 10, 17, 1, 7, 17, 15, 6, 1, 5, 8, 8, 17, 10, 16, 14, 6, 17, 2, 1, 10, 6, 17, 1, 3, 8, 8, 20, 3, 15, 20, 9, 18, 20, 18, 10, 10, 6, 17, 8, 16, 15, 19, 7, 16, 15, 16, 10, 17, 1, 20, 15, 11, 15, 17, 16, 5, 6, 3, 1, 15, 16, 14, 14, 9, 4, 4, 13, 5, 17, 3, 2, 2, 9, 19, 2, 9, 19, 18, 9, 18, 20, 1, 3, 13, 19, 5, 12, 13, 14, 3, 11, 18, 16, 2, 11, 7, 9, 6, 12, 4, 4, 2, 3, 8, 14, 18, 14, 5, 14, 3, 20, 1, 15, 18, 13, 13, 12, 9, 19, 5, 18, 13, 12, 13, 9, 19, 16, 15, 20, 12, 15, 12, 6, 18, 18, 4, 1, 4, 2, 4, 2, 13, 19, 10, 17, 14, 4, 9, 4, 9, 12, 12, 14, 12, 13, 7, 12, 13, 7]
bestever    2356    in generation 167
[5, 7, 5, 11, 7, 11, 20, 19, 11, 11, 6, 6, 5, 20, 20, 10, 14, 10, 8, 11, 3, 6, 11, 19, 5, 8, 11, 3, 19, 7, 7, 10, 1, 2, 16, 4, 7, 16, 8, 8, 2, 10, 17, 1, 7, 17, 15, 6, 1, 5, 8, 8, 17, 10, 16, 14, 6, 17, 2, 1, 10, 6, 17, 1, 3, 8, 8, 20, 3, 15, 20, 9, 18, 20, 18, 10, 10, 6, 17, 8, 16, 15, 19, 7, 16, 15, 16, 10, 17, 1, 20, 15, 11, 15, 17, 16, 5, 6, 3, 1, 15, 16, 14, 14, 9, 4, 4, 13, 5, 17, 3, 2, 2, 9, 19, 2, 9, 19, 18, 9, 18, 20, 1, 3, 13, 19, 5, 12, 13, 14, 3, 11, 18, 16, 2, 11, 7, 9, 6, 12, 4, 4, 2, 3, 8, 14, 18, 14, 5, 3, 20, 1, 15, 18, 13, 13, 9, 19, 5, 18, 13, 9, 19, 13, 14, 12, 12, 16, 15, 20, 12, 15, 12, 6, 18, 18, 4, 1, 4, 2, 4, 2, 13, 19, 10, 17, 14, 4, 9, 4, 9, 12, 12, 14, 12, 13, 7, 12, 13, 7]
bestever    2339    in generation 175
[5, 7, 5, 11, 7, 11, 20, 19, 11, 11, 6, 6, 5, 20, 20, 10, 14, 10, 8, 11, 3, 6, 11, 19, 5, 8, 11, 3, 19, 7, 7, 10, 19, 2, 16, 4, 7, 16, 8, 8, 2, 10, 17, 1, 7, 17, 15, 6, 1, 5, 8, 8, 17, 10, 16, 14, 6, 17, 2, 1, 10, 6, 17, 1, 3, 8, 8, 20, 3, 15, 20, 9, 18, 20, 18, 10, 10, 20, 17, 8, 16, 15, 19, 7, 16, 15, 16, 10, 17, 1, 20, 15, 11, 15, 17, 16, 5, 6, 3, 1, 15, 16, 14, 14, 9, 4, 4, 13, 5, 17, 3, 2, 2, 9, 1, 2, 9, 19, 18, 9, 18, 20, 1, 3, 13, 19, 5, 12, 13, 14, 3, 11, 18, 16, 2, 11, 7, 9, 6, 12, 4, 4, 2, 3, 8, 14, 18, 14, 5, 3, 6, 1, 15, 18, 13, 13, 9, 19, 5, 18, 13, 9, 19, 13, 14, 12, 12, 16, 15, 20, 12, 15, 12, 6, 18, 18, 4, 1, 4, 2, 4, 2, 13, 19, 10, 17, 14, 4, 9, 4, 9, 12, 12, 14, 12, 13, 7, 12, 13, 7]
bestever    2284    in generation 180
[5, 7, 5, 11, 7, 11, 20, 19, 11, 11, 6, 6, 5, 20, 20, 10, 14, 10, 8, 11, 3, 6, 11, 19, 5, 8, 11, 3, 19, 7, 7, 10, 19, 2, 16, 4, 7, 16, 8, 8, 2, 10, 17, 1, 7, 17, 15, 6, 1, 5, 8, 8, 17, 10, 16, 14, 6, 17, 2, 1, 10, 6, 17, 1, 3, 8, 8, 20, 3, 15, 20, 9, 18, 20, 18, 10, 10, 20, 17, 8, 16, 15, 19, 7, 16, 14, 16, 10, 17, 1, 20, 15, 11, 15, 17, 16, 5, 6, 3, 1, 15, 16, 14, 14, 9, 4, 4, 13, 5, 17, 3, 2, 2, 9, 1, 2, 9, 19, 18, 9, 18, 20, 1, 3, 13, 19, 5, 12, 13, 14, 3, 11, 18, 16, 2, 11, 7, 9, 6, 12, 4, 4, 2, 3, 8, 15, 18, 14, 5, 3, 6, 1, 15, 18, 13, 13, 9, 19, 5, 18, 13, 9, 19, 13, 14, 12, 12, 16, 15, 20, 12, 15, 12, 6, 18, 18, 4, 1, 4, 2, 4, 2, 13, 19, 10, 17, 14, 4, 9, 4, 9, 12, 12, 14, 12, 13, 7, 12, 13, 7]
bestever    2280    in generation 234
[5, 7, 5, 11, 7, 11, 20, 19, 11, 11, 6, 6, 5, 20, 20, 10, 14, 10, 8, 11, 3, 6, 11, 19, 5, 8, 11, 3, 19, 7, 7, 10, 19, 2, 16, 4, 7, 16, 8, 8, 2, 10, 17, 1, 7, 17, 15, 6, 1, 5, 8, 8, 17, 10, 16, 14, 6, 17, 2, 1, 10, 6, 17, 1, 3, 8, 8, 20, 3, 15, 20, 9, 18, 20, 18, 7, 10, 20, 17, 8, 16, 15, 19, 7, 16, 14, 16, 10, 17, 1, 20, 15, 11, 15, 17, 16, 5, 6, 3, 1, 15, 16, 14, 14, 9, 4, 4, 13, 5, 17, 3, 2, 2, 9, 1, 2, 9, 19, 18, 9, 18, 20, 1, 3, 13, 19, 5, 12, 13, 14, 3, 11, 18, 16, 2, 11, 10, 9, 6, 12, 2, 3, 8, 15, 18, 14, 5, 3, 6, 1, 15, 18, 13, 13, 9, 19, 5, 18, 9, 19, 13, 14, 12, 12, 16, 15, 20, 12, 15, 12, 6, 18, 4, 4, 13, 18, 4, 1, 4, 2, 4, 2, 13, 19, 10, 17, 14, 4, 9, 4, 9, 12, 12, 14, 12, 13, 7, 12, 13, 7]
bestever    2278    in generation 238
[5, 7, 5, 11, 7, 11, 20, 19, 11, 11, 6, 6, 5, 20, 20, 10, 14, 10, 8, 11, 3, 6, 11, 19, 5, 8, 11, 3, 19, 7, 7, 10, 19, 2, 16, 4, 7, 16, 8, 8, 2, 10, 17, 1, 7, 17, 15, 6, 1, 5, 8, 8, 17, 10, 16, 14, 6, 17, 2, 1, 10, 6, 17, 1, 3, 8, 8, 20, 3, 15, 20, 9, 18, 20, 18, 7, 10, 20, 17, 8, 16, 15, 19, 7, 16, 14, 16, 10, 17, 1, 20, 15, 11, 15, 17, 16, 5, 6, 3, 1, 15, 16, 14, 14, 9, 4, 4, 13, 5, 17, 3, 2, 19, 9, 1, 2, 9, 2, 18, 9, 18, 20, 1, 3, 13, 19, 5, 12, 13, 14, 3, 11, 18, 16, 2, 11, 10, 9, 6, 12, 2, 3, 8, 15, 18, 14, 5, 3, 6, 1, 15, 18, 13, 13, 9, 19, 5, 18, 9, 19, 13, 14, 12, 12, 16, 15, 20, 12, 15, 12, 6, 18, 4, 4, 13, 18, 4, 1, 4, 2, 4, 2, 13, 19, 10, 17, 14, 4, 9, 4, 9, 12, 12, 14, 12, 13, 7, 12, 13, 7]
bestever    2266    in generation 239
[5, 7, 5, 11, 7, 11, 20, 19, 11, 11, 6, 6, 5, 20, 20, 10, 14, 10, 8, 11, 3, 6, 11, 19, 5, 8, 11, 3, 19, 7, 7, 10, 19, 2, 16, 4, 7, 16, 8, 8, 2, 10, 17, 1, 7, 17, 15, 6, 1, 5, 8, 8, 17, 10, 16, 14, 6, 17, 2, 1, 10, 6, 17, 1, 3, 8, 8, 20, 3, 15, 20, 9, 18, 20, 18, 7, 10, 20, 17, 8, 16, 15, 19, 16, 14, 16, 10, 17, 1, 20, 15, 11, 15, 17, 16, 5, 6, 3, 1, 15, 16, 14, 14, 9, 4, 4, 13, 5, 17, 3, 2, 19, 9, 1, 2, 9, 2, 18, 9, 18, 20, 1, 3, 13, 19, 5, 12, 13, 14, 3, 11, 18, 16, 2, 11, 10, 9, 6, 12, 2, 3, 8, 15, 18, 14, 5, 3, 6, 1, 15, 18, 13, 13, 9, 19, 5, 18, 9, 19, 13, 14, 12, 12, 16, 15, 20, 12, 15, 12, 6, 18, 4, 4, 13, 18, 4, 1, 4, 2, 4, 2, 13, 19, 10, 17, 14, 4, 9, 4, 9, 12, 12, 14, 12, 13, 7, 7, 12, 13, 7]
bestever    2250    in generation 257
[5, 7, 5, 11, 7, 11, 20, 19, 11, 11, 6, 6, 5, 20, 20, 10, 14, 10, 8, 11, 3, 6, 11, 19, 5, 8, 11, 3, 19, 7, 7, 10, 19, 2, 16, 4, 7, 16, 8, 8, 2, 10, 17, 1, 7, 17, 15, 6, 1, 5, 8, 8, 17, 10, 16, 14, 6, 17, 2, 1, 10, 6, 17, 1, 3, 8, 8, 20, 3, 15, 20, 9, 18, 20, 18, 7, 10, 20, 17, 8, 16, 15, 19, 16, 14, 16, 10, 8, 1, 20, 15, 11, 15, 17, 16, 5, 6, 3, 1, 15, 16, 14, 14, 9, 4, 4, 13, 5, 17, 3, 2, 19, 9, 1, 2, 9, 2, 18, 9, 18, 20, 1, 3, 13, 19, 5, 12, 13, 14, 3, 11, 18, 16, 2, 11, 10, 9, 6, 12, 2, 3, 17, 15, 18, 14, 5, 3, 6, 1, 15, 18, 13, 13, 9, 19, 5, 18, 9, 19, 13, 14, 12, 12, 16, 15, 20, 12, 15, 12, 6, 18, 4, 4, 13, 18, 4, 1, 4, 2, 4, 2, 13, 19, 10, 17, 14, 4, 9, 4, 9, 12, 12, 14, 12, 13, 7, 7, 12, 13, 7]
bestever    2248    in generation 266
[5, 7, 5, 11, 7, 11, 20, 19, 11, 11, 6, 6, 5, 20, 20, 10, 14, 10, 8, 11, 3, 6, 11, 19, 5, 8, 11, 3, 19, 7, 7, 10, 19, 2, 16, 4, 7, 16, 8, 8, 2, 10, 17, 1, 7, 17, 15, 6, 1, 5, 8, 8, 17, 10, 16, 14, 6, 17, 17, 1, 10, 6, 17, 1, 3, 8, 8, 20, 3, 15, 20, 9, 18, 20, 18, 7, 10, 20, 17, 8, 16, 15, 19, 16, 14, 16, 10, 8, 1, 20, 15, 11, 15, 17, 16, 5, 6, 3, 1, 15, 16, 14, 14, 9, 4, 4, 13, 5, 2, 3, 2, 19, 9, 1, 2, 9, 2, 18, 9, 18, 20, 1, 3, 13, 19, 5, 12, 13, 14, 3, 11, 18, 16, 2, 11, 10, 9, 6, 12, 2, 3, 17, 15, 18, 14, 5, 3, 6, 1, 15, 18, 13, 13, 9, 19, 5, 18, 9, 19, 13, 14, 12, 12, 16, 15, 20, 12, 15, 12, 6, 18, 4, 4, 13, 18, 4, 1, 4, 2, 4, 2, 13, 19, 10, 17, 14, 4, 9, 4, 9, 12, 12, 14, 12, 13, 7, 7, 12, 13, 7]
bestever    2246    in generation 283
[5, 7, 5, 11, 7, 11, 20, 19, 11, 11, 6, 6, 5, 20, 20, 10, 14, 10, 8, 11, 3, 6, 11, 19, 5, 8, 11, 3, 19, 7, 7, 10, 19, 2, 16, 4, 7, 16, 8, 8, 2, 10, 17, 1, 7, 17, 15, 6, 1, 5, 8, 8, 17, 10, 16, 14, 6, 17, 17, 1, 10, 6, 17, 1, 3, 8, 8, 20, 3, 15, 20, 9, 18, 20, 18, 7, 10, 20, 17, 8, 16, 15, 19, 16, 14, 16, 10, 8, 1, 20, 15, 11, 15, 17, 16, 5, 6, 3, 1, 15, 16, 14, 14, 9, 13, 5, 2, 3, 2, 19, 9, 1, 2, 9, 2, 18, 9, 18, 20, 1, 3, 13, 19, 5, 12, 13, 14, 3, 11, 18, 16, 2, 11, 10, 9, 6, 12, 2, 3, 17, 15, 18, 14, 5, 3, 6, 1, 15, 18, 13, 13, 9, 5, 18, 9, 19, 13, 14, 12, 12, 16, 15, 20, 12, 15, 12, 4, 2, 4, 6, 18, 4, 4, 13, 18, 4, 1, 4, 19, 4, 2, 13, 19, 10, 17, 14, 4, 9, 4, 9, 12, 12, 14, 12, 13, 7, 7, 12, 13, 7]
bestever    2242    in generation 355
[5, 7, 5, 11, 7, 11, 20, 19, 11, 11, 6, 6, 5, 20, 20, 10, 14, 10, 8, 11, 3, 6, 11, 19, 5, 8, 11, 3, 19, 7, 7, 10, 19, 2, 16, 7, 16, 8, 8, 2, 10, 17, 1, 7, 17, 15, 6, 1, 5, 8, 8, 17, 10, 16, 14, 6, 17, 17, 1, 10, 6, 17, 1, 3, 8, 8, 20, 3, 15, 20, 9, 18, 20, 18, 7, 10, 20, 17, 8, 16, 15, 19, 16, 14, 16, 10, 8, 1, 20, 15, 11, 15, 17, 16, 5, 6, 3, 1, 15, 16, 14, 14, 9, 13, 5, 2, 3, 2, 19, 9, 1, 2, 9, 2, 18, 9, 18, 20, 1, 3, 13, 5, 13, 3, 11, 18, 16, 2, 11, 10, 9, 6, 2, 3, 17, 15, 18, 14, 5, 3, 6, 1, 15, 18, 13, 9, 5, 18, 9, 13, 16, 15, 20, 12, 15, 12, 6, 18, 13, 14, 12, 12, 4, 19, 4, 4, 13, 18, 2, 14, 12, 4, 4, 12, 4, 1, 4, 19, 19, 4, 2, 13, 19, 10, 17, 14, 4, 9, 4, 9, 12, 12, 14, 12, 13, 7, 7, 12, 13, 7]
bestever    2227    in generation 370
[5, 7, 5, 11, 7, 11, 20, 19, 11, 11, 6, 6, 5, 20, 20, 10, 14, 10, 8, 11, 3, 6, 11, 19, 5, 8, 11, 3, 19, 7, 7, 10, 19, 2, 16, 7, 16, 8, 8, 2, 10, 17, 1, 7, 17, 15, 6, 1, 5, 8, 8, 17, 10, 16, 14, 6, 17, 17, 1, 10, 17, 1, 3, 8, 8, 20, 3, 15, 20, 9, 18, 20, 18, 7, 10, 20, 17, 8, 16, 15, 19, 16, 14, 16, 10, 8, 1, 20, 15, 11, 15, 17, 16, 6, 3, 1, 16, 14, 9, 13, 2, 3, 2, 19, 9, 1, 2, 9, 2, 18, 9, 18, 20, 1, 3, 13, 5, 3, 11, 18, 16, 2, 11, 10, 9, 6, 2, 3, 17, 15, 14, 5, 6, 15, 5, 18, 13, 14, 5, 3, 6, 1, 15, 18, 13, 9, 5, 18, 9, 13, 16, 15, 20, 12, 15, 12, 6, 18, 13, 14, 12, 12, 4, 19, 4, 4, 13, 18, 2, 14, 12, 4, 4, 12, 4, 1, 4, 19, 19, 4, 2, 13, 19, 10, 17, 14, 4, 9, 4, 9, 12, 12, 14, 12, 13, 7, 7, 12, 13, 7]
bestever    2217    in generation 373
[5, 7, 5, 11, 7, 11, 20, 19, 11, 11, 6, 6, 5, 20, 20, 10, 14, 10, 8, 11, 3, 6, 11, 19, 5, 8, 11, 3, 19, 7, 7, 10, 19, 2, 16, 7, 16, 8, 8, 2, 10, 17, 1, 7, 17, 15, 6, 1, 5, 8, 8, 17, 10, 16, 14, 6, 17, 1, 1, 10, 17, 1, 3, 8, 8, 20, 3, 15, 20, 9, 18, 20, 18, 7, 10, 20, 17, 8, 16, 15, 19, 16, 14, 16, 10, 8, 1, 20, 15, 11, 15, 17, 16, 6, 3, 17, 16, 14, 9, 13, 2, 3, 2, 19, 9, 1, 2, 9, 2, 18, 9, 18, 20, 1, 3, 13, 5, 3, 11, 18, 16, 2, 11, 10, 9, 6, 2, 3, 17, 15, 14, 5, 6, 15, 5, 18, 13, 14, 5, 3, 6, 1, 15, 18, 13, 9, 5, 18, 9, 13, 16, 15, 20, 12, 15, 12, 6, 18, 13, 14, 12, 12, 4, 19, 4, 4, 13, 18, 2, 14, 12, 4, 4, 12, 4, 1, 4, 19, 19, 4, 2, 13, 19, 10, 17, 14, 4, 9, 4, 9, 12, 12, 14, 12, 13, 7, 7, 12, 13, 7]
bestever    2210    in generation 378
[5, 7, 5, 11, 7, 11, 20, 19, 11, 11, 6, 6, 5, 20, 20, 10, 14, 10, 8, 11, 3, 6, 11, 19, 5, 8, 11, 3, 19, 7, 7, 10, 19, 2, 16, 7, 16, 8, 8, 2, 10, 17, 1, 7, 17, 15, 6, 1, 5, 8, 8, 17, 10, 16, 14, 6, 17, 1, 1, 10, 17, 1, 3, 8, 8, 20, 3, 15, 20, 9, 18, 20, 18, 7, 10, 20, 17, 8, 16, 15, 19, 16, 14, 16, 10, 8, 1, 20, 15, 11, 15, 17, 16, 6, 3, 17, 16, 14, 9, 13, 2, 3, 2, 19, 9, 1, 2, 9, 2, 18, 9, 18, 20, 1, 3, 13, 5, 3, 11, 18, 16, 2, 11, 10, 9, 6, 2, 3, 17, 15, 14, 5, 6, 15, 5, 18, 13, 14, 5, 3, 6, 1, 15, 18, 13, 9, 5, 18, 9, 13, 16, 15, 20, 12, 15, 12, 6, 18, 14, 12, 12, 4, 19, 4, 4, 13, 18, 2, 12, 4, 4, 12, 4, 1, 4, 19, 19, 13, 14, 4, 2, 13, 19, 10, 17, 14, 4, 9, 4, 9, 12, 12, 14, 12, 13, 7, 7, 12, 13, 7]
bestever    2206    in generation 397
[5, 7, 5, 11, 7, 11, 20, 19, 11, 11, 6, 6, 5, 20, 20, 10, 14, 10, 8, 11, 3, 6, 11, 19, 5, 8, 11, 3, 19, 7, 10, 19, 2, 16, 16, 8, 8, 2, 10, 17, 1, 17, 15, 6, 1, 5, 8, 8, 17, 10, 16, 14, 6, 17, 1, 1, 10, 17, 1, 3, 8, 8, 20, 3, 15, 20, 9, 18, 20, 18, 10, 20, 17, 8, 16, 15, 19, 16, 14, 16, 10, 8, 1, 20, 15, 11, 15, 17, 16, 6, 3, 17, 16, 14, 9, 13, 2, 3, 2, 19, 9, 1, 2, 9, 2, 18, 9, 18, 20, 1, 3, 13, 5, 3, 11, 18, 16, 2, 11, 10, 9, 6, 7, 2, 3, 17, 15, 14, 5, 6, 15, 5, 18, 13, 14, 5, 3, 6, 1, 15, 18, 13, 9, 5, 18, 9, 16, 15, 20, 12, 15, 12, 6, 18, 14, 12, 4, 4, 4, 12, 12, 12, 19, 4, 13, 18, 2, 12, 4, 4, 1, 4, 19, 19, 13, 14, 4, 2, 13, 19, 10, 17, 14, 4, 9, 4, 9, 14, 12, 13, 7, 7, 12, 13, 7, 7, 7, 12, 13, 7]
bestever    2204    in generation 411
[5, 7, 5, 11, 7, 11, 20, 19, 11, 11, 6, 6, 5, 20, 20, 10, 14, 10, 8, 11, 3, 6, 11, 19, 5, 8, 11, 3, 19, 7, 10, 19, 2, 16, 16, 8, 8, 2, 10, 17, 1, 17, 15, 16, 1, 5, 8, 8, 17, 10, 6, 14, 6, 17, 1, 1, 10, 17, 1, 3, 8, 8, 20, 3, 15, 20, 9, 18, 20, 18, 10, 20, 17, 8, 16, 15, 19, 16, 14, 16, 10, 8, 1, 20, 15, 11, 15, 17, 16, 6, 3, 17, 16, 14, 9, 13, 2, 3, 2, 19, 9, 1, 2, 9, 2, 18, 9, 18, 20, 1, 3, 13, 5, 3, 11, 18, 16, 2, 11, 10, 9, 6, 7, 2, 3, 17, 15, 14, 5, 6, 15, 5, 18, 13, 14, 5, 3, 6, 1, 15, 18, 13, 9, 5, 18, 9, 16, 15, 20, 12, 15, 12, 6, 18, 14, 12, 4, 4, 4, 12, 12, 12, 19, 4, 13, 18, 2, 12, 4, 4, 1, 4, 19, 19, 13, 14, 4, 2, 13, 19, 10, 17, 14, 4, 9, 4, 9, 14, 12, 13, 7, 7, 12, 13, 7, 7, 7, 12, 13, 7]
bestever    2197    in generation 415
[5, 7, 5, 11, 7, 11, 20, 19, 11, 11, 6, 6, 5, 20, 20, 10, 14, 10, 8, 11, 3, 6, 11, 19, 5, 8, 11, 3, 19, 7, 10, 19, 2, 16, 16, 8, 8, 2, 10, 17, 1, 17, 15, 6, 1, 5, 8, 8, 17, 10, 16, 14, 6, 17, 1, 1, 10, 17, 1, 3, 8, 8, 20, 3, 15, 20, 9, 18, 20, 18, 10, 20, 17, 8, 16, 15, 19, 16, 14, 16, 10, 8, 1, 20, 15, 11, 15, 17, 16, 6, 3, 17, 16, 14, 9, 13, 2, 3, 2, 9, 1, 2, 9, 2, 18, 9, 18, 20, 1, 3, 13, 5, 3, 11, 18, 16, 2, 11, 10, 9, 6, 7, 2, 3, 17, 15, 14, 5, 6, 15, 5, 18, 13, 5, 3, 6, 1, 15, 18, 9, 5, 18, 9, 16, 15, 20, 15, 6, 18, 14, 12, 12, 12, 4, 19, 13, 14, 4, 4, 12, 12, 12, 19, 4, 13, 18, 2, 12, 4, 4, 1, 4, 19, 19, 13, 14, 4, 2, 13, 19, 10, 17, 14, 4, 9, 4, 9, 14, 12, 13, 7, 7, 12, 13, 7, 7, 7, 12, 13, 7]
bestever    2195    in generation 431
[5, 5, 11, 11, 20, 19, 11, 11, 6, 6, 5, 20, 20, 10, 14, 10, 8, 11, 3, 6, 11, 19, 8, 11, 3, 19, 10, 19, 2, 16, 16, 8, 8, 2, 10, 17, 1, 17, 15, 6, 1, 8, 8, 17, 10, 16, 14, 6, 17, 1, 1, 10, 17, 1, 3, 8, 8, 20, 3, 15, 20, 9, 18, 20, 18, 10, 20, 17, 8, 16, 15, 19, 16, 14, 16, 5, 5, 7, 7, 7, 10, 8, 1, 20, 15, 11, 15, 17, 16, 6, 3, 17, 16, 14, 9, 13, 2, 3, 2, 9, 1, 2, 9, 2, 18, 9, 18, 20, 1, 3, 13, 5, 3, 11, 18, 16, 2, 11, 10, 9, 6, 7, 2, 3, 17, 15, 14, 5, 6, 15, 5, 18, 13, 5, 3, 6, 1, 15, 18, 9, 5, 18, 9, 16, 15, 20, 15, 6, 18, 14, 12, 12, 12, 4, 19, 13, 14, 4, 4, 12, 12, 12, 19, 4, 13, 18, 2, 12, 4, 4, 1, 4, 19, 19, 13, 14, 4, 2, 13, 19, 10, 17, 14, 4, 9, 4, 9, 14, 12, 13, 7, 7, 12, 13, 7, 7, 7, 12, 13, 7]
bestever    2194    in generation 432
[5, 7, 5, 11, 7, 11, 20, 19, 11, 11, 6, 6, 5, 20, 20, 10, 14, 10, 8, 11, 3, 6, 11, 19, 5, 8, 11, 3, 19, 7, 10, 19, 2, 16, 16, 8, 8, 2, 10, 17, 1, 17, 15, 6, 1, 4, 8, 8, 17, 10, 16, 14, 6, 17, 1, 1, 10, 17, 1, 3, 8, 8, 20, 3, 15, 20, 9, 18, 20, 18, 10, 20, 17, 8, 16, 15, 19, 16, 14, 16, 10, 8, 1, 20, 15, 11, 15, 17, 16, 6, 3, 17, 16, 14, 9, 13, 2, 3, 2, 9, 1, 2, 9, 2, 18, 9, 18, 20, 1, 3, 13, 5, 3, 11, 18, 16, 2, 11, 10, 9, 6, 7, 2, 3, 17, 15, 14, 5, 6, 15, 5, 18, 13, 5, 3, 6, 1, 15, 18, 9, 5, 18, 9, 16, 15, 20, 15, 6, 18, 14, 12, 12, 12, 4, 19, 13, 14, 4, 4, 12, 12, 12, 19, 4, 13, 18, 2, 12, 4, 5, 1, 4, 19, 19, 13, 14, 4, 2, 13, 19, 10, 17, 14, 4, 9, 4, 9, 14, 12, 13, 7, 7, 12, 13, 7, 7, 7, 12, 13, 7]
bestever    2174    in generation 433
[5, 7, 5, 11, 7, 11, 20, 19, 11, 11, 6, 6, 5, 20, 20, 10, 14, 10, 8, 11, 3, 6, 11, 19, 5, 8, 11, 3, 19, 7, 10, 19, 2, 16, 16, 8, 8, 2, 10, 17, 1, 17, 15, 6, 1, 5, 8, 8, 17, 10, 16, 14, 6, 17, 1, 1, 10, 17, 1, 3, 8, 8, 20, 3, 15, 20, 9, 18, 20, 18, 10, 20, 17, 8, 16, 15, 19, 16, 14, 16, 10, 8, 1, 20, 15, 11, 15, 17, 16, 6, 3, 17, 16, 14, 9, 13, 2, 3, 2, 9, 1, 2, 5, 2, 18, 9, 18, 20, 1, 3, 13, 5, 3, 11, 18, 16, 2, 11, 10, 9, 6, 7, 2, 3, 17, 15, 14, 5, 6, 15, 5, 18, 13, 9, 3, 6, 1, 15, 18, 9, 5, 18, 9, 16, 15, 20, 15, 6, 18, 14, 12, 12, 12, 4, 19, 13, 14, 4, 4, 12, 12, 12, 19, 4, 13, 18, 2, 12, 4, 4, 1, 4, 19, 19, 13, 14, 4, 2, 13, 19, 10, 17, 14, 4, 9, 4, 9, 14, 12, 13, 7, 7, 12, 13, 7, 7, 7, 12, 13, 7]
bestever    2141    in generation 458
[5, 5, 11, 11, 20, 19, 11, 11, 6, 6, 5, 20, 20, 10, 14, 10, 8, 11, 3, 6, 11, 19, 5, 8, 11, 3, 19, 7, 10, 19, 2, 16, 16, 8, 8, 2, 10, 17, 1, 17, 15, 6, 1, 5, 8, 8, 17, 10, 16, 14, 6, 17, 1, 1, 10, 17, 1, 3, 8, 8, 20, 3, 15, 20, 9, 18, 20, 18, 10, 20, 17, 8, 16, 15, 19, 16, 14, 16, 10, 8, 1, 20, 15, 11, 15, 17, 16, 6, 3, 17, 16, 14, 9, 13, 2, 3, 2, 9, 1, 2, 5, 2, 18, 9, 18, 20, 1, 3, 13, 5, 3, 11, 18, 16, 2, 11, 10, 9, 6, 7, 2, 3, 17, 15, 14, 5, 6, 15, 5, 18, 13, 9, 3, 6, 1, 15, 18, 9, 5, 18, 9, 16, 15, 20, 15, 6, 18, 14, 12, 12, 12, 4, 19, 13, 14, 4, 4, 12, 12, 12, 19, 4, 13, 18, 2, 4, 4, 1, 4, 19, 19, 14, 4, 7, 7, 12, 13, 2, 13, 19, 10, 17, 14, 4, 9, 4, 9, 14, 12, 13, 7, 7, 12, 13, 7, 7, 7, 12, 13, 7]
bestever    2125    in generation 464
[5, 5, 11, 11, 20, 19, 11, 11, 6, 6, 5, 20, 20, 10, 14, 10, 8, 11, 3, 6, 11, 19, 5, 8, 11, 3, 19, 10, 19, 2, 16, 16, 8, 8, 2, 10, 17, 1, 17, 15, 6, 1, 5, 8, 8, 17, 10, 16, 14, 6, 17, 1, 1, 10, 17, 1, 3, 8, 8, 20, 3, 15, 20, 9, 18, 20, 18, 10, 7, 20, 17, 8, 16, 15, 19, 16, 14, 16, 10, 8, 1, 20, 15, 11, 15, 17, 16, 6, 3, 17, 16, 14, 9, 13, 2, 3, 2, 9, 1, 2, 5, 2, 18, 9, 18, 20, 1, 3, 13, 5, 3, 11, 18, 16, 2, 11, 10, 9, 6, 7, 2, 3, 17, 15, 14, 5, 6, 15, 5, 18, 13, 9, 3, 6, 1, 15, 18, 9, 5, 18, 9, 16, 15, 20, 15, 6, 18, 14, 12, 12, 12, 4, 19, 13, 14, 4, 4, 12, 12, 12, 19, 4, 13, 18, 2, 4, 4, 1, 4, 19, 19, 14, 4, 7, 7, 12, 13, 2, 13, 19, 10, 17, 14, 4, 9, 4, 9, 14, 12, 13, 7, 7, 12, 13, 7, 7, 7, 12, 13, 7]
bestever    2095    in generation 475
[5, 5, 11, 6, 20, 19, 11, 11, 6, 6, 5, 20, 20, 10, 14, 10, 8, 11, 3, 6, 11, 19, 5, 8, 11, 3, 19, 10, 19, 2, 16, 16, 8, 8, 2, 10, 17, 1, 17, 15, 11, 1, 5, 8, 8, 17, 10, 16, 14, 6, 17, 1, 1, 10, 17, 1, 3, 8, 8, 20, 3, 15, 20, 9, 18, 20, 18, 10, 7, 20, 17, 8, 16, 15, 19, 16, 14, 16, 10, 8, 1, 20, 15, 11, 15, 17, 16, 6, 3, 17, 16, 14, 9, 13, 2, 3, 2, 9, 1, 2, 5, 2, 18, 9, 18, 20, 1, 3, 13, 5, 3, 11, 18, 16, 2, 11, 10, 9, 6, 7, 2, 3, 17, 15, 14, 5, 6, 15, 5, 18, 13, 9, 3, 6, 1, 15, 18, 9, 5, 18, 9, 16, 15, 20, 15, 6, 18, 14, 12, 12, 12, 4, 19, 13, 14, 4, 4, 12, 12, 12, 19, 4, 13, 18, 2, 4, 4, 1, 4, 19, 19, 14, 4, 7, 7, 12, 13, 2, 13, 19, 10, 17, 14, 4, 9, 4, 9, 14, 12, 13, 7, 7, 12, 13, 7, 7, 7, 12, 13, 7]
bestever    2092    in generation 477
[5, 5, 11, 11, 20, 19, 11, 11, 6, 6, 5, 20, 20, 10, 14, 10, 8, 11, 3, 6, 11, 19, 5, 8, 11, 3, 19, 10, 19, 2, 16, 16, 8, 8, 11, 10, 17, 1, 17, 15, 6, 1, 5, 8, 8, 17, 10, 16, 14, 6, 17, 1, 1, 10, 17, 1, 3, 8, 8, 20, 3, 15, 20, 9, 18, 20, 18, 10, 7, 20, 17, 8, 16, 15, 19, 16, 14, 16, 10, 8, 1, 20, 15, 11, 15, 17, 16, 6, 3, 17, 16, 14, 9, 13, 2, 3, 2, 9, 1, 2, 5, 2, 18, 9, 18, 20, 1, 3, 13, 5, 3, 2, 18, 16, 2, 11, 10, 9, 6, 7, 2, 3, 17, 15, 14, 5, 6, 15, 5, 18, 13, 9, 3, 6, 1, 15, 18, 9, 5, 18, 9, 16, 15, 20, 15, 6, 18, 14, 12, 12, 12, 4, 19, 13, 14, 4, 4, 12, 12, 12, 19, 4, 13, 18, 2, 4, 4, 1, 4, 19, 19, 14, 4, 7, 7, 12, 13, 2, 13, 19, 10, 17, 14, 4, 9, 4, 9, 14, 12, 13, 7, 7, 12, 13, 7, 7, 7, 12, 13, 7]
bestever    2089    in generation 784
[5, 5, 11, 6, 19, 11, 11, 6, 6, 5, 20, 20, 20, 10, 14, 10, 8, 11, 3, 6, 11, 19, 5, 8, 11, 3, 19, 10, 19, 2, 16, 16, 8, 8, 6, 10, 17, 1, 17, 15, 11, 1, 5, 8, 8, 17, 10, 16, 14, 6, 17, 1, 1, 10, 17, 1, 3, 8, 8, 20, 3, 12, 15, 20, 10, 18, 20, 18, 10, 20, 17, 8, 16, 15, 19, 16, 14, 16, 10, 8, 1, 20, 15, 11, 15, 17, 16, 2, 3, 17, 16, 14, 9, 13, 2, 3, 2, 1, 2, 5, 2, 18, 18, 20, 3, 5, 3, 11, 16, 2, 11, 10, 9, 6, 2, 3, 17, 14, 7, 7, 5, 15, 5, 9, 6, 1, 15, 18, 9, 18, 9, 3, 6, 1, 15, 18, 9, 5, 18, 9, 16, 15, 20, 15, 6, 18, 14, 12, 4, 19, 14, 4, 4, 12, 19, 4, 13, 18, 2, 4, 12, 13, 13, 12, 4, 1, 4, 19, 19, 14, 4, 12, 13, 2, 13, 19, 9, 17, 14, 4, 9, 4, 9, 14, 12, 13, 13, 7, 12, 7, 7, 7, 7, 12, 7, 7, 12, 13, 13, 7]
bestever    2087    in generation 788
[5, 5, 11, 6, 19, 11, 11, 6, 6, 5, 20, 20, 20, 10, 14, 10, 8, 11, 3, 6, 11, 19, 5, 8, 11, 3, 19, 10, 19, 2, 16, 16, 8, 8, 6, 10, 17, 1, 17, 15, 11, 1, 5, 8, 8, 17, 10, 16, 14, 6, 17, 1, 1, 10, 17, 1, 3, 8, 8, 20, 3, 12, 15, 20, 10, 18, 20, 18, 10, 20, 17, 8, 16, 15, 19, 16, 14, 16, 10, 8, 1, 20, 15, 11, 15, 17, 16, 2, 3, 17, 16, 14, 9, 2, 3, 2, 1, 2, 5, 2, 18, 18, 20, 3, 5, 3, 11, 16, 2, 11, 10, 9, 6, 2, 3, 17, 14, 7, 7, 5, 15, 5, 9, 6, 1, 15, 18, 9, 18, 9, 3, 6, 1, 15, 18, 9, 5, 18, 9, 16, 15, 20, 15, 6, 18, 4, 19, 14, 4, 4, 12, 18, 2, 12, 13, 13, 12, 4, 19, 14, 4, 12, 13, 13, 4, 1, 4, 19, 19, 14, 4, 12, 13, 2, 13, 19, 9, 17, 14, 4, 9, 4, 9, 14, 12, 13, 13, 7, 12, 7, 7, 7, 7, 12, 7, 7, 12, 13, 13, 7]
bestever    2081    in generation 893
[5, 5, 11, 6, 19, 11, 11, 6, 6, 5, 20, 20, 20, 10, 14, 10, 8, 11, 3, 6, 11, 19, 5, 8, 11, 3, 19, 10, 19, 2, 16, 16, 8, 8, 6, 10, 17, 1, 17, 15, 11, 1, 5, 8, 8, 17, 10, 16, 14, 17, 1, 3, 8, 8, 20, 3, 12, 15, 20, 10, 18, 20, 18, 10, 20, 17, 8, 16, 15, 19, 16, 14, 6, 17, 1, 1, 10, 16, 10, 7, 1, 20, 15, 11, 15, 17, 16, 2, 3, 17, 16, 14, 9, 2, 3, 2, 1, 2, 5, 2, 18, 18, 20, 3, 5, 3, 11, 16, 2, 11, 10, 9, 6, 2, 3, 17, 14, 7, 8, 5, 15, 5, 9, 6, 1, 15, 18, 9, 18, 9, 3, 6, 1, 15, 18, 9, 5, 18, 9, 16, 15, 20, 15, 6, 18, 4, 19, 14, 4, 4, 12, 18, 2, 12, 13, 13, 12, 4, 19, 14, 4, 12, 13, 13, 4, 1, 4, 19, 19, 14, 4, 12, 13, 2, 13, 19, 9, 17, 14, 4, 9, 4, 9, 14, 12, 13, 13, 7, 12, 7, 7, 7, 7, 12, 7, 7, 12, 13, 13, 7]
bestever    2078    in generation 902
[5, 5, 11, 6, 19, 11, 11, 6, 6, 5, 20, 20, 20, 10, 14, 10, 8, 11, 3, 6, 11, 19, 5, 8, 11, 3, 19, 10, 19, 2, 16, 16, 8, 8, 6, 10, 17, 1, 17, 15, 11, 1, 5, 8, 8, 17, 10, 16, 14, 17, 1, 3, 8, 8, 20, 3, 12, 15, 20, 10, 18, 20, 18, 10, 20, 17, 8, 16, 15, 19, 16, 14, 6, 17, 1, 1, 10, 16, 10, 7, 1, 20, 15, 11, 15, 17, 16, 2, 3, 17, 16, 14, 9, 2, 3, 2, 1, 2, 5, 2, 18, 18, 20, 3, 5, 3, 11, 16, 2, 11, 10, 9, 6, 2, 3, 17, 14, 8, 5, 15, 9, 6, 1, 15, 9, 5, 18, 9, 18, 9, 3, 6, 1, 15, 18, 9, 5, 18, 9, 16, 15, 20, 15, 6, 18, 4, 19, 14, 4, 4, 12, 18, 2, 12, 13, 13, 12, 4, 19, 14, 4, 12, 13, 13, 4, 1, 4, 19, 19, 14, 4, 12, 13, 2, 13, 19, 9, 17, 14, 4, 9, 4, 14, 12, 13, 13, 7, 12, 7, 7, 7, 7, 12, 7, 7, 12, 13, 13, 7, 7]
bestever    2068    in generation 923
[5, 5, 11, 6, 19, 11, 11, 6, 6, 5, 20, 20, 20, 10, 14, 10, 8, 11, 3, 6, 11, 19, 5, 8, 11, 3, 19, 10, 19, 2, 16, 16, 8, 8, 6, 10, 17, 1, 17, 15, 11, 1, 5, 8, 8, 17, 10, 16, 14, 17, 1, 3, 8, 8, 20, 3, 12, 15, 20, 10, 18, 20, 18, 10, 20, 17, 8, 16, 15, 19, 16, 14, 6, 17, 1, 1, 10, 16, 10, 7, 1, 20, 15, 11, 15, 17, 16, 2, 3, 17, 16, 14, 9, 2, 3, 2, 1, 2, 5, 2, 18, 18, 20, 3, 5, 3, 11, 16, 2, 11, 10, 9, 6, 2, 3, 17, 14, 8, 5, 15, 9, 6, 1, 15, 9, 5, 18, 9, 18, 9, 3, 6, 1, 15, 18, 9, 5, 18, 9, 16, 15, 20, 15, 6, 18, 4, 19, 14, 4, 4, 12, 18, 2, 12, 13, 13, 12, 4, 19, 14, 4, 12, 7, 13, 4, 1, 4, 19, 19, 14, 4, 12, 13, 2, 13, 19, 9, 17, 14, 4, 9, 4, 14, 12, 13, 13, 7, 12, 7, 7, 7, 7, 12, 7, 13, 12, 13, 13, 7, 7]
bestever    2060    in generation 931
[5, 5, 11, 6, 19, 11, 11, 6, 6, 5, 20, 20, 20, 10, 14, 10, 8, 11, 3, 6, 11, 19, 5, 8, 11, 3, 19, 10, 19, 2, 16, 16, 8, 8, 6, 10, 17, 1, 17, 15, 11, 1, 5, 8, 8, 17, 10, 16, 14, 17, 1, 3, 8, 8, 20, 3, 12, 15, 20, 10, 18, 20, 18, 10, 20, 17, 8, 16, 15, 19, 16, 14, 6, 17, 1, 1, 10, 16, 10, 7, 3, 20, 15, 11, 15, 17, 16, 2, 1, 17, 16, 14, 9, 2, 3, 2, 1, 2, 5, 2, 18, 18, 20, 3, 5, 3, 11, 16, 2, 11, 10, 9, 6, 2, 3, 17, 14, 8, 5, 15, 9, 6, 1, 15, 9, 5, 18, 9, 18, 9, 3, 6, 1, 15, 18, 9, 5, 18, 9, 16, 15, 20, 15, 6, 18, 4, 19, 14, 4, 4, 12, 18, 2, 12, 13, 13, 12, 4, 19, 14, 4, 12, 7, 13, 4, 1, 4, 19, 19, 14, 4, 12, 13, 2, 13, 19, 9, 17, 14, 4, 9, 4, 14, 12, 13, 13, 7, 12, 7, 7, 7, 7, 12, 7, 13, 12, 13, 13, 7, 7]
bestever    2036    in generation 950
[5, 5, 11, 6, 19, 11, 11, 6, 6, 5, 20, 20, 20, 10, 14, 10, 8, 11, 3, 6, 11, 19, 5, 8, 11, 3, 19, 10, 19, 2, 16, 16, 8, 8, 6, 10, 17, 1, 17, 15, 11, 1, 5, 8, 8, 17, 10, 16, 14, 17, 1, 7, 8, 8, 20, 3, 12, 15, 20, 10, 18, 20, 18, 10, 20, 17, 8, 16, 15, 19, 16, 14, 19, 17, 1, 1, 10, 16, 10, 3, 3, 20, 15, 11, 15, 17, 16, 2, 1, 17, 16, 14, 9, 2, 3, 2, 1, 2, 5, 2, 18, 18, 20, 3, 5, 3, 11, 16, 2, 11, 10, 9, 6, 2, 3, 17, 14, 8, 5, 15, 9, 6, 1, 15, 9, 5, 18, 9, 18, 9, 3, 6, 1, 15, 18, 9, 5, 18, 9, 16, 15, 20, 15, 6, 18, 4, 6, 14, 4, 4, 12, 18, 2, 12, 13, 13, 12, 4, 19, 14, 4, 12, 4, 1, 4, 19, 19, 14, 4, 12, 2, 13, 19, 9, 17, 14, 4, 9, 4, 14, 13, 13, 7, 12, 13, 13, 7, 12, 7, 7, 7, 7, 12, 7, 13, 12, 13, 13, 7, 7]
bestever    2031    in generation 975
[5, 5, 11, 6, 19, 11, 11, 6, 6, 5, 20, 20, 20, 10, 14, 10, 8, 11, 3, 6, 11, 19, 5, 8, 11, 3, 19, 10, 19, 2, 16, 16, 8, 8, 6, 10, 17, 1, 17, 15, 11, 1, 5, 8, 8, 17, 10, 16, 4, 17, 1, 7, 8, 8, 20, 3, 12, 15, 20, 10, 18, 20, 18, 10, 20, 17, 8, 16, 15, 19, 16, 14, 19, 17, 1, 1, 10, 16, 10, 3, 3, 20, 15, 11, 15, 17, 16, 2, 1, 17, 16, 14, 9, 2, 3, 2, 1, 2, 5, 2, 18, 18, 20, 3, 5, 3, 11, 16, 2, 11, 10, 9, 6, 2, 3, 17, 14, 8, 5, 15, 9, 6, 1, 15, 9, 5, 18, 9, 18, 9, 3, 6, 1, 15, 18, 9, 5, 18, 9, 16, 15, 20, 15, 6, 18, 4, 6, 14, 4, 4, 12, 18, 2, 12, 13, 13, 12, 4, 19, 14, 14, 12, 4, 1, 4, 19, 19, 14, 4, 12, 2, 13, 19, 9, 17, 14, 4, 9, 4, 14, 13, 13, 7, 12, 13, 13, 7, 12, 7, 7, 7, 7, 12, 7, 13, 12, 13, 13, 7, 7]
bestever    2028    in generation 1050
[5, 5, 11, 6, 19, 11, 11, 6, 6, 5, 20, 20, 20, 10, 14, 10, 8, 11, 3, 6, 11, 19, 5, 8, 11, 3, 19, 10, 19, 2, 16, 16, 8, 8, 6, 10, 17, 1, 17, 15, 11, 1, 5, 8, 8, 17, 10, 16, 4, 17, 1, 7, 8, 8, 20, 3, 12, 15, 20, 10, 18, 20, 18, 10, 20, 17, 8, 16, 15, 19, 16, 14, 19, 17, 1, 1, 10, 16, 10, 3, 3, 20, 15, 11, 15, 17, 16, 2, 1, 17, 16, 14, 9, 2, 3, 2, 1, 2, 5, 2, 18, 18, 20, 3, 5, 3, 11, 16, 2, 11, 10, 9, 6, 2, 3, 17, 14, 8, 5, 15, 9, 6, 1, 15, 9, 5, 18, 9, 18, 9, 3, 6, 1, 15, 18, 9, 5, 18, 9, 16, 15, 20, 15, 6, 18, 4, 6, 14, 4, 4, 12, 18, 2, 12, 13, 13, 12, 4, 19, 14, 14, 12, 4, 1, 4, 19, 19, 14, 4, 12, 2, 13, 19, 9, 17, 14, 4, 9, 4, 14, 13, 13, 7, 12, 13, 13, 7, 12, 7, 7, 7, 12, 7, 7, 13, 7, 7, 13, 12, 13]
bestever    2021    in generation 1065
[5, 5, 11, 6, 19, 11, 11, 6, 6, 5, 20, 20, 20, 10, 14, 10, 8, 11, 3, 6, 11, 19, 5, 8, 11, 3, 19, 10, 19, 2, 16, 16, 8, 8, 6, 10, 17, 1, 17, 15, 11, 1, 5, 8, 8, 17, 10, 16, 4, 17, 1, 7, 8, 8, 20, 3, 12, 15, 20, 10, 18, 20, 18, 10, 20, 17, 8, 16, 15, 19, 16, 14, 17, 1, 1, 10, 16, 10, 3, 3, 20, 15, 11, 15, 17, 16, 2, 1, 17, 16, 14, 9, 2, 3, 2, 1, 2, 5, 2, 18, 18, 20, 3, 5, 3, 11, 16, 2, 11, 10, 9, 6, 2, 3, 17, 14, 8, 5, 15, 9, 6, 1, 15, 9, 5, 18, 9, 18, 9, 3, 6, 1, 15, 18, 9, 5, 18, 9, 16, 15, 20, 15, 6, 18, 4, 6, 14, 12, 18, 2, 12, 13, 13, 12, 4, 19, 14, 14, 12, 4, 4, 19, 4, 1, 4, 19, 19, 14, 4, 12, 2, 13, 19, 9, 17, 14, 4, 9, 4, 14, 13, 13, 7, 12, 13, 13, 7, 12, 7, 7, 7, 12, 7, 7, 13, 7, 7, 13, 12, 13]
bestever    2009    in generation 1079
[5, 5, 11, 6, 19, 11, 11, 6, 6, 5, 20, 20, 20, 10, 14, 10, 8, 11, 3, 6, 11, 19, 5, 8, 11, 3, 19, 10, 19, 2, 16, 16, 8, 8, 6, 10, 17, 1, 17, 15, 11, 1, 5, 8, 8, 17, 10, 16, 4, 17, 1, 8, 8, 20, 3, 12, 15, 20, 10, 18, 20, 18, 10, 20, 17, 8, 16, 15, 19, 16, 14, 6, 17, 1, 1, 10, 16, 10, 3, 3, 20, 15, 11, 15, 17, 16, 2, 1, 17, 16, 14, 9, 2, 3, 2, 1, 2, 5, 2, 18, 18, 20, 3, 5, 3, 11, 16, 2, 11, 10, 9, 6, 2, 3, 17, 14, 8, 5, 15, 9, 6, 1, 15, 9, 5, 18, 9, 18, 9, 3, 6, 1, 15, 18, 9, 5, 18, 9, 16, 15, 20, 15, 6, 18, 4, 19, 14, 4, 4, 12, 18, 2, 12, 13, 13, 12, 4, 19, 14, 14, 12, 4, 1, 4, 19, 19, 14, 4, 2, 13, 19, 9, 17, 14, 12, 7, 4, 9, 4, 14, 13, 13, 7, 12, 13, 13, 7, 12, 7, 7, 7, 12, 7, 7, 13, 7, 7, 13, 12, 13]
bestever    2005    in generation 1107
[11, 6, 6, 5, 11, 6, 11, 19, 5, 5, 20, 20, 20, 10, 14, 10, 8, 11, 3, 6, 11, 19, 5, 8, 11, 3, 19, 10, 19, 2, 16, 16, 8, 8, 6, 10, 17, 1, 17, 15, 11, 1, 5, 8, 8, 17, 10, 16, 4, 17, 1, 8, 8, 20, 3, 12, 15, 20, 10, 18, 20, 18, 10, 20, 17, 8, 16, 15, 19, 16, 14, 6, 17, 1, 1, 10, 16, 10, 3, 3, 20, 15, 11, 15, 17, 16, 2, 1, 17, 16, 14, 9, 2, 3, 2, 1, 2, 5, 2, 18, 18, 20, 3, 5, 3, 11, 16, 2, 11, 10, 9, 6, 2, 3, 17, 14, 8, 5, 15, 9, 6, 1, 15, 9, 5, 18, 9, 18, 9, 3, 6, 1, 15, 18, 9, 5, 18, 9, 16, 15, 20, 15, 6, 18, 4, 19, 14, 4, 4, 12, 18, 2, 12, 13, 13, 12, 4, 19, 14, 14, 12, 4, 1, 4, 19, 19, 14, 4, 2, 13, 19, 9, 17, 14, 12, 7, 4, 9, 4, 14, 13, 13, 7, 12, 13, 13, 7, 12, 7, 7, 7, 12, 7, 7, 13, 7, 7, 13, 12, 13]
bestever    1975    in generation 1111
[11, 6, 6, 5, 11, 6, 11, 19, 5, 5, 20, 20, 20, 10, 14, 10, 8, 11, 3, 6, 11, 19, 5, 8, 11, 3, 19, 10, 19, 2, 16, 16, 8, 8, 6, 10, 17, 1, 17, 15, 11, 1, 5, 8, 8, 17, 10, 16, 4, 17, 1, 8, 8, 20, 3, 12, 15, 20, 10, 18, 20, 18, 10, 20, 17, 8, 16, 15, 19, 16, 9, 6, 17, 1, 1, 10, 16, 10, 3, 3, 20, 15, 11, 15, 17, 16, 2, 1, 17, 16, 14, 9, 2, 3, 2, 1, 2, 5, 2, 18, 18, 20, 3, 5, 3, 11, 16, 2, 11, 10, 9, 6, 2, 3, 17, 14, 8, 5, 15, 9, 6, 1, 15, 14, 5, 18, 9, 18, 9, 3, 6, 1, 15, 18, 9, 5, 18, 9, 16, 15, 20, 15, 6, 18, 4, 19, 14, 4, 4, 12, 18, 2, 12, 13, 13, 12, 4, 19, 14, 14, 12, 4, 1, 4, 19, 19, 14, 4, 2, 13, 19, 9, 17, 14, 12, 7, 4, 9, 4, 14, 13, 13, 7, 12, 13, 13, 7, 12, 7, 7, 7, 12, 7, 7, 13, 7, 7, 13, 12, 13]
bestever    1964    in generation 1410
[11, 6, 6, 5, 11, 6, 11, 19, 5, 11, 5, 20, 20, 20, 10, 14, 10, 8, 11, 3, 6, 11, 19, 5, 8, 11, 3, 19, 10, 19, 2, 11, 16, 16, 8, 8, 6, 10, 17, 1, 17, 15, 20, 1, 5, 8, 8, 17, 10, 16, 4, 17, 1, 8, 8, 20, 3, 12, 15, 20, 10, 18, 18, 10, 20, 17, 8, 16, 15, 19, 16, 9, 6, 17, 1, 1, 10, 16, 10, 3, 3, 20, 15, 11, 15, 17, 16, 2, 1, 17, 16, 14, 9, 2, 3, 2, 1, 19, 2, 5, 2, 18, 18, 20, 3, 5, 3, 11, 16, 2, 10, 9, 6, 2, 4, 3, 17, 14, 8, 5, 15, 9, 6, 1, 15, 14, 5, 18, 9, 18, 9, 3, 6, 1, 15, 18, 9, 5, 18, 9, 16, 15, 20, 15, 6, 18, 4, 19, 14, 4, 4, 12, 18, 2, 12, 13, 12, 4, 19, 14, 14, 4, 1, 4, 19, 14, 4, 12, 13, 2, 13, 19, 9, 17, 14, 12, 7, 9, 4, 14, 13, 7, 13, 12, 13, 13, 7, 12, 7, 7, 7, 7, 12, 7, 13, 7, 7, 13, 12, 13]
bestever    1945    in generation 1480
[11, 6, 6, 5, 11, 6, 11, 19, 5, 11, 5, 20, 20, 20, 10, 14, 10, 8, 11, 3, 6, 11, 19, 5, 8, 11, 3, 19, 10, 19, 2, 11, 16, 16, 8, 8, 6, 10, 17, 1, 17, 15, 20, 1, 5, 8, 8, 17, 10, 16, 4, 17, 1, 8, 8, 20, 3, 12, 15, 20, 2, 18, 18, 10, 20, 17, 8, 16, 15, 19, 16, 9, 6, 17, 1, 1, 10, 16, 10, 3, 3, 20, 15, 11, 15, 17, 16, 2, 1, 17, 16, 14, 9, 10, 3, 2, 1, 19, 2, 5, 2, 18, 18, 20, 3, 5, 3, 11, 16, 2, 10, 9, 6, 2, 4, 3, 17, 14, 8, 5, 15, 9, 6, 1, 15, 14, 5, 18, 9, 18, 9, 3, 6, 1, 15, 18, 9, 5, 18, 9, 16, 15, 20, 15, 6, 18, 4, 19, 14, 4, 4, 12, 18, 2, 12, 13, 12, 4, 19, 14, 14, 4, 1, 4, 19, 14, 4, 12, 13, 2, 13, 19, 9, 17, 14, 12, 7, 9, 4, 14, 13, 7, 13, 12, 13, 13, 7, 12, 7, 7, 7, 7, 12, 7, 13, 7, 7, 13, 12, 13]
bestever    1932    in generation 1719
[11, 6, 6, 5, 11, 6, 11, 19, 5, 11, 5, 20, 20, 20, 10, 14, 10, 8, 11, 3, 6, 11, 19, 5, 8, 11, 3, 19, 10, 19, 2, 11, 16, 16, 8, 8, 6, 10, 17, 1, 17, 15, 20, 1, 5, 8, 8, 17, 10, 16, 4, 17, 1, 8, 8, 20, 3, 12, 15, 20, 2, 18, 10, 20, 17, 8, 16, 15, 19, 16, 9, 6, 17, 1, 1, 10, 16, 10, 3, 3, 20, 15, 11, 15, 17, 16, 2, 1, 17, 16, 14, 7, 10, 3, 2, 1, 19, 3, 5, 2, 20, 2, 5, 3, 11, 16, 2, 10, 6, 2, 4, 3, 17, 14, 8, 5, 6, 18, 15, 14, 5, 3, 2, 18, 9, 9, 1, 15, 18, 9, 18, 9, 18, 9, 1, 15, 18, 9, 5, 7, 18, 9, 16, 15, 20, 15, 6, 18, 4, 19, 14, 4, 4, 12, 18, 6, 12, 13, 12, 4, 19, 14, 14, 4, 1, 4, 19, 14, 4, 12, 13, 2, 13, 19, 9, 17, 14, 12, 9, 4, 14, 13, 7, 13, 12, 13, 13, 7, 12, 7, 7, 7, 12, 7, 13, 7, 7, 13, 12, 13]
bestever    1931    in generation 1898
[11, 6, 6, 5, 11, 6, 11, 19, 5, 11, 5, 20, 20, 20, 10, 14, 10, 8, 11, 3, 6, 11, 19, 5, 8, 11, 3, 19, 10, 19, 2, 11, 16, 16, 8, 8, 6, 10, 17, 1, 17, 15, 20, 1, 5, 8, 8, 17, 10, 16, 4, 17, 1, 8, 8, 20, 3, 12, 15, 20, 2, 18, 10, 20, 17, 8, 16, 15, 19, 16, 9, 6, 17, 1, 1, 10, 16, 10, 3, 3, 20, 15, 11, 15, 17, 16, 2, 1, 17, 16, 14, 10, 3, 2, 1, 14, 3, 5, 2, 20, 2, 5, 3, 11, 16, 2, 10, 6, 2, 4, 3, 17, 14, 8, 5, 6, 18, 15, 14, 5, 3, 2, 18, 9, 9, 1, 15, 18, 9, 18, 9, 18, 9, 1, 15, 18, 9, 5, 18, 9, 16, 15, 20, 15, 6, 18, 4, 19, 14, 4, 4, 12, 18, 6, 12, 13, 12, 4, 19, 19, 14, 4, 1, 4, 19, 14, 4, 12, 2, 19, 9, 17, 14, 7, 9, 4, 14, 13, 13, 13, 7, 12, 7, 13, 12, 13, 13, 7, 12, 7, 7, 7, 12, 7, 13, 7, 7, 13, 12, 13]
bestever    1925    in generation 1925
[11, 6, 6, 5, 11, 6, 11, 19, 5, 11, 5, 20, 20, 20, 10, 14, 10, 8, 11, 3, 6, 11, 19, 5, 8, 11, 3, 19, 10, 19, 2, 11, 16, 16, 8, 8, 6, 10, 17, 1, 17, 15, 20, 1, 5, 8, 8, 17, 10, 16, 4, 17, 1, 8, 8, 20, 3, 12, 15, 20, 2, 18, 10, 20, 17, 8, 16, 15, 19, 16, 9, 6, 17, 1, 1, 10, 16, 10, 3, 3, 20, 15, 11, 15, 17, 16, 2, 1, 17, 16, 14, 10, 3, 2, 1, 14, 3, 5, 2, 20, 2, 5, 3, 11, 16, 2, 10, 6, 2, 4, 3, 17, 8, 5, 6, 18, 15, 14, 5, 3, 2, 18, 9, 9, 1, 15, 18, 9, 18, 9, 18, 9, 1, 15, 18, 9, 5, 18, 9, 16, 15, 20, 15, 6, 18, 4, 14, 4, 12, 18, 6, 12, 13, 12, 4, 19, 19, 14, 4, 19, 14, 4, 1, 4, 19, 14, 4, 12, 2, 19, 9, 17, 14, 7, 9, 4, 14, 13, 13, 13, 7, 12, 7, 13, 12, 13, 13, 7, 12, 7, 7, 7, 12, 7, 13, 7, 7, 13, 12, 13]
bestever    1923    in generation 3528
[11, 6, 6, 5, 6, 11, 19, 5, 11, 5, 20, 20, 20, 10, 14, 10, 8, 11, 3, 6, 11, 11, 19, 5, 8, 11, 5, 3, 19, 8, 19, 17, 11, 16, 16, 8, 8, 6, 10, 17, 1, 17, 15, 20, 1, 8, 10, 2, 10, 16, 4, 17, 1, 2, 8, 20, 7, 3, 12, 15, 20, 2, 18, 10, 20, 17, 8, 16, 15, 19, 16, 9, 6, 17, 1, 1, 10, 16, 10, 3, 3, 20, 12, 15, 7, 15, 17, 16, 2, 1, 17, 16, 14, 10, 3, 2, 1, 14, 3, 5, 8, 20, 2, 15, 5, 3, 18, 11, 16, 2, 10, 6, 2, 4, 17, 3, 8, 5, 3, 6, 18, 14, 5, 2, 1, 18, 18, 9, 9, 1, 12, 5, 18, 9, 15, 9, 9, 13, 2, 15, 18, 9, 18, 9, 12, 16, 15, 20, 15, 6, 18, 14, 4, 4, 18, 6, 12, 4, 19, 19, 14, 4, 19, 14, 4, 13, 12, 13, 1, 4, 19, 14, 4, 12, 19, 9, 17, 14, 9, 7, 4, 14, 13, 13, 13, 12, 13, 7, 7, 7, 12, 7, 11, 13, 7, 7, 12, 7, 13, 13]
bestever    1922    in generation 3619
[11, 6, 6, 5, 6, 11, 10, 5, 11, 5, 20, 20, 20, 10, 14, 19, 8, 11, 3, 6, 11, 11, 19, 5, 8, 11, 5, 3, 19, 8, 19, 17, 11, 16, 16, 8, 8, 6, 10, 17, 1, 17, 15, 20, 1, 8, 10, 2, 10, 16, 4, 17, 1, 2, 8, 20, 7, 3, 12, 15, 20, 2, 18, 10, 20, 17, 8, 16, 15, 19, 16, 9, 6, 17, 1, 1, 10, 16, 10, 3, 3, 20, 12, 15, 7, 15, 17, 16, 2, 1, 17, 16, 14, 10, 3, 2, 1, 14, 3, 5, 8, 20, 2, 15, 5, 3, 18, 11, 16, 2, 10, 6, 2, 4, 17, 3, 8, 5, 3, 6, 18, 14, 5, 2, 1, 18, 18, 9, 9, 1, 12, 5, 18, 9, 15, 9, 9, 13, 2, 15, 18, 9, 18, 9, 12, 16, 7, 20, 15, 6, 18, 14, 4, 4, 18, 6, 12, 4, 19, 19, 14, 4, 19, 14, 4, 13, 12, 13, 1, 4, 19, 14, 4, 12, 19, 9, 17, 14, 9, 7, 4, 14, 13, 13, 12, 13, 13, 7, 7, 7, 12, 7, 11, 13, 15, 7, 12, 7, 13, 13]
bestever    1920    in generation 3960
[11, 6, 6, 5, 6, 11, 10, 5, 11, 5, 20, 20, 20, 10, 14, 19, 8, 11, 3, 6, 11, 11, 19, 5, 8, 11, 5, 3, 19, 8, 19, 17, 11, 16, 16, 8, 8, 6, 10, 17, 1, 17, 15, 20, 1, 8, 10, 2, 10, 16, 4, 17, 1, 2, 8, 20, 7, 3, 20, 2, 18, 10, 20, 17, 8, 16, 15, 19, 16, 9, 6, 17, 1, 1, 10, 16, 10, 3, 3, 20, 12, 15, 15, 17, 16, 2, 1, 17, 16, 14, 10, 3, 2, 1, 14, 3, 5, 8, 20, 2, 15, 5, 3, 18, 11, 16, 2, 10, 6, 2, 4, 17, 3, 8, 5, 3, 7, 6, 18, 14, 5, 2, 15, 1, 18, 18, 9, 9, 1, 12, 5, 18, 9, 15, 9, 9, 2, 15, 18, 9, 18, 9, 12, 16, 20, 15, 6, 18, 14, 4, 4, 18, 6, 12, 4, 19, 19, 14, 4, 19, 14, 4, 12, 1, 4, 13, 19, 14, 12, 19, 9, 17, 13, 7, 4, 7, 13, 14, 9, 7, 4, 14, 13, 13, 12, 15, 12, 13, 13, 7, 7, 7, 12, 7, 11, 13, 7, 12, 13, 13]
bestever    1916    in generation 4152
[11, 6, 6, 5, 6, 11, 10, 5, 11, 5, 20, 20, 20, 10, 14, 19, 8, 11, 3, 6, 11, 11, 19, 5, 8, 11, 5, 3, 19, 8, 19, 17, 11, 16, 16, 8, 8, 6, 10, 17, 1, 17, 15, 20, 1, 8, 10, 2, 10, 16, 4, 17, 1, 2, 8, 20, 7, 3, 20, 2, 18, 10, 20, 17, 8, 16, 15, 19, 16, 9, 6, 17, 1, 1, 10, 16, 10, 3, 3, 20, 12, 15, 15, 17, 16, 2, 1, 17, 16, 14, 10, 3, 2, 1, 14, 3, 5, 8, 20, 2, 15, 5, 3, 18, 11, 16, 2, 10, 6, 2, 4, 17, 3, 8, 5, 3, 7, 6, 18, 14, 5, 2, 15, 1, 18, 18, 9, 9, 1, 12, 5, 18, 9, 15, 9, 9, 2, 15, 18, 9, 18, 9, 12, 16, 20, 15, 6, 18, 14, 4, 4, 18, 6, 12, 4, 19, 19, 14, 4, 19, 14, 4, 1, 4, 13, 9, 14, 19, 9, 17, 7, 4, 7, 14, 19, 4, 14, 13, 12, 12, 13, 15, 13, 12, 7, 13, 12, 13, 13, 7, 7, 7, 12, 7, 11, 13, 7, 12, 13, 13]
bestever    1913    in generation 4384
[11, 6, 6, 5, 6, 11, 10, 5, 11, 5, 20, 20, 20, 10, 14, 19, 8, 11, 3, 6, 11, 11, 19, 5, 8, 11, 5, 3, 19, 8, 19, 17, 11, 16, 16, 8, 8, 6, 10, 17, 1, 17, 15, 20, 1, 8, 10, 2, 10, 16, 4, 17, 1, 2, 8, 20, 7, 3, 20, 2, 18, 10, 20, 17, 8, 16, 15, 19, 16, 9, 6, 17, 1, 1, 10, 16, 10, 3, 3, 20, 2, 12, 15, 15, 17, 16, 2, 1, 17, 16, 14, 10, 3, 2, 1, 14, 3, 5, 8, 20, 2, 15, 5, 3, 18, 11, 16, 10, 6, 2, 4, 17, 3, 8, 5, 3, 7, 6, 18, 14, 5, 2, 15, 1, 18, 18, 9, 9, 1, 12, 5, 18, 9, 15, 9, 9, 2, 15, 18, 9, 18, 9, 12, 16, 20, 15, 6, 18, 14, 4, 4, 18, 6, 12, 4, 19, 19, 14, 4, 19, 14, 4, 1, 4, 13, 9, 14, 19, 9, 17, 7, 4, 7, 14, 19, 4, 14, 13, 12, 12, 13, 15, 13, 12, 7, 13, 12, 13, 13, 7, 7, 7, 12, 7, 11, 13, 7, 12, 13, 13]
bestever    1907    in generation 4472
[11, 6, 6, 5, 6, 11, 10, 5, 11, 5, 20, 20, 20, 10, 14, 19, 8, 11, 3, 6, 11, 11, 19, 5, 8, 11, 5, 3, 19, 8, 19, 17, 11, 16, 16, 8, 8, 6, 10, 17, 1, 17, 15, 20, 1, 8, 10, 2, 10, 16, 4, 17, 1, 2, 8, 20, 7, 3, 20, 2, 18, 10, 20, 17, 8, 16, 15, 19, 16, 9, 6, 17, 1, 1, 10, 16, 10, 3, 3, 20, 2, 12, 15, 15, 14, 16, 2, 1, 17, 16, 14, 10, 3, 2, 1, 17, 3, 5, 8, 20, 2, 15, 5, 3, 18, 11, 16, 10, 6, 2, 4, 17, 3, 8, 5, 3, 7, 6, 18, 14, 5, 2, 15, 1, 18, 18, 9, 9, 1, 12, 5, 18, 9, 15, 9, 9, 2, 15, 18, 9, 18, 9, 12, 16, 20, 15, 6, 18, 14, 4, 4, 18, 6, 12, 4, 19, 19, 14, 4, 19, 14, 4, 1, 4, 13, 9, 14, 19, 9, 17, 7, 4, 7, 14, 19, 4, 14, 13, 12, 12, 13, 15, 13, 12, 7, 13, 12, 13, 13, 7, 7, 7, 12, 7, 11, 13, 7, 12, 13, 13]
bestever    1902    in generation 4587
[11, 6, 6, 5, 6, 11, 10, 5, 11, 5, 20, 20, 20, 10, 14, 19, 8, 11, 3, 6, 11, 11, 19, 5, 8, 17, 5, 3, 19, 8, 19, 17, 11, 16, 16, 8, 8, 6, 10, 17, 1, 11, 15, 20, 1, 8, 10, 2, 10, 16, 4, 17, 1, 2, 8, 20, 7, 3, 20, 2, 18, 10, 20, 17, 8, 16, 15, 19, 16, 9, 6, 17, 1, 1, 10, 16, 10, 3, 3, 20, 2, 12, 15, 15, 14, 16, 2, 1, 17, 16, 14, 10, 3, 2, 1, 17, 3, 5, 8, 20, 2, 15, 5, 3, 18, 11, 16, 10, 6, 2, 4, 17, 3, 8, 5, 3, 7, 6, 18, 14, 5, 2, 15, 1, 18, 18, 9, 9, 1, 12, 5, 18, 9, 15, 9, 9, 2, 15, 18, 9, 18, 9, 12, 16, 20, 15, 6, 18, 14, 4, 4, 18, 6, 12, 4, 19, 19, 14, 4, 19, 14, 4, 1, 4, 13, 9, 14, 19, 9, 17, 7, 4, 7, 14, 19, 4, 14, 13, 12, 12, 13, 15, 13, 12, 7, 13, 12, 13, 13, 7, 7, 7, 12, 7, 11, 13, 7, 12, 13, 13]
bestever    1899    in generation 4859
[11, 6, 6, 5, 6, 11, 10, 5, 11, 5, 20, 20, 20, 10, 14, 19, 8, 11, 3, 6, 11, 11, 19, 5, 8, 17, 5, 3, 19, 8, 19, 17, 11, 16, 16, 8, 8, 6, 10, 17, 1, 11, 15, 20, 1, 8, 10, 2, 10, 16, 4, 17, 1, 2, 8, 16, 20, 7, 3, 20, 2, 18, 10, 20, 17, 8, 16, 15, 19, 16, 9, 6, 17, 1, 1, 10, 10, 3, 3, 20, 2, 12, 15, 15, 14, 16, 2, 1, 17, 16, 14, 10, 3, 2, 1, 17, 3, 5, 8, 20, 2, 15, 5, 3, 18, 11, 16, 10, 6, 2, 4, 17, 3, 8, 5, 3, 7, 6, 18, 14, 5, 2, 1, 18, 9, 1, 12, 5, 18, 15, 9, 9, 15, 18, 9, 9, 2, 15, 18, 9, 18, 9, 12, 16, 20, 15, 6, 18, 14, 4, 4, 18, 6, 12, 4, 19, 19, 14, 4, 19, 14, 4, 1, 4, 13, 9, 14, 19, 9, 17, 7, 4, 7, 14, 19, 4, 14, 13, 12, 12, 13, 15, 13, 12, 7, 13, 12, 13, 13, 7, 7, 7, 12, 7, 11, 13, 7, 12, 13, 13]
bestever    1898    in generation 4936
[11, 6, 6, 5, 6, 11, 10, 5, 11, 5, 20, 20, 20, 10, 14, 19, 8, 11, 3, 6, 11, 11, 19, 5, 8, 17, 5, 3, 19, 8, 19, 17, 11, 16, 16, 8, 8, 6, 10, 17, 1, 11, 15, 20, 1, 8, 10, 2, 15, 16, 4, 17, 1, 2, 8, 16, 20, 7, 3, 20, 2, 18, 10, 20, 17, 8, 16, 10, 19, 16, 9, 6, 17, 1, 1, 10, 10, 3, 3, 20, 2, 12, 15, 15, 14, 16, 2, 1, 17, 16, 14, 10, 3, 2, 1, 17, 3, 5, 8, 20, 2, 15, 5, 3, 18, 11, 16, 10, 6, 2, 4, 17, 3, 8, 5, 3, 7, 6, 18, 14, 5, 2, 1, 18, 9, 1, 12, 5, 18, 15, 9, 9, 15, 18, 9, 9, 2, 15, 18, 9, 18, 9, 12, 16, 20, 15, 6, 18, 14, 4, 4, 18, 6, 12, 4, 19, 19, 14, 4, 19, 14, 4, 1, 4, 13, 9, 14, 19, 9, 17, 7, 4, 7, 14, 19, 4, 14, 13, 12, 12, 13, 15, 13, 12, 7, 13, 12, 13, 13, 7, 7, 7, 12, 7, 11, 13, 7, 12, 13, 13]
bestever    1895    in generation 5467
[5, 6, 11, 10, 5, 11, 5, 20, 11, 5, 6, 6, 20, 20, 10, 14, 19, 8, 11, 3, 6, 11, 11, 19, 5, 8, 17, 5, 3, 19, 8, 19, 17, 11, 16, 16, 8, 8, 6, 10, 17, 1, 11, 15, 20, 1, 8, 10, 2, 15, 16, 4, 17, 1, 2, 8, 16, 20, 7, 3, 20, 2, 18, 10, 20, 17, 8, 16, 10, 19, 16, 9, 6, 17, 1, 1, 10, 10, 3, 3, 20, 2, 15, 15, 14, 16, 2, 1, 17, 16, 14, 10, 3, 2, 1, 17, 3, 8, 20, 2, 15, 5, 3, 18, 11, 16, 10, 6, 2, 4, 17, 3, 8, 5, 3, 6, 18, 14, 4, 5, 2, 1, 18, 9, 1, 5, 18, 15, 9, 9, 15, 18, 9, 9, 2, 15, 18, 9, 18, 9, 12, 16, 20, 15, 6, 18, 14, 4, 4, 18, 6, 19, 19, 14, 4, 19, 14, 4, 1, 4, 9, 14, 19, 9, 12, 7, 13, 17, 7, 4, 7, 14, 19, 4, 14, 13, 12, 12, 12, 13, 15, 13, 12, 7, 12, 13, 12, 13, 13, 7, 7, 7, 12, 7, 11, 13, 7, 12, 13, 13]
bestever    1893    in generation 5651
[5, 6, 11, 10, 5, 11, 5, 20, 11, 5, 6, 6, 20, 20, 10, 14, 19, 8, 11, 3, 6, 11, 11, 19, 5, 8, 17, 5, 3, 19, 8, 19, 17, 11, 16, 16, 8, 8, 6, 10, 5, 17, 1, 11, 15, 20, 1, 8, 10, 2, 15, 16, 4, 17, 1, 2, 8, 16, 20, 7, 3, 20, 2, 18, 10, 20, 17, 8, 16, 10, 19, 16, 9, 6, 17, 1, 1, 10, 10, 3, 3, 20, 2, 15, 15, 14, 16, 2, 1, 17, 16, 14, 10, 3, 2, 1, 17, 3, 8, 20, 2, 15, 5, 3, 18, 11, 16, 10, 6, 2, 4, 17, 3, 8, 3, 6, 18, 14, 4, 5, 2, 1, 1, 5, 15, 9, 9, 15, 18, 9, 18, 18, 9, 9, 2, 15, 18, 9, 18, 9, 12, 16, 20, 15, 6, 18, 14, 4, 4, 18, 6, 19, 19, 14, 4, 19, 14, 4, 1, 4, 9, 14, 19, 9, 12, 7, 13, 17, 7, 4, 11, 14, 19, 4, 14, 13, 12, 12, 12, 13, 15, 13, 12, 7, 12, 13, 12, 13, 13, 7, 7, 7, 12, 7, 7, 13, 7, 12, 13, 13]
bestever    1888    in generation 5656
[5, 6, 11, 10, 5, 11, 5, 20, 11, 5, 6, 6, 20, 20, 10, 14, 19, 8, 11, 3, 6, 11, 11, 19, 5, 8, 17, 5, 3, 19, 8, 19, 17, 11, 16, 16, 8, 8, 6, 10, 5, 17, 1, 11, 15, 20, 1, 8, 10, 2, 15, 16, 4, 17, 1, 2, 8, 16, 20, 7, 3, 20, 2, 18, 10, 20, 17, 8, 16, 10, 19, 16, 9, 6, 17, 1, 1, 10, 10, 3, 3, 20, 2, 15, 15, 14, 16, 2, 1, 17, 16, 14, 10, 3, 2, 4, 17, 3, 8, 20, 2, 15, 5, 3, 18, 11, 16, 10, 6, 2, 1, 17, 3, 8, 3, 6, 18, 14, 4, 5, 2, 1, 1, 5, 15, 9, 9, 15, 18, 9, 18, 18, 9, 9, 2, 15, 18, 9, 18, 9, 12, 16, 20, 15, 6, 18, 14, 4, 4, 18, 6, 19, 19, 14, 4, 19, 14, 4, 1, 4, 9, 14, 19, 9, 12, 7, 13, 17, 7, 4, 11, 14, 19, 4, 14, 13, 12, 12, 12, 13, 15, 13, 12, 7, 12, 13, 12, 13, 13, 7, 7, 7, 12, 7, 7, 13, 7, 12, 13, 13]
bestever    1878    in generation 5678
[5, 6, 11, 10, 5, 11, 5, 20, 11, 5, 6, 6, 20, 20, 10, 14, 19, 8, 11, 3, 6, 11, 11, 19, 5, 8, 17, 5, 3, 19, 8, 19, 17, 11, 16, 16, 1, 8, 6, 10, 5, 17, 8, 11, 15, 20, 1, 8, 10, 2, 15, 16, 4, 17, 1, 2, 8, 16, 20, 7, 3, 20, 2, 18, 10, 20, 17, 8, 16, 10, 19, 16, 9, 6, 17, 1, 1, 10, 10, 3, 3, 20, 2, 15, 15, 14, 16, 2, 1, 17, 16, 14, 10, 3, 2, 4, 17, 3, 8, 20, 2, 15, 5, 3, 18, 11, 16, 10, 6, 2, 1, 17, 3, 8, 3, 6, 18, 14, 4, 5, 2, 1, 1, 5, 15, 9, 9, 15, 18, 9, 18, 18, 9, 9, 2, 15, 18, 9, 18, 9, 12, 16, 20, 15, 6, 18, 14, 4, 4, 18, 6, 19, 19, 14, 4, 19, 14, 4, 1, 4, 9, 14, 19, 9, 12, 7, 13, 17, 7, 4, 11, 19, 14, 4, 14, 13, 12, 12, 12, 13, 15, 13, 12, 7, 12, 13, 12, 13, 13, 7, 7, 7, 12, 7, 7, 13, 7, 12, 13, 13]
bestever    1877    in generation 6440
[5, 6, 11, 10, 5, 11, 5, 20, 11, 5, 6, 5, 6, 20, 20, 10, 14, 19, 8, 11, 3, 6, 11, 11, 19, 8, 17, 5, 3, 19, 8, 19, 17, 11, 16, 16, 1, 8, 6, 10, 5, 17, 8, 5, 11, 15, 20, 1, 8, 10, 2, 15, 16, 4, 17, 1, 3, 8, 16, 20, 7, 2, 20, 2, 10, 20, 17, 8, 16, 10, 19, 16, 6, 17, 1, 1, 10, 10, 3, 3, 20, 2, 6, 15, 14, 16, 5, 1, 17, 16, 14, 10, 3, 2, 4, 17, 3, 8, 20, 2, 15, 13, 3, 11, 16, 10, 2, 1, 17, 3, 8, 3, 13, 6, 14, 4, 5, 2, 2, 1, 1, 15, 18, 18, 9, 9, 15, 2, 18, 9, 18, 9, 15, 18, 9, 18, 9, 15, 18, 9, 18, 9, 12, 16, 20, 15, 6, 18, 14, 4, 4, 18, 6, 19, 19, 14, 4, 19, 14, 12, 4, 1, 4, 9, 14, 19, 9, 4, 11, 19, 14, 4, 14, 13, 12, 12, 12, 13, 15, 12, 12, 13, 12, 13, 17, 7, 7, 7, 7, 7, 13, 7, 12, 7, 7, 13, 7, 12, 13, 13]
bestever    1875    in generation 6972
[5, 6, 11, 10, 5, 11, 11, 5, 20, 11, 5, 6, 5, 6, 20, 20, 10, 2, 19, 8, 11, 3, 6, 11, 11, 19, 8, 17, 5, 3, 19, 8, 19, 17, 11, 16, 16, 1, 8, 6, 8, 10, 5, 17, 5, 11, 15, 20, 1, 8, 10, 14, 15, 16, 4, 17, 7, 1, 3, 8, 16, 20, 2, 20, 2, 10, 20, 17, 8, 16, 10, 19, 16, 6, 17, 1, 1, 10, 10, 3, 3, 20, 16, 6, 15, 14, 16, 5, 1, 17, 2, 14, 10, 3, 2, 4, 17, 3, 8, 20, 2, 15, 3, 16, 10, 2, 15, 1, 17, 3, 8, 3, 6, 14, 4, 5, 13, 13, 19, 2, 2, 1, 1, 15, 18, 18, 9, 2, 18, 9, 9, 15, 18, 9, 18, 9, 18, 9, 13, 15, 18, 9, 18, 9, 12, 16, 20, 15, 6, 18, 14, 4, 4, 18, 6, 19, 14, 4, 19, 14, 12, 4, 1, 4, 9, 14, 19, 9, 4, 11, 19, 14, 4, 14, 12, 12, 12, 13, 15, 12, 12, 13, 12, 13, 17, 7, 7, 7, 7, 7, 13, 7, 12, 7, 7, 13, 7, 12, 13, 13]
bestever    1873    in generation 7099
[5, 6, 11, 10, 5, 11, 11, 5, 20, 11, 5, 6, 5, 6, 20, 20, 10, 2, 19, 8, 11, 3, 6, 11, 11, 19, 8, 17, 5, 3, 19, 8, 19, 17, 11, 16, 16, 1, 8, 6, 8, 10, 5, 17, 5, 11, 15, 20, 1, 8, 10, 14, 15, 16, 4, 17, 1, 3, 8, 16, 20, 1, 20, 2, 10, 20, 17, 8, 16, 10, 19, 16, 6, 17, 1, 1, 10, 10, 3, 3, 20, 16, 6, 15, 14, 16, 5, 2, 17, 2, 14, 10, 3, 2, 4, 17, 3, 8, 20, 2, 15, 3, 16, 10, 2, 15, 1, 17, 3, 8, 3, 6, 14, 4, 5, 19, 2, 2, 1, 1, 15, 18, 18, 9, 2, 18, 9, 9, 15, 18, 9, 18, 9, 18, 9, 15, 18, 9, 18, 14, 12, 16, 20, 15, 6, 18, 9, 4, 4, 18, 6, 19, 14, 4, 19, 14, 4, 1, 4, 9, 14, 19, 9, 4, 11, 19, 14, 13, 13, 13, 12, 7, 4, 14, 12, 12, 12, 13, 15, 12, 12, 13, 12, 17, 7, 7, 7, 13, 7, 7, 13, 7, 12, 7, 7, 13, 7, 12, 13, 13]
bestever    1865    in generation 7804
[5, 6, 11, 10, 5, 11, 5, 11, 5, 20, 11, 5, 6, 5, 6, 20, 20, 10, 2, 19, 8, 11, 3, 6, 11, 11, 19, 8, 17, 3, 19, 8, 19, 17, 11, 16, 16, 1, 8, 6, 8, 10, 5, 17, 5, 11, 15, 20, 1, 8, 10, 14, 2, 15, 16, 4, 17, 1, 3, 8, 16, 20, 1, 20, 2, 10, 20, 17, 8, 16, 10, 19, 16, 6, 17, 1, 1, 5, 10, 3, 3, 20, 16, 6, 15, 14, 4, 16, 5, 2, 17, 2, 8, 3, 10, 14, 2, 4, 17, 3, 8, 20, 2, 15, 3, 16, 10, 18, 1, 17, 3, 3, 6, 14, 10, 2, 2, 1, 1, 9, 15, 18, 18, 9, 18, 9, 15, 18, 9, 15, 9, 18, 9, 15, 18, 9, 12, 18, 12, 16, 20, 15, 6, 12, 14, 14, 19, 4, 9, 4, 4, 18, 6, 19, 14, 4, 19, 14, 1, 4, 9, 2, 19, 9, 4, 11, 19, 14, 13, 13, 12, 7, 4, 12, 18, 13, 14, 13, 15, 12, 12, 13, 17, 7, 7, 7, 13, 7, 7, 13, 12, 7, 12, 7, 7, 13, 7, 12, 13, 13]
