bestever    3294    in generation 0
[14, 5, 12, 7, 2, 4, 13, 1, 19, 20, 7, 9, 14, 1, 13, 2, 18, 4, 20, 9, 10, 18, 10, 15, 20, 1, 2, 7, 1, 13, 14, 13, 1, 13, 3, 18, 5, 18, 17, 15, 7, 9, 6, 14, 8, 14, 7, 3, 2, 6, 4, 15, 3, 19, 10, 4, 16, 2, 11, 17, 20, 17, 7, 20, 15, 15, 2, 3, 5, 7, 13, 14, 8, 5, 14, 6, 10, 13, 13, 11, 7, 18, 5, 14, 4, 15, 19, 16, 11, 9, 19, 8, 17, 5, 20, 8, 13, 12, 9, 5, 19, 2, 6, 9, 19, 18, 10, 12, 17, 6, 18, 7, 9, 16, 6, 2, 9, 19, 20, 5, 18, 6, 10, 1, 17, 12, 16, 8, 5, 3, 9, 11, 9, 12, 1, 3, 17, 12, 6, 18, 16, 12, 20, 20, 12, 11, 11, 5, 15, 16, 15, 8, 16, 7, 17, 12, 3, 16, 8, 8, 1, 19, 17, 8, 2, 6, 11, 3, 1, 3, 8, 20, 6, 10, 4, 4, 19, 13, 11, 10, 2, 19, 17, 18, 4, 10, 3, 14, 16, 14, 11, 16, 15, 1, 4, 10, 15, 11, 4, 12]
bestever    3228    in generation 5
[14, 5, 12, 7, 2, 4, 13, 1, 19, 20, 7, 9, 14, 1, 13, 2, 18, 4, 20, 9, 10, 18, 10, 15, 20, 1, 2, 7, 1, 13, 14, 13, 1, 13, 3, 18, 5, 18, 17, 15, 7, 9, 6, 14, 8, 14, 7, 3, 2, 6, 4, 15, 3, 19, 10, 4, 16, 2, 11, 17, 20, 17, 7, 20, 15, 15, 2, 3, 5, 7, 13, 14, 8, 5, 14, 6, 10, 13, 13, 11, 7, 18, 5, 14, 4, 15, 19, 16, 11, 9, 19, 8, 17, 5, 20, 8, 13, 1, 9, 5, 19, 2, 6, 9, 19, 18, 10, 12, 17, 6, 18, 7, 9, 16, 6, 2, 9, 19, 20, 5, 18, 6, 10, 1, 17, 12, 16, 8, 5, 3, 9, 11, 9, 12, 1, 3, 17, 12, 6, 18, 16, 12, 20, 20, 12, 11, 11, 5, 15, 16, 15, 8, 16, 7, 17, 12, 3, 16, 8, 8, 1, 19, 17, 8, 2, 6, 11, 3, 1, 3, 8, 20, 6, 10, 4, 4, 19, 13, 11, 10, 2, 19, 17, 18, 4, 10, 3, 14, 16, 14, 11, 16, 15, 12, 4, 10, 15, 11, 4, 12]
bestever    3212    in generation 7
[14, 5, 12, 7, 2, 4, 13, 1, 19, 20, 7, 9, 14, 1, 13, 2, 18, 4, 20, 9, 10, 18, 10, 15, 20, 1, 2, 7, 1, 13, 14, 13, 1, 13, 3, 18, 5, 18, 17, 15, 7, 9, 6, 14, 8, 14, 7, 3, 2, 6, 4, 15, 3, 19, 10, 16, 2, 11, 17, 20, 17, 7, 20, 15, 2, 3, 5, 7, 13, 14, 8, 5, 14, 6, 10, 13, 13, 11, 7, 18, 5, 19, 16, 9, 19, 8, 17, 5, 20, 8, 13, 1, 9, 5, 19, 2, 6, 9, 19, 18, 10, 12, 17, 6, 18, 7, 9, 6, 2, 9, 19, 20, 5, 18, 6, 1, 17, 12, 8, 5, 3, 9, 9, 12, 3, 17, 15, 15, 16, 12, 16, 11, 1, 4, 11, 4, 10, 14, 6, 18, 16, 12, 20, 20, 12, 11, 11, 5, 15, 16, 15, 8, 16, 7, 17, 12, 3, 16, 8, 8, 1, 19, 17, 8, 2, 6, 11, 3, 1, 3, 8, 20, 6, 10, 4, 4, 19, 13, 11, 10, 2, 19, 17, 18, 4, 10, 3, 14, 16, 14, 11, 16, 15, 12, 4, 10, 15, 11, 4, 12]
bestever    3113    in generation 8
[13, 1, 19, 20, 7, 9, 13, 1, 19, 20, 7, 9, 14, 2, 18, 4, 10, 18, 10, 15, 20, 1, 2, 7, 1, 13, 14, 13, 1, 13, 3, 18, 5, 18, 17, 15, 9, 6, 14, 8, 14, 7, 3, 2, 6, 4, 15, 3, 10, 4, 16, 2, 11, 17, 20, 17, 7, 20, 15, 15, 2, 3, 5, 7, 13, 14, 8, 5, 14, 6, 10, 13, 13, 11, 7, 18, 5, 14, 4, 15, 19, 16, 11, 9, 19, 8, 17, 5, 20, 8, 13, 1, 9, 5, 19, 2, 6, 9, 19, 18, 10, 12, 17, 6, 18, 7, 9, 16, 6, 2, 9, 19, 20, 5, 18, 6, 10, 1, 17, 12, 16, 8, 5, 3, 9, 11, 9, 12, 1, 3, 17, 12, 6, 18, 16, 12, 20, 20, 12, 11, 11, 5, 15, 16, 15, 8, 16, 7, 17, 12, 3, 16, 8, 8, 1, 19, 17, 8, 2, 6, 11, 3, 1, 3, 8, 20, 6, 10, 4, 4, 19, 13, 11, 10, 2, 19, 17, 18, 4, 10, 3, 14, 16, 14, 11, 16, 15, 12, 4, 10, 15, 11, 4, 12, 14, 5, 12, 7, 2, 4]
bestever    3063    in generation 12
[4, 13, 1, 19, 20, 7, 9, 14, 1, 13, 18, 4, 20, 9, 10, 18, 10, 15, 20, 1, 2, 1, 13, 14, 13, 1, 13, 3, 18, 5, 18, 17, 15, 7, 9, 6, 14, 8, 14, 7, 3, 2, 6, 4, 15, 3, 19, 10, 4, 16, 2, 17, 20, 17, 7, 20, 15, 2, 5, 7, 20, 17, 7, 20, 15, 15, 2, 13, 14, 8, 5, 14, 6, 10, 13, 13, 7, 18, 5, 14, 4, 19, 16, 11, 9, 19, 8, 17, 5, 20, 8, 13, 12, 9, 5, 19, 2, 6, 9, 18, 10, 12, 17, 6, 18, 7, 9, 6, 9, 19, 5, 18, 6, 10, 1, 12, 5, 3, 9, 11, 9, 3, 18, 20, 12, 11, 11, 15, 15, 16, 12, 3, 16, 1, 19, 17, 8, 2, 6, 16, 12, 20, 12, 11, 11, 5, 15, 16, 8, 16, 7, 17, 12, 3, 16, 8, 8, 1, 19, 17, 8, 2, 6, 11, 3, 1, 3, 8, 6, 10, 4, 4, 19, 13, 11, 10, 2, 19, 17, 18, 4, 10, 3, 14, 16, 14, 11, 16, 1, 4, 10, 15, 11, 4, 12, 14, 5, 12, 7, 2]
bestever    2994    in generation 13
[13, 1, 19, 20, 7, 9, 13, 1, 19, 20, 7, 9, 14, 2, 18, 4, 10, 18, 10, 15, 20, 1, 2, 7, 1, 13, 14, 13, 1, 13, 3, 18, 5, 18, 17, 15, 9, 6, 14, 8, 14, 7, 3, 2, 6, 4, 15, 3, 10, 4, 16, 2, 11, 17, 20, 17, 7, 20, 15, 15, 2, 3, 5, 4, 15, 17, 20, 2, 5, 7, 13, 14, 8, 5, 14, 6, 10, 13, 13, 11, 7, 18, 14, 4, 15, 19, 16, 11, 9, 19, 8, 17, 5, 20, 8, 13, 12, 9, 5, 19, 2, 6, 9, 19, 18, 10, 12, 17, 6, 18, 7, 9, 16, 6, 2, 9, 19, 20, 5, 18, 6, 10, 1, 12, 16, 8, 5, 3, 9, 11, 9, 12, 1, 3, 17, 12, 6, 18, 16, 12, 20, 20, 12, 11, 11, 5, 15, 16, 15, 8, 16, 7, 17, 12, 3, 16, 8, 8, 1, 19, 17, 8, 2, 6, 11, 3, 1, 3, 8, 6, 10, 4, 4, 19, 13, 11, 10, 2, 19, 17, 18, 4, 10, 3, 14, 16, 14, 11, 16, 1, 4, 10, 15, 11, 4, 12, 14, 5, 12, 7]
bestever    2916    in generation 14
[13, 1, 19, 20, 7, 9, 13, 1, 19, 20, 7, 9, 14, 2, 18, 4, 10, 18, 10, 15, 20, 1, 2, 7, 1, 13, 14, 13, 1, 13, 3, 18, 5, 18, 17, 15, 9, 6, 14, 8, 14, 7, 3, 2, 6, 4, 15, 3, 10, 4, 16, 2, 11, 17, 20, 17, 7, 20, 15, 15, 2, 3, 5, 13, 14, 8, 5, 14, 6, 13, 13, 18, 5, 15, 17, 20, 7, 5, 12, 11, 7, 18, 14, 4, 15, 19, 16, 11, 9, 19, 8, 17, 5, 20, 8, 13, 12, 9, 5, 19, 2, 6, 9, 19, 18, 10, 12, 17, 6, 18, 7, 9, 16, 6, 2, 9, 19, 20, 5, 10, 6, 10, 1, 12, 16, 8, 5, 3, 9, 11, 9, 12, 1, 3, 17, 12, 6, 18, 16, 12, 20, 20, 12, 11, 11, 5, 15, 16, 15, 8, 16, 7, 17, 12, 3, 16, 8, 8, 1, 19, 17, 8, 2, 6, 11, 3, 1, 3, 8, 6, 10, 4, 4, 19, 13, 11, 10, 2, 19, 17, 18, 4, 10, 3, 14, 16, 14, 11, 16, 1, 4, 10, 15, 11, 4, 12, 14, 7, 2, 4]
bestever    2858    in generation 17
[13, 1, 19, 20, 7, 9, 13, 1, 19, 20, 7, 9, 14, 2, 18, 10, 18, 10, 15, 20, 1, 2, 7, 1, 13, 14, 13, 1, 13, 3, 18, 5, 18, 17, 15, 9, 6, 14, 8, 14, 7, 3, 2, 6, 15, 3, 10, 4, 16, 2, 11, 17, 20, 17, 7, 20, 15, 15, 2, 5, 13, 14, 8, 5, 14, 6, 13, 13, 18, 5, 17, 20, 7, 5, 7, 18, 14, 4, 19, 9, 19, 8, 5, 20, 8, 13, 9, 5, 19, 6, 9, 19, 18, 6, 9, 6, 9, 6, 10, 1, 18, 12, 12, 5, 15, 15, 16, 7, 12, 16, 17, 2, 11, 3, 10, 4, 4, 11, 17, 12, 16, 8, 5, 3, 9, 11, 9, 12, 1, 3, 17, 12, 6, 18, 16, 12, 20, 20, 12, 11, 11, 5, 15, 16, 15, 8, 16, 7, 17, 12, 3, 16, 8, 8, 1, 19, 17, 8, 2, 6, 11, 3, 1, 3, 8, 20, 6, 10, 4, 4, 19, 13, 11, 10, 2, 19, 10, 2, 19, 17, 18, 4, 10, 3, 14, 16, 14, 11, 16, 1, 4, 10, 15, 11, 4, 12, 14, 7, 2, 4]
bestever    2835    in generation 19
[13, 1, 19, 20, 7, 9, 13, 1, 19, 20, 7, 9, 14, 2, 18, 10, 18, 10, 15, 20, 1, 2, 7, 1, 13, 14, 13, 1, 13, 3, 18, 5, 18, 17, 15, 9, 6, 14, 8, 5, 7, 3, 2, 6, 15, 3, 10, 4, 16, 2, 11, 17, 20, 17, 7, 20, 15, 15, 2, 5, 13, 14, 8, 5, 14, 6, 13, 13, 18, 5, 17, 20, 7, 5, 7, 18, 14, 4, 19, 9, 19, 8, 5, 20, 8, 13, 9, 5, 19, 6, 9, 19, 18, 6, 9, 6, 9, 6, 10, 1, 18, 12, 12, 5, 15, 15, 16, 7, 12, 16, 17, 2, 11, 3, 10, 4, 4, 11, 17, 12, 16, 8, 5, 3, 9, 11, 9, 12, 1, 3, 17, 12, 6, 18, 16, 12, 20, 20, 12, 11, 11, 14, 15, 16, 15, 8, 16, 7, 17, 12, 3, 16, 8, 8, 1, 19, 17, 8, 2, 6, 11, 3, 1, 3, 8, 20, 6, 10, 4, 4, 19, 13, 11, 10, 2, 19, 10, 2, 19, 17, 18, 4, 10, 3, 14, 16, 14, 11, 16, 1, 4, 10, 15, 11, 4, 12, 14, 7, 2, 4]
bestever    2833    in generation 22
[13, 1, 19, 20, 7, 9, 13, 1, 19, 20, 7, 9, 14, 2, 18, 10, 18, 10, 15, 20, 1, 2, 7, 1, 13, 14, 13, 1, 13, 3, 18, 5, 18, 17, 15, 9, 18, 14, 8, 14, 7, 3, 2, 6, 15, 3, 10, 4, 16, 2, 11, 17, 20, 17, 7, 20, 15, 15, 2, 5, 13, 14, 8, 5, 14, 6, 13, 13, 18, 5, 17, 20, 7, 5, 7, 18, 14, 4, 19, 9, 19, 8, 5, 20, 8, 13, 9, 5, 19, 6, 9, 19, 18, 6, 9, 6, 9, 6, 10, 1, 18, 12, 12, 5, 15, 15, 16, 7, 12, 16, 17, 2, 11, 3, 10, 4, 4, 11, 17, 12, 16, 8, 5, 3, 9, 11, 9, 12, 1, 3, 17, 12, 6, 6, 16, 12, 20, 20, 12, 11, 11, 5, 15, 16, 15, 8, 16, 7, 17, 12, 3, 16, 8, 8, 1, 19, 17, 8, 2, 6, 11, 3, 1, 3, 8, 20, 6, 10, 4, 4, 19, 13, 11, 10, 2, 19, 10, 2, 19, 17, 18, 4, 10, 3, 14, 16, 14, 11, 16, 1, 4, 10, 15, 11, 4, 12, 14, 7, 2, 4]
bestever    2750    in generation 23
[13, 1, 19, 20, 7, 9, 13, 1, 19, 20, 7, 9, 14, 2, 18, 10, 18, 10, 15, 20, 1, 2, 7, 1, 13, 14, 13, 1, 13, 3, 18, 5, 18, 17, 15, 9, 6, 14, 8, 14, 7, 3, 2, 6, 15, 3, 10, 4, 16, 2, 11, 17, 20, 17, 7, 20, 15, 15, 2, 5, 13, 14, 8, 5, 14, 6, 13, 13, 18, 5, 17, 20, 7, 5, 7, 18, 14, 4, 19, 9, 19, 8, 5, 20, 13, 9, 5, 19, 6, 9, 19, 18, 6, 9, 6, 9, 6, 10, 1, 18, 12, 12, 5, 15, 15, 16, 7, 12, 16, 17, 2, 11, 10, 4, 4, 11, 12, 16, 8, 5, 3, 9, 11, 9, 12, 1, 3, 17, 12, 6, 18, 16, 12, 20, 20, 11, 11, 5, 15, 15, 8, 16, 7, 17, 12, 3, 16, 8, 17, 12, 3, 16, 8, 8, 1, 19, 17, 8, 2, 6, 11, 3, 1, 3, 8, 20, 6, 10, 4, 4, 19, 13, 11, 10, 2, 19, 10, 2, 19, 17, 18, 4, 10, 3, 14, 16, 14, 11, 16, 1, 4, 10, 15, 11, 4, 12, 14, 7, 2, 4]
bestever    2746    in generation 26
[13, 1, 19, 20, 7, 9, 13, 1, 19, 20, 7, 9, 14, 2, 18, 10, 18, 10, 15, 20, 1, 2, 7, 1, 13, 14, 13, 1, 13, 3, 18, 5, 18, 17, 15, 9, 6, 14, 8, 14, 7, 3, 2, 6, 15, 3, 10, 4, 16, 2, 11, 17, 20, 17, 7, 20, 15, 15, 2, 5, 13, 14, 8, 5, 14, 6, 13, 13, 18, 5, 17, 20, 7, 5, 7, 18, 14, 4, 19, 9, 19, 6, 5, 20, 13, 9, 5, 19, 6, 9, 19, 18, 6, 9, 6, 9, 6, 10, 1, 18, 12, 12, 5, 15, 15, 16, 7, 12, 16, 17, 2, 11, 10, 4, 4, 11, 12, 16, 8, 5, 3, 9, 11, 9, 12, 1, 3, 17, 12, 6, 18, 16, 12, 20, 20, 11, 11, 5, 15, 15, 8, 16, 7, 17, 12, 3, 16, 8, 17, 12, 3, 16, 8, 8, 1, 19, 17, 8, 2, 6, 11, 3, 1, 3, 8, 20, 8, 10, 4, 4, 19, 13, 11, 10, 2, 19, 10, 2, 19, 17, 18, 4, 10, 3, 14, 16, 14, 11, 16, 1, 4, 10, 15, 11, 4, 12, 14, 7, 2, 4]
bestever    2713    in generation 28
[13, 1, 20, 7, 9, 13, 1, 20, 7, 9, 14, 2, 18, 10, 18, 10, 15, 20, 1, 2, 7, 1, 13, 14, 13, 1, 13, 3, 18, 5, 17, 15, 14, 8, 14, 7, 3, 2, 15, 3, 10, 4, 16, 2, 11, 17, 17, 7, 20, 15, 15, 2, 5, 13, 14, 8, 14, 13, 18, 17, 20, 7, 5, 7, 18, 14, 4, 19, 19, 8, 5, 20, 13, 5, 19, 6, 19, 18, 6, 9, 6, 9, 5, 20, 13, 9, 5, 19, 6, 9, 19, 18, 6, 9, 6, 9, 6, 10, 1, 18, 12, 12, 5, 15, 15, 16, 7, 12, 16, 17, 2, 11, 10, 4, 4, 11, 12, 16, 8, 5, 3, 9, 11, 9, 12, 1, 3, 17, 12, 6, 18, 16, 12, 20, 20, 11, 11, 5, 15, 15, 8, 16, 7, 17, 12, 3, 16, 8, 17, 12, 3, 16, 8, 8, 1, 19, 17, 8, 2, 6, 11, 3, 1, 3, 8, 20, 6, 10, 4, 4, 19, 13, 11, 10, 2, 19, 10, 2, 19, 17, 18, 4, 10, 3, 14, 16, 14, 11, 16, 1, 4, 10, 15, 11, 4, 12, 14, 7, 2, 4]
bestever    2710    in generation 35
[13, 1, 19, 20, 7, 9, 13, 1, 19, 20, 7, 9, 14, 2, 18, 10, 18, 10, 15, 20, 1, 2, 7, 1, 13, 14, 13, 1, 13, 3, 18, 5, 18, 17, 15, 9, 6, 14, 8, 14, 7, 3, 2, 6, 15, 3, 10, 4, 16, 2, 11, 17, 20, 17, 7, 20, 15, 15, 2, 5, 13, 14, 8, 5, 14, 6, 13, 13, 18, 5, 17, 20, 7, 5, 7, 18, 14, 4, 19, 9, 8, 5, 20, 13, 9, 5, 19, 6, 9, 19, 18, 6, 9, 6, 9, 6, 10, 1, 18, 12, 1, 5, 15, 15, 16, 7, 12, 16, 17, 2, 11, 10, 4, 4, 11, 12, 16, 8, 5, 9, 11, 9, 12, 3, 17, 12, 6, 18, 16, 12, 20, 20, 11, 11, 5, 15, 15, 8, 7, 17, 12, 3, 16, 12, 3, 16, 1, 19, 17, 8, 3, 16, 8, 8, 1, 19, 17, 8, 2, 6, 11, 3, 1, 3, 8, 20, 6, 10, 4, 4, 19, 13, 11, 10, 2, 19, 10, 2, 19, 17, 18, 4, 10, 3, 14, 16, 14, 11, 16, 12, 4, 10, 15, 11, 4, 12, 14, 7, 2, 4]
bestever    2674    in generation 37
[13, 1, 19, 20, 7, 9, 13, 1, 19, 20, 7, 9, 14, 2, 18, 10, 18, 10, 15, 20, 1, 2, 7, 1, 13, 14, 13, 1, 13, 3, 18, 5, 18, 17, 15, 9, 6, 14, 8, 14, 7, 3, 2, 6, 15, 3, 10, 4, 16, 2, 11, 17, 20, 17, 7, 20, 15, 15, 2, 5, 13, 14, 8, 5, 14, 6, 13, 13, 18, 5, 17, 20, 7, 5, 7, 18, 14, 4, 19, 9, 19, 8, 5, 20, 13, 9, 5, 19, 6, 9, 19, 18, 6, 9, 6, 9, 6, 10, 1, 18, 12, 1, 5, 15, 15, 16, 7, 12, 16, 17, 2, 11, 10, 4, 4, 11, 12, 16, 8, 5, 3, 9, 3, 9, 12, 1, 3, 17, 12, 6, 18, 16, 12, 20, 20, 11, 11, 5, 15, 15, 8, 16, 7, 17, 12, 11, 16, 8, 17, 12, 3, 16, 8, 8, 1, 19, 17, 8, 2, 6, 11, 3, 1, 3, 8, 20, 6, 10, 4, 4, 19, 13, 11, 10, 2, 19, 10, 2, 19, 17, 18, 4, 10, 3, 14, 16, 14, 11, 16, 12, 4, 10, 15, 11, 4, 12, 14, 7, 2, 4]
bestever    2649    in generation 46
[13, 1, 19, 20, 7, 9, 13, 1, 19, 20, 7, 9, 14, 2, 18, 10, 18, 10, 15, 20, 1, 14, 7, 1, 13, 14, 13, 1, 13, 3, 18, 5, 18, 17, 15, 9, 6, 14, 8, 14, 7, 3, 2, 6, 15, 3, 10, 4, 16, 2, 11, 17, 20, 17, 7, 20, 15, 15, 2, 5, 13, 14, 8, 5, 2, 6, 13, 13, 18, 5, 17, 20, 7, 5, 7, 18, 14, 4, 19, 9, 19, 8, 5, 20, 13, 9, 5, 19, 6, 9, 19, 18, 6, 9, 6, 9, 6, 10, 1, 18, 12, 1, 5, 15, 15, 16, 7, 12, 16, 17, 2, 11, 10, 4, 4, 11, 12, 16, 8, 5, 3, 9, 3, 9, 12, 1, 3, 17, 12, 6, 18, 16, 12, 20, 20, 11, 11, 5, 15, 15, 8, 16, 7, 17, 12, 11, 16, 8, 17, 12, 3, 16, 8, 8, 1, 19, 17, 8, 2, 6, 11, 3, 1, 3, 8, 20, 6, 10, 4, 4, 19, 13, 11, 10, 2, 19, 10, 2, 19, 17, 18, 4, 10, 3, 14, 16, 14, 11, 16, 12, 4, 10, 15, 11, 4, 12, 14, 7, 2, 4]
bestever    2630    in generation 54
[13, 1, 19, 20, 7, 9, 13, 1, 19, 20, 7, 9, 14, 2, 18, 18, 15, 20, 1, 2, 7, 1, 13, 14, 13, 1, 13, 3, 18, 5, 18, 17, 15, 9, 6, 14, 8, 14, 7, 3, 6, 15, 3, 16, 11, 17, 20, 17, 7, 20, 15, 15, 5, 13, 14, 8, 5, 14, 6, 13, 13, 18, 5, 17, 20, 7, 5, 7, 18, 14, 9, 8, 5, 20, 13, 9, 5, 6, 9, 19, 18, 6, 9, 6, 9, 6, 10, 1, 18, 12, 1, 5, 15, 15, 16, 7, 12, 17, 2, 10, 4, 4, 12, 8, 5, 3, 9, 9, 12, 1, 6, 18, 20, 20, 5, 15, 15, 8, 7, 12, 19, 2, 11, 10, 11, 16, 12, 16, 19, 17, 2, 11, 3, 10, 4, 4, 16, 12, 16, 19, 17, 2, 11, 3, 10, 11, 16, 8, 17, 12, 3, 16, 8, 8, 1, 19, 17, 8, 2, 6, 11, 3, 1, 3, 8, 20, 6, 10, 4, 4, 19, 13, 11, 10, 2, 19, 10, 2, 19, 17, 18, 4, 10, 3, 14, 16, 14, 11, 16, 12, 4, 10, 15, 11, 4, 12, 14, 7, 2, 4]
bestever    2610    in generation 67
[13, 1, 19, 20, 7, 9, 13, 1, 19, 20, 7, 9, 14, 2, 18, 18, 15, 20, 1, 2, 7, 1, 13, 14, 13, 1, 13, 3, 18, 5, 18, 17, 15, 9, 6, 14, 8, 14, 7, 3, 12, 15, 3, 16, 11, 17, 20, 17, 7, 20, 15, 15, 5, 13, 14, 8, 5, 14, 6, 13, 13, 18, 5, 17, 20, 7, 5, 7, 18, 14, 9, 8, 5, 20, 13, 9, 5, 6, 9, 19, 18, 6, 9, 6, 9, 6, 10, 1, 18, 12, 1, 5, 15, 15, 16, 7, 12, 17, 2, 10, 4, 4, 12, 8, 5, 3, 9, 9, 12, 1, 6, 18, 20, 20, 5, 15, 15, 8, 7, 12, 19, 2, 11, 10, 11, 16, 12, 16, 19, 17, 2, 11, 3, 10, 4, 4, 16, 6, 16, 19, 17, 2, 11, 3, 10, 11, 16, 8, 17, 12, 3, 16, 8, 8, 1, 19, 17, 8, 2, 6, 11, 3, 1, 3, 8, 20, 6, 10, 4, 4, 19, 13, 11, 10, 2, 19, 10, 2, 19, 17, 18, 4, 10, 3, 14, 16, 14, 11, 16, 12, 4, 10, 15, 11, 4, 12, 14, 7, 2, 4]
bestever    2600    in generation 68
[13, 1, 19, 20, 7, 9, 13, 1, 19, 20, 7, 9, 15, 2, 18, 18, 15, 20, 1, 2, 7, 1, 13, 14, 13, 1, 13, 3, 18, 5, 18, 17, 15, 9, 6, 14, 8, 14, 7, 3, 6, 15, 3, 16, 11, 17, 20, 17, 7, 20, 15, 15, 5, 13, 14, 8, 5, 14, 6, 13, 13, 18, 5, 17, 20, 7, 5, 7, 18, 14, 9, 8, 5, 20, 13, 9, 5, 6, 9, 19, 18, 6, 9, 6, 9, 6, 10, 1, 18, 12, 1, 5, 15, 15, 16, 7, 12, 17, 2, 10, 4, 4, 12, 8, 5, 3, 9, 9, 12, 1, 6, 18, 20, 20, 5, 15, 15, 8, 7, 12, 19, 2, 11, 10, 11, 16, 12, 16, 19, 17, 2, 11, 3, 10, 4, 4, 16, 12, 16, 19, 17, 2, 11, 3, 10, 11, 16, 8, 17, 12, 3, 16, 8, 8, 1, 19, 17, 8, 2, 6, 11, 3, 1, 3, 8, 20, 6, 10, 4, 4, 19, 13, 11, 10, 2, 19, 10, 2, 19, 17, 18, 4, 10, 3, 14, 16, 14, 11, 16, 12, 4, 10, 14, 11, 4, 12, 14, 7, 2, 4]
bestever    2598    in generation 74
[13, 1, 19, 20, 7, 9, 13, 1, 19, 20, 7, 9, 15, 2, 18, 18, 15, 20, 1, 2, 7, 1, 13, 14, 13, 1, 13, 3, 18, 5, 18, 17, 15, 9, 6, 14, 8, 14, 7, 3, 6, 15, 3, 16, 11, 17, 20, 17, 7, 20, 15, 15, 5, 13, 14, 8, 5, 14, 6, 13, 13, 18, 5, 17, 20, 7, 5, 7, 18, 9, 8, 5, 20, 13, 9, 5, 6, 9, 19, 18, 6, 9, 6, 9, 6, 10, 1, 18, 12, 1, 5, 15, 15, 16, 7, 12, 17, 2, 10, 4, 4, 12, 8, 5, 3, 9, 9, 12, 1, 6, 18, 20, 20, 5, 15, 15, 8, 7, 12, 19, 2, 11, 10, 11, 16, 12, 16, 19, 17, 2, 11, 3, 10, 16, 12, 16, 19, 17, 11, 3, 10, 16, 8, 17, 3, 16, 8, 8, 1, 19, 17, 2, 4, 14, 11, 12, 4, 8, 2, 6, 11, 3, 1, 3, 8, 20, 6, 10, 4, 4, 19, 13, 11, 10, 2, 19, 10, 2, 19, 17, 18, 4, 10, 3, 14, 16, 14, 11, 16, 12, 4, 10, 14, 11, 4, 12, 14, 7, 2, 4]
bestever    2552    in generation 80
[13, 1, 19, 20, 7, 9, 13, 1, 19, 20, 7, 9, 15, 2, 18, 6, 15, 20, 1, 2, 7, 1, 13, 14, 13, 1, 13, 3, 18, 5, 18, 17, 15, 9, 18, 14, 8, 14, 7, 3, 6, 15, 3, 16, 11, 17, 20, 17, 7, 20, 15, 15, 5, 13, 14, 8, 5, 14, 6, 13, 13, 18, 5, 17, 20, 7, 5, 7, 18, 9, 8, 5, 20, 13, 9, 5, 6, 9, 19, 18, 6, 9, 6, 9, 6, 10, 1, 18, 12, 1, 5, 15, 15, 16, 7, 12, 17, 2, 10, 4, 4, 12, 8, 5, 3, 9, 9, 12, 1, 6, 18, 20, 20, 5, 15, 15, 8, 7, 12, 19, 2, 11, 10, 11, 16, 12, 16, 19, 17, 2, 11, 3, 10, 16, 12, 16, 19, 17, 11, 3, 10, 16, 8, 17, 3, 16, 8, 8, 1, 19, 17, 2, 4, 14, 11, 12, 4, 8, 2, 6, 11, 3, 1, 3, 8, 20, 6, 10, 4, 4, 19, 13, 11, 10, 2, 19, 10, 2, 19, 17, 18, 4, 10, 3, 14, 16, 14, 11, 16, 12, 4, 10, 14, 11, 4, 12, 14, 7, 2, 4]
bestever    2500    in generation 83
[13, 1, 19, 20, 7, 9, 13, 1, 19, 20, 7, 9, 15, 2, 18, 18, 15, 20, 1, 2, 7, 1, 13, 14, 13, 1, 13, 3, 18, 5, 18, 5, 15, 9, 6, 14, 8, 14, 7, 3, 6, 15, 3, 16, 11, 17, 20, 17, 7, 20, 15, 15, 5, 13, 14, 8, 5, 14, 6, 13, 13, 18, 5, 17, 20, 7, 5, 7, 18, 9, 8, 5, 20, 13, 9, 5, 6, 9, 19, 18, 6, 9, 6, 9, 6, 10, 1, 18, 12, 1, 5, 15, 15, 16, 7, 12, 17, 2, 10, 4, 4, 12, 8, 5, 3, 9, 9, 12, 1, 6, 18, 20, 20, 17, 15, 15, 8, 7, 12, 19, 2, 11, 10, 11, 16, 12, 16, 19, 17, 2, 11, 3, 10, 16, 12, 16, 19, 17, 11, 3, 10, 16, 8, 17, 3, 16, 8, 8, 1, 19, 17, 2, 4, 14, 11, 12, 4, 8, 2, 6, 11, 3, 1, 3, 8, 20, 6, 10, 4, 4, 19, 13, 11, 10, 2, 19, 10, 2, 19, 17, 18, 4, 10, 3, 14, 16, 14, 11, 16, 12, 4, 10, 14, 11, 4, 12, 14, 7, 2, 4]
bestever    2496    in generation 88
[13, 1, 19, 20, 7, 9, 13, 1, 19, 20, 7, 9, 15, 2, 18, 18, 15, 20, 1, 2, 7, 1, 13, 14, 13, 1, 13, 3, 18, 5, 18, 5, 15, 9, 6, 14, 8, 14, 7, 3, 6, 15, 3, 16, 11, 17, 20, 17, 7, 20, 15, 15, 5, 13, 14, 8, 5, 6, 13, 13, 18, 5, 17, 20, 7, 5, 7, 18, 9, 8, 5, 20, 13, 9, 5, 6, 9, 19, 18, 6, 9, 6, 9, 6, 10, 1, 18, 12, 1, 5, 15, 15, 16, 12, 17, 10, 12, 8, 5, 3, 9, 9, 1, 6, 18, 20, 20, 17, 7, 2, 4, 12, 4, 14, 15, 15, 8, 7, 12, 19, 2, 11, 10, 11, 16, 12, 16, 19, 17, 2, 11, 3, 10, 16, 12, 16, 19, 17, 11, 3, 10, 16, 8, 17, 3, 16, 8, 8, 1, 19, 17, 2, 4, 14, 11, 12, 4, 8, 2, 6, 11, 3, 1, 3, 8, 20, 6, 10, 4, 4, 19, 13, 11, 10, 2, 19, 10, 2, 19, 17, 18, 4, 10, 3, 14, 16, 14, 11, 16, 12, 4, 10, 14, 11, 4, 12, 14, 7, 2, 4]
bestever    2480    in generation 90
[13, 1, 19, 20, 7, 9, 13, 1, 19, 20, 7, 9, 15, 2, 18, 18, 15, 20, 1, 2, 7, 1, 13, 14, 13, 1, 13, 3, 18, 5, 18, 5, 15, 9, 6, 14, 8, 14, 7, 3, 6, 15, 3, 16, 11, 17, 20, 17, 7, 20, 15, 15, 5, 13, 14, 8, 5, 6, 13, 13, 18, 5, 17, 20, 7, 5, 7, 18, 9, 8, 5, 20, 13, 9, 5, 6, 9, 19, 18, 6, 9, 6, 9, 6, 10, 1, 18, 12, 1, 5, 15, 15, 16, 12, 17, 10, 12, 8, 5, 3, 9, 9, 1, 6, 18, 20, 20, 17, 7, 2, 12, 14, 15, 15, 8, 7, 12, 19, 2, 11, 11, 16, 12, 16, 19, 17, 2, 11, 3, 16, 12, 16, 17, 11, 3, 10, 16, 8, 17, 3, 16, 8, 8, 1, 19, 17, 2, 4, 14, 12, 4, 8, 2, 6, 11, 1, 3, 10, 4, 4, 19, 11, 10, 3, 8, 20, 6, 10, 4, 4, 19, 13, 11, 10, 2, 19, 10, 2, 19, 17, 18, 4, 10, 3, 14, 16, 14, 11, 16, 12, 4, 10, 14, 11, 4, 12, 14, 7, 2, 4]
bestever    2458    in generation 91
[13, 1, 19, 20, 7, 9, 13, 1, 19, 20, 7, 9, 15, 2, 18, 18, 15, 20, 1, 2, 7, 1, 13, 14, 13, 1, 13, 3, 18, 5, 18, 5, 15, 9, 6, 14, 8, 14, 7, 3, 6, 15, 3, 16, 11, 17, 20, 17, 7, 20, 15, 15, 5, 13, 14, 8, 5, 14, 6, 13, 13, 18, 5, 17, 20, 7, 5, 7, 18, 9, 8, 5, 20, 13, 9, 5, 6, 9, 19, 18, 6, 9, 6, 9, 6, 10, 1, 18, 12, 1, 5, 15, 15, 16, 7, 12, 17, 2, 10, 4, 4, 12, 8, 5, 3, 9, 9, 12, 1, 6, 18, 20, 20, 17, 15, 15, 8, 7, 12, 19, 2, 11, 10, 11, 16, 12, 16, 19, 17, 2, 11, 3, 10, 16, 19, 16, 19, 17, 11, 3, 10, 16, 8, 17, 3, 16, 8, 8, 1, 19, 17, 2, 4, 14, 11, 12, 4, 8, 2, 6, 11, 3, 1, 3, 8, 20, 6, 10, 4, 4, 19, 13, 11, 10, 2, 19, 10, 2, 12, 17, 18, 4, 10, 3, 14, 16, 14, 11, 16, 12, 4, 10, 14, 11, 4, 12, 14, 7, 2, 4]
bestever    2424    in generation 102
[13, 1, 19, 20, 7, 9, 13, 1, 19, 20, 7, 9, 15, 2, 18, 18, 15, 20, 1, 2, 7, 1, 13, 14, 13, 1, 13, 3, 18, 5, 18, 5, 15, 9, 6, 14, 8, 14, 7, 3, 6, 15, 3, 16, 11, 17, 20, 17, 7, 20, 15, 15, 5, 13, 14, 8, 5, 14, 6, 13, 13, 18, 5, 17, 20, 7, 5, 7, 18, 9, 8, 5, 20, 13, 9, 5, 6, 9, 19, 18, 6, 9, 6, 9, 6, 10, 1, 18, 12, 1, 5, 15, 15, 16, 7, 12, 17, 2, 10, 4, 4, 12, 8, 5, 3, 9, 9, 12, 1, 6, 18, 20, 20, 17, 15, 15, 8, 7, 12, 19, 2, 11, 10, 11, 16, 12, 16, 19, 17, 2, 11, 3, 10, 16, 12, 16, 19, 17, 11, 3, 10, 16, 8, 17, 3, 16, 8, 8, 1, 19, 17, 2, 4, 14, 11, 4, 8, 2, 6, 11, 3, 1, 3, 8, 20, 6, 10, 4, 19, 13, 11, 10, 2, 19, 10, 2, 19, 17, 18, 4, 10, 3, 14, 16, 14, 11, 16, 12, 4, 12, 4, 10, 14, 11, 4, 12, 14, 7, 2, 4]
bestever    2415    in generation 108
[13, 1, 19, 20, 7, 9, 13, 1, 19, 20, 7, 9, 15, 2, 18, 18, 15, 20, 1, 2, 7, 1, 13, 14, 13, 1, 13, 3, 18, 5, 18, 5, 15, 9, 6, 14, 8, 14, 7, 3, 6, 15, 3, 16, 11, 17, 20, 17, 7, 20, 15, 15, 5, 13, 14, 8, 5, 14, 6, 13, 13, 18, 5, 17, 20, 7, 5, 7, 18, 9, 8, 5, 20, 13, 9, 5, 6, 9, 19, 18, 6, 9, 6, 9, 6, 10, 1, 18, 12, 1, 5, 15, 15, 16, 7, 12, 17, 2, 10, 4, 4, 12, 8, 5, 3, 9, 9, 12, 1, 6, 18, 20, 20, 17, 15, 15, 8, 7, 12, 19, 2, 11, 10, 11, 16, 12, 16, 19, 17, 2, 11, 3, 10, 16, 12, 16, 19, 17, 11, 3, 10, 16, 8, 17, 3, 16, 8, 8, 1, 19, 17, 2, 4, 14, 11, 4, 8, 2, 6, 11, 3, 1, 3, 8, 20, 6, 10, 4, 19, 13, 11, 10, 2, 19, 10, 2, 19, 2, 18, 4, 10, 3, 14, 16, 14, 11, 16, 12, 4, 12, 4, 10, 14, 11, 4, 12, 14, 7, 17, 4]
bestever    2409    in generation 112
[13, 1, 19, 20, 7, 9, 13, 1, 19, 20, 7, 9, 15, 20, 18, 18, 15, 20, 1, 2, 7, 1, 13, 14, 13, 1, 13, 3, 18, 5, 18, 5, 15, 9, 6, 14, 8, 14, 7, 3, 6, 15, 3, 16, 11, 17, 20, 17, 7, 20, 15, 15, 5, 13, 14, 8, 5, 14, 6, 13, 13, 18, 5, 17, 20, 7, 5, 7, 18, 9, 8, 5, 2, 13, 9, 5, 6, 9, 19, 18, 6, 9, 6, 9, 6, 10, 1, 18, 12, 1, 5, 15, 15, 16, 7, 12, 17, 2, 10, 4, 4, 12, 8, 5, 3, 9, 9, 12, 1, 6, 18, 20, 20, 17, 15, 15, 8, 7, 12, 19, 2, 11, 10, 11, 16, 12, 16, 19, 17, 2, 11, 3, 10, 16, 12, 16, 19, 17, 11, 3, 10, 16, 8, 17, 3, 16, 8, 8, 1, 19, 17, 2, 4, 14, 11, 4, 8, 2, 6, 11, 3, 1, 3, 8, 20, 6, 10, 4, 19, 13, 11, 10, 2, 19, 10, 2, 19, 2, 18, 4, 10, 3, 14, 16, 14, 11, 16, 12, 4, 12, 4, 10, 14, 11, 4, 12, 14, 7, 17, 4]
bestever    2384    in generation 122
[13, 1, 19, 20, 7, 9, 13, 1, 19, 20, 7, 9, 15, 2, 18, 18, 15, 20, 1, 2, 7, 1, 13, 14, 13, 1, 13, 3, 18, 5, 18, 5, 15, 9, 6, 14, 8, 14, 7, 3, 6, 15, 3, 16, 11, 17, 20, 17, 7, 20, 15, 15, 5, 13, 14, 8, 5, 14, 6, 13, 13, 18, 5, 17, 20, 7, 5, 7, 18, 9, 8, 5, 20, 13, 9, 5, 6, 9, 19, 18, 6, 15, 6, 9, 6, 10, 1, 18, 12, 1, 5, 9, 15, 16, 7, 12, 17, 2, 4, 12, 8, 5, 3, 9, 9, 12, 1, 6, 18, 20, 20, 17, 15, 15, 8, 7, 12, 19, 11, 10, 11, 16, 12, 16, 19, 17, 2, 3, 10, 16, 12, 16, 19, 17, 11, 3, 10, 16, 8, 17, 16, 8, 8, 1, 19, 17, 2, 4, 14, 11, 4, 8, 2, 11, 3, 10, 4, 2, 6, 11, 3, 1, 3, 8, 20, 6, 10, 4, 19, 13, 11, 10, 2, 19, 10, 2, 19, 2, 18, 4, 10, 3, 14, 16, 14, 11, 16, 12, 4, 12, 4, 10, 14, 11, 4, 12, 14, 7, 17, 4]
bestever    2372    in generation 123
[13, 1, 19, 20, 7, 9, 13, 1, 19, 20, 7, 9, 15, 2, 18, 18, 15, 20, 1, 2, 7, 1, 13, 14, 13, 1, 13, 3, 18, 5, 18, 5, 15, 9, 6, 14, 8, 14, 7, 3, 6, 15, 3, 16, 11, 17, 20, 17, 7, 20, 15, 15, 5, 13, 14, 8, 5, 14, 6, 13, 13, 18, 5, 17, 20, 7, 5, 7, 18, 9, 8, 5, 20, 13, 9, 5, 6, 9, 19, 18, 6, 15, 3, 9, 6, 10, 1, 18, 12, 1, 5, 9, 15, 16, 7, 12, 17, 2, 10, 4, 4, 12, 8, 5, 3, 9, 9, 12, 1, 6, 18, 20, 20, 17, 15, 15, 8, 7, 12, 19, 2, 11, 10, 11, 16, 12, 16, 19, 17, 2, 11, 6, 10, 16, 12, 16, 19, 17, 11, 3, 10, 16, 8, 17, 3, 16, 8, 8, 1, 19, 17, 2, 4, 14, 11, 4, 8, 2, 6, 11, 3, 1, 3, 8, 20, 6, 10, 4, 19, 13, 11, 10, 2, 19, 10, 2, 19, 2, 18, 4, 10, 3, 14, 16, 14, 11, 16, 12, 4, 12, 4, 10, 14, 11, 4, 12, 14, 7, 17, 4]
bestever    2356    in generation 175
[13, 1, 19, 20, 7, 9, 13, 1, 19, 20, 7, 9, 15, 2, 13, 18, 15, 20, 1, 2, 7, 1, 13, 14, 18, 1, 13, 3, 18, 5, 18, 5, 15, 9, 6, 14, 8, 14, 7, 3, 6, 15, 3, 16, 11, 17, 20, 17, 7, 20, 15, 15, 5, 13, 14, 8, 5, 14, 6, 13, 13, 18, 5, 17, 20, 7, 5, 7, 18, 9, 8, 5, 20, 13, 9, 5, 6, 9, 20, 18, 6, 15, 3, 9, 6, 10, 1, 18, 12, 1, 5, 9, 15, 16, 7, 12, 17, 2, 10, 4, 4, 12, 8, 5, 3, 9, 9, 12, 1, 6, 18, 19, 20, 17, 15, 15, 8, 7, 12, 19, 2, 11, 10, 11, 16, 12, 16, 19, 17, 2, 11, 6, 10, 16, 12, 16, 19, 17, 11, 3, 10, 16, 8, 17, 3, 16, 8, 8, 1, 19, 17, 2, 4, 14, 11, 4, 8, 2, 6, 11, 3, 1, 3, 8, 20, 6, 10, 4, 19, 13, 11, 10, 2, 19, 10, 2, 19, 2, 18, 4, 10, 3, 14, 16, 14, 11, 16, 12, 4, 12, 4, 10, 14, 11, 4, 12, 14, 7, 17, 4]
bestever    2348    in generation 182
[13, 1, 19, 20, 7, 9, 13, 1, 19, 20, 7, 9, 15, 2, 13, 18, 15, 20, 1, 2, 7, 1, 13, 14, 18, 1, 13, 3, 18, 5, 18, 5, 15, 9, 6, 14, 8, 14, 7, 3, 6, 15, 3, 16, 11, 17, 20, 17, 7, 20, 15, 15, 5, 13, 14, 8, 5, 14, 6, 13, 13, 18, 5, 17, 20, 7, 5, 7, 18, 9, 8, 5, 20, 13, 9, 5, 6, 9, 20, 18, 6, 15, 3, 9, 6, 10, 1, 18, 12, 1, 5, 9, 15, 3, 7, 12, 17, 2, 10, 4, 4, 12, 8, 5, 3, 9, 9, 12, 1, 6, 18, 19, 20, 17, 15, 15, 8, 7, 12, 19, 2, 11, 10, 11, 16, 12, 16, 19, 17, 2, 11, 6, 10, 16, 12, 16, 19, 17, 11, 3, 10, 16, 8, 17, 3, 16, 8, 8, 1, 19, 17, 2, 4, 14, 11, 4, 8, 2, 6, 11, 3, 1, 16, 8, 20, 6, 10, 4, 19, 13, 11, 10, 2, 19, 10, 2, 19, 2, 18, 4, 10, 3, 14, 16, 14, 11, 16, 12, 4, 12, 4, 10, 14, 11, 4, 12, 14, 7, 17, 4]
bestever    2345    in generation 184
[13, 1, 19, 20, 7, 9, 13, 1, 19, 20, 7, 9, 15, 2, 13, 18, 15, 20, 1, 2, 7, 1, 13, 14, 18, 1, 13, 3, 18, 5, 18, 5, 15, 9, 6, 14, 8, 14, 7, 3, 6, 15, 3, 16, 11, 17, 20, 17, 7, 20, 15, 15, 5, 13, 14, 8, 5, 14, 6, 13, 13, 18, 5, 17, 20, 7, 5, 7, 18, 9, 8, 5, 20, 13, 9, 5, 6, 9, 20, 18, 6, 15, 3, 9, 6, 10, 1, 18, 12, 1, 5, 9, 15, 16, 7, 12, 17, 2, 10, 4, 4, 12, 8, 5, 3, 9, 9, 12, 1, 6, 18, 19, 20, 17, 15, 15, 8, 7, 12, 19, 2, 11, 10, 11, 16, 12, 16, 19, 17, 2, 11, 6, 6, 16, 12, 16, 19, 17, 11, 3, 10, 16, 8, 17, 3, 16, 8, 8, 1, 19, 17, 2, 4, 14, 11, 4, 8, 2, 6, 11, 3, 1, 3, 8, 20, 10, 10, 4, 19, 13, 11, 10, 2, 19, 10, 2, 19, 2, 18, 4, 10, 3, 14, 16, 14, 11, 16, 12, 4, 12, 4, 10, 14, 11, 4, 12, 14, 7, 17, 4]
bestever    2342    in generation 216
[13, 1, 19, 20, 7, 9, 13, 1, 19, 20, 7, 9, 15, 2, 13, 18, 15, 20, 1, 2, 7, 1, 13, 14, 18, 1, 13, 3, 18, 5, 18, 5, 15, 9, 6, 14, 8, 14, 7, 3, 6, 15, 3, 16, 11, 17, 20, 17, 7, 20, 15, 15, 5, 13, 14, 8, 5, 14, 6, 13, 13, 18, 5, 17, 20, 7, 5, 7, 18, 9, 8, 5, 20, 13, 9, 5, 6, 9, 20, 18, 6, 15, 3, 9, 6, 10, 1, 18, 12, 1, 5, 9, 15, 16, 7, 12, 17, 2, 10, 4, 4, 12, 8, 5, 3, 9, 9, 12, 1, 6, 18, 19, 20, 17, 15, 15, 8, 7, 12, 19, 2, 11, 10, 11, 16, 12, 16, 19, 17, 2, 11, 6, 6, 16, 12, 16, 19, 17, 11, 3, 10, 16, 8, 17, 3, 16, 8, 8, 1, 19, 17, 2, 4, 14, 11, 4, 8, 2, 6, 11, 3, 1, 3, 8, 20, 10, 10, 4, 19, 13, 11, 10, 2, 19, 10, 2, 19, 12, 18, 4, 10, 3, 14, 16, 14, 11, 16, 12, 4, 2, 4, 10, 14, 11, 4, 12, 14, 7, 17, 4]
bestever    2336    in generation 219
[13, 1, 19, 20, 7, 9, 13, 1, 19, 20, 7, 9, 15, 2, 13, 18, 15, 20, 1, 2, 7, 15, 13, 14, 18, 1, 13, 3, 18, 5, 18, 5, 15, 9, 6, 14, 8, 14, 7, 3, 6, 15, 3, 16, 11, 17, 20, 17, 7, 20, 1, 15, 5, 13, 14, 8, 5, 14, 6, 13, 13, 18, 5, 17, 20, 7, 5, 7, 18, 9, 8, 5, 20, 13, 9, 5, 6, 9, 20, 18, 6, 15, 3, 9, 6, 10, 1, 18, 12, 1, 5, 9, 15, 16, 7, 12, 17, 2, 10, 4, 4, 12, 8, 5, 3, 9, 9, 12, 1, 6, 18, 19, 20, 17, 15, 15, 8, 7, 12, 19, 2, 11, 10, 11, 16, 12, 16, 19, 17, 2, 11, 6, 6, 16, 12, 16, 19, 17, 11, 3, 10, 16, 8, 17, 3, 16, 8, 8, 1, 19, 17, 2, 4, 14, 11, 4, 8, 2, 6, 11, 3, 1, 3, 8, 20, 10, 10, 4, 19, 13, 11, 10, 2, 19, 10, 2, 19, 12, 18, 4, 10, 3, 14, 16, 14, 11, 16, 12, 4, 2, 4, 10, 14, 11, 4, 12, 14, 7, 17, 4]
bestever    2294    in generation 224
[13, 1, 19, 20, 7, 9, 13, 1, 19, 20, 7, 9, 15, 5, 13, 18, 15, 20, 1, 2, 7, 15, 13, 14, 18, 1, 13, 3, 18, 2, 18, 5, 15, 9, 6, 14, 8, 14, 7, 3, 6, 15, 3, 16, 11, 17, 20, 17, 7, 20, 1, 15, 5, 13, 14, 8, 5, 14, 6, 13, 13, 18, 5, 17, 20, 7, 5, 7, 18, 9, 8, 5, 20, 13, 9, 5, 6, 9, 20, 18, 6, 15, 3, 9, 6, 10, 1, 18, 12, 1, 5, 9, 15, 16, 7, 12, 17, 2, 10, 4, 4, 12, 8, 5, 3, 9, 9, 12, 1, 6, 18, 19, 20, 17, 15, 15, 8, 7, 12, 19, 2, 11, 10, 11, 16, 12, 16, 19, 17, 2, 11, 6, 6, 16, 12, 16, 19, 17, 11, 3, 10, 16, 8, 17, 3, 16, 8, 8, 1, 19, 17, 2, 4, 14, 11, 4, 8, 2, 6, 11, 3, 1, 3, 8, 20, 10, 10, 4, 19, 13, 11, 10, 2, 19, 10, 2, 19, 12, 18, 4, 10, 3, 14, 16, 14, 11, 16, 12, 4, 2, 4, 10, 14, 11, 4, 12, 14, 7, 17, 4]
bestever    2286    in generation 276
[13, 1, 19, 20, 7, 9, 13, 1, 19, 20, 7, 9, 15, 5, 13, 18, 15, 20, 1, 2, 7, 15, 13, 14, 18, 1, 13, 3, 18, 2, 18, 5, 15, 9, 6, 14, 8, 14, 7, 3, 6, 15, 3, 16, 11, 17, 20, 17, 7, 20, 1, 15, 5, 13, 14, 8, 5, 14, 6, 13, 13, 18, 5, 17, 20, 7, 5, 7, 18, 9, 8, 5, 20, 13, 9, 5, 6, 9, 20, 18, 6, 15, 3, 9, 6, 10, 1, 18, 12, 1, 5, 9, 15, 16, 7, 12, 17, 2, 10, 4, 4, 12, 8, 5, 3, 9, 9, 12, 1, 6, 18, 19, 20, 17, 15, 15, 8, 7, 12, 19, 2, 11, 10, 11, 16, 12, 16, 19, 17, 20, 11, 6, 6, 16, 12, 16, 19, 17, 11, 3, 10, 16, 8, 17, 3, 16, 8, 8, 1, 19, 17, 2, 4, 14, 11, 4, 8, 2, 6, 11, 3, 1, 3, 8, 2, 10, 10, 4, 19, 13, 11, 10, 2, 19, 10, 2, 19, 12, 18, 4, 10, 3, 14, 16, 14, 11, 16, 12, 4, 2, 4, 10, 14, 11, 4, 12, 14, 7, 17, 4]
bestever    2284    in generation 283
[13, 1, 19, 20, 7, 9, 13, 1, 19, 20, 7, 9, 15, 5, 13, 18, 15, 20, 1, 2, 7, 15, 13, 14, 18, 1, 13, 3, 18, 2, 18, 5, 15, 9, 6, 14, 8, 14, 7, 3, 6, 15, 3, 16, 11, 17, 20, 17, 7, 20, 1, 15, 5, 13, 14, 8, 5, 6, 13, 13, 18, 5, 17, 20, 7, 5, 7, 18, 9, 8, 5, 20, 13, 9, 5, 6, 9, 20, 18, 6, 15, 3, 9, 6, 10, 1, 18, 12, 1, 5, 9, 15, 16, 7, 12, 17, 2, 10, 4, 4, 12, 8, 5, 3, 9, 9, 12, 1, 6, 18, 19, 20, 17, 15, 15, 8, 7, 12, 19, 2, 11, 10, 11, 16, 12, 16, 19, 17, 20, 11, 6, 6, 16, 12, 16, 19, 17, 11, 3, 10, 16, 8, 17, 3, 16, 8, 8, 1, 19, 17, 2, 4, 11, 4, 8, 2, 6, 11, 3, 1, 3, 8, 2, 10, 10, 4, 19, 13, 10, 2, 19, 10, 2, 19, 12, 18, 4, 10, 3, 14, 14, 11, 14, 16, 14, 11, 16, 12, 4, 2, 4, 10, 14, 11, 4, 12, 14, 7, 17, 4]
bestever    2263    in generation 284
[13, 1, 19, 20, 7, 9, 13, 1, 19, 20, 7, 9, 15, 5, 13, 18, 15, 20, 1, 2, 7, 15, 13, 14, 18, 1, 13, 3, 18, 2, 18, 5, 15, 9, 6, 14, 8, 14, 7, 3, 6, 15, 3, 16, 11, 17, 20, 17, 7, 20, 1, 15, 5, 13, 14, 8, 5, 6, 13, 13, 18, 5, 17, 20, 7, 5, 7, 18, 9, 8, 5, 20, 13, 9, 5, 6, 9, 20, 18, 6, 15, 3, 9, 6, 10, 1, 18, 12, 1, 5, 9, 15, 16, 7, 12, 17, 2, 10, 4, 4, 12, 8, 5, 3, 9, 9, 12, 1, 6, 18, 19, 20, 17, 15, 15, 8, 7, 12, 19, 2, 11, 10, 11, 16, 12, 16, 19, 17, 20, 11, 6, 6, 16, 16, 19, 17, 11, 3, 10, 16, 8, 17, 3, 16, 8, 8, 1, 19, 17, 2, 4, 11, 4, 8, 2, 6, 11, 3, 1, 3, 8, 2, 10, 10, 19, 13, 10, 2, 19, 10, 2, 19, 14, 14, 11, 12, 4, 12, 18, 4, 10, 3, 14, 16, 14, 11, 16, 12, 4, 2, 4, 10, 14, 11, 4, 12, 14, 7, 17, 4]
bestever    2235    in generation 308
[13, 1, 19, 20, 7, 9, 13, 1, 19, 20, 7, 9, 15, 5, 13, 18, 15, 20, 1, 2, 7, 15, 13, 14, 18, 1, 13, 3, 18, 2, 18, 5, 15, 9, 6, 14, 8, 14, 7, 3, 6, 15, 3, 16, 11, 17, 20, 17, 7, 20, 1, 15, 5, 13, 8, 5, 6, 13, 13, 18, 5, 17, 20, 7, 5, 7, 18, 9, 8, 5, 20, 13, 9, 5, 6, 9, 20, 18, 6, 15, 3, 9, 6, 10, 1, 18, 12, 1, 5, 9, 15, 16, 7, 12, 17, 2, 10, 4, 4, 12, 8, 5, 3, 9, 9, 12, 1, 6, 18, 19, 20, 17, 15, 15, 8, 7, 12, 19, 2, 11, 10, 11, 16, 16, 19, 17, 20, 11, 6, 6, 16, 16, 19, 17, 11, 3, 10, 16, 8, 17, 3, 16, 8, 8, 1, 19, 17, 2, 11, 8, 2, 6, 3, 1, 3, 8, 2, 10, 10, 19, 13, 10, 2, 19, 11, 12, 4, 4, 14, 10, 2, 19, 14, 14, 11, 12, 4, 12, 18, 4, 10, 3, 14, 16, 14, 11, 16, 12, 4, 2, 4, 10, 14, 11, 4, 12, 14, 7, 17, 4]
bestever    2233    in generation 322
[13, 1, 19, 20, 7, 9, 13, 1, 19, 20, 7, 9, 15, 5, 13, 18, 15, 20, 1, 2, 7, 15, 13, 14, 18, 1, 13, 3, 18, 2, 18, 5, 15, 9, 6, 14, 8, 14, 7, 3, 6, 15, 3, 16, 11, 17, 20, 17, 7, 20, 1, 15, 5, 13, 8, 5, 6, 13, 13, 18, 5, 17, 20, 7, 5, 7, 18, 9, 8, 5, 20, 13, 9, 5, 6, 9, 20, 18, 6, 15, 3, 9, 6, 10, 1, 18, 12, 1, 5, 9, 15, 16, 7, 12, 17, 2, 4, 4, 12, 8, 5, 3, 9, 9, 12, 1, 6, 18, 19, 20, 17, 15, 15, 8, 7, 12, 19, 2, 11, 11, 16, 16, 19, 17, 20, 11, 6, 6, 16, 16, 17, 11, 3, 16, 8, 17, 3, 16, 8, 8, 1, 19, 17, 11, 8, 6, 3, 1, 3, 2, 10, 10, 19, 10, 2, 8, 2, 10, 10, 19, 13, 10, 2, 19, 11, 12, 4, 4, 14, 10, 2, 19, 14, 14, 11, 12, 4, 12, 18, 4, 10, 3, 14, 16, 14, 11, 16, 12, 4, 2, 4, 10, 14, 11, 4, 12, 14, 7, 17, 4]
bestever    2207    in generation 327
[13, 1, 19, 20, 7, 9, 13, 1, 19, 20, 7, 9, 15, 5, 13, 18, 15, 20, 1, 2, 7, 15, 13, 14, 18, 1, 13, 3, 18, 2, 18, 5, 15, 9, 6, 14, 8, 14, 7, 3, 6, 15, 3, 16, 11, 17, 20, 17, 7, 20, 1, 15, 5, 13, 8, 5, 6, 13, 13, 18, 5, 17, 20, 7, 16, 7, 18, 9, 8, 5, 20, 13, 9, 5, 6, 9, 20, 18, 6, 15, 3, 9, 6, 1, 18, 12, 1, 5, 9, 15, 5, 7, 12, 17, 2, 4, 4, 12, 8, 5, 3, 9, 9, 12, 1, 6, 18, 19, 20, 17, 15, 15, 8, 7, 12, 19, 11, 10, 11, 16, 16, 19, 17, 20, 11, 6, 6, 16, 16, 17, 11, 3, 10, 16, 8, 17, 3, 16, 8, 8, 1, 19, 17, 2, 11, 8, 2, 6, 3, 1, 3, 8, 2, 10, 10, 19, 2, 10, 10, 19, 13, 10, 2, 19, 11, 12, 4, 4, 14, 10, 2, 19, 14, 14, 11, 12, 4, 12, 18, 4, 10, 3, 14, 16, 11, 16, 12, 4, 2, 10, 14, 4, 14, 11, 4, 12, 14, 7, 17, 4]
bestever    2190    in generation 332
[13, 1, 19, 20, 7, 9, 13, 1, 19, 20, 7, 9, 15, 5, 13, 18, 15, 20, 1, 2, 7, 15, 13, 14, 18, 1, 13, 3, 18, 2, 18, 5, 15, 9, 6, 8, 7, 3, 6, 15, 3, 16, 11, 17, 20, 17, 7, 20, 1, 15, 5, 13, 8, 5, 6, 13, 13, 18, 5, 17, 20, 7, 16, 7, 18, 9, 8, 5, 20, 13, 9, 5, 6, 9, 20, 18, 6, 15, 3, 9, 6, 1, 18, 12, 1, 5, 9, 15, 5, 7, 12, 9, 2, 12, 8, 5, 3, 9, 17, 12, 1, 6, 18, 19, 20, 17, 15, 15, 8, 7, 19, 11, 10, 11, 16, 16, 19, 17, 20, 11, 6, 6, 16, 16, 17, 11, 3, 10, 16, 8, 17, 3, 16, 8, 8, 1, 19, 17, 2, 8, 2, 6, 3, 1, 3, 8, 2, 10, 10, 19, 2, 10, 10, 19, 14, 11, 12, 4, 14, 4, 13, 10, 2, 19, 11, 12, 4, 4, 14, 10, 2, 19, 14, 14, 11, 12, 4, 12, 18, 4, 10, 3, 14, 16, 11, 16, 12, 4, 2, 10, 14, 4, 14, 11, 4, 12, 14, 7, 17, 4]
bestever    2171    in generation 336
[13, 1, 19, 20, 7, 9, 13, 1, 19, 20, 7, 9, 15, 5, 13, 18, 15, 20, 1, 2, 7, 15, 13, 14, 18, 1, 13, 3, 18, 2, 18, 5, 15, 9, 6, 8, 7, 3, 6, 15, 3, 16, 11, 17, 20, 17, 7, 20, 1, 15, 5, 13, 8, 5, 6, 13, 13, 18, 5, 17, 20, 7, 16, 7, 18, 9, 8, 5, 20, 13, 9, 5, 6, 9, 20, 18, 6, 15, 3, 9, 6, 1, 18, 12, 1, 5, 9, 15, 5, 7, 12, 17, 2, 12, 8, 5, 3, 9, 9, 12, 1, 6, 18, 19, 20, 17, 15, 15, 8, 7, 19, 11, 10, 11, 16, 16, 19, 17, 20, 11, 6, 6, 16, 16, 17, 11, 3, 10, 16, 8, 17, 17, 16, 8, 8, 1, 19, 3, 2, 8, 2, 6, 3, 1, 3, 8, 2, 10, 10, 19, 2, 10, 10, 19, 14, 11, 12, 4, 14, 4, 13, 10, 2, 19, 11, 12, 4, 4, 14, 10, 2, 19, 14, 14, 11, 12, 4, 12, 18, 4, 10, 3, 14, 16, 11, 16, 12, 4, 2, 10, 14, 4, 14, 11, 4, 12, 14, 7, 17, 4]
bestever    2166    in generation 348
[13, 1, 19, 20, 7, 9, 13, 1, 19, 20, 7, 9, 15, 5, 13, 18, 15, 20, 1, 2, 7, 15, 13, 14, 18, 1, 13, 3, 18, 2, 18, 5, 15, 9, 6, 8, 7, 3, 6, 15, 3, 16, 11, 17, 20, 17, 7, 20, 1, 15, 5, 13, 8, 5, 6, 13, 13, 18, 5, 17, 20, 7, 16, 7, 18, 9, 8, 5, 20, 13, 9, 5, 6, 9, 20, 18, 6, 15, 3, 9, 6, 1, 18, 12, 1, 5, 9, 15, 5, 7, 12, 17, 2, 12, 8, 5, 3, 9, 9, 12, 1, 6, 18, 16, 20, 17, 15, 15, 8, 7, 19, 11, 10, 11, 16, 16, 19, 17, 20, 11, 6, 6, 19, 16, 17, 11, 3, 10, 16, 8, 17, 17, 16, 8, 8, 1, 19, 3, 2, 8, 2, 6, 3, 1, 3, 8, 2, 10, 10, 19, 2, 10, 10, 19, 14, 11, 12, 4, 14, 4, 13, 10, 2, 19, 11, 12, 4, 4, 14, 10, 2, 19, 14, 14, 11, 12, 4, 12, 18, 4, 10, 3, 14, 16, 11, 16, 12, 4, 2, 10, 14, 4, 14, 11, 4, 12, 14, 7, 17, 4]
bestever    2165    in generation 354
[13, 1, 19, 20, 7, 9, 13, 1, 19, 20, 7, 9, 15, 5, 13, 18, 15, 20, 1, 2, 7, 15, 13, 14, 18, 16, 13, 3, 18, 2, 18, 5, 15, 9, 6, 8, 7, 3, 6, 15, 3, 16, 11, 17, 20, 17, 7, 20, 1, 15, 5, 13, 8, 5, 6, 13, 13, 18, 5, 17, 20, 7, 16, 7, 18, 9, 8, 5, 20, 13, 9, 5, 6, 9, 20, 18, 6, 15, 3, 9, 6, 1, 18, 12, 1, 5, 9, 15, 5, 7, 12, 17, 2, 12, 8, 5, 3, 9, 9, 12, 1, 6, 18, 19, 20, 17, 15, 15, 8, 7, 19, 11, 10, 11, 16, 1, 19, 17, 20, 11, 6, 6, 16, 16, 17, 11, 3, 10, 16, 8, 17, 17, 16, 8, 8, 1, 19, 3, 2, 8, 2, 6, 3, 1, 3, 8, 2, 10, 10, 19, 2, 10, 10, 19, 11, 12, 13, 10, 19, 4, 14, 11, 12, 4, 2, 14, 4, 4, 14, 10, 2, 19, 14, 14, 11, 12, 4, 12, 18, 4, 10, 3, 14, 16, 11, 16, 12, 4, 2, 10, 14, 4, 14, 11, 4, 12, 14, 7, 17, 4]
bestever    2163    in generation 355
[13, 1, 19, 20, 7, 9, 13, 1, 19, 20, 7, 9, 15, 5, 13, 18, 15, 20, 1, 2, 7, 15, 13, 14, 18, 1, 13, 3, 18, 2, 18, 5, 15, 9, 6, 8, 7, 3, 6, 15, 3, 16, 11, 17, 20, 7, 20, 1, 15, 5, 13, 8, 5, 6, 13, 13, 18, 5, 17, 20, 7, 16, 7, 18, 9, 8, 5, 20, 13, 9, 5, 6, 9, 18, 6, 15, 3, 9, 6, 1, 18, 12, 1, 5, 9, 15, 5, 7, 12, 17, 2, 12, 8, 5, 3, 9, 9, 12, 1, 6, 18, 16, 20, 17, 15, 15, 8, 7, 19, 11, 10, 11, 16, 16, 19, 17, 20, 17, 20, 11, 6, 6, 19, 16, 17, 11, 3, 10, 16, 8, 17, 17, 16, 8, 8, 1, 19, 3, 2, 8, 2, 6, 3, 1, 3, 8, 2, 10, 10, 19, 2, 10, 10, 19, 14, 11, 12, 4, 14, 4, 13, 10, 2, 19, 11, 12, 4, 4, 14, 10, 2, 19, 14, 14, 11, 12, 4, 12, 18, 4, 10, 3, 14, 16, 11, 16, 12, 4, 2, 10, 14, 4, 14, 11, 4, 12, 14, 7, 17, 4]
bestever    2145    in generation 367
[13, 1, 19, 20, 7, 9, 13, 1, 19, 20, 7, 9, 18, 5, 13, 18, 15, 20, 1, 2, 7, 15, 13, 14, 18, 1, 13, 3, 18, 2, 18, 5, 15, 9, 6, 8, 7, 3, 6, 15, 3, 16, 11, 17, 20, 7, 20, 1, 15, 5, 13, 8, 5, 6, 13, 13, 18, 5, 17, 20, 7, 16, 7, 18, 9, 8, 5, 20, 13, 9, 5, 6, 9, 18, 6, 15, 3, 9, 6, 1, 18, 12, 1, 5, 9, 15, 5, 7, 12, 17, 2, 12, 8, 5, 3, 9, 9, 12, 1, 6, 18, 16, 20, 17, 15, 15, 8, 7, 19, 11, 10, 11, 16, 16, 19, 17, 20, 17, 20, 11, 6, 6, 19, 16, 17, 11, 3, 10, 16, 8, 17, 17, 16, 8, 8, 1, 19, 3, 2, 8, 2, 6, 3, 1, 3, 8, 2, 10, 10, 19, 2, 10, 10, 19, 14, 11, 12, 4, 14, 4, 13, 10, 2, 19, 11, 12, 4, 4, 14, 10, 2, 19, 14, 14, 11, 12, 4, 12, 15, 4, 10, 3, 14, 16, 11, 16, 12, 4, 2, 10, 14, 4, 14, 11, 4, 12, 14, 7, 17, 4]
bestever    2136    in generation 373
[13, 1, 19, 20, 7, 9, 13, 1, 19, 20, 7, 9, 18, 5, 2, 18, 15, 20, 1, 2, 7, 15, 13, 14, 18, 1, 13, 3, 18, 13, 18, 5, 15, 9, 6, 8, 7, 3, 6, 15, 3, 16, 11, 17, 20, 7, 20, 1, 15, 5, 13, 8, 5, 6, 13, 13, 18, 5, 17, 20, 7, 16, 7, 18, 9, 8, 5, 20, 13, 9, 5, 6, 9, 18, 6, 15, 3, 9, 6, 1, 18, 12, 1, 5, 9, 15, 5, 7, 12, 17, 2, 12, 8, 5, 3, 9, 9, 12, 1, 6, 18, 16, 20, 17, 15, 15, 8, 7, 19, 11, 10, 11, 16, 16, 19, 17, 20, 17, 20, 11, 6, 6, 19, 16, 17, 11, 3, 10, 16, 8, 17, 17, 16, 8, 8, 1, 19, 3, 2, 8, 2, 6, 3, 1, 3, 8, 2, 10, 10, 19, 2, 10, 10, 19, 14, 11, 12, 4, 14, 4, 13, 10, 2, 19, 11, 12, 4, 4, 14, 10, 2, 19, 14, 14, 11, 12, 4, 12, 15, 4, 10, 3, 14, 16, 11, 16, 12, 4, 2, 10, 14, 4, 14, 11, 4, 12, 14, 7, 17, 4]
bestever    2121    in generation 374
[13, 1, 19, 20, 7, 9, 13, 1, 19, 20, 7, 9, 18, 5, 13, 18, 15, 20, 1, 2, 7, 15, 13, 14, 18, 1, 13, 3, 18, 2, 18, 5, 15, 9, 6, 8, 7, 3, 6, 15, 3, 16, 11, 17, 20, 7, 20, 1, 15, 5, 13, 8, 5, 6, 13, 13, 18, 5, 17, 20, 7, 16, 7, 18, 9, 8, 5, 20, 13, 9, 5, 6, 9, 18, 5, 15, 3, 9, 6, 1, 18, 12, 1, 6, 9, 15, 5, 7, 12, 17, 2, 12, 8, 5, 3, 9, 9, 12, 1, 6, 18, 16, 20, 17, 15, 15, 8, 7, 19, 11, 10, 11, 16, 16, 19, 17, 20, 17, 20, 11, 6, 6, 19, 16, 17, 11, 3, 10, 16, 8, 17, 17, 16, 8, 8, 1, 19, 3, 2, 8, 2, 6, 3, 1, 3, 8, 2, 10, 10, 19, 2, 10, 10, 19, 14, 11, 12, 4, 14, 4, 13, 10, 2, 19, 11, 12, 4, 4, 14, 10, 2, 19, 14, 14, 11, 12, 4, 12, 15, 4, 10, 3, 14, 16, 11, 16, 12, 4, 2, 10, 14, 4, 14, 11, 4, 12, 14, 7, 17, 4]
bestever    2103    in generation 388
[13, 1, 19, 20, 7, 9, 13, 1, 19, 20, 7, 9, 18, 5, 13, 18, 15, 20, 1, 2, 7, 15, 13, 14, 18, 1, 13, 3, 18, 2, 18, 5, 15, 9, 6, 8, 7, 3, 6, 15, 3, 16, 11, 17, 20, 7, 20, 1, 15, 9, 13, 8, 5, 6, 13, 13, 18, 5, 17, 20, 7, 16, 7, 18, 9, 8, 5, 20, 13, 9, 5, 6, 9, 18, 5, 15, 3, 5, 6, 1, 18, 12, 1, 6, 9, 15, 5, 7, 12, 17, 2, 12, 8, 5, 3, 9, 9, 12, 1, 6, 18, 16, 20, 17, 15, 15, 8, 7, 19, 11, 10, 11, 16, 16, 19, 17, 20, 17, 20, 11, 6, 6, 19, 16, 17, 11, 3, 10, 16, 8, 17, 17, 16, 8, 8, 1, 19, 3, 2, 8, 2, 6, 3, 1, 3, 8, 2, 10, 10, 19, 2, 10, 10, 19, 14, 11, 12, 4, 14, 4, 13, 10, 2, 19, 11, 12, 4, 4, 14, 10, 2, 19, 14, 14, 11, 12, 4, 12, 15, 4, 10, 3, 14, 16, 11, 16, 12, 4, 2, 10, 14, 4, 14, 11, 4, 12, 14, 7, 17, 4]
bestever    2082    in generation 408
[13, 1, 19, 20, 5, 9, 13, 1, 19, 20, 7, 9, 18, 5, 13, 18, 15, 20, 1, 2, 7, 15, 13, 14, 18, 1, 13, 3, 18, 2, 18, 7, 15, 9, 6, 8, 7, 3, 6, 15, 3, 16, 11, 17, 20, 7, 20, 1, 15, 9, 13, 8, 5, 6, 13, 13, 18, 5, 17, 20, 7, 16, 7, 18, 9, 8, 5, 20, 13, 9, 5, 6, 9, 18, 5, 15, 3, 5, 6, 1, 18, 12, 1, 6, 9, 15, 5, 7, 12, 17, 2, 12, 8, 5, 3, 9, 9, 12, 1, 6, 18, 16, 20, 17, 15, 15, 8, 7, 19, 11, 10, 11, 16, 16, 19, 17, 20, 17, 20, 11, 6, 6, 19, 16, 17, 11, 3, 10, 16, 8, 17, 17, 16, 8, 8, 1, 19, 3, 2, 8, 2, 6, 3, 1, 3, 8, 2, 10, 10, 19, 2, 10, 10, 19, 14, 11, 12, 4, 14, 4, 13, 10, 2, 19, 11, 12, 4, 4, 14, 10, 2, 19, 14, 14, 11, 12, 4, 12, 15, 4, 10, 3, 14, 16, 11, 16, 12, 4, 2, 10, 14, 4, 14, 11, 4, 12, 14, 7, 17, 4]
bestever    2074    in generation 440
[13, 1, 19, 20, 5, 9, 13, 1, 19, 20, 7, 9, 18, 5, 13, 18, 15, 20, 1, 2, 7, 15, 13, 14, 18, 1, 13, 3, 18, 2, 18, 7, 16, 9, 6, 8, 7, 3, 6, 15, 3, 16, 11, 17, 20, 7, 20, 1, 15, 9, 13, 8, 5, 6, 13, 13, 18, 5, 17, 20, 7, 16, 7, 18, 9, 8, 5, 20, 13, 9, 5, 6, 9, 18, 5, 15, 3, 5, 6, 1, 18, 12, 1, 6, 9, 15, 5, 7, 12, 17, 2, 12, 8, 5, 3, 9, 9, 12, 1, 6, 18, 16, 20, 17, 15, 15, 8, 7, 19, 11, 10, 11, 16, 16, 19, 17, 20, 17, 20, 11, 6, 6, 19, 15, 17, 11, 3, 10, 16, 8, 17, 17, 16, 8, 8, 1, 19, 3, 2, 8, 2, 6, 3, 1, 3, 8, 2, 10, 10, 19, 2, 10, 10, 19, 14, 11, 12, 4, 14, 4, 13, 10, 2, 19, 11, 12, 4, 4, 14, 10, 2, 19, 14, 14, 11, 12, 4, 12, 15, 4, 10, 3, 14, 16, 11, 16, 12, 4, 2, 10, 14, 4, 14, 11, 4, 12, 14, 7, 17, 4]
bestever    2072    in generation 457
[13, 1, 19, 20, 5, 9, 13, 1, 19, 20, 7, 9, 18, 5, 13, 18, 15, 20, 1, 2, 7, 15, 13, 18, 5, 1, 13, 3, 18, 2, 18, 7, 15, 9, 6, 8, 7, 3, 6, 15, 3, 16, 11, 17, 20, 7, 20, 1, 15, 9, 13, 8, 14, 6, 13, 13, 18, 5, 17, 20, 7, 16, 7, 18, 9, 8, 5, 20, 13, 9, 5, 6, 9, 18, 5, 15, 3, 5, 6, 1, 18, 12, 1, 6, 9, 15, 5, 7, 12, 17, 2, 12, 8, 5, 3, 9, 9, 12, 1, 6, 18, 16, 20, 17, 15, 15, 8, 7, 19, 11, 10, 11, 16, 16, 19, 17, 20, 17, 20, 11, 6, 6, 19, 16, 17, 11, 3, 10, 16, 8, 17, 17, 16, 8, 8, 1, 19, 3, 2, 8, 2, 6, 3, 1, 3, 8, 2, 10, 10, 19, 2, 10, 10, 19, 14, 11, 12, 4, 14, 4, 13, 10, 2, 19, 11, 12, 4, 4, 14, 10, 2, 19, 14, 14, 11, 12, 4, 12, 15, 4, 10, 3, 14, 16, 11, 16, 12, 4, 2, 10, 14, 4, 14, 11, 4, 12, 14, 7, 17, 4]
bestever    2055    in generation 484
[13, 1, 19, 20, 5, 9, 13, 1, 19, 20, 7, 9, 18, 5, 13, 18, 15, 20, 1, 2, 7, 15, 13, 18, 5, 1, 13, 3, 18, 2, 18, 7, 15, 9, 6, 8, 7, 3, 6, 15, 3, 16, 11, 17, 20, 7, 20, 1, 15, 9, 13, 8, 6, 13, 13, 18, 5, 17, 20, 7, 16, 7, 18, 9, 8, 5, 20, 13, 9, 5, 6, 9, 18, 5, 15, 3, 5, 6, 1, 18, 12, 1, 6, 9, 15, 5, 7, 12, 17, 2, 12, 8, 5, 3, 9, 9, 12, 1, 6, 18, 16, 20, 17, 15, 15, 8, 7, 19, 11, 10, 11, 16, 16, 19, 17, 20, 17, 20, 11, 6, 6, 19, 16, 17, 11, 3, 10, 16, 8, 17, 17, 16, 8, 8, 1, 19, 3, 2, 8, 2, 6, 3, 1, 3, 8, 2, 10, 10, 19, 2, 10, 10, 19, 11, 12, 13, 19, 4, 4, 2, 14, 14, 4, 4, 10, 14, 11, 12, 14, 10, 2, 19, 14, 14, 11, 12, 4, 12, 15, 4, 10, 3, 14, 16, 11, 16, 12, 4, 2, 10, 14, 4, 14, 11, 4, 12, 14, 7, 17, 4]
bestever    2052    in generation 496
[13, 1, 19, 20, 5, 9, 13, 1, 19, 20, 7, 9, 18, 5, 13, 18, 15, 20, 1, 2, 7, 15, 13, 18, 5, 1, 13, 3, 18, 17, 18, 7, 15, 9, 6, 8, 7, 3, 6, 15, 3, 16, 11, 17, 20, 7, 20, 1, 15, 9, 13, 8, 6, 13, 13, 18, 5, 17, 20, 7, 16, 7, 18, 9, 8, 5, 20, 13, 9, 5, 6, 9, 18, 5, 15, 3, 5, 6, 1, 18, 12, 1, 6, 9, 15, 5, 7, 12, 17, 2, 12, 8, 5, 3, 9, 9, 12, 1, 6, 18, 16, 20, 17, 15, 15, 8, 7, 19, 11, 10, 11, 16, 16, 19, 2, 20, 17, 20, 11, 6, 6, 19, 16, 17, 11, 3, 10, 16, 8, 17, 17, 16, 8, 8, 1, 19, 3, 2, 8, 2, 6, 3, 1, 3, 8, 2, 10, 10, 19, 2, 10, 10, 19, 11, 12, 13, 19, 4, 4, 2, 14, 14, 4, 4, 10, 14, 11, 12, 14, 10, 2, 19, 14, 14, 11, 12, 4, 12, 15, 4, 10, 3, 14, 16, 11, 16, 12, 4, 2, 10, 14, 4, 14, 11, 4, 12, 14, 7, 17, 4]
bestever    2045    in generation 514
[13, 1, 19, 20, 5, 9, 13, 1, 19, 20, 7, 9, 18, 5, 13, 18, 15, 20, 1, 2, 7, 15, 13, 18, 5, 1, 13, 3, 18, 17, 18, 7, 15, 9, 6, 8, 7, 3, 6, 15, 3, 16, 11, 17, 20, 7, 20, 1, 15, 9, 13, 8, 6, 13, 13, 18, 5, 17, 20, 7, 16, 7, 18, 9, 8, 5, 20, 13, 9, 5, 6, 9, 18, 17, 15, 3, 5, 6, 1, 18, 12, 1, 6, 9, 15, 5, 7, 12, 17, 2, 12, 8, 5, 3, 9, 9, 12, 1, 6, 18, 16, 20, 17, 15, 15, 8, 7, 19, 11, 10, 11, 16, 16, 19, 2, 20, 5, 20, 11, 6, 6, 19, 16, 17, 11, 3, 10, 16, 8, 17, 17, 16, 8, 8, 1, 19, 3, 2, 8, 2, 6, 3, 1, 3, 8, 2, 10, 10, 19, 2, 10, 10, 19, 11, 12, 13, 19, 4, 4, 2, 14, 14, 4, 4, 10, 14, 11, 12, 14, 10, 2, 19, 14, 14, 11, 12, 4, 12, 15, 4, 10, 3, 14, 16, 11, 16, 12, 4, 2, 10, 14, 4, 14, 11, 4, 12, 14, 7, 17, 4]
bestever    2041    in generation 555
[13, 1, 19, 20, 5, 9, 13, 1, 19, 20, 7, 9, 18, 5, 13, 18, 15, 20, 1, 2, 7, 15, 13, 18, 5, 1, 13, 3, 18, 17, 18, 7, 15, 9, 6, 8, 7, 3, 11, 15, 3, 16, 6, 17, 20, 7, 20, 1, 15, 9, 13, 8, 6, 13, 13, 18, 5, 17, 20, 7, 16, 7, 18, 9, 8, 5, 20, 13, 9, 5, 6, 9, 16, 17, 15, 3, 5, 6, 1, 18, 12, 1, 6, 9, 15, 5, 7, 12, 17, 2, 12, 8, 5, 3, 9, 9, 12, 1, 6, 18, 16, 20, 17, 15, 15, 8, 7, 19, 11, 10, 11, 18, 16, 19, 2, 20, 5, 20, 11, 6, 6, 19, 16, 17, 11, 3, 10, 16, 8, 17, 17, 16, 8, 8, 1, 19, 3, 2, 8, 2, 6, 3, 1, 3, 8, 2, 10, 10, 19, 2, 10, 10, 19, 11, 12, 13, 19, 4, 4, 2, 14, 14, 4, 4, 10, 14, 11, 12, 14, 10, 2, 19, 14, 14, 11, 12, 4, 12, 15, 4, 10, 3, 14, 16, 11, 16, 12, 4, 2, 10, 14, 4, 14, 11, 4, 12, 14, 7, 17, 4]
bestever    2020    in generation 578
[13, 1, 19, 20, 5, 9, 13, 1, 19, 20, 7, 9, 18, 5, 13, 18, 15, 20, 1, 2, 7, 15, 13, 18, 5, 1, 13, 3, 18, 17, 18, 7, 15, 9, 6, 8, 7, 3, 11, 15, 3, 16, 6, 17, 20, 7, 20, 1, 15, 9, 13, 8, 6, 13, 13, 20, 5, 17, 20, 7, 16, 7, 18, 9, 8, 5, 18, 13, 9, 5, 6, 9, 16, 17, 15, 3, 5, 6, 1, 18, 12, 1, 6, 9, 15, 5, 7, 12, 17, 2, 12, 8, 5, 3, 9, 9, 12, 1, 6, 18, 16, 20, 17, 15, 15, 8, 7, 19, 11, 10, 11, 18, 16, 19, 2, 20, 5, 20, 11, 6, 6, 19, 16, 17, 11, 3, 10, 16, 8, 17, 17, 16, 8, 8, 1, 19, 3, 2, 8, 2, 6, 3, 1, 3, 8, 2, 10, 10, 19, 2, 10, 10, 19, 11, 12, 13, 19, 4, 4, 2, 14, 14, 4, 4, 10, 14, 11, 12, 14, 10, 2, 19, 14, 14, 11, 12, 4, 12, 15, 4, 10, 3, 14, 16, 11, 16, 12, 4, 2, 10, 14, 4, 14, 11, 4, 12, 14, 7, 17, 4]
bestever    2018    in generation 627
[13, 1, 19, 20, 5, 9, 13, 1, 19, 20, 7, 9, 18, 5, 13, 18, 15, 20, 1, 2, 7, 15, 13, 18, 5, 1, 13, 3, 18, 17, 18, 7, 15, 9, 6, 8, 7, 3, 11, 15, 3, 16, 6, 17, 20, 7, 20, 1, 15, 9, 13, 8, 6, 13, 13, 20, 5, 17, 20, 7, 16, 7, 18, 9, 8, 5, 18, 13, 9, 5, 6, 9, 16, 17, 15, 3, 5, 6, 1, 18, 12, 1, 6, 9, 15, 5, 7, 12, 17, 2, 12, 8, 5, 3, 9, 9, 16, 1, 6, 18, 16, 20, 17, 15, 15, 8, 7, 19, 11, 10, 11, 18, 16, 19, 2, 20, 5, 20, 11, 6, 6, 19, 12, 17, 11, 3, 10, 16, 8, 17, 17, 16, 8, 8, 1, 19, 3, 2, 8, 2, 6, 3, 1, 3, 8, 2, 10, 10, 19, 2, 10, 10, 19, 11, 12, 13, 19, 4, 4, 2, 14, 14, 4, 10, 14, 11, 12, 14, 10, 2, 19, 14, 11, 14, 4, 12, 4, 12, 15, 4, 10, 3, 14, 16, 11, 16, 12, 4, 2, 10, 14, 4, 14, 11, 4, 12, 14, 7, 17, 4]
bestever    2011    in generation 641
[13, 1, 19, 20, 5, 9, 13, 1, 19, 20, 7, 9, 18, 5, 13, 18, 15, 20, 1, 2, 7, 15, 13, 18, 5, 1, 13, 3, 18, 17, 18, 7, 15, 9, 6, 8, 7, 3, 11, 15, 3, 16, 6, 17, 20, 7, 20, 1, 15, 9, 13, 8, 6, 13, 13, 20, 5, 17, 20, 7, 16, 7, 18, 9, 8, 5, 18, 13, 9, 5, 6, 9, 16, 17, 15, 3, 5, 6, 11, 18, 12, 1, 6, 9, 15, 5, 7, 12, 17, 2, 12, 8, 5, 3, 9, 9, 16, 1, 6, 18, 16, 20, 17, 15, 15, 8, 7, 19, 1, 10, 11, 18, 16, 19, 2, 20, 5, 20, 11, 6, 6, 19, 12, 17, 11, 3, 10, 16, 8, 17, 17, 16, 8, 8, 1, 19, 3, 2, 8, 2, 6, 3, 1, 3, 8, 2, 10, 10, 19, 2, 10, 10, 19, 11, 12, 13, 19, 4, 4, 2, 14, 14, 4, 10, 14, 11, 12, 14, 10, 2, 19, 14, 11, 14, 4, 12, 4, 12, 15, 4, 10, 3, 14, 16, 11, 16, 12, 4, 2, 10, 14, 4, 14, 11, 4, 12, 14, 7, 17, 4]
bestever    2010    in generation 725
[13, 1, 19, 20, 5, 9, 13, 1, 19, 20, 7, 9, 18, 5, 13, 18, 15, 20, 1, 2, 7, 15, 13, 18, 5, 1, 13, 3, 18, 17, 18, 7, 15, 9, 6, 8, 7, 3, 11, 15, 3, 16, 20, 17, 6, 7, 20, 1, 15, 9, 13, 8, 6, 13, 13, 20, 5, 17, 20, 7, 16, 7, 18, 9, 8, 5, 18, 13, 9, 5, 6, 9, 16, 17, 15, 3, 5, 6, 11, 18, 12, 1, 6, 9, 15, 5, 7, 12, 17, 2, 12, 8, 5, 3, 9, 9, 16, 1, 6, 18, 16, 20, 17, 15, 15, 8, 7, 19, 1, 10, 11, 18, 16, 19, 2, 20, 5, 20, 11, 6, 6, 19, 12, 17, 11, 3, 10, 16, 8, 17, 17, 16, 8, 8, 1, 19, 3, 2, 8, 2, 6, 3, 1, 3, 8, 2, 10, 10, 19, 2, 10, 10, 19, 11, 12, 13, 19, 4, 4, 2, 14, 14, 4, 10, 14, 11, 12, 14, 10, 2, 19, 14, 11, 14, 4, 12, 4, 12, 15, 4, 10, 3, 14, 16, 11, 16, 12, 4, 2, 10, 14, 4, 14, 11, 4, 12, 14, 7, 17, 4]
bestever    2006    in generation 747
[13, 1, 19, 20, 5, 9, 13, 1, 19, 20, 7, 9, 18, 5, 13, 18, 15, 20, 1, 2, 7, 15, 13, 18, 5, 1, 13, 3, 18, 17, 18, 7, 15, 9, 6, 8, 7, 3, 11, 15, 3, 16, 20, 17, 6, 7, 20, 1, 15, 9, 13, 8, 6, 13, 13, 20, 5, 17, 20, 7, 16, 7, 18, 9, 3, 5, 18, 13, 9, 5, 6, 9, 16, 17, 15, 8, 5, 6, 11, 18, 12, 1, 6, 9, 15, 5, 7, 12, 17, 2, 12, 8, 5, 3, 9, 9, 16, 1, 6, 18, 16, 20, 17, 15, 15, 8, 7, 19, 1, 10, 11, 18, 16, 19, 2, 20, 5, 20, 11, 6, 6, 19, 12, 17, 11, 3, 10, 16, 8, 17, 17, 16, 8, 8, 1, 19, 3, 2, 8, 2, 6, 3, 1, 3, 8, 2, 10, 10, 19, 2, 10, 10, 19, 11, 12, 13, 19, 4, 4, 2, 14, 14, 4, 10, 14, 11, 12, 14, 10, 2, 19, 14, 11, 14, 4, 12, 4, 12, 15, 4, 10, 3, 14, 16, 11, 16, 12, 4, 2, 10, 14, 14, 11, 4, 4, 12, 14, 7, 17, 4]
bestever    1996    in generation 849
[13, 1, 19, 20, 5, 9, 13, 1, 19, 20, 7, 9, 18, 5, 13, 18, 15, 20, 1, 2, 7, 15, 13, 18, 5, 1, 13, 3, 18, 17, 18, 7, 15, 9, 6, 8, 7, 3, 11, 15, 3, 16, 20, 17, 6, 7, 20, 1, 15, 9, 13, 8, 6, 13, 13, 20, 5, 17, 20, 7, 16, 7, 18, 9, 3, 5, 18, 13, 9, 5, 6, 9, 16, 17, 15, 8, 5, 6, 11, 18, 12, 1, 6, 9, 15, 5, 7, 12, 17, 2, 10, 8, 5, 3, 9, 9, 16, 1, 6, 18, 16, 20, 17, 15, 15, 8, 7, 19, 1, 12, 11, 18, 16, 19, 6, 20, 5, 20, 11, 2, 6, 19, 12, 17, 11, 3, 10, 16, 8, 17, 17, 16, 8, 8, 1, 19, 3, 2, 8, 2, 6, 3, 1, 3, 8, 2, 10, 10, 19, 2, 10, 10, 19, 11, 12, 13, 19, 4, 2, 14, 14, 10, 14, 11, 14, 10, 2, 19, 14, 11, 12, 4, 14, 4, 4, 12, 4, 12, 15, 4, 10, 3, 14, 16, 11, 16, 12, 4, 2, 10, 14, 14, 11, 4, 4, 12, 14, 7, 17, 4]
bestever    1988    in generation 873
[13, 1, 13, 20, 5, 9, 13, 1, 19, 20, 7, 9, 18, 5, 13, 18, 15, 20, 1, 2, 7, 15, 13, 18, 5, 1, 13, 3, 18, 17, 18, 7, 15, 9, 6, 8, 7, 3, 11, 15, 3, 16, 20, 17, 6, 7, 20, 1, 15, 9, 13, 8, 6, 13, 13, 20, 5, 17, 20, 7, 16, 7, 18, 9, 3, 5, 18, 19, 9, 5, 6, 9, 16, 17, 15, 8, 5, 6, 11, 18, 12, 1, 6, 9, 15, 5, 7, 12, 17, 2, 10, 8, 5, 3, 9, 9, 16, 1, 6, 18, 16, 20, 17, 15, 15, 8, 7, 19, 1, 12, 11, 18, 16, 19, 6, 20, 5, 20, 11, 2, 6, 19, 12, 17, 11, 3, 10, 16, 8, 17, 17, 16, 8, 8, 1, 19, 3, 2, 8, 2, 6, 3, 1, 3, 8, 2, 10, 10, 19, 2, 10, 10, 19, 11, 12, 13, 19, 4, 2, 14, 14, 10, 14, 11, 14, 10, 2, 19, 14, 11, 12, 4, 14, 4, 4, 12, 4, 12, 15, 4, 10, 3, 14, 16, 11, 16, 12, 4, 2, 10, 14, 14, 11, 4, 4, 12, 14, 7, 17, 4]
bestever    1986    in generation 899
[13, 1, 13, 20, 5, 9, 13, 1, 19, 20, 7, 9, 18, 5, 13, 18, 15, 20, 1, 2, 7, 15, 13, 18, 5, 1, 13, 3, 18, 17, 18, 7, 15, 9, 6, 8, 7, 3, 11, 15, 3, 16, 20, 17, 6, 7, 20, 1, 15, 9, 13, 8, 6, 13, 13, 20, 5, 17, 20, 7, 16, 7, 18, 9, 3, 5, 18, 19, 9, 5, 6, 9, 16, 17, 15, 8, 5, 6, 11, 18, 12, 1, 6, 9, 15, 5, 7, 12, 17, 2, 10, 8, 5, 3, 9, 9, 16, 1, 6, 18, 16, 20, 17, 15, 15, 8, 7, 19, 1, 12, 11, 18, 16, 19, 6, 20, 5, 20, 11, 2, 6, 19, 12, 17, 11, 3, 10, 16, 8, 17, 17, 16, 8, 8, 1, 19, 3, 2, 8, 2, 6, 3, 1, 3, 8, 2, 4, 10, 19, 2, 10, 10, 19, 11, 12, 13, 19, 4, 2, 14, 14, 10, 14, 11, 14, 10, 2, 19, 14, 11, 12, 4, 14, 4, 4, 12, 10, 12, 15, 4, 10, 3, 14, 16, 11, 16, 12, 4, 2, 10, 14, 14, 11, 4, 4, 12, 14, 7, 17, 4]
bestever    1982    in generation 946
[13, 1, 13, 20, 5, 9, 13, 1, 19, 20, 7, 9, 18, 5, 13, 18, 15, 20, 1, 7, 15, 13, 18, 5, 1, 13, 3, 18, 17, 18, 7, 15, 9, 6, 8, 7, 3, 11, 15, 3, 16, 20, 17, 6, 7, 20, 1, 15, 9, 13, 8, 6, 13, 13, 20, 5, 17, 20, 7, 16, 7, 18, 9, 3, 5, 18, 19, 9, 5, 6, 9, 16, 17, 15, 8, 5, 6, 11, 18, 12, 1, 6, 9, 15, 5, 7, 12, 17, 10, 8, 5, 3, 9, 9, 16, 1, 6, 18, 16, 20, 17, 15, 15, 8, 7, 19, 1, 12, 11, 18, 16, 19, 6, 20, 5, 20, 11, 2, 6, 19, 12, 17, 11, 3, 10, 16, 8, 17, 17, 16, 8, 8, 1, 19, 2, 8, 2, 3, 2, 2, 6, 3, 1, 3, 8, 2, 4, 10, 19, 2, 10, 10, 19, 11, 12, 13, 19, 4, 2, 14, 14, 10, 14, 11, 14, 10, 2, 19, 14, 11, 12, 4, 14, 4, 4, 12, 10, 12, 15, 4, 10, 3, 14, 16, 11, 16, 12, 4, 2, 10, 14, 14, 11, 4, 4, 12, 14, 7, 17, 4]
bestever    1980    in generation 1027
[13, 1, 13, 20, 5, 9, 13, 1, 19, 20, 7, 9, 18, 5, 13, 18, 15, 20, 1, 7, 15, 13, 18, 5, 1, 13, 3, 18, 17, 18, 7, 15, 9, 6, 8, 7, 3, 11, 15, 3, 16, 20, 17, 6, 7, 20, 1, 15, 9, 13, 8, 6, 13, 13, 20, 5, 17, 20, 7, 16, 7, 18, 9, 3, 5, 18, 19, 9, 5, 6, 9, 16, 17, 15, 8, 5, 6, 11, 18, 12, 1, 6, 9, 15, 5, 7, 12, 17, 10, 8, 5, 3, 9, 9, 16, 1, 6, 18, 16, 20, 17, 15, 15, 8, 7, 19, 1, 12, 11, 18, 16, 19, 6, 20, 5, 20, 11, 2, 6, 19, 12, 17, 11, 3, 10, 16, 8, 17, 17, 16, 8, 8, 1, 19, 2, 8, 2, 3, 2, 2, 6, 3, 1, 3, 8, 2, 4, 10, 19, 2, 10, 10, 19, 11, 12, 13, 19, 4, 2, 14, 14, 10, 14, 11, 14, 10, 2, 19, 14, 11, 12, 4, 12, 10, 15, 4, 2, 3, 12, 4, 14, 14, 16, 11, 16, 12, 4, 10, 10, 14, 14, 11, 4, 4, 4, 12, 14, 7, 17, 4]
bestever    1975    in generation 1107
[13, 1, 13, 20, 5, 9, 13, 1, 19, 20, 7, 9, 18, 5, 13, 18, 15, 20, 1, 7, 15, 13, 18, 5, 1, 13, 3, 18, 17, 18, 7, 15, 9, 6, 8, 7, 3, 11, 15, 3, 16, 20, 17, 6, 7, 20, 1, 15, 9, 13, 8, 6, 13, 13, 20, 5, 17, 20, 7, 16, 7, 18, 9, 3, 5, 18, 19, 9, 5, 6, 9, 16, 17, 15, 8, 5, 6, 11, 18, 12, 1, 6, 9, 15, 5, 7, 12, 17, 10, 8, 5, 8, 9, 9, 16, 1, 6, 18, 16, 20, 17, 15, 15, 3, 7, 19, 1, 12, 11, 18, 16, 19, 6, 20, 5, 20, 11, 2, 6, 19, 12, 17, 11, 3, 10, 16, 8, 17, 17, 16, 8, 8, 1, 19, 2, 8, 2, 3, 2, 2, 6, 3, 1, 3, 8, 2, 4, 10, 19, 2, 10, 10, 19, 11, 12, 13, 19, 4, 2, 14, 14, 10, 14, 11, 14, 10, 2, 19, 11, 12, 4, 12, 10, 15, 4, 2, 3, 12, 14, 4, 14, 14, 16, 11, 16, 12, 12, 10, 10, 14, 14, 11, 4, 4, 4, 4, 14, 7, 17, 4]
bestever    1970    in generation 1158
[13, 1, 13, 20, 5, 9, 13, 1, 19, 20, 7, 9, 18, 5, 13, 18, 15, 20, 1, 7, 15, 13, 18, 5, 1, 13, 3, 18, 17, 18, 7, 15, 9, 6, 8, 7, 3, 11, 15, 3, 16, 20, 17, 6, 7, 20, 1, 15, 9, 13, 8, 6, 13, 13, 20, 5, 17, 20, 7, 16, 7, 18, 9, 3, 5, 18, 19, 9, 5, 6, 9, 16, 17, 15, 8, 5, 6, 11, 18, 12, 1, 6, 9, 15, 5, 7, 12, 17, 10, 8, 5, 8, 9, 9, 16, 1, 6, 18, 16, 20, 17, 15, 15, 3, 7, 19, 1, 12, 11, 18, 16, 19, 6, 20, 5, 20, 11, 2, 6, 19, 12, 17, 11, 3, 10, 16, 8, 17, 17, 16, 8, 8, 1, 19, 2, 8, 2, 3, 3, 2, 6, 3, 1, 3, 8, 2, 4, 10, 19, 2, 10, 10, 19, 11, 12, 13, 19, 4, 2, 14, 14, 10, 14, 11, 14, 10, 2, 19, 11, 12, 4, 12, 10, 15, 4, 2, 2, 12, 14, 4, 14, 14, 16, 11, 16, 12, 12, 10, 10, 14, 14, 11, 4, 4, 4, 4, 14, 7, 17, 4]
bestever    1963    in generation 1174
[13, 1, 13, 20, 19, 9, 13, 1, 5, 20, 7, 9, 18, 5, 13, 18, 15, 20, 1, 7, 15, 13, 18, 5, 1, 13, 3, 18, 17, 18, 7, 15, 9, 6, 8, 7, 3, 11, 15, 3, 16, 20, 17, 6, 7, 20, 1, 15, 9, 13, 8, 6, 13, 13, 20, 5, 17, 20, 7, 16, 7, 18, 9, 3, 5, 18, 19, 9, 5, 6, 9, 16, 17, 15, 8, 5, 6, 11, 18, 12, 1, 6, 9, 15, 5, 7, 12, 17, 10, 8, 5, 8, 9, 9, 16, 1, 6, 18, 16, 20, 17, 15, 15, 3, 7, 19, 1, 12, 11, 18, 16, 19, 6, 20, 5, 20, 11, 2, 6, 19, 12, 17, 11, 3, 10, 16, 8, 17, 17, 16, 8, 8, 1, 19, 2, 8, 2, 3, 2, 2, 6, 3, 1, 3, 8, 2, 4, 10, 19, 2, 10, 10, 19, 11, 12, 13, 19, 4, 2, 14, 14, 10, 14, 11, 14, 10, 2, 19, 11, 12, 4, 12, 10, 15, 4, 2, 3, 12, 14, 4, 14, 14, 16, 11, 16, 12, 12, 10, 10, 14, 14, 11, 4, 4, 4, 4, 14, 7, 17, 4]
bestever    1960    in generation 1239
[13, 1, 13, 20, 19, 9, 13, 1, 5, 20, 1, 9, 18, 5, 13, 18, 15, 20, 7, 7, 15, 13, 18, 5, 1, 13, 3, 18, 17, 18, 7, 15, 9, 6, 8, 7, 3, 11, 15, 3, 16, 20, 17, 6, 7, 20, 1, 15, 9, 13, 8, 6, 13, 13, 20, 5, 17, 20, 7, 16, 7, 18, 9, 3, 5, 18, 19, 9, 5, 6, 9, 16, 17, 15, 8, 5, 6, 11, 18, 12, 1, 6, 9, 15, 5, 7, 12, 17, 10, 8, 5, 8, 9, 9, 16, 1, 6, 18, 16, 20, 17, 15, 15, 3, 7, 19, 1, 12, 11, 18, 16, 19, 6, 20, 5, 20, 11, 2, 6, 19, 12, 17, 11, 3, 10, 16, 8, 17, 17, 16, 8, 8, 1, 19, 2, 8, 2, 3, 2, 2, 6, 3, 1, 3, 8, 2, 4, 10, 19, 2, 10, 10, 19, 11, 12, 13, 19, 4, 2, 14, 14, 10, 14, 11, 14, 10, 2, 19, 11, 12, 4, 12, 10, 15, 4, 2, 3, 12, 14, 4, 14, 14, 16, 11, 16, 12, 12, 10, 10, 14, 14, 11, 4, 4, 4, 4, 14, 7, 17, 4]
bestever    1954    in generation 1259
[13, 1, 13, 20, 19, 9, 13, 1, 5, 20, 1, 9, 18, 5, 13, 18, 15, 20, 7, 7, 15, 13, 18, 5, 1, 13, 3, 18, 17, 18, 7, 15, 9, 6, 8, 7, 3, 11, 15, 3, 16, 20, 17, 6, 7, 20, 1, 15, 9, 13, 8, 6, 13, 13, 20, 5, 17, 20, 7, 16, 7, 18, 9, 3, 5, 18, 19, 9, 5, 6, 9, 16, 17, 15, 8, 5, 6, 11, 18, 12, 1, 6, 9, 15, 5, 7, 12, 17, 10, 8, 5, 8, 9, 9, 16, 1, 6, 18, 16, 20, 17, 15, 15, 3, 7, 19, 1, 12, 11, 18, 16, 19, 6, 20, 5, 20, 11, 2, 6, 19, 12, 17, 11, 3, 10, 16, 8, 17, 17, 16, 8, 8, 1, 19, 2, 8, 2, 3, 2, 2, 6, 3, 1, 3, 8, 2, 4, 10, 19, 2, 10, 10, 19, 11, 12, 13, 19, 4, 2, 14, 14, 10, 14, 11, 14, 10, 2, 19, 11, 12, 4, 12, 10, 15, 4, 2, 3, 12, 14, 4, 14, 14, 16, 11, 16, 12, 12, 10, 10, 14, 14, 11, 4, 7, 17, 4, 4, 4, 14, 4]
bestever    1952    in generation 1342
[13, 1, 13, 20, 19, 9, 13, 1, 5, 20, 1, 9, 18, 5, 13, 18, 15, 20, 7, 7, 15, 13, 18, 5, 1, 13, 3, 18, 17, 18, 7, 15, 9, 6, 8, 7, 3, 11, 15, 3, 16, 20, 17, 6, 7, 20, 1, 15, 9, 13, 8, 6, 13, 13, 20, 5, 17, 20, 7, 16, 7, 18, 9, 3, 5, 18, 19, 9, 5, 6, 9, 16, 17, 15, 8, 5, 6, 11, 18, 12, 1, 6, 9, 15, 5, 7, 12, 17, 10, 8, 5, 8, 9, 9, 16, 1, 6, 18, 16, 20, 17, 15, 15, 3, 7, 19, 1, 16, 11, 18, 12, 19, 6, 20, 5, 20, 11, 2, 6, 19, 12, 17, 11, 3, 10, 16, 8, 17, 17, 16, 8, 8, 1, 19, 2, 8, 2, 3, 2, 2, 6, 3, 1, 3, 8, 2, 4, 10, 19, 2, 10, 10, 19, 11, 12, 13, 19, 4, 2, 14, 14, 10, 14, 11, 14, 10, 2, 19, 11, 12, 4, 12, 10, 15, 14, 2, 3, 12, 14, 4, 14, 14, 16, 11, 16, 12, 12, 10, 10, 14, 4, 11, 4, 7, 17, 4, 4, 4, 14, 4]
bestever    1944    in generation 1360
[13, 1, 13, 20, 19, 9, 13, 1, 5, 20, 1, 9, 18, 5, 7, 18, 15, 20, 13, 7, 15, 13, 18, 5, 1, 13, 3, 18, 17, 18, 7, 15, 9, 6, 8, 7, 3, 11, 15, 3, 16, 20, 17, 6, 7, 20, 1, 15, 9, 13, 8, 6, 13, 13, 20, 5, 17, 20, 7, 16, 7, 18, 9, 3, 5, 18, 19, 9, 5, 6, 9, 16, 17, 15, 8, 5, 6, 11, 18, 12, 1, 6, 9, 15, 5, 7, 12, 17, 10, 8, 5, 8, 9, 9, 16, 1, 6, 18, 16, 20, 17, 15, 15, 3, 7, 19, 1, 16, 11, 18, 12, 19, 6, 20, 5, 20, 11, 2, 6, 19, 12, 17, 11, 3, 10, 16, 8, 17, 17, 16, 8, 8, 1, 19, 2, 8, 2, 3, 2, 2, 6, 3, 1, 3, 8, 2, 4, 10, 19, 2, 10, 10, 19, 11, 12, 13, 19, 4, 2, 14, 14, 10, 14, 11, 14, 10, 2, 19, 11, 12, 4, 12, 10, 15, 14, 2, 3, 12, 14, 4, 14, 14, 16, 11, 16, 12, 12, 10, 10, 14, 4, 11, 4, 7, 17, 4, 4, 4, 14, 4]
bestever    1943    in generation 1541
[13, 1, 13, 20, 19, 9, 13, 1, 5, 20, 1, 9, 18, 5, 7, 18, 15, 20, 13, 7, 15, 13, 18, 5, 1, 13, 3, 18, 17, 18, 7, 15, 9, 6, 8, 7, 3, 11, 15, 3, 16, 20, 17, 4, 6, 7, 20, 1, 15, 9, 13, 8, 2, 6, 13, 13, 20, 5, 17, 20, 7, 16, 7, 18, 9, 3, 5, 18, 19, 9, 5, 6, 9, 16, 17, 15, 8, 5, 6, 11, 18, 12, 1, 6, 9, 15, 5, 7, 12, 17, 10, 8, 5, 8, 9, 9, 16, 1, 6, 18, 16, 20, 17, 15, 15, 3, 7, 19, 1, 16, 11, 18, 12, 19, 6, 20, 5, 20, 11, 2, 6, 19, 12, 17, 11, 3, 10, 16, 8, 17, 17, 16, 8, 8, 1, 19, 2, 8, 11, 3, 2, 6, 3, 1, 3, 8, 2, 4, 10, 19, 2, 10, 10, 19, 11, 12, 13, 19, 4, 2, 14, 14, 10, 14, 2, 14, 10, 2, 19, 11, 12, 4, 12, 10, 15, 14, 2, 3, 12, 14, 14, 14, 16, 11, 16, 12, 12, 10, 10, 14, 4, 11, 4, 7, 17, 4, 4, 4, 14, 4]
bestever    1930    in generation 1546
[13, 1, 13, 20, 19, 9, 13, 1, 5, 20, 1, 9, 18, 5, 7, 18, 15, 20, 13, 7, 15, 13, 18, 5, 1, 13, 3, 18, 17, 18, 7, 15, 9, 6, 8, 7, 3, 11, 15, 3, 16, 20, 17, 4, 6, 7, 20, 1, 15, 9, 13, 8, 2, 6, 13, 13, 20, 5, 17, 20, 7, 16, 7, 18, 9, 3, 5, 18, 19, 9, 5, 6, 9, 16, 17, 15, 8, 5, 6, 11, 18, 12, 1, 6, 9, 15, 5, 7, 12, 17, 10, 8, 5, 8, 9, 9, 16, 1, 6, 18, 16, 20, 17, 15, 15, 3, 7, 19, 1, 16, 11, 18, 12, 19, 6, 20, 5, 20, 11, 2, 6, 19, 12, 17, 11, 3, 10, 16, 8, 17, 17, 16, 8, 8, 1, 19, 2, 8, 11, 3, 2, 6, 3, 1, 3, 8, 2, 4, 10, 19, 2, 10, 10, 19, 11, 12, 13, 19, 4, 2, 14, 14, 10, 14, 2, 3, 10, 2, 19, 11, 12, 4, 12, 10, 15, 14, 2, 14, 12, 14, 14, 14, 16, 11, 16, 12, 12, 10, 10, 14, 4, 11, 4, 7, 17, 4, 4, 4, 14, 4]
bestever    1920    in generation 1611
[13, 1, 13, 20, 19, 9, 13, 1, 5, 20, 1, 9, 18, 5, 7, 18, 15, 20, 13, 7, 20, 13, 18, 5, 1, 13, 3, 18, 17, 18, 7, 15, 9, 6, 8, 7, 3, 11, 15, 3, 16, 20, 17, 6, 7, 15, 1, 15, 9, 13, 8, 2, 6, 13, 13, 20, 5, 17, 20, 7, 16, 7, 18, 9, 3, 5, 18, 19, 9, 5, 6, 9, 16, 17, 15, 8, 5, 6, 11, 18, 12, 1, 6, 9, 15, 5, 7, 12, 17, 10, 8, 5, 8, 9, 9, 16, 1, 6, 18, 16, 20, 17, 15, 15, 3, 7, 19, 1, 16, 11, 18, 12, 19, 6, 20, 5, 20, 11, 2, 6, 19, 12, 17, 11, 3, 10, 16, 8, 17, 17, 16, 8, 8, 1, 19, 2, 8, 4, 11, 3, 2, 6, 3, 1, 3, 8, 2, 4, 10, 19, 2, 10, 10, 19, 11, 12, 13, 19, 4, 2, 14, 14, 10, 14, 2, 3, 10, 2, 19, 11, 12, 4, 12, 10, 15, 14, 2, 14, 12, 14, 14, 14, 16, 11, 16, 12, 12, 10, 10, 14, 4, 11, 4, 7, 17, 4, 4, 4, 14, 4]
bestever    1913    in generation 1698
[13, 1, 13, 20, 15, 9, 13, 1, 5, 20, 1, 9, 18, 5, 7, 18, 15, 20, 13, 7, 20, 13, 18, 5, 1, 13, 3, 18, 17, 18, 7, 15, 9, 6, 8, 7, 3, 11, 15, 3, 16, 20, 17, 6, 7, 15, 1, 19, 9, 13, 8, 2, 6, 13, 13, 20, 5, 17, 20, 7, 16, 7, 18, 9, 3, 5, 18, 19, 9, 5, 6, 9, 16, 17, 15, 8, 5, 6, 11, 18, 12, 1, 6, 9, 15, 5, 7, 12, 17, 10, 8, 5, 8, 9, 9, 16, 1, 6, 18, 16, 20, 17, 15, 15, 3, 7, 19, 1, 16, 11, 18, 12, 19, 6, 20, 5, 20, 11, 2, 6, 19, 12, 17, 11, 3, 10, 16, 8, 17, 17, 16, 8, 8, 1, 19, 2, 8, 4, 11, 3, 2, 6, 3, 1, 3, 8, 2, 4, 10, 19, 2, 10, 10, 19, 11, 12, 13, 19, 4, 2, 14, 14, 10, 14, 2, 3, 10, 2, 19, 11, 12, 4, 12, 10, 15, 14, 2, 14, 12, 14, 14, 14, 16, 11, 16, 12, 12, 10, 10, 14, 4, 11, 4, 7, 17, 4, 4, 4, 14, 4]
bestever    1909    in generation 1881
[13, 1, 13, 20, 15, 9, 13, 1, 5, 20, 1, 9, 18, 5, 7, 18, 15, 20, 13, 7, 20, 13, 18, 5, 18, 1, 13, 3, 18, 17, 18, 7, 15, 9, 6, 8, 7, 3, 11, 15, 3, 16, 20, 17, 6, 7, 15, 1, 19, 9, 13, 8, 20, 2, 6, 13, 13, 20, 5, 17, 20, 7, 16, 7, 18, 9, 3, 5, 19, 9, 5, 6, 9, 16, 17, 15, 8, 5, 6, 11, 18, 12, 1, 6, 9, 15, 5, 7, 12, 17, 10, 8, 5, 8, 9, 9, 16, 1, 6, 18, 16, 20, 17, 15, 15, 14, 3, 7, 19, 1, 16, 11, 18, 12, 19, 6, 20, 5, 11, 2, 6, 19, 12, 17, 11, 3, 10, 16, 8, 17, 17, 16, 8, 8, 1, 19, 2, 8, 4, 11, 3, 2, 6, 3, 1, 3, 8, 2, 4, 10, 19, 2, 10, 10, 19, 11, 12, 13, 19, 4, 2, 14, 10, 14, 2, 3, 10, 2, 19, 11, 12, 12, 10, 15, 14, 2, 14, 12, 4, 14, 14, 14, 16, 11, 16, 12, 12, 10, 10, 14, 4, 11, 4, 7, 17, 4, 4, 4, 14, 4]
bestever    1900    in generation 2007
[13, 1, 13, 20, 15, 9, 13, 1, 5, 20, 1, 9, 18, 5, 7, 18, 15, 20, 13, 7, 9, 20, 13, 18, 5, 18, 1, 13, 3, 18, 17, 18, 7, 15, 6, 8, 7, 3, 11, 15, 3, 16, 20, 17, 6, 7, 15, 1, 19, 9, 13, 8, 20, 2, 6, 13, 13, 20, 5, 17, 20, 4, 7, 16, 7, 18, 9, 3, 5, 19, 9, 5, 6, 9, 16, 17, 15, 8, 5, 6, 11, 18, 12, 1, 6, 9, 15, 5, 7, 12, 17, 10, 8, 5, 8, 9, 9, 16, 1, 6, 18, 16, 20, 17, 15, 15, 14, 3, 7, 19, 1, 16, 11, 18, 12, 19, 6, 20, 5, 11, 2, 6, 19, 12, 11, 17, 3, 10, 16, 8, 17, 17, 16, 8, 8, 1, 19, 2, 8, 11, 3, 2, 6, 3, 1, 3, 8, 2, 10, 19, 2, 10, 10, 19, 14, 12, 13, 19, 4, 2, 14, 10, 11, 2, 3, 10, 2, 19, 11, 12, 12, 10, 15, 14, 2, 14, 12, 4, 14, 14, 16, 14, 4, 4, 11, 16, 12, 12, 10, 10, 14, 4, 11, 7, 17, 4, 4, 4, 14, 4]
bestever    1895    in generation 2199
[13, 1, 13, 20, 15, 9, 13, 1, 5, 20, 1, 9, 18, 5, 7, 18, 15, 20, 13, 7, 9, 20, 13, 18, 5, 18, 1, 6, 13, 3, 18, 17, 18, 7, 15, 6, 8, 7, 3, 11, 15, 3, 16, 20, 17, 7, 15, 1, 19, 9, 13, 8, 20, 2, 6, 13, 13, 20, 5, 17, 20, 4, 7, 16, 7, 18, 9, 3, 5, 19, 9, 5, 6, 9, 16, 17, 15, 8, 5, 6, 11, 18, 12, 1, 6, 9, 15, 5, 7, 12, 17, 10, 8, 5, 8, 9, 9, 16, 1, 6, 18, 16, 20, 17, 15, 15, 14, 3, 7, 19, 1, 16, 11, 18, 12, 19, 6, 20, 5, 11, 2, 6, 19, 12, 11, 17, 3, 10, 16, 8, 17, 17, 16, 8, 8, 1, 19, 2, 8, 11, 3, 2, 6, 3, 1, 15, 3, 8, 2, 10, 19, 2, 10, 10, 19, 14, 13, 19, 2, 14, 10, 11, 2, 3, 10, 2, 19, 11, 12, 12, 10, 12, 14, 2, 14, 12, 14, 16, 14, 4, 11, 16, 4, 4, 12, 14, 4, 12, 10, 10, 14, 4, 11, 7, 17, 4, 4, 4, 14, 4]
bestever    1894    in generation 2258
[13, 1, 13, 20, 15, 9, 13, 1, 5, 20, 1, 9, 18, 5, 7, 18, 15, 20, 13, 7, 9, 20, 13, 18, 5, 18, 1, 6, 13, 3, 18, 17, 18, 7, 9, 6, 8, 7, 3, 11, 15, 3, 16, 20, 17, 7, 15, 1, 19, 9, 13, 8, 20, 2, 6, 13, 13, 20, 5, 17, 20, 4, 7, 16, 7, 18, 9, 3, 5, 19, 9, 5, 6, 15, 16, 17, 15, 8, 5, 6, 11, 18, 12, 1, 6, 9, 15, 5, 7, 12, 17, 10, 8, 5, 8, 9, 9, 16, 1, 6, 18, 16, 20, 17, 15, 15, 14, 3, 7, 19, 1, 16, 11, 18, 12, 19, 6, 20, 5, 11, 2, 6, 19, 12, 11, 17, 3, 10, 16, 8, 17, 17, 16, 8, 8, 1, 19, 2, 8, 11, 3, 2, 6, 3, 1, 15, 3, 8, 2, 10, 19, 2, 10, 10, 19, 14, 13, 19, 2, 14, 10, 11, 2, 3, 10, 2, 19, 11, 12, 12, 10, 12, 14, 2, 14, 12, 14, 16, 14, 4, 11, 16, 4, 4, 12, 14, 4, 12, 10, 10, 14, 4, 11, 7, 17, 4, 4, 4, 14, 4]
bestever    1888    in generation 2864
[13, 1, 13, 20, 15, 9, 13, 1, 5, 20, 1, 9, 18, 5, 7, 18, 15, 20, 13, 7, 9, 20, 13, 18, 5, 18, 1, 6, 13, 3, 18, 17, 18, 7, 9, 6, 8, 7, 3, 13, 15, 3, 16, 20, 17, 7, 15, 20, 1, 19, 9, 13, 8, 18, 2, 6, 13, 11, 20, 5, 5, 17, 7, 16, 7, 18, 9, 3, 5, 19, 9, 5, 6, 15, 16, 17, 15, 8, 6, 11, 20, 12, 1, 6, 9, 15, 5, 7, 12, 17, 10, 8, 5, 8, 9, 9, 16, 1, 6, 18, 16, 20, 17, 15, 15, 14, 3, 7, 19, 1, 16, 10, 18, 8, 19, 6, 20, 5, 11, 2, 6, 19, 12, 11, 17, 3, 11, 16, 8, 17, 17, 16, 12, 8, 1, 19, 8, 11, 3, 2, 6, 3, 1, 15, 3, 8, 2, 2, 10, 19, 2, 10, 10, 19, 14, 13, 19, 2, 14, 2, 10, 11, 11, 10, 2, 19, 3, 12, 12, 10, 12, 14, 2, 14, 12, 14, 16, 14, 11, 16, 4, 4, 10, 12, 4, 14, 4, 4, 12, 10, 14, 4, 11, 7, 17, 4, 4, 4, 14, 4]
bestever    1887    in generation 2878
[13, 1, 13, 20, 15, 9, 13, 1, 5, 20, 1, 9, 18, 5, 7, 18, 15, 20, 13, 7, 9, 20, 13, 18, 5, 18, 1, 6, 13, 3, 18, 17, 18, 7, 9, 6, 8, 7, 3, 13, 15, 3, 16, 20, 17, 7, 15, 20, 1, 19, 9, 13, 8, 18, 2, 6, 13, 11, 20, 5, 5, 17, 7, 16, 7, 18, 9, 3, 5, 19, 9, 5, 6, 15, 16, 17, 15, 8, 6, 11, 20, 12, 1, 6, 9, 15, 5, 7, 12, 17, 10, 8, 5, 8, 9, 9, 16, 1, 6, 18, 16, 20, 17, 15, 15, 14, 3, 7, 19, 1, 16, 10, 18, 8, 19, 6, 20, 5, 11, 2, 6, 19, 12, 11, 17, 3, 11, 16, 8, 17, 17, 16, 12, 8, 1, 19, 8, 11, 3, 2, 6, 3, 1, 15, 3, 8, 2, 2, 10, 19, 2, 10, 10, 19, 14, 13, 19, 2, 14, 2, 10, 11, 11, 10, 2, 19, 3, 12, 12, 10, 12, 14, 2, 14, 12, 14, 16, 14, 11, 16, 4, 4, 10, 12, 4, 17, 4, 4, 12, 10, 14, 4, 11, 7, 14, 4, 4, 4, 14, 4]
bestever    1882    in generation 2884
[13, 1, 13, 20, 15, 9, 13, 1, 5, 20, 1, 9, 18, 5, 7, 18, 15, 20, 13, 7, 9, 20, 13, 18, 5, 18, 1, 6, 13, 3, 18, 17, 18, 7, 9, 6, 8, 7, 3, 13, 15, 3, 16, 20, 17, 7, 15, 20, 1, 19, 9, 13, 8, 18, 2, 6, 13, 11, 20, 5, 5, 17, 7, 16, 7, 18, 9, 3, 5, 19, 9, 5, 6, 15, 16, 17, 15, 8, 6, 11, 20, 12, 1, 6, 9, 15, 5, 7, 12, 17, 10, 8, 5, 8, 9, 9, 16, 1, 6, 18, 16, 20, 17, 15, 15, 14, 3, 7, 19, 1, 8, 10, 18, 8, 19, 6, 20, 5, 11, 2, 6, 19, 12, 11, 17, 3, 11, 16, 8, 17, 17, 16, 12, 16, 1, 19, 8, 11, 3, 2, 6, 3, 1, 15, 3, 8, 2, 2, 10, 19, 2, 10, 10, 19, 14, 13, 19, 2, 14, 2, 10, 11, 11, 10, 2, 19, 3, 12, 12, 10, 12, 14, 2, 14, 12, 14, 16, 14, 11, 16, 4, 4, 10, 12, 4, 14, 4, 4, 12, 10, 14, 4, 11, 7, 17, 4, 4, 4, 14, 4]
bestever    1881    in generation 3011
[13, 1, 13, 20, 15, 9, 1, 13, 5, 20, 1, 9, 18, 5, 3, 7, 18, 15, 20, 13, 7, 9, 20, 13, 18, 5, 18, 1, 6, 13, 3, 18, 17, 18, 7, 9, 6, 8, 7, 13, 15, 3, 16, 20, 17, 7, 15, 20, 1, 19, 9, 13, 8, 18, 2, 6, 13, 11, 20, 5, 5, 17, 7, 16, 7, 18, 9, 3, 5, 19, 9, 5, 6, 15, 16, 17, 15, 8, 6, 11, 20, 12, 1, 6, 9, 15, 1, 7, 12, 17, 10, 8, 5, 8, 9, 9, 16, 1, 6, 18, 16, 20, 17, 15, 15, 14, 3, 7, 19, 5, 8, 10, 18, 8, 19, 6, 20, 5, 11, 2, 6, 19, 12, 11, 17, 3, 11, 16, 8, 17, 17, 16, 12, 16, 1, 19, 8, 11, 3, 2, 6, 3, 1, 15, 3, 8, 2, 2, 10, 19, 2, 10, 10, 19, 14, 13, 19, 2, 14, 2, 10, 11, 11, 10, 2, 19, 3, 12, 12, 10, 12, 14, 2, 14, 12, 14, 16, 14, 11, 16, 4, 4, 10, 12, 4, 14, 4, 4, 12, 10, 14, 4, 11, 7, 17, 4, 4, 4, 14, 4]
bestever    1875    in generation 4935
[13, 1, 13, 20, 15, 9, 1, 13, 5, 20, 1, 9, 18, 5, 3, 7, 18, 15, 20, 13, 7, 9, 20, 20, 13, 18, 5, 18, 1, 6, 13, 3, 18, 17, 18, 7, 9, 6, 8, 7, 13, 15, 13, 20, 16, 17, 7, 10, 15, 20, 1, 19, 9, 3, 8, 18, 2, 6, 13, 11, 20, 5, 5, 17, 7, 16, 7, 18, 9, 9, 3, 5, 19, 5, 6, 15, 16, 17, 15, 8, 6, 11, 20, 12, 1, 6, 9, 15, 1, 7, 12, 17, 10, 8, 5, 8, 9, 9, 16, 1, 6, 18, 16, 2, 17, 15, 15, 14, 3, 7, 19, 5, 8, 18, 8, 19, 20, 5, 11, 6, 19, 16, 12, 11, 3, 17, 11, 16, 3, 8, 17, 17, 16, 12, 1, 19, 8, 11, 2, 6, 3, 1, 19, 15, 3, 8, 10, 2, 2, 10, 2, 10, 10, 19, 14, 13, 19, 2, 14, 2, 11, 6, 4, 11, 12, 10, 2, 19, 3, 10, 14, 12, 12, 14, 2, 16, 11, 16, 10, 4, 14, 4, 4, 4, 14, 4, 11, 10, 14, 4, 7, 17, 12, 14, 4, 12, 14, 4, 12, 4]
bestever    1869    in generation 4955
[13, 1, 13, 20, 15, 9, 1, 13, 5, 20, 1, 9, 18, 5, 3, 7, 18, 15, 20, 13, 7, 9, 20, 20, 13, 18, 5, 18, 1, 6, 13, 3, 18, 17, 18, 7, 9, 6, 8, 7, 13, 15, 13, 20, 16, 17, 7, 10, 15, 20, 1, 19, 9, 3, 8, 18, 2, 6, 13, 11, 20, 5, 5, 17, 7, 16, 7, 18, 9, 9, 3, 5, 19, 5, 6, 1, 16, 17, 15, 8, 6, 11, 20, 12, 1, 6, 9, 15, 1, 7, 12, 17, 10, 8, 5, 8, 9, 9, 16, 15, 6, 18, 16, 2, 17, 15, 15, 14, 3, 7, 19, 5, 8, 18, 8, 19, 20, 5, 11, 6, 19, 16, 12, 11, 3, 17, 11, 16, 3, 8, 17, 17, 16, 12, 1, 19, 8, 11, 2, 6, 3, 1, 19, 15, 3, 8, 10, 2, 2, 10, 2, 10, 10, 19, 14, 13, 19, 2, 14, 2, 11, 6, 4, 11, 12, 10, 2, 19, 3, 10, 14, 12, 12, 14, 2, 16, 11, 16, 10, 4, 14, 4, 4, 4, 14, 4, 11, 10, 14, 4, 7, 17, 12, 14, 4, 12, 14, 4, 12, 4]
bestever    1866    in generation 4959
[13, 1, 13, 20, 15, 9, 1, 13, 5, 20, 1, 9, 18, 5, 3, 7, 18, 15, 20, 13, 7, 9, 20, 20, 13, 18, 5, 18, 1, 6, 13, 3, 18, 17, 18, 7, 9, 6, 8, 7, 13, 15, 13, 20, 16, 17, 7, 10, 15, 20, 1, 19, 9, 3, 8, 18, 2, 6, 13, 11, 20, 5, 5, 17, 7, 16, 7, 18, 9, 9, 3, 5, 19, 5, 6, 1, 16, 17, 15, 8, 4, 11, 20, 12, 1, 6, 9, 15, 1, 7, 12, 17, 10, 8, 5, 8, 9, 9, 16, 15, 6, 18, 16, 2, 17, 15, 15, 14, 3, 7, 19, 5, 8, 18, 8, 19, 20, 5, 11, 6, 19, 16, 12, 11, 3, 17, 11, 16, 3, 8, 17, 17, 16, 12, 1, 19, 8, 11, 2, 6, 3, 1, 19, 15, 3, 8, 10, 2, 2, 10, 2, 10, 10, 19, 14, 13, 19, 2, 14, 2, 11, 6, 4, 11, 12, 10, 2, 19, 3, 10, 14, 12, 12, 14, 2, 16, 11, 16, 10, 4, 14, 4, 4, 6, 14, 4, 11, 10, 14, 4, 7, 17, 12, 14, 4, 12, 14, 4, 12, 4]
bestever    1861    in generation 5864
[13, 1, 13, 20, 15, 9, 1, 13, 5, 20, 1, 9, 18, 5, 3, 7, 18, 15, 20, 13, 7, 9, 20, 20, 13, 18, 5, 18, 1, 6, 13, 3, 18, 17, 18, 7, 9, 6, 15, 7, 13, 20, 8, 10, 20, 16, 17, 7, 13, 15, 20, 1, 19, 9, 3, 8, 18, 2, 6, 13, 11, 20, 5, 5, 17, 7, 16, 7, 18, 9, 9, 3, 5, 19, 5, 6, 1, 16, 17, 15, 8, 11, 12, 1, 6, 9, 15, 1, 7, 12, 17, 17, 8, 5, 8, 9, 9, 16, 15, 15, 6, 18, 7, 16, 2, 17, 15, 14, 20, 19, 5, 14, 8, 18, 8, 19, 3, 5, 11, 6, 19, 16, 12, 11, 3, 17, 11, 16, 3, 8, 17, 17, 16, 1, 19, 8, 11, 2, 6, 3, 1, 19, 2, 3, 8, 10, 2, 2, 10, 14, 15, 10, 10, 19, 13, 19, 12, 2, 2, 11, 14, 6, 11, 10, 10, 2, 19, 14, 12, 3, 10, 14, 12, 14, 2, 16, 11, 16, 4, 4, 4, 12, 4, 4, 6, 7, 14, 11, 10, 14, 4, 10, 12, 4, 12, 4, 14, 4, 12, 4]
bestever    1844    in generation 5886
[13, 1, 13, 20, 15, 9, 1, 13, 5, 20, 1, 9, 18, 5, 3, 7, 18, 15, 20, 13, 7, 9, 20, 20, 13, 18, 5, 18, 1, 6, 13, 3, 18, 17, 18, 7, 9, 6, 15, 7, 13, 20, 8, 10, 20, 16, 17, 7, 13, 15, 20, 1, 19, 9, 3, 8, 18, 2, 6, 13, 11, 20, 5, 5, 17, 7, 16, 7, 18, 9, 9, 3, 5, 19, 5, 6, 1, 16, 17, 15, 8, 11, 12, 1, 6, 9, 15, 1, 7, 12, 17, 17, 8, 5, 8, 9, 9, 16, 15, 15, 6, 18, 7, 16, 2, 17, 15, 14, 20, 19, 5, 14, 8, 18, 8, 19, 3, 5, 11, 2, 19, 16, 12, 11, 3, 17, 11, 16, 3, 8, 17, 17, 16, 1, 19, 8, 11, 2, 6, 3, 1, 19, 2, 3, 8, 10, 2, 2, 10, 14, 15, 10, 10, 19, 13, 19, 12, 6, 2, 11, 14, 6, 11, 10, 10, 2, 19, 14, 12, 3, 10, 14, 12, 14, 2, 16, 11, 16, 4, 4, 4, 12, 4, 4, 6, 7, 14, 11, 10, 14, 4, 10, 12, 4, 12, 4, 14, 4, 12, 4]
bestever    1836    in generation 6146
[13, 1, 13, 20, 15, 9, 1, 13, 5, 20, 1, 9, 18, 5, 3, 7, 18, 15, 20, 13, 7, 9, 20, 20, 13, 18, 5, 18, 1, 6, 13, 17, 18, 3, 18, 7, 9, 6, 15, 7, 13, 20, 8, 10, 20, 16, 17, 7, 13, 15, 20, 1, 19, 9, 3, 8, 18, 2, 6, 13, 11, 20, 5, 5, 17, 7, 16, 7, 18, 9, 9, 3, 5, 19, 5, 6, 1, 16, 17, 15, 8, 11, 9, 12, 1, 6, 8, 15, 1, 7, 12, 17, 17, 8, 5, 8, 9, 16, 15, 15, 6, 18, 7, 13, 2, 17, 15, 14, 20, 19, 5, 14, 9, 18, 8, 19, 3, 5, 11, 2, 19, 16, 12, 11, 10, 3, 17, 11, 16, 3, 8, 17, 17, 16, 1, 19, 8, 11, 2, 6, 3, 1, 6, 19, 2, 3, 8, 10, 2, 2, 14, 15, 10, 10, 19, 16, 19, 12, 6, 2, 11, 14, 6, 11, 10, 10, 2, 19, 14, 12, 3, 10, 14, 2, 16, 11, 16, 4, 14, 4, 4, 12, 4, 7, 11, 14, 4, 12, 10, 14, 4, 10, 12, 4, 12, 4, 14, 4, 12, 4]
bestever    1835    in generation 6267
[13, 1, 13, 20, 15, 9, 1, 13, 5, 20, 1, 9, 18, 5, 3, 7, 18, 15, 20, 13, 7, 9, 20, 20, 13, 18, 5, 18, 1, 6, 13, 17, 18, 3, 18, 7, 9, 6, 15, 7, 13, 20, 8, 18, 20, 16, 17, 7, 13, 15, 20, 1, 19, 9, 3, 8, 18, 2, 6, 13, 11, 20, 5, 5, 17, 7, 16, 7, 10, 9, 9, 3, 5, 19, 5, 6, 1, 16, 17, 15, 8, 11, 9, 12, 1, 6, 8, 15, 1, 7, 12, 17, 17, 8, 5, 8, 9, 16, 15, 15, 6, 18, 7, 13, 2, 17, 15, 14, 20, 19, 5, 14, 9, 18, 8, 19, 3, 5, 11, 2, 19, 16, 12, 11, 10, 3, 17, 11, 16, 3, 8, 17, 10, 16, 1, 19, 8, 11, 2, 6, 3, 1, 6, 19, 2, 3, 8, 17, 2, 2, 14, 15, 10, 10, 16, 16, 19, 12, 6, 2, 11, 14, 6, 11, 10, 10, 2, 19, 14, 12, 3, 10, 14, 2, 16, 11, 19, 4, 14, 4, 4, 12, 4, 7, 11, 14, 4, 12, 10, 14, 4, 10, 12, 4, 12, 4, 14, 4, 12, 4]
bestever    1834    in generation 6369
[13, 1, 13, 20, 15, 9, 1, 13, 5, 20, 1, 9, 18, 5, 3, 7, 18, 15, 20, 13, 7, 9, 20, 20, 13, 18, 5, 18, 1, 6, 13, 17, 18, 3, 18, 7, 9, 6, 15, 7, 13, 20, 8, 18, 20, 16, 17, 7, 13, 15, 20, 1, 19, 9, 3, 8, 18, 2, 6, 13, 11, 20, 5, 5, 17, 7, 16, 7, 10, 9, 9, 3, 5, 19, 5, 6, 1, 16, 17, 15, 8, 11, 9, 16, 1, 6, 8, 15, 1, 7, 12, 17, 17, 8, 5, 8, 9, 16, 15, 15, 6, 18, 7, 13, 2, 17, 15, 14, 20, 19, 5, 14, 9, 18, 8, 19, 3, 5, 11, 2, 19, 4, 12, 11, 10, 3, 17, 11, 16, 3, 8, 17, 10, 16, 1, 19, 8, 11, 2, 6, 3, 1, 6, 19, 2, 3, 8, 17, 2, 2, 14, 15, 10, 10, 16, 16, 19, 12, 6, 2, 11, 14, 6, 11, 10, 10, 2, 19, 14, 12, 3, 10, 14, 2, 16, 11, 19, 4, 14, 4, 4, 12, 12, 7, 11, 14, 4, 12, 10, 14, 4, 10, 12, 4, 12, 4, 14, 4, 12, 4]
bestever    1828    in generation 6466
[13, 1, 13, 20, 15, 9, 1, 13, 5, 20, 1, 9, 18, 5, 3, 7, 18, 15, 20, 13, 7, 9, 20, 20, 13, 18, 5, 18, 1, 6, 13, 17, 18, 3, 18, 7, 9, 6, 15, 7, 13, 20, 8, 18, 20, 16, 17, 7, 13, 15, 20, 1, 19, 9, 3, 8, 18, 2, 6, 13, 11, 20, 5, 5, 17, 7, 16, 7, 10, 9, 9, 3, 5, 19, 5, 6, 1, 16, 17, 15, 8, 11, 9, 16, 1, 6, 8, 15, 1, 7, 12, 17, 17, 8, 5, 8, 9, 16, 15, 15, 6, 18, 7, 13, 2, 17, 15, 14, 20, 19, 5, 14, 9, 18, 8, 19, 3, 5, 11, 2, 19, 11, 10, 3, 17, 11, 16, 3, 8, 17, 10, 16, 1, 19, 8, 11, 2, 6, 3, 1, 6, 19, 2, 3, 8, 17, 2, 2, 14, 6, 4, 15, 10, 10, 16, 16, 19, 12, 6, 2, 11, 14, 12, 11, 10, 10, 2, 19, 14, 12, 3, 10, 14, 2, 16, 11, 19, 4, 14, 12, 12, 7, 11, 4, 14, 4, 4, 12, 10, 14, 4, 10, 12, 4, 12, 4, 14, 4, 12, 4]
bestever    1824    in generation 7760
[13, 1, 13, 20, 1, 9, 15, 13, 5, 20, 13, 1, 9, 18, 5, 3, 7, 18, 15, 20, 13, 7, 9, 20, 20, 13, 18, 5, 18, 1, 6, 13, 17, 18, 3, 18, 7, 9, 6, 15, 7, 13, 20, 8, 18, 20, 16, 17, 3, 7, 13, 18, 15, 20, 1, 19, 9, 8, 18, 2, 6, 11, 20, 5, 5, 17, 7, 16, 7, 10, 15, 9, 9, 3, 5, 19, 5, 6, 14, 1, 16, 17, 15, 8, 11, 9, 16, 1, 6, 14, 15, 1, 7, 12, 17, 17, 8, 5, 8, 9, 16, 15, 6, 18, 7, 10, 13, 2, 17, 15, 8, 20, 19, 5, 9, 8, 19, 3, 5, 11, 2, 19, 11, 10, 3, 17, 11, 16, 3, 8, 17, 10, 16, 1, 19, 8, 11, 2, 6, 3, 1, 6, 19, 2, 3, 8, 17, 2, 2, 14, 6, 15, 10, 10, 16, 16, 19, 12, 6, 2, 11, 14, 10, 11, 2, 19, 12, 10, 14, 3, 14, 11, 2, 16, 4, 12, 4, 19, 12, 7, 14, 4, 12, 4, 11, 4, 14, 4, 12, 10, 14, 10, 12, 4, 12, 4, 14, 4, 12, 4]
bestever    1819    in generation 8016
[13, 1, 13, 20, 1, 9, 15, 13, 5, 20, 13, 1, 9, 18, 5, 7, 18, 15, 20, 13, 7, 9, 20, 20, 13, 18, 3, 5, 18, 1, 6, 13, 17, 18, 3, 18, 7, 9, 6, 15, 7, 13, 20, 8, 18, 20, 16, 17, 3, 7, 13, 18, 15, 20, 1, 19, 9, 8, 18, 2, 6, 11, 20, 5, 5, 17, 7, 16, 7, 10, 15, 9, 9, 3, 5, 19, 5, 6, 14, 1, 16, 17, 15, 8, 11, 9, 16, 1, 6, 14, 15, 1, 7, 12, 17, 17, 8, 5, 8, 9, 16, 15, 6, 18, 7, 10, 13, 2, 17, 15, 8, 20, 19, 5, 9, 8, 19, 3, 5, 11, 2, 19, 11, 10, 3, 17, 11, 16, 3, 8, 17, 10, 16, 1, 19, 8, 11, 2, 6, 3, 1, 6, 19, 2, 3, 8, 17, 2, 2, 14, 6, 15, 10, 10, 16, 16, 19, 12, 6, 2, 11, 14, 10, 11, 2, 19, 12, 10, 14, 3, 14, 11, 2, 16, 4, 12, 4, 19, 12, 7, 14, 4, 12, 4, 11, 4, 14, 4, 12, 10, 14, 10, 12, 4, 12, 4, 14, 4, 12, 4]
