bestever    3237    in generation 0
[2, 9, 3, 5, 6, 5, 13, 20, 3, 7, 16, 20, 6, 2, 4, 7, 12, 5, 9, 20, 9, 16, 2, 19, 16, 14, 13, 10, 19, 20, 13, 19, 9, 20, 17, 19, 4, 10, 6, 4, 9, 13, 8, 15, 10, 16, 7, 15, 5, 5, 6, 13, 5, 16, 17, 11, 16, 6, 18, 6, 1, 19, 8, 11, 17, 7, 18, 1, 2, 2, 3, 1, 8, 8, 19, 8, 18, 12, 7, 12, 10, 10, 20, 19, 14, 15, 13, 9, 18, 11, 8, 11, 16, 18, 4, 12, 6, 15, 10, 3, 13, 5, 12, 4, 1, 18, 2, 17, 10, 2, 11, 9, 14, 11, 17, 8, 15, 5, 13, 16, 17, 13, 7, 2, 9, 1, 18, 11, 1, 11, 15, 13, 20, 17, 18, 10, 18, 20, 20, 14, 14, 5, 8, 2, 11, 15, 11, 1, 6, 16, 15, 1, 12, 15, 3, 8, 5, 4, 3, 2, 4, 19, 12, 7, 17, 10, 14, 7, 6, 9, 14, 10, 4, 7, 20, 3, 7, 8, 14, 1, 4, 14, 19, 6, 15, 1, 9, 17, 4, 17, 12, 19, 16, 3, 14, 12, 12, 18, 3, 3]
bestever    3166    in generation 3
[12, 5, 9, 20, 9, 16, 2, 19, 16, 14, 13, 10, 19, 20, 13, 19, 9, 20, 17, 19, 4, 10, 6, 4, 9, 13, 15, 10, 16, 7, 15, 5, 5, 6, 13, 5, 16, 17, 11, 16, 6, 18, 6, 1, 19, 8, 11, 17, 7, 18, 1, 2, 2, 3, 1, 8, 8, 19, 8, 18, 12, 7, 12, 10, 10, 20, 19, 14, 9, 9, 16, 6, 1, 10, 9, 8, 18, 2, 3, 8, 1, 12, 10, 12, 12, 15, 13, 9, 18, 11, 8, 11, 16, 18, 4, 12, 6, 15, 10, 3, 13, 5, 12, 4, 1, 18, 2, 17, 10, 2, 11, 9, 14, 11, 17, 8, 15, 5, 13, 16, 17, 13, 7, 2, 9, 1, 18, 11, 1, 11, 15, 13, 20, 17, 10, 18, 20, 20, 14, 14, 5, 8, 11, 15, 11, 6, 16, 15, 15, 3, 8, 5, 4, 2, 4, 19, 7, 17, 14, 7, 6, 14, 4, 7, 20, 3, 7, 14, 1, 4, 14, 19, 15, 1, 17, 4, 17, 19, 3, 14, 12, 12, 18, 3, 3, 2, 3, 5, 6, 5, 13, 20, 3, 7, 16, 20, 6, 2, 4, 7]
bestever    3165    in generation 4
[2, 9, 3, 5, 6, 5, 13, 20, 3, 7, 16, 20, 6, 2, 4, 7, 12, 5, 9, 20, 9, 16, 2, 19, 16, 16, 13, 10, 19, 20, 13, 19, 9, 20, 17, 19, 4, 10, 6, 4, 9, 13, 8, 15, 10, 16, 7, 15, 5, 5, 6, 13, 5, 16, 17, 11, 16, 6, 18, 6, 1, 19, 8, 11, 17, 7, 18, 1, 2, 2, 3, 1, 8, 8, 19, 8, 18, 12, 7, 12, 10, 10, 20, 19, 14, 15, 13, 9, 18, 11, 8, 11, 16, 18, 4, 12, 6, 15, 10, 3, 13, 5, 12, 4, 1, 18, 2, 17, 10, 2, 11, 9, 14, 11, 17, 8, 15, 5, 13, 16, 17, 13, 7, 2, 9, 1, 18, 11, 1, 11, 15, 13, 20, 17, 18, 10, 18, 20, 20, 14, 14, 5, 8, 2, 11, 15, 11, 1, 6, 16, 15, 1, 12, 15, 3, 8, 5, 4, 3, 2, 4, 19, 12, 7, 17, 10, 14, 7, 6, 9, 14, 10, 4, 7, 20, 3, 7, 8, 14, 1, 4, 14, 19, 6, 15, 1, 9, 17, 4, 17, 12, 19, 14, 3, 14, 12, 12, 18, 3, 3]
bestever    3130    in generation 5
[2, 9, 5, 6, 5, 13, 20, 7, 16, 20, 6, 2, 4, 7, 12, 5, 9, 20, 9, 16, 2, 19, 16, 14, 13, 10, 19, 20, 13, 19, 9, 20, 17, 19, 10, 6, 4, 9, 13, 8, 15, 10, 16, 7, 15, 5, 5, 6, 13, 5, 16, 17, 11, 16, 6, 18, 6, 1, 19, 8, 11, 17, 7, 18, 1, 2, 2, 3, 1, 8, 8, 19, 8, 18, 12, 7, 12, 10, 10, 20, 19, 14, 15, 13, 9, 18, 11, 8, 11, 16, 18, 4, 12, 6, 15, 10, 3, 13, 5, 12, 4, 1, 18, 2, 17, 10, 2, 11, 9, 14, 11, 17, 8, 15, 5, 13, 16, 17, 13, 7, 2, 9, 1, 18, 11, 1, 11, 15, 13, 20, 17, 18, 10, 18, 20, 20, 14, 14, 5, 2, 11, 15, 11, 1, 6, 16, 15, 1, 12, 15, 3, 8, 4, 3, 3, 8, 5, 4, 3, 2, 4, 19, 12, 7, 17, 10, 14, 7, 6, 9, 14, 10, 4, 7, 20, 3, 7, 8, 14, 1, 4, 14, 19, 6, 15, 1, 9, 17, 4, 17, 12, 19, 16, 3, 14, 12, 12, 18, 3, 3]
bestever    3083    in generation 6
[2, 9, 5, 6, 5, 13, 20, 7, 16, 20, 6, 2, 4, 7, 12, 5, 9, 20, 9, 16, 2, 19, 16, 14, 13, 10, 19, 20, 13, 19, 9, 20, 17, 19, 10, 6, 4, 9, 13, 8, 15, 10, 16, 7, 15, 5, 5, 6, 13, 5, 16, 17, 11, 16, 6, 18, 6, 1, 19, 8, 11, 17, 7, 18, 1, 2, 2, 3, 1, 8, 8, 19, 8, 18, 12, 7, 12, 10, 10, 20, 19, 15, 13, 9, 18, 11, 8, 11, 16, 18, 4, 6, 15, 10, 3, 13, 5, 4, 1, 2, 17, 10, 2, 11, 9, 18, 4, 12, 3, 14, 12, 3, 14, 11, 17, 8, 15, 5, 13, 16, 17, 13, 7, 2, 9, 1, 18, 11, 1, 11, 15, 13, 20, 17, 18, 10, 18, 20, 20, 14, 14, 5, 8, 2, 11, 15, 11, 1, 6, 16, 15, 1, 12, 15, 3, 8, 5, 4, 3, 2, 4, 19, 12, 7, 17, 10, 14, 7, 6, 9, 14, 10, 4, 7, 20, 3, 7, 8, 14, 1, 4, 14, 19, 6, 15, 1, 9, 17, 4, 17, 12, 19, 16, 3, 14, 12, 12, 18, 3, 3]
bestever    2999    in generation 7
[2, 9, 5, 6, 5, 13, 20, 7, 16, 20, 6, 2, 4, 7, 12, 5, 9, 20, 9, 16, 2, 19, 16, 14, 13, 10, 19, 20, 13, 19, 9, 20, 17, 19, 10, 6, 4, 9, 13, 8, 15, 10, 16, 7, 15, 5, 5, 6, 13, 5, 16, 17, 11, 16, 6, 18, 6, 1, 19, 8, 11, 17, 7, 18, 1, 2, 2, 3, 1, 8, 8, 19, 8, 18, 12, 7, 12, 10, 6, 20, 19, 14, 15, 13, 9, 18, 11, 8, 11, 16, 18, 4, 12, 6, 15, 10, 3, 13, 5, 12, 4, 1, 18, 2, 17, 10, 2, 11, 9, 14, 11, 17, 8, 15, 5, 13, 16, 17, 13, 7, 2, 9, 1, 18, 11, 1, 11, 15, 13, 20, 17, 18, 10, 18, 20, 20, 14, 14, 5, 2, 11, 15, 11, 1, 6, 16, 15, 1, 12, 15, 3, 8, 4, 3, 3, 8, 5, 4, 3, 2, 4, 19, 12, 7, 17, 10, 14, 7, 6, 9, 14, 10, 4, 7, 20, 3, 7, 8, 14, 1, 4, 14, 19, 10, 15, 1, 9, 17, 4, 17, 12, 19, 16, 3, 14, 12, 12, 18, 3, 3]
bestever    2964    in generation 9
[9, 5, 6, 5, 13, 20, 7, 16, 20, 6, 2, 4, 7, 12, 5, 9, 20, 9, 16, 2, 19, 16, 14, 13, 10, 19, 20, 13, 19, 9, 20, 17, 19, 10, 6, 4, 9, 13, 8, 15, 10, 16, 7, 15, 5, 5, 6, 13, 5, 16, 17, 11, 16, 6, 18, 6, 1, 19, 8, 11, 17, 7, 18, 1, 2, 2, 1, 8, 8, 8, 18, 12, 7, 10, 6, 20, 19, 14, 15, 13, 9, 18, 11, 8, 11, 16, 18, 15, 10, 13, 5, 12, 1, 18, 2, 17, 10, 2, 11, 9, 11, 17, 15, 5, 13, 13, 2, 18, 11, 11, 15, 13, 20, 17, 18, 10, 18, 20, 20, 14, 5, 2, 11, 11, 1, 16, 1, 12, 15, 3, 8, 3, 4, 19, 12, 17, 14, 6, 9, 14, 4, 7, 3, 1, 6, 16, 15, 1, 12, 15, 3, 8, 4, 3, 3, 8, 5, 4, 3, 2, 4, 19, 12, 7, 17, 10, 14, 7, 6, 9, 14, 10, 4, 7, 20, 3, 7, 8, 14, 1, 4, 14, 19, 10, 15, 1, 9, 17, 4, 17, 12, 19, 16, 3, 14, 12, 12, 18, 3, 2]
bestever    2947    in generation 12
[9, 5, 6, 5, 13, 20, 7, 16, 20, 6, 2, 4, 7, 12, 5, 9, 20, 9, 16, 2, 19, 16, 14, 13, 10, 19, 20, 13, 19, 9, 20, 17, 19, 10, 6, 4, 9, 13, 8, 15, 10, 16, 7, 15, 5, 5, 6, 13, 5, 16, 17, 11, 16, 6, 18, 6, 1, 19, 8, 11, 17, 7, 18, 1, 2, 2, 1, 8, 8, 19, 8, 18, 12, 7, 10, 6, 20, 14, 15, 13, 9, 18, 11, 8, 11, 16, 18, 4, 6, 15, 10, 13, 5, 12, 1, 18, 2, 17, 10, 2, 11, 9, 14, 11, 17, 8, 15, 5, 13, 13, 7, 2, 1, 18, 11, 11, 13, 20, 17, 18, 10, 18, 20, 20, 14, 5, 2, 11, 16, 12, 15, 3, 3, 12, 17, 9, 3, 1, 4, 14, 19, 15, 11, 1, 6, 16, 15, 1, 12, 15, 3, 8, 4, 3, 3, 8, 5, 4, 3, 2, 4, 19, 12, 7, 17, 10, 14, 7, 6, 9, 14, 10, 4, 7, 20, 3, 7, 8, 14, 1, 4, 14, 19, 10, 15, 1, 9, 17, 4, 17, 12, 19, 16, 3, 14, 12, 12, 18, 3, 2]
bestever    2899    in generation 15
[9, 5, 6, 5, 13, 20, 7, 16, 20, 6, 2, 4, 7, 12, 5, 9, 20, 9, 16, 2, 19, 16, 14, 13, 10, 19, 20, 13, 19, 9, 20, 17, 19, 10, 6, 4, 9, 13, 8, 15, 10, 16, 7, 15, 5, 5, 6, 13, 5, 16, 17, 11, 16, 6, 18, 6, 1, 19, 8, 11, 17, 7, 18, 1, 2, 2, 1, 8, 8, 8, 18, 12, 12, 10, 6, 20, 19, 15, 13, 9, 18, 11, 8, 11, 16, 18, 6, 15, 10, 13, 5, 12, 1, 18, 2, 17, 2, 11, 9, 14, 11, 17, 8, 15, 5, 13, 16, 13, 2, 9, 1, 18, 11, 1, 11, 15, 13, 20, 17, 18, 10, 18, 20, 20, 14, 14, 5, 2, 11, 15, 11, 1, 6, 16, 15, 1, 12, 15, 3, 4, 3, 3, 8, 4, 3, 4, 19, 12, 7, 17, 10, 14, 7, 3, 3, 8, 5, 4, 3, 2, 4, 19, 12, 7, 17, 10, 14, 7, 6, 9, 14, 10, 4, 7, 20, 3, 7, 8, 14, 1, 4, 14, 19, 10, 15, 1, 9, 17, 4, 17, 12, 19, 16, 3, 14, 12, 12, 18, 3, 2]
bestever    2866    in generation 18
[9, 5, 6, 5, 13, 20, 7, 16, 20, 6, 2, 4, 7, 12, 5, 9, 20, 9, 16, 2, 19, 16, 14, 13, 10, 19, 20, 13, 19, 9, 20, 17, 19, 10, 6, 4, 9, 13, 16, 15, 10, 16, 7, 15, 5, 5, 6, 13, 5, 16, 17, 11, 16, 6, 18, 6, 1, 19, 8, 11, 17, 7, 18, 1, 2, 2, 1, 8, 8, 8, 18, 12, 12, 10, 6, 20, 19, 15, 13, 9, 18, 11, 8, 11, 16, 18, 6, 15, 10, 13, 5, 12, 1, 18, 2, 17, 2, 11, 9, 14, 11, 17, 8, 15, 5, 13, 16, 13, 2, 9, 1, 18, 11, 1, 11, 15, 13, 20, 17, 18, 10, 18, 20, 20, 14, 14, 5, 2, 11, 15, 11, 1, 6, 16, 15, 1, 12, 15, 3, 4, 3, 3, 8, 4, 3, 4, 19, 12, 7, 17, 10, 14, 7, 3, 3, 8, 5, 4, 3, 2, 4, 19, 12, 7, 17, 10, 14, 7, 6, 9, 14, 10, 4, 7, 20, 3, 7, 8, 14, 1, 4, 14, 19, 10, 15, 1, 9, 17, 4, 17, 12, 19, 8, 3, 14, 12, 12, 18, 3, 2]
bestever    2844    in generation 21
[9, 5, 6, 5, 13, 20, 7, 16, 20, 6, 2, 4, 7, 12, 5, 9, 20, 9, 16, 2, 19, 16, 14, 13, 10, 19, 20, 13, 19, 9, 20, 17, 19, 10, 6, 4, 9, 13, 8, 15, 10, 16, 7, 15, 5, 5, 6, 13, 5, 16, 17, 11, 16, 6, 18, 6, 1, 19, 8, 11, 17, 7, 18, 1, 2, 2, 1, 8, 8, 8, 18, 12, 10, 6, 20, 15, 13, 9, 18, 11, 8, 11, 16, 18, 6, 15, 10, 13, 5, 1, 18, 2, 17, 2, 11, 9, 14, 11, 17, 15, 5, 13, 16, 13, 2, 1, 18, 11, 11, 15, 13, 20, 18, 10, 18, 20, 20, 5, 11, 15, 11, 1, 6, 16, 1, 12, 15, 19, 12, 7, 17, 14, 3, 3, 8, 3, 2, 4, 19, 12, 17, 14, 9, 14, 10, 4, 7, 1, 12, 15, 3, 8, 4, 3, 3, 8, 5, 4, 3, 2, 4, 19, 12, 7, 17, 10, 14, 7, 6, 9, 14, 10, 4, 7, 20, 3, 7, 8, 14, 1, 4, 14, 19, 10, 15, 1, 9, 17, 4, 17, 12, 19, 16, 3, 14, 12, 12, 18, 3, 2]
bestever    2839    in generation 24
[9, 5, 6, 5, 13, 20, 7, 16, 20, 6, 2, 4, 7, 12, 5, 9, 20, 9, 16, 2, 19, 16, 14, 13, 10, 19, 20, 13, 19, 9, 20, 17, 19, 10, 6, 4, 9, 13, 8, 15, 10, 16, 7, 1, 5, 5, 6, 13, 5, 16, 17, 11, 16, 6, 18, 6, 1, 19, 8, 11, 17, 7, 18, 15, 2, 2, 1, 8, 8, 8, 18, 12, 10, 6, 20, 15, 13, 9, 18, 11, 8, 11, 16, 18, 6, 15, 10, 13, 5, 1, 18, 2, 17, 2, 11, 9, 14, 11, 17, 15, 5, 13, 16, 13, 2, 1, 18, 11, 11, 15, 13, 20, 18, 10, 18, 20, 20, 5, 11, 15, 11, 1, 6, 16, 1, 12, 15, 19, 12, 7, 17, 14, 3, 3, 8, 3, 2, 4, 19, 12, 17, 14, 9, 14, 10, 4, 7, 1, 12, 15, 3, 8, 4, 3, 3, 8, 5, 4, 3, 2, 4, 19, 12, 7, 17, 10, 14, 7, 6, 9, 14, 10, 4, 7, 20, 3, 7, 8, 14, 1, 4, 14, 19, 10, 15, 1, 9, 17, 4, 17, 12, 19, 16, 3, 14, 12, 12, 18, 3, 2]
bestever    2754    in generation 27
[9, 5, 6, 5, 13, 20, 7, 16, 20, 6, 2, 4, 7, 12, 5, 9, 20, 9, 19, 2, 19, 16, 14, 13, 10, 19, 20, 13, 19, 9, 20, 17, 19, 10, 6, 4, 9, 13, 8, 15, 10, 16, 7, 1, 5, 5, 6, 13, 5, 16, 17, 11, 16, 6, 18, 6, 1, 16, 8, 11, 17, 7, 18, 15, 2, 2, 1, 8, 8, 8, 18, 12, 10, 6, 20, 15, 13, 9, 18, 11, 8, 11, 16, 18, 6, 15, 10, 13, 5, 1, 18, 2, 17, 2, 11, 9, 14, 11, 17, 15, 5, 13, 16, 13, 2, 1, 18, 11, 11, 15, 13, 20, 18, 10, 18, 20, 20, 5, 11, 15, 11, 1, 6, 16, 1, 12, 15, 19, 12, 7, 17, 14, 3, 3, 8, 3, 2, 4, 19, 12, 17, 14, 9, 14, 10, 4, 7, 1, 12, 15, 3, 8, 4, 3, 3, 8, 5, 4, 3, 2, 4, 19, 12, 7, 17, 10, 14, 7, 6, 9, 14, 10, 4, 7, 20, 3, 7, 8, 14, 1, 4, 14, 19, 10, 15, 1, 9, 17, 4, 17, 12, 19, 16, 3, 14, 12, 12, 18, 3, 2]
bestever    2708    in generation 34
[9, 5, 6, 5, 13, 20, 7, 16, 20, 6, 2, 4, 7, 12, 5, 9, 20, 9, 19, 2, 19, 16, 14, 13, 10, 19, 20, 13, 19, 9, 20, 17, 19, 10, 6, 4, 9, 13, 8, 15, 10, 16, 7, 1, 5, 5, 6, 13, 5, 16, 17, 11, 16, 6, 18, 6, 1, 16, 8, 11, 17, 7, 18, 15, 2, 2, 1, 8, 8, 8, 18, 12, 10, 6, 20, 15, 13, 9, 18, 11, 8, 11, 16, 18, 6, 18, 10, 13, 5, 1, 18, 2, 17, 2, 11, 9, 14, 11, 17, 15, 5, 13, 16, 13, 2, 1, 18, 11, 11, 15, 13, 20, 18, 10, 15, 20, 20, 5, 11, 15, 11, 1, 6, 16, 1, 12, 15, 19, 12, 7, 17, 14, 3, 3, 8, 3, 2, 4, 19, 12, 17, 14, 9, 14, 10, 4, 7, 1, 12, 15, 3, 8, 4, 3, 3, 8, 5, 4, 3, 2, 4, 19, 12, 7, 17, 10, 14, 7, 6, 9, 14, 10, 4, 7, 20, 3, 7, 8, 14, 1, 4, 14, 19, 10, 15, 1, 9, 17, 4, 17, 12, 19, 16, 3, 14, 12, 12, 18, 3, 2]
bestever    2698    in generation 41
[9, 5, 6, 5, 13, 20, 7, 16, 20, 6, 2, 4, 7, 12, 5, 9, 20, 9, 19, 2, 19, 16, 14, 13, 10, 19, 20, 13, 19, 9, 20, 17, 19, 6, 4, 9, 13, 8, 15, 10, 16, 7, 1, 5, 5, 6, 13, 5, 16, 17, 11, 16, 6, 18, 6, 1, 16, 8, 11, 17, 7, 18, 2, 2, 1, 8, 8, 8, 18, 12, 10, 6, 13, 9, 18, 11, 8, 11, 16, 18, 6, 10, 13, 5, 1, 18, 2, 17, 2, 11, 9, 14, 11, 17, 15, 13, 16, 13, 2, 1, 18, 11, 15, 10, 18, 20, 5, 15, 11, 15, 13, 20, 18, 10, 15, 20, 20, 5, 11, 15, 11, 1, 6, 16, 1, 12, 15, 19, 12, 7, 17, 14, 3, 3, 8, 3, 2, 4, 19, 12, 17, 14, 9, 14, 10, 4, 7, 1, 12, 15, 3, 8, 4, 3, 3, 8, 5, 4, 3, 2, 4, 19, 12, 7, 17, 10, 14, 7, 6, 9, 14, 10, 4, 7, 20, 3, 7, 8, 14, 1, 4, 14, 19, 10, 15, 1, 9, 17, 4, 17, 12, 19, 16, 3, 14, 12, 12, 18, 3, 2]
bestever    2664    in generation 42
[9, 5, 6, 5, 13, 20, 7, 16, 20, 6, 2, 4, 7, 12, 5, 9, 20, 9, 19, 2, 19, 16, 14, 13, 10, 19, 20, 13, 19, 9, 20, 17, 19, 10, 6, 4, 9, 13, 8, 15, 10, 16, 7, 1, 5, 5, 6, 13, 5, 16, 17, 11, 16, 6, 18, 6, 1, 16, 8, 11, 17, 7, 18, 15, 2, 2, 1, 8, 8, 8, 18, 12, 10, 6, 20, 15, 13, 9, 18, 11, 8, 11, 16, 18, 6, 18, 10, 13, 5, 1, 18, 2, 17, 2, 11, 9, 14, 11, 17, 15, 5, 13, 16, 13, 2, 1, 18, 11, 11, 15, 13, 20, 18, 10, 15, 20, 20, 5, 11, 15, 11, 1, 6, 16, 1, 12, 15, 19, 12, 7, 17, 14, 3, 3, 8, 3, 2, 4, 19, 12, 17, 14, 9, 14, 10, 4, 7, 1, 12, 15, 3, 8, 4, 3, 3, 8, 5, 4, 3, 2, 4, 19, 12, 7, 17, 10, 14, 2, 6, 9, 14, 10, 4, 7, 20, 3, 7, 8, 14, 1, 4, 14, 19, 10, 15, 1, 9, 17, 4, 17, 12, 19, 16, 3, 14, 12, 12, 18, 3, 7]
bestever    2661    in generation 43
[9, 5, 6, 5, 13, 20, 7, 16, 20, 6, 2, 4, 7, 12, 5, 9, 20, 9, 19, 2, 19, 16, 14, 13, 10, 19, 20, 13, 19, 9, 5, 17, 19, 10, 6, 4, 9, 13, 8, 15, 10, 16, 7, 1, 5, 5, 6, 13, 5, 16, 17, 11, 16, 6, 18, 6, 1, 16, 8, 11, 17, 7, 18, 15, 2, 2, 1, 8, 8, 8, 18, 12, 10, 6, 20, 15, 13, 9, 18, 11, 8, 11, 16, 18, 6, 18, 10, 13, 20, 1, 18, 2, 17, 2, 11, 9, 14, 11, 17, 15, 5, 13, 16, 13, 2, 1, 18, 11, 11, 15, 13, 20, 18, 10, 15, 20, 20, 5, 11, 15, 11, 1, 6, 16, 1, 12, 15, 19, 12, 7, 17, 14, 3, 3, 8, 3, 2, 4, 19, 12, 17, 14, 9, 14, 10, 4, 7, 1, 12, 15, 3, 8, 4, 3, 3, 8, 5, 4, 3, 2, 4, 19, 12, 7, 17, 10, 14, 2, 6, 9, 14, 10, 4, 7, 20, 3, 7, 8, 14, 1, 4, 14, 19, 10, 15, 1, 9, 17, 4, 17, 12, 19, 16, 3, 14, 12, 12, 18, 3, 7]
bestever    2659    in generation 45
[9, 5, 6, 5, 13, 20, 7, 16, 20, 6, 2, 4, 7, 12, 5, 9, 20, 9, 19, 2, 19, 19, 14, 13, 10, 19, 20, 13, 16, 9, 20, 17, 19, 10, 6, 4, 9, 13, 8, 15, 10, 16, 7, 1, 5, 5, 6, 13, 5, 16, 17, 11, 16, 6, 18, 6, 1, 16, 8, 11, 17, 7, 18, 15, 2, 2, 1, 8, 8, 8, 18, 12, 10, 6, 20, 15, 13, 9, 18, 11, 8, 11, 16, 18, 6, 18, 10, 13, 5, 1, 18, 2, 17, 2, 11, 9, 14, 11, 17, 15, 5, 13, 16, 13, 2, 1, 18, 11, 11, 15, 13, 20, 18, 10, 15, 20, 20, 5, 11, 15, 11, 1, 6, 16, 1, 12, 15, 19, 12, 7, 17, 14, 3, 3, 8, 3, 2, 4, 19, 12, 17, 14, 9, 14, 10, 4, 7, 1, 12, 15, 3, 8, 4, 3, 3, 8, 5, 4, 3, 2, 4, 19, 12, 7, 17, 10, 14, 2, 6, 9, 14, 10, 4, 7, 20, 3, 7, 8, 14, 1, 4, 14, 19, 10, 15, 1, 9, 17, 4, 17, 12, 19, 16, 3, 14, 12, 12, 18, 3, 7]
bestever    2649    in generation 52
[9, 5, 6, 5, 13, 20, 7, 16, 20, 6, 2, 4, 7, 12, 5, 9, 20, 9, 19, 2, 19, 19, 14, 13, 10, 19, 20, 13, 16, 9, 20, 17, 19, 10, 6, 4, 9, 13, 8, 15, 10, 16, 7, 1, 5, 5, 6, 13, 5, 16, 17, 11, 16, 6, 18, 6, 1, 16, 8, 11, 17, 18, 15, 2, 2, 1, 8, 8, 8, 18, 12, 10, 6, 20, 15, 13, 9, 18, 11, 8, 11, 16, 18, 6, 18, 10, 13, 5, 1, 18, 2, 17, 2, 11, 9, 14, 11, 17, 15, 5, 13, 16, 13, 2, 1, 18, 11, 11, 15, 13, 20, 18, 15, 20, 20, 5, 11, 15, 11, 1, 6, 16, 1, 12, 15, 7, 3, 3, 8, 3, 2, 19, 12, 17, 14, 10, 7, 1, 12, 15, 4, 3, 3, 8, 4, 3, 4, 19, 12, 7, 17, 10, 14, 9, 14, 8, 5, 4, 3, 2, 4, 19, 12, 7, 17, 10, 14, 2, 6, 9, 14, 10, 4, 7, 20, 3, 7, 8, 14, 1, 4, 14, 19, 10, 15, 1, 9, 17, 4, 17, 12, 19, 16, 3, 14, 12, 12, 18, 3, 7]
bestever    2645    in generation 54
[9, 5, 6, 5, 13, 20, 7, 16, 20, 6, 2, 4, 7, 12, 5, 9, 20, 9, 19, 2, 19, 19, 14, 13, 10, 19, 20, 13, 16, 9, 20, 17, 19, 10, 6, 4, 9, 13, 8, 15, 10, 16, 7, 1, 5, 5, 6, 13, 5, 16, 17, 11, 16, 6, 18, 6, 1, 16, 8, 11, 17, 18, 15, 2, 2, 1, 8, 8, 8, 18, 12, 10, 6, 20, 15, 13, 9, 18, 11, 8, 11, 16, 18, 6, 18, 10, 13, 5, 1, 18, 2, 17, 2, 11, 9, 14, 11, 17, 15, 5, 13, 16, 13, 2, 1, 18, 11, 11, 15, 13, 20, 18, 10, 15, 20, 20, 5, 11, 15, 11, 1, 6, 16, 1, 12, 15, 19, 12, 17, 14, 3, 3, 8, 2, 7, 3, 7, 1, 12, 15, 4, 3, 3, 8, 4, 3, 4, 19, 12, 7, 17, 10, 14, 9, 14, 8, 5, 4, 3, 2, 4, 19, 12, 7, 17, 10, 14, 2, 6, 9, 14, 10, 4, 7, 20, 3, 7, 8, 14, 1, 4, 14, 19, 10, 15, 1, 9, 17, 4, 17, 12, 19, 16, 3, 14, 12, 12, 18, 3, 7]
bestever    2634    in generation 57
[9, 5, 6, 5, 13, 20, 7, 16, 20, 6, 2, 4, 7, 12, 5, 9, 20, 9, 19, 2, 19, 19, 14, 6, 10, 19, 20, 13, 16, 9, 20, 17, 19, 10, 6, 4, 9, 13, 8, 15, 10, 16, 7, 1, 5, 5, 6, 13, 5, 16, 17, 11, 16, 13, 18, 6, 1, 16, 8, 11, 17, 18, 15, 2, 2, 1, 8, 8, 8, 18, 12, 10, 6, 20, 15, 13, 9, 18, 11, 8, 11, 16, 18, 6, 18, 10, 13, 5, 1, 18, 2, 17, 2, 11, 9, 14, 11, 17, 15, 5, 13, 16, 13, 2, 1, 18, 11, 11, 15, 13, 20, 18, 15, 20, 20, 5, 11, 15, 11, 1, 6, 16, 1, 12, 15, 7, 3, 3, 8, 3, 2, 19, 12, 17, 14, 10, 7, 1, 12, 15, 4, 3, 3, 8, 4, 3, 4, 19, 12, 7, 17, 10, 14, 9, 14, 8, 5, 4, 3, 2, 4, 19, 12, 7, 17, 10, 14, 2, 6, 9, 14, 10, 4, 7, 20, 3, 7, 8, 14, 1, 4, 14, 19, 10, 15, 1, 9, 17, 4, 17, 12, 19, 16, 3, 14, 12, 12, 18, 3, 7]
bestever    2607    in generation 69
[9, 5, 6, 5, 13, 20, 7, 16, 20, 6, 2, 4, 7, 12, 5, 9, 20, 9, 19, 2, 19, 19, 14, 6, 10, 19, 20, 13, 16, 9, 20, 17, 19, 10, 6, 4, 9, 13, 8, 15, 10, 16, 7, 1, 5, 5, 6, 13, 5, 16, 17, 11, 16, 13, 18, 6, 1, 16, 8, 11, 17, 18, 15, 2, 2, 1, 4, 8, 8, 18, 12, 10, 6, 20, 15, 13, 9, 18, 11, 8, 11, 16, 18, 6, 18, 10, 13, 5, 1, 18, 2, 17, 2, 11, 9, 14, 11, 17, 15, 5, 13, 16, 13, 2, 1, 18, 11, 11, 15, 13, 20, 18, 15, 20, 20, 5, 11, 15, 11, 1, 6, 16, 1, 12, 15, 7, 3, 3, 8, 3, 2, 19, 12, 17, 14, 10, 7, 1, 12, 15, 4, 3, 3, 8, 4, 3, 4, 19, 12, 7, 17, 10, 14, 9, 14, 8, 5, 4, 3, 2, 8, 19, 12, 7, 17, 10, 14, 2, 6, 9, 14, 10, 4, 7, 20, 3, 7, 8, 14, 1, 4, 14, 19, 10, 15, 1, 9, 17, 4, 17, 12, 19, 16, 3, 14, 12, 12, 18, 3, 7]
bestever    2606    in generation 88
[9, 5, 6, 5, 13, 20, 7, 16, 20, 6, 2, 4, 7, 12, 5, 9, 20, 9, 19, 2, 19, 19, 14, 6, 10, 19, 20, 13, 16, 9, 20, 17, 19, 10, 6, 4, 9, 13, 8, 15, 10, 16, 7, 1, 5, 5, 6, 13, 5, 16, 17, 11, 16, 13, 18, 6, 1, 16, 8, 11, 17, 18, 15, 2, 2, 1, 4, 8, 8, 18, 12, 10, 6, 20, 15, 13, 9, 18, 11, 8, 11, 16, 18, 6, 18, 10, 13, 5, 1, 18, 2, 17, 2, 11, 9, 14, 11, 17, 15, 5, 13, 16, 13, 2, 1, 18, 11, 11, 15, 13, 20, 18, 15, 20, 20, 5, 11, 15, 11, 1, 6, 16, 1, 12, 15, 7, 3, 3, 8, 3, 2, 19, 12, 17, 14, 10, 7, 1, 12, 15, 4, 3, 3, 8, 4, 3, 4, 19, 12, 7, 17, 10, 14, 9, 14, 8, 5, 4, 3, 2, 8, 19, 12, 7, 17, 10, 14, 2, 6, 9, 14, 10, 4, 7, 20, 3, 7, 8, 14, 1, 4, 14, 17, 10, 15, 1, 9, 17, 4, 19, 12, 19, 16, 3, 14, 12, 12, 18, 3, 7]
bestever    2590    in generation 90
[9, 5, 6, 5, 13, 20, 7, 16, 20, 6, 2, 4, 7, 12, 5, 9, 20, 9, 19, 2, 19, 19, 14, 6, 10, 19, 20, 13, 16, 9, 20, 17, 19, 10, 6, 4, 9, 13, 8, 15, 10, 16, 7, 1, 5, 5, 6, 13, 5, 16, 17, 11, 16, 13, 18, 6, 16, 8, 11, 17, 18, 15, 2, 2, 1, 4, 8, 8, 18, 12, 10, 6, 20, 15, 13, 9, 18, 11, 8, 11, 16, 18, 18, 10, 13, 5, 1, 18, 2, 17, 2, 11, 9, 14, 11, 17, 5, 13, 16, 13, 2, 1, 18, 11, 11, 15, 13, 20, 18, 15, 20, 20, 5, 11, 15, 1, 6, 15, 11, 1, 6, 16, 1, 12, 15, 7, 3, 3, 8, 3, 2, 19, 12, 17, 14, 10, 7, 1, 12, 15, 4, 3, 3, 8, 4, 3, 4, 19, 12, 7, 17, 10, 14, 9, 14, 8, 5, 4, 3, 2, 8, 19, 12, 7, 17, 10, 14, 2, 6, 9, 14, 10, 4, 7, 20, 3, 7, 8, 14, 1, 4, 14, 19, 10, 15, 1, 9, 17, 4, 17, 12, 19, 16, 3, 14, 12, 12, 18, 3, 7]
bestever    2581    in generation 116
[9, 5, 6, 5, 13, 20, 7, 16, 20, 6, 2, 4, 7, 12, 5, 9, 20, 9, 19, 2, 19, 19, 14, 6, 10, 19, 20, 13, 16, 9, 20, 17, 19, 10, 6, 4, 9, 13, 8, 15, 10, 16, 5, 1, 5, 5, 6, 13, 5, 16, 17, 11, 16, 13, 18, 6, 16, 8, 11, 17, 18, 15, 2, 2, 1, 4, 8, 8, 18, 12, 10, 6, 20, 15, 13, 9, 18, 11, 8, 11, 16, 18, 18, 10, 13, 5, 1, 18, 2, 17, 2, 11, 9, 14, 11, 17, 5, 13, 16, 13, 2, 1, 18, 11, 11, 15, 13, 20, 18, 15, 20, 20, 7, 11, 15, 1, 6, 15, 11, 1, 6, 16, 1, 12, 15, 7, 3, 3, 8, 3, 2, 19, 12, 17, 14, 10, 7, 1, 12, 15, 4, 3, 3, 8, 4, 3, 4, 19, 12, 7, 17, 10, 14, 9, 14, 8, 5, 4, 3, 2, 8, 19, 12, 7, 17, 10, 14, 2, 6, 9, 14, 10, 4, 7, 20, 3, 7, 8, 14, 1, 4, 14, 19, 10, 15, 1, 9, 17, 4, 17, 12, 19, 16, 3, 14, 12, 12, 18, 3, 7]
bestever    2540    in generation 118
[9, 5, 6, 5, 13, 20, 7, 16, 20, 6, 2, 4, 7, 5, 5, 9, 20, 9, 19, 2, 19, 19, 14, 6, 10, 19, 20, 13, 16, 9, 20, 17, 19, 10, 6, 4, 9, 13, 8, 15, 10, 16, 7, 1, 5, 5, 6, 13, 5, 16, 17, 11, 16, 13, 18, 6, 16, 8, 11, 17, 18, 15, 2, 2, 1, 4, 8, 8, 18, 12, 10, 6, 20, 15, 13, 9, 18, 11, 8, 11, 16, 18, 18, 10, 13, 5, 1, 18, 2, 17, 2, 11, 9, 14, 11, 17, 5, 13, 16, 13, 2, 1, 18, 11, 11, 15, 13, 20, 18, 15, 20, 20, 12, 11, 15, 1, 6, 15, 11, 1, 6, 16, 1, 12, 15, 7, 3, 3, 8, 3, 2, 19, 12, 17, 14, 10, 7, 1, 12, 15, 4, 3, 3, 8, 4, 3, 4, 19, 12, 7, 17, 10, 14, 9, 14, 8, 5, 4, 3, 2, 8, 19, 12, 7, 17, 10, 14, 2, 6, 9, 14, 10, 4, 7, 20, 3, 7, 8, 14, 1, 4, 14, 19, 10, 15, 1, 9, 17, 4, 17, 12, 19, 16, 3, 14, 12, 12, 18, 3, 7]
bestever    2532    in generation 122
[9, 5, 6, 5, 13, 20, 7, 16, 20, 6, 2, 4, 7, 5, 5, 9, 20, 9, 19, 2, 19, 19, 14, 6, 10, 19, 20, 13, 16, 9, 20, 17, 19, 10, 6, 4, 9, 13, 8, 15, 10, 16, 7, 1, 5, 5, 6, 13, 5, 16, 17, 11, 16, 13, 18, 6, 16, 8, 11, 17, 18, 15, 2, 2, 1, 4, 8, 8, 18, 12, 10, 6, 20, 15, 13, 9, 18, 11, 8, 11, 16, 18, 18, 10, 13, 5, 1, 18, 2, 17, 2, 11, 9, 14, 11, 17, 5, 13, 16, 13, 2, 1, 18, 11, 11, 15, 13, 20, 18, 15, 20, 20, 12, 11, 15, 1, 6, 15, 11, 1, 6, 16, 1, 12, 15, 7, 3, 3, 8, 3, 2, 19, 12, 17, 14, 10, 7, 1, 12, 15, 4, 3, 3, 8, 4, 3, 4, 19, 12, 7, 17, 10, 14, 9, 14, 8, 5, 4, 3, 16, 8, 19, 12, 7, 17, 10, 14, 2, 6, 9, 14, 10, 4, 7, 20, 3, 7, 8, 14, 1, 4, 14, 19, 10, 15, 1, 9, 17, 4, 17, 12, 19, 2, 3, 14, 12, 12, 18, 3, 7]
bestever    2518    in generation 135
[9, 5, 6, 5, 13, 20, 7, 16, 20, 6, 2, 4, 7, 5, 5, 9, 20, 9, 19, 20, 19, 19, 14, 6, 10, 19, 20, 13, 16, 9, 2, 17, 19, 10, 6, 4, 9, 13, 8, 15, 10, 16, 7, 1, 5, 5, 6, 13, 5, 16, 17, 11, 16, 13, 18, 6, 16, 8, 11, 17, 18, 15, 2, 2, 1, 4, 8, 8, 18, 12, 10, 6, 20, 15, 13, 9, 18, 11, 8, 11, 16, 18, 18, 10, 13, 5, 1, 18, 2, 17, 2, 11, 9, 14, 11, 17, 5, 13, 16, 13, 2, 1, 18, 11, 11, 15, 13, 20, 18, 15, 20, 20, 12, 11, 15, 1, 6, 15, 11, 1, 6, 16, 1, 12, 15, 7, 3, 3, 8, 3, 2, 19, 12, 17, 14, 10, 7, 1, 12, 15, 4, 3, 3, 8, 4, 3, 4, 19, 12, 7, 17, 10, 14, 9, 14, 8, 5, 4, 3, 16, 8, 19, 12, 7, 17, 10, 14, 2, 6, 9, 14, 10, 4, 7, 20, 3, 7, 8, 14, 1, 4, 14, 19, 10, 15, 1, 9, 17, 4, 17, 12, 19, 2, 3, 14, 12, 12, 18, 3, 7]
bestever    2510    in generation 145
[9, 5, 6, 5, 13, 20, 7, 16, 20, 6, 2, 4, 7, 5, 5, 9, 20, 9, 19, 20, 19, 19, 14, 6, 10, 19, 20, 13, 16, 9, 2, 17, 19, 10, 6, 4, 9, 13, 8, 15, 10, 16, 7, 1, 5, 5, 6, 13, 5, 16, 17, 11, 16, 13, 18, 6, 16, 8, 11, 17, 18, 15, 2, 11, 1, 4, 8, 8, 18, 12, 10, 6, 20, 15, 13, 9, 18, 11, 8, 2, 16, 18, 18, 10, 13, 5, 1, 18, 2, 17, 2, 11, 9, 14, 11, 17, 5, 13, 16, 13, 2, 1, 18, 11, 11, 15, 13, 20, 18, 15, 20, 20, 12, 11, 15, 1, 6, 15, 11, 1, 6, 16, 1, 12, 15, 7, 3, 3, 8, 2, 19, 12, 17, 14, 10, 1, 12, 7, 3, 15, 4, 3, 3, 8, 4, 3, 4, 19, 12, 7, 17, 10, 14, 9, 14, 8, 5, 4, 3, 16, 8, 19, 12, 7, 17, 10, 14, 2, 6, 9, 14, 10, 4, 7, 20, 3, 7, 8, 14, 1, 4, 14, 19, 10, 15, 1, 9, 17, 4, 17, 12, 19, 2, 3, 14, 12, 12, 18, 3, 7]
bestever    2498    in generation 152
[9, 5, 6, 5, 13, 20, 7, 16, 20, 6, 2, 4, 7, 5, 5, 9, 20, 9, 19, 20, 19, 19, 14, 6, 10, 19, 20, 13, 16, 9, 2, 17, 19, 10, 6, 4, 9, 13, 8, 15, 10, 16, 1, 5, 5, 6, 13, 5, 16, 17, 11, 16, 13, 18, 6, 16, 8, 11, 17, 18, 15, 2, 11, 1, 4, 8, 8, 18, 12, 10, 6, 20, 15, 13, 9, 18, 11, 8, 2, 16, 18, 18, 10, 13, 5, 1, 18, 2, 17, 2, 11, 9, 14, 11, 17, 5, 13, 16, 7, 13, 2, 1, 18, 11, 11, 15, 13, 20, 18, 15, 20, 20, 12, 11, 15, 1, 6, 15, 11, 1, 6, 16, 1, 12, 15, 7, 3, 3, 8, 2, 19, 12, 17, 14, 10, 1, 12, 7, 3, 15, 4, 3, 3, 8, 4, 3, 4, 19, 12, 7, 17, 10, 14, 9, 14, 8, 5, 4, 3, 16, 8, 19, 12, 7, 17, 10, 14, 2, 6, 9, 14, 10, 4, 7, 20, 3, 7, 8, 14, 1, 4, 14, 19, 10, 15, 1, 9, 17, 4, 17, 12, 19, 2, 3, 14, 12, 12, 18, 3, 7]
bestever    2468    in generation 160
[9, 5, 6, 5, 13, 20, 7, 16, 20, 6, 2, 4, 7, 5, 5, 9, 20, 9, 19, 20, 19, 19, 14, 6, 10, 19, 20, 13, 16, 9, 2, 17, 19, 10, 6, 4, 9, 13, 8, 15, 10, 16, 7, 1, 5, 5, 6, 13, 5, 16, 17, 11, 16, 13, 18, 6, 16, 8, 11, 17, 18, 15, 2, 11, 1, 4, 8, 8, 18, 12, 10, 6, 20, 15, 13, 9, 18, 11, 8, 2, 16, 18, 18, 10, 13, 5, 1, 18, 2, 17, 2, 11, 9, 14, 11, 17, 5, 13, 16, 13, 2, 1, 18, 11, 11, 15, 13, 20, 18, 15, 20, 20, 12, 11, 15, 1, 6, 15, 11, 1, 6, 16, 1, 12, 15, 7, 3, 3, 8, 2, 19, 12, 17, 14, 10, 1, 12, 7, 3, 15, 4, 3, 3, 8, 4, 3, 4, 19, 12, 7, 17, 10, 14, 9, 14, 8, 5, 4, 19, 16, 8, 19, 12, 7, 17, 10, 14, 2, 6, 9, 14, 10, 4, 7, 20, 3, 7, 8, 14, 1, 4, 14, 19, 10, 15, 1, 9, 17, 4, 17, 12, 3, 2, 3, 14, 12, 12, 18, 3, 7]
bestever    2453    in generation 181
[9, 5, 6, 5, 13, 20, 7, 16, 20, 6, 2, 4, 7, 5, 5, 9, 20, 9, 19, 20, 19, 19, 14, 6, 10, 19, 20, 13, 16, 9, 2, 17, 19, 10, 6, 4, 9, 13, 8, 15, 10, 16, 7, 1, 5, 5, 6, 13, 5, 16, 17, 11, 16, 13, 18, 6, 16, 8, 11, 17, 18, 15, 2, 11, 1, 4, 8, 8, 18, 12, 10, 6, 20, 15, 13, 9, 18, 11, 8, 2, 16, 18, 18, 10, 13, 5, 1, 18, 2, 17, 2, 11, 9, 14, 11, 17, 5, 13, 16, 13, 2, 1, 18, 11, 11, 15, 13, 20, 18, 15, 20, 20, 12, 11, 15, 1, 6, 15, 11, 1, 6, 16, 1, 12, 15, 7, 3, 3, 8, 2, 19, 12, 17, 14, 10, 12, 7, 3, 15, 4, 3, 3, 8, 4, 3, 4, 19, 12, 7, 17, 10, 14, 9, 14, 8, 5, 4, 19, 16, 8, 19, 12, 7, 17, 10, 14, 2, 6, 9, 10, 20, 3, 7, 1, 4, 14, 7, 8, 14, 1, 4, 14, 19, 10, 15, 1, 9, 17, 4, 17, 12, 3, 2, 3, 14, 12, 12, 18, 3, 7]
bestever    2437    in generation 183
[9, 5, 6, 5, 13, 20, 7, 16, 20, 6, 2, 4, 7, 5, 5, 9, 20, 9, 19, 20, 19, 19, 14, 6, 10, 19, 20, 13, 16, 9, 2, 17, 19, 10, 6, 4, 9, 13, 8, 15, 10, 16, 7, 1, 5, 5, 6, 13, 5, 16, 17, 11, 16, 13, 18, 6, 16, 8, 11, 17, 18, 15, 2, 11, 1, 4, 8, 8, 18, 12, 10, 6, 20, 15, 13, 9, 18, 11, 8, 2, 16, 18, 18, 10, 13, 5, 1, 18, 2, 17, 2, 11, 9, 14, 11, 17, 5, 13, 16, 13, 2, 1, 18, 11, 11, 15, 13, 20, 18, 15, 20, 20, 12, 11, 15, 1, 6, 15, 11, 1, 6, 16, 12, 15, 7, 3, 3, 8, 19, 14, 10, 12, 7, 3, 15, 4, 3, 8, 4, 3, 4, 19, 12, 17, 10, 14, 8, 5, 19, 16, 8, 19, 12, 17, 2, 9, 3, 7, 1, 4, 14, 12, 7, 17, 10, 14, 2, 6, 9, 10, 20, 3, 7, 1, 4, 14, 7, 8, 14, 1, 4, 14, 19, 10, 15, 1, 9, 17, 4, 17, 12, 3, 2, 3, 14, 12, 12, 18, 3, 7]
bestever    2399    in generation 196
[9, 5, 6, 5, 13, 20, 7, 16, 20, 6, 2, 4, 7, 5, 5, 9, 20, 9, 19, 20, 19, 19, 14, 6, 10, 19, 20, 13, 16, 9, 2, 17, 19, 10, 6, 4, 9, 13, 8, 15, 10, 16, 7, 1, 5, 5, 6, 13, 5, 16, 17, 11, 16, 13, 18, 6, 16, 8, 11, 3, 18, 15, 2, 11, 1, 4, 8, 8, 18, 12, 10, 6, 20, 15, 13, 9, 18, 11, 8, 2, 16, 18, 18, 10, 13, 5, 1, 18, 2, 17, 2, 11, 9, 14, 11, 17, 5, 13, 16, 13, 2, 1, 18, 11, 11, 15, 13, 20, 18, 15, 20, 20, 12, 11, 15, 1, 6, 15, 11, 6, 16, 1, 12, 15, 7, 3, 3, 8, 19, 10, 1, 12, 7, 3, 15, 4, 3, 8, 4, 3, 19, 12, 17, 14, 8, 5, 4, 16, 8, 19, 12, 17, 14, 2, 9, 14, 10, 4, 3, 7, 19, 12, 7, 17, 10, 14, 2, 6, 9, 10, 20, 3, 7, 1, 4, 14, 7, 8, 14, 1, 4, 14, 19, 10, 15, 1, 9, 17, 4, 17, 12, 3, 2, 17, 14, 12, 12, 18, 3, 7]
bestever    2391    in generation 219
[9, 5, 6, 5, 13, 20, 7, 16, 20, 6, 2, 4, 7, 5, 5, 9, 20, 9, 19, 20, 19, 19, 14, 6, 10, 19, 20, 13, 16, 9, 2, 17, 19, 10, 6, 4, 9, 13, 8, 15, 10, 16, 7, 1, 5, 5, 6, 13, 5, 16, 17, 11, 16, 13, 18, 6, 16, 8, 11, 3, 18, 15, 2, 11, 1, 4, 8, 8, 18, 12, 10, 6, 20, 15, 13, 9, 18, 11, 8, 2, 16, 18, 18, 10, 13, 5, 1, 18, 2, 17, 2, 11, 9, 14, 11, 17, 5, 13, 16, 13, 2, 1, 18, 11, 11, 15, 13, 20, 18, 15, 20, 20, 12, 11, 15, 1, 6, 15, 11, 6, 16, 1, 12, 15, 7, 3, 3, 8, 19, 10, 1, 12, 7, 3, 15, 4, 3, 8, 4, 3, 19, 12, 17, 14, 8, 5, 4, 16, 8, 19, 12, 17, 14, 2, 9, 14, 10, 4, 3, 7, 19, 1, 7, 17, 10, 14, 2, 6, 9, 10, 20, 3, 7, 1, 4, 14, 7, 8, 14, 12, 4, 14, 19, 10, 15, 1, 9, 17, 4, 17, 12, 3, 2, 17, 14, 12, 12, 18, 3, 7]
bestever    2370    in generation 239
[9, 5, 6, 5, 13, 20, 7, 16, 20, 6, 2, 4, 5, 5, 9, 20, 9, 19, 20, 19, 19, 6, 10, 19, 20, 13, 16, 9, 2, 17, 19, 10, 6, 4, 9, 13, 8, 15, 10, 16, 1, 5, 5, 6, 13, 5, 16, 17, 11, 16, 13, 18, 6, 16, 8, 11, 3, 18, 15, 2, 11, 1, 8, 8, 18, 10, 6, 20, 15, 13, 18, 11, 8, 2, 16, 18, 18, 10, 13, 5, 1, 18, 2, 2, 11, 11, 5, 13, 16, 13, 1, 18, 11, 11, 15, 13, 20, 18, 15, 20, 20, 11, 15, 1, 6, 15, 11, 6, 16, 1, 15, 3, 3, 8, 19, 1, 12, 7, 3, 15, 8, 4, 12, 17, 4, 8, 12, 17, 14, 9, 14, 4, 3, 7, 19, 1, 7, 17, 14, 2, 9, 10, 3, 5, 4, 16, 8, 19, 12, 17, 14, 2, 9, 14, 10, 4, 3, 7, 19, 12, 7, 12, 7, 17, 10, 14, 2, 6, 9, 10, 20, 3, 7, 1, 4, 14, 7, 8, 14, 12, 4, 14, 19, 10, 15, 1, 9, 17, 4, 17, 12, 3, 2, 17, 14, 12, 12, 18, 3, 7]
bestever    2364    in generation 241
[9, 5, 6, 5, 13, 20, 7, 16, 20, 6, 2, 4, 5, 5, 9, 20, 9, 19, 20, 19, 19, 6, 10, 19, 20, 13, 16, 9, 2, 17, 19, 10, 6, 4, 9, 13, 8, 15, 10, 16, 1, 5, 5, 6, 13, 5, 16, 17, 11, 16, 13, 18, 6, 16, 8, 11, 3, 18, 15, 2, 11, 1, 8, 8, 18, 6, 20, 15, 13, 18, 11, 8, 2, 16, 18, 18, 10, 13, 5, 1, 18, 2, 2, 11, 11, 5, 13, 16, 13, 1, 18, 11, 11, 15, 13, 20, 18, 15, 20, 20, 11, 15, 1, 6, 15, 11, 6, 16, 1, 15, 3, 3, 8, 19, 1, 12, 7, 3, 15, 8, 4, 12, 17, 8, 12, 17, 14, 9, 14, 4, 3, 7, 19, 1, 7, 17, 14, 2, 9, 10, 3, 5, 4, 16, 8, 19, 12, 17, 14, 2, 9, 14, 10, 4, 3, 7, 10, 4, 19, 12, 7, 12, 7, 17, 10, 14, 2, 6, 9, 10, 20, 3, 7, 1, 4, 14, 7, 8, 14, 12, 4, 14, 19, 10, 15, 1, 9, 17, 4, 17, 12, 3, 2, 17, 14, 12, 12, 18, 3, 7]
bestever    2338    in generation 253
[9, 5, 6, 5, 13, 20, 7, 16, 20, 6, 2, 4, 5, 5, 9, 20, 9, 19, 20, 19, 19, 6, 10, 19, 20, 13, 16, 9, 2, 17, 19, 10, 6, 4, 2, 13, 8, 15, 10, 16, 1, 5, 5, 6, 13, 5, 16, 17, 11, 16, 13, 18, 6, 16, 8, 11, 3, 18, 15, 2, 11, 1, 8, 8, 18, 6, 20, 15, 13, 18, 11, 8, 2, 16, 18, 18, 10, 13, 5, 1, 18, 2, 2, 11, 11, 5, 13, 16, 13, 1, 18, 11, 11, 15, 13, 20, 18, 15, 20, 20, 11, 15, 1, 6, 15, 11, 6, 16, 1, 15, 3, 3, 8, 19, 1, 12, 7, 3, 15, 8, 4, 12, 17, 8, 12, 17, 14, 9, 14, 4, 3, 7, 19, 1, 7, 17, 14, 2, 9, 10, 3, 5, 4, 16, 8, 19, 12, 17, 14, 9, 9, 14, 10, 4, 3, 7, 10, 4, 19, 12, 7, 12, 7, 17, 10, 14, 2, 6, 9, 10, 20, 3, 7, 1, 4, 14, 7, 8, 14, 12, 4, 14, 19, 10, 15, 1, 9, 17, 4, 17, 12, 3, 2, 17, 14, 12, 12, 18, 3, 7]
bestever    2327    in generation 254
[9, 5, 6, 5, 13, 20, 7, 16, 20, 6, 2, 4, 5, 5, 9, 20, 9, 19, 20, 19, 19, 6, 10, 19, 20, 13, 16, 9, 2, 17, 19, 10, 6, 4, 9, 13, 8, 15, 10, 16, 1, 5, 5, 6, 13, 5, 16, 17, 11, 16, 13, 18, 6, 16, 8, 11, 3, 18, 15, 2, 11, 1, 8, 8, 18, 6, 20, 15, 13, 18, 3, 8, 2, 16, 18, 18, 10, 13, 5, 1, 18, 2, 2, 11, 11, 5, 13, 16, 13, 1, 18, 11, 11, 15, 13, 20, 18, 15, 20, 20, 11, 15, 1, 6, 15, 11, 6, 16, 1, 15, 3, 3, 8, 19, 1, 12, 7, 3, 15, 8, 4, 12, 17, 8, 12, 17, 14, 9, 14, 4, 11, 7, 19, 1, 7, 17, 14, 2, 9, 10, 3, 5, 4, 16, 8, 19, 12, 17, 14, 2, 9, 14, 10, 4, 3, 7, 10, 4, 19, 12, 7, 12, 7, 17, 10, 14, 2, 6, 9, 10, 20, 3, 7, 1, 4, 14, 7, 8, 14, 12, 4, 14, 19, 10, 15, 1, 9, 17, 4, 17, 12, 3, 2, 17, 14, 12, 12, 18, 3, 7]
bestever    2324    in generation 262
[9, 5, 6, 5, 13, 20, 7, 16, 20, 6, 2, 4, 5, 5, 9, 20, 9, 19, 20, 19, 19, 6, 10, 19, 20, 13, 16, 9, 2, 17, 19, 10, 6, 4, 9, 13, 8, 15, 10, 16, 1, 5, 5, 6, 13, 5, 16, 17, 11, 16, 13, 18, 6, 16, 8, 11, 3, 18, 15, 2, 11, 1, 8, 8, 18, 6, 20, 15, 13, 18, 3, 8, 2, 16, 18, 18, 10, 13, 5, 1, 18, 14, 11, 11, 5, 13, 16, 13, 1, 18, 11, 11, 15, 13, 20, 18, 15, 20, 20, 11, 15, 1, 6, 15, 11, 6, 16, 1, 15, 8, 19, 1, 15, 8, 4, 17, 8, 9, 11, 3, 12, 12, 2, 3, 7, 12, 14, 17, 14, 4, 3, 7, 19, 1, 7, 17, 14, 2, 9, 10, 3, 5, 4, 16, 8, 19, 12, 17, 14, 2, 9, 2, 10, 4, 3, 7, 10, 4, 19, 12, 7, 12, 7, 17, 10, 14, 2, 6, 9, 10, 20, 3, 7, 1, 4, 14, 7, 8, 14, 12, 4, 14, 19, 10, 15, 1, 9, 17, 4, 17, 12, 3, 2, 17, 14, 12, 12, 18, 3, 7]
bestever    2317    in generation 269
[9, 5, 6, 5, 13, 20, 7, 16, 20, 6, 2, 4, 5, 5, 9, 20, 9, 19, 20, 19, 19, 6, 10, 19, 20, 13, 16, 9, 2, 11, 19, 10, 6, 4, 9, 13, 8, 15, 10, 16, 1, 5, 5, 6, 13, 5, 16, 17, 11, 16, 13, 18, 6, 16, 8, 11, 3, 18, 15, 2, 11, 1, 8, 8, 18, 6, 20, 15, 13, 18, 3, 8, 2, 16, 18, 18, 10, 13, 5, 1, 18, 14, 11, 11, 5, 13, 16, 13, 1, 18, 17, 11, 15, 13, 20, 18, 15, 20, 20, 11, 15, 1, 6, 15, 11, 6, 16, 1, 15, 8, 19, 1, 15, 8, 4, 17, 8, 9, 11, 3, 12, 12, 2, 3, 7, 12, 14, 17, 14, 4, 3, 7, 19, 1, 7, 17, 14, 2, 9, 10, 3, 5, 4, 16, 8, 19, 12, 17, 14, 2, 9, 2, 10, 4, 3, 7, 10, 4, 19, 12, 7, 12, 7, 17, 10, 14, 2, 6, 9, 10, 20, 3, 7, 1, 4, 14, 7, 8, 14, 12, 4, 14, 19, 10, 15, 1, 9, 17, 4, 17, 12, 3, 2, 17, 14, 12, 12, 18, 3, 7]
bestever    2312    in generation 272
[9, 5, 6, 5, 13, 20, 7, 16, 20, 6, 2, 4, 5, 5, 9, 20, 9, 19, 20, 19, 19, 6, 10, 19, 20, 13, 16, 9, 2, 11, 19, 10, 6, 4, 9, 13, 8, 15, 10, 16, 1, 5, 5, 6, 13, 5, 16, 17, 11, 16, 13, 18, 6, 16, 8, 11, 3, 18, 15, 2, 11, 1, 8, 8, 18, 6, 20, 15, 13, 18, 3, 8, 2, 16, 18, 18, 10, 13, 5, 1, 18, 14, 11, 11, 5, 13, 16, 13, 1, 18, 17, 11, 15, 13, 20, 18, 15, 20, 20, 11, 15, 1, 6, 15, 11, 6, 16, 1, 15, 8, 19, 1, 15, 8, 4, 8, 11, 3, 2, 7, 7, 19, 17, 3, 12, 12, 17, 2, 9, 3, 1, 7, 12, 4, 14, 17, 14, 2, 9, 10, 3, 5, 4, 16, 8, 19, 12, 17, 14, 2, 9, 14, 10, 4, 3, 7, 10, 4, 19, 12, 7, 12, 7, 17, 10, 14, 2, 6, 9, 10, 20, 3, 7, 1, 4, 14, 7, 8, 14, 12, 4, 14, 19, 10, 15, 1, 9, 17, 4, 17, 12, 3, 2, 17, 14, 12, 12, 18, 3, 7]
bestever    2302    in generation 295
[9, 5, 6, 5, 13, 20, 9, 16, 20, 6, 2, 4, 5, 5, 9, 20, 7, 19, 20, 19, 19, 6, 10, 19, 20, 13, 16, 9, 2, 11, 19, 10, 6, 4, 9, 13, 8, 15, 10, 16, 1, 5, 5, 6, 13, 5, 16, 17, 11, 16, 13, 18, 6, 16, 8, 11, 3, 18, 15, 2, 11, 1, 8, 8, 18, 6, 20, 15, 13, 18, 3, 8, 2, 16, 18, 18, 10, 13, 5, 1, 18, 14, 11, 11, 5, 13, 16, 13, 1, 18, 17, 11, 15, 13, 20, 18, 15, 20, 20, 11, 15, 1, 6, 15, 11, 6, 16, 1, 15, 8, 19, 1, 15, 8, 4, 8, 11, 3, 2, 7, 7, 19, 17, 3, 12, 12, 17, 2, 9, 3, 1, 7, 12, 4, 14, 17, 14, 2, 9, 10, 3, 5, 4, 16, 8, 19, 12, 17, 14, 2, 9, 14, 10, 4, 3, 7, 10, 4, 19, 12, 7, 12, 7, 17, 10, 14, 2, 6, 9, 10, 20, 3, 7, 1, 4, 14, 7, 8, 14, 12, 4, 14, 19, 10, 15, 1, 9, 17, 4, 17, 12, 3, 2, 17, 14, 12, 12, 18, 3, 7]
bestever    2297    in generation 304
[9, 5, 6, 5, 13, 20, 9, 16, 20, 6, 2, 4, 5, 5, 9, 20, 7, 19, 20, 19, 19, 6, 10, 19, 20, 13, 16, 9, 2, 11, 19, 10, 6, 4, 9, 13, 8, 15, 10, 16, 1, 5, 5, 6, 13, 5, 16, 17, 11, 16, 13, 18, 6, 16, 8, 11, 3, 18, 15, 2, 11, 1, 8, 8, 18, 6, 20, 15, 13, 18, 3, 8, 2, 16, 18, 18, 10, 13, 5, 1, 18, 14, 11, 11, 5, 13, 16, 13, 1, 18, 17, 11, 15, 13, 20, 18, 15, 20, 20, 11, 15, 1, 6, 15, 11, 6, 16, 1, 15, 8, 19, 1, 15, 8, 4, 8, 11, 3, 2, 7, 7, 19, 17, 3, 2, 9, 3, 7, 12, 4, 14, 17, 2, 9, 10, 5, 4, 16, 8, 12, 17, 14, 10, 3, 4, 19, 12, 12, 17, 14, 2, 9, 10, 3, 1, 4, 14, 7, 19, 12, 7, 12, 7, 17, 10, 14, 2, 6, 9, 10, 20, 3, 7, 1, 4, 14, 7, 8, 14, 12, 4, 14, 19, 10, 15, 1, 9, 17, 4, 17, 12, 3, 2, 17, 14, 12, 12, 18, 3, 7]
bestever    2255    in generation 307
[9, 5, 6, 5, 13, 20, 9, 16, 20, 6, 2, 4, 5, 5, 9, 20, 19, 20, 19, 19, 6, 10, 19, 20, 13, 16, 9, 2, 11, 19, 10, 6, 4, 9, 13, 8, 15, 10, 16, 1, 5, 5, 6, 13, 5, 16, 17, 11, 16, 13, 18, 6, 16, 8, 11, 3, 18, 15, 2, 11, 1, 8, 8, 18, 6, 20, 15, 13, 18, 8, 2, 16, 18, 18, 10, 13, 5, 1, 18, 14, 11, 11, 5, 13, 16, 13, 1, 18, 17, 11, 15, 13, 20, 18, 15, 20, 20, 11, 15, 1, 6, 15, 11, 6, 16, 1, 15, 8, 19, 1, 15, 8, 4, 7, 3, 8, 11, 3, 2, 7, 7, 19, 17, 3, 12, 12, 17, 2, 9, 3, 1, 7, 12, 4, 14, 17, 14, 2, 9, 10, 3, 5, 4, 16, 8, 19, 12, 17, 14, 2, 9, 14, 10, 4, 3, 7, 10, 4, 19, 12, 7, 12, 7, 17, 10, 14, 2, 6, 9, 10, 20, 3, 7, 1, 4, 14, 7, 8, 14, 12, 4, 14, 19, 10, 15, 1, 9, 17, 4, 17, 12, 3, 2, 17, 14, 12, 12, 18, 3, 7]
bestever    2233    in generation 333
[9, 5, 6, 5, 13, 20, 9, 16, 20, 6, 2, 4, 5, 5, 9, 20, 19, 20, 19, 19, 6, 10, 19, 20, 13, 16, 9, 2, 11, 19, 10, 6, 4, 9, 13, 8, 15, 15, 16, 1, 5, 5, 6, 13, 5, 16, 17, 11, 16, 13, 18, 6, 16, 8, 11, 3, 18, 15, 2, 11, 1, 8, 8, 18, 6, 20, 15, 13, 18, 3, 8, 2, 16, 18, 18, 10, 13, 7, 5, 1, 18, 14, 11, 11, 5, 13, 16, 13, 1, 18, 17, 10, 15, 13, 20, 18, 10, 20, 20, 11, 15, 1, 6, 15, 11, 6, 16, 1, 15, 8, 19, 1, 15, 8, 4, 8, 11, 3, 2, 7, 7, 19, 17, 3, 12, 12, 17, 2, 9, 3, 1, 7, 12, 4, 14, 17, 14, 2, 9, 10, 3, 5, 4, 16, 8, 19, 12, 17, 14, 2, 9, 14, 10, 4, 3, 7, 10, 4, 19, 12, 7, 12, 7, 17, 11, 14, 2, 6, 9, 10, 20, 3, 7, 1, 4, 14, 7, 8, 14, 12, 4, 14, 19, 10, 9, 1, 15, 17, 4, 17, 12, 3, 2, 17, 14, 12, 12, 18, 3, 7]
bestever    2230    in generation 334
[9, 5, 6, 5, 13, 20, 9, 16, 20, 6, 2, 4, 5, 5, 9, 20, 19, 20, 19, 19, 6, 10, 19, 20, 13, 16, 9, 2, 11, 19, 10, 6, 4, 9, 13, 8, 15, 15, 16, 1, 5, 5, 6, 13, 5, 16, 17, 11, 16, 13, 18, 6, 16, 8, 11, 3, 18, 15, 2, 11, 1, 8, 8, 18, 6, 20, 15, 13, 18, 3, 8, 2, 16, 18, 18, 10, 13, 7, 5, 1, 18, 14, 6, 11, 5, 13, 16, 13, 1, 18, 17, 11, 15, 13, 20, 18, 10, 20, 20, 11, 15, 1, 11, 15, 11, 6, 16, 1, 15, 8, 19, 1, 15, 8, 4, 8, 11, 3, 2, 7, 7, 19, 17, 3, 12, 12, 17, 2, 9, 3, 1, 7, 12, 4, 14, 17, 14, 2, 9, 10, 3, 5, 4, 16, 8, 19, 12, 17, 14, 2, 9, 14, 10, 4, 3, 7, 10, 4, 19, 12, 7, 12, 7, 17, 10, 14, 2, 6, 9, 10, 20, 3, 7, 1, 4, 14, 7, 8, 14, 12, 4, 14, 19, 10, 9, 1, 15, 17, 4, 17, 12, 3, 2, 17, 14, 12, 12, 18, 3, 7]
bestever    2195    in generation 335
[9, 5, 6, 5, 13, 20, 9, 16, 20, 6, 2, 4, 5, 5, 9, 20, 19, 20, 19, 19, 6, 10, 19, 20, 13, 16, 9, 2, 11, 19, 10, 6, 4, 9, 13, 8, 15, 15, 16, 1, 5, 5, 6, 13, 5, 16, 17, 11, 16, 13, 18, 6, 16, 8, 11, 3, 18, 15, 2, 11, 1, 8, 8, 18, 6, 20, 15, 13, 18, 3, 8, 2, 16, 18, 18, 10, 13, 7, 5, 1, 18, 14, 6, 11, 5, 13, 16, 13, 1, 18, 17, 11, 15, 13, 20, 18, 10, 20, 20, 11, 15, 1, 11, 15, 11, 6, 16, 1, 15, 8, 19, 1, 15, 8, 4, 8, 11, 3, 2, 7, 7, 19, 17, 3, 12, 12, 2, 9, 3, 7, 12, 4, 14, 17, 14, 2, 9, 10, 5, 4, 16, 8, 19, 17, 14, 10, 4, 3, 7, 19, 12, 7, 12, 17, 2, 9, 10, 3, 1, 7, 12, 4, 14, 17, 10, 14, 2, 6, 9, 10, 20, 3, 7, 1, 4, 14, 7, 8, 14, 12, 4, 14, 19, 10, 9, 1, 15, 17, 4, 17, 12, 3, 2, 17, 14, 12, 12, 18, 3, 7]
bestever    2193    in generation 363
[9, 5, 6, 5, 13, 20, 9, 16, 20, 6, 2, 4, 5, 5, 9, 20, 19, 20, 19, 19, 6, 10, 19, 20, 13, 16, 9, 2, 11, 19, 10, 6, 4, 9, 13, 8, 15, 15, 16, 1, 5, 5, 6, 13, 5, 16, 17, 11, 16, 13, 18, 6, 16, 8, 11, 3, 18, 15, 2, 11, 1, 8, 8, 18, 6, 20, 15, 13, 18, 3, 8, 2, 16, 18, 18, 10, 13, 7, 5, 1, 18, 14, 6, 11, 5, 13, 16, 13, 1, 18, 17, 11, 15, 13, 20, 18, 10, 20, 20, 11, 15, 1, 11, 15, 11, 6, 16, 1, 15, 8, 19, 1, 15, 8, 4, 8, 11, 3, 2, 7, 7, 19, 17, 3, 12, 12, 2, 9, 3, 7, 12, 4, 14, 17, 14, 2, 9, 10, 5, 4, 16, 8, 19, 17, 14, 10, 4, 3, 7, 19, 7, 12, 17, 2, 9, 10, 3, 1, 7, 12, 4, 14, 17, 10, 14, 2, 6, 9, 10, 20, 3, 7, 1, 14, 7, 8, 12, 4, 14, 12, 4, 14, 19, 10, 9, 1, 15, 17, 4, 17, 12, 3, 2, 17, 14, 12, 12, 18, 3, 7]
bestever    2179    in generation 376
[9, 5, 6, 5, 13, 20, 9, 16, 20, 6, 2, 4, 5, 5, 9, 20, 19, 20, 19, 19, 6, 10, 19, 20, 13, 16, 9, 2, 11, 19, 10, 6, 4, 9, 13, 8, 15, 15, 16, 1, 5, 5, 6, 13, 5, 16, 11, 16, 13, 18, 6, 16, 8, 11, 3, 18, 15, 2, 11, 1, 8, 8, 18, 6, 20, 15, 13, 18, 3, 8, 2, 16, 18, 18, 10, 13, 7, 5, 1, 18, 14, 6, 11, 5, 13, 16, 13, 1, 18, 11, 15, 13, 20, 18, 20, 20, 11, 15, 1, 11, 15, 11, 6, 16, 15, 8, 19, 15, 8, 4, 8, 11, 3, 2, 7, 7, 7, 17, 19, 17, 3, 12, 17, 2, 9, 10, 3, 1, 7, 12, 12, 4, 14, 17, 14, 2, 9, 10, 5, 4, 16, 8, 19, 17, 14, 10, 4, 3, 1, 19, 7, 12, 17, 2, 9, 10, 3, 1, 7, 12, 4, 14, 17, 10, 14, 2, 6, 9, 10, 20, 3, 7, 1, 14, 7, 8, 12, 4, 14, 12, 4, 14, 19, 10, 9, 1, 15, 17, 4, 17, 12, 3, 2, 17, 14, 12, 12, 18, 3, 7]
bestever    2172    in generation 388
[9, 5, 6, 16, 13, 20, 9, 5, 20, 6, 2, 4, 5, 5, 9, 20, 19, 20, 19, 19, 6, 10, 19, 20, 13, 16, 9, 2, 11, 19, 10, 6, 4, 9, 13, 8, 15, 15, 16, 1, 5, 5, 6, 13, 5, 16, 17, 11, 16, 13, 18, 6, 16, 8, 11, 3, 18, 15, 2, 11, 1, 8, 8, 18, 6, 20, 15, 13, 18, 3, 8, 2, 16, 18, 18, 10, 13, 7, 5, 7, 18, 14, 6, 11, 5, 13, 16, 13, 1, 18, 17, 11, 15, 13, 20, 18, 10, 20, 20, 11, 15, 1, 11, 15, 11, 6, 16, 1, 15, 8, 19, 1, 15, 8, 4, 8, 11, 3, 10, 7, 7, 19, 17, 3, 12, 12, 2, 9, 3, 7, 12, 4, 14, 17, 14, 2, 9, 10, 5, 4, 16, 8, 19, 17, 14, 2, 4, 3, 1, 19, 7, 12, 17, 2, 9, 10, 3, 1, 7, 12, 4, 14, 17, 10, 14, 2, 6, 9, 10, 20, 3, 7, 1, 14, 7, 8, 12, 4, 14, 12, 4, 14, 19, 10, 9, 1, 15, 17, 4, 17, 12, 3, 2, 17, 14, 12, 12, 18, 3, 7]
bestever    2165    in generation 389
[9, 5, 6, 5, 13, 20, 9, 16, 20, 6, 2, 4, 5, 5, 9, 20, 19, 20, 19, 19, 6, 10, 19, 20, 13, 16, 9, 2, 11, 19, 10, 6, 4, 9, 13, 18, 15, 15, 16, 1, 5, 5, 6, 13, 5, 16, 17, 11, 16, 13, 18, 6, 16, 8, 11, 3, 18, 15, 2, 11, 1, 8, 8, 18, 6, 20, 15, 13, 18, 3, 8, 2, 16, 18, 8, 10, 13, 7, 5, 7, 18, 14, 6, 11, 5, 13, 16, 13, 1, 18, 17, 11, 15, 13, 20, 18, 10, 20, 20, 11, 15, 1, 11, 15, 11, 6, 16, 1, 15, 8, 19, 1, 15, 8, 4, 8, 11, 3, 10, 7, 7, 19, 17, 3, 12, 12, 2, 9, 3, 7, 12, 4, 14, 17, 14, 2, 9, 10, 5, 4, 16, 8, 19, 17, 14, 2, 4, 3, 1, 19, 7, 12, 17, 2, 9, 10, 3, 1, 7, 12, 4, 14, 17, 10, 14, 2, 6, 9, 10, 20, 3, 7, 1, 14, 7, 8, 12, 4, 14, 12, 4, 14, 19, 10, 9, 1, 15, 17, 4, 17, 12, 3, 2, 17, 14, 12, 12, 18, 3, 7]
bestever    2150    in generation 420
[9, 5, 6, 5, 13, 20, 9, 16, 20, 6, 2, 4, 5, 5, 9, 20, 19, 20, 19, 19, 6, 10, 19, 20, 13, 16, 9, 2, 11, 19, 10, 6, 4, 9, 13, 18, 15, 15, 16, 1, 5, 5, 6, 13, 5, 16, 17, 11, 16, 13, 18, 6, 16, 8, 11, 3, 18, 15, 2, 11, 1, 8, 8, 18, 6, 20, 15, 13, 18, 3, 8, 2, 16, 18, 8, 10, 13, 7, 5, 7, 18, 14, 6, 11, 16, 13, 5, 13, 1, 18, 17, 11, 15, 13, 20, 18, 10, 20, 20, 11, 15, 1, 11, 15, 11, 6, 16, 1, 15, 8, 19, 1, 15, 8, 4, 8, 11, 3, 10, 7, 7, 19, 17, 3, 12, 12, 2, 9, 3, 7, 12, 4, 14, 17, 14, 2, 9, 10, 5, 4, 16, 8, 19, 17, 14, 2, 4, 3, 1, 19, 12, 17, 7, 2, 9, 10, 3, 1, 7, 12, 4, 14, 17, 10, 14, 2, 6, 9, 10, 20, 3, 7, 1, 14, 7, 8, 12, 4, 14, 12, 4, 14, 19, 10, 9, 1, 15, 17, 4, 17, 12, 3, 2, 17, 14, 12, 12, 18, 3, 7]
bestever    2147    in generation 446
[9, 5, 6, 5, 13, 20, 9, 16, 20, 6, 2, 4, 5, 5, 9, 20, 19, 20, 19, 19, 6, 10, 19, 20, 13, 16, 9, 2, 18, 19, 10, 6, 4, 9, 13, 18, 15, 15, 16, 1, 5, 5, 6, 13, 5, 16, 17, 11, 16, 13, 18, 6, 16, 8, 11, 3, 18, 15, 2, 11, 1, 8, 8, 18, 6, 20, 15, 13, 11, 3, 8, 2, 16, 18, 8, 10, 13, 7, 5, 7, 18, 14, 6, 11, 16, 13, 5, 13, 1, 18, 17, 11, 15, 13, 20, 18, 10, 20, 20, 11, 15, 1, 11, 15, 11, 6, 16, 1, 15, 8, 19, 1, 15, 8, 4, 8, 11, 3, 10, 7, 7, 19, 17, 3, 12, 2, 9, 4, 14, 2, 9, 10, 5, 7, 12, 14, 17, 12, 3, 4, 16, 8, 19, 17, 14, 2, 4, 3, 1, 19, 12, 17, 7, 2, 9, 10, 3, 1, 7, 12, 4, 14, 17, 10, 14, 2, 6, 9, 10, 20, 3, 7, 1, 14, 7, 8, 12, 4, 14, 12, 4, 14, 19, 10, 9, 1, 15, 17, 4, 17, 12, 3, 2, 17, 14, 12, 12, 18, 3, 7]
bestever    2138    in generation 451
[9, 5, 6, 5, 13, 20, 9, 16, 20, 6, 2, 4, 5, 5, 9, 20, 19, 20, 19, 19, 6, 10, 19, 20, 13, 16, 9, 2, 11, 19, 10, 6, 4, 9, 13, 18, 15, 15, 16, 1, 5, 5, 6, 13, 5, 16, 17, 11, 16, 13, 18, 6, 16, 8, 11, 3, 18, 15, 2, 11, 1, 8, 8, 18, 6, 20, 15, 13, 18, 3, 8, 2, 16, 18, 8, 10, 13, 8, 5, 7, 18, 14, 6, 11, 16, 13, 5, 13, 1, 18, 17, 11, 15, 13, 20, 18, 10, 20, 20, 11, 15, 1, 11, 15, 11, 6, 16, 1, 15, 8, 19, 1, 15, 8, 4, 8, 11, 3, 10, 7, 7, 19, 17, 3, 12, 2, 9, 4, 14, 2, 9, 10, 5, 7, 12, 14, 17, 12, 3, 4, 16, 7, 19, 17, 14, 2, 4, 3, 1, 19, 12, 17, 7, 2, 9, 10, 3, 1, 7, 12, 4, 14, 17, 10, 14, 2, 6, 9, 10, 20, 3, 7, 1, 14, 7, 8, 12, 4, 14, 12, 4, 14, 19, 10, 9, 1, 15, 17, 4, 17, 12, 3, 2, 17, 14, 12, 12, 18, 3, 7]
bestever    2121    in generation 456
[9, 5, 6, 5, 13, 20, 9, 16, 20, 6, 2, 4, 5, 5, 9, 20, 19, 20, 19, 19, 6, 10, 19, 20, 13, 16, 9, 2, 11, 19, 10, 6, 4, 9, 13, 18, 15, 15, 16, 1, 5, 5, 6, 13, 5, 16, 17, 11, 16, 13, 18, 6, 16, 8, 11, 3, 18, 15, 2, 11, 1, 8, 8, 18, 6, 20, 15, 13, 18, 3, 8, 2, 16, 18, 8, 10, 13, 8, 5, 7, 18, 14, 6, 11, 16, 13, 5, 13, 1, 18, 17, 11, 15, 13, 20, 18, 10, 20, 20, 11, 14, 1, 11, 15, 11, 6, 16, 1, 15, 8, 19, 1, 15, 8, 4, 8, 11, 3, 10, 7, 7, 19, 17, 3, 12, 2, 9, 4, 14, 2, 9, 10, 5, 7, 12, 14, 17, 12, 3, 4, 16, 7, 19, 17, 14, 2, 4, 3, 1, 19, 12, 17, 7, 2, 9, 10, 3, 1, 7, 12, 4, 14, 17, 10, 14, 2, 6, 9, 10, 20, 3, 7, 1, 15, 7, 8, 12, 4, 14, 12, 4, 14, 19, 10, 9, 1, 15, 17, 4, 17, 12, 3, 2, 17, 14, 12, 12, 18, 3, 7]
bestever    2118    in generation 531
[9, 5, 6, 5, 13, 20, 9, 16, 20, 6, 2, 4, 5, 5, 9, 20, 19, 20, 19, 19, 6, 10, 15, 20, 13, 16, 9, 2, 11, 19, 10, 6, 4, 9, 13, 18, 15, 19, 16, 1, 5, 5, 6, 13, 5, 16, 17, 11, 16, 13, 18, 6, 16, 8, 11, 3, 18, 15, 2, 11, 1, 8, 8, 18, 6, 20, 15, 13, 18, 3, 8, 2, 16, 18, 8, 10, 13, 8, 5, 7, 18, 14, 6, 11, 16, 13, 5, 13, 1, 18, 17, 11, 15, 13, 20, 18, 10, 20, 20, 11, 14, 1, 11, 15, 11, 6, 16, 1, 15, 8, 19, 1, 15, 8, 4, 8, 11, 3, 10, 7, 7, 19, 17, 7, 12, 2, 9, 4, 14, 2, 9, 10, 5, 7, 12, 14, 17, 12, 3, 4, 16, 3, 19, 17, 14, 2, 4, 3, 1, 19, 12, 17, 7, 2, 9, 10, 3, 1, 7, 12, 4, 14, 17, 10, 14, 2, 6, 9, 10, 20, 3, 7, 1, 15, 7, 8, 12, 4, 14, 12, 4, 14, 19, 10, 9, 1, 15, 17, 4, 17, 12, 3, 2, 17, 14, 12, 12, 18, 3, 7]
bestever    2104    in generation 547
[9, 5, 6, 5, 13, 20, 9, 16, 20, 6, 2, 4, 5, 5, 9, 20, 19, 20, 19, 19, 6, 10, 15, 20, 13, 16, 9, 2, 11, 19, 10, 6, 4, 9, 13, 18, 15, 19, 16, 1, 5, 5, 6, 13, 5, 16, 17, 11, 16, 13, 18, 6, 16, 8, 11, 3, 18, 15, 2, 11, 1, 8, 8, 18, 6, 20, 16, 13, 18, 3, 8, 2, 16, 18, 8, 10, 13, 8, 5, 7, 18, 14, 6, 11, 16, 13, 5, 13, 1, 18, 17, 11, 15, 13, 20, 18, 10, 20, 20, 11, 14, 1, 11, 15, 11, 6, 16, 1, 15, 8, 19, 1, 15, 8, 4, 8, 11, 3, 10, 7, 7, 19, 17, 7, 12, 2, 9, 4, 14, 2, 9, 10, 5, 7, 12, 14, 17, 12, 3, 4, 15, 3, 19, 17, 14, 2, 4, 3, 1, 19, 12, 17, 7, 2, 9, 10, 3, 1, 7, 12, 4, 14, 17, 10, 14, 2, 6, 9, 10, 20, 3, 7, 1, 15, 7, 8, 12, 4, 14, 12, 4, 14, 19, 10, 9, 1, 15, 17, 4, 17, 12, 3, 2, 17, 14, 12, 12, 18, 3, 7]
bestever    2097    in generation 551
[9, 5, 6, 5, 13, 20, 9, 16, 20, 6, 2, 4, 5, 5, 9, 20, 19, 20, 19, 19, 6, 10, 15, 20, 13, 16, 9, 2, 11, 19, 10, 6, 4, 9, 13, 18, 15, 19, 16, 1, 5, 5, 6, 13, 5, 16, 17, 11, 16, 13, 18, 6, 16, 8, 11, 3, 18, 15, 2, 11, 1, 8, 8, 18, 6, 20, 15, 13, 18, 3, 8, 2, 16, 18, 8, 10, 13, 8, 5, 7, 18, 14, 6, 11, 16, 13, 5, 13, 1, 18, 17, 11, 15, 13, 20, 18, 10, 20, 20, 11, 14, 1, 11, 15, 11, 6, 16, 1, 15, 8, 19, 1, 15, 8, 4, 8, 11, 3, 10, 7, 7, 19, 17, 7, 12, 2, 9, 4, 14, 2, 9, 10, 5, 7, 12, 14, 17, 12, 3, 4, 16, 3, 19, 17, 14, 2, 4, 3, 1, 19, 12, 17, 7, 2, 9, 10, 3, 1, 7, 12, 4, 14, 17, 10, 14, 2, 6, 9, 10, 20, 3, 7, 1, 15, 7, 8, 12, 4, 14, 12, 4, 14, 19, 10, 9, 1, 15, 17, 4, 17, 12, 3, 2, 17, 14, 12, 18, 7, 3, 12]
bestever    2095    in generation 619
[9, 5, 6, 5, 13, 20, 9, 16, 20, 6, 2, 4, 5, 5, 9, 20, 19, 20, 19, 19, 6, 10, 15, 20, 13, 16, 9, 2, 11, 19, 10, 6, 4, 9, 13, 18, 15, 19, 16, 1, 5, 5, 6, 13, 5, 16, 17, 11, 16, 13, 18, 6, 16, 8, 11, 3, 18, 15, 2, 11, 1, 8, 8, 18, 6, 20, 15, 13, 18, 3, 8, 2, 16, 18, 8, 10, 13, 8, 5, 7, 18, 14, 6, 11, 16, 13, 5, 13, 1, 18, 17, 11, 15, 13, 20, 18, 10, 20, 20, 11, 14, 1, 11, 15, 11, 6, 16, 1, 15, 8, 19, 1, 15, 8, 4, 8, 11, 3, 10, 7, 7, 19, 17, 7, 12, 2, 9, 4, 14, 2, 9, 10, 5, 7, 12, 14, 17, 12, 3, 4, 16, 3, 19, 17, 14, 2, 4, 3, 1, 10, 12, 17, 7, 2, 9, 10, 3, 1, 7, 12, 4, 14, 17, 19, 14, 2, 6, 9, 10, 20, 3, 7, 1, 15, 7, 8, 12, 4, 14, 12, 4, 14, 19, 10, 9, 1, 15, 17, 4, 17, 12, 3, 2, 17, 14, 12, 18, 7, 3, 12]
bestever    2089    in generation 666
[9, 5, 6, 5, 13, 20, 9, 16, 20, 6, 2, 4, 5, 5, 9, 20, 19, 20, 19, 19, 6, 10, 15, 20, 13, 16, 9, 2, 11, 19, 10, 6, 4, 9, 13, 18, 15, 19, 16, 1, 5, 5, 6, 13, 5, 16, 17, 11, 16, 13, 18, 6, 16, 8, 11, 3, 18, 15, 2, 11, 1, 8, 8, 18, 6, 20, 15, 13, 18, 3, 8, 2, 16, 18, 8, 10, 13, 8, 5, 7, 18, 14, 6, 11, 16, 13, 5, 13, 1, 18, 17, 11, 15, 13, 20, 18, 10, 20, 20, 11, 14, 1, 11, 15, 11, 6, 16, 1, 15, 8, 19, 1, 8, 4, 8, 11, 3, 10, 7, 7, 19, 17, 7, 2, 9, 2, 10, 5, 7, 12, 3, 4, 16, 17, 14, 2, 4, 12, 17, 3, 12, 4, 14, 17, 19, 14, 2, 9, 10, 3, 1, 15, 7, 12, 9, 10, 3, 1, 7, 12, 4, 14, 17, 19, 14, 2, 6, 9, 10, 20, 3, 7, 1, 15, 7, 8, 12, 4, 14, 12, 4, 14, 19, 10, 9, 1, 15, 17, 4, 17, 12, 3, 2, 17, 14, 12, 18, 7, 3, 12]
bestever    2077    in generation 667
[9, 5, 6, 5, 13, 20, 9, 16, 20, 6, 2, 4, 5, 5, 9, 20, 19, 20, 19, 19, 6, 10, 15, 20, 13, 16, 9, 2, 11, 19, 10, 6, 4, 9, 13, 18, 15, 19, 16, 1, 5, 5, 6, 13, 5, 16, 17, 11, 16, 13, 18, 6, 16, 8, 11, 3, 18, 15, 2, 11, 1, 8, 8, 18, 6, 20, 15, 13, 18, 3, 8, 2, 16, 18, 8, 10, 13, 8, 5, 7, 18, 14, 6, 11, 16, 13, 5, 13, 1, 18, 17, 11, 15, 13, 20, 18, 10, 20, 20, 11, 14, 8, 11, 15, 11, 6, 16, 1, 15, 8, 19, 1, 15, 8, 4, 1, 11, 3, 10, 7, 7, 19, 17, 7, 12, 2, 9, 4, 14, 2, 9, 10, 5, 7, 12, 14, 17, 12, 3, 4, 16, 3, 19, 17, 14, 2, 4, 3, 1, 10, 12, 17, 7, 2, 9, 10, 3, 1, 7, 12, 4, 14, 17, 19, 14, 2, 6, 9, 10, 20, 3, 7, 1, 15, 7, 8, 12, 4, 14, 12, 4, 14, 19, 10, 9, 1, 15, 17, 4, 17, 12, 3, 2, 17, 14, 12, 18, 7, 3, 12]
bestever    2072    in generation 681
[9, 5, 6, 5, 13, 20, 9, 16, 20, 6, 2, 4, 5, 5, 9, 20, 19, 20, 19, 19, 6, 10, 15, 20, 13, 16, 9, 2, 11, 19, 10, 6, 4, 9, 13, 18, 15, 19, 16, 4, 5, 5, 6, 13, 5, 16, 17, 11, 16, 13, 18, 6, 16, 8, 11, 3, 18, 15, 2, 11, 1, 8, 8, 18, 6, 20, 15, 13, 18, 3, 8, 2, 16, 18, 8, 10, 13, 8, 5, 7, 18, 14, 6, 11, 16, 13, 5, 13, 1, 18, 17, 11, 15, 13, 20, 18, 10, 20, 20, 11, 14, 8, 11, 15, 11, 6, 16, 1, 15, 8, 19, 1, 15, 8, 1, 1, 11, 3, 10, 7, 7, 19, 17, 7, 12, 2, 9, 4, 14, 2, 9, 10, 5, 4, 16, 7, 12, 14, 17, 12, 3, 3, 19, 17, 14, 2, 4, 3, 1, 10, 12, 17, 7, 2, 9, 10, 3, 1, 7, 12, 4, 14, 17, 19, 14, 2, 6, 9, 10, 20, 3, 7, 1, 15, 7, 8, 12, 4, 14, 12, 4, 14, 19, 10, 9, 1, 15, 17, 4, 17, 12, 3, 2, 17, 14, 12, 18, 7, 3, 12]
bestever    2038    in generation 693
[9, 5, 6, 5, 13, 20, 9, 16, 20, 6, 2, 4, 5, 5, 9, 20, 19, 20, 5, 19, 6, 10, 15, 20, 13, 16, 9, 2, 11, 19, 10, 6, 4, 9, 13, 18, 15, 19, 16, 4, 5, 5, 6, 13, 19, 16, 17, 11, 16, 13, 18, 6, 16, 8, 11, 3, 18, 15, 2, 11, 1, 8, 8, 18, 6, 20, 15, 13, 18, 3, 8, 2, 16, 18, 8, 10, 13, 8, 5, 7, 18, 14, 6, 11, 16, 13, 5, 13, 1, 18, 17, 11, 15, 13, 20, 18, 10, 20, 20, 11, 14, 8, 11, 15, 11, 6, 16, 1, 15, 8, 19, 1, 15, 8, 1, 1, 11, 3, 10, 7, 7, 19, 17, 7, 12, 2, 9, 4, 14, 2, 9, 10, 5, 4, 16, 7, 12, 14, 17, 12, 3, 3, 19, 17, 14, 2, 4, 3, 1, 10, 12, 17, 7, 2, 9, 10, 3, 1, 7, 12, 4, 14, 17, 19, 14, 2, 6, 9, 10, 20, 3, 7, 1, 15, 7, 8, 12, 4, 14, 12, 4, 14, 19, 10, 9, 1, 15, 17, 4, 17, 12, 3, 2, 17, 14, 12, 18, 7, 3, 12]
bestever    2037    in generation 695
[9, 5, 6, 5, 13, 20, 9, 16, 20, 6, 2, 4, 5, 5, 9, 20, 19, 18, 19, 19, 6, 10, 15, 20, 13, 16, 9, 2, 11, 19, 10, 6, 4, 9, 13, 18, 15, 19, 16, 4, 5, 5, 6, 13, 5, 16, 17, 11, 16, 13, 18, 6, 16, 8, 11, 3, 18, 15, 2, 11, 1, 8, 8, 18, 6, 20, 15, 13, 18, 3, 8, 2, 16, 20, 8, 10, 13, 8, 5, 7, 18, 14, 6, 11, 16, 13, 5, 13, 1, 18, 17, 11, 15, 13, 20, 18, 10, 20, 20, 11, 14, 8, 11, 15, 11, 6, 16, 1, 15, 8, 19, 1, 8, 1, 1, 11, 3, 10, 7, 7, 19, 17, 7, 12, 2, 9, 4, 14, 2, 9, 10, 5, 4, 16, 7, 3, 3, 17, 2, 1, 10, 17, 7, 3, 12, 17, 19, 14, 2, 9, 10, 3, 1, 15, 7, 12, 14, 12, 4, 12, 4, 14, 17, 19, 14, 2, 6, 9, 10, 20, 3, 7, 1, 15, 7, 8, 12, 4, 14, 12, 4, 14, 19, 10, 9, 1, 15, 17, 4, 17, 12, 3, 2, 17, 14, 12, 18, 7, 3, 12]
bestever    2034    in generation 705
[9, 5, 6, 5, 13, 20, 9, 16, 20, 6, 2, 4, 5, 5, 9, 20, 19, 18, 19, 19, 6, 10, 15, 20, 13, 16, 9, 2, 11, 19, 10, 6, 4, 9, 13, 18, 15, 19, 16, 4, 5, 5, 6, 13, 5, 16, 17, 11, 16, 13, 18, 6, 16, 8, 11, 3, 18, 15, 2, 11, 1, 8, 8, 18, 6, 20, 15, 13, 18, 3, 8, 2, 16, 20, 8, 10, 13, 8, 5, 7, 18, 14, 6, 11, 16, 13, 5, 13, 1, 18, 17, 11, 15, 13, 20, 18, 10, 20, 20, 11, 14, 8, 11, 15, 11, 6, 16, 1, 15, 8, 19, 1, 8, 1, 1, 11, 3, 10, 7, 7, 19, 17, 7, 12, 2, 9, 4, 14, 2, 9, 10, 5, 4, 16, 7, 3, 3, 17, 2, 1, 10, 17, 7, 3, 12, 17, 19, 14, 2, 9, 10, 3, 1, 15, 7, 12, 14, 12, 4, 12, 4, 14, 17, 19, 14, 2, 6, 9, 10, 20, 7, 1, 15, 7, 8, 4, 14, 12, 4, 14, 19, 10, 9, 1, 15, 17, 12, 3, 4, 17, 12, 3, 2, 17, 14, 12, 18, 7, 3, 12]
bestever    2019    in generation 760
[9, 5, 6, 5, 13, 20, 9, 16, 20, 6, 2, 4, 5, 5, 9, 20, 19, 18, 19, 5, 6, 10, 15, 20, 13, 16, 9, 2, 11, 19, 10, 6, 4, 9, 13, 18, 15, 19, 16, 4, 5, 5, 6, 13, 19, 16, 17, 11, 16, 13, 18, 6, 16, 8, 11, 3, 18, 15, 2, 11, 1, 8, 8, 18, 6, 20, 15, 13, 18, 3, 8, 2, 16, 20, 8, 10, 13, 8, 5, 7, 18, 14, 6, 11, 16, 13, 5, 13, 1, 18, 17, 11, 15, 13, 20, 18, 10, 20, 20, 11, 14, 8, 11, 15, 11, 6, 16, 1, 15, 8, 19, 1, 8, 1, 1, 11, 3, 10, 7, 7, 19, 17, 7, 12, 2, 9, 4, 14, 2, 9, 10, 5, 4, 16, 7, 3, 3, 17, 2, 1, 10, 17, 7, 3, 12, 17, 19, 14, 2, 9, 10, 3, 1, 15, 7, 12, 14, 12, 4, 12, 4, 14, 17, 19, 14, 2, 6, 9, 10, 20, 7, 1, 15, 7, 8, 4, 14, 12, 4, 14, 19, 10, 9, 1, 15, 17, 12, 3, 4, 17, 12, 3, 2, 17, 14, 12, 18, 7, 3, 12]
bestever    1999    in generation 816
[9, 5, 6, 5, 13, 20, 9, 16, 20, 6, 2, 4, 5, 5, 9, 20, 19, 18, 19, 5, 6, 10, 15, 20, 13, 16, 9, 2, 11, 19, 10, 6, 4, 9, 13, 18, 15, 19, 16, 4, 5, 5, 6, 13, 19, 16, 17, 11, 16, 13, 18, 6, 16, 8, 11, 3, 18, 15, 2, 11, 1, 8, 8, 18, 6, 20, 15, 13, 18, 3, 8, 2, 16, 20, 8, 10, 13, 8, 5, 7, 18, 14, 6, 11, 16, 13, 5, 13, 1, 18, 17, 11, 15, 13, 20, 18, 10, 20, 20, 11, 14, 8, 11, 15, 11, 6, 16, 1, 15, 8, 19, 1, 8, 1, 1, 11, 3, 10, 7, 7, 19, 17, 7, 12, 2, 9, 4, 14, 2, 9, 10, 5, 4, 16, 7, 3, 3, 17, 2, 1, 10, 17, 7, 3, 17, 19, 14, 2, 9, 10, 1, 15, 7, 3, 12, 12, 14, 12, 4, 12, 4, 14, 17, 19, 14, 2, 6, 9, 10, 20, 7, 1, 15, 7, 8, 4, 14, 12, 4, 14, 19, 10, 9, 1, 15, 17, 12, 3, 4, 17, 12, 3, 2, 17, 14, 12, 18, 7, 3, 12]
bestever    1995    in generation 874
[9, 5, 6, 5, 13, 20, 9, 16, 20, 6, 2, 4, 5, 5, 9, 20, 19, 18, 19, 5, 6, 10, 15, 20, 13, 16, 9, 20, 11, 19, 10, 6, 4, 9, 13, 18, 15, 19, 16, 4, 5, 5, 6, 13, 19, 16, 17, 11, 16, 13, 18, 6, 16, 8, 11, 3, 18, 15, 2, 11, 1, 8, 8, 18, 6, 2, 15, 13, 18, 3, 8, 2, 16, 20, 8, 10, 13, 8, 5, 7, 18, 3, 6, 11, 16, 13, 5, 13, 1, 18, 17, 11, 15, 13, 20, 18, 10, 20, 20, 11, 14, 8, 11, 15, 11, 6, 16, 1, 15, 8, 19, 1, 8, 1, 1, 11, 3, 10, 7, 7, 19, 17, 7, 12, 2, 9, 4, 14, 2, 9, 10, 5, 4, 16, 7, 3, 14, 17, 2, 1, 10, 17, 7, 7, 12, 17, 19, 14, 2, 9, 10, 3, 1, 15, 7, 12, 14, 12, 4, 12, 4, 14, 17, 19, 14, 2, 6, 9, 10, 20, 3, 1, 15, 7, 8, 4, 14, 12, 4, 14, 19, 10, 9, 1, 15, 17, 12, 3, 4, 17, 12, 3, 2, 17, 14, 12, 18, 7, 3, 12]
bestever    1992    in generation 876
[9, 5, 6, 5, 13, 20, 9, 16, 20, 6, 2, 4, 5, 5, 9, 20, 19, 18, 19, 5, 6, 10, 15, 20, 13, 16, 9, 20, 11, 19, 10, 6, 4, 9, 13, 18, 15, 19, 16, 4, 5, 5, 6, 13, 19, 16, 17, 11, 16, 13, 18, 6, 16, 8, 11, 3, 18, 15, 2, 11, 1, 8, 8, 18, 6, 2, 15, 13, 18, 3, 8, 2, 16, 20, 8, 10, 13, 8, 5, 7, 18, 3, 6, 11, 16, 13, 5, 13, 1, 18, 17, 11, 15, 13, 20, 18, 10, 20, 20, 11, 14, 8, 11, 15, 11, 6, 16, 1, 15, 8, 19, 1, 8, 1, 1, 11, 3, 10, 7, 7, 19, 17, 7, 12, 2, 9, 4, 14, 2, 9, 10, 5, 4, 16, 7, 3, 14, 17, 2, 1, 10, 17, 7, 7, 12, 17, 19, 14, 2, 9, 10, 3, 1, 15, 12, 14, 4, 4, 14, 19, 2, 6, 9, 10, 20, 1, 15, 7, 14, 12, 17, 12, 3, 7, 8, 4, 14, 12, 4, 14, 19, 10, 9, 1, 15, 17, 12, 3, 4, 17, 12, 3, 2, 17, 14, 12, 18, 7, 3, 12]
bestever    1988    in generation 918
[5, 6, 5, 13, 20, 9, 16, 20, 6, 2, 4, 5, 5, 9, 20, 19, 18, 19, 5, 6, 10, 15, 20, 13, 16, 9, 20, 11, 19, 10, 6, 4, 9, 13, 18, 15, 19, 16, 4, 5, 5, 6, 13, 19, 16, 17, 11, 16, 13, 18, 6, 16, 8, 11, 3, 18, 15, 2, 11, 1, 8, 8, 18, 6, 2, 15, 13, 18, 3, 8, 9, 2, 16, 20, 8, 10, 13, 8, 5, 7, 18, 3, 6, 11, 16, 13, 5, 13, 1, 18, 17, 11, 15, 13, 20, 18, 10, 20, 20, 11, 14, 8, 11, 15, 11, 6, 16, 1, 15, 8, 19, 1, 8, 1, 1, 11, 3, 10, 7, 7, 19, 17, 7, 12, 2, 9, 4, 14, 2, 9, 10, 5, 4, 16, 7, 3, 14, 17, 2, 1, 10, 17, 7, 7, 12, 17, 19, 14, 2, 9, 10, 3, 1, 15, 12, 14, 4, 4, 14, 19, 2, 6, 9, 10, 20, 1, 15, 7, 14, 12, 17, 12, 3, 7, 8, 4, 14, 12, 4, 14, 19, 10, 9, 1, 15, 17, 12, 3, 4, 17, 12, 3, 2, 17, 14, 12, 18, 7, 3, 12]
bestever    1986    in generation 934
[5, 6, 5, 13, 20, 9, 16, 20, 6, 2, 4, 5, 16, 9, 20, 19, 18, 19, 5, 6, 10, 15, 20, 13, 16, 9, 20, 11, 19, 10, 6, 4, 9, 13, 18, 15, 19, 16, 4, 5, 5, 6, 13, 19, 16, 17, 11, 16, 13, 18, 6, 5, 8, 11, 3, 18, 15, 2, 11, 1, 8, 8, 18, 6, 2, 15, 13, 18, 3, 8, 9, 2, 16, 20, 8, 10, 13, 8, 5, 7, 18, 3, 6, 11, 16, 13, 5, 13, 1, 18, 17, 11, 15, 13, 20, 18, 10, 20, 20, 11, 14, 8, 11, 15, 11, 6, 16, 1, 15, 8, 19, 1, 8, 1, 1, 11, 3, 10, 7, 7, 19, 17, 7, 12, 2, 9, 4, 14, 2, 9, 10, 5, 4, 16, 7, 3, 14, 17, 2, 1, 10, 17, 7, 7, 12, 17, 19, 14, 2, 9, 10, 3, 1, 15, 12, 14, 4, 4, 14, 19, 2, 6, 9, 10, 20, 1, 15, 7, 14, 12, 17, 12, 3, 7, 8, 4, 14, 12, 4, 14, 19, 10, 9, 1, 15, 17, 12, 3, 4, 17, 12, 3, 2, 17, 14, 12, 18, 7, 3, 12]
bestever    1981    in generation 937
[5, 6, 5, 13, 20, 9, 16, 20, 6, 2, 4, 5, 16, 9, 20, 19, 18, 19, 5, 6, 10, 15, 20, 13, 16, 9, 20, 11, 19, 10, 6, 4, 9, 13, 18, 15, 19, 16, 4, 5, 5, 6, 13, 19, 16, 17, 11, 16, 13, 18, 6, 5, 8, 11, 3, 18, 15, 2, 11, 1, 8, 8, 18, 6, 2, 15, 13, 18, 3, 8, 9, 2, 16, 20, 8, 10, 13, 8, 5, 7, 18, 3, 6, 11, 16, 13, 5, 13, 1, 18, 17, 11, 15, 13, 20, 18, 10, 20, 20, 11, 14, 8, 11, 15, 11, 6, 16, 1, 15, 8, 19, 1, 8, 1, 1, 11, 3, 10, 7, 7, 19, 17, 7, 2, 9, 4, 14, 2, 9, 10, 5, 4, 16, 7, 14, 17, 2, 1, 10, 17, 7, 19, 14, 2, 9, 10, 1, 15, 14, 4, 4, 19, 2, 6, 9, 10, 20, 1, 12, 3, 7, 17, 14, 12, 3, 17, 15, 7, 14, 12, 12, 12, 3, 7, 8, 4, 14, 12, 4, 14, 19, 10, 9, 1, 15, 17, 12, 3, 4, 17, 12, 3, 2, 17, 14, 12, 18, 7, 3, 12]
bestever    1976    in generation 1000
[5, 6, 5, 13, 20, 9, 16, 20, 6, 2, 4, 5, 16, 9, 20, 19, 18, 19, 5, 6, 10, 15, 20, 13, 16, 9, 20, 11, 19, 10, 6, 4, 9, 13, 18, 15, 19, 16, 4, 5, 5, 6, 13, 19, 16, 17, 11, 16, 13, 18, 6, 5, 8, 11, 3, 18, 15, 2, 11, 1, 8, 8, 18, 6, 2, 15, 13, 18, 3, 8, 9, 2, 16, 20, 8, 10, 13, 8, 5, 7, 18, 3, 5, 11, 16, 13, 5, 13, 1, 18, 17, 11, 15, 13, 20, 18, 10, 20, 20, 11, 14, 8, 11, 15, 11, 6, 16, 1, 15, 8, 19, 1, 8, 1, 1, 11, 3, 10, 7, 7, 19, 17, 7, 2, 9, 4, 14, 2, 9, 10, 6, 4, 16, 7, 14, 17, 2, 1, 10, 17, 7, 19, 14, 2, 9, 10, 1, 15, 14, 4, 4, 19, 2, 6, 9, 10, 20, 1, 12, 3, 7, 17, 14, 12, 3, 17, 15, 7, 14, 12, 12, 12, 3, 7, 8, 4, 14, 12, 4, 14, 19, 10, 9, 1, 15, 17, 12, 3, 4, 17, 12, 3, 2, 17, 14, 12, 18, 7, 3, 12]
bestever    1968    in generation 1073
[5, 6, 5, 13, 20, 9, 16, 20, 6, 2, 4, 5, 16, 9, 20, 19, 18, 19, 5, 6, 10, 15, 20, 13, 16, 9, 8, 11, 19, 10, 6, 4, 9, 13, 18, 15, 19, 16, 4, 13, 5, 6, 5, 19, 16, 17, 11, 16, 13, 18, 6, 5, 8, 11, 3, 18, 15, 2, 11, 1, 20, 8, 18, 6, 2, 15, 13, 18, 3, 8, 9, 2, 16, 20, 8, 10, 13, 8, 5, 7, 18, 3, 5, 11, 16, 13, 5, 13, 1, 18, 17, 11, 15, 13, 20, 18, 10, 20, 20, 11, 14, 8, 11, 15, 11, 6, 16, 1, 15, 8, 19, 1, 8, 1, 1, 11, 3, 10, 7, 7, 19, 17, 7, 2, 9, 4, 14, 2, 9, 10, 6, 4, 16, 7, 14, 17, 2, 1, 10, 17, 7, 19, 14, 2, 9, 10, 1, 15, 14, 4, 4, 19, 2, 6, 9, 10, 20, 1, 12, 3, 7, 17, 14, 12, 3, 17, 15, 7, 14, 12, 12, 12, 3, 7, 8, 4, 14, 12, 4, 14, 19, 10, 9, 1, 15, 17, 12, 3, 4, 17, 12, 3, 2, 17, 14, 12, 18, 7, 3, 12]
bestever    1959    in generation 1105
[5, 6, 5, 13, 20, 9, 16, 20, 6, 2, 4, 5, 16, 9, 20, 19, 18, 19, 5, 6, 10, 15, 20, 13, 16, 9, 8, 11, 19, 10, 6, 4, 9, 13, 18, 15, 19, 16, 4, 13, 5, 6, 5, 19, 16, 17, 11, 16, 13, 18, 6, 5, 8, 11, 3, 18, 15, 2, 11, 1, 20, 8, 18, 6, 2, 15, 13, 18, 3, 8, 9, 2, 16, 20, 8, 10, 13, 8, 5, 7, 18, 3, 5, 11, 16, 13, 5, 13, 1, 18, 17, 11, 15, 3, 20, 18, 10, 20, 20, 11, 14, 8, 11, 15, 11, 6, 16, 1, 15, 8, 19, 1, 8, 1, 1, 11, 13, 10, 7, 7, 19, 17, 7, 2, 9, 4, 14, 2, 9, 10, 6, 4, 16, 7, 14, 17, 2, 1, 10, 17, 7, 19, 14, 2, 9, 10, 1, 15, 14, 4, 4, 19, 2, 6, 9, 10, 20, 1, 12, 3, 7, 17, 14, 12, 3, 17, 15, 7, 14, 12, 12, 12, 3, 7, 8, 4, 14, 12, 4, 14, 19, 10, 9, 1, 15, 17, 12, 3, 4, 17, 12, 3, 2, 17, 14, 12, 18, 7, 3, 12]
bestever    1958    in generation 1161
[5, 6, 5, 13, 20, 9, 16, 20, 6, 2, 4, 5, 16, 9, 20, 19, 18, 19, 5, 6, 10, 15, 20, 13, 16, 9, 8, 11, 19, 10, 6, 4, 9, 13, 18, 15, 19, 16, 4, 13, 5, 6, 5, 19, 16, 17, 11, 16, 13, 18, 6, 5, 8, 11, 3, 18, 15, 2, 11, 1, 20, 8, 18, 6, 2, 15, 13, 18, 3, 8, 9, 2, 16, 20, 5, 10, 13, 8, 8, 7, 18, 3, 5, 11, 16, 13, 5, 13, 1, 18, 17, 11, 15, 3, 20, 18, 10, 20, 20, 11, 14, 8, 11, 15, 11, 6, 16, 1, 15, 8, 19, 1, 8, 1, 1, 11, 13, 10, 4, 7, 19, 17, 7, 2, 9, 4, 14, 2, 9, 10, 6, 4, 16, 7, 14, 17, 2, 1, 10, 17, 7, 19, 14, 2, 9, 10, 1, 15, 14, 4, 4, 19, 2, 6, 9, 10, 20, 1, 12, 3, 7, 17, 14, 12, 3, 17, 15, 7, 14, 12, 12, 12, 3, 7, 8, 4, 14, 12, 7, 14, 19, 10, 9, 1, 15, 17, 12, 3, 4, 17, 12, 3, 2, 17, 14, 12, 18, 7, 3, 12]
bestever    1952    in generation 1192
[5, 6, 5, 13, 20, 9, 16, 4, 6, 2, 20, 5, 16, 9, 20, 19, 18, 19, 5, 6, 10, 15, 20, 13, 16, 9, 8, 11, 19, 10, 6, 4, 9, 13, 18, 15, 19, 16, 4, 13, 5, 6, 5, 19, 16, 17, 11, 16, 13, 18, 6, 5, 8, 11, 3, 18, 15, 2, 11, 1, 20, 8, 18, 6, 2, 15, 13, 18, 3, 8, 9, 2, 16, 20, 5, 10, 13, 8, 8, 7, 18, 3, 5, 11, 16, 13, 5, 13, 1, 18, 17, 11, 15, 3, 20, 18, 10, 20, 20, 11, 14, 8, 11, 15, 11, 6, 16, 1, 15, 8, 19, 1, 8, 1, 1, 11, 13, 10, 4, 7, 19, 17, 7, 2, 9, 4, 14, 2, 9, 10, 6, 4, 16, 7, 14, 17, 2, 1, 10, 17, 7, 19, 14, 2, 9, 10, 1, 15, 14, 4, 4, 19, 2, 6, 9, 10, 20, 1, 12, 3, 7, 17, 14, 12, 3, 17, 15, 7, 14, 12, 12, 12, 3, 7, 8, 4, 14, 12, 7, 14, 19, 10, 9, 1, 15, 17, 12, 3, 4, 17, 12, 3, 2, 17, 14, 12, 18, 7, 3, 12]
bestever    1950    in generation 1245
[5, 6, 5, 13, 20, 9, 16, 4, 6, 2, 20, 5, 16, 9, 20, 19, 18, 19, 5, 6, 10, 15, 20, 13, 16, 9, 8, 11, 19, 10, 6, 4, 9, 13, 18, 15, 19, 16, 4, 13, 5, 6, 5, 19, 16, 17, 11, 16, 13, 18, 6, 5, 8, 11, 3, 18, 15, 2, 11, 1, 20, 8, 18, 6, 2, 15, 13, 18, 3, 8, 9, 2, 16, 20, 5, 10, 13, 8, 8, 7, 18, 3, 5, 11, 16, 13, 5, 13, 1, 18, 17, 11, 15, 3, 20, 18, 10, 20, 20, 11, 14, 8, 11, 15, 11, 6, 16, 1, 15, 8, 19, 1, 8, 1, 9, 11, 13, 10, 4, 7, 19, 17, 7, 2, 1, 4, 14, 2, 9, 10, 6, 4, 16, 7, 14, 17, 2, 1, 10, 17, 7, 19, 14, 2, 9, 10, 1, 15, 14, 4, 4, 19, 2, 6, 9, 10, 20, 1, 12, 3, 7, 17, 14, 12, 3, 17, 15, 7, 14, 12, 12, 12, 3, 7, 8, 4, 14, 12, 7, 14, 19, 10, 9, 1, 15, 17, 12, 3, 4, 17, 12, 3, 2, 17, 14, 12, 18, 7, 3, 12]
bestever    1945    in generation 1276
[5, 6, 5, 13, 20, 9, 16, 4, 6, 2, 20, 5, 16, 9, 20, 19, 18, 19, 5, 6, 10, 15, 20, 13, 16, 9, 8, 11, 19, 10, 6, 4, 9, 13, 18, 15, 19, 16, 4, 13, 5, 6, 5, 19, 16, 17, 11, 16, 13, 18, 6, 5, 8, 11, 3, 18, 15, 2, 11, 1, 20, 8, 18, 6, 2, 15, 13, 18, 3, 8, 9, 2, 16, 20, 5, 10, 13, 8, 8, 7, 18, 3, 5, 11, 16, 13, 5, 13, 1, 18, 17, 11, 15, 3, 20, 18, 10, 20, 20, 11, 14, 8, 11, 15, 11, 6, 16, 1, 2, 8, 19, 1, 8, 1, 9, 11, 13, 10, 4, 7, 19, 17, 7, 2, 1, 4, 12, 2, 9, 10, 6, 4, 16, 7, 14, 17, 2, 1, 10, 17, 7, 19, 14, 15, 9, 10, 1, 15, 14, 4, 4, 19, 2, 6, 9, 10, 20, 1, 12, 3, 7, 17, 14, 14, 3, 17, 15, 7, 14, 12, 12, 12, 3, 7, 8, 4, 14, 12, 7, 14, 19, 10, 9, 1, 15, 17, 12, 3, 4, 17, 12, 3, 2, 17, 14, 12, 18, 7, 3, 12]
bestever    1944    in generation 1293
[5, 6, 5, 13, 20, 9, 16, 4, 6, 2, 20, 5, 16, 9, 20, 19, 18, 19, 5, 6, 10, 15, 20, 13, 16, 9, 8, 11, 19, 10, 6, 4, 9, 13, 18, 15, 19, 16, 4, 13, 5, 6, 5, 19, 16, 17, 11, 16, 13, 18, 6, 5, 8, 11, 3, 18, 15, 2, 11, 1, 20, 8, 18, 6, 2, 15, 13, 18, 3, 8, 9, 2, 16, 20, 5, 10, 13, 8, 8, 7, 18, 3, 5, 11, 16, 13, 5, 13, 1, 18, 17, 11, 15, 3, 20, 18, 10, 20, 20, 11, 14, 8, 11, 15, 11, 11, 16, 1, 2, 8, 19, 1, 8, 1, 9, 6, 13, 10, 4, 7, 19, 17, 7, 2, 1, 4, 12, 2, 9, 10, 6, 4, 16, 7, 14, 17, 2, 1, 10, 17, 7, 19, 14, 15, 9, 10, 1, 15, 14, 4, 4, 19, 2, 6, 9, 10, 20, 1, 12, 3, 7, 17, 14, 14, 3, 17, 15, 7, 14, 12, 12, 12, 3, 7, 8, 4, 14, 12, 7, 14, 19, 10, 9, 1, 15, 17, 12, 3, 4, 17, 12, 3, 2, 17, 14, 12, 18, 7, 3, 12]
bestever    1933    in generation 1347
[5, 6, 5, 13, 20, 9, 16, 4, 6, 2, 20, 5, 16, 9, 20, 19, 18, 19, 5, 6, 10, 15, 20, 13, 16, 9, 8, 11, 19, 10, 6, 4, 9, 13, 18, 15, 19, 16, 4, 13, 5, 6, 5, 19, 16, 17, 11, 16, 13, 18, 6, 5, 8, 11, 3, 18, 15, 2, 11, 1, 20, 8, 18, 6, 2, 15, 13, 18, 3, 8, 9, 2, 16, 20, 5, 10, 13, 8, 8, 7, 18, 3, 5, 11, 16, 13, 5, 13, 1, 18, 17, 11, 15, 3, 20, 18, 10, 20, 20, 11, 14, 8, 11, 15, 11, 11, 16, 1, 2, 8, 19, 1, 8, 1, 9, 6, 13, 10, 4, 7, 19, 17, 7, 2, 1, 4, 12, 2, 9, 10, 6, 4, 16, 7, 14, 17, 2, 1, 10, 17, 7, 19, 14, 15, 9, 10, 1, 15, 14, 4, 4, 19, 2, 6, 9, 10, 20, 1, 18, 3, 7, 17, 14, 14, 3, 17, 15, 7, 14, 12, 12, 12, 3, 7, 8, 4, 14, 12, 7, 14, 19, 10, 9, 1, 15, 17, 12, 3, 4, 17, 12, 3, 2, 17, 14, 12, 12, 7, 3, 12]
bestever    1931    in generation 1354
[5, 6, 5, 13, 20, 9, 16, 4, 6, 2, 20, 5, 16, 9, 20, 19, 18, 19, 5, 6, 10, 15, 20, 13, 16, 9, 8, 11, 19, 10, 6, 4, 9, 13, 18, 15, 19, 16, 4, 13, 5, 6, 5, 19, 16, 17, 11, 16, 13, 18, 6, 5, 8, 11, 3, 18, 15, 2, 11, 1, 20, 8, 18, 6, 2, 15, 13, 18, 3, 8, 9, 2, 16, 20, 5, 10, 13, 8, 8, 7, 18, 3, 5, 11, 16, 13, 5, 13, 1, 18, 17, 11, 15, 3, 20, 18, 10, 20, 20, 11, 14, 8, 11, 15, 11, 11, 16, 1, 2, 8, 19, 1, 8, 1, 9, 6, 13, 10, 4, 7, 19, 17, 7, 2, 1, 4, 12, 2, 9, 10, 6, 4, 16, 7, 14, 17, 2, 1, 10, 17, 7, 19, 14, 15, 9, 10, 1, 15, 14, 4, 4, 19, 2, 6, 9, 10, 20, 1, 18, 3, 7, 17, 14, 14, 3, 17, 15, 7, 14, 12, 12, 12, 3, 7, 8, 4, 14, 2, 7, 14, 19, 10, 9, 1, 15, 17, 12, 3, 4, 17, 12, 3, 12, 17, 14, 12, 12, 7, 3, 12]
bestever    1929    in generation 1444
[5, 6, 5, 13, 20, 9, 16, 4, 6, 2, 20, 5, 16, 9, 20, 19, 18, 19, 5, 6, 10, 15, 20, 13, 16, 9, 8, 11, 19, 10, 6, 4, 9, 13, 18, 15, 19, 16, 4, 13, 5, 6, 5, 19, 16, 17, 11, 16, 13, 18, 6, 5, 8, 11, 3, 18, 15, 2, 11, 1, 20, 8, 18, 6, 2, 15, 13, 18, 3, 8, 9, 2, 16, 20, 5, 10, 13, 11, 8, 7, 18, 3, 5, 11, 16, 13, 5, 13, 1, 18, 17, 8, 15, 3, 20, 18, 10, 20, 20, 11, 14, 8, 11, 15, 11, 11, 16, 1, 2, 8, 19, 1, 8, 1, 9, 6, 13, 10, 4, 7, 19, 17, 7, 2, 1, 4, 12, 2, 9, 10, 6, 4, 16, 7, 14, 17, 2, 1, 10, 17, 7, 19, 14, 15, 9, 10, 1, 15, 14, 4, 4, 19, 2, 6, 9, 10, 20, 1, 18, 3, 7, 17, 14, 14, 3, 17, 15, 7, 14, 12, 12, 3, 7, 8, 4, 14, 2, 7, 14, 19, 10, 9, 1, 15, 17, 4, 3, 12, 12, 17, 12, 3, 12, 17, 14, 12, 12, 7, 3, 12]
bestever    1928    in generation 1592
[5, 6, 5, 13, 20, 9, 16, 4, 6, 2, 20, 5, 16, 9, 20, 19, 18, 19, 5, 6, 10, 15, 20, 13, 16, 9, 8, 11, 19, 18, 10, 2, 6, 4, 9, 13, 18, 15, 19, 16, 4, 13, 5, 6, 5, 19, 16, 17, 11, 16, 13, 18, 6, 5, 8, 11, 3, 7, 11, 1, 20, 8, 18, 6, 2, 15, 13, 18, 3, 8, 9, 2, 16, 20, 5, 10, 13, 11, 8, 7, 18, 3, 5, 11, 16, 13, 5, 13, 1, 18, 17, 8, 15, 3, 20, 18, 10, 20, 20, 11, 14, 8, 11, 15, 11, 11, 16, 1, 2, 8, 19, 1, 2, 8, 1, 9, 6, 13, 10, 4, 7, 19, 17, 7, 1, 4, 12, 2, 9, 10, 6, 4, 16, 7, 14, 17, 2, 1, 10, 17, 15, 19, 14, 15, 9, 10, 1, 15, 14, 4, 4, 19, 2, 6, 12, 9, 10, 20, 1, 18, 3, 7, 17, 14, 14, 3, 17, 15, 7, 14, 12, 12, 3, 7, 8, 4, 14, 2, 7, 14, 19, 10, 9, 1, 15, 17, 4, 3, 12, 17, 12, 3, 12, 17, 14, 12, 12, 7, 3, 12]
bestever    1921    in generation 2588
[5, 6, 5, 13, 20, 9, 16, 4, 6, 2, 20, 5, 16, 9, 6, 19, 18, 19, 5, 5, 6, 10, 15, 20, 13, 16, 9, 8, 11, 19, 18, 10, 2, 6, 4, 9, 13, 18, 15, 19, 16, 4, 13, 5, 20, 5, 19, 16, 17, 11, 16, 13, 18, 6, 5, 8, 11, 3, 7, 11, 1, 20, 8, 18, 6, 2, 15, 13, 18, 3, 8, 9, 2, 16, 20, 5, 10, 13, 11, 8, 7, 18, 3, 11, 16, 13, 5, 13, 1, 18, 2, 8, 15, 20, 18, 10, 20, 20, 11, 14, 8, 11, 15, 11, 14, 11, 16, 1, 17, 8, 19, 1, 2, 8, 1, 9, 12, 6, 13, 10, 4, 7, 19, 12, 7, 1, 4, 2, 9, 10, 6, 4, 16, 14, 17, 2, 1, 10, 17, 15, 19, 14, 15, 7, 3, 9, 10, 1, 17, 15, 14, 4, 4, 19, 2, 6, 9, 10, 20, 1, 4, 18, 3, 7, 17, 14, 14, 15, 7, 14, 7, 8, 2, 7, 14, 19, 10, 9, 1, 15, 17, 3, 12, 12, 3, 17, 4, 3, 12, 17, 12, 3, 12, 17, 14, 12, 12, 7, 3, 12]
bestever    1916    in generation 3214
[5, 6, 5, 16, 13, 20, 9, 4, 6, 2, 20, 5, 16, 9, 6, 19, 20, 18, 19, 9, 5, 6, 10, 15, 20, 13, 16, 5, 8, 11, 16, 19, 18, 10, 2, 6, 4, 9, 13, 18, 15, 19, 16, 4, 13, 20, 5, 19, 16, 17, 11, 9, 6, 13, 16, 13, 18, 6, 5, 8, 11, 3, 7, 11, 1, 20, 8, 18, 6, 2, 15, 13, 18, 3, 8, 9, 2, 16, 5, 5, 10, 13, 11, 8, 7, 7, 18, 11, 16, 13, 5, 13, 1, 18, 2, 8, 15, 20, 3, 18, 10, 20, 20, 11, 14, 8, 11, 15, 11, 14, 11, 1, 17, 8, 19, 1, 2, 8, 1, 10, 4, 19, 7, 1, 4, 2, 9, 10, 6, 4, 16, 14, 17, 2, 1, 10, 17, 15, 19, 14, 15, 7, 9, 10, 1, 17, 15, 14, 4, 3, 12, 4, 19, 2, 6, 9, 10, 20, 1, 4, 18, 3, 7, 7, 8, 14, 14, 12, 15, 7, 2, 17, 14, 7, 14, 19, 10, 9, 1, 15, 17, 3, 12, 3, 17, 4, 7, 17, 12, 3, 12, 3, 12, 17, 14, 12, 12, 12, 3, 12]
bestever    1907    in generation 3247
[5, 6, 5, 16, 13, 20, 9, 4, 6, 2, 20, 5, 16, 9, 6, 19, 20, 18, 6, 9, 5, 19, 10, 15, 20, 13, 16, 5, 8, 11, 16, 19, 18, 10, 2, 6, 4, 9, 13, 18, 15, 19, 16, 4, 13, 20, 5, 19, 16, 17, 11, 9, 6, 13, 16, 13, 18, 6, 5, 8, 11, 3, 7, 11, 1, 20, 8, 18, 6, 2, 15, 13, 18, 8, 9, 2, 16, 5, 5, 10, 13, 11, 8, 7, 7, 18, 11, 16, 13, 5, 13, 1, 18, 2, 8, 15, 20, 3, 18, 10, 20, 20, 11, 14, 8, 11, 15, 11, 14, 11, 1, 17, 8, 19, 1, 2, 8, 1, 10, 4, 19, 7, 1, 4, 2, 9, 10, 6, 4, 16, 14, 17, 2, 1, 10, 15, 19, 14, 15, 7, 9, 10, 1, 17, 15, 14, 4, 3, 12, 4, 19, 2, 6, 9, 10, 20, 1, 4, 18, 3, 7, 7, 8, 14, 14, 12, 15, 2, 17, 7, 14, 17, 3, 7, 14, 19, 10, 9, 1, 15, 17, 3, 12, 3, 17, 4, 7, 17, 12, 3, 12, 3, 12, 17, 14, 12, 12, 12, 3, 12]
bestever    1905    in generation 3383
[5, 6, 5, 16, 13, 20, 9, 4, 6, 2, 20, 5, 19, 16, 9, 6, 20, 18, 6, 9, 5, 19, 10, 15, 20, 13, 16, 5, 8, 11, 16, 19, 18, 10, 2, 6, 4, 9, 13, 18, 15, 19, 16, 4, 13, 20, 5, 19, 16, 17, 11, 9, 6, 13, 16, 13, 18, 6, 5, 8, 11, 10, 3, 7, 11, 1, 20, 8, 18, 6, 2, 15, 13, 18, 8, 9, 2, 16, 5, 5, 10, 13, 11, 8, 7, 7, 18, 11, 16, 13, 5, 13, 1, 18, 2, 8, 15, 20, 3, 18, 10, 20, 20, 11, 14, 8, 11, 15, 11, 14, 11, 1, 17, 8, 19, 1, 2, 8, 1, 10, 4, 19, 7, 1, 4, 2, 9, 10, 6, 4, 16, 14, 17, 2, 1, 15, 19, 14, 15, 7, 9, 10, 1, 17, 15, 14, 4, 3, 12, 4, 19, 2, 6, 9, 10, 20, 1, 12, 4, 18, 3, 7, 7, 8, 14, 14, 12, 15, 2, 17, 7, 14, 17, 3, 7, 14, 19, 10, 9, 1, 15, 17, 3, 12, 3, 17, 4, 7, 17, 12, 3, 12, 3, 12, 17, 14, 12, 12, 3, 12]
bestever    1868    in generation 3524
[5, 6, 5, 16, 13, 20, 9, 4, 6, 2, 20, 5, 19, 16, 9, 6, 20, 18, 6, 9, 5, 19, 10, 15, 20, 13, 16, 5, 16, 11, 16, 19, 18, 10, 2, 6, 4, 9, 13, 18, 15, 19, 16, 4, 13, 20, 18, 20, 20, 11, 14, 8, 5, 19, 16, 17, 11, 9, 6, 13, 16, 13, 18, 6, 5, 8, 11, 10, 3, 7, 11, 1, 20, 8, 18, 6, 2, 15, 13, 18, 8, 9, 2, 8, 5, 5, 10, 13, 11, 8, 7, 7, 18, 11, 16, 13, 5, 13, 1, 18, 2, 8, 15, 10, 20, 3, 11, 15, 11, 14, 11, 1, 17, 8, 19, 1, 2, 8, 1, 10, 4, 19, 7, 1, 4, 2, 9, 10, 6, 4, 16, 14, 17, 2, 1, 15, 19, 14, 15, 7, 9, 10, 1, 17, 15, 14, 4, 3, 12, 4, 19, 2, 6, 9, 10, 20, 1, 12, 4, 18, 3, 7, 7, 8, 14, 14, 12, 14, 15, 2, 17, 7, 17, 3, 7, 14, 19, 10, 9, 1, 15, 17, 3, 12, 3, 17, 4, 7, 17, 12, 3, 12, 3, 12, 17, 14, 12, 12, 3, 12]
bestever    1863    in generation 3598
[5, 6, 5, 16, 13, 20, 9, 4, 6, 2, 20, 5, 19, 16, 9, 6, 20, 18, 6, 9, 5, 19, 10, 15, 20, 13, 16, 5, 16, 11, 16, 19, 18, 10, 2, 6, 4, 9, 13, 18, 6, 19, 16, 4, 13, 20, 18, 20, 20, 11, 14, 8, 5, 19, 16, 17, 11, 9, 6, 13, 16, 13, 18, 6, 5, 8, 11, 10, 3, 7, 11, 1, 20, 8, 18, 15, 2, 15, 13, 18, 8, 9, 2, 8, 5, 5, 10, 13, 11, 8, 7, 7, 18, 11, 16, 13, 5, 13, 1, 18, 2, 8, 15, 10, 20, 3, 11, 15, 11, 14, 11, 1, 17, 8, 19, 1, 2, 8, 1, 10, 4, 19, 7, 1, 4, 2, 9, 10, 6, 4, 16, 14, 17, 2, 1, 15, 19, 14, 15, 7, 9, 10, 1, 17, 15, 14, 4, 3, 12, 4, 19, 2, 6, 9, 10, 20, 1, 12, 4, 18, 3, 7, 7, 8, 14, 14, 12, 14, 15, 2, 17, 7, 17, 3, 7, 14, 19, 10, 9, 1, 15, 17, 3, 12, 3, 17, 4, 7, 17, 12, 3, 12, 3, 12, 17, 14, 12, 12, 3, 12]
bestever    1862    in generation 3638
[5, 6, 5, 16, 13, 20, 9, 4, 6, 2, 20, 5, 19, 16, 9, 6, 20, 18, 6, 9, 5, 19, 10, 15, 20, 13, 16, 5, 16, 11, 16, 19, 18, 10, 2, 6, 4, 9, 13, 18, 6, 19, 16, 4, 13, 20, 18, 20, 20, 11, 14, 8, 5, 19, 16, 17, 11, 9, 6, 13, 16, 13, 18, 6, 5, 8, 11, 10, 3, 7, 11, 1, 20, 8, 18, 15, 2, 15, 13, 18, 8, 9, 2, 8, 5, 5, 10, 13, 11, 8, 7, 7, 18, 11, 16, 13, 5, 13, 1, 18, 2, 8, 15, 10, 20, 3, 11, 15, 11, 14, 11, 1, 17, 8, 19, 1, 2, 6, 1, 10, 4, 19, 7, 1, 4, 2, 9, 10, 8, 4, 16, 14, 17, 2, 1, 15, 19, 14, 15, 7, 9, 10, 1, 17, 15, 14, 7, 3, 12, 4, 19, 2, 6, 9, 10, 20, 1, 12, 4, 18, 3, 4, 7, 8, 14, 14, 12, 14, 15, 2, 17, 7, 17, 3, 7, 14, 19, 10, 9, 1, 15, 17, 3, 12, 3, 17, 4, 7, 17, 12, 3, 12, 3, 12, 17, 14, 12, 12, 3, 12]
bestever    1861    in generation 3737
[5, 6, 5, 16, 13, 20, 9, 4, 6, 2, 20, 5, 19, 16, 9, 6, 20, 18, 6, 9, 5, 19, 10, 15, 20, 13, 16, 5, 16, 11, 16, 19, 18, 10, 2, 6, 4, 9, 13, 18, 6, 19, 16, 4, 13, 20, 18, 20, 20, 11, 14, 8, 5, 19, 16, 17, 11, 9, 6, 13, 16, 13, 18, 6, 5, 8, 11, 10, 3, 7, 11, 1, 20, 8, 18, 15, 2, 15, 13, 18, 8, 9, 2, 8, 5, 5, 10, 13, 11, 8, 7, 7, 18, 11, 16, 13, 5, 13, 1, 18, 2, 8, 15, 10, 20, 3, 11, 15, 11, 14, 11, 1, 17, 8, 19, 1, 2, 6, 1, 10, 4, 19, 7, 1, 4, 2, 9, 10, 8, 4, 16, 14, 17, 2, 1, 15, 19, 14, 15, 7, 9, 10, 1, 17, 15, 14, 7, 3, 2, 4, 19, 12, 6, 9, 10, 20, 1, 12, 4, 18, 3, 4, 7, 8, 14, 14, 12, 7, 15, 2, 17, 7, 17, 3, 14, 14, 19, 10, 9, 1, 15, 17, 3, 12, 3, 17, 4, 7, 17, 12, 3, 12, 3, 12, 17, 14, 12, 12, 3, 12]
bestever    1857    in generation 3745
[5, 6, 5, 16, 13, 20, 9, 4, 6, 2, 20, 5, 19, 16, 9, 6, 20, 18, 6, 9, 5, 19, 10, 15, 20, 13, 16, 5, 16, 11, 16, 19, 18, 10, 2, 6, 4, 9, 13, 18, 6, 19, 16, 4, 13, 20, 18, 20, 20, 11, 14, 8, 5, 19, 16, 17, 11, 9, 6, 13, 16, 13, 18, 6, 5, 8, 11, 10, 7, 11, 1, 20, 8, 18, 15, 2, 15, 13, 18, 8, 9, 2, 8, 5, 5, 10, 13, 11, 8, 7, 7, 18, 11, 16, 13, 5, 13, 1, 18, 2, 8, 15, 10, 20, 11, 15, 11, 14, 11, 1, 8, 19, 1, 2, 6, 1, 10, 4, 19, 7, 1, 4, 2, 9, 10, 8, 4, 16, 14, 2, 1, 15, 19, 14, 15, 7, 9, 10, 1, 15, 14, 7, 3, 2, 4, 19, 12, 6, 9, 10, 20, 1, 12, 4, 18, 3, 4, 7, 8, 14, 12, 15, 2, 17, 7, 17, 3, 14, 17, 3, 17, 7, 17, 3, 14, 14, 19, 10, 9, 1, 15, 17, 3, 12, 3, 17, 4, 7, 17, 12, 3, 12, 3, 12, 17, 14, 12, 12, 3, 12]
bestever    1844    in generation 8954
[5, 6, 5, 16, 13, 20, 9, 6, 16, 2, 20, 5, 19, 16, 6, 20, 18, 6, 6, 9, 5, 8, 11, 19, 10, 9, 20, 3, 16, 14, 13, 15, 5, 16, 11, 7, 19, 18, 10, 9, 16, 6, 16, 2, 4, 8, 5, 13, 14, 18, 19, 6, 1, 4, 5, 7, 13, 20, 20, 18, 19, 20, 11, 19, 10, 6, 8, 9, 20, 5, 4, 16, 11, 6, 13, 13, 8, 18, 11, 13, 15, 20, 7, 1, 8, 18, 11, 14, 2, 16, 20, 10, 3, 18, 16, 9, 2, 5, 6, 15, 10, 13, 11, 8, 4, 18, 13, 11, 5, 1, 18, 2, 19, 10, 11, 15, 15, 11, 1, 2, 1, 4, 19, 7, 8, 1, 2, 4, 9, 10, 8, 19, 14, 2, 1, 8, 15, 4, 9, 10, 1, 17, 2, 9, 10, 1, 18, 4, 17, 14, 15, 17, 17, 7, 7, 4, 17, 8, 14, 15, 7, 15, 13, 17, 7, 14, 17, 3, 12, 12, 2, 7, 14, 19, 9, 17, 10, 1, 15, 14, 17, 3, 3, 12, 12, 4, 17, 3, 12, 12, 3, 3, 12, 12, 7, 14, 3, 12, 3, 12]
bestever    1833    in generation 9056
[5, 6, 5, 16, 13, 20, 9, 6, 16, 2, 20, 5, 19, 16, 6, 20, 18, 6, 6, 9, 5, 8, 11, 19, 10, 9, 20, 3, 16, 14, 13, 15, 5, 16, 11, 7, 19, 18, 10, 9, 16, 6, 16, 2, 4, 8, 5, 13, 14, 18, 19, 6, 1, 4, 5, 7, 13, 20, 20, 18, 19, 20, 11, 19, 10, 6, 8, 9, 20, 5, 4, 16, 11, 6, 13, 13, 8, 18, 11, 13, 15, 2, 20, 7, 1, 8, 18, 11, 14, 2, 16, 20, 10, 3, 18, 16, 9, 2, 5, 6, 15, 10, 13, 11, 8, 4, 18, 13, 11, 5, 1, 18, 2, 19, 10, 11, 15, 15, 11, 1, 1, 4, 19, 7, 8, 1, 2, 4, 9, 10, 8, 19, 14, 2, 1, 8, 15, 4, 9, 10, 1, 17, 2, 9, 10, 1, 18, 4, 17, 14, 15, 17, 17, 7, 7, 4, 17, 8, 14, 15, 7, 15, 13, 17, 7, 14, 17, 3, 12, 2, 7, 14, 19, 9, 17, 10, 1, 15, 14, 17, 3, 12, 3, 12, 12, 4, 17, 3, 12, 12, 3, 3, 12, 12, 7, 14, 3, 12, 3, 12]
bestever    1813    in generation 9113
[5, 6, 5, 16, 13, 20, 9, 6, 16, 2, 20, 5, 19, 16, 6, 20, 18, 6, 6, 9, 5, 8, 11, 19, 10, 9, 20, 3, 16, 14, 13, 15, 5, 16, 11, 7, 19, 18, 10, 9, 16, 6, 16, 2, 4, 8, 5, 13, 14, 18, 19, 6, 1, 4, 5, 7, 13, 20, 20, 18, 19, 20, 11, 19, 10, 6, 8, 9, 20, 5, 4, 16, 11, 6, 13, 13, 8, 18, 11, 13, 15, 2, 20, 7, 1, 8, 18, 11, 2, 16, 20, 10, 3, 18, 16, 9, 2, 5, 6, 15, 10, 13, 11, 8, 4, 18, 13, 11, 5, 1, 18, 2, 19, 10, 11, 15, 15, 11, 1, 1, 4, 19, 7, 8, 1, 2, 4, 9, 10, 8, 19, 2, 1, 8, 15, 4, 9, 10, 1, 17, 2, 9, 10, 1, 18, 14, 4, 17, 14, 7, 15, 17, 7, 14, 17, 4, 17, 8, 14, 15, 7, 15, 13, 17, 7, 14, 17, 3, 12, 2, 7, 14, 19, 9, 17, 10, 1, 15, 14, 17, 3, 12, 3, 12, 12, 4, 17, 3, 12, 12, 3, 3, 12, 12, 7, 14, 3, 12, 3, 12]
