bestever    3222    in generation 0
[19, 9, 5, 13, 1, 19, 10, 15, 12, 3, 12, 4, 2, 17, 18, 16, 20, 9, 17, 11, 2, 10, 7, 13, 15, 6, 9, 2, 15, 13, 12, 9, 9, 17, 10, 18, 2, 16, 8, 18, 17, 3, 10, 15, 6, 15, 17, 4, 14, 6, 5, 8, 20, 18, 1, 12, 10, 18, 6, 10, 16, 4, 20, 1, 13, 12, 3, 17, 3, 6, 3, 5, 4, 17, 12, 8, 11, 12, 4, 15, 8, 9, 16, 5, 8, 16, 1, 20, 11, 9, 15, 17, 14, 18, 2, 6, 7, 1, 2, 6, 3, 7, 7, 8, 11, 14, 7, 15, 4, 18, 20, 16, 13, 8, 2, 12, 14, 20, 8, 3, 12, 19, 7, 9, 3, 10, 15, 20, 19, 20, 17, 8, 19, 9, 19, 8, 2, 20, 5, 2, 19, 7, 10, 5, 14, 20, 13, 3, 18, 14, 5, 1, 6, 2, 6, 11, 18, 16, 4, 1, 5, 11, 5, 11, 14, 13, 12, 1, 3, 5, 19, 4, 10, 6, 14, 16, 13, 7, 15, 18, 10, 14, 4, 7, 1, 7, 9, 13, 1, 16, 4, 14, 13, 19, 19, 11, 16, 11, 17, 11]
bestever    3132    in generation 2
[19, 7, 14, 16, 5, 18, 17, 5, 17, 19, 2, 11, 3, 3, 8, 17, 12, 13, 18, 16, 15, 8, 10, 17, 18, 13, 6, 12, 4, 1, 16, 2, 18, 15, 18, 10, 12, 17, 12, 13, 2, 20, 9, 4, 20, 13, 10, 2, 20, 6, 6, 15, 6, 9, 15, 4, 1, 10, 12, 9, 1, 9, 15, 9, 10, 10, 3, 17, 3, 6, 3, 5, 4, 17, 12, 8, 11, 12, 4, 15, 8, 9, 16, 5, 8, 16, 1, 20, 11, 9, 15, 17, 14, 18, 2, 6, 7, 1, 2, 6, 3, 7, 7, 8, 11, 14, 7, 15, 4, 18, 20, 16, 13, 8, 2, 12, 14, 20, 8, 3, 12, 19, 7, 9, 3, 10, 15, 20, 19, 20, 17, 8, 19, 9, 19, 8, 2, 20, 5, 2, 19, 7, 10, 5, 14, 20, 13, 3, 18, 14, 5, 1, 6, 2, 6, 11, 18, 16, 4, 1, 5, 11, 5, 11, 14, 13, 12, 1, 3, 5, 19, 4, 10, 6, 14, 16, 13, 7, 15, 18, 10, 14, 4, 7, 1, 7, 9, 13, 1, 16, 4, 14, 13, 19, 19, 11, 16, 11, 17, 11]
bestever    3001    in generation 5
[9, 10, 20, 19, 20, 17, 8, 19, 9, 19, 8, 20, 5, 18, 16, 20, 9, 17, 11, 2, 10, 7, 13, 15, 6, 9, 2, 15, 12, 9, 9, 17, 10, 18, 2, 16, 8, 18, 17, 3, 10, 15, 6, 15, 17, 4, 14, 6, 5, 8, 20, 18, 1, 12, 10, 18, 6, 16, 4, 20, 12, 3, 17, 3, 6, 3, 5, 17, 12, 8, 12, 4, 15, 8, 9, 8, 16, 20, 9, 15, 18, 2, 6, 7, 1, 2, 3, 7, 8, 7, 15, 4, 20, 16, 13, 8, 2, 12, 20, 8, 3, 12, 7, 10, 15, 20, 17, 19, 9, 19, 19, 7, 10, 14, 13, 3, 14, 1, 6, 11, 18, 2, 19, 10, 5, 13, 4, 1, 5, 11, 5, 14, 14, 9, 14, 11, 11, 11, 19, 5, 13, 1, 19, 15, 12, 3, 12, 11, 13, 13, 17, 16, 4, 14, 5, 1, 16, 4, 1, 13, 16, 4, 14, 5, 18, 1, 10, 18, 6, 10, 16, 4, 1, 13, 6, 3, 5, 4, 11, 16, 1, 11, 17, 18, 2, 6, 2, 3, 7, 7, 11, 14, 7, 15, 13, 2, 12, 14, 19, 7]
bestever    2948    in generation 7
[2, 17, 18, 16, 20, 9, 17, 2, 10, 7, 15, 6, 9, 2, 15, 9, 10, 18, 2, 16, 8, 18, 3, 10, 15, 6, 15, 17, 4, 14, 6, 5, 8, 20, 18, 10, 18, 6, 20, 12, 3, 17, 3, 6, 3, 17, 12, 12, 15, 12, 3, 17, 5, 17, 12, 13, 10, 19, 13, 11, 16, 4, 5, 12, 8, 12, 15, 8, 9, 8, 20, 9, 18, 2, 6, 7, 2, 3, 8, 15, 20, 8, 2, 20, 8, 3, 10, 15, 20, 17, 19, 9, 19, 3, 6, 11, 18, 5, 20, 17, 8, 8, 2, 20, 2, 20, 3, 18, 6, 2, 6, 18, 12, 10, 14, 4, 7, 7, 9, 1, 16, 4, 14, 13, 19, 16, 11, 19, 9, 13, 1, 19, 15, 12, 4, 1, 5, 11, 5, 11, 14, 13, 1, 5, 19, 4, 10, 14, 16, 7, 14, 4, 7, 1, 7, 9, 13, 1, 16, 1, 5, 11, 5, 11, 14, 13, 12, 1, 3, 5, 19, 4, 10, 6, 14, 16, 13, 7, 15, 18, 10, 14, 4, 7, 1, 7, 9, 13, 1, 16, 4, 14, 13, 19, 19, 11, 16, 11, 17, 11]
bestever    2891    in generation 9
[18, 2, 8, 18, 3, 15, 6, 15, 17, 6, 8, 20, 18, 6, 20, 12, 3, 17, 3, 6, 3, 17, 12, 12, 15, 12, 3, 12, 8, 8, 8, 20, 2, 6, 8, 20, 8, 17, 20, 2, 18, 15, 12, 16, 7, 9, 16, 5, 13, 12, 1, 3, 5, 4, 10, 14, 16, 13, 7, 8, 3, 20, 9, 3, 6, 4, 5, 19, 3, 12, 15, 16, 4, 17, 9, 19, 19, 10, 13, 14, 1, 11, 3, 12, 10, 15, 17, 19, 9, 19, 13, 6, 11, 18, 16, 4, 11, 11, 13, 20, 7, 8, 19, 9, 19, 8, 2, 20, 2, 19, 17, 10, 20, 13, 18, 14, 5, 1, 6, 2, 6, 11, 18, 16, 4, 14, 5, 2, 11, 16, 4, 1, 11, 5, 11, 14, 13, 1, 5, 19, 4, 10, 14, 16, 7, 14, 4, 7, 1, 7, 9, 13, 1, 16, 1, 5, 11, 5, 11, 14, 13, 12, 1, 5, 19, 4, 10, 14, 16, 13, 7, 15, 18, 10, 14, 4, 7, 1, 15, 18, 10, 7, 7, 9, 17, 2, 17, 18, 20, 9, 17, 2, 10, 15, 6, 9, 2, 15, 9, 10]
bestever    2726    in generation 10
[20, 9, 17, 2, 10, 15, 6, 9, 2, 15, 9, 10, 18, 2, 8, 18, 3, 10, 15, 6, 15, 17, 6, 5, 8, 20, 18, 10, 18, 6, 20, 12, 3, 17, 3, 6, 3, 17, 12, 12, 15, 12, 3, 17, 17, 12, 13, 19, 11, 12, 8, 15, 8, 9, 8, 20, 9, 18, 2, 6, 2, 3, 8, 15, 20, 8, 20, 8, 3, 10, 15, 20, 19, 9, 19, 3, 6, 20, 17, 8, 8, 20, 3, 6, 12, 7, 9, 16, 19, 19, 4, 14, 7, 4, 7, 1, 2, 12, 12, 3, 5, 13, 15, 18, 10, 7, 9, 2, 19, 17, 10, 20, 13, 18, 14, 5, 1, 6, 2, 6, 11, 18, 16, 4, 14, 5, 2, 11, 16, 4, 1, 11, 5, 11, 14, 13, 1, 5, 19, 4, 10, 14, 16, 7, 14, 4, 7, 1, 7, 9, 13, 1, 16, 1, 5, 11, 5, 11, 14, 13, 12, 1, 5, 19, 4, 10, 14, 16, 13, 7, 15, 18, 10, 14, 4, 7, 1, 7, 9, 13, 1, 16, 16, 4, 14, 5, 16, 13, 16, 4, 13, 19, 19, 11, 11, 17, 11, 2, 17, 18]
bestever    2683    in generation 11
[20, 9, 17, 2, 10, 15, 6, 9, 2, 15, 9, 10, 18, 2, 8, 18, 3, 10, 15, 6, 15, 17, 6, 5, 8, 20, 18, 10, 18, 6, 20, 12, 3, 17, 3, 6, 3, 17, 12, 12, 15, 12, 3, 17, 17, 12, 13, 19, 11, 12, 8, 15, 8, 9, 8, 20, 9, 18, 2, 6, 2, 3, 8, 15, 20, 8, 20, 8, 3, 10, 15, 20, 19, 9, 19, 3, 6, 20, 17, 8, 8, 20, 3, 6, 12, 7, 9, 16, 19, 19, 4, 14, 7, 4, 7, 1, 2, 12, 12, 3, 5, 13, 15, 18, 7, 9, 2, 17, 20, 18, 14, 5, 1, 6, 2, 6, 11, 18, 16, 4, 14, 5, 2, 1, 5, 11, 14, 1, 5, 19, 10, 7, 4, 7, 1, 7, 9, 13, 16, 11, 11, 14, 13, 1, 19, 4, 10, 14, 16, 13, 4, 10, 16, 1, 5, 11, 5, 11, 14, 13, 12, 1, 5, 19, 4, 10, 14, 16, 13, 7, 15, 18, 10, 14, 4, 7, 1, 7, 9, 13, 1, 16, 16, 4, 14, 5, 16, 13, 16, 4, 13, 19, 19, 11, 11, 17, 11, 2, 17, 18]
bestever    2645    in generation 16
[10, 15, 6, 9, 2, 15, 9, 10, 18, 2, 8, 18, 3, 10, 15, 6, 15, 6, 5, 8, 20, 18, 10, 18, 20, 12, 3, 17, 3, 6, 3, 17, 12, 12, 15, 12, 3, 17, 17, 12, 19, 12, 8, 15, 8, 8, 20, 9, 18, 2, 6, 2, 3, 8, 15, 20, 8, 20, 8, 3, 10, 15, 20, 19, 9, 19, 3, 6, 20, 17, 8, 8, 20, 3, 6, 7, 9, 16, 4, 14, 7, 4, 7, 1, 2, 12, 12, 3, 5, 13, 15, 18, 9, 17, 20, 6, 9, 13, 17, 12, 11, 19, 19, 18, 7, 9, 2, 17, 20, 18, 14, 5, 1, 6, 2, 6, 11, 18, 16, 4, 14, 5, 2, 1, 5, 11, 14, 1, 5, 19, 10, 7, 4, 7, 1, 7, 9, 13, 16, 11, 11, 14, 13, 1, 19, 4, 10, 14, 16, 13, 4, 10, 16, 1, 5, 11, 5, 11, 14, 13, 12, 1, 5, 19, 4, 10, 14, 16, 13, 7, 15, 18, 10, 14, 4, 7, 1, 7, 9, 13, 1, 16, 16, 4, 14, 5, 16, 13, 16, 4, 13, 19, 19, 11, 11, 17, 11, 2, 17, 2]
bestever    2597    in generation 32
[10, 15, 6, 9, 15, 9, 10, 18, 8, 18, 3, 10, 15, 6, 15, 6, 5, 8, 20, 18, 10, 18, 20, 12, 3, 17, 3, 6, 3, 12, 12, 2, 2, 17, 15, 12, 3, 17, 17, 12, 19, 12, 8, 15, 8, 8, 20, 9, 18, 2, 6, 2, 3, 8, 15, 20, 8, 20, 8, 3, 10, 15, 20, 19, 9, 19, 3, 6, 20, 17, 8, 8, 20, 3, 6, 7, 9, 16, 4, 14, 7, 4, 7, 1, 2, 12, 12, 3, 5, 13, 15, 18, 9, 17, 20, 6, 9, 13, 17, 12, 11, 19, 19, 18, 7, 9, 2, 17, 20, 18, 14, 5, 1, 6, 2, 6, 11, 18, 16, 4, 14, 5, 2, 1, 5, 11, 14, 1, 5, 19, 10, 7, 4, 7, 1, 7, 9, 13, 16, 11, 11, 14, 13, 1, 19, 4, 10, 14, 16, 13, 4, 10, 16, 1, 5, 11, 5, 11, 14, 13, 12, 1, 5, 19, 4, 10, 14, 16, 13, 7, 15, 18, 10, 14, 4, 7, 1, 7, 9, 13, 1, 16, 16, 4, 14, 5, 16, 13, 16, 4, 13, 19, 19, 11, 11, 17, 11, 2, 17, 2]
bestever    2585    in generation 33
[10, 15, 6, 9, 2, 15, 9, 10, 18, 2, 8, 18, 3, 10, 15, 6, 15, 6, 5, 8, 20, 18, 10, 18, 20, 12, 3, 17, 3, 6, 3, 17, 12, 12, 15, 12, 3, 17, 17, 12, 19, 12, 8, 15, 8, 8, 20, 9, 18, 2, 6, 2, 3, 8, 15, 20, 8, 20, 8, 3, 10, 15, 20, 19, 9, 19, 3, 6, 20, 17, 8, 8, 20, 3, 6, 7, 9, 16, 4, 14, 7, 4, 7, 1, 2, 12, 12, 3, 5, 13, 15, 18, 9, 17, 20, 6, 9, 13, 17, 12, 19, 18, 7, 9, 2, 17, 20, 18, 14, 5, 1, 6, 2, 6, 18, 4, 14, 5, 2, 1, 5, 14, 1, 5, 10, 7, 7, 1, 7, 9, 11, 11, 11, 19, 19, 4, 16, 13, 16, 11, 11, 14, 13, 1, 19, 4, 10, 14, 16, 13, 4, 10, 16, 1, 5, 11, 5, 11, 14, 13, 12, 1, 5, 19, 4, 10, 14, 16, 13, 7, 15, 18, 10, 14, 4, 7, 1, 7, 9, 13, 1, 16, 16, 4, 14, 5, 16, 13, 16, 4, 13, 19, 19, 11, 11, 17, 11, 2, 17, 2]
bestever    2570    in generation 45
[18, 20, 12, 3, 20, 18, 18, 20, 12, 3, 17, 3, 6, 3, 12, 12, 15, 12, 3, 17, 17, 19, 8, 6, 15, 17, 12, 8, 15, 8, 9, 2, 6, 2, 8, 8, 20, 8, 3, 15, 20, 19, 9, 19, 3, 20, 17, 8, 8, 20, 3, 6, 7, 9, 4, 14, 7, 4, 7, 1, 2, 12, 12, 3, 5, 15, 9, 17, 20, 6, 9, 18, 9, 2, 18, 5, 6, 2, 6, 16, 13, 10, 10, 10, 15, 10, 10, 17, 15, 15, 2, 8, 3, 15, 8, 6, 9, 13, 17, 12, 19, 18, 7, 9, 2, 17, 20, 18, 14, 5, 1, 6, 2, 6, 18, 4, 14, 5, 2, 1, 5, 14, 1, 5, 10, 7, 7, 1, 7, 9, 11, 11, 11, 19, 19, 4, 16, 13, 16, 11, 11, 14, 13, 1, 19, 4, 10, 14, 16, 13, 4, 10, 16, 1, 5, 11, 5, 11, 14, 13, 12, 1, 5, 19, 4, 10, 14, 16, 13, 7, 15, 18, 10, 14, 4, 7, 1, 7, 9, 13, 1, 16, 16, 4, 14, 5, 16, 13, 16, 4, 13, 19, 19, 11, 11, 17, 11, 2, 20, 18]
bestever    2557    in generation 62
[18, 20, 12, 3, 20, 18, 18, 20, 12, 3, 17, 3, 6, 3, 12, 12, 15, 12, 3, 17, 17, 19, 8, 6, 15, 17, 12, 8, 15, 8, 9, 2, 6, 2, 8, 8, 20, 8, 3, 15, 20, 19, 9, 19, 3, 20, 17, 8, 8, 20, 3, 6, 7, 9, 4, 14, 7, 4, 7, 1, 2, 12, 12, 3, 5, 15, 9, 17, 20, 6, 9, 18, 9, 2, 18, 5, 6, 2, 6, 16, 13, 10, 10, 10, 15, 10, 10, 17, 15, 15, 2, 8, 3, 15, 8, 6, 9, 13, 17, 12, 19, 18, 7, 18, 2, 17, 20, 14, 5, 1, 6, 2, 6, 9, 4, 14, 5, 2, 1, 5, 14, 1, 5, 10, 7, 7, 1, 7, 9, 11, 11, 11, 19, 19, 4, 16, 13, 16, 11, 14, 13, 18, 11, 1, 19, 4, 10, 14, 16, 13, 4, 10, 16, 1, 5, 11, 5, 11, 14, 13, 12, 1, 5, 19, 4, 10, 14, 16, 13, 7, 15, 18, 10, 14, 4, 7, 1, 7, 9, 13, 1, 16, 16, 4, 14, 5, 16, 13, 16, 4, 13, 19, 19, 11, 11, 17, 11, 2, 20, 18]
bestever    2543    in generation 64
[20, 12, 3, 20, 18, 18, 20, 12, 3, 17, 3, 6, 3, 12, 12, 15, 12, 3, 17, 17, 19, 8, 6, 15, 17, 12, 8, 15, 8, 9, 2, 6, 2, 8, 8, 20, 8, 3, 15, 20, 19, 9, 19, 3, 20, 17, 8, 8, 20, 3, 6, 7, 9, 4, 14, 7, 4, 7, 1, 2, 12, 12, 3, 5, 15, 9, 17, 20, 6, 9, 18, 2, 18, 5, 6, 2, 6, 16, 13, 10, 10, 10, 15, 10, 10, 17, 15, 15, 8, 3, 15, 8, 6, 9, 13, 17, 12, 19, 18, 7, 9, 2, 17, 20, 18, 14, 5, 1, 6, 2, 4, 2, 6, 9, 4, 14, 5, 2, 1, 5, 14, 1, 5, 10, 7, 7, 1, 7, 9, 11, 11, 11, 19, 19, 4, 16, 13, 16, 11, 11, 14, 13, 1, 19, 4, 10, 14, 16, 13, 10, 16, 1, 5, 11, 5, 14, 13, 12, 1, 5, 19, 4, 10, 14, 16, 18, 11, 13, 7, 15, 18, 10, 14, 4, 7, 1, 7, 9, 13, 1, 16, 16, 4, 14, 5, 16, 13, 16, 4, 13, 19, 19, 11, 11, 17, 11, 2, 20, 18, 18]
bestever    2537    in generation 82
[20, 12, 3, 20, 18, 18, 20, 12, 3, 17, 3, 6, 3, 12, 12, 15, 12, 3, 17, 17, 19, 8, 6, 15, 17, 12, 8, 15, 8, 9, 2, 6, 2, 8, 8, 20, 8, 3, 15, 20, 19, 9, 19, 3, 20, 17, 8, 8, 20, 3, 6, 7, 9, 4, 14, 7, 4, 7, 1, 2, 12, 12, 3, 5, 15, 9, 17, 20, 6, 9, 18, 2, 18, 5, 6, 2, 6, 16, 13, 10, 10, 10, 15, 10, 10, 17, 15, 15, 8, 3, 15, 8, 6, 9, 13, 17, 12, 19, 18, 7, 9, 2, 17, 20, 18, 14, 5, 1, 6, 2, 2, 6, 9, 4, 14, 5, 2, 1, 5, 1, 5, 10, 7, 7, 1, 7, 9, 11, 11, 11, 19, 4, 16, 13, 16, 11, 11, 14, 13, 1, 19, 4, 14, 16, 13, 10, 16, 1, 5, 11, 19, 4, 10, 14, 5, 14, 13, 12, 1, 5, 19, 4, 10, 14, 16, 18, 11, 13, 7, 15, 18, 10, 14, 4, 7, 1, 7, 9, 13, 1, 16, 16, 4, 14, 5, 16, 13, 16, 4, 13, 19, 19, 11, 11, 17, 11, 2, 20, 18, 18]
bestever    2451    in generation 86
[20, 12, 3, 20, 18, 18, 20, 12, 3, 17, 3, 6, 3, 12, 12, 15, 12, 3, 17, 17, 19, 8, 6, 15, 17, 12, 8, 15, 8, 9, 2, 6, 2, 8, 8, 20, 8, 3, 15, 20, 19, 9, 19, 3, 20, 17, 8, 8, 20, 3, 6, 7, 9, 4, 14, 7, 4, 7, 1, 2, 12, 12, 3, 5, 15, 9, 17, 20, 6, 9, 18, 2, 18, 5, 6, 2, 6, 16, 13, 10, 10, 10, 15, 10, 10, 17, 15, 15, 8, 3, 15, 8, 6, 9, 13, 17, 12, 19, 18, 7, 9, 2, 17, 20, 18, 14, 5, 1, 6, 2, 2, 6, 9, 4, 14, 5, 2, 1, 5, 1, 5, 10, 7, 7, 1, 7, 9, 11, 11, 11, 19, 4, 16, 13, 16, 11, 11, 14, 13, 1, 19, 4, 14, 16, 13, 10, 16, 1, 5, 11, 19, 4, 10, 14, 5, 14, 13, 12, 1, 5, 19, 4, 10, 14, 20, 18, 11, 13, 7, 15, 18, 10, 14, 4, 7, 1, 7, 9, 13, 1, 16, 16, 4, 14, 5, 16, 13, 16, 4, 13, 19, 19, 11, 11, 17, 11, 2, 16, 18, 18]
bestever    2433    in generation 99
[6, 8, 9, 2, 6, 8, 20, 20, 8, 15, 6, 15, 15, 19, 20, 3, 18, 18, 3, 17, 12, 17, 3, 12, 12, 12, 17, 17, 12, 3, 12, 3, 2, 8, 8, 20, 8, 3, 15, 20, 19, 9, 19, 3, 20, 17, 8, 8, 20, 3, 6, 7, 9, 4, 14, 7, 4, 7, 1, 2, 12, 12, 3, 5, 15, 9, 17, 20, 6, 9, 18, 2, 5, 6, 2, 6, 16, 13, 10, 10, 10, 15, 10, 10, 17, 15, 15, 8, 3, 15, 8, 6, 9, 13, 17, 12, 19, 7, 9, 2, 17, 20, 14, 5, 1, 6, 2, 2, 6, 9, 4, 14, 5, 2, 1, 5, 1, 5, 10, 7, 7, 1, 7, 9, 11, 11, 11, 19, 4, 16, 13, 16, 14, 1, 19, 4, 14, 16, 10, 1, 5, 11, 19, 10, 14, 5, 14, 12, 1, 5, 19, 10, 11, 18, 11, 18, 13, 4, 16, 18, 4, 13, 16, 14, 20, 18, 11, 13, 7, 15, 18, 10, 14, 4, 7, 1, 7, 9, 13, 1, 16, 4, 14, 5, 13, 16, 13, 16, 4, 13, 19, 19, 11, 11, 17, 11, 2, 16, 18, 18]
bestever    2430    in generation 114
[6, 8, 9, 2, 6, 8, 20, 20, 8, 15, 6, 15, 15, 19, 20, 3, 3, 17, 12, 17, 18, 18, 3, 12, 12, 12, 17, 17, 12, 3, 12, 3, 2, 8, 8, 20, 8, 3, 15, 20, 19, 9, 19, 3, 20, 17, 8, 8, 20, 3, 6, 7, 9, 4, 14, 7, 4, 7, 1, 2, 12, 12, 3, 5, 15, 9, 17, 20, 6, 9, 18, 2, 5, 6, 2, 6, 16, 13, 10, 10, 10, 15, 10, 10, 17, 15, 15, 8, 3, 15, 8, 6, 9, 13, 17, 12, 19, 7, 9, 2, 17, 20, 14, 5, 1, 6, 2, 2, 6, 9, 4, 14, 5, 2, 1, 5, 1, 5, 10, 7, 7, 1, 7, 9, 11, 11, 11, 19, 4, 16, 13, 16, 14, 1, 19, 4, 14, 16, 10, 1, 5, 11, 19, 10, 14, 5, 14, 12, 1, 5, 19, 10, 11, 18, 11, 18, 13, 4, 16, 18, 4, 13, 16, 14, 20, 18, 11, 13, 7, 15, 18, 10, 14, 4, 7, 1, 7, 9, 13, 1, 16, 4, 14, 5, 13, 16, 13, 16, 4, 13, 19, 19, 11, 11, 17, 11, 2, 16, 18, 18]
bestever    2410    in generation 118
[6, 8, 9, 2, 6, 8, 20, 20, 8, 15, 6, 15, 15, 19, 20, 3, 3, 17, 12, 17, 18, 3, 12, 12, 12, 17, 17, 12, 3, 18, 12, 3, 2, 8, 8, 20, 8, 3, 15, 20, 19, 9, 19, 3, 20, 17, 8, 8, 20, 3, 6, 7, 9, 4, 14, 7, 4, 7, 1, 2, 12, 12, 3, 5, 15, 9, 17, 20, 6, 9, 18, 2, 5, 6, 2, 6, 16, 13, 10, 10, 10, 15, 10, 10, 17, 15, 15, 8, 3, 15, 8, 6, 9, 13, 17, 12, 19, 7, 9, 2, 17, 20, 14, 5, 1, 6, 2, 2, 6, 9, 4, 14, 5, 2, 1, 5, 1, 5, 10, 7, 7, 1, 7, 9, 11, 11, 11, 19, 4, 16, 13, 16, 14, 1, 19, 4, 14, 16, 10, 1, 5, 11, 19, 10, 14, 5, 14, 12, 1, 5, 19, 10, 11, 18, 11, 18, 13, 4, 16, 18, 4, 13, 16, 14, 20, 18, 11, 13, 7, 15, 18, 10, 14, 4, 7, 1, 7, 9, 13, 1, 16, 4, 14, 5, 13, 16, 13, 16, 4, 13, 19, 19, 11, 11, 17, 11, 2, 16, 18, 18]
bestever    2361    in generation 129
[6, 8, 9, 2, 6, 8, 20, 20, 8, 15, 6, 15, 15, 19, 20, 3, 3, 17, 12, 17, 18, 3, 12, 12, 12, 17, 17, 12, 3, 12, 3, 2, 8, 8, 20, 8, 3, 15, 20, 19, 9, 19, 3, 20, 17, 8, 8, 20, 3, 6, 7, 9, 4, 14, 7, 4, 7, 1, 2, 12, 12, 3, 5, 15, 9, 17, 20, 6, 9, 2, 5, 6, 2, 6, 16, 10, 10, 10, 15, 10, 10, 17, 15, 15, 8, 3, 15, 8, 6, 9, 17, 12, 19, 7, 9, 2, 17, 20, 14, 5, 1, 6, 2, 2, 6, 9, 4, 14, 5, 2, 1, 5, 1, 5, 10, 7, 7, 1, 7, 9, 11, 19, 14, 1, 19, 14, 10, 1, 5, 19, 10, 14, 5, 12, 1, 5, 19, 11, 11, 16, 4, 13, 16, 18, 11, 13, 18, 14, 4, 13, 16, 10, 11, 18, 11, 18, 13, 4, 16, 18, 4, 13, 16, 14, 20, 18, 11, 13, 7, 15, 18, 10, 17, 2, 7, 9, 1, 19, 1, 5, 19, 16, 14, 4, 13, 16, 11, 11, 13, 4, 16, 4, 13, 16, 14, 18, 11, 13, 7, 18]
bestever    2338    in generation 135
[6, 8, 9, 2, 6, 8, 20, 20, 8, 15, 6, 15, 15, 19, 20, 3, 3, 17, 12, 17, 18, 3, 12, 12, 12, 17, 17, 12, 3, 12, 3, 2, 8, 8, 20, 8, 3, 15, 20, 19, 9, 19, 3, 20, 17, 8, 8, 20, 3, 6, 7, 9, 4, 14, 7, 4, 7, 1, 2, 12, 12, 3, 5, 15, 9, 17, 20, 6, 9, 2, 5, 6, 2, 6, 16, 10, 10, 10, 15, 10, 10, 17, 15, 15, 8, 3, 15, 8, 6, 9, 17, 12, 19, 7, 9, 2, 17, 20, 14, 5, 1, 6, 2, 2, 6, 9, 4, 14, 5, 2, 1, 5, 1, 5, 10, 7, 7, 1, 7, 9, 11, 19, 14, 1, 19, 14, 10, 1, 5, 19, 10, 14, 5, 12, 1, 5, 19, 11, 11, 16, 4, 13, 16, 18, 11, 13, 18, 14, 4, 13, 16, 10, 11, 18, 11, 18, 13, 4, 16, 18, 4, 13, 16, 14, 20, 18, 11, 13, 7, 15, 18, 10, 17, 2, 7, 9, 1, 19, 1, 5, 19, 16, 14, 4, 13, 11, 11, 13, 16, 4, 16, 4, 13, 16, 14, 18, 11, 13, 7, 18]
bestever    2329    in generation 136
[6, 8, 9, 2, 6, 8, 20, 20, 8, 15, 6, 15, 15, 19, 20, 3, 3, 17, 12, 17, 3, 12, 12, 12, 17, 17, 12, 3, 12, 3, 2, 8, 8, 20, 8, 3, 15, 20, 19, 9, 19, 3, 20, 17, 8, 8, 20, 3, 6, 7, 9, 4, 14, 7, 4, 7, 1, 2, 12, 12, 3, 5, 15, 9, 17, 20, 6, 9, 2, 5, 6, 2, 6, 16, 10, 10, 10, 15, 10, 10, 17, 15, 15, 8, 3, 15, 8, 6, 9, 17, 12, 19, 7, 9, 2, 17, 20, 14, 5, 1, 6, 2, 2, 9, 4, 14, 5, 2, 1, 5, 1, 5, 10, 7, 7, 1, 7, 9, 11, 19, 14, 1, 19, 14, 10, 1, 5, 19, 10, 14, 5, 12, 1, 5, 11, 7, 19, 11, 16, 4, 13, 16, 18, 11, 13, 18, 14, 4, 13, 16, 10, 11, 18, 11, 18, 13, 4, 16, 18, 4, 13, 16, 14, 20, 18, 11, 13, 15, 18, 10, 17, 2, 7, 9, 1, 19, 1, 5, 19, 16, 14, 4, 13, 16, 11, 11, 13, 4, 16, 4, 13, 16, 14, 18, 11, 13, 7, 18, 6, 18]
bestever    2325    in generation 137
[6, 8, 9, 2, 6, 8, 20, 20, 8, 15, 6, 15, 15, 19, 20, 3, 3, 17, 12, 17, 18, 3, 12, 12, 12, 17, 17, 12, 3, 12, 3, 2, 8, 8, 20, 8, 3, 15, 20, 19, 9, 19, 3, 20, 17, 8, 8, 20, 3, 6, 7, 9, 4, 14, 7, 4, 7, 1, 2, 12, 12, 3, 5, 15, 9, 17, 20, 6, 9, 2, 5, 6, 2, 6, 16, 10, 10, 10, 15, 10, 10, 17, 15, 15, 8, 3, 15, 8, 6, 9, 17, 12, 19, 7, 9, 2, 17, 20, 14, 5, 1, 6, 2, 2, 6, 9, 4, 14, 5, 2, 1, 5, 1, 5, 10, 7, 7, 1, 7, 9, 11, 19, 14, 1, 19, 14, 10, 1, 5, 19, 10, 14, 5, 12, 1, 5, 11, 11, 18, 13, 18, 19, 7, 16, 14, 4, 13, 16, 11, 16, 10, 11, 18, 11, 18, 13, 4, 16, 18, 4, 13, 16, 14, 20, 18, 11, 13, 15, 18, 10, 17, 2, 7, 9, 1, 19, 1, 5, 19, 16, 14, 4, 13, 16, 11, 11, 13, 4, 13, 4, 16, 4, 13, 16, 14, 18, 11, 13, 7, 18]
bestever    2323    in generation 162
[6, 8, 9, 2, 6, 8, 20, 20, 8, 15, 6, 15, 15, 19, 20, 3, 3, 17, 12, 17, 18, 3, 12, 12, 12, 17, 17, 12, 3, 12, 3, 2, 8, 8, 20, 8, 3, 15, 20, 19, 9, 19, 3, 20, 17, 8, 8, 20, 3, 6, 7, 9, 4, 14, 7, 4, 7, 1, 2, 12, 12, 3, 5, 15, 9, 17, 20, 6, 9, 2, 5, 6, 2, 6, 16, 10, 10, 10, 15, 10, 10, 17, 15, 15, 8, 3, 15, 8, 6, 9, 17, 12, 19, 7, 9, 2, 17, 20, 14, 5, 1, 6, 2, 2, 6, 9, 4, 14, 5, 2, 1, 5, 1, 5, 10, 7, 7, 1, 7, 9, 11, 19, 14, 1, 19, 14, 10, 1, 5, 19, 10, 14, 5, 12, 1, 5, 11, 11, 18, 13, 18, 19, 7, 16, 14, 4, 13, 16, 11, 16, 10, 11, 18, 11, 18, 13, 4, 16, 18, 4, 13, 16, 14, 20, 18, 11, 13, 15, 18, 10, 17, 2, 7, 9, 1, 19, 1, 5, 19, 16, 14, 4, 13, 16, 11, 11, 13, 4, 13, 4, 16, 18, 4, 13, 16, 14, 18, 11, 13, 7]
bestever    2283    in generation 165
[6, 8, 9, 2, 6, 8, 20, 9, 8, 15, 6, 15, 15, 19, 20, 3, 3, 17, 12, 17, 18, 3, 12, 12, 12, 17, 17, 12, 3, 12, 3, 2, 8, 8, 20, 8, 3, 15, 20, 19, 9, 19, 3, 20, 17, 8, 8, 20, 3, 6, 7, 9, 4, 14, 7, 4, 7, 1, 2, 12, 12, 3, 5, 15, 9, 17, 20, 6, 20, 2, 5, 6, 2, 6, 16, 10, 10, 10, 15, 10, 10, 17, 15, 15, 8, 3, 15, 8, 6, 9, 17, 12, 19, 7, 9, 2, 17, 20, 14, 5, 1, 6, 2, 2, 6, 9, 4, 14, 5, 2, 1, 5, 1, 5, 10, 7, 7, 1, 7, 9, 11, 19, 14, 1, 19, 14, 10, 1, 5, 19, 10, 14, 5, 12, 1, 5, 11, 11, 18, 13, 18, 19, 7, 16, 14, 4, 13, 16, 11, 16, 10, 11, 18, 11, 18, 13, 4, 16, 18, 4, 13, 16, 14, 20, 18, 11, 13, 15, 18, 10, 17, 2, 7, 9, 1, 19, 1, 5, 19, 16, 14, 4, 13, 16, 11, 11, 13, 4, 13, 4, 16, 18, 4, 13, 16, 14, 18, 11, 13, 7]
bestever    2281    in generation 180
[6, 8, 9, 2, 6, 8, 20, 9, 8, 15, 6, 15, 15, 19, 20, 3, 3, 8, 12, 17, 18, 3, 12, 12, 12, 17, 17, 12, 3, 12, 3, 2, 8, 8, 20, 8, 3, 15, 20, 19, 2, 19, 3, 20, 17, 8, 8, 20, 3, 6, 7, 9, 4, 14, 7, 4, 7, 1, 2, 12, 12, 3, 5, 15, 9, 17, 20, 6, 20, 2, 5, 6, 2, 6, 16, 10, 10, 10, 15, 10, 10, 17, 15, 15, 17, 3, 15, 8, 6, 9, 17, 12, 19, 7, 9, 2, 17, 20, 14, 5, 1, 6, 2, 2, 6, 9, 4, 14, 5, 9, 1, 5, 1, 5, 10, 7, 7, 1, 7, 9, 11, 19, 14, 1, 19, 14, 10, 1, 5, 19, 10, 14, 5, 12, 1, 5, 11, 11, 18, 13, 18, 19, 7, 16, 14, 4, 13, 16, 11, 16, 10, 11, 18, 11, 18, 13, 4, 16, 18, 4, 13, 16, 14, 20, 18, 11, 13, 15, 18, 10, 17, 2, 7, 9, 1, 19, 1, 5, 19, 16, 14, 4, 13, 16, 11, 11, 13, 4, 13, 4, 16, 18, 4, 13, 16, 14, 18, 11, 13, 7]
bestever    2278    in generation 189
[6, 8, 9, 2, 6, 8, 20, 9, 8, 15, 6, 15, 15, 19, 20, 3, 3, 8, 12, 17, 18, 3, 12, 12, 12, 17, 17, 12, 3, 12, 3, 2, 8, 8, 20, 8, 3, 15, 20, 19, 2, 19, 3, 20, 17, 8, 8, 20, 3, 6, 7, 9, 4, 14, 7, 4, 7, 1, 2, 12, 12, 3, 5, 15, 9, 5, 20, 6, 20, 2, 5, 6, 2, 6, 16, 10, 10, 10, 15, 10, 10, 17, 15, 15, 17, 3, 15, 8, 6, 9, 17, 12, 19, 7, 9, 2, 17, 20, 14, 5, 1, 6, 2, 2, 6, 9, 4, 14, 5, 9, 1, 5, 1, 5, 10, 7, 7, 1, 7, 9, 11, 19, 14, 1, 19, 14, 10, 1, 5, 19, 10, 14, 17, 12, 1, 5, 11, 11, 18, 13, 18, 19, 7, 16, 14, 4, 13, 16, 11, 16, 10, 11, 18, 11, 18, 13, 4, 16, 18, 4, 13, 16, 14, 20, 18, 11, 13, 15, 18, 10, 17, 2, 7, 9, 1, 19, 1, 5, 19, 16, 14, 4, 13, 16, 11, 11, 13, 4, 13, 4, 16, 18, 4, 13, 16, 14, 18, 11, 13, 7]
bestever    2270    in generation 204
[6, 8, 9, 2, 6, 8, 20, 9, 8, 15, 6, 15, 15, 19, 20, 3, 3, 8, 12, 17, 18, 3, 12, 12, 12, 17, 17, 12, 3, 12, 3, 2, 8, 8, 20, 8, 3, 15, 20, 19, 2, 19, 3, 20, 17, 8, 8, 20, 3, 6, 7, 9, 4, 14, 7, 4, 7, 1, 2, 12, 12, 3, 5, 15, 9, 5, 20, 6, 20, 2, 5, 6, 2, 6, 16, 10, 10, 10, 15, 10, 10, 17, 15, 15, 17, 3, 15, 6, 9, 17, 12, 19, 7, 9, 2, 17, 20, 14, 5, 1, 6, 2, 2, 9, 4, 14, 5, 9, 1, 5, 1, 5, 10, 7, 7, 1, 7, 9, 11, 19, 14, 1, 19, 14, 10, 1, 5, 19, 10, 14, 17, 12, 1, 5, 11, 11, 18, 13, 18, 19, 7, 16, 14, 4, 13, 16, 11, 16, 10, 11, 18, 11, 18, 13, 4, 16, 18, 4, 20, 18, 15, 10, 17, 7, 9, 1, 19, 1, 5, 19, 14, 11, 13, 13, 16, 18, 14, 4, 13, 16, 11, 13, 4, 16, 11, 8, 2, 6, 13, 4, 16, 18, 4, 13, 16, 14, 18, 11, 13, 7]
bestever    2254    in generation 213
[6, 8, 9, 2, 6, 8, 20, 9, 8, 15, 6, 15, 15, 19, 20, 3, 3, 8, 12, 17, 18, 3, 12, 12, 12, 17, 17, 12, 3, 12, 3, 2, 8, 8, 20, 8, 3, 15, 20, 19, 2, 19, 3, 20, 17, 8, 8, 20, 3, 6, 7, 9, 4, 14, 7, 7, 1, 2, 12, 12, 3, 5, 15, 9, 5, 20, 6, 20, 2, 5, 6, 2, 6, 16, 10, 10, 10, 15, 10, 10, 17, 15, 15, 17, 3, 15, 6, 9, 17, 12, 19, 7, 9, 2, 17, 20, 14, 5, 1, 6, 2, 2, 9, 4, 14, 5, 9, 1, 5, 1, 5, 10, 7, 7, 1, 7, 9, 11, 19, 14, 1, 19, 14, 10, 1, 5, 19, 10, 14, 17, 12, 1, 11, 11, 18, 13, 18, 16, 14, 4, 13, 16, 11, 16, 10, 11, 11, 18, 13, 4, 16, 18, 4, 18, 7, 4, 20, 18, 15, 10, 17, 7, 9, 1, 19, 1, 5, 19, 5, 19, 14, 11, 13, 13, 16, 18, 14, 4, 13, 16, 11, 13, 4, 16, 11, 8, 2, 6, 13, 4, 16, 18, 4, 13, 16, 14, 18, 11, 13, 7]
bestever    2181    in generation 240
[6, 8, 9, 2, 6, 8, 20, 9, 8, 15, 6, 15, 15, 19, 20, 3, 3, 8, 12, 17, 18, 3, 12, 12, 12, 17, 17, 12, 3, 12, 3, 2, 8, 8, 20, 8, 3, 15, 20, 19, 2, 19, 3, 20, 17, 8, 8, 20, 3, 6, 7, 9, 4, 14, 7, 7, 16, 2, 12, 12, 3, 5, 15, 9, 5, 20, 6, 20, 2, 5, 6, 2, 6, 16, 10, 10, 10, 15, 10, 10, 17, 15, 15, 17, 3, 15, 6, 9, 17, 12, 19, 7, 9, 2, 17, 20, 14, 5, 1, 6, 2, 2, 9, 4, 14, 5, 9, 1, 5, 1, 5, 10, 7, 7, 1, 7, 9, 11, 19, 14, 1, 19, 14, 10, 1, 5, 19, 10, 14, 17, 12, 1, 11, 11, 18, 13, 18, 16, 14, 4, 13, 16, 11, 16, 10, 11, 11, 18, 13, 4, 16, 18, 4, 18, 7, 4, 20, 18, 15, 10, 17, 7, 9, 1, 19, 1, 5, 19, 5, 19, 14, 11, 13, 13, 16, 18, 14, 4, 13, 1, 11, 13, 4, 16, 11, 8, 2, 6, 13, 4, 16, 18, 4, 13, 16, 14, 18, 11, 13, 7]
bestever    2163    in generation 248
[6, 8, 9, 2, 6, 8, 20, 9, 8, 15, 6, 15, 15, 19, 20, 3, 3, 8, 12, 17, 18, 3, 12, 12, 12, 17, 17, 12, 3, 12, 3, 2, 8, 8, 20, 8, 3, 15, 20, 19, 2, 3, 20, 17, 8, 8, 20, 3, 6, 7, 9, 4, 7, 7, 16, 2, 12, 12, 3, 5, 15, 9, 5, 20, 6, 20, 2, 5, 6, 2, 6, 16, 10, 10, 10, 15, 10, 17, 15, 15, 17, 3, 15, 6, 9, 17, 12, 7, 9, 2, 17, 20, 5, 1, 6, 2, 2, 9, 4, 14, 5, 9, 1, 5, 7, 7, 1, 7, 9, 11, 19, 14, 1, 19, 14, 10, 1, 5, 19, 10, 14, 19, 14, 10, 1, 5, 19, 10, 14, 17, 12, 1, 11, 11, 18, 13, 18, 16, 14, 4, 13, 16, 11, 16, 10, 11, 11, 18, 13, 4, 16, 18, 4, 18, 7, 4, 20, 18, 15, 10, 17, 7, 9, 1, 19, 1, 5, 19, 5, 19, 14, 11, 13, 13, 16, 18, 14, 4, 13, 1, 11, 13, 4, 16, 11, 8, 2, 6, 13, 4, 16, 18, 4, 13, 16, 14, 18, 11, 13, 7]
bestever    2162    in generation 313
[6, 8, 9, 2, 6, 8, 20, 9, 8, 15, 6, 15, 15, 19, 20, 3, 3, 8, 12, 17, 18, 3, 12, 12, 12, 17, 17, 12, 3, 12, 3, 2, 8, 8, 20, 8, 3, 15, 20, 19, 2, 3, 20, 17, 8, 8, 20, 3, 6, 7, 9, 4, 7, 7, 16, 2, 12, 12, 3, 5, 15, 9, 5, 20, 6, 20, 2, 5, 6, 2, 6, 16, 10, 10, 10, 15, 10, 17, 15, 15, 17, 3, 15, 6, 9, 17, 12, 7, 9, 2, 17, 20, 5, 1, 6, 2, 2, 9, 4, 14, 5, 9, 1, 5, 7, 7, 1, 7, 9, 11, 19, 14, 1, 19, 14, 10, 1, 5, 19, 10, 14, 19, 14, 10, 1, 5, 19, 10, 14, 17, 12, 1, 11, 11, 18, 13, 18, 16, 14, 4, 13, 16, 11, 16, 10, 11, 11, 18, 13, 4, 18, 4, 18, 7, 20, 15, 10, 17, 7, 9, 1, 19, 1, 5, 19, 5, 19, 14, 13, 11, 13, 4, 16, 18, 16, 18, 14, 4, 13, 1, 11, 13, 4, 16, 11, 8, 2, 6, 13, 4, 16, 18, 4, 13, 16, 14, 18, 11, 13, 7]
bestever    2158    in generation 314
[6, 8, 9, 2, 6, 8, 20, 9, 8, 15, 6, 15, 15, 19, 20, 3, 3, 8, 12, 17, 18, 3, 12, 12, 12, 17, 17, 12, 3, 12, 3, 2, 8, 8, 20, 8, 3, 15, 20, 19, 2, 3, 20, 17, 8, 8, 20, 3, 6, 7, 9, 4, 7, 7, 16, 2, 12, 12, 3, 5, 15, 9, 5, 20, 6, 20, 2, 5, 6, 2, 6, 16, 10, 10, 10, 15, 10, 17, 15, 15, 17, 3, 15, 6, 9, 17, 12, 7, 9, 2, 17, 20, 5, 1, 6, 2, 2, 9, 4, 14, 5, 9, 1, 5, 7, 7, 1, 7, 9, 11, 19, 14, 1, 19, 14, 10, 1, 5, 19, 10, 14, 19, 14, 10, 1, 5, 19, 10, 14, 17, 12, 1, 11, 11, 18, 13, 18, 16, 4, 11, 16, 10, 18, 18, 7, 16, 18, 14, 13, 4, 16, 11, 11, 13, 4, 4, 20, 18, 15, 10, 17, 7, 9, 1, 19, 1, 5, 19, 5, 19, 14, 11, 13, 13, 16, 18, 14, 4, 13, 1, 11, 13, 4, 16, 11, 8, 2, 6, 13, 4, 16, 18, 4, 13, 16, 14, 18, 11, 13, 7]
bestever    2152    in generation 354
[8, 9, 2, 6, 8, 20, 9, 8, 15, 6, 15, 15, 19, 20, 3, 3, 8, 12, 17, 18, 3, 12, 12, 12, 17, 17, 12, 3, 12, 3, 2, 8, 8, 20, 8, 3, 15, 20, 19, 2, 3, 20, 17, 8, 8, 20, 3, 6, 7, 9, 7, 16, 2, 12, 12, 3, 5, 15, 9, 5, 20, 6, 20, 2, 5, 7, 6, 2, 6, 16, 10, 10, 10, 15, 10, 17, 15, 15, 17, 3, 15, 6, 9, 17, 12, 7, 9, 2, 17, 20, 5, 1, 6, 2, 2, 9, 14, 5, 9, 1, 5, 7, 7, 1, 7, 9, 19, 14, 1, 19, 14, 10, 1, 5, 19, 10, 14, 19, 14, 10, 1, 5, 19, 10, 14, 17, 12, 1, 11, 18, 13, 18, 16, 4, 11, 16, 10, 18, 7, 16, 18, 14, 13, 4, 16, 11, 11, 13, 4, 4, 18, 11, 11, 13, 4, 4, 20, 18, 15, 10, 17, 7, 9, 1, 19, 1, 5, 19, 5, 19, 14, 11, 13, 13, 16, 18, 14, 4, 1, 11, 13, 4, 16, 11, 8, 2, 6, 13, 4, 16, 18, 4, 13, 16, 14, 18, 11, 13, 7, 6]
bestever    2141    in generation 392
[8, 9, 2, 6, 8, 20, 9, 8, 15, 6, 15, 15, 19, 20, 3, 3, 8, 12, 17, 18, 3, 12, 12, 12, 17, 17, 12, 3, 12, 3, 2, 8, 8, 20, 8, 3, 15, 20, 19, 2, 3, 20, 17, 8, 8, 20, 3, 6, 7, 9, 7, 16, 2, 12, 12, 3, 5, 15, 9, 5, 20, 6, 20, 2, 5, 7, 6, 2, 6, 16, 10, 10, 10, 15, 10, 17, 15, 15, 17, 3, 15, 6, 9, 17, 12, 7, 9, 2, 17, 20, 5, 1, 6, 2, 2, 14, 5, 9, 1, 7, 7, 1, 7, 9, 19, 14, 1, 14, 10, 1, 5, 19, 10, 14, 19, 14, 10, 1, 5, 19, 10, 14, 17, 12, 1, 11, 18, 13, 18, 16, 4, 11, 16, 9, 19, 5, 10, 18, 7, 16, 18, 14, 13, 4, 16, 11, 11, 13, 4, 4, 18, 11, 11, 13, 4, 4, 20, 18, 15, 10, 17, 7, 9, 1, 19, 1, 5, 19, 5, 19, 14, 11, 13, 13, 16, 18, 14, 4, 1, 11, 13, 4, 16, 11, 8, 2, 6, 13, 4, 16, 18, 4, 13, 16, 14, 18, 11, 13, 7, 6]
bestever    2123    in generation 400
[8, 9, 2, 6, 8, 20, 9, 8, 15, 6, 15, 15, 19, 20, 3, 3, 8, 12, 17, 18, 3, 12, 12, 12, 17, 17, 12, 3, 12, 3, 2, 8, 8, 20, 8, 3, 15, 20, 2, 3, 20, 17, 8, 8, 20, 3, 6, 7, 9, 7, 16, 2, 12, 12, 3, 5, 15, 9, 5, 20, 6, 20, 2, 5, 7, 6, 2, 6, 16, 10, 10, 10, 15, 10, 17, 15, 15, 17, 3, 15, 6, 9, 17, 12, 7, 9, 2, 17, 20, 1, 6, 2, 2, 14, 5, 9, 1, 7, 7, 1, 7, 9, 19, 14, 1, 14, 10, 1, 5, 19, 10, 14, 19, 14, 10, 1, 5, 19, 5, 19, 10, 14, 17, 12, 1, 11, 18, 13, 18, 16, 4, 11, 16, 9, 19, 5, 10, 18, 7, 16, 18, 14, 13, 4, 16, 11, 11, 13, 4, 4, 18, 11, 11, 13, 4, 4, 20, 18, 15, 10, 17, 7, 9, 1, 19, 1, 5, 19, 5, 19, 14, 11, 13, 13, 16, 18, 14, 4, 1, 11, 13, 4, 16, 11, 8, 2, 6, 13, 4, 16, 18, 4, 13, 16, 14, 18, 11, 13, 7, 6]
bestever    2121    in generation 476
[8, 2, 6, 8, 20, 9, 8, 15, 6, 15, 15, 19, 20, 3, 3, 8, 12, 17, 18, 3, 12, 12, 12, 17, 17, 12, 3, 12, 3, 2, 8, 8, 20, 8, 3, 15, 20, 3, 20, 17, 8, 8, 20, 3, 6, 7, 9, 7, 16, 2, 12, 12, 3, 5, 15, 9, 5, 20, 6, 2, 5, 7, 6, 2, 6, 16, 10, 10, 10, 15, 10, 17, 15, 15, 3, 15, 6, 9, 17, 12, 7, 9, 2, 17, 20, 9, 2, 17, 20, 1, 2, 2, 14, 5, 9, 1, 7, 7, 1, 7, 9, 19, 14, 1, 14, 10, 1, 5, 19, 10, 14, 19, 14, 10, 1, 5, 19, 5, 19, 10, 14, 17, 12, 1, 11, 18, 13, 18, 16, 4, 11, 16, 9, 19, 5, 10, 18, 7, 16, 18, 14, 13, 4, 16, 11, 11, 13, 4, 4, 18, 11, 11, 13, 4, 4, 20, 18, 15, 10, 17, 7, 9, 1, 19, 1, 5, 19, 5, 19, 14, 11, 13, 16, 14, 4, 1, 11, 13, 11, 6, 13, 4, 16, 18, 8, 2, 6, 13, 4, 16, 18, 4, 13, 16, 14, 18, 11, 13, 7, 6]
bestever    2116    in generation 551
[8, 2, 6, 8, 20, 9, 8, 15, 6, 15, 15, 19, 20, 3, 3, 8, 12, 17, 18, 3, 12, 12, 12, 17, 17, 12, 3, 12, 3, 2, 8, 8, 20, 8, 3, 15, 20, 3, 20, 17, 8, 20, 3, 6, 7, 9, 7, 16, 2, 12, 12, 3, 5, 15, 9, 5, 20, 6, 2, 5, 7, 6, 2, 6, 16, 10, 10, 10, 15, 10, 17, 15, 15, 3, 15, 6, 9, 17, 12, 7, 9, 2, 17, 20, 9, 2, 17, 8, 20, 1, 2, 2, 14, 5, 9, 1, 7, 7, 1, 7, 9, 19, 14, 1, 14, 10, 1, 5, 19, 10, 14, 19, 14, 10, 1, 5, 19, 5, 19, 10, 14, 17, 12, 1, 11, 18, 13, 18, 16, 4, 11, 16, 9, 19, 5, 10, 18, 7, 16, 18, 14, 13, 4, 16, 11, 11, 13, 4, 4, 18, 11, 11, 13, 4, 4, 20, 15, 10, 17, 7, 9, 1, 19, 1, 5, 19, 5, 19, 14, 11, 14, 4, 1, 11, 11, 13, 6, 13, 16, 18, 13, 4, 16, 18, 8, 2, 6, 13, 4, 16, 18, 4, 13, 16, 14, 18, 11, 13, 7, 6]
bestever    2112    in generation 609
[8, 2, 6, 8, 20, 9, 8, 15, 6, 15, 15, 19, 20, 3, 3, 8, 12, 17, 18, 3, 12, 12, 12, 17, 17, 12, 3, 12, 3, 2, 8, 8, 20, 8, 3, 15, 20, 3, 20, 17, 8, 20, 3, 6, 7, 9, 7, 16, 2, 12, 12, 3, 5, 15, 9, 5, 20, 6, 2, 5, 7, 6, 2, 6, 16, 10, 10, 10, 15, 10, 17, 15, 15, 3, 15, 9, 17, 12, 7, 9, 2, 17, 20, 9, 2, 17, 8, 20, 1, 2, 2, 14, 5, 9, 1, 7, 7, 1, 9, 19, 14, 1, 7, 6, 14, 10, 1, 5, 19, 10, 14, 14, 10, 1, 19, 5, 19, 14, 17, 12, 1, 11, 18, 13, 18, 16, 4, 11, 16, 9, 19, 5, 10, 19, 5, 10, 18, 7, 16, 18, 14, 13, 4, 16, 11, 11, 13, 4, 4, 18, 11, 11, 13, 4, 4, 20, 15, 10, 17, 7, 9, 1, 19, 1, 5, 19, 5, 19, 14, 11, 14, 4, 1, 11, 11, 13, 6, 13, 16, 18, 13, 4, 16, 18, 8, 2, 6, 4, 16, 13, 18, 4, 13, 16, 14, 18, 11, 13, 7, 6]
bestever    2110    in generation 614
[8, 2, 6, 8, 20, 9, 8, 15, 6, 15, 15, 19, 20, 3, 3, 8, 12, 17, 12, 3, 12, 12, 12, 17, 17, 12, 3, 12, 3, 2, 8, 8, 20, 8, 3, 15, 20, 3, 20, 17, 8, 20, 3, 6, 7, 9, 7, 16, 2, 12, 18, 3, 5, 15, 9, 5, 20, 6, 2, 5, 7, 6, 2, 6, 16, 10, 10, 10, 15, 10, 17, 15, 15, 3, 15, 9, 17, 12, 7, 9, 2, 17, 20, 9, 2, 17, 8, 20, 1, 2, 2, 14, 5, 9, 1, 7, 7, 1, 9, 19, 14, 1, 14, 10, 1, 5, 7, 6, 19, 10, 14, 14, 10, 1, 19, 5, 19, 14, 17, 12, 1, 11, 18, 13, 18, 16, 4, 11, 16, 9, 19, 5, 10, 19, 5, 10, 18, 7, 16, 14, 13, 4, 16, 11, 11, 13, 4, 4, 11, 11, 13, 4, 4, 20, 15, 10, 17, 7, 9, 1, 19, 1, 5, 19, 5, 19, 14, 11, 14, 1, 11, 11, 18, 13, 18, 6, 4, 16, 13, 18, 13, 4, 16, 18, 8, 2, 6, 4, 16, 13, 18, 4, 13, 16, 14, 18, 11, 13, 7, 6]
bestever    2085    in generation 660
[12, 3, 12, 17, 17, 3, 12, 3, 2, 8, 8, 20, 8, 15, 20, 17, 8, 6, 9, 15, 6, 15, 19, 18, 7, 12, 3, 12, 3, 2, 8, 8, 20, 8, 3, 15, 20, 3, 20, 17, 8, 20, 3, 6, 7, 9, 7, 16, 2, 12, 18, 3, 5, 15, 9, 5, 20, 6, 2, 5, 7, 6, 2, 6, 16, 10, 10, 10, 15, 10, 17, 13, 15, 3, 15, 9, 17, 12, 7, 9, 2, 17, 20, 9, 2, 17, 8, 20, 1, 2, 2, 14, 5, 9, 1, 7, 7, 1, 9, 19, 14, 1, 14, 10, 1, 5, 7, 6, 19, 10, 14, 14, 10, 1, 19, 5, 19, 14, 17, 12, 1, 11, 18, 15, 16, 4, 6, 11, 16, 9, 19, 5, 10, 19, 5, 10, 18, 7, 16, 14, 13, 4, 16, 11, 11, 13, 4, 4, 11, 11, 13, 4, 4, 20, 15, 10, 17, 7, 9, 1, 19, 1, 5, 19, 5, 19, 14, 11, 14, 1, 11, 11, 18, 13, 18, 6, 4, 16, 13, 18, 13, 4, 16, 18, 8, 2, 6, 4, 16, 13, 18, 4, 13, 16, 14, 18, 11, 13, 12, 12]
bestever    2058    in generation 663
[12, 3, 12, 17, 17, 3, 12, 3, 2, 8, 8, 20, 8, 15, 20, 17, 8, 6, 9, 15, 6, 15, 19, 18, 7, 12, 3, 12, 3, 2, 8, 8, 20, 8, 3, 15, 20, 3, 20, 17, 8, 20, 3, 6, 7, 9, 7, 16, 2, 12, 18, 3, 5, 15, 9, 5, 20, 6, 2, 5, 7, 6, 2, 6, 16, 10, 10, 10, 15, 10, 17, 13, 15, 3, 15, 9, 17, 12, 7, 9, 2, 17, 20, 9, 2, 17, 8, 20, 1, 2, 2, 14, 5, 9, 1, 7, 7, 1, 9, 19, 14, 1, 14, 10, 1, 5, 7, 19, 10, 14, 14, 10, 1, 19, 5, 19, 14, 17, 12, 1, 11, 15, 16, 4, 6, 11, 16, 9, 19, 5, 10, 19, 5, 10, 7, 13, 4, 11, 11, 4, 4, 11, 11, 20, 15, 10, 17, 7, 9, 1, 19, 14, 6, 4, 16, 13, 18, 13, 4, 16, 18, 1, 5, 19, 5, 19, 14, 11, 14, 1, 11, 11, 18, 13, 18, 6, 4, 16, 13, 18, 13, 4, 16, 18, 8, 2, 6, 4, 16, 13, 18, 4, 13, 16, 14, 18, 11, 13, 12, 12]
bestever    2047    in generation 664
[12, 3, 12, 17, 17, 3, 12, 3, 2, 8, 8, 20, 8, 15, 20, 17, 8, 6, 9, 15, 6, 15, 19, 7, 12, 3, 12, 3, 2, 8, 8, 20, 8, 3, 15, 20, 3, 20, 17, 8, 20, 3, 6, 7, 9, 7, 16, 2, 12, 3, 5, 15, 9, 5, 20, 6, 2, 5, 7, 6, 2, 6, 16, 10, 10, 10, 15, 10, 17, 13, 15, 3, 15, 9, 17, 12, 7, 9, 2, 17, 20, 9, 2, 17, 8, 20, 1, 2, 2, 14, 5, 9, 1, 7, 7, 1, 9, 19, 14, 1, 14, 10, 1, 5, 7, 19, 10, 14, 14, 10, 1, 19, 5, 19, 14, 17, 12, 1, 11, 18, 15, 16, 4, 6, 11, 9, 19, 5, 10, 19, 5, 10, 18, 7, 16, 14, 4, 16, 11, 11, 4, 11, 11, 13, 4, 4, 20, 15, 10, 17, 7, 9, 1, 19, 1, 5, 19, 5, 19, 14, 18, 13, 18, 6, 4, 16, 13, 11, 14, 1, 11, 11, 18, 13, 18, 6, 4, 16, 13, 18, 13, 4, 16, 18, 8, 2, 6, 4, 16, 13, 18, 4, 13, 16, 14, 18, 11, 13, 12, 12]
bestever    2012    in generation 746
[12, 3, 12, 17, 17, 3, 12, 3, 2, 8, 8, 20, 8, 15, 20, 17, 8, 6, 9, 15, 6, 5, 19, 7, 12, 3, 12, 3, 2, 8, 8, 20, 8, 3, 15, 20, 3, 20, 17, 8, 20, 3, 6, 7, 9, 7, 16, 2, 12, 3, 15, 15, 9, 5, 20, 6, 2, 5, 7, 6, 2, 6, 16, 10, 10, 10, 15, 10, 17, 15, 3, 15, 9, 17, 12, 7, 9, 2, 17, 20, 9, 2, 17, 8, 20, 1, 2, 2, 14, 5, 9, 1, 7, 7, 1, 9, 19, 14, 1, 14, 10, 1, 5, 7, 19, 10, 14, 14, 10, 1, 19, 5, 19, 14, 17, 12, 1, 11, 18, 13, 15, 16, 4, 6, 11, 9, 19, 5, 10, 19, 5, 10, 18, 7, 16, 14, 4, 16, 11, 11, 4, 11, 4, 4, 20, 15, 10, 17, 7, 9, 1, 11, 13, 19, 1, 5, 19, 5, 19, 14, 18, 13, 18, 6, 4, 16, 13, 11, 14, 1, 11, 11, 18, 13, 18, 6, 4, 16, 13, 18, 13, 4, 16, 18, 8, 2, 6, 4, 16, 13, 18, 4, 13, 16, 14, 18, 11, 13, 12, 12]
bestever    2011    in generation 888
[12, 3, 12, 17, 17, 3, 12, 3, 2, 8, 8, 20, 8, 15, 20, 17, 8, 6, 9, 15, 6, 5, 19, 7, 12, 3, 12, 3, 2, 8, 8, 20, 8, 3, 15, 20, 3, 20, 17, 8, 20, 3, 6, 7, 9, 7, 16, 2, 12, 3, 15, 15, 9, 5, 20, 6, 2, 5, 7, 6, 2, 6, 16, 10, 10, 10, 15, 10, 17, 15, 3, 15, 9, 17, 12, 8, 7, 9, 2, 17, 20, 9, 2, 17, 8, 20, 1, 2, 2, 14, 5, 9, 1, 7, 7, 1, 9, 19, 14, 1, 14, 10, 1, 5, 7, 19, 10, 14, 14, 10, 1, 19, 5, 19, 17, 12, 1, 11, 15, 4, 6, 9, 19, 14, 11, 16, 18, 13, 5, 10, 19, 5, 10, 18, 7, 16, 14, 4, 16, 11, 11, 4, 11, 4, 4, 20, 18, 15, 10, 17, 7, 9, 1, 11, 13, 19, 1, 5, 19, 5, 19, 14, 13, 18, 6, 4, 16, 13, 11, 14, 1, 11, 11, 18, 13, 18, 6, 4, 16, 13, 18, 13, 4, 16, 18, 2, 6, 4, 16, 13, 18, 4, 13, 16, 14, 18, 11, 13, 12, 12]
bestever    2010    in generation 893
[12, 3, 12, 17, 17, 3, 12, 3, 2, 8, 8, 20, 8, 15, 20, 17, 8, 6, 9, 15, 6, 5, 19, 7, 12, 3, 12, 3, 2, 8, 8, 20, 8, 3, 15, 20, 3, 20, 17, 8, 20, 3, 6, 7, 9, 7, 16, 2, 12, 3, 15, 15, 9, 5, 20, 6, 2, 5, 7, 6, 2, 6, 16, 10, 10, 10, 15, 10, 17, 15, 3, 15, 9, 17, 8, 7, 9, 2, 17, 20, 9, 2, 17, 8, 20, 1, 2, 2, 14, 5, 9, 1, 7, 7, 1, 9, 19, 14, 1, 14, 10, 1, 5, 7, 19, 10, 12, 14, 14, 10, 1, 19, 5, 19, 17, 12, 1, 11, 15, 4, 6, 9, 19, 14, 11, 16, 18, 13, 5, 10, 19, 5, 10, 18, 7, 16, 14, 4, 16, 11, 11, 4, 11, 4, 4, 20, 18, 15, 10, 17, 7, 9, 1, 11, 13, 19, 1, 5, 19, 5, 19, 14, 13, 18, 6, 4, 16, 13, 11, 14, 1, 11, 11, 18, 13, 18, 6, 4, 16, 13, 18, 13, 4, 16, 18, 2, 6, 4, 16, 13, 18, 4, 13, 16, 14, 18, 11, 13, 12, 12]
bestever    2009    in generation 945
[12, 3, 12, 17, 17, 3, 12, 3, 2, 8, 8, 20, 8, 15, 20, 17, 8, 6, 9, 15, 6, 5, 19, 7, 12, 3, 12, 3, 2, 8, 8, 20, 8, 3, 15, 20, 3, 20, 17, 8, 20, 3, 6, 7, 9, 7, 16, 2, 12, 3, 15, 15, 9, 5, 20, 6, 2, 5, 7, 6, 2, 6, 16, 10, 10, 10, 15, 10, 17, 15, 3, 15, 9, 17, 8, 7, 9, 2, 17, 20, 9, 2, 17, 14, 20, 1, 2, 2, 14, 5, 9, 1, 7, 7, 1, 9, 19, 8, 1, 14, 10, 1, 5, 7, 19, 10, 12, 14, 14, 10, 1, 19, 5, 19, 17, 12, 1, 11, 15, 4, 6, 9, 19, 14, 11, 16, 18, 13, 5, 10, 19, 5, 10, 18, 7, 16, 14, 4, 16, 11, 11, 4, 11, 4, 4, 20, 18, 15, 10, 17, 7, 9, 1, 11, 13, 19, 1, 5, 19, 5, 19, 14, 13, 6, 4, 16, 13, 14, 1, 18, 11, 11, 11, 18, 13, 18, 6, 4, 16, 18, 13, 4, 2, 16, 13, 18, 6, 4, 16, 13, 18, 4, 13, 16, 14, 18, 11, 13, 12, 12]
bestever    2007    in generation 980
[12, 3, 12, 17, 17, 3, 12, 3, 2, 8, 8, 20, 8, 15, 20, 17, 8, 6, 9, 15, 6, 5, 19, 7, 12, 3, 12, 3, 2, 8, 8, 20, 8, 3, 15, 20, 3, 20, 17, 8, 20, 3, 6, 7, 9, 7, 16, 2, 12, 3, 15, 15, 9, 5, 20, 6, 2, 5, 7, 6, 2, 6, 16, 10, 10, 10, 15, 10, 17, 15, 3, 15, 9, 17, 8, 7, 9, 2, 17, 20, 9, 2, 17, 14, 20, 1, 2, 2, 14, 5, 9, 1, 7, 7, 1, 9, 19, 8, 1, 14, 10, 1, 5, 7, 19, 10, 12, 14, 14, 10, 1, 19, 5, 19, 17, 1, 11, 15, 4, 6, 9, 19, 14, 11, 16, 18, 5, 10, 19, 5, 10, 18, 7, 16, 4, 11, 11, 4, 11, 4, 4, 20, 15, 10, 17, 7, 9, 1, 19, 1, 5, 19, 5, 19, 14, 11, 13, 16, 13, 18, 14, 13, 6, 4, 16, 13, 14, 1, 18, 11, 11, 11, 18, 13, 18, 6, 4, 16, 18, 13, 4, 2, 16, 13, 18, 6, 4, 16, 13, 18, 4, 13, 16, 12, 14, 18, 11, 13, 12, 12]
bestever    2003    in generation 1058
[12, 3, 12, 17, 17, 3, 12, 3, 2, 8, 8, 20, 8, 15, 20, 17, 8, 6, 9, 15, 6, 5, 19, 7, 12, 3, 12, 3, 2, 8, 8, 20, 8, 3, 15, 20, 3, 20, 17, 8, 3, 6, 7, 9, 7, 20, 2, 12, 3, 15, 15, 9, 5, 20, 6, 2, 5, 7, 6, 2, 6, 10, 10, 10, 15, 10, 17, 15, 3, 15, 9, 17, 8, 7, 9, 2, 17, 20, 9, 2, 17, 14, 20, 1, 2, 2, 14, 5, 9, 1, 7, 7, 1, 9, 19, 8, 1, 14, 10, 1, 5, 7, 19, 10, 12, 14, 14, 10, 1, 19, 5, 19, 17, 1, 11, 15, 4, 9, 19, 11, 16, 5, 10, 19, 5, 10, 7, 16, 4, 11, 11, 4, 20, 15, 10, 17, 7, 16, 4, 16, 14, 11, 18, 18, 6, 4, 9, 1, 19, 1, 5, 19, 5, 19, 14, 11, 13, 16, 13, 18, 14, 13, 6, 4, 16, 13, 14, 1, 18, 11, 11, 11, 18, 13, 18, 6, 4, 16, 18, 13, 4, 2, 16, 13, 18, 6, 4, 16, 13, 18, 4, 13, 16, 12, 14, 18, 11, 13, 12, 12]
bestever    2001    in generation 1183
[12, 3, 12, 17, 17, 3, 12, 3, 2, 8, 8, 20, 8, 15, 20, 17, 8, 6, 9, 15, 6, 5, 19, 7, 12, 3, 12, 3, 2, 8, 8, 20, 8, 3, 17, 15, 20, 3, 20, 17, 8, 3, 6, 7, 9, 7, 20, 2, 12, 3, 15, 15, 9, 5, 20, 6, 2, 5, 7, 6, 2, 6, 10, 10, 10, 15, 10, 17, 15, 3, 15, 9, 17, 8, 7, 9, 2, 17, 20, 9, 2, 17, 14, 20, 1, 2, 2, 14, 5, 9, 1, 7, 7, 1, 9, 19, 1, 14, 10, 1, 5, 7, 19, 10, 12, 14, 14, 10, 1, 19, 5, 19, 1, 11, 15, 4, 9, 19, 11, 16, 5, 10, 4, 5, 10, 7, 16, 19, 11, 11, 4, 20, 15, 10, 17, 7, 16, 4, 16, 14, 11, 18, 18, 6, 4, 9, 1, 19, 1, 5, 19, 5, 19, 14, 11, 13, 16, 13, 18, 14, 13, 6, 16, 13, 14, 1, 18, 11, 11, 11, 6, 4, 18, 4, 16, 18, 4, 2, 13, 16, 13, 18, 8, 13, 18, 6, 4, 16, 13, 18, 4, 13, 16, 12, 14, 18, 11, 13, 12, 12]
bestever    2000    in generation 1213
[12, 3, 12, 17, 17, 3, 12, 3, 2, 8, 8, 20, 8, 15, 20, 17, 8, 6, 9, 15, 6, 5, 19, 7, 12, 3, 12, 3, 2, 8, 8, 20, 8, 3, 17, 15, 20, 3, 20, 17, 8, 3, 6, 7, 9, 7, 20, 2, 12, 3, 15, 15, 9, 5, 20, 6, 2, 5, 7, 6, 2, 6, 10, 10, 10, 15, 10, 17, 15, 3, 15, 9, 17, 8, 7, 9, 2, 17, 20, 9, 2, 17, 14, 20, 1, 2, 2, 14, 5, 9, 1, 7, 7, 1, 9, 19, 1, 14, 10, 1, 5, 7, 19, 10, 12, 14, 14, 10, 1, 19, 5, 19, 1, 11, 15, 4, 9, 19, 11, 16, 5, 10, 4, 5, 10, 7, 16, 19, 11, 11, 4, 20, 15, 10, 17, 7, 16, 4, 16, 14, 11, 18, 18, 6, 4, 9, 1, 19, 1, 5, 19, 5, 19, 14, 11, 13, 16, 13, 18, 13, 6, 16, 13, 14, 14, 1, 18, 11, 11, 11, 6, 4, 18, 4, 16, 18, 4, 2, 13, 16, 13, 18, 8, 13, 18, 6, 4, 16, 13, 18, 4, 13, 16, 12, 14, 18, 11, 13, 12, 12]
bestever    1993    in generation 1315
[12, 3, 12, 17, 17, 3, 12, 3, 2, 8, 8, 20, 8, 15, 20, 17, 8, 6, 9, 15, 6, 5, 19, 7, 12, 20, 12, 3, 2, 8, 8, 20, 8, 3, 17, 15, 20, 3, 20, 17, 8, 3, 6, 7, 9, 7, 20, 2, 12, 3, 15, 15, 9, 5, 20, 6, 2, 5, 7, 6, 2, 6, 10, 10, 10, 15, 10, 17, 15, 3, 15, 9, 17, 8, 7, 9, 2, 17, 20, 9, 2, 17, 14, 3, 1, 2, 2, 14, 5, 9, 1, 7, 7, 1, 9, 19, 1, 14, 10, 1, 5, 7, 19, 10, 12, 14, 14, 10, 1, 19, 5, 19, 1, 11, 15, 4, 9, 19, 11, 16, 5, 10, 4, 5, 10, 7, 16, 19, 11, 11, 4, 20, 15, 10, 17, 7, 16, 4, 16, 14, 11, 18, 18, 6, 9, 1, 19, 1, 5, 19, 5, 19, 14, 11, 13, 16, 13, 18, 6, 14, 14, 1, 11, 11, 11, 13, 4, 16, 13, 18, 6, 4, 18, 4, 16, 18, 4, 2, 13, 16, 13, 18, 8, 13, 18, 6, 4, 16, 18, 13, 4, 13, 16, 12, 14, 18, 11, 13, 12, 12]
bestever    1982    in generation 1426
[12, 3, 12, 17, 17, 3, 12, 3, 2, 8, 8, 20, 8, 15, 20, 17, 8, 6, 9, 15, 6, 5, 19, 20, 12, 20, 12, 3, 2, 8, 8, 20, 8, 3, 17, 15, 20, 3, 20, 17, 8, 3, 6, 7, 9, 7, 7, 2, 12, 3, 15, 15, 9, 5, 20, 6, 2, 5, 7, 6, 2, 6, 10, 10, 10, 15, 10, 17, 15, 8, 15, 9, 17, 8, 7, 9, 2, 17, 20, 9, 2, 17, 14, 3, 14, 1, 16, 2, 2, 14, 9, 5, 9, 1, 7, 7, 1, 9, 19, 1, 14, 10, 1, 5, 7, 19, 10, 12, 14, 10, 1, 19, 5, 19, 1, 11, 4, 4, 19, 11, 16, 5, 10, 15, 5, 10, 7, 16, 19, 11, 11, 4, 20, 15, 10, 17, 7, 16, 4, 16, 14, 11, 18, 18, 6, 9, 1, 19, 1, 5, 19, 5, 19, 14, 11, 13, 13, 6, 14, 14, 1, 11, 11, 11, 13, 4, 16, 18, 13, 18, 6, 4, 18, 4, 16, 18, 4, 2, 13, 16, 3, 18, 13, 13, 18, 6, 4, 16, 18, 13, 4, 13, 16, 12, 14, 18, 11, 13, 12, 12]
bestever    1976    in generation 1464
[12, 3, 12, 17, 17, 3, 12, 3, 2, 8, 8, 20, 8, 15, 20, 17, 8, 6, 9, 15, 6, 5, 19, 20, 12, 20, 12, 3, 2, 8, 8, 20, 8, 3, 17, 15, 20, 3, 20, 17, 8, 3, 6, 7, 9, 7, 7, 2, 12, 3, 15, 15, 9, 5, 20, 6, 2, 5, 7, 6, 2, 6, 10, 10, 10, 15, 10, 17, 15, 8, 15, 9, 17, 8, 7, 9, 2, 17, 20, 9, 2, 17, 14, 3, 14, 1, 16, 2, 2, 14, 9, 5, 9, 1, 7, 7, 1, 9, 19, 1, 14, 10, 1, 5, 7, 19, 10, 12, 14, 10, 1, 19, 5, 19, 1, 11, 4, 4, 19, 11, 16, 5, 10, 15, 5, 10, 7, 16, 19, 11, 11, 4, 20, 15, 10, 17, 7, 16, 4, 11, 14, 11, 18, 18, 6, 9, 1, 19, 1, 5, 19, 5, 19, 14, 11, 13, 13, 6, 14, 14, 1, 11, 11, 16, 13, 4, 16, 18, 13, 18, 6, 4, 18, 4, 16, 18, 4, 2, 13, 16, 3, 18, 13, 13, 18, 6, 4, 16, 18, 13, 4, 13, 16, 12, 14, 18, 11, 13, 12, 12]
bestever    1965    in generation 1590
[12, 3, 12, 17, 17, 3, 12, 3, 2, 8, 12, 20, 8, 15, 20, 17, 8, 6, 9, 8, 15, 6, 5, 19, 20, 8, 20, 12, 3, 17, 8, 8, 20, 3, 2, 15, 20, 3, 20, 17, 8, 3, 6, 7, 9, 18, 7, 7, 2, 12, 3, 15, 12, 15, 9, 5, 20, 6, 2, 5, 7, 6, 2, 6, 10, 10, 10, 15, 10, 17, 15, 8, 15, 9, 17, 8, 7, 9, 2, 17, 20, 9, 2, 17, 14, 3, 14, 1, 16, 2, 2, 14, 9, 5, 9, 1, 7, 7, 1, 9, 19, 1, 14, 10, 1, 5, 7, 19, 10, 12, 14, 10, 1, 19, 5, 18, 19, 1, 11, 4, 4, 19, 11, 16, 5, 10, 15, 5, 10, 7, 16, 19, 11, 11, 4, 20, 15, 10, 17, 7, 16, 4, 11, 14, 11, 18, 6, 9, 1, 19, 1, 5, 19, 5, 19, 14, 11, 13, 13, 6, 14, 14, 1, 11, 11, 16, 13, 4, 16, 13, 18, 6, 4, 18, 4, 16, 18, 4, 2, 13, 16, 3, 18, 13, 13, 18, 6, 4, 16, 18, 13, 4, 13, 18, 12, 14, 16, 11, 13, 12]
bestever    1964    in generation 1705
[12, 3, 12, 17, 17, 3, 12, 3, 2, 8, 12, 20, 8, 15, 20, 17, 8, 6, 9, 8, 15, 6, 5, 19, 20, 8, 20, 12, 3, 17, 8, 8, 20, 3, 2, 15, 20, 3, 20, 17, 8, 3, 6, 7, 9, 18, 7, 7, 2, 12, 3, 15, 12, 15, 9, 5, 20, 6, 2, 5, 7, 6, 2, 6, 10, 10, 9, 10, 15, 10, 17, 15, 8, 15, 9, 17, 8, 7, 9, 2, 20, 9, 2, 17, 14, 3, 14, 1, 16, 2, 2, 14, 16, 9, 1, 7, 5, 1, 9, 19, 1, 14, 10, 1, 5, 7, 19, 10, 12, 14, 10, 1, 19, 5, 18, 15, 19, 16, 1, 11, 4, 4, 19, 11, 16, 5, 10, 5, 7, 16, 19, 11, 11, 4, 20, 15, 10, 17, 10, 17, 7, 16, 4, 11, 14, 11, 18, 6, 9, 1, 19, 1, 5, 19, 5, 19, 14, 11, 13, 13, 6, 14, 14, 1, 11, 11, 16, 4, 4, 16, 13, 18, 6, 4, 13, 18, 4, 16, 18, 4, 2, 13, 7, 3, 18, 13, 13, 18, 6, 13, 16, 18, 13, 4, 18, 12, 14, 11, 13, 12]
bestever    1961    in generation 1881
[12, 3, 12, 17, 17, 3, 12, 3, 2, 17, 12, 8, 20, 8, 15, 20, 17, 8, 6, 9, 8, 15, 6, 5, 19, 20, 8, 20, 12, 3, 17, 8, 8, 20, 3, 2, 15, 20, 3, 20, 8, 3, 6, 7, 9, 18, 7, 7, 2, 12, 3, 15, 12, 15, 9, 5, 20, 6, 2, 5, 7, 6, 2, 6, 10, 10, 9, 10, 15, 10, 17, 15, 8, 15, 9, 17, 8, 7, 9, 2, 20, 9, 2, 17, 14, 3, 14, 1, 16, 2, 2, 10, 1, 19, 5, 18, 14, 16, 9, 1, 7, 5, 1, 9, 19, 1, 14, 10, 1, 5, 7, 19, 10, 12, 14, 15, 19, 16, 1, 11, 4, 4, 19, 11, 16, 5, 10, 5, 7, 16, 19, 11, 18, 11, 4, 20, 15, 10, 17, 10, 17, 7, 16, 4, 11, 14, 11, 6, 9, 1, 19, 1, 5, 14, 5, 19, 7, 11, 16, 13, 6, 14, 14, 1, 11, 11, 13, 4, 4, 16, 18, 6, 4, 4, 16, 4, 2, 13, 19, 18, 13, 13, 18, 3, 18, 13, 13, 18, 6, 13, 16, 18, 13, 4, 18, 12, 14, 11, 13, 12]
bestever    1959    in generation 1925
[12, 3, 12, 17, 17, 8, 12, 3, 2, 17, 12, 3, 20, 8, 15, 20, 17, 8, 6, 9, 8, 15, 6, 5, 19, 20, 8, 20, 12, 3, 17, 8, 8, 20, 3, 2, 15, 20, 3, 20, 8, 3, 6, 7, 9, 18, 7, 7, 2, 12, 3, 15, 15, 9, 5, 20, 6, 2, 5, 12, 7, 6, 2, 6, 10, 10, 9, 10, 15, 10, 17, 15, 8, 15, 9, 17, 8, 7, 9, 2, 20, 9, 2, 17, 14, 3, 14, 1, 16, 2, 2, 10, 1, 19, 5, 18, 14, 16, 9, 1, 7, 5, 1, 9, 19, 1, 14, 10, 1, 5, 7, 19, 10, 12, 14, 15, 19, 16, 1, 11, 4, 4, 19, 11, 16, 5, 10, 5, 7, 16, 19, 11, 18, 11, 4, 20, 15, 10, 17, 10, 17, 7, 16, 4, 11, 14, 11, 6, 9, 1, 19, 1, 5, 14, 5, 19, 7, 11, 16, 13, 6, 14, 14, 1, 11, 11, 13, 4, 4, 16, 18, 6, 4, 4, 16, 4, 2, 13, 19, 18, 13, 13, 18, 3, 18, 13, 13, 18, 6, 13, 16, 18, 13, 4, 18, 12, 14, 11, 13, 12]
bestever    1952    in generation 1933
[12, 3, 12, 17, 17, 8, 12, 3, 2, 17, 12, 3, 20, 8, 15, 20, 17, 8, 6, 9, 8, 15, 6, 5, 19, 20, 8, 20, 12, 3, 17, 8, 8, 20, 3, 2, 15, 20, 3, 20, 8, 3, 6, 7, 9, 18, 7, 7, 2, 12, 3, 15, 15, 9, 5, 20, 6, 2, 5, 12, 7, 6, 2, 6, 10, 10, 9, 10, 15, 10, 17, 15, 8, 15, 9, 17, 8, 7, 9, 2, 20, 9, 2, 17, 14, 3, 14, 1, 16, 2, 2, 10, 1, 19, 5, 18, 14, 16, 9, 1, 7, 5, 1, 9, 19, 1, 14, 10, 1, 5, 7, 19, 10, 14, 15, 19, 16, 1, 11, 4, 4, 19, 11, 16, 5, 10, 12, 5, 7, 16, 19, 11, 18, 11, 4, 20, 15, 10, 17, 10, 17, 7, 16, 4, 11, 14, 11, 6, 9, 1, 19, 1, 5, 14, 5, 19, 7, 11, 16, 13, 6, 14, 14, 1, 11, 11, 13, 4, 4, 16, 18, 6, 4, 4, 16, 4, 2, 13, 19, 18, 13, 13, 18, 3, 18, 13, 13, 18, 6, 13, 16, 18, 13, 4, 18, 12, 14, 11, 13, 12]
bestever    1944    in generation 2009
[17, 17, 12, 3, 12, 8, 12, 3, 2, 17, 12, 3, 20, 8, 15, 20, 17, 8, 6, 9, 8, 15, 6, 5, 19, 20, 8, 20, 12, 3, 17, 8, 8, 20, 3, 2, 15, 20, 3, 20, 8, 3, 6, 7, 9, 18, 7, 7, 2, 12, 3, 15, 15, 9, 5, 20, 6, 2, 5, 12, 7, 6, 2, 6, 10, 10, 9, 10, 15, 10, 17, 15, 8, 15, 9, 17, 8, 7, 9, 2, 20, 9, 2, 17, 14, 3, 14, 1, 16, 2, 2, 10, 1, 19, 5, 18, 14, 16, 9, 1, 7, 5, 1, 9, 19, 1, 14, 10, 1, 5, 7, 19, 10, 14, 15, 19, 16, 1, 11, 4, 4, 19, 11, 16, 5, 10, 12, 5, 7, 16, 19, 11, 18, 11, 4, 20, 15, 10, 17, 10, 17, 7, 16, 4, 11, 14, 11, 6, 9, 1, 19, 1, 5, 14, 5, 19, 7, 11, 16, 13, 6, 14, 14, 1, 11, 11, 13, 4, 4, 16, 18, 6, 4, 4, 16, 4, 2, 13, 19, 18, 13, 13, 18, 3, 18, 13, 13, 18, 6, 13, 16, 18, 13, 4, 18, 12, 14, 11, 13, 12]
bestever    1936    in generation 2248
[17, 17, 12, 3, 12, 8, 12, 3, 2, 17, 12, 3, 20, 8, 15, 20, 17, 8, 6, 9, 8, 15, 6, 5, 19, 20, 8, 20, 12, 3, 3, 17, 8, 8, 20, 3, 2, 15, 20, 15, 20, 8, 3, 6, 7, 9, 1, 7, 7, 2, 12, 3, 15, 15, 9, 17, 5, 20, 6, 2, 5, 12, 7, 6, 2, 6, 10, 13, 10, 9, 10, 15, 10, 17, 15, 8, 15, 9, 17, 8, 7, 9, 2, 20, 9, 2, 14, 3, 14, 1, 16, 2, 2, 10, 18, 19, 5, 18, 14, 5, 9, 1, 7, 16, 1, 9, 19, 1, 14, 10, 2, 1, 5, 7, 19, 10, 14, 11, 16, 1, 11, 4, 4, 19, 11, 19, 5, 10, 12, 5, 7, 16, 19, 11, 18, 14, 4, 20, 15, 10, 17, 13, 10, 17, 7, 16, 4, 11, 14, 11, 6, 9, 1, 19, 1, 5, 14, 5, 19, 7, 11, 16, 6, 14, 16, 1, 11, 11, 13, 4, 4, 16, 18, 6, 4, 4, 16, 4, 13, 19, 18, 13, 18, 3, 18, 13, 13, 18, 6, 13, 16, 18, 13, 4, 18, 12, 14, 11, 13, 12]
bestever    1929    in generation 2423
[17, 17, 12, 3, 12, 8, 12, 3, 2, 17, 12, 3, 20, 8, 15, 20, 17, 12, 8, 6, 9, 8, 15, 6, 5, 19, 20, 8, 20, 12, 3, 3, 17, 8, 8, 20, 3, 2, 15, 7, 15, 20, 2, 8, 3, 6, 20, 9, 1, 7, 12, 7, 8, 2, 3, 15, 15, 9, 17, 5, 20, 6, 2, 5, 12, 7, 6, 2, 6, 10, 13, 10, 9, 10, 15, 10, 17, 15, 8, 15, 9, 17, 7, 9, 20, 9, 2, 14, 3, 14, 1, 16, 2, 2, 10, 14, 19, 5, 18, 18, 5, 9, 1, 7, 16, 1, 9, 19, 1, 14, 10, 2, 1, 5, 7, 19, 10, 14, 11, 16, 1, 11, 4, 4, 19, 11, 19, 5, 10, 12, 5, 7, 16, 19, 11, 18, 14, 4, 17, 13, 10, 20, 15, 10, 17, 7, 16, 4, 11, 14, 11, 6, 9, 1, 19, 1, 5, 14, 5, 19, 7, 11, 16, 6, 14, 16, 1, 11, 11, 13, 4, 4, 16, 18, 6, 4, 4, 16, 4, 13, 19, 18, 13, 18, 3, 11, 18, 13, 13, 18, 6, 13, 16, 18, 13, 4, 18, 14, 13, 12]
bestever    1927    in generation 2428
[17, 17, 12, 3, 12, 8, 12, 3, 2, 17, 12, 3, 20, 8, 15, 20, 17, 12, 8, 6, 9, 8, 15, 6, 5, 19, 20, 8, 20, 12, 3, 3, 17, 8, 8, 20, 3, 2, 15, 7, 15, 20, 2, 8, 3, 6, 20, 9, 1, 7, 12, 7, 8, 2, 3, 15, 15, 9, 17, 5, 20, 6, 2, 5, 7, 6, 2, 6, 10, 10, 9, 10, 15, 10, 17, 15, 8, 15, 9, 17, 7, 9, 20, 9, 2, 14, 3, 14, 1, 16, 2, 2, 10, 19, 5, 12, 14, 13, 18, 18, 5, 9, 1, 7, 16, 1, 9, 19, 1, 14, 10, 2, 1, 5, 7, 19, 10, 14, 11, 16, 1, 11, 4, 4, 19, 11, 19, 5, 10, 12, 5, 7, 16, 19, 11, 18, 14, 4, 17, 13, 10, 20, 15, 10, 17, 7, 16, 4, 11, 14, 11, 6, 9, 1, 19, 1, 5, 14, 5, 19, 7, 11, 16, 6, 14, 16, 1, 11, 11, 13, 4, 4, 16, 18, 6, 4, 4, 16, 4, 13, 19, 18, 13, 18, 3, 11, 18, 13, 13, 18, 6, 13, 16, 18, 13, 4, 18, 14, 13, 12]
bestever    1922    in generation 2429
[17, 17, 12, 3, 12, 8, 12, 3, 2, 17, 12, 3, 20, 8, 15, 20, 17, 12, 8, 6, 9, 8, 15, 6, 5, 19, 20, 8, 20, 12, 3, 3, 17, 8, 8, 20, 3, 2, 15, 7, 15, 20, 2, 8, 3, 6, 20, 9, 1, 7, 12, 7, 8, 2, 3, 15, 15, 9, 17, 5, 20, 6, 2, 5, 7, 6, 2, 6, 10, 13, 10, 9, 10, 15, 10, 17, 15, 8, 15, 9, 17, 7, 9, 20, 9, 2, 14, 3, 14, 1, 16, 2, 2, 10, 14, 19, 5, 18, 18, 5, 9, 1, 7, 16, 1, 9, 19, 1, 14, 10, 2, 1, 5, 7, 12, 19, 10, 14, 11, 16, 1, 11, 4, 4, 19, 11, 19, 5, 10, 12, 5, 7, 16, 19, 11, 18, 14, 4, 17, 13, 10, 20, 15, 10, 17, 7, 16, 4, 11, 14, 11, 6, 9, 1, 19, 1, 5, 14, 5, 19, 7, 11, 16, 6, 14, 16, 1, 11, 11, 13, 4, 4, 16, 18, 6, 4, 4, 16, 4, 13, 19, 18, 13, 18, 3, 11, 18, 13, 13, 18, 6, 13, 16, 18, 13, 4, 18, 14, 13, 12]
bestever    1918    in generation 2546
[17, 17, 12, 3, 12, 8, 12, 3, 2, 17, 12, 3, 20, 8, 15, 20, 17, 12, 8, 6, 9, 8, 15, 6, 5, 19, 20, 8, 20, 12, 3, 3, 17, 8, 8, 20, 3, 2, 15, 7, 15, 20, 2, 8, 3, 15, 6, 20, 9, 1, 7, 7, 8, 12, 2, 3, 15, 15, 9, 17, 5, 20, 6, 2, 5, 7, 2, 6, 10, 10, 9, 10, 15, 10, 17, 15, 8, 15, 9, 17, 7, 9, 20, 9, 2, 14, 3, 14, 1, 2, 2, 10, 14, 19, 5, 18, 5, 9, 1, 7, 7, 1, 9, 19, 1, 14, 10, 2, 1, 5, 7, 19, 10, 14, 11, 16, 1, 11, 18, 4, 4, 19, 11, 19, 5, 12, 10, 12, 5, 16, 19, 14, 4, 17, 10, 20, 10, 17, 7, 16, 11, 11, 6, 9, 13, 1, 19, 16, 1, 5, 14, 5, 19, 7, 11, 11, 6, 14, 16, 16, 14, 16, 1, 11, 4, 18, 18, 13, 11, 13, 4, 6, 16, 4, 6, 4, 4, 16, 4, 13, 19, 18, 13, 18, 3, 11, 18, 13, 13, 18, 6, 13, 16, 18, 13, 4, 18, 14, 13, 12]
bestever    1917    in generation 2581
[17, 17, 12, 3, 12, 8, 12, 3, 2, 17, 12, 3, 20, 8, 15, 20, 17, 12, 8, 6, 9, 8, 15, 6, 5, 19, 20, 8, 20, 12, 3, 3, 17, 8, 8, 20, 3, 2, 15, 7, 15, 20, 2, 8, 3, 15, 6, 20, 9, 1, 7, 7, 8, 12, 2, 3, 15, 15, 9, 17, 5, 20, 6, 2, 5, 7, 2, 6, 10, 10, 9, 10, 15, 10, 17, 15, 8, 15, 9, 17, 7, 9, 20, 9, 2, 14, 3, 14, 1, 2, 2, 10, 14, 19, 5, 18, 5, 9, 1, 7, 7, 1, 9, 19, 1, 14, 10, 2, 1, 5, 7, 19, 10, 14, 11, 16, 1, 11, 18, 4, 4, 19, 11, 19, 5, 12, 10, 12, 5, 16, 19, 14, 4, 17, 10, 20, 10, 17, 7, 16, 11, 11, 6, 9, 13, 1, 19, 16, 1, 5, 14, 5, 19, 7, 11, 11, 6, 14, 16, 16, 14, 16, 1, 11, 4, 18, 18, 13, 11, 13, 4, 6, 16, 4, 6, 4, 4, 16, 4, 13, 19, 18, 13, 18, 3, 11, 18, 13, 13, 18, 6, 13, 16, 18, 12, 14, 4, 13, 13, 18]
bestever    1913    in generation 2662
[17, 17, 12, 3, 12, 8, 12, 3, 2, 17, 12, 3, 20, 8, 15, 20, 17, 12, 8, 6, 9, 8, 15, 6, 5, 19, 20, 8, 20, 12, 3, 3, 17, 8, 8, 20, 3, 2, 15, 7, 15, 20, 2, 8, 3, 15, 6, 20, 9, 1, 7, 7, 8, 12, 2, 3, 15, 15, 9, 17, 5, 20, 6, 2, 5, 7, 2, 6, 10, 10, 9, 10, 15, 10, 17, 15, 8, 15, 9, 17, 7, 9, 20, 9, 2, 14, 3, 14, 1, 2, 2, 10, 14, 19, 5, 18, 5, 9, 1, 7, 7, 1, 9, 19, 1, 14, 10, 2, 1, 5, 7, 19, 10, 14, 11, 16, 1, 11, 18, 4, 4, 19, 11, 19, 5, 12, 10, 12, 5, 16, 19, 14, 4, 17, 14, 20, 10, 17, 7, 16, 11, 11, 6, 9, 13, 1, 19, 16, 1, 5, 10, 5, 19, 7, 11, 11, 6, 14, 16, 16, 14, 16, 1, 11, 4, 18, 11, 13, 4, 6, 16, 4, 6, 4, 4, 16, 4, 13, 19, 18, 13, 18, 18, 3, 11, 18, 13, 13, 13, 18, 6, 13, 16, 18, 12, 14, 4, 13, 13, 18]
bestever    1911    in generation 2772
[17, 17, 12, 3, 12, 8, 12, 3, 2, 17, 12, 3, 20, 8, 15, 20, 17, 12, 8, 6, 9, 8, 15, 6, 5, 19, 20, 8, 20, 12, 3, 3, 17, 8, 8, 20, 3, 2, 15, 7, 15, 20, 2, 8, 3, 15, 6, 20, 9, 1, 7, 7, 8, 12, 2, 3, 15, 15, 9, 17, 5, 20, 6, 2, 5, 7, 2, 6, 10, 10, 9, 10, 15, 10, 17, 15, 8, 15, 9, 17, 7, 9, 20, 9, 2, 14, 3, 14, 1, 2, 2, 10, 14, 19, 5, 18, 5, 9, 1, 7, 7, 1, 9, 19, 1, 14, 10, 2, 1, 5, 7, 19, 10, 14, 11, 16, 1, 11, 11, 4, 4, 19, 11, 19, 5, 12, 10, 12, 5, 16, 19, 14, 4, 17, 14, 20, 10, 17, 7, 16, 18, 11, 5, 6, 9, 13, 1, 19, 16, 1, 5, 10, 19, 7, 11, 11, 6, 14, 4, 16, 14, 16, 1, 11, 16, 18, 11, 13, 4, 6, 16, 4, 6, 4, 4, 16, 4, 13, 19, 18, 13, 18, 18, 3, 11, 18, 13, 13, 13, 18, 6, 13, 16, 18, 12, 14, 4, 13, 13, 18]
bestever    1905    in generation 2889
[17, 17, 12, 3, 12, 8, 12, 3, 2, 17, 12, 3, 20, 8, 15, 20, 17, 12, 8, 6, 9, 8, 15, 6, 5, 19, 20, 8, 20, 12, 3, 3, 17, 8, 8, 20, 3, 2, 15, 7, 15, 20, 2, 8, 3, 15, 6, 20, 9, 1, 7, 7, 8, 12, 2, 3, 15, 15, 9, 17, 5, 20, 6, 2, 5, 7, 2, 6, 10, 10, 9, 10, 15, 10, 17, 15, 8, 15, 9, 17, 7, 9, 20, 9, 2, 14, 2, 3, 14, 1, 2, 2, 10, 14, 19, 5, 18, 5, 9, 1, 7, 7, 1, 9, 19, 1, 14, 10, 1, 5, 7, 19, 10, 14, 11, 16, 1, 11, 11, 4, 4, 19, 3, 11, 19, 5, 12, 10, 12, 5, 16, 19, 14, 4, 17, 14, 20, 10, 17, 7, 16, 11, 5, 6, 9, 1, 19, 16, 1, 5, 13, 19, 7, 11, 11, 6, 14, 4, 16, 14, 16, 1, 11, 16, 11, 6, 4, 18, 13, 18, 10, 16, 4, 6, 4, 4, 16, 4, 13, 19, 18, 18, 11, 18, 13, 13, 13, 18, 13, 18, 6, 13, 16, 18, 12, 14, 4, 13, 13, 18]
bestever    1897    in generation 2966
[17, 12, 17, 3, 12, 8, 12, 3, 2, 17, 12, 3, 20, 8, 15, 20, 17, 12, 8, 6, 9, 8, 15, 6, 5, 19, 20, 8, 20, 12, 3, 3, 17, 8, 8, 20, 3, 2, 15, 7, 15, 20, 2, 8, 3, 15, 6, 20, 9, 1, 7, 7, 8, 12, 2, 3, 15, 15, 9, 17, 5, 20, 6, 2, 5, 7, 2, 6, 10, 10, 9, 10, 15, 10, 17, 15, 2, 15, 9, 17, 7, 9, 20, 9, 2, 14, 2, 3, 14, 1, 8, 2, 10, 14, 19, 5, 18, 5, 9, 1, 7, 7, 1, 9, 19, 1, 14, 10, 1, 5, 7, 19, 10, 14, 11, 16, 1, 11, 11, 4, 4, 19, 3, 11, 19, 5, 12, 10, 12, 5, 16, 19, 14, 4, 17, 14, 20, 10, 17, 7, 16, 11, 5, 6, 9, 1, 19, 16, 1, 5, 13, 19, 7, 11, 11, 6, 14, 4, 16, 14, 16, 1, 11, 16, 11, 6, 4, 18, 13, 18, 10, 6, 16, 4, 4, 4, 16, 4, 13, 19, 18, 18, 11, 18, 13, 13, 13, 18, 13, 18, 6, 13, 16, 18, 12, 14, 4, 13, 13, 18]
bestever    1894    in generation 3084
[17, 12, 17, 3, 12, 8, 12, 3, 2, 17, 12, 3, 20, 8, 15, 20, 17, 12, 8, 6, 9, 8, 15, 6, 5, 19, 20, 8, 20, 12, 3, 3, 17, 8, 8, 20, 3, 2, 15, 7, 15, 20, 2, 8, 3, 15, 6, 20, 9, 1, 7, 7, 8, 12, 2, 3, 15, 15, 9, 17, 5, 20, 6, 2, 5, 7, 2, 6, 10, 10, 9, 10, 15, 10, 17, 8, 2, 15, 9, 17, 7, 9, 20, 9, 2, 14, 2, 3, 14, 1, 15, 2, 10, 14, 19, 5, 18, 5, 9, 1, 7, 7, 1, 9, 19, 1, 14, 10, 1, 5, 7, 19, 10, 14, 11, 6, 1, 11, 11, 4, 4, 19, 3, 11, 19, 5, 12, 10, 12, 5, 16, 19, 14, 4, 17, 14, 20, 10, 17, 7, 16, 11, 5, 16, 9, 1, 19, 16, 1, 5, 13, 19, 7, 11, 11, 6, 14, 4, 16, 14, 16, 1, 11, 16, 11, 6, 4, 18, 13, 18, 10, 6, 16, 4, 4, 4, 16, 4, 13, 19, 18, 18, 11, 18, 13, 13, 13, 18, 13, 18, 6, 13, 16, 18, 12, 14, 4, 13, 13, 18]
bestever    1887    in generation 3092
[17, 12, 17, 3, 12, 8, 12, 3, 2, 17, 12, 3, 20, 8, 15, 20, 17, 12, 8, 6, 9, 8, 15, 6, 5, 19, 20, 8, 20, 12, 3, 3, 17, 8, 8, 20, 3, 2, 15, 7, 15, 20, 2, 8, 3, 15, 6, 20, 9, 1, 7, 7, 8, 12, 2, 3, 15, 15, 9, 17, 5, 20, 6, 2, 5, 7, 2, 6, 10, 10, 9, 10, 15, 10, 17, 8, 2, 15, 9, 17, 7, 9, 20, 9, 2, 14, 2, 3, 14, 1, 15, 2, 10, 14, 19, 5, 18, 5, 9, 1, 7, 7, 1, 9, 19, 1, 14, 10, 1, 5, 7, 19, 10, 14, 11, 6, 1, 11, 11, 4, 4, 19, 3, 11, 19, 5, 12, 10, 12, 5, 16, 19, 14, 4, 17, 14, 20, 10, 17, 7, 16, 11, 5, 16, 9, 1, 19, 16, 1, 5, 13, 19, 7, 11, 11, 6, 14, 4, 16, 14, 16, 1, 11, 16, 11, 6, 4, 18, 13, 10, 6, 16, 13, 4, 4, 4, 16, 4, 13, 19, 18, 18, 11, 18, 13, 13, 13, 18, 13, 18, 6, 13, 16, 18, 12, 14, 4, 13, 18, 18]
bestever    1868    in generation 3127
[17, 12, 17, 3, 12, 8, 12, 3, 2, 17, 12, 3, 20, 8, 15, 20, 17, 12, 8, 6, 9, 8, 15, 6, 5, 19, 20, 8, 20, 12, 3, 3, 17, 8, 8, 20, 3, 2, 15, 7, 15, 20, 2, 8, 3, 15, 6, 20, 9, 1, 7, 7, 8, 12, 2, 3, 15, 15, 9, 17, 5, 20, 6, 2, 5, 7, 2, 6, 10, 10, 9, 10, 15, 10, 17, 8, 2, 15, 9, 17, 7, 9, 20, 9, 2, 14, 2, 3, 14, 1, 15, 2, 10, 14, 19, 5, 5, 9, 1, 7, 7, 1, 9, 19, 1, 14, 10, 1, 5, 7, 19, 10, 14, 11, 6, 1, 11, 11, 4, 4, 19, 3, 11, 19, 5, 12, 10, 12, 5, 16, 19, 14, 4, 17, 14, 20, 10, 17, 7, 16, 11, 5, 16, 9, 1, 19, 16, 1, 5, 13, 19, 7, 11, 11, 6, 14, 4, 16, 14, 16, 1, 11, 16, 11, 6, 4, 13, 10, 6, 16, 4, 4, 16, 4, 13, 18, 12, 4, 13, 19, 18, 18, 11, 18, 13, 13, 13, 18, 13, 18, 18, 13, 18, 6, 16, 14, 4, 13, 18, 18]
bestever    1856    in generation 3240
[3, 12, 17, 3, 12, 8, 12, 3, 2, 17, 12, 3, 20, 8, 15, 20, 17, 12, 8, 6, 9, 8, 15, 6, 5, 19, 20, 8, 20, 12, 3, 3, 17, 8, 8, 20, 3, 2, 15, 7, 15, 20, 2, 8, 3, 15, 6, 20, 9, 1, 7, 7, 8, 12, 2, 3, 15, 15, 9, 17, 5, 20, 6, 2, 5, 7, 2, 6, 10, 2, 10, 9, 10, 15, 10, 17, 8, 2, 15, 9, 17, 13, 7, 9, 20, 9, 2, 14, 17, 14, 1, 15, 2, 10, 14, 19, 5, 5, 9, 1, 7, 7, 1, 9, 19, 1, 14, 10, 1, 5, 7, 19, 10, 14, 11, 6, 1, 11, 11, 4, 4, 19, 3, 11, 19, 5, 12, 10, 12, 5, 16, 19, 14, 4, 17, 14, 20, 10, 17, 7, 16, 11, 5, 16, 9, 1, 19, 16, 1, 5, 13, 19, 7, 11, 11, 6, 14, 4, 16, 14, 16, 1, 11, 16, 11, 6, 4, 13, 10, 6, 16, 4, 4, 16, 4, 18, 12, 4, 13, 19, 18, 18, 11, 18, 13, 13, 13, 18, 13, 18, 18, 13, 18, 6, 16, 14, 4, 13, 18, 18]
bestever    1854    in generation 3341
[3, 12, 17, 3, 12, 8, 12, 3, 2, 17, 12, 3, 20, 8, 15, 20, 17, 12, 8, 6, 9, 8, 15, 6, 5, 19, 20, 8, 20, 12, 3, 3, 17, 8, 8, 20, 3, 2, 15, 7, 15, 20, 2, 8, 3, 15, 6, 20, 9, 1, 7, 7, 8, 12, 2, 3, 15, 15, 9, 17, 5, 20, 6, 2, 5, 7, 2, 6, 10, 2, 10, 9, 10, 15, 10, 17, 8, 2, 15, 9, 17, 13, 7, 9, 20, 9, 2, 14, 17, 14, 1, 15, 2, 10, 14, 19, 5, 5, 9, 1, 7, 7, 1, 9, 19, 11, 14, 10, 1, 5, 7, 19, 10, 14, 11, 6, 1, 1, 11, 4, 4, 19, 3, 11, 19, 5, 12, 10, 12, 5, 16, 19, 14, 4, 17, 14, 20, 10, 17, 7, 16, 11, 5, 16, 9, 1, 19, 16, 1, 5, 13, 19, 7, 11, 11, 6, 14, 4, 16, 14, 16, 1, 11, 16, 11, 6, 4, 13, 10, 6, 16, 4, 4, 16, 4, 18, 12, 4, 19, 11, 18, 13, 18, 18, 13, 13, 13, 18, 13, 18, 18, 13, 18, 6, 16, 14, 4, 13, 18, 18]
bestever    1848    in generation 3477
[3, 12, 17, 3, 12, 8, 12, 3, 2, 17, 12, 3, 20, 8, 15, 20, 17, 12, 8, 6, 9, 8, 15, 6, 5, 19, 20, 8, 20, 12, 3, 3, 17, 8, 8, 20, 3, 2, 15, 7, 15, 20, 2, 8, 3, 15, 6, 20, 9, 1, 7, 7, 8, 10, 2, 3, 15, 15, 9, 17, 5, 20, 6, 2, 5, 7, 2, 6, 12, 2, 10, 9, 10, 15, 10, 17, 8, 2, 15, 9, 17, 13, 7, 9, 20, 9, 2, 1, 14, 17, 14, 1, 15, 2, 10, 14, 19, 5, 5, 9, 1, 7, 7, 1, 9, 19, 11, 14, 10, 1, 5, 7, 19, 10, 14, 11, 6, 1, 11, 4, 4, 19, 3, 11, 19, 5, 12, 10, 18, 12, 5, 16, 19, 14, 4, 17, 14, 20, 10, 17, 7, 16, 11, 5, 16, 9, 1, 19, 16, 1, 5, 13, 19, 7, 11, 11, 6, 14, 4, 16, 14, 16, 1, 11, 16, 11, 6, 4, 13, 10, 6, 16, 4, 4, 16, 4, 18, 12, 4, 19, 11, 18, 13, 13, 13, 13, 18, 18, 18, 13, 18, 18, 13, 18, 6, 16, 14, 4, 13, 18]
bestever    1847    in generation 3613
[3, 12, 17, 3, 12, 8, 12, 3, 2, 17, 12, 13, 3, 20, 8, 15, 20, 17, 12, 8, 6, 9, 8, 15, 6, 5, 19, 20, 8, 15, 20, 12, 3, 3, 17, 8, 8, 20, 3, 2, 15, 7, 15, 20, 2, 8, 3, 15, 6, 20, 9, 1, 7, 7, 8, 10, 2, 3, 15, 15, 9, 17, 5, 20, 6, 2, 5, 7, 6, 12, 2, 10, 9, 10, 10, 17, 2, 8, 2, 15, 9, 17, 7, 9, 20, 9, 2, 1, 14, 17, 14, 1, 15, 2, 10, 14, 19, 5, 5, 9, 1, 7, 7, 1, 9, 19, 11, 14, 10, 1, 5, 7, 19, 10, 14, 11, 6, 1, 11, 4, 4, 19, 16, 11, 19, 5, 12, 10, 18, 12, 5, 16, 19, 14, 4, 17, 14, 20, 10, 17, 7, 16, 11, 5, 3, 9, 1, 19, 16, 1, 5, 13, 19, 7, 11, 6, 11, 14, 4, 16, 14, 16, 1, 11, 16, 11, 6, 4, 13, 10, 6, 16, 4, 4, 16, 4, 18, 12, 4, 19, 11, 18, 13, 13, 13, 13, 18, 18, 18, 13, 18, 18, 13, 18, 6, 16, 14, 4, 13, 18]
bestever    1839    in generation 3661
[3, 12, 17, 3, 12, 8, 12, 3, 2, 17, 12, 3, 20, 8, 15, 20, 17, 12, 8, 6, 9, 8, 15, 6, 5, 19, 20, 8, 15, 20, 12, 3, 3, 17, 8, 8, 20, 3, 2, 15, 7, 15, 20, 2, 8, 3, 15, 6, 20, 9, 1, 7, 7, 8, 10, 2, 3, 15, 15, 9, 17, 5, 20, 6, 2, 5, 7, 6, 12, 2, 10, 9, 10, 10, 17, 2, 8, 2, 15, 9, 17, 7, 9, 20, 9, 2, 1, 14, 17, 14, 1, 15, 2, 10, 14, 19, 5, 5, 9, 1, 7, 7, 1, 9, 19, 11, 14, 10, 1, 5, 7, 19, 10, 14, 11, 6, 1, 11, 4, 4, 19, 16, 11, 19, 5, 12, 10, 12, 5, 16, 19, 14, 17, 14, 20, 10, 17, 7, 16, 11, 5, 3, 9, 1, 19, 1, 5, 19, 7, 11, 6, 11, 14, 16, 4, 18, 4, 16, 14, 16, 1, 11, 16, 11, 6, 4, 13, 10, 6, 16, 4, 4, 16, 4, 18, 12, 4, 19, 11, 18, 13, 13, 13, 13, 13, 13, 18, 18, 18, 13, 18, 18, 13, 18, 6, 16, 14, 4, 13, 18]
bestever    1837    in generation 4133
[3, 12, 17, 3, 12, 8, 12, 3, 17, 17, 12, 3, 20, 12, 8, 17, 2, 20, 15, 12, 8, 6, 9, 8, 15, 6, 5, 19, 20, 8, 15, 20, 12, 3, 17, 8, 20, 3, 15, 7, 2, 20, 2, 8, 3, 8, 9, 10, 2, 15, 6, 20, 3, 1, 7, 7, 8, 3, 2, 15, 15, 9, 2, 5, 20, 6, 5, 17, 7, 6, 18, 2, 10, 9, 13, 4, 10, 10, 2, 2, 8, 15, 9, 17, 7, 9, 20, 9, 15, 1, 14, 14, 17, 1, 15, 10, 14, 19, 5, 5, 9, 1, 7, 7, 1, 16, 9, 19, 11, 14, 10, 14, 6, 1, 11, 4, 4, 19, 16, 11, 19, 5, 12, 13, 6, 10, 12, 11, 16, 10, 1, 5, 7, 19, 19, 14, 17, 5, 14, 20, 10, 17, 1, 16, 5, 3, 9, 1, 19, 5, 7, 11, 19, 7, 11, 4, 6, 11, 14, 4, 16, 13, 14, 16, 1, 11, 11, 16, 13, 10, 6, 16, 16, 4, 4, 4, 12, 4, 18, 18, 18, 13, 19, 11, 13, 14, 13, 13, 18, 18, 18, 2, 18, 13, 18, 6, 16, 4, 13, 18]
bestever    1832    in generation 4150
[3, 12, 17, 3, 12, 8, 12, 3, 17, 17, 12, 3, 20, 12, 8, 17, 2, 20, 15, 12, 8, 6, 9, 8, 15, 6, 5, 19, 20, 8, 15, 20, 12, 3, 17, 8, 20, 3, 15, 7, 2, 20, 2, 8, 3, 8, 9, 10, 2, 15, 6, 20, 3, 1, 7, 7, 8, 3, 2, 15, 15, 9, 2, 5, 20, 6, 5, 17, 7, 6, 2, 10, 9, 13, 4, 10, 10, 2, 2, 8, 15, 9, 17, 7, 9, 20, 9, 15, 1, 14, 14, 17, 1, 15, 10, 14, 19, 5, 5, 9, 1, 7, 7, 1, 16, 9, 19, 11, 14, 10, 14, 6, 1, 11, 4, 4, 19, 16, 11, 19, 5, 12, 13, 6, 10, 12, 11, 16, 10, 1, 5, 7, 19, 19, 14, 17, 5, 14, 20, 10, 17, 1, 16, 5, 3, 9, 1, 19, 5, 7, 11, 19, 7, 11, 4, 6, 11, 14, 4, 16, 13, 14, 16, 1, 11, 11, 16, 13, 10, 16, 16, 4, 4, 4, 12, 18, 18, 13, 19, 11, 13, 14, 13, 18, 18, 18, 18, 2, 18, 13, 18, 6, 4, 13, 18, 6, 16, 4, 13, 18]
bestever    1827    in generation 4575
[3, 12, 17, 3, 12, 8, 12, 15, 3, 17, 17, 12, 3, 20, 12, 8, 17, 2, 17, 20, 12, 8, 6, 9, 8, 17, 15, 6, 5, 19, 20, 3, 8, 15, 20, 12, 3, 8, 20, 15, 20, 7, 2, 3, 8, 2, 8, 3, 8, 9, 10, 2, 15, 6, 20, 1, 7, 20, 7, 8, 2, 15, 15, 9, 2, 5, 20, 6, 5, 17, 7, 6, 2, 10, 9, 13, 4, 10, 10, 14, 2, 1, 2, 5, 15, 9, 17, 7, 9, 20, 9, 15, 14, 17, 1, 15, 10, 14, 19, 5, 9, 1, 7, 7, 16, 1, 16, 9, 19, 11, 14, 3, 10, 14, 6, 1, 4, 4, 19, 16, 11, 19, 5, 12, 13, 6, 10, 1, 11, 16, 10, 12, 5, 7, 19, 19, 14, 17, 5, 16, 10, 13, 1, 14, 5, 3, 9, 1, 19, 5, 11, 7, 19, 7, 11, 4, 6, 11, 14, 4, 11, 11, 13, 14, 1, 11, 16, 16, 10, 16, 16, 4, 4, 12, 13, 18, 13, 19, 6, 11, 14, 4, 13, 18, 18, 18, 18, 18, 2, 18, 13, 18, 4, 13, 18, 6, 16, 4, 13, 18]
bestever    1820    in generation 5244
[3, 12, 17, 3, 3, 12, 12, 8, 12, 15, 3, 12, 17, 3, 17, 12, 8, 20, 12, 8, 17, 2, 17, 20, 12, 8, 6, 9, 8, 17, 15, 2, 5, 19, 20, 8, 8, 15, 20, 3, 8, 20, 12, 15, 20, 7, 2, 3, 15, 6, 8, 3, 8, 9, 10, 2, 6, 20, 1, 11, 7, 20, 7, 2, 15, 14, 15, 15, 17, 9, 5, 2, 20, 6, 5, 17, 7, 6, 2, 10, 9, 15, 13, 4, 10, 16, 1, 6, 10, 5, 7, 2, 17, 17, 9, 2, 9, 15, 14, 9, 1, 4, 10, 14, 19, 5, 9, 1, 19, 7, 16, 1, 2, 14, 3, 9, 19, 20, 14, 10, 1, 6, 10, 1, 11, 16, 10, 7, 5, 18, 7, 19, 19, 14, 5, 16, 19, 16, 11, 7, 5, 13, 6, 10, 13, 1, 14, 5, 3, 9, 1, 4, 19, 5, 11, 11, 19, 7, 11, 14, 4, 13, 11, 11, 4, 16, 14, 1, 11, 16, 10, 13, 4, 12, 13, 16, 18, 18, 4, 13, 19, 6, 11, 14, 4, 18, 18, 16, 18, 16, 18, 13, 18, 4, 13, 18, 6, 4, 13, 18]
bestever    1814    in generation 5505
[3, 12, 17, 3, 3, 12, 12, 8, 12, 15, 3, 12, 17, 3, 17, 12, 8, 20, 12, 8, 17, 2, 17, 20, 12, 8, 6, 20, 9, 8, 17, 15, 2, 5, 19, 20, 8, 8, 15, 20, 3, 2, 20, 12, 15, 20, 7, 2, 3, 15, 6, 6, 8, 3, 8, 6, 9, 10, 2, 6, 20, 1, 11, 7, 7, 2, 8, 15, 14, 15, 15, 17, 9, 5, 2, 20, 6, 5, 17, 7, 2, 10, 9, 15, 13, 4, 6, 16, 1, 10, 10, 5, 7, 2, 17, 17, 9, 2, 9, 15, 14, 9, 1, 4, 10, 14, 19, 5, 9, 1, 19, 16, 16, 1, 14, 7, 3, 9, 19, 20, 14, 10, 1, 6, 10, 1, 11, 16, 10, 7, 5, 18, 7, 19, 19, 14, 5, 16, 19, 16, 18, 11, 7, 5, 13, 6, 10, 13, 1, 14, 5, 4, 3, 9, 1, 11, 4, 19, 5, 11, 11, 19, 7, 11, 14, 4, 13, 11, 16, 14, 18, 1, 11, 16, 10, 19, 4, 12, 13, 18, 4, 13, 13, 6, 11, 14, 4, 18, 16, 18, 16, 18, 13, 18, 4, 13, 18, 4, 13, 18]
bestever    1810    in generation 7329
[3, 12, 3, 17, 3, 12, 12, 8, 12, 20, 15, 17, 3, 12, 3, 17, 17, 17, 12, 8, 17, 8, 2, 17, 8, 12, 3, 6, 20, 9, 5, 20, 17, 15, 2, 8, 17, 7, 8, 6, 8, 15, 12, 9, 8, 2, 20, 20, 12, 20, 15, 15, 2, 3, 15, 14, 6, 7, 3, 10, 6, 2, 6, 15, 7, 20, 1, 8, 11, 2, 5, 6, 7, 7, 7, 2, 15, 17, 4, 20, 3, 9, 2, 12, 6, 5, 6, 10, 10, 5, 2, 19, 2, 8, 16, 1, 5, 7, 15, 1, 13, 9, 9, 20, 15, 3, 9, 10, 14, 4, 16, 19, 14, 10, 9, 5, 9, 7, 19, 16, 20, 1, 1, 14, 7, 19, 14, 10, 6, 1, 10, 1, 19, 11, 11, 16, 19, 5, 14, 9, 18, 10, 19, 16, 11, 14, 4, 13, 11, 13, 5, 18, 18, 1, 4, 5, 4, 10, 1, 11, 9, 6, 10, 19, 19, 11, 5, 7, 14, 11, 13, 16, 16, 16, 14, 1, 11, 4, 19, 18, 13, 4, 4, 18, 13, 18, 14, 11, 16, 16, 13, 18, 4, 13, 18, 13, 18, 4, 13, 18]
bestever    1808    in generation 8137
[3, 12, 3, 17, 3, 12, 12, 8, 17, 17, 12, 20, 12, 15, 12, 17, 3, 12, 12, 17, 17, 17, 3, 8, 17, 17, 8, 2, 8, 6, 3, 20, 9, 3, 20, 15, 2, 10, 7, 8, 6, 8, 15, 3, 9, 8, 2, 6, 20, 20, 20, 20, 15, 2, 15, 2, 3, 15, 15, 7, 14, 6, 3, 6, 5, 7, 10, 2, 1, 9, 15, 15, 6, 2, 6, 12, 11, 2, 5, 7, 20, 10, 9, 14, 1, 7, 8, 6, 5, 20, 8, 5, 8, 5, 19, 6, 7, 15, 2, 4, 10, 16, 1, 9, 2, 1, 13, 7, 9, 4, 9, 10, 11, 14, 1, 19, 17, 9, 5, 9, 7, 19, 14, 18, 11, 10, 1, 14, 7, 4, 16, 14, 10, 19, 11, 1, 10, 1, 19, 11, 16, 19, 5, 14, 20, 13, 19, 4, 16, 11, 4, 11, 5, 1, 5, 16, 18, 9, 6, 12, 10, 19, 19, 7, 14, 4, 13, 16, 11, 13, 16, 16, 14, 1, 11, 18, 19, 5, 10, 4, 11, 18, 13, 14, 13, 18, 16, 16, 13, 4, 18, 18, 4, 13, 13, 18, 18, 4, 13, 18]
bestever    1805    in generation 8459
[3, 12, 3, 17, 3, 12, 12, 8, 12, 20, 12, 15, 17, 12, 3, 12, 17, 17, 17, 12, 3, 17, 17, 12, 8, 17, 17, 20, 20, 2, 8, 6, 3, 20, 9, 15, 20, 15, 2, 10, 7, 8, 6, 8, 15, 3, 9, 8, 5, 2, 16, 6, 20, 8, 20, 20, 20, 2, 15, 2, 3, 15, 3, 7, 2, 14, 7, 3, 6, 7, 10, 2, 1, 9, 15, 9, 15, 6, 2, 6, 6, 11, 2, 5, 7, 15, 10, 9, 14, 1, 7, 6, 5, 20, 8, 14, 5, 8, 5, 19, 6, 7, 15, 2, 4, 10, 13, 16, 19, 9, 1, 13, 7, 9, 4, 9, 10, 11, 14, 1, 19, 17, 9, 5, 9, 7, 1, 14, 11, 10, 1, 7, 4, 14, 10, 19, 11, 1, 10, 1, 16, 19, 11, 16, 19, 5, 14, 8, 19, 4, 11, 4, 11, 5, 1, 5, 16, 18, 12, 10, 19, 19, 6, 14, 16, 11, 16, 13, 16, 14, 18, 1, 13, 11, 18, 13, 18, 4, 13, 19, 5, 10, 4, 11, 18, 14, 13, 18, 16, 16, 4, 18, 4, 13, 13, 18, 18, 4, 13, 18]
bestever    1799    in generation 8651
[3, 12, 3, 17, 3, 12, 12, 8, 12, 20, 12, 15, 17, 12, 3, 12, 17, 3, 17, 17, 12, 3, 17, 17, 12, 8, 8, 17, 17, 20, 20, 2, 8, 6, 3, 20, 9, 15, 20, 15, 2, 10, 7, 8, 6, 15, 3, 9, 8, 5, 2, 16, 6, 20, 8, 20, 20, 20, 2, 15, 2, 15, 3, 7, 2, 14, 7, 3, 6, 7, 10, 2, 1, 9, 15, 9, 15, 6, 2, 6, 8, 11, 2, 5, 7, 15, 10, 9, 14, 1, 7, 6, 5, 20, 6, 14, 5, 8, 5, 19, 6, 7, 15, 2, 4, 10, 13, 16, 19, 9, 1, 13, 7, 9, 4, 9, 10, 11, 14, 1, 19, 17, 9, 5, 9, 7, 1, 14, 11, 10, 1, 7, 4, 14, 10, 19, 11, 1, 10, 1, 19, 11, 19, 5, 14, 8, 19, 4, 4, 11, 16, 5, 1, 5, 18, 12, 10, 19, 19, 6, 14, 16, 11, 16, 16, 11, 16, 13, 16, 14, 18, 1, 13, 18, 13, 18, 11, 4, 13, 19, 5, 10, 4, 11, 18, 14, 13, 18, 16, 16, 4, 18, 4, 13, 13, 18, 18, 4, 13, 18]
bestever    1793    in generation 8942
[3, 12, 3, 12, 17, 3, 3, 12, 8, 12, 20, 12, 17, 12, 15, 12, 17, 12, 3, 17, 17, 12, 3, 8, 17, 8, 8, 17, 17, 20, 2, 15, 6, 3, 20, 9, 20, 15, 15, 2, 20, 10, 7, 8, 6, 15, 20, 9, 8, 8, 5, 2, 16, 6, 3, 17, 20, 15, 2, 3, 7, 2, 14, 15, 7, 3, 6, 7, 10, 2, 1, 9, 9, 20, 6, 2, 6, 8, 11, 2, 6, 5, 19, 6, 7, 15, 20, 2, 15, 2, 4, 10, 7, 15, 10, 9, 14, 1, 7, 8, 5, 20, 6, 14, 5, 9, 13, 16, 19, 18, 5, 1, 7, 13, 7, 9, 4, 9, 10, 11, 14, 1, 19, 17, 9, 5, 9, 1, 14, 11, 10, 1, 7, 4, 16, 10, 19, 11, 1, 10, 1, 19, 11, 19, 5, 14, 8, 19, 4, 4, 11, 18, 16, 5, 1, 5, 18, 12, 10, 19, 19, 6, 14, 16, 11, 16, 14, 11, 16, 13, 16, 14, 18, 1, 13, 13, 18, 11, 4, 13, 19, 5, 10, 4, 11, 14, 13, 18, 16, 16, 4, 18, 4, 13, 13, 18, 18, 4, 13, 18]
