bestever    3279    in generation 0
[18, 6, 6, 11, 15, 5, 11, 1, 19, 11, 13, 3, 14, 18, 3, 13, 3, 19, 9, 17, 15, 16, 19, 5, 19, 5, 15, 16, 19, 7, 15, 11, 5, 6, 14, 8, 13, 19, 4, 5, 2, 18, 10, 20, 4, 18, 8, 16, 8, 4, 4, 13, 15, 16, 14, 13, 8, 3, 4, 11, 5, 13, 2, 8, 3, 10, 9, 20, 8, 11, 4, 16, 6, 5, 10, 12, 9, 17, 14, 10, 9, 7, 17, 3, 17, 6, 10, 20, 2, 10, 13, 16, 16, 17, 1, 12, 2, 14, 7, 2, 10, 1, 3, 16, 6, 5, 15, 10, 1, 3, 18, 2, 1, 11, 15, 1, 18, 16, 2, 20, 10, 3, 18, 5, 12, 7, 11, 19, 1, 9, 6, 18, 8, 5, 20, 1, 17, 14, 13, 1, 9, 12, 19, 10, 19, 8, 17, 1, 19, 17, 7, 20, 11, 13, 20, 14, 8, 17, 6, 20, 6, 16, 6, 20, 4, 18, 12, 18, 12, 17, 12, 4, 9, 20, 7, 2, 9, 7, 9, 12, 13, 7, 9, 3, 15, 2, 8, 14, 15, 2, 4, 15, 7, 7, 12, 12, 11, 4, 14, 14]
bestever    3237    in generation 2
[19, 5, 10, 7, 2, 2, 14, 5, 1, 19, 8, 5, 7, 14, 2, 19, 18, 20, 13, 8, 7, 13, 2, 2, 8, 2, 16, 14, 20, 16, 8, 14, 1, 2, 10, 7, 13, 7, 1, 9, 14, 13, 3, 3, 13, 4, 8, 5, 5, 4, 8, 7, 10, 3, 13, 15, 10, 6, 4, 20, 1, 13, 7, 11, 17, 16, 12, 12, 15, 10, 9, 11, 5, 18, 1, 4, 1, 7, 11, 17, 16, 12, 15, 10, 9, 11, 19, 5, 19, 18, 17, 9, 7, 5, 6, 15, 18, 6, 11, 5, 17, 11, 14, 17, 17, 6, 15, 16, 9, 1, 19, 15, 10, 12, 14, 8, 4, 15, 19, 3, 3, 20, 15, 11, 12, 8, 4, 3, 11, 6, 12, 4, 11, 3, 11, 18, 19, 9, 10, 13, 3, 8, 14, 9, 16, 15, 20, 10, 1, 9, 20, 10, 16, 5, 4, 20, 13, 2, 7, 12, 8, 1, 6, 17, 6, 20, 6, 9, 19, 16, 18, 14, 9, 2, 12, 2, 6, 17, 1, 19, 12, 15, 20, 16, 18, 3, 20, 12, 18, 18, 14, 3, 6, 17, 13, 17, 4, 16, 18, 4]
bestever    3221    in generation 10
[4, 19, 5, 10, 7, 5, 19, 8, 8, 5, 2, 9, 7, 5, 7, 9, 13, 16, 13, 14, 17, 19, 8, 18, 3, 10, 6, 20, 2, 1, 17, 16, 15, 10, 9, 19, 5, 19, 14, 17, 3, 20, 19, 8, 16, 10, 18, 3, 10, 6, 20, 2, 17, 3, 20, 19, 18, 17, 9, 7, 5, 18, 5, 6, 16, 9, 1, 10, 14, 8, 4, 19, 3, 20, 15, 8, 4, 15, 12, 6, 4, 20, 1, 13, 11, 7, 11, 16, 12, 12, 11, 12, 14, 8, 4, 15, 19, 3, 20, 15, 11, 12, 8, 4, 3, 15, 12, 6, 4, 1, 13, 11, 7, 11, 17, 12, 12, 11, 6, 12, 4, 11, 3, 11, 18, 19, 9, 13, 7, 3, 5, 13, 15, 4, 10, 5, 2, 1, 3, 7, 7, 12, 14, 13, 14, 13, 6, 16, 1, 1, 17, 2, 14, 10, 13, 8, 14, 11, 9, 16, 14, 15, 2, 10, 1, 9, 10, 16, 5, 14, 2, 20, 13, 2, 7, 8, 6, 17, 6, 6, 9, 16, 18, 9, 2, 2, 17, 1, 15, 1, 20, 16, 18, 20, 18, 18, 15, 17, 4, 18]
bestever    3107    in generation 11
[17, 1, 19, 15, 1, 20, 16, 18, 20, 18, 18, 15, 17, 4, 18, 4, 19, 5, 10, 7, 5, 19, 8, 8, 5, 9, 7, 5, 7, 9, 13, 16, 13, 14, 17, 19, 8, 18, 3, 10, 20, 17, 16, 15, 10, 19, 5, 18, 17, 7, 5, 10, 8, 3, 3, 20, 8, 3, 10, 12, 20, 11, 11, 12, 6, 15, 15, 12, 4, 19, 4, 20, 16, 6, 9, 5, 18, 7, 6, 17, 2, 2, 13, 8, 9, 16, 20, 1, 9, 10, 11, 12, 14, 8, 4, 15, 19, 3, 3, 20, 15, 11, 12, 8, 4, 3, 15, 10, 12, 6, 20, 1, 13, 11, 7, 11, 17, 16, 12, 12, 11, 6, 4, 11, 3, 11, 18, 19, 9, 7, 3, 5, 15, 4, 10, 5, 2, 8, 18, 1, 3, 7, 7, 14, 13, 14, 13, 6, 12, 12, 14, 4, 13, 14, 13, 6, 1, 1, 17, 2, 16, 1, 1, 17, 2, 2, 14, 10, 13, 8, 14, 11, 9, 16, 14, 15, 20, 2, 10, 16, 5, 4, 14, 2, 13, 2, 7, 1, 6, 17, 6, 6, 9, 19, 9, 19, 16, 18, 9, 2]
bestever    3019    in generation 12
[1, 19, 15, 20, 16, 18, 20, 18, 18, 15, 17, 4, 18, 4, 19, 5, 10, 7, 5, 19, 8, 8, 5, 7, 5, 7, 13, 16, 13, 14, 17, 19, 8, 18, 3, 10, 20, 17, 15, 10, 19, 5, 19, 7, 5, 6, 14, 8, 3, 3, 20, 8, 3, 12, 20, 11, 11, 12, 11, 8, 3, 9, 2, 6, 15, 16, 9, 19, 12, 8, 4, 19, 11, 12, 12, 20, 17, 16, 12, 12, 6, 18, 9, 15, 5, 2, 18, 1, 7, 6, 1, 1, 17, 2, 2, 4, 10, 13, 14, 20, 15, 11, 12, 8, 4, 3, 15, 10, 12, 6, 20, 1, 13, 11, 7, 11, 17, 16, 17, 16, 12, 11, 6, 4, 11, 3, 18, 9, 13, 7, 3, 5, 13, 15, 4, 10, 5, 2, 7, 8, 18, 1, 3, 13, 7, 14, 4, 14, 13, 6, 1, 1, 17, 2, 2, 14, 4, 10, 13, 3, 8, 14, 9, 16, 14, 15, 20, 10, 9, 11, 9, 16, 14, 15, 20, 10, 1, 9, 10, 16, 5, 4, 14, 2, 13, 2, 7, 1, 6, 17, 6, 6, 9, 19, 9, 19, 16, 18, 2, 17]
bestever    2971    in generation 16
[4, 19, 5, 10, 7, 5, 19, 8, 8, 5, 9, 5, 7, 19, 8, 3, 10, 20, 5, 10, 8, 20, 8, 10, 12, 11, 11, 12, 6, 12, 19, 4, 6, 18, 6, 9, 11, 12, 8, 4, 19, 3, 11, 12, 8, 3, 6, 20, 16, 3, 18, 19, 19, 3, 3, 20, 15, 15, 20, 16, 18, 9, 9, 15, 10, 5, 18, 7, 14, 13, 4, 6, 1, 1, 17, 16, 1, 17, 2, 2, 14, 10, 8, 11, 20, 15, 11, 12, 8, 4, 3, 15, 10, 12, 6, 20, 1, 13, 11, 7, 17, 16, 17, 16, 12, 11, 6, 4, 11, 3, 18, 9, 9, 17, 2, 2, 14, 13, 13, 11, 9, 16, 14, 15, 2, 10, 16, 4, 14, 7, 3, 5, 15, 4, 10, 5, 2, 8, 18, 1, 3, 7, 7, 14, 13, 14, 13, 6, 12, 12, 14, 4, 14, 13, 6, 1, 1, 17, 2, 16, 1, 17, 2, 7, 5, 7, 9, 13, 16, 13, 14, 16, 15, 20, 2, 10, 5, 4, 2, 13, 7, 1, 6, 17, 9, 19, 9, 19, 18, 17, 1, 19, 15, 20, 18, 20, 18, 18, 15, 17]
bestever    2919    in generation 18
[4, 19, 5, 10, 7, 5, 19, 8, 8, 5, 9, 5, 7, 19, 8, 3, 10, 20, 5, 10, 8, 20, 8, 10, 12, 11, 11, 12, 6, 12, 19, 4, 6, 18, 6, 9, 11, 12, 8, 4, 19, 3, 11, 12, 8, 3, 6, 20, 16, 3, 18, 19, 19, 3, 3, 20, 15, 15, 20, 16, 18, 9, 9, 15, 10, 5, 18, 7, 14, 13, 4, 6, 1, 1, 17, 16, 1, 17, 2, 2, 14, 10, 8, 11, 20, 15, 11, 12, 8, 4, 3, 15, 10, 12, 6, 20, 1, 13, 11, 7, 17, 16, 17, 16, 12, 11, 6, 4, 11, 3, 18, 9, 9, 17, 2, 2, 14, 13, 13, 9, 14, 15, 10, 4, 14, 7, 3, 5, 4, 5, 18, 1, 3, 7, 7, 14, 13, 13, 6, 12, 12, 4, 13, 6, 1, 16, 15, 2, 1, 17, 9, 19, 9, 19, 16, 1, 17, 2, 2, 14, 10, 8, 11, 7, 5, 7, 9, 13, 16, 13, 14, 16, 14, 15, 20, 2, 10, 16, 5, 4, 14, 2, 13, 2, 7, 1, 6, 17, 18, 17, 1, 19, 15, 20, 18, 20, 18, 18, 15, 17]
bestever    2905    in generation 21
[8, 19, 3, 3, 20, 3, 19, 19, 3, 14, 13, 20, 14, 6, 1, 17, 1, 17, 7, 12, 20, 1, 13, 7, 17, 16, 17, 18, 9, 2, 18, 1, 7, 13, 13, 20, 6, 1, 1, 17, 2, 16, 15, 2, 16, 14, 7, 12, 6, 18, 9, 9, 3, 15, 4, 5, 15, 4, 10, 5, 2, 18, 7, 14, 13, 6, 1, 1, 17, 16, 1, 17, 2, 2, 14, 10, 8, 11, 20, 11, 8, 15, 10, 12, 6, 20, 4, 13, 11, 7, 17, 16, 17, 16, 12, 6, 4, 18, 9, 9, 17, 2, 2, 14, 13, 13, 11, 9, 16, 14, 15, 2, 10, 16, 4, 14, 7, 3, 12, 11, 6, 4, 11, 3, 18, 9, 9, 3, 5, 15, 4, 5, 15, 4, 10, 5, 2, 8, 18, 1, 3, 7, 7, 6, 12, 12, 4, 6, 10, 8, 11, 5, 9, 16, 13, 14, 16, 15, 20, 10, 5, 4, 13, 6, 9, 19, 19, 18, 19, 15, 14, 18, 20, 18, 15, 19, 5, 10, 7, 5, 19, 8, 8, 5, 19, 8, 3, 10, 20, 10, 8, 20, 8, 12, 11, 11, 12, 12, 19, 11]
bestever    2888    in generation 24
[19, 19, 3, 6, 1, 17, 1, 7, 13, 13, 20, 1, 1, 7, 18, 7, 14, 13, 1, 1, 17, 1, 17, 14, 20, 6, 20, 13, 7, 17, 17, 16, 12, 6, 18, 17, 2, 2, 14, 13, 13, 9, 16, 14, 15, 2, 16, 14, 7, 12, 6, 4, 18, 9, 9, 3, 15, 4, 5, 15, 4, 10, 5, 2, 18, 16, 1, 17, 2, 14, 10, 8, 11, 20, 11, 8, 15, 10, 12, 6, 20, 4, 11, 17, 16, 17, 16, 12, 4, 18, 9, 9, 17, 2, 2, 13, 13, 11, 9, 16, 15, 2, 10, 16, 4, 14, 7, 3, 12, 11, 6, 4, 11, 3, 18, 9, 9, 3, 15, 4, 5, 15, 4, 10, 5, 2, 18, 1, 7, 7, 14, 13, 14, 13, 6, 5, 2, 8, 18, 1, 3, 7, 7, 6, 12, 12, 4, 6, 10, 8, 11, 5, 9, 16, 14, 16, 15, 20, 10, 5, 6, 9, 19, 19, 18, 19, 15, 18, 20, 15, 19, 5, 10, 5, 19, 8, 8, 5, 19, 8, 3, 10, 20, 10, 8, 20, 8, 12, 11, 11, 12, 12, 19, 11, 8, 19, 3, 3, 20, 3]
bestever    2802    in generation 27
[6, 4, 6, 6, 1, 3, 3, 16, 3, 3, 16, 14, 6, 1, 1, 17, 16, 1, 17, 2, 14, 17, 16, 2, 2, 13, 13, 15, 2, 14, 7, 11, 11, 2, 1, 7, 14, 13, 13, 2, 1, 13, 12, 1, 3, 8, 11, 14, 15, 8, 12, 20, 4, 13, 16, 16, 12, 4, 9, 14, 11, 16, 14, 10, 4, 3, 4, 3, 5, 10, 5, 8, 18, 1, 3, 7, 7, 6, 4, 6, 10, 8, 11, 5, 9, 20, 10, 5, 4, 6, 9, 13, 17, 2, 16, 1, 17, 2, 13, 20, 2, 10, 2, 1, 17, 3, 7, 7, 12, 12, 4, 10, 8, 11, 5, 9, 16, 13, 14, 16, 15, 10, 5, 4, 13, 6, 9, 19, 19, 19, 15, 14, 18, 15, 19, 5, 7, 5, 19, 8, 9, 19, 9, 19, 18, 17, 19, 15, 20, 18, 20, 18, 18, 15, 17, 19, 19, 18, 15, 14, 18, 20, 18, 15, 7, 9, 18, 17, 15, 17, 9, 8, 9, 5, 7, 8, 10, 20, 5, 10, 8, 20, 10, 12, 11, 11, 12, 6, 12, 4, 6, 7, 3, 20, 8, 20, 12, 11, 11, 12]
bestever    2766    in generation 28
[6, 1, 3, 3, 16, 3, 16, 14, 6, 1, 1, 16, 1, 17, 2, 14, 17, 16, 2, 2, 13, 13, 15, 2, 14, 7, 11, 11, 2, 1, 7, 14, 13, 13, 2, 1, 13, 12, 3, 8, 11, 14, 15, 8, 12, 20, 4, 13, 16, 16, 12, 4, 9, 14, 11, 16, 14, 10, 4, 3, 12, 11, 4, 11, 3, 5, 10, 5, 8, 18, 1, 3, 7, 7, 6, 12, 12, 4, 6, 10, 8, 11, 5, 9, 20, 5, 4, 6, 9, 17, 2, 16, 1, 17, 2, 13, 20, 10, 1, 17, 2, 13, 20, 2, 10, 1, 17, 3, 17, 3, 7, 6, 12, 12, 4, 6, 10, 8, 11, 5, 9, 16, 13, 14, 16, 15, 10, 5, 4, 13, 6, 9, 19, 19, 19, 15, 14, 18, 15, 19, 5, 10, 7, 10, 7, 5, 19, 8, 8, 5, 9, 19, 9, 19, 18, 17, 19, 15, 20, 18, 20, 18, 18, 15, 17, 19, 19, 18, 15, 14, 18, 20, 18, 15, 5, 7, 8, 8, 9, 9, 18, 17, 15, 20, 4, 10, 7, 9, 7, 3, 20, 8, 20, 12, 11, 11, 12, 6, 4, 6]
bestever    2713    in generation 29
[17, 1, 17, 2, 14, 17, 2, 2, 13, 13, 15, 2, 14, 7, 11, 2, 1, 7, 14, 13, 13, 2, 1, 13, 12, 1, 8, 11, 14, 15, 8, 12, 20, 13, 16, 16, 12, 4, 9, 14, 11, 16, 14, 10, 4, 3, 12, 11, 4, 11, 3, 5, 10, 5, 18, 1, 3, 7, 7, 6, 12, 12, 4, 20, 4, 4, 13, 11, 16, 2, 16, 4, 14, 3, 11, 4, 11, 3, 9, 4, 4, 10, 6, 10, 11, 5, 20, 5, 6, 9, 13, 17, 2, 16, 17, 2, 13, 20, 2, 10, 3, 7, 7, 6, 12, 12, 6, 10, 8, 11, 5, 9, 16, 13, 14, 5, 7, 8, 8, 9, 8, 1, 16, 15, 10, 5, 6, 19, 19, 19, 15, 14, 18, 15, 19, 5, 10, 7, 5, 19, 8, 8, 5, 9, 19, 9, 19, 18, 17, 19, 15, 20, 18, 20, 18, 18, 15, 17, 19, 19, 18, 15, 14, 18, 18, 15, 10, 8, 8, 9, 9, 18, 17, 15, 20, 20, 17, 10, 7, 9, 7, 3, 20, 20, 12, 12, 6, 6, 6, 1, 3, 3, 16, 3, 16, 6, 1, 1, 17, 1]
bestever    2700    in generation 39
[2, 14, 11, 2, 1, 14, 13, 13, 1, 13, 12, 12, 16, 16, 12, 4, 11, 16, 10, 4, 3, 12, 11, 4, 11, 3, 5, 10, 5, 18, 3, 6, 12, 12, 4, 4, 4, 11, 15, 14, 2, 16, 2, 16, 4, 11, 4, 11, 3, 4, 4, 10, 6, 10, 11, 5, 20, 5, 6, 17, 2, 16, 1, 2, 13, 20, 10, 1, 3, 6, 12, 12, 6, 11, 5, 16, 13, 14, 15, 10, 15, 14, 18, 15, 10, 7, 9, 18, 15, 7, 19, 8, 9, 20, 18, 20, 19, 8, 8, 5, 9, 18, 15, 19, 10, 19, 8, 9, 19, 9, 14, 17, 7, 7, 3, 17, 20, 18, 17, 19, 15, 7, 19, 8, 8, 5, 9, 18, 7, 5, 19, 8, 5, 9, 20, 18, 20, 18, 15, 17, 19, 19, 15, 14, 8, 17, 17, 10, 7, 9, 7, 3, 5, 10, 8, 8, 9, 9, 18, 17, 15, 20, 20, 20, 1, 12, 12, 6, 6, 6, 1, 3, 3, 16, 3, 16, 6, 16, 6, 1, 1, 17, 1, 14, 17, 2, 13, 13, 13, 2, 14, 7, 11, 2, 1, 7, 14, 13, 13, 2]
bestever    2653    in generation 46
[10, 3, 5, 10, 5, 18, 6, 15, 14, 16, 7, 14, 18, 6, 15, 14, 7, 10, 10, 5, 20, 6, 17, 17, 20, 10, 17, 6, 6, 5, 10, 15, 15, 10, 9, 18, 15, 7, 19, 8, 9, 20, 18, 20, 7, 19, 8, 8, 5, 9, 20, 18, 15, 19, 10, 7, 19, 8, 9, 19, 9, 18, 17, 19, 15, 19, 8, 8, 9, 18, 5, 2, 2, 2, 2, 1, 12, 12, 14, 13, 14, 1, 2, 13, 13, 11, 16, 11, 3, 4, 4, 7, 19, 8, 9, 20, 18, 20, 18, 15, 17, 19, 19, 15, 8, 17, 17, 10, 7, 9, 7, 10, 8, 9, 9, 17, 15, 20, 20, 3, 6, 7, 11, 7, 8, 5, 18, 5, 5, 20, 14, 3, 1, 12, 12, 6, 6, 6, 1, 3, 3, 16, 1, 1, 17, 1, 14, 17, 2, 13, 11, 2, 1, 13, 13, 2, 2, 11, 2, 1, 13, 13, 1, 13, 16, 16, 12, 4, 11, 16, 4, 3, 12, 11, 4, 3, 3, 6, 12, 12, 4, 4, 4, 11, 16, 4, 14, 3, 11, 4, 14, 13, 14, 5, 12, 12, 16, 16, 11, 16]
bestever    2609    in generation 51
[10, 3, 5, 10, 5, 18, 6, 15, 14, 16, 7, 14, 18, 6, 15, 14, 7, 10, 10, 5, 20, 6, 17, 17, 20, 10, 17, 6, 6, 5, 10, 15, 15, 10, 9, 18, 15, 7, 19, 8, 9, 20, 18, 20, 7, 19, 8, 8, 5, 9, 20, 18, 15, 19, 10, 7, 19, 8, 9, 19, 9, 18, 17, 19, 15, 19, 8, 8, 9, 18, 5, 2, 2, 2, 2, 1, 12, 12, 14, 13, 14, 1, 2, 13, 13, 11, 16, 11, 3, 4, 4, 7, 19, 8, 9, 20, 18, 20, 18, 15, 17, 19, 19, 15, 8, 17, 17, 10, 7, 9, 7, 10, 8, 9, 9, 17, 15, 20, 20, 3, 6, 7, 11, 7, 8, 5, 18, 5, 5, 20, 14, 3, 1, 12, 12, 6, 6, 6, 1, 3, 3, 16, 1, 1, 17, 1, 14, 17, 2, 13, 11, 2, 1, 13, 13, 2, 2, 11, 2, 1, 13, 13, 1, 13, 16, 16, 12, 4, 11, 16, 4, 3, 12, 11, 4, 3, 3, 11, 13, 11, 4, 16, 14, 14, 5, 12, 16, 16, 12, 3, 6, 12, 12, 4, 4, 4, 4, 11, 16, 14]
bestever    2555    in generation 58
[10, 3, 5, 10, 5, 18, 6, 15, 14, 16, 7, 14, 18, 6, 15, 14, 7, 10, 10, 5, 20, 6, 17, 17, 20, 10, 17, 6, 6, 5, 10, 15, 15, 10, 9, 18, 15, 7, 19, 8, 9, 20, 18, 20, 7, 19, 8, 8, 5, 9, 20, 18, 15, 19, 10, 7, 19, 8, 9, 19, 9, 18, 17, 19, 15, 19, 8, 8, 9, 18, 5, 2, 2, 2, 2, 1, 12, 12, 14, 13, 1, 2, 13, 13, 11, 11, 3, 4, 4, 7, 19, 8, 9, 20, 18, 20, 18, 15, 17, 19, 19, 15, 8, 17, 17, 10, 7, 9, 7, 10, 8, 9, 9, 17, 15, 20, 20, 3, 6, 7, 11, 7, 8, 13, 14, 5, 18, 5, 5, 20, 14, 3, 1, 12, 12, 6, 6, 6, 1, 3, 3, 16, 1, 1, 17, 1, 14, 17, 2, 13, 11, 2, 1, 13, 13, 2, 2, 11, 2, 1, 13, 1, 13, 16, 16, 12, 4, 11, 16, 4, 3, 12, 11, 4, 3, 3, 11, 13, 11, 4, 16, 14, 14, 5, 12, 16, 16, 12, 3, 6, 12, 12, 4, 4, 4, 4, 11, 16, 16, 14]
bestever    2547    in generation 61
[10, 3, 5, 10, 5, 18, 6, 15, 14, 16, 7, 14, 18, 6, 15, 14, 7, 10, 10, 5, 20, 6, 17, 17, 20, 10, 17, 6, 6, 5, 10, 15, 15, 10, 9, 18, 15, 7, 19, 8, 9, 20, 18, 20, 7, 19, 8, 8, 5, 9, 20, 18, 15, 19, 10, 7, 19, 8, 9, 19, 9, 18, 17, 19, 15, 19, 8, 8, 9, 18, 5, 2, 2, 2, 2, 1, 12, 12, 14, 13, 1, 2, 13, 13, 11, 11, 3, 7, 19, 8, 9, 20, 18, 20, 18, 15, 17, 19, 19, 15, 8, 17, 17, 10, 7, 9, 7, 10, 8, 9, 9, 17, 15, 20, 20, 3, 6, 7, 11, 7, 8, 13, 14, 5, 18, 5, 5, 20, 3, 1, 12, 6, 6, 6, 1, 3, 3, 16, 1, 1, 17, 1, 17, 2, 13, 11, 2, 1, 13, 13, 2, 2, 11, 2, 1, 13, 1, 13, 16, 4, 11, 4, 3, 4, 11, 4, 14, 16, 12, 12, 3, 3, 13, 11, 4, 14, 12, 16, 12, 11, 4, 16, 14, 14, 5, 12, 16, 16, 12, 3, 6, 12, 4, 4, 4, 4, 11, 16, 16, 14]
bestever    2472    in generation 69
[10, 3, 5, 10, 5, 18, 6, 15, 14, 7, 14, 18, 6, 15, 7, 10, 10, 5, 20, 6, 17, 17, 20, 10, 17, 6, 6, 5, 10, 15, 15, 10, 9, 18, 15, 7, 19, 8, 9, 20, 18, 20, 7, 19, 8, 8, 5, 9, 20, 18, 15, 19, 10, 14, 16, 7, 19, 8, 9, 19, 9, 18, 17, 19, 15, 19, 8, 8, 9, 18, 5, 2, 2, 2, 2, 1, 12, 12, 14, 13, 1, 2, 13, 13, 11, 11, 3, 7, 19, 8, 9, 20, 18, 20, 18, 15, 17, 19, 19, 15, 8, 17, 17, 10, 7, 9, 7, 10, 8, 9, 9, 17, 15, 20, 20, 3, 6, 7, 11, 7, 8, 13, 14, 5, 18, 5, 5, 20, 3, 1, 12, 6, 6, 6, 1, 3, 3, 16, 1, 1, 17, 1, 17, 2, 13, 11, 2, 1, 13, 13, 2, 2, 11, 2, 1, 13, 1, 13, 16, 4, 11, 4, 3, 4, 11, 4, 14, 16, 12, 12, 3, 3, 13, 11, 4, 14, 12, 16, 12, 11, 4, 16, 14, 14, 5, 12, 16, 16, 12, 3, 6, 12, 4, 4, 4, 4, 11, 16, 16, 14]
bestever    2469    in generation 70
[10, 3, 5, 10, 5, 18, 6, 15, 14, 7, 18, 6, 15, 7, 10, 10, 5, 20, 6, 17, 17, 20, 10, 17, 6, 6, 5, 10, 15, 15, 10, 9, 18, 15, 7, 19, 14, 8, 9, 20, 18, 20, 7, 19, 8, 8, 5, 9, 20, 18, 15, 19, 10, 14, 16, 7, 19, 8, 9, 19, 9, 18, 17, 19, 15, 19, 8, 8, 9, 18, 5, 2, 2, 2, 2, 1, 12, 12, 14, 13, 1, 2, 13, 13, 11, 11, 3, 7, 19, 8, 9, 20, 18, 20, 18, 15, 17, 19, 19, 15, 8, 17, 17, 10, 7, 9, 7, 10, 8, 9, 9, 17, 15, 20, 20, 3, 6, 7, 11, 7, 8, 13, 14, 5, 18, 5, 5, 20, 3, 1, 12, 6, 6, 6, 1, 3, 3, 16, 1, 1, 17, 1, 17, 2, 13, 11, 2, 1, 13, 13, 2, 2, 11, 2, 1, 13, 1, 13, 16, 4, 11, 4, 3, 4, 11, 4, 14, 16, 12, 12, 3, 3, 13, 11, 4, 14, 12, 16, 12, 11, 4, 16, 14, 14, 5, 12, 16, 16, 12, 3, 6, 12, 4, 4, 4, 4, 11, 16, 16, 14]
bestever    2468    in generation 71
[10, 3, 5, 10, 5, 18, 6, 15, 14, 7, 14, 18, 6, 15, 7, 10, 10, 5, 20, 6, 17, 17, 20, 10, 17, 6, 6, 5, 10, 15, 15, 10, 9, 18, 15, 7, 19, 19, 9, 20, 18, 20, 7, 19, 8, 8, 5, 9, 20, 18, 15, 19, 10, 14, 16, 7, 8, 8, 9, 19, 9, 18, 17, 19, 15, 19, 8, 8, 9, 18, 5, 2, 2, 2, 2, 1, 12, 12, 14, 13, 1, 2, 13, 13, 11, 11, 3, 7, 19, 8, 9, 20, 18, 20, 18, 15, 17, 19, 19, 15, 8, 17, 17, 10, 7, 9, 7, 10, 8, 9, 9, 17, 15, 20, 20, 3, 6, 7, 11, 7, 8, 13, 14, 5, 18, 5, 5, 20, 3, 1, 12, 6, 6, 6, 1, 3, 3, 16, 1, 1, 17, 1, 17, 2, 13, 11, 2, 1, 13, 13, 2, 2, 11, 2, 1, 13, 1, 13, 16, 4, 11, 4, 3, 4, 11, 4, 14, 16, 12, 12, 3, 3, 13, 11, 4, 14, 12, 16, 12, 11, 4, 16, 14, 14, 5, 12, 16, 16, 12, 3, 6, 12, 4, 4, 4, 4, 11, 16, 16, 14]
bestever    2442    in generation 73
[10, 3, 5, 10, 5, 18, 6, 15, 7, 18, 6, 15, 7, 10, 10, 5, 20, 6, 17, 17, 20, 10, 17, 6, 6, 5, 10, 15, 14, 15, 10, 9, 18, 15, 7, 19, 14, 8, 9, 20, 18, 20, 7, 19, 8, 8, 5, 9, 20, 18, 15, 19, 10, 14, 16, 7, 19, 8, 9, 19, 9, 18, 17, 19, 15, 19, 8, 8, 9, 18, 5, 2, 2, 2, 2, 1, 12, 12, 14, 13, 1, 2, 13, 13, 11, 11, 3, 7, 19, 8, 9, 20, 18, 20, 18, 15, 17, 19, 19, 15, 8, 17, 17, 10, 7, 9, 7, 10, 8, 9, 9, 17, 15, 20, 20, 3, 6, 7, 11, 7, 8, 13, 14, 5, 18, 5, 5, 20, 3, 1, 12, 6, 6, 6, 1, 3, 3, 16, 1, 1, 17, 1, 17, 2, 13, 11, 2, 1, 13, 13, 2, 2, 11, 2, 1, 13, 1, 13, 16, 4, 11, 4, 3, 4, 11, 4, 14, 16, 12, 12, 3, 3, 13, 11, 4, 14, 12, 16, 12, 11, 4, 16, 14, 14, 5, 12, 16, 16, 12, 3, 6, 12, 4, 4, 4, 4, 11, 16, 16, 14]
bestever    2429    in generation 82
[10, 3, 5, 10, 5, 18, 6, 15, 7, 18, 6, 15, 7, 10, 10, 5, 20, 6, 17, 17, 20, 10, 17, 6, 6, 5, 10, 15, 14, 15, 10, 1, 18, 15, 7, 19, 14, 8, 9, 20, 18, 20, 7, 19, 8, 8, 5, 9, 20, 18, 15, 19, 10, 14, 16, 7, 19, 8, 9, 19, 9, 18, 17, 19, 15, 19, 8, 8, 9, 18, 5, 2, 2, 2, 2, 9, 12, 12, 14, 13, 1, 2, 13, 13, 11, 11, 3, 7, 19, 8, 9, 20, 18, 20, 18, 15, 17, 19, 19, 15, 8, 17, 17, 10, 7, 9, 7, 10, 8, 9, 9, 17, 15, 20, 20, 3, 6, 7, 11, 7, 8, 13, 14, 5, 18, 5, 5, 20, 3, 1, 12, 6, 6, 6, 1, 3, 3, 16, 1, 1, 17, 1, 17, 2, 13, 11, 2, 1, 13, 13, 2, 2, 11, 2, 1, 13, 1, 13, 16, 4, 11, 4, 3, 4, 11, 4, 14, 16, 12, 12, 3, 3, 13, 11, 4, 14, 12, 16, 12, 11, 4, 16, 14, 14, 5, 12, 16, 16, 12, 3, 6, 12, 4, 4, 4, 4, 11, 16, 16, 14]
bestever    2408    in generation 88
[10, 3, 5, 10, 5, 18, 6, 15, 7, 18, 6, 15, 7, 10, 10, 5, 20, 6, 17, 17, 20, 10, 17, 6, 6, 5, 10, 15, 14, 15, 10, 1, 18, 15, 7, 19, 14, 8, 9, 20, 18, 20, 7, 19, 8, 8, 5, 9, 20, 18, 15, 19, 10, 14, 7, 19, 8, 9, 19, 9, 18, 17, 19, 15, 19, 8, 8, 9, 18, 5, 2, 2, 2, 2, 9, 12, 12, 14, 13, 1, 2, 13, 13, 11, 11, 3, 7, 19, 8, 9, 20, 18, 18, 15, 17, 19, 19, 15, 8, 17, 17, 9, 8, 9, 9, 17, 3, 6, 11, 7, 8, 13, 5, 18, 5, 5, 3, 1, 12, 16, 7, 7, 10, 10, 20, 20, 15, 7, 14, 20, 20, 6, 6, 6, 1, 3, 3, 16, 1, 1, 17, 1, 17, 2, 13, 11, 2, 1, 13, 13, 2, 2, 11, 2, 1, 13, 1, 13, 16, 4, 11, 4, 3, 4, 11, 4, 14, 16, 12, 12, 3, 3, 13, 11, 4, 14, 12, 16, 12, 11, 4, 16, 14, 14, 5, 12, 16, 16, 12, 3, 6, 12, 4, 4, 4, 4, 11, 16, 16, 14]
bestever    2405    in generation 97
[10, 3, 5, 10, 5, 18, 6, 15, 7, 18, 6, 15, 7, 10, 10, 5, 20, 6, 17, 17, 18, 10, 17, 6, 6, 5, 10, 15, 14, 15, 10, 1, 18, 15, 7, 19, 14, 8, 9, 20, 18, 20, 7, 19, 8, 8, 5, 9, 20, 20, 15, 19, 10, 14, 7, 19, 8, 9, 19, 9, 18, 17, 19, 15, 19, 8, 8, 9, 18, 5, 2, 2, 2, 2, 9, 12, 12, 14, 13, 1, 2, 13, 13, 11, 11, 3, 7, 19, 8, 9, 20, 18, 18, 15, 17, 19, 19, 15, 8, 17, 17, 9, 8, 9, 9, 17, 3, 6, 11, 7, 8, 13, 5, 18, 5, 5, 3, 1, 12, 16, 7, 7, 10, 10, 20, 20, 15, 7, 14, 20, 20, 6, 6, 6, 1, 3, 3, 16, 1, 1, 17, 1, 17, 2, 13, 11, 2, 1, 13, 13, 2, 2, 11, 2, 1, 13, 1, 13, 16, 4, 11, 4, 3, 4, 11, 4, 14, 16, 12, 12, 3, 3, 13, 11, 4, 14, 12, 16, 12, 11, 4, 16, 14, 14, 5, 12, 16, 16, 12, 3, 6, 12, 4, 4, 4, 4, 11, 16, 16, 14]
bestever    2403    in generation 102
[10, 3, 5, 10, 5, 18, 6, 15, 7, 18, 6, 15, 7, 10, 10, 5, 20, 6, 17, 17, 20, 10, 17, 6, 6, 5, 10, 15, 14, 15, 10, 1, 18, 15, 7, 19, 14, 8, 9, 20, 18, 20, 7, 19, 8, 8, 5, 9, 20, 18, 15, 19, 10, 14, 7, 19, 8, 9, 19, 9, 18, 17, 19, 15, 19, 8, 8, 9, 18, 5, 2, 2, 2, 2, 9, 12, 12, 14, 13, 1, 2, 13, 13, 11, 3, 7, 19, 8, 9, 20, 18, 18, 15, 17, 19, 19, 15, 8, 17, 17, 9, 8, 9, 9, 17, 3, 6, 11, 7, 8, 13, 5, 18, 5, 5, 3, 1, 12, 16, 7, 7, 10, 10, 20, 20, 15, 7, 14, 20, 20, 6, 6, 6, 1, 3, 3, 16, 1, 1, 17, 1, 17, 2, 13, 11, 2, 1, 13, 11, 13, 2, 2, 11, 2, 1, 13, 1, 13, 16, 4, 11, 4, 3, 4, 11, 4, 14, 16, 12, 12, 3, 3, 13, 11, 4, 14, 12, 16, 12, 4, 16, 14, 14, 5, 12, 16, 12, 3, 6, 12, 4, 4, 11, 16, 4, 4, 11, 16, 16, 14]
bestever    2329    in generation 104
[10, 7, 5, 10, 5, 18, 6, 15, 7, 18, 6, 15, 7, 10, 10, 5, 20, 6, 17, 17, 20, 10, 17, 6, 6, 5, 10, 15, 14, 15, 10, 1, 18, 15, 7, 19, 14, 8, 9, 20, 18, 20, 7, 19, 8, 8, 5, 9, 20, 18, 15, 19, 10, 14, 7, 19, 8, 9, 19, 9, 18, 17, 19, 15, 19, 8, 8, 9, 18, 5, 2, 2, 2, 2, 9, 12, 12, 14, 13, 1, 2, 13, 13, 11, 3, 7, 19, 8, 9, 20, 18, 18, 15, 17, 19, 19, 15, 8, 17, 17, 9, 8, 9, 9, 17, 3, 6, 11, 7, 8, 13, 5, 18, 5, 5, 3, 1, 12, 16, 7, 7, 10, 10, 20, 20, 15, 3, 14, 20, 20, 6, 6, 6, 1, 3, 3, 16, 1, 1, 17, 1, 17, 2, 13, 11, 2, 1, 13, 11, 13, 2, 2, 11, 2, 1, 13, 1, 13, 16, 4, 11, 4, 3, 4, 11, 4, 14, 16, 12, 12, 3, 3, 13, 11, 4, 14, 12, 16, 12, 11, 4, 16, 14, 14, 5, 12, 16, 16, 12, 3, 6, 12, 4, 4, 4, 4, 11, 16, 16, 14]
bestever    2320    in generation 106
[10, 7, 5, 10, 5, 18, 6, 15, 7, 18, 6, 15, 7, 10, 10, 5, 20, 6, 17, 17, 20, 10, 17, 6, 6, 5, 10, 15, 14, 15, 10, 1, 18, 15, 7, 19, 14, 8, 9, 20, 18, 20, 7, 19, 8, 8, 5, 9, 20, 18, 15, 19, 10, 14, 7, 19, 8, 9, 19, 9, 18, 17, 19, 15, 19, 8, 8, 9, 18, 5, 2, 2, 2, 2, 9, 12, 13, 1, 2, 13, 13, 11, 3, 19, 8, 9, 20, 3, 14, 18, 18, 15, 17, 19, 19, 15, 8, 17, 17, 9, 8, 9, 9, 17, 3, 6, 11, 7, 8, 13, 5, 18, 5, 5, 3, 1, 7, 7, 10, 10, 20, 20, 15, 7, 14, 20, 20, 6, 6, 6, 1, 3, 3, 1, 1, 17, 1, 17, 2, 13, 11, 2, 1, 13, 11, 13, 2, 2, 11, 2, 1, 13, 1, 13, 16, 11, 4, 4, 16, 12, 3, 4, 12, 16, 12, 11, 4, 16, 14, 12, 3, 3, 13, 11, 4, 14, 12, 16, 12, 11, 4, 16, 14, 14, 5, 12, 16, 16, 12, 3, 6, 12, 4, 4, 4, 4, 11, 16, 16, 14]
bestever    2286    in generation 116
[10, 7, 5, 10, 5, 18, 6, 15, 7, 18, 6, 15, 7, 10, 10, 5, 20, 6, 17, 17, 10, 17, 6, 6, 5, 10, 15, 14, 15, 10, 1, 18, 15, 7, 19, 14, 8, 9, 20, 18, 20, 7, 19, 8, 8, 5, 9, 20, 18, 15, 19, 10, 14, 7, 19, 9, 19, 18, 17, 19, 15, 19, 8, 8, 9, 18, 5, 2, 2, 2, 2, 9, 12, 14, 13, 1, 2, 13, 13, 11, 3, 7, 19, 8, 9, 20, 8, 9, 20, 18, 18, 15, 17, 19, 19, 15, 8, 17, 17, 9, 8, 9, 9, 17, 3, 6, 11, 7, 8, 13, 5, 18, 5, 5, 3, 1, 7, 7, 10, 10, 20, 20, 15, 3, 20, 20, 6, 6, 6, 1, 3, 3, 1, 1, 17, 1, 17, 2, 13, 11, 2, 14, 1, 13, 11, 13, 2, 2, 11, 2, 1, 13, 1, 13, 16, 11, 4, 4, 16, 12, 3, 4, 12, 16, 12, 11, 4, 16, 14, 12, 3, 3, 13, 11, 4, 14, 12, 16, 12, 11, 4, 16, 14, 14, 5, 12, 16, 16, 12, 3, 6, 12, 4, 4, 4, 4, 11, 16, 16, 14]
bestever    2273    in generation 125
[10, 7, 5, 10, 5, 18, 6, 15, 7, 18, 6, 15, 7, 10, 10, 5, 20, 6, 17, 17, 10, 17, 6, 6, 5, 10, 15, 14, 15, 10, 1, 18, 15, 7, 19, 14, 8, 9, 20, 18, 20, 7, 19, 8, 8, 5, 9, 20, 18, 15, 19, 10, 14, 7, 19, 9, 19, 18, 17, 19, 15, 19, 8, 8, 9, 18, 5, 2, 2, 2, 2, 9, 12, 14, 13, 1, 2, 13, 13, 11, 3, 7, 19, 8, 9, 20, 8, 9, 20, 18, 18, 15, 17, 19, 19, 15, 17, 17, 8, 9, 8, 9, 9, 17, 3, 6, 11, 7, 8, 13, 18, 5, 5, 3, 1, 7, 7, 10, 10, 20, 20, 15, 20, 20, 6, 6, 6, 1, 1, 1, 17, 1, 17, 2, 13, 2, 1, 13, 13, 2, 2, 2, 1, 1, 4, 16, 12, 16, 16, 12, 3, 11, 12, 13, 11, 4, 12, 3, 11, 4, 16, 3, 3, 13, 11, 4, 14, 3, 3, 13, 11, 4, 14, 11, 14, 5, 12, 16, 12, 11, 4, 16, 14, 14, 5, 12, 16, 16, 12, 3, 6, 12, 4, 4, 4, 4, 11, 16, 16, 14]
bestever    2272    in generation 132
[10, 7, 5, 10, 5, 18, 6, 15, 7, 18, 6, 15, 7, 10, 10, 5, 20, 6, 17, 17, 10, 17, 6, 6, 5, 10, 15, 14, 15, 10, 18, 15, 7, 19, 14, 8, 9, 20, 18, 20, 7, 19, 8, 8, 5, 9, 20, 18, 15, 19, 10, 14, 7, 19, 9, 19, 18, 17, 19, 15, 19, 8, 8, 9, 18, 5, 2, 2, 2, 2, 9, 12, 14, 13, 2, 13, 13, 11, 3, 7, 19, 8, 9, 20, 8, 9, 20, 18, 18, 15, 17, 19, 19, 15, 17, 17, 8, 9, 8, 9, 9, 17, 3, 6, 11, 7, 8, 13, 18, 5, 5, 3, 7, 7, 10, 10, 20, 20, 15, 20, 20, 6, 1, 1, 1, 6, 6, 1, 1, 1, 17, 1, 17, 2, 13, 2, 1, 13, 13, 2, 2, 2, 1, 1, 4, 16, 12, 16, 16, 12, 3, 11, 12, 13, 11, 4, 12, 3, 11, 4, 16, 3, 3, 13, 11, 4, 14, 3, 3, 13, 11, 4, 14, 11, 14, 5, 12, 16, 12, 11, 4, 16, 14, 14, 5, 12, 16, 16, 12, 3, 6, 12, 4, 4, 4, 4, 11, 16, 16, 14]
bestever    2264    in generation 158
[10, 7, 5, 10, 5, 18, 6, 15, 7, 18, 6, 15, 7, 10, 10, 5, 6, 17, 10, 6, 6, 5, 10, 15, 14, 15, 10, 18, 15, 7, 19, 14, 8, 9, 18, 20, 7, 19, 8, 8, 5, 9, 20, 18, 15, 19, 10, 14, 7, 19, 9, 19, 18, 19, 19, 8, 8, 9, 5, 2, 2, 2, 2, 9, 12, 14, 13, 2, 13, 13, 11, 3, 7, 19, 20, 20, 18, 17, 15, 17, 17, 8, 9, 20, 8, 9, 20, 18, 18, 15, 17, 19, 19, 15, 17, 17, 8, 9, 8, 9, 9, 17, 3, 6, 11, 7, 8, 13, 18, 5, 5, 3, 7, 7, 10, 10, 20, 20, 15, 20, 20, 6, 1, 1, 1, 6, 6, 1, 1, 1, 17, 1, 17, 2, 13, 2, 1, 13, 13, 2, 2, 2, 1, 1, 4, 16, 12, 16, 16, 12, 3, 11, 12, 13, 11, 4, 12, 3, 11, 4, 16, 3, 3, 13, 11, 4, 14, 3, 3, 13, 11, 4, 14, 11, 14, 5, 12, 16, 12, 11, 4, 16, 14, 14, 5, 12, 16, 16, 12, 3, 6, 12, 4, 4, 4, 4, 11, 16, 16, 14]
bestever    2256    in generation 159
[10, 7, 5, 10, 5, 18, 6, 15, 7, 18, 6, 15, 10, 10, 5, 6, 17, 10, 6, 6, 5, 10, 15, 14, 15, 10, 18, 15, 7, 19, 14, 8, 9, 18, 7, 19, 8, 5, 9, 18, 15, 19, 10, 14, 7, 19, 19, 18, 19, 8, 5, 2, 2, 2, 2, 9, 12, 14, 13, 2, 13, 13, 11, 3, 7, 19, 20, 20, 18, 17, 15, 17, 17, 8, 9, 20, 8, 9, 20, 7, 19, 8, 9, 20, 8, 9, 20, 18, 18, 15, 17, 19, 19, 15, 17, 17, 8, 9, 8, 9, 9, 17, 3, 6, 11, 7, 8, 13, 18, 5, 5, 3, 7, 7, 10, 10, 20, 20, 15, 20, 20, 6, 1, 1, 1, 6, 6, 1, 1, 1, 17, 1, 17, 2, 13, 2, 1, 13, 13, 2, 2, 2, 1, 1, 4, 16, 12, 16, 16, 12, 3, 11, 12, 13, 11, 4, 12, 3, 11, 4, 16, 3, 3, 13, 11, 4, 14, 3, 3, 13, 11, 4, 14, 11, 14, 5, 12, 16, 12, 11, 4, 16, 14, 14, 5, 12, 16, 16, 12, 3, 6, 12, 4, 4, 4, 4, 11, 16, 16, 14]
bestever    2207    in generation 182
[10, 7, 5, 10, 5, 18, 6, 15, 7, 18, 6, 15, 10, 10, 5, 6, 17, 10, 6, 6, 5, 10, 15, 14, 15, 10, 18, 15, 7, 19, 14, 8, 9, 18, 7, 19, 8, 5, 9, 18, 15, 19, 10, 14, 7, 19, 19, 18, 19, 8, 5, 2, 2, 2, 2, 9, 12, 14, 13, 2, 13, 13, 11, 3, 7, 19, 20, 20, 18, 17, 15, 17, 17, 8, 9, 20, 8, 9, 20, 7, 19, 8, 9, 20, 8, 9, 20, 18, 18, 15, 17, 19, 19, 15, 17, 17, 8, 9, 8, 9, 9, 17, 3, 6, 11, 7, 8, 13, 18, 3, 7, 7, 10, 10, 20, 20, 15, 20, 20, 6, 1, 1, 1, 6, 6, 1, 1, 1, 17, 1, 17, 2, 13, 2, 1, 13, 13, 2, 2, 2, 1, 1, 4, 12, 12, 3, 11, 13, 11, 4, 3, 11, 4, 3, 3, 13, 11, 3, 13, 11, 11, 5, 4, 16, 14, 5, 16, 14, 12, 16, 3, 4, 14, 5, 12, 16, 12, 11, 4, 16, 14, 14, 5, 12, 16, 16, 12, 16, 12, 3, 6, 12, 4, 4, 4, 4, 11, 16, 16, 14]
bestever    2195    in generation 230
[10, 7, 5, 10, 5, 18, 6, 15, 7, 18, 6, 15, 10, 10, 5, 6, 17, 10, 6, 6, 5, 10, 15, 14, 15, 10, 18, 15, 7, 19, 14, 8, 9, 18, 7, 19, 8, 5, 9, 18, 15, 19, 10, 14, 9, 19, 19, 18, 19, 8, 5, 2, 2, 2, 2, 9, 12, 14, 13, 2, 13, 13, 11, 3, 7, 19, 20, 20, 18, 17, 15, 17, 17, 8, 7, 20, 8, 9, 20, 7, 19, 8, 9, 20, 8, 9, 20, 18, 18, 15, 17, 19, 19, 15, 17, 17, 8, 9, 8, 9, 9, 17, 3, 6, 11, 7, 8, 13, 18, 3, 7, 7, 10, 10, 20, 20, 15, 20, 20, 6, 1, 1, 1, 6, 6, 1, 1, 1, 17, 1, 17, 2, 13, 2, 1, 13, 13, 2, 2, 2, 1, 1, 4, 12, 12, 3, 11, 13, 11, 4, 3, 11, 4, 3, 3, 13, 11, 3, 13, 11, 11, 5, 4, 16, 14, 5, 16, 14, 12, 16, 3, 4, 14, 5, 12, 16, 12, 11, 4, 16, 14, 14, 5, 12, 16, 16, 12, 16, 12, 3, 6, 12, 4, 4, 4, 4, 11, 16, 16, 14]
bestever    2181    in generation 250
[10, 7, 5, 10, 5, 18, 6, 15, 7, 18, 6, 15, 10, 10, 5, 6, 17, 10, 6, 6, 5, 10, 15, 14, 15, 10, 18, 15, 7, 19, 14, 8, 9, 7, 7, 19, 8, 5, 9, 18, 15, 19, 10, 14, 9, 19, 19, 18, 19, 8, 5, 2, 2, 2, 2, 9, 12, 14, 13, 2, 13, 13, 11, 3, 18, 19, 20, 20, 18, 17, 15, 17, 17, 8, 7, 20, 8, 9, 20, 7, 19, 8, 9, 20, 8, 9, 20, 18, 18, 15, 17, 19, 19, 15, 17, 17, 8, 9, 8, 9, 9, 17, 3, 6, 11, 7, 8, 13, 18, 3, 7, 7, 10, 10, 20, 20, 15, 20, 20, 6, 1, 1, 1, 6, 6, 1, 1, 1, 17, 1, 17, 2, 13, 2, 1, 13, 13, 2, 2, 2, 1, 1, 4, 12, 12, 3, 11, 13, 11, 4, 3, 11, 4, 3, 3, 13, 11, 3, 13, 11, 11, 5, 4, 16, 14, 5, 16, 14, 12, 16, 3, 4, 14, 5, 12, 16, 12, 11, 4, 16, 14, 14, 5, 12, 16, 16, 12, 16, 12, 3, 6, 12, 4, 4, 4, 4, 11, 16, 16, 14]
bestever    2177    in generation 289
[10, 7, 5, 10, 5, 18, 6, 15, 7, 18, 6, 15, 10, 10, 5, 6, 17, 10, 6, 6, 5, 10, 15, 14, 15, 10, 18, 15, 7, 19, 14, 8, 9, 7, 7, 19, 8, 5, 9, 18, 15, 19, 10, 14, 9, 19, 19, 18, 19, 8, 5, 2, 2, 2, 2, 9, 12, 14, 13, 2, 13, 13, 11, 3, 18, 19, 20, 20, 18, 17, 15, 17, 17, 8, 7, 20, 8, 9, 20, 7, 19, 8, 9, 20, 8, 9, 20, 18, 18, 15, 17, 19, 19, 15, 17, 17, 8, 9, 8, 9, 9, 17, 3, 6, 11, 7, 8, 13, 18, 3, 7, 7, 10, 10, 20, 20, 15, 20, 20, 6, 1, 1, 1, 6, 6, 1, 1, 1, 17, 1, 17, 2, 13, 2, 1, 13, 13, 2, 2, 2, 1, 1, 4, 12, 12, 3, 11, 13, 11, 4, 3, 11, 4, 3, 3, 13, 11, 3, 13, 11, 11, 5, 4, 16, 14, 5, 16, 14, 12, 3, 5, 12, 12, 11, 14, 16, 16, 4, 4, 16, 14, 14, 5, 12, 16, 16, 12, 16, 12, 3, 6, 12, 4, 4, 4, 4, 11, 16, 16, 14]
bestever    2174    in generation 354
[10, 7, 5, 10, 5, 18, 6, 15, 7, 18, 6, 15, 10, 10, 5, 6, 17, 10, 6, 6, 5, 10, 15, 14, 15, 10, 18, 15, 7, 19, 14, 8, 9, 7, 7, 19, 8, 6, 9, 18, 15, 19, 10, 14, 9, 19, 19, 18, 19, 8, 5, 2, 2, 2, 2, 9, 12, 14, 13, 2, 17, 13, 11, 3, 18, 19, 20, 20, 18, 17, 15, 17, 17, 8, 7, 20, 8, 9, 20, 7, 19, 8, 9, 20, 8, 9, 20, 18, 18, 15, 13, 19, 19, 15, 17, 17, 8, 9, 8, 13, 9, 17, 3, 6, 11, 7, 8, 13, 18, 3, 7, 7, 10, 10, 20, 20, 15, 20, 20, 6, 1, 1, 1, 5, 6, 1, 1, 1, 17, 1, 17, 2, 13, 2, 1, 9, 13, 2, 2, 2, 1, 1, 4, 12, 12, 3, 11, 13, 11, 4, 3, 11, 4, 3, 3, 13, 11, 3, 13, 11, 11, 5, 4, 16, 14, 5, 16, 14, 12, 3, 5, 12, 12, 11, 14, 16, 16, 4, 4, 16, 14, 14, 5, 12, 16, 16, 12, 12, 3, 6, 12, 4, 16, 4, 4, 4, 11, 16, 16, 14]
bestever    2159    in generation 385
[10, 7, 5, 10, 5, 18, 6, 15, 7, 18, 6, 15, 10, 10, 5, 6, 17, 10, 6, 6, 5, 10, 15, 14, 15, 10, 18, 15, 7, 19, 14, 8, 9, 7, 7, 19, 8, 6, 9, 18, 15, 19, 10, 14, 9, 19, 19, 18, 19, 8, 5, 2, 2, 2, 2, 9, 12, 14, 13, 2, 17, 13, 11, 3, 18, 19, 20, 20, 18, 17, 15, 17, 17, 8, 7, 20, 8, 9, 20, 7, 19, 8, 9, 20, 8, 9, 20, 18, 18, 15, 13, 19, 19, 15, 17, 17, 8, 9, 8, 13, 9, 17, 3, 6, 7, 8, 13, 18, 3, 7, 7, 10, 10, 20, 20, 15, 20, 20, 6, 1, 1, 1, 5, 6, 1, 1, 1, 17, 1, 17, 2, 2, 1, 9, 6, 2, 2, 2, 1, 1, 4, 12, 12, 3, 4, 3, 11, 4, 3, 13, 11, 3, 13, 11, 3, 13, 11, 11, 13, 11, 11, 5, 4, 16, 14, 5, 16, 14, 12, 3, 5, 12, 12, 11, 14, 16, 16, 4, 4, 16, 14, 14, 5, 12, 16, 16, 12, 12, 3, 13, 12, 4, 16, 4, 4, 4, 11, 16, 16, 14]
bestever    2152    in generation 404
[10, 7, 5, 10, 5, 18, 6, 15, 7, 18, 6, 15, 10, 10, 5, 6, 17, 10, 6, 6, 5, 10, 15, 14, 15, 10, 18, 15, 7, 19, 14, 8, 9, 7, 7, 19, 8, 19, 9, 18, 15, 19, 10, 14, 9, 6, 19, 18, 19, 8, 5, 2, 2, 2, 2, 9, 12, 14, 13, 2, 17, 13, 11, 3, 18, 19, 20, 20, 18, 17, 15, 17, 17, 8, 7, 20, 8, 9, 20, 7, 19, 8, 9, 20, 8, 9, 20, 18, 18, 15, 13, 19, 19, 15, 17, 17, 8, 9, 8, 13, 9, 17, 3, 6, 7, 8, 13, 18, 3, 7, 7, 10, 10, 20, 20, 15, 20, 20, 6, 1, 1, 1, 5, 6, 1, 1, 1, 17, 1, 17, 2, 2, 1, 9, 6, 2, 2, 2, 1, 1, 4, 12, 12, 3, 4, 3, 11, 4, 3, 13, 11, 3, 13, 11, 3, 13, 11, 11, 13, 11, 11, 5, 4, 16, 14, 5, 16, 14, 12, 3, 5, 12, 12, 14, 16, 16, 16, 14, 14, 5, 12, 13, 12, 12, 3, 12, 4, 16, 4, 4, 4, 11, 16, 16, 4, 4, 11, 16, 16, 14]
bestever    2138    in generation 469
[10, 7, 5, 10, 5, 18, 6, 15, 7, 18, 6, 15, 10, 10, 5, 6, 17, 10, 6, 6, 5, 10, 15, 14, 15, 10, 18, 15, 7, 19, 14, 8, 9, 7, 7, 19, 8, 19, 9, 18, 15, 19, 10, 14, 9, 6, 19, 18, 19, 8, 5, 2, 2, 9, 12, 14, 13, 2, 17, 13, 11, 3, 18, 19, 20, 20, 18, 17, 15, 17, 17, 8, 7, 20, 8, 9, 20, 7, 19, 8, 9, 20, 8, 9, 20, 18, 18, 15, 13, 19, 19, 15, 17, 17, 8, 9, 8, 13, 9, 17, 3, 6, 7, 8, 13, 18, 3, 7, 7, 10, 10, 20, 20, 15, 20, 20, 6, 1, 1, 1, 5, 6, 1, 1, 1, 17, 2, 2, 1, 17, 2, 2, 1, 9, 6, 2, 2, 2, 1, 1, 4, 12, 12, 3, 4, 3, 11, 4, 3, 13, 11, 3, 13, 11, 3, 13, 11, 11, 13, 11, 11, 5, 4, 16, 14, 5, 16, 14, 12, 3, 5, 12, 12, 14, 16, 14, 14, 5, 16, 16, 12, 13, 12, 12, 3, 12, 4, 16, 4, 4, 4, 11, 16, 16, 4, 4, 11, 16, 16, 14]
bestever    2102    in generation 473
[10, 7, 5, 10, 5, 18, 6, 15, 7, 18, 6, 15, 10, 10, 5, 6, 17, 10, 6, 6, 5, 10, 15, 14, 15, 10, 18, 15, 7, 19, 14, 8, 9, 7, 7, 19, 8, 19, 9, 18, 15, 19, 10, 14, 9, 6, 19, 18, 19, 8, 5, 9, 12, 14, 13, 2, 17, 13, 11, 3, 18, 19, 20, 20, 18, 17, 15, 17, 17, 8, 7, 20, 8, 9, 20, 7, 19, 8, 9, 20, 8, 9, 20, 18, 18, 15, 13, 19, 19, 15, 17, 17, 8, 9, 8, 13, 9, 17, 3, 6, 7, 8, 13, 18, 3, 7, 7, 10, 10, 20, 20, 15, 20, 20, 6, 1, 1, 1, 5, 6, 1, 2, 2, 1, 17, 1, 17, 2, 2, 1, 2, 2, 1, 9, 6, 2, 2, 2, 1, 1, 4, 12, 12, 3, 4, 3, 11, 4, 3, 13, 11, 3, 13, 11, 3, 13, 11, 11, 13, 11, 11, 5, 4, 16, 14, 5, 16, 14, 12, 3, 5, 12, 12, 14, 16, 14, 14, 5, 16, 16, 12, 13, 12, 12, 3, 12, 4, 16, 4, 4, 4, 11, 16, 16, 4, 4, 11, 16, 16, 14]
bestever    2099    in generation 495
[10, 7, 5, 10, 5, 18, 6, 15, 7, 18, 6, 15, 10, 10, 5, 6, 17, 10, 6, 6, 5, 10, 15, 14, 15, 10, 18, 15, 7, 19, 14, 8, 9, 7, 7, 19, 8, 19, 9, 18, 15, 19, 10, 14, 9, 6, 19, 18, 19, 8, 5, 9, 12, 14, 13, 2, 17, 13, 11, 3, 18, 19, 20, 20, 18, 17, 15, 20, 17, 8, 7, 20, 8, 9, 20, 7, 19, 8, 9, 20, 8, 9, 20, 18, 18, 15, 13, 19, 19, 15, 17, 17, 8, 9, 8, 13, 9, 17, 3, 6, 7, 8, 13, 18, 3, 7, 7, 10, 10, 20, 20, 15, 17, 20, 6, 1, 1, 1, 5, 6, 1, 2, 2, 1, 17, 1, 17, 2, 2, 1, 2, 2, 1, 9, 6, 2, 2, 2, 1, 1, 4, 12, 12, 3, 4, 3, 11, 4, 3, 13, 11, 3, 13, 11, 3, 13, 11, 11, 13, 11, 11, 5, 4, 16, 14, 5, 16, 14, 12, 3, 5, 12, 12, 14, 16, 14, 14, 5, 16, 16, 12, 13, 12, 12, 3, 12, 4, 16, 4, 4, 4, 11, 16, 16, 4, 4, 11, 16, 16, 14]
bestever    2093    in generation 596
[10, 7, 5, 10, 5, 18, 6, 15, 7, 18, 6, 15, 10, 10, 5, 6, 17, 10, 6, 6, 5, 10, 15, 14, 15, 10, 18, 15, 7, 19, 14, 8, 9, 7, 7, 19, 8, 19, 9, 18, 15, 19, 10, 14, 9, 6, 19, 18, 19, 8, 5, 9, 12, 14, 13, 2, 17, 13, 11, 3, 18, 19, 20, 20, 18, 17, 15, 20, 17, 8, 7, 20, 8, 9, 20, 7, 19, 8, 9, 20, 8, 9, 20, 18, 18, 15, 13, 19, 19, 15, 17, 17, 8, 9, 8, 13, 9, 17, 3, 6, 7, 8, 13, 18, 3, 7, 7, 10, 10, 20, 20, 15, 17, 20, 6, 1, 1, 1, 5, 6, 1, 2, 2, 1, 17, 1, 17, 2, 2, 1, 2, 2, 1, 9, 6, 2, 2, 2, 1, 1, 4, 12, 12, 3, 4, 3, 3, 3, 13, 11, 11, 13, 11, 3, 13, 11, 11, 13, 11, 11, 5, 14, 5, 14, 12, 3, 5, 12, 12, 14, 14, 14, 4, 4, 16, 16, 16, 5, 16, 12, 13, 12, 12, 3, 12, 4, 4, 4, 16, 16, 4, 11, 16, 11, 16, 14, 4, 4, 16, 16]
bestever    2091    in generation 816
[10, 7, 5, 10, 5, 18, 6, 15, 7, 18, 6, 15, 10, 10, 5, 6, 17, 10, 6, 9, 6, 5, 10, 15, 14, 15, 10, 18, 15, 7, 19, 14, 8, 7, 7, 19, 8, 19, 9, 18, 15, 19, 10, 14, 9, 6, 19, 18, 19, 8, 5, 9, 10, 14, 13, 17, 13, 11, 3, 18, 19, 20, 20, 18, 17, 15, 20, 17, 8, 7, 20, 8, 9, 20, 7, 19, 8, 9, 20, 8, 9, 20, 18, 18, 15, 13, 19, 19, 15, 17, 17, 8, 9, 8, 13, 9, 17, 3, 6, 7, 8, 13, 18, 3, 7, 7, 10, 12, 20, 20, 15, 17, 20, 6, 1, 1, 5, 6, 1, 1, 2, 2, 2, 17, 17, 2, 1, 1, 2, 1, 2, 2, 1, 9, 6, 2, 2, 2, 1, 1, 4, 12, 12, 3, 4, 3, 3, 3, 13, 11, 11, 13, 11, 3, 13, 11, 11, 13, 11, 11, 5, 14, 5, 14, 12, 3, 5, 12, 12, 14, 14, 14, 4, 4, 16, 16, 16, 5, 12, 13, 12, 4, 12, 3, 12, 4, 4, 16, 16, 16, 4, 11, 16, 11, 16, 14, 4, 4, 16, 16]
bestever    2080    in generation 819
[10, 7, 5, 10, 5, 18, 6, 15, 7, 18, 6, 15, 10, 10, 5, 6, 17, 10, 6, 9, 6, 5, 10, 15, 15, 10, 18, 15, 7, 19, 8, 7, 7, 19, 8, 19, 9, 18, 15, 19, 10, 14, 9, 6, 19, 18, 19, 8, 5, 9, 10, 14, 13, 17, 13, 11, 3, 18, 19, 20, 20, 18, 17, 15, 20, 17, 8, 7, 20, 8, 9, 20, 7, 19, 8, 9, 20, 8, 9, 20, 18, 18, 15, 13, 19, 19, 15, 17, 17, 8, 9, 8, 13, 9, 17, 3, 6, 7, 8, 13, 18, 3, 7, 7, 10, 12, 20, 20, 15, 17, 20, 6, 1, 1, 5, 6, 1, 1, 2, 2, 2, 17, 17, 2, 1, 1, 2, 1, 2, 2, 1, 9, 6, 2, 2, 2, 1, 1, 4, 12, 12, 3, 4, 3, 3, 3, 13, 11, 11, 13, 11, 3, 13, 11, 14, 14, 11, 13, 11, 11, 5, 14, 5, 14, 12, 3, 5, 12, 12, 14, 14, 14, 4, 4, 16, 16, 16, 5, 12, 13, 12, 4, 12, 3, 12, 4, 4, 16, 16, 16, 4, 11, 16, 11, 16, 14, 4, 4, 16, 16]
bestever    2078    in generation 865
[10, 7, 5, 10, 5, 18, 6, 15, 7, 18, 6, 15, 10, 10, 5, 6, 17, 10, 6, 9, 6, 5, 10, 15, 15, 10, 18, 15, 7, 19, 8, 7, 7, 19, 8, 19, 9, 18, 15, 19, 10, 14, 9, 6, 19, 18, 19, 8, 5, 9, 10, 14, 13, 17, 13, 11, 3, 18, 19, 20, 20, 18, 17, 15, 20, 17, 8, 7, 20, 8, 9, 20, 7, 19, 8, 9, 20, 8, 9, 20, 18, 18, 15, 13, 19, 19, 15, 17, 17, 8, 9, 8, 13, 9, 17, 3, 6, 1, 8, 13, 18, 3, 7, 7, 10, 12, 20, 20, 15, 17, 20, 6, 1, 7, 5, 6, 1, 1, 2, 2, 2, 17, 17, 2, 1, 1, 2, 1, 2, 2, 1, 9, 6, 2, 2, 2, 1, 1, 4, 12, 12, 3, 4, 3, 3, 3, 13, 11, 11, 13, 11, 3, 13, 11, 14, 14, 11, 13, 11, 11, 5, 14, 5, 14, 12, 3, 5, 12, 12, 14, 14, 14, 4, 4, 16, 16, 16, 5, 12, 13, 12, 4, 12, 3, 12, 4, 4, 16, 16, 4, 11, 11, 16, 16, 14, 4, 4, 16, 16, 16]
bestever    2075    in generation 954
[10, 7, 5, 10, 5, 19, 6, 15, 7, 18, 6, 15, 10, 10, 5, 6, 17, 10, 6, 9, 6, 5, 10, 15, 15, 10, 18, 15, 7, 19, 8, 7, 7, 19, 8, 19, 9, 18, 15, 19, 10, 14, 9, 6, 18, 18, 19, 8, 5, 9, 10, 14, 13, 17, 13, 11, 3, 18, 19, 20, 20, 18, 17, 15, 20, 17, 8, 7, 20, 8, 9, 20, 7, 19, 8, 9, 20, 8, 9, 20, 18, 18, 15, 13, 19, 19, 15, 17, 17, 8, 9, 8, 13, 9, 17, 3, 6, 1, 8, 13, 18, 3, 7, 7, 10, 12, 20, 20, 15, 17, 20, 6, 1, 7, 5, 6, 1, 1, 2, 2, 2, 17, 17, 2, 1, 1, 2, 1, 2, 2, 1, 9, 6, 2, 2, 2, 1, 1, 4, 12, 12, 3, 4, 3, 3, 3, 13, 11, 11, 13, 11, 3, 13, 11, 14, 14, 11, 13, 11, 11, 5, 14, 5, 14, 12, 3, 5, 12, 12, 14, 14, 14, 4, 4, 16, 16, 16, 5, 12, 13, 12, 4, 12, 3, 12, 4, 4, 16, 16, 4, 11, 11, 16, 16, 14, 4, 4, 16, 16, 16]
bestever    2064    in generation 959
[10, 7, 5, 10, 5, 18, 6, 15, 7, 18, 6, 15, 10, 10, 5, 6, 17, 10, 6, 9, 6, 5, 10, 15, 15, 10, 18, 15, 7, 19, 8, 7, 7, 19, 8, 19, 9, 18, 15, 19, 10, 14, 9, 6, 19, 18, 19, 8, 5, 9, 10, 14, 13, 6, 13, 11, 3, 18, 19, 20, 20, 18, 17, 15, 20, 17, 8, 7, 20, 8, 9, 20, 7, 19, 8, 9, 20, 8, 9, 20, 18, 18, 15, 13, 19, 19, 15, 17, 17, 8, 9, 8, 13, 9, 17, 3, 6, 1, 8, 13, 18, 3, 7, 7, 10, 12, 20, 20, 15, 17, 20, 17, 1, 7, 5, 6, 1, 1, 2, 2, 2, 17, 17, 2, 1, 1, 2, 1, 2, 2, 1, 9, 6, 2, 2, 2, 1, 1, 4, 12, 12, 3, 4, 3, 3, 3, 13, 11, 11, 13, 11, 3, 13, 11, 14, 14, 11, 13, 11, 11, 5, 14, 5, 14, 12, 3, 5, 12, 12, 14, 14, 14, 4, 4, 16, 16, 16, 5, 12, 13, 12, 4, 12, 3, 12, 4, 4, 16, 16, 4, 11, 11, 16, 16, 14, 4, 4, 16, 16, 16]
bestever    2063    in generation 983
[10, 7, 5, 10, 5, 18, 6, 15, 7, 18, 6, 15, 10, 10, 5, 6, 17, 10, 6, 9, 6, 5, 10, 15, 15, 10, 18, 7, 15, 19, 8, 7, 7, 19, 8, 19, 9, 18, 15, 19, 10, 14, 9, 6, 19, 18, 19, 8, 5, 9, 10, 14, 11, 6, 13, 11, 3, 18, 19, 20, 20, 18, 17, 15, 20, 17, 8, 7, 20, 8, 9, 20, 7, 19, 8, 9, 20, 8, 9, 20, 18, 18, 15, 13, 19, 19, 15, 17, 17, 8, 9, 8, 13, 9, 17, 3, 6, 1, 8, 13, 18, 3, 7, 7, 10, 12, 20, 20, 15, 17, 20, 17, 1, 7, 5, 6, 1, 1, 2, 2, 2, 17, 17, 2, 1, 1, 2, 1, 2, 2, 1, 9, 6, 2, 2, 2, 1, 1, 4, 12, 12, 3, 4, 3, 3, 3, 13, 11, 11, 13, 13, 3, 13, 11, 14, 14, 11, 13, 11, 11, 5, 14, 5, 14, 12, 3, 5, 12, 12, 14, 14, 14, 4, 4, 16, 16, 16, 5, 12, 13, 12, 4, 12, 3, 12, 4, 4, 16, 16, 4, 11, 11, 16, 16, 14, 4, 4, 16, 16, 16]
bestever    2054    in generation 1002
[10, 7, 5, 10, 5, 18, 6, 15, 7, 18, 6, 15, 10, 10, 5, 6, 17, 10, 6, 9, 6, 5, 10, 15, 15, 10, 18, 7, 15, 19, 8, 7, 7, 19, 8, 19, 9, 18, 15, 19, 10, 14, 9, 6, 19, 18, 19, 8, 5, 9, 10, 14, 11, 6, 13, 11, 3, 18, 19, 20, 20, 18, 17, 15, 20, 17, 8, 7, 20, 8, 9, 20, 7, 19, 8, 9, 20, 8, 9, 20, 18, 18, 15, 13, 19, 19, 15, 17, 17, 8, 9, 8, 13, 9, 17, 3, 6, 1, 8, 13, 18, 3, 7, 7, 10, 12, 20, 20, 15, 17, 20, 17, 1, 7, 5, 6, 1, 1, 2, 2, 2, 17, 17, 2, 1, 1, 2, 2, 2, 1, 9, 6, 2, 2, 2, 1, 1, 1, 4, 12, 12, 3, 4, 3, 3, 3, 13, 11, 11, 13, 13, 3, 13, 11, 14, 14, 11, 13, 11, 11, 5, 14, 5, 14, 12, 3, 5, 12, 12, 14, 14, 14, 4, 4, 16, 16, 16, 5, 12, 13, 12, 4, 12, 3, 12, 4, 4, 16, 16, 4, 11, 11, 16, 16, 14, 4, 4, 16, 16, 16]
bestever    2053    in generation 1142
[10, 7, 5, 10, 5, 18, 6, 15, 7, 18, 6, 15, 10, 10, 5, 6, 17, 10, 6, 9, 6, 5, 10, 15, 15, 10, 18, 7, 15, 19, 8, 7, 7, 19, 8, 19, 9, 18, 15, 19, 20, 14, 9, 6, 19, 18, 19, 8, 5, 9, 10, 14, 11, 6, 13, 11, 3, 18, 19, 20, 20, 18, 17, 15, 20, 17, 8, 7, 20, 8, 9, 10, 7, 19, 8, 9, 20, 8, 9, 20, 18, 18, 15, 13, 19, 19, 15, 17, 17, 8, 9, 8, 13, 9, 17, 3, 1, 8, 13, 18, 3, 7, 7, 10, 12, 20, 20, 15, 17, 20, 17, 1, 7, 5, 6, 1, 1, 2, 2, 2, 17, 17, 2, 1, 2, 6, 1, 2, 2, 1, 9, 6, 2, 2, 2, 1, 1, 1, 4, 12, 12, 3, 4, 3, 3, 3, 13, 11, 11, 13, 13, 3, 13, 11, 14, 14, 11, 13, 11, 11, 5, 14, 5, 14, 12, 3, 5, 12, 12, 14, 14, 14, 4, 4, 16, 16, 16, 5, 12, 13, 12, 4, 12, 3, 12, 4, 4, 16, 16, 4, 11, 11, 16, 16, 14, 4, 4, 16, 16, 16]
bestever    2048    in generation 1273
[10, 7, 5, 10, 5, 18, 6, 15, 7, 18, 6, 15, 10, 10, 5, 6, 17, 10, 6, 9, 6, 5, 10, 15, 15, 10, 18, 7, 15, 19, 8, 7, 7, 19, 8, 19, 9, 18, 15, 19, 20, 14, 7, 6, 19, 18, 19, 8, 5, 9, 10, 14, 11, 6, 13, 11, 3, 18, 19, 20, 20, 18, 17, 15, 20, 17, 8, 7, 20, 8, 9, 10, 9, 19, 8, 9, 20, 8, 9, 20, 18, 18, 15, 13, 19, 19, 15, 17, 17, 8, 9, 8, 13, 9, 17, 3, 1, 8, 13, 18, 3, 7, 7, 10, 12, 20, 20, 15, 17, 20, 17, 1, 7, 5, 6, 1, 1, 2, 2, 2, 17, 17, 2, 1, 2, 6, 1, 2, 2, 1, 9, 6, 2, 2, 2, 1, 1, 1, 4, 12, 12, 3, 4, 3, 3, 3, 13, 11, 11, 13, 13, 3, 13, 11, 14, 14, 11, 13, 11, 11, 5, 14, 5, 14, 12, 3, 5, 12, 12, 14, 14, 14, 4, 4, 5, 12, 13, 12, 12, 3, 12, 4, 16, 4, 16, 16, 4, 16, 16, 4, 11, 11, 16, 16, 14, 4, 4, 16, 16, 16]
bestever    2044    in generation 1581
[10, 7, 5, 10, 5, 18, 6, 15, 7, 19, 6, 15, 10, 10, 5, 6, 17, 10, 6, 9, 6, 5, 10, 15, 15, 10, 18, 7, 15, 19, 8, 7, 7, 19, 8, 19, 9, 18, 15, 18, 20, 14, 7, 6, 19, 18, 19, 8, 5, 9, 10, 14, 11, 6, 13, 15, 3, 18, 19, 20, 20, 18, 17, 15, 20, 17, 8, 7, 20, 8, 9, 10, 9, 19, 8, 9, 20, 8, 9, 20, 18, 18, 11, 13, 19, 19, 15, 17, 17, 8, 9, 8, 1, 13, 9, 17, 3, 1, 8, 13, 18, 3, 7, 7, 10, 12, 20, 20, 15, 17, 20, 17, 1, 7, 5, 6, 1, 2, 2, 2, 17, 17, 2, 1, 2, 6, 1, 2, 2, 1, 9, 6, 2, 2, 2, 1, 1, 1, 4, 12, 12, 3, 4, 3, 3, 3, 13, 11, 11, 13, 13, 3, 13, 11, 14, 14, 11, 13, 11, 11, 5, 14, 5, 14, 12, 3, 5, 12, 12, 14, 14, 14, 4, 4, 5, 12, 13, 12, 12, 3, 12, 4, 16, 4, 16, 16, 4, 16, 16, 4, 11, 11, 16, 16, 14, 4, 4, 16, 16, 16]
bestever    2027    in generation 1783
[10, 7, 5, 10, 5, 18, 6, 15, 7, 19, 6, 15, 10, 10, 5, 6, 17, 10, 6, 9, 6, 5, 10, 15, 15, 10, 18, 7, 15, 19, 8, 7, 7, 19, 8, 19, 9, 18, 15, 18, 20, 14, 7, 6, 19, 18, 19, 8, 5, 9, 10, 14, 11, 6, 13, 15, 3, 18, 19, 20, 20, 18, 17, 15, 20, 19, 17, 8, 7, 20, 8, 9, 10, 9, 19, 8, 9, 20, 8, 9, 20, 18, 18, 11, 13, 19, 15, 17, 17, 8, 9, 8, 1, 13, 9, 4, 3, 1, 8, 13, 18, 3, 7, 7, 10, 12, 20, 20, 15, 17, 20, 17, 1, 7, 5, 6, 1, 2, 2, 2, 17, 17, 2, 1, 2, 6, 1, 2, 2, 1, 9, 6, 2, 2, 2, 1, 1, 1, 4, 12, 12, 3, 4, 3, 3, 3, 13, 11, 11, 13, 13, 3, 13, 11, 14, 14, 11, 13, 11, 11, 5, 14, 5, 14, 12, 3, 5, 12, 12, 14, 14, 14, 4, 4, 5, 12, 13, 12, 12, 3, 12, 4, 16, 4, 16, 16, 17, 16, 16, 4, 11, 11, 16, 16, 14, 4, 4, 16, 16, 16]
bestever    2016    in generation 1816
[10, 7, 5, 10, 5, 18, 6, 15, 7, 19, 6, 15, 10, 10, 5, 6, 17, 10, 6, 9, 6, 5, 10, 15, 15, 10, 18, 7, 15, 19, 8, 7, 7, 19, 8, 19, 9, 18, 15, 18, 20, 14, 7, 6, 19, 18, 19, 8, 5, 9, 10, 14, 11, 6, 13, 15, 3, 18, 19, 20, 20, 18, 17, 15, 20, 19, 17, 8, 7, 18, 8, 9, 10, 9, 19, 8, 9, 20, 8, 9, 20, 20, 18, 11, 13, 19, 15, 17, 17, 8, 9, 8, 1, 13, 9, 4, 3, 1, 8, 13, 18, 3, 7, 7, 10, 12, 20, 20, 15, 17, 20, 17, 1, 7, 5, 6, 1, 2, 2, 2, 17, 17, 2, 1, 2, 6, 1, 2, 2, 1, 9, 6, 2, 2, 2, 1, 1, 1, 4, 12, 12, 3, 4, 3, 3, 3, 13, 11, 11, 13, 13, 3, 13, 11, 14, 14, 11, 13, 11, 11, 5, 14, 5, 14, 12, 3, 5, 12, 12, 14, 14, 14, 4, 4, 5, 12, 13, 12, 12, 3, 12, 4, 16, 4, 16, 16, 17, 16, 16, 4, 11, 11, 16, 16, 14, 4, 4, 16, 16, 16]
bestever    2005    in generation 1896
[6, 15, 7, 19, 6, 15, 10, 10, 5, 6, 17, 10, 6, 9, 6, 5, 10, 15, 15, 10, 18, 7, 5, 10, 5, 10, 18, 7, 15, 19, 8, 7, 7, 19, 8, 19, 9, 18, 15, 18, 20, 14, 7, 6, 19, 18, 19, 8, 5, 9, 10, 14, 11, 6, 13, 15, 3, 18, 19, 20, 20, 18, 17, 15, 20, 19, 17, 8, 7, 18, 8, 9, 10, 9, 19, 8, 9, 20, 8, 9, 20, 20, 18, 11, 13, 19, 15, 17, 17, 8, 9, 8, 1, 13, 9, 4, 3, 1, 8, 13, 18, 3, 7, 7, 10, 12, 20, 20, 15, 17, 20, 17, 1, 7, 5, 6, 1, 2, 2, 2, 17, 17, 2, 1, 2, 6, 1, 2, 2, 1, 9, 6, 2, 2, 2, 1, 1, 1, 4, 12, 12, 3, 4, 3, 3, 3, 13, 11, 11, 13, 13, 3, 13, 11, 14, 14, 11, 13, 11, 11, 5, 14, 5, 14, 12, 3, 5, 12, 12, 14, 14, 14, 4, 4, 5, 12, 13, 12, 12, 3, 12, 4, 16, 4, 16, 16, 17, 16, 16, 4, 11, 11, 16, 16, 14, 4, 4, 16, 16, 16]
bestever    1999    in generation 1917
[6, 15, 7, 19, 6, 15, 10, 10, 5, 6, 17, 10, 6, 9, 6, 5, 10, 15, 15, 10, 18, 7, 5, 10, 5, 10, 18, 7, 15, 19, 8, 7, 7, 19, 8, 19, 9, 18, 15, 18, 20, 14, 7, 6, 19, 18, 19, 8, 5, 9, 10, 14, 11, 6, 13, 15, 3, 18, 19, 20, 20, 18, 17, 15, 20, 19, 17, 8, 7, 18, 8, 9, 10, 9, 19, 8, 9, 1, 8, 9, 20, 20, 18, 11, 13, 19, 15, 17, 17, 8, 9, 8, 1, 13, 9, 4, 3, 1, 8, 13, 18, 3, 7, 7, 10, 12, 20, 20, 15, 17, 20, 17, 1, 7, 5, 6, 1, 2, 2, 2, 17, 17, 2, 1, 2, 6, 1, 2, 2, 1, 9, 6, 2, 2, 2, 1, 1, 20, 4, 12, 12, 3, 4, 3, 3, 3, 13, 11, 11, 13, 13, 3, 13, 11, 14, 14, 11, 13, 11, 11, 5, 14, 5, 14, 12, 3, 5, 12, 12, 14, 14, 14, 4, 4, 5, 12, 13, 12, 12, 3, 12, 4, 16, 4, 16, 16, 17, 16, 16, 4, 11, 11, 16, 16, 14, 4, 4, 16, 16, 16]
bestever    1994    in generation 1924
[6, 15, 7, 19, 6, 15, 10, 10, 5, 6, 17, 10, 6, 9, 6, 5, 10, 15, 15, 10, 18, 7, 5, 10, 5, 10, 18, 7, 15, 19, 8, 7, 7, 19, 8, 19, 9, 18, 15, 18, 20, 14, 7, 6, 19, 18, 19, 8, 5, 9, 10, 14, 11, 6, 13, 15, 3, 18, 19, 20, 20, 18, 17, 15, 7, 19, 17, 8, 20, 18, 8, 9, 10, 9, 19, 8, 9, 1, 8, 9, 20, 20, 18, 11, 13, 19, 15, 17, 17, 8, 9, 8, 1, 13, 9, 4, 3, 1, 8, 13, 18, 3, 7, 7, 10, 12, 20, 20, 15, 17, 20, 17, 1, 7, 5, 6, 1, 2, 2, 2, 17, 17, 2, 1, 2, 6, 1, 2, 2, 1, 9, 6, 2, 2, 2, 1, 1, 20, 4, 12, 12, 3, 4, 3, 3, 3, 13, 11, 11, 13, 13, 3, 13, 11, 14, 14, 11, 13, 11, 11, 5, 14, 5, 14, 12, 3, 5, 12, 12, 14, 14, 14, 4, 4, 5, 12, 13, 12, 12, 3, 12, 4, 16, 4, 16, 16, 17, 16, 16, 4, 11, 11, 16, 16, 14, 4, 4, 16, 16, 16]
bestever    1988    in generation 2189
[6, 15, 7, 19, 6, 15, 10, 10, 5, 6, 17, 10, 6, 9, 6, 5, 10, 15, 15, 10, 18, 7, 5, 10, 5, 10, 18, 7, 15, 19, 8, 9, 7, 7, 19, 8, 19, 9, 5, 18, 15, 18, 20, 14, 7, 6, 8, 16, 19, 18, 19, 8, 5, 9, 10, 14, 11, 6, 13, 15, 3, 18, 19, 20, 20, 18, 17, 15, 7, 19, 17, 8, 20, 18, 8, 9, 10, 9, 19, 8, 1, 8, 9, 20, 20, 18, 11, 13, 19, 15, 17, 17, 9, 8, 1, 13, 9, 4, 3, 1, 8, 13, 18, 3, 7, 7, 10, 12, 20, 20, 15, 17, 20, 17, 1, 7, 5, 6, 1, 2, 2, 2, 17, 17, 2, 1, 2, 6, 1, 2, 2, 1, 9, 6, 2, 2, 2, 1, 1, 20, 4, 12, 12, 3, 4, 3, 3, 3, 13, 11, 11, 13, 13, 3, 13, 11, 14, 11, 13, 11, 11, 14, 5, 14, 5, 14, 12, 3, 5, 12, 12, 14, 14, 14, 4, 4, 12, 13, 12, 12, 3, 12, 4, 16, 4, 16, 16, 17, 16, 16, 4, 11, 11, 16, 16, 14, 4, 4, 16, 16]
bestever    1962    in generation 2251
[6, 15, 7, 19, 6, 15, 10, 10, 5, 6, 17, 10, 6, 9, 6, 5, 10, 15, 15, 10, 18, 7, 5, 10, 10, 10, 7, 15, 19, 8, 9, 7, 7, 19, 8, 19, 9, 5, 18, 15, 18, 20, 14, 7, 6, 8, 19, 18, 19, 8, 5, 9, 10, 14, 11, 6, 13, 15, 3, 18, 19, 20, 20, 18, 17, 15, 7, 19, 17, 8, 20, 18, 8, 9, 18, 9, 19, 8, 1, 8, 9, 20, 20, 18, 11, 13, 19, 15, 17, 17, 9, 8, 1, 13, 9, 4, 3, 1, 8, 13, 18, 3, 7, 16, 7, 10, 12, 20, 20, 15, 17, 20, 17, 1, 5, 7, 5, 6, 1, 2, 2, 2, 17, 17, 2, 1, 2, 6, 1, 2, 2, 1, 9, 6, 2, 2, 2, 1, 1, 20, 4, 12, 12, 3, 4, 3, 3, 3, 13, 11, 11, 13, 13, 3, 13, 11, 14, 11, 13, 11, 11, 14, 5, 14, 5, 14, 12, 3, 5, 12, 12, 14, 14, 14, 4, 4, 12, 13, 12, 12, 3, 12, 4, 16, 4, 16, 16, 17, 16, 16, 4, 11, 11, 16, 16, 14, 4, 4, 16, 16]
bestever    1960    in generation 2255
[6, 15, 7, 19, 6, 15, 10, 10, 5, 6, 17, 10, 6, 9, 6, 5, 10, 15, 15, 10, 18, 7, 5, 10, 10, 10, 7, 15, 19, 8, 9, 7, 7, 19, 8, 19, 9, 5, 18, 15, 18, 20, 7, 6, 8, 19, 18, 19, 8, 5, 9, 10, 11, 6, 13, 15, 3, 18, 19, 20, 20, 18, 17, 15, 7, 19, 17, 8, 20, 18, 8, 9, 18, 9, 19, 8, 1, 8, 9, 20, 20, 18, 11, 13, 19, 15, 17, 17, 9, 8, 1, 13, 9, 4, 3, 1, 8, 13, 18, 3, 7, 16, 7, 10, 12, 20, 20, 15, 17, 20, 17, 1, 5, 7, 6, 1, 2, 2, 2, 17, 17, 2, 1, 2, 6, 1, 2, 2, 1, 9, 6, 2, 2, 2, 1, 1, 20, 4, 12, 12, 3, 4, 3, 3, 3, 13, 11, 11, 13, 13, 3, 13, 11, 14, 11, 13, 11, 11, 14, 14, 5, 14, 5, 14, 5, 14, 12, 3, 5, 12, 12, 14, 14, 14, 4, 4, 12, 13, 12, 12, 3, 12, 4, 16, 4, 16, 16, 17, 16, 16, 4, 11, 11, 16, 16, 14, 4, 4, 16, 16]
bestever    1950    in generation 2276
[6, 15, 7, 19, 6, 15, 10, 10, 5, 6, 17, 10, 6, 9, 6, 10, 10, 15, 15, 10, 18, 7, 5, 10, 10, 10, 7, 15, 19, 8, 9, 7, 7, 19, 8, 19, 9, 5, 18, 15, 18, 20, 7, 6, 8, 19, 18, 19, 8, 5, 9, 10, 11, 6, 13, 15, 3, 18, 19, 20, 20, 18, 17, 15, 7, 19, 17, 8, 20, 18, 8, 9, 18, 9, 19, 8, 1, 8, 9, 20, 20, 18, 11, 13, 19, 15, 17, 17, 9, 8, 1, 13, 9, 4, 3, 1, 8, 13, 18, 3, 7, 16, 7, 5, 12, 20, 20, 15, 17, 20, 17, 1, 5, 7, 6, 1, 2, 2, 2, 17, 17, 2, 1, 2, 6, 1, 2, 2, 1, 9, 6, 2, 2, 2, 1, 1, 20, 4, 12, 12, 3, 4, 3, 3, 3, 13, 11, 11, 13, 13, 3, 13, 11, 14, 11, 13, 11, 11, 14, 14, 5, 14, 5, 14, 5, 14, 12, 3, 5, 12, 12, 14, 14, 14, 4, 4, 12, 13, 12, 12, 3, 12, 4, 16, 4, 16, 16, 17, 16, 16, 4, 11, 11, 16, 16, 14, 4, 4, 16, 16]
bestever    1940    in generation 2507
[6, 15, 7, 19, 6, 15, 10, 10, 5, 7, 6, 17, 10, 6, 9, 15, 6, 10, 10, 15, 19, 15, 10, 18, 7, 5, 10, 10, 10, 7, 15, 19, 8, 9, 7, 7, 19, 8, 9, 9, 5, 18, 18, 20, 7, 6, 8, 19, 18, 19, 8, 5, 9, 10, 11, 6, 13, 15, 3, 18, 19, 20, 20, 18, 17, 15, 19, 17, 8, 20, 18, 8, 9, 18, 6, 19, 8, 1, 8, 9, 20, 20, 18, 11, 13, 19, 15, 17, 17, 9, 8, 1, 13, 9, 3, 1, 8, 13, 18, 3, 7, 16, 7, 5, 12, 20, 20, 15, 17, 20, 17, 1, 5, 7, 16, 1, 2, 2, 2, 17, 17, 2, 1, 2, 1, 2, 2, 1, 9, 6, 2, 2, 2, 1, 1, 20, 12, 12, 3, 4, 3, 3, 3, 13, 11, 11, 13, 13, 3, 13, 11, 14, 11, 13, 11, 11, 14, 14, 5, 14, 5, 14, 5, 14, 12, 3, 5, 12, 12, 14, 14, 14, 4, 4, 4, 4, 12, 13, 12, 12, 3, 12, 4, 6, 4, 16, 16, 17, 16, 4, 11, 11, 16, 16, 16, 14, 4, 4, 16, 16]
bestever    1932    in generation 2674
[6, 15, 7, 19, 6, 15, 10, 10, 5, 7, 6, 17, 10, 6, 9, 15, 6, 10, 10, 15, 19, 15, 9, 18, 7, 5, 10, 10, 10, 7, 15, 19, 8, 9, 7, 7, 19, 8, 9, 10, 5, 18, 18, 20, 7, 6, 8, 19, 18, 19, 8, 5, 9, 10, 11, 6, 13, 15, 3, 18, 19, 20, 20, 18, 17, 15, 19, 17, 8, 20, 18, 8, 9, 18, 6, 19, 8, 1, 8, 9, 20, 20, 18, 11, 13, 19, 15, 17, 17, 9, 8, 1, 13, 9, 3, 1, 8, 13, 18, 3, 7, 7, 5, 12, 20, 20, 15, 17, 20, 17, 1, 5, 7, 1, 2, 2, 2, 17, 17, 2, 1, 2, 1, 2, 2, 1, 9, 6, 2, 2, 2, 1, 1, 20, 12, 12, 3, 4, 3, 3, 3, 13, 11, 11, 13, 13, 3, 13, 11, 14, 11, 13, 11, 11, 14, 14, 5, 14, 5, 14, 5, 14, 12, 3, 5, 12, 12, 14, 14, 14, 4, 4, 4, 12, 13, 12, 12, 3, 12, 16, 16, 4, 4, 6, 4, 16, 16, 17, 16, 4, 11, 11, 16, 16, 16, 14, 4, 4, 16, 16]
bestever    1926    in generation 2736
[6, 15, 7, 19, 6, 15, 10, 10, 5, 7, 6, 15, 10, 6, 9, 15, 6, 10, 10, 15, 19, 15, 9, 18, 7, 5, 10, 10, 10, 7, 15, 19, 8, 9, 7, 7, 19, 8, 9, 10, 5, 18, 18, 20, 7, 6, 8, 19, 18, 19, 8, 5, 9, 10, 11, 6, 13, 17, 3, 18, 19, 20, 20, 18, 17, 15, 19, 17, 8, 20, 18, 8, 9, 18, 6, 19, 8, 1, 8, 9, 20, 20, 18, 11, 13, 19, 15, 17, 17, 9, 8, 1, 13, 9, 3, 1, 8, 13, 18, 3, 7, 7, 5, 12, 20, 20, 15, 17, 20, 17, 1, 5, 7, 1, 2, 2, 2, 17, 17, 2, 1, 2, 1, 2, 2, 1, 9, 6, 2, 2, 2, 1, 1, 20, 12, 12, 3, 4, 3, 3, 3, 13, 11, 11, 13, 13, 3, 13, 11, 14, 11, 13, 11, 11, 14, 14, 5, 14, 5, 14, 5, 14, 12, 3, 5, 12, 12, 14, 14, 14, 4, 4, 4, 12, 13, 12, 12, 3, 12, 16, 16, 4, 4, 6, 4, 16, 16, 17, 16, 4, 11, 11, 16, 16, 16, 14, 4, 4, 16, 16]
bestever    1918    in generation 2769
[6, 15, 7, 19, 6, 15, 10, 10, 5, 7, 6, 15, 10, 6, 9, 15, 6, 10, 10, 15, 19, 15, 9, 18, 7, 5, 10, 10, 10, 7, 15, 19, 8, 9, 7, 7, 19, 8, 9, 10, 5, 18, 18, 20, 7, 6, 8, 19, 18, 19, 8, 5, 9, 10, 11, 6, 13, 17, 3, 18, 19, 20, 20, 18, 17, 15, 19, 17, 8, 20, 18, 8, 9, 18, 6, 19, 8, 1, 8, 9, 20, 20, 18, 11, 13, 19, 15, 17, 17, 9, 8, 1, 13, 9, 3, 1, 8, 13, 18, 3, 7, 7, 5, 12, 20, 20, 15, 17, 20, 17, 1, 5, 7, 1, 2, 2, 2, 17, 17, 2, 1, 2, 1, 2, 2, 1, 9, 6, 2, 2, 2, 1, 1, 20, 12, 3, 3, 3, 13, 11, 11, 3, 4, 12, 13, 13, 3, 13, 11, 14, 11, 13, 11, 11, 14, 14, 5, 14, 5, 14, 5, 14, 3, 5, 12, 12, 14, 14, 14, 4, 4, 4, 12, 13, 12, 12, 12, 3, 12, 16, 16, 4, 4, 6, 4, 16, 16, 17, 16, 4, 11, 11, 16, 16, 16, 14, 4, 4, 16, 16]
bestever    1911    in generation 2888
[6, 15, 7, 19, 6, 15, 10, 10, 5, 7, 6, 15, 10, 6, 9, 15, 6, 10, 10, 15, 19, 15, 9, 18, 7, 5, 10, 10, 10, 7, 15, 19, 8, 9, 7, 7, 19, 8, 9, 10, 5, 18, 18, 20, 7, 6, 8, 19, 18, 19, 8, 5, 9, 10, 2, 6, 13, 17, 3, 18, 19, 20, 20, 18, 17, 15, 19, 17, 8, 20, 18, 8, 9, 18, 6, 19, 8, 1, 8, 9, 2, 20, 18, 11, 13, 19, 15, 17, 17, 9, 8, 1, 13, 9, 3, 1, 8, 13, 18, 3, 7, 7, 5, 12, 20, 20, 15, 17, 20, 17, 1, 5, 7, 1, 2, 11, 20, 17, 17, 2, 1, 2, 1, 2, 2, 1, 9, 6, 2, 2, 14, 2, 1, 1, 20, 12, 3, 3, 3, 13, 11, 11, 3, 4, 12, 13, 13, 3, 4, 13, 11, 11, 13, 11, 11, 14, 14, 5, 14, 5, 14, 5, 14, 3, 5, 12, 12, 14, 14, 14, 4, 4, 12, 13, 12, 12, 12, 3, 12, 16, 16, 4, 4, 6, 4, 16, 17, 4, 11, 11, 16, 16, 16, 16, 16, 14, 4, 4, 16, 16]
bestever    1903    in generation 3040
[6, 15, 7, 19, 6, 15, 10, 10, 5, 7, 6, 15, 10, 6, 9, 15, 6, 10, 10, 15, 19, 15, 9, 18, 7, 5, 10, 10, 10, 7, 15, 19, 8, 9, 7, 7, 19, 8, 9, 10, 5, 18, 18, 20, 7, 6, 8, 19, 18, 19, 8, 5, 9, 10, 2, 6, 13, 17, 3, 18, 19, 20, 20, 18, 17, 15, 19, 17, 8, 20, 18, 8, 9, 18, 6, 19, 8, 1, 8, 9, 18, 20, 18, 11, 13, 19, 15, 17, 17, 9, 8, 1, 13, 9, 3, 1, 8, 13, 2, 3, 7, 7, 5, 12, 20, 20, 15, 17, 20, 17, 1, 5, 7, 1, 2, 11, 20, 17, 17, 2, 1, 2, 1, 2, 2, 1, 9, 6, 2, 2, 14, 2, 1, 1, 20, 12, 3, 3, 3, 13, 11, 11, 3, 4, 12, 13, 13, 3, 4, 13, 11, 11, 13, 11, 11, 14, 14, 5, 14, 5, 14, 5, 14, 3, 5, 12, 12, 14, 14, 14, 4, 4, 12, 13, 12, 12, 12, 3, 12, 4, 4, 6, 4, 16, 17, 4, 11, 11, 16, 16, 16, 16, 16, 16, 16, 14, 4, 4, 16, 16]
bestever    1898    in generation 3186
[6, 15, 7, 19, 6, 15, 10, 10, 5, 7, 6, 15, 10, 6, 9, 15, 6, 14, 10, 10, 15, 19, 15, 9, 18, 7, 5, 10, 10, 10, 7, 15, 19, 18, 8, 9, 7, 7, 19, 8, 9, 10, 5, 18, 18, 20, 7, 6, 8, 19, 18, 19, 8, 5, 9, 10, 2, 6, 13, 17, 3, 18, 19, 20, 20, 18, 17, 15, 19, 17, 8, 20, 18, 8, 9, 18, 6, 19, 8, 1, 8, 9, 18, 20, 11, 13, 19, 15, 17, 17, 9, 8, 1, 13, 9, 3, 1, 8, 13, 2, 3, 7, 7, 5, 12, 20, 20, 15, 17, 20, 17, 1, 5, 7, 1, 2, 11, 20, 17, 17, 2, 1, 2, 1, 2, 2, 3, 9, 6, 2, 2, 14, 2, 1, 1, 20, 12, 3, 3, 3, 13, 11, 11, 1, 4, 12, 13, 13, 3, 4, 13, 11, 11, 13, 11, 11, 14, 14, 5, 14, 5, 5, 14, 3, 5, 12, 12, 14, 14, 14, 4, 4, 12, 13, 12, 12, 12, 3, 12, 4, 4, 6, 4, 16, 17, 4, 11, 11, 16, 16, 16, 16, 16, 16, 16, 14, 4, 4, 16, 16]
bestever    1893    in generation 3363
[6, 15, 7, 19, 6, 15, 10, 10, 5, 7, 6, 15, 10, 6, 9, 15, 6, 14, 10, 10, 15, 19, 15, 9, 18, 7, 5, 10, 10, 10, 7, 15, 19, 18, 8, 9, 7, 7, 19, 8, 9, 10, 5, 18, 18, 20, 7, 6, 8, 19, 19, 18, 19, 8, 5, 9, 10, 7, 6, 13, 17, 3, 18, 19, 20, 20, 18, 17, 15, 17, 8, 20, 18, 8, 9, 18, 6, 19, 8, 1, 8, 9, 18, 20, 11, 13, 19, 15, 17, 17, 9, 8, 1, 13, 9, 3, 1, 8, 13, 2, 3, 2, 7, 5, 12, 20, 20, 15, 17, 20, 17, 1, 5, 7, 1, 2, 11, 20, 17, 17, 2, 1, 2, 1, 2, 2, 3, 9, 6, 2, 2, 14, 2, 1, 1, 20, 12, 3, 3, 3, 13, 11, 11, 1, 4, 12, 13, 13, 3, 4, 13, 11, 11, 13, 11, 11, 14, 14, 5, 14, 5, 5, 14, 3, 5, 12, 12, 14, 14, 14, 4, 4, 12, 13, 12, 12, 12, 3, 12, 4, 4, 6, 4, 16, 17, 4, 11, 11, 16, 16, 16, 16, 16, 16, 16, 14, 4, 4, 16, 16]
bestever    1885    in generation 3374
[6, 15, 7, 19, 6, 15, 10, 10, 5, 7, 6, 15, 10, 6, 9, 15, 6, 14, 10, 10, 15, 19, 15, 9, 18, 7, 5, 10, 10, 10, 7, 15, 19, 18, 8, 9, 7, 7, 19, 8, 9, 10, 5, 18, 18, 20, 7, 6, 7, 19, 19, 18, 19, 8, 5, 9, 10, 7, 6, 13, 17, 3, 18, 19, 20, 20, 18, 17, 15, 17, 8, 20, 18, 8, 9, 18, 6, 19, 8, 1, 8, 9, 18, 20, 11, 13, 19, 15, 17, 17, 9, 8, 1, 13, 9, 3, 1, 8, 13, 2, 3, 2, 7, 5, 12, 20, 20, 15, 17, 20, 17, 1, 5, 8, 1, 2, 11, 20, 17, 17, 2, 1, 2, 1, 2, 2, 3, 9, 6, 2, 2, 14, 2, 1, 1, 20, 12, 3, 3, 3, 13, 11, 11, 1, 4, 12, 13, 13, 3, 4, 13, 11, 11, 13, 11, 11, 14, 14, 5, 14, 5, 5, 14, 3, 5, 12, 12, 14, 14, 14, 4, 4, 12, 13, 12, 12, 12, 3, 12, 4, 4, 6, 4, 16, 17, 4, 11, 11, 16, 16, 16, 16, 16, 16, 16, 14, 4, 4, 16, 16]
bestever    1876    in generation 3774
[6, 15, 7, 19, 6, 15, 10, 10, 5, 7, 6, 15, 10, 6, 9, 8, 15, 6, 5, 14, 10, 10, 15, 19, 15, 9, 18, 7, 5, 10, 10, 10, 7, 15, 19, 18, 19, 9, 7, 7, 19, 8, 9, 10, 18, 18, 20, 7, 6, 7, 19, 18, 19, 8, 5, 8, 10, 7, 6, 13, 17, 3, 18, 19, 20, 20, 18, 17, 15, 17, 8, 20, 18, 8, 9, 18, 6, 19, 9, 1, 8, 9, 18, 20, 11, 13, 19, 15, 13, 17, 9, 8, 1, 13, 9, 3, 1, 8, 17, 2, 3, 2, 11, 7, 5, 12, 20, 20, 15, 17, 20, 17, 1, 5, 8, 1, 2, 11, 20, 17, 17, 2, 1, 2, 1, 2, 2, 3, 9, 6, 2, 2, 14, 2, 1, 1, 16, 20, 12, 3, 3, 3, 13, 11, 11, 1, 4, 12, 13, 13, 3, 4, 13, 11, 11, 13, 11, 14, 14, 5, 14, 5, 5, 14, 3, 5, 12, 12, 14, 14, 14, 4, 4, 12, 13, 12, 12, 12, 3, 17, 4, 4, 6, 4, 12, 4, 11, 11, 16, 16, 16, 16, 16, 16, 16, 14, 4, 4, 16, 16]
bestever    1875    in generation 3789
[6, 15, 7, 19, 6, 15, 10, 10, 5, 7, 6, 15, 10, 6, 9, 8, 15, 6, 5, 14, 10, 10, 15, 19, 15, 9, 18, 7, 5, 10, 10, 10, 7, 15, 19, 18, 19, 7, 7, 19, 8, 9, 10, 18, 18, 20, 7, 6, 7, 19, 18, 19, 8, 5, 8, 10, 7, 6, 13, 17, 3, 18, 19, 20, 20, 18, 17, 15, 17, 8, 20, 18, 9, 18, 6, 19, 9, 1, 8, 9, 18, 20, 11, 9, 8, 13, 19, 15, 13, 17, 9, 8, 1, 13, 9, 3, 1, 8, 17, 2, 3, 2, 11, 7, 5, 12, 20, 20, 15, 17, 20, 17, 1, 5, 8, 1, 2, 11, 20, 17, 17, 2, 1, 2, 1, 2, 2, 3, 9, 6, 2, 2, 14, 2, 1, 1, 16, 20, 12, 3, 3, 3, 13, 11, 11, 1, 4, 12, 13, 13, 3, 4, 13, 11, 11, 13, 11, 14, 14, 5, 14, 5, 5, 14, 3, 5, 12, 12, 14, 14, 14, 4, 4, 12, 13, 12, 12, 12, 3, 17, 4, 4, 6, 4, 12, 4, 11, 11, 16, 16, 16, 16, 16, 16, 16, 14, 4, 4, 16, 16]
bestever    1873    in generation 4518
[6, 15, 7, 19, 6, 15, 10, 10, 5, 7, 6, 15, 10, 6, 9, 8, 19, 15, 6, 5, 14, 10, 10, 10, 19, 15, 9, 18, 7, 5, 10, 10, 10, 7, 20, 15, 18, 19, 7, 7, 19, 8, 9, 15, 18, 20, 7, 6, 7, 19, 18, 19, 8, 5, 8, 10, 7, 17, 13, 17, 3, 9, 18, 19, 20, 20, 18, 17, 15, 17, 8, 20, 18, 9, 18, 6, 19, 9, 1, 8, 15, 18, 11, 9, 8, 13, 19, 15, 13, 17, 9, 8, 1, 13, 9, 3, 1, 8, 17, 2, 3, 2, 11, 7, 5, 12, 20, 20, 18, 17, 20, 6, 1, 5, 8, 17, 2, 11, 20, 12, 17, 1, 2, 1, 2, 1, 2, 2, 14, 3, 9, 6, 2, 2, 14, 2, 1, 1, 20, 3, 3, 3, 13, 11, 11, 1, 12, 13, 13, 3, 13, 11, 11, 13, 11, 16, 14, 14, 5, 14, 4, 4, 5, 5, 14, 16, 3, 5, 12, 12, 14, 12, 14, 4, 4, 12, 13, 12, 12, 3, 17, 4, 4, 6, 4, 12, 4, 11, 11, 16, 16, 16, 16, 16, 16, 14, 4, 4, 16, 16]
bestever    1865    in generation 5446
[6, 15, 7, 19, 6, 15, 10, 10, 5, 7, 6, 15, 10, 6, 9, 8, 19, 15, 6, 5, 10, 10, 10, 19, 15, 13, 9, 18, 7, 5, 10, 10, 10, 7, 20, 15, 18, 19, 7, 9, 7, 19, 8, 9, 15, 18, 20, 7, 7, 19, 19, 5, 18, 19, 8, 9, 8, 10, 7, 17, 17, 3, 9, 18, 19, 20, 18, 20, 17, 15, 17, 8, 20, 5, 9, 18, 17, 1, 8, 15, 18, 11, 9, 8, 13, 19, 15, 13, 8, 1, 13, 9, 3, 1, 20, 8, 17, 2, 3, 2, 11, 1, 7, 4, 5, 12, 20, 20, 18, 17, 1, 2, 5, 8, 14, 6, 6, 17, 2, 11, 20, 12, 17, 1, 2, 1, 2, 2, 14, 1, 1, 20, 3, 3, 3, 13, 11, 11, 1, 12, 12, 2, 2, 14, 3, 9, 6, 2, 13, 13, 3, 13, 11, 11, 13, 11, 14, 14, 5, 14, 4, 5, 14, 4, 4, 3, 5, 12, 12, 14, 14, 4, 12, 12, 13, 4, 3, 17, 6, 18, 6, 12, 12, 16, 16, 4, 4, 11, 11, 16, 16, 16, 16, 16, 16, 14, 4, 4, 16, 16]
