bestever    3094    in generation 0
[6, 6, 9, 2, 20, 6, 17, 9, 4, 17, 9, 16, 20, 2, 19, 7, 7, 4, 11, 11, 19, 15, 1, 18, 18, 10, 1, 7, 18, 16, 1, 12, 1, 20, 10, 15, 11, 4, 18, 10, 3, 16, 13, 1, 9, 18, 19, 5, 6, 20, 15, 19, 3, 6, 14, 5, 3, 20, 19, 4, 1, 12, 3, 6, 3, 5, 8, 8, 20, 12, 2, 15, 17, 5, 3, 10, 17, 10, 15, 3, 17, 3, 14, 19, 20, 18, 5, 17, 16, 10, 12, 12, 3, 2, 17, 1, 15, 8, 12, 17, 4, 15, 17, 19, 12, 14, 12, 1, 4, 2, 4, 14, 16, 11, 14, 7, 14, 6, 6, 10, 15, 18, 4, 16, 2, 5, 9, 11, 7, 4, 8, 7, 14, 14, 4, 5, 1, 10, 8, 19, 13, 12, 11, 20, 18, 11, 19, 2, 15, 11, 16, 8, 7, 7, 18, 7, 11, 13, 5, 19, 13, 2, 9, 10, 7, 5, 9, 20, 3, 10, 8, 20, 16, 1, 13, 9, 16, 2, 13, 13, 15, 16, 13, 12, 5, 9, 14, 8, 9, 13, 18, 6, 8, 2, 14, 17, 11, 6, 13, 8]
bestever    2978    in generation 1
[1, 18, 7, 14, 18, 20, 9, 12, 20, 9, 1, 7, 19, 17, 7, 12, 5, 16, 11, 11, 17, 18, 5, 5, 18, 7, 2, 19, 2, 19, 17, 16, 17, 16, 2, 7, 2, 2, 19, 11, 6, 19, 19, 11, 4, 12, 17, 4, 7, 3, 14, 2, 18, 13, 9, 1, 7, 13, 4, 9, 14, 4, 5, 5, 12, 15, 2, 8, 4, 9, 18, 18, 13, 3, 7, 6, 12, 13, 5, 9, 8, 17, 11, 15, 19, 4, 20, 18, 3, 15, 3, 12, 9, 1, 11, 3, 15, 16, 8, 3, 20, 10, 14, 19, 10, 7, 7, 4, 9, 4, 5, 1, 10, 15, 6, 2, 5, 17, 16, 18, 20, 10, 9, 16, 3, 1, 20, 20, 11, 1, 2, 9, 3, 6, 16, 14, 17, 17, 13, 12, 1, 10, 13, 1, 20, 8, 16, 10, 13, 11, 20, 3, 8, 13, 19, 20, 12, 4, 8, 15, 2, 14, 6, 15, 5, 14, 13, 11, 6, 8, 10, 19, 6, 3, 1, 6, 4, 8, 16, 13, 8, 15, 17, 6, 8, 6, 11, 5, 16, 10, 10, 12, 12, 14, 14, 18, 15, 15, 10, 14]
bestever    2943    in generation 2
[1, 18, 7, 14, 18, 20, 9, 12, 20, 9, 1, 7, 19, 17, 7, 12, 5, 16, 11, 11, 17, 18, 5, 5, 18, 7, 2, 19, 2, 19, 17, 16, 17, 16, 2, 7, 2, 2, 19, 11, 6, 19, 19, 11, 4, 12, 17, 4, 7, 3, 14, 2, 18, 13, 9, 1, 7, 13, 4, 9, 14, 4, 5, 5, 12, 15, 2, 8, 4, 9, 18, 18, 13, 3, 7, 6, 12, 13, 5, 9, 8, 17, 11, 15, 19, 4, 20, 18, 3, 15, 3, 12, 9, 1, 11, 3, 15, 16, 8, 3, 20, 10, 14, 19, 10, 7, 7, 4, 9, 4, 5, 1, 10, 10, 6, 2, 5, 17, 16, 18, 20, 10, 9, 16, 3, 1, 20, 20, 11, 1, 2, 9, 3, 6, 16, 14, 17, 17, 13, 12, 1, 10, 13, 1, 20, 8, 16, 10, 13, 11, 20, 3, 8, 13, 19, 20, 12, 4, 8, 15, 2, 14, 6, 15, 5, 14, 13, 11, 6, 8, 15, 19, 6, 3, 1, 6, 4, 8, 16, 13, 8, 15, 17, 6, 8, 6, 11, 5, 16, 10, 10, 12, 12, 14, 14, 18, 15, 15, 10, 14]
bestever    2909    in generation 7
[1, 18, 7, 14, 18, 20, 9, 12, 20, 9, 1, 7, 19, 17, 7, 12, 5, 16, 11, 11, 17, 18, 5, 5, 18, 7, 2, 19, 2, 19, 17, 16, 17, 16, 2, 7, 2, 2, 19, 11, 6, 19, 19, 11, 4, 12, 17, 4, 7, 3, 14, 2, 18, 13, 9, 1, 7, 13, 4, 9, 14, 4, 5, 5, 12, 15, 2, 8, 4, 9, 18, 18, 13, 3, 7, 6, 12, 13, 5, 9, 8, 17, 11, 15, 19, 4, 20, 18, 3, 15, 3, 12, 9, 1, 11, 3, 15, 16, 8, 3, 20, 10, 19, 10, 7, 7, 4, 9, 4, 5, 1, 10, 10, 6, 2, 5, 17, 16, 18, 20, 10, 9, 16, 3, 1, 20, 20, 11, 1, 2, 9, 3, 6, 16, 14, 17, 17, 13, 12, 1, 13, 1, 20, 8, 16, 10, 13, 11, 20, 3, 8, 13, 19, 20, 12, 4, 8, 2, 14, 6, 14, 15, 15, 5, 13, 11, 6, 8, 15, 19, 6, 3, 1, 6, 4, 8, 16, 13, 8, 15, 17, 6, 8, 6, 10, 14, 11, 5, 16, 10, 10, 12, 12, 14, 14, 18, 15, 15, 10, 14]
bestever    2899    in generation 10
[1, 7, 19, 17, 7, 5, 16, 18, 5, 18, 7, 2, 19, 2, 19, 17, 16, 17, 16, 2, 7, 2, 2, 11, 6, 19, 19, 11, 4, 12, 17, 7, 3, 14, 2, 18, 13, 1, 7, 13, 4, 14, 4, 5, 5, 12, 15, 2, 8, 4, 9, 18, 13, 3, 7, 6, 12, 13, 5, 9, 8, 17, 11, 15, 19, 4, 20, 18, 3, 15, 3, 12, 9, 1, 11, 3, 12, 13, 5, 9, 8, 17, 11, 15, 19, 4, 20, 18, 3, 15, 3, 12, 9, 1, 11, 3, 15, 16, 8, 3, 20, 10, 19, 10, 7, 7, 4, 9, 4, 5, 1, 10, 10, 6, 2, 5, 17, 16, 18, 20, 10, 9, 16, 3, 1, 20, 11, 1, 2, 9, 6, 16, 14, 17, 17, 13, 12, 13, 1, 20, 16, 10, 13, 11, 20, 8, 19, 20, 12, 4, 8, 2, 14, 6, 14, 10, 5, 14, 13, 11, 6, 8, 15, 19, 6, 1, 6, 4, 8, 16, 13, 8, 15, 17, 6, 8, 6, 11, 5, 16, 10, 10, 12, 12, 14, 14, 18, 15, 15, 10, 14, 1, 18, 7, 14, 18, 20, 9, 20, 9]
bestever    2885    in generation 14
[9, 12, 9, 7, 19, 17, 7, 12, 5, 11, 11, 17, 18, 5, 5, 18, 7, 2, 19, 2, 19, 17, 16, 2, 7, 2, 2, 19, 11, 6, 19, 19, 6, 4, 12, 17, 4, 7, 3, 14, 18, 13, 9, 1, 7, 13, 4, 9, 14, 4, 5, 12, 15, 2, 8, 4, 9, 18, 18, 13, 3, 7, 6, 12, 13, 9, 8, 17, 11, 15, 19, 20, 3, 15, 12, 9, 1, 11, 3, 15, 16, 8, 3, 20, 10, 19, 10, 7, 7, 4, 4, 5, 1, 10, 10, 6, 2, 5, 17, 16, 18, 20, 10, 9, 16, 3, 1, 20, 4, 5, 1, 10, 10, 6, 2, 5, 17, 16, 18, 20, 10, 9, 16, 3, 1, 20, 20, 11, 1, 2, 9, 3, 6, 16, 14, 17, 17, 13, 12, 1, 13, 1, 20, 8, 16, 10, 13, 11, 20, 3, 8, 13, 19, 20, 12, 4, 8, 2, 14, 6, 14, 15, 15, 10, 5, 14, 13, 11, 8, 15, 19, 6, 3, 1, 6, 4, 8, 16, 13, 8, 15, 17, 6, 8, 11, 11, 5, 16, 12, 12, 14, 14, 18, 15, 15, 14, 18, 7, 14, 18]
bestever    2830    in generation 15
[1, 7, 19, 17, 7, 5, 16, 18, 5, 18, 7, 2, 19, 2, 19, 17, 16, 17, 16, 2, 7, 2, 2, 11, 6, 19, 19, 11, 4, 12, 17, 7, 3, 2, 18, 13, 1, 7, 13, 4, 4, 5, 5, 12, 15, 2, 4, 9, 18, 13, 3, 7, 6, 12, 13, 5, 9, 17, 11, 19, 4, 20, 18, 3, 3, 12, 9, 1, 11, 3, 12, 13, 5, 9, 17, 11, 15, 19, 4, 20, 18, 3, 15, 3, 9, 1, 3, 15, 16, 8, 20, 10, 19, 10, 7, 7, 4, 9, 5, 1, 6, 2, 17, 16, 18, 20, 10, 9, 3, 1, 20, 11, 1, 2, 9, 16, 17, 17, 12, 1, 16, 10, 11, 8, 12, 4, 8, 14, 6, 14, 10, 5, 14, 13, 11, 6, 8, 15, 19, 6, 1, 6, 20, 8, 16, 10, 13, 11, 20, 3, 8, 13, 19, 20, 12, 4, 8, 2, 14, 6, 14, 15, 15, 10, 5, 14, 13, 4, 8, 16, 13, 8, 15, 17, 6, 8, 6, 11, 5, 16, 10, 10, 12, 12, 14, 14, 18, 15, 15, 10, 14, 1, 18, 7, 14, 18, 20, 9, 20, 9]
bestever    2820    in generation 17
[1, 7, 19, 17, 7, 5, 16, 18, 5, 18, 7, 2, 19, 2, 19, 17, 16, 17, 16, 2, 7, 2, 2, 11, 4, 19, 19, 11, 4, 12, 17, 7, 3, 14, 2, 18, 13, 1, 7, 13, 4, 14, 4, 5, 5, 12, 15, 2, 8, 4, 9, 18, 13, 3, 7, 6, 12, 13, 5, 9, 8, 17, 11, 15, 19, 4, 20, 18, 3, 15, 3, 12, 9, 1, 11, 3, 12, 13, 5, 9, 8, 17, 11, 15, 19, 4, 20, 18, 3, 15, 3, 12, 9, 1, 11, 3, 15, 16, 8, 3, 20, 10, 19, 10, 7, 7, 4, 9, 4, 5, 1, 10, 10, 6, 2, 5, 17, 16, 18, 20, 10, 9, 16, 3, 1, 20, 11, 1, 2, 9, 6, 16, 14, 17, 17, 13, 12, 13, 1, 20, 16, 10, 13, 11, 20, 8, 19, 20, 12, 6, 8, 2, 14, 6, 14, 10, 5, 14, 13, 11, 6, 8, 15, 19, 6, 1, 6, 4, 8, 16, 13, 8, 15, 17, 6, 8, 6, 11, 5, 16, 10, 10, 12, 12, 14, 14, 18, 15, 15, 10, 14, 1, 18, 7, 14, 18, 20, 9, 20, 9]
bestever    2808    in generation 22
[1, 7, 19, 17, 7, 5, 16, 18, 5, 18, 7, 2, 19, 2, 19, 17, 16, 17, 16, 2, 7, 2, 2, 11, 4, 19, 19, 11, 4, 12, 17, 7, 3, 14, 2, 18, 13, 1, 7, 13, 4, 14, 4, 5, 5, 12, 15, 2, 8, 4, 9, 18, 13, 3, 7, 6, 12, 13, 5, 9, 8, 17, 11, 15, 19, 4, 20, 18, 3, 15, 3, 12, 9, 1, 11, 3, 12, 13, 5, 9, 8, 17, 11, 15, 19, 4, 20, 18, 3, 3, 12, 9, 1, 11, 3, 16, 8, 3, 20, 10, 19, 10, 7, 7, 4, 9, 4, 5, 1, 10, 10, 6, 2, 5, 17, 16, 18, 20, 10, 9, 16, 3, 1, 20, 11, 1, 2, 9, 6, 16, 14, 17, 17, 13, 12, 13, 20, 16, 10, 13, 11, 20, 8, 19, 20, 12, 6, 8, 2, 6, 15, 1, 15, 10, 14, 14, 5, 14, 13, 11, 6, 8, 15, 19, 6, 1, 6, 4, 8, 16, 13, 8, 15, 17, 6, 8, 6, 11, 5, 16, 10, 10, 12, 12, 14, 14, 18, 15, 15, 10, 14, 1, 18, 7, 14, 18, 20, 9, 20, 9]
bestever    2776    in generation 23
[1, 7, 19, 17, 7, 5, 16, 18, 5, 18, 7, 2, 19, 2, 19, 17, 16, 17, 16, 2, 7, 2, 2, 11, 4, 19, 19, 11, 4, 12, 17, 7, 3, 2, 18, 13, 1, 7, 13, 4, 4, 5, 5, 12, 15, 2, 8, 4, 9, 13, 3, 7, 6, 12, 13, 5, 9, 8, 17, 11, 15, 19, 4, 20, 18, 3, 15, 3, 12, 9, 1, 11, 3, 12, 13, 5, 9, 8, 17, 11, 19, 4, 20, 18, 3, 3, 12, 9, 1, 11, 3, 16, 8, 3, 20, 10, 19, 10, 7, 7, 4, 9, 5, 1, 10, 10, 6, 2, 5, 17, 16, 18, 20, 10, 9, 16, 3, 1, 20, 11, 2, 9, 6, 16, 17, 17, 13, 12, 13, 20, 16, 13, 11, 20, 8, 19, 20, 6, 14, 14, 15, 1, 15, 10, 14, 12, 4, 8, 2, 6, 1, 10, 14, 14, 18, 15, 5, 14, 13, 11, 6, 8, 15, 19, 6, 1, 6, 4, 8, 16, 13, 8, 15, 17, 6, 8, 6, 11, 5, 16, 10, 10, 12, 12, 14, 14, 18, 15, 15, 10, 14, 1, 18, 7, 14, 18, 20, 9, 20, 9]
bestever    2771    in generation 24
[1, 7, 19, 17, 7, 5, 16, 18, 5, 18, 7, 2, 19, 2, 19, 17, 16, 17, 16, 2, 7, 2, 2, 11, 4, 19, 19, 11, 4, 12, 17, 7, 3, 14, 2, 18, 13, 1, 7, 13, 4, 4, 5, 5, 12, 15, 2, 8, 4, 9, 18, 13, 3, 7, 6, 12, 13, 5, 9, 8, 17, 11, 15, 19, 4, 20, 3, 15, 3, 12, 9, 1, 11, 3, 12, 13, 5, 9, 8, 17, 11, 15, 19, 4, 20, 3, 15, 3, 12, 9, 1, 11, 3, 16, 8, 3, 20, 10, 19, 10, 7, 7, 4, 9, 4, 5, 1, 10, 10, 6, 2, 5, 17, 16, 18, 20, 10, 9, 16, 3, 1, 20, 11, 1, 2, 9, 6, 16, 17, 17, 13, 12, 13, 20, 16, 13, 11, 20, 8, 19, 20, 12, 6, 2, 6, 6, 1, 10, 14, 14, 18, 10, 14, 14, 18, 15, 5, 14, 13, 11, 6, 8, 15, 19, 6, 1, 6, 4, 8, 16, 13, 8, 15, 17, 8, 8, 6, 11, 5, 16, 10, 10, 12, 12, 14, 14, 18, 15, 15, 10, 14, 1, 18, 7, 14, 18, 20, 9, 20, 9]
bestever    2717    in generation 40
[7, 19, 17, 7, 5, 16, 18, 5, 18, 7, 2, 19, 2, 19, 17, 16, 17, 16, 2, 7, 2, 2, 11, 4, 19, 19, 11, 4, 12, 17, 7, 3, 2, 18, 13, 1, 7, 13, 4, 4, 5, 5, 12, 9, 2, 8, 4, 9, 13, 3, 7, 6, 12, 13, 5, 9, 8, 17, 11, 15, 19, 4, 20, 3, 15, 3, 12, 9, 1, 11, 3, 12, 13, 5, 9, 8, 17, 11, 15, 19, 4, 20, 3, 3, 12, 9, 1, 11, 3, 16, 8, 3, 20, 10, 19, 10, 7, 7, 4, 9, 4, 5, 1, 10, 10, 6, 2, 5, 17, 16, 20, 9, 16, 3, 1, 11, 2, 9, 6, 16, 17, 17, 13, 12, 13, 16, 13, 11, 20, 20, 18, 1, 10, 14, 14, 18, 15, 20, 8, 19, 20, 12, 6, 2, 6, 6, 1, 10, 14, 14, 18, 10, 14, 14, 18, 15, 5, 14, 13, 11, 6, 8, 15, 19, 6, 1, 6, 4, 8, 16, 13, 8, 15, 17, 8, 8, 6, 11, 5, 16, 10, 10, 12, 12, 14, 14, 18, 15, 15, 10, 14, 1, 18, 7, 18, 20, 9, 20, 15, 1]
bestever    2628    in generation 42
[16, 19, 17, 7, 5, 16, 18, 5, 18, 7, 2, 19, 2, 19, 17, 16, 17, 16, 2, 7, 2, 2, 11, 4, 19, 19, 11, 4, 12, 17, 7, 3, 2, 18, 13, 7, 13, 4, 4, 5, 5, 12, 15, 2, 8, 4, 9, 13, 3, 7, 12, 13, 5, 9, 17, 11, 15, 19, 4, 6, 1, 8, 20, 3, 15, 3, 12, 9, 1, 11, 3, 12, 13, 5, 9, 8, 17, 11, 15, 19, 4, 20, 3, 3, 12, 9, 1, 11, 3, 16, 8, 3, 20, 10, 19, 10, 7, 7, 4, 9, 4, 5, 1, 10, 10, 6, 2, 5, 17, 16, 20, 9, 16, 3, 1, 11, 2, 9, 6, 16, 17, 17, 13, 12, 13, 16, 13, 11, 20, 20, 18, 1, 10, 14, 14, 18, 15, 20, 8, 19, 20, 12, 6, 2, 6, 6, 1, 10, 14, 14, 18, 10, 14, 14, 18, 15, 5, 14, 13, 11, 6, 8, 15, 19, 6, 1, 6, 4, 8, 16, 13, 7, 7, 9, 9, 17, 12, 10, 18, 15, 20, 8, 20, 12, 1, 10, 18, 10, 14, 14, 18, 15, 5, 14, 11, 8, 15, 1, 6, 8]
bestever    2571    in generation 44
[16, 19, 17, 7, 5, 16, 18, 5, 18, 7, 2, 19, 2, 19, 17, 16, 17, 2, 7, 2, 2, 11, 4, 19, 19, 11, 4, 12, 17, 7, 3, 2, 18, 13, 7, 13, 4, 4, 5, 5, 12, 15, 2, 8, 4, 9, 13, 3, 7, 12, 13, 5, 9, 17, 11, 15, 1, 16, 8, 19, 4, 20, 3, 15, 3, 12, 9, 1, 11, 3, 12, 13, 5, 9, 17, 11, 19, 4, 20, 3, 3, 12, 9, 1, 11, 3, 16, 3, 20, 10, 19, 10, 7, 7, 4, 9, 4, 5, 1, 10, 6, 2, 17, 16, 20, 9, 16, 3, 11, 2, 9, 16, 17, 17, 13, 12, 13, 16, 13, 20, 20, 20, 8, 19, 20, 1, 10, 14, 14, 18, 5, 14, 11, 8, 15, 1, 6, 8, 12, 10, 18, 15, 6, 2, 6, 6, 1, 10, 14, 14, 18, 10, 14, 14, 18, 15, 5, 14, 13, 11, 6, 8, 15, 19, 6, 1, 6, 4, 8, 16, 13, 7, 7, 9, 9, 17, 12, 10, 18, 15, 20, 8, 20, 12, 1, 10, 18, 10, 14, 14, 18, 15, 5, 11, 8, 15, 1, 6, 6, 8]
bestever    2513    in generation 50
[16, 19, 17, 17, 5, 16, 18, 5, 18, 7, 2, 19, 2, 19, 17, 16, 7, 2, 7, 2, 2, 11, 4, 19, 19, 11, 4, 12, 17, 7, 3, 2, 18, 13, 7, 13, 4, 4, 5, 5, 12, 15, 2, 8, 4, 9, 13, 3, 7, 12, 13, 5, 9, 17, 11, 15, 1, 16, 8, 19, 4, 20, 3, 15, 3, 12, 9, 1, 11, 3, 12, 13, 5, 9, 17, 11, 19, 4, 20, 3, 3, 12, 9, 1, 11, 3, 16, 3, 20, 10, 19, 10, 7, 7, 4, 9, 4, 5, 1, 10, 6, 2, 17, 16, 20, 9, 16, 3, 11, 2, 9, 16, 17, 17, 13, 12, 13, 16, 13, 20, 20, 20, 8, 19, 20, 1, 10, 14, 14, 18, 5, 14, 11, 8, 15, 1, 6, 8, 12, 10, 18, 15, 6, 2, 6, 6, 1, 10, 14, 14, 18, 10, 14, 14, 18, 15, 5, 14, 13, 11, 6, 8, 15, 19, 6, 1, 6, 4, 8, 16, 13, 7, 7, 9, 9, 17, 12, 10, 18, 15, 20, 8, 20, 12, 1, 10, 18, 10, 14, 14, 18, 15, 5, 11, 8, 15, 1, 6, 6, 8]
bestever    2474    in generation 58
[16, 19, 17, 17, 5, 16, 18, 5, 18, 7, 2, 19, 2, 19, 17, 16, 7, 2, 7, 2, 2, 11, 4, 19, 19, 11, 4, 12, 17, 7, 3, 2, 18, 13, 7, 13, 4, 4, 5, 5, 12, 15, 2, 8, 4, 9, 13, 3, 7, 12, 13, 5, 9, 17, 11, 15, 1, 16, 8, 19, 4, 20, 3, 15, 3, 12, 9, 1, 11, 3, 12, 13, 5, 9, 17, 11, 19, 4, 20, 3, 3, 12, 9, 1, 11, 3, 16, 3, 20, 10, 19, 10, 7, 7, 4, 9, 4, 5, 1, 10, 16, 2, 17, 16, 20, 9, 16, 3, 11, 2, 9, 16, 17, 17, 13, 12, 13, 6, 13, 20, 20, 20, 8, 19, 20, 1, 10, 14, 14, 18, 5, 14, 11, 8, 15, 1, 6, 8, 12, 10, 18, 15, 6, 2, 6, 6, 1, 10, 14, 14, 18, 10, 14, 14, 18, 15, 5, 14, 13, 11, 6, 8, 15, 19, 6, 1, 6, 4, 8, 16, 13, 7, 7, 9, 9, 17, 12, 10, 18, 15, 20, 8, 20, 12, 1, 10, 18, 10, 14, 14, 18, 15, 5, 11, 8, 15, 1, 6, 6, 8]
bestever    2464    in generation 67
[16, 19, 17, 17, 5, 16, 18, 5, 18, 7, 2, 19, 2, 19, 17, 16, 7, 2, 7, 2, 2, 11, 4, 19, 19, 11, 4, 12, 17, 7, 3, 2, 18, 13, 7, 13, 4, 4, 5, 5, 12, 15, 2, 8, 4, 9, 13, 3, 7, 12, 13, 5, 9, 17, 11, 15, 1, 16, 8, 19, 4, 20, 3, 15, 3, 12, 9, 1, 11, 3, 12, 13, 5, 9, 17, 11, 19, 4, 20, 3, 3, 12, 9, 1, 11, 3, 16, 3, 20, 10, 19, 10, 7, 7, 4, 9, 4, 5, 1, 10, 16, 2, 17, 16, 20, 9, 16, 3, 11, 2, 9, 16, 17, 17, 13, 12, 13, 6, 13, 20, 20, 20, 8, 19, 20, 1, 10, 14, 14, 18, 5, 14, 11, 8, 15, 1, 6, 8, 12, 10, 18, 15, 6, 2, 6, 6, 1, 10, 14, 14, 18, 10, 14, 13, 18, 15, 5, 14, 14, 11, 6, 8, 15, 19, 6, 1, 6, 4, 8, 16, 13, 7, 7, 9, 9, 17, 12, 10, 18, 15, 20, 8, 20, 12, 1, 10, 18, 10, 14, 14, 18, 15, 5, 11, 8, 15, 1, 6, 6, 8]
bestever    2457    in generation 69
[16, 19, 17, 17, 5, 16, 18, 5, 18, 7, 2, 19, 2, 19, 17, 16, 7, 2, 7, 2, 2, 11, 4, 19, 19, 11, 4, 12, 7, 3, 2, 18, 13, 7, 4, 4, 5, 5, 12, 15, 2, 8, 4, 9, 13, 3, 7, 12, 13, 5, 9, 11, 15, 1, 16, 8, 19, 4, 20, 3, 15, 3, 12, 9, 1, 11, 3, 12, 13, 5, 9, 17, 11, 19, 4, 20, 3, 3, 9, 1, 11, 3, 16, 3, 20, 10, 19, 10, 7, 7, 4, 9, 4, 5, 1, 10, 2, 17, 16, 20, 9, 16, 3, 11, 2, 16, 17, 17, 13, 12, 9, 16, 17, 17, 13, 12, 13, 6, 13, 20, 20, 20, 8, 19, 20, 1, 10, 14, 14, 18, 5, 14, 11, 8, 15, 1, 6, 8, 12, 10, 18, 15, 6, 2, 6, 6, 1, 10, 14, 14, 18, 10, 14, 14, 18, 15, 5, 14, 13, 11, 6, 8, 15, 19, 6, 1, 6, 4, 16, 13, 7, 7, 9, 9, 17, 8, 12, 10, 18, 15, 20, 8, 20, 12, 1, 10, 18, 10, 14, 14, 18, 15, 5, 11, 8, 15, 1, 6, 6, 8]
bestever    2440    in generation 80
[16, 19, 17, 17, 5, 16, 18, 5, 18, 7, 2, 19, 2, 19, 17, 16, 7, 2, 7, 2, 2, 11, 4, 19, 19, 11, 4, 12, 7, 3, 2, 18, 13, 7, 4, 4, 5, 5, 12, 15, 2, 8, 4, 9, 13, 3, 7, 12, 13, 5, 9, 11, 15, 1, 16, 8, 19, 4, 20, 3, 15, 3, 12, 9, 1, 11, 3, 12, 13, 5, 9, 17, 11, 19, 4, 20, 3, 3, 9, 1, 11, 3, 16, 3, 20, 10, 19, 10, 7, 7, 4, 9, 4, 1, 10, 2, 17, 16, 20, 9, 16, 3, 11, 2, 16, 17, 17, 13, 12, 9, 16, 17, 17, 13, 12, 13, 6, 13, 20, 20, 20, 8, 19, 20, 1, 10, 14, 14, 18, 5, 14, 11, 8, 15, 1, 6, 8, 12, 10, 18, 15, 6, 2, 6, 6, 1, 10, 14, 14, 18, 10, 14, 18, 15, 5, 13, 6, 8, 19, 1, 4, 16, 13, 7, 7, 9, 9, 17, 10, 18, 20, 8, 12, 14, 14, 15, 5, 11, 8, 15, 6, 6, 20, 12, 1, 10, 18, 10, 14, 14, 18, 15, 5, 11, 8, 15, 1, 6, 6, 8]
bestever    2406    in generation 91
[16, 19, 17, 17, 5, 16, 18, 5, 18, 7, 2, 19, 2, 19, 17, 16, 7, 2, 7, 2, 2, 11, 4, 19, 19, 11, 4, 12, 7, 3, 2, 18, 13, 7, 4, 4, 5, 5, 12, 15, 2, 8, 4, 9, 13, 3, 7, 12, 13, 5, 9, 11, 15, 1, 16, 8, 19, 4, 20, 3, 15, 3, 12, 9, 1, 11, 3, 12, 13, 5, 9, 17, 11, 19, 4, 20, 3, 3, 9, 1, 11, 3, 16, 3, 20, 10, 19, 10, 7, 7, 4, 9, 4, 1, 10, 2, 17, 16, 20, 9, 16, 3, 11, 2, 16, 17, 17, 13, 12, 9, 16, 4, 17, 13, 12, 13, 6, 13, 20, 20, 20, 8, 19, 20, 1, 10, 14, 14, 18, 5, 14, 11, 8, 15, 1, 6, 8, 12, 10, 18, 15, 6, 2, 6, 6, 1, 10, 14, 14, 18, 10, 14, 18, 15, 5, 13, 6, 8, 19, 1, 17, 16, 13, 7, 7, 9, 9, 17, 10, 18, 20, 8, 12, 14, 14, 15, 5, 11, 8, 15, 6, 6, 20, 12, 1, 10, 18, 10, 14, 14, 18, 15, 5, 11, 8, 15, 1, 6, 6, 8]
bestever    2370    in generation 92
[16, 19, 17, 17, 5, 16, 18, 5, 18, 7, 2, 19, 2, 19, 17, 16, 7, 2, 7, 2, 2, 11, 4, 19, 19, 11, 4, 12, 7, 3, 2, 18, 13, 7, 4, 4, 5, 5, 12, 15, 2, 8, 4, 9, 13, 3, 7, 12, 13, 5, 9, 11, 15, 1, 16, 8, 19, 4, 20, 3, 15, 3, 12, 9, 1, 11, 3, 12, 13, 5, 9, 17, 11, 19, 4, 20, 3, 3, 9, 1, 11, 3, 16, 3, 20, 10, 19, 10, 7, 7, 4, 9, 4, 1, 10, 2, 17, 16, 20, 9, 16, 3, 11, 2, 16, 17, 17, 13, 12, 9, 16, 17, 13, 12, 13, 6, 13, 20, 20, 20, 8, 19, 20, 1, 10, 14, 14, 18, 5, 14, 8, 15, 1, 6, 12, 10, 18, 6, 2, 6, 10, 14, 14, 18, 10, 13, 8, 15, 5, 11, 15, 1, 18, 14, 19, 4, 16, 13, 7, 7, 9, 9, 17, 17, 10, 18, 20, 8, 12, 14, 14, 15, 5, 11, 8, 15, 6, 6, 20, 12, 1, 10, 18, 10, 14, 14, 18, 15, 5, 11, 8, 15, 1, 6, 6, 8, 1, 6, 6, 8]
bestever    2353    in generation 130
[16, 19, 17, 17, 5, 16, 18, 5, 18, 7, 2, 19, 2, 19, 17, 16, 7, 2, 7, 2, 2, 11, 4, 19, 19, 11, 4, 12, 7, 3, 2, 18, 13, 7, 4, 4, 5, 5, 12, 15, 2, 8, 4, 9, 13, 3, 7, 12, 13, 5, 9, 11, 15, 1, 16, 19, 4, 20, 3, 3, 12, 9, 1, 11, 3, 12, 13, 5, 9, 17, 11, 19, 4, 20, 3, 3, 9, 1, 11, 3, 16, 3, 20, 10, 19, 10, 7, 7, 4, 9, 4, 2, 17, 16, 20, 9, 16, 3, 2, 16, 17, 17, 13, 12, 9, 16, 17, 13, 12, 13, 13, 20, 20, 20, 19, 1, 14, 1, 13, 6, 2, 6, 10, 8, 1, 18, 10, 18, 20, 8, 12, 14, 14, 15, 5, 11, 8, 15, 6, 6, 10, 14, 14, 18, 10, 10, 8, 15, 5, 11, 15, 1, 18, 14, 19, 4, 16, 13, 7, 7, 9, 9, 17, 17, 10, 18, 20, 8, 12, 14, 14, 15, 5, 11, 8, 15, 6, 6, 20, 12, 1, 10, 18, 10, 14, 14, 18, 15, 5, 11, 8, 15, 1, 6, 6, 8, 1, 6, 6, 8]
bestever    2351    in generation 132
[16, 19, 17, 17, 5, 16, 18, 5, 18, 7, 2, 7, 2, 19, 17, 16, 7, 2, 7, 2, 2, 11, 4, 19, 19, 11, 4, 12, 7, 3, 2, 18, 13, 7, 4, 4, 5, 5, 12, 15, 2, 4, 9, 13, 3, 19, 12, 13, 5, 9, 11, 15, 1, 16, 19, 4, 20, 3, 3, 12, 9, 1, 11, 3, 12, 13, 5, 9, 17, 11, 19, 4, 20, 3, 3, 9, 1, 11, 3, 16, 8, 3, 20, 10, 19, 10, 7, 7, 4, 9, 4, 2, 17, 16, 20, 9, 16, 3, 2, 16, 17, 17, 13, 12, 9, 16, 17, 13, 12, 13, 13, 20, 20, 20, 19, 1, 14, 1, 13, 6, 2, 6, 10, 8, 1, 18, 10, 18, 20, 8, 12, 14, 14, 15, 5, 11, 8, 15, 6, 6, 10, 14, 14, 18, 10, 10, 8, 15, 5, 11, 15, 1, 18, 14, 19, 4, 16, 13, 7, 7, 9, 9, 17, 17, 10, 18, 20, 8, 12, 14, 14, 15, 5, 11, 8, 15, 6, 6, 20, 12, 1, 10, 18, 10, 14, 14, 18, 15, 5, 11, 8, 15, 1, 6, 6, 8, 1, 6, 6, 8]
bestever    2345    in generation 137
[16, 19, 17, 17, 5, 16, 3, 5, 18, 7, 2, 7, 2, 19, 17, 16, 7, 2, 7, 2, 2, 11, 4, 19, 19, 11, 4, 12, 7, 3, 2, 18, 13, 7, 4, 4, 5, 5, 12, 15, 2, 4, 9, 13, 3, 19, 12, 13, 5, 9, 11, 15, 1, 16, 19, 4, 20, 3, 3, 12, 9, 1, 11, 3, 12, 13, 5, 9, 17, 11, 19, 4, 20, 3, 3, 9, 1, 11, 18, 16, 8, 3, 20, 10, 19, 10, 7, 7, 4, 9, 4, 2, 17, 16, 20, 9, 16, 3, 2, 16, 17, 17, 13, 12, 9, 16, 17, 13, 12, 13, 13, 20, 20, 20, 19, 1, 14, 13, 2, 10, 8, 18, 10, 18, 20, 8, 12, 14, 14, 15, 5, 11, 15, 6, 6, 10, 14, 14, 18, 10, 10, 1, 8, 6, 6, 1, 15, 8, 5, 11, 15, 1, 18, 14, 19, 4, 16, 13, 7, 7, 9, 9, 17, 17, 10, 18, 20, 8, 12, 14, 14, 15, 5, 11, 8, 15, 6, 6, 20, 12, 1, 10, 18, 10, 14, 14, 18, 15, 5, 11, 8, 15, 1, 6, 6, 8, 1, 6, 6, 8]
bestever    2300    in generation 146
[16, 19, 17, 17, 5, 16, 3, 5, 18, 7, 2, 7, 2, 19, 17, 16, 7, 2, 7, 2, 2, 11, 4, 19, 19, 11, 4, 12, 7, 3, 2, 18, 13, 7, 4, 4, 5, 5, 12, 15, 2, 4, 9, 13, 3, 19, 5, 9, 11, 15, 1, 16, 19, 4, 20, 3, 3, 9, 1, 11, 3, 12, 5, 9, 11, 19, 4, 3, 3, 9, 1, 11, 18, 16, 8, 3, 10, 19, 10, 7, 7, 4, 4, 9, 2, 17, 12, 9, 16, 17, 12, 13, 13, 20, 20, 20, 16, 3, 2, 16, 17, 17, 13, 12, 9, 16, 17, 13, 12, 13, 13, 20, 20, 20, 19, 1, 14, 13, 2, 10, 8, 18, 10, 18, 20, 8, 12, 14, 14, 15, 5, 11, 15, 6, 6, 10, 14, 14, 18, 10, 10, 1, 8, 6, 6, 1, 15, 8, 5, 11, 15, 1, 18, 14, 19, 4, 16, 13, 7, 7, 9, 9, 17, 17, 10, 18, 20, 8, 12, 14, 14, 15, 5, 11, 8, 15, 6, 6, 20, 12, 1, 10, 18, 10, 14, 14, 18, 15, 5, 11, 8, 15, 1, 6, 6, 8, 1, 6, 6, 8]
bestever    2281    in generation 154
[16, 19, 17, 17, 5, 16, 3, 5, 18, 7, 2, 7, 2, 19, 17, 16, 7, 2, 7, 2, 2, 11, 4, 19, 19, 11, 4, 12, 7, 3, 2, 18, 13, 7, 4, 4, 5, 5, 12, 15, 2, 4, 9, 13, 3, 19, 5, 9, 11, 15, 1, 16, 19, 4, 20, 3, 3, 9, 1, 11, 3, 12, 5, 9, 11, 19, 4, 3, 3, 9, 1, 11, 18, 16, 8, 3, 10, 19, 10, 7, 7, 4, 4, 9, 2, 17, 12, 9, 16, 17, 12, 13, 13, 20, 20, 20, 16, 3, 2, 16, 17, 17, 13, 12, 9, 16, 17, 13, 12, 13, 13, 20, 20, 20, 19, 1, 14, 13, 2, 10, 8, 18, 10, 18, 20, 12, 14, 14, 15, 5, 11, 15, 6, 6, 10, 14, 14, 18, 10, 10, 1, 8, 6, 6, 1, 15, 8, 5, 11, 15, 1, 18, 14, 19, 4, 16, 13, 7, 7, 9, 9, 17, 17, 10, 18, 20, 8, 12, 14, 14, 15, 11, 8, 15, 6, 6, 5, 8, 20, 12, 1, 10, 18, 10, 14, 14, 18, 15, 5, 11, 8, 15, 1, 6, 6, 8, 1, 6, 6, 8]
bestever    2271    in generation 181
[16, 19, 17, 17, 5, 2, 3, 5, 18, 7, 2, 7, 2, 19, 17, 16, 7, 2, 7, 2, 2, 11, 4, 19, 19, 11, 4, 12, 7, 3, 2, 18, 13, 7, 4, 4, 5, 5, 12, 15, 2, 4, 9, 13, 3, 19, 5, 9, 11, 15, 1, 16, 19, 4, 20, 3, 3, 9, 1, 11, 3, 12, 5, 9, 11, 19, 4, 3, 3, 9, 1, 11, 18, 16, 8, 3, 10, 19, 10, 7, 7, 4, 4, 9, 2, 17, 12, 9, 16, 17, 12, 13, 13, 20, 20, 20, 16, 3, 2, 16, 17, 17, 13, 12, 9, 16, 17, 13, 12, 13, 13, 20, 20, 20, 19, 1, 14, 13, 16, 10, 8, 18, 10, 18, 20, 12, 14, 14, 15, 5, 11, 15, 6, 6, 10, 14, 14, 18, 10, 10, 1, 8, 6, 6, 1, 15, 8, 5, 11, 15, 1, 18, 14, 19, 4, 16, 13, 7, 7, 9, 9, 17, 17, 10, 18, 20, 8, 12, 14, 14, 15, 11, 8, 15, 6, 6, 5, 20, 12, 1, 10, 18, 10, 14, 14, 18, 15, 5, 8, 11, 8, 15, 1, 6, 6, 8, 1, 6, 6, 8]
bestever    2260    in generation 192
[16, 19, 17, 17, 5, 2, 3, 5, 18, 7, 2, 7, 2, 19, 17, 16, 7, 2, 7, 2, 2, 11, 4, 19, 19, 11, 4, 12, 7, 3, 2, 18, 13, 7, 4, 4, 5, 5, 12, 15, 2, 4, 9, 13, 3, 19, 5, 9, 11, 15, 1, 16, 19, 4, 20, 3, 3, 9, 1, 11, 3, 12, 5, 9, 11, 19, 4, 3, 3, 9, 1, 11, 17, 16, 8, 3, 10, 19, 10, 7, 7, 4, 4, 9, 2, 17, 12, 9, 16, 17, 12, 13, 13, 20, 20, 20, 16, 3, 2, 16, 17, 18, 13, 12, 9, 16, 17, 13, 12, 13, 13, 20, 20, 20, 19, 1, 14, 13, 16, 10, 8, 18, 10, 18, 20, 12, 14, 14, 15, 5, 11, 15, 6, 6, 10, 14, 14, 18, 10, 10, 1, 8, 6, 6, 1, 15, 8, 5, 11, 15, 1, 18, 14, 19, 4, 16, 13, 7, 7, 9, 9, 17, 17, 10, 18, 20, 8, 12, 14, 14, 15, 11, 8, 15, 6, 6, 5, 20, 12, 1, 10, 18, 10, 14, 14, 18, 15, 5, 8, 11, 8, 15, 1, 6, 6, 8, 1, 6, 6, 8]
bestever    2236    in generation 197
[16, 19, 17, 17, 5, 2, 3, 5, 18, 7, 2, 7, 2, 19, 17, 16, 7, 2, 7, 2, 2, 11, 4, 19, 19, 11, 4, 12, 7, 3, 2, 18, 13, 7, 4, 4, 5, 5, 12, 15, 2, 4, 9, 13, 3, 19, 5, 9, 11, 15, 1, 16, 19, 4, 20, 3, 3, 9, 1, 11, 3, 12, 5, 9, 11, 19, 4, 3, 3, 9, 1, 11, 17, 16, 8, 3, 10, 19, 10, 7, 7, 4, 4, 9, 2, 17, 12, 9, 16, 17, 12, 13, 13, 20, 20, 20, 16, 3, 2, 16, 17, 18, 1, 12, 9, 16, 17, 13, 12, 13, 13, 20, 20, 20, 19, 1, 14, 13, 16, 10, 8, 18, 10, 18, 20, 12, 14, 14, 15, 5, 11, 15, 6, 6, 10, 14, 14, 18, 10, 10, 13, 8, 6, 6, 1, 15, 8, 5, 11, 15, 1, 18, 14, 19, 4, 16, 13, 7, 7, 9, 9, 17, 17, 10, 18, 20, 8, 12, 14, 14, 15, 11, 8, 15, 6, 6, 5, 20, 12, 1, 10, 18, 10, 14, 14, 18, 15, 5, 8, 11, 8, 15, 1, 6, 6, 8, 1, 6, 6, 8]
bestever    2168    in generation 248
[16, 19, 17, 17, 5, 2, 13, 5, 18, 7, 2, 7, 2, 19, 17, 16, 7, 2, 7, 2, 2, 11, 4, 19, 19, 11, 4, 12, 7, 3, 2, 18, 13, 7, 4, 4, 5, 5, 12, 15, 2, 4, 9, 3, 3, 19, 5, 9, 11, 15, 1, 16, 19, 4, 20, 3, 3, 9, 1, 11, 3, 12, 5, 9, 11, 19, 4, 3, 3, 9, 1, 11, 17, 16, 8, 3, 10, 19, 10, 7, 7, 4, 4, 9, 2, 17, 12, 9, 16, 17, 12, 13, 13, 20, 20, 20, 16, 3, 2, 16, 17, 18, 1, 12, 9, 16, 17, 13, 12, 13, 13, 20, 20, 20, 19, 1, 14, 13, 16, 10, 8, 18, 10, 18, 20, 12, 14, 14, 15, 5, 11, 15, 6, 6, 10, 14, 14, 18, 10, 10, 13, 8, 6, 6, 1, 15, 8, 5, 11, 15, 1, 18, 14, 19, 4, 16, 13, 7, 7, 9, 9, 17, 17, 10, 18, 20, 8, 12, 14, 14, 15, 11, 8, 15, 6, 6, 5, 20, 12, 1, 10, 18, 10, 14, 14, 18, 15, 5, 8, 11, 8, 15, 1, 6, 6, 8, 1, 6, 6, 8]
bestever    2160    in generation 263
[16, 19, 17, 17, 5, 2, 13, 5, 18, 7, 2, 7, 2, 19, 17, 16, 7, 2, 7, 2, 2, 11, 4, 19, 19, 11, 4, 12, 7, 3, 2, 18, 13, 7, 4, 4, 5, 5, 12, 15, 2, 4, 9, 3, 3, 19, 5, 9, 11, 15, 1, 16, 19, 4, 20, 3, 3, 9, 1, 11, 3, 12, 5, 9, 11, 19, 4, 3, 3, 9, 1, 11, 17, 16, 8, 3, 10, 19, 10, 7, 7, 4, 4, 9, 2, 17, 12, 9, 16, 17, 12, 13, 13, 20, 20, 20, 16, 3, 2, 16, 17, 18, 1, 12, 9, 16, 17, 13, 12, 13, 13, 20, 20, 20, 19, 1, 14, 13, 16, 10, 8, 18, 10, 18, 20, 12, 14, 14, 15, 5, 11, 15, 6, 6, 10, 14, 14, 18, 10, 10, 13, 8, 6, 6, 1, 15, 8, 5, 11, 15, 1, 18, 14, 19, 4, 16, 13, 7, 7, 9, 9, 17, 17, 10, 18, 20, 8, 5, 14, 14, 15, 11, 8, 15, 6, 6, 5, 20, 12, 1, 10, 18, 10, 14, 14, 18, 15, 12, 8, 11, 8, 15, 1, 6, 6, 8, 1, 6, 6, 8]
bestever    2156    in generation 287
[16, 19, 17, 17, 5, 2, 13, 5, 18, 7, 2, 7, 2, 19, 17, 16, 7, 2, 7, 2, 2, 11, 4, 19, 19, 11, 4, 12, 7, 3, 2, 18, 13, 7, 4, 4, 5, 5, 12, 15, 2, 4, 9, 3, 3, 19, 5, 9, 11, 15, 1, 16, 19, 4, 20, 3, 3, 9, 1, 11, 3, 12, 5, 9, 11, 19, 4, 3, 3, 9, 1, 11, 17, 16, 3, 10, 19, 10, 7, 7, 4, 4, 9, 2, 17, 12, 9, 16, 17, 12, 13, 13, 20, 20, 20, 16, 3, 2, 16, 17, 18, 12, 9, 16, 17, 13, 12, 13, 13, 20, 20, 20, 19, 1, 14, 13, 16, 10, 18, 10, 12, 14, 14, 5, 6, 6, 10, 10, 13, 8, 6, 6, 1, 15, 8, 15, 1, 18, 10, 18, 20, 8, 5, 14, 14, 15, 11, 8, 11, 15, 1, 18, 14, 19, 4, 16, 13, 7, 7, 9, 9, 17, 17, 10, 18, 20, 8, 5, 14, 14, 15, 11, 8, 15, 6, 6, 5, 20, 12, 1, 10, 18, 10, 14, 14, 18, 15, 12, 8, 11, 8, 15, 1, 6, 6, 8, 1, 6, 6, 8]
bestever    2148    in generation 289
[16, 19, 17, 17, 5, 2, 13, 5, 18, 7, 2, 7, 2, 19, 17, 16, 7, 2, 7, 2, 2, 11, 4, 19, 19, 11, 4, 12, 7, 3, 2, 18, 13, 7, 4, 4, 5, 5, 12, 15, 2, 4, 9, 3, 3, 19, 5, 9, 11, 15, 1, 16, 19, 4, 20, 3, 3, 9, 1, 11, 3, 12, 5, 9, 11, 19, 4, 3, 3, 9, 1, 11, 17, 16, 8, 3, 10, 19, 10, 7, 7, 4, 4, 9, 2, 17, 12, 9, 16, 17, 12, 13, 13, 20, 20, 20, 16, 3, 2, 16, 17, 18, 1, 12, 9, 16, 17, 13, 12, 13, 13, 20, 20, 20, 19, 1, 14, 13, 16, 10, 8, 18, 10, 18, 20, 12, 14, 14, 15, 5, 11, 15, 6, 6, 10, 14, 14, 18, 10, 10, 13, 8, 6, 6, 1, 15, 8, 5, 1, 15, 1, 18, 14, 19, 4, 16, 13, 7, 7, 9, 9, 17, 17, 10, 18, 20, 8, 5, 14, 14, 15, 11, 8, 15, 6, 6, 5, 20, 12, 1, 10, 18, 10, 14, 14, 18, 15, 12, 8, 11, 8, 15, 1, 6, 6, 8, 11, 6, 6, 8]
bestever    2133    in generation 309
[16, 19, 17, 17, 5, 2, 13, 5, 18, 7, 2, 7, 2, 19, 17, 16, 7, 2, 7, 2, 2, 11, 4, 19, 19, 11, 4, 12, 7, 3, 2, 18, 13, 7, 4, 4, 5, 5, 12, 15, 2, 4, 9, 3, 3, 19, 5, 9, 11, 15, 1, 16, 19, 4, 20, 3, 3, 9, 1, 11, 3, 12, 5, 9, 11, 19, 4, 3, 3, 9, 1, 11, 17, 16, 8, 3, 10, 19, 10, 7, 7, 4, 4, 9, 2, 17, 12, 9, 16, 17, 12, 13, 13, 20, 20, 20, 16, 3, 2, 16, 17, 18, 1, 12, 9, 16, 17, 13, 12, 13, 13, 20, 20, 20, 19, 1, 14, 13, 16, 10, 8, 10, 18, 20, 12, 14, 15, 5, 11, 15, 6, 6, 10, 14, 14, 18, 10, 13, 8, 6, 6, 1, 15, 8, 5, 1, 15, 1, 18, 14, 10, 18, 14, 19, 4, 16, 13, 7, 7, 9, 9, 17, 17, 10, 18, 20, 8, 5, 14, 14, 15, 11, 8, 15, 6, 6, 5, 20, 12, 1, 10, 18, 10, 14, 14, 18, 15, 12, 8, 11, 8, 15, 1, 6, 6, 8, 11, 6, 6, 8]
bestever    2117    in generation 311
[16, 19, 17, 17, 5, 2, 13, 5, 18, 7, 2, 7, 2, 19, 17, 16, 7, 2, 7, 2, 2, 11, 4, 19, 19, 11, 4, 12, 7, 3, 2, 18, 13, 7, 4, 4, 5, 5, 12, 15, 2, 4, 9, 3, 3, 19, 5, 9, 11, 15, 1, 16, 19, 4, 20, 3, 3, 9, 1, 11, 3, 12, 5, 9, 11, 19, 4, 3, 3, 9, 1, 17, 16, 3, 10, 19, 10, 7, 7, 4, 4, 9, 2, 17, 12, 9, 16, 17, 12, 13, 13, 20, 20, 20, 16, 3, 2, 16, 17, 18, 1, 12, 9, 16, 17, 13, 12, 13, 13, 20, 20, 20, 19, 1, 14, 13, 16, 10, 10, 18, 12, 14, 15, 5, 11, 15, 6, 6, 10, 14, 14, 18, 13, 8, 6, 6, 1, 8, 1, 1, 10, 18, 19, 4, 10, 18, 20, 8, 5, 14, 14, 15, 11, 8, 15, 16, 13, 7, 7, 9, 9, 17, 17, 10, 18, 20, 8, 5, 14, 14, 15, 11, 8, 15, 6, 6, 5, 20, 12, 1, 10, 18, 10, 14, 14, 18, 15, 12, 8, 11, 8, 15, 1, 6, 6, 8, 11, 6, 6, 8]
bestever    2116    in generation 313
[16, 19, 17, 17, 5, 2, 13, 5, 18, 7, 2, 7, 2, 19, 17, 16, 7, 2, 7, 2, 2, 11, 4, 19, 19, 11, 4, 12, 7, 3, 2, 18, 13, 7, 4, 4, 5, 5, 12, 15, 2, 4, 9, 3, 3, 19, 5, 9, 11, 15, 1, 16, 19, 4, 20, 3, 3, 9, 1, 11, 3, 12, 5, 9, 11, 19, 4, 3, 3, 9, 1, 11, 17, 16, 8, 3, 10, 19, 10, 7, 7, 4, 4, 9, 2, 17, 12, 9, 16, 17, 12, 13, 13, 20, 20, 20, 16, 3, 2, 16, 17, 18, 1, 12, 9, 16, 17, 13, 12, 13, 13, 20, 20, 20, 19, 1, 14, 13, 16, 10, 8, 10, 18, 20, 12, 14, 15, 5, 11, 15, 6, 6, 10, 14, 14, 18, 10, 13, 8, 6, 6, 1, 15, 8, 5, 1, 15, 1, 18, 14, 10, 18, 14, 19, 4, 16, 13, 7, 7, 9, 9, 17, 17, 10, 18, 20, 5, 14, 14, 15, 15, 6, 6, 5, 20, 12, 1, 10, 18, 10, 14, 14, 18, 15, 8, 11, 8, 12, 8, 11, 8, 15, 1, 6, 6, 8, 11, 6, 6, 8]
bestever    2115    in generation 320
[16, 19, 17, 17, 5, 2, 13, 5, 18, 7, 2, 7, 2, 19, 17, 16, 7, 2, 7, 2, 2, 11, 4, 19, 19, 11, 4, 12, 7, 3, 2, 18, 13, 7, 4, 4, 5, 5, 12, 15, 2, 4, 9, 3, 3, 19, 5, 9, 11, 15, 1, 16, 19, 4, 20, 3, 3, 9, 1, 11, 3, 12, 5, 9, 11, 19, 4, 3, 3, 9, 1, 11, 17, 16, 8, 3, 10, 19, 10, 7, 7, 4, 4, 9, 2, 17, 12, 9, 16, 17, 12, 13, 13, 20, 20, 20, 16, 3, 2, 16, 17, 18, 1, 12, 9, 16, 17, 13, 12, 13, 13, 20, 20, 20, 19, 1, 14, 13, 16, 10, 8, 10, 18, 20, 12, 14, 15, 5, 15, 6, 6, 10, 14, 14, 18, 10, 13, 1, 15, 5, 1, 15, 1, 18, 14, 10, 18, 14, 19, 4, 16, 13, 8, 11, 8, 6, 6, 7, 7, 9, 9, 17, 17, 10, 18, 20, 8, 5, 14, 14, 15, 11, 8, 15, 6, 6, 5, 20, 12, 1, 10, 18, 10, 14, 14, 18, 15, 12, 8, 11, 8, 15, 1, 6, 6, 8, 11, 6, 6, 8]
bestever    2114    in generation 346
[16, 19, 17, 17, 5, 2, 13, 5, 18, 7, 2, 7, 2, 19, 17, 16, 7, 2, 7, 2, 2, 11, 4, 19, 19, 11, 4, 12, 7, 3, 2, 18, 13, 7, 4, 4, 5, 5, 12, 15, 2, 4, 9, 3, 3, 19, 5, 9, 11, 15, 1, 16, 19, 4, 20, 3, 3, 9, 1, 11, 3, 12, 5, 9, 11, 19, 4, 3, 3, 9, 1, 11, 17, 16, 8, 3, 10, 19, 10, 7, 7, 4, 4, 9, 2, 17, 12, 9, 16, 17, 12, 13, 13, 20, 20, 20, 16, 3, 2, 16, 17, 18, 1, 12, 9, 16, 17, 13, 12, 13, 13, 20, 20, 20, 19, 1, 14, 13, 16, 10, 8, 10, 18, 20, 12, 14, 15, 5, 15, 6, 6, 10, 14, 14, 18, 10, 13, 1, 15, 5, 1, 15, 1, 18, 14, 10, 18, 14, 19, 4, 16, 13, 8, 11, 8, 6, 6, 7, 7, 9, 9, 17, 17, 10, 18, 20, 5, 14, 14, 15, 15, 6, 6, 5, 20, 12, 8, 11, 8, 1, 10, 18, 10, 14, 14, 18, 15, 12, 8, 11, 8, 15, 1, 6, 6, 8, 11, 6, 6, 8]
bestever    2098    in generation 418
[16, 19, 17, 17, 5, 2, 13, 5, 18, 7, 2, 7, 2, 19, 17, 16, 7, 2, 7, 2, 2, 11, 4, 19, 19, 11, 4, 12, 7, 3, 2, 18, 13, 7, 4, 4, 5, 5, 12, 15, 2, 4, 9, 3, 3, 19, 5, 9, 11, 15, 1, 16, 19, 4, 20, 3, 3, 9, 1, 11, 3, 12, 5, 9, 11, 19, 4, 3, 3, 9, 1, 11, 17, 16, 8, 3, 10, 19, 10, 7, 7, 4, 4, 9, 2, 17, 12, 9, 16, 17, 12, 13, 13, 20, 20, 20, 16, 3, 2, 16, 17, 18, 1, 12, 9, 16, 17, 13, 12, 13, 13, 20, 20, 20, 19, 1, 14, 13, 16, 10, 8, 10, 9, 20, 12, 14, 15, 5, 15, 6, 6, 10, 14, 14, 18, 10, 13, 1, 15, 5, 1, 15, 1, 18, 14, 10, 18, 14, 19, 4, 16, 13, 8, 11, 8, 6, 6, 7, 7, 9, 18, 17, 17, 10, 18, 20, 5, 14, 14, 15, 15, 6, 6, 5, 20, 12, 8, 11, 8, 1, 10, 18, 10, 14, 14, 18, 15, 12, 8, 11, 8, 15, 1, 6, 6, 8, 11, 6, 6, 8]
bestever    2079    in generation 434
[16, 19, 17, 17, 5, 2, 13, 5, 18, 7, 2, 7, 2, 19, 17, 16, 7, 2, 7, 2, 2, 11, 4, 19, 19, 11, 4, 12, 7, 3, 2, 18, 13, 7, 4, 4, 5, 5, 12, 15, 2, 4, 9, 3, 3, 19, 5, 9, 11, 15, 1, 16, 19, 4, 20, 3, 3, 9, 1, 11, 3, 12, 5, 9, 11, 19, 4, 3, 3, 9, 1, 11, 17, 16, 8, 3, 10, 19, 10, 7, 7, 4, 4, 9, 2, 17, 12, 9, 16, 17, 12, 13, 13, 20, 20, 20, 16, 3, 2, 16, 17, 18, 1, 12, 9, 16, 17, 13, 12, 13, 13, 20, 20, 20, 19, 1, 14, 13, 16, 10, 8, 10, 9, 20, 12, 14, 15, 5, 15, 6, 6, 10, 14, 14, 18, 10, 13, 1, 15, 5, 1, 15, 1, 18, 14, 10, 18, 14, 19, 4, 16, 13, 6, 7, 7, 9, 18, 17, 17, 10, 18, 20, 5, 14, 14, 15, 15, 6, 5, 20, 12, 1, 8, 11, 8, 6, 8, 11, 8, 1, 10, 18, 10, 14, 14, 18, 15, 12, 8, 11, 8, 15, 6, 6, 6, 8, 11, 6, 6, 8]
bestever    2038    in generation 462
[16, 19, 17, 17, 5, 2, 13, 5, 7, 2, 7, 2, 19, 17, 16, 7, 2, 7, 2, 2, 11, 4, 19, 19, 11, 4, 12, 7, 3, 2, 13, 7, 4, 4, 5, 5, 12, 2, 4, 9, 3, 3, 19, 5, 9, 11, 1, 16, 19, 4, 20, 3, 3, 9, 1, 11, 3, 12, 9, 11, 19, 4, 3, 3, 9, 1, 11, 17, 16, 8, 3, 10, 19, 10, 7, 7, 4, 4, 9, 2, 17, 12, 9, 16, 17, 12, 13, 13, 20, 20, 20, 16, 3, 2, 16, 17, 18, 1, 12, 9, 16, 17, 13, 12, 13, 13, 20, 20, 20, 19, 13, 16, 10, 8, 9, 20, 12, 15, 5, 15, 6, 6, 10, 14, 14, 18, 10, 13, 15, 5, 1, 15, 1, 18, 14, 10, 18, 14, 15, 5, 1, 15, 1, 18, 14, 10, 18, 14, 19, 4, 16, 13, 6, 7, 7, 9, 18, 17, 17, 10, 18, 20, 5, 14, 14, 15, 15, 6, 5, 20, 12, 1, 8, 11, 8, 6, 8, 11, 8, 1, 10, 18, 10, 14, 14, 18, 15, 12, 8, 11, 8, 15, 6, 6, 6, 8, 11, 6, 6, 8]
bestever    2023    in generation 467
[19, 17, 17, 5, 2, 13, 5, 7, 2, 7, 2, 19, 17, 16, 7, 2, 7, 2, 2, 11, 4, 19, 19, 11, 4, 12, 7, 3, 2, 13, 7, 4, 4, 5, 5, 16, 12, 2, 4, 9, 3, 3, 19, 5, 9, 11, 1, 16, 19, 4, 20, 3, 3, 9, 1, 11, 3, 12, 9, 11, 19, 4, 3, 3, 9, 1, 11, 17, 16, 8, 3, 10, 19, 10, 7, 7, 4, 4, 9, 2, 17, 12, 9, 16, 17, 12, 13, 13, 20, 20, 20, 16, 3, 2, 16, 17, 18, 1, 12, 9, 16, 17, 13, 12, 13, 13, 20, 20, 20, 19, 13, 16, 10, 8, 9, 20, 12, 15, 5, 15, 6, 6, 10, 14, 14, 18, 10, 13, 15, 5, 1, 15, 1, 18, 14, 10, 18, 14, 15, 5, 1, 15, 1, 18, 14, 10, 18, 14, 19, 4, 16, 13, 6, 7, 7, 9, 18, 17, 17, 10, 18, 20, 5, 14, 14, 15, 15, 6, 5, 20, 12, 1, 8, 11, 8, 6, 8, 11, 8, 1, 10, 18, 10, 14, 14, 18, 15, 12, 8, 11, 8, 15, 6, 6, 6, 8, 11, 6, 6, 8]
bestever    2013    in generation 482
[19, 17, 17, 5, 2, 13, 5, 7, 2, 7, 2, 19, 17, 16, 7, 2, 7, 2, 2, 11, 4, 19, 19, 11, 4, 12, 7, 3, 2, 13, 7, 4, 4, 5, 5, 16, 12, 2, 4, 9, 3, 3, 19, 5, 9, 11, 1, 16, 19, 4, 20, 3, 3, 9, 1, 11, 3, 12, 9, 11, 19, 4, 3, 4, 9, 1, 11, 17, 16, 8, 3, 10, 19, 10, 7, 7, 4, 4, 9, 2, 17, 12, 9, 16, 17, 12, 13, 13, 20, 20, 20, 16, 3, 2, 16, 17, 18, 1, 12, 9, 16, 17, 13, 12, 13, 13, 20, 20, 20, 19, 13, 16, 10, 8, 9, 20, 12, 15, 5, 15, 6, 6, 10, 14, 18, 10, 13, 15, 5, 1, 15, 1, 18, 14, 10, 18, 14, 15, 5, 1, 15, 1, 18, 14, 10, 18, 14, 14, 19, 3, 16, 13, 6, 7, 7, 9, 18, 17, 17, 10, 18, 20, 5, 14, 14, 15, 15, 6, 5, 20, 12, 1, 8, 11, 8, 6, 8, 11, 8, 1, 10, 18, 10, 14, 14, 18, 15, 12, 8, 11, 8, 15, 6, 6, 6, 8, 11, 6, 6, 8]
bestever    2002    in generation 490
[19, 17, 17, 5, 2, 13, 5, 7, 2, 7, 2, 19, 17, 16, 7, 2, 7, 2, 2, 11, 4, 19, 19, 11, 4, 12, 7, 3, 2, 13, 7, 4, 4, 5, 5, 16, 12, 2, 7, 9, 3, 3, 19, 5, 9, 11, 1, 16, 19, 4, 20, 3, 3, 9, 1, 11, 3, 12, 9, 11, 19, 4, 3, 3, 9, 1, 11, 17, 16, 8, 3, 10, 19, 10, 4, 7, 4, 4, 9, 2, 17, 12, 9, 16, 17, 12, 13, 13, 20, 20, 20, 16, 3, 2, 16, 17, 18, 1, 12, 9, 16, 17, 13, 12, 13, 13, 20, 20, 20, 19, 13, 16, 10, 8, 9, 20, 12, 15, 5, 15, 6, 6, 10, 14, 18, 10, 13, 15, 5, 1, 15, 1, 18, 14, 10, 18, 14, 15, 5, 1, 15, 1, 18, 14, 10, 18, 14, 14, 19, 4, 16, 13, 6, 7, 7, 9, 18, 17, 17, 10, 18, 20, 5, 14, 14, 15, 15, 6, 5, 20, 12, 1, 8, 11, 8, 6, 8, 11, 8, 1, 10, 18, 10, 14, 14, 18, 15, 12, 8, 11, 15, 6, 6, 8, 6, 8, 11, 6, 6, 8]
bestever    1980    in generation 498
[19, 17, 17, 5, 2, 13, 5, 7, 2, 7, 2, 19, 17, 16, 7, 2, 7, 2, 2, 11, 4, 19, 19, 11, 4, 12, 7, 3, 2, 13, 7, 4, 4, 5, 5, 16, 7, 2, 7, 9, 3, 3, 19, 5, 9, 11, 1, 16, 19, 4, 20, 3, 3, 9, 1, 11, 3, 12, 9, 11, 19, 4, 3, 3, 9, 1, 11, 17, 16, 8, 3, 10, 19, 10, 4, 12, 4, 4, 9, 2, 17, 12, 9, 16, 17, 12, 13, 13, 20, 20, 20, 16, 3, 2, 16, 17, 18, 1, 12, 9, 16, 17, 13, 12, 13, 13, 20, 20, 20, 19, 13, 16, 10, 8, 9, 20, 12, 15, 5, 15, 6, 6, 10, 14, 18, 10, 13, 15, 5, 1, 15, 1, 18, 14, 10, 18, 14, 15, 5, 1, 15, 1, 18, 14, 10, 18, 14, 14, 19, 4, 16, 13, 6, 7, 7, 9, 18, 17, 17, 10, 18, 20, 5, 14, 14, 15, 15, 6, 5, 20, 12, 1, 8, 11, 8, 6, 8, 11, 8, 1, 10, 18, 10, 14, 14, 18, 15, 12, 8, 11, 15, 6, 6, 8, 6, 8, 11, 6, 6, 8]
bestever    1971    in generation 502
[19, 17, 17, 5, 2, 13, 5, 7, 2, 7, 2, 19, 17, 16, 7, 2, 7, 2, 2, 11, 4, 19, 19, 11, 4, 12, 7, 3, 2, 13, 7, 4, 4, 5, 5, 16, 7, 2, 7, 9, 3, 3, 19, 5, 9, 11, 1, 16, 19, 4, 20, 3, 3, 9, 1, 11, 3, 12, 9, 11, 19, 4, 3, 3, 9, 1, 11, 17, 16, 8, 3, 10, 19, 10, 4, 12, 4, 4, 9, 2, 17, 12, 9, 16, 17, 12, 13, 13, 20, 20, 20, 16, 3, 2, 16, 17, 18, 1, 12, 9, 16, 17, 13, 12, 13, 13, 20, 20, 20, 19, 13, 16, 10, 8, 9, 20, 12, 15, 5, 15, 6, 6, 10, 14, 18, 10, 13, 15, 5, 1, 15, 1, 18, 14, 10, 18, 14, 15, 5, 1, 15, 1, 18, 14, 10, 18, 14, 14, 19, 4, 16, 13, 6, 7, 7, 9, 18, 17, 17, 10, 18, 20, 5, 14, 14, 15, 15, 6, 5, 20, 12, 1, 8, 11, 8, 6, 8, 11, 8, 1, 10, 18, 10, 14, 14, 18, 6, 6, 6, 15, 15, 6, 12, 8, 11, 8, 6, 8, 11, 8]
bestever    1951    in generation 559
[19, 17, 17, 5, 2, 13, 5, 7, 2, 7, 2, 19, 17, 16, 7, 2, 7, 2, 2, 11, 4, 19, 19, 11, 4, 12, 7, 3, 2, 13, 7, 4, 4, 5, 5, 16, 7, 2, 7, 9, 3, 3, 19, 5, 9, 11, 1, 16, 19, 4, 20, 3, 3, 9, 1, 11, 3, 12, 9, 19, 4, 3, 3, 9, 1, 17, 16, 3, 10, 19, 10, 4, 12, 4, 4, 9, 2, 17, 12, 16, 9, 17, 12, 13, 13, 20, 20, 20, 16, 3, 2, 16, 17, 18, 1, 12, 9, 16, 17, 13, 12, 13, 13, 20, 20, 20, 19, 13, 16, 10, 9, 20, 12, 15, 5, 15, 6, 6, 10, 14, 18, 10, 13, 15, 5, 1, 15, 1, 18, 14, 10, 18, 14, 15, 5, 1, 15, 1, 18, 14, 10, 18, 14, 14, 19, 4, 16, 13, 7, 7, 9, 18, 17, 17, 10, 18, 20, 5, 14, 14, 15, 8, 20, 12, 1, 11, 8, 8, 11, 6, 8, 11, 8, 6, 6, 15, 8, 11, 5, 1, 10, 18, 10, 14, 14, 18, 6, 6, 6, 15, 15, 6, 12, 8, 11, 8, 6, 8, 11, 8]
bestever    1944    in generation 625
[19, 17, 17, 5, 2, 13, 5, 7, 2, 7, 2, 19, 17, 16, 7, 2, 7, 2, 2, 11, 4, 19, 19, 11, 4, 12, 7, 3, 2, 13, 7, 15, 4, 5, 5, 16, 7, 2, 7, 9, 3, 3, 19, 5, 9, 11, 1, 16, 19, 4, 20, 3, 3, 9, 1, 11, 3, 12, 9, 19, 4, 3, 3, 9, 1, 17, 16, 3, 10, 19, 10, 4, 12, 4, 4, 9, 2, 17, 12, 16, 9, 17, 12, 13, 13, 20, 20, 20, 16, 3, 2, 16, 17, 18, 1, 12, 9, 16, 17, 13, 12, 13, 13, 20, 20, 20, 19, 13, 16, 10, 9, 20, 12, 15, 5, 4, 6, 6, 10, 14, 18, 10, 13, 15, 5, 1, 15, 1, 18, 14, 10, 18, 14, 15, 5, 1, 15, 1, 18, 14, 10, 18, 14, 14, 19, 4, 16, 13, 7, 7, 9, 18, 17, 17, 10, 18, 20, 5, 14, 14, 15, 8, 20, 12, 1, 11, 8, 8, 11, 6, 8, 11, 8, 6, 6, 15, 8, 11, 5, 1, 10, 18, 10, 14, 14, 18, 6, 6, 6, 15, 15, 6, 12, 8, 11, 8, 6, 8, 11, 8]
bestever    1942    in generation 655
[19, 17, 17, 5, 2, 13, 5, 7, 2, 7, 2, 19, 17, 3, 7, 2, 7, 2, 2, 11, 4, 19, 19, 11, 4, 12, 7, 3, 2, 13, 7, 15, 4, 5, 5, 16, 7, 2, 7, 9, 3, 16, 19, 5, 9, 11, 1, 16, 19, 4, 20, 3, 3, 9, 1, 11, 3, 12, 9, 19, 4, 3, 3, 9, 1, 17, 16, 3, 10, 19, 10, 4, 12, 4, 4, 9, 2, 17, 12, 16, 9, 17, 12, 13, 13, 20, 20, 20, 16, 3, 2, 16, 17, 18, 1, 12, 9, 16, 17, 13, 12, 13, 13, 20, 20, 20, 19, 13, 16, 10, 9, 20, 12, 15, 5, 4, 6, 6, 10, 14, 18, 10, 13, 15, 5, 1, 15, 1, 18, 14, 10, 18, 14, 15, 5, 1, 15, 1, 18, 14, 10, 18, 14, 14, 19, 4, 16, 13, 7, 7, 9, 18, 17, 17, 10, 18, 20, 5, 14, 14, 15, 8, 20, 12, 1, 11, 8, 8, 11, 6, 8, 11, 8, 6, 6, 15, 8, 11, 5, 1, 10, 18, 10, 14, 14, 18, 6, 6, 6, 15, 15, 6, 12, 8, 11, 8, 6, 8, 11, 8]
bestever    1934    in generation 1087
[19, 17, 17, 5, 2, 13, 5, 7, 2, 7, 2, 19, 17, 3, 7, 4, 2, 7, 2, 2, 11, 4, 19, 7, 19, 4, 12, 3, 2, 13, 2, 15, 4, 5, 5, 16, 7, 2, 7, 9, 3, 16, 19, 4, 9, 1, 16, 19, 4, 20, 3, 3, 9, 1, 3, 12, 9, 19, 3, 4, 3, 9, 1, 17, 16, 3, 10, 5, 10, 19, 12, 4, 4, 9, 2, 17, 12, 16, 16, 9, 17, 14, 12, 13, 13, 20, 20, 20, 3, 7, 16, 17, 18, 1, 12, 9, 16, 17, 13, 12, 13, 13, 20, 20, 20, 19, 13, 16, 10, 9, 20, 12, 15, 5, 4, 6, 10, 14, 18, 10, 13, 15, 5, 1, 15, 1, 18, 14, 10, 18, 14, 15, 5, 1, 1, 15, 18, 10, 18, 14, 14, 19, 16, 13, 7, 7, 9, 18, 17, 17, 10, 18, 20, 5, 14, 14, 15, 20, 12, 1, 8, 8, 11, 8, 11, 6, 8, 8, 11, 6, 11, 11, 8, 6, 11, 8, 6, 15, 11, 5, 1, 10, 18, 10, 14, 14, 18, 6, 6, 6, 15, 15, 6, 12, 11, 8, 6, 8, 11, 8]
bestever    1906    in generation 1094
[19, 17, 17, 5, 2, 13, 5, 7, 2, 7, 2, 19, 17, 3, 7, 4, 2, 7, 2, 2, 11, 4, 19, 7, 19, 4, 12, 3, 2, 13, 2, 4, 5, 5, 16, 7, 2, 7, 9, 3, 16, 19, 4, 9, 1, 16, 19, 4, 20, 3, 3, 9, 1, 3, 12, 9, 19, 3, 4, 3, 9, 1, 17, 16, 3, 10, 5, 10, 19, 12, 4, 4, 9, 2, 17, 12, 16, 16, 9, 17, 12, 13, 13, 20, 20, 20, 3, 7, 16, 17, 1, 12, 9, 16, 17, 13, 12, 13, 13, 20, 20, 20, 19, 13, 16, 10, 9, 20, 12, 4, 6, 10, 13, 15, 5, 15, 18, 14, 10, 18, 14, 15, 5, 1, 1, 15, 18, 10, 18, 14, 14, 15, 5, 1, 1, 15, 18, 10, 18, 14, 14, 19, 16, 13, 7, 7, 9, 18, 17, 17, 10, 18, 20, 5, 14, 14, 15, 20, 12, 1, 8, 8, 11, 8, 11, 6, 8, 8, 11, 6, 11, 11, 8, 6, 11, 8, 6, 15, 11, 5, 1, 10, 18, 10, 14, 14, 18, 6, 6, 6, 15, 15, 6, 12, 11, 8, 6, 8, 11, 8]
bestever    1904    in generation 1101
[19, 17, 17, 5, 2, 13, 5, 7, 2, 7, 2, 19, 17, 3, 7, 4, 2, 7, 2, 2, 11, 4, 19, 7, 19, 4, 12, 3, 2, 13, 2, 15, 4, 5, 5, 16, 7, 2, 7, 9, 3, 16, 19, 4, 9, 20, 16, 19, 4, 20, 3, 3, 9, 1, 3, 12, 9, 19, 3, 4, 3, 9, 1, 17, 16, 3, 10, 5, 10, 19, 12, 4, 4, 9, 2, 17, 12, 16, 16, 9, 17, 14, 12, 13, 13, 20, 20, 1, 3, 7, 16, 17, 18, 1, 12, 9, 16, 17, 13, 12, 13, 13, 20, 20, 20, 19, 13, 16, 10, 9, 20, 12, 15, 5, 4, 6, 10, 14, 18, 10, 13, 15, 5, 1, 15, 1, 18, 14, 10, 18, 14, 15, 5, 1, 1, 15, 18, 10, 18, 14, 14, 19, 16, 13, 7, 7, 9, 18, 17, 17, 10, 18, 20, 5, 14, 14, 15, 20, 12, 1, 8, 8, 11, 8, 11, 6, 8, 8, 11, 6, 11, 11, 8, 6, 11, 8, 6, 15, 11, 5, 1, 10, 18, 10, 14, 14, 18, 6, 6, 6, 15, 15, 6, 12, 11, 8, 6, 8, 11, 8]
bestever    1897    in generation 1129
[19, 17, 17, 5, 2, 13, 5, 7, 2, 7, 2, 19, 17, 3, 7, 4, 2, 7, 2, 2, 11, 4, 19, 7, 19, 4, 12, 3, 2, 13, 2, 15, 4, 5, 5, 16, 7, 2, 7, 9, 3, 16, 19, 4, 9, 20, 16, 19, 4, 20, 3, 3, 9, 1, 10, 12, 9, 19, 3, 4, 3, 9, 1, 17, 16, 3, 10, 5, 3, 19, 12, 4, 4, 9, 2, 17, 12, 16, 16, 9, 17, 14, 12, 13, 13, 20, 20, 1, 3, 7, 16, 17, 18, 1, 12, 9, 16, 17, 13, 12, 13, 13, 20, 20, 20, 19, 13, 16, 10, 9, 20, 12, 15, 5, 4, 6, 10, 14, 18, 10, 13, 15, 5, 1, 15, 1, 18, 14, 10, 18, 14, 15, 5, 1, 1, 15, 18, 10, 18, 14, 14, 19, 16, 13, 7, 7, 9, 18, 17, 17, 10, 18, 20, 5, 14, 14, 15, 20, 12, 1, 8, 8, 11, 8, 11, 6, 8, 8, 11, 6, 11, 11, 8, 6, 11, 8, 6, 15, 11, 5, 1, 10, 18, 10, 14, 14, 18, 6, 6, 6, 15, 15, 6, 12, 11, 8, 6, 8, 11, 8]
bestever    1886    in generation 1174
[19, 17, 17, 5, 2, 13, 5, 7, 2, 7, 2, 19, 17, 3, 7, 4, 2, 7, 2, 2, 11, 4, 19, 7, 19, 4, 12, 3, 2, 13, 2, 9, 4, 5, 5, 16, 7, 2, 7, 15, 3, 16, 19, 4, 9, 20, 16, 19, 4, 20, 3, 3, 9, 1, 10, 12, 9, 19, 3, 4, 3, 9, 1, 17, 16, 3, 10, 5, 3, 19, 12, 4, 4, 9, 2, 17, 12, 16, 16, 9, 17, 14, 12, 13, 13, 20, 20, 1, 3, 7, 16, 17, 18, 1, 12, 9, 16, 17, 13, 12, 13, 13, 20, 20, 20, 19, 13, 16, 10, 9, 20, 12, 15, 5, 4, 6, 10, 14, 18, 10, 13, 15, 5, 1, 15, 1, 18, 14, 10, 18, 14, 15, 5, 1, 1, 15, 18, 10, 18, 14, 14, 19, 16, 13, 7, 7, 9, 18, 17, 17, 10, 18, 20, 5, 14, 14, 15, 20, 12, 1, 8, 8, 11, 8, 11, 6, 8, 8, 11, 6, 11, 11, 8, 6, 11, 8, 6, 15, 11, 5, 1, 10, 18, 10, 14, 14, 18, 6, 6, 6, 15, 15, 6, 12, 11, 8, 6, 8, 11, 8]
bestever    1866    in generation 1438
[19, 17, 17, 5, 2, 13, 5, 7, 2, 7, 17, 2, 19, 17, 3, 7, 4, 2, 7, 2, 2, 11, 4, 19, 7, 19, 4, 12, 3, 2, 13, 2, 9, 4, 5, 16, 7, 2, 7, 15, 3, 16, 19, 4, 9, 20, 16, 19, 4, 20, 3, 3, 9, 1, 10, 12, 9, 19, 3, 4, 3, 9, 1, 17, 16, 3, 10, 5, 3, 19, 12, 4, 4, 9, 9, 17, 12, 16, 16, 2, 14, 12, 13, 13, 20, 20, 1, 3, 7, 16, 17, 18, 1, 12, 9, 16, 17, 13, 12, 13, 13, 20, 20, 20, 19, 13, 16, 10, 9, 20, 12, 15, 5, 4, 6, 8, 10, 14, 18, 13, 15, 5, 1, 15, 1, 18, 10, 5, 14, 10, 18, 14, 15, 5, 1, 1, 15, 18, 10, 18, 14, 14, 19, 16, 13, 7, 7, 9, 18, 17, 17, 10, 18, 20, 5, 14, 14, 15, 20, 12, 1, 8, 8, 11, 8, 11, 6, 8, 8, 11, 6, 11, 11, 6, 11, 8, 6, 15, 5, 1, 10, 18, 10, 14, 14, 18, 6, 11, 6, 6, 15, 15, 6, 12, 11, 8, 6, 8, 11, 8]
bestever    1859    in generation 1515
[19, 17, 17, 5, 2, 13, 5, 7, 2, 7, 17, 2, 19, 17, 3, 7, 4, 2, 7, 2, 2, 11, 4, 19, 7, 19, 4, 12, 3, 2, 13, 2, 9, 4, 5, 16, 7, 2, 7, 15, 3, 16, 19, 4, 9, 20, 16, 19, 4, 20, 3, 3, 9, 1, 10, 12, 9, 19, 3, 4, 3, 9, 1, 17, 16, 3, 10, 5, 3, 19, 12, 4, 4, 9, 9, 17, 12, 16, 16, 2, 14, 12, 13, 13, 20, 20, 1, 3, 7, 16, 17, 18, 1, 12, 9, 16, 17, 13, 12, 13, 13, 20, 20, 20, 19, 13, 16, 10, 9, 20, 12, 15, 5, 4, 6, 8, 10, 14, 18, 13, 15, 5, 1, 15, 1, 18, 10, 5, 14, 10, 18, 14, 15, 5, 1, 1, 15, 18, 10, 18, 14, 14, 19, 16, 13, 7, 7, 9, 18, 17, 17, 10, 18, 20, 5, 14, 14, 15, 20, 12, 1, 8, 8, 11, 8, 11, 6, 8, 8, 11, 6, 11, 11, 6, 11, 8, 6, 15, 5, 1, 10, 18, 10, 14, 14, 18, 6, 8, 6, 6, 15, 15, 6, 12, 11, 8, 6, 8, 11, 11]
bestever    1842    in generation 1704
[5, 2, 13, 5, 7, 2, 7, 17, 2, 19, 17, 3, 7, 4, 2, 7, 19, 17, 17, 2, 2, 4, 19, 7, 19, 4, 12, 3, 2, 13, 2, 9, 4, 11, 5, 16, 7, 2, 7, 15, 3, 16, 19, 4, 9, 20, 16, 19, 4, 20, 3, 3, 9, 1, 10, 12, 9, 19, 3, 4, 3, 9, 1, 17, 16, 3, 10, 5, 3, 19, 12, 4, 4, 9, 9, 17, 12, 16, 16, 2, 14, 12, 13, 13, 20, 20, 1, 3, 7, 16, 17, 18, 1, 12, 9, 16, 17, 13, 12, 13, 13, 20, 20, 20, 19, 13, 16, 10, 9, 20, 12, 15, 5, 4, 8, 10, 14, 18, 13, 15, 5, 1, 15, 1, 18, 10, 5, 14, 10, 18, 14, 15, 5, 1, 1, 15, 18, 10, 18, 14, 14, 19, 16, 13, 7, 7, 9, 18, 17, 17, 10, 18, 20, 5, 14, 14, 15, 20, 12, 1, 8, 8, 11, 6, 11, 8, 11, 6, 8, 8, 11, 6, 11, 6, 11, 8, 6, 15, 5, 1, 10, 18, 10, 14, 14, 18, 6, 8, 6, 6, 15, 15, 6, 12, 8, 11, 6, 8, 11, 11]
bestever    1835    in generation 1706
[5, 2, 13, 5, 7, 2, 7, 17, 2, 19, 17, 3, 7, 4, 2, 7, 19, 17, 17, 2, 2, 4, 19, 7, 19, 4, 12, 3, 2, 13, 2, 9, 4, 5, 16, 7, 2, 7, 15, 3, 16, 19, 4, 9, 20, 16, 19, 4, 20, 3, 3, 9, 1, 10, 12, 9, 19, 3, 4, 3, 9, 1, 17, 16, 3, 10, 5, 3, 19, 12, 4, 4, 9, 9, 17, 12, 16, 16, 2, 14, 12, 13, 13, 20, 20, 1, 3, 7, 16, 17, 18, 1, 12, 9, 16, 17, 13, 12, 13, 13, 20, 20, 20, 19, 13, 16, 10, 9, 20, 12, 15, 5, 4, 8, 10, 14, 18, 13, 15, 5, 1, 15, 1, 18, 10, 5, 14, 10, 18, 14, 15, 5, 1, 1, 15, 18, 10, 18, 14, 14, 19, 16, 13, 7, 11, 7, 9, 18, 17, 17, 10, 18, 20, 5, 14, 14, 15, 20, 12, 1, 8, 8, 11, 6, 11, 8, 11, 6, 8, 8, 11, 6, 11, 6, 11, 8, 6, 15, 5, 1, 10, 18, 10, 14, 14, 18, 6, 8, 6, 6, 15, 15, 6, 12, 8, 11, 6, 8, 11, 11]
bestever    1832    in generation 1814
[2, 5, 2, 13, 5, 7, 2, 7, 17, 2, 19, 17, 3, 7, 4, 2, 7, 19, 17, 17, 2, 2, 4, 19, 7, 19, 4, 12, 3, 13, 2, 9, 4, 5, 16, 7, 2, 7, 15, 3, 16, 19, 4, 9, 20, 16, 19, 4, 20, 3, 3, 9, 1, 10, 12, 9, 19, 3, 4, 3, 9, 1, 17, 16, 3, 10, 5, 3, 19, 12, 4, 4, 9, 9, 17, 12, 16, 16, 2, 14, 12, 13, 13, 20, 20, 1, 3, 7, 16, 17, 18, 1, 12, 9, 16, 17, 13, 12, 13, 13, 20, 20, 20, 19, 13, 16, 10, 9, 20, 12, 15, 11, 5, 4, 8, 10, 14, 18, 13, 15, 5, 1, 15, 1, 18, 10, 5, 14, 10, 18, 14, 15, 5, 1, 1, 15, 18, 10, 18, 14, 14, 19, 16, 13, 7, 7, 9, 18, 17, 17, 10, 18, 20, 5, 14, 14, 15, 20, 12, 1, 8, 8, 11, 6, 11, 8, 11, 6, 8, 8, 11, 6, 11, 6, 11, 8, 6, 15, 5, 1, 10, 18, 10, 14, 14, 18, 6, 8, 6, 6, 15, 15, 6, 12, 8, 11, 6, 8, 11, 11]
bestever    1828    in generation 1965
[2, 5, 2, 13, 5, 7, 2, 7, 17, 2, 19, 17, 3, 7, 4, 2, 7, 19, 17, 17, 2, 2, 4, 19, 7, 19, 4, 12, 3, 13, 2, 9, 4, 5, 16, 7, 2, 7, 15, 3, 16, 19, 4, 9, 20, 16, 19, 4, 20, 3, 3, 9, 1, 10, 12, 9, 19, 3, 4, 3, 9, 1, 17, 16, 3, 10, 5, 3, 19, 12, 4, 4, 9, 9, 17, 12, 16, 16, 2, 14, 12, 13, 13, 20, 20, 1, 3, 7, 16, 17, 18, 1, 12, 9, 16, 17, 13, 12, 13, 13, 20, 20, 20, 19, 13, 16, 10, 9, 20, 12, 15, 11, 5, 4, 8, 10, 14, 18, 13, 5, 5, 15, 1, 1, 15, 10, 18, 10, 18, 5, 14, 14, 15, 1, 1, 15, 18, 10, 18, 14, 14, 19, 16, 13, 7, 7, 9, 18, 17, 17, 10, 18, 20, 5, 14, 14, 15, 20, 12, 1, 8, 8, 11, 6, 11, 8, 11, 6, 8, 8, 11, 6, 11, 6, 11, 8, 6, 15, 5, 1, 10, 18, 10, 14, 14, 18, 6, 8, 12, 6, 15, 15, 6, 6, 8, 11, 6, 8, 11, 11]
bestever    1807    in generation 2809
[2, 5, 2, 13, 5, 7, 2, 7, 2, 7, 19, 17, 3, 7, 4, 2, 7, 19, 12, 17, 19, 2, 4, 19, 2, 19, 4, 17, 3, 13, 2, 9, 4, 5, 16, 7, 17, 7, 5, 3, 16, 2, 4, 9, 20, 16, 19, 4, 20, 3, 3, 9, 1, 10, 12, 9, 19, 4, 3, 18, 9, 1, 17, 16, 3, 10, 15, 3, 19, 12, 4, 4, 9, 9, 17, 12, 16, 16, 2, 14, 12, 13, 13, 10, 20, 20, 1, 3, 7, 16, 17, 18, 1, 12, 9, 16, 17, 13, 12, 13, 13, 20, 20, 20, 19, 13, 16, 10, 3, 20, 12, 15, 5, 4, 8, 14, 9, 17, 13, 5, 5, 1, 15, 1, 15, 10, 18, 10, 18, 5, 14, 11, 6, 8, 8, 14, 15, 1, 1, 15, 18, 10, 18, 14, 14, 19, 16, 13, 9, 7, 7, 18, 17, 10, 18, 20, 5, 14, 14, 15, 20, 12, 1, 8, 8, 11, 11, 6, 11, 15, 5, 6, 6, 11, 8, 11, 11, 8, 6, 1, 10, 18, 10, 14, 14, 18, 6, 8, 12, 6, 15, 15, 6, 6, 8, 11, 6, 8, 11, 11]
bestever    1788    in generation 2824
[2, 5, 2, 13, 5, 7, 2, 7, 2, 7, 19, 17, 3, 7, 4, 2, 7, 19, 12, 17, 19, 2, 4, 19, 2, 19, 4, 17, 3, 13, 2, 9, 4, 5, 16, 7, 17, 7, 5, 3, 16, 2, 4, 9, 20, 16, 19, 4, 20, 3, 3, 9, 1, 10, 12, 9, 19, 4, 3, 18, 9, 1, 17, 16, 3, 10, 15, 3, 19, 12, 4, 4, 9, 9, 17, 12, 16, 16, 2, 14, 12, 13, 13, 10, 20, 20, 1, 3, 7, 16, 17, 18, 1, 12, 9, 16, 17, 13, 12, 13, 13, 20, 20, 20, 19, 13, 16, 10, 3, 20, 12, 15, 5, 4, 8, 14, 9, 17, 13, 5, 5, 1, 15, 1, 15, 10, 18, 10, 18, 5, 14, 11, 6, 8, 8, 14, 15, 1, 1, 15, 18, 10, 18, 14, 14, 19, 16, 13, 9, 7, 7, 18, 17, 10, 18, 20, 5, 14, 14, 15, 20, 12, 1, 8, 8, 11, 11, 6, 11, 15, 5, 6, 6, 8, 11, 8, 1, 10, 18, 10, 14, 14, 18, 6, 8, 12, 6, 15, 15, 6, 6, 11, 6, 11, 8, 11, 6, 8, 11, 11]
bestever    1786    in generation 3046
[2, 5, 2, 13, 5, 7, 2, 7, 2, 7, 19, 17, 3, 7, 4, 2, 7, 19, 12, 17, 19, 2, 4, 19, 2, 19, 4, 17, 3, 13, 2, 9, 4, 5, 16, 7, 17, 7, 5, 3, 16, 2, 4, 9, 20, 16, 19, 4, 20, 3, 3, 17, 1, 10, 12, 9, 19, 4, 3, 18, 9, 1, 17, 16, 3, 10, 15, 19, 3, 19, 12, 13, 4, 4, 9, 9, 9, 12, 16, 16, 2, 14, 12, 13, 13, 10, 20, 20, 1, 3, 7, 16, 17, 18, 1, 12, 9, 16, 17, 12, 13, 13, 20, 20, 20, 19, 13, 16, 10, 3, 20, 12, 15, 5, 4, 8, 9, 17, 13, 5, 5, 1, 15, 1, 15, 10, 18, 10, 18, 5, 6, 8, 8, 14, 15, 1, 1, 15, 11, 18, 10, 18, 14, 14, 14, 14, 16, 13, 9, 7, 7, 18, 17, 10, 18, 20, 5, 14, 14, 15, 20, 12, 1, 8, 8, 11, 11, 6, 11, 15, 5, 6, 6, 8, 11, 8, 1, 10, 18, 10, 14, 14, 18, 6, 8, 12, 6, 15, 15, 6, 6, 11, 6, 11, 8, 11, 6, 8, 11, 11]
bestever    1779    in generation 3070
[2, 5, 2, 13, 5, 7, 2, 7, 2, 7, 19, 17, 7, 7, 4, 2, 7, 19, 12, 17, 19, 2, 4, 19, 2, 19, 4, 17, 3, 13, 2, 9, 17, 5, 16, 3, 4, 7, 5, 3, 16, 2, 4, 9, 20, 16, 19, 4, 20, 3, 3, 17, 1, 10, 12, 9, 19, 4, 3, 18, 9, 1, 17, 16, 3, 10, 15, 19, 3, 19, 12, 13, 4, 4, 9, 9, 9, 12, 16, 16, 2, 14, 12, 13, 13, 10, 20, 20, 1, 3, 7, 16, 17, 18, 1, 12, 9, 16, 17, 12, 13, 13, 20, 20, 20, 19, 13, 16, 10, 3, 20, 12, 15, 5, 4, 8, 9, 17, 13, 5, 5, 1, 15, 1, 15, 10, 18, 10, 18, 5, 6, 8, 8, 14, 15, 1, 1, 15, 11, 18, 10, 18, 14, 14, 14, 14, 16, 13, 9, 7, 7, 18, 17, 10, 18, 20, 5, 14, 14, 15, 20, 12, 1, 8, 8, 11, 11, 6, 11, 15, 5, 6, 6, 8, 11, 8, 1, 10, 18, 10, 14, 14, 18, 6, 8, 12, 6, 15, 15, 6, 6, 11, 6, 11, 8, 11, 6, 8, 11, 11]
bestever    1777    in generation 3080
[2, 5, 2, 13, 5, 7, 2, 7, 2, 7, 19, 17, 7, 7, 4, 2, 7, 19, 12, 17, 19, 2, 4, 19, 2, 19, 4, 17, 3, 13, 2, 9, 17, 5, 16, 3, 4, 7, 5, 3, 16, 2, 4, 9, 20, 16, 19, 4, 20, 3, 3, 17, 1, 10, 12, 9, 19, 4, 3, 18, 19, 1, 17, 16, 3, 10, 15, 9, 3, 19, 12, 13, 4, 4, 9, 9, 9, 12, 16, 16, 2, 14, 12, 13, 13, 10, 20, 20, 1, 3, 7, 16, 17, 18, 1, 12, 9, 16, 17, 12, 13, 13, 20, 20, 20, 19, 13, 16, 10, 3, 20, 12, 15, 5, 4, 8, 9, 17, 13, 5, 5, 1, 15, 1, 15, 10, 18, 10, 18, 5, 6, 8, 8, 14, 15, 1, 1, 15, 11, 18, 10, 18, 14, 14, 14, 14, 16, 13, 9, 7, 7, 18, 17, 10, 18, 20, 5, 14, 14, 15, 20, 12, 1, 8, 8, 11, 11, 6, 11, 15, 5, 6, 6, 8, 11, 8, 1, 10, 18, 10, 14, 14, 18, 6, 8, 12, 6, 15, 15, 6, 6, 11, 6, 11, 8, 11, 6, 8, 11, 11]
bestever    1773    in generation 3206
[2, 5, 2, 13, 5, 7, 2, 7, 2, 7, 19, 17, 7, 7, 4, 3, 2, 7, 19, 12, 17, 19, 2, 4, 19, 2, 19, 4, 17, 3, 13, 2, 9, 17, 5, 16, 3, 4, 7, 5, 3, 16, 2, 4, 9, 20, 16, 19, 4, 20, 3, 3, 17, 1, 10, 12, 9, 19, 4, 3, 18, 19, 1, 17, 16, 9, 10, 15, 9, 3, 19, 12, 13, 4, 4, 9, 9, 12, 16, 16, 2, 14, 12, 13, 13, 10, 20, 20, 1, 3, 7, 16, 17, 18, 1, 12, 9, 16, 17, 12, 13, 13, 20, 5, 20, 19, 13, 16, 10, 3, 20, 12, 15, 5, 4, 8, 9, 17, 13, 20, 5, 1, 15, 1, 15, 10, 18, 10, 18, 5, 6, 8, 8, 14, 15, 1, 1, 15, 11, 18, 10, 18, 14, 14, 14, 14, 16, 13, 9, 7, 7, 18, 17, 10, 18, 20, 5, 14, 14, 15, 20, 12, 1, 8, 8, 11, 11, 6, 11, 15, 5, 6, 6, 8, 11, 8, 1, 10, 18, 10, 14, 14, 18, 6, 8, 12, 6, 15, 15, 6, 6, 11, 6, 11, 8, 11, 6, 8, 11, 11]
bestever    1770    in generation 3489
[2, 5, 2, 13, 5, 7, 7, 7, 2, 7, 19, 17, 7, 2, 4, 3, 2, 7, 19, 12, 17, 19, 2, 4, 19, 7, 2, 19, 4, 17, 3, 13, 2, 9, 17, 5, 16, 3, 4, 7, 5, 3, 16, 2, 4, 9, 16, 20, 16, 19, 4, 20, 3, 3, 17, 1, 10, 12, 9, 19, 4, 3, 18, 19, 1, 17, 9, 10, 15, 9, 3, 19, 12, 13, 4, 4, 9, 9, 12, 16, 16, 2, 14, 12, 13, 13, 10, 20, 20, 1, 3, 1, 16, 17, 18, 20, 12, 9, 16, 17, 12, 13, 13, 5, 20, 19, 13, 16, 10, 3, 20, 12, 15, 5, 4, 8, 9, 17, 13, 20, 5, 1, 15, 1, 15, 10, 18, 10, 18, 8, 6, 8, 14, 15, 1, 5, 1, 15, 18, 10, 18, 14, 14, 14, 14, 16, 13, 9, 7, 7, 18, 17, 10, 15, 18, 20, 5, 14, 14, 20, 11, 12, 1, 8, 8, 11, 11, 6, 11, 15, 5, 6, 6, 8, 11, 8, 1, 10, 18, 10, 14, 14, 11, 18, 6, 8, 12, 6, 15, 15, 6, 11, 11, 6, 8, 11, 6, 8, 11, 6]
bestever    1769    in generation 3590
[2, 5, 2, 13, 5, 7, 7, 7, 2, 7, 19, 17, 7, 2, 4, 3, 2, 7, 19, 12, 17, 19, 2, 4, 19, 7, 2, 19, 4, 17, 3, 13, 2, 9, 17, 5, 16, 3, 4, 7, 5, 3, 16, 2, 4, 9, 16, 20, 16, 19, 4, 2, 3, 3, 17, 1, 10, 12, 9, 19, 4, 3, 18, 19, 1, 17, 9, 10, 15, 9, 3, 19, 12, 13, 4, 4, 9, 9, 12, 16, 16, 20, 14, 12, 13, 13, 10, 20, 20, 1, 3, 1, 16, 17, 18, 20, 12, 9, 16, 17, 12, 13, 13, 5, 20, 19, 13, 16, 10, 3, 20, 12, 15, 5, 4, 8, 9, 17, 13, 20, 5, 1, 15, 1, 15, 10, 18, 10, 18, 8, 8, 14, 15, 1, 5, 1, 15, 18, 10, 18, 14, 14, 14, 14, 16, 13, 9, 7, 7, 18, 6, 17, 10, 15, 18, 20, 5, 14, 14, 20, 11, 12, 1, 8, 8, 11, 15, 5, 11, 8, 1, 10, 18, 10, 14, 14, 11, 6, 8, 6, 6, 11, 11, 18, 6, 8, 12, 6, 15, 15, 6, 11, 11, 6, 8, 11, 6, 8, 11, 6]
bestever    1757    in generation 6978
[2, 5, 2, 5, 7, 19, 7, 7, 2, 7, 7, 19, 17, 7, 2, 4, 3, 2, 7, 2, 19, 19, 12, 17, 19, 2, 4, 14, 2, 17, 19, 4, 3, 13, 2, 9, 17, 5, 16, 3, 16, 4, 20, 19, 3, 4, 9, 16, 16, 19, 4, 2, 3, 3, 17, 1, 9, 10, 12, 9, 4, 3, 13, 11, 18, 17, 16, 9, 16, 10, 15, 9, 3, 20, 12, 13, 4, 12, 4, 9, 11, 12, 16, 20, 14, 12, 13, 8, 13, 10, 19, 20, 7, 1, 3, 1, 17, 18, 20, 12, 9, 16, 17, 13, 13, 5, 20, 7, 13, 15, 16, 3, 20, 1, 12, 10, 5, 4, 18, 9, 17, 13, 20, 15, 8, 5, 1, 1, 6, 10, 18, 8, 5, 5, 14, 8, 18, 1, 1, 10, 19, 20, 16, 13, 9, 6, 7, 15, 18, 17, 10, 15, 18, 15, 14, 14, 10, 5, 18, 20, 5, 14, 14, 12, 14, 1, 15, 15, 1, 10, 8, 18, 10, 14, 14, 8, 18, 12, 11, 15, 11, 11, 6, 8, 15, 11, 6, 8, 11, 6, 6, 8, 11, 6, 11, 6, 6, 8, 11, 6]
bestever    1754    in generation 7119
[2, 5, 2, 5, 7, 19, 7, 7, 2, 7, 7, 19, 17, 7, 2, 4, 3, 2, 7, 2, 16, 19, 12, 17, 19, 2, 4, 14, 2, 17, 19, 4, 3, 13, 2, 9, 17, 5, 16, 3, 16, 4, 20, 19, 3, 4, 9, 16, 19, 19, 4, 2, 3, 3, 17, 1, 9, 10, 12, 9, 4, 3, 13, 11, 18, 17, 16, 9, 16, 10, 15, 9, 3, 20, 12, 13, 4, 12, 4, 9, 11, 12, 16, 20, 14, 12, 13, 8, 13, 10, 19, 20, 7, 1, 3, 1, 17, 18, 20, 12, 9, 16, 17, 13, 13, 5, 20, 7, 13, 15, 16, 3, 20, 7, 12, 10, 5, 4, 18, 9, 17, 13, 20, 15, 8, 5, 1, 1, 6, 10, 18, 8, 5, 5, 14, 8, 18, 1, 1, 10, 19, 20, 16, 13, 9, 6, 1, 15, 18, 17, 10, 15, 18, 15, 14, 14, 10, 5, 18, 20, 5, 14, 14, 12, 14, 1, 15, 15, 1, 10, 8, 18, 10, 14, 14, 8, 18, 12, 11, 15, 11, 11, 6, 8, 15, 11, 6, 8, 6, 8, 11, 6, 11, 6, 11, 6, 6, 8, 11, 6]
bestever    1750    in generation 9556
[7, 19, 7, 2, 7, 19, 19, 7, 2, 2, 5, 5, 9, 17, 7, 2, 4, 3, 2, 7, 7, 16, 2, 12, 17, 7, 17, 19, 4, 14, 2, 19, 4, 3, 2, 13, 4, 9, 17, 5, 16, 3, 16, 3, 4, 19, 14, 20, 3, 4, 2, 16, 18, 19, 19, 4, 3, 20, 17, 1, 9, 10, 12, 9, 4, 3, 13, 11, 17, 16, 9, 12, 9, 16, 9, 15, 13, 3, 3, 20, 12, 13, 16, 10, 5, 12, 20, 12, 13, 13, 8, 3, 10, 17, 19, 20, 7, 1, 1, 18, 15, 20, 12, 9, 16, 17, 9, 16, 17, 15, 5, 13, 5, 20, 2, 13, 16, 1, 12, 10, 9, 4, 18, 17, 13, 20, 7, 1, 10, 18, 5, 5, 8, 18, 1, 1, 10, 19, 20, 15, 4, 1, 10, 20, 14, 1, 14, 13, 15, 18, 12, 8, 15, 14, 10, 5, 18, 18, 5, 14, 14, 12, 11, 6, 8, 14, 15, 15, 1, 10, 18, 10, 14, 14, 18, 11, 15, 11, 8, 8, 6, 6, 6, 8, 11, 11, 6, 6, 6, 8, 11, 11, 8, 15, 11, 6, 6, 8, 11, 6]
bestever    1748    in generation 9924
[7, 19, 7, 2, 7, 19, 19, 7, 2, 2, 5, 5, 5, 9, 17, 7, 2, 4, 3, 2, 7, 7, 16, 2, 12, 17, 7, 17, 19, 4, 14, 2, 19, 4, 3, 2, 13, 4, 9, 17, 16, 3, 16, 3, 4, 19, 14, 20, 3, 4, 2, 16, 18, 19, 19, 4, 3, 20, 17, 1, 9, 10, 12, 9, 4, 3, 13, 10, 16, 9, 12, 9, 16, 9, 3, 13, 15, 3, 20, 12, 13, 16, 17, 5, 12, 20, 12, 13, 13, 3, 10, 17, 19, 20, 1, 1, 18, 15, 20, 12, 9, 16, 17, 9, 16, 17, 15, 5, 13, 5, 20, 2, 13, 16, 1, 12, 7, 8, 11, 10, 9, 4, 18, 17, 13, 6, 20, 7, 1, 10, 18, 5, 5, 8, 18, 1, 1, 10, 19, 20, 15, 4, 1, 10, 20, 14, 1, 14, 13, 15, 18, 10, 8, 15, 14, 12, 5, 18, 18, 5, 14, 14, 12, 11, 6, 8, 14, 15, 15, 1, 10, 18, 10, 14, 14, 18, 11, 15, 11, 8, 8, 6, 6, 8, 11, 11, 6, 6, 6, 8, 11, 11, 8, 15, 11, 6, 6, 8, 11, 6]
