bestever    3408    in generation 0
[11, 12, 20, 12, 14, 18, 6, 3, 8, 17, 9, 18, 19, 5, 18, 4, 3, 19, 19, 11, 19, 11, 18, 15, 2, 8, 8, 11, 19, 20, 6, 2, 7, 3, 4, 14, 13, 2, 10, 16, 12, 5, 19, 16, 14, 16, 20, 3, 18, 4, 2, 5, 18, 20, 14, 19, 11, 20, 9, 2, 8, 14, 15, 14, 13, 10, 3, 13, 13, 13, 2, 4, 7, 18, 1, 19, 4, 20, 16, 14, 16, 6, 16, 18, 17, 12, 16, 8, 1, 4, 1, 11, 14, 3, 7, 9, 9, 7, 12, 8, 9, 13, 5, 12, 7, 20, 16, 7, 6, 13, 14, 5, 11, 19, 9, 9, 17, 15, 16, 6, 1, 15, 15, 12, 14, 7, 13, 1, 15, 15, 8, 15, 10, 20, 20, 8, 9, 2, 3, 1, 4, 1, 7, 13, 5, 18, 5, 9, 4, 17, 6, 11, 10, 8, 6, 3, 4, 20, 9, 2, 7, 15, 5, 2, 10, 15, 19, 13, 11, 17, 11, 2, 7, 16, 3, 5, 10, 17, 10, 10, 4, 6, 6, 12, 12, 6, 12, 3, 1, 1, 8, 10, 17, 17, 18, 17, 17, 10, 5, 1]
bestever    3188    in generation 2
[4, 10, 9, 3, 19, 14, 18, 5, 17, 1, 7, 11, 2, 5, 10, 1, 11, 1, 1, 19, 20, 18, 3, 7, 11, 3, 18, 12, 12, 5, 20, 1, 6, 15, 11, 5, 6, 2, 12, 2, 7, 1, 17, 12, 10, 2, 16, 18, 8, 4, 18, 10, 7, 18, 11, 4, 8, 11, 8, 7, 19, 19, 16, 1, 14, 4, 10, 17, 13, 13, 2, 9, 12, 3, 6, 4, 20, 19, 20, 13, 8, 14, 18, 8, 3, 12, 7, 9, 14, 10, 8, 14, 13, 11, 3, 17, 9, 16, 16, 14, 18, 13, 18, 12, 8, 3, 12, 5, 6, 16, 20, 1, 6, 10, 8, 15, 15, 15, 17, 11, 10, 19, 5, 19, 8, 13, 20, 6, 3, 5, 19, 6, 1, 6, 2, 16, 1, 5, 9, 2, 14, 4, 10, 17, 15, 12, 5, 13, 13, 2, 5, 9, 20, 12, 3, 6, 4, 15, 20, 7, 17, 7, 6, 18, 4, 14, 13, 20, 16, 17, 8, 11, 11, 9, 19, 13, 3, 16, 4, 19, 4, 7, 9, 16, 14, 17, 10, 9, 15, 16, 9, 17, 20, 14, 7, 15, 2, 15, 15, 2]
bestever    3183    in generation 7
[8, 5, 3, 4, 7, 13, 11, 4, 19, 13, 7, 20, 19, 14, 19, 19, 6, 6, 16, 9, 4, 7, 7, 14, 13, 20, 17, 8, 13, 19, 8, 20, 20, 9, 5, 16, 16, 17, 9, 16, 17, 12, 10, 15, 8, 2, 2, 16, 11, 18, 12, 3, 18, 6, 8, 5, 12, 3, 4, 6, 18, 6, 8, 13, 20, 7, 15, 20, 14, 19, 19, 6, 6, 2, 16, 9, 2, 14, 4, 10, 17, 15, 12, 5, 13, 9, 4, 7, 7, 14, 13, 20, 7, 4, 16, 17, 6, 8, 5, 12, 3, 4, 6, 18, 6, 10, 7, 18, 15, 13, 11, 4, 19, 3, 8, 11, 8, 13, 20, 7, 1, 15, 20, 19, 14, 5, 1, 12, 1, 2, 16, 1, 5, 9, 2, 4, 10, 17, 12, 9, 20, 12, 3, 17, 18, 18, 3, 19, 10, 9, 17, 10, 2, 15, 11, 14, 11, 5, 1, 2, 15, 15, 1, 1, 16, 1, 15, 2, 15, 2, 10, 9, 3, 14, 18, 5, 1, 11, 5, 1, 11, 18, 3, 10, 3, 16, 14, 18, 12, 8, 10, 10, 17, 9, 13, 17, 11, 14, 12, 11]
bestever    3068    in generation 9
[10, 20, 9, 17, 9, 16, 14, 12, 8, 16, 17, 9, 13, 16, 8, 4, 7, 13, 8, 8, 20, 7, 20, 19, 19, 19, 6, 16, 4, 7, 20, 13, 19, 6, 7, 13, 19, 4, 2, 15, 2, 12, 17, 11, 14, 11, 13, 16, 11, 18, 12, 3, 18, 6, 8, 5, 12, 3, 4, 6, 18, 6, 8, 13, 20, 7, 15, 20, 14, 19, 19, 6, 6, 2, 16, 9, 2, 14, 4, 10, 17, 15, 12, 5, 13, 9, 4, 7, 7, 14, 13, 20, 7, 4, 16, 17, 6, 8, 5, 12, 3, 4, 6, 18, 6, 10, 7, 18, 15, 13, 11, 4, 19, 3, 8, 11, 8, 13, 20, 7, 1, 15, 20, 19, 14, 5, 1, 12, 1, 2, 16, 1, 5, 9, 2, 4, 10, 17, 12, 9, 20, 12, 3, 17, 18, 18, 3, 19, 10, 9, 17, 10, 2, 15, 11, 14, 11, 5, 1, 2, 15, 15, 1, 1, 16, 1, 15, 2, 15, 2, 10, 9, 3, 14, 18, 5, 1, 11, 5, 1, 11, 18, 3, 10, 3, 16, 14, 18, 12, 8, 10, 10, 17, 9, 3, 14, 5, 17, 11, 5]
bestever    3020    in generation 10
[20, 18, 3, 17, 16, 14, 18, 18, 12, 8, 16, 13, 12, 12, 16, 12, 8, 4, 7, 13, 8, 8, 20, 7, 20, 19, 19, 19, 6, 16, 4, 7, 20, 8, 13, 19, 8, 16, 16, 6, 7, 13, 19, 13, 20, 4, 12, 8, 12, 6, 6, 6, 7, 19, 6, 19, 6, 14, 5, 13, 5, 9, 3, 17, 14, 9, 20, 3, 17, 18, 18, 3, 9, 17, 10, 2, 11, 14, 11, 5, 2, 16, 15, 4, 3, 9, 4, 7, 7, 14, 13, 20, 7, 4, 16, 17, 6, 8, 5, 12, 3, 4, 6, 18, 6, 10, 7, 18, 15, 13, 11, 4, 19, 3, 8, 11, 8, 13, 20, 7, 1, 15, 20, 19, 14, 5, 1, 12, 1, 2, 16, 1, 5, 9, 2, 4, 10, 17, 12, 9, 20, 12, 3, 17, 18, 18, 3, 19, 10, 9, 17, 10, 2, 15, 11, 14, 11, 5, 1, 2, 15, 15, 1, 1, 16, 1, 15, 2, 15, 2, 10, 9, 10, 2, 9, 14, 17, 10, 2, 15, 11, 14, 11, 5, 1, 13, 15, 1, 4, 10, 9, 3, 14, 18, 5, 17, 11, 5, 10, 11]
bestever    3006    in generation 11
[20, 18, 3, 17, 16, 14, 18, 18, 12, 8, 16, 13, 12, 12, 16, 12, 8, 4, 7, 13, 8, 8, 20, 7, 20, 19, 19, 19, 6, 16, 4, 7, 20, 8, 13, 19, 8, 16, 16, 6, 7, 13, 19, 13, 20, 4, 12, 8, 12, 6, 6, 6, 7, 19, 6, 19, 6, 14, 5, 13, 5, 9, 3, 17, 14, 9, 20, 3, 17, 18, 3, 9, 17, 10, 2, 11, 11, 5, 2, 16, 15, 4, 3, 9, 4, 7, 7, 13, 20, 7, 4, 16, 17, 6, 8, 5, 12, 6, 10, 13, 19, 8, 8, 13, 20, 20, 12, 2, 16, 5, 9, 2, 4, 12, 18, 3, 11, 14, 11, 5, 1, 15, 1, 1, 1, 15, 15, 2, 10, 10, 2, 9, 14, 17, 6, 18, 4, 14, 18, 9, 20, 12, 3, 17, 18, 18, 3, 19, 10, 9, 17, 10, 2, 15, 11, 14, 11, 5, 1, 2, 15, 15, 1, 1, 16, 1, 15, 4, 7, 3, 19, 7, 10, 2, 9, 14, 17, 10, 2, 15, 11, 14, 11, 5, 1, 13, 15, 1, 4, 10, 9, 3, 14, 18, 5, 17, 11, 5, 10, 11]
bestever    2927    in generation 12
[16, 14, 18, 18, 12, 8, 16, 13, 12, 12, 16, 12, 8, 4, 7, 13, 8, 8, 20, 7, 20, 19, 19, 19, 6, 16, 4, 7, 20, 8, 13, 19, 8, 16, 16, 6, 7, 13, 19, 13, 20, 4, 12, 8, 12, 6, 6, 6, 7, 19, 6, 19, 6, 14, 5, 13, 5, 9, 3, 17, 14, 20, 3, 17, 18, 18, 3, 10, 5, 16, 4, 3, 4, 7, 7, 14, 13, 20, 7, 4, 16, 6, 8, 12, 3, 4, 6, 18, 6, 10, 7, 13, 11, 19, 8, 11, 8, 13, 20, 7, 1, 20, 19, 14, 5, 1, 12, 2, 16, 5, 9, 2, 4, 10, 9, 17, 18, 3, 10, 9, 17, 10, 2, 11, 14, 11, 5, 2, 15, 15, 1, 1, 15, 9, 2, 4, 10, 17, 12, 9, 20, 12, 3, 17, 18, 18, 3, 19, 10, 9, 17, 10, 2, 15, 11, 14, 11, 5, 1, 2, 15, 15, 1, 1, 16, 1, 15, 2, 15, 2, 10, 9, 10, 2, 9, 14, 17, 15, 11, 14, 11, 5, 1, 13, 15, 1, 4, 9, 3, 14, 18, 5, 17, 11, 5, 11, 20, 18, 3, 17]
bestever    2836    in generation 13
[20, 18, 3, 17, 16, 14, 18, 18, 12, 8, 16, 13, 12, 12, 16, 12, 8, 4, 7, 13, 8, 8, 20, 7, 20, 19, 19, 19, 6, 16, 4, 7, 20, 8, 13, 19, 8, 16, 16, 6, 7, 13, 19, 13, 20, 4, 12, 8, 12, 6, 6, 6, 7, 19, 6, 19, 6, 14, 5, 13, 5, 9, 3, 17, 14, 9, 20, 3, 17, 18, 18, 3, 9, 17, 10, 2, 11, 14, 11, 5, 2, 16, 15, 4, 3, 9, 4, 7, 7, 14, 13, 20, 7, 4, 16, 17, 6, 8, 5, 12, 3, 4, 6, 18, 6, 10, 7, 18, 15, 13, 4, 19, 3, 8, 8, 13, 20, 15, 1, 15, 20, 19, 1, 12, 1, 2, 16, 1, 9, 2, 4, 10, 17, 12, 12, 19, 2, 9, 17, 10, 2, 7, 11, 14, 11, 5, 1, 15, 1, 9, 17, 10, 2, 15, 11, 14, 11, 5, 1, 2, 15, 15, 1, 1, 16, 1, 15, 2, 15, 2, 10, 3, 18, 20, 14, 11, 11, 13, 14, 5, 5, 9, 4, 10, 9, 17, 18, 3, 10, 10, 9, 3, 14, 18, 5, 17, 11, 5, 10, 11]
bestever    2744    in generation 14
[16, 14, 18, 18, 12, 8, 16, 13, 12, 12, 16, 12, 8, 4, 7, 13, 8, 8, 20, 7, 20, 19, 19, 19, 6, 16, 4, 7, 20, 8, 13, 19, 8, 16, 16, 6, 7, 13, 19, 13, 20, 4, 12, 8, 12, 6, 6, 6, 7, 19, 6, 19, 6, 14, 5, 13, 5, 9, 3, 14, 20, 3, 18, 18, 3, 14, 5, 16, 4, 3, 4, 7, 7, 13, 20, 7, 4, 16, 6, 8, 5, 12, 3, 4, 6, 18, 6, 7, 13, 19, 8, 8, 13, 20, 7, 20, 19, 12, 16, 17, 3, 18, 20, 11, 11, 14, 5, 5, 17, 18, 3, 2, 4, 10, 9, 17, 18, 3, 10, 9, 17, 10, 2, 11, 14, 11, 5, 2, 15, 15, 1, 1, 15, 9, 2, 4, 10, 17, 12, 9, 20, 12, 3, 17, 18, 18, 3, 19, 10, 9, 17, 10, 2, 15, 11, 14, 11, 5, 1, 2, 15, 15, 1, 1, 16, 1, 15, 2, 15, 2, 10, 9, 10, 2, 9, 14, 17, 15, 11, 14, 11, 5, 1, 13, 15, 1, 4, 9, 10, 9, 17, 10, 11, 14, 11, 5, 1, 1, 2, 17]
bestever    2726    in generation 16
[12, 12, 16, 12, 8, 4, 7, 8, 8, 20, 7, 20, 19, 19, 19, 6, 16, 4, 7, 20, 8, 13, 19, 8, 16, 16, 6, 7, 13, 19, 13, 20, 4, 12, 8, 12, 6, 6, 6, 7, 19, 6, 19, 6, 14, 5, 13, 5, 9, 3, 17, 14, 9, 20, 3, 17, 18, 14, 5, 13, 5, 9, 3, 17, 14, 9, 20, 3, 17, 18, 18, 17, 2, 2, 11, 14, 11, 2, 16, 15, 4, 4, 7, 7, 13, 20, 7, 4, 16, 6, 8, 12, 3, 4, 6, 18, 6, 10, 7, 15, 13, 11, 4, 19, 3, 8, 11, 8, 13, 20, 7, 1, 15, 20, 19, 5, 1, 12, 1, 10, 16, 1, 5, 9, 2, 4, 10, 12, 9, 20, 12, 3, 17, 18, 18, 3, 19, 10, 9, 17, 10, 2, 15, 11, 14, 11, 5, 15, 2, 10, 17, 16, 12, 8, 16, 13, 14, 18, 18, 5, 3, 11, 11, 14, 5, 1, 5, 2, 3, 9, 17, 10, 2, 11, 14, 11, 1, 18, 18, 15, 14, 1, 15, 15, 1, 1, 16, 1, 15, 2, 15, 2, 13, 4, 10, 9, 10, 9, 17, 10]
bestever    2674    in generation 17
[16, 14, 18, 18, 12, 8, 16, 13, 12, 12, 16, 12, 8, 4, 7, 13, 8, 8, 20, 7, 20, 19, 19, 19, 6, 16, 4, 7, 20, 8, 13, 19, 8, 16, 16, 6, 7, 13, 19, 13, 20, 4, 12, 8, 12, 6, 6, 6, 7, 19, 6, 19, 6, 5, 13, 9, 3, 17, 9, 20, 3, 17, 3, 9, 2, 14, 4, 3, 4, 7, 7, 14, 13, 20, 7, 4, 6, 8, 4, 6, 18, 6, 7, 18, 13, 11, 4, 19, 8, 11, 13, 20, 15, 14, 5, 1, 1, 5, 3, 18, 18, 3, 9, 17, 10, 2, 15, 11, 14, 11, 5, 1, 2, 15, 15, 1, 1, 16, 1, 7, 1, 15, 20, 19, 14, 5, 1, 12, 1, 10, 16, 1, 5, 9, 2, 4, 10, 17, 12, 9, 20, 12, 3, 17, 18, 18, 3, 19, 10, 9, 17, 10, 2, 15, 11, 14, 11, 5, 15, 2, 10, 17, 16, 12, 8, 16, 15, 2, 15, 2, 10, 3, 18, 20, 14, 11, 11, 13, 14, 5, 5, 9, 4, 10, 9, 17, 18, 3, 10, 9, 17, 10, 11, 14, 11, 5, 15, 2, 2, 17]
bestever    2660    in generation 21
[6, 7, 6, 6, 14, 14, 9, 17, 2, 2, 11, 14, 11, 5, 2, 15, 9, 14, 16, 17, 5, 18, 10, 18, 15, 11, 11, 13, 15, 19, 14, 5, 1, 10, 16, 1, 5, 9, 2, 4, 10, 17, 9, 20, 12, 3, 17, 18, 18, 3, 17, 18, 18, 3, 9, 17, 2, 2, 11, 14, 11, 5, 2, 16, 15, 4, 3, 9, 4, 7, 7, 14, 13, 7, 4, 17, 6, 8, 5, 3, 6, 18, 6, 10, 7, 18, 15, 11, 3, 11, 13, 20, 1, 15, 20, 19, 14, 5, 1, 1, 10, 16, 1, 5, 9, 2, 4, 10, 17, 12, 9, 4, 19, 3, 8, 11, 8, 13, 20, 7, 1, 15, 20, 19, 14, 5, 1, 12, 1, 10, 16, 1, 5, 9, 2, 4, 10, 17, 12, 9, 20, 12, 3, 17, 18, 18, 3, 19, 14, 16, 15, 20, 13, 3, 4, 10, 11, 15, 15, 2, 10, 16, 12, 8, 16, 13, 12, 12, 16, 12, 8, 4, 7, 13, 8, 8, 20, 7, 20, 19, 19, 19, 6, 16, 4, 7, 20, 8, 13, 19, 8, 6, 7, 13, 19, 13, 12, 8, 6, 6]
bestever    2624    in generation 24
[3, 2, 18, 16, 18, 14, 11, 11, 14, 5, 2, 17, 10, 15, 3, 9, 14, 12, 17, 5, 3, 18, 10, 18, 15, 11, 3, 11, 15, 14, 5, 1, 10, 16, 1, 5, 9, 2, 4, 10, 17, 12, 9, 4, 3, 11, 8, 13, 20, 1, 15, 20, 19, 15, 15, 18, 14, 11, 11, 14, 5, 2, 17, 10, 15, 4, 3, 9, 4, 7, 7, 14, 13, 7, 4, 17, 6, 8, 5, 3, 6, 18, 6, 10, 7, 18, 15, 11, 3, 11, 13, 20, 1, 15, 20, 19, 14, 5, 1, 1, 10, 16, 1, 5, 9, 2, 4, 10, 17, 12, 9, 4, 19, 3, 8, 11, 8, 13, 20, 7, 1, 15, 20, 19, 1, 12, 1, 16, 2, 4, 12, 20, 12, 3, 18, 19, 16, 2, 20, 13, 5, 2, 9, 4, 9, 17, 10, 9, 17, 10, 9, 17, 18, 17, 14, 5, 2, 2, 16, 14, 18, 12, 8, 16, 13, 12, 16, 12, 8, 4, 7, 13, 8, 8, 20, 7, 20, 19, 19, 19, 6, 16, 7, 8, 13, 19, 8, 16, 6, 7, 13, 19, 13, 12, 6, 6, 6, 7, 6, 6]
bestever    2568    in generation 33
[3, 2, 18, 16, 18, 14, 11, 11, 14, 5, 17, 10, 15, 3, 9, 14, 17, 5, 3, 18, 10, 15, 11, 3, 11, 15, 14, 5, 1, 10, 16, 1, 5, 9, 2, 4, 10, 17, 12, 9, 4, 3, 11, 8, 13, 20, 1, 15, 20, 19, 15, 15, 18, 14, 11, 11, 14, 5, 2, 17, 10, 15, 4, 9, 4, 7, 7, 14, 13, 7, 4, 17, 6, 8, 5, 3, 6, 18, 6, 10, 7, 18, 15, 11, 3, 11, 13, 20, 1, 15, 20, 19, 14, 5, 1, 1, 10, 16, 1, 5, 9, 2, 4, 10, 17, 12, 9, 3, 8, 11, 8, 13, 20, 7, 1, 15, 19, 1, 12, 1, 16, 2, 4, 12, 20, 4, 12, 20, 3, 18, 19, 2, 12, 3, 18, 19, 16, 2, 20, 13, 5, 2, 9, 4, 9, 17, 10, 9, 17, 10, 9, 17, 18, 17, 14, 5, 2, 2, 16, 14, 18, 12, 8, 16, 13, 12, 16, 12, 8, 4, 7, 13, 8, 8, 20, 7, 20, 19, 19, 19, 6, 16, 7, 8, 13, 19, 8, 16, 6, 7, 13, 19, 13, 12, 6, 6, 6, 7, 6, 6]
bestever    2546    in generation 34
[3, 2, 18, 16, 18, 14, 11, 11, 14, 5, 2, 17, 10, 15, 3, 9, 14, 12, 17, 5, 3, 18, 10, 18, 15, 11, 3, 11, 15, 14, 5, 1, 10, 16, 1, 5, 9, 2, 4, 10, 17, 12, 9, 4, 3, 11, 8, 13, 20, 1, 15, 20, 19, 15, 15, 18, 14, 11, 11, 14, 5, 2, 17, 10, 15, 4, 3, 9, 4, 7, 7, 14, 13, 7, 4, 17, 6, 8, 5, 3, 6, 18, 6, 10, 18, 15, 11, 3, 11, 13, 20, 1, 15, 20, 19, 14, 5, 1, 1, 10, 16, 1, 5, 9, 2, 4, 10, 17, 12, 9, 4, 3, 8, 11, 8, 13, 20, 7, 1, 15, 20, 1, 12, 1, 16, 2, 4, 12, 20, 12, 3, 18, 19, 16, 2, 20, 13, 5, 2, 9, 4, 9, 17, 10, 9, 17, 10, 9, 17, 18, 17, 14, 5, 2, 2, 16, 14, 18, 12, 8, 16, 13, 12, 16, 12, 8, 4, 7, 13, 8, 8, 7, 19, 19, 20, 7, 20, 19, 19, 19, 6, 16, 7, 8, 13, 19, 8, 16, 6, 7, 13, 19, 13, 12, 6, 6, 6, 7, 6, 6]
bestever    2536    in generation 42
[3, 2, 18, 16, 18, 14, 11, 11, 14, 5, 2, 17, 10, 15, 3, 9, 14, 12, 17, 5, 3, 18, 10, 18, 15, 11, 3, 11, 15, 14, 5, 1, 10, 16, 1, 5, 9, 2, 4, 10, 17, 12, 9, 4, 3, 11, 8, 13, 20, 1, 15, 20, 19, 15, 15, 18, 14, 11, 11, 14, 5, 2, 17, 10, 15, 4, 3, 9, 4, 7, 2, 14, 13, 7, 4, 17, 6, 8, 5, 3, 6, 18, 6, 10, 18, 15, 11, 3, 11, 13, 20, 1, 15, 20, 19, 14, 5, 1, 1, 10, 16, 1, 5, 9, 2, 4, 10, 17, 12, 9, 4, 3, 8, 11, 8, 13, 20, 7, 1, 15, 20, 1, 12, 1, 16, 2, 4, 12, 20, 12, 3, 18, 19, 16, 2, 20, 13, 5, 2, 9, 4, 9, 17, 10, 9, 17, 10, 9, 17, 18, 17, 14, 5, 7, 2, 16, 14, 18, 12, 8, 16, 13, 12, 16, 12, 8, 4, 7, 13, 8, 8, 7, 19, 19, 20, 7, 20, 19, 19, 19, 6, 16, 7, 8, 13, 19, 8, 16, 6, 7, 13, 19, 13, 12, 6, 6, 6, 7, 6, 6]
bestever    2491    in generation 43
[3, 2, 18, 18, 14, 11, 11, 14, 5, 2, 17, 10, 15, 3, 9, 14, 12, 17, 5, 3, 18, 10, 18, 15, 11, 3, 11, 15, 14, 5, 1, 10, 1, 5, 9, 2, 4, 10, 17, 12, 9, 4, 3, 11, 13, 20, 1, 15, 20, 19, 15, 15, 18, 14, 11, 11, 14, 5, 2, 17, 10, 15, 4, 3, 9, 4, 7, 7, 7, 4, 17, 6, 8, 5, 3, 6, 6, 10, 15, 11, 3, 11, 13, 20, 1, 15, 20, 19, 14, 5, 1, 1, 10, 16, 1, 5, 9, 4, 10, 12, 9, 4, 3, 8, 11, 8, 13, 20, 7, 1, 15, 20, 1, 1, 16, 12, 20, 12, 3, 18, 19, 16, 2, 20, 13, 5, 2, 4, 10, 9, 17, 18, 17, 14, 4, 9, 17, 10, 9, 9, 17, 18, 17, 14, 2, 2, 16, 18, 8, 16, 13, 12, 5, 2, 2, 16, 14, 18, 12, 8, 16, 13, 12, 16, 12, 8, 4, 7, 13, 8, 8, 7, 19, 19, 20, 7, 20, 19, 19, 19, 6, 16, 7, 8, 13, 19, 8, 16, 6, 7, 13, 19, 13, 12, 6, 6, 6, 7, 6, 6]
bestever    2430    in generation 45
[3, 2, 18, 18, 14, 11, 11, 14, 5, 2, 17, 10, 15, 3, 9, 14, 12, 17, 5, 3, 18, 10, 18, 15, 11, 3, 11, 15, 14, 5, 1, 10, 1, 5, 9, 2, 4, 10, 17, 12, 9, 4, 3, 11, 13, 20, 1, 15, 20, 19, 15, 15, 12, 14, 11, 11, 14, 5, 2, 17, 10, 15, 4, 3, 9, 4, 7, 7, 7, 4, 17, 6, 8, 5, 3, 6, 6, 10, 15, 11, 3, 11, 13, 20, 1, 15, 20, 19, 14, 5, 1, 1, 10, 16, 1, 5, 9, 4, 10, 12, 9, 4, 3, 8, 11, 8, 13, 20, 7, 1, 15, 20, 1, 1, 16, 12, 20, 12, 3, 18, 19, 16, 2, 20, 13, 5, 2, 4, 10, 9, 17, 18, 17, 14, 4, 9, 17, 10, 9, 9, 17, 18, 17, 14, 2, 2, 16, 18, 8, 16, 13, 12, 5, 2, 2, 16, 14, 18, 12, 8, 16, 13, 12, 16, 12, 8, 4, 7, 13, 8, 8, 7, 19, 19, 20, 7, 20, 19, 19, 19, 6, 16, 7, 8, 13, 19, 8, 16, 6, 7, 13, 19, 13, 18, 6, 6, 6, 7, 6, 6]
bestever    2427    in generation 55
[3, 2, 18, 18, 14, 11, 11, 14, 5, 2, 17, 10, 15, 3, 9, 14, 12, 17, 5, 3, 18, 10, 18, 15, 11, 3, 11, 15, 14, 5, 1, 10, 1, 5, 9, 2, 4, 10, 17, 12, 9, 4, 3, 11, 13, 20, 1, 15, 20, 19, 15, 15, 12, 14, 11, 11, 14, 5, 2, 17, 10, 15, 4, 3, 9, 4, 7, 7, 7, 4, 17, 6, 8, 5, 3, 10, 15, 11, 3, 11, 13, 20, 1, 15, 20, 19, 14, 5, 1, 1, 10, 16, 1, 5, 9, 4, 10, 12, 9, 4, 3, 8, 11, 8, 13, 20, 1, 15, 20, 1, 1, 16, 12, 20, 12, 3, 18, 19, 16, 2, 20, 13, 5, 4, 10, 18, 14, 2, 6, 9, 17, 18, 17, 4, 9, 17, 10, 9, 9, 17, 17, 14, 2, 2, 16, 18, 8, 16, 13, 12, 5, 2, 2, 16, 14, 18, 12, 8, 16, 13, 12, 16, 12, 8, 4, 7, 13, 8, 8, 7, 19, 19, 20, 7, 20, 19, 19, 19, 6, 16, 7, 8, 13, 19, 8, 16, 6, 7, 13, 19, 13, 18, 6, 6, 6, 7, 6, 7, 6, 6]
bestever    2382    in generation 59
[3, 2, 18, 18, 14, 11, 11, 14, 5, 2, 17, 10, 15, 3, 9, 14, 12, 14, 5, 3, 18, 10, 18, 15, 11, 3, 11, 15, 14, 5, 1, 10, 1, 5, 9, 2, 4, 10, 17, 12, 9, 4, 3, 11, 13, 20, 1, 15, 20, 19, 15, 15, 12, 14, 11, 11, 14, 5, 2, 17, 10, 15, 4, 3, 9, 4, 7, 7, 7, 4, 17, 6, 8, 5, 3, 6, 6, 10, 15, 11, 3, 11, 13, 20, 1, 15, 20, 19, 14, 5, 1, 1, 10, 16, 1, 5, 9, 4, 10, 12, 9, 4, 3, 8, 11, 8, 13, 20, 7, 1, 15, 20, 1, 1, 16, 12, 20, 12, 3, 18, 19, 16, 2, 20, 13, 5, 2, 4, 10, 9, 17, 18, 17, 14, 4, 9, 17, 10, 9, 9, 17, 18, 17, 14, 2, 2, 16, 18, 8, 16, 13, 12, 5, 2, 2, 16, 17, 18, 12, 8, 16, 13, 12, 16, 12, 8, 4, 7, 13, 8, 8, 7, 19, 19, 20, 7, 20, 19, 19, 19, 6, 16, 7, 8, 13, 19, 8, 16, 6, 7, 13, 19, 13, 18, 6, 6, 6, 7, 6, 6]
bestever    2367    in generation 64
[3, 2, 18, 18, 14, 11, 11, 14, 5, 2, 17, 10, 15, 3, 9, 14, 12, 14, 5, 3, 18, 10, 18, 15, 11, 3, 11, 15, 14, 5, 1, 10, 1, 5, 9, 2, 4, 10, 17, 12, 9, 4, 3, 11, 13, 20, 1, 15, 20, 19, 15, 15, 12, 14, 11, 11, 14, 5, 2, 17, 10, 15, 4, 3, 9, 4, 7, 7, 7, 4, 17, 8, 5, 3, 10, 15, 11, 3, 11, 13, 20, 1, 15, 20, 19, 14, 5, 1, 1, 10, 16, 1, 5, 9, 4, 10, 12, 9, 4, 3, 8, 11, 8, 13, 20, 1, 15, 20, 1, 1, 16, 12, 20, 12, 3, 18, 19, 16, 2, 20, 13, 5, 2, 4, 10, 9, 17, 18, 17, 14, 4, 6, 7, 6, 6, 9, 17, 10, 9, 9, 17, 18, 17, 14, 2, 2, 16, 18, 8, 16, 13, 12, 5, 2, 2, 16, 17, 18, 12, 8, 16, 13, 12, 16, 12, 8, 4, 7, 13, 8, 8, 7, 19, 19, 20, 7, 20, 19, 19, 19, 6, 16, 7, 8, 13, 19, 8, 16, 6, 7, 13, 19, 13, 18, 6, 6, 6, 7, 6, 6]
bestever    2348    in generation 110
[3, 2, 18, 18, 14, 11, 11, 14, 5, 2, 17, 10, 15, 3, 9, 14, 12, 14, 5, 3, 18, 10, 18, 15, 11, 3, 11, 15, 14, 5, 1, 10, 1, 5, 9, 2, 4, 10, 17, 12, 9, 4, 3, 11, 13, 20, 1, 15, 20, 19, 15, 15, 12, 14, 11, 11, 14, 5, 2, 17, 10, 15, 4, 3, 9, 4, 7, 7, 7, 4, 17, 6, 5, 3, 6, 10, 15, 11, 3, 11, 13, 20, 1, 15, 20, 19, 14, 6, 5, 1, 1, 10, 16, 1, 5, 9, 4, 10, 12, 9, 4, 3, 8, 11, 8, 13, 20, 7, 1, 15, 20, 1, 1, 16, 12, 20, 12, 3, 18, 19, 16, 2, 20, 13, 5, 2, 4, 10, 9, 17, 18, 17, 14, 9, 17, 10, 9, 9, 17, 18, 17, 14, 2, 2, 16, 18, 8, 13, 5, 2, 2, 16, 17, 18, 12, 8, 16, 16, 12, 8, 4, 13, 12, 16, 12, 8, 4, 7, 13, 8, 8, 7, 19, 19, 20, 7, 20, 19, 19, 19, 6, 16, 7, 8, 13, 19, 8, 16, 6, 7, 13, 19, 13, 18, 6, 6, 6, 7, 6, 6]
bestever    2347    in generation 129
[3, 2, 18, 18, 14, 11, 11, 14, 5, 2, 17, 10, 15, 3, 9, 14, 12, 14, 5, 3, 18, 10, 18, 15, 11, 3, 11, 15, 14, 5, 1, 10, 1, 5, 9, 2, 4, 10, 17, 12, 9, 4, 3, 11, 13, 20, 1, 15, 20, 19, 15, 15, 12, 14, 11, 11, 5, 5, 2, 17, 10, 15, 4, 3, 9, 4, 7, 7, 7, 4, 17, 6, 5, 3, 6, 10, 15, 11, 3, 11, 13, 20, 1, 15, 20, 19, 14, 6, 5, 1, 1, 10, 16, 1, 14, 9, 4, 10, 12, 9, 4, 3, 8, 11, 8, 13, 20, 7, 1, 15, 20, 1, 1, 16, 12, 20, 12, 3, 18, 19, 16, 2, 20, 13, 5, 2, 4, 10, 9, 17, 18, 17, 14, 9, 17, 10, 9, 9, 17, 18, 17, 14, 2, 2, 16, 18, 8, 13, 5, 2, 2, 16, 17, 18, 12, 8, 16, 16, 12, 8, 4, 13, 12, 16, 12, 8, 4, 7, 13, 8, 8, 7, 19, 19, 20, 7, 20, 19, 19, 19, 6, 16, 7, 8, 13, 19, 8, 16, 6, 7, 13, 19, 13, 18, 6, 6, 6, 7, 6, 6]
bestever    2342    in generation 154
[3, 2, 18, 18, 14, 11, 11, 14, 5, 2, 17, 10, 15, 3, 9, 14, 12, 3, 5, 3, 18, 10, 18, 15, 11, 3, 11, 15, 14, 5, 1, 10, 1, 5, 9, 2, 4, 10, 17, 12, 9, 4, 3, 11, 13, 20, 1, 15, 20, 19, 15, 15, 12, 14, 11, 11, 5, 5, 2, 17, 10, 15, 4, 14, 9, 4, 7, 7, 7, 4, 17, 6, 5, 3, 6, 10, 15, 11, 3, 11, 13, 20, 1, 15, 20, 19, 14, 6, 5, 1, 1, 10, 16, 1, 14, 9, 4, 10, 12, 9, 4, 3, 8, 11, 8, 13, 20, 7, 1, 15, 20, 1, 1, 16, 12, 20, 12, 3, 18, 19, 16, 2, 20, 13, 5, 2, 4, 10, 9, 17, 18, 17, 14, 9, 17, 10, 9, 9, 17, 18, 17, 14, 2, 2, 16, 18, 8, 13, 5, 2, 2, 16, 17, 18, 12, 8, 16, 16, 12, 8, 4, 13, 12, 16, 12, 8, 4, 7, 13, 8, 8, 7, 19, 19, 20, 7, 20, 19, 19, 19, 6, 16, 7, 8, 13, 19, 8, 16, 6, 7, 13, 19, 13, 18, 6, 6, 6, 7, 6, 6]
bestever    2287    in generation 171
[3, 2, 18, 18, 14, 11, 11, 14, 5, 2, 17, 10, 15, 3, 9, 14, 12, 3, 5, 3, 18, 10, 18, 15, 11, 3, 11, 15, 14, 5, 1, 10, 1, 5, 9, 2, 4, 10, 17, 12, 9, 4, 3, 11, 13, 20, 1, 15, 20, 19, 15, 15, 12, 14, 11, 11, 5, 5, 2, 17, 10, 15, 4, 14, 9, 4, 7, 4, 17, 6, 5, 3, 6, 10, 15, 11, 3, 11, 20, 1, 15, 20, 14, 6, 5, 1, 1, 10, 16, 1, 14, 9, 4, 10, 12, 9, 4, 3, 11, 20, 1, 15, 20, 1, 1, 12, 20, 12, 3, 18, 2, 20, 5, 2, 4, 10, 9, 17, 17, 14, 9, 17, 10, 9, 9, 13, 18, 16, 13, 16, 7, 13, 8, 8, 7, 7, 19, 19, 17, 18, 17, 14, 2, 2, 16, 18, 8, 13, 5, 2, 2, 16, 17, 18, 12, 8, 16, 16, 12, 8, 4, 13, 12, 16, 12, 8, 4, 7, 13, 8, 8, 7, 19, 19, 20, 7, 20, 19, 19, 19, 6, 16, 7, 8, 13, 19, 8, 16, 6, 7, 13, 19, 13, 18, 6, 6, 6, 7, 6, 6]
bestever    2285    in generation 172
[3, 2, 18, 18, 14, 11, 11, 14, 5, 2, 17, 10, 15, 3, 9, 14, 12, 3, 5, 3, 18, 10, 15, 11, 3, 11, 15, 14, 5, 1, 10, 1, 5, 9, 2, 4, 10, 17, 12, 9, 4, 3, 11, 13, 20, 1, 15, 20, 19, 15, 15, 12, 14, 11, 11, 5, 5, 2, 17, 10, 15, 4, 14, 9, 4, 7, 7, 7, 4, 17, 6, 5, 3, 6, 10, 15, 11, 3, 11, 13, 20, 1, 15, 20, 19, 14, 5, 1, 1, 10, 16, 1, 14, 9, 4, 10, 12, 9, 4, 3, 8, 11, 8, 13, 20, 7, 1, 15, 20, 1, 1, 16, 12, 20, 12, 3, 18, 19, 16, 2, 20, 13, 5, 2, 4, 10, 9, 17, 18, 17, 14, 9, 10, 9, 9, 6, 18, 17, 17, 18, 17, 14, 2, 2, 16, 18, 8, 13, 5, 2, 2, 16, 17, 18, 12, 8, 16, 16, 12, 8, 4, 13, 12, 16, 12, 8, 4, 7, 13, 8, 8, 7, 19, 19, 20, 7, 20, 19, 19, 19, 6, 16, 7, 8, 13, 19, 8, 16, 6, 7, 13, 19, 13, 18, 6, 6, 6, 7, 6, 6]
bestever    2284    in generation 177
[3, 2, 18, 14, 11, 11, 14, 5, 2, 17, 10, 15, 3, 9, 14, 12, 3, 5, 3, 18, 10, 18, 15, 11, 3, 11, 15, 14, 5, 1, 10, 1, 5, 9, 2, 4, 10, 12, 9, 4, 3, 11, 13, 20, 1, 15, 20, 19, 15, 15, 12, 14, 11, 11, 5, 5, 2, 10, 15, 4, 14, 9, 4, 7, 7, 7, 4, 17, 6, 5, 17, 17, 3, 6, 10, 15, 11, 3, 11, 13, 20, 1, 15, 20, 19, 14, 5, 1, 1, 10, 16, 1, 14, 9, 4, 10, 12, 9, 4, 3, 8, 11, 8, 13, 20, 7, 1, 15, 20, 1, 1, 16, 12, 20, 12, 3, 18, 19, 16, 2, 20, 13, 5, 2, 4, 10, 9, 17, 18, 17, 14, 9, 10, 9, 9, 6, 18, 17, 17, 18, 17, 14, 2, 2, 16, 18, 8, 13, 5, 2, 2, 16, 17, 18, 12, 8, 16, 16, 12, 8, 4, 13, 12, 16, 12, 8, 4, 7, 13, 8, 8, 7, 19, 19, 20, 7, 20, 19, 19, 19, 6, 16, 7, 8, 13, 19, 8, 16, 6, 7, 13, 19, 13, 18, 6, 6, 6, 7, 6, 6]
bestever    2283    in generation 180
[3, 2, 18, 14, 11, 11, 14, 5, 2, 17, 10, 15, 3, 9, 14, 12, 3, 5, 3, 18, 10, 18, 15, 11, 3, 11, 15, 14, 5, 1, 10, 1, 5, 9, 2, 4, 10, 12, 9, 4, 3, 11, 13, 20, 1, 15, 20, 19, 15, 15, 12, 14, 11, 11, 5, 5, 10, 15, 4, 14, 9, 4, 7, 7, 7, 4, 17, 6, 5, 3, 10, 15, 11, 11, 13, 20, 1, 3, 2, 15, 20, 19, 14, 5, 1, 1, 10, 16, 1, 4, 10, 12, 4, 3, 8, 11, 8, 13, 20, 7, 1, 15, 20, 1, 1, 16, 17, 17, 14, 9, 9, 6, 12, 20, 12, 3, 18, 19, 16, 2, 20, 13, 5, 2, 4, 10, 9, 17, 18, 17, 14, 9, 10, 9, 9, 6, 18, 17, 17, 18, 17, 14, 2, 2, 16, 18, 8, 13, 5, 2, 2, 16, 17, 18, 12, 8, 16, 16, 12, 8, 4, 13, 12, 16, 12, 8, 4, 7, 13, 8, 8, 7, 19, 19, 20, 7, 20, 19, 19, 19, 6, 16, 7, 8, 13, 19, 8, 16, 6, 7, 13, 19, 13, 18, 6, 6, 6, 7, 6, 6]
bestever    2282    in generation 212
[3, 2, 18, 14, 11, 11, 14, 5, 2, 17, 10, 15, 3, 9, 14, 12, 3, 5, 3, 18, 10, 18, 15, 11, 3, 11, 15, 14, 5, 1, 10, 1, 5, 9, 2, 4, 10, 12, 11, 4, 3, 11, 13, 20, 1, 15, 20, 19, 15, 15, 12, 14, 9, 11, 5, 5, 10, 15, 4, 14, 9, 4, 7, 7, 7, 4, 17, 6, 5, 3, 10, 15, 11, 11, 13, 20, 1, 3, 2, 15, 20, 19, 14, 5, 1, 1, 10, 16, 1, 4, 10, 12, 4, 3, 8, 11, 8, 13, 20, 7, 1, 15, 20, 1, 1, 16, 17, 17, 14, 9, 9, 6, 12, 20, 12, 3, 18, 19, 16, 2, 20, 13, 5, 2, 4, 10, 9, 17, 18, 17, 14, 9, 10, 9, 9, 6, 18, 17, 17, 18, 17, 14, 2, 2, 16, 18, 8, 13, 5, 2, 2, 16, 17, 18, 12, 8, 16, 16, 12, 8, 4, 13, 12, 16, 12, 8, 4, 7, 13, 8, 8, 7, 19, 19, 20, 7, 20, 19, 19, 19, 6, 16, 7, 8, 13, 19, 8, 16, 6, 7, 13, 19, 13, 18, 6, 6, 6, 7, 6, 6]
bestever    2255    in generation 248
[3, 2, 18, 14, 11, 11, 14, 5, 2, 17, 10, 15, 3, 9, 14, 12, 3, 5, 3, 18, 10, 18, 15, 11, 3, 11, 15, 14, 18, 1, 10, 1, 5, 9, 2, 4, 10, 12, 11, 4, 3, 11, 13, 20, 1, 15, 20, 19, 15, 15, 12, 14, 9, 11, 5, 5, 10, 15, 4, 14, 9, 4, 7, 7, 7, 4, 17, 6, 5, 3, 10, 15, 11, 11, 13, 20, 1, 3, 2, 15, 20, 19, 14, 5, 1, 1, 10, 16, 1, 4, 10, 12, 4, 3, 8, 11, 8, 13, 20, 7, 1, 15, 20, 1, 1, 16, 17, 17, 14, 9, 9, 6, 12, 20, 9, 3, 5, 19, 16, 2, 20, 13, 5, 2, 4, 10, 9, 17, 18, 17, 14, 9, 10, 9, 12, 6, 18, 17, 17, 18, 17, 14, 2, 2, 16, 18, 8, 13, 5, 2, 2, 16, 17, 18, 12, 8, 16, 16, 12, 8, 4, 13, 12, 16, 12, 8, 4, 7, 13, 8, 8, 7, 19, 19, 20, 7, 20, 19, 19, 19, 6, 16, 7, 8, 13, 19, 8, 16, 6, 7, 13, 19, 13, 18, 6, 6, 6, 7, 6, 6]
bestever    2208    in generation 274
[3, 2, 18, 14, 11, 11, 14, 5, 2, 17, 10, 15, 3, 9, 14, 12, 3, 5, 3, 18, 10, 18, 15, 11, 3, 11, 15, 14, 18, 1, 10, 1, 5, 9, 2, 4, 10, 17, 11, 4, 3, 11, 13, 20, 1, 15, 20, 19, 15, 15, 12, 14, 9, 11, 5, 5, 10, 15, 4, 14, 9, 4, 7, 7, 7, 4, 17, 6, 5, 3, 10, 15, 11, 11, 13, 20, 1, 3, 2, 15, 20, 19, 14, 5, 1, 1, 10, 16, 1, 4, 10, 12, 4, 3, 8, 11, 8, 13, 20, 1, 15, 20, 1, 1, 16, 17, 17, 14, 9, 9, 12, 20, 9, 3, 5, 19, 16, 2, 20, 13, 5, 2, 4, 10, 9, 17, 18, 17, 14, 9, 10, 9, 12, 18, 17, 12, 18, 17, 14, 2, 2, 16, 18, 8, 13, 5, 2, 2, 16, 17, 18, 12, 8, 16, 16, 12, 8, 4, 13, 12, 16, 7, 6, 6, 12, 8, 4, 7, 13, 8, 8, 7, 19, 19, 20, 7, 20, 19, 19, 19, 6, 16, 7, 8, 13, 19, 8, 16, 6, 7, 13, 19, 13, 18, 6, 6, 6, 7, 6, 6]
bestever    2197    in generation 304
[3, 2, 18, 14, 11, 11, 14, 5, 2, 17, 10, 15, 3, 9, 14, 12, 3, 5, 3, 18, 10, 18, 15, 11, 3, 11, 15, 14, 18, 1, 10, 1, 5, 9, 2, 4, 10, 17, 11, 4, 3, 11, 13, 20, 1, 15, 20, 19, 15, 15, 12, 14, 9, 11, 5, 5, 10, 15, 4, 14, 9, 4, 7, 7, 7, 4, 17, 6, 5, 3, 10, 15, 11, 11, 13, 20, 1, 3, 2, 15, 20, 19, 14, 5, 1, 1, 10, 16, 1, 4, 10, 12, 4, 3, 8, 11, 8, 13, 20, 1, 15, 20, 1, 1, 16, 17, 17, 14, 9, 9, 12, 20, 9, 3, 5, 19, 16, 2, 20, 13, 5, 2, 4, 10, 9, 17, 18, 17, 14, 9, 10, 9, 12, 18, 17, 12, 18, 17, 14, 2, 2, 16, 18, 8, 13, 5, 2, 2, 16, 17, 18, 12, 8, 16, 16, 12, 8, 4, 18, 12, 16, 7, 6, 6, 12, 8, 4, 7, 13, 8, 8, 7, 19, 19, 20, 7, 20, 19, 19, 19, 6, 16, 7, 8, 13, 19, 8, 16, 6, 7, 13, 19, 13, 13, 6, 6, 6, 7, 6, 6]
bestever    2165    in generation 306
[3, 2, 14, 11, 11, 14, 5, 2, 17, 10, 15, 3, 9, 14, 3, 5, 3, 10, 18, 15, 11, 3, 11, 15, 14, 18, 1, 10, 1, 5, 9, 2, 4, 10, 17, 11, 4, 3, 11, 13, 20, 1, 15, 20, 19, 15, 15, 14, 9, 11, 5, 5, 10, 15, 4, 14, 9, 4, 7, 7, 7, 4, 17, 6, 5, 3, 10, 15, 11, 11, 13, 20, 1, 3, 2, 15, 20, 19, 14, 5, 1, 1, 10, 16, 1, 4, 10, 12, 4, 3, 8, 11, 8, 13, 20, 1, 15, 20, 1, 1, 16, 9, 9, 12, 20, 9, 3, 5, 19, 16, 2, 20, 13, 5, 2, 4, 10, 18, 17, 14, 12, 18, 17, 12, 9, 17, 18, 17, 14, 9, 10, 9, 12, 18, 17, 12, 18, 17, 14, 2, 2, 16, 18, 8, 13, 5, 2, 2, 16, 17, 18, 12, 8, 16, 16, 12, 8, 4, 13, 12, 16, 7, 6, 6, 12, 8, 4, 7, 13, 8, 8, 7, 19, 19, 20, 7, 20, 19, 19, 19, 6, 16, 7, 8, 13, 19, 8, 16, 6, 7, 13, 19, 13, 18, 6, 6, 6, 7, 6, 6]
bestever    2136    in generation 322
[3, 2, 14, 11, 11, 14, 5, 2, 17, 10, 15, 3, 9, 14, 3, 5, 3, 10, 18, 15, 11, 3, 11, 15, 14, 18, 1, 10, 1, 5, 9, 2, 4, 10, 17, 11, 4, 3, 11, 13, 20, 1, 15, 20, 19, 15, 15, 14, 9, 4, 5, 5, 10, 15, 11, 14, 9, 9, 7, 7, 7, 4, 17, 6, 5, 3, 10, 15, 11, 11, 13, 20, 1, 3, 2, 15, 20, 19, 14, 5, 1, 1, 10, 16, 1, 4, 10, 12, 4, 3, 8, 11, 8, 13, 20, 1, 15, 20, 1, 1, 16, 9, 4, 12, 20, 9, 3, 5, 19, 16, 2, 20, 13, 5, 2, 4, 10, 18, 17, 14, 12, 18, 17, 12, 9, 17, 18, 17, 14, 9, 10, 9, 12, 18, 17, 12, 18, 17, 14, 2, 2, 16, 18, 8, 13, 5, 2, 2, 16, 17, 18, 12, 8, 16, 16, 12, 8, 4, 13, 12, 16, 7, 6, 6, 12, 8, 4, 7, 13, 8, 8, 7, 19, 19, 20, 7, 20, 19, 19, 19, 6, 16, 7, 8, 13, 19, 8, 16, 6, 7, 13, 19, 13, 18, 6, 6, 6, 7, 6, 6]
bestever    2088    in generation 342
[3, 2, 14, 11, 11, 14, 5, 2, 17, 10, 15, 3, 9, 14, 3, 5, 3, 10, 18, 15, 11, 3, 11, 15, 14, 18, 1, 10, 1, 5, 9, 2, 4, 10, 17, 11, 4, 3, 11, 13, 20, 1, 15, 20, 19, 15, 15, 14, 9, 4, 5, 5, 10, 15, 11, 14, 9, 9, 7, 7, 14, 4, 17, 6, 5, 3, 10, 15, 11, 11, 13, 20, 1, 3, 2, 15, 20, 19, 14, 5, 1, 1, 10, 16, 1, 4, 10, 12, 4, 3, 8, 11, 8, 13, 20, 1, 15, 20, 1, 1, 16, 9, 4, 12, 20, 9, 3, 5, 19, 16, 2, 20, 13, 5, 2, 4, 10, 18, 17, 14, 12, 18, 17, 12, 9, 17, 18, 17, 7, 9, 10, 9, 12, 18, 17, 12, 18, 17, 14, 2, 2, 16, 18, 8, 13, 5, 2, 2, 16, 17, 18, 12, 8, 16, 16, 12, 8, 4, 13, 12, 16, 7, 6, 6, 12, 8, 4, 7, 13, 8, 8, 7, 19, 19, 20, 7, 20, 19, 19, 19, 6, 16, 7, 8, 13, 19, 8, 16, 7, 13, 19, 13, 18, 6, 6, 6, 6, 7, 6, 6]
bestever    2086    in generation 393
[3, 2, 14, 11, 11, 14, 5, 2, 17, 10, 15, 3, 9, 14, 3, 5, 3, 3, 18, 15, 11, 3, 11, 15, 14, 18, 1, 10, 1, 5, 9, 2, 4, 10, 17, 11, 4, 3, 11, 13, 20, 1, 15, 20, 19, 15, 15, 14, 9, 4, 5, 5, 10, 15, 11, 14, 9, 9, 7, 7, 14, 4, 17, 5, 10, 10, 15, 11, 11, 13, 6, 20, 1, 3, 2, 15, 20, 19, 14, 5, 1, 1, 10, 16, 1, 4, 10, 12, 4, 3, 8, 11, 8, 13, 20, 1, 15, 20, 1, 1, 16, 9, 4, 12, 20, 9, 3, 5, 19, 16, 2, 20, 13, 5, 2, 4, 10, 18, 17, 14, 12, 18, 17, 12, 9, 17, 18, 17, 7, 9, 10, 9, 12, 18, 17, 12, 18, 17, 14, 2, 2, 16, 18, 8, 13, 5, 2, 2, 16, 17, 18, 12, 8, 16, 16, 12, 8, 4, 13, 12, 16, 7, 6, 6, 12, 8, 4, 7, 13, 8, 8, 7, 19, 19, 20, 7, 20, 19, 19, 19, 6, 16, 7, 8, 13, 19, 8, 16, 7, 13, 19, 13, 18, 6, 6, 6, 6, 7, 6, 6]
bestever    2066    in generation 405
[3, 2, 14, 11, 11, 14, 5, 2, 17, 10, 15, 3, 9, 14, 3, 5, 3, 3, 18, 15, 11, 3, 11, 15, 14, 18, 7, 10, 1, 5, 9, 2, 4, 10, 17, 11, 4, 3, 11, 13, 20, 1, 15, 20, 19, 15, 15, 14, 9, 4, 5, 5, 10, 15, 11, 14, 9, 9, 7, 1, 14, 4, 17, 5, 10, 10, 15, 11, 11, 13, 6, 20, 1, 3, 2, 15, 20, 19, 14, 5, 1, 1, 10, 16, 1, 4, 10, 12, 4, 3, 8, 11, 8, 13, 20, 1, 15, 20, 1, 1, 16, 9, 4, 12, 20, 9, 3, 5, 19, 16, 2, 20, 13, 5, 2, 4, 10, 18, 17, 14, 12, 18, 17, 12, 9, 17, 18, 17, 7, 9, 10, 9, 12, 18, 17, 12, 18, 17, 14, 2, 2, 16, 18, 8, 13, 5, 2, 2, 16, 17, 18, 12, 8, 16, 16, 12, 8, 4, 13, 12, 16, 7, 6, 6, 12, 8, 4, 7, 13, 8, 8, 7, 19, 19, 20, 7, 20, 19, 19, 19, 6, 16, 7, 8, 13, 19, 8, 16, 7, 13, 19, 13, 18, 6, 6, 6, 6, 7, 6, 6]
bestever    2052    in generation 416
[3, 2, 14, 11, 11, 14, 5, 2, 17, 10, 15, 3, 9, 14, 3, 5, 3, 3, 18, 15, 11, 3, 11, 15, 14, 18, 7, 10, 1, 5, 9, 2, 4, 10, 17, 11, 4, 3, 11, 13, 20, 1, 15, 20, 19, 15, 15, 14, 9, 4, 5, 5, 10, 15, 11, 14, 9, 9, 1, 14, 4, 17, 5, 10, 10, 15, 11, 11, 13, 6, 20, 1, 3, 15, 20, 19, 5, 1, 1, 10, 16, 1, 4, 10, 12, 4, 8, 11, 8, 13, 20, 1, 15, 20, 1, 1, 16, 9, 4, 12, 3, 14, 2, 6, 20, 9, 3, 5, 19, 16, 2, 20, 13, 5, 2, 4, 10, 18, 17, 14, 12, 18, 17, 12, 9, 17, 18, 17, 7, 9, 10, 9, 12, 18, 17, 12, 18, 17, 14, 2, 2, 16, 18, 8, 13, 5, 2, 2, 16, 17, 18, 12, 8, 16, 16, 12, 8, 4, 13, 12, 16, 7, 6, 6, 12, 8, 4, 7, 13, 8, 8, 7, 19, 19, 20, 7, 20, 19, 19, 19, 6, 16, 7, 8, 13, 19, 8, 16, 7, 13, 19, 13, 18, 6, 7, 6, 6, 7, 6, 6]
bestever    2043    in generation 427
[3, 2, 14, 11, 11, 14, 5, 2, 17, 10, 15, 3, 9, 14, 3, 5, 3, 3, 18, 15, 11, 3, 11, 15, 14, 18, 7, 10, 1, 5, 9, 2, 4, 10, 17, 11, 4, 3, 11, 13, 20, 1, 15, 20, 19, 15, 15, 14, 9, 4, 5, 5, 10, 15, 11, 14, 9, 9, 1, 14, 4, 17, 5, 10, 10, 15, 11, 11, 13, 6, 20, 1, 3, 15, 20, 19, 5, 1, 1, 10, 16, 1, 4, 10, 12, 4, 8, 11, 8, 13, 20, 1, 15, 20, 1, 1, 16, 9, 4, 12, 3, 14, 2, 6, 20, 9, 3, 5, 19, 16, 2, 20, 13, 5, 2, 4, 10, 18, 17, 14, 12, 18, 17, 12, 9, 17, 18, 17, 7, 9, 10, 9, 12, 18, 17, 12, 18, 17, 14, 2, 2, 16, 18, 8, 13, 5, 2, 2, 16, 17, 18, 12, 8, 16, 16, 12, 8, 4, 13, 12, 16, 7, 6, 6, 12, 8, 4, 7, 13, 8, 8, 7, 19, 19, 20, 20, 19, 19, 19, 6, 16, 7, 8, 7, 13, 19, 8, 16, 7, 13, 19, 13, 18, 6, 7, 6, 6, 7, 6, 6]
bestever    2041    in generation 441
[3, 2, 14, 11, 11, 14, 5, 2, 17, 10, 15, 3, 9, 14, 3, 5, 3, 3, 18, 15, 11, 3, 11, 15, 14, 18, 7, 10, 1, 5, 9, 2, 4, 10, 17, 11, 4, 3, 11, 13, 20, 1, 15, 20, 19, 15, 15, 14, 9, 4, 5, 5, 10, 15, 11, 14, 9, 9, 1, 14, 4, 17, 5, 10, 10, 15, 11, 11, 13, 20, 1, 3, 15, 20, 19, 5, 1, 1, 10, 16, 1, 4, 10, 12, 4, 8, 11, 8, 13, 20, 1, 15, 20, 1, 1, 16, 9, 4, 12, 3, 14, 2, 20, 9, 3, 18, 19, 16, 2, 20, 13, 5, 2, 4, 10, 18, 17, 14, 12, 18, 6, 6, 17, 12, 9, 17, 18, 17, 7, 9, 10, 9, 12, 5, 17, 12, 18, 17, 14, 2, 2, 16, 18, 8, 13, 5, 2, 2, 16, 17, 18, 12, 8, 16, 16, 12, 8, 4, 13, 12, 16, 7, 6, 6, 12, 8, 4, 7, 13, 8, 8, 7, 19, 19, 20, 20, 19, 19, 19, 6, 16, 7, 8, 7, 13, 19, 8, 16, 7, 13, 19, 13, 18, 6, 7, 6, 6, 7, 6, 6]
bestever    2028    in generation 462
[3, 2, 14, 11, 11, 14, 5, 2, 17, 10, 15, 3, 9, 14, 3, 5, 3, 3, 18, 15, 11, 3, 11, 15, 14, 18, 7, 10, 1, 5, 9, 2, 4, 10, 17, 11, 4, 3, 11, 13, 20, 1, 15, 20, 19, 15, 15, 14, 9, 4, 5, 5, 10, 15, 11, 14, 9, 9, 1, 14, 4, 17, 5, 10, 10, 15, 11, 11, 13, 20, 1, 3, 15, 20, 19, 5, 1, 1, 10, 16, 1, 4, 10, 12, 4, 8, 11, 8, 13, 20, 1, 15, 20, 1, 1, 16, 9, 4, 12, 3, 14, 2, 20, 9, 3, 18, 19, 16, 2, 20, 13, 5, 2, 4, 10, 18, 17, 14, 12, 18, 6, 6, 17, 12, 9, 17, 18, 17, 7, 9, 10, 9, 12, 5, 17, 12, 18, 17, 14, 2, 2, 16, 18, 8, 13, 5, 2, 2, 16, 17, 18, 12, 8, 16, 16, 12, 8, 4, 13, 12, 16, 7, 6, 12, 8, 4, 7, 13, 8, 8, 7, 19, 19, 6, 20, 20, 19, 19, 19, 6, 16, 7, 8, 7, 13, 19, 8, 16, 7, 13, 19, 13, 18, 6, 7, 6, 6, 7, 6, 6]
bestever    2015    in generation 463
[3, 2, 14, 11, 11, 14, 5, 2, 17, 10, 15, 3, 9, 14, 3, 5, 3, 3, 18, 15, 11, 3, 11, 15, 14, 18, 7, 10, 1, 5, 9, 2, 4, 10, 17, 11, 4, 3, 11, 13, 20, 1, 15, 20, 19, 15, 15, 14, 9, 4, 5, 5, 10, 15, 11, 14, 9, 9, 1, 14, 4, 17, 5, 10, 10, 15, 11, 11, 13, 20, 1, 3, 15, 20, 19, 5, 1, 1, 10, 16, 1, 4, 10, 12, 4, 8, 11, 8, 13, 20, 1, 15, 20, 1, 1, 16, 9, 4, 12, 3, 14, 2, 20, 9, 3, 18, 16, 2, 20, 13, 5, 2, 4, 10, 18, 17, 14, 12, 18, 6, 17, 12, 9, 17, 18, 17, 7, 9, 10, 9, 12, 5, 17, 12, 18, 17, 14, 2, 2, 16, 18, 8, 13, 5, 2, 2, 16, 17, 18, 12, 8, 16, 16, 12, 8, 4, 13, 12, 6, 6, 12, 8, 4, 7, 13, 8, 7, 19, 19, 6, 16, 7, 8, 19, 20, 20, 19, 19, 19, 6, 16, 8, 7, 7, 13, 19, 8, 16, 7, 13, 19, 13, 18, 6, 7, 6, 6, 7, 6, 6]
bestever    2014    in generation 537
[3, 2, 14, 11, 11, 14, 5, 2, 17, 10, 15, 3, 9, 14, 3, 5, 3, 3, 18, 15, 11, 3, 11, 15, 14, 18, 14, 10, 1, 5, 9, 2, 4, 10, 7, 11, 4, 3, 11, 13, 20, 1, 15, 20, 19, 15, 15, 14, 9, 4, 5, 5, 10, 15, 11, 14, 9, 9, 1, 14, 4, 17, 5, 10, 10, 15, 11, 11, 13, 20, 1, 3, 15, 20, 19, 5, 1, 1, 10, 16, 1, 4, 10, 12, 4, 8, 11, 8, 13, 20, 1, 15, 20, 1, 1, 16, 9, 4, 12, 3, 14, 2, 20, 9, 3, 18, 16, 2, 20, 13, 5, 2, 4, 10, 18, 17, 7, 12, 18, 17, 12, 9, 17, 18, 17, 7, 9, 10, 9, 12, 5, 17, 12, 18, 17, 14, 2, 2, 16, 18, 8, 13, 5, 2, 2, 16, 17, 18, 12, 8, 16, 16, 12, 8, 4, 13, 12, 12, 8, 4, 7, 13, 8, 6, 6, 7, 6, 19, 19, 6, 16, 17, 8, 19, 20, 20, 19, 19, 19, 6, 16, 8, 7, 7, 13, 19, 8, 16, 7, 13, 19, 13, 18, 6, 7, 6, 6, 7, 6, 6]
bestever    2008    in generation 634
[3, 2, 14, 11, 11, 14, 5, 2, 17, 10, 15, 3, 9, 14, 3, 5, 3, 3, 18, 15, 11, 3, 11, 15, 14, 18, 14, 10, 1, 5, 9, 2, 4, 10, 7, 11, 4, 3, 11, 13, 20, 1, 15, 20, 19, 15, 15, 14, 9, 4, 5, 5, 10, 15, 11, 14, 9, 9, 1, 14, 4, 17, 5, 10, 10, 15, 11, 11, 13, 20, 1, 3, 15, 20, 19, 5, 1, 1, 10, 16, 1, 4, 10, 12, 4, 8, 11, 8, 13, 20, 1, 15, 20, 1, 1, 16, 9, 4, 12, 3, 14, 2, 20, 9, 3, 18, 16, 2, 20, 13, 5, 2, 4, 10, 18, 17, 7, 12, 18, 17, 12, 9, 17, 18, 17, 7, 9, 10, 9, 12, 5, 17, 12, 18, 17, 14, 2, 2, 16, 18, 8, 13, 5, 2, 2, 16, 17, 18, 12, 8, 16, 16, 12, 8, 4, 13, 12, 12, 8, 4, 7, 13, 8, 6, 6, 7, 6, 19, 19, 6, 16, 17, 8, 19, 20, 20, 19, 19, 19, 6, 16, 8, 7, 7, 13, 19, 8, 16, 7, 13, 19, 18, 13, 6, 6, 6, 6, 6, 7, 7]
bestever    2007    in generation 641
[3, 2, 14, 11, 11, 14, 5, 2, 17, 10, 15, 3, 9, 14, 3, 5, 3, 3, 18, 15, 11, 3, 11, 15, 14, 18, 14, 10, 1, 5, 9, 2, 4, 10, 7, 11, 4, 3, 11, 13, 20, 1, 15, 20, 19, 15, 15, 14, 9, 4, 5, 5, 10, 15, 11, 14, 9, 9, 1, 14, 4, 17, 5, 10, 10, 15, 11, 11, 13, 20, 1, 3, 15, 20, 19, 5, 1, 1, 10, 16, 1, 4, 10, 12, 4, 8, 11, 13, 20, 1, 15, 20, 1, 1, 16, 9, 4, 12, 3, 14, 2, 20, 9, 3, 18, 16, 2, 20, 13, 5, 2, 4, 10, 18, 17, 7, 12, 18, 17, 12, 9, 17, 18, 17, 7, 9, 10, 9, 12, 5, 17, 12, 18, 17, 14, 2, 2, 16, 18, 8, 13, 5, 2, 2, 16, 17, 18, 12, 8, 16, 16, 12, 8, 4, 13, 12, 8, 12, 8, 4, 7, 13, 8, 6, 6, 7, 6, 19, 19, 6, 16, 17, 8, 19, 20, 20, 19, 19, 19, 6, 16, 8, 7, 7, 13, 19, 8, 16, 7, 13, 19, 18, 13, 6, 6, 6, 6, 6, 7, 7]
bestever    2004    in generation 702
[3, 2, 14, 11, 11, 14, 5, 2, 17, 10, 15, 3, 9, 14, 3, 5, 3, 3, 18, 15, 11, 3, 11, 15, 14, 18, 14, 10, 1, 5, 9, 2, 4, 10, 7, 11, 4, 3, 11, 13, 20, 1, 15, 20, 17, 15, 15, 14, 9, 4, 5, 5, 10, 15, 11, 14, 9, 9, 1, 14, 4, 17, 5, 10, 10, 15, 11, 11, 13, 20, 1, 17, 15, 20, 19, 5, 1, 1, 10, 16, 1, 4, 10, 12, 4, 8, 11, 13, 20, 1, 15, 20, 1, 1, 16, 9, 4, 12, 3, 14, 2, 20, 9, 3, 18, 16, 2, 20, 13, 5, 2, 4, 10, 18, 3, 12, 18, 17, 12, 9, 17, 18, 17, 7, 9, 10, 9, 12, 5, 17, 12, 18, 17, 14, 2, 2, 16, 18, 8, 13, 5, 2, 2, 16, 17, 18, 12, 8, 16, 16, 12, 8, 4, 13, 12, 8, 12, 8, 4, 7, 13, 6, 7, 6, 6, 19, 19, 16, 8, 7, 19, 8, 19, 20, 20, 19, 19, 19, 16, 8, 7, 7, 6, 6, 13, 19, 8, 16, 7, 13, 19, 18, 13, 6, 6, 6, 6, 6, 7, 7]
bestever    1999    in generation 704
[3, 2, 14, 11, 11, 14, 5, 2, 17, 10, 15, 3, 9, 14, 3, 5, 3, 3, 18, 15, 11, 3, 11, 15, 14, 18, 14, 10, 1, 5, 9, 2, 4, 10, 7, 11, 4, 3, 11, 13, 20, 1, 15, 20, 17, 15, 15, 14, 15, 4, 5, 5, 10, 15, 11, 14, 9, 9, 1, 14, 4, 17, 5, 10, 10, 15, 11, 11, 13, 20, 1, 3, 15, 20, 19, 5, 1, 1, 10, 16, 1, 4, 10, 12, 4, 8, 11, 13, 20, 1, 9, 20, 1, 1, 16, 9, 4, 12, 3, 14, 2, 20, 9, 3, 18, 16, 2, 20, 13, 5, 2, 4, 10, 18, 17, 12, 18, 17, 12, 9, 17, 18, 17, 7, 9, 10, 9, 12, 5, 17, 12, 18, 17, 14, 2, 2, 16, 18, 8, 13, 5, 2, 2, 16, 17, 18, 12, 8, 16, 16, 12, 8, 4, 13, 12, 8, 12, 8, 4, 7, 13, 6, 7, 6, 6, 19, 19, 16, 8, 7, 19, 8, 19, 20, 20, 19, 19, 19, 16, 8, 7, 7, 6, 6, 13, 19, 8, 16, 7, 13, 19, 18, 13, 6, 6, 6, 6, 6, 7, 7]
bestever    1994    in generation 711
[3, 2, 14, 11, 11, 14, 5, 2, 17, 10, 15, 3, 9, 14, 3, 5, 3, 3, 18, 15, 11, 3, 11, 15, 14, 18, 14, 10, 1, 5, 9, 2, 4, 10, 7, 11, 4, 3, 11, 20, 1, 15, 20, 17, 15, 15, 14, 15, 4, 5, 5, 10, 15, 11, 14, 9, 9, 1, 14, 4, 17, 5, 10, 10, 15, 11, 11, 20, 1, 3, 15, 20, 19, 5, 1, 1, 10, 1, 4, 10, 12, 4, 11, 13, 20, 1, 9, 20, 1, 1, 9, 4, 12, 3, 14, 2, 20, 9, 3, 18, 2, 20, 13, 5, 2, 4, 10, 18, 17, 12, 18, 17, 12, 9, 17, 18, 17, 7, 9, 10, 9, 12, 5, 17, 12, 17, 14, 13, 2, 16, 18, 16, 16, 13, 8, 2, 16, 18, 8, 13, 5, 2, 2, 16, 17, 18, 12, 8, 16, 16, 12, 8, 4, 13, 12, 8, 12, 8, 4, 7, 13, 6, 7, 6, 6, 19, 19, 16, 8, 7, 19, 8, 19, 20, 20, 19, 19, 19, 16, 8, 7, 7, 6, 6, 13, 19, 8, 16, 7, 13, 19, 18, 13, 6, 6, 6, 6, 6, 7, 7]
bestever    1962    in generation 737
[3, 2, 14, 11, 11, 14, 5, 2, 17, 10, 15, 3, 9, 14, 3, 5, 3, 3, 18, 15, 11, 3, 15, 14, 18, 14, 10, 1, 5, 9, 2, 4, 10, 7, 11, 4, 3, 11, 20, 1, 15, 20, 17, 15, 14, 15, 4, 5, 5, 10, 15, 11, 15, 11, 14, 9, 9, 1, 14, 4, 17, 5, 10, 10, 15, 11, 11, 20, 1, 3, 15, 20, 19, 5, 1, 1, 10, 1, 4, 10, 12, 4, 11, 13, 20, 1, 9, 20, 1, 1, 9, 4, 12, 3, 14, 2, 20, 9, 3, 18, 2, 20, 13, 5, 2, 4, 10, 18, 17, 12, 18, 17, 12, 9, 17, 18, 17, 7, 9, 10, 9, 12, 5, 17, 12, 17, 14, 13, 2, 16, 18, 16, 16, 13, 8, 2, 16, 18, 8, 13, 5, 2, 2, 16, 17, 18, 12, 8, 16, 16, 12, 8, 4, 13, 12, 8, 12, 8, 4, 7, 13, 6, 7, 6, 6, 19, 19, 16, 8, 7, 19, 8, 19, 20, 20, 19, 19, 19, 16, 8, 7, 7, 6, 6, 13, 19, 8, 16, 7, 13, 19, 18, 13, 6, 6, 6, 6, 6, 7, 7]
bestever    1959    in generation 785
[3, 2, 14, 11, 11, 14, 5, 2, 17, 10, 15, 3, 9, 14, 3, 5, 3, 3, 18, 15, 11, 3, 15, 14, 18, 14, 10, 1, 5, 9, 2, 4, 10, 11, 4, 3, 11, 9, 1, 15, 20, 17, 15, 14, 15, 4, 5, 5, 10, 15, 11, 15, 11, 14, 20, 9, 1, 14, 4, 17, 5, 10, 10, 15, 11, 11, 20, 1, 3, 15, 20, 19, 5, 1, 1, 10, 1, 4, 10, 12, 4, 11, 13, 20, 1, 9, 20, 1, 1, 9, 4, 12, 3, 14, 2, 20, 9, 3, 18, 2, 20, 13, 5, 2, 4, 10, 18, 17, 12, 18, 17, 12, 9, 17, 18, 17, 9, 10, 9, 12, 7, 7, 5, 17, 12, 17, 14, 13, 2, 16, 18, 16, 16, 13, 8, 2, 16, 18, 8, 13, 5, 2, 2, 16, 17, 18, 12, 8, 16, 16, 12, 8, 4, 13, 12, 8, 12, 4, 7, 13, 6, 7, 6, 6, 19, 16, 8, 7, 8, 19, 19, 8, 19, 20, 20, 19, 19, 19, 16, 8, 7, 7, 6, 6, 13, 19, 8, 16, 7, 13, 19, 18, 13, 6, 6, 6, 6, 6, 7, 7]
bestever    1958    in generation 841
[3, 2, 14, 11, 11, 14, 5, 2, 17, 10, 15, 3, 9, 14, 3, 5, 3, 3, 18, 15, 11, 3, 15, 14, 18, 14, 10, 1, 5, 9, 2, 4, 10, 11, 4, 3, 11, 9, 1, 15, 20, 17, 15, 14, 15, 4, 5, 5, 10, 15, 11, 15, 11, 14, 20, 9, 1, 14, 4, 17, 5, 10, 10, 15, 11, 11, 20, 1, 3, 15, 20, 19, 5, 1, 1, 10, 1, 4, 10, 12, 4, 11, 13, 20, 1, 9, 20, 1, 1, 9, 4, 12, 3, 14, 2, 20, 9, 3, 18, 2, 20, 13, 5, 2, 4, 10, 18, 17, 12, 18, 17, 12, 9, 17, 18, 17, 9, 10, 9, 12, 7, 5, 17, 7, 12, 17, 14, 13, 2, 16, 18, 16, 16, 13, 8, 2, 16, 18, 8, 13, 5, 2, 2, 4, 17, 18, 12, 8, 16, 16, 12, 8, 4, 13, 12, 8, 12, 16, 7, 13, 6, 7, 6, 6, 19, 8, 7, 8, 19, 19, 16, 8, 19, 20, 20, 19, 19, 19, 16, 8, 7, 6, 6, 13, 19, 8, 16, 7, 7, 13, 19, 18, 13, 6, 6, 6, 6, 6, 7, 7]
bestever    1956    in generation 913
[11, 11, 14, 2, 3, 14, 5, 2, 17, 10, 15, 3, 9, 14, 3, 5, 3, 3, 18, 15, 11, 3, 15, 14, 18, 14, 10, 1, 5, 9, 2, 4, 10, 11, 4, 3, 11, 9, 1, 15, 20, 17, 15, 14, 15, 4, 5, 5, 10, 15, 11, 15, 11, 14, 20, 9, 1, 14, 4, 17, 5, 10, 10, 15, 11, 11, 20, 1, 3, 15, 20, 19, 5, 1, 1, 10, 1, 4, 10, 12, 4, 11, 13, 20, 1, 9, 20, 1, 1, 9, 4, 12, 3, 14, 2, 20, 9, 3, 18, 2, 20, 13, 5, 2, 4, 10, 18, 17, 12, 18, 17, 12, 9, 17, 18, 17, 9, 10, 9, 12, 7, 5, 17, 7, 12, 17, 14, 13, 2, 16, 18, 16, 16, 13, 8, 2, 16, 18, 8, 13, 5, 2, 2, 4, 17, 18, 12, 8, 16, 16, 12, 8, 4, 13, 12, 8, 12, 16, 7, 13, 6, 7, 6, 6, 19, 8, 8, 19, 19, 16, 8, 19, 20, 20, 19, 19, 19, 16, 8, 6, 13, 7, 7, 6, 19, 8, 16, 7, 7, 13, 19, 18, 13, 6, 6, 6, 6, 6, 7, 7]
bestever    1939    in generation 928
[11, 11, 14, 2, 3, 14, 5, 2, 17, 10, 15, 3, 9, 14, 3, 5, 3, 3, 18, 15, 11, 3, 15, 14, 18, 14, 10, 1, 5, 9, 1, 4, 10, 11, 4, 3, 11, 9, 1, 15, 20, 17, 15, 14, 15, 4, 5, 5, 10, 15, 11, 15, 11, 14, 20, 9, 1, 14, 4, 17, 5, 10, 10, 15, 11, 11, 20, 1, 3, 15, 20, 19, 5, 1, 2, 10, 1, 4, 10, 12, 4, 11, 13, 20, 1, 9, 20, 1, 1, 9, 4, 12, 3, 14, 2, 20, 9, 3, 18, 2, 20, 13, 5, 2, 4, 10, 18, 17, 12, 18, 17, 12, 9, 17, 18, 17, 9, 10, 9, 12, 7, 5, 17, 7, 12, 17, 14, 13, 2, 16, 18, 16, 16, 13, 8, 2, 16, 18, 8, 13, 5, 2, 2, 4, 17, 18, 12, 8, 16, 16, 12, 8, 4, 13, 12, 8, 12, 16, 7, 13, 6, 7, 6, 6, 19, 8, 8, 19, 19, 16, 8, 19, 20, 20, 19, 19, 19, 16, 8, 6, 13, 7, 7, 6, 19, 8, 16, 7, 7, 13, 19, 18, 13, 6, 6, 6, 6, 6, 7, 7]
bestever    1937    in generation 999
[11, 11, 14, 2, 3, 14, 5, 2, 17, 10, 15, 3, 9, 14, 3, 5, 3, 3, 18, 15, 11, 3, 15, 14, 14, 10, 1, 5, 9, 1, 4, 10, 11, 4, 3, 11, 9, 1, 15, 20, 17, 15, 14, 15, 4, 5, 5, 10, 15, 11, 15, 11, 14, 20, 9, 1, 14, 4, 5, 10, 10, 15, 11, 11, 20, 1, 3, 15, 20, 19, 5, 1, 2, 10, 1, 4, 10, 12, 20, 11, 13, 20, 1, 9, 20, 1, 1, 9, 4, 12, 3, 14, 2, 4, 9, 3, 18, 2, 20, 13, 5, 2, 4, 10, 18, 12, 18, 17, 12, 17, 18, 17, 9, 17, 18, 17, 9, 10, 9, 12, 7, 5, 17, 7, 12, 17, 14, 13, 2, 16, 18, 16, 16, 13, 8, 2, 16, 18, 8, 13, 5, 2, 2, 4, 17, 18, 12, 8, 16, 16, 12, 8, 4, 13, 12, 8, 12, 16, 7, 13, 6, 7, 6, 6, 19, 8, 8, 19, 19, 16, 8, 19, 20, 20, 19, 19, 19, 16, 8, 6, 13, 7, 7, 6, 19, 8, 16, 7, 7, 13, 19, 18, 13, 6, 6, 6, 6, 6, 7, 7]
bestever    1912    in generation 1060
[11, 11, 14, 2, 3, 14, 5, 2, 17, 10, 15, 3, 14, 3, 5, 3, 3, 18, 15, 11, 3, 15, 14, 14, 10, 1, 5, 9, 1, 4, 10, 11, 4, 3, 11, 9, 1, 15, 20, 17, 15, 14, 15, 4, 5, 5, 10, 15, 11, 15, 11, 14, 20, 9, 1, 14, 4, 5, 10, 10, 15, 11, 11, 20, 1, 3, 15, 20, 19, 5, 1, 2, 10, 4, 10, 12, 20, 11, 13, 20, 9, 1, 1, 9, 20, 1, 1, 9, 4, 12, 3, 14, 2, 4, 9, 3, 18, 2, 20, 13, 5, 2, 4, 10, 18, 12, 18, 17, 12, 17, 18, 17, 9, 17, 18, 17, 9, 10, 9, 12, 7, 5, 17, 7, 12, 17, 14, 13, 2, 16, 18, 16, 16, 13, 8, 2, 16, 18, 8, 13, 5, 2, 2, 4, 17, 18, 12, 8, 16, 16, 12, 8, 4, 13, 12, 8, 12, 16, 7, 13, 6, 7, 6, 6, 19, 8, 8, 19, 19, 16, 8, 19, 20, 20, 19, 19, 19, 16, 8, 6, 13, 7, 7, 6, 19, 8, 16, 7, 7, 13, 19, 18, 13, 6, 6, 6, 6, 6, 7, 7]
bestever    1885    in generation 1105
[11, 11, 14, 2, 3, 14, 5, 2, 10, 15, 3, 14, 3, 5, 3, 3, 15, 11, 3, 15, 14, 14, 10, 1, 5, 9, 1, 4, 10, 11, 4, 3, 11, 9, 1, 15, 20, 15, 14, 15, 4, 5, 5, 10, 15, 11, 15, 11, 14, 20, 9, 1, 14, 4, 5, 10, 10, 15, 11, 11, 20, 1, 3, 15, 20, 19, 5, 1, 2, 10, 4, 10, 12, 20, 11, 13, 20, 9, 1, 1, 9, 20, 1, 1, 4, 12, 3, 14, 2, 4, 9, 3, 2, 20, 13, 5, 2, 4, 10, 18, 12, 18, 12, 18, 17, 9, 17, 18, 17, 17, 18, 17, 9, 17, 18, 17, 9, 10, 9, 12, 7, 5, 17, 7, 12, 17, 14, 13, 2, 16, 18, 16, 16, 13, 8, 2, 16, 18, 8, 13, 5, 2, 2, 4, 17, 18, 12, 8, 16, 16, 12, 8, 4, 13, 12, 8, 12, 16, 13, 6, 19, 8, 8, 19, 19, 16, 8, 19, 20, 20, 19, 7, 7, 6, 6, 19, 19, 16, 8, 6, 13, 7, 7, 6, 19, 8, 16, 7, 7, 13, 19, 18, 13, 6, 6, 6, 6, 6, 7, 7]
bestever    1884    in generation 1114
[15, 3, 14, 3, 5, 3, 3, 15, 11, 3, 14, 14, 10, 5, 11, 11, 2, 2, 3, 15, 14, 14, 10, 1, 5, 9, 1, 4, 10, 11, 4, 3, 11, 9, 1, 15, 20, 15, 14, 15, 4, 5, 5, 10, 15, 11, 15, 11, 14, 20, 9, 1, 14, 4, 5, 10, 10, 15, 11, 11, 20, 1, 3, 15, 20, 19, 5, 1, 2, 10, 4, 10, 12, 20, 11, 13, 20, 9, 1, 1, 9, 20, 1, 1, 4, 12, 3, 14, 2, 4, 9, 3, 2, 20, 13, 5, 2, 4, 10, 18, 12, 18, 12, 18, 17, 9, 17, 18, 17, 17, 18, 17, 9, 17, 18, 17, 9, 10, 9, 12, 7, 5, 17, 7, 12, 17, 14, 13, 2, 16, 18, 16, 16, 13, 8, 2, 16, 18, 8, 13, 5, 2, 2, 4, 17, 18, 12, 8, 16, 16, 12, 8, 4, 12, 8, 12, 16, 13, 6, 19, 8, 8, 19, 19, 16, 8, 19, 20, 20, 19, 7, 6, 13, 6, 19, 7, 19, 16, 8, 6, 13, 7, 7, 6, 19, 8, 16, 7, 7, 13, 19, 18, 13, 6, 6, 6, 6, 6, 7, 7]
bestever    1856    in generation 1304
[3, 3, 15, 14, 5, 3, 3, 15, 11, 3, 14, 14, 10, 5, 11, 11, 2, 2, 3, 15, 14, 14, 10, 1, 5, 9, 4, 13, 10, 11, 4, 3, 11, 9, 1, 15, 20, 15, 14, 15, 4, 5, 5, 10, 15, 19, 11, 15, 11, 14, 20, 9, 1, 14, 5, 4, 10, 10, 15, 11, 11, 20, 1, 3, 15, 20, 19, 5, 1, 8, 10, 4, 10, 12, 20, 11, 1, 20, 9, 1, 1, 9, 20, 1, 1, 4, 12, 3, 14, 2, 4, 9, 3, 2, 20, 13, 5, 2, 4, 10, 18, 12, 18, 12, 18, 17, 9, 17, 18, 17, 17, 18, 17, 9, 17, 18, 17, 2, 9, 10, 9, 12, 7, 5, 17, 12, 17, 14, 13, 2, 16, 18, 16, 16, 13, 2, 16, 18, 7, 8, 13, 5, 2, 2, 4, 17, 18, 12, 8, 16, 16, 12, 8, 4, 12, 8, 12, 16, 8, 8, 19, 19, 16, 8, 19, 20, 20, 19, 7, 13, 6, 19, 7, 16, 13, 6, 19, 8, 6, 13, 6, 7, 7, 6, 19, 7, 16, 7, 8, 13, 19, 18, 13, 6, 6, 6, 6, 6, 7, 7]
bestever    1850    in generation 1484
[3, 3, 15, 14, 5, 3, 3, 15, 11, 3, 14, 14, 10, 5, 11, 11, 2, 2, 3, 15, 14, 14, 10, 1, 4, 5, 9, 13, 10, 11, 4, 3, 11, 9, 1, 15, 20, 15, 14, 7, 15, 4, 5, 5, 10, 15, 11, 15, 11, 14, 20, 9, 1, 14, 5, 4, 10, 10, 15, 11, 11, 20, 1, 3, 15, 20, 5, 1, 8, 10, 4, 10, 12, 20, 11, 1, 20, 9, 1, 1, 9, 20, 1, 1, 4, 12, 3, 14, 2, 4, 9, 3, 2, 20, 13, 5, 2, 4, 10, 18, 12, 18, 12, 18, 17, 9, 17, 18, 17, 17, 18, 17, 9, 17, 18, 17, 2, 9, 10, 9, 12, 7, 5, 17, 12, 17, 14, 13, 2, 16, 18, 16, 16, 13, 2, 16, 18, 7, 8, 13, 5, 2, 2, 4, 17, 18, 12, 8, 16, 12, 8, 4, 12, 8, 12, 16, 8, 19, 19, 16, 8, 19, 19, 16, 8, 19, 20, 20, 19, 7, 13, 6, 19, 16, 13, 6, 19, 8, 6, 13, 7, 7, 19, 7, 16, 7, 8, 13, 19, 6, 6, 18, 13, 6, 6, 6, 6, 6, 7, 7]
bestever    1842    in generation 1634
[3, 3, 15, 14, 5, 3, 3, 15, 11, 3, 14, 14, 10, 5, 11, 11, 2, 2, 3, 15, 14, 14, 10, 1, 11, 9, 1, 15, 20, 15, 14, 7, 15, 4, 5, 5, 10, 15, 11, 15, 11, 14, 20, 9, 1, 4, 5, 9, 13, 10, 11, 4, 3, 14, 5, 4, 10, 10, 15, 11, 11, 20, 1, 3, 15, 20, 5, 1, 8, 10, 4, 10, 12, 20, 11, 1, 20, 9, 1, 1, 9, 20, 1, 1, 4, 12, 3, 14, 2, 4, 9, 3, 2, 20, 13, 5, 2, 4, 10, 18, 12, 18, 12, 18, 17, 9, 17, 18, 17, 17, 18, 17, 9, 17, 18, 17, 2, 9, 10, 9, 12, 7, 5, 17, 12, 17, 14, 13, 2, 16, 18, 16, 16, 13, 2, 16, 18, 7, 8, 13, 5, 2, 2, 4, 17, 18, 12, 8, 16, 12, 8, 4, 12, 8, 12, 16, 8, 19, 19, 16, 8, 19, 19, 16, 8, 19, 20, 20, 19, 7, 13, 6, 19, 16, 13, 6, 19, 8, 6, 7, 7, 19, 7, 16, 13, 7, 8, 13, 19, 6, 6, 18, 13, 6, 6, 6, 6, 6, 7, 7]
bestever    1836    in generation 1688
[3, 3, 15, 14, 5, 3, 3, 15, 11, 3, 14, 14, 10, 5, 11, 11, 2, 2, 3, 15, 14, 14, 10, 1, 11, 9, 1, 15, 20, 15, 14, 15, 4, 5, 5, 10, 15, 11, 15, 11, 14, 20, 9, 1, 4, 5, 9, 13, 10, 11, 4, 3, 14, 5, 4, 10, 10, 15, 11, 11, 20, 1, 3, 15, 20, 5, 1, 8, 10, 4, 10, 12, 20, 11, 1, 20, 9, 1, 1, 9, 20, 1, 1, 4, 12, 3, 14, 2, 4, 9, 3, 2, 20, 13, 5, 2, 4, 10, 18, 12, 18, 12, 18, 17, 9, 17, 18, 17, 17, 18, 17, 9, 17, 18, 17, 2, 9, 10, 9, 12, 5, 17, 12, 17, 14, 13, 2, 16, 18, 16, 7, 7, 16, 13, 2, 16, 18, 7, 8, 13, 5, 2, 2, 4, 17, 18, 12, 8, 16, 12, 8, 4, 12, 8, 12, 16, 8, 19, 19, 16, 8, 19, 19, 16, 8, 19, 20, 20, 19, 7, 13, 6, 19, 16, 13, 6, 19, 8, 6, 7, 7, 19, 7, 16, 13, 7, 8, 13, 19, 6, 6, 18, 13, 6, 6, 6, 6, 6, 7, 7]
bestever    1835    in generation 1825
[3, 3, 15, 14, 5, 3, 3, 15, 11, 3, 14, 14, 10, 5, 11, 11, 2, 2, 3, 15, 14, 14, 10, 1, 11, 9, 1, 15, 20, 15, 14, 15, 4, 5, 5, 10, 15, 11, 15, 5, 4, 10, 10, 11, 14, 20, 9, 1, 4, 5, 9, 13, 10, 11, 4, 3, 14, 15, 11, 11, 20, 1, 3, 15, 20, 5, 1, 8, 10, 4, 10, 12, 20, 11, 1, 20, 9, 1, 1, 9, 20, 1, 1, 4, 12, 3, 14, 2, 4, 9, 3, 2, 20, 13, 5, 2, 4, 10, 18, 12, 18, 12, 18, 17, 9, 17, 18, 17, 17, 18, 17, 9, 17, 18, 17, 2, 9, 10, 9, 12, 5, 17, 12, 17, 14, 13, 2, 16, 18, 16, 7, 7, 16, 13, 2, 16, 18, 7, 8, 13, 5, 2, 2, 4, 17, 18, 12, 8, 16, 12, 8, 4, 12, 8, 12, 16, 8, 19, 19, 16, 8, 19, 19, 16, 8, 19, 20, 20, 19, 13, 19, 16, 13, 19, 8, 7, 7, 6, 6, 6, 7, 19, 16, 13, 7, 8, 13, 19, 7, 18, 13, 6, 6, 6, 6, 6, 6, 6, 7, 7]
bestever    1831    in generation 1874
[3, 3, 15, 14, 5, 3, 3, 15, 11, 3, 14, 14, 10, 5, 11, 11, 2, 2, 3, 15, 14, 14, 10, 1, 11, 9, 1, 15, 20, 15, 14, 15, 4, 5, 5, 10, 15, 11, 15, 5, 4, 10, 10, 11, 14, 2, 9, 1, 4, 5, 9, 13, 10, 11, 4, 3, 14, 15, 11, 11, 20, 1, 3, 15, 20, 5, 1, 8, 10, 4, 10, 12, 20, 11, 1, 20, 9, 1, 1, 9, 20, 1, 1, 4, 3, 14, 20, 4, 9, 3, 2, 20, 13, 2, 4, 10, 18, 12, 18, 12, 18, 17, 9, 17, 18, 17, 17, 18, 17, 9, 17, 18, 2, 9, 10, 9, 12, 5, 12, 17, 5, 17, 12, 17, 14, 13, 2, 16, 18, 16, 7, 7, 16, 13, 2, 16, 18, 7, 8, 13, 5, 2, 2, 4, 17, 18, 12, 8, 16, 12, 8, 4, 12, 8, 12, 16, 8, 19, 19, 16, 8, 19, 19, 16, 8, 19, 20, 20, 19, 13, 19, 16, 13, 19, 8, 7, 7, 6, 6, 6, 7, 19, 16, 13, 7, 8, 13, 19, 7, 18, 13, 6, 6, 6, 6, 6, 6, 6, 7, 7]
bestever    1823    in generation 2041
[3, 3, 14, 15, 14, 5, 3, 3, 15, 11, 3, 14, 14, 10, 5, 11, 11, 2, 2, 3, 15, 14, 14, 10, 1, 11, 15, 1, 9, 20, 15, 14, 15, 4, 5, 5, 10, 15, 11, 15, 5, 4, 10, 10, 11, 14, 2, 9, 1, 4, 5, 9, 13, 10, 11, 4, 3, 14, 15, 11, 11, 20, 1, 3, 17, 20, 5, 1, 8, 10, 4, 10, 12, 20, 11, 1, 20, 9, 1, 1, 9, 20, 1, 1, 4, 3, 14, 20, 4, 9, 3, 2, 20, 13, 2, 4, 10, 18, 12, 18, 12, 18, 17, 9, 17, 18, 15, 17, 18, 17, 9, 17, 18, 2, 9, 10, 9, 12, 5, 12, 17, 5, 17, 4, 17, 13, 2, 16, 18, 16, 7, 7, 16, 13, 2, 16, 18, 7, 8, 13, 5, 2, 2, 4, 17, 18, 12, 8, 16, 12, 8, 12, 12, 8, 12, 16, 8, 19, 19, 16, 8, 19, 19, 16, 8, 19, 20, 20, 19, 13, 19, 16, 13, 19, 8, 7, 7, 6, 6, 6, 7, 19, 16, 13, 7, 8, 13, 19, 7, 18, 13, 6, 6, 6, 6, 6, 6, 6, 7, 7]
bestever    1811    in generation 2084
[3, 3, 14, 15, 14, 5, 3, 3, 15, 11, 3, 14, 14, 10, 5, 11, 11, 2, 2, 3, 15, 14, 14, 10, 1, 11, 15, 1, 9, 20, 15, 14, 15, 4, 5, 5, 10, 15, 11, 15, 5, 4, 10, 10, 11, 14, 2, 9, 1, 4, 5, 9, 13, 10, 11, 4, 3, 14, 15, 11, 11, 20, 1, 3, 17, 20, 5, 1, 8, 10, 4, 10, 12, 9, 11, 1, 20, 9, 1, 1, 9, 20, 1, 1, 4, 3, 14, 20, 4, 9, 3, 2, 20, 13, 2, 4, 10, 18, 12, 18, 12, 18, 17, 9, 17, 18, 15, 17, 18, 17, 9, 17, 18, 2, 20, 10, 9, 12, 5, 12, 17, 5, 8, 4, 17, 13, 2, 16, 18, 16, 7, 7, 16, 13, 2, 16, 18, 7, 8, 13, 5, 2, 2, 4, 17, 18, 12, 8, 16, 12, 8, 12, 12, 8, 12, 16, 17, 19, 19, 16, 8, 19, 19, 16, 8, 19, 20, 20, 19, 13, 19, 16, 13, 19, 8, 7, 7, 6, 6, 6, 7, 19, 16, 13, 7, 8, 13, 19, 7, 18, 13, 6, 6, 6, 6, 6, 6, 6, 7, 7]
bestever    1808    in generation 2222
[3, 3, 14, 15, 14, 5, 3, 3, 15, 11, 3, 14, 14, 10, 5, 11, 11, 2, 2, 3, 15, 14, 14, 10, 1, 11, 15, 1, 9, 20, 15, 14, 15, 4, 5, 5, 10, 15, 11, 15, 5, 4, 10, 10, 11, 14, 2, 9, 1, 4, 5, 9, 13, 10, 11, 4, 3, 14, 15, 11, 11, 14, 20, 1, 3, 17, 20, 5, 1, 8, 10, 4, 10, 12, 9, 11, 1, 20, 9, 1, 1, 9, 20, 1, 1, 4, 9, 20, 4, 9, 3, 2, 20, 13, 2, 4, 10, 18, 12, 18, 12, 18, 17, 3, 17, 18, 15, 17, 18, 17, 9, 17, 18, 2, 20, 10, 9, 12, 5, 12, 17, 5, 8, 4, 17, 13, 2, 16, 18, 16, 7, 7, 16, 13, 2, 16, 18, 7, 8, 13, 5, 2, 2, 4, 17, 18, 12, 8, 16, 12, 8, 12, 12, 8, 12, 16, 17, 19, 19, 16, 8, 19, 19, 16, 8, 19, 20, 20, 19, 13, 19, 16, 13, 19, 8, 7, 6, 19, 16, 13, 7, 8, 13, 19, 18, 13, 6, 6, 6, 7, 7, 6, 6, 6, 6, 6, 6, 7, 7, 7]
bestever    1790    in generation 2361
[3, 3, 14, 15, 14, 5, 3, 3, 15, 11, 3, 14, 14, 10, 5, 11, 11, 2, 2, 3, 15, 10, 14, 10, 1, 11, 15, 1, 9, 20, 15, 14, 15, 4, 5, 5, 10, 15, 11, 15, 5, 4, 14, 10, 11, 14, 2, 9, 1, 4, 5, 9, 13, 10, 11, 4, 3, 14, 15, 11, 11, 14, 20, 1, 3, 17, 20, 5, 1, 8, 10, 4, 10, 12, 9, 11, 1, 20, 9, 1, 1, 9, 20, 1, 1, 4, 9, 4, 9, 3, 2, 20, 13, 2, 4, 10, 18, 12, 18, 12, 18, 17, 3, 17, 18, 15, 17, 18, 17, 9, 17, 18, 2, 20, 20, 10, 9, 12, 5, 12, 17, 5, 8, 4, 17, 13, 2, 16, 18, 16, 7, 16, 13, 2, 16, 18, 8, 13, 5, 2, 2, 4, 17, 18, 12, 7, 7, 18, 16, 12, 8, 12, 12, 8, 12, 16, 17, 19, 19, 16, 8, 19, 19, 16, 8, 19, 20, 20, 19, 13, 19, 16, 13, 19, 8, 7, 6, 19, 16, 13, 7, 8, 13, 19, 8, 13, 6, 6, 6, 7, 7, 6, 6, 6, 6, 6, 6, 7, 7, 7]
bestever    1774    in generation 2449
[3, 3, 15, 14, 14, 5, 3, 3, 15, 11, 3, 14, 14, 10, 5, 11, 11, 2, 2, 3, 15, 10, 14, 10, 1, 11, 15, 1, 9, 20, 15, 14, 15, 4, 5, 5, 10, 15, 11, 15, 5, 4, 14, 10, 11, 14, 2, 9, 1, 4, 5, 9, 13, 10, 11, 4, 3, 14, 15, 11, 11, 14, 20, 1, 3, 17, 20, 5, 1, 8, 10, 4, 10, 12, 9, 11, 1, 20, 9, 1, 1, 9, 20, 1, 1, 4, 9, 4, 9, 3, 2, 20, 13, 2, 4, 10, 18, 12, 18, 12, 18, 17, 3, 17, 18, 15, 17, 18, 17, 9, 17, 18, 2, 20, 20, 10, 9, 12, 5, 12, 17, 5, 8, 4, 17, 13, 2, 16, 18, 16, 7, 16, 20, 2, 16, 18, 8, 13, 5, 2, 2, 4, 17, 18, 12, 7, 7, 18, 16, 12, 8, 12, 12, 8, 12, 16, 17, 19, 19, 16, 8, 19, 19, 16, 8, 19, 13, 20, 19, 13, 19, 16, 13, 19, 8, 7, 6, 19, 16, 13, 7, 8, 13, 19, 8, 13, 6, 6, 6, 7, 7, 6, 6, 6, 6, 6, 6, 7, 7, 7]
bestever    1768    in generation 2604
[3, 3, 15, 14, 14, 5, 3, 3, 15, 11, 3, 14, 15, 10, 5, 11, 11, 2, 2, 3, 15, 10, 14, 10, 1, 11, 15, 1, 9, 20, 15, 14, 15, 4, 5, 5, 10, 15, 11, 15, 5, 4, 14, 10, 11, 14, 2, 9, 1, 4, 4, 5, 9, 13, 10, 11, 3, 14, 15, 11, 11, 14, 20, 1, 3, 17, 20, 5, 1, 8, 10, 4, 10, 12, 9, 11, 1, 20, 9, 1, 1, 9, 20, 1, 9, 4, 1, 4, 9, 3, 2, 20, 13, 2, 4, 10, 18, 12, 18, 12, 18, 17, 3, 17, 18, 14, 17, 18, 17, 9, 17, 18, 2, 20, 20, 10, 9, 12, 5, 12, 17, 5, 8, 4, 17, 13, 2, 16, 18, 16, 7, 16, 20, 2, 16, 18, 8, 13, 5, 2, 2, 4, 17, 18, 12, 7, 7, 18, 16, 12, 8, 12, 12, 8, 12, 16, 17, 19, 19, 16, 8, 19, 19, 16, 8, 19, 13, 20, 19, 13, 19, 16, 13, 19, 8, 7, 6, 19, 16, 13, 7, 8, 13, 19, 8, 13, 6, 6, 6, 7, 7, 6, 6, 6, 6, 6, 6, 7, 7, 7]
bestever    1767    in generation 2817
[3, 3, 15, 14, 14, 5, 3, 3, 15, 11, 3, 14, 15, 10, 5, 11, 11, 2, 2, 3, 15, 10, 14, 10, 1, 11, 15, 1, 9, 20, 15, 14, 15, 4, 5, 15, 10, 15, 11, 15, 5, 4, 14, 10, 11, 14, 2, 9, 1, 4, 4, 5, 9, 8, 10, 11, 3, 14, 5, 11, 11, 14, 20, 1, 3, 17, 20, 5, 1, 8, 10, 4, 10, 12, 9, 11, 1, 20, 9, 1, 1, 9, 20, 1, 9, 4, 1, 4, 9, 3, 2, 20, 13, 2, 4, 10, 18, 12, 18, 12, 18, 17, 3, 17, 18, 14, 17, 18, 17, 9, 17, 18, 2, 20, 20, 10, 9, 12, 5, 12, 17, 5, 8, 4, 17, 19, 2, 16, 18, 16, 7, 16, 20, 2, 16, 18, 5, 2, 2, 4, 17, 18, 12, 18, 16, 12, 8, 12, 12, 8, 12, 16, 17, 19, 19, 16, 19, 19, 8, 20, 7, 19, 13, 19, 16, 13, 13, 8, 13, 19, 16, 13, 13, 8, 6, 19, 16, 7, 7, 13, 7, 8, 13, 19, 8, 13, 6, 6, 6, 7, 7, 6, 6, 6, 6, 6, 6, 7, 7, 7]
bestever    1763    in generation 2936
[3, 3, 15, 14, 14, 5, 3, 3, 15, 11, 3, 14, 15, 10, 5, 11, 11, 2, 2, 3, 5, 15, 10, 14, 10, 1, 11, 15, 1, 9, 20, 15, 14, 15, 4, 5, 15, 10, 15, 11, 15, 5, 4, 14, 10, 11, 14, 2, 9, 1, 4, 4, 5, 9, 8, 10, 11, 3, 14, 5, 11, 11, 14, 20, 1, 3, 17, 20, 5, 1, 8, 10, 4, 10, 12, 9, 11, 1, 20, 9, 1, 1, 9, 20, 1, 9, 4, 1, 4, 9, 3, 2, 20, 13, 2, 4, 10, 18, 12, 18, 12, 18, 17, 3, 17, 18, 14, 17, 18, 17, 9, 17, 18, 2, 20, 20, 10, 9, 12, 5, 12, 17, 8, 4, 17, 19, 2, 16, 18, 16, 7, 16, 20, 2, 16, 18, 5, 2, 2, 4, 17, 18, 12, 18, 16, 12, 8, 12, 12, 8, 12, 16, 17, 19, 19, 16, 19, 19, 8, 20, 7, 19, 13, 19, 16, 13, 13, 8, 13, 19, 16, 13, 13, 8, 6, 19, 16, 7, 7, 13, 7, 8, 13, 19, 8, 13, 6, 6, 6, 7, 7, 6, 6, 6, 6, 6, 6, 7, 7, 7]
bestever    1757    in generation 2941
[3, 3, 15, 14, 14, 5, 3, 3, 15, 11, 3, 14, 15, 10, 5, 11, 11, 2, 2, 3, 5, 15, 10, 14, 10, 1, 11, 15, 1, 9, 20, 15, 14, 15, 4, 5, 15, 10, 15, 11, 15, 5, 4, 14, 10, 11, 14, 2, 9, 1, 4, 4, 5, 9, 8, 10, 11, 3, 14, 5, 11, 11, 14, 20, 1, 3, 17, 20, 5, 1, 8, 10, 4, 10, 12, 9, 11, 1, 20, 9, 1, 1, 9, 20, 1, 9, 4, 1, 4, 9, 3, 2, 20, 2, 4, 10, 18, 12, 18, 12, 18, 17, 3, 17, 18, 14, 17, 18, 17, 9, 17, 18, 2, 20, 20, 10, 9, 12, 5, 12, 17, 8, 4, 17, 19, 2, 16, 18, 16, 7, 16, 20, 2, 16, 18, 5, 2, 2, 4, 17, 18, 12, 18, 16, 12, 8, 12, 12, 8, 12, 16, 17, 19, 19, 16, 19, 19, 8, 20, 7, 19, 13, 13, 8, 13, 19, 16, 13, 13, 19, 16, 13, 13, 8, 6, 19, 16, 7, 7, 13, 7, 8, 13, 19, 8, 13, 6, 6, 6, 7, 7, 6, 6, 6, 6, 6, 6, 7, 7, 7]
bestever    1756    in generation 3013
[3, 3, 15, 14, 14, 5, 3, 3, 15, 11, 3, 14, 15, 10, 5, 11, 11, 2, 2, 3, 5, 15, 10, 14, 10, 1, 11, 15, 1, 9, 20, 15, 14, 15, 4, 5, 15, 10, 15, 11, 15, 5, 14, 10, 11, 14, 2, 9, 1, 4, 4, 5, 9, 8, 10, 11, 3, 14, 5, 11, 11, 14, 20, 1, 3, 17, 20, 5, 1, 8, 10, 4, 10, 12, 9, 11, 1, 20, 9, 1, 1, 9, 20, 9, 4, 4, 1, 1, 4, 9, 3, 2, 20, 2, 4, 10, 18, 12, 18, 12, 18, 17, 10, 17, 18, 14, 17, 18, 17, 9, 17, 18, 2, 20, 20, 3, 9, 12, 5, 12, 17, 8, 4, 17, 19, 2, 16, 18, 16, 7, 16, 20, 2, 16, 18, 5, 2, 2, 4, 17, 18, 12, 18, 16, 12, 8, 12, 12, 8, 12, 16, 17, 19, 19, 16, 19, 19, 8, 20, 7, 19, 13, 13, 8, 13, 19, 16, 13, 13, 19, 16, 13, 13, 8, 6, 19, 16, 7, 13, 8, 13, 7, 7, 19, 8, 13, 6, 6, 6, 7, 7, 6, 6, 6, 6, 6, 6, 7, 7, 7]
bestever    1753    in generation 4952
[3, 3, 15, 14, 14, 5, 3, 3, 15, 12, 11, 3, 14, 15, 10, 5, 11, 11, 2, 2, 3, 5, 15, 10, 14, 10, 1, 11, 15, 1, 9, 20, 15, 14, 15, 4, 3, 5, 15, 10, 15, 11, 2, 5, 14, 10, 11, 14, 2, 8, 9, 1, 4, 4, 5, 9, 10, 11, 14, 5, 11, 11, 14, 20, 1, 3, 17, 1, 5, 20, 10, 4, 10, 14, 9, 11, 1, 20, 9, 1, 1, 9, 9, 4, 3, 4, 1, 20, 8, 4, 9, 2, 20, 15, 4, 10, 18, 12, 18, 4, 18, 17, 10, 17, 18, 12, 17, 18, 2, 9, 17, 1, 20, 18, 2, 20, 3, 9, 5, 12, 17, 8, 4, 17, 2, 2, 18, 16, 6, 17, 2, 18, 5, 16, 17, 12, 20, 18, 12, 18, 16, 12, 8, 16, 16, 12, 12, 12, 16, 17, 16, 19, 19, 8, 19, 19, 7, 7, 8, 20, 19, 19, 13, 13, 13, 16, 13, 19, 16, 19, 8, 13, 13, 8, 19, 13, 16, 13, 8, 13, 6, 7, 19, 8, 6, 6, 6, 6, 6, 6, 6, 7, 7, 7, 7, 6, 7, 13, 7, 7]
bestever    1746    in generation 5100
[3, 14, 3, 15, 14, 14, 5, 3, 3, 15, 12, 11, 3, 14, 15, 10, 5, 11, 11, 2, 2, 3, 5, 15, 10, 10, 1, 11, 15, 1, 9, 20, 15, 14, 15, 4, 3, 5, 15, 10, 15, 11, 2, 5, 14, 10, 11, 14, 2, 8, 9, 1, 4, 4, 5, 9, 10, 11, 14, 5, 11, 11, 14, 20, 1, 3, 17, 1, 5, 20, 10, 4, 10, 14, 9, 11, 1, 20, 9, 1, 1, 9, 9, 4, 3, 4, 1, 20, 8, 4, 9, 2, 20, 15, 4, 10, 18, 12, 18, 4, 18, 17, 10, 17, 18, 12, 17, 18, 2, 9, 17, 1, 20, 12, 2, 20, 3, 9, 5, 12, 17, 8, 4, 17, 2, 2, 18, 16, 6, 17, 2, 18, 5, 16, 17, 12, 20, 18, 12, 18, 16, 18, 8, 16, 16, 12, 12, 12, 16, 17, 16, 19, 19, 8, 19, 19, 7, 7, 8, 20, 19, 19, 13, 13, 13, 16, 13, 19, 16, 19, 8, 13, 13, 8, 19, 13, 16, 13, 8, 13, 6, 7, 19, 8, 6, 6, 6, 6, 6, 6, 6, 7, 7, 7, 7, 6, 7, 13, 7, 7]
bestever    1745    in generation 5114
[3, 14, 3, 15, 14, 14, 5, 3, 3, 15, 12, 11, 3, 14, 15, 10, 5, 11, 11, 2, 2, 3, 5, 15, 10, 10, 1, 11, 15, 1, 9, 20, 15, 14, 15, 4, 3, 5, 15, 10, 15, 11, 2, 5, 14, 10, 11, 14, 2, 8, 9, 1, 4, 4, 5, 9, 10, 11, 14, 5, 11, 11, 14, 20, 1, 3, 17, 1, 5, 20, 10, 4, 10, 14, 9, 11, 1, 20, 9, 1, 1, 9, 9, 4, 3, 4, 1, 20, 8, 4, 9, 2, 20, 15, 4, 10, 18, 12, 18, 4, 18, 17, 10, 17, 18, 12, 17, 18, 2, 9, 17, 1, 20, 12, 2, 20, 3, 9, 5, 12, 17, 8, 4, 17, 2, 2, 18, 16, 6, 17, 2, 18, 5, 16, 17, 12, 20, 18, 12, 18, 16, 18, 8, 16, 16, 12, 12, 12, 16, 17, 16, 19, 19, 8, 19, 19, 8, 20, 19, 19, 13, 13, 16, 13, 7, 7, 13, 19, 16, 19, 8, 13, 13, 8, 19, 13, 16, 13, 8, 13, 6, 7, 19, 8, 6, 6, 6, 6, 6, 6, 6, 7, 7, 7, 7, 6, 7, 13, 7, 7]
bestever    1737    in generation 5200
[3, 14, 3, 15, 14, 11, 5, 3, 3, 15, 12, 11, 3, 14, 15, 10, 5, 11, 14, 2, 2, 3, 5, 15, 10, 10, 1, 11, 15, 1, 9, 20, 15, 14, 15, 4, 3, 5, 15, 10, 15, 11, 2, 5, 14, 10, 11, 14, 2, 8, 9, 1, 4, 4, 5, 9, 10, 11, 14, 5, 11, 11, 14, 20, 1, 3, 17, 1, 5, 20, 10, 4, 10, 14, 9, 11, 1, 20, 9, 1, 1, 9, 9, 4, 3, 4, 1, 20, 8, 4, 9, 2, 20, 15, 4, 10, 18, 12, 18, 4, 18, 17, 10, 17, 18, 12, 17, 18, 2, 9, 17, 1, 20, 12, 2, 20, 3, 9, 5, 12, 17, 8, 4, 17, 2, 2, 18, 16, 6, 17, 2, 18, 5, 16, 17, 12, 20, 18, 12, 18, 16, 18, 8, 16, 16, 12, 12, 12, 16, 17, 16, 19, 19, 8, 19, 19, 8, 20, 19, 19, 13, 13, 16, 13, 7, 7, 13, 19, 16, 19, 8, 13, 13, 8, 19, 13, 16, 13, 8, 13, 6, 7, 19, 8, 6, 6, 6, 6, 6, 6, 6, 7, 7, 7, 7, 6, 7, 13, 7, 7]
bestever    1734    in generation 5247
[3, 14, 3, 15, 14, 11, 5, 3, 3, 15, 12, 11, 3, 14, 15, 10, 5, 11, 14, 2, 2, 3, 5, 15, 10, 10, 1, 11, 15, 1, 9, 20, 15, 14, 15, 4, 3, 5, 15, 10, 15, 11, 2, 5, 14, 10, 11, 14, 2, 8, 9, 1, 4, 4, 5, 9, 10, 11, 14, 5, 11, 11, 14, 20, 1, 3, 17, 1, 5, 20, 10, 4, 10, 14, 9, 11, 1, 20, 9, 1, 1, 9, 9, 4, 3, 4, 1, 20, 8, 4, 9, 2, 20, 15, 4, 10, 18, 12, 18, 4, 18, 17, 10, 17, 18, 12, 17, 18, 2, 9, 17, 1, 20, 12, 2, 20, 3, 9, 5, 12, 17, 8, 4, 17, 2, 2, 18, 16, 17, 2, 18, 5, 16, 17, 12, 20, 18, 12, 18, 16, 18, 8, 16, 16, 12, 12, 12, 16, 17, 16, 19, 19, 8, 19, 19, 8, 20, 19, 19, 13, 13, 16, 13, 7, 7, 13, 19, 16, 19, 8, 13, 13, 8, 19, 13, 16, 13, 8, 13, 7, 19, 8, 6, 6, 6, 6, 6, 6, 6, 6, 6, 7, 7, 7, 7, 6, 7, 13, 7, 7]
bestever    1731    in generation 5396
[3, 14, 14, 3, 15, 14, 11, 5, 3, 3, 15, 12, 11, 3, 14, 15, 10, 5, 11, 14, 2, 2, 3, 5, 15, 10, 10, 1, 11, 15, 1, 9, 20, 15, 14, 15, 4, 3, 5, 15, 10, 15, 11, 2, 5, 14, 10, 11, 2, 8, 9, 1, 4, 4, 5, 9, 10, 11, 14, 5, 11, 11, 14, 20, 1, 3, 17, 1, 5, 20, 10, 4, 10, 14, 9, 11, 1, 20, 9, 1, 1, 9, 9, 4, 3, 4, 1, 20, 8, 4, 9, 2, 20, 15, 4, 10, 18, 12, 18, 4, 18, 17, 10, 17, 18, 12, 17, 18, 2, 9, 17, 1, 20, 12, 2, 20, 3, 9, 5, 12, 17, 8, 4, 17, 2, 2, 18, 16, 17, 2, 18, 5, 16, 17, 12, 20, 18, 12, 18, 16, 18, 8, 16, 16, 12, 12, 12, 16, 17, 16, 19, 19, 8, 19, 19, 8, 20, 19, 19, 13, 13, 16, 13, 13, 19, 16, 19, 8, 13, 13, 8, 19, 13, 16, 13, 8, 13, 19, 8, 6, 6, 7, 7, 7, 6, 6, 6, 6, 6, 6, 6, 7, 7, 7, 7, 6, 7, 13, 7, 7]
bestever    1729    in generation 5585
[3, 14, 14, 3, 15, 14, 11, 5, 3, 3, 15, 11, 3, 14, 15, 10, 5, 11, 14, 2, 2, 3, 5, 15, 10, 10, 1, 11, 15, 1, 9, 20, 15, 14, 15, 4, 3, 5, 15, 10, 15, 11, 2, 5, 14, 10, 11, 2, 8, 9, 1, 4, 4, 5, 9, 10, 11, 14, 5, 11, 11, 14, 20, 1, 3, 17, 1, 5, 20, 10, 4, 10, 14, 9, 11, 1, 20, 9, 1, 1, 9, 9, 4, 3, 4, 1, 20, 8, 4, 9, 2, 20, 15, 4, 10, 18, 18, 4, 18, 17, 10, 17, 18, 12, 17, 18, 2, 9, 17, 1, 20, 12, 2, 3, 9, 5, 12, 17, 8, 4, 2, 2, 16, 2, 18, 5, 16, 17, 12, 20, 18, 17, 12, 17, 12, 20, 18, 12, 18, 16, 18, 8, 16, 16, 12, 12, 12, 16, 17, 16, 19, 19, 19, 19, 20, 19, 19, 13, 13, 16, 8, 13, 19, 19, 8, 13, 16, 13, 8, 13, 8, 19, 13, 16, 13, 8, 13, 19, 8, 6, 6, 7, 7, 7, 6, 6, 6, 6, 6, 6, 6, 7, 7, 7, 7, 6, 7, 13, 7, 7]
bestever    1718    in generation 5599
[14, 3, 15, 14, 3, 14, 11, 5, 3, 3, 15, 11, 3, 14, 15, 10, 5, 11, 14, 2, 2, 3, 5, 15, 10, 10, 1, 11, 15, 1, 9, 20, 15, 14, 15, 4, 3, 5, 15, 10, 15, 11, 2, 5, 14, 10, 11, 2, 8, 9, 1, 4, 4, 5, 9, 10, 11, 14, 5, 11, 11, 14, 20, 1, 3, 17, 1, 5, 20, 10, 4, 10, 14, 9, 11, 1, 20, 9, 1, 1, 9, 9, 4, 3, 4, 1, 20, 8, 4, 9, 2, 20, 15, 4, 10, 18, 18, 4, 18, 17, 10, 17, 18, 12, 17, 18, 2, 9, 17, 1, 20, 12, 2, 3, 9, 5, 12, 17, 8, 4, 2, 2, 16, 2, 18, 5, 16, 17, 12, 20, 18, 17, 12, 17, 12, 20, 18, 12, 18, 16, 18, 8, 16, 16, 12, 12, 12, 16, 17, 16, 19, 19, 19, 19, 20, 19, 19, 13, 13, 16, 8, 13, 19, 19, 8, 13, 16, 13, 8, 13, 8, 19, 13, 16, 13, 8, 13, 19, 8, 6, 6, 7, 7, 7, 6, 6, 6, 6, 6, 6, 6, 7, 7, 7, 7, 6, 7, 13, 7, 7]
bestever    1705    in generation 5673
[14, 3, 15, 14, 3, 14, 11, 5, 3, 3, 15, 11, 3, 14, 15, 10, 5, 11, 14, 2, 2, 3, 5, 15, 10, 10, 1, 11, 15, 1, 9, 20, 15, 14, 15, 4, 3, 5, 15, 10, 15, 11, 2, 5, 14, 10, 11, 2, 8, 9, 1, 4, 4, 5, 9, 10, 11, 14, 5, 11, 11, 14, 20, 1, 3, 17, 1, 5, 20, 10, 4, 10, 14, 9, 11, 1, 20, 9, 1, 1, 9, 9, 4, 3, 4, 1, 2, 8, 4, 9, 2, 20, 15, 4, 10, 18, 18, 4, 18, 17, 10, 17, 18, 12, 17, 18, 2, 9, 17, 1, 20, 12, 2, 3, 9, 5, 12, 17, 8, 4, 20, 2, 16, 2, 18, 5, 16, 17, 12, 20, 18, 17, 12, 17, 12, 20, 18, 12, 18, 16, 18, 8, 16, 16, 12, 12, 12, 16, 17, 16, 19, 19, 19, 19, 20, 19, 19, 13, 13, 16, 8, 13, 19, 19, 8, 13, 16, 13, 8, 13, 8, 19, 13, 16, 13, 8, 13, 19, 8, 6, 6, 7, 7, 7, 6, 6, 6, 6, 6, 6, 6, 7, 7, 7, 7, 6, 7, 13, 7, 7]
bestever    1698    in generation 5826
[14, 3, 15, 14, 3, 14, 11, 5, 3, 3, 15, 2, 11, 3, 14, 15, 10, 5, 11, 14, 2, 3, 5, 15, 10, 10, 1, 11, 15, 1, 9, 20, 15, 14, 15, 4, 3, 5, 15, 10, 15, 11, 2, 5, 14, 10, 11, 2, 8, 9, 1, 4, 4, 5, 9, 10, 11, 14, 5, 11, 11, 14, 20, 1, 3, 17, 1, 5, 20, 10, 4, 10, 14, 9, 11, 1, 20, 9, 1, 1, 9, 9, 4, 3, 4, 1, 2, 8, 4, 9, 2, 20, 15, 4, 10, 18, 18, 4, 18, 17, 10, 17, 18, 12, 17, 18, 16, 9, 17, 1, 20, 12, 2, 3, 9, 5, 12, 17, 8, 4, 20, 2, 16, 2, 18, 5, 13, 17, 12, 20, 18, 17, 12, 17, 12, 20, 18, 12, 18, 2, 18, 8, 16, 16, 12, 12, 12, 16, 17, 16, 19, 19, 19, 19, 20, 19, 19, 13, 13, 16, 8, 13, 19, 19, 8, 13, 16, 13, 8, 13, 8, 19, 16, 16, 13, 8, 13, 19, 8, 6, 6, 7, 7, 7, 6, 6, 6, 6, 6, 6, 6, 7, 7, 7, 7, 6, 7, 13, 7, 7]
bestever    1693    in generation 5902
[14, 3, 15, 14, 3, 14, 11, 5, 3, 3, 15, 2, 11, 3, 14, 15, 10, 5, 11, 14, 2, 3, 5, 15, 10, 10, 1, 11, 15, 1, 9, 20, 15, 14, 15, 4, 3, 5, 15, 10, 15, 11, 2, 5, 14, 10, 11, 2, 8, 9, 1, 4, 4, 5, 9, 10, 11, 14, 5, 11, 11, 14, 20, 1, 3, 17, 1, 5, 20, 10, 4, 10, 14, 9, 11, 1, 20, 9, 1, 1, 9, 9, 4, 3, 4, 1, 2, 8, 4, 9, 2, 20, 15, 4, 10, 18, 18, 4, 18, 17, 10, 17, 18, 12, 17, 18, 16, 9, 17, 1, 20, 12, 2, 3, 9, 5, 12, 17, 8, 4, 20, 2, 16, 2, 18, 5, 13, 17, 12, 20, 18, 17, 12, 17, 12, 20, 18, 12, 18, 2, 18, 8, 16, 16, 12, 12, 12, 16, 17, 16, 19, 19, 19, 19, 20, 19, 19, 13, 13, 16, 8, 13, 19, 19, 8, 13, 16, 13, 8, 13, 8, 19, 16, 6, 13, 8, 13, 19, 8, 16, 6, 7, 7, 7, 6, 6, 6, 6, 6, 6, 6, 7, 7, 7, 7, 6, 7, 13, 7, 7]
bestever    1687    in generation 5958
[14, 3, 15, 14, 3, 14, 11, 5, 3, 3, 15, 2, 11, 3, 14, 15, 10, 5, 11, 14, 2, 3, 5, 15, 10, 10, 1, 11, 15, 1, 9, 20, 15, 14, 15, 4, 3, 5, 15, 10, 15, 11, 2, 5, 14, 10, 11, 2, 8, 9, 1, 4, 4, 5, 9, 10, 11, 14, 5, 11, 11, 14, 20, 1, 3, 17, 1, 5, 20, 10, 4, 10, 14, 9, 11, 1, 20, 9, 1, 1, 9, 9, 4, 3, 4, 1, 2, 8, 4, 9, 2, 20, 15, 4, 10, 18, 18, 4, 18, 17, 10, 17, 18, 12, 17, 18, 16, 9, 17, 1, 20, 12, 2, 3, 9, 5, 12, 17, 4, 20, 2, 16, 2, 18, 5, 17, 12, 20, 18, 17, 12, 17, 12, 20, 16, 12, 18, 2, 18, 16, 18, 12, 12, 12, 16, 17, 19, 19, 19, 19, 20, 16, 19, 19, 13, 16, 13, 8, 13, 8, 8, 13, 19, 19, 8, 13, 16, 13, 8, 13, 8, 19, 16, 6, 13, 8, 13, 19, 8, 16, 6, 7, 7, 7, 6, 6, 6, 6, 6, 6, 6, 7, 7, 7, 7, 6, 7, 13, 7, 7]
bestever    1684    in generation 7750
[14, 3, 2, 15, 14, 3, 14, 15, 11, 5, 3, 3, 15, 2, 11, 3, 14, 15, 10, 5, 11, 3, 5, 15, 10, 10, 1, 11, 15, 1, 9, 20, 15, 14, 14, 4, 3, 5, 15, 10, 15, 11, 2, 5, 14, 10, 11, 2, 8, 9, 1, 4, 4, 5, 11, 10, 9, 14, 5, 11, 11, 14, 20, 1, 3, 17, 1, 5, 20, 10, 4, 10, 14, 9, 11, 1, 20, 9, 1, 1, 9, 18, 12, 4, 3, 4, 1, 8, 2, 4, 9, 2, 20, 15, 4, 20, 10, 17, 18, 4, 18, 10, 17, 18, 9, 17, 18, 16, 9, 17, 1, 20, 12, 2, 3, 9, 5, 12, 19, 17, 17, 4, 20, 2, 16, 2, 18, 5, 16, 12, 20, 18, 17, 12, 13, 12, 16, 12, 18, 2, 18, 16, 18, 12, 12, 12, 17, 19, 6, 19, 19, 20, 19, 16, 13, 8, 13, 8, 17, 16, 8, 19, 19, 19, 13, 7, 19, 16, 8, 13, 16, 8, 13, 8, 13, 13, 8, 13, 19, 8, 16, 6, 7, 7, 6, 6, 6, 6, 6, 6, 6, 7, 7, 7, 13, 7, 6, 7, 7, 7]
bestever    1682    in generation 8271
[14, 3, 2, 15, 14, 3, 14, 15, 11, 3, 3, 5, 15, 2, 11, 3, 14, 15, 10, 5, 11, 3, 4, 5, 1, 10, 10, 1, 11, 15, 15, 9, 20, 15, 14, 14, 4, 3, 5, 15, 10, 15, 11, 2, 4, 5, 14, 10, 11, 2, 8, 9, 1, 4, 5, 11, 10, 9, 14, 5, 11, 11, 14, 20, 1, 17, 1, 5, 5, 20, 10, 4, 10, 14, 9, 11, 1, 20, 9, 1, 1, 9, 18, 4, 4, 3, 4, 1, 8, 2, 12, 9, 2, 20, 15, 20, 10, 17, 18, 4, 18, 10, 17, 18, 9, 17, 18, 16, 17, 1, 20, 12, 2, 3, 9, 3, 9, 5, 12, 19, 17, 17, 4, 20, 2, 16, 2, 18, 16, 12, 20, 18, 17, 12, 13, 12, 16, 12, 18, 2, 18, 16, 18, 12, 12, 17, 19, 6, 19, 19, 16, 20, 19, 12, 13, 8, 13, 8, 17, 16, 8, 19, 19, 19, 13, 19, 16, 8, 13, 16, 7, 8, 13, 8, 13, 13, 8, 13, 19, 8, 16, 6, 7, 6, 6, 6, 6, 6, 6, 6, 7, 7, 7, 13, 7, 6, 7, 7, 7, 7]
bestever    1681    in generation 8854
[14, 3, 2, 15, 14, 3, 14, 15, 11, 3, 3, 5, 15, 2, 11, 3, 14, 4, 15, 10, 5, 11, 3, 4, 5, 1, 11, 10, 1, 10, 15, 15, 9, 20, 15, 14, 14, 3, 5, 15, 10, 11, 2, 4, 5, 14, 10, 11, 2, 8, 9, 1, 4, 5, 15, 11, 10, 9, 14, 5, 11, 11, 14, 20, 1, 17, 1, 5, 5, 20, 10, 4, 10, 8, 1, 14, 9, 11, 1, 20, 9, 1, 9, 18, 4, 4, 3, 4, 1, 2, 12, 9, 2, 20, 15, 20, 10, 17, 18, 8, 4, 18, 10, 17, 18, 9, 17, 18, 16, 17, 1, 20, 12, 2, 3, 9, 3, 9, 5, 12, 19, 17, 17, 4, 20, 2, 16, 2, 18, 16, 12, 20, 18, 17, 12, 13, 12, 16, 12, 18, 2, 18, 16, 18, 12, 12, 17, 19, 6, 19, 19, 16, 20, 19, 12, 13, 8, 13, 8, 17, 16, 19, 8, 19, 19, 13, 19, 16, 8, 13, 16, 7, 8, 13, 8, 13, 13, 13, 19, 8, 16, 6, 7, 6, 6, 6, 6, 7, 6, 6, 6, 7, 7, 13, 7, 7, 6, 7, 7, 7]
