bestever    3070    in generation 0
[16, 16, 10, 7, 9, 5, 7, 13, 3, 4, 1, 17, 7, 9, 19, 9, 20, 10, 4, 19, 2, 18, 17, 11, 8, 7, 17, 16, 12, 6, 5, 19, 2, 19, 2, 2, 13, 19, 11, 5, 9, 17, 9, 3, 19, 12, 14, 17, 15, 10, 6, 10, 19, 15, 7, 4, 13, 16, 12, 12, 6, 9, 1, 15, 10, 5, 16, 3, 20, 13, 8, 12, 15, 9, 8, 4, 16, 17, 5, 13, 4, 16, 17, 20, 8, 18, 5, 20, 10, 3, 13, 7, 8, 19, 3, 18, 14, 9, 13, 2, 18, 19, 15, 20, 11, 5, 18, 7, 4, 11, 6, 17, 15, 8, 6, 11, 18, 17, 16, 7, 1, 18, 2, 6, 16, 13, 5, 12, 5, 12, 2, 6, 20, 1, 12, 16, 2, 3, 19, 10, 18, 20, 2, 4, 20, 9, 4, 11, 8, 7, 6, 14, 15, 3, 1, 8, 11, 5, 4, 13, 20, 9, 1, 15, 14, 8, 1, 2, 14, 4, 10, 12, 11, 8, 18, 15, 20, 10, 13, 18, 14, 6, 14, 10, 11, 15, 1, 3, 3, 17, 1, 14, 6, 14, 12, 7, 14, 11, 1, 3]
bestever    3020    in generation 6
[1, 5, 1, 11, 3, 13, 14, 14, 9, 3, 15, 8, 5, 13, 5, 20, 15, 20, 14, 18, 14, 14, 5, 14, 3, 11, 8, 11, 9, 1, 6, 4, 10, 15, 11, 7, 7, 3, 8, 2, 4, 10, 5, 18, 15, 3, 20, 13, 8, 9, 8, 17, 5, 4, 16, 17, 18, 5, 20, 10, 3, 13, 7, 8, 19, 3, 14, 9, 13, 2, 19, 20, 5, 7, 4, 11, 17, 15, 8, 11, 18, 17, 16, 7, 1, 18, 4, 10, 15, 2, 6, 16, 13, 12, 12, 2, 6, 20, 1, 12, 16, 2, 18, 7, 4, 11, 6, 17, 15, 8, 6, 11, 18, 17, 16, 7, 1, 18, 4, 6, 10, 15, 2, 6, 16, 13, 5, 12, 5, 12, 2, 6, 20, 1, 12, 16, 2, 3, 19, 10, 18, 20, 2, 4, 20, 19, 8, 11, 20, 19, 19, 13, 9, 1, 15, 15, 16, 17, 1, 4, 18, 11, 19, 3, 6, 19, 9, 6, 14, 7, 4, 16, 19, 13, 16, 10, 12, 8, 12, 10, 7, 3, 1, 14, 9, 13, 12, 7, 9, 17, 2, 17, 17, 14, 9, 10, 12, 19, 10, 9]
bestever    3007    in generation 12
[8, 5, 13, 5, 20, 15, 20, 14, 18, 14, 5, 14, 8, 6, 4, 15, 7, 8, 2, 4, 5, 18, 15, 20, 20, 13, 12, 16, 8, 11, 19, 16, 4, 11, 6, 8, 18, 18, 19, 4, 6, 6, 4, 13, 14, 16, 5, 5, 15, 11, 3, 19, 12, 8, 3, 1, 14, 17, 20, 8, 19, 18, 14, 18, 15, 20, 11, 18, 11, 6, 17, 15, 8, 6, 18, 6, 18, 17, 16, 7, 10, 15, 5, 1, 12, 3, 10, 2, 13, 9, 1, 17, 1, 11, 3, 9, 7, 4, 13, 16, 10, 12, 8, 16, 12, 10, 5, 5, 12, 2, 20, 1, 12, 2, 3, 19, 10, 20, 2, 4, 20, 13, 9, 1, 17, 1, 4, 3, 9, 6, 7, 18, 11, 3, 6, 19, 9, 14, 7, 11, 20, 19, 13, 9, 1, 15, 15, 16, 17, 1, 4, 11, 19, 3, 19, 9, 6, 7, 4, 16, 19, 13, 16, 10, 12, 8, 16, 12, 10, 7, 3, 1, 9, 13, 12, 7, 9, 17, 2, 2, 7, 17, 2, 7, 2, 9, 10, 2, 17, 17, 14, 10, 10, 5, 11, 3, 13, 14, 14, 15]
bestever    2797    in generation 13
[8, 5, 13, 5, 20, 15, 20, 14, 18, 14, 5, 14, 8, 6, 4, 15, 7, 8, 2, 4, 5, 18, 15, 20, 20, 13, 12, 16, 8, 11, 19, 16, 4, 11, 6, 8, 18, 18, 19, 4, 6, 6, 4, 13, 14, 5, 5, 15, 11, 3, 19, 12, 8, 3, 1, 14, 17, 20, 8, 19, 18, 14, 18, 15, 20, 11, 18, 11, 6, 17, 15, 8, 6, 18, 6, 18, 7, 10, 15, 5, 1, 12, 3, 10, 2, 13, 9, 1, 17, 1, 11, 3, 9, 4, 13, 16, 10, 12, 8, 16, 12, 10, 5, 5, 12, 2, 20, 1, 12, 2, 3, 19, 10, 20, 2, 4, 20, 13, 9, 17, 1, 9, 6, 7, 18, 11, 3, 6, 19, 14, 7, 20, 13, 9, 1, 15, 16, 17, 1, 11, 3, 19, 9, 7, 4, 16, 15, 16, 17, 1, 4, 11, 19, 3, 19, 9, 6, 7, 4, 16, 19, 13, 16, 10, 12, 8, 16, 12, 10, 7, 3, 1, 9, 13, 12, 7, 9, 17, 2, 2, 7, 17, 2, 7, 2, 9, 10, 2, 17, 17, 14, 10, 10, 5, 11, 3, 13, 14, 14, 15]
bestever    2755    in generation 15
[8, 5, 13, 5, 20, 15, 20, 14, 18, 14, 5, 14, 8, 6, 4, 15, 7, 8, 2, 4, 5, 18, 15, 20, 20, 13, 12, 16, 8, 11, 19, 16, 4, 11, 6, 8, 18, 18, 19, 4, 6, 6, 4, 14, 5, 5, 15, 11, 3, 19, 12, 8, 1, 17, 20, 8, 19, 18, 18, 20, 15, 3, 14, 13, 14, 11, 18, 11, 6, 17, 15, 8, 6, 18, 6, 18, 7, 10, 15, 5, 1, 12, 3, 10, 2, 13, 9, 1, 17, 1, 11, 3, 9, 4, 13, 16, 10, 12, 8, 16, 12, 10, 5, 5, 12, 2, 20, 1, 12, 2, 3, 19, 10, 20, 2, 4, 20, 13, 9, 17, 1, 9, 6, 7, 18, 11, 3, 6, 19, 14, 7, 20, 13, 9, 1, 15, 16, 17, 1, 11, 3, 19, 9, 7, 4, 16, 15, 16, 17, 1, 4, 11, 19, 3, 19, 9, 6, 7, 4, 16, 19, 13, 16, 10, 12, 8, 16, 12, 10, 7, 3, 1, 9, 13, 12, 7, 9, 17, 2, 2, 7, 17, 2, 7, 2, 9, 10, 2, 17, 17, 14, 10, 10, 5, 11, 3, 13, 14, 14, 15]
bestever    2727    in generation 29
[8, 5, 13, 5, 20, 15, 20, 14, 18, 14, 5, 14, 8, 6, 4, 15, 7, 8, 2, 4, 5, 18, 15, 20, 20, 13, 12, 16, 8, 11, 19, 16, 4, 11, 6, 8, 18, 18, 19, 4, 6, 6, 4, 5, 5, 15, 11, 3, 19, 12, 8, 1, 17, 20, 8, 19, 18, 18, 20, 15, 3, 14, 13, 14, 11, 18, 11, 6, 17, 15, 8, 6, 18, 6, 18, 7, 10, 15, 5, 1, 12, 3, 10, 2, 9, 1, 17, 1, 11, 3, 9, 4, 16, 10, 12, 16, 12, 5, 5, 12, 2, 20, 1, 12, 3, 19, 20, 4, 20, 9, 1, 9, 6, 7, 18, 11, 3, 6, 19, 14, 7, 20, 9, 1, 15, 16, 11, 19, 9, 7, 4, 16, 15, 16, 4, 11, 19, 19, 6, 4, 16, 19, 16, 12, 8, 12, 3, 13, 17, 17, 2, 1, 9, 13, 7, 17, 2, 10, 13, 10, 7, 3, 1, 9, 13, 7, 17, 2, 2, 2, 2, 10, 13, 16, 10, 12, 8, 10, 7, 3, 1, 14, 9, 13, 7, 9, 17, 2, 17, 17, 14, 10, 10, 5, 11, 3, 13, 14, 14, 15]
bestever    2725    in generation 31
[8, 5, 13, 5, 20, 15, 20, 18, 5, 14, 8, 6, 4, 15, 7, 8, 2, 4, 5, 18, 15, 20, 20, 13, 12, 16, 8, 11, 19, 16, 4, 11, 6, 8, 18, 18, 19, 4, 6, 6, 4, 14, 5, 5, 11, 3, 19, 12, 8, 1, 17, 20, 8, 19, 18, 18, 20, 3, 11, 18, 11, 6, 15, 6, 18, 6, 18, 7, 10, 1, 10, 16, 16, 8, 5, 12, 3, 16, 2, 9, 1, 1, 3, 4, 16, 12, 16, 12, 10, 5, 5, 12, 2, 20, 1, 12, 19, 20, 4, 1, 14, 20, 15, 15, 11, 10, 17, 13, 17, 13, 8, 3, 14, 1, 4, 9, 6, 7, 18, 11, 3, 6, 19, 9, 14, 11, 20, 19, 15, 15, 16, 17, 4, 11, 19, 19, 9, 6, 4, 19, 16, 12, 12, 10, 7, 3, 1, 9, 13, 7, 17, 2, 10, 13, 10, 7, 3, 1, 9, 7, 17, 2, 2, 2, 2, 10, 13, 16, 10, 12, 8, 10, 7, 3, 1, 14, 9, 13, 7, 9, 17, 2, 9, 13, 7, 9, 17, 2, 17, 17, 14, 5, 11, 3, 13, 14, 14, 15, 14, 15]
bestever    2684    in generation 34
[8, 5, 13, 5, 20, 15, 20, 18, 5, 14, 8, 6, 4, 15, 7, 8, 2, 4, 5, 18, 15, 20, 20, 13, 12, 16, 8, 11, 19, 16, 4, 11, 6, 8, 18, 18, 19, 4, 6, 6, 4, 14, 5, 5, 11, 3, 19, 12, 8, 1, 17, 20, 8, 19, 18, 18, 20, 3, 11, 18, 11, 6, 15, 6, 11, 6, 18, 7, 10, 1, 10, 16, 16, 8, 5, 12, 3, 16, 2, 9, 1, 1, 3, 4, 16, 12, 16, 12, 10, 5, 5, 12, 2, 20, 1, 12, 19, 20, 4, 1, 14, 20, 15, 15, 11, 10, 17, 13, 17, 13, 8, 3, 14, 1, 4, 9, 6, 7, 18, 18, 3, 6, 19, 9, 14, 11, 20, 19, 15, 15, 16, 17, 4, 11, 19, 19, 9, 6, 4, 19, 16, 12, 12, 10, 7, 3, 1, 9, 13, 7, 17, 2, 10, 13, 10, 7, 3, 1, 9, 7, 17, 2, 2, 2, 2, 10, 13, 16, 10, 12, 8, 10, 7, 3, 1, 14, 9, 13, 7, 9, 17, 2, 9, 13, 7, 9, 17, 2, 17, 17, 14, 5, 11, 3, 13, 14, 14, 15, 14, 15]
bestever    2641    in generation 35
[8, 5, 13, 5, 20, 15, 20, 18, 5, 14, 8, 6, 4, 15, 8, 2, 4, 5, 18, 15, 20, 20, 12, 16, 8, 11, 19, 16, 4, 11, 6, 8, 18, 18, 19, 4, 6, 6, 4, 14, 5, 5, 11, 3, 19, 12, 8, 1, 20, 8, 19, 18, 18, 20, 3, 11, 18, 11, 6, 15, 6, 18, 6, 18, 10, 1, 10, 16, 16, 8, 5, 12, 3, 16, 1, 1, 3, 4, 16, 12, 16, 12, 10, 5, 5, 12, 20, 1, 12, 19, 20, 4, 1, 14, 20, 15, 15, 11, 10, 17, 8, 14, 4, 6, 18, 11, 6, 19, 9, 11, 20, 19, 15, 15, 16, 17, 4, 11, 19, 19, 9, 6, 4, 19, 16, 12, 12, 3, 9, 13, 7, 17, 13, 7, 3, 1, 9, 7, 17, 2, 2, 13, 10, 12, 7, 3, 1, 9, 13, 7, 17, 2, 10, 13, 10, 7, 3, 1, 9, 7, 17, 2, 2, 2, 2, 10, 13, 16, 10, 8, 14, 10, 7, 3, 1, 14, 9, 13, 7, 9, 17, 2, 9, 13, 7, 9, 17, 2, 17, 17, 14, 5, 11, 3, 13, 14, 14, 15, 14, 15]
bestever    2614    in generation 40
[8, 5, 13, 5, 20, 15, 20, 18, 5, 8, 6, 4, 15, 8, 2, 4, 5, 18, 15, 20, 20, 12, 16, 8, 11, 19, 16, 4, 11, 6, 8, 18, 18, 19, 4, 6, 6, 4, 5, 5, 11, 3, 19, 12, 8, 1, 20, 8, 19, 18, 18, 20, 3, 11, 18, 11, 6, 15, 6, 18, 6, 18, 10, 1, 10, 16, 16, 8, 5, 12, 3, 16, 1, 1, 3, 4, 16, 12, 16, 12, 10, 5, 5, 12, 20, 1, 12, 19, 20, 4, 1, 20, 15, 15, 11, 10, 17, 4, 6, 18, 11, 6, 19, 9, 11, 20, 19, 15, 15, 16, 4, 11, 19, 19, 9, 6, 4, 19, 16, 12, 3, 13, 7, 13, 7, 3, 1, 7, 14, 14, 12, 10, 14, 14, 17, 17, 13, 8, 3, 14, 9, 13, 7, 9, 17, 2, 1, 9, 7, 17, 2, 2, 13, 10, 7, 3, 1, 9, 7, 17, 2, 2, 2, 2, 10, 10, 13, 16, 10, 12, 8, 10, 7, 3, 1, 14, 9, 13, 7, 9, 17, 2, 9, 13, 7, 9, 17, 2, 17, 17, 14, 5, 11, 3, 13, 14, 14, 15, 14, 15]
bestever    2581    in generation 41
[8, 5, 5, 20, 15, 20, 18, 5, 8, 6, 4, 15, 8, 4, 5, 18, 15, 20, 20, 12, 16, 8, 11, 19, 16, 4, 11, 6, 8, 18, 18, 19, 4, 6, 6, 4, 5, 5, 11, 3, 19, 12, 8, 1, 20, 8, 19, 18, 18, 20, 3, 11, 18, 11, 6, 15, 6, 18, 6, 18, 10, 1, 10, 16, 16, 8, 5, 12, 3, 16, 9, 1, 1, 3, 4, 16, 12, 16, 12, 10, 5, 5, 12, 20, 1, 12, 19, 20, 4, 1, 20, 15, 15, 11, 10, 4, 9, 6, 18, 11, 6, 19, 11, 20, 19, 15, 15, 16, 4, 11, 19, 19, 6, 4, 19, 16, 12, 12, 14, 14, 8, 14, 9, 3, 14, 17, 2, 13, 17, 13, 7, 17, 13, 7, 3, 1, 9, 7, 17, 2, 2, 13, 10, 12, 7, 3, 1, 9, 13, 7, 17, 2, 10, 13, 10, 7, 3, 1, 9, 7, 17, 2, 2, 2, 2, 10, 13, 16, 10, 8, 14, 10, 7, 3, 1, 14, 9, 13, 7, 9, 17, 2, 9, 13, 7, 9, 17, 2, 17, 17, 14, 5, 11, 3, 13, 14, 14, 15, 14, 15]
bestever    2572    in generation 48
[8, 5, 5, 20, 15, 20, 18, 5, 8, 6, 4, 15, 8, 4, 5, 18, 15, 20, 20, 12, 16, 8, 11, 19, 16, 4, 11, 6, 8, 18, 18, 19, 4, 6, 6, 4, 5, 5, 11, 3, 19, 12, 8, 1, 20, 8, 19, 18, 18, 20, 3, 11, 18, 11, 6, 15, 6, 18, 6, 18, 10, 1, 10, 16, 16, 8, 5, 12, 3, 16, 9, 1, 1, 3, 4, 16, 12, 16, 12, 10, 5, 5, 12, 20, 1, 12, 19, 20, 4, 1, 20, 15, 15, 11, 10, 4, 9, 6, 18, 11, 6, 19, 11, 20, 19, 15, 15, 16, 4, 11, 19, 19, 6, 4, 19, 16, 12, 12, 8, 14, 9, 3, 14, 17, 2, 13, 17, 13, 7, 17, 13, 7, 3, 1, 9, 7, 2, 2, 13, 10, 12, 7, 3, 1, 9, 13, 7, 17, 2, 10, 10, 7, 1, 17, 2, 2, 2, 10, 13, 16, 10, 8, 14, 3, 14, 13, 7, 17, 2, 9, 14, 10, 7, 3, 1, 14, 9, 13, 7, 9, 17, 2, 9, 13, 7, 9, 17, 2, 17, 17, 14, 5, 11, 3, 13, 14, 14, 15, 14, 15]
bestever    2505    in generation 53
[8, 5, 5, 20, 15, 20, 18, 5, 8, 6, 4, 15, 8, 4, 5, 18, 15, 20, 20, 12, 16, 8, 11, 19, 16, 4, 11, 6, 8, 18, 18, 19, 4, 6, 6, 4, 5, 5, 11, 3, 19, 12, 8, 1, 20, 8, 19, 18, 18, 20, 3, 11, 18, 11, 6, 15, 6, 18, 6, 18, 10, 1, 10, 16, 16, 8, 5, 12, 3, 16, 9, 1, 1, 3, 4, 16, 12, 16, 12, 10, 5, 5, 12, 20, 1, 12, 19, 20, 4, 1, 20, 15, 15, 11, 10, 4, 9, 6, 18, 11, 6, 19, 11, 20, 19, 15, 16, 4, 11, 19, 19, 6, 4, 19, 16, 12, 12, 8, 14, 9, 3, 14, 17, 2, 13, 17, 13, 7, 17, 13, 7, 3, 1, 9, 7, 2, 2, 13, 10, 12, 7, 3, 1, 9, 13, 7, 17, 2, 10, 10, 7, 1, 17, 2, 2, 2, 10, 13, 16, 10, 8, 14, 3, 14, 13, 7, 17, 2, 9, 14, 10, 7, 3, 1, 14, 9, 13, 7, 9, 17, 2, 9, 13, 7, 9, 17, 2, 17, 17, 5, 11, 14, 15, 3, 13, 14, 14, 15, 14, 15]
bestever    2499    in generation 59
[8, 5, 5, 20, 15, 20, 18, 5, 8, 6, 4, 15, 8, 4, 5, 18, 15, 20, 20, 12, 16, 8, 11, 19, 16, 4, 11, 6, 8, 18, 18, 19, 4, 6, 6, 4, 5, 5, 11, 3, 19, 12, 8, 1, 20, 8, 19, 18, 18, 20, 3, 11, 18, 11, 6, 15, 6, 18, 6, 18, 10, 1, 10, 16, 16, 8, 5, 12, 3, 16, 9, 1, 1, 3, 4, 16, 12, 16, 12, 10, 5, 12, 20, 1, 12, 19, 20, 4, 1, 20, 15, 15, 11, 10, 4, 9, 6, 18, 11, 6, 19, 11, 20, 19, 15, 16, 4, 11, 19, 19, 6, 4, 19, 16, 12, 12, 14, 9, 3, 14, 17, 2, 13, 17, 13, 7, 17, 13, 7, 3, 1, 9, 7, 2, 2, 13, 10, 12, 7, 1, 9, 13, 7, 17, 2, 10, 10, 7, 1, 17, 8, 3, 5, 2, 2, 2, 10, 13, 16, 10, 8, 14, 3, 14, 13, 7, 17, 2, 9, 14, 10, 7, 3, 1, 14, 9, 13, 7, 9, 17, 2, 9, 13, 7, 9, 17, 2, 17, 17, 5, 11, 14, 15, 3, 13, 14, 14, 15, 14, 15]
bestever    2486    in generation 80
[8, 5, 5, 20, 15, 20, 18, 5, 8, 6, 4, 15, 8, 4, 5, 18, 15, 20, 20, 12, 16, 8, 11, 19, 16, 4, 11, 6, 8, 18, 18, 19, 4, 6, 6, 4, 5, 5, 11, 7, 19, 12, 8, 1, 20, 8, 19, 18, 18, 20, 3, 11, 18, 11, 6, 15, 6, 18, 6, 18, 10, 1, 10, 16, 16, 8, 5, 12, 3, 16, 9, 1, 1, 3, 4, 16, 12, 16, 12, 10, 5, 12, 20, 1, 12, 19, 20, 4, 1, 20, 15, 15, 11, 10, 4, 9, 6, 18, 11, 6, 19, 11, 20, 19, 15, 16, 4, 11, 19, 19, 6, 4, 19, 16, 12, 12, 14, 9, 3, 14, 17, 2, 13, 17, 13, 7, 17, 13, 7, 3, 1, 9, 7, 2, 2, 13, 10, 12, 7, 1, 9, 13, 7, 17, 2, 10, 10, 7, 1, 17, 8, 3, 5, 2, 2, 2, 10, 13, 16, 10, 8, 14, 3, 14, 13, 3, 17, 2, 9, 14, 10, 7, 3, 1, 14, 9, 13, 7, 9, 17, 2, 9, 13, 7, 9, 17, 2, 17, 17, 5, 11, 14, 15, 3, 13, 14, 14, 15, 14, 15]
bestever    2482    in generation 87
[8, 5, 5, 20, 15, 20, 18, 5, 8, 6, 4, 15, 8, 4, 5, 18, 15, 20, 20, 12, 16, 8, 11, 19, 16, 4, 11, 6, 8, 18, 18, 19, 4, 6, 6, 4, 5, 5, 11, 7, 19, 12, 8, 1, 20, 8, 19, 18, 18, 20, 3, 11, 18, 11, 6, 15, 6, 18, 6, 18, 10, 1, 10, 16, 16, 8, 5, 12, 3, 16, 9, 1, 1, 3, 4, 16, 12, 16, 12, 10, 5, 12, 20, 1, 12, 19, 20, 4, 1, 20, 15, 15, 11, 10, 4, 9, 6, 18, 11, 6, 19, 11, 20, 19, 15, 16, 4, 11, 19, 19, 6, 4, 19, 16, 12, 12, 3, 17, 2, 13, 13, 7, 17, 13, 7, 3, 1, 7, 2, 2, 13, 10, 12, 7, 1, 9, 17, 2, 10, 10, 1, 17, 3, 5, 2, 8, 17, 2, 9, 14, 3, 14, 9, 13, 7, 2, 10, 13, 16, 10, 8, 14, 3, 14, 13, 7, 17, 2, 9, 14, 10, 7, 3, 1, 14, 9, 13, 7, 9, 17, 2, 9, 13, 7, 9, 17, 2, 17, 17, 5, 11, 14, 15, 3, 13, 14, 14, 15, 14, 15]
bestever    2467    in generation 92
[8, 5, 5, 20, 15, 20, 18, 5, 8, 6, 4, 15, 8, 4, 5, 18, 15, 20, 20, 12, 12, 8, 11, 19, 16, 4, 11, 6, 8, 18, 18, 19, 4, 6, 6, 4, 5, 5, 11, 7, 19, 12, 8, 1, 20, 8, 19, 18, 18, 20, 3, 11, 18, 11, 6, 15, 6, 18, 6, 18, 10, 1, 10, 16, 16, 8, 5, 12, 3, 16, 9, 1, 1, 3, 4, 16, 12, 16, 16, 10, 5, 12, 20, 1, 12, 19, 20, 4, 1, 20, 15, 15, 11, 10, 4, 9, 6, 18, 11, 6, 19, 11, 20, 19, 15, 16, 4, 11, 19, 19, 6, 4, 19, 16, 12, 12, 3, 17, 2, 13, 13, 7, 17, 13, 7, 3, 1, 7, 2, 2, 13, 10, 12, 7, 1, 9, 17, 2, 10, 10, 1, 17, 3, 5, 2, 8, 17, 2, 9, 14, 3, 14, 9, 13, 7, 2, 10, 13, 16, 10, 8, 14, 3, 14, 13, 7, 17, 2, 9, 14, 10, 7, 3, 1, 14, 9, 13, 7, 9, 17, 2, 9, 13, 7, 9, 17, 2, 17, 17, 5, 11, 14, 15, 3, 13, 14, 14, 15, 14, 15]
bestever    2457    in generation 97
[8, 5, 5, 20, 15, 20, 18, 5, 8, 6, 4, 15, 8, 4, 5, 18, 15, 20, 20, 12, 12, 8, 11, 19, 16, 4, 11, 6, 8, 18, 18, 19, 4, 6, 6, 4, 5, 5, 11, 7, 19, 12, 8, 1, 20, 8, 19, 18, 18, 20, 3, 11, 18, 11, 6, 15, 6, 18, 6, 18, 10, 1, 10, 16, 16, 8, 5, 12, 3, 16, 9, 1, 1, 3, 4, 16, 12, 16, 16, 10, 17, 12, 20, 1, 12, 19, 20, 4, 1, 20, 15, 15, 11, 10, 4, 9, 6, 18, 11, 6, 19, 11, 20, 19, 15, 16, 4, 11, 19, 19, 6, 4, 19, 16, 12, 12, 3, 5, 2, 13, 13, 7, 17, 13, 7, 3, 1, 7, 2, 2, 13, 10, 12, 1, 9, 2, 10, 10, 1, 3, 5, 2, 17, 14, 3, 8, 17, 7, 17, 2, 9, 14, 9, 13, 7, 2, 10, 13, 16, 10, 8, 14, 3, 14, 13, 7, 17, 2, 9, 14, 10, 7, 3, 1, 14, 9, 13, 7, 9, 17, 2, 9, 13, 7, 9, 17, 2, 17, 17, 5, 11, 14, 15, 3, 13, 14, 14, 15, 14, 15]
bestever    2453    in generation 98
[8, 5, 5, 20, 15, 20, 18, 5, 8, 6, 4, 15, 8, 4, 5, 18, 15, 20, 20, 12, 12, 8, 11, 19, 16, 4, 11, 6, 8, 18, 18, 19, 4, 6, 6, 4, 5, 5, 11, 7, 19, 12, 8, 1, 20, 8, 19, 18, 18, 20, 3, 11, 18, 11, 6, 15, 6, 18, 6, 18, 10, 1, 10, 16, 16, 8, 5, 12, 3, 16, 9, 1, 1, 3, 4, 16, 12, 16, 16, 10, 5, 12, 20, 1, 12, 19, 20, 4, 1, 20, 15, 11, 10, 4, 9, 6, 18, 11, 6, 19, 11, 20, 19, 15, 16, 4, 11, 19, 19, 6, 4, 19, 16, 12, 12, 3, 17, 2, 13, 13, 7, 17, 13, 7, 3, 1, 7, 2, 2, 13, 10, 12, 7, 1, 9, 17, 2, 10, 10, 1, 17, 3, 2, 8, 17, 2, 9, 14, 3, 9, 13, 7, 2, 10, 13, 16, 10, 8, 7, 17, 14, 14, 5, 14, 15, 2, 9, 14, 10, 7, 3, 1, 14, 9, 13, 7, 9, 17, 2, 9, 13, 7, 9, 17, 2, 17, 17, 5, 11, 14, 15, 3, 13, 3, 13, 14, 14, 15, 14, 15]
bestever    2423    in generation 103
[8, 5, 5, 20, 15, 20, 18, 5, 8, 6, 4, 15, 8, 4, 5, 18, 15, 20, 20, 12, 12, 8, 11, 19, 16, 4, 11, 6, 8, 18, 18, 19, 4, 6, 6, 4, 5, 5, 11, 7, 19, 12, 8, 1, 20, 8, 19, 18, 18, 20, 3, 11, 18, 11, 6, 15, 6, 18, 6, 18, 10, 1, 10, 16, 16, 8, 5, 12, 3, 16, 9, 1, 1, 3, 4, 16, 12, 16, 16, 10, 5, 12, 20, 1, 12, 19, 20, 4, 1, 20, 15, 11, 10, 4, 9, 6, 18, 11, 9, 19, 11, 20, 19, 15, 16, 4, 11, 19, 19, 6, 4, 19, 16, 12, 12, 3, 17, 2, 13, 13, 7, 17, 13, 7, 3, 1, 7, 2, 2, 13, 10, 12, 7, 1, 9, 17, 2, 10, 10, 1, 17, 3, 2, 8, 17, 2, 9, 14, 3, 9, 13, 7, 2, 10, 13, 16, 10, 8, 7, 17, 14, 14, 5, 14, 15, 2, 6, 14, 10, 7, 3, 1, 14, 9, 13, 7, 9, 17, 2, 9, 13, 7, 9, 17, 2, 17, 17, 5, 11, 14, 15, 3, 13, 3, 13, 14, 14, 15, 14, 15]
bestever    2409    in generation 141
[8, 5, 5, 20, 15, 20, 18, 5, 8, 6, 4, 15, 8, 4, 5, 18, 15, 20, 20, 12, 12, 8, 11, 19, 16, 4, 11, 6, 8, 18, 18, 19, 4, 6, 6, 4, 5, 5, 11, 7, 19, 12, 8, 1, 20, 8, 19, 18, 18, 20, 3, 11, 18, 11, 6, 15, 6, 18, 6, 18, 10, 1, 10, 16, 16, 8, 5, 12, 3, 16, 9, 1, 1, 3, 4, 16, 12, 16, 16, 10, 5, 12, 20, 1, 12, 19, 20, 4, 1, 20, 15, 11, 10, 4, 9, 6, 18, 11, 9, 19, 11, 20, 19, 16, 4, 11, 19, 19, 6, 4, 19, 16, 12, 12, 3, 17, 2, 13, 13, 7, 17, 13, 7, 3, 1, 7, 2, 2, 13, 10, 12, 7, 1, 9, 17, 2, 10, 10, 1, 17, 3, 2, 8, 17, 2, 9, 14, 3, 9, 13, 7, 2, 10, 13, 16, 10, 8, 7, 17, 14, 14, 14, 15, 2, 6, 14, 10, 7, 3, 1, 14, 9, 7, 9, 17, 5, 14, 15, 2, 9, 13, 7, 9, 17, 2, 17, 17, 5, 11, 15, 3, 13, 3, 13, 13, 14, 14, 15, 14, 15]
bestever    2387    in generation 147
[8, 5, 5, 20, 15, 20, 18, 5, 8, 6, 4, 15, 8, 4, 5, 18, 15, 20, 20, 12, 12, 8, 11, 3, 16, 4, 11, 6, 8, 18, 18, 19, 4, 6, 6, 4, 5, 5, 11, 7, 19, 12, 8, 1, 20, 8, 19, 18, 18, 20, 3, 11, 18, 11, 6, 15, 6, 18, 6, 18, 10, 1, 10, 16, 16, 8, 5, 12, 3, 16, 9, 1, 1, 3, 4, 16, 12, 16, 16, 10, 5, 12, 20, 1, 12, 19, 20, 4, 1, 20, 15, 11, 10, 4, 9, 6, 18, 11, 9, 19, 11, 20, 19, 16, 4, 11, 19, 19, 6, 4, 19, 16, 12, 12, 3, 17, 2, 13, 13, 7, 17, 13, 7, 19, 1, 7, 2, 2, 13, 10, 12, 7, 1, 9, 17, 2, 10, 10, 1, 17, 3, 2, 8, 17, 2, 9, 14, 3, 9, 13, 7, 2, 10, 13, 16, 10, 8, 7, 17, 14, 14, 14, 15, 2, 6, 14, 10, 7, 3, 1, 14, 9, 7, 9, 17, 5, 14, 15, 2, 9, 13, 7, 9, 17, 2, 17, 17, 5, 11, 15, 3, 13, 3, 13, 13, 14, 14, 15, 14, 15]
bestever    2357    in generation 152
[8, 5, 5, 20, 15, 20, 18, 5, 8, 6, 4, 15, 8, 4, 5, 18, 15, 20, 20, 12, 12, 8, 11, 3, 16, 4, 11, 6, 8, 18, 18, 19, 4, 6, 6, 4, 5, 5, 11, 7, 19, 12, 8, 1, 20, 8, 19, 18, 18, 20, 3, 11, 18, 11, 6, 15, 6, 18, 6, 18, 10, 1, 10, 16, 16, 8, 5, 12, 3, 16, 9, 1, 1, 3, 4, 16, 12, 16, 16, 10, 5, 12, 20, 1, 12, 19, 20, 4, 1, 20, 15, 11, 10, 4, 9, 6, 18, 11, 9, 19, 11, 20, 19, 16, 4, 11, 19, 19, 6, 4, 19, 16, 12, 12, 3, 17, 2, 13, 17, 13, 7, 19, 1, 7, 2, 2, 13, 10, 12, 7, 1, 9, 17, 10, 1, 17, 3, 2, 8, 17, 2, 9, 14, 3, 9, 13, 7, 2, 10, 13, 7, 2, 10, 13, 16, 10, 8, 7, 17, 14, 14, 14, 15, 2, 6, 14, 10, 7, 3, 1, 14, 9, 7, 9, 17, 5, 14, 15, 2, 9, 13, 7, 9, 17, 2, 17, 17, 5, 11, 15, 3, 13, 3, 13, 13, 14, 14, 15, 14, 15]
bestever    2355    in generation 158
[8, 5, 5, 20, 15, 20, 18, 5, 8, 6, 4, 15, 8, 4, 5, 18, 15, 20, 20, 12, 12, 8, 11, 3, 16, 4, 11, 6, 8, 18, 18, 19, 4, 6, 6, 4, 5, 5, 11, 7, 19, 12, 8, 1, 20, 8, 19, 18, 18, 20, 3, 11, 18, 11, 6, 15, 6, 18, 6, 18, 10, 1, 10, 16, 16, 8, 5, 12, 3, 16, 9, 1, 1, 3, 4, 16, 12, 16, 16, 10, 12, 20, 1, 12, 19, 20, 4, 1, 20, 15, 11, 10, 4, 9, 6, 18, 11, 9, 19, 11, 20, 19, 16, 4, 11, 19, 19, 6, 4, 19, 16, 12, 12, 3, 17, 2, 13, 17, 13, 7, 19, 1, 7, 2, 2, 13, 10, 12, 7, 1, 9, 17, 10, 1, 17, 3, 2, 8, 17, 2, 9, 14, 3, 9, 13, 7, 2, 10, 13, 7, 2, 10, 13, 16, 10, 8, 7, 17, 14, 14, 14, 2, 6, 14, 10, 7, 3, 1, 9, 7, 9, 17, 5, 2, 9, 13, 7, 9, 17, 5, 15, 2, 17, 17, 5, 11, 15, 3, 13, 3, 13, 13, 14, 14, 15, 14, 14, 15, 14, 15]
bestever    2350    in generation 191
[8, 5, 5, 20, 15, 20, 18, 5, 8, 6, 4, 15, 8, 4, 5, 18, 15, 20, 20, 12, 12, 8, 11, 3, 4, 4, 11, 6, 8, 18, 18, 19, 4, 6, 6, 4, 5, 5, 11, 7, 19, 12, 8, 1, 20, 8, 19, 18, 18, 20, 3, 11, 18, 11, 6, 15, 6, 18, 6, 18, 10, 1, 10, 4, 16, 8, 5, 12, 3, 16, 9, 1, 1, 3, 16, 16, 12, 16, 16, 10, 12, 20, 1, 12, 19, 20, 4, 1, 20, 15, 11, 10, 16, 9, 6, 18, 11, 9, 19, 11, 20, 19, 16, 4, 11, 19, 19, 6, 4, 19, 16, 12, 12, 3, 17, 2, 13, 17, 13, 7, 19, 1, 7, 2, 2, 13, 10, 12, 7, 1, 9, 17, 10, 1, 17, 3, 2, 8, 17, 2, 9, 14, 3, 9, 13, 7, 2, 10, 13, 7, 2, 10, 13, 16, 10, 8, 7, 17, 14, 14, 14, 2, 6, 14, 10, 7, 3, 1, 9, 7, 9, 17, 5, 2, 9, 13, 7, 9, 17, 5, 15, 2, 17, 17, 5, 11, 15, 3, 13, 3, 13, 13, 14, 14, 15, 14, 14, 15, 14, 15]
bestever    2309    in generation 248
[8, 5, 5, 20, 15, 20, 18, 5, 8, 6, 4, 15, 8, 4, 5, 18, 15, 20, 20, 12, 12, 8, 11, 3, 4, 4, 11, 6, 8, 18, 18, 19, 4, 6, 6, 4, 5, 5, 11, 7, 19, 12, 8, 1, 20, 8, 19, 18, 18, 20, 3, 18, 11, 6, 15, 6, 18, 6, 18, 10, 1, 10, 4, 16, 8, 5, 12, 3, 16, 9, 1, 1, 3, 16, 16, 12, 16, 16, 10, 12, 20, 1, 12, 19, 20, 4, 1, 20, 11, 10, 16, 9, 6, 11, 18, 11, 9, 19, 11, 20, 19, 16, 4, 11, 19, 19, 6, 4, 19, 16, 12, 12, 3, 17, 2, 13, 17, 13, 7, 19, 1, 7, 2, 2, 13, 10, 12, 7, 1, 9, 17, 10, 1, 17, 3, 2, 8, 17, 2, 9, 14, 3, 9, 13, 7, 2, 10, 13, 7, 2, 10, 13, 16, 10, 8, 7, 17, 14, 14, 14, 2, 6, 10, 14, 15, 7, 3, 1, 9, 7, 9, 17, 5, 2, 9, 13, 7, 9, 17, 5, 15, 2, 17, 17, 5, 11, 15, 3, 13, 3, 13, 13, 14, 14, 15, 14, 14, 15, 14, 15]
bestever    2308    in generation 251
[8, 5, 5, 20, 15, 20, 18, 5, 8, 6, 4, 15, 8, 4, 5, 18, 15, 20, 20, 12, 12, 8, 11, 3, 4, 4, 11, 6, 8, 18, 18, 19, 4, 6, 6, 4, 5, 5, 11, 7, 19, 12, 8, 1, 20, 8, 19, 18, 18, 20, 3, 18, 11, 6, 15, 6, 18, 6, 18, 10, 1, 10, 4, 16, 8, 5, 12, 3, 16, 9, 1, 1, 3, 16, 16, 12, 16, 16, 10, 12, 20, 1, 12, 19, 20, 4, 1, 20, 11, 10, 16, 9, 6, 11, 18, 11, 9, 19, 11, 20, 19, 16, 4, 11, 19, 19, 6, 4, 19, 16, 12, 12, 3, 17, 2, 13, 17, 13, 7, 19, 1, 7, 2, 2, 13, 10, 12, 7, 1, 9, 17, 10, 1, 2, 8, 17, 2, 14, 3, 13, 7, 2, 10, 13, 7, 2, 10, 13, 16, 10, 8, 17, 14, 14, 14, 2, 6, 10, 14, 15, 3, 9, 7, 9, 17, 7, 3, 1, 9, 7, 9, 17, 5, 2, 9, 13, 7, 9, 17, 5, 15, 2, 17, 17, 5, 11, 15, 3, 13, 3, 13, 13, 14, 14, 15, 14, 14, 15, 14, 15]
bestever    2284    in generation 364
[8, 5, 5, 20, 15, 20, 18, 5, 8, 6, 4, 15, 8, 4, 5, 18, 15, 20, 20, 12, 12, 8, 11, 3, 4, 4, 11, 6, 8, 18, 18, 19, 4, 6, 6, 4, 5, 5, 3, 11, 7, 19, 12, 8, 1, 20, 8, 19, 18, 18, 20, 3, 18, 11, 6, 15, 6, 18, 6, 18, 10, 1, 10, 4, 16, 8, 5, 12, 3, 16, 9, 1, 1, 16, 16, 12, 16, 16, 10, 12, 20, 1, 12, 19, 20, 4, 1, 20, 11, 10, 16, 9, 6, 11, 18, 11, 9, 19, 11, 20, 19, 16, 4, 11, 19, 19, 6, 4, 19, 16, 12, 12, 3, 17, 2, 13, 17, 13, 7, 19, 1, 7, 2, 2, 13, 10, 12, 7, 1, 9, 17, 10, 1, 2, 8, 17, 2, 14, 3, 13, 7, 2, 10, 13, 7, 2, 10, 13, 16, 10, 8, 17, 14, 14, 14, 2, 6, 1, 14, 15, 3, 9, 7, 9, 17, 7, 3, 10, 9, 7, 9, 17, 5, 2, 9, 13, 7, 9, 17, 5, 15, 2, 17, 17, 5, 11, 15, 3, 13, 3, 13, 13, 14, 14, 15, 14, 14, 15, 14, 15]
bestever    2274    in generation 369
[8, 5, 5, 20, 15, 20, 18, 5, 8, 6, 4, 15, 8, 4, 5, 18, 15, 20, 20, 12, 12, 8, 11, 3, 4, 4, 11, 6, 8, 18, 18, 19, 4, 6, 6, 4, 5, 5, 3, 11, 7, 19, 12, 8, 1, 20, 8, 19, 18, 18, 20, 3, 18, 11, 6, 6, 18, 6, 18, 10, 1, 10, 4, 16, 8, 5, 12, 3, 16, 9, 1, 1, 16, 16, 12, 16, 16, 10, 12, 20, 1, 12, 19, 20, 4, 1, 20, 11, 10, 16, 9, 6, 11, 18, 11, 9, 19, 11, 20, 19, 16, 4, 11, 19, 19, 6, 4, 19, 16, 12, 12, 3, 17, 2, 13, 17, 13, 7, 19, 1, 7, 2, 2, 13, 10, 12, 7, 1, 9, 17, 10, 1, 2, 8, 17, 2, 14, 3, 13, 7, 2, 10, 13, 7, 2, 10, 13, 16, 10, 8, 17, 14, 2, 6, 1, 14, 15, 14, 14, 15, 3, 9, 7, 9, 17, 7, 3, 10, 9, 7, 9, 17, 5, 2, 9, 13, 7, 9, 17, 5, 15, 2, 17, 17, 5, 11, 15, 3, 13, 3, 13, 13, 14, 14, 15, 14, 14, 15, 14, 15]
bestever    2261    in generation 377
[8, 5, 5, 20, 15, 20, 18, 5, 8, 6, 4, 15, 8, 4, 5, 18, 20, 20, 12, 12, 8, 11, 3, 4, 4, 11, 6, 8, 18, 18, 19, 4, 6, 6, 4, 5, 5, 3, 11, 7, 19, 12, 8, 1, 20, 19, 18, 18, 20, 3, 18, 11, 6, 6, 18, 6, 18, 10, 1, 10, 4, 8, 16, 8, 5, 12, 3, 16, 9, 1, 1, 16, 12, 16, 16, 10, 12, 20, 1, 10, 16, 12, 19, 20, 4, 1, 20, 11, 10, 16, 9, 6, 11, 18, 11, 9, 19, 11, 20, 19, 16, 4, 11, 19, 19, 6, 4, 19, 16, 12, 12, 3, 17, 2, 13, 17, 13, 7, 19, 1, 7, 2, 2, 13, 10, 12, 7, 1, 9, 17, 10, 1, 2, 8, 17, 2, 14, 3, 13, 7, 2, 10, 13, 7, 2, 10, 13, 16, 8, 17, 14, 2, 6, 1, 14, 15, 14, 14, 15, 3, 9, 7, 9, 17, 7, 3, 10, 9, 7, 9, 17, 5, 2, 9, 13, 7, 9, 17, 5, 15, 2, 17, 17, 5, 11, 15, 3, 13, 3, 13, 13, 14, 14, 15, 14, 14, 15, 14, 15, 15]
bestever    2220    in generation 394
[8, 5, 5, 20, 20, 18, 5, 8, 6, 4, 8, 4, 5, 18, 20, 20, 12, 12, 8, 11, 3, 4, 4, 11, 6, 8, 18, 18, 19, 4, 6, 6, 4, 5, 5, 3, 11, 7, 19, 12, 8, 1, 20, 19, 18, 18, 20, 3, 18, 11, 6, 6, 18, 6, 18, 10, 1, 10, 4, 8, 16, 8, 5, 12, 3, 16, 9, 1, 1, 16, 12, 16, 16, 10, 12, 20, 1, 10, 16, 12, 19, 20, 4, 1, 20, 11, 10, 16, 9, 11, 18, 11, 9, 19, 11, 20, 4, 11, 6, 19, 16, 19, 19, 6, 4, 19, 16, 12, 12, 3, 17, 2, 13, 17, 13, 7, 19, 1, 7, 2, 2, 13, 10, 12, 7, 1, 9, 17, 10, 1, 2, 8, 17, 2, 14, 3, 7, 2, 10, 13, 7, 2, 10, 13, 16, 8, 17, 14, 2, 6, 1, 14, 15, 14, 14, 15, 3, 9, 7, 9, 17, 7, 10, 9, 7, 13, 15, 15, 3, 9, 17, 5, 2, 9, 13, 7, 9, 17, 5, 15, 2, 17, 17, 5, 11, 15, 3, 13, 3, 13, 13, 14, 14, 15, 14, 14, 15, 14, 15, 15]
bestever    2215    in generation 408
[8, 5, 5, 20, 20, 18, 5, 8, 6, 4, 8, 4, 5, 18, 20, 20, 12, 12, 8, 11, 3, 4, 4, 11, 6, 8, 18, 18, 19, 4, 6, 6, 4, 5, 5, 3, 11, 7, 19, 12, 8, 1, 20, 19, 18, 18, 20, 3, 18, 11, 6, 6, 18, 6, 18, 10, 1, 10, 4, 8, 16, 8, 5, 12, 9, 16, 9, 1, 1, 16, 12, 16, 16, 10, 12, 20, 1, 10, 16, 12, 19, 20, 4, 1, 20, 11, 10, 16, 9, 11, 18, 11, 3, 19, 11, 20, 4, 11, 6, 19, 16, 19, 19, 6, 4, 19, 16, 12, 12, 3, 17, 2, 13, 17, 13, 7, 19, 1, 7, 2, 2, 13, 10, 12, 7, 1, 9, 17, 10, 1, 2, 8, 17, 2, 14, 3, 7, 2, 10, 13, 7, 2, 10, 13, 16, 8, 17, 14, 2, 6, 1, 14, 15, 14, 14, 15, 3, 9, 7, 9, 17, 7, 10, 9, 7, 13, 15, 15, 3, 9, 17, 5, 2, 9, 13, 7, 9, 17, 5, 15, 2, 17, 17, 5, 11, 15, 3, 13, 3, 13, 13, 14, 14, 15, 14, 14, 15, 14, 15, 15]
bestever    2209    in generation 441
[8, 5, 5, 20, 20, 18, 5, 8, 6, 4, 8, 4, 5, 18, 20, 20, 12, 12, 8, 11, 3, 4, 4, 11, 6, 8, 18, 18, 19, 4, 6, 6, 4, 5, 5, 3, 11, 7, 19, 12, 8, 1, 20, 19, 18, 18, 20, 3, 18, 11, 6, 6, 18, 6, 18, 10, 1, 10, 4, 8, 16, 8, 5, 12, 9, 16, 1, 1, 20, 12, 16, 16, 10, 12, 20, 1, 10, 16, 12, 19, 20, 4, 1, 16, 11, 10, 16, 11, 18, 11, 19, 11, 20, 4, 11, 6, 19, 16, 19, 19, 6, 4, 19, 16, 12, 12, 3, 17, 2, 13, 7, 19, 1, 7, 2, 2, 13, 10, 12, 7, 1, 17, 10, 1, 2, 8, 17, 2, 14, 3, 7, 2, 10, 13, 2, 10, 13, 16, 8, 17, 14, 2, 6, 1, 14, 15, 14, 14, 15, 3, 9, 9, 17, 9, 7, 13, 3, 9, 7, 9, 17, 7, 10, 9, 7, 13, 15, 15, 3, 9, 17, 5, 2, 9, 13, 7, 9, 17, 5, 15, 2, 17, 17, 5, 11, 15, 3, 13, 3, 13, 13, 14, 14, 15, 14, 14, 15, 14, 15, 15]
bestever    2193    in generation 460
[8, 5, 5, 20, 20, 18, 5, 8, 6, 4, 8, 4, 5, 18, 20, 20, 12, 12, 8, 11, 3, 4, 4, 11, 6, 8, 18, 18, 19, 4, 6, 6, 4, 5, 5, 3, 11, 7, 19, 12, 8, 1, 20, 19, 18, 18, 20, 3, 18, 11, 6, 6, 18, 8, 18, 10, 1, 10, 4, 8, 16, 8, 5, 12, 9, 16, 1, 1, 20, 12, 16, 16, 10, 12, 20, 1, 10, 16, 12, 19, 20, 4, 1, 16, 11, 10, 16, 11, 18, 11, 19, 11, 20, 4, 11, 6, 19, 16, 19, 19, 6, 4, 19, 16, 12, 12, 3, 17, 2, 13, 7, 19, 1, 7, 2, 2, 13, 10, 12, 7, 1, 17, 10, 1, 2, 8, 17, 2, 14, 3, 7, 2, 10, 13, 2, 10, 13, 16, 6, 17, 14, 2, 6, 1, 14, 15, 14, 14, 15, 3, 9, 9, 17, 9, 7, 13, 3, 9, 7, 9, 17, 7, 10, 9, 7, 13, 15, 15, 3, 9, 17, 5, 2, 9, 13, 7, 9, 17, 5, 15, 2, 17, 17, 5, 11, 15, 3, 13, 3, 13, 13, 14, 14, 15, 14, 14, 15, 14, 15, 15]
bestever    2175    in generation 475
[8, 5, 5, 20, 20, 18, 5, 8, 6, 4, 8, 4, 5, 18, 20, 20, 12, 12, 8, 11, 3, 4, 4, 11, 6, 8, 18, 18, 19, 4, 6, 6, 4, 5, 5, 3, 11, 7, 19, 12, 8, 1, 20, 19, 18, 18, 20, 3, 18, 11, 6, 6, 18, 8, 18, 10, 1, 10, 4, 8, 16, 8, 5, 12, 9, 16, 1, 1, 20, 12, 16, 16, 10, 12, 20, 1, 10, 16, 12, 19, 20, 4, 1, 16, 11, 10, 16, 11, 18, 11, 19, 11, 20, 4, 11, 6, 19, 16, 19, 19, 6, 4, 19, 16, 12, 12, 3, 17, 2, 13, 7, 19, 1, 7, 2, 2, 13, 10, 12, 7, 1, 17, 10, 1, 2, 8, 17, 2, 14, 3, 7, 2, 10, 13, 2, 10, 13, 16, 6, 17, 14, 2, 6, 1, 14, 14, 14, 15, 3, 9, 9, 17, 9, 7, 9, 7, 9, 17, 7, 10, 9, 7, 13, 15, 15, 9, 17, 2, 9, 13, 7, 9, 17, 5, 15, 2, 17, 5, 17, 5, 11, 15, 3, 13, 3, 15, 3, 13, 3, 13, 13, 14, 14, 15, 14, 14, 15, 14, 15, 15]
bestever    2168    in generation 488
[8, 5, 5, 20, 20, 18, 5, 8, 6, 4, 8, 4, 5, 18, 20, 20, 12, 12, 8, 11, 3, 4, 4, 11, 6, 8, 18, 18, 19, 4, 6, 6, 4, 5, 5, 3, 11, 7, 19, 12, 8, 1, 20, 19, 18, 18, 20, 3, 18, 11, 6, 6, 18, 8, 18, 13, 1, 10, 4, 8, 16, 8, 5, 12, 9, 16, 1, 1, 20, 12, 16, 16, 10, 12, 20, 1, 10, 16, 12, 19, 20, 4, 1, 16, 11, 10, 16, 11, 18, 11, 19, 11, 20, 4, 11, 6, 19, 16, 19, 19, 6, 4, 19, 16, 12, 12, 3, 17, 2, 13, 7, 19, 1, 7, 2, 2, 13, 10, 12, 7, 1, 17, 10, 1, 2, 8, 17, 2, 14, 3, 7, 2, 10, 13, 2, 10, 13, 16, 6, 17, 14, 2, 6, 1, 14, 14, 14, 15, 3, 9, 9, 17, 9, 7, 9, 7, 9, 17, 7, 10, 9, 7, 13, 15, 15, 9, 17, 2, 9, 10, 7, 9, 17, 5, 15, 2, 17, 5, 17, 5, 11, 15, 3, 13, 3, 15, 3, 13, 3, 13, 13, 14, 14, 15, 14, 14, 15, 14, 15, 15]
bestever    2166    in generation 532
[8, 5, 5, 20, 20, 18, 5, 8, 6, 4, 8, 4, 5, 18, 20, 20, 12, 12, 8, 11, 3, 4, 4, 11, 6, 8, 18, 18, 19, 4, 6, 6, 4, 5, 5, 3, 11, 7, 19, 12, 8, 1, 20, 19, 18, 18, 20, 3, 18, 11, 6, 6, 18, 8, 18, 13, 1, 10, 4, 8, 16, 8, 5, 12, 9, 16, 1, 1, 20, 12, 16, 16, 10, 12, 20, 1, 10, 16, 12, 19, 20, 4, 1, 16, 11, 10, 16, 11, 18, 11, 19, 11, 20, 4, 11, 6, 19, 16, 19, 19, 6, 4, 19, 16, 12, 12, 17, 2, 13, 7, 19, 1, 7, 2, 2, 13, 10, 12, 7, 1, 10, 1, 2, 8, 17, 2, 14, 3, 7, 2, 10, 2, 13, 16, 6, 17, 14, 2, 6, 1, 14, 14, 14, 15, 3, 9, 17, 7, 9, 9, 17, 10, 9, 7, 9, 17, 7, 10, 9, 7, 13, 15, 15, 9, 17, 2, 9, 10, 7, 9, 17, 5, 15, 2, 17, 5, 17, 5, 11, 15, 3, 13, 3, 13, 3, 15, 3, 13, 3, 13, 13, 14, 14, 15, 14, 14, 15, 14, 15, 15]
bestever    2151    in generation 552
[8, 5, 5, 20, 20, 18, 5, 8, 6, 4, 8, 4, 5, 18, 20, 20, 12, 12, 8, 11, 3, 4, 4, 11, 6, 8, 18, 18, 19, 4, 6, 6, 4, 5, 5, 3, 11, 7, 19, 12, 8, 1, 12, 19, 18, 18, 20, 3, 18, 11, 6, 6, 18, 8, 18, 13, 1, 10, 4, 8, 16, 8, 5, 12, 9, 16, 1, 1, 20, 20, 16, 16, 10, 12, 20, 1, 10, 16, 12, 19, 20, 4, 1, 16, 11, 10, 16, 11, 18, 11, 19, 11, 20, 4, 11, 6, 19, 16, 19, 19, 6, 4, 19, 16, 12, 12, 17, 2, 13, 7, 19, 1, 7, 2, 2, 13, 10, 12, 7, 1, 10, 1, 2, 8, 17, 2, 14, 3, 7, 2, 10, 2, 13, 16, 6, 17, 14, 2, 6, 1, 14, 14, 14, 15, 3, 9, 17, 7, 9, 9, 17, 10, 9, 7, 9, 17, 7, 10, 9, 7, 13, 15, 15, 9, 17, 2, 9, 10, 7, 9, 17, 5, 15, 2, 17, 5, 17, 5, 11, 15, 3, 13, 3, 13, 3, 15, 3, 13, 3, 13, 13, 14, 14, 15, 14, 14, 15, 14, 15, 15]
bestever    2128    in generation 566
[8, 5, 5, 20, 20, 18, 5, 8, 6, 4, 8, 4, 5, 18, 20, 20, 12, 12, 8, 11, 3, 4, 4, 11, 6, 8, 18, 18, 19, 4, 6, 6, 4, 5, 5, 3, 11, 7, 19, 12, 8, 1, 12, 19, 18, 18, 20, 3, 18, 11, 6, 6, 18, 8, 18, 13, 1, 10, 4, 8, 16, 8, 5, 12, 9, 16, 1, 1, 20, 20, 16, 16, 10, 12, 20, 1, 10, 16, 12, 19, 20, 4, 1, 16, 11, 10, 16, 11, 18, 11, 19, 11, 20, 4, 11, 6, 19, 16, 19, 19, 6, 4, 19, 16, 12, 12, 17, 2, 13, 7, 19, 1, 7, 2, 2, 13, 10, 12, 7, 1, 10, 1, 2, 8, 2, 14, 3, 7, 2, 10, 2, 13, 16, 6, 17, 14, 2, 6, 1, 14, 14, 14, 15, 3, 9, 17, 7, 9, 17, 9, 9, 17, 10, 9, 7, 17, 7, 10, 9, 7, 13, 15, 15, 9, 17, 2, 9, 10, 7, 9, 17, 5, 15, 2, 17, 5, 17, 5, 11, 15, 3, 13, 3, 13, 3, 15, 3, 13, 3, 13, 13, 14, 14, 15, 14, 14, 15, 14, 15, 15]
bestever    2121    in generation 567
[8, 5, 5, 20, 20, 18, 5, 8, 6, 4, 8, 4, 5, 18, 20, 20, 12, 12, 8, 11, 3, 4, 4, 11, 6, 8, 18, 18, 19, 4, 6, 6, 4, 5, 5, 3, 11, 7, 19, 12, 8, 1, 12, 19, 18, 18, 20, 3, 18, 11, 6, 6, 18, 8, 18, 13, 1, 10, 4, 8, 16, 8, 5, 12, 9, 16, 1, 1, 20, 20, 16, 16, 10, 12, 20, 1, 10, 16, 12, 19, 20, 4, 1, 16, 11, 10, 16, 11, 18, 11, 19, 11, 20, 4, 11, 6, 19, 16, 19, 19, 6, 4, 19, 16, 12, 12, 17, 2, 13, 7, 19, 1, 7, 2, 2, 13, 10, 12, 7, 1, 10, 1, 2, 8, 17, 2, 14, 3, 7, 2, 10, 2, 13, 16, 6, 17, 14, 2, 6, 1, 14, 14, 15, 3, 9, 17, 7, 9, 9, 17, 10, 9, 7, 9, 17, 7, 10, 9, 7, 13, 15, 15, 9, 17, 2, 9, 10, 7, 9, 17, 5, 2, 17, 5, 17, 5, 11, 3, 13, 3, 13, 15, 14, 15, 3, 15, 3, 13, 3, 13, 13, 14, 14, 15, 14, 14, 15, 14, 15, 15]
bestever    2118    in generation 731
[8, 5, 5, 20, 20, 18, 5, 8, 6, 4, 8, 4, 5, 18, 20, 20, 12, 12, 8, 11, 3, 4, 4, 11, 6, 8, 18, 18, 19, 4, 6, 6, 4, 5, 5, 11, 4, 19, 12, 8, 1, 12, 19, 18, 18, 20, 18, 11, 6, 6, 18, 8, 18, 1, 10, 7, 8, 16, 8, 12, 9, 16, 1, 1, 20, 20, 16, 1, 16, 10, 12, 20, 1, 10, 16, 12, 19, 20, 4, 16, 11, 10, 16, 11, 18, 11, 19, 11, 20, 4, 11, 6, 19, 16, 19, 19, 6, 2, 19, 16, 12, 12, 17, 2, 7, 19, 1, 7, 2, 2, 10, 12, 7, 1, 10, 1, 8, 17, 2, 2, 14, 7, 2, 10, 4, 16, 6, 17, 2, 6, 1, 9, 15, 9, 17, 7, 9, 17, 10, 9, 7, 9, 17, 7, 10, 9, 7, 9, 15, 17, 2, 9, 10, 7, 9, 17, 15, 2, 17, 5, 5, 11, 15, 5, 17, 5, 3, 13, 3, 13, 3, 3, 13, 3, 13, 13, 14, 14, 14, 15, 14, 13, 3, 13, 3, 3, 13, 3, 13, 13, 14, 14, 15, 14, 15, 14, 15, 14, 15, 15]
bestever    2116    in generation 867
[8, 5, 5, 20, 20, 18, 5, 8, 6, 4, 8, 4, 5, 18, 20, 20, 12, 12, 8, 11, 3, 4, 4, 11, 6, 8, 18, 18, 19, 4, 6, 6, 4, 5, 5, 11, 4, 19, 12, 8, 1, 12, 19, 18, 18, 20, 18, 11, 6, 6, 18, 8, 18, 1, 10, 7, 8, 16, 8, 12, 9, 11, 16, 1, 1, 20, 20, 16, 1, 16, 10, 12, 20, 1, 10, 16, 12, 19, 20, 4, 16, 11, 10, 16, 11, 18, 19, 11, 20, 4, 11, 6, 19, 16, 19, 19, 6, 2, 19, 16, 12, 12, 17, 2, 7, 19, 1, 7, 2, 2, 10, 12, 7, 1, 10, 1, 8, 17, 2, 2, 7, 2, 10, 4, 16, 6, 17, 2, 6, 1, 9, 9, 17, 7, 9, 17, 10, 9, 7, 9, 17, 7, 10, 9, 7, 9, 17, 2, 9, 10, 7, 9, 17, 2, 5, 5, 11, 5, 17, 5, 3, 13, 3, 13, 3, 14, 13, 14, 13, 3, 13, 3, 15, 15, 14, 15, 15, 13, 3, 13, 3, 3, 13, 3, 13, 13, 14, 15, 15, 14, 17, 14, 14, 15, 14, 14, 15, 14, 15, 15]
bestever    2110    in generation 869
[8, 5, 5, 20, 20, 18, 5, 8, 6, 4, 8, 4, 5, 18, 20, 20, 12, 12, 8, 11, 3, 4, 4, 11, 6, 8, 18, 18, 19, 4, 6, 6, 4, 5, 5, 11, 4, 19, 12, 8, 1, 12, 19, 18, 18, 20, 18, 11, 6, 6, 18, 8, 18, 1, 10, 7, 8, 16, 8, 12, 9, 16, 1, 1, 20, 20, 16, 1, 16, 10, 12, 20, 1, 10, 16, 12, 19, 20, 4, 16, 11, 10, 16, 11, 18, 11, 19, 11, 20, 4, 11, 6, 19, 16, 19, 19, 6, 2, 19, 16, 12, 12, 17, 2, 7, 19, 1, 7, 2, 2, 10, 12, 7, 1, 10, 1, 8, 17, 2, 2, 7, 2, 10, 4, 16, 6, 17, 2, 6, 1, 9, 9, 17, 7, 9, 17, 10, 9, 7, 9, 17, 7, 10, 9, 7, 9, 17, 2, 9, 10, 7, 9, 17, 2, 5, 5, 11, 5, 17, 5, 3, 13, 3, 13, 3, 14, 13, 14, 13, 3, 13, 3, 15, 15, 14, 15, 15, 13, 3, 13, 3, 3, 13, 3, 13, 13, 14, 15, 15, 14, 17, 14, 14, 15, 15, 15, 14, 14, 15, 14]
bestever    2081    in generation 881
[8, 5, 5, 20, 20, 18, 5, 8, 6, 4, 6, 4, 5, 18, 20, 20, 12, 12, 8, 11, 3, 4, 4, 11, 6, 8, 18, 18, 19, 4, 6, 8, 4, 5, 5, 11, 4, 19, 12, 8, 1, 12, 19, 18, 18, 20, 18, 11, 6, 6, 18, 8, 18, 1, 10, 7, 8, 16, 8, 12, 9, 16, 1, 1, 20, 20, 16, 1, 16, 10, 12, 20, 1, 10, 16, 12, 19, 20, 4, 16, 11, 10, 16, 11, 18, 11, 19, 11, 20, 4, 11, 6, 19, 16, 19, 19, 6, 2, 19, 16, 12, 12, 17, 2, 7, 19, 1, 7, 2, 2, 10, 12, 7, 1, 10, 1, 8, 17, 2, 2, 7, 2, 10, 4, 16, 6, 17, 2, 6, 1, 9, 9, 17, 7, 9, 17, 10, 9, 7, 9, 17, 7, 10, 9, 7, 9, 17, 2, 9, 10, 7, 9, 17, 2, 5, 5, 11, 5, 17, 5, 3, 13, 3, 13, 3, 14, 13, 14, 13, 3, 13, 3, 15, 15, 14, 15, 15, 13, 3, 13, 3, 3, 13, 3, 13, 13, 14, 15, 15, 14, 17, 14, 14, 15, 15, 15, 14, 14, 15, 14]
bestever    2061    in generation 923
[8, 5, 5, 20, 20, 18, 5, 8, 6, 4, 6, 4, 5, 18, 20, 20, 12, 12, 8, 11, 3, 4, 4, 11, 6, 8, 18, 18, 19, 4, 6, 8, 4, 5, 5, 11, 4, 19, 12, 8, 1, 12, 19, 18, 18, 20, 18, 11, 6, 5, 18, 8, 18, 1, 10, 7, 8, 16, 8, 12, 9, 16, 1, 1, 20, 20, 16, 1, 16, 10, 12, 20, 1, 10, 16, 12, 19, 20, 4, 16, 11, 10, 16, 11, 18, 11, 19, 11, 20, 4, 11, 6, 19, 16, 19, 19, 6, 2, 19, 16, 12, 12, 17, 2, 7, 19, 1, 7, 2, 2, 10, 12, 7, 1, 10, 1, 8, 17, 2, 2, 7, 2, 10, 4, 16, 6, 17, 2, 6, 1, 9, 9, 17, 7, 9, 17, 10, 9, 7, 9, 17, 7, 10, 9, 7, 9, 17, 2, 9, 10, 7, 9, 17, 2, 5, 5, 11, 6, 17, 5, 3, 13, 3, 13, 3, 14, 13, 14, 13, 3, 13, 3, 15, 15, 14, 15, 15, 13, 3, 13, 3, 3, 13, 3, 13, 13, 14, 15, 15, 14, 17, 14, 14, 15, 15, 15, 14, 14, 15, 14]
bestever    2047    in generation 1050
[8, 5, 5, 20, 20, 6, 18, 5, 8, 4, 6, 4, 5, 18, 20, 20, 12, 12, 8, 11, 3, 4, 4, 11, 6, 8, 18, 18, 19, 4, 6, 8, 4, 5, 5, 11, 4, 19, 12, 8, 1, 12, 19, 18, 18, 20, 18, 11, 6, 5, 18, 8, 18, 1, 10, 7, 8, 16, 8, 12, 9, 16, 1, 1, 20, 20, 16, 1, 16, 10, 12, 20, 1, 10, 16, 12, 19, 20, 4, 16, 11, 10, 16, 11, 18, 11, 19, 11, 20, 4, 11, 6, 19, 16, 19, 19, 6, 2, 19, 16, 12, 12, 2, 17, 7, 19, 1, 7, 2, 2, 10, 12, 7, 1, 10, 1, 8, 17, 2, 2, 7, 2, 10, 4, 16, 6, 17, 2, 6, 1, 9, 9, 17, 7, 9, 17, 10, 9, 7, 9, 17, 7, 10, 9, 7, 9, 17, 2, 9, 10, 7, 9, 17, 2, 5, 5, 11, 6, 17, 5, 3, 13, 3, 13, 3, 13, 13, 3, 13, 3, 15, 15, 15, 13, 3, 13, 3, 14, 14, 14, 15, 3, 13, 3, 13, 13, 14, 15, 15, 14, 17, 14, 14, 15, 15, 15, 14, 14, 15, 14]
bestever    2034    in generation 1162
[8, 5, 5, 20, 20, 6, 18, 5, 8, 4, 6, 4, 5, 18, 20, 20, 12, 12, 8, 11, 3, 4, 4, 11, 6, 8, 18, 18, 19, 4, 6, 8, 4, 5, 5, 11, 4, 19, 12, 8, 1, 12, 19, 18, 18, 20, 18, 11, 6, 5, 18, 8, 18, 1, 10, 7, 8, 16, 8, 12, 9, 16, 1, 1, 20, 20, 16, 11, 16, 10, 12, 1, 20, 10, 16, 12, 19, 20, 4, 16, 11, 10, 16, 1, 18, 11, 19, 11, 20, 4, 11, 6, 19, 16, 19, 19, 6, 2, 19, 16, 12, 12, 2, 17, 7, 19, 1, 7, 2, 2, 10, 12, 7, 1, 10, 1, 8, 17, 2, 2, 7, 2, 10, 4, 16, 6, 17, 6, 1, 9, 9, 7, 9, 17, 10, 9, 7, 17, 10, 7, 17, 2, 9, 9, 7, 17, 2, 9, 9, 10, 7, 9, 17, 2, 5, 5, 11, 6, 17, 5, 3, 13, 3, 13, 3, 13, 13, 3, 13, 3, 15, 15, 15, 13, 3, 13, 3, 14, 14, 14, 15, 3, 13, 3, 13, 13, 14, 15, 15, 14, 17, 14, 14, 15, 15, 15, 14, 14, 15, 14]
bestever    2026    in generation 1213
[8, 5, 5, 20, 20, 6, 18, 5, 8, 4, 6, 4, 5, 18, 20, 20, 12, 12, 8, 11, 3, 4, 4, 11, 6, 8, 18, 18, 19, 4, 6, 8, 4, 5, 5, 11, 4, 19, 12, 8, 1, 12, 19, 18, 18, 20, 18, 11, 6, 5, 18, 8, 18, 1, 10, 7, 8, 16, 8, 12, 9, 16, 1, 1, 20, 20, 16, 11, 16, 10, 12, 1, 20, 10, 16, 12, 19, 20, 4, 16, 11, 10, 16, 7, 18, 11, 19, 11, 20, 4, 11, 6, 19, 16, 19, 19, 6, 2, 19, 16, 12, 12, 2, 17, 7, 19, 1, 1, 2, 2, 10, 12, 7, 1, 10, 1, 8, 17, 2, 2, 7, 2, 10, 4, 16, 6, 17, 6, 1, 9, 9, 7, 9, 17, 10, 9, 7, 17, 10, 7, 17, 2, 9, 9, 7, 17, 2, 9, 9, 10, 7, 9, 17, 2, 5, 5, 11, 6, 17, 5, 3, 13, 3, 13, 3, 13, 13, 3, 13, 3, 15, 15, 15, 13, 3, 13, 3, 14, 14, 14, 15, 3, 13, 3, 13, 13, 14, 15, 15, 14, 17, 14, 14, 15, 15, 15, 14, 14, 15, 14]
bestever    2025    in generation 1326
[8, 5, 5, 20, 20, 6, 18, 5, 8, 4, 6, 4, 5, 18, 20, 20, 12, 12, 8, 11, 3, 4, 4, 11, 6, 8, 18, 18, 19, 4, 6, 8, 4, 5, 5, 11, 4, 19, 12, 8, 1, 12, 19, 18, 18, 20, 18, 11, 6, 20, 18, 8, 18, 1, 10, 7, 8, 16, 8, 12, 9, 5, 16, 1, 1, 20, 20, 16, 11, 16, 10, 12, 1, 20, 10, 16, 12, 19, 20, 4, 16, 11, 10, 16, 7, 18, 11, 19, 11, 5, 4, 11, 6, 19, 16, 19, 19, 6, 2, 19, 16, 12, 12, 2, 17, 7, 19, 1, 1, 2, 2, 10, 12, 7, 1, 10, 15, 1, 8, 17, 2, 2, 7, 2, 10, 4, 16, 6, 17, 6, 1, 9, 9, 7, 9, 17, 10, 9, 7, 17, 10, 7, 17, 2, 9, 9, 7, 17, 2, 9, 9, 10, 7, 9, 17, 2, 5, 11, 6, 17, 5, 3, 13, 3, 13, 3, 13, 13, 3, 13, 3, 15, 15, 15, 13, 3, 13, 3, 14, 14, 3, 13, 3, 13, 13, 15, 14, 17, 14, 14, 15, 14, 14, 15, 15, 15, 14, 14, 15, 14]
bestever    2015    in generation 1524
[8, 5, 5, 20, 20, 6, 18, 5, 8, 4, 6, 4, 5, 18, 20, 20, 12, 12, 8, 11, 3, 4, 4, 11, 6, 8, 18, 18, 19, 4, 6, 8, 4, 5, 11, 4, 19, 12, 8, 1, 12, 19, 18, 18, 20, 10, 11, 6, 20, 18, 8, 18, 1, 10, 7, 8, 16, 8, 12, 9, 5, 16, 1, 1, 20, 20, 16, 11, 16, 18, 12, 1, 20, 10, 16, 12, 19, 20, 4, 16, 11, 10, 16, 7, 18, 11, 19, 11, 5, 4, 2, 11, 6, 19, 16, 19, 19, 6, 2, 19, 16, 12, 12, 2, 17, 7, 19, 1, 1, 2, 2, 10, 12, 7, 1, 10, 15, 1, 8, 7, 4, 16, 6, 6, 1, 5, 9, 7, 17, 10, 17, 10, 7, 17, 2, 9, 9, 7, 17, 2, 9, 9, 10, 7, 9, 17, 2, 17, 2, 9, 9, 10, 7, 9, 17, 2, 5, 11, 6, 17, 5, 3, 13, 3, 13, 3, 13, 13, 3, 13, 3, 15, 15, 15, 13, 3, 13, 3, 3, 13, 3, 13, 14, 13, 14, 15, 14, 17, 14, 14, 15, 14, 14, 15, 15, 15, 14, 14, 15, 14]
bestever    2011    in generation 1556
[8, 5, 5, 20, 20, 6, 18, 5, 8, 4, 6, 4, 5, 18, 20, 20, 12, 4, 8, 11, 3, 4, 4, 11, 6, 8, 18, 18, 19, 4, 6, 8, 4, 5, 11, 12, 19, 12, 8, 1, 12, 19, 18, 18, 20, 10, 11, 6, 20, 18, 8, 18, 1, 10, 7, 8, 16, 8, 12, 9, 5, 16, 1, 1, 20, 20, 16, 11, 16, 18, 12, 1, 20, 10, 16, 12, 19, 20, 4, 16, 11, 10, 16, 7, 18, 11, 19, 11, 5, 4, 2, 11, 6, 19, 16, 19, 19, 6, 2, 19, 16, 12, 12, 2, 17, 7, 19, 1, 1, 2, 2, 10, 12, 7, 1, 10, 15, 1, 8, 7, 4, 16, 6, 6, 1, 5, 9, 7, 17, 10, 17, 10, 7, 17, 2, 9, 9, 7, 17, 2, 9, 9, 10, 7, 9, 17, 2, 17, 2, 9, 9, 10, 7, 9, 17, 2, 5, 11, 6, 17, 5, 3, 13, 3, 13, 3, 13, 13, 3, 13, 3, 15, 15, 15, 13, 3, 13, 3, 3, 13, 3, 13, 14, 13, 14, 15, 14, 17, 14, 14, 15, 14, 14, 15, 15, 15, 14, 14, 15, 14]
bestever    2006    in generation 1573
[8, 5, 5, 20, 20, 6, 18, 5, 8, 4, 6, 4, 5, 18, 20, 20, 12, 4, 8, 11, 3, 4, 4, 11, 6, 8, 18, 18, 19, 4, 6, 8, 4, 5, 11, 12, 19, 12, 8, 1, 12, 19, 18, 18, 20, 10, 11, 6, 20, 18, 8, 18, 1, 10, 7, 8, 16, 8, 12, 9, 5, 16, 1, 1, 20, 20, 16, 11, 16, 18, 12, 1, 20, 10, 16, 12, 19, 20, 4, 16, 11, 10, 16, 7, 18, 11, 19, 11, 5, 4, 2, 11, 6, 19, 16, 19, 19, 6, 2, 19, 16, 12, 12, 2, 17, 7, 19, 1, 1, 2, 10, 12, 7, 1, 10, 15, 1, 8, 7, 4, 16, 6, 6, 1, 5, 9, 7, 17, 10, 10, 7, 17, 2, 17, 2, 9, 9, 7, 17, 2, 9, 9, 10, 7, 9, 17, 2, 17, 2, 9, 9, 10, 7, 9, 17, 2, 5, 11, 6, 17, 5, 3, 13, 3, 13, 3, 13, 13, 3, 13, 3, 15, 15, 15, 13, 3, 13, 3, 3, 13, 3, 13, 14, 13, 14, 15, 14, 17, 14, 14, 15, 14, 14, 15, 15, 15, 14, 14, 15, 14]
bestever    2004    in generation 1934
[8, 5, 5, 20, 20, 6, 18, 5, 8, 4, 6, 4, 5, 18, 20, 20, 12, 4, 8, 11, 14, 4, 4, 11, 6, 8, 18, 18, 19, 4, 6, 8, 4, 5, 11, 12, 19, 12, 8, 1, 12, 19, 18, 18, 20, 10, 11, 6, 20, 18, 8, 18, 1, 10, 7, 8, 16, 8, 12, 9, 5, 16, 1, 1, 20, 20, 16, 11, 16, 18, 12, 1, 20, 10, 16, 12, 19, 20, 4, 16, 11, 10, 3, 16, 7, 18, 11, 19, 11, 5, 4, 2, 11, 6, 19, 16, 19, 19, 9, 6, 2, 19, 16, 12, 12, 2, 17, 7, 19, 1, 1, 2, 10, 12, 7, 1, 10, 1, 8, 7, 4, 16, 6, 6, 1, 5, 7, 17, 10, 10, 7, 17, 2, 17, 2, 9, 9, 7, 17, 2, 9, 9, 10, 7, 9, 17, 2, 17, 2, 9, 9, 10, 5, 7, 9, 17, 2, 11, 6, 17, 5, 3, 13, 3, 13, 15, 3, 13, 13, 3, 13, 3, 15, 15, 15, 13, 3, 13, 3, 3, 13, 3, 13, 14, 13, 14, 15, 17, 14, 15, 14, 14, 14, 15, 15, 15, 14, 14, 15, 14]
bestever    1990    in generation 2035
[8, 5, 5, 20, 20, 6, 18, 5, 8, 4, 6, 4, 5, 18, 20, 20, 12, 8, 8, 11, 4, 4, 11, 6, 8, 18, 18, 19, 4, 6, 8, 4, 5, 11, 12, 19, 12, 8, 1, 12, 19, 18, 18, 20, 4, 11, 6, 20, 18, 4, 18, 1, 10, 7, 8, 16, 8, 12, 9, 5, 16, 1, 1, 20, 20, 16, 11, 16, 18, 12, 1, 20, 10, 16, 12, 19, 20, 4, 16, 11, 10, 3, 16, 7, 18, 11, 19, 11, 5, 10, 2, 11, 6, 19, 16, 19, 19, 9, 6, 2, 19, 16, 12, 12, 2, 17, 7, 19, 1, 1, 2, 10, 12, 7, 1, 10, 1, 8, 7, 4, 16, 6, 6, 1, 5, 7, 17, 10, 10, 7, 17, 2, 17, 2, 9, 9, 7, 17, 2, 9, 9, 10, 7, 9, 17, 2, 17, 2, 9, 9, 10, 5, 7, 9, 17, 3, 11, 6, 17, 5, 3, 13, 2, 13, 15, 3, 13, 13, 3, 13, 3, 15, 15, 15, 13, 3, 13, 3, 3, 13, 3, 13, 13, 14, 15, 17, 14, 15, 14, 14, 14, 14, 14, 15, 15, 15, 14, 14, 15, 14]
bestever    1988    in generation 2179
[8, 5, 5, 20, 20, 6, 18, 5, 8, 4, 6, 4, 5, 18, 20, 20, 12, 8, 8, 11, 4, 4, 11, 6, 8, 18, 18, 19, 4, 6, 8, 4, 5, 11, 12, 19, 12, 8, 1, 12, 19, 18, 18, 20, 4, 11, 6, 20, 18, 4, 18, 1, 5, 10, 7, 8, 16, 8, 12, 9, 5, 16, 1, 1, 20, 20, 16, 11, 16, 18, 12, 1, 20, 10, 16, 12, 19, 20, 4, 16, 11, 10, 3, 16, 7, 18, 11, 19, 11, 10, 2, 11, 6, 19, 16, 19, 19, 9, 6, 2, 19, 16, 12, 12, 2, 17, 7, 19, 1, 1, 2, 10, 12, 7, 1, 10, 1, 8, 7, 4, 16, 6, 6, 1, 7, 17, 10, 10, 7, 2, 2, 9, 9, 17, 9, 7, 17, 17, 2, 9, 5, 10, 7, 9, 17, 2, 17, 2, 9, 9, 10, 5, 7, 9, 17, 3, 11, 6, 17, 5, 3, 13, 2, 13, 15, 3, 13, 13, 3, 13, 3, 15, 15, 15, 13, 3, 13, 3, 3, 13, 3, 13, 13, 14, 15, 17, 14, 15, 14, 14, 14, 14, 14, 15, 15, 15, 14, 14, 15, 14]
bestever    1961    in generation 2261
[8, 5, 5, 20, 20, 6, 18, 5, 8, 4, 6, 4, 5, 18, 20, 20, 12, 8, 8, 11, 4, 4, 11, 6, 8, 18, 18, 19, 4, 4, 4, 5, 11, 12, 19, 12, 8, 1, 12, 19, 18, 18, 20, 4, 11, 20, 18, 4, 18, 1, 5, 10, 7, 8, 16, 8, 12, 9, 5, 16, 1, 1, 20, 20, 16, 11, 16, 18, 12, 1, 20, 10, 16, 12, 19, 20, 8, 16, 11, 10, 16, 3, 7, 18, 11, 19, 11, 10, 2, 11, 6, 19, 16, 19, 19, 9, 6, 2, 19, 12, 12, 2, 17, 7, 19, 1, 1, 2, 10, 12, 7, 1, 10, 8, 16, 6, 6, 1, 7, 4, 16, 6, 6, 1, 7, 17, 10, 10, 7, 2, 2, 9, 9, 17, 9, 7, 17, 17, 2, 9, 5, 10, 7, 9, 17, 2, 17, 2, 9, 9, 10, 5, 7, 9, 17, 3, 11, 6, 17, 5, 3, 13, 2, 13, 15, 3, 13, 13, 3, 13, 3, 15, 15, 15, 13, 3, 13, 3, 3, 13, 3, 13, 13, 14, 15, 17, 14, 15, 14, 14, 14, 14, 14, 15, 15, 15, 14, 14, 15, 14]
bestever    1960    in generation 2269
[8, 5, 5, 20, 20, 6, 18, 5, 8, 4, 6, 4, 5, 18, 20, 20, 12, 8, 8, 11, 4, 4, 11, 6, 8, 18, 18, 19, 4, 4, 4, 5, 11, 12, 19, 12, 8, 1, 12, 19, 18, 18, 20, 4, 11, 20, 18, 20, 18, 1, 5, 10, 7, 8, 16, 8, 12, 9, 5, 16, 1, 1, 4, 20, 16, 11, 16, 18, 12, 1, 20, 10, 16, 12, 19, 20, 8, 16, 11, 10, 16, 3, 7, 18, 11, 19, 11, 10, 2, 11, 6, 19, 16, 19, 19, 9, 6, 2, 19, 12, 12, 2, 17, 7, 19, 1, 1, 2, 10, 12, 7, 1, 10, 8, 16, 6, 6, 1, 7, 4, 16, 6, 6, 1, 7, 17, 10, 10, 7, 2, 2, 9, 9, 17, 9, 7, 17, 17, 2, 9, 5, 10, 7, 9, 17, 2, 17, 2, 9, 9, 10, 5, 7, 9, 17, 3, 11, 6, 17, 5, 3, 13, 2, 13, 15, 3, 13, 13, 3, 13, 3, 15, 15, 15, 13, 3, 13, 3, 3, 13, 3, 13, 13, 14, 15, 17, 14, 15, 14, 14, 14, 14, 14, 15, 15, 15, 14, 14, 15, 14]
bestever    1954    in generation 2341
[8, 5, 5, 20, 20, 6, 18, 5, 8, 4, 6, 4, 5, 18, 20, 20, 12, 8, 8, 11, 4, 4, 11, 6, 8, 18, 18, 19, 4, 4, 4, 5, 11, 12, 19, 12, 8, 1, 12, 19, 18, 18, 20, 4, 11, 20, 18, 20, 18, 1, 5, 10, 10, 8, 16, 8, 12, 9, 5, 16, 1, 1, 4, 20, 19, 11, 16, 18, 12, 1, 20, 10, 16, 12, 19, 20, 8, 16, 11, 10, 16, 3, 7, 18, 11, 16, 11, 10, 2, 11, 6, 19, 16, 19, 19, 9, 6, 2, 19, 12, 12, 2, 17, 7, 19, 1, 1, 2, 7, 12, 7, 1, 10, 8, 16, 6, 6, 1, 7, 4, 16, 6, 6, 1, 7, 17, 10, 10, 7, 2, 2, 9, 9, 17, 9, 7, 17, 17, 2, 9, 5, 10, 7, 9, 17, 2, 17, 2, 9, 9, 10, 5, 7, 9, 17, 3, 11, 6, 17, 5, 3, 13, 2, 13, 15, 3, 13, 13, 3, 13, 3, 15, 15, 15, 13, 3, 13, 3, 3, 13, 3, 13, 13, 14, 15, 17, 14, 15, 14, 14, 14, 14, 14, 15, 15, 15, 14, 14, 15, 14]
bestever    1931    in generation 2433
[8, 5, 5, 20, 20, 6, 18, 5, 8, 4, 6, 4, 5, 18, 20, 20, 12, 8, 8, 11, 4, 4, 11, 6, 8, 18, 18, 19, 4, 4, 4, 5, 11, 12, 19, 12, 8, 1, 12, 19, 18, 18, 20, 4, 11, 20, 18, 20, 18, 1, 5, 10, 10, 8, 16, 8, 12, 9, 5, 16, 7, 1, 4, 20, 19, 11, 16, 18, 12, 1, 20, 10, 16, 12, 19, 20, 8, 16, 11, 10, 16, 3, 1, 18, 11, 16, 11, 10, 2, 11, 6, 19, 16, 19, 19, 9, 6, 2, 19, 12, 12, 2, 17, 19, 1, 1, 2, 7, 12, 7, 1, 10, 8, 16, 6, 6, 1, 7, 4, 16, 6, 7, 6, 1, 7, 17, 10, 10, 7, 2, 2, 9, 9, 17, 9, 7, 17, 17, 2, 9, 5, 10, 7, 9, 17, 2, 17, 2, 9, 9, 10, 5, 7, 9, 17, 3, 11, 6, 17, 5, 3, 13, 2, 13, 3, 13, 13, 3, 15, 13, 3, 15, 15, 15, 13, 3, 13, 3, 3, 13, 3, 13, 13, 17, 14, 15, 14, 15, 14, 14, 14, 14, 14, 15, 15, 15, 14, 14, 15, 14]
bestever    1929    in generation 2498
[8, 5, 5, 20, 20, 6, 18, 5, 8, 4, 6, 4, 5, 18, 20, 20, 12, 8, 8, 12, 4, 4, 11, 6, 8, 18, 18, 19, 4, 4, 4, 5, 11, 12, 19, 11, 8, 1, 12, 19, 18, 18, 20, 4, 11, 20, 18, 20, 18, 1, 5, 10, 10, 8, 16, 8, 12, 9, 5, 16, 7, 1, 4, 20, 19, 11, 16, 18, 12, 1, 20, 10, 16, 12, 19, 20, 8, 16, 11, 10, 16, 3, 1, 18, 11, 16, 11, 10, 2, 11, 6, 19, 16, 19, 19, 9, 6, 2, 19, 12, 12, 2, 17, 19, 1, 1, 2, 7, 12, 7, 1, 10, 8, 16, 6, 6, 1, 7, 4, 16, 6, 7, 6, 1, 7, 17, 10, 10, 7, 2, 2, 9, 9, 17, 9, 7, 17, 17, 2, 9, 5, 10, 7, 9, 17, 2, 17, 2, 9, 9, 10, 5, 7, 9, 17, 3, 11, 6, 17, 5, 3, 13, 2, 13, 3, 13, 13, 3, 15, 13, 3, 15, 15, 15, 13, 3, 13, 3, 3, 13, 3, 13, 13, 17, 14, 15, 14, 15, 14, 14, 14, 14, 14, 15, 15, 15, 14, 14, 15, 14]
bestever    1909    in generation 2568
[5, 8, 5, 20, 20, 6, 18, 5, 8, 4, 6, 4, 5, 18, 20, 20, 12, 8, 8, 12, 4, 4, 11, 6, 8, 18, 18, 19, 4, 4, 4, 5, 11, 12, 19, 11, 8, 1, 12, 19, 18, 18, 20, 4, 11, 20, 18, 20, 18, 1, 5, 10, 10, 8, 16, 8, 12, 9, 5, 16, 7, 1, 4, 20, 19, 11, 16, 18, 12, 1, 20, 10, 16, 12, 19, 20, 8, 16, 11, 10, 16, 3, 1, 18, 11, 16, 11, 10, 2, 11, 6, 19, 16, 19, 19, 9, 6, 2, 19, 12, 12, 2, 17, 19, 1, 1, 2, 7, 12, 7, 1, 10, 8, 16, 6, 6, 1, 7, 4, 16, 6, 7, 6, 1, 7, 17, 10, 10, 7, 2, 2, 9, 9, 17, 9, 7, 17, 17, 2, 9, 5, 10, 7, 9, 17, 2, 17, 2, 9, 9, 10, 5, 7, 9, 17, 3, 11, 6, 17, 5, 3, 13, 2, 13, 3, 13, 13, 3, 15, 13, 3, 15, 15, 15, 13, 3, 13, 3, 3, 13, 3, 13, 13, 17, 14, 15, 14, 15, 14, 14, 14, 14, 14, 15, 15, 15, 14, 14, 15, 14]
bestever    1904    in generation 2717
[5, 8, 5, 20, 20, 6, 18, 5, 8, 4, 6, 4, 5, 18, 20, 20, 12, 8, 8, 12, 4, 4, 11, 6, 8, 18, 18, 19, 4, 4, 4, 5, 11, 12, 19, 11, 8, 1, 12, 19, 18, 18, 20, 4, 11, 20, 18, 20, 18, 20, 1, 5, 10, 10, 8, 16, 8, 12, 9, 5, 16, 7, 1, 4, 19, 11, 16, 18, 12, 1, 20, 10, 16, 12, 19, 20, 8, 16, 11, 10, 16, 3, 1, 18, 11, 16, 11, 10, 11, 6, 19, 16, 19, 19, 9, 6, 2, 19, 12, 12, 17, 19, 1, 1, 2, 7, 12, 7, 1, 10, 8, 16, 6, 6, 1, 4, 16, 6, 7, 6, 1, 7, 17, 10, 10, 7, 2, 2, 7, 2, 2, 9, 9, 17, 9, 7, 17, 17, 2, 9, 5, 10, 7, 9, 17, 2, 17, 2, 9, 9, 10, 5, 7, 9, 17, 3, 11, 6, 17, 5, 3, 13, 2, 13, 3, 13, 13, 3, 15, 13, 3, 15, 15, 15, 13, 3, 13, 3, 3, 13, 3, 13, 13, 17, 14, 15, 14, 15, 14, 14, 14, 14, 14, 15, 15, 15, 14, 14, 15, 14]
bestever    1895    in generation 2767
[5, 8, 5, 20, 20, 6, 18, 5, 8, 4, 6, 4, 5, 18, 20, 20, 12, 8, 8, 12, 4, 4, 11, 6, 8, 18, 18, 19, 20, 4, 4, 5, 11, 12, 19, 11, 8, 1, 12, 19, 18, 18, 4, 4, 11, 20, 18, 20, 18, 20, 1, 5, 10, 10, 8, 16, 8, 12, 9, 5, 16, 7, 1, 4, 19, 11, 16, 18, 12, 1, 20, 10, 16, 12, 19, 20, 8, 16, 11, 10, 16, 3, 1, 18, 11, 16, 11, 10, 11, 6, 19, 16, 19, 19, 9, 6, 2, 19, 12, 12, 17, 19, 1, 1, 2, 7, 12, 7, 1, 10, 8, 16, 6, 6, 1, 4, 16, 6, 7, 6, 1, 7, 17, 10, 10, 7, 2, 2, 7, 2, 2, 9, 9, 17, 9, 7, 17, 17, 2, 9, 5, 10, 7, 9, 17, 2, 17, 2, 9, 9, 10, 5, 7, 9, 17, 3, 11, 6, 17, 5, 3, 13, 2, 13, 3, 13, 13, 3, 15, 13, 3, 15, 15, 15, 13, 3, 13, 3, 3, 13, 3, 13, 13, 17, 14, 15, 14, 15, 14, 14, 14, 14, 14, 15, 15, 15, 14, 14, 15, 14]
bestever    1893    in generation 2799
[5, 8, 5, 20, 20, 6, 18, 5, 8, 4, 6, 4, 5, 18, 20, 20, 12, 8, 8, 12, 4, 4, 11, 6, 8, 18, 18, 19, 20, 4, 4, 5, 11, 12, 19, 11, 8, 1, 12, 19, 18, 18, 4, 4, 11, 20, 18, 20, 18, 20, 1, 5, 10, 10, 8, 16, 8, 12, 9, 5, 16, 7, 1, 4, 19, 11, 16, 18, 12, 1, 20, 10, 16, 12, 19, 20, 8, 16, 11, 10, 16, 3, 1, 18, 11, 16, 11, 10, 11, 6, 19, 16, 19, 19, 9, 6, 2, 19, 12, 12, 17, 19, 1, 1, 2, 7, 12, 7, 1, 10, 8, 16, 6, 6, 1, 4, 16, 6, 7, 6, 1, 2, 17, 10, 10, 7, 7, 2, 7, 2, 2, 9, 9, 17, 9, 7, 17, 17, 2, 9, 5, 10, 7, 9, 17, 2, 17, 2, 9, 9, 10, 5, 7, 9, 17, 3, 11, 6, 17, 5, 3, 13, 2, 13, 3, 13, 13, 3, 15, 13, 3, 15, 15, 15, 13, 3, 13, 3, 3, 13, 3, 13, 13, 17, 14, 15, 14, 15, 14, 14, 14, 14, 15, 15, 14, 14, 15, 14, 15, 14]
bestever    1888    in generation 3931
[5, 5, 8, 5, 20, 20, 6, 18, 5, 8, 4, 6, 4, 5, 18, 20, 20, 12, 8, 8, 12, 4, 4, 11, 16, 6, 8, 18, 18, 19, 20, 4, 4, 11, 12, 19, 11, 8, 1, 15, 12, 19, 4, 18, 12, 4, 4, 11, 20, 18, 20, 16, 18, 20, 1, 5, 10, 10, 8, 16, 8, 18, 9, 5, 7, 1, 19, 11, 16, 18, 12, 1, 20, 10, 16, 12, 19, 20, 8, 11, 10, 16, 3, 1, 13, 11, 16, 11, 10, 11, 6, 19, 16, 19, 19, 9, 6, 2, 19, 15, 12, 7, 17, 19, 1, 1, 2, 7, 12, 7, 1, 10, 8, 16, 6, 6, 2, 1, 4, 16, 6, 12, 6, 10, 1, 10, 10, 7, 7, 2, 7, 3, 5, 10, 9, 7, 2, 17, 9, 7, 2, 9, 17, 9, 17, 2, 17, 9, 17, 2, 17, 2, 9, 9, 5, 7, 9, 17, 11, 3, 17, 3, 2, 18, 13, 13, 3, 13, 3, 3, 15, 15, 6, 13, 13, 3, 13, 3, 13, 3, 13, 13, 17, 15, 15, 14, 15, 14, 14, 14, 14, 15, 15, 15, 14, 14, 14, 14, 5, 14]
bestever    1878    in generation 4193
[5, 5, 8, 5, 20, 20, 6, 18, 5, 8, 4, 6, 4, 5, 18, 20, 20, 12, 8, 8, 12, 4, 4, 11, 6, 16, 8, 18, 18, 19, 20, 4, 4, 11, 12, 19, 11, 8, 1, 12, 19, 4, 18, 12, 4, 4, 11, 20, 18, 20, 16, 18, 20, 1, 5, 10, 10, 8, 16, 8, 18, 9, 5, 7, 1, 19, 11, 16, 18, 12, 1, 20, 10, 16, 14, 12, 19, 20, 8, 11, 10, 16, 3, 1, 13, 11, 16, 11, 10, 11, 6, 19, 16, 19, 19, 9, 6, 2, 19, 12, 7, 17, 19, 1, 1, 6, 2, 7, 12, 7, 1, 10, 8, 16, 6, 2, 1, 4, 16, 6, 12, 6, 10, 1, 10, 10, 7, 7, 2, 7, 3, 10, 9, 7, 2, 17, 9, 7, 2, 9, 9, 17, 17, 17, 2, 9, 5, 17, 2, 17, 2, 9, 9, 9, 5, 7, 17, 11, 3, 17, 3, 2, 18, 13, 13, 3, 13, 3, 15, 15, 6, 13, 3, 13, 3, 13, 3, 13, 3, 13, 13, 17, 15, 15, 15, 15, 14, 15, 14, 14, 14, 15, 15, 15, 14, 14, 14, 14, 5, 14]
bestever    1875    in generation 5516
[5, 5, 8, 5, 20, 20, 6, 18, 5, 8, 4, 6, 4, 5, 18, 20, 20, 12, 8, 8, 12, 4, 4, 11, 6, 19, 8, 18, 18, 16, 20, 4, 4, 4, 11, 12, 19, 11, 8, 1, 12, 19, 4, 18, 12, 16, 4, 9, 11, 20, 18, 20, 18, 20, 1, 5, 10, 10, 8, 16, 8, 18, 9, 5, 7, 1, 19, 11, 16, 18, 12, 1, 20, 10, 16, 12, 19, 20, 8, 11, 10, 16, 11, 16, 3, 11, 10, 11, 9, 6, 19, 16, 19, 1, 6, 2, 19, 12, 7, 17, 19, 19, 1, 6, 2, 7, 12, 7, 1, 10, 8, 16, 6, 10, 1, 17, 16, 6, 12, 6, 2, 1, 3, 1, 13, 10, 2, 7, 7, 10, 7, 3, 10, 9, 7, 2, 17, 9, 7, 2, 9, 17, 4, 17, 2, 9, 2, 17, 2, 5, 17, 9, 9, 9, 5, 7, 17, 11, 3, 14, 3, 15, 18, 13, 13, 3, 3, 15, 14, 2, 6, 3, 15, 17, 13, 13, 13, 13, 3, 13, 3, 13, 13, 17, 15, 15, 15, 14, 15, 14, 14, 15, 15, 15, 14, 14, 14, 14, 5, 14]
bestever    1872    in generation 5553
[5, 5, 8, 5, 20, 20, 6, 18, 5, 8, 4, 6, 4, 5, 18, 20, 20, 12, 8, 8, 12, 4, 4, 11, 6, 19, 8, 18, 18, 16, 20, 4, 4, 4, 11, 12, 19, 11, 8, 1, 12, 19, 4, 18, 12, 16, 4, 17, 11, 20, 18, 20, 18, 20, 1, 5, 10, 10, 8, 16, 8, 18, 9, 5, 7, 1, 19, 11, 16, 10, 12, 1, 20, 18, 16, 12, 19, 20, 8, 11, 10, 16, 11, 16, 3, 11, 10, 11, 9, 6, 19, 16, 19, 1, 6, 2, 19, 12, 7, 17, 19, 19, 1, 6, 2, 7, 12, 7, 1, 10, 8, 16, 6, 10, 1, 17, 16, 6, 12, 6, 2, 1, 3, 1, 13, 10, 2, 7, 7, 10, 7, 3, 10, 9, 7, 2, 17, 9, 7, 2, 9, 9, 4, 17, 2, 9, 2, 17, 2, 5, 17, 9, 9, 9, 5, 7, 17, 11, 3, 14, 3, 15, 18, 13, 13, 3, 3, 15, 14, 2, 6, 3, 15, 17, 13, 13, 13, 13, 3, 13, 3, 13, 13, 17, 15, 15, 15, 14, 15, 14, 14, 15, 15, 15, 14, 14, 14, 14, 5, 14]
bestever    1866    in generation 6356
[5, 5, 8, 5, 20, 20, 6, 18, 5, 8, 4, 6, 4, 5, 18, 20, 20, 12, 8, 8, 12, 4, 4, 11, 6, 19, 8, 18, 18, 16, 20, 4, 4, 4, 11, 12, 19, 11, 8, 1, 12, 19, 4, 18, 12, 16, 4, 11, 20, 18, 20, 18, 20, 1, 5, 10, 7, 10, 8, 16, 8, 18, 9, 5, 7, 1, 19, 11, 16, 10, 16, 12, 1, 20, 18, 16, 12, 19, 20, 8, 11, 3, 10, 13, 11, 16, 11, 10, 11, 9, 6, 19, 16, 19, 1, 6, 2, 19, 12, 7, 17, 19, 19, 1, 6, 2, 7, 12, 1, 8, 16, 9, 10, 1, 17, 16, 6, 12, 6, 1, 3, 1, 10, 10, 2, 7, 6, 17, 2, 7, 10, 7, 2, 3, 10, 2, 7, 6, 7, 2, 17, 9, 2, 9, 9, 4, 17, 9, 2, 17, 5, 17, 9, 9, 9, 5, 7, 17, 11, 3, 18, 13, 3, 13, 3, 3, 2, 3, 17, 13, 13, 13, 13, 3, 13, 3, 13, 13, 15, 15, 14, 14, 15, 17, 15, 15, 15, 14, 15, 14, 14, 15, 15, 15, 14, 14, 14, 14, 5, 14]
bestever    1863    in generation 6692
[5, 5, 8, 5, 20, 20, 6, 12, 5, 8, 4, 6, 4, 5, 18, 20, 20, 12, 8, 8, 18, 4, 4, 11, 6, 19, 8, 18, 18, 16, 20, 8, 4, 4, 4, 11, 12, 19, 11, 8, 1, 12, 19, 4, 18, 12, 16, 4, 11, 20, 18, 20, 18, 20, 1, 5, 10, 7, 10, 8, 16, 8, 18, 9, 5, 7, 1, 19, 11, 16, 10, 16, 12, 1, 20, 18, 16, 12, 19, 2, 8, 11, 11, 10, 13, 3, 16, 11, 10, 11, 9, 6, 19, 16, 19, 1, 6, 20, 19, 12, 7, 17, 19, 19, 1, 6, 3, 2, 7, 12, 1, 16, 9, 10, 1, 17, 16, 6, 12, 6, 1, 3, 1, 10, 10, 2, 7, 6, 17, 2, 7, 10, 7, 2, 3, 10, 2, 7, 6, 7, 2, 17, 9, 2, 9, 9, 4, 17, 9, 2, 17, 5, 17, 9, 9, 9, 5, 7, 17, 11, 3, 18, 13, 3, 15, 3, 2, 3, 17, 13, 13, 13, 13, 3, 13, 3, 13, 13, 13, 14, 15, 14, 14, 15, 17, 15, 15, 15, 14, 15, 5, 14, 14, 15, 15, 15, 14, 14, 14, 14]
