bestever    3481    in generation 0
[13, 5, 11, 3, 9, 5, 1, 6, 19, 14, 6, 15, 4, 11, 1, 14, 19, 11, 5, 16, 12, 4, 2, 18, 16, 18, 19, 14, 7, 9, 13, 19, 17, 17, 15, 20, 14, 8, 12, 6, 6, 2, 9, 8, 18, 3, 12, 6, 18, 4, 9, 10, 7, 17, 8, 7, 5, 11, 5, 15, 4, 2, 8, 8, 16, 4, 11, 20, 8, 9, 14, 15, 11, 3, 1, 3, 14, 13, 2, 16, 2, 11, 3, 6, 14, 8, 5, 19, 11, 9, 17, 4, 8, 6, 20, 19, 4, 3, 2, 1, 16, 11, 16, 13, 3, 17, 15, 12, 2, 19, 13, 4, 1, 1, 5, 20, 18, 15, 12, 4, 20, 3, 14, 2, 10, 6, 18, 8, 6, 7, 1, 15, 13, 7, 16, 7, 7, 1, 3, 15, 8, 2, 14, 16, 9, 12, 5, 10, 18, 14, 13, 17, 18, 13, 19, 20, 1, 10, 19, 3, 10, 9, 1, 4, 20, 7, 7, 13, 10, 12, 15, 5, 7, 9, 20, 11, 17, 17, 10, 16, 20, 12, 12, 18, 19, 20, 9, 2, 17, 10, 6, 10, 15, 5, 13, 18, 16, 10, 12, 17]
bestever    3349    in generation 2
[8, 16, 14, 15, 3, 9, 14, 4, 17, 16, 16, 20, 17, 5, 3, 20, 10, 19, 10, 7, 3, 11, 2, 9, 5, 11, 7, 1, 12, 10, 11, 17, 19, 11, 7, 9, 9, 20, 4, 16, 8, 16, 16, 18, 3, 18, 10, 1, 17, 20, 10, 14, 18, 2, 7, 19, 12, 14, 18, 7, 9, 16, 8, 7, 19, 5, 5, 10, 15, 16, 1, 1, 18, 14, 6, 2, 9, 14, 11, 2, 2, 5, 1, 20, 12, 12, 8, 15, 19, 15, 5, 12, 4, 6, 7, 11, 8, 20, 9, 19, 2, 20, 7, 13, 10, 9, 6, 15, 15, 5, 13, 13, 6, 2, 4, 15, 19, 6, 14, 17, 4, 12, 1, 17, 3, 12, 3, 4, 5, 1, 1, 4, 12, 14, 13, 1, 20, 17, 2, 12, 14, 18, 12, 2, 16, 8, 3, 3, 3, 18, 7, 9, 4, 19, 1, 17, 6, 13, 10, 10, 6, 18, 8, 19, 2, 7, 20, 13, 9, 10, 13, 20, 11, 11, 4, 3, 17, 8, 16, 18, 6, 14, 11, 8, 15, 15, 4, 6, 11, 8, 19, 13, 5, 13, 13, 17, 6, 15, 5, 18]
bestever    3176    in generation 4
[4, 8, 16, 16, 3, 10, 17, 10, 14, 18, 18, 7, 16, 8, 7, 19, 10, 16, 1, 1, 18, 14, 14, 11, 2, 1, 20, 12, 8, 19, 5, 12, 4, 7, 11, 8, 20, 9, 19, 2, 20, 7, 13, 5, 13, 13, 17, 1, 6, 5, 18, 8, 2, 16, 12, 14, 15, 3, 9, 8, 7, 19, 5, 5, 10, 15, 16, 1, 1, 18, 6, 2, 9, 11, 2, 2, 5, 20, 12, 8, 15, 19, 15, 5, 6, 7, 11, 8, 20, 9, 19, 2, 20, 13, 5, 6, 15, 18, 16, 9, 16, 20, 20, 19, 12, 14, 15, 11, 6, 15, 6, 6, 9, 6, 17, 16, 12, 14, 15, 3, 9, 4, 17, 16, 2, 20, 17, 5, 10, 3, 12, 1, 20, 10, 19, 10, 7, 3, 1, 11, 2, 9, 5, 8, 3, 15, 3, 18, 7, 11, 9, 12, 4, 19, 4, 1, 17, 13, 13, 10, 13, 13, 6, 18, 4, 1, 8, 19, 12, 14, 4, 4, 2, 3, 7, 3, 17, 14, 18, 14, 4, 15, 12, 17, 14, 13, 6, 9, 4, 10, 13, 17, 18, 3, 11, 7, 10, 11, 17, 11]
bestever    3127    in generation 6
[7, 16, 8, 7, 19, 10, 16, 18, 14, 14, 11, 2, 20, 8, 19, 5, 4, 7, 11, 8, 20, 9, 19, 2, 20, 7, 5, 13, 17, 1, 6, 5, 18, 8, 2, 16, 14, 15, 3, 9, 8, 7, 19, 5, 5, 10, 15, 16, 1, 1, 18, 6, 2, 9, 11, 2, 20, 12, 8, 19, 6, 7, 11, 8, 20, 9, 2, 20, 13, 5, 15, 18, 16, 9, 16, 20, 20, 19, 12, 14, 15, 11, 15, 6, 6, 9, 6, 17, 16, 12, 14, 15, 3, 9, 4, 17, 16, 2, 20, 17, 5, 10, 3, 12, 1, 20, 10, 19, 15, 5, 13, 13, 6, 2, 4, 15, 19, 6, 14, 17, 4, 12, 1, 17, 3, 12, 3, 4, 5, 1, 1, 4, 12, 14, 13, 10, 7, 3, 1, 11, 2, 9, 5, 8, 3, 15, 3, 18, 7, 11, 9, 12, 4, 19, 4, 1, 17, 13, 13, 10, 13, 13, 6, 18, 1, 8, 19, 12, 14, 2, 7, 17, 14, 18, 14, 15, 12, 13, 6, 9, 4, 10, 18, 3, 11, 7, 10, 11, 17, 11, 4, 8, 16, 16, 3, 10, 17, 10, 18, 18]
bestever    3116    in generation 7
[4, 8, 16, 16, 3, 10, 17, 10, 14, 18, 18, 7, 16, 8, 7, 19, 10, 16, 1, 1, 18, 14, 14, 11, 2, 1, 20, 12, 8, 19, 5, 12, 4, 7, 11, 8, 20, 9, 19, 2, 20, 7, 13, 5, 13, 13, 17, 1, 6, 5, 18, 8, 2, 16, 12, 14, 15, 3, 9, 8, 7, 19, 5, 5, 10, 15, 16, 1, 1, 18, 6, 2, 9, 11, 2, 2, 5, 20, 12, 8, 15, 19, 15, 5, 6, 7, 11, 20, 9, 19, 2, 20, 13, 5, 6, 15, 18, 16, 9, 16, 20, 20, 19, 12, 14, 15, 6, 15, 6, 9, 16, 12, 15, 3, 9, 4, 2, 20, 5, 10, 3, 12, 1, 20, 10, 19, 7, 3, 11, 2, 9, 5, 8, 3, 15, 3, 18, 7, 11, 9, 4, 17, 13, 13, 13, 6, 8, 12, 17, 14, 18, 14, 4, 19, 1, 17, 6, 13, 1, 17, 16, 10, 10, 6, 18, 4, 1, 8, 19, 12, 14, 4, 11, 4, 2, 3, 7, 3, 17, 14, 4, 15, 12, 17, 14, 13, 6, 9, 4, 10, 13, 17, 18, 3, 11, 7, 10, 11, 17, 11]
bestever    3057    in generation 8
[16, 16, 3, 10, 17, 10, 14, 18, 18, 7, 16, 8, 7, 19, 10, 16, 1, 1, 18, 14, 14, 11, 2, 1, 20, 12, 8, 19, 5, 12, 7, 11, 8, 20, 9, 19, 2, 20, 7, 13, 5, 13, 1, 6, 5, 18, 8, 2, 16, 12, 14, 15, 9, 8, 19, 5, 5, 15, 16, 1, 1, 6, 2, 9, 2, 2, 5, 20, 12, 8, 15, 19, 15, 5, 6, 20, 9, 19, 2, 20, 5, 6, 15, 16, 9, 16, 20, 20, 12, 14, 15, 11, 6, 15, 6, 6, 9, 17, 16, 14, 4, 17, 16, 20, 17, 5, 12, 1, 10, 7, 3, 11, 2, 8, 3, 15, 3, 18, 7, 11, 9, 12, 4, 19, 4, 17, 10, 13, 13, 6, 18, 4, 20, 10, 19, 10, 7, 3, 1, 11, 2, 9, 5, 8, 3, 15, 3, 18, 7, 11, 9, 12, 4, 19, 4, 1, 17, 13, 13, 10, 13, 13, 6, 18, 4, 1, 8, 19, 12, 14, 4, 4, 2, 3, 7, 3, 17, 14, 18, 14, 4, 15, 12, 17, 14, 13, 6, 9, 10, 13, 17, 18, 3, 11, 7, 10, 11, 17, 11, 8]
bestever    2992    in generation 10
[14, 18, 18, 7, 16, 8, 7, 19, 10, 16, 1, 1, 18, 14, 14, 11, 2, 1, 20, 12, 8, 19, 5, 12, 4, 7, 11, 8, 20, 9, 19, 2, 20, 7, 13, 5, 13, 13, 17, 1, 6, 5, 18, 8, 2, 16, 12, 14, 15, 3, 9, 8, 7, 19, 5, 14, 15, 3, 9, 8, 7, 19, 5, 5, 10, 15, 16, 1, 1, 18, 6, 2, 9, 11, 2, 2, 5, 20, 12, 8, 19, 15, 5, 6, 7, 11, 8, 20, 19, 2, 20, 13, 6, 15, 18, 16, 9, 16, 20, 20, 19, 12, 14, 15, 11, 6, 15, 6, 6, 9, 6, 17, 16, 12, 14, 15, 3, 9, 4, 17, 16, 2, 20, 17, 5, 10, 12, 1, 20, 10, 10, 7, 3, 1, 11, 2, 9, 5, 8, 3, 15, 3, 18, 7, 11, 9, 12, 4, 19, 4, 1, 17, 13, 13, 10, 13, 13, 6, 18, 4, 1, 8, 19, 12, 4, 4, 2, 3, 7, 3, 17, 14, 18, 14, 4, 15, 12, 17, 14, 13, 6, 9, 4, 10, 13, 17, 18, 3, 11, 10, 11, 17, 11, 4, 16, 16, 3, 10, 17, 10]
bestever    2925    in generation 12
[11, 2, 2, 12, 8, 19, 5, 7, 11, 8, 9, 19, 2, 13, 5, 18, 9, 20, 20, 19, 12, 14, 11, 15, 6, 9, 6, 17, 16, 12, 14, 15, 3, 7, 11, 8, 20, 9, 19, 2, 20, 5, 17, 6, 5, 18, 8, 2, 16, 12, 14, 15, 3, 9, 19, 5, 5, 10, 15, 16, 1, 18, 6, 2, 9, 11, 2, 2, 5, 20, 12, 8, 15, 15, 5, 6, 7, 11, 8, 20, 9, 20, 13, 6, 15, 16, 16, 20, 19, 12, 14, 15, 6, 15, 6, 6, 6, 17, 16, 14, 3, 4, 16, 2, 20, 5, 10, 3, 12, 1, 19, 7, 1, 8, 3, 18, 7, 12, 4, 19, 4, 1, 18, 8, 14, 4, 14, 18, 14, 4, 17, 4, 20, 10, 19, 10, 7, 3, 1, 11, 2, 9, 5, 8, 3, 15, 3, 18, 7, 11, 9, 12, 4, 19, 4, 1, 17, 13, 13, 10, 13, 10, 13, 17, 4, 8, 16, 16, 10, 16, 1, 7, 17, 10, 11, 11, 17, 10, 13, 13, 7, 3, 17, 18, 14, 4, 13, 13, 17, 1, 18, 12, 14, 3, 7, 10, 1, 1, 18, 9]
bestever    2637    in generation 16
[14, 18, 18, 7, 16, 8, 7, 19, 16, 1, 1, 18, 14, 14, 11, 2, 1, 20, 12, 8, 19, 5, 12, 4, 7, 11, 8, 20, 9, 19, 2, 20, 7, 13, 5, 13, 17, 1, 6, 5, 18, 8, 2, 16, 12, 14, 15, 3, 9, 8, 7, 19, 5, 14, 15, 3, 9, 8, 19, 5, 5, 15, 16, 18, 6, 2, 9, 11, 2, 2, 5, 20, 12, 8, 19, 15, 5, 6, 11, 8, 20, 19, 2, 20, 6, 15, 18, 16, 9, 20, 20, 19, 12, 14, 15, 6, 15, 6, 6, 9, 6, 17, 12, 14, 15, 3, 9, 4, 2, 20, 5, 12, 20, 3, 1, 2, 15, 12, 4, 4, 1, 6, 4, 1, 7, 14, 18, 12, 14, 6, 9, 10, 18, 3, 19, 10, 7, 3, 1, 11, 2, 9, 5, 8, 3, 15, 3, 18, 7, 11, 9, 12, 4, 19, 4, 1, 17, 13, 13, 10, 13, 10, 13, 17, 4, 8, 16, 16, 10, 16, 1, 7, 17, 10, 11, 11, 17, 10, 13, 13, 7, 3, 17, 18, 14, 4, 13, 13, 17, 10, 11, 17, 11, 4, 16, 16, 3, 10, 17, 10]
bestever    2615    in generation 27
[14, 18, 18, 7, 16, 8, 7, 19, 16, 1, 1, 18, 14, 14, 11, 2, 1, 20, 12, 8, 19, 5, 12, 4, 7, 11, 8, 20, 9, 19, 2, 20, 7, 13, 5, 17, 1, 6, 5, 18, 8, 2, 16, 12, 14, 15, 3, 9, 8, 7, 19, 5, 14, 15, 3, 9, 8, 19, 5, 5, 15, 16, 18, 6, 2, 9, 11, 2, 2, 5, 20, 12, 8, 19, 15, 5, 6, 11, 8, 20, 19, 2, 20, 6, 15, 18, 16, 9, 20, 20, 19, 12, 14, 15, 6, 15, 6, 6, 9, 6, 12, 14, 15, 3, 9, 4, 2, 20, 5, 12, 20, 3, 1, 2, 15, 12, 4, 4, 1, 6, 4, 1, 7, 14, 6, 9, 10, 3, 19, 3, 2, 5, 8, 18, 9, 12, 1, 1, 11, 10, 13, 3, 17, 18, 14, 15, 3, 18, 7, 11, 9, 12, 4, 19, 4, 7, 17, 13, 13, 10, 13, 10, 13, 17, 4, 8, 16, 16, 10, 16, 1, 7, 17, 10, 11, 11, 17, 10, 13, 13, 7, 3, 17, 18, 14, 4, 13, 13, 17, 10, 11, 17, 11, 4, 16, 16, 3, 10, 17, 10]
bestever    2599    in generation 29
[14, 18, 18, 7, 16, 8, 7, 19, 16, 1, 1, 18, 14, 14, 11, 2, 1, 20, 12, 8, 19, 5, 12, 4, 7, 11, 8, 20, 9, 19, 2, 20, 7, 13, 5, 13, 17, 1, 6, 5, 18, 8, 2, 16, 12, 14, 15, 3, 9, 8, 7, 19, 5, 14, 15, 3, 9, 8, 19, 5, 5, 15, 16, 18, 6, 2, 9, 11, 2, 2, 5, 20, 12, 8, 19, 15, 5, 6, 11, 8, 20, 19, 2, 20, 6, 15, 18, 16, 9, 20, 20, 19, 12, 14, 15, 6, 15, 6, 6, 9, 6, 12, 14, 15, 3, 9, 4, 2, 20, 5, 12, 20, 3, 1, 2, 15, 12, 4, 4, 1, 6, 4, 1, 7, 14, 18, 12, 6, 9, 18, 3, 19, 7, 3, 1, 11, 2, 9, 5, 8, 3, 15, 11, 7, 18, 14, 10, 17, 9, 12, 4, 19, 4, 1, 17, 13, 13, 10, 13, 10, 13, 17, 4, 8, 16, 16, 10, 16, 1, 7, 17, 10, 11, 11, 17, 10, 13, 13, 7, 3, 17, 18, 14, 4, 13, 13, 17, 10, 11, 17, 11, 4, 16, 3, 10, 16, 3, 10, 17, 10]
bestever    2581    in generation 56
[14, 18, 18, 7, 16, 8, 7, 19, 16, 1, 1, 18, 14, 14, 11, 2, 9, 20, 12, 8, 19, 5, 12, 4, 7, 11, 8, 20, 1, 19, 2, 20, 7, 13, 5, 13, 17, 1, 6, 5, 18, 8, 2, 16, 12, 14, 15, 3, 9, 8, 7, 19, 5, 14, 15, 3, 9, 8, 19, 5, 5, 15, 16, 18, 6, 2, 9, 11, 2, 2, 5, 20, 12, 8, 19, 15, 5, 6, 11, 8, 20, 19, 2, 20, 6, 15, 18, 16, 9, 20, 20, 19, 12, 14, 15, 6, 15, 6, 6, 9, 6, 12, 14, 15, 3, 9, 4, 2, 20, 5, 12, 20, 3, 1, 2, 15, 12, 4, 4, 1, 6, 4, 1, 7, 14, 18, 12, 6, 9, 18, 3, 19, 7, 3, 1, 11, 2, 9, 5, 8, 15, 11, 7, 18, 14, 17, 9, 12, 4, 19, 4, 1, 13, 13, 13, 10, 17, 3, 10, 10, 13, 17, 4, 8, 16, 16, 10, 16, 1, 7, 17, 10, 11, 11, 17, 13, 13, 7, 3, 17, 18, 14, 4, 13, 13, 10, 17, 10, 11, 17, 11, 4, 16, 3, 10, 16, 3, 10, 17, 10]
bestever    2521    in generation 57
[14, 18, 18, 7, 16, 8, 7, 19, 16, 19, 1, 18, 14, 14, 11, 2, 1, 20, 12, 8, 19, 5, 12, 4, 7, 11, 8, 20, 9, 19, 2, 20, 7, 13, 5, 13, 17, 1, 6, 5, 18, 8, 2, 16, 12, 14, 15, 3, 9, 8, 7, 19, 5, 14, 15, 3, 9, 8, 19, 5, 5, 15, 16, 18, 6, 2, 9, 11, 2, 2, 5, 20, 12, 8, 19, 15, 5, 6, 11, 8, 20, 19, 2, 20, 6, 15, 18, 16, 9, 20, 20, 1, 12, 14, 15, 6, 15, 6, 6, 9, 6, 12, 14, 15, 3, 9, 4, 2, 20, 5, 12, 20, 3, 1, 2, 15, 12, 4, 4, 1, 6, 4, 1, 7, 14, 18, 12, 6, 9, 18, 3, 19, 7, 3, 1, 11, 2, 9, 5, 8, 15, 11, 7, 18, 14, 17, 9, 12, 4, 19, 4, 1, 13, 13, 13, 10, 17, 3, 10, 10, 13, 17, 4, 8, 16, 16, 10, 16, 1, 7, 17, 10, 11, 11, 17, 13, 13, 7, 3, 17, 18, 14, 4, 13, 13, 10, 17, 10, 11, 17, 11, 4, 16, 3, 10, 16, 3, 10, 17, 10]
bestever    2516    in generation 89
[14, 18, 18, 7, 16, 8, 7, 19, 16, 19, 1, 18, 14, 14, 11, 2, 1, 20, 12, 8, 19, 5, 12, 4, 7, 11, 8, 20, 9, 19, 2, 20, 8, 13, 5, 13, 17, 1, 6, 5, 18, 8, 2, 16, 12, 14, 15, 3, 9, 8, 19, 5, 14, 15, 3, 9, 8, 19, 5, 5, 15, 18, 6, 2, 9, 11, 2, 2, 5, 20, 12, 8, 19, 15, 5, 6, 11, 20, 19, 2, 20, 6, 15, 9, 20, 20, 1, 12, 14, 15, 6, 15, 6, 6, 9, 6, 12, 14, 15, 9, 4, 2, 20, 5, 12, 20, 1, 2, 15, 12, 4, 4, 1, 6, 4, 1, 12, 6, 9, 18, 17, 4, 10, 8, 7, 7, 18, 14, 16, 18, 3, 19, 7, 3, 1, 11, 2, 9, 5, 7, 15, 11, 7, 18, 14, 17, 9, 12, 4, 19, 4, 1, 13, 13, 13, 10, 17, 3, 10, 10, 13, 17, 4, 8, 16, 16, 10, 16, 1, 7, 17, 10, 11, 11, 17, 13, 13, 7, 3, 17, 18, 14, 4, 13, 13, 10, 17, 11, 11, 16, 3, 16, 3, 3, 10, 16, 3, 10, 17, 10]
bestever    2514    in generation 103
[14, 18, 18, 7, 16, 8, 7, 19, 16, 19, 1, 18, 14, 14, 11, 2, 1, 20, 12, 8, 19, 5, 12, 4, 7, 11, 8, 20, 9, 19, 2, 20, 8, 13, 5, 13, 17, 1, 6, 5, 18, 8, 2, 16, 12, 14, 15, 3, 9, 8, 19, 5, 14, 15, 3, 9, 8, 19, 5, 5, 15, 18, 6, 2, 9, 11, 2, 2, 5, 20, 12, 8, 19, 15, 5, 6, 11, 20, 19, 2, 20, 6, 15, 9, 20, 20, 1, 12, 14, 15, 6, 15, 6, 6, 9, 6, 12, 14, 15, 9, 4, 2, 20, 5, 12, 20, 1, 2, 15, 12, 4, 4, 1, 6, 4, 1, 12, 6, 9, 18, 17, 4, 10, 8, 7, 7, 18, 14, 16, 18, 3, 19, 7, 3, 1, 11, 2, 9, 5, 7, 15, 11, 7, 18, 14, 17, 9, 12, 4, 19, 4, 1, 13, 13, 13, 10, 17, 3, 10, 10, 13, 17, 4, 8, 16, 16, 10, 16, 1, 7, 17, 10, 11, 11, 17, 13, 13, 7, 3, 17, 18, 14, 13, 13, 11, 16, 3, 3, 10, 17, 11, 4, 16, 3, 10, 16, 3, 10, 17, 10]
bestever    2509    in generation 113
[14, 18, 18, 7, 16, 8, 7, 19, 16, 19, 1, 18, 14, 14, 11, 2, 1, 20, 12, 8, 19, 5, 12, 4, 7, 11, 8, 20, 9, 19, 2, 20, 8, 13, 5, 13, 17, 1, 6, 5, 18, 8, 2, 16, 12, 14, 15, 3, 9, 8, 19, 5, 14, 15, 3, 9, 8, 19, 5, 5, 15, 18, 6, 2, 9, 11, 2, 2, 5, 20, 12, 8, 19, 15, 5, 6, 11, 20, 19, 2, 20, 6, 15, 9, 20, 20, 1, 12, 14, 15, 6, 15, 6, 6, 9, 6, 12, 14, 15, 9, 4, 2, 20, 5, 12, 20, 1, 2, 15, 12, 4, 4, 1, 6, 4, 1, 12, 6, 9, 18, 17, 4, 10, 8, 7, 7, 18, 14, 16, 18, 3, 19, 7, 3, 1, 2, 9, 5, 7, 15, 7, 18, 14, 9, 12, 4, 19, 4, 1, 13, 13, 3, 10, 10, 17, 4, 8, 16, 16, 10, 16, 1, 7, 17, 10, 11, 11, 17, 13, 13, 17, 10, 11, 11, 17, 13, 13, 7, 3, 17, 18, 14, 13, 13, 11, 16, 3, 3, 10, 17, 11, 4, 16, 3, 10, 16, 3, 10, 17, 10]
bestever    2489    in generation 130
[14, 18, 18, 7, 16, 8, 7, 19, 16, 19, 1, 18, 14, 14, 11, 2, 1, 20, 12, 8, 19, 5, 12, 4, 7, 11, 8, 20, 9, 19, 2, 20, 8, 13, 5, 4, 17, 1, 6, 5, 18, 8, 2, 16, 12, 14, 15, 3, 9, 8, 19, 5, 14, 15, 9, 8, 19, 5, 5, 15, 18, 6, 2, 9, 11, 2, 2, 5, 20, 12, 8, 19, 15, 5, 6, 11, 20, 19, 2, 20, 6, 15, 9, 20, 20, 1, 12, 14, 15, 6, 15, 6, 6, 9, 6, 12, 14, 15, 9, 4, 2, 20, 5, 12, 20, 1, 2, 15, 12, 4, 4, 1, 6, 13, 1, 12, 6, 9, 18, 17, 4, 16, 8, 7, 7, 18, 14, 16, 18, 3, 19, 7, 3, 1, 2, 9, 5, 7, 15, 7, 18, 14, 17, 9, 12, 4, 19, 4, 1, 13, 13, 13, 3, 10, 10, 4, 8, 16, 10, 10, 16, 1, 10, 11, 11, 17, 3, 17, 13, 7, 17, 10, 11, 11, 17, 13, 13, 7, 3, 17, 18, 14, 13, 13, 11, 16, 3, 3, 10, 17, 11, 4, 16, 3, 10, 16, 3, 10, 17, 10]
bestever    2460    in generation 160
[14, 18, 18, 7, 16, 8, 7, 19, 16, 19, 1, 18, 14, 14, 11, 2, 1, 20, 12, 8, 19, 5, 12, 4, 7, 11, 8, 20, 9, 19, 2, 20, 8, 13, 5, 4, 17, 1, 6, 5, 18, 8, 2, 16, 12, 14, 15, 3, 9, 8, 19, 5, 14, 15, 9, 8, 19, 5, 5, 15, 18, 6, 2, 9, 11, 2, 2, 5, 20, 12, 8, 19, 15, 5, 6, 20, 19, 2, 20, 6, 15, 9, 20, 20, 1, 12, 14, 15, 6, 15, 6, 6, 9, 6, 12, 15, 9, 4, 2, 20, 5, 12, 20, 1, 2, 15, 12, 4, 4, 1, 6, 13, 1, 12, 6, 9, 18, 17, 4, 16, 8, 7, 7, 14, 18, 3, 19, 7, 3, 1, 2, 9, 5, 7, 15, 7, 18, 14, 17, 9, 12, 4, 19, 4, 1, 13, 13, 13, 10, 8, 16, 16, 1, 10, 17, 17, 13, 7, 10, 11, 3, 17, 18, 14, 7, 10, 11, 11, 13, 17, 18, 14, 13, 13, 11, 3, 10, 17, 11, 4, 3, 10, 16, 13, 11, 16, 3, 3, 10, 17, 11, 4, 16, 3, 10, 16, 3, 10, 17, 10]
bestever    2422    in generation 162
[14, 18, 18, 7, 16, 8, 7, 19, 16, 19, 1, 18, 14, 14, 11, 2, 1, 20, 12, 8, 19, 5, 12, 4, 7, 11, 8, 20, 9, 19, 2, 20, 8, 13, 5, 4, 17, 1, 6, 5, 18, 8, 2, 16, 12, 14, 15, 3, 9, 8, 19, 5, 14, 15, 9, 8, 19, 5, 5, 15, 18, 6, 2, 9, 11, 2, 2, 5, 20, 12, 8, 19, 15, 5, 6, 20, 19, 2, 20, 19, 15, 9, 20, 20, 1, 12, 14, 15, 6, 15, 6, 6, 9, 6, 12, 15, 9, 4, 2, 20, 5, 12, 20, 1, 2, 15, 12, 4, 4, 1, 6, 13, 1, 12, 6, 9, 18, 17, 4, 16, 8, 7, 7, 14, 18, 3, 6, 7, 3, 1, 2, 9, 5, 7, 15, 7, 18, 14, 17, 9, 12, 4, 19, 4, 1, 13, 13, 13, 10, 8, 16, 16, 1, 10, 17, 17, 13, 7, 10, 11, 3, 17, 18, 14, 7, 10, 11, 11, 13, 17, 18, 14, 13, 13, 11, 3, 10, 17, 11, 4, 3, 10, 16, 13, 11, 16, 3, 3, 10, 17, 11, 4, 16, 3, 10, 16, 3, 10, 17, 10]
bestever    2355    in generation 165
[16, 8, 19, 16, 19, 1, 11, 2, 1, 20, 12, 8, 19, 5, 12, 11, 8, 20, 9, 19, 2, 20, 8, 13, 5, 4, 1, 6, 5, 8, 2, 16, 12, 14, 15, 3, 9, 19, 5, 14, 15, 9, 8, 5, 5, 15, 18, 6, 2, 9, 2, 2, 5, 20, 12, 8, 15, 5, 6, 20, 19, 2, 20, 6, 15, 9, 20, 20, 12, 14, 15, 6, 15, 6, 6, 9, 6, 12, 15, 9, 4, 2, 20, 5, 12, 20, 1, 2, 15, 14, 4, 4, 1, 6, 13, 1, 6, 9, 18, 4, 16, 8, 7, 3, 19, 7, 3, 1, 2, 7, 7, 4, 16, 8, 7, 7, 18, 14, 16, 18, 19, 7, 1, 9, 5, 7, 15, 14, 9, 12, 4, 19, 12, 4, 19, 4, 1, 13, 13, 13, 8, 16, 1, 18, 14, 18, 12, 16, 11, 10, 11, 10, 17, 13, 11, 3, 10, 17, 11, 4, 3, 10, 11, 17, 3, 17, 13, 7, 17, 10, 11, 11, 17, 13, 13, 7, 3, 17, 18, 14, 13, 3, 10, 17, 10, 14, 18, 17, 11, 16, 3, 10, 16, 3, 10, 17, 10, 14, 18, 18]
bestever    2308    in generation 166
[8, 19, 16, 19, 1, 11, 2, 1, 20, 12, 8, 19, 5, 12, 11, 8, 20, 9, 19, 2, 20, 8, 13, 5, 4, 1, 6, 5, 8, 2, 16, 12, 14, 15, 3, 9, 19, 5, 14, 15, 9, 8, 5, 5, 15, 18, 6, 2, 9, 2, 2, 5, 20, 12, 8, 15, 5, 6, 20, 19, 2, 20, 6, 15, 9, 20, 20, 12, 14, 15, 6, 15, 6, 6, 9, 6, 12, 15, 9, 4, 2, 20, 5, 12, 20, 1, 2, 15, 14, 4, 4, 1, 6, 13, 1, 6, 9, 18, 4, 16, 8, 7, 3, 19, 7, 3, 1, 2, 7, 7, 4, 8, 7, 7, 18, 14, 18, 19, 7, 1, 9, 5, 7, 15, 14, 12, 19, 12, 18, 11, 17, 17, 10, 3, 10, 17, 18, 14, 17, 9, 12, 4, 19, 4, 1, 13, 13, 13, 10, 8, 16, 16, 1, 10, 17, 17, 13, 7, 10, 11, 3, 17, 18, 14, 7, 10, 11, 11, 13, 17, 18, 14, 13, 13, 11, 3, 10, 17, 11, 4, 3, 10, 16, 13, 11, 16, 3, 3, 10, 17, 11, 4, 16, 3, 10, 16, 14, 18, 18, 16]
bestever    2293    in generation 188
[8, 19, 19, 1, 11, 2, 1, 20, 12, 8, 19, 5, 12, 11, 8, 20, 9, 16, 19, 2, 20, 8, 13, 5, 4, 1, 6, 5, 8, 2, 16, 12, 14, 15, 3, 9, 19, 5, 14, 15, 9, 8, 5, 5, 15, 18, 6, 2, 9, 2, 2, 5, 20, 12, 8, 15, 5, 6, 20, 19, 2, 20, 6, 15, 9, 20, 20, 12, 14, 15, 6, 15, 6, 6, 9, 6, 12, 15, 9, 4, 2, 20, 5, 12, 20, 1, 2, 15, 14, 4, 4, 1, 6, 13, 1, 6, 9, 18, 4, 16, 8, 7, 3, 19, 7, 3, 1, 2, 7, 7, 4, 8, 7, 7, 18, 14, 18, 19, 7, 1, 9, 5, 7, 15, 14, 12, 19, 12, 18, 11, 17, 17, 10, 3, 10, 17, 18, 14, 17, 9, 12, 4, 19, 4, 1, 13, 13, 13, 10, 8, 16, 16, 1, 10, 17, 17, 13, 7, 10, 11, 3, 17, 18, 14, 7, 10, 11, 11, 13, 17, 18, 14, 13, 13, 11, 3, 10, 17, 11, 4, 3, 10, 16, 13, 11, 16, 3, 3, 10, 17, 11, 4, 16, 3, 10, 16, 14, 18, 18, 16]
bestever    2290    in generation 195
[8, 19, 19, 1, 2, 1, 20, 12, 8, 19, 5, 12, 11, 8, 20, 9, 19, 2, 20, 8, 13, 5, 4, 1, 6, 5, 8, 2, 16, 12, 14, 15, 3, 9, 19, 5, 14, 15, 9, 8, 5, 5, 15, 18, 6, 2, 9, 2, 2, 5, 20, 12, 8, 15, 5, 6, 20, 19, 2, 20, 6, 15, 9, 20, 20, 12, 14, 15, 6, 15, 6, 6, 9, 6, 12, 15, 9, 4, 2, 20, 5, 12, 20, 1, 2, 15, 14, 4, 4, 1, 6, 13, 1, 6, 9, 18, 4, 16, 8, 7, 3, 19, 7, 1, 2, 7, 7, 4, 8, 7, 7, 18, 14, 18, 19, 7, 1, 9, 5, 7, 15, 14, 12, 19, 12, 18, 11, 17, 17, 10, 3, 10, 17, 18, 14, 17, 9, 12, 4, 19, 4, 1, 13, 13, 10, 8, 16, 16, 1, 10, 17, 17, 13, 7, 10, 11, 3, 17, 13, 11, 16, 3, 18, 14, 7, 10, 11, 11, 13, 17, 18, 14, 13, 13, 11, 3, 10, 17, 11, 4, 3, 10, 16, 13, 11, 16, 3, 3, 10, 17, 11, 4, 16, 3, 10, 16, 14, 18, 18, 16]
bestever    2283    in generation 198
[8, 19, 19, 1, 11, 2, 1, 20, 12, 8, 19, 5, 12, 11, 8, 20, 9, 16, 19, 2, 20, 8, 13, 5, 4, 1, 6, 5, 8, 2, 16, 12, 14, 15, 3, 9, 19, 5, 14, 15, 9, 8, 5, 5, 15, 18, 6, 2, 9, 2, 2, 5, 20, 12, 8, 15, 5, 6, 20, 19, 2, 20, 6, 15, 9, 20, 20, 12, 14, 15, 6, 15, 6, 6, 9, 6, 12, 15, 9, 4, 2, 20, 5, 12, 20, 1, 2, 15, 14, 4, 4, 1, 6, 13, 1, 6, 9, 18, 4, 16, 8, 7, 3, 19, 7, 3, 1, 2, 7, 7, 4, 8, 7, 7, 18, 14, 18, 19, 7, 1, 9, 5, 7, 15, 14, 12, 19, 12, 18, 11, 17, 17, 10, 3, 10, 17, 18, 14, 17, 9, 12, 4, 19, 4, 1, 13, 13, 13, 10, 8, 16, 16, 1, 10, 17, 17, 13, 7, 10, 11, 3, 17, 18, 14, 7, 10, 11, 11, 13, 17, 18, 14, 13, 10, 11, 3, 10, 17, 11, 4, 3, 10, 16, 13, 11, 16, 3, 3, 10, 17, 11, 4, 16, 3, 13, 16, 14, 18, 18, 16]
bestever    2247    in generation 203
[8, 19, 19, 1, 11, 2, 1, 20, 12, 8, 19, 5, 12, 11, 8, 20, 9, 19, 2, 20, 8, 13, 5, 4, 1, 6, 5, 8, 2, 12, 14, 15, 3, 9, 19, 5, 14, 15, 9, 8, 5, 5, 15, 6, 2, 9, 2, 2, 5, 20, 12, 15, 5, 6, 20, 19, 2, 20, 6, 15, 9, 20, 20, 12, 14, 15, 6, 15, 6, 6, 9, 6, 12, 15, 9, 4, 2, 20, 5, 12, 20, 1, 2, 15, 14, 4, 4, 1, 8, 16, 6, 13, 1, 6, 9, 18, 4, 8, 7, 3, 19, 7, 3, 1, 2, 7, 7, 4, 8, 7, 7, 18, 14, 18, 19, 7, 1, 9, 5, 7, 15, 14, 12, 19, 12, 18, 11, 17, 17, 10, 3, 10, 17, 18, 14, 17, 9, 12, 4, 19, 4, 1, 13, 13, 13, 10, 8, 16, 1, 10, 17, 17, 13, 7, 10, 11, 17, 18, 14, 7, 11, 11, 13, 17, 18, 16, 3, 10, 16, 14, 16, 13, 13, 11, 3, 10, 17, 11, 4, 3, 10, 16, 13, 11, 16, 3, 3, 10, 17, 11, 4, 16, 3, 10, 16, 14, 18, 18, 18, 16]
bestever    2246    in generation 217
[8, 19, 19, 1, 11, 2, 1, 20, 12, 8, 19, 5, 12, 11, 8, 20, 9, 19, 2, 20, 8, 13, 5, 4, 1, 6, 5, 8, 2, 12, 14, 15, 3, 9, 19, 5, 14, 15, 9, 8, 5, 5, 15, 6, 2, 9, 2, 2, 5, 20, 12, 15, 5, 6, 20, 19, 2, 20, 6, 15, 9, 20, 20, 12, 14, 15, 6, 15, 6, 6, 9, 6, 12, 15, 9, 4, 2, 20, 5, 12, 20, 1, 3, 15, 14, 4, 4, 1, 8, 16, 6, 13, 1, 6, 9, 18, 4, 8, 7, 3, 19, 7, 3, 1, 2, 7, 7, 4, 8, 7, 7, 18, 14, 18, 19, 7, 1, 9, 5, 7, 15, 14, 12, 19, 12, 18, 11, 17, 17, 10, 3, 10, 17, 18, 14, 17, 9, 12, 4, 19, 4, 1, 13, 13, 13, 10, 8, 16, 1, 10, 17, 17, 13, 7, 10, 11, 17, 18, 14, 7, 11, 11, 13, 17, 18, 16, 3, 10, 16, 14, 16, 13, 13, 11, 3, 10, 17, 11, 4, 3, 10, 16, 13, 11, 16, 2, 3, 10, 17, 11, 4, 16, 3, 10, 16, 14, 18, 18, 18, 16]
bestever    2243    in generation 234
[8, 19, 19, 1, 11, 2, 1, 20, 12, 8, 19, 5, 12, 11, 8, 20, 9, 19, 2, 20, 8, 13, 5, 4, 1, 6, 5, 8, 2, 12, 14, 15, 3, 9, 19, 5, 14, 15, 9, 8, 5, 5, 15, 6, 2, 19, 2, 2, 5, 20, 12, 15, 5, 6, 20, 9, 2, 20, 6, 15, 9, 20, 20, 12, 14, 15, 6, 15, 6, 6, 9, 6, 12, 15, 9, 4, 2, 20, 5, 12, 20, 1, 3, 15, 14, 4, 4, 1, 8, 16, 6, 13, 1, 6, 9, 18, 4, 8, 7, 3, 19, 7, 3, 1, 2, 7, 14, 4, 8, 7, 7, 18, 14, 18, 19, 7, 1, 9, 5, 7, 15, 14, 12, 19, 12, 18, 11, 17, 17, 10, 3, 10, 17, 18, 14, 17, 9, 12, 4, 19, 4, 1, 13, 13, 13, 10, 8, 16, 1, 10, 17, 17, 13, 7, 10, 11, 17, 18, 7, 7, 11, 11, 13, 17, 18, 16, 3, 10, 16, 14, 16, 13, 13, 11, 3, 10, 17, 11, 4, 3, 10, 16, 13, 11, 16, 2, 3, 10, 17, 11, 4, 16, 3, 10, 16, 14, 18, 18, 18, 16]
bestever    2226    in generation 235
[8, 19, 19, 1, 11, 2, 1, 20, 12, 8, 19, 5, 12, 11, 8, 20, 9, 19, 2, 20, 8, 13, 5, 4, 1, 6, 5, 8, 2, 12, 14, 15, 3, 9, 19, 5, 14, 15, 9, 8, 5, 5, 15, 6, 2, 9, 2, 2, 5, 20, 12, 15, 5, 6, 20, 19, 2, 20, 6, 15, 9, 20, 20, 12, 14, 15, 6, 15, 6, 6, 9, 6, 12, 15, 9, 4, 2, 20, 5, 12, 20, 1, 3, 15, 14, 4, 4, 1, 17, 16, 6, 13, 1, 6, 9, 18, 4, 8, 7, 3, 19, 7, 3, 1, 2, 7, 14, 4, 8, 7, 7, 18, 14, 18, 19, 7, 1, 9, 5, 7, 15, 14, 12, 19, 12, 18, 11, 17, 8, 10, 3, 10, 17, 18, 14, 17, 9, 12, 4, 19, 4, 1, 13, 13, 13, 10, 8, 16, 1, 10, 17, 17, 13, 7, 10, 11, 17, 18, 7, 7, 11, 11, 13, 17, 18, 16, 3, 10, 16, 14, 16, 13, 13, 11, 3, 10, 17, 11, 4, 3, 10, 16, 13, 11, 16, 2, 3, 10, 17, 11, 4, 16, 3, 10, 16, 14, 18, 18, 18, 16]
bestever    2202    in generation 257
[8, 19, 19, 1, 11, 2, 1, 20, 12, 8, 19, 5, 12, 11, 8, 20, 9, 19, 2, 20, 8, 19, 5, 4, 1, 6, 5, 8, 2, 12, 14, 15, 3, 9, 19, 5, 14, 15, 9, 8, 5, 5, 15, 6, 2, 9, 2, 2, 5, 20, 12, 15, 5, 6, 20, 19, 2, 20, 6, 15, 9, 20, 20, 12, 14, 15, 6, 15, 6, 6, 9, 6, 12, 15, 9, 4, 2, 20, 5, 12, 20, 1, 3, 15, 14, 4, 4, 1, 17, 16, 6, 13, 1, 6, 9, 18, 4, 8, 7, 3, 19, 7, 3, 1, 2, 7, 14, 4, 8, 7, 7, 18, 14, 18, 13, 7, 1, 9, 5, 7, 15, 14, 12, 19, 12, 18, 11, 17, 8, 10, 3, 10, 17, 18, 14, 17, 9, 12, 4, 19, 4, 1, 13, 13, 13, 10, 8, 16, 1, 10, 17, 17, 13, 7, 10, 11, 17, 18, 7, 7, 11, 11, 13, 17, 18, 16, 3, 10, 16, 14, 16, 13, 13, 11, 3, 10, 17, 11, 4, 3, 10, 16, 13, 11, 16, 2, 3, 10, 17, 11, 4, 16, 3, 10, 16, 14, 18, 18, 18, 16]
bestever    2201    in generation 263
[8, 19, 19, 1, 11, 2, 1, 20, 12, 8, 19, 5, 12, 11, 8, 20, 9, 19, 2, 20, 8, 19, 5, 4, 1, 6, 5, 8, 2, 12, 14, 15, 3, 9, 19, 5, 14, 15, 9, 8, 5, 5, 15, 6, 2, 9, 2, 2, 5, 20, 12, 15, 5, 6, 20, 19, 2, 20, 6, 15, 9, 20, 20, 12, 14, 15, 6, 15, 6, 6, 9, 6, 12, 15, 9, 4, 2, 20, 5, 12, 20, 1, 3, 15, 14, 4, 4, 1, 17, 16, 6, 13, 1, 6, 9, 18, 4, 8, 7, 3, 19, 7, 3, 1, 2, 7, 14, 4, 8, 7, 7, 18, 14, 18, 13, 7, 1, 9, 5, 16, 15, 14, 12, 19, 12, 18, 11, 17, 8, 10, 3, 10, 17, 18, 14, 17, 9, 12, 4, 19, 4, 1, 13, 13, 13, 10, 8, 16, 1, 10, 17, 17, 13, 7, 10, 11, 17, 18, 7, 7, 11, 11, 13, 17, 18, 7, 3, 10, 16, 14, 16, 13, 13, 11, 3, 10, 17, 11, 4, 3, 10, 16, 13, 11, 16, 2, 3, 10, 17, 11, 4, 16, 3, 10, 16, 14, 18, 18, 18, 16]
bestever    2199    in generation 288
[8, 19, 19, 1, 11, 2, 1, 20, 12, 8, 19, 5, 12, 11, 8, 20, 9, 19, 2, 20, 8, 19, 5, 4, 1, 6, 5, 8, 2, 12, 14, 15, 3, 9, 19, 5, 14, 15, 9, 8, 5, 5, 12, 6, 2, 9, 2, 2, 5, 20, 15, 15, 5, 6, 20, 19, 2, 20, 6, 15, 9, 20, 20, 12, 14, 15, 6, 15, 6, 6, 9, 6, 12, 15, 9, 4, 2, 20, 5, 12, 20, 1, 3, 15, 14, 4, 4, 1, 17, 16, 6, 13, 1, 6, 9, 18, 4, 8, 7, 3, 19, 7, 3, 1, 2, 7, 14, 4, 8, 7, 7, 18, 14, 18, 13, 7, 1, 9, 5, 7, 15, 14, 12, 19, 12, 18, 11, 17, 8, 17, 3, 10, 17, 18, 14, 17, 9, 12, 4, 19, 4, 1, 13, 13, 13, 10, 8, 16, 1, 10, 17, 17, 13, 7, 10, 11, 10, 18, 7, 7, 11, 11, 13, 17, 18, 16, 3, 10, 16, 14, 16, 13, 13, 11, 3, 10, 17, 11, 4, 3, 10, 16, 13, 11, 16, 2, 3, 10, 17, 11, 4, 16, 3, 10, 16, 14, 18, 18, 18, 16]
bestever    2197    in generation 297
[8, 19, 19, 1, 11, 2, 1, 20, 12, 8, 19, 5, 12, 11, 8, 20, 9, 19, 2, 20, 8, 19, 5, 4, 1, 6, 5, 8, 2, 12, 14, 15, 3, 9, 19, 5, 14, 15, 9, 8, 5, 5, 12, 6, 2, 9, 2, 2, 5, 20, 15, 15, 5, 6, 20, 19, 2, 20, 6, 15, 9, 20, 20, 12, 14, 15, 6, 15, 6, 6, 9, 6, 12, 15, 9, 4, 2, 20, 5, 12, 20, 1, 3, 15, 14, 4, 4, 1, 17, 16, 6, 13, 1, 6, 9, 18, 4, 8, 7, 3, 19, 7, 3, 1, 2, 7, 14, 4, 8, 17, 7, 18, 14, 18, 13, 7, 1, 9, 5, 7, 15, 14, 12, 19, 12, 18, 11, 17, 8, 10, 3, 10, 17, 18, 14, 17, 9, 12, 4, 19, 4, 1, 13, 13, 13, 10, 8, 16, 1, 10, 17, 17, 13, 7, 10, 11, 7, 18, 7, 7, 11, 11, 13, 17, 18, 16, 3, 10, 16, 14, 16, 13, 13, 11, 3, 10, 17, 11, 4, 3, 10, 16, 13, 11, 16, 2, 3, 10, 17, 11, 4, 16, 3, 10, 16, 14, 18, 18, 18, 16]
bestever    2194    in generation 306
[8, 19, 19, 1, 11, 2, 1, 20, 12, 8, 19, 5, 12, 11, 8, 20, 9, 19, 2, 20, 8, 19, 5, 4, 1, 19, 5, 8, 2, 12, 14, 15, 3, 9, 19, 5, 14, 15, 9, 8, 5, 5, 12, 6, 2, 9, 2, 2, 5, 20, 15, 15, 5, 6, 20, 19, 2, 20, 6, 15, 9, 20, 20, 12, 14, 15, 6, 15, 6, 6, 9, 6, 12, 15, 9, 4, 2, 20, 5, 12, 20, 1, 3, 15, 14, 4, 4, 1, 17, 16, 6, 13, 1, 6, 9, 18, 4, 8, 7, 3, 19, 7, 3, 1, 2, 7, 14, 4, 8, 17, 7, 18, 14, 18, 13, 7, 1, 9, 5, 7, 15, 14, 12, 19, 12, 18, 11, 17, 8, 10, 3, 10, 17, 18, 14, 17, 9, 12, 4, 6, 4, 1, 13, 13, 13, 10, 8, 16, 1, 10, 17, 17, 13, 7, 10, 11, 7, 18, 7, 7, 11, 11, 13, 17, 18, 16, 3, 10, 16, 14, 16, 13, 13, 11, 3, 10, 17, 11, 4, 3, 10, 16, 13, 11, 16, 2, 3, 10, 17, 11, 4, 16, 3, 10, 16, 14, 18, 18, 18, 16]
bestever    2189    in generation 316
[8, 19, 19, 1, 11, 20, 1, 20, 12, 8, 19, 5, 12, 11, 8, 2, 9, 19, 2, 20, 8, 19, 5, 4, 1, 19, 5, 8, 2, 12, 14, 15, 3, 9, 19, 5, 14, 15, 9, 8, 5, 5, 12, 6, 2, 9, 2, 2, 5, 20, 15, 15, 5, 6, 20, 19, 2, 20, 6, 15, 9, 20, 20, 12, 14, 15, 6, 15, 6, 6, 9, 6, 12, 15, 9, 4, 2, 20, 5, 12, 20, 1, 3, 15, 14, 4, 4, 1, 17, 16, 6, 13, 1, 6, 9, 18, 4, 8, 7, 3, 19, 7, 3, 1, 2, 7, 14, 4, 8, 17, 7, 18, 14, 18, 13, 7, 1, 9, 5, 7, 15, 14, 12, 19, 12, 18, 11, 17, 8, 10, 3, 10, 17, 18, 14, 17, 9, 12, 4, 6, 4, 1, 13, 13, 13, 10, 8, 16, 1, 10, 17, 17, 13, 7, 10, 11, 7, 18, 7, 7, 11, 11, 13, 17, 18, 16, 3, 10, 16, 14, 16, 13, 13, 11, 3, 10, 17, 11, 4, 3, 10, 16, 13, 11, 16, 2, 3, 10, 17, 11, 4, 16, 3, 10, 16, 14, 18, 18, 18, 16]
bestever    2185    in generation 325
[8, 19, 19, 1, 11, 20, 1, 20, 12, 8, 19, 5, 12, 11, 8, 2, 9, 19, 2, 20, 8, 19, 5, 4, 1, 19, 5, 8, 2, 12, 14, 15, 3, 9, 19, 5, 14, 15, 9, 8, 5, 5, 12, 6, 2, 9, 2, 2, 9, 20, 15, 15, 5, 6, 20, 19, 2, 20, 6, 15, 9, 20, 20, 12, 14, 15, 6, 15, 6, 6, 9, 6, 12, 15, 9, 4, 2, 20, 5, 12, 20, 1, 3, 15, 14, 4, 4, 1, 17, 16, 6, 13, 1, 6, 5, 18, 4, 8, 7, 3, 19, 7, 3, 1, 2, 7, 14, 4, 8, 17, 7, 18, 14, 18, 13, 7, 1, 9, 5, 7, 15, 14, 12, 19, 12, 18, 11, 17, 8, 10, 3, 10, 17, 18, 14, 17, 9, 12, 4, 6, 4, 1, 13, 13, 13, 10, 8, 16, 1, 10, 17, 17, 13, 7, 10, 11, 7, 18, 7, 7, 11, 11, 13, 17, 18, 16, 3, 10, 16, 14, 16, 13, 13, 11, 3, 10, 17, 11, 4, 3, 10, 16, 13, 11, 16, 2, 3, 10, 17, 11, 4, 16, 3, 10, 16, 14, 18, 18, 18, 16]
bestever    2182    in generation 326
[8, 19, 19, 1, 11, 20, 1, 20, 12, 8, 19, 5, 12, 11, 8, 2, 9, 19, 2, 20, 8, 19, 5, 4, 1, 19, 5, 8, 2, 12, 14, 15, 3, 9, 19, 5, 14, 15, 9, 8, 5, 5, 12, 6, 2, 9, 2, 2, 5, 20, 15, 15, 5, 6, 20, 19, 2, 20, 6, 15, 9, 20, 20, 12, 14, 15, 6, 15, 6, 6, 9, 6, 12, 15, 9, 4, 2, 20, 5, 5, 20, 1, 3, 15, 14, 4, 4, 1, 17, 16, 6, 13, 1, 6, 9, 18, 4, 8, 7, 3, 19, 7, 3, 1, 2, 7, 14, 4, 8, 17, 7, 18, 14, 18, 13, 7, 1, 9, 12, 7, 15, 14, 12, 19, 12, 18, 11, 17, 8, 10, 3, 10, 17, 18, 14, 17, 9, 12, 4, 6, 4, 1, 13, 13, 13, 10, 8, 16, 1, 10, 17, 17, 13, 7, 10, 11, 7, 18, 7, 7, 11, 11, 13, 17, 18, 16, 3, 10, 16, 14, 16, 13, 13, 11, 3, 10, 17, 11, 4, 3, 10, 16, 13, 11, 16, 2, 3, 10, 17, 11, 4, 16, 3, 10, 16, 14, 18, 18, 18, 16]
bestever    2180    in generation 339
[8, 19, 19, 1, 11, 20, 1, 20, 12, 8, 19, 5, 12, 11, 8, 2, 9, 19, 2, 20, 8, 19, 5, 4, 1, 19, 5, 8, 2, 12, 14, 15, 3, 9, 19, 5, 14, 15, 9, 8, 5, 5, 12, 6, 2, 9, 2, 2, 5, 20, 15, 15, 5, 6, 20, 19, 2, 20, 6, 15, 9, 20, 20, 12, 14, 15, 6, 15, 6, 6, 9, 6, 12, 15, 9, 4, 2, 20, 5, 5, 20, 1, 3, 15, 14, 4, 4, 1, 17, 16, 6, 13, 1, 6, 9, 18, 4, 8, 7, 3, 19, 7, 3, 1, 2, 7, 14, 4, 8, 17, 7, 18, 14, 13, 7, 1, 9, 12, 7, 15, 14, 12, 19, 12, 11, 17, 8, 10, 3, 10, 17, 18, 14, 17, 9, 12, 4, 6, 4, 1, 13, 13, 13, 10, 8, 1, 10, 17, 17, 18, 18, 16, 13, 7, 10, 11, 7, 18, 7, 7, 11, 11, 13, 17, 18, 16, 3, 10, 16, 14, 16, 13, 13, 11, 3, 10, 17, 11, 4, 3, 10, 16, 13, 11, 16, 2, 3, 10, 17, 11, 4, 16, 3, 10, 16, 14, 18, 18, 18, 16]
bestever    2171    in generation 342
[8, 19, 19, 1, 11, 20, 1, 20, 12, 8, 19, 5, 12, 11, 8, 2, 9, 19, 2, 20, 8, 19, 5, 4, 1, 19, 5, 8, 2, 12, 14, 15, 3, 9, 19, 5, 14, 15, 9, 8, 5, 5, 12, 6, 2, 9, 2, 2, 5, 20, 15, 15, 5, 6, 20, 19, 2, 20, 6, 15, 9, 20, 20, 12, 14, 15, 6, 15, 13, 6, 9, 6, 12, 15, 9, 4, 2, 20, 5, 5, 20, 1, 3, 15, 14, 4, 4, 1, 17, 16, 6, 6, 1, 6, 9, 18, 4, 8, 7, 3, 19, 7, 3, 1, 2, 7, 14, 4, 8, 17, 7, 18, 14, 13, 7, 1, 9, 12, 7, 15, 14, 12, 19, 12, 11, 17, 8, 10, 3, 10, 17, 18, 14, 17, 9, 12, 4, 6, 4, 1, 13, 13, 13, 10, 8, 1, 10, 17, 17, 18, 18, 16, 13, 7, 10, 11, 7, 18, 7, 7, 11, 11, 13, 17, 18, 16, 3, 10, 16, 14, 16, 13, 13, 11, 3, 10, 17, 11, 4, 3, 10, 16, 13, 11, 16, 2, 3, 10, 17, 11, 4, 16, 3, 10, 16, 14, 18, 18, 18, 16]
bestever    2148    in generation 350
[8, 19, 19, 1, 11, 20, 1, 20, 12, 8, 19, 5, 12, 11, 8, 2, 9, 19, 2, 20, 8, 19, 5, 4, 1, 19, 5, 8, 2, 12, 14, 15, 3, 9, 19, 5, 14, 15, 9, 8, 5, 5, 12, 6, 2, 9, 2, 2, 5, 20, 15, 15, 5, 6, 20, 19, 2, 20, 6, 15, 9, 20, 20, 12, 14, 15, 6, 15, 13, 6, 9, 6, 12, 15, 9, 4, 2, 20, 5, 5, 20, 1, 3, 15, 14, 4, 4, 1, 17, 16, 6, 6, 1, 6, 9, 18, 4, 8, 7, 3, 19, 7, 3, 1, 2, 7, 14, 4, 8, 17, 7, 18, 14, 13, 7, 1, 9, 12, 7, 15, 14, 12, 19, 12, 11, 17, 8, 10, 3, 10, 17, 18, 14, 17, 9, 12, 4, 6, 4, 1, 13, 13, 13, 10, 8, 1, 10, 17, 17, 18, 18, 16, 13, 7, 10, 11, 7, 18, 7, 7, 11, 11, 13, 17, 18, 16, 3, 10, 16, 14, 16, 13, 13, 11, 3, 10, 17, 11, 4, 3, 10, 16, 13, 11, 16, 2, 3, 10, 17, 11, 4, 16, 3, 10, 16, 14, 18, 16, 18, 18]
bestever    2144    in generation 356
[8, 19, 19, 1, 8, 20, 1, 20, 12, 8, 19, 5, 12, 11, 8, 2, 9, 19, 2, 20, 8, 19, 5, 4, 1, 19, 5, 11, 2, 12, 14, 15, 3, 9, 19, 5, 14, 15, 9, 8, 5, 5, 12, 6, 2, 9, 2, 2, 5, 20, 15, 15, 5, 6, 20, 19, 2, 20, 6, 15, 9, 20, 20, 12, 14, 15, 6, 15, 13, 6, 9, 6, 12, 15, 9, 4, 2, 20, 5, 5, 20, 1, 3, 15, 14, 4, 4, 1, 17, 16, 6, 6, 1, 6, 9, 18, 4, 8, 7, 3, 19, 7, 3, 1, 2, 7, 14, 4, 8, 17, 7, 18, 14, 13, 7, 1, 9, 12, 7, 15, 14, 12, 19, 12, 11, 17, 8, 10, 3, 10, 17, 18, 14, 17, 9, 12, 4, 6, 4, 1, 13, 13, 13, 10, 8, 1, 10, 17, 17, 18, 18, 16, 13, 7, 10, 11, 7, 18, 7, 7, 11, 11, 13, 17, 18, 16, 3, 10, 16, 14, 16, 13, 13, 11, 3, 10, 17, 11, 4, 3, 10, 16, 13, 11, 16, 2, 3, 10, 17, 11, 4, 16, 3, 10, 16, 14, 18, 16, 18, 18]
bestever    2139    in generation 363
[8, 19, 19, 1, 8, 20, 1, 20, 12, 8, 19, 5, 12, 11, 8, 2, 9, 19, 2, 20, 8, 19, 5, 4, 1, 19, 5, 11, 2, 12, 14, 15, 3, 9, 19, 5, 14, 15, 9, 8, 5, 5, 12, 6, 2, 9, 2, 2, 5, 20, 15, 15, 5, 6, 20, 19, 2, 20, 6, 15, 9, 20, 20, 12, 14, 15, 6, 15, 13, 6, 9, 6, 12, 15, 9, 4, 2, 20, 5, 5, 20, 1, 3, 15, 14, 4, 4, 1, 17, 16, 6, 6, 1, 6, 9, 18, 4, 8, 7, 3, 19, 7, 3, 1, 2, 7, 14, 4, 8, 17, 7, 18, 14, 13, 7, 1, 9, 12, 7, 15, 14, 12, 19, 12, 11, 17, 8, 10, 3, 10, 17, 18, 14, 17, 9, 12, 4, 6, 4, 1, 13, 13, 13, 10, 8, 1, 7, 17, 17, 18, 18, 16, 13, 10, 10, 11, 7, 18, 7, 7, 11, 11, 13, 17, 18, 16, 3, 10, 16, 14, 16, 13, 13, 11, 3, 10, 17, 11, 4, 3, 10, 16, 13, 11, 16, 2, 3, 10, 17, 11, 4, 16, 3, 10, 16, 14, 18, 16, 18, 18]
bestever    2132    in generation 364
[8, 19, 19, 1, 8, 20, 1, 20, 12, 8, 19, 5, 12, 11, 8, 2, 9, 19, 2, 20, 8, 19, 5, 4, 1, 19, 5, 11, 2, 12, 14, 15, 3, 9, 19, 5, 14, 15, 9, 8, 5, 5, 12, 6, 2, 9, 2, 2, 5, 20, 15, 15, 5, 6, 20, 19, 2, 20, 6, 15, 9, 20, 20, 12, 14, 15, 6, 15, 13, 6, 9, 6, 12, 15, 9, 4, 2, 20, 5, 5, 20, 1, 3, 15, 14, 4, 4, 1, 17, 16, 6, 6, 1, 6, 9, 18, 4, 8, 7, 3, 19, 7, 3, 1, 2, 7, 14, 4, 8, 17, 7, 18, 14, 13, 7, 1, 9, 12, 7, 15, 14, 12, 19, 12, 11, 17, 8, 10, 3, 10, 17, 18, 14, 17, 9, 12, 4, 6, 4, 1, 13, 13, 13, 10, 8, 1, 10, 17, 17, 18, 18, 16, 13, 7, 10, 11, 7, 18, 7, 7, 11, 11, 13, 17, 18, 16, 3, 10, 16, 14, 11, 13, 13, 11, 3, 10, 17, 11, 4, 3, 10, 16, 13, 16, 16, 2, 3, 10, 17, 11, 4, 16, 3, 10, 16, 14, 18, 16, 18, 18]
bestever    2093    in generation 368
[8, 19, 19, 1, 8, 20, 1, 20, 5, 8, 19, 5, 12, 11, 8, 2, 9, 19, 2, 20, 8, 19, 5, 4, 1, 19, 12, 11, 2, 12, 14, 15, 3, 9, 19, 5, 14, 15, 9, 8, 5, 5, 12, 6, 2, 9, 2, 2, 5, 20, 15, 15, 5, 6, 20, 19, 2, 20, 6, 15, 9, 20, 20, 12, 14, 15, 6, 15, 13, 6, 9, 6, 12, 15, 9, 4, 2, 20, 5, 5, 20, 1, 3, 15, 14, 4, 4, 1, 17, 16, 6, 6, 1, 6, 9, 18, 4, 8, 7, 3, 19, 7, 3, 1, 2, 7, 14, 4, 8, 17, 7, 18, 14, 13, 7, 1, 9, 12, 7, 15, 14, 12, 19, 12, 11, 17, 8, 10, 3, 10, 17, 18, 14, 17, 9, 12, 4, 6, 4, 1, 13, 13, 13, 10, 8, 1, 10, 17, 17, 18, 18, 16, 13, 7, 10, 11, 7, 18, 7, 7, 11, 11, 13, 17, 18, 16, 3, 10, 16, 14, 16, 13, 13, 11, 3, 10, 17, 11, 4, 3, 10, 16, 13, 11, 16, 2, 3, 10, 17, 11, 4, 16, 3, 10, 16, 14, 18, 16, 18, 18]
bestever    2088    in generation 373
[8, 19, 19, 1, 8, 20, 1, 20, 5, 8, 19, 5, 12, 11, 8, 2, 9, 19, 2, 20, 8, 19, 5, 4, 1, 19, 12, 11, 2, 12, 14, 15, 3, 9, 19, 5, 14, 15, 9, 8, 5, 5, 12, 6, 2, 9, 2, 2, 5, 20, 15, 15, 5, 6, 9, 19, 2, 20, 6, 15, 9, 20, 20, 12, 14, 15, 6, 15, 13, 6, 20, 6, 12, 15, 9, 4, 2, 20, 5, 5, 20, 1, 3, 15, 14, 4, 4, 1, 17, 16, 6, 6, 1, 6, 9, 18, 4, 8, 7, 3, 19, 7, 3, 1, 2, 7, 14, 4, 8, 17, 7, 18, 14, 13, 7, 1, 9, 12, 7, 15, 14, 12, 19, 12, 11, 17, 8, 10, 3, 10, 17, 18, 14, 17, 9, 12, 4, 6, 4, 1, 13, 13, 13, 10, 8, 1, 10, 17, 17, 18, 18, 16, 13, 7, 10, 11, 7, 18, 7, 7, 11, 11, 13, 17, 18, 16, 3, 10, 16, 14, 16, 13, 13, 11, 3, 10, 17, 11, 4, 3, 10, 16, 13, 11, 16, 2, 3, 10, 17, 11, 4, 16, 3, 10, 16, 14, 18, 16, 18, 18]
bestever    2075    in generation 380
[8, 19, 19, 1, 8, 20, 1, 20, 5, 8, 19, 5, 12, 11, 8, 2, 9, 19, 2, 20, 8, 19, 5, 4, 1, 19, 12, 11, 2, 12, 14, 15, 3, 9, 19, 5, 14, 15, 9, 8, 5, 5, 12, 6, 2, 9, 2, 2, 5, 20, 15, 15, 5, 6, 9, 19, 2, 20, 6, 15, 9, 20, 20, 12, 14, 15, 6, 15, 13, 6, 20, 6, 12, 15, 9, 4, 2, 20, 5, 5, 20, 1, 3, 15, 14, 4, 4, 1, 17, 16, 6, 6, 1, 6, 9, 18, 4, 8, 7, 3, 19, 7, 3, 1, 2, 7, 14, 4, 8, 17, 7, 18, 14, 13, 7, 1, 9, 12, 7, 15, 14, 12, 19, 12, 11, 17, 8, 10, 3, 10, 17, 18, 14, 17, 9, 12, 4, 6, 4, 1, 13, 13, 13, 10, 8, 1, 10, 17, 17, 18, 18, 16, 13, 7, 4, 11, 7, 18, 7, 7, 11, 11, 13, 17, 18, 16, 3, 10, 16, 14, 16, 13, 13, 11, 3, 10, 17, 11, 10, 3, 10, 16, 13, 11, 16, 2, 3, 10, 17, 11, 4, 16, 3, 10, 16, 14, 18, 16, 18, 18]
bestever    2072    in generation 400
[8, 19, 19, 1, 8, 20, 1, 20, 5, 8, 19, 5, 12, 11, 8, 2, 9, 19, 2, 20, 8, 19, 5, 4, 1, 19, 12, 11, 2, 12, 14, 15, 3, 9, 19, 5, 14, 15, 9, 8, 5, 5, 12, 6, 2, 9, 2, 2, 5, 20, 15, 15, 5, 6, 9, 19, 2, 20, 6, 15, 9, 20, 20, 12, 14, 15, 6, 15, 13, 6, 20, 6, 12, 15, 9, 4, 2, 20, 5, 5, 20, 1, 3, 15, 14, 4, 4, 1, 17, 16, 6, 6, 1, 6, 9, 18, 4, 8, 7, 3, 19, 7, 3, 2, 7, 14, 4, 17, 7, 18, 14, 13, 7, 9, 12, 7, 15, 14, 12, 19, 12, 11, 17, 8, 10, 10, 17, 18, 17, 9, 12, 1, 8, 1, 14, 3, 4, 6, 4, 1, 13, 13, 13, 10, 8, 1, 10, 17, 17, 18, 18, 16, 13, 7, 4, 11, 7, 18, 7, 7, 11, 11, 13, 17, 18, 16, 3, 10, 16, 14, 16, 13, 13, 11, 3, 10, 17, 11, 10, 3, 10, 16, 13, 11, 16, 2, 3, 10, 17, 11, 4, 16, 3, 10, 16, 14, 18, 16, 18, 18]
bestever    2069    in generation 409
[8, 19, 19, 1, 8, 20, 1, 20, 5, 8, 19, 5, 12, 11, 8, 2, 9, 19, 2, 20, 8, 19, 5, 8, 1, 19, 12, 11, 2, 12, 14, 15, 3, 9, 19, 5, 14, 15, 9, 8, 5, 5, 12, 6, 2, 9, 2, 2, 5, 20, 15, 15, 5, 6, 9, 19, 2, 20, 6, 15, 9, 20, 20, 12, 14, 15, 6, 15, 13, 6, 20, 6, 12, 15, 9, 4, 2, 20, 5, 5, 20, 1, 3, 15, 14, 4, 4, 1, 17, 16, 6, 6, 1, 6, 9, 18, 4, 8, 7, 3, 19, 7, 3, 1, 2, 7, 14, 4, 4, 17, 7, 18, 14, 13, 7, 1, 9, 12, 7, 15, 14, 12, 19, 12, 11, 17, 8, 10, 3, 10, 17, 18, 14, 17, 9, 12, 4, 6, 4, 1, 13, 13, 13, 10, 8, 1, 10, 17, 17, 18, 18, 16, 13, 7, 4, 11, 7, 18, 7, 7, 11, 11, 13, 17, 18, 16, 3, 10, 16, 14, 16, 13, 13, 11, 3, 10, 17, 11, 10, 3, 10, 16, 13, 11, 16, 2, 3, 10, 17, 11, 4, 16, 3, 10, 16, 14, 18, 16, 18, 18]
bestever    2061    in generation 421
[8, 19, 19, 1, 8, 20, 1, 20, 5, 8, 19, 5, 12, 19, 8, 2, 9, 11, 2, 20, 8, 19, 5, 8, 1, 19, 12, 11, 2, 12, 14, 15, 3, 9, 19, 5, 14, 15, 9, 8, 5, 5, 12, 6, 2, 9, 2, 2, 5, 20, 15, 15, 5, 6, 9, 19, 2, 20, 6, 15, 9, 20, 20, 12, 14, 15, 6, 15, 13, 6, 20, 6, 12, 15, 9, 4, 2, 20, 5, 5, 20, 1, 3, 15, 14, 4, 4, 1, 17, 16, 6, 6, 1, 6, 9, 18, 4, 8, 7, 3, 19, 7, 3, 1, 2, 7, 14, 4, 4, 17, 7, 18, 14, 13, 7, 1, 9, 12, 7, 15, 14, 12, 19, 12, 11, 17, 8, 10, 3, 10, 17, 18, 14, 17, 9, 12, 4, 6, 4, 1, 13, 13, 13, 10, 8, 1, 10, 17, 17, 18, 18, 16, 13, 7, 4, 11, 7, 18, 7, 7, 11, 11, 13, 17, 18, 16, 3, 10, 16, 14, 16, 13, 13, 11, 3, 10, 17, 11, 10, 3, 10, 16, 13, 11, 16, 2, 3, 10, 17, 11, 4, 16, 3, 10, 16, 14, 18, 16, 18, 18]
bestever    2058    in generation 431
[8, 19, 19, 1, 8, 20, 1, 20, 5, 8, 19, 5, 12, 19, 8, 2, 9, 11, 2, 20, 8, 19, 5, 8, 1, 19, 12, 11, 2, 12, 14, 15, 3, 9, 19, 5, 14, 15, 9, 8, 5, 5, 12, 6, 2, 9, 2, 2, 5, 20, 15, 15, 5, 6, 9, 19, 2, 20, 6, 15, 9, 20, 20, 12, 14, 15, 6, 15, 13, 6, 20, 4, 12, 15, 9, 4, 2, 20, 5, 5, 20, 1, 3, 15, 14, 4, 4, 1, 17, 16, 6, 6, 1, 6, 9, 18, 4, 8, 7, 3, 19, 7, 3, 1, 2, 7, 14, 4, 6, 17, 7, 18, 14, 13, 7, 1, 9, 12, 7, 15, 14, 12, 19, 12, 11, 17, 8, 10, 10, 17, 18, 14, 17, 9, 12, 4, 6, 4, 1, 13, 13, 13, 10, 8, 1, 17, 17, 18, 18, 13, 7, 4, 11, 7, 18, 7, 7, 13, 18, 16, 16, 14, 16, 11, 3, 17, 11, 10, 3, 10, 16, 13, 13, 11, 3, 10, 17, 11, 10, 3, 10, 16, 13, 11, 16, 2, 3, 10, 17, 11, 4, 16, 3, 10, 16, 14, 18, 16, 18, 18]
bestever    2047    in generation 451
[8, 19, 19, 1, 8, 20, 1, 20, 5, 8, 19, 5, 12, 19, 8, 2, 9, 11, 2, 20, 8, 19, 5, 8, 1, 19, 12, 11, 2, 12, 14, 15, 3, 9, 19, 5, 14, 15, 9, 8, 5, 5, 12, 6, 2, 9, 2, 2, 5, 20, 15, 15, 5, 6, 9, 19, 2, 20, 6, 15, 9, 20, 20, 12, 14, 15, 6, 15, 13, 6, 20, 4, 12, 15, 9, 4, 2, 20, 5, 5, 20, 1, 3, 15, 14, 4, 4, 1, 17, 16, 6, 6, 1, 6, 9, 18, 4, 8, 7, 3, 19, 7, 1, 2, 7, 14, 4, 6, 17, 7, 18, 14, 13, 7, 17, 9, 12, 7, 15, 14, 12, 19, 12, 11, 17, 8, 10, 10, 1, 18, 14, 17, 9, 12, 4, 6, 4, 1, 13, 13, 13, 8, 1, 17, 17, 18, 18, 13, 7, 4, 11, 7, 18, 7, 7, 13, 18, 14, 11, 16, 3, 17, 10, 3, 10, 16, 11, 16, 3, 10, 16, 13, 13, 11, 3, 10, 17, 11, 10, 3, 10, 16, 13, 11, 16, 2, 3, 10, 17, 11, 4, 16, 3, 10, 16, 14, 18, 16, 18, 18]
bestever    2021    in generation 468
[8, 19, 19, 1, 8, 20, 1, 20, 5, 8, 19, 5, 12, 19, 8, 2, 9, 11, 2, 20, 8, 19, 5, 8, 1, 19, 12, 11, 2, 12, 14, 15, 3, 9, 19, 5, 14, 15, 9, 8, 5, 5, 12, 6, 2, 9, 2, 2, 5, 20, 15, 15, 5, 6, 9, 19, 2, 20, 6, 15, 9, 20, 20, 12, 14, 15, 6, 15, 13, 6, 20, 4, 12, 15, 9, 4, 2, 20, 5, 5, 20, 1, 3, 15, 14, 4, 4, 1, 17, 16, 9, 6, 1, 6, 6, 18, 4, 8, 7, 3, 19, 7, 1, 2, 7, 14, 4, 6, 17, 7, 18, 14, 13, 7, 17, 9, 12, 7, 15, 14, 12, 19, 12, 11, 17, 8, 10, 10, 1, 18, 14, 17, 9, 12, 4, 6, 4, 1, 13, 13, 13, 8, 1, 17, 17, 18, 18, 13, 7, 4, 11, 7, 18, 7, 7, 13, 18, 14, 11, 16, 3, 17, 10, 3, 10, 16, 11, 16, 3, 10, 16, 13, 13, 11, 3, 10, 17, 11, 10, 3, 10, 16, 13, 11, 16, 2, 3, 10, 17, 11, 4, 16, 3, 10, 16, 14, 18, 16, 18, 18]
bestever    2011    in generation 476
[8, 19, 19, 1, 8, 20, 1, 20, 5, 8, 19, 5, 12, 19, 8, 2, 9, 11, 2, 20, 8, 19, 5, 8, 1, 19, 12, 11, 2, 12, 14, 15, 3, 9, 19, 5, 14, 15, 9, 8, 5, 5, 12, 6, 2, 9, 2, 2, 5, 20, 15, 15, 5, 6, 9, 19, 2, 20, 6, 15, 9, 20, 20, 12, 14, 15, 6, 15, 13, 6, 20, 4, 12, 15, 9, 4, 5, 20, 5, 2, 20, 1, 3, 15, 14, 4, 4, 1, 17, 16, 9, 6, 1, 6, 6, 18, 4, 8, 7, 3, 19, 7, 1, 2, 7, 14, 4, 6, 17, 7, 18, 14, 13, 7, 17, 9, 12, 7, 15, 14, 12, 19, 12, 11, 17, 8, 10, 10, 1, 18, 14, 17, 9, 12, 4, 6, 4, 1, 13, 13, 13, 8, 1, 17, 17, 18, 18, 13, 7, 4, 11, 7, 18, 7, 7, 13, 18, 14, 11, 16, 3, 17, 10, 3, 10, 16, 11, 16, 3, 10, 16, 13, 13, 11, 3, 10, 17, 11, 10, 3, 10, 16, 13, 11, 16, 2, 3, 10, 17, 11, 4, 16, 3, 10, 16, 14, 18, 16, 18, 18]
bestever    2004    in generation 490
[8, 19, 19, 1, 8, 20, 1, 20, 5, 8, 19, 5, 12, 19, 8, 2, 9, 11, 2, 20, 8, 19, 5, 8, 1, 19, 12, 11, 2, 12, 14, 15, 3, 9, 19, 5, 14, 15, 9, 8, 5, 5, 12, 6, 2, 9, 2, 2, 5, 20, 15, 15, 5, 6, 9, 19, 2, 20, 6, 15, 9, 20, 20, 12, 14, 15, 6, 15, 13, 6, 20, 4, 12, 15, 9, 4, 5, 20, 5, 2, 20, 1, 3, 15, 14, 4, 4, 1, 17, 9, 6, 1, 6, 6, 18, 4, 8, 7, 3, 19, 7, 1, 2, 7, 14, 4, 6, 17, 7, 18, 14, 13, 7, 17, 9, 12, 7, 15, 14, 12, 19, 12, 11, 17, 8, 10, 10, 1, 18, 14, 17, 9, 12, 4, 6, 4, 1, 13, 13, 13, 8, 1, 17, 17, 18, 18, 13, 7, 4, 11, 7, 18, 7, 7, 13, 18, 14, 11, 3, 17, 10, 3, 16, 16, 10, 16, 11, 16, 3, 10, 16, 13, 13, 11, 3, 10, 17, 11, 10, 3, 10, 16, 13, 11, 16, 2, 3, 10, 17, 11, 4, 16, 3, 10, 16, 14, 18, 16, 18, 18]
bestever    2003    in generation 549
[8, 19, 19, 1, 8, 20, 1, 20, 5, 8, 19, 5, 12, 19, 8, 2, 9, 11, 2, 20, 8, 19, 5, 8, 1, 19, 12, 11, 2, 12, 14, 15, 3, 9, 19, 15, 14, 5, 9, 8, 5, 5, 12, 6, 2, 9, 2, 2, 5, 20, 15, 15, 5, 6, 9, 19, 2, 20, 6, 15, 9, 20, 20, 12, 14, 15, 6, 15, 13, 6, 20, 4, 12, 15, 9, 4, 5, 20, 5, 2, 20, 1, 3, 15, 14, 4, 4, 1, 17, 9, 6, 1, 6, 6, 18, 4, 8, 7, 3, 19, 7, 1, 2, 7, 14, 4, 6, 17, 7, 18, 14, 13, 7, 17, 9, 12, 7, 15, 14, 12, 19, 12, 11, 17, 8, 10, 10, 1, 18, 14, 17, 9, 12, 4, 6, 4, 1, 13, 13, 13, 8, 1, 17, 17, 18, 18, 13, 7, 4, 11, 7, 18, 7, 7, 13, 18, 14, 11, 3, 17, 10, 3, 16, 16, 10, 16, 11, 16, 3, 10, 16, 13, 13, 11, 3, 10, 17, 11, 10, 3, 10, 16, 13, 11, 16, 2, 3, 10, 17, 11, 4, 16, 3, 10, 16, 14, 18, 16, 18, 18]
bestever    2000    in generation 555
[8, 19, 19, 1, 8, 20, 1, 20, 5, 8, 19, 5, 12, 19, 8, 2, 9, 11, 2, 20, 8, 19, 5, 8, 1, 19, 12, 11, 2, 12, 14, 15, 3, 9, 19, 5, 14, 15, 9, 8, 5, 5, 12, 6, 2, 9, 2, 2, 5, 20, 15, 15, 5, 6, 9, 19, 2, 20, 6, 15, 9, 20, 20, 12, 14, 15, 6, 15, 13, 6, 20, 4, 12, 15, 9, 4, 5, 20, 5, 2, 20, 1, 3, 15, 14, 4, 4, 1, 17, 9, 6, 1, 6, 6, 18, 4, 8, 7, 3, 19, 7, 1, 2, 7, 14, 4, 6, 17, 7, 18, 14, 13, 7, 17, 9, 12, 7, 15, 13, 12, 19, 12, 11, 17, 8, 10, 10, 1, 18, 14, 17, 9, 12, 4, 6, 4, 1, 13, 14, 13, 8, 1, 17, 17, 18, 18, 13, 7, 4, 11, 7, 18, 7, 7, 13, 18, 14, 11, 3, 17, 10, 3, 16, 16, 10, 16, 11, 16, 3, 10, 16, 13, 13, 11, 3, 10, 17, 11, 10, 3, 10, 16, 13, 11, 16, 2, 3, 10, 17, 11, 4, 16, 3, 10, 16, 14, 18, 16, 18, 18]
bestever    1996    in generation 556
[19, 19, 8, 1, 8, 20, 1, 20, 5, 8, 19, 5, 12, 19, 8, 2, 9, 11, 2, 20, 8, 19, 5, 8, 1, 19, 12, 11, 2, 12, 14, 15, 3, 9, 19, 15, 14, 5, 9, 8, 5, 5, 12, 6, 2, 9, 2, 2, 5, 20, 15, 15, 5, 6, 9, 19, 2, 20, 6, 15, 9, 20, 20, 12, 14, 15, 6, 15, 13, 6, 20, 4, 12, 15, 9, 4, 5, 20, 5, 2, 20, 1, 3, 15, 14, 4, 4, 1, 17, 9, 6, 1, 6, 6, 18, 4, 8, 7, 3, 19, 7, 1, 2, 7, 14, 4, 6, 17, 7, 18, 14, 13, 7, 17, 9, 12, 7, 15, 14, 12, 19, 12, 11, 17, 8, 10, 10, 1, 18, 14, 17, 9, 12, 4, 6, 4, 1, 13, 13, 13, 8, 1, 17, 17, 18, 18, 13, 7, 4, 11, 7, 18, 7, 7, 13, 18, 14, 11, 3, 17, 10, 3, 16, 16, 10, 16, 11, 16, 3, 10, 16, 13, 13, 11, 3, 10, 17, 11, 10, 3, 10, 16, 13, 11, 16, 2, 3, 10, 17, 11, 4, 16, 3, 10, 16, 14, 18, 16, 18, 18]
bestever    1975    in generation 557
[19, 19, 8, 1, 8, 20, 1, 20, 5, 8, 19, 5, 12, 19, 8, 2, 9, 11, 2, 20, 8, 19, 5, 8, 1, 19, 12, 11, 2, 12, 14, 15, 3, 9, 19, 15, 14, 5, 9, 8, 5, 5, 12, 6, 2, 9, 2, 2, 5, 20, 15, 15, 5, 6, 9, 19, 2, 20, 6, 15, 9, 20, 20, 12, 14, 15, 6, 15, 13, 6, 20, 4, 12, 15, 9, 4, 5, 20, 5, 2, 20, 1, 3, 15, 14, 4, 4, 1, 17, 9, 6, 1, 6, 6, 18, 4, 8, 7, 3, 17, 7, 1, 2, 7, 14, 4, 6, 17, 7, 18, 14, 13, 7, 17, 9, 12, 7, 15, 14, 12, 19, 12, 11, 17, 8, 10, 10, 1, 18, 14, 17, 9, 12, 4, 6, 4, 1, 13, 13, 13, 8, 1, 17, 19, 18, 18, 13, 7, 4, 11, 7, 18, 7, 7, 13, 18, 14, 11, 3, 17, 10, 3, 16, 16, 10, 16, 11, 16, 3, 10, 16, 13, 13, 11, 3, 10, 17, 11, 10, 3, 10, 16, 13, 11, 16, 2, 3, 10, 17, 11, 4, 16, 3, 10, 16, 14, 18, 16, 18, 18]
bestever    1953    in generation 578
[19, 19, 8, 1, 8, 20, 1, 20, 5, 8, 19, 5, 12, 19, 8, 2, 9, 11, 2, 20, 8, 19, 5, 8, 1, 19, 12, 11, 2, 12, 14, 15, 20, 9, 19, 15, 14, 5, 9, 8, 5, 5, 12, 6, 2, 9, 2, 2, 5, 3, 15, 15, 5, 6, 9, 19, 2, 20, 6, 15, 9, 20, 20, 12, 14, 15, 6, 15, 13, 6, 20, 4, 12, 15, 9, 4, 5, 20, 5, 2, 20, 1, 3, 15, 14, 4, 4, 1, 17, 9, 6, 1, 6, 6, 4, 8, 7, 3, 19, 7, 1, 2, 7, 14, 4, 6, 17, 7, 14, 13, 7, 17, 9, 12, 7, 15, 14, 12, 19, 12, 18, 18, 11, 17, 8, 10, 10, 1, 18, 14, 17, 9, 12, 4, 6, 4, 1, 13, 13, 13, 8, 1, 17, 17, 18, 18, 13, 7, 4, 11, 7, 18, 7, 7, 13, 18, 14, 11, 3, 17, 10, 3, 16, 16, 10, 16, 11, 16, 3, 10, 16, 13, 13, 11, 3, 10, 17, 11, 10, 3, 10, 16, 13, 11, 16, 2, 3, 10, 17, 11, 4, 16, 3, 10, 16, 14, 18, 16, 18, 18]
bestever    1948    in generation 584
[19, 19, 8, 1, 8, 20, 1, 20, 5, 8, 19, 5, 12, 19, 8, 2, 9, 11, 2, 20, 8, 19, 5, 8, 1, 19, 12, 11, 2, 12, 14, 15, 20, 9, 19, 15, 14, 5, 9, 8, 5, 5, 12, 6, 2, 9, 2, 2, 5, 3, 15, 15, 5, 6, 9, 19, 2, 20, 6, 15, 9, 20, 20, 12, 14, 15, 6, 15, 13, 6, 20, 4, 12, 15, 9, 4, 5, 20, 5, 2, 20, 1, 3, 15, 14, 4, 4, 1, 17, 9, 6, 1, 12, 6, 4, 8, 7, 3, 19, 7, 1, 2, 7, 14, 4, 6, 17, 7, 14, 13, 7, 17, 9, 6, 7, 15, 14, 12, 19, 12, 18, 18, 11, 17, 8, 10, 10, 1, 18, 14, 17, 9, 12, 4, 6, 4, 1, 13, 13, 13, 8, 1, 17, 17, 18, 18, 13, 7, 4, 11, 7, 18, 7, 7, 13, 18, 14, 11, 3, 17, 10, 3, 16, 16, 10, 16, 11, 16, 3, 10, 16, 13, 13, 11, 3, 10, 17, 11, 10, 3, 10, 16, 13, 11, 16, 2, 3, 10, 17, 11, 4, 16, 3, 10, 16, 14, 18, 16, 18, 18]
bestever    1933    in generation 610
[19, 19, 8, 1, 8, 20, 1, 20, 5, 8, 19, 5, 12, 19, 8, 2, 9, 11, 2, 20, 8, 19, 5, 8, 1, 19, 12, 19, 2, 12, 14, 15, 20, 9, 19, 15, 14, 5, 9, 8, 5, 5, 12, 6, 2, 9, 2, 2, 5, 3, 15, 15, 5, 6, 9, 19, 2, 20, 6, 15, 9, 20, 20, 12, 14, 15, 6, 15, 13, 6, 20, 4, 12, 15, 9, 4, 5, 20, 5, 2, 20, 1, 3, 15, 14, 4, 4, 1, 17, 9, 6, 1, 12, 6, 4, 8, 7, 3, 11, 7, 1, 2, 7, 14, 4, 6, 17, 7, 14, 13, 7, 17, 9, 6, 7, 15, 14, 12, 19, 12, 18, 18, 11, 17, 8, 10, 10, 1, 18, 14, 17, 9, 12, 4, 6, 4, 1, 13, 13, 13, 8, 1, 17, 17, 18, 18, 13, 7, 4, 11, 7, 18, 7, 7, 13, 18, 14, 11, 3, 17, 10, 3, 16, 16, 10, 16, 11, 16, 3, 10, 16, 13, 13, 11, 3, 10, 17, 11, 10, 3, 10, 13, 11, 2, 16, 17, 11, 4, 16, 3, 10, 16, 3, 10, 16, 14, 18, 16, 18, 18]
bestever    1929    in generation 624
[19, 19, 8, 1, 8, 20, 1, 20, 5, 8, 19, 5, 12, 19, 8, 2, 9, 11, 2, 20, 8, 19, 5, 8, 1, 19, 12, 19, 2, 12, 14, 15, 20, 9, 19, 15, 14, 5, 9, 8, 5, 5, 12, 6, 2, 9, 2, 2, 5, 3, 15, 15, 5, 6, 9, 19, 2, 20, 6, 15, 9, 20, 20, 12, 14, 15, 6, 15, 13, 6, 20, 4, 12, 15, 9, 4, 5, 20, 5, 2, 20, 1, 3, 15, 4, 4, 1, 17, 6, 1, 12, 6, 4, 8, 7, 3, 11, 1, 2, 7, 14, 4, 17, 7, 14, 13, 7, 17, 9, 6, 7, 14, 9, 6, 7, 15, 14, 12, 19, 12, 18, 18, 11, 17, 8, 10, 10, 1, 18, 14, 17, 9, 12, 4, 6, 4, 1, 13, 13, 13, 8, 1, 17, 17, 18, 18, 13, 7, 4, 11, 7, 18, 7, 7, 13, 18, 14, 11, 3, 17, 10, 3, 16, 16, 10, 16, 11, 16, 3, 10, 16, 13, 13, 11, 3, 10, 17, 11, 10, 3, 10, 13, 11, 2, 16, 17, 11, 4, 16, 3, 10, 16, 3, 10, 16, 14, 18, 16, 18, 18]
bestever    1927    in generation 651
[19, 19, 8, 1, 8, 20, 1, 20, 5, 8, 19, 5, 12, 19, 8, 2, 9, 11, 2, 20, 8, 19, 5, 8, 1, 19, 12, 19, 2, 12, 14, 15, 20, 9, 19, 15, 14, 5, 9, 8, 5, 5, 12, 6, 2, 9, 2, 2, 5, 3, 15, 15, 5, 6, 9, 19, 2, 20, 6, 15, 9, 20, 20, 12, 14, 15, 6, 15, 13, 6, 20, 4, 12, 15, 9, 4, 5, 20, 5, 2, 20, 1, 3, 15, 4, 4, 1, 17, 6, 1, 12, 6, 4, 8, 7, 3, 11, 1, 2, 7, 14, 4, 17, 7, 14, 13, 7, 17, 9, 6, 7, 14, 9, 6, 7, 15, 14, 12, 19, 12, 18, 18, 11, 17, 8, 13, 10, 1, 18, 14, 17, 9, 12, 4, 6, 4, 1, 13, 10, 13, 8, 1, 17, 17, 18, 18, 13, 7, 4, 11, 7, 18, 7, 7, 13, 18, 14, 11, 3, 17, 10, 3, 16, 16, 10, 16, 11, 16, 3, 10, 16, 13, 13, 11, 3, 10, 17, 11, 10, 3, 10, 13, 11, 2, 16, 17, 11, 4, 16, 3, 10, 16, 3, 10, 16, 14, 18, 16, 18, 18]
bestever    1926    in generation 683
[19, 19, 8, 1, 8, 20, 1, 20, 5, 8, 19, 5, 12, 19, 8, 2, 9, 12, 2, 20, 8, 19, 5, 8, 1, 19, 12, 19, 2, 11, 14, 15, 20, 9, 19, 15, 14, 5, 9, 8, 5, 5, 12, 6, 2, 9, 2, 2, 5, 3, 15, 15, 5, 6, 9, 19, 2, 20, 6, 15, 9, 20, 20, 12, 14, 15, 6, 15, 13, 6, 20, 4, 12, 15, 9, 4, 5, 20, 5, 2, 20, 1, 3, 15, 4, 4, 1, 17, 6, 1, 12, 6, 4, 8, 7, 3, 11, 1, 2, 7, 14, 4, 17, 7, 14, 13, 7, 17, 9, 6, 7, 14, 9, 6, 7, 15, 14, 12, 19, 12, 18, 18, 11, 17, 8, 13, 10, 1, 18, 14, 17, 9, 12, 4, 6, 4, 1, 13, 10, 13, 8, 1, 17, 17, 18, 18, 13, 7, 4, 11, 7, 18, 7, 7, 13, 18, 14, 11, 3, 17, 10, 3, 16, 16, 10, 16, 11, 16, 3, 10, 16, 13, 13, 11, 3, 10, 17, 11, 10, 3, 10, 13, 11, 2, 16, 17, 11, 4, 16, 3, 10, 16, 3, 10, 16, 14, 18, 16, 18, 18]
bestever    1919    in generation 797
[19, 19, 8, 1, 8, 20, 1, 20, 5, 8, 19, 5, 12, 19, 8, 2, 9, 12, 2, 20, 8, 19, 5, 8, 1, 19, 12, 19, 2, 11, 14, 15, 20, 9, 19, 15, 14, 5, 9, 8, 5, 5, 12, 6, 2, 9, 2, 2, 5, 3, 15, 15, 5, 6, 9, 19, 2, 20, 6, 15, 9, 20, 20, 12, 14, 15, 6, 15, 13, 6, 20, 4, 12, 15, 9, 4, 5, 20, 5, 2, 20, 1, 3, 15, 4, 4, 1, 17, 6, 1, 12, 6, 4, 8, 7, 3, 11, 1, 2, 7, 14, 4, 17, 7, 14, 13, 7, 17, 9, 6, 7, 14, 9, 6, 7, 15, 14, 12, 19, 12, 18, 18, 11, 17, 8, 13, 10, 1, 18, 14, 17, 9, 12, 4, 6, 4, 1, 13, 10, 13, 8, 1, 17, 17, 16, 18, 13, 7, 4, 11, 7, 18, 7, 7, 13, 14, 11, 3, 17, 10, 3, 16, 16, 10, 11, 16, 3, 10, 16, 13, 13, 11, 3, 10, 17, 11, 10, 3, 10, 13, 11, 2, 16, 17, 11, 4, 16, 3, 10, 18, 3, 10, 16, 14, 18, 16, 18, 16, 18, 18]
bestever    1911    in generation 806
[19, 19, 8, 1, 8, 20, 1, 20, 5, 8, 19, 5, 12, 19, 8, 2, 9, 12, 2, 20, 8, 19, 5, 8, 1, 19, 12, 19, 2, 11, 14, 15, 20, 9, 19, 15, 14, 5, 9, 8, 5, 5, 12, 6, 2, 9, 2, 2, 5, 3, 15, 15, 5, 6, 9, 19, 2, 20, 6, 15, 9, 16, 20, 20, 12, 14, 15, 6, 15, 13, 6, 20, 4, 12, 15, 9, 4, 5, 20, 5, 2, 20, 1, 3, 15, 4, 4, 1, 17, 6, 1, 12, 6, 4, 8, 7, 3, 11, 1, 2, 7, 14, 4, 17, 7, 14, 13, 7, 17, 9, 6, 7, 14, 9, 6, 7, 15, 14, 12, 19, 12, 18, 18, 11, 17, 8, 13, 10, 1, 18, 14, 17, 9, 12, 4, 6, 4, 1, 13, 10, 13, 8, 1, 17, 17, 16, 18, 13, 7, 4, 11, 7, 18, 7, 7, 13, 14, 11, 3, 17, 10, 3, 16, 16, 10, 11, 3, 10, 16, 13, 13, 11, 3, 10, 18, 11, 10, 3, 10, 13, 11, 2, 16, 17, 11, 4, 16, 3, 10, 16, 3, 10, 16, 14, 18, 16, 18, 18, 18, 17]
bestever    1904    in generation 816
[19, 19, 8, 1, 8, 20, 1, 20, 5, 8, 19, 5, 12, 19, 8, 2, 9, 12, 2, 20, 8, 19, 5, 8, 1, 19, 12, 19, 2, 11, 14, 15, 20, 9, 19, 15, 14, 5, 9, 8, 5, 5, 12, 6, 2, 9, 2, 2, 5, 3, 15, 15, 5, 6, 9, 19, 2, 20, 6, 15, 9, 16, 20, 20, 12, 14, 15, 6, 15, 13, 6, 20, 4, 12, 15, 9, 4, 5, 20, 5, 2, 20, 1, 3, 15, 4, 4, 1, 17, 6, 1, 12, 6, 4, 8, 7, 3, 11, 1, 2, 7, 14, 4, 17, 7, 14, 13, 7, 17, 9, 6, 7, 14, 9, 6, 7, 15, 14, 12, 19, 12, 18, 18, 11, 17, 8, 13, 10, 1, 18, 14, 17, 9, 12, 4, 6, 4, 1, 13, 10, 13, 8, 1, 17, 17, 16, 4, 13, 7, 4, 11, 7, 18, 7, 7, 13, 14, 11, 3, 17, 10, 3, 16, 16, 10, 11, 3, 10, 16, 13, 13, 11, 3, 10, 18, 11, 10, 3, 10, 13, 11, 2, 16, 17, 11, 18, 16, 3, 10, 16, 3, 10, 16, 14, 18, 16, 18, 18, 18, 17]
bestever    1897    in generation 817
[19, 19, 8, 1, 8, 20, 1, 20, 5, 8, 19, 5, 12, 19, 8, 2, 9, 12, 2, 20, 8, 19, 5, 8, 1, 19, 12, 19, 2, 11, 14, 15, 20, 9, 19, 15, 14, 5, 9, 8, 5, 5, 12, 6, 2, 9, 2, 2, 5, 3, 15, 15, 5, 6, 9, 19, 2, 20, 6, 15, 9, 16, 20, 20, 12, 14, 15, 6, 15, 13, 6, 20, 4, 12, 15, 9, 4, 5, 20, 5, 2, 20, 1, 3, 15, 4, 4, 1, 17, 6, 1, 12, 6, 4, 8, 7, 3, 11, 1, 2, 7, 14, 4, 17, 7, 14, 13, 7, 17, 9, 6, 7, 14, 9, 6, 7, 15, 14, 12, 19, 12, 11, 17, 8, 13, 10, 1, 18, 17, 9, 12, 4, 6, 4, 1, 13, 10, 13, 8, 1, 17, 18, 13, 7, 4, 18, 14, 18, 17, 16, 11, 7, 18, 7, 7, 13, 14, 11, 3, 17, 10, 3, 16, 16, 10, 11, 3, 10, 16, 13, 13, 11, 3, 10, 18, 11, 10, 3, 10, 13, 11, 2, 16, 17, 11, 4, 16, 3, 10, 16, 3, 10, 16, 14, 18, 16, 18, 18, 18, 17]
bestever    1895    in generation 832
[19, 19, 8, 1, 8, 20, 1, 20, 5, 8, 19, 5, 12, 19, 8, 2, 9, 12, 2, 20, 8, 19, 5, 8, 1, 19, 12, 19, 2, 11, 14, 15, 20, 9, 19, 15, 14, 5, 9, 8, 5, 5, 12, 6, 2, 9, 2, 2, 5, 3, 15, 15, 5, 6, 9, 19, 2, 20, 6, 15, 9, 16, 20, 20, 12, 14, 15, 6, 1, 13, 6, 20, 4, 12, 15, 9, 4, 5, 20, 5, 2, 20, 1, 3, 15, 4, 4, 1, 17, 6, 15, 12, 6, 4, 8, 7, 3, 11, 1, 2, 7, 14, 4, 17, 7, 14, 13, 7, 17, 9, 6, 7, 14, 9, 6, 7, 15, 14, 12, 19, 12, 11, 17, 8, 13, 10, 1, 18, 17, 9, 12, 4, 6, 4, 1, 13, 10, 13, 8, 1, 17, 18, 13, 7, 4, 18, 14, 18, 17, 16, 11, 7, 18, 7, 7, 13, 14, 11, 3, 17, 10, 3, 16, 16, 10, 11, 3, 10, 16, 13, 13, 11, 3, 10, 18, 11, 10, 3, 10, 13, 11, 2, 16, 17, 11, 4, 16, 3, 10, 16, 3, 10, 16, 14, 18, 16, 18, 18, 18, 17]
bestever    1892    in generation 834
[19, 19, 8, 1, 8, 20, 1, 20, 5, 8, 19, 5, 12, 19, 8, 2, 9, 12, 2, 20, 8, 19, 5, 8, 1, 19, 12, 19, 2, 11, 14, 15, 20, 9, 19, 15, 14, 5, 9, 8, 5, 5, 12, 6, 2, 9, 2, 2, 5, 3, 15, 15, 5, 6, 9, 19, 2, 20, 6, 15, 9, 8, 20, 20, 12, 14, 15, 6, 15, 13, 6, 20, 4, 12, 15, 9, 4, 5, 20, 5, 2, 20, 1, 3, 15, 4, 4, 1, 17, 6, 1, 12, 6, 4, 8, 7, 3, 11, 1, 2, 7, 14, 4, 17, 7, 14, 13, 7, 17, 9, 6, 7, 14, 9, 6, 7, 15, 14, 12, 19, 12, 11, 17, 16, 13, 10, 1, 18, 17, 9, 12, 4, 6, 4, 1, 13, 10, 13, 8, 1, 17, 18, 13, 7, 4, 18, 14, 18, 17, 16, 11, 7, 18, 7, 7, 13, 14, 11, 3, 17, 10, 3, 16, 16, 10, 11, 3, 10, 16, 13, 13, 11, 3, 10, 18, 11, 10, 3, 10, 13, 11, 2, 16, 17, 11, 4, 16, 3, 10, 16, 3, 10, 16, 14, 18, 16, 18, 18, 18, 17]
bestever    1891    in generation 1047
[19, 19, 8, 1, 8, 20, 1, 20, 5, 8, 19, 5, 12, 19, 8, 2, 9, 12, 2, 20, 8, 19, 5, 8, 1, 19, 12, 19, 2, 11, 14, 15, 20, 9, 19, 15, 14, 5, 9, 8, 5, 5, 12, 6, 2, 9, 2, 2, 5, 1, 15, 15, 5, 6, 9, 19, 2, 20, 6, 15, 9, 8, 20, 20, 12, 14, 15, 6, 15, 13, 6, 20, 4, 12, 15, 9, 4, 5, 20, 5, 2, 20, 3, 3, 15, 4, 4, 1, 17, 6, 1, 12, 6, 4, 8, 7, 3, 11, 1, 2, 7, 14, 4, 17, 7, 14, 13, 7, 17, 9, 6, 7, 14, 9, 6, 7, 15, 14, 12, 19, 12, 11, 17, 16, 13, 10, 1, 18, 17, 9, 12, 4, 6, 4, 1, 13, 10, 13, 8, 1, 17, 18, 13, 7, 4, 18, 14, 18, 17, 16, 11, 7, 18, 7, 7, 13, 14, 11, 3, 17, 10, 3, 16, 16, 10, 11, 3, 10, 16, 13, 13, 11, 3, 10, 18, 11, 10, 3, 10, 13, 11, 2, 16, 17, 11, 4, 16, 3, 10, 16, 3, 10, 16, 14, 18, 16, 18, 18, 18, 17]
bestever    1885    in generation 1135
[19, 19, 8, 1, 8, 20, 1, 20, 5, 8, 19, 5, 12, 19, 8, 2, 9, 12, 2, 20, 8, 19, 5, 8, 1, 19, 12, 19, 2, 11, 14, 15, 20, 9, 19, 15, 14, 5, 9, 8, 5, 5, 12, 6, 2, 9, 2, 2, 5, 1, 15, 15, 5, 6, 9, 19, 2, 20, 6, 15, 9, 8, 20, 20, 12, 14, 15, 6, 15, 13, 6, 20, 4, 12, 15, 9, 4, 5, 20, 5, 2, 20, 15, 4, 4, 1, 17, 6, 1, 12, 6, 4, 8, 7, 1, 2, 7, 14, 4, 17, 7, 14, 14, 7, 17, 9, 6, 7, 13, 9, 6, 7, 15, 14, 17, 19, 12, 17, 13, 1, 18, 9, 12, 4, 6, 4, 1, 13, 8, 1, 12, 7, 4, 18, 18, 17, 7, 18, 14, 17, 16, 16, 13, 11, 3, 18, 11, 10, 3, 13, 11, 3, 10, 7, 7, 13, 14, 11, 3, 17, 10, 3, 16, 16, 10, 11, 3, 13, 16, 13, 10, 11, 3, 10, 18, 11, 10, 3, 10, 13, 11, 2, 16, 17, 11, 4, 16, 3, 10, 16, 3, 10, 16, 14, 18, 16, 18, 18, 18, 17]
bestever    1884    in generation 1143
[19, 19, 8, 1, 8, 20, 1, 20, 5, 8, 19, 5, 12, 19, 8, 2, 9, 12, 2, 20, 8, 19, 5, 8, 1, 19, 12, 19, 2, 11, 14, 15, 20, 9, 19, 15, 14, 5, 9, 8, 5, 5, 12, 6, 2, 9, 2, 2, 5, 1, 15, 15, 5, 6, 9, 19, 2, 20, 6, 15, 9, 8, 20, 20, 12, 14, 15, 6, 15, 13, 6, 20, 4, 12, 15, 9, 4, 5, 20, 5, 2, 20, 15, 4, 4, 1, 17, 6, 1, 12, 6, 4, 8, 7, 1, 2, 7, 14, 4, 17, 7, 14, 14, 7, 17, 9, 6, 7, 13, 9, 6, 7, 15, 14, 17, 19, 12, 17, 13, 1, 18, 9, 12, 4, 6, 4, 1, 13, 8, 1, 12, 7, 4, 18, 18, 17, 7, 18, 14, 17, 16, 16, 13, 11, 3, 18, 11, 10, 3, 13, 11, 3, 10, 7, 7, 13, 14, 11, 3, 17, 10, 3, 16, 16, 10, 11, 3, 13, 16, 13, 10, 11, 3, 10, 18, 11, 10, 3, 10, 13, 11, 2, 16, 17, 11, 4, 16, 3, 10, 16, 3, 10, 16, 14, 18, 18, 18, 17, 16, 18]
bestever    1871    in generation 3302
[19, 19, 8, 1, 8, 20, 1, 20, 5, 8, 19, 8, 12, 19, 5, 2, 9, 12, 6, 15, 20, 5, 19, 5, 12, 1, 19, 12, 19, 2, 11, 14, 2, 20, 9, 19, 15, 14, 8, 9, 8, 5, 5, 12, 6, 2, 9, 2, 2, 5, 1, 15, 3, 15, 5, 6, 9, 19, 14, 4, 2, 20, 6, 15, 9, 8, 20, 20, 8, 14, 15, 6, 15, 13, 20, 4, 12, 10, 17, 9, 8, 5, 19, 20, 6, 4, 13, 4, 1, 5, 6, 1, 4, 15, 12, 17, 4, 7, 1, 2, 7, 16, 11, 4, 10, 17, 14, 14, 17, 7, 2, 6, 11, 7, 13, 9, 6, 7, 15, 14, 20, 12, 17, 13, 1, 7, 9, 15, 6, 4, 1, 7, 14, 8, 4, 1, 12, 7, 12, 13, 17, 9, 14, 16, 18, 3, 3, 10, 18, 17, 16, 13, 11, 3, 7, 11, 7, 11, 10, 3, 10, 14, 18, 17, 3, 13, 13, 10, 11, 3, 13, 18, 11, 10, 16, 16, 13, 11, 2, 3, 16, 10, 11, 4, 3, 10, 16, 18, 3, 10, 16, 18, 17, 16, 18, 18, 18, 17, 16, 18]
bestever    1863    in generation 3326
[19, 19, 8, 1, 8, 20, 1, 20, 5, 8, 19, 8, 12, 19, 5, 2, 9, 12, 6, 15, 20, 5, 19, 5, 12, 1, 19, 12, 19, 2, 11, 14, 2, 20, 9, 19, 15, 14, 8, 9, 8, 5, 5, 12, 6, 2, 9, 2, 2, 5, 1, 15, 3, 15, 5, 6, 9, 19, 14, 4, 2, 20, 6, 15, 9, 8, 20, 20, 8, 14, 15, 6, 15, 13, 20, 4, 12, 10, 17, 9, 8, 5, 19, 20, 6, 4, 13, 4, 1, 5, 6, 1, 4, 15, 12, 17, 4, 7, 1, 2, 7, 9, 11, 4, 10, 17, 14, 14, 17, 7, 2, 6, 11, 7, 13, 16, 6, 7, 15, 14, 20, 12, 17, 13, 1, 7, 9, 15, 6, 4, 1, 7, 14, 8, 4, 1, 12, 7, 12, 13, 17, 9, 14, 16, 18, 3, 3, 10, 18, 17, 16, 13, 11, 3, 7, 11, 7, 11, 10, 3, 10, 14, 18, 17, 3, 13, 13, 10, 11, 3, 13, 18, 11, 10, 16, 16, 13, 11, 2, 3, 16, 10, 11, 4, 3, 10, 16, 18, 3, 10, 16, 18, 17, 16, 18, 18, 18, 17, 16, 18]
bestever    1861    in generation 3343
[19, 19, 8, 1, 8, 20, 1, 20, 5, 8, 19, 8, 12, 19, 5, 2, 9, 12, 6, 15, 20, 5, 19, 5, 12, 1, 19, 12, 19, 2, 11, 14, 2, 20, 9, 19, 15, 14, 8, 9, 8, 5, 5, 12, 6, 2, 9, 2, 2, 5, 1, 15, 3, 15, 5, 6, 9, 19, 14, 4, 2, 20, 6, 15, 9, 8, 20, 20, 8, 14, 15, 6, 15, 13, 20, 4, 12, 10, 17, 9, 8, 5, 19, 20, 6, 4, 13, 4, 1, 5, 6, 1, 4, 15, 12, 17, 4, 7, 1, 2, 7, 9, 11, 4, 10, 15, 14, 14, 17, 7, 2, 6, 11, 7, 13, 16, 6, 7, 15, 14, 20, 12, 17, 13, 1, 7, 9, 17, 6, 4, 1, 7, 14, 8, 4, 1, 12, 7, 12, 13, 17, 9, 14, 16, 18, 3, 3, 10, 18, 17, 16, 13, 11, 3, 7, 11, 7, 11, 10, 3, 10, 14, 18, 17, 3, 13, 13, 10, 11, 3, 13, 18, 11, 10, 16, 16, 13, 11, 2, 3, 16, 10, 11, 4, 3, 10, 16, 18, 3, 10, 16, 18, 17, 16, 18, 18, 18, 17, 16, 18]
bestever    1856    in generation 3360
[19, 19, 8, 1, 8, 20, 1, 20, 5, 8, 19, 8, 12, 19, 5, 2, 9, 12, 6, 15, 20, 5, 19, 5, 12, 1, 19, 12, 19, 2, 11, 14, 2, 20, 9, 19, 15, 14, 8, 9, 8, 5, 5, 12, 6, 2, 9, 2, 2, 5, 1, 15, 4, 15, 5, 6, 9, 19, 14, 4, 2, 20, 6, 15, 9, 8, 20, 20, 8, 14, 15, 6, 15, 13, 20, 4, 12, 10, 17, 9, 8, 5, 19, 20, 6, 4, 13, 3, 1, 5, 6, 1, 4, 15, 12, 17, 4, 7, 1, 2, 7, 9, 11, 4, 10, 15, 14, 14, 17, 7, 2, 6, 11, 7, 13, 16, 6, 7, 15, 14, 20, 12, 17, 13, 1, 7, 9, 17, 6, 4, 1, 7, 14, 8, 4, 1, 12, 7, 12, 13, 17, 9, 14, 16, 18, 3, 3, 10, 18, 17, 16, 13, 11, 3, 7, 11, 7, 11, 10, 3, 10, 14, 18, 17, 3, 13, 13, 10, 11, 3, 13, 18, 11, 10, 16, 16, 13, 11, 2, 3, 16, 10, 11, 4, 3, 10, 16, 18, 3, 10, 16, 18, 17, 16, 18, 18, 18, 17, 16, 18]
bestever    1854    in generation 3808
[19, 19, 8, 1, 8, 20, 1, 20, 5, 8, 19, 8, 12, 19, 5, 2, 16, 9, 12, 6, 15, 20, 5, 19, 5, 12, 1, 19, 12, 19, 2, 11, 14, 2, 20, 9, 19, 15, 14, 8, 9, 8, 5, 5, 12, 6, 2, 9, 2, 2, 5, 1, 15, 4, 15, 5, 6, 9, 19, 17, 4, 2, 20, 6, 15, 9, 1, 8, 20, 20, 15, 8, 14, 15, 6, 13, 20, 4, 12, 10, 17, 9, 8, 5, 19, 20, 6, 4, 13, 3, 1, 5, 6, 16, 4, 15, 12, 17, 4, 14, 1, 2, 7, 9, 11, 4, 10, 15, 14, 7, 17, 7, 2, 6, 11, 7, 13, 16, 6, 7, 15, 14, 20, 12, 14, 13, 1, 7, 9, 17, 6, 4, 1, 7, 14, 8, 4, 1, 12, 7, 12, 13, 17, 9, 14, 3, 3, 10, 17, 13, 11, 3, 7, 11, 7, 11, 10, 3, 10, 14, 18, 17, 3, 13, 13, 10, 11, 3, 13, 18, 11, 10, 16, 18, 16, 18, 16, 13, 11, 2, 3, 10, 11, 4, 3, 10, 16, 18, 3, 10, 16, 18, 17, 16, 18, 18, 18, 17, 16, 18]
bestever    1852    in generation 3826
[19, 19, 8, 1, 8, 20, 1, 20, 5, 8, 19, 8, 12, 19, 5, 2, 16, 9, 12, 6, 15, 20, 5, 19, 5, 12, 1, 19, 12, 19, 2, 11, 14, 2, 20, 9, 19, 15, 14, 8, 9, 8, 5, 5, 12, 6, 2, 9, 8, 2, 5, 1, 15, 4, 15, 5, 6, 9, 19, 17, 4, 2, 20, 6, 15, 9, 1, 2, 20, 20, 15, 8, 14, 15, 6, 13, 20, 4, 12, 10, 17, 9, 8, 5, 19, 20, 6, 4, 13, 3, 1, 5, 6, 16, 4, 15, 12, 17, 4, 14, 1, 2, 7, 9, 11, 4, 10, 15, 14, 7, 17, 7, 2, 6, 11, 7, 13, 16, 6, 7, 15, 14, 20, 12, 14, 13, 1, 7, 9, 17, 6, 4, 1, 7, 14, 8, 4, 1, 12, 7, 12, 13, 17, 9, 14, 3, 3, 10, 17, 13, 11, 3, 7, 11, 7, 11, 10, 3, 10, 14, 18, 17, 3, 13, 13, 10, 11, 3, 13, 18, 11, 10, 16, 18, 16, 18, 16, 13, 11, 2, 3, 10, 11, 4, 3, 10, 16, 18, 3, 10, 16, 18, 17, 16, 18, 18, 18, 17, 16, 18]
bestever    1849    in generation 3857
[19, 19, 8, 1, 8, 20, 1, 20, 5, 8, 19, 8, 12, 19, 5, 2, 16, 9, 12, 6, 15, 20, 5, 19, 5, 12, 1, 19, 12, 19, 2, 11, 14, 2, 20, 9, 19, 15, 14, 8, 9, 8, 5, 5, 12, 6, 2, 9, 8, 2, 5, 1, 15, 4, 15, 5, 6, 9, 19, 7, 4, 2, 20, 6, 15, 9, 1, 2, 20, 20, 15, 8, 14, 15, 6, 13, 20, 4, 12, 10, 17, 9, 8, 5, 19, 20, 6, 4, 13, 3, 1, 5, 6, 16, 4, 15, 12, 17, 4, 14, 1, 2, 7, 9, 11, 4, 10, 15, 14, 17, 17, 7, 2, 6, 11, 7, 13, 16, 6, 7, 15, 14, 20, 12, 14, 13, 1, 7, 9, 17, 6, 4, 1, 7, 14, 8, 4, 1, 12, 7, 12, 13, 17, 9, 14, 3, 3, 10, 17, 13, 11, 3, 7, 11, 7, 11, 10, 3, 10, 14, 18, 17, 3, 13, 13, 10, 11, 3, 13, 18, 11, 10, 16, 18, 16, 18, 16, 13, 11, 2, 3, 10, 11, 4, 3, 10, 16, 18, 3, 10, 16, 18, 17, 16, 18, 18, 18, 17, 16, 18]
bestever    1842    in generation 3923
[19, 19, 8, 1, 8, 20, 1, 20, 5, 8, 19, 8, 12, 19, 5, 2, 16, 9, 12, 6, 15, 20, 5, 19, 5, 12, 1, 19, 12, 19, 2, 11, 14, 2, 20, 9, 19, 15, 14, 8, 9, 8, 5, 5, 12, 6, 2, 9, 8, 2, 17, 1, 15, 4, 15, 5, 6, 9, 19, 7, 4, 2, 20, 6, 15, 9, 1, 2, 20, 20, 15, 8, 14, 15, 6, 13, 20, 4, 12, 10, 17, 9, 8, 5, 19, 20, 12, 4, 13, 3, 1, 5, 6, 16, 4, 15, 6, 5, 4, 14, 1, 2, 7, 9, 11, 4, 10, 15, 14, 17, 17, 7, 2, 12, 11, 7, 13, 16, 6, 7, 15, 14, 20, 12, 14, 13, 1, 7, 9, 17, 6, 4, 1, 7, 14, 8, 4, 1, 12, 7, 6, 13, 17, 9, 14, 3, 3, 10, 17, 13, 11, 3, 7, 11, 7, 11, 10, 3, 10, 14, 18, 17, 3, 13, 13, 10, 11, 3, 13, 18, 11, 10, 16, 18, 16, 18, 16, 13, 11, 2, 3, 10, 11, 4, 3, 10, 16, 18, 3, 10, 18, 18, 17, 16, 18, 16, 18, 17, 16, 18]
bestever    1838    in generation 4030
[19, 19, 8, 1, 8, 20, 1, 20, 5, 8, 19, 8, 12, 19, 5, 2, 16, 9, 12, 6, 15, 20, 5, 19, 5, 12, 1, 19, 12, 19, 2, 11, 14, 2, 20, 9, 19, 15, 14, 8, 9, 8, 5, 5, 12, 6, 2, 9, 8, 2, 17, 1, 15, 4, 15, 5, 6, 9, 19, 4, 4, 2, 20, 6, 15, 9, 1, 2, 20, 20, 15, 8, 14, 15, 6, 13, 20, 4, 12, 10, 17, 9, 8, 5, 19, 20, 12, 4, 13, 3, 1, 5, 6, 16, 7, 15, 6, 5, 4, 14, 1, 2, 7, 9, 11, 4, 10, 15, 14, 17, 17, 7, 2, 12, 11, 7, 13, 16, 6, 7, 15, 14, 20, 12, 14, 13, 1, 7, 9, 17, 6, 4, 1, 7, 14, 8, 4, 1, 12, 7, 6, 13, 17, 9, 14, 3, 3, 10, 17, 13, 11, 3, 7, 11, 7, 11, 10, 3, 10, 14, 18, 17, 3, 13, 13, 10, 11, 3, 13, 18, 11, 10, 16, 18, 16, 18, 16, 13, 11, 2, 3, 10, 11, 4, 3, 10, 16, 18, 3, 10, 18, 18, 16, 16, 18, 17, 18, 17, 16, 18]
bestever    1835    in generation 6785
[19, 19, 8, 5, 8, 20, 1, 20, 5, 8, 19, 8, 12, 19, 1, 2, 9, 12, 6, 15, 20, 5, 8, 5, 12, 1, 19, 12, 19, 2, 11, 14, 2, 20, 9, 19, 15, 14, 8, 9, 8, 5, 7, 5, 12, 6, 2, 9, 19, 2, 17, 1, 15, 4, 7, 15, 2, 5, 6, 9, 19, 4, 4, 2, 20, 18, 15, 9, 1, 20, 20, 15, 8, 14, 15, 6, 13, 20, 11, 4, 12, 17, 15, 9, 19, 20, 12, 14, 13, 8, 2, 1, 5, 6, 15, 6, 5, 4, 14, 1, 7, 9, 11, 4, 20, 3, 5, 14, 17, 7, 7, 10, 2, 12, 17, 13, 6, 15, 4, 14, 12, 14, 13, 1, 7, 9, 10, 1, 11, 17, 8, 1, 12, 7, 6, 7, 13, 9, 14, 10, 14, 7, 3, 3, 10, 17, 3, 11, 17, 18, 3, 13, 7, 11, 13, 4, 17, 13, 13, 18, 11, 3, 13, 6, 11, 4, 2, 6, 10, 3, 10, 16, 10, 4, 3, 10, 16, 11, 3, 10, 11, 18, 16, 16, 16, 18, 16, 16, 17, 16, 18, 3, 10, 17, 18, 16, 18, 18, 16, 18]
bestever    1827    in generation 7697
[19, 19, 20, 5, 8, 20, 1, 20, 5, 8, 19, 8, 12, 19, 1, 2, 9, 12, 6, 15, 8, 5, 8, 5, 19, 12, 1, 19, 12, 19, 2, 11, 14, 2, 20, 9, 19, 15, 14, 17, 8, 9, 8, 5, 7, 5, 12, 6, 2, 9, 2, 9, 17, 1, 15, 4, 7, 15, 2, 5, 5, 9, 6, 4, 4, 2, 18, 20, 15, 1, 20, 20, 15, 8, 14, 15, 6, 13, 20, 11, 4, 12, 15, 9, 17, 19, 20, 12, 14, 13, 8, 2, 1, 5, 15, 6, 5, 4, 14, 1, 7, 3, 6, 9, 11, 4, 20, 3, 19, 14, 17, 7, 7, 10, 2, 12, 17, 13, 6, 15, 4, 14, 12, 14, 13, 1, 7, 9, 10, 1, 11, 8, 1, 12, 7, 6, 7, 13, 9, 11, 18, 14, 10, 14, 7, 3, 10, 17, 3, 17, 18, 3, 13, 7, 11, 13, 4, 17, 13, 13, 18, 11, 3, 13, 6, 11, 4, 2, 6, 10, 3, 10, 16, 16, 10, 4, 3, 10, 18, 16, 11, 3, 10, 11, 16, 16, 16, 16, 18, 18, 17, 16, 18, 3, 10, 17, 16, 18, 16, 18]
