bestever    3092    in generation 0
[5, 10, 3, 10, 16, 19, 19, 6, 4, 17, 18, 20, 14, 14, 12, 16, 5, 10, 18, 12, 19, 11, 3, 8, 12, 20, 17, 12, 5, 5, 10, 4, 17, 20, 2, 11, 6, 9, 20, 12, 18, 18, 12, 17, 10, 15, 14, 19, 3, 2, 10, 15, 8, 6, 12, 5, 14, 6, 16, 20, 13, 17, 19, 4, 1, 3, 2, 7, 12, 14, 2, 17, 11, 9, 10, 20, 15, 15, 3, 7, 13, 9, 6, 13, 15, 5, 3, 6, 3, 8, 4, 9, 10, 5, 17, 5, 12, 15, 8, 1, 9, 11, 7, 4, 19, 6, 15, 2, 13, 4, 18, 18, 18, 11, 18, 14, 10, 1, 1, 18, 6, 3, 6, 7, 16, 4, 5, 11, 7, 9, 16, 19, 13, 12, 17, 8, 2, 14, 16, 10, 7, 15, 16, 19, 3, 20, 16, 2, 17, 2, 20, 4, 18, 7, 8, 8, 15, 13, 3, 19, 20, 13, 1, 14, 17, 2, 1, 7, 19, 16, 16, 20, 11, 11, 4, 9, 5, 6, 1, 11, 13, 1, 9, 15, 13, 7, 1, 9, 8, 11, 13, 9, 1, 2, 8, 4, 8, 7, 14, 14]
bestever    3045    in generation 3
[5, 10, 3, 10, 16, 19, 19, 6, 4, 17, 18, 20, 14, 14, 12, 16, 5, 10, 18, 12, 19, 11, 3, 8, 12, 20, 17, 12, 5, 5, 10, 4, 17, 20, 2, 11, 6, 9, 20, 12, 18, 18, 12, 17, 10, 15, 14, 19, 3, 2, 10, 15, 8, 6, 12, 5, 14, 6, 16, 20, 13, 17, 19, 4, 1, 3, 2, 7, 12, 14, 2, 17, 11, 9, 10, 20, 15, 15, 3, 7, 13, 9, 6, 13, 15, 5, 3, 6, 3, 8, 4, 9, 10, 5, 17, 5, 12, 15, 8, 1, 9, 11, 7, 4, 19, 6, 15, 2, 13, 4, 18, 18, 18, 11, 18, 14, 10, 1, 1, 18, 6, 3, 6, 7, 16, 4, 5, 11, 7, 9, 16, 19, 13, 12, 17, 8, 2, 14, 16, 10, 7, 15, 16, 19, 3, 20, 16, 2, 17, 2, 20, 4, 18, 7, 8, 8, 15, 13, 3, 19, 20, 13, 1, 14, 17, 2, 1, 7, 19, 16, 16, 20, 11, 11, 4, 9, 5, 6, 1, 11, 13, 1, 9, 15, 13, 7, 7, 9, 8, 11, 13, 9, 1, 2, 8, 4, 8, 1, 14, 14]
bestever    3001    in generation 5
[5, 10, 3, 10, 16, 19, 19, 6, 4, 17, 18, 20, 14, 14, 12, 16, 5, 10, 18, 12, 19, 11, 3, 8, 12, 20, 17, 12, 5, 5, 10, 4, 17, 20, 2, 11, 6, 9, 20, 12, 18, 18, 12, 17, 10, 15, 14, 19, 3, 2, 10, 15, 8, 6, 12, 3, 14, 6, 16, 20, 13, 17, 19, 4, 1, 3, 2, 7, 12, 14, 2, 17, 11, 9, 10, 20, 15, 15, 3, 7, 13, 9, 6, 13, 15, 5, 3, 6, 3, 8, 4, 9, 10, 5, 17, 5, 12, 15, 8, 1, 9, 11, 7, 4, 19, 6, 15, 2, 13, 4, 18, 18, 18, 11, 18, 14, 10, 1, 1, 18, 6, 3, 6, 7, 16, 4, 5, 11, 7, 9, 16, 19, 13, 12, 17, 8, 2, 14, 16, 10, 7, 15, 16, 19, 3, 20, 16, 2, 17, 2, 20, 4, 18, 7, 8, 8, 15, 13, 5, 19, 20, 13, 1, 14, 17, 2, 1, 7, 19, 16, 16, 20, 11, 11, 4, 9, 5, 6, 1, 11, 13, 1, 9, 15, 13, 7, 7, 9, 8, 11, 13, 9, 1, 2, 8, 4, 8, 1, 14, 14]
bestever    2996    in generation 7
[5, 10, 3, 10, 16, 19, 19, 6, 4, 17, 18, 20, 14, 14, 12, 10, 5, 10, 18, 12, 19, 11, 3, 8, 12, 20, 17, 12, 5, 5, 10, 4, 17, 20, 2, 11, 6, 9, 20, 12, 18, 18, 12, 17, 10, 15, 14, 19, 3, 2, 10, 15, 8, 6, 12, 3, 14, 6, 16, 20, 13, 17, 19, 4, 1, 3, 2, 7, 12, 14, 2, 17, 11, 9, 10, 20, 15, 15, 3, 7, 13, 9, 6, 13, 15, 5, 3, 6, 3, 8, 4, 9, 10, 5, 17, 5, 12, 15, 8, 1, 9, 11, 7, 4, 19, 6, 15, 2, 13, 4, 18, 18, 18, 11, 18, 14, 10, 1, 1, 18, 6, 3, 6, 7, 16, 4, 5, 11, 7, 9, 16, 19, 13, 12, 17, 8, 2, 14, 16, 16, 7, 15, 16, 19, 3, 20, 16, 2, 17, 2, 20, 4, 18, 7, 8, 8, 15, 13, 5, 19, 20, 13, 1, 14, 17, 2, 1, 7, 19, 16, 16, 20, 11, 11, 4, 9, 5, 6, 1, 11, 13, 1, 9, 15, 13, 7, 7, 9, 8, 11, 13, 9, 1, 2, 8, 4, 8, 1, 14, 14]
bestever    2995    in generation 8
[5, 10, 3, 10, 16, 19, 19, 6, 4, 17, 18, 20, 14, 14, 12, 10, 5, 10, 18, 12, 19, 11, 3, 8, 12, 20, 17, 12, 5, 5, 10, 4, 17, 20, 2, 11, 6, 9, 20, 12, 18, 18, 12, 17, 10, 15, 14, 19, 3, 2, 10, 15, 8, 6, 12, 3, 14, 6, 16, 20, 13, 17, 19, 4, 1, 3, 2, 7, 12, 14, 2, 17, 11, 9, 10, 20, 15, 15, 3, 7, 13, 9, 6, 13, 15, 5, 3, 6, 3, 8, 4, 9, 10, 5, 17, 5, 12, 15, 8, 1, 9, 11, 7, 4, 19, 6, 5, 2, 13, 4, 18, 18, 18, 11, 18, 14, 10, 1, 1, 18, 6, 3, 6, 7, 16, 4, 15, 11, 7, 9, 16, 19, 13, 12, 17, 8, 2, 14, 16, 16, 7, 15, 16, 19, 3, 20, 16, 2, 17, 2, 20, 4, 18, 7, 8, 8, 15, 13, 5, 19, 20, 13, 1, 14, 17, 2, 1, 7, 19, 16, 16, 20, 11, 11, 4, 9, 5, 6, 1, 11, 13, 1, 9, 15, 13, 7, 7, 9, 8, 11, 13, 9, 1, 2, 8, 4, 8, 1, 14, 14]
bestever    2981    in generation 10
[5, 10, 3, 10, 16, 19, 19, 6, 4, 17, 18, 20, 14, 14, 12, 10, 5, 10, 18, 12, 19, 11, 3, 8, 12, 20, 17, 12, 5, 5, 10, 4, 17, 20, 2, 11, 6, 9, 20, 12, 18, 18, 12, 17, 10, 15, 14, 19, 3, 2, 10, 15, 8, 6, 12, 3, 14, 6, 17, 20, 13, 17, 19, 4, 1, 3, 2, 7, 12, 14, 2, 17, 11, 9, 10, 20, 15, 15, 3, 7, 13, 9, 6, 13, 15, 5, 3, 6, 3, 8, 4, 9, 10, 5, 17, 5, 12, 15, 8, 1, 9, 11, 7, 4, 19, 6, 5, 2, 13, 4, 18, 18, 18, 11, 18, 14, 10, 1, 1, 18, 6, 3, 6, 7, 16, 4, 15, 11, 7, 9, 16, 19, 13, 12, 16, 8, 2, 14, 16, 16, 7, 15, 16, 19, 3, 20, 16, 2, 17, 2, 20, 4, 18, 7, 8, 8, 15, 13, 5, 19, 20, 13, 1, 14, 17, 2, 1, 7, 19, 16, 16, 20, 11, 11, 4, 9, 5, 6, 1, 11, 13, 1, 9, 15, 13, 7, 7, 9, 8, 11, 13, 9, 1, 2, 8, 4, 8, 1, 14, 14]
bestever    2959    in generation 12
[5, 10, 3, 10, 16, 19, 19, 6, 4, 17, 18, 20, 14, 14, 12, 10, 5, 10, 18, 12, 19, 11, 3, 8, 12, 20, 17, 12, 5, 5, 10, 4, 17, 20, 2, 11, 6, 9, 20, 12, 18, 18, 12, 17, 10, 15, 14, 19, 3, 2, 10, 15, 8, 6, 12, 3, 14, 6, 17, 20, 13, 17, 19, 4, 1, 3, 2, 7, 12, 14, 2, 17, 11, 9, 10, 20, 15, 15, 3, 7, 13, 9, 6, 13, 15, 5, 3, 6, 3, 8, 4, 9, 10, 5, 17, 5, 12, 15, 8, 1, 15, 11, 7, 4, 19, 6, 5, 2, 13, 4, 18, 18, 18, 11, 18, 14, 10, 1, 1, 18, 6, 3, 6, 7, 16, 4, 9, 11, 7, 9, 16, 19, 13, 12, 16, 8, 2, 14, 16, 16, 7, 15, 16, 19, 3, 20, 16, 2, 17, 2, 20, 4, 18, 7, 8, 8, 15, 13, 5, 19, 20, 13, 1, 14, 17, 2, 1, 7, 19, 16, 16, 20, 11, 11, 4, 9, 5, 6, 1, 11, 13, 1, 9, 15, 13, 7, 7, 9, 8, 11, 13, 9, 1, 2, 8, 4, 8, 1, 14, 14]
bestever    2948    in generation 18
[5, 10, 3, 10, 16, 19, 19, 6, 4, 17, 18, 20, 14, 14, 12, 10, 5, 10, 18, 12, 19, 11, 3, 8, 12, 20, 17, 12, 5, 5, 10, 4, 17, 20, 2, 11, 6, 9, 20, 12, 18, 18, 12, 17, 10, 15, 14, 19, 3, 2, 10, 15, 8, 6, 12, 3, 14, 6, 17, 20, 13, 17, 19, 4, 1, 3, 2, 7, 12, 14, 2, 17, 11, 9, 10, 20, 15, 15, 3, 7, 13, 9, 6, 13, 15, 5, 3, 6, 3, 8, 4, 9, 10, 5, 17, 5, 12, 15, 8, 1, 15, 11, 7, 4, 19, 6, 5, 2, 13, 4, 16, 18, 18, 11, 18, 14, 10, 1, 1, 18, 6, 3, 6, 7, 16, 4, 9, 11, 7, 9, 16, 19, 13, 12, 16, 8, 2, 14, 16, 18, 7, 15, 16, 19, 3, 20, 16, 2, 17, 2, 20, 4, 18, 7, 8, 8, 15, 13, 5, 19, 20, 13, 1, 14, 17, 2, 1, 7, 19, 16, 16, 20, 11, 11, 4, 9, 5, 6, 1, 11, 13, 1, 9, 15, 13, 7, 7, 9, 8, 11, 13, 9, 1, 2, 8, 4, 8, 1, 14, 14]
bestever    2943    in generation 20
[5, 10, 3, 10, 16, 19, 19, 6, 4, 17, 18, 20, 14, 14, 12, 10, 5, 10, 18, 12, 19, 11, 3, 8, 12, 20, 17, 12, 5, 5, 10, 4, 17, 20, 2, 11, 6, 9, 20, 12, 18, 18, 12, 17, 10, 15, 14, 19, 3, 2, 10, 15, 8, 6, 12, 3, 14, 6, 17, 4, 13, 17, 19, 4, 1, 3, 2, 7, 12, 14, 2, 17, 11, 9, 10, 20, 15, 15, 3, 7, 13, 9, 6, 13, 15, 5, 3, 6, 3, 8, 4, 9, 10, 5, 17, 5, 12, 15, 8, 1, 15, 11, 7, 4, 19, 6, 5, 2, 13, 4, 16, 18, 18, 11, 18, 14, 10, 1, 1, 18, 6, 3, 6, 7, 16, 4, 9, 11, 7, 9, 16, 19, 13, 12, 16, 8, 2, 14, 16, 18, 7, 15, 16, 19, 3, 20, 16, 2, 17, 2, 20, 4, 18, 7, 8, 8, 15, 13, 5, 19, 20, 13, 1, 14, 17, 2, 1, 7, 19, 16, 16, 20, 11, 11, 20, 9, 5, 6, 1, 11, 13, 1, 9, 15, 13, 7, 7, 9, 8, 11, 13, 9, 1, 2, 8, 4, 8, 1, 14, 14]
bestever    2924    in generation 21
[5, 10, 3, 10, 16, 19, 19, 6, 4, 17, 18, 20, 14, 14, 12, 10, 5, 10, 18, 12, 19, 11, 3, 8, 12, 20, 17, 12, 5, 5, 10, 4, 17, 20, 2, 11, 6, 9, 20, 12, 18, 18, 12, 17, 10, 15, 14, 19, 3, 2, 10, 15, 8, 6, 12, 3, 14, 6, 17, 4, 13, 17, 19, 4, 1, 3, 18, 7, 12, 14, 2, 17, 11, 9, 10, 20, 15, 15, 3, 7, 13, 9, 6, 13, 15, 5, 3, 6, 3, 8, 4, 9, 10, 5, 17, 5, 12, 15, 8, 1, 15, 11, 7, 4, 19, 6, 5, 2, 13, 4, 16, 18, 18, 11, 2, 14, 10, 1, 1, 18, 6, 3, 6, 7, 16, 4, 9, 11, 7, 9, 16, 19, 13, 12, 16, 8, 2, 14, 16, 18, 7, 15, 16, 19, 3, 20, 16, 2, 17, 2, 20, 4, 18, 7, 8, 8, 15, 13, 5, 19, 20, 13, 1, 14, 17, 2, 1, 7, 19, 16, 16, 20, 11, 11, 20, 9, 5, 6, 1, 11, 13, 1, 9, 15, 13, 7, 7, 9, 8, 11, 13, 9, 1, 2, 8, 4, 8, 1, 14, 14]
bestever    2907    in generation 23
[5, 10, 3, 10, 16, 19, 19, 6, 4, 17, 18, 20, 14, 14, 12, 10, 5, 10, 18, 12, 19, 11, 3, 8, 12, 20, 17, 12, 5, 5, 10, 4, 17, 20, 2, 11, 6, 9, 20, 12, 18, 18, 12, 17, 10, 15, 14, 19, 3, 2, 10, 15, 8, 6, 12, 3, 14, 6, 17, 4, 13, 17, 19, 4, 1, 3, 18, 7, 12, 14, 2, 17, 11, 9, 10, 20, 15, 15, 3, 7, 13, 9, 1, 13, 15, 5, 3, 6, 3, 8, 4, 9, 10, 5, 17, 5, 12, 15, 8, 1, 15, 11, 7, 4, 19, 6, 5, 2, 13, 4, 16, 18, 18, 11, 2, 14, 10, 1, 1, 18, 6, 3, 6, 7, 16, 4, 9, 11, 7, 9, 16, 19, 13, 12, 16, 8, 2, 14, 16, 18, 7, 15, 16, 19, 3, 20, 16, 2, 17, 2, 20, 4, 18, 7, 8, 8, 15, 13, 5, 19, 20, 13, 1, 14, 17, 2, 6, 7, 19, 16, 16, 20, 11, 11, 20, 9, 5, 6, 1, 11, 13, 1, 9, 15, 13, 7, 7, 9, 8, 11, 13, 9, 1, 2, 8, 4, 8, 1, 14, 14]
bestever    2895    in generation 25
[5, 10, 3, 10, 16, 19, 19, 6, 4, 17, 18, 20, 14, 14, 12, 10, 5, 10, 18, 12, 19, 11, 3, 8, 12, 20, 17, 12, 5, 5, 10, 4, 17, 20, 2, 11, 6, 9, 20, 12, 18, 18, 12, 17, 10, 15, 14, 19, 3, 2, 10, 15, 8, 6, 12, 3, 14, 6, 17, 4, 13, 17, 19, 4, 1, 3, 18, 7, 12, 14, 2, 17, 11, 9, 10, 20, 15, 15, 3, 7, 13, 9, 1, 13, 15, 5, 3, 6, 3, 8, 4, 9, 10, 5, 17, 5, 12, 15, 8, 1, 15, 11, 7, 4, 19, 6, 5, 2, 13, 4, 16, 18, 18, 11, 2, 14, 10, 1, 1, 18, 6, 3, 6, 7, 16, 4, 5, 11, 7, 9, 16, 19, 13, 12, 16, 8, 2, 14, 16, 18, 7, 15, 16, 19, 3, 20, 16, 2, 17, 2, 20, 4, 18, 7, 8, 8, 15, 13, 9, 19, 20, 13, 1, 14, 17, 2, 6, 7, 19, 16, 16, 20, 11, 11, 20, 9, 5, 6, 1, 11, 13, 1, 9, 15, 13, 7, 7, 9, 8, 11, 13, 9, 1, 2, 8, 4, 8, 1, 14, 14]
bestever    2888    in generation 26
[5, 10, 3, 10, 16, 19, 19, 6, 4, 17, 18, 20, 14, 14, 12, 10, 5, 10, 18, 12, 19, 11, 3, 8, 12, 20, 17, 12, 5, 5, 10, 4, 17, 20, 2, 11, 6, 9, 20, 12, 18, 18, 12, 17, 10, 15, 14, 19, 3, 2, 10, 15, 8, 6, 12, 3, 14, 6, 17, 4, 13, 17, 19, 4, 1, 3, 18, 7, 12, 14, 2, 17, 11, 9, 10, 20, 15, 15, 3, 7, 13, 9, 1, 13, 15, 5, 3, 6, 3, 8, 4, 9, 10, 5, 17, 5, 12, 15, 8, 1, 15, 11, 7, 4, 19, 6, 5, 2, 13, 4, 16, 18, 18, 11, 2, 14, 10, 1, 1, 18, 6, 3, 6, 7, 16, 4, 5, 11, 7, 9, 16, 19, 13, 12, 16, 8, 2, 14, 16, 18, 7, 15, 16, 19, 3, 11, 16, 2, 17, 2, 20, 4, 18, 7, 8, 8, 15, 13, 9, 19, 20, 13, 1, 14, 17, 2, 6, 7, 19, 16, 16, 20, 11, 20, 20, 9, 5, 6, 1, 11, 13, 1, 9, 15, 13, 7, 7, 9, 8, 11, 13, 9, 1, 2, 8, 4, 8, 1, 14, 14]
bestever    2862    in generation 28
[5, 10, 3, 10, 16, 19, 19, 6, 4, 17, 13, 20, 14, 14, 12, 10, 5, 10, 18, 12, 19, 11, 3, 8, 12, 20, 17, 12, 5, 5, 10, 4, 17, 20, 2, 11, 6, 9, 20, 12, 18, 18, 12, 17, 10, 15, 14, 19, 3, 2, 10, 15, 8, 6, 12, 3, 14, 6, 17, 4, 13, 17, 19, 4, 1, 3, 18, 7, 12, 14, 2, 17, 11, 9, 10, 20, 15, 15, 3, 7, 13, 9, 1, 13, 15, 5, 3, 6, 3, 8, 4, 9, 10, 5, 17, 5, 12, 15, 8, 1, 15, 11, 7, 4, 19, 6, 5, 2, 13, 4, 16, 18, 18, 11, 2, 14, 10, 1, 1, 18, 6, 3, 6, 7, 16, 4, 5, 11, 7, 9, 16, 19, 13, 12, 16, 8, 2, 14, 16, 18, 7, 15, 16, 19, 3, 11, 16, 2, 17, 2, 20, 4, 18, 7, 8, 8, 15, 18, 9, 19, 20, 13, 1, 14, 17, 2, 6, 7, 19, 16, 16, 20, 11, 20, 20, 9, 5, 6, 1, 11, 13, 1, 9, 15, 13, 7, 7, 9, 8, 11, 13, 9, 1, 2, 8, 4, 8, 1, 14, 14]
bestever    2816    in generation 30
[5, 10, 3, 10, 16, 19, 19, 6, 4, 17, 13, 20, 14, 14, 12, 10, 5, 10, 18, 12, 19, 11, 3, 8, 12, 20, 17, 12, 5, 5, 10, 4, 17, 20, 2, 11, 6, 9, 20, 12, 18, 18, 12, 17, 10, 15, 14, 19, 3, 2, 10, 15, 14, 6, 12, 3, 14, 6, 17, 4, 13, 17, 19, 4, 1, 3, 18, 7, 12, 14, 2, 17, 11, 9, 10, 20, 15, 15, 3, 7, 13, 9, 1, 13, 15, 5, 3, 6, 3, 8, 4, 9, 10, 5, 17, 5, 12, 15, 8, 1, 15, 11, 7, 4, 19, 6, 5, 2, 13, 4, 16, 18, 18, 11, 2, 8, 10, 1, 1, 18, 6, 3, 6, 7, 16, 4, 5, 11, 7, 9, 16, 19, 13, 12, 16, 8, 2, 14, 16, 18, 7, 15, 16, 19, 3, 11, 16, 2, 17, 2, 20, 4, 18, 7, 8, 8, 15, 18, 9, 19, 20, 13, 1, 14, 17, 2, 6, 7, 19, 16, 16, 20, 11, 20, 20, 9, 5, 6, 1, 11, 13, 1, 9, 15, 13, 7, 7, 9, 8, 11, 13, 9, 1, 2, 8, 4, 8, 1, 14, 14]
bestever    2798    in generation 34
[5, 10, 3, 10, 16, 19, 19, 6, 4, 17, 13, 20, 14, 14, 12, 10, 5, 10, 18, 12, 19, 11, 3, 8, 12, 20, 17, 12, 5, 5, 10, 4, 17, 20, 2, 11, 6, 9, 20, 12, 18, 18, 12, 17, 10, 15, 14, 19, 3, 2, 10, 15, 14, 6, 12, 3, 14, 6, 17, 4, 13, 17, 19, 4, 1, 3, 18, 7, 12, 14, 2, 17, 11, 9, 10, 20, 15, 15, 3, 7, 13, 9, 1, 13, 15, 5, 3, 6, 3, 8, 4, 9, 10, 5, 17, 5, 12, 15, 8, 1, 15, 11, 7, 4, 19, 6, 5, 2, 13, 4, 16, 18, 18, 11, 2, 4, 10, 1, 1, 18, 6, 3, 6, 7, 16, 8, 5, 11, 7, 9, 16, 19, 13, 12, 16, 8, 2, 14, 16, 18, 7, 15, 16, 19, 3, 11, 16, 2, 17, 2, 20, 4, 18, 7, 8, 8, 15, 18, 9, 19, 20, 13, 1, 14, 17, 2, 6, 7, 19, 16, 16, 20, 11, 20, 20, 9, 5, 6, 1, 11, 13, 1, 9, 15, 13, 7, 7, 9, 8, 11, 13, 9, 1, 2, 8, 4, 8, 1, 14, 14]
bestever    2757    in generation 35
[5, 10, 3, 10, 16, 19, 19, 6, 19, 17, 13, 20, 14, 14, 12, 10, 5, 10, 18, 12, 4, 11, 3, 8, 12, 20, 17, 12, 5, 5, 10, 4, 17, 20, 2, 11, 6, 9, 20, 12, 18, 18, 12, 17, 10, 15, 14, 19, 3, 2, 10, 15, 14, 6, 12, 3, 14, 6, 17, 4, 13, 17, 19, 4, 1, 3, 18, 7, 12, 14, 2, 17, 11, 9, 10, 20, 15, 15, 3, 7, 13, 9, 1, 13, 15, 5, 3, 6, 3, 8, 4, 9, 10, 5, 17, 5, 12, 15, 8, 1, 15, 11, 7, 4, 19, 6, 5, 2, 13, 4, 16, 18, 18, 11, 2, 4, 10, 1, 1, 18, 6, 3, 6, 7, 16, 8, 5, 11, 7, 9, 16, 19, 13, 12, 16, 8, 2, 14, 16, 18, 7, 15, 16, 19, 3, 11, 16, 2, 17, 2, 20, 4, 18, 7, 8, 8, 15, 18, 9, 19, 20, 13, 1, 14, 17, 2, 6, 7, 19, 16, 16, 20, 11, 20, 20, 9, 5, 6, 1, 11, 13, 1, 9, 15, 13, 7, 7, 9, 8, 11, 13, 9, 1, 2, 8, 4, 8, 1, 14, 14]
bestever    2755    in generation 40
[5, 10, 3, 10, 16, 19, 19, 6, 19, 17, 13, 20, 14, 14, 12, 10, 5, 10, 18, 12, 4, 11, 3, 8, 12, 20, 17, 12, 5, 5, 10, 4, 17, 20, 2, 11, 6, 9, 20, 12, 3, 18, 12, 17, 10, 15, 14, 19, 3, 2, 10, 15, 14, 6, 12, 3, 14, 6, 17, 4, 13, 17, 19, 4, 1, 3, 18, 7, 12, 14, 2, 17, 11, 9, 10, 20, 15, 15, 3, 7, 13, 9, 1, 13, 15, 5, 18, 6, 3, 8, 4, 9, 10, 5, 17, 5, 12, 15, 8, 1, 15, 11, 7, 4, 19, 6, 5, 2, 13, 4, 16, 18, 18, 11, 2, 4, 10, 1, 1, 18, 6, 3, 6, 7, 16, 8, 5, 11, 7, 9, 16, 19, 13, 12, 16, 8, 2, 14, 16, 18, 7, 15, 16, 19, 3, 11, 16, 2, 17, 2, 20, 4, 18, 7, 8, 8, 15, 18, 9, 19, 20, 13, 1, 14, 17, 2, 6, 7, 19, 16, 16, 20, 11, 20, 20, 9, 5, 6, 1, 11, 13, 1, 9, 15, 13, 7, 7, 9, 8, 11, 13, 9, 1, 2, 8, 4, 8, 1, 14, 14]
bestever    2735    in generation 42
[5, 10, 3, 10, 16, 19, 19, 6, 19, 17, 13, 20, 14, 14, 12, 10, 5, 10, 18, 12, 4, 11, 3, 8, 12, 20, 17, 5, 5, 5, 10, 4, 17, 20, 2, 11, 6, 9, 20, 12, 3, 18, 12, 17, 10, 15, 14, 19, 3, 2, 10, 15, 14, 6, 12, 3, 14, 6, 17, 4, 13, 17, 19, 4, 1, 3, 18, 7, 12, 14, 2, 17, 11, 9, 10, 20, 15, 15, 3, 7, 13, 9, 1, 13, 15, 5, 18, 6, 3, 8, 4, 9, 10, 5, 17, 5, 12, 15, 8, 1, 15, 11, 7, 4, 19, 6, 12, 2, 13, 4, 16, 18, 18, 11, 2, 4, 10, 1, 1, 18, 6, 3, 6, 7, 16, 8, 5, 11, 7, 9, 16, 19, 13, 12, 16, 8, 2, 14, 16, 18, 7, 15, 16, 19, 3, 11, 16, 2, 17, 2, 20, 4, 18, 7, 8, 8, 15, 18, 9, 19, 20, 13, 1, 14, 17, 2, 6, 7, 19, 16, 16, 20, 11, 20, 20, 9, 5, 6, 1, 11, 13, 1, 9, 15, 13, 7, 7, 9, 8, 11, 13, 9, 1, 2, 8, 4, 8, 1, 14, 14]
bestever    2708    in generation 45
[5, 10, 3, 10, 16, 19, 19, 6, 19, 17, 13, 20, 14, 14, 12, 10, 5, 10, 18, 12, 4, 11, 3, 8, 12, 20, 17, 5, 5, 5, 10, 19, 17, 20, 2, 11, 6, 9, 20, 12, 3, 18, 12, 17, 10, 15, 14, 19, 3, 2, 10, 15, 14, 6, 12, 3, 14, 6, 17, 4, 13, 17, 4, 4, 1, 3, 18, 7, 12, 14, 2, 17, 11, 9, 10, 20, 15, 15, 3, 7, 13, 9, 1, 13, 15, 5, 18, 6, 3, 8, 4, 9, 10, 5, 17, 5, 12, 15, 8, 1, 15, 11, 7, 4, 19, 6, 12, 2, 13, 4, 16, 18, 18, 11, 2, 4, 10, 1, 1, 18, 6, 3, 6, 7, 16, 8, 5, 11, 7, 9, 16, 19, 13, 12, 16, 8, 2, 14, 16, 18, 7, 15, 16, 19, 3, 11, 16, 2, 17, 2, 20, 4, 18, 7, 8, 8, 15, 18, 9, 19, 20, 13, 1, 14, 17, 2, 6, 7, 19, 16, 16, 20, 11, 20, 20, 9, 5, 6, 1, 11, 13, 1, 9, 15, 13, 7, 7, 9, 8, 11, 13, 9, 1, 2, 8, 4, 8, 1, 14, 14]
bestever    2703    in generation 51
[5, 10, 3, 10, 16, 19, 19, 6, 19, 17, 13, 20, 14, 14, 12, 10, 5, 10, 18, 12, 4, 11, 3, 8, 12, 20, 17, 5, 5, 5, 10, 19, 17, 20, 2, 11, 6, 9, 20, 12, 3, 18, 12, 17, 10, 15, 14, 19, 3, 2, 10, 15, 14, 6, 12, 3, 14, 6, 17, 4, 13, 17, 4, 4, 4, 3, 18, 7, 12, 14, 2, 17, 11, 9, 10, 20, 15, 15, 3, 7, 13, 9, 1, 13, 15, 5, 18, 6, 3, 8, 1, 9, 10, 5, 17, 5, 12, 15, 8, 1, 15, 11, 7, 4, 19, 6, 12, 2, 13, 4, 16, 18, 18, 11, 2, 4, 10, 1, 1, 18, 6, 3, 6, 7, 16, 8, 5, 11, 7, 9, 16, 19, 13, 12, 16, 8, 2, 14, 16, 18, 7, 15, 16, 19, 3, 11, 16, 2, 17, 2, 20, 4, 18, 7, 8, 8, 15, 18, 9, 19, 20, 13, 1, 14, 17, 2, 6, 7, 19, 16, 16, 20, 11, 20, 20, 9, 5, 6, 1, 11, 13, 1, 9, 15, 13, 7, 7, 11, 8, 9, 13, 9, 1, 2, 8, 4, 8, 1, 14, 14]
bestever    2656    in generation 53
[5, 10, 3, 10, 16, 19, 19, 6, 19, 17, 13, 20, 14, 19, 12, 10, 5, 10, 18, 12, 4, 11, 3, 8, 12, 20, 17, 5, 5, 5, 10, 19, 17, 20, 2, 11, 6, 9, 20, 12, 3, 18, 12, 17, 10, 15, 14, 19, 3, 2, 10, 15, 14, 6, 12, 3, 14, 6, 17, 4, 13, 17, 4, 4, 4, 3, 18, 7, 12, 14, 2, 17, 11, 9, 10, 20, 15, 15, 3, 7, 13, 9, 1, 13, 15, 5, 18, 6, 3, 8, 1, 9, 10, 5, 17, 5, 12, 15, 8, 1, 15, 11, 7, 4, 14, 6, 12, 2, 13, 4, 16, 18, 18, 11, 2, 4, 10, 1, 1, 18, 6, 3, 6, 7, 16, 8, 5, 11, 7, 9, 16, 19, 13, 12, 16, 8, 2, 14, 16, 18, 7, 15, 16, 19, 3, 11, 16, 2, 17, 2, 20, 4, 18, 7, 8, 8, 15, 18, 9, 19, 20, 13, 1, 14, 17, 2, 6, 7, 19, 16, 16, 20, 11, 20, 20, 9, 5, 6, 1, 11, 13, 1, 9, 15, 13, 7, 7, 11, 8, 9, 13, 9, 1, 2, 8, 4, 8, 1, 14, 14]
bestever    2655    in generation 54
[5, 10, 3, 10, 16, 17, 19, 6, 19, 17, 13, 20, 14, 19, 12, 10, 5, 10, 18, 12, 4, 11, 3, 8, 12, 20, 19, 5, 5, 5, 10, 19, 17, 20, 2, 11, 6, 9, 20, 12, 3, 18, 12, 17, 10, 15, 14, 19, 3, 2, 10, 15, 14, 6, 12, 3, 14, 6, 17, 4, 13, 17, 4, 4, 4, 3, 18, 7, 12, 14, 2, 17, 11, 9, 10, 20, 15, 15, 3, 7, 13, 9, 1, 13, 15, 5, 18, 6, 3, 8, 1, 9, 10, 5, 17, 5, 12, 15, 8, 1, 15, 11, 7, 4, 14, 6, 12, 2, 13, 4, 16, 18, 18, 11, 2, 4, 10, 1, 1, 18, 6, 3, 6, 7, 16, 8, 5, 11, 7, 9, 16, 19, 13, 12, 16, 8, 2, 14, 16, 18, 7, 15, 16, 19, 3, 11, 16, 2, 17, 2, 20, 4, 18, 7, 8, 8, 15, 18, 9, 19, 20, 13, 1, 14, 17, 2, 6, 7, 19, 16, 16, 20, 11, 20, 20, 9, 5, 6, 1, 11, 13, 1, 9, 15, 13, 7, 7, 11, 8, 9, 13, 9, 1, 2, 8, 4, 8, 1, 14, 14]
bestever    2641    in generation 55
[5, 10, 3, 10, 16, 19, 19, 6, 19, 17, 13, 20, 14, 19, 12, 10, 5, 10, 18, 12, 4, 11, 3, 8, 12, 20, 17, 5, 5, 5, 10, 19, 17, 20, 2, 11, 6, 9, 20, 12, 3, 18, 12, 17, 10, 15, 14, 19, 3, 2, 10, 15, 14, 6, 12, 3, 14, 6, 17, 4, 13, 17, 4, 4, 4, 3, 18, 7, 12, 14, 2, 17, 11, 9, 10, 20, 15, 15, 3, 7, 13, 9, 1, 13, 15, 5, 18, 6, 3, 8, 1, 9, 10, 5, 17, 5, 12, 15, 8, 1, 15, 11, 7, 4, 14, 6, 12, 2, 13, 4, 16, 18, 18, 11, 2, 4, 10, 1, 1, 18, 6, 3, 6, 7, 16, 8, 5, 11, 7, 9, 16, 19, 13, 12, 16, 8, 2, 14, 16, 18, 7, 15, 16, 19, 3, 11, 16, 2, 17, 2, 20, 4, 18, 7, 8, 8, 15, 18, 9, 19, 20, 13, 1, 14, 17, 2, 6, 7, 19, 16, 16, 20, 11, 20, 1, 9, 5, 6, 20, 11, 13, 1, 9, 15, 13, 7, 7, 11, 8, 9, 13, 9, 1, 2, 8, 4, 8, 1, 14, 14]
bestever    2631    in generation 57
[5, 10, 3, 10, 16, 19, 19, 6, 19, 17, 13, 20, 14, 19, 12, 10, 5, 10, 18, 12, 4, 11, 3, 8, 12, 20, 17, 5, 5, 5, 10, 19, 17, 20, 6, 11, 6, 9, 20, 12, 3, 18, 12, 17, 10, 15, 14, 19, 3, 2, 10, 15, 14, 6, 12, 3, 14, 6, 17, 4, 13, 17, 4, 4, 4, 3, 18, 7, 12, 14, 2, 17, 11, 9, 10, 20, 15, 15, 3, 7, 13, 9, 1, 13, 15, 5, 18, 6, 3, 8, 1, 9, 10, 5, 17, 5, 12, 15, 8, 1, 15, 11, 7, 4, 14, 2, 12, 2, 13, 4, 16, 18, 18, 11, 2, 4, 10, 1, 1, 18, 6, 3, 6, 7, 16, 8, 5, 11, 7, 9, 16, 19, 13, 12, 16, 8, 2, 14, 16, 18, 7, 15, 16, 19, 3, 11, 16, 2, 17, 2, 20, 4, 18, 7, 8, 8, 15, 18, 9, 19, 20, 13, 1, 14, 17, 2, 6, 7, 19, 16, 16, 20, 11, 20, 1, 9, 5, 6, 20, 11, 13, 1, 9, 15, 13, 7, 7, 11, 8, 9, 13, 9, 1, 2, 8, 4, 8, 1, 14, 14]
bestever    2603    in generation 58
[5, 10, 3, 10, 16, 19, 19, 6, 19, 17, 13, 20, 14, 19, 20, 10, 5, 10, 18, 12, 4, 11, 3, 8, 12, 20, 17, 5, 5, 5, 10, 19, 17, 12, 6, 11, 6, 9, 20, 12, 3, 18, 12, 17, 10, 15, 14, 19, 3, 2, 10, 15, 14, 6, 12, 3, 14, 6, 17, 4, 13, 17, 4, 4, 4, 3, 18, 7, 12, 14, 2, 17, 11, 9, 10, 20, 15, 15, 3, 7, 13, 9, 1, 13, 15, 5, 18, 6, 3, 8, 1, 9, 10, 5, 17, 5, 12, 15, 8, 1, 15, 11, 7, 4, 14, 2, 12, 2, 13, 4, 16, 18, 18, 11, 2, 4, 10, 1, 1, 18, 6, 3, 6, 7, 16, 8, 5, 11, 7, 9, 16, 19, 13, 12, 16, 8, 2, 14, 16, 18, 7, 15, 16, 19, 3, 11, 16, 2, 17, 2, 20, 4, 18, 7, 8, 8, 15, 18, 9, 19, 20, 13, 1, 14, 17, 2, 6, 7, 19, 16, 16, 20, 11, 20, 1, 9, 5, 6, 20, 11, 13, 1, 9, 15, 13, 7, 7, 11, 8, 9, 13, 9, 1, 2, 8, 4, 8, 1, 14, 14]
bestever    2579    in generation 66
[5, 10, 3, 10, 16, 19, 19, 6, 3, 17, 13, 20, 14, 19, 20, 10, 5, 10, 18, 12, 4, 11, 3, 8, 12, 20, 17, 5, 5, 5, 10, 19, 17, 12, 6, 11, 6, 9, 20, 12, 3, 18, 12, 17, 10, 15, 14, 19, 3, 2, 10, 15, 14, 6, 12, 3, 14, 6, 17, 4, 13, 17, 4, 4, 4, 3, 18, 7, 12, 14, 2, 17, 11, 9, 10, 20, 15, 15, 19, 7, 13, 9, 1, 13, 15, 5, 18, 6, 3, 8, 1, 9, 10, 5, 17, 5, 12, 15, 8, 1, 15, 11, 7, 4, 14, 2, 12, 2, 13, 4, 16, 18, 18, 11, 2, 4, 10, 1, 1, 18, 6, 3, 6, 7, 16, 8, 5, 11, 7, 9, 16, 19, 13, 12, 16, 8, 2, 14, 16, 18, 7, 15, 16, 19, 3, 11, 16, 2, 17, 2, 20, 4, 18, 7, 8, 8, 15, 18, 9, 19, 20, 13, 1, 14, 17, 2, 6, 7, 19, 16, 16, 20, 11, 20, 1, 9, 5, 6, 20, 11, 13, 1, 9, 15, 13, 7, 7, 11, 8, 9, 13, 9, 1, 2, 8, 4, 8, 1, 14, 14]
bestever    2551    in generation 69
[5, 10, 3, 10, 16, 19, 19, 6, 3, 17, 13, 20, 14, 19, 20, 10, 5, 10, 15, 12, 4, 11, 3, 8, 12, 20, 17, 5, 5, 5, 10, 19, 17, 12, 6, 11, 6, 9, 20, 12, 3, 18, 12, 17, 10, 15, 14, 19, 3, 2, 10, 18, 14, 6, 12, 3, 14, 6, 17, 4, 13, 17, 4, 4, 4, 3, 18, 7, 12, 14, 2, 17, 11, 9, 10, 20, 15, 15, 19, 7, 13, 9, 1, 13, 15, 5, 18, 6, 3, 8, 1, 9, 10, 5, 17, 5, 12, 15, 8, 1, 15, 11, 7, 4, 14, 2, 12, 2, 13, 4, 16, 18, 18, 11, 2, 4, 10, 1, 1, 18, 6, 3, 6, 7, 16, 8, 5, 11, 7, 9, 16, 19, 13, 12, 16, 8, 2, 14, 16, 18, 7, 15, 16, 19, 3, 11, 16, 2, 17, 2, 20, 4, 18, 7, 8, 8, 15, 18, 9, 19, 20, 13, 1, 14, 17, 2, 6, 7, 19, 16, 16, 20, 11, 20, 1, 9, 5, 6, 20, 11, 13, 1, 9, 15, 13, 7, 7, 11, 8, 9, 13, 9, 1, 2, 8, 4, 8, 1, 14, 14]
bestever    2548    in generation 75
[5, 10, 3, 10, 16, 19, 19, 6, 3, 17, 13, 20, 14, 19, 20, 10, 5, 10, 15, 12, 4, 11, 3, 8, 12, 20, 17, 5, 5, 5, 10, 19, 17, 12, 6, 11, 6, 9, 20, 12, 3, 18, 12, 17, 10, 15, 14, 19, 3, 2, 10, 18, 14, 6, 12, 3, 14, 6, 17, 4, 13, 17, 4, 4, 4, 3, 18, 7, 12, 14, 2, 17, 11, 9, 10, 20, 15, 15, 19, 7, 13, 9, 1, 13, 15, 5, 18, 6, 3, 8, 1, 9, 10, 5, 17, 5, 12, 15, 8, 1, 15, 11, 7, 4, 14, 2, 12, 2, 13, 4, 16, 18, 18, 11, 2, 4, 10, 1, 1, 18, 6, 3, 6, 7, 16, 15, 5, 11, 7, 9, 16, 19, 13, 12, 16, 8, 2, 14, 16, 18, 7, 15, 16, 19, 3, 11, 16, 2, 17, 2, 20, 4, 18, 7, 8, 8, 8, 18, 9, 19, 20, 13, 1, 14, 17, 2, 6, 7, 19, 16, 16, 20, 11, 20, 1, 9, 5, 6, 20, 11, 13, 1, 9, 15, 13, 7, 7, 11, 8, 9, 13, 9, 1, 2, 8, 4, 8, 1, 14, 14]
bestever    2539    in generation 76
[5, 10, 3, 10, 16, 19, 19, 6, 3, 17, 13, 20, 14, 19, 20, 10, 5, 10, 15, 12, 4, 11, 3, 8, 12, 20, 17, 5, 5, 5, 10, 19, 17, 12, 6, 11, 6, 9, 20, 12, 3, 11, 12, 17, 10, 15, 14, 19, 3, 2, 10, 18, 14, 6, 12, 3, 14, 6, 17, 4, 13, 17, 4, 4, 4, 3, 18, 7, 12, 14, 2, 17, 11, 9, 10, 20, 15, 15, 19, 7, 13, 9, 1, 13, 15, 5, 18, 6, 3, 8, 1, 9, 10, 5, 17, 5, 12, 15, 8, 1, 15, 11, 7, 4, 14, 2, 12, 2, 13, 4, 16, 18, 18, 11, 2, 4, 10, 1, 1, 18, 6, 3, 6, 7, 16, 15, 5, 11, 7, 9, 16, 19, 13, 12, 16, 8, 2, 14, 16, 18, 7, 15, 16, 19, 3, 18, 16, 2, 17, 2, 20, 4, 18, 7, 8, 8, 8, 18, 9, 19, 20, 13, 1, 14, 17, 2, 6, 7, 19, 16, 16, 20, 11, 20, 1, 9, 5, 6, 20, 11, 13, 1, 9, 15, 13, 7, 7, 11, 8, 9, 13, 9, 1, 2, 8, 4, 8, 1, 14, 14]
bestever    2524    in generation 87
[5, 10, 3, 10, 16, 19, 19, 6, 3, 17, 13, 20, 14, 19, 20, 10, 5, 10, 15, 12, 4, 11, 3, 8, 12, 20, 17, 5, 5, 5, 10, 19, 17, 12, 6, 11, 6, 9, 20, 12, 3, 11, 12, 17, 10, 15, 14, 19, 3, 2, 10, 18, 14, 6, 12, 3, 14, 6, 17, 4, 13, 17, 4, 4, 4, 3, 18, 7, 12, 14, 2, 17, 11, 9, 10, 20, 15, 15, 19, 7, 13, 9, 1, 13, 15, 5, 18, 6, 3, 8, 1, 9, 10, 5, 17, 5, 12, 15, 8, 1, 15, 11, 7, 4, 14, 2, 12, 2, 13, 4, 16, 18, 18, 11, 2, 4, 10, 1, 1, 18, 6, 3, 6, 7, 16, 15, 5, 11, 7, 9, 16, 19, 13, 12, 16, 8, 2, 14, 16, 18, 7, 15, 16, 19, 3, 18, 16, 2, 17, 2, 20, 4, 18, 7, 8, 11, 8, 18, 9, 19, 20, 13, 1, 14, 17, 2, 6, 7, 19, 16, 16, 20, 11, 20, 1, 9, 5, 6, 20, 8, 13, 1, 9, 15, 13, 7, 7, 11, 8, 9, 13, 9, 1, 2, 8, 4, 8, 1, 14, 14]
bestever    2522    in generation 90
[5, 10, 3, 10, 16, 19, 19, 6, 3, 17, 13, 20, 14, 19, 20, 10, 5, 10, 15, 12, 4, 11, 3, 8, 12, 20, 17, 5, 5, 5, 10, 19, 17, 12, 6, 11, 6, 9, 20, 12, 3, 11, 12, 17, 10, 15, 14, 19, 3, 2, 10, 18, 14, 6, 12, 3, 14, 6, 17, 4, 13, 17, 17, 4, 4, 3, 18, 7, 12, 14, 2, 17, 11, 9, 10, 20, 15, 15, 19, 7, 13, 9, 1, 13, 15, 5, 18, 6, 3, 8, 1, 9, 10, 5, 4, 5, 12, 15, 8, 1, 15, 11, 7, 4, 14, 2, 12, 2, 13, 4, 16, 18, 18, 11, 2, 4, 10, 1, 1, 18, 6, 3, 6, 7, 16, 15, 5, 11, 7, 9, 16, 19, 13, 12, 16, 8, 2, 14, 16, 18, 7, 15, 16, 19, 3, 18, 16, 2, 17, 2, 20, 4, 18, 7, 8, 11, 8, 18, 9, 19, 20, 13, 1, 14, 17, 2, 6, 7, 19, 16, 16, 20, 11, 20, 1, 9, 5, 6, 20, 8, 13, 1, 9, 15, 13, 7, 7, 11, 8, 9, 13, 9, 1, 2, 8, 4, 8, 1, 14, 14]
bestever    2506    in generation 105
[5, 10, 3, 10, 16, 19, 19, 6, 3, 17, 13, 20, 14, 19, 20, 10, 5, 10, 15, 12, 4, 11, 3, 8, 12, 20, 17, 5, 5, 5, 10, 19, 17, 12, 6, 11, 6, 9, 20, 12, 3, 11, 12, 17, 10, 15, 14, 19, 3, 2, 10, 18, 14, 6, 12, 3, 14, 6, 17, 4, 13, 17, 17, 4, 4, 3, 18, 7, 12, 14, 2, 17, 11, 9, 10, 20, 15, 15, 19, 7, 13, 9, 1, 13, 15, 5, 1, 6, 3, 8, 1, 9, 10, 5, 4, 5, 12, 15, 8, 18, 15, 11, 7, 4, 14, 2, 12, 4, 13, 4, 16, 18, 18, 11, 2, 4, 10, 1, 1, 18, 6, 3, 6, 7, 16, 15, 5, 11, 7, 9, 16, 19, 13, 12, 16, 8, 2, 14, 16, 18, 7, 15, 16, 19, 3, 18, 16, 2, 17, 2, 20, 2, 18, 7, 8, 11, 8, 18, 9, 19, 20, 13, 1, 14, 17, 2, 6, 7, 19, 16, 16, 20, 11, 20, 1, 9, 5, 6, 20, 8, 13, 1, 9, 15, 13, 7, 7, 11, 8, 9, 13, 9, 1, 2, 8, 4, 8, 1, 14, 14]
bestever    2495    in generation 116
[5, 10, 3, 10, 16, 19, 19, 6, 3, 17, 13, 20, 14, 19, 20, 10, 5, 10, 15, 12, 4, 11, 3, 8, 12, 20, 17, 5, 5, 5, 10, 19, 17, 12, 6, 11, 6, 9, 20, 12, 3, 11, 12, 17, 10, 15, 14, 19, 3, 2, 10, 18, 14, 6, 12, 3, 14, 4, 17, 4, 13, 17, 17, 6, 4, 3, 18, 7, 12, 14, 2, 17, 11, 9, 10, 20, 15, 15, 19, 7, 13, 9, 1, 13, 15, 5, 1, 6, 3, 8, 1, 9, 10, 5, 4, 5, 12, 15, 8, 18, 15, 11, 7, 4, 14, 2, 12, 4, 13, 4, 16, 18, 18, 11, 2, 4, 10, 1, 1, 18, 6, 3, 6, 7, 16, 15, 5, 11, 7, 9, 16, 19, 13, 12, 16, 8, 2, 14, 16, 18, 7, 15, 16, 19, 3, 18, 16, 2, 17, 2, 20, 2, 18, 7, 8, 11, 8, 18, 9, 19, 20, 13, 1, 14, 17, 2, 6, 7, 19, 16, 16, 20, 11, 20, 1, 9, 5, 6, 20, 8, 13, 1, 9, 15, 13, 7, 7, 11, 8, 9, 13, 9, 1, 2, 8, 4, 8, 1, 14, 14]
bestever    2486    in generation 122
[5, 10, 3, 10, 16, 19, 19, 6, 3, 17, 13, 20, 14, 19, 20, 10, 5, 10, 15, 12, 4, 11, 3, 8, 12, 20, 17, 5, 5, 5, 10, 19, 17, 12, 6, 11, 6, 9, 20, 12, 3, 11, 12, 17, 10, 15, 14, 19, 3, 2, 10, 18, 14, 6, 12, 3, 14, 4, 17, 4, 13, 17, 17, 6, 4, 3, 18, 7, 12, 14, 2, 17, 11, 9, 10, 20, 15, 15, 19, 7, 13, 9, 1, 13, 15, 5, 1, 6, 3, 8, 1, 9, 10, 5, 4, 5, 12, 15, 8, 18, 15, 11, 7, 4, 14, 2, 12, 4, 3, 4, 16, 18, 18, 11, 2, 4, 10, 1, 1, 18, 6, 13, 6, 7, 16, 15, 5, 11, 7, 9, 16, 19, 13, 12, 16, 8, 2, 14, 16, 18, 7, 15, 16, 19, 3, 18, 16, 2, 17, 2, 20, 2, 18, 7, 8, 11, 8, 18, 9, 19, 20, 13, 1, 14, 17, 2, 6, 7, 19, 16, 16, 20, 11, 20, 1, 9, 5, 6, 20, 8, 13, 1, 9, 15, 13, 7, 7, 11, 8, 9, 13, 9, 1, 2, 8, 4, 8, 1, 14, 14]
bestever    2476    in generation 128
[5, 10, 3, 10, 16, 19, 19, 6, 3, 17, 13, 20, 14, 19, 20, 10, 5, 10, 15, 12, 4, 11, 3, 8, 12, 20, 17, 5, 5, 5, 10, 19, 17, 12, 6, 11, 6, 9, 20, 12, 3, 11, 12, 17, 10, 15, 14, 19, 3, 2, 10, 18, 4, 6, 12, 3, 14, 4, 17, 4, 13, 17, 17, 6, 4, 3, 18, 7, 12, 14, 2, 17, 11, 9, 10, 20, 15, 15, 19, 7, 13, 9, 1, 13, 15, 5, 1, 6, 3, 8, 1, 9, 10, 5, 14, 5, 12, 15, 8, 18, 15, 11, 7, 4, 14, 2, 12, 4, 3, 4, 16, 18, 18, 11, 2, 4, 10, 1, 1, 18, 6, 13, 6, 7, 16, 15, 5, 11, 7, 9, 16, 19, 13, 12, 16, 8, 2, 14, 16, 18, 7, 15, 16, 19, 3, 18, 16, 2, 17, 2, 20, 2, 18, 7, 8, 11, 8, 18, 9, 19, 20, 13, 1, 14, 17, 2, 6, 7, 19, 16, 16, 20, 11, 20, 1, 9, 5, 6, 20, 8, 13, 1, 9, 15, 13, 7, 7, 11, 8, 9, 13, 9, 1, 2, 8, 4, 8, 1, 14, 14]
bestever    2474    in generation 138
[5, 10, 3, 10, 16, 19, 19, 6, 3, 17, 13, 20, 14, 19, 20, 10, 5, 10, 15, 12, 4, 11, 3, 8, 12, 20, 17, 5, 5, 5, 10, 19, 17, 12, 6, 11, 6, 9, 4, 12, 3, 11, 12, 17, 10, 15, 14, 19, 3, 2, 10, 18, 4, 6, 12, 3, 14, 4, 17, 4, 13, 17, 17, 6, 4, 3, 18, 7, 12, 14, 2, 17, 11, 9, 10, 20, 15, 15, 19, 7, 13, 2, 1, 13, 15, 5, 1, 6, 3, 8, 1, 9, 10, 5, 14, 5, 12, 15, 8, 18, 15, 11, 7, 4, 14, 9, 12, 20, 3, 4, 16, 18, 18, 11, 2, 4, 10, 1, 1, 18, 6, 13, 6, 7, 16, 15, 5, 11, 7, 9, 16, 19, 13, 12, 16, 8, 2, 14, 16, 18, 7, 15, 16, 19, 3, 18, 16, 2, 17, 2, 20, 2, 18, 7, 8, 11, 8, 18, 9, 19, 20, 13, 1, 14, 17, 2, 6, 7, 19, 16, 16, 20, 11, 20, 1, 9, 5, 6, 20, 8, 13, 1, 9, 15, 13, 7, 7, 11, 8, 9, 13, 9, 1, 2, 8, 4, 8, 1, 14, 14]
bestever    2470    in generation 149
[5, 10, 3, 10, 16, 19, 19, 6, 3, 17, 13, 20, 14, 19, 20, 10, 5, 10, 15, 12, 4, 11, 3, 8, 12, 20, 17, 5, 5, 5, 10, 19, 17, 12, 6, 11, 6, 9, 4, 12, 3, 11, 12, 17, 10, 15, 14, 19, 3, 2, 10, 18, 4, 6, 12, 3, 14, 4, 17, 4, 13, 17, 17, 6, 4, 3, 18, 7, 12, 14, 2, 17, 11, 9, 10, 17, 15, 15, 19, 7, 13, 2, 1, 13, 15, 5, 1, 6, 3, 8, 1, 9, 10, 5, 14, 5, 12, 15, 8, 18, 15, 11, 7, 4, 14, 9, 12, 20, 3, 4, 16, 18, 18, 11, 2, 4, 10, 1, 1, 18, 6, 13, 6, 7, 16, 15, 5, 11, 7, 9, 16, 19, 13, 12, 16, 8, 2, 14, 16, 18, 7, 15, 16, 19, 3, 18, 16, 2, 17, 2, 20, 2, 18, 7, 8, 11, 8, 18, 9, 19, 20, 13, 1, 14, 20, 2, 6, 7, 19, 16, 16, 20, 11, 20, 1, 9, 5, 6, 20, 8, 13, 1, 9, 15, 13, 7, 7, 11, 8, 9, 13, 9, 1, 2, 8, 4, 8, 1, 14, 14]
bestever    2463    in generation 169
[5, 10, 3, 10, 16, 19, 19, 6, 3, 17, 13, 20, 14, 19, 20, 10, 5, 10, 15, 12, 4, 11, 3, 8, 12, 20, 17, 5, 5, 5, 10, 19, 17, 12, 6, 11, 6, 9, 4, 12, 3, 11, 12, 17, 10, 15, 14, 19, 3, 2, 10, 18, 4, 6, 12, 3, 14, 4, 17, 4, 13, 17, 17, 6, 4, 3, 18, 7, 12, 14, 2, 17, 11, 9, 10, 17, 15, 15, 19, 7, 13, 2, 1, 13, 15, 5, 1, 6, 3, 4, 1, 9, 10, 5, 14, 5, 12, 15, 8, 18, 15, 11, 7, 4, 14, 9, 12, 20, 3, 4, 16, 18, 18, 11, 2, 8, 10, 1, 1, 18, 6, 13, 6, 7, 16, 15, 5, 11, 7, 9, 16, 19, 13, 12, 16, 8, 2, 14, 16, 18, 7, 15, 16, 19, 3, 18, 16, 2, 17, 2, 20, 2, 18, 7, 8, 11, 8, 18, 9, 19, 20, 13, 1, 14, 20, 2, 6, 7, 19, 16, 16, 20, 11, 20, 1, 9, 5, 6, 20, 8, 13, 1, 9, 15, 13, 7, 7, 11, 8, 9, 13, 9, 1, 2, 8, 4, 8, 1, 14, 14]
bestever    2431    in generation 180
[5, 19, 3, 10, 16, 19, 10, 6, 3, 17, 13, 20, 14, 19, 20, 10, 5, 10, 15, 12, 4, 11, 3, 8, 12, 20, 17, 5, 5, 5, 10, 19, 17, 12, 6, 11, 6, 9, 4, 12, 3, 11, 12, 17, 10, 15, 14, 19, 3, 2, 10, 18, 4, 6, 12, 3, 14, 4, 17, 4, 13, 17, 17, 6, 4, 3, 18, 7, 12, 14, 2, 17, 11, 9, 10, 17, 15, 15, 19, 7, 13, 2, 1, 13, 15, 5, 1, 6, 3, 4, 1, 9, 10, 5, 14, 5, 12, 15, 8, 18, 15, 11, 7, 4, 14, 9, 12, 20, 3, 4, 16, 18, 18, 11, 2, 8, 10, 1, 1, 18, 6, 13, 6, 7, 16, 15, 5, 11, 7, 9, 16, 19, 13, 12, 16, 8, 2, 14, 16, 18, 7, 15, 16, 19, 3, 18, 16, 2, 17, 2, 20, 2, 18, 7, 8, 11, 8, 18, 9, 19, 20, 13, 1, 14, 20, 2, 6, 7, 19, 16, 16, 20, 11, 20, 1, 9, 5, 6, 20, 8, 13, 1, 9, 15, 13, 7, 7, 11, 8, 9, 13, 9, 1, 2, 8, 4, 8, 1, 14, 14]
bestever    2429    in generation 182
[5, 19, 3, 10, 16, 19, 10, 6, 3, 17, 13, 20, 14, 19, 20, 10, 5, 10, 15, 12, 4, 11, 3, 8, 12, 20, 17, 5, 5, 5, 10, 19, 17, 12, 6, 11, 6, 9, 4, 12, 3, 11, 12, 17, 10, 15, 14, 19, 3, 2, 10, 18, 4, 6, 12, 3, 14, 4, 17, 4, 13, 17, 17, 6, 4, 3, 18, 7, 12, 14, 2, 17, 11, 9, 10, 17, 15, 15, 19, 7, 13, 2, 1, 13, 15, 5, 1, 6, 3, 4, 1, 9, 10, 5, 14, 5, 12, 15, 8, 18, 15, 11, 7, 4, 14, 9, 12, 20, 3, 4, 16, 18, 18, 11, 2, 8, 10, 1, 1, 18, 6, 13, 6, 7, 16, 15, 5, 11, 7, 9, 16, 19, 13, 12, 16, 8, 2, 14, 16, 18, 7, 15, 16, 19, 3, 18, 16, 2, 17, 2, 20, 2, 18, 7, 8, 6, 8, 18, 9, 19, 20, 13, 1, 14, 20, 2, 11, 7, 19, 16, 16, 20, 11, 20, 1, 9, 5, 6, 20, 8, 13, 1, 9, 15, 13, 7, 7, 11, 8, 9, 13, 9, 1, 2, 8, 4, 8, 1, 14, 14]
bestever    2421    in generation 189
[5, 19, 3, 10, 16, 19, 10, 6, 3, 17, 13, 20, 14, 19, 20, 10, 5, 10, 15, 12, 4, 11, 3, 8, 12, 20, 17, 5, 5, 5, 10, 19, 17, 12, 6, 3, 6, 9, 4, 12, 3, 11, 12, 17, 10, 15, 14, 19, 3, 2, 10, 18, 4, 6, 12, 11, 14, 4, 17, 4, 13, 17, 17, 6, 4, 3, 18, 7, 12, 14, 2, 17, 11, 9, 10, 17, 15, 15, 19, 7, 13, 2, 1, 13, 15, 5, 1, 6, 3, 4, 1, 9, 10, 5, 14, 5, 12, 15, 8, 18, 15, 11, 7, 4, 14, 9, 12, 20, 3, 4, 16, 18, 18, 11, 2, 8, 10, 1, 1, 18, 6, 13, 6, 7, 16, 15, 5, 11, 7, 9, 16, 19, 13, 12, 16, 8, 2, 14, 16, 18, 7, 15, 16, 19, 3, 18, 16, 2, 17, 2, 20, 2, 18, 7, 8, 6, 8, 18, 9, 19, 20, 13, 1, 14, 20, 2, 11, 7, 19, 16, 16, 20, 11, 20, 1, 9, 5, 6, 20, 8, 13, 1, 9, 15, 13, 7, 7, 11, 8, 9, 13, 9, 1, 2, 8, 4, 8, 1, 14, 14]
bestever    2374    in generation 202
[5, 19, 3, 10, 16, 19, 10, 6, 3, 17, 13, 20, 14, 19, 20, 10, 5, 10, 15, 12, 4, 11, 3, 8, 12, 20, 17, 5, 5, 5, 10, 19, 17, 12, 6, 3, 6, 9, 4, 12, 3, 11, 12, 17, 10, 15, 14, 19, 3, 2, 10, 18, 4, 6, 12, 11, 14, 4, 17, 4, 13, 17, 17, 6, 4, 3, 18, 7, 12, 14, 2, 17, 11, 9, 10, 17, 15, 15, 19, 7, 13, 2, 1, 13, 15, 5, 1, 6, 3, 4, 1, 9, 10, 5, 14, 5, 12, 15, 8, 18, 15, 11, 7, 4, 14, 9, 12, 20, 3, 4, 16, 18, 18, 11, 2, 8, 10, 4, 1, 18, 6, 13, 6, 7, 16, 15, 5, 11, 7, 9, 16, 19, 13, 12, 16, 8, 2, 14, 16, 18, 7, 15, 16, 19, 3, 18, 16, 2, 17, 2, 20, 2, 18, 7, 8, 6, 8, 18, 9, 19, 20, 13, 1, 14, 20, 2, 11, 7, 19, 16, 16, 20, 11, 20, 1, 9, 5, 6, 20, 8, 13, 1, 9, 15, 13, 7, 7, 11, 8, 9, 13, 9, 1, 2, 8, 1, 8, 1, 14, 14]
bestever    2369    in generation 207
[5, 19, 3, 10, 16, 19, 10, 6, 3, 17, 13, 20, 14, 19, 20, 10, 5, 10, 15, 12, 4, 11, 3, 8, 12, 20, 20, 5, 5, 5, 10, 19, 17, 12, 6, 3, 6, 9, 4, 12, 3, 11, 12, 17, 10, 15, 14, 19, 3, 2, 10, 18, 4, 6, 12, 11, 14, 4, 17, 4, 13, 17, 17, 6, 4, 3, 18, 7, 12, 14, 2, 17, 11, 9, 10, 17, 15, 15, 19, 7, 13, 2, 1, 13, 15, 5, 1, 6, 3, 4, 1, 9, 10, 5, 14, 5, 12, 15, 8, 18, 15, 11, 7, 4, 14, 9, 12, 20, 3, 4, 16, 18, 18, 11, 2, 8, 10, 4, 1, 18, 6, 13, 6, 7, 16, 15, 5, 11, 7, 9, 16, 19, 13, 12, 16, 8, 2, 14, 16, 18, 7, 15, 16, 19, 3, 18, 16, 2, 17, 2, 17, 2, 18, 7, 8, 6, 8, 18, 9, 19, 20, 13, 1, 14, 20, 2, 11, 7, 19, 16, 16, 20, 11, 20, 1, 9, 5, 6, 20, 8, 13, 1, 9, 15, 13, 7, 7, 11, 8, 9, 13, 9, 1, 2, 8, 1, 8, 1, 14, 14]
bestever    2363    in generation 235
[5, 19, 3, 10, 16, 19, 10, 6, 3, 17, 13, 20, 14, 19, 20, 10, 5, 10, 15, 12, 4, 11, 3, 8, 12, 20, 20, 5, 5, 19, 10, 5, 17, 12, 6, 3, 6, 9, 4, 12, 3, 11, 12, 17, 10, 15, 14, 19, 3, 2, 10, 18, 4, 6, 12, 11, 14, 4, 17, 4, 13, 17, 17, 6, 4, 3, 18, 7, 12, 14, 2, 17, 11, 9, 10, 17, 15, 15, 19, 7, 13, 2, 1, 13, 15, 5, 1, 6, 3, 4, 1, 9, 10, 5, 14, 5, 12, 15, 8, 18, 15, 11, 7, 4, 14, 9, 12, 20, 3, 4, 16, 18, 18, 11, 2, 8, 10, 4, 1, 18, 6, 13, 6, 7, 16, 15, 5, 11, 7, 9, 16, 19, 13, 12, 16, 8, 2, 14, 16, 18, 7, 15, 16, 19, 3, 18, 16, 2, 17, 2, 17, 2, 18, 7, 8, 6, 8, 18, 9, 19, 20, 13, 1, 14, 20, 2, 11, 7, 19, 16, 16, 20, 11, 20, 1, 9, 5, 6, 20, 8, 13, 1, 9, 15, 13, 7, 7, 11, 8, 9, 13, 9, 1, 2, 8, 1, 8, 1, 14, 14]
bestever    2356    in generation 250
[5, 19, 3, 10, 16, 19, 10, 6, 3, 17, 13, 20, 14, 19, 20, 10, 5, 10, 15, 12, 4, 11, 3, 8, 12, 20, 20, 5, 5, 19, 10, 5, 17, 12, 6, 3, 6, 9, 4, 12, 3, 11, 12, 17, 10, 15, 14, 19, 3, 2, 10, 18, 4, 6, 12, 11, 14, 4, 17, 4, 13, 17, 17, 6, 4, 3, 18, 1, 12, 14, 2, 17, 11, 9, 10, 17, 15, 15, 19, 7, 13, 2, 1, 13, 15, 5, 1, 6, 3, 4, 1, 9, 10, 5, 14, 5, 12, 15, 8, 18, 15, 11, 7, 4, 14, 9, 12, 20, 3, 4, 16, 18, 18, 11, 2, 8, 10, 4, 1, 18, 6, 13, 6, 7, 16, 15, 5, 11, 7, 9, 16, 19, 13, 12, 16, 8, 2, 14, 16, 18, 7, 15, 16, 19, 3, 18, 16, 2, 17, 2, 17, 2, 18, 7, 8, 6, 8, 18, 9, 19, 20, 13, 1, 14, 20, 2, 11, 7, 19, 16, 16, 20, 11, 20, 7, 9, 5, 6, 20, 8, 13, 1, 9, 15, 13, 7, 7, 11, 8, 9, 13, 9, 1, 2, 8, 1, 8, 1, 14, 14]
bestever    2334    in generation 257
[5, 19, 3, 10, 16, 19, 10, 6, 3, 17, 13, 20, 14, 19, 20, 10, 5, 10, 15, 12, 4, 11, 3, 8, 12, 20, 20, 5, 5, 19, 10, 5, 17, 12, 6, 15, 6, 9, 4, 12, 3, 11, 12, 17, 10, 3, 3, 19, 14, 2, 10, 18, 4, 6, 12, 11, 14, 4, 17, 4, 13, 17, 17, 6, 4, 3, 18, 1, 12, 14, 2, 17, 11, 9, 10, 17, 15, 15, 19, 7, 13, 2, 1, 13, 15, 5, 1, 6, 3, 4, 1, 9, 10, 5, 14, 5, 12, 15, 8, 18, 15, 11, 7, 4, 14, 9, 12, 20, 3, 4, 16, 18, 18, 11, 2, 8, 10, 4, 1, 18, 6, 13, 6, 7, 16, 15, 5, 11, 7, 9, 16, 19, 13, 12, 16, 8, 2, 14, 16, 18, 7, 15, 16, 19, 3, 18, 16, 2, 17, 2, 17, 2, 18, 7, 8, 6, 8, 18, 9, 19, 20, 13, 1, 14, 20, 2, 11, 7, 19, 16, 16, 20, 11, 20, 7, 9, 5, 6, 20, 8, 13, 1, 9, 15, 13, 7, 7, 11, 8, 9, 13, 9, 1, 2, 8, 1, 8, 1, 14, 14]
bestever    2326    in generation 268
[5, 19, 3, 10, 16, 19, 10, 6, 3, 17, 13, 20, 14, 19, 20, 10, 5, 10, 15, 12, 4, 11, 3, 8, 12, 20, 20, 5, 5, 19, 10, 5, 17, 12, 6, 15, 6, 9, 4, 12, 3, 11, 12, 17, 10, 3, 3, 19, 14, 2, 10, 18, 4, 6, 12, 11, 14, 4, 17, 4, 13, 17, 17, 6, 4, 3, 18, 1, 12, 14, 2, 17, 11, 9, 10, 17, 15, 15, 19, 7, 13, 2, 1, 13, 15, 5, 1, 6, 3, 4, 1, 9, 10, 5, 14, 5, 12, 15, 8, 18, 15, 11, 7, 4, 14, 9, 12, 20, 3, 4, 16, 18, 18, 11, 2, 8, 10, 4, 1, 18, 6, 13, 6, 7, 14, 15, 5, 11, 7, 9, 16, 19, 13, 12, 16, 8, 2, 16, 16, 18, 7, 15, 16, 19, 3, 18, 16, 2, 17, 2, 17, 2, 18, 7, 8, 6, 8, 18, 9, 19, 20, 13, 1, 14, 20, 2, 11, 7, 19, 16, 16, 20, 11, 20, 7, 9, 5, 6, 20, 8, 13, 1, 9, 15, 13, 7, 7, 11, 8, 9, 13, 9, 1, 2, 8, 1, 8, 1, 14, 14]
bestever    2316    in generation 273
[5, 19, 3, 10, 16, 19, 10, 6, 3, 17, 13, 20, 14, 19, 20, 10, 5, 10, 15, 12, 4, 11, 3, 8, 12, 20, 20, 5, 5, 19, 10, 5, 17, 12, 6, 15, 6, 9, 4, 12, 3, 11, 12, 17, 10, 3, 3, 19, 14, 2, 10, 18, 4, 6, 12, 11, 14, 19, 17, 4, 13, 17, 17, 6, 4, 3, 18, 1, 12, 14, 2, 17, 11, 9, 10, 17, 15, 15, 19, 7, 13, 2, 1, 13, 15, 5, 1, 6, 3, 4, 1, 9, 10, 5, 14, 5, 12, 15, 8, 18, 15, 11, 7, 4, 14, 9, 12, 20, 3, 4, 16, 18, 18, 11, 2, 8, 10, 4, 1, 18, 6, 13, 6, 7, 14, 15, 5, 11, 7, 9, 16, 19, 13, 12, 16, 8, 2, 16, 16, 18, 7, 15, 16, 4, 3, 18, 16, 2, 17, 2, 17, 2, 18, 7, 8, 6, 8, 18, 9, 19, 20, 13, 1, 14, 20, 2, 11, 7, 19, 16, 16, 20, 11, 20, 7, 9, 5, 6, 20, 8, 13, 1, 9, 15, 13, 7, 7, 11, 8, 9, 13, 9, 1, 2, 8, 1, 8, 1, 14, 14]
bestever    2312    in generation 290
[5, 19, 3, 10, 16, 19, 10, 6, 3, 10, 13, 20, 14, 19, 20, 17, 5, 10, 15, 12, 4, 11, 3, 8, 12, 20, 20, 5, 5, 19, 10, 5, 17, 12, 6, 15, 6, 9, 4, 12, 3, 11, 12, 17, 10, 3, 3, 19, 14, 2, 10, 18, 4, 6, 12, 11, 14, 19, 17, 4, 13, 17, 17, 6, 4, 3, 18, 1, 12, 14, 2, 17, 11, 9, 10, 17, 15, 15, 19, 7, 13, 2, 1, 13, 15, 5, 1, 6, 3, 4, 1, 9, 10, 5, 14, 5, 12, 15, 8, 18, 15, 11, 7, 4, 14, 9, 12, 20, 3, 4, 16, 18, 18, 11, 2, 8, 10, 4, 1, 18, 6, 13, 6, 7, 14, 15, 5, 11, 7, 9, 16, 19, 13, 12, 16, 8, 2, 16, 16, 18, 7, 15, 16, 4, 3, 18, 16, 2, 17, 2, 17, 2, 18, 7, 8, 6, 8, 18, 9, 19, 20, 13, 1, 14, 20, 2, 11, 7, 19, 16, 16, 20, 11, 20, 7, 9, 5, 6, 20, 8, 13, 1, 9, 15, 13, 7, 7, 11, 8, 9, 13, 9, 1, 2, 8, 1, 8, 1, 14, 14]
bestever    2307    in generation 294
[5, 19, 3, 10, 16, 19, 10, 6, 3, 10, 13, 20, 14, 19, 20, 17, 5, 10, 15, 12, 4, 11, 3, 8, 12, 20, 20, 5, 5, 19, 10, 5, 17, 12, 6, 15, 6, 9, 4, 12, 3, 11, 12, 17, 10, 3, 3, 19, 14, 2, 10, 18, 4, 6, 12, 11, 14, 19, 17, 4, 13, 17, 17, 6, 4, 3, 18, 1, 12, 14, 2, 17, 11, 9, 10, 17, 15, 15, 19, 7, 13, 2, 1, 13, 15, 5, 1, 6, 3, 4, 1, 9, 10, 5, 14, 5, 12, 15, 8, 18, 15, 11, 7, 4, 14, 9, 12, 18, 3, 4, 16, 18, 20, 11, 2, 8, 10, 4, 1, 18, 6, 13, 6, 7, 14, 15, 5, 11, 7, 9, 16, 19, 13, 12, 16, 8, 2, 16, 16, 18, 7, 15, 16, 4, 3, 18, 16, 2, 17, 2, 17, 2, 18, 7, 8, 6, 8, 18, 9, 19, 20, 13, 1, 14, 20, 2, 11, 7, 19, 16, 16, 20, 11, 20, 7, 9, 5, 6, 20, 8, 13, 1, 9, 15, 13, 7, 7, 11, 8, 9, 13, 9, 1, 2, 8, 1, 8, 1, 14, 14]
bestever    2300    in generation 303
[5, 19, 3, 10, 16, 19, 10, 6, 3, 10, 13, 20, 14, 19, 20, 17, 5, 10, 15, 12, 4, 11, 3, 8, 12, 20, 20, 5, 5, 19, 10, 5, 17, 12, 6, 15, 6, 9, 4, 12, 3, 11, 12, 17, 10, 3, 3, 19, 14, 2, 10, 18, 4, 6, 12, 11, 14, 19, 17, 4, 13, 17, 17, 6, 4, 3, 18, 1, 12, 14, 2, 17, 11, 9, 10, 17, 15, 15, 19, 7, 13, 2, 1, 13, 15, 5, 1, 6, 3, 4, 1, 9, 10, 5, 14, 5, 12, 15, 8, 18, 15, 11, 7, 4, 14, 9, 12, 18, 3, 4, 16, 18, 20, 11, 2, 8, 10, 4, 1, 18, 6, 13, 6, 7, 14, 15, 5, 11, 7, 9, 16, 19, 13, 12, 16, 8, 2, 16, 16, 18, 7, 15, 16, 4, 3, 18, 16, 2, 17, 2, 17, 2, 18, 7, 8, 6, 8, 18, 9, 19, 20, 13, 1, 14, 16, 2, 11, 7, 19, 16, 20, 20, 11, 20, 7, 9, 5, 6, 20, 13, 8, 1, 9, 15, 13, 7, 7, 11, 8, 9, 13, 9, 1, 2, 8, 1, 8, 1, 14, 14]
bestever    2293    in generation 319
[5, 19, 3, 10, 16, 19, 10, 6, 3, 10, 13, 20, 14, 19, 20, 17, 5, 10, 15, 12, 4, 11, 3, 8, 12, 20, 20, 5, 5, 19, 10, 5, 17, 12, 6, 15, 6, 9, 4, 12, 3, 11, 12, 17, 10, 3, 3, 19, 14, 2, 10, 18, 4, 6, 12, 11, 14, 19, 17, 4, 13, 17, 17, 6, 4, 3, 18, 1, 12, 14, 2, 17, 11, 9, 10, 17, 15, 15, 19, 7, 13, 2, 1, 13, 15, 5, 1, 6, 3, 4, 1, 9, 10, 5, 14, 5, 12, 15, 5, 18, 15, 11, 7, 4, 14, 9, 12, 18, 3, 4, 16, 18, 20, 11, 2, 8, 10, 4, 1, 18, 6, 13, 6, 7, 14, 15, 5, 11, 7, 9, 16, 19, 13, 12, 16, 8, 2, 16, 16, 18, 7, 15, 16, 4, 3, 18, 16, 2, 17, 2, 17, 2, 18, 7, 8, 6, 8, 18, 9, 19, 20, 13, 1, 14, 16, 2, 11, 7, 19, 16, 20, 20, 11, 20, 7, 9, 8, 6, 20, 13, 8, 1, 9, 15, 13, 7, 7, 11, 8, 9, 13, 9, 1, 2, 8, 1, 8, 1, 14, 14]
bestever    2279    in generation 347
[5, 19, 3, 10, 19, 19, 10, 6, 3, 10, 13, 20, 14, 19, 20, 17, 5, 10, 15, 12, 4, 11, 3, 8, 12, 20, 20, 5, 5, 16, 10, 5, 17, 12, 6, 15, 6, 9, 4, 12, 3, 11, 12, 17, 10, 3, 3, 19, 14, 2, 10, 18, 4, 6, 12, 11, 14, 19, 17, 4, 13, 17, 17, 6, 4, 3, 18, 1, 12, 14, 2, 17, 11, 9, 10, 17, 15, 15, 19, 7, 13, 2, 1, 13, 15, 5, 1, 6, 3, 4, 1, 9, 10, 5, 14, 5, 12, 15, 5, 18, 15, 11, 7, 4, 14, 9, 12, 18, 3, 4, 16, 18, 20, 11, 2, 8, 10, 4, 1, 18, 6, 13, 6, 7, 14, 15, 5, 11, 7, 9, 16, 19, 13, 12, 16, 8, 2, 16, 16, 18, 7, 15, 16, 4, 3, 18, 16, 2, 17, 2, 17, 2, 18, 7, 8, 6, 8, 18, 9, 19, 20, 13, 1, 14, 16, 2, 11, 7, 19, 16, 20, 20, 11, 20, 7, 9, 8, 6, 20, 13, 8, 1, 9, 15, 13, 7, 7, 11, 8, 9, 13, 9, 1, 2, 8, 1, 8, 1, 14, 14]
bestever    2278    in generation 356
[5, 19, 3, 10, 19, 19, 10, 6, 3, 10, 13, 20, 14, 19, 20, 17, 5, 10, 15, 12, 4, 11, 3, 8, 12, 20, 20, 5, 5, 16, 10, 5, 17, 12, 6, 15, 6, 9, 4, 12, 3, 11, 12, 17, 10, 3, 3, 19, 14, 14, 10, 18, 4, 6, 12, 11, 2, 19, 17, 4, 13, 17, 17, 6, 4, 3, 18, 1, 12, 14, 2, 17, 11, 9, 10, 17, 15, 15, 19, 7, 13, 2, 1, 13, 15, 5, 1, 6, 3, 4, 1, 9, 10, 5, 14, 5, 12, 15, 5, 18, 15, 11, 7, 4, 14, 9, 12, 18, 3, 4, 16, 18, 20, 11, 2, 8, 10, 4, 1, 18, 6, 13, 6, 7, 14, 15, 5, 11, 7, 9, 16, 19, 13, 12, 16, 8, 2, 16, 16, 18, 7, 15, 16, 4, 3, 18, 16, 2, 17, 2, 17, 2, 18, 7, 8, 6, 8, 18, 9, 19, 20, 13, 1, 14, 16, 2, 11, 7, 19, 16, 20, 20, 11, 20, 7, 9, 8, 6, 20, 13, 8, 1, 9, 15, 13, 7, 7, 11, 8, 9, 13, 9, 1, 2, 8, 1, 8, 1, 14, 14]
bestever    2275    in generation 359
[5, 19, 3, 10, 19, 19, 10, 6, 3, 10, 13, 20, 14, 19, 20, 17, 5, 10, 15, 12, 4, 11, 3, 8, 12, 20, 20, 5, 5, 16, 10, 5, 17, 12, 6, 15, 6, 9, 4, 12, 3, 11, 12, 17, 10, 3, 3, 19, 14, 14, 10, 18, 4, 6, 12, 11, 2, 19, 17, 4, 13, 17, 17, 6, 4, 3, 18, 1, 12, 14, 2, 17, 11, 9, 10, 17, 15, 15, 19, 7, 13, 2, 1, 13, 15, 5, 20, 6, 3, 4, 1, 9, 10, 5, 14, 5, 12, 15, 5, 18, 15, 11, 7, 4, 14, 9, 12, 18, 3, 4, 16, 18, 20, 11, 2, 8, 10, 4, 1, 18, 6, 13, 6, 7, 14, 15, 5, 11, 7, 9, 16, 19, 13, 12, 16, 8, 2, 16, 16, 18, 7, 15, 16, 4, 3, 18, 16, 2, 17, 2, 17, 2, 18, 7, 8, 6, 8, 18, 9, 19, 20, 13, 1, 14, 16, 2, 11, 7, 19, 16, 1, 20, 11, 20, 7, 9, 8, 6, 20, 13, 8, 1, 9, 15, 13, 7, 7, 11, 8, 9, 13, 9, 1, 2, 8, 1, 8, 1, 14, 14]
bestever    2273    in generation 360
[5, 19, 3, 10, 19, 19, 10, 6, 3, 10, 13, 20, 14, 19, 20, 17, 5, 10, 15, 12, 4, 11, 3, 8, 12, 20, 20, 5, 5, 16, 10, 5, 17, 12, 6, 15, 6, 5, 4, 12, 3, 11, 12, 17, 10, 3, 3, 19, 14, 14, 10, 18, 4, 6, 12, 11, 2, 19, 17, 4, 13, 17, 17, 6, 4, 3, 18, 1, 12, 14, 2, 17, 11, 9, 10, 17, 15, 15, 19, 7, 13, 2, 1, 13, 15, 5, 20, 6, 3, 4, 1, 9, 10, 5, 14, 9, 12, 15, 5, 18, 15, 11, 7, 4, 14, 9, 12, 18, 3, 4, 16, 18, 20, 11, 2, 8, 10, 4, 1, 18, 6, 13, 6, 7, 14, 15, 5, 11, 7, 9, 16, 19, 13, 12, 16, 8, 2, 16, 16, 18, 7, 15, 16, 4, 3, 18, 16, 2, 17, 2, 17, 2, 18, 7, 8, 6, 8, 18, 9, 19, 20, 13, 1, 14, 16, 2, 11, 7, 19, 16, 1, 20, 11, 20, 7, 9, 8, 6, 20, 13, 8, 1, 9, 15, 13, 7, 7, 11, 8, 9, 13, 9, 1, 2, 8, 1, 8, 1, 14, 14]
bestever    2247    in generation 370
[5, 19, 3, 10, 19, 19, 10, 6, 3, 10, 13, 20, 14, 19, 20, 17, 5, 10, 15, 12, 17, 11, 3, 8, 12, 20, 20, 5, 17, 16, 10, 5, 5, 12, 6, 15, 6, 5, 4, 12, 3, 11, 12, 17, 10, 3, 3, 19, 14, 14, 10, 18, 4, 6, 12, 11, 2, 19, 4, 4, 13, 17, 17, 6, 4, 3, 18, 1, 12, 14, 2, 17, 11, 9, 10, 17, 15, 15, 19, 7, 13, 2, 1, 13, 15, 5, 20, 6, 3, 4, 1, 9, 10, 5, 14, 9, 12, 15, 5, 18, 15, 11, 7, 4, 14, 9, 12, 18, 3, 4, 16, 18, 20, 11, 2, 8, 10, 4, 1, 18, 6, 13, 6, 7, 14, 15, 5, 11, 7, 9, 16, 19, 13, 12, 16, 8, 2, 16, 16, 18, 7, 15, 16, 4, 3, 18, 16, 2, 17, 2, 17, 2, 18, 7, 8, 6, 8, 18, 9, 19, 20, 13, 1, 14, 16, 2, 11, 7, 19, 16, 1, 20, 11, 20, 7, 9, 8, 6, 20, 13, 8, 1, 9, 15, 13, 7, 7, 11, 8, 9, 13, 9, 1, 2, 8, 1, 8, 1, 14, 14]
bestever    2238    in generation 405
[5, 19, 3, 10, 19, 19, 10, 6, 3, 10, 13, 20, 14, 19, 20, 17, 5, 10, 15, 12, 17, 11, 3, 8, 12, 20, 20, 5, 17, 16, 10, 5, 5, 12, 6, 15, 6, 5, 4, 10, 3, 11, 12, 17, 10, 3, 3, 19, 14, 14, 10, 18, 4, 6, 12, 11, 2, 19, 4, 4, 13, 17, 17, 6, 4, 3, 18, 1, 12, 14, 2, 17, 11, 9, 12, 17, 15, 15, 19, 7, 13, 2, 1, 13, 15, 5, 20, 6, 3, 4, 1, 9, 10, 5, 14, 9, 12, 15, 5, 18, 15, 11, 7, 4, 14, 9, 12, 18, 3, 4, 16, 18, 20, 11, 2, 8, 10, 4, 1, 18, 6, 13, 6, 7, 14, 15, 5, 11, 7, 9, 16, 19, 13, 12, 16, 8, 2, 16, 16, 18, 7, 15, 16, 4, 3, 18, 16, 2, 17, 2, 17, 2, 18, 7, 8, 6, 8, 18, 9, 19, 20, 13, 1, 14, 16, 2, 11, 7, 19, 16, 1, 20, 11, 20, 7, 9, 8, 6, 20, 13, 8, 1, 9, 15, 13, 7, 7, 11, 8, 9, 13, 9, 1, 2, 8, 1, 8, 1, 14, 14]
bestever    2232    in generation 411
[5, 19, 3, 10, 19, 19, 10, 6, 3, 10, 13, 20, 14, 19, 20, 17, 5, 10, 15, 12, 17, 11, 3, 8, 12, 20, 20, 5, 17, 16, 10, 5, 5, 12, 6, 15, 6, 5, 4, 10, 3, 11, 12, 17, 10, 3, 3, 19, 14, 14, 10, 18, 4, 6, 12, 11, 2, 19, 4, 4, 13, 17, 17, 6, 4, 3, 18, 1, 12, 14, 2, 17, 11, 9, 12, 17, 15, 15, 19, 7, 13, 2, 1, 13, 10, 5, 20, 6, 3, 4, 1, 9, 15, 5, 14, 9, 12, 15, 5, 18, 15, 11, 7, 4, 14, 9, 12, 18, 3, 4, 16, 18, 20, 11, 2, 8, 10, 4, 1, 18, 6, 13, 6, 7, 14, 15, 5, 11, 7, 9, 16, 19, 13, 12, 16, 8, 2, 16, 16, 18, 7, 15, 16, 4, 3, 18, 16, 2, 17, 2, 17, 2, 18, 7, 8, 6, 8, 18, 9, 19, 20, 13, 1, 14, 16, 2, 11, 7, 19, 16, 1, 20, 11, 20, 7, 9, 8, 6, 20, 13, 8, 1, 9, 15, 13, 7, 7, 11, 8, 9, 13, 9, 1, 2, 8, 1, 8, 1, 14, 14]
bestever    2227    in generation 412
[5, 19, 3, 10, 19, 19, 10, 6, 3, 10, 13, 20, 14, 19, 20, 17, 5, 10, 15, 12, 17, 11, 3, 8, 12, 20, 20, 5, 17, 16, 10, 5, 5, 12, 6, 15, 6, 5, 4, 10, 3, 11, 12, 17, 10, 3, 3, 19, 14, 14, 10, 18, 4, 6, 12, 11, 2, 19, 4, 4, 13, 17, 17, 6, 4, 3, 18, 1, 12, 14, 2, 17, 11, 20, 12, 17, 15, 15, 19, 7, 13, 2, 1, 13, 15, 5, 20, 6, 3, 4, 1, 9, 10, 5, 14, 9, 12, 15, 5, 18, 15, 11, 7, 4, 14, 9, 12, 18, 3, 4, 16, 18, 9, 11, 2, 8, 10, 4, 1, 18, 6, 13, 6, 7, 14, 15, 5, 11, 7, 9, 16, 19, 13, 12, 16, 8, 2, 16, 16, 18, 7, 15, 16, 4, 3, 18, 16, 2, 17, 2, 17, 2, 18, 7, 8, 6, 8, 18, 9, 19, 20, 13, 1, 14, 16, 2, 11, 7, 19, 16, 1, 20, 11, 20, 7, 9, 8, 6, 20, 13, 8, 1, 9, 15, 13, 7, 7, 11, 8, 9, 13, 9, 1, 2, 8, 1, 8, 1, 14, 14]
bestever    2223    in generation 447
[5, 19, 3, 10, 19, 19, 10, 6, 3, 10, 13, 20, 14, 19, 20, 17, 5, 10, 14, 12, 17, 11, 3, 8, 12, 20, 20, 5, 17, 16, 10, 5, 5, 12, 6, 15, 6, 5, 4, 10, 3, 11, 12, 17, 10, 3, 3, 19, 15, 14, 10, 18, 4, 6, 12, 11, 2, 19, 4, 4, 13, 17, 17, 6, 4, 3, 18, 1, 12, 14, 2, 17, 11, 20, 12, 17, 15, 15, 19, 7, 13, 2, 1, 13, 15, 5, 20, 6, 3, 4, 1, 9, 10, 5, 14, 9, 12, 15, 5, 18, 15, 11, 7, 4, 14, 9, 12, 18, 3, 4, 16, 18, 9, 11, 2, 8, 10, 4, 1, 18, 6, 13, 6, 7, 14, 15, 5, 11, 7, 9, 16, 19, 13, 12, 16, 8, 2, 16, 16, 18, 7, 15, 16, 4, 3, 18, 16, 2, 17, 2, 17, 2, 18, 7, 8, 6, 8, 18, 9, 19, 20, 13, 1, 14, 16, 2, 11, 7, 19, 16, 1, 20, 11, 20, 7, 9, 8, 6, 20, 13, 8, 1, 9, 15, 13, 7, 7, 11, 8, 9, 13, 9, 1, 2, 8, 1, 8, 1, 14, 14]
bestever    2220    in generation 452
[5, 19, 3, 10, 19, 19, 10, 6, 3, 10, 13, 20, 14, 19, 20, 17, 5, 10, 14, 12, 17, 11, 3, 8, 12, 20, 20, 5, 17, 16, 10, 5, 5, 12, 6, 15, 6, 5, 4, 10, 3, 11, 12, 17, 10, 3, 3, 19, 15, 14, 10, 18, 4, 6, 12, 11, 2, 19, 4, 4, 13, 17, 17, 6, 4, 3, 18, 1, 12, 14, 2, 17, 11, 20, 12, 17, 15, 15, 19, 7, 13, 2, 1, 13, 15, 5, 15, 6, 3, 4, 1, 9, 10, 5, 14, 9, 12, 15, 5, 18, 15, 11, 7, 4, 14, 9, 12, 18, 3, 4, 16, 18, 9, 11, 2, 8, 10, 4, 1, 18, 6, 13, 6, 7, 14, 15, 5, 11, 7, 9, 16, 19, 13, 12, 16, 8, 2, 16, 16, 18, 7, 20, 16, 4, 3, 18, 16, 2, 17, 2, 17, 2, 18, 7, 8, 6, 8, 18, 9, 19, 20, 13, 1, 14, 16, 2, 11, 7, 19, 16, 1, 20, 11, 20, 7, 9, 8, 6, 20, 13, 8, 1, 9, 15, 13, 7, 7, 11, 8, 9, 13, 9, 1, 2, 8, 1, 8, 1, 14, 14]
bestever    2197    in generation 456
[5, 19, 3, 10, 19, 19, 19, 6, 3, 10, 13, 20, 14, 19, 20, 17, 5, 10, 14, 12, 17, 11, 3, 8, 12, 20, 20, 5, 17, 16, 10, 5, 5, 12, 6, 15, 6, 5, 4, 10, 3, 11, 12, 17, 10, 3, 3, 10, 15, 14, 10, 18, 4, 6, 12, 11, 2, 19, 4, 4, 13, 17, 17, 6, 4, 3, 18, 1, 12, 14, 2, 17, 11, 20, 12, 17, 15, 15, 19, 7, 13, 2, 1, 13, 15, 5, 15, 6, 3, 4, 1, 9, 10, 5, 14, 9, 12, 15, 5, 18, 15, 11, 7, 4, 14, 9, 12, 18, 3, 4, 16, 18, 9, 11, 2, 8, 10, 4, 1, 18, 6, 13, 6, 7, 14, 15, 5, 11, 7, 9, 16, 19, 13, 12, 16, 8, 2, 16, 16, 18, 7, 20, 16, 4, 3, 18, 16, 2, 17, 2, 17, 2, 18, 7, 8, 6, 8, 18, 9, 19, 20, 13, 1, 14, 16, 2, 11, 7, 19, 16, 1, 20, 11, 20, 7, 9, 8, 6, 20, 13, 8, 1, 9, 15, 13, 7, 7, 11, 8, 9, 13, 9, 1, 2, 8, 1, 8, 1, 14, 14]
bestever    2185    in generation 460
[5, 19, 3, 10, 19, 19, 19, 6, 3, 10, 13, 20, 14, 19, 20, 17, 5, 10, 14, 12, 17, 11, 3, 8, 12, 20, 20, 5, 17, 16, 10, 5, 5, 12, 6, 15, 6, 5, 4, 10, 3, 11, 12, 17, 10, 3, 3, 10, 15, 14, 10, 18, 4, 6, 12, 11, 2, 19, 4, 4, 13, 17, 17, 6, 4, 3, 18, 1, 12, 14, 2, 17, 11, 20, 12, 17, 15, 15, 19, 7, 13, 2, 1, 13, 15, 5, 15, 6, 3, 4, 1, 9, 10, 5, 14, 9, 12, 15, 5, 18, 15, 11, 7, 4, 14, 9, 12, 18, 3, 4, 16, 18, 9, 11, 2, 8, 10, 4, 1, 18, 6, 13, 6, 7, 14, 15, 5, 11, 7, 9, 16, 19, 13, 12, 16, 8, 2, 16, 16, 18, 7, 20, 16, 4, 3, 18, 16, 2, 17, 2, 17, 2, 18, 7, 8, 6, 8, 18, 9, 19, 20, 13, 1, 14, 16, 2, 11, 7, 19, 16, 1, 20, 11, 20, 7, 9, 8, 6, 20, 13, 8, 1, 9, 15, 13, 7, 7, 11, 8, 9, 13, 8, 1, 2, 9, 1, 8, 1, 14, 14]
bestever    2181    in generation 490
[5, 19, 3, 10, 19, 19, 19, 6, 3, 10, 13, 20, 14, 19, 20, 17, 5, 10, 14, 12, 17, 11, 3, 8, 12, 20, 20, 5, 17, 16, 10, 5, 5, 12, 6, 15, 6, 5, 4, 10, 3, 11, 12, 17, 10, 3, 3, 10, 15, 14, 10, 18, 4, 6, 12, 11, 2, 19, 4, 4, 13, 17, 17, 6, 4, 3, 18, 1, 12, 14, 2, 17, 11, 20, 12, 17, 15, 15, 19, 7, 13, 2, 1, 13, 15, 5, 15, 6, 3, 4, 1, 9, 10, 5, 14, 9, 12, 15, 5, 18, 15, 11, 7, 4, 14, 9, 12, 18, 3, 4, 16, 18, 9, 11, 2, 8, 10, 4, 1, 18, 6, 13, 6, 7, 14, 15, 5, 11, 7, 9, 16, 19, 13, 12, 16, 8, 2, 16, 16, 18, 7, 20, 16, 4, 3, 18, 16, 2, 17, 2, 17, 2, 20, 7, 8, 6, 8, 18, 9, 19, 20, 13, 1, 14, 16, 2, 11, 7, 19, 16, 1, 20, 11, 20, 7, 9, 8, 6, 18, 13, 8, 1, 9, 15, 13, 7, 7, 11, 8, 9, 13, 8, 1, 2, 9, 1, 8, 1, 14, 14]
bestever    2180    in generation 491
[5, 19, 3, 10, 19, 19, 19, 6, 3, 10, 13, 20, 14, 19, 20, 17, 5, 10, 14, 12, 17, 11, 3, 8, 12, 20, 20, 5, 17, 16, 10, 5, 5, 12, 6, 15, 6, 5, 4, 10, 3, 11, 12, 17, 10, 3, 3, 10, 15, 14, 10, 18, 4, 6, 12, 11, 2, 19, 4, 4, 13, 17, 17, 6, 4, 3, 18, 1, 12, 14, 2, 17, 11, 20, 12, 17, 15, 15, 19, 7, 13, 2, 1, 13, 15, 5, 15, 6, 3, 4, 1, 9, 10, 5, 14, 9, 12, 15, 5, 18, 15, 11, 7, 4, 14, 9, 12, 18, 3, 4, 16, 18, 9, 11, 2, 8, 10, 4, 1, 18, 6, 13, 6, 7, 6, 15, 5, 11, 7, 9, 16, 19, 13, 12, 16, 8, 2, 16, 16, 18, 7, 20, 16, 4, 3, 18, 16, 2, 17, 2, 17, 2, 18, 7, 8, 6, 8, 18, 9, 19, 20, 13, 1, 14, 16, 2, 11, 7, 19, 16, 1, 20, 11, 20, 7, 9, 8, 14, 20, 13, 8, 1, 9, 15, 13, 7, 7, 11, 8, 9, 13, 8, 1, 2, 9, 1, 8, 1, 14, 14]
bestever    2179    in generation 564
[5, 19, 3, 10, 19, 19, 19, 6, 3, 10, 13, 20, 14, 19, 20, 17, 5, 10, 14, 12, 17, 11, 3, 8, 12, 20, 20, 5, 17, 16, 10, 5, 5, 12, 6, 15, 6, 5, 4, 10, 3, 11, 12, 17, 10, 3, 3, 10, 15, 14, 10, 18, 4, 6, 12, 11, 2, 19, 4, 4, 13, 17, 17, 6, 4, 3, 18, 1, 12, 14, 2, 17, 11, 20, 12, 17, 15, 15, 19, 7, 13, 2, 1, 13, 15, 5, 15, 6, 3, 4, 1, 9, 10, 5, 14, 9, 12, 15, 5, 18, 15, 11, 7, 4, 14, 9, 12, 18, 3, 4, 16, 18, 20, 11, 2, 8, 10, 4, 1, 18, 6, 13, 6, 7, 6, 15, 5, 11, 7, 9, 16, 19, 13, 12, 16, 8, 2, 16, 16, 18, 7, 20, 16, 4, 3, 18, 16, 2, 17, 2, 17, 2, 18, 7, 8, 6, 8, 18, 9, 19, 9, 13, 1, 14, 16, 2, 11, 7, 19, 16, 1, 20, 11, 20, 7, 9, 8, 14, 20, 13, 8, 1, 9, 15, 13, 7, 7, 11, 8, 9, 13, 8, 1, 2, 9, 1, 8, 1, 14, 14]
bestever    2171    in generation 607
[5, 19, 3, 10, 19, 19, 19, 6, 3, 10, 13, 20, 14, 19, 20, 17, 5, 10, 14, 12, 17, 11, 3, 8, 12, 20, 20, 5, 17, 16, 10, 5, 5, 12, 6, 15, 6, 5, 4, 10, 3, 11, 12, 17, 10, 3, 3, 10, 15, 14, 4, 18, 4, 6, 12, 11, 2, 19, 4, 10, 13, 17, 17, 6, 4, 3, 18, 1, 12, 14, 2, 17, 11, 20, 12, 17, 15, 15, 19, 7, 13, 2, 1, 13, 15, 5, 15, 6, 3, 4, 1, 9, 10, 5, 14, 9, 12, 15, 5, 18, 15, 11, 7, 4, 14, 9, 12, 18, 3, 4, 16, 18, 20, 11, 2, 8, 10, 4, 1, 18, 6, 13, 6, 7, 6, 15, 5, 11, 7, 9, 16, 19, 13, 12, 16, 8, 2, 16, 16, 18, 7, 20, 16, 4, 3, 18, 16, 2, 17, 2, 17, 2, 18, 7, 8, 6, 8, 18, 9, 19, 9, 13, 1, 14, 16, 2, 11, 7, 19, 16, 1, 20, 11, 20, 7, 9, 8, 14, 20, 13, 8, 1, 9, 15, 13, 7, 7, 11, 8, 9, 13, 8, 1, 2, 9, 1, 8, 1, 14, 14]
bestever    2170    in generation 610
[5, 19, 3, 10, 19, 19, 19, 6, 3, 10, 13, 20, 14, 19, 20, 17, 5, 10, 14, 12, 17, 11, 3, 8, 12, 20, 20, 5, 17, 16, 10, 5, 5, 12, 6, 15, 6, 5, 4, 10, 3, 11, 12, 17, 10, 3, 3, 10, 15, 14, 4, 18, 4, 6, 12, 11, 2, 19, 4, 10, 13, 17, 17, 6, 4, 3, 18, 1, 12, 14, 2, 17, 11, 20, 12, 17, 15, 15, 19, 7, 13, 2, 1, 13, 15, 5, 15, 6, 3, 4, 1, 19, 10, 5, 14, 9, 12, 15, 5, 18, 15, 11, 7, 4, 14, 9, 12, 18, 3, 4, 16, 18, 20, 11, 2, 8, 10, 4, 1, 18, 6, 13, 6, 7, 6, 15, 5, 11, 7, 9, 16, 19, 13, 12, 16, 8, 2, 16, 16, 18, 7, 20, 16, 4, 3, 18, 16, 2, 17, 2, 17, 2, 18, 7, 8, 6, 8, 18, 9, 19, 9, 13, 1, 14, 16, 2, 11, 7, 9, 16, 1, 20, 11, 20, 7, 9, 8, 14, 20, 13, 8, 1, 9, 15, 13, 7, 7, 11, 8, 9, 13, 8, 1, 2, 9, 1, 8, 1, 14, 14]
bestever    2161    in generation 627
[5, 19, 3, 10, 19, 19, 19, 6, 3, 10, 13, 20, 14, 19, 20, 17, 5, 10, 14, 12, 17, 11, 3, 8, 12, 20, 20, 5, 17, 16, 10, 5, 5, 12, 6, 15, 6, 5, 4, 10, 3, 11, 12, 17, 10, 3, 3, 10, 15, 14, 4, 18, 4, 6, 12, 11, 2, 19, 4, 10, 13, 17, 17, 6, 4, 19, 18, 1, 12, 14, 2, 17, 11, 20, 12, 17, 15, 15, 19, 7, 13, 2, 1, 13, 15, 5, 15, 6, 3, 4, 1, 19, 10, 5, 14, 9, 12, 15, 5, 18, 15, 11, 7, 4, 14, 9, 12, 18, 3, 4, 16, 18, 20, 11, 2, 8, 10, 4, 1, 18, 6, 13, 6, 7, 6, 15, 5, 11, 7, 9, 16, 19, 13, 12, 16, 8, 2, 16, 16, 18, 7, 20, 16, 4, 3, 18, 16, 2, 17, 2, 17, 2, 18, 7, 8, 6, 8, 18, 9, 3, 9, 13, 1, 14, 16, 2, 11, 7, 9, 16, 1, 20, 11, 20, 7, 9, 8, 14, 20, 13, 8, 1, 9, 15, 13, 7, 7, 11, 8, 9, 13, 8, 1, 2, 9, 1, 8, 1, 14, 14]
bestever    2155    in generation 650
[5, 19, 3, 10, 19, 19, 19, 6, 3, 10, 13, 20, 14, 19, 20, 17, 5, 10, 14, 12, 17, 11, 3, 8, 12, 20, 20, 5, 17, 16, 10, 5, 5, 12, 6, 15, 6, 5, 4, 10, 3, 11, 12, 17, 10, 3, 3, 10, 15, 14, 4, 18, 4, 6, 12, 11, 2, 19, 4, 10, 13, 17, 17, 6, 4, 19, 18, 1, 12, 14, 2, 17, 11, 20, 12, 17, 15, 15, 19, 7, 13, 2, 1, 13, 15, 5, 15, 6, 3, 4, 1, 19, 10, 5, 14, 9, 12, 15, 5, 18, 15, 11, 7, 4, 14, 9, 12, 18, 3, 4, 16, 18, 20, 11, 2, 8, 10, 4, 1, 18, 6, 13, 6, 7, 6, 15, 5, 11, 7, 9, 16, 19, 13, 12, 16, 8, 2, 16, 16, 18, 7, 20, 16, 4, 3, 18, 16, 2, 17, 2, 17, 2, 18, 7, 8, 6, 8, 18, 9, 3, 9, 13, 1, 14, 16, 2, 11, 7, 9, 16, 1, 20, 11, 20, 7, 9, 8, 14, 20, 13, 8, 1, 9, 15, 8, 7, 7, 11, 13, 9, 13, 8, 1, 2, 9, 1, 8, 1, 14, 14]
bestever    2138    in generation 703
[10, 19, 3, 10, 19, 19, 19, 6, 3, 5, 13, 20, 14, 19, 20, 17, 5, 10, 14, 12, 17, 11, 3, 8, 12, 20, 20, 5, 17, 16, 10, 5, 5, 12, 6, 15, 6, 5, 4, 10, 3, 11, 12, 17, 10, 3, 3, 10, 15, 14, 4, 18, 4, 6, 12, 11, 2, 19, 4, 10, 13, 17, 17, 6, 4, 19, 18, 1, 12, 14, 2, 17, 11, 20, 12, 17, 15, 15, 19, 7, 13, 2, 1, 13, 15, 5, 15, 6, 3, 4, 1, 19, 10, 5, 14, 9, 12, 15, 5, 18, 15, 11, 7, 4, 14, 9, 12, 18, 3, 4, 16, 18, 20, 11, 2, 8, 10, 4, 1, 18, 6, 13, 6, 7, 6, 15, 5, 11, 7, 9, 16, 19, 13, 12, 16, 8, 2, 16, 16, 18, 7, 20, 16, 4, 3, 18, 16, 2, 17, 2, 17, 2, 18, 7, 8, 6, 8, 18, 9, 3, 9, 13, 1, 14, 16, 2, 11, 7, 9, 16, 1, 20, 11, 20, 7, 9, 8, 14, 20, 13, 8, 1, 9, 15, 8, 7, 7, 11, 13, 9, 13, 8, 1, 2, 9, 1, 8, 1, 14, 14]
bestever    2133    in generation 739
[10, 19, 3, 10, 19, 19, 19, 6, 3, 5, 13, 20, 14, 19, 20, 17, 5, 10, 14, 12, 17, 11, 3, 3, 12, 20, 20, 5, 17, 16, 10, 5, 5, 12, 6, 15, 6, 5, 4, 10, 3, 11, 12, 17, 10, 3, 3, 10, 15, 14, 4, 18, 4, 6, 12, 11, 2, 19, 4, 10, 13, 17, 17, 6, 4, 19, 18, 1, 12, 14, 2, 17, 11, 20, 12, 17, 15, 15, 19, 7, 13, 2, 1, 13, 15, 5, 12, 6, 3, 4, 1, 19, 10, 5, 14, 9, 12, 15, 5, 18, 15, 11, 7, 4, 14, 9, 12, 18, 8, 4, 16, 18, 20, 11, 2, 8, 10, 4, 1, 18, 6, 13, 6, 7, 6, 15, 5, 11, 7, 9, 16, 19, 13, 15, 16, 8, 2, 16, 16, 18, 7, 20, 16, 4, 3, 18, 16, 2, 17, 2, 17, 2, 18, 7, 8, 6, 8, 18, 9, 3, 9, 13, 1, 14, 16, 2, 11, 7, 9, 16, 1, 20, 11, 20, 7, 9, 8, 14, 20, 13, 8, 1, 9, 15, 8, 7, 7, 11, 13, 9, 13, 8, 1, 2, 9, 1, 8, 1, 14, 14]
bestever    2131    in generation 755
[10, 19, 3, 10, 19, 19, 19, 6, 3, 5, 13, 20, 14, 19, 20, 17, 5, 10, 14, 12, 17, 11, 3, 3, 12, 20, 20, 5, 17, 16, 10, 5, 5, 12, 6, 15, 6, 5, 4, 10, 3, 11, 12, 17, 10, 3, 3, 10, 15, 14, 4, 18, 4, 6, 12, 11, 2, 19, 4, 10, 13, 14, 17, 6, 4, 19, 18, 1, 12, 14, 2, 17, 11, 20, 12, 17, 15, 15, 19, 7, 13, 2, 1, 13, 15, 5, 12, 6, 3, 4, 1, 19, 10, 5, 14, 9, 12, 15, 5, 18, 15, 11, 7, 4, 17, 9, 12, 18, 8, 4, 16, 18, 20, 11, 2, 8, 10, 4, 1, 18, 6, 13, 6, 7, 6, 15, 5, 11, 7, 9, 16, 19, 13, 15, 16, 8, 2, 16, 16, 18, 7, 20, 16, 4, 3, 18, 16, 2, 17, 2, 17, 2, 18, 7, 8, 6, 8, 18, 9, 3, 9, 13, 1, 14, 16, 2, 11, 7, 9, 16, 1, 20, 11, 20, 7, 9, 8, 14, 20, 13, 8, 1, 9, 15, 8, 7, 7, 11, 13, 9, 13, 8, 1, 2, 9, 1, 8, 1, 14, 14]
bestever    2107    in generation 774
[10, 19, 3, 10, 19, 19, 19, 6, 3, 5, 13, 20, 14, 19, 20, 17, 5, 10, 14, 12, 17, 11, 3, 3, 12, 20, 20, 5, 17, 16, 10, 10, 5, 12, 6, 15, 6, 5, 4, 10, 3, 11, 12, 17, 10, 3, 3, 10, 15, 14, 4, 18, 4, 6, 12, 11, 2, 19, 4, 10, 13, 14, 17, 6, 4, 19, 18, 1, 12, 14, 2, 17, 11, 20, 12, 17, 15, 15, 19, 7, 13, 2, 1, 13, 15, 5, 12, 6, 3, 4, 1, 19, 10, 5, 14, 9, 12, 15, 5, 18, 15, 11, 7, 4, 17, 9, 12, 18, 8, 4, 16, 18, 20, 11, 2, 8, 5, 4, 1, 18, 6, 13, 6, 7, 6, 15, 5, 11, 7, 9, 16, 19, 13, 15, 16, 8, 2, 16, 16, 18, 7, 20, 16, 4, 3, 18, 16, 2, 17, 2, 17, 2, 18, 7, 8, 6, 8, 18, 9, 3, 9, 13, 1, 14, 16, 2, 11, 7, 9, 16, 1, 20, 11, 20, 7, 9, 8, 14, 20, 13, 8, 1, 9, 15, 8, 7, 7, 11, 13, 9, 13, 8, 1, 2, 9, 1, 8, 1, 14, 14]
bestever    2100    in generation 806
[10, 19, 3, 10, 19, 19, 19, 6, 3, 5, 13, 20, 14, 19, 20, 17, 5, 10, 14, 12, 17, 11, 3, 3, 12, 20, 20, 5, 17, 16, 10, 10, 5, 12, 6, 15, 6, 5, 4, 10, 3, 11, 12, 17, 10, 3, 3, 10, 15, 14, 4, 20, 4, 6, 12, 11, 2, 19, 4, 10, 13, 14, 17, 6, 4, 19, 18, 1, 12, 14, 2, 17, 11, 20, 12, 17, 15, 15, 19, 7, 13, 2, 1, 13, 15, 5, 12, 6, 3, 4, 1, 19, 10, 5, 14, 9, 12, 15, 5, 18, 15, 11, 7, 4, 17, 9, 12, 18, 8, 4, 16, 18, 18, 11, 2, 8, 5, 4, 1, 18, 6, 13, 6, 7, 6, 15, 5, 11, 7, 9, 16, 19, 13, 15, 16, 8, 2, 16, 16, 18, 7, 20, 16, 4, 3, 18, 16, 2, 17, 2, 17, 2, 18, 7, 8, 6, 8, 18, 9, 3, 9, 13, 1, 14, 16, 2, 11, 7, 9, 16, 1, 20, 11, 20, 7, 9, 8, 14, 20, 13, 8, 1, 9, 15, 8, 7, 7, 11, 13, 9, 13, 8, 1, 2, 9, 1, 8, 1, 14, 14]
bestever    2096    in generation 808
[10, 19, 3, 10, 19, 19, 19, 6, 3, 5, 13, 20, 14, 19, 20, 17, 5, 10, 14, 12, 17, 11, 3, 3, 12, 20, 20, 5, 17, 16, 10, 10, 5, 12, 6, 15, 6, 5, 4, 10, 3, 11, 12, 17, 10, 3, 3, 10, 15, 14, 4, 20, 4, 6, 12, 11, 2, 19, 4, 10, 13, 14, 17, 6, 4, 19, 18, 1, 12, 14, 2, 17, 15, 20, 12, 17, 15, 11, 19, 7, 13, 2, 1, 13, 15, 5, 12, 6, 3, 4, 1, 19, 10, 5, 14, 9, 12, 15, 5, 18, 15, 11, 7, 4, 17, 9, 12, 18, 8, 4, 16, 18, 18, 11, 2, 8, 5, 4, 1, 18, 6, 13, 6, 7, 6, 15, 5, 11, 7, 9, 16, 19, 13, 15, 16, 8, 2, 16, 16, 18, 7, 20, 16, 4, 3, 18, 16, 2, 17, 2, 17, 2, 18, 7, 8, 6, 8, 18, 9, 3, 9, 13, 1, 14, 16, 2, 11, 7, 9, 16, 1, 20, 11, 20, 7, 9, 8, 14, 20, 13, 8, 1, 9, 15, 8, 7, 7, 11, 13, 9, 13, 8, 1, 2, 9, 1, 8, 1, 14, 14]
bestever    2095    in generation 867
[10, 19, 3, 10, 19, 19, 19, 6, 3, 5, 13, 20, 14, 19, 20, 17, 5, 10, 14, 12, 17, 11, 3, 3, 12, 20, 20, 5, 17, 16, 10, 10, 5, 12, 6, 15, 6, 5, 4, 10, 3, 11, 12, 17, 10, 3, 3, 10, 15, 14, 4, 20, 4, 6, 12, 11, 2, 19, 4, 10, 13, 14, 17, 6, 4, 19, 18, 1, 12, 14, 2, 17, 15, 20, 12, 17, 15, 11, 19, 7, 13, 20, 1, 13, 15, 5, 12, 6, 3, 4, 1, 19, 10, 5, 14, 9, 12, 15, 5, 18, 15, 11, 7, 4, 17, 9, 12, 18, 8, 4, 16, 18, 18, 11, 2, 8, 5, 4, 1, 18, 6, 13, 6, 7, 6, 15, 5, 11, 7, 9, 16, 19, 13, 15, 16, 8, 2, 16, 16, 18, 7, 2, 16, 4, 3, 18, 16, 2, 17, 2, 17, 2, 18, 7, 8, 6, 8, 18, 9, 3, 9, 13, 1, 14, 16, 2, 11, 7, 9, 16, 1, 20, 11, 20, 7, 9, 8, 14, 20, 13, 8, 1, 9, 15, 8, 7, 7, 11, 13, 9, 13, 8, 1, 2, 9, 1, 8, 1, 14, 14]
bestever    2089    in generation 1031
[10, 19, 3, 10, 19, 19, 19, 6, 3, 5, 13, 20, 14, 19, 20, 17, 5, 10, 14, 12, 17, 11, 3, 3, 12, 20, 20, 5, 17, 16, 10, 10, 5, 12, 6, 15, 6, 5, 4, 10, 3, 11, 12, 17, 10, 3, 3, 10, 15, 14, 4, 20, 4, 6, 12, 11, 2, 19, 4, 10, 13, 14, 17, 6, 4, 19, 18, 1, 12, 14, 2, 17, 15, 20, 12, 17, 15, 11, 19, 7, 13, 20, 1, 13, 15, 5, 12, 6, 3, 4, 1, 19, 10, 5, 6, 14, 9, 12, 15, 5, 18, 15, 11, 7, 4, 17, 9, 12, 18, 8, 4, 16, 18, 18, 11, 2, 8, 5, 4, 1, 18, 6, 2, 6, 7, 15, 5, 11, 7, 9, 16, 19, 13, 15, 16, 8, 2, 15, 16, 16, 18, 7, 13, 16, 4, 3, 18, 16, 2, 17, 2, 17, 2, 18, 7, 8, 6, 8, 18, 9, 3, 9, 13, 1, 14, 16, 2, 11, 7, 9, 16, 1, 20, 11, 20, 7, 9, 8, 14, 20, 13, 8, 1, 9, 8, 7, 7, 11, 13, 9, 13, 8, 1, 2, 9, 1, 8, 1, 14, 14]
bestever    2084    in generation 1039
[10, 19, 3, 10, 19, 19, 19, 6, 3, 5, 13, 20, 14, 19, 20, 17, 5, 10, 14, 12, 17, 11, 3, 3, 12, 20, 20, 5, 17, 16, 10, 10, 5, 12, 6, 15, 6, 5, 4, 10, 3, 11, 12, 17, 10, 3, 3, 10, 15, 14, 4, 20, 4, 6, 12, 11, 2, 19, 4, 10, 13, 14, 17, 6, 4, 19, 18, 1, 12, 14, 2, 17, 15, 20, 12, 17, 15, 11, 19, 7, 13, 20, 1, 13, 15, 5, 12, 6, 3, 4, 1, 19, 10, 5, 6, 14, 9, 12, 15, 5, 18, 16, 11, 7, 4, 17, 9, 12, 18, 8, 4, 16, 18, 18, 11, 2, 8, 5, 4, 1, 18, 6, 2, 6, 7, 15, 5, 11, 7, 9, 16, 19, 13, 15, 16, 8, 2, 15, 15, 16, 18, 7, 13, 16, 4, 3, 18, 16, 2, 17, 2, 17, 2, 18, 7, 8, 6, 8, 18, 9, 3, 9, 13, 1, 14, 16, 2, 11, 7, 9, 16, 1, 20, 11, 20, 7, 9, 8, 14, 20, 13, 8, 1, 9, 8, 7, 7, 11, 13, 9, 13, 8, 1, 2, 9, 1, 8, 1, 14, 14]
bestever    2071    in generation 1042
[10, 19, 3, 10, 19, 19, 19, 6, 3, 5, 13, 20, 14, 19, 20, 17, 5, 10, 14, 12, 17, 11, 3, 3, 12, 20, 20, 5, 17, 16, 10, 10, 5, 12, 6, 15, 6, 5, 4, 10, 3, 11, 12, 17, 10, 3, 3, 10, 15, 14, 4, 20, 4, 6, 12, 11, 2, 19, 4, 10, 13, 14, 17, 6, 4, 19, 18, 1, 12, 14, 2, 17, 15, 20, 12, 17, 15, 11, 19, 7, 13, 20, 16, 13, 15, 5, 12, 6, 3, 4, 1, 19, 10, 5, 6, 14, 9, 12, 15, 5, 18, 16, 11, 7, 4, 17, 9, 12, 18, 8, 4, 16, 18, 18, 11, 2, 8, 5, 4, 1, 18, 6, 2, 6, 7, 15, 5, 11, 7, 9, 16, 19, 13, 15, 16, 8, 2, 15, 15, 1, 18, 7, 13, 16, 4, 3, 18, 16, 2, 17, 2, 17, 2, 18, 7, 8, 6, 8, 18, 9, 3, 9, 13, 1, 14, 16, 2, 11, 7, 9, 16, 1, 20, 11, 20, 7, 9, 8, 14, 20, 13, 8, 1, 9, 8, 7, 7, 11, 13, 9, 13, 8, 1, 2, 9, 1, 8, 1, 14, 14]
bestever    2060    in generation 1057
[10, 19, 3, 10, 19, 19, 19, 19, 3, 5, 13, 20, 14, 6, 20, 17, 5, 10, 14, 12, 17, 11, 3, 3, 12, 20, 20, 5, 17, 16, 10, 10, 5, 12, 6, 15, 6, 5, 4, 10, 3, 11, 12, 17, 10, 3, 3, 10, 15, 14, 4, 20, 4, 6, 12, 11, 2, 19, 4, 10, 13, 14, 17, 6, 4, 19, 18, 1, 12, 14, 2, 17, 15, 20, 12, 17, 15, 11, 19, 7, 13, 20, 16, 13, 15, 5, 12, 6, 3, 4, 1, 19, 10, 5, 6, 14, 9, 12, 15, 5, 18, 16, 11, 7, 4, 17, 9, 12, 18, 8, 4, 16, 18, 18, 11, 2, 8, 5, 4, 1, 18, 6, 2, 6, 7, 15, 5, 11, 7, 9, 16, 19, 13, 15, 16, 8, 2, 15, 15, 1, 18, 7, 13, 16, 4, 3, 18, 16, 2, 17, 2, 17, 2, 18, 7, 8, 6, 8, 18, 9, 3, 9, 13, 1, 14, 16, 2, 11, 7, 9, 16, 1, 20, 11, 20, 7, 9, 8, 14, 20, 13, 8, 1, 9, 8, 7, 7, 11, 13, 9, 13, 8, 1, 2, 9, 1, 8, 1, 14, 14]
bestever    2051    in generation 1078
[10, 19, 3, 10, 19, 19, 19, 19, 3, 5, 13, 20, 14, 6, 20, 17, 5, 10, 14, 12, 17, 11, 3, 3, 12, 20, 20, 5, 17, 16, 10, 10, 5, 12, 6, 15, 6, 5, 4, 10, 3, 11, 12, 17, 10, 3, 3, 10, 15, 14, 4, 20, 4, 6, 12, 11, 2, 19, 4, 10, 13, 14, 17, 6, 4, 19, 18, 1, 12, 14, 2, 17, 15, 20, 12, 17, 15, 11, 19, 7, 13, 20, 16, 13, 15, 5, 18, 6, 3, 4, 1, 19, 10, 5, 6, 14, 9, 12, 15, 5, 18, 16, 11, 7, 4, 17, 9, 12, 18, 8, 4, 16, 18, 12, 11, 2, 8, 5, 4, 1, 18, 6, 2, 6, 7, 15, 5, 11, 7, 9, 16, 19, 13, 15, 16, 8, 2, 15, 15, 1, 18, 7, 13, 16, 4, 3, 18, 16, 2, 17, 2, 17, 2, 18, 7, 8, 6, 8, 18, 9, 3, 9, 13, 1, 14, 16, 2, 11, 7, 9, 16, 1, 20, 11, 20, 7, 9, 8, 14, 20, 13, 8, 1, 9, 8, 7, 7, 11, 13, 9, 13, 8, 1, 2, 9, 1, 8, 1, 14, 14]
bestever    2019    in generation 1085
[10, 19, 3, 10, 19, 10, 19, 19, 3, 5, 13, 20, 14, 6, 20, 17, 5, 10, 14, 12, 17, 11, 3, 3, 12, 20, 20, 5, 17, 16, 10, 19, 5, 12, 6, 15, 6, 5, 4, 10, 3, 11, 12, 17, 10, 3, 3, 10, 15, 14, 4, 20, 4, 6, 12, 11, 2, 19, 4, 10, 13, 14, 17, 6, 4, 19, 18, 1, 12, 14, 2, 17, 15, 20, 12, 17, 15, 11, 19, 7, 13, 20, 16, 13, 15, 5, 18, 6, 3, 4, 1, 19, 10, 5, 6, 14, 9, 12, 15, 5, 18, 16, 11, 7, 4, 17, 9, 12, 18, 8, 4, 16, 18, 12, 11, 2, 8, 5, 4, 1, 18, 6, 2, 6, 7, 15, 5, 11, 7, 9, 16, 19, 13, 15, 16, 8, 2, 15, 15, 1, 18, 7, 13, 16, 4, 3, 18, 16, 2, 17, 2, 17, 2, 18, 7, 8, 6, 8, 18, 9, 3, 9, 13, 1, 14, 16, 2, 11, 7, 9, 16, 1, 20, 11, 20, 7, 9, 8, 14, 20, 13, 8, 1, 9, 8, 7, 7, 11, 13, 9, 13, 8, 1, 2, 9, 1, 8, 1, 14, 14]
bestever    2017    in generation 1118
[10, 19, 3, 10, 19, 10, 19, 19, 3, 5, 13, 20, 14, 6, 20, 17, 5, 10, 14, 12, 17, 11, 3, 3, 12, 20, 20, 5, 17, 16, 10, 19, 5, 12, 6, 15, 6, 5, 4, 10, 3, 11, 12, 17, 10, 3, 3, 10, 15, 14, 4, 20, 4, 6, 12, 11, 2, 19, 4, 10, 13, 14, 17, 6, 4, 19, 11, 1, 12, 14, 2, 17, 15, 20, 12, 17, 15, 11, 19, 7, 13, 20, 16, 13, 15, 5, 18, 6, 3, 4, 1, 19, 10, 5, 6, 14, 9, 12, 15, 5, 18, 16, 18, 7, 4, 17, 9, 12, 18, 8, 4, 16, 18, 12, 11, 2, 8, 5, 4, 1, 18, 6, 2, 6, 7, 15, 5, 11, 7, 9, 16, 19, 13, 15, 16, 8, 2, 15, 15, 1, 18, 7, 13, 16, 4, 3, 18, 16, 2, 17, 2, 17, 2, 18, 7, 8, 6, 8, 18, 9, 3, 9, 13, 1, 14, 16, 2, 11, 7, 9, 16, 1, 20, 11, 20, 7, 9, 8, 14, 20, 13, 8, 1, 9, 8, 7, 7, 11, 13, 9, 13, 8, 1, 2, 9, 1, 8, 1, 14, 14]
bestever    2009    in generation 1197
[10, 19, 3, 10, 19, 10, 19, 19, 3, 5, 3, 20, 14, 6, 20, 17, 5, 10, 14, 12, 17, 11, 3, 3, 12, 20, 20, 5, 17, 16, 10, 19, 5, 12, 6, 15, 6, 5, 4, 10, 13, 11, 12, 17, 10, 3, 3, 10, 15, 14, 4, 20, 4, 6, 12, 11, 2, 19, 4, 10, 13, 14, 17, 6, 4, 19, 11, 1, 12, 14, 2, 17, 15, 20, 12, 17, 15, 11, 19, 7, 13, 20, 16, 13, 15, 5, 18, 6, 3, 4, 1, 19, 10, 5, 6, 14, 9, 12, 15, 5, 18, 16, 18, 7, 4, 17, 9, 12, 18, 8, 4, 16, 18, 12, 11, 2, 8, 5, 4, 1, 18, 6, 2, 6, 7, 15, 5, 11, 7, 9, 16, 19, 13, 15, 16, 8, 2, 15, 15, 1, 18, 7, 13, 16, 4, 3, 18, 16, 2, 17, 2, 17, 2, 18, 7, 8, 6, 8, 18, 9, 3, 9, 13, 1, 14, 16, 2, 11, 7, 9, 16, 1, 20, 11, 20, 7, 9, 8, 14, 20, 13, 8, 1, 9, 8, 7, 7, 11, 13, 9, 13, 8, 1, 2, 9, 1, 8, 1, 14, 14]
bestever    1998    in generation 1991
[10, 19, 3, 10, 20, 19, 10, 19, 19, 3, 5, 3, 20, 12, 6, 20, 17, 5, 14, 12, 19, 17, 11, 3, 3, 12, 7, 10, 20, 5, 19, 20, 17, 16, 10, 5, 12, 6, 15, 6, 5, 4, 10, 13, 11, 17, 12, 17, 10, 3, 14, 10, 15, 14, 4, 20, 4, 6, 12, 11, 2, 19, 4, 20, 10, 13, 14, 6, 4, 19, 11, 9, 12, 14, 2, 17, 15, 3, 17, 15, 11, 19, 7, 13, 16, 13, 15, 5, 18, 6, 3, 4, 1, 19, 10, 5, 6, 14, 8, 9, 12, 15, 5, 18, 16, 18, 7, 4, 17, 1, 12, 18, 8, 5, 4, 16, 18, 12, 11, 2, 8, 4, 1, 18, 6, 2, 6, 7, 15, 5, 11, 17, 9, 16, 13, 15, 16, 8, 2, 15, 15, 1, 18, 7, 13, 16, 4, 3, 18, 16, 2, 7, 2, 17, 9, 2, 18, 7, 8, 6, 8, 18, 9, 3, 13, 1, 14, 16, 2, 11, 9, 16, 1, 9, 20, 11, 20, 7, 14, 20, 13, 8, 1, 9, 8, 7, 7, 11, 13, 9, 13, 8, 1, 2, 9, 1, 8, 1, 14, 14]
bestever    1994    in generation 2000
[10, 19, 3, 10, 20, 19, 10, 19, 19, 3, 5, 3, 20, 12, 6, 20, 17, 5, 14, 12, 19, 17, 11, 3, 20, 12, 7, 10, 3, 5, 19, 20, 17, 16, 10, 5, 12, 6, 15, 6, 5, 4, 10, 13, 11, 17, 12, 17, 10, 3, 14, 10, 15, 14, 3, 20, 4, 6, 12, 11, 2, 19, 4, 20, 10, 13, 14, 6, 4, 19, 11, 9, 12, 14, 2, 17, 15, 4, 17, 15, 11, 19, 7, 13, 16, 13, 15, 5, 18, 6, 3, 4, 1, 19, 10, 5, 6, 14, 8, 9, 12, 15, 5, 18, 16, 18, 7, 4, 17, 1, 12, 18, 8, 5, 4, 16, 18, 12, 11, 2, 8, 4, 1, 18, 6, 2, 6, 7, 15, 5, 11, 17, 9, 16, 13, 15, 16, 8, 2, 15, 15, 1, 18, 7, 13, 16, 4, 3, 18, 16, 2, 7, 2, 17, 9, 2, 18, 7, 8, 6, 8, 18, 9, 3, 13, 1, 14, 16, 2, 11, 9, 16, 1, 9, 20, 11, 20, 7, 14, 20, 13, 8, 1, 9, 8, 7, 7, 11, 13, 9, 13, 8, 1, 2, 9, 1, 8, 1, 14, 14]
bestever    1980    in generation 2632
[10, 19, 3, 10, 20, 19, 10, 19, 19, 3, 5, 3, 20, 3, 12, 6, 20, 17, 5, 14, 12, 19, 6, 11, 3, 20, 12, 7, 10, 3, 5, 10, 19, 20, 17, 16, 10, 5, 12, 6, 15, 6, 5, 4, 10, 13, 11, 17, 12, 17, 10, 3, 14, 10, 15, 14, 3, 20, 4, 6, 7, 12, 11, 2, 19, 4, 20, 10, 13, 14, 6, 4, 19, 11, 18, 12, 14, 2, 17, 15, 4, 17, 15, 11, 19, 7, 13, 16, 13, 15, 5, 9, 6, 19, 3, 4, 1, 5, 6, 14, 8, 9, 12, 15, 5, 18, 16, 18, 4, 17, 1, 12, 18, 8, 5, 3, 16, 18, 12, 11, 2, 8, 4, 1, 18, 6, 2, 6, 7, 15, 5, 11, 17, 9, 16, 13, 15, 16, 8, 2, 15, 15, 1, 18, 7, 13, 16, 4, 18, 2, 16, 2, 7, 17, 9, 2, 18, 16, 8, 17, 14, 18, 9, 4, 13, 1, 8, 7, 2, 11, 9, 16, 1, 9, 20, 11, 20, 7, 14, 20, 13, 8, 1, 9, 8, 7, 1, 11, 13, 9, 13, 8, 1, 2, 9, 7, 8, 1, 14, 14]
bestever    1977    in generation 2737
[10, 19, 3, 10, 20, 19, 10, 19, 19, 3, 5, 3, 20, 3, 12, 6, 20, 17, 5, 14, 12, 19, 6, 11, 3, 20, 17, 7, 10, 3, 5, 10, 19, 20, 12, 16, 10, 5, 12, 6, 15, 6, 5, 4, 10, 13, 11, 17, 12, 17, 10, 3, 14, 10, 15, 14, 3, 20, 4, 6, 7, 12, 11, 2, 19, 4, 20, 10, 13, 14, 6, 4, 19, 11, 18, 12, 14, 2, 17, 15, 4, 17, 15, 11, 19, 7, 13, 16, 13, 15, 5, 9, 6, 19, 3, 4, 1, 5, 6, 14, 8, 9, 12, 15, 5, 18, 16, 18, 4, 17, 1, 12, 18, 8, 5, 3, 16, 18, 12, 11, 2, 8, 4, 1, 18, 6, 2, 6, 7, 15, 5, 11, 17, 9, 16, 13, 15, 16, 8, 2, 15, 15, 1, 18, 7, 13, 16, 4, 18, 2, 16, 2, 7, 17, 9, 2, 18, 16, 8, 17, 14, 18, 9, 4, 13, 1, 8, 7, 2, 11, 9, 16, 1, 9, 20, 11, 20, 7, 14, 20, 13, 8, 1, 9, 8, 7, 1, 11, 13, 9, 13, 8, 1, 2, 9, 7, 8, 1, 14, 14]
bestever    1971    in generation 3028
[10, 19, 3, 10, 20, 19, 10, 19, 19, 3, 5, 3, 20, 3, 12, 6, 20, 17, 5, 14, 12, 19, 6, 11, 3, 20, 17, 7, 10, 3, 5, 10, 19, 20, 12, 16, 10, 5, 12, 6, 15, 6, 5, 4, 10, 13, 11, 17, 12, 17, 10, 3, 14, 10, 15, 14, 3, 20, 4, 6, 7, 12, 11, 2, 19, 4, 17, 10, 13, 14, 6, 4, 19, 11, 18, 12, 14, 2, 20, 15, 4, 17, 15, 11, 19, 7, 13, 16, 13, 15, 5, 9, 6, 19, 3, 4, 1, 5, 6, 14, 8, 9, 12, 15, 5, 18, 16, 18, 4, 17, 1, 12, 18, 8, 5, 3, 16, 18, 12, 11, 2, 8, 4, 1, 18, 6, 2, 6, 7, 15, 5, 11, 17, 9, 16, 13, 15, 16, 8, 2, 15, 15, 1, 18, 7, 13, 16, 4, 18, 2, 16, 2, 7, 17, 9, 2, 18, 16, 8, 17, 14, 18, 9, 4, 13, 1, 8, 7, 2, 11, 9, 16, 1, 9, 20, 11, 20, 7, 14, 20, 13, 8, 1, 9, 8, 7, 1, 11, 13, 9, 13, 8, 1, 2, 9, 7, 8, 1, 14, 14]
bestever    1967    in generation 3429
[19, 19, 3, 10, 20, 19, 10, 12, 19, 10, 3, 5, 3, 10, 6, 3, 12, 20, 17, 5, 14, 12, 19, 6, 11, 3, 20, 17, 7, 10, 3, 5, 10, 19, 20, 12, 16, 10, 5, 12, 6, 15, 6, 5, 4, 10, 13, 11, 17, 12, 17, 20, 3, 14, 10, 15, 14, 3, 20, 4, 6, 7, 11, 2, 19, 19, 19, 17, 10, 13, 14, 6, 4, 4, 11, 18, 12, 14, 2, 12, 20, 15, 4, 17, 15, 11, 19, 7, 13, 16, 13, 15, 5, 9, 6, 3, 4, 1, 5, 6, 14, 8, 9, 12, 15, 5, 18, 16, 18, 4, 4, 17, 12, 18, 8, 5, 3, 16, 18, 11, 2, 8, 4, 1, 18, 6, 2, 6, 7, 15, 5, 11, 17, 9, 16, 13, 15, 16, 8, 2, 15, 15, 1, 18, 7, 13, 16, 4, 18, 2, 16, 2, 7, 17, 9, 2, 18, 16, 8, 17, 14, 18, 9, 1, 13, 1, 8, 7, 2, 11, 9, 16, 1, 9, 20, 11, 20, 7, 14, 20, 13, 8, 1, 9, 8, 7, 1, 11, 13, 9, 13, 8, 1, 2, 9, 7, 8, 1, 14, 14]
bestever    1966    in generation 3462
[19, 19, 10, 3, 20, 19, 10, 12, 19, 10, 3, 5, 3, 10, 6, 3, 12, 20, 17, 5, 14, 12, 19, 6, 11, 3, 20, 17, 7, 10, 3, 5, 10, 19, 20, 12, 16, 10, 5, 12, 6, 15, 6, 5, 4, 10, 13, 11, 17, 12, 17, 20, 3, 14, 10, 15, 14, 3, 20, 4, 6, 7, 11, 2, 19, 19, 19, 17, 10, 13, 14, 6, 4, 4, 11, 18, 12, 14, 2, 12, 20, 15, 4, 17, 15, 11, 19, 7, 13, 16, 13, 15, 5, 9, 6, 3, 4, 1, 5, 6, 14, 8, 9, 12, 15, 5, 18, 16, 18, 4, 4, 17, 12, 18, 8, 5, 3, 16, 18, 11, 2, 8, 4, 1, 18, 6, 2, 6, 7, 15, 5, 11, 17, 9, 16, 13, 15, 16, 8, 2, 15, 15, 1, 18, 7, 13, 16, 4, 18, 2, 16, 2, 7, 17, 9, 2, 18, 16, 8, 17, 14, 18, 9, 1, 13, 1, 8, 7, 2, 11, 9, 16, 1, 9, 20, 11, 20, 7, 14, 20, 13, 8, 1, 9, 8, 7, 1, 11, 13, 9, 13, 8, 1, 2, 9, 7, 8, 1, 14, 14]
bestever    1965    in generation 3574
[19, 19, 10, 3, 20, 19, 10, 12, 19, 10, 3, 5, 3, 10, 6, 20, 3, 12, 20, 17, 5, 14, 12, 19, 6, 11, 3, 20, 17, 7, 10, 3, 5, 10, 19, 20, 12, 16, 10, 5, 12, 6, 15, 6, 5, 4, 10, 13, 11, 17, 12, 17, 20, 3, 14, 10, 15, 14, 3, 4, 6, 7, 11, 2, 19, 19, 19, 17, 10, 13, 14, 6, 4, 4, 11, 18, 12, 14, 2, 12, 20, 15, 4, 17, 15, 11, 19, 7, 13, 16, 13, 15, 5, 9, 6, 3, 4, 1, 5, 6, 14, 8, 9, 12, 15, 5, 18, 16, 18, 4, 9, 17, 12, 18, 8, 5, 3, 16, 18, 11, 2, 8, 4, 1, 18, 6, 2, 6, 7, 15, 5, 11, 17, 9, 16, 13, 15, 16, 8, 2, 15, 15, 1, 18, 7, 13, 16, 4, 18, 2, 16, 2, 7, 17, 4, 2, 18, 16, 8, 17, 14, 18, 9, 1, 13, 1, 8, 7, 2, 11, 9, 16, 1, 9, 20, 11, 20, 7, 14, 20, 13, 8, 1, 9, 8, 7, 1, 11, 13, 9, 13, 8, 1, 2, 9, 7, 8, 1, 14, 14]
bestever    1962    in generation 3579
[19, 19, 10, 3, 20, 19, 10, 12, 19, 10, 3, 5, 3, 10, 6, 20, 3, 12, 20, 17, 5, 14, 12, 19, 6, 11, 3, 20, 17, 7, 10, 3, 5, 10, 19, 20, 12, 16, 10, 5, 12, 6, 15, 6, 5, 4, 10, 13, 11, 17, 12, 17, 20, 3, 14, 10, 15, 14, 3, 4, 6, 7, 11, 2, 19, 19, 19, 17, 18, 13, 14, 6, 4, 4, 11, 18, 12, 14, 2, 12, 20, 15, 4, 17, 15, 11, 19, 7, 13, 16, 13, 15, 5, 9, 6, 3, 4, 1, 5, 6, 14, 8, 9, 12, 15, 5, 10, 16, 18, 4, 9, 17, 12, 18, 8, 5, 3, 16, 18, 11, 2, 8, 4, 1, 18, 6, 2, 6, 7, 15, 5, 11, 17, 9, 16, 13, 15, 16, 8, 2, 15, 15, 1, 18, 7, 13, 16, 4, 18, 2, 16, 2, 7, 17, 4, 2, 18, 16, 8, 17, 14, 18, 9, 1, 13, 1, 8, 7, 2, 11, 9, 16, 1, 9, 20, 11, 20, 7, 14, 20, 13, 8, 1, 9, 8, 7, 1, 11, 13, 9, 13, 8, 1, 2, 9, 7, 8, 1, 14, 14]
bestever    1957    in generation 3580
[19, 19, 10, 3, 20, 19, 10, 12, 19, 10, 3, 5, 3, 10, 6, 20, 3, 12, 20, 17, 5, 14, 12, 19, 6, 11, 3, 20, 17, 7, 10, 3, 5, 10, 19, 20, 12, 6, 10, 5, 12, 6, 15, 16, 5, 4, 10, 13, 11, 17, 12, 17, 20, 3, 14, 10, 15, 14, 3, 4, 6, 7, 11, 2, 19, 19, 19, 17, 10, 13, 14, 6, 4, 4, 11, 18, 12, 14, 2, 12, 20, 15, 4, 17, 15, 11, 19, 7, 13, 16, 13, 15, 5, 9, 6, 3, 4, 1, 5, 6, 14, 8, 9, 12, 15, 5, 18, 16, 18, 4, 9, 17, 12, 18, 8, 5, 3, 16, 18, 11, 2, 8, 4, 1, 18, 6, 2, 6, 7, 15, 5, 11, 17, 9, 16, 13, 15, 16, 8, 2, 15, 15, 1, 18, 7, 13, 16, 4, 18, 2, 16, 2, 7, 17, 4, 2, 18, 16, 8, 17, 14, 18, 9, 1, 13, 1, 8, 7, 2, 11, 9, 16, 1, 9, 20, 11, 20, 7, 14, 20, 13, 8, 1, 9, 8, 7, 1, 11, 13, 9, 13, 8, 1, 2, 9, 7, 8, 1, 14, 14]
bestever    1952    in generation 4267
[19, 19, 10, 3, 20, 19, 19, 10, 12, 10, 10, 3, 5, 3, 10, 6, 20, 3, 12, 20, 17, 5, 14, 12, 19, 6, 11, 3, 20, 17, 7, 10, 3, 5, 10, 19, 20, 12, 6, 20, 10, 5, 12, 6, 15, 16, 5, 4, 14, 13, 11, 17, 12, 17, 20, 3, 14, 10, 15, 20, 14, 3, 4, 6, 7, 11, 2, 19, 19, 19, 17, 10, 13, 14, 6, 5, 4, 4, 11, 18, 12, 14, 19, 12, 15, 4, 17, 15, 11, 2, 7, 13, 16, 13, 15, 5, 9, 6, 3, 4, 1, 5, 6, 14, 8, 9, 15, 12, 5, 18, 16, 18, 4, 17, 9, 17, 12, 18, 8, 5, 3, 16, 18, 11, 2, 7, 8, 4, 1, 18, 6, 2, 6, 20, 11, 17, 9, 16, 13, 15, 16, 8, 2, 15, 18, 15, 1, 18, 7, 13, 16, 4, 18, 2, 16, 2, 1, 17, 4, 2, 18, 16, 8, 9, 7, 13, 1, 8, 7, 2, 11, 9, 16, 1, 9, 15, 11, 20, 7, 14, 13, 8, 1, 9, 8, 7, 1, 11, 13, 9, 13, 8, 1, 2, 9, 7, 8, 1, 14, 14]
bestever    1913    in generation 4286
[19, 19, 10, 3, 20, 19, 19, 10, 12, 10, 10, 3, 5, 3, 10, 6, 20, 3, 12, 20, 17, 5, 14, 12, 19, 6, 11, 3, 20, 17, 7, 10, 3, 5, 10, 19, 20, 12, 6, 20, 10, 5, 12, 6, 15, 16, 5, 4, 14, 13, 11, 17, 12, 17, 20, 3, 14, 10, 15, 20, 14, 3, 4, 6, 7, 11, 2, 19, 19, 19, 17, 10, 13, 14, 6, 5, 4, 4, 11, 18, 12, 14, 19, 12, 15, 4, 17, 15, 11, 2, 7, 13, 16, 13, 15, 5, 9, 6, 3, 4, 1, 5, 6, 14, 8, 9, 15, 12, 5, 18, 16, 18, 4, 17, 9, 17, 12, 18, 15, 5, 3, 16, 18, 11, 2, 7, 8, 4, 1, 18, 6, 2, 6, 20, 11, 17, 9, 16, 13, 15, 16, 8, 2, 8, 18, 15, 1, 18, 7, 13, 16, 4, 18, 2, 16, 2, 1, 17, 4, 2, 18, 16, 8, 9, 7, 13, 1, 8, 7, 2, 11, 9, 16, 1, 9, 15, 11, 20, 7, 14, 13, 8, 1, 9, 8, 7, 1, 11, 13, 9, 13, 8, 1, 2, 9, 7, 8, 1, 14, 14]
bestever    1912    in generation 4310
[19, 19, 10, 3, 20, 19, 19, 10, 12, 10, 10, 3, 5, 3, 10, 6, 20, 3, 12, 20, 17, 5, 14, 12, 19, 6, 11, 3, 20, 17, 7, 10, 3, 5, 10, 19, 20, 12, 6, 20, 10, 5, 12, 6, 15, 16, 5, 4, 14, 13, 11, 17, 12, 17, 20, 3, 14, 10, 15, 20, 14, 3, 4, 6, 7, 11, 2, 19, 19, 19, 17, 10, 13, 14, 6, 5, 4, 4, 11, 18, 12, 14, 19, 12, 15, 4, 17, 15, 11, 2, 7, 13, 16, 13, 15, 5, 9, 6, 14, 4, 1, 5, 6, 14, 8, 9, 15, 12, 5, 18, 16, 18, 4, 17, 9, 17, 12, 18, 15, 5, 3, 16, 18, 11, 2, 7, 8, 4, 1, 18, 6, 2, 6, 20, 11, 17, 9, 16, 13, 15, 16, 8, 2, 8, 18, 15, 1, 18, 7, 13, 16, 4, 18, 2, 16, 2, 1, 17, 4, 2, 18, 16, 8, 9, 7, 13, 1, 8, 7, 2, 11, 9, 16, 1, 9, 15, 11, 20, 7, 3, 13, 8, 1, 9, 8, 7, 1, 11, 13, 9, 13, 8, 1, 2, 9, 7, 8, 1, 14, 14]
bestever    1903    in generation 4320
[19, 19, 10, 3, 20, 19, 19, 10, 12, 10, 10, 3, 5, 3, 10, 6, 20, 3, 12, 20, 17, 5, 14, 12, 19, 6, 11, 3, 20, 17, 7, 10, 3, 5, 10, 19, 20, 12, 6, 20, 10, 5, 12, 6, 15, 16, 5, 4, 14, 13, 11, 17, 12, 17, 20, 3, 14, 10, 15, 20, 14, 3, 4, 6, 7, 11, 2, 19, 19, 19, 17, 10, 13, 14, 6, 5, 4, 4, 11, 18, 12, 14, 19, 12, 15, 4, 17, 15, 11, 2, 7, 13, 16, 13, 15, 5, 9, 6, 14, 4, 1, 5, 6, 14, 8, 9, 15, 12, 5, 18, 16, 18, 4, 17, 9, 17, 12, 18, 15, 5, 3, 16, 18, 11, 2, 7, 20, 4, 1, 18, 6, 2, 6, 20, 11, 17, 9, 16, 13, 15, 16, 8, 2, 8, 18, 15, 1, 18, 7, 13, 16, 4, 18, 2, 16, 2, 1, 17, 4, 2, 18, 16, 8, 9, 7, 13, 1, 8, 7, 2, 11, 9, 16, 1, 9, 15, 11, 8, 7, 3, 13, 8, 1, 9, 8, 7, 1, 11, 13, 9, 13, 8, 1, 2, 9, 7, 8, 1, 14, 14]
bestever    1894    in generation 4328
[19, 19, 10, 3, 20, 19, 19, 10, 12, 10, 10, 3, 5, 3, 10, 6, 20, 3, 12, 20, 17, 5, 14, 12, 19, 6, 11, 3, 20, 17, 7, 10, 3, 5, 10, 19, 20, 12, 6, 20, 10, 5, 12, 6, 15, 16, 5, 4, 14, 13, 11, 17, 12, 17, 20, 3, 14, 10, 15, 20, 14, 3, 4, 6, 7, 11, 2, 19, 19, 19, 17, 10, 13, 14, 6, 5, 4, 4, 11, 18, 12, 14, 19, 12, 15, 4, 17, 15, 11, 2, 7, 13, 16, 13, 15, 5, 9, 6, 14, 4, 1, 5, 6, 14, 8, 9, 15, 12, 5, 18, 16, 18, 4, 17, 9, 17, 12, 18, 15, 5, 3, 16, 18, 11, 2, 7, 20, 4, 1, 18, 6, 2, 6, 20, 11, 17, 9, 16, 13, 15, 16, 14, 2, 8, 18, 15, 1, 18, 7, 13, 16, 4, 18, 2, 16, 2, 1, 17, 4, 2, 18, 16, 8, 9, 7, 13, 1, 8, 7, 2, 11, 9, 16, 1, 9, 15, 11, 8, 7, 3, 13, 8, 1, 9, 8, 7, 1, 11, 13, 9, 13, 8, 1, 2, 9, 7, 8, 1, 14, 8]
bestever    1876    in generation 4350
[19, 19, 10, 3, 20, 19, 19, 10, 12, 10, 10, 3, 5, 3, 10, 6, 20, 3, 12, 20, 17, 5, 14, 12, 19, 6, 11, 3, 20, 17, 7, 10, 3, 5, 10, 19, 20, 12, 6, 20, 10, 5, 12, 6, 15, 16, 5, 4, 14, 13, 11, 17, 12, 17, 20, 3, 14, 10, 15, 20, 14, 3, 4, 6, 7, 11, 2, 19, 19, 19, 17, 10, 13, 14, 6, 5, 4, 4, 11, 18, 12, 14, 19, 12, 15, 4, 17, 15, 11, 2, 7, 13, 16, 13, 15, 5, 9, 6, 14, 4, 1, 5, 6, 14, 8, 9, 15, 12, 5, 18, 16, 18, 4, 17, 9, 17, 12, 18, 15, 5, 3, 16, 18, 11, 2, 7, 20, 4, 1, 18, 6, 2, 6, 20, 11, 17, 9, 16, 13, 15, 16, 14, 2, 8, 18, 15, 1, 18, 7, 13, 16, 4, 18, 2, 16, 2, 1, 17, 4, 2, 18, 16, 8, 9, 7, 13, 1, 8, 7, 14, 11, 9, 16, 1, 9, 15, 11, 8, 7, 3, 13, 8, 1, 9, 8, 7, 1, 11, 13, 9, 13, 8, 1, 2, 9, 7, 8, 1, 2, 8]
bestever    1859    in generation 4635
[19, 19, 10, 3, 20, 19, 19, 10, 12, 3, 10, 10, 3, 5, 3, 10, 6, 20, 3, 12, 20, 17, 5, 14, 12, 19, 6, 11, 3, 20, 17, 7, 10, 5, 10, 19, 20, 12, 6, 20, 10, 5, 12, 6, 15, 16, 5, 4, 14, 13, 11, 17, 12, 17, 20, 3, 14, 10, 15, 20, 14, 3, 4, 6, 7, 17, 11, 2, 19, 19, 19, 17, 10, 13, 14, 6, 5, 4, 4, 11, 18, 12, 14, 19, 12, 15, 4, 17, 15, 11, 2, 7, 13, 18, 16, 13, 15, 5, 9, 6, 14, 4, 1, 5, 6, 14, 8, 9, 15, 12, 5, 18, 16, 18, 4, 9, 17, 12, 15, 5, 3, 16, 18, 11, 2, 14, 7, 20, 4, 1, 6, 18, 2, 6, 20, 11, 17, 9, 16, 13, 15, 16, 14, 2, 8, 18, 15, 1, 18, 7, 13, 16, 1, 17, 4, 2, 18, 16, 8, 9, 7, 13, 1, 8, 7, 11, 9, 16, 1, 9, 15, 11, 8, 7, 3, 13, 8, 1, 9, 4, 18, 2, 16, 2, 8, 7, 1, 11, 13, 9, 13, 8, 1, 2, 9, 7, 8, 1, 2, 8]
bestever    1834    in generation 4650
[19, 19, 10, 3, 20, 19, 19, 10, 12, 3, 10, 10, 3, 5, 3, 10, 6, 20, 3, 12, 20, 17, 5, 14, 12, 19, 6, 11, 3, 20, 17, 7, 10, 5, 10, 19, 20, 12, 6, 20, 10, 5, 12, 6, 15, 16, 5, 4, 14, 13, 11, 17, 12, 17, 20, 3, 14, 10, 15, 20, 14, 3, 4, 6, 7, 17, 11, 2, 19, 19, 19, 17, 10, 13, 14, 6, 5, 4, 4, 11, 18, 12, 14, 19, 12, 15, 4, 17, 15, 11, 2, 7, 13, 18, 16, 13, 15, 5, 9, 6, 14, 4, 1, 5, 6, 14, 8, 9, 15, 12, 5, 18, 16, 18, 4, 9, 17, 12, 15, 5, 3, 16, 18, 11, 2, 14, 7, 20, 4, 1, 6, 18, 8, 6, 20, 11, 17, 9, 16, 13, 15, 16, 14, 2, 8, 18, 15, 1, 18, 7, 13, 16, 1, 17, 4, 2, 18, 16, 8, 9, 7, 13, 1, 2, 7, 11, 9, 16, 1, 9, 15, 11, 8, 7, 3, 13, 8, 1, 9, 4, 18, 2, 16, 2, 8, 7, 1, 11, 13, 9, 13, 8, 1, 2, 9, 7, 8, 1, 2, 8]
bestever    1832    in generation 7010
[19, 19, 10, 3, 20, 19, 19, 10, 12, 3, 10, 10, 3, 5, 3, 10, 6, 3, 20, 3, 17, 20, 20, 12, 12, 5, 14, 19, 6, 3, 3, 20, 14, 17, 7, 10, 5, 10, 19, 12, 6, 20, 20, 10, 5, 15, 11, 17, 12, 6, 13, 16, 5, 4, 19, 3, 12, 17, 5, 20, 14, 19, 18, 15, 12, 14, 3, 4, 6, 12, 7, 17, 11, 2, 10, 13, 17, 19, 19, 14, 4, 5, 4, 8, 15, 5, 4, 11, 18, 20, 14, 9, 14, 12, 15, 4, 17, 15, 11, 2, 7, 13, 18, 16, 13, 8, 14, 9, 6, 14, 6, 1, 6, 14, 17, 5, 15, 12, 5, 10, 18, 16, 4, 9, 17, 15, 11, 16, 18, 11, 2, 7, 20, 4, 1, 6, 9, 16, 6, 11, 17, 18, 13, 15, 16, 2, 8, 18, 7, 15, 1, 4, 13, 16, 9, 8, 18, 13, 2, 1, 18, 16, 9, 7, 2, 7, 11, 1, 16, 1, 9, 15, 11, 8, 7, 13, 8, 1, 9, 4, 18, 2, 16, 2, 8, 7, 1, 11, 13, 9, 13, 8, 1, 2, 9, 7, 8, 1, 2, 8]
bestever    1826    in generation 7017
[19, 19, 10, 3, 20, 19, 19, 10, 12, 3, 10, 10, 3, 5, 3, 10, 6, 3, 20, 3, 17, 20, 20, 12, 12, 5, 14, 19, 6, 3, 3, 20, 14, 17, 7, 10, 5, 10, 19, 12, 6, 20, 20, 10, 5, 15, 11, 17, 12, 6, 13, 19, 5, 4, 16, 3, 12, 17, 5, 20, 14, 19, 18, 15, 12, 14, 3, 4, 6, 12, 7, 17, 11, 2, 10, 13, 17, 19, 19, 14, 4, 5, 4, 8, 15, 5, 4, 11, 18, 20, 14, 9, 14, 12, 15, 4, 17, 15, 11, 2, 7, 13, 18, 16, 13, 8, 14, 9, 6, 14, 6, 1, 6, 14, 17, 5, 15, 12, 5, 10, 18, 16, 4, 9, 17, 15, 11, 16, 18, 11, 2, 7, 20, 4, 1, 6, 9, 16, 6, 11, 17, 18, 13, 15, 16, 2, 8, 18, 7, 15, 1, 4, 13, 16, 9, 8, 18, 13, 2, 1, 18, 16, 9, 7, 2, 7, 11, 1, 16, 1, 9, 15, 11, 8, 7, 13, 8, 1, 9, 4, 18, 2, 16, 2, 8, 7, 1, 11, 13, 9, 13, 8, 1, 2, 9, 7, 8, 1, 2, 8]
bestever    1823    in generation 7136
[19, 19, 10, 3, 20, 19, 19, 10, 12, 3, 10, 10, 3, 5, 3, 10, 6, 3, 20, 3, 17, 20, 20, 12, 12, 5, 14, 19, 6, 3, 3, 20, 14, 17, 7, 10, 5, 10, 19, 12, 6, 20, 20, 10, 5, 15, 11, 17, 12, 6, 13, 19, 5, 4, 16, 3, 12, 17, 5, 20, 14, 19, 18, 15, 12, 14, 3, 4, 6, 12, 7, 17, 11, 2, 10, 13, 17, 19, 19, 14, 4, 5, 4, 8, 15, 5, 4, 11, 18, 20, 14, 9, 14, 12, 15, 4, 17, 15, 11, 2, 7, 13, 18, 16, 13, 8, 14, 9, 6, 14, 6, 1, 6, 14, 17, 5, 15, 12, 5, 10, 18, 16, 4, 9, 17, 15, 11, 16, 18, 11, 2, 7, 20, 4, 1, 6, 9, 16, 6, 11, 17, 18, 13, 15, 16, 2, 8, 18, 7, 15, 1, 4, 13, 16, 9, 8, 18, 13, 2, 1, 18, 16, 9, 7, 2, 7, 13, 1, 16, 1, 9, 15, 11, 8, 7, 13, 8, 1, 9, 4, 18, 2, 16, 2, 8, 7, 1, 11, 11, 9, 13, 8, 1, 2, 9, 7, 8, 1, 2, 8]
bestever    1814    in generation 7414
[19, 19, 10, 3, 20, 19, 19, 10, 12, 3, 10, 10, 3, 5, 3, 10, 6, 3, 20, 3, 17, 20, 20, 12, 12, 5, 14, 19, 6, 3, 3, 20, 14, 17, 5, 10, 7, 10, 19, 12, 6, 20, 20, 10, 5, 15, 11, 17, 12, 6, 13, 19, 3, 4, 16, 3, 12, 17, 5, 20, 14, 19, 18, 15, 12, 14, 5, 4, 6, 12, 5, 7, 17, 11, 2, 10, 13, 17, 19, 18, 14, 4, 5, 4, 8, 15, 5, 4, 11, 18, 20, 14, 9, 14, 12, 15, 4, 17, 15, 11, 2, 7, 13, 14, 18, 16, 13, 8, 14, 9, 6, 14, 6, 1, 6, 17, 5, 15, 12, 10, 19, 16, 4, 9, 17, 15, 11, 16, 18, 11, 2, 7, 20, 4, 1, 6, 9, 16, 6, 11, 17, 18, 15, 13, 15, 16, 2, 8, 18, 7, 15, 1, 4, 13, 16, 9, 8, 18, 13, 2, 1, 18, 16, 9, 7, 2, 7, 13, 1, 16, 1, 9, 11, 8, 7, 13, 8, 1, 9, 4, 18, 2, 16, 2, 8, 7, 1, 11, 11, 9, 13, 8, 1, 2, 9, 7, 8, 1, 2, 8]
bestever    1811    in generation 9547
[19, 19, 10, 3, 20, 19, 10, 19, 10, 12, 3, 3, 5, 10, 10, 6, 3, 3, 20, 3, 17, 20, 20, 12, 12, 5, 19, 14, 19, 6, 3, 3, 20, 14, 17, 4, 5, 10, 10, 7, 10, 12, 19, 12, 6, 20, 20, 10, 5, 15, 11, 17, 12, 20, 6, 13, 4, 16, 3, 12, 17, 5, 20, 19, 4, 19, 18, 15, 14, 5, 4, 6, 16, 12, 17, 17, 11, 2, 7, 13, 10, 20, 17, 19, 18, 14, 4, 5, 8, 15, 5, 14, 11, 18, 14, 9, 14, 12, 15, 12, 17, 5, 15, 11, 2, 4, 13, 4, 14, 18, 16, 13, 8, 16, 14, 9, 6, 14, 1, 11, 6, 17, 5, 15, 7, 3, 4, 9, 17, 18, 15, 2, 11, 7, 4, 1, 8, 9, 16, 6, 11, 18, 6, 13, 16, 2, 8, 18, 7, 15, 1, 15, 13, 16, 9, 8, 18, 13, 2, 1, 18, 16, 9, 7, 2, 7, 13, 1, 16, 1, 9, 11, 16, 8, 7, 13, 1, 9, 4, 6, 15, 18, 2, 2, 8, 7, 1, 11, 11, 9, 13, 8, 1, 2, 9, 7, 8, 1, 2, 8]
