bestever    3447    in generation 0
[11, 18, 20, 16, 2, 17, 1, 13, 19, 1, 7, 8, 12, 19, 15, 1, 16, 11, 7, 4, 11, 13, 8, 19, 14, 17, 13, 17, 5, 13, 8, 15, 9, 15, 19, 12, 11, 11, 4, 13, 5, 5, 4, 7, 7, 12, 6, 6, 19, 2, 3, 9, 12, 7, 15, 4, 13, 15, 9, 4, 5, 18, 11, 18, 2, 6, 10, 17, 12, 8, 9, 18, 6, 8, 17, 16, 5, 6, 3, 8, 14, 16, 10, 16, 1, 5, 2, 14, 10, 12, 4, 3, 6, 3, 9, 3, 13, 14, 5, 17, 7, 20, 18, 16, 6, 19, 14, 9, 11, 14, 8, 2, 17, 4, 15, 7, 5, 14, 11, 10, 16, 18, 18, 7, 1, 20, 17, 8, 15, 3, 20, 19, 8, 6, 20, 20, 15, 6, 16, 10, 19, 1, 11, 17, 9, 14, 12, 16, 16, 4, 6, 12, 3, 18, 19, 14, 5, 18, 1, 13, 10, 5, 11, 20, 2, 9, 4, 9, 10, 2, 2, 1, 18, 9, 4, 20, 10, 17, 13, 3, 7, 19, 15, 12, 8, 3, 20, 15, 1, 12, 10, 3, 2, 7, 1, 13, 20, 14, 2, 10]
bestever    3315    in generation 1
[15, 19, 12, 2, 3, 9, 13, 9, 13, 6, 10, 2, 6, 16, 18, 2, 15, 15, 19, 4, 4, 6, 13, 3, 1, 14, 12, 10, 19, 6, 5, 17, 7, 3, 17, 6, 13, 8, 14, 9, 5, 11, 12, 16, 5, 6, 14, 3, 15, 13, 19, 20, 4, 20, 20, 6, 18, 11, 14, 2, 11, 10, 15, 4, 18, 13, 9, 18, 2, 9, 14, 9, 5, 10, 2, 1, 16, 8, 17, 3, 2, 14, 1, 7, 17, 16, 8, 8, 12, 1, 17, 6, 17, 10, 12, 7, 10, 7, 20, 1, 10, 19, 2, 5, 13, 17, 12, 11, 19, 5, 15, 4, 4, 1, 12, 19, 6, 9, 18, 11, 20, 8, 12, 1, 6, 10, 11, 19, 3, 19, 9, 1, 15, 10, 8, 10, 13, 12, 7, 11, 15, 13, 15, 2, 7, 17, 3, 8, 5, 7, 2, 8, 16, 5, 8, 20, 17, 16, 18, 5, 3, 18, 16, 18, 12, 3, 9, 3, 9, 4, 11, 14, 18, 19, 14, 11, 7, 20, 7, 16, 17, 4, 4, 4, 5, 20, 15, 20, 11, 8, 18, 16, 13, 20, 1, 14, 1, 14, 7, 16]
bestever    3220    in generation 3
[7, 17, 3, 8, 5, 7, 14, 2, 8, 16, 5, 8, 20, 17, 16, 18, 5, 3, 18, 16, 18, 3, 9, 3, 9, 4, 14, 18, 14, 7, 20, 7, 16, 17, 4, 4, 4, 5, 20, 15, 20, 8, 18, 16, 13, 14, 16, 2, 3, 9, 13, 9, 6, 6, 6, 9, 4, 5, 17, 15, 9, 16, 15, 17, 4, 15, 17, 5, 2, 14, 1, 14, 6, 8, 8, 12, 11, 1, 6, 4, 15, 10, 12, 9, 10, 7, 19, 20, 1, 10, 19, 11, 13, 2, 3, 13, 2, 12, 18, 11, 19, 1, 14, 1, 7, 14, 10, 17, 6, 13, 6, 11, 3, 16, 19, 8, 8, 12, 12, 11, 18, 1, 17, 5, 20, 5, 20, 6, 13, 4, 17, 15, 10, 12, 9, 20, 7, 7, 10, 7, 19, 20, 1, 18, 3, 10, 19, 11, 13, 2, 5, 3, 13, 17, 16, 2, 12, 18, 11, 19, 5, 16, 15, 4, 4, 14, 1, 12, 19, 6, 9, 18, 2, 11, 20, 8, 12, 1, 6, 10, 11, 19, 3, 19, 14, 9, 1, 15, 10, 8, 10, 13, 12, 7, 11, 15, 13, 2, 15, 2]
bestever    2947    in generation 14
[7, 17, 3, 8, 5, 7, 14, 2, 8, 16, 5, 8, 20, 17, 16, 18, 5, 3, 18, 16, 18, 3, 9, 3, 9, 4, 14, 18, 14, 7, 20, 16, 17, 4, 4, 4, 5, 20, 15, 20, 8, 18, 16, 13, 14, 16, 2, 9, 13, 9, 6, 6, 6, 9, 4, 5, 17, 9, 16, 4, 14, 1, 14, 6, 8, 8, 12, 11, 1, 6, 4, 10, 12, 9, 10, 19, 20, 1, 10, 19, 11, 12, 18, 19, 19, 7, 17, 2, 15, 2, 3, 15, 13, 15, 17, 3, 5, 13, 2, 1, 14, 1, 7, 14, 10, 17, 6, 13, 6, 11, 3, 16, 8, 12, 11, 18, 1, 17, 5, 20, 5, 20, 6, 13, 4, 17, 15, 10, 12, 9, 20, 7, 7, 7, 19, 20, 1, 18, 3, 10, 19, 11, 13, 5, 13, 17, 16, 2, 18, 15, 2, 8, 12, 10, 11, 3, 19, 5, 16, 15, 4, 4, 14, 1, 12, 19, 6, 9, 18, 2, 11, 20, 8, 12, 1, 6, 10, 11, 19, 3, 19, 14, 9, 1, 15, 10, 8, 10, 13, 12, 7, 11, 12, 7, 11, 15, 13, 2, 15, 2]
bestever    2848    in generation 26
[7, 17, 3, 8, 5, 7, 14, 2, 8, 16, 5, 8, 20, 17, 16, 18, 5, 3, 18, 16, 18, 3, 9, 3, 9, 4, 14, 18, 14, 7, 20, 7, 16, 17, 4, 4, 4, 5, 20, 15, 20, 8, 18, 16, 13, 14, 16, 3, 9, 13, 9, 6, 6, 6, 9, 4, 5, 17, 15, 9, 16, 15, 17, 4, 15, 17, 5, 2, 14, 1, 14, 6, 8, 8, 12, 11, 1, 6, 4, 10, 12, 9, 10, 7, 20, 1, 13, 2, 2, 12, 11, 19, 14, 1, 14, 17, 6, 13, 6, 11, 3, 19, 18, 1, 13, 10, 10, 19, 19, 2, 3, 16, 8, 12, 11, 18, 1, 17, 5, 20, 5, 20, 6, 13, 4, 17, 15, 10, 12, 9, 20, 7, 7, 7, 19, 20, 1, 18, 3, 10, 19, 11, 13, 5, 13, 17, 16, 2, 18, 15, 2, 8, 12, 10, 11, 3, 19, 5, 16, 15, 4, 4, 14, 1, 12, 19, 6, 9, 18, 2, 11, 20, 8, 12, 1, 6, 10, 11, 19, 3, 19, 14, 9, 1, 15, 10, 8, 10, 13, 12, 7, 11, 12, 7, 11, 15, 13, 2, 15, 2]
bestever    2757    in generation 27
[7, 17, 3, 8, 5, 7, 14, 2, 8, 16, 5, 8, 20, 17, 16, 18, 5, 3, 18, 16, 18, 3, 9, 3, 9, 4, 14, 18, 14, 7, 20, 7, 16, 17, 4, 4, 4, 5, 20, 15, 20, 8, 18, 16, 13, 14, 16, 3, 9, 13, 9, 6, 6, 6, 9, 4, 5, 17, 15, 9, 16, 17, 4, 17, 5, 2, 14, 1, 14, 6, 8, 12, 11, 1, 6, 4, 10, 12, 9, 10, 7, 20, 1, 13, 2, 19, 14, 1, 17, 6, 13, 6, 3, 19, 18, 1, 19, 3, 16, 8, 18, 17, 5, 20, 5, 20, 4, 17, 15, 10, 12, 20, 7, 7, 7, 20, 1, 18, 10, 11, 13, 13, 15, 2, 8, 12, 10, 11, 3, 19, 15, 14, 1, 12, 19, 6, 9, 2, 11, 10, 19, 11, 13, 5, 13, 17, 16, 2, 18, 15, 2, 8, 12, 10, 11, 3, 19, 5, 16, 15, 4, 4, 14, 1, 12, 19, 6, 9, 18, 2, 11, 20, 8, 12, 1, 6, 10, 11, 19, 3, 19, 14, 9, 1, 15, 10, 8, 10, 13, 12, 7, 11, 12, 7, 11, 15, 13, 2, 15, 2]
bestever    2753    in generation 38
[7, 17, 3, 8, 5, 7, 14, 2, 8, 16, 5, 8, 20, 17, 16, 18, 5, 3, 18, 16, 18, 3, 9, 3, 9, 4, 14, 18, 14, 7, 18, 7, 16, 17, 4, 4, 4, 5, 20, 15, 20, 8, 18, 16, 13, 14, 16, 3, 9, 13, 9, 6, 6, 6, 9, 4, 5, 17, 15, 9, 16, 17, 4, 17, 5, 2, 14, 1, 14, 6, 8, 12, 11, 1, 6, 4, 10, 12, 9, 10, 7, 20, 1, 13, 2, 19, 14, 1, 17, 6, 13, 6, 3, 19, 20, 1, 19, 3, 16, 8, 18, 17, 5, 20, 5, 20, 4, 17, 15, 10, 12, 20, 7, 7, 7, 20, 1, 18, 10, 11, 13, 13, 15, 2, 8, 12, 10, 11, 3, 19, 15, 14, 1, 12, 19, 6, 9, 2, 11, 10, 19, 11, 13, 5, 13, 17, 16, 2, 18, 15, 2, 8, 3, 19, 5, 16, 15, 4, 4, 14, 12, 19, 6, 9, 18, 2, 11, 20, 8, 12, 1, 10, 11, 12, 1, 6, 10, 11, 19, 3, 19, 14, 9, 1, 15, 10, 8, 10, 13, 12, 7, 11, 12, 7, 11, 15, 13, 2, 15, 2]
bestever    2685    in generation 44
[7, 17, 3, 8, 5, 7, 14, 2, 8, 16, 5, 8, 20, 17, 16, 18, 5, 3, 18, 16, 18, 3, 5, 3, 9, 4, 14, 18, 14, 7, 18, 7, 16, 17, 4, 4, 4, 5, 20, 15, 20, 8, 18, 16, 13, 14, 16, 3, 9, 13, 9, 6, 6, 6, 9, 4, 5, 17, 15, 9, 16, 17, 4, 17, 5, 2, 14, 1, 14, 6, 8, 12, 11, 1, 6, 4, 10, 12, 9, 10, 7, 20, 1, 13, 2, 19, 14, 1, 17, 6, 13, 6, 3, 19, 20, 1, 19, 3, 16, 8, 18, 17, 5, 20, 9, 20, 4, 17, 15, 10, 12, 20, 7, 7, 7, 20, 1, 18, 10, 11, 13, 13, 15, 2, 8, 12, 10, 11, 3, 19, 15, 14, 1, 12, 19, 6, 9, 2, 11, 10, 19, 11, 13, 5, 13, 17, 16, 2, 18, 15, 2, 8, 3, 19, 5, 16, 15, 4, 4, 14, 12, 19, 6, 9, 18, 2, 11, 20, 8, 12, 1, 10, 11, 12, 1, 6, 10, 11, 19, 3, 19, 14, 9, 1, 15, 10, 8, 10, 13, 12, 7, 11, 12, 7, 11, 15, 13, 2, 15, 2]
bestever    2678    in generation 49
[7, 17, 3, 8, 5, 7, 14, 2, 8, 16, 5, 8, 20, 17, 16, 18, 5, 3, 18, 16, 18, 3, 9, 3, 9, 4, 14, 18, 14, 7, 18, 7, 16, 17, 4, 4, 4, 5, 20, 15, 20, 8, 18, 16, 13, 14, 16, 3, 9, 13, 9, 6, 6, 6, 9, 4, 5, 17, 15, 9, 16, 17, 4, 17, 5, 2, 14, 1, 12, 6, 8, 12, 11, 1, 6, 4, 10, 12, 9, 10, 7, 20, 1, 13, 2, 19, 14, 1, 17, 6, 13, 6, 3, 19, 20, 1, 19, 3, 16, 8, 18, 17, 5, 20, 5, 20, 4, 17, 15, 10, 12, 20, 7, 7, 7, 20, 1, 18, 10, 11, 13, 13, 15, 2, 8, 14, 10, 11, 3, 19, 15, 14, 1, 12, 19, 6, 9, 2, 11, 10, 19, 11, 13, 5, 17, 16, 2, 18, 2, 8, 3, 19, 5, 16, 15, 4, 4, 14, 12, 19, 6, 9, 18, 2, 11, 20, 8, 12, 1, 10, 11, 12, 1, 6, 10, 19, 3, 19, 14, 15, 13, 11, 9, 1, 15, 10, 8, 10, 13, 12, 7, 11, 12, 7, 11, 15, 13, 2, 15, 2]
bestever    2661    in generation 61
[7, 17, 3, 8, 5, 7, 14, 8, 16, 5, 8, 20, 17, 16, 18, 5, 3, 18, 16, 18, 3, 9, 3, 9, 4, 14, 18, 14, 7, 18, 7, 16, 17, 4, 4, 4, 5, 20, 20, 8, 18, 16, 13, 14, 16, 3, 9, 13, 9, 6, 6, 6, 9, 4, 5, 17, 9, 16, 17, 4, 17, 5, 14, 1, 12, 6, 8, 12, 1, 6, 4, 10, 12, 9, 10, 20, 1, 2, 2, 15, 15, 13, 7, 11, 2, 19, 14, 1, 17, 6, 13, 6, 3, 19, 20, 1, 19, 3, 16, 8, 18, 17, 5, 20, 5, 20, 4, 17, 15, 10, 12, 20, 7, 7, 7, 20, 1, 18, 10, 11, 13, 13, 15, 2, 8, 14, 10, 11, 3, 19, 15, 14, 1, 12, 19, 6, 9, 2, 11, 10, 19, 11, 13, 5, 17, 16, 2, 18, 2, 8, 3, 19, 5, 16, 15, 4, 4, 14, 12, 19, 6, 9, 18, 2, 11, 20, 8, 12, 1, 10, 11, 12, 1, 6, 10, 19, 3, 19, 14, 15, 13, 11, 9, 1, 15, 10, 8, 10, 13, 12, 7, 11, 12, 7, 11, 15, 13, 2, 15, 2]
bestever    2650    in generation 67
[7, 17, 3, 8, 5, 7, 14, 8, 16, 5, 8, 20, 17, 16, 18, 5, 3, 18, 16, 18, 3, 9, 3, 9, 4, 14, 18, 14, 7, 18, 7, 16, 17, 4, 4, 4, 5, 20, 20, 8, 18, 16, 13, 14, 16, 3, 9, 13, 9, 6, 6, 6, 9, 4, 5, 17, 9, 16, 17, 4, 17, 5, 14, 1, 12, 6, 8, 12, 1, 6, 4, 10, 10, 20, 1, 2, 2, 15, 13, 7, 19, 14, 1, 17, 6, 6, 3, 19, 20, 1, 19, 3, 16, 8, 18, 17, 5, 20, 5, 20, 4, 17, 15, 10, 20, 7, 7, 7, 20, 18, 13, 13, 15, 3, 15, 11, 13, 2, 15, 14, 9, 2, 11, 8, 12, 10, 11, 12, 1, 10, 19, 14, 1, 12, 19, 6, 9, 2, 11, 10, 19, 11, 13, 5, 17, 16, 2, 18, 2, 8, 3, 19, 5, 16, 15, 4, 4, 14, 12, 19, 6, 9, 18, 2, 11, 20, 8, 12, 1, 10, 11, 12, 1, 6, 10, 19, 3, 19, 14, 15, 13, 11, 9, 1, 15, 10, 8, 10, 13, 12, 7, 11, 12, 7, 11, 15, 13, 2, 15, 2]
bestever    2624    in generation 79
[7, 17, 3, 8, 5, 7, 14, 8, 16, 5, 8, 5, 17, 16, 18, 5, 3, 18, 16, 18, 3, 9, 3, 9, 4, 14, 18, 14, 7, 18, 7, 16, 17, 4, 4, 4, 5, 20, 20, 8, 18, 16, 13, 14, 16, 3, 9, 13, 9, 6, 6, 6, 9, 4, 5, 17, 9, 16, 17, 4, 17, 20, 14, 1, 12, 6, 8, 12, 1, 6, 4, 10, 12, 10, 20, 1, 2, 2, 15, 13, 7, 19, 14, 1, 17, 6, 6, 3, 19, 20, 1, 19, 3, 16, 8, 18, 17, 5, 20, 5, 20, 4, 17, 15, 10, 20, 7, 7, 7, 20, 1, 18, 13, 13, 15, 14, 3, 15, 11, 13, 2, 15, 14, 9, 2, 11, 8, 12, 10, 11, 12, 1, 10, 19, 19, 6, 9, 2, 11, 10, 19, 11, 13, 5, 17, 16, 2, 18, 2, 8, 3, 19, 5, 16, 15, 4, 4, 14, 12, 19, 6, 9, 18, 2, 11, 20, 8, 12, 1, 10, 11, 12, 1, 6, 10, 19, 3, 19, 14, 15, 13, 11, 9, 1, 15, 10, 8, 10, 13, 12, 7, 11, 12, 7, 11, 15, 13, 2, 15, 2]
bestever    2603    in generation 89
[7, 17, 3, 8, 5, 7, 14, 8, 16, 5, 8, 5, 17, 16, 18, 5, 3, 18, 16, 18, 3, 9, 3, 9, 4, 14, 18, 14, 7, 18, 7, 16, 17, 4, 4, 4, 5, 20, 20, 8, 18, 16, 13, 14, 16, 3, 9, 13, 9, 6, 6, 6, 9, 4, 5, 17, 9, 16, 17, 4, 17, 20, 14, 1, 12, 6, 8, 12, 1, 6, 4, 10, 12, 10, 20, 1, 2, 2, 15, 13, 7, 19, 14, 1, 17, 6, 6, 3, 19, 20, 1, 19, 3, 16, 8, 18, 17, 5, 20, 5, 20, 4, 17, 15, 10, 20, 7, 7, 7, 20, 1, 18, 13, 13, 15, 14, 3, 15, 11, 13, 2, 15, 14, 9, 2, 11, 8, 12, 10, 11, 12, 1, 10, 19, 19, 6, 9, 2, 11, 10, 19, 11, 13, 5, 17, 16, 2, 18, 2, 8, 3, 19, 5, 16, 15, 4, 4, 14, 12, 19, 6, 9, 18, 2, 11, 20, 8, 12, 1, 10, 12, 6, 10, 19, 3, 19, 14, 15, 13, 11, 9, 1, 11, 1, 15, 10, 8, 10, 13, 12, 7, 11, 12, 7, 11, 15, 13, 2, 15, 2]
bestever    2571    in generation 97
[7, 17, 3, 8, 5, 7, 14, 8, 16, 5, 8, 5, 17, 16, 18, 5, 3, 18, 16, 18, 3, 9, 3, 9, 4, 14, 18, 14, 7, 18, 7, 16, 17, 4, 4, 4, 5, 20, 20, 8, 18, 16, 13, 14, 16, 3, 9, 13, 9, 6, 6, 6, 9, 4, 5, 17, 9, 16, 17, 4, 17, 20, 14, 1, 12, 6, 8, 12, 1, 6, 4, 10, 12, 10, 20, 1, 2, 2, 15, 13, 7, 19, 14, 1, 17, 6, 6, 3, 19, 20, 1, 19, 3, 16, 8, 18, 17, 5, 20, 5, 20, 4, 17, 15, 10, 20, 7, 7, 7, 20, 1, 18, 13, 13, 15, 14, 3, 15, 11, 13, 2, 15, 14, 9, 2, 11, 8, 12, 10, 11, 12, 1, 10, 19, 19, 6, 9, 2, 11, 10, 19, 11, 13, 5, 17, 16, 7, 18, 2, 8, 3, 19, 5, 16, 15, 4, 4, 14, 12, 19, 6, 9, 18, 2, 11, 20, 8, 12, 1, 10, 12, 6, 10, 19, 3, 19, 14, 15, 13, 11, 9, 1, 11, 1, 15, 10, 8, 10, 13, 12, 2, 11, 12, 7, 11, 15, 13, 2, 15, 2]
bestever    2551    in generation 98
[7, 17, 3, 8, 5, 7, 14, 8, 16, 5, 8, 5, 17, 16, 18, 5, 3, 18, 16, 18, 3, 9, 3, 9, 4, 14, 18, 14, 7, 18, 7, 16, 17, 4, 4, 4, 5, 20, 20, 8, 18, 16, 13, 14, 16, 3, 9, 13, 9, 6, 6, 6, 9, 4, 5, 17, 9, 16, 17, 4, 17, 20, 14, 1, 12, 6, 8, 12, 1, 6, 4, 10, 10, 20, 1, 2, 15, 13, 7, 19, 14, 1, 17, 6, 6, 3, 19, 20, 19, 3, 16, 8, 18, 17, 5, 20, 5, 20, 4, 17, 15, 20, 7, 7, 7, 20, 18, 13, 14, 3, 15, 14, 9, 1, 11, 13, 7, 2, 15, 2, 11, 8, 12, 1, 10, 12, 10, 15, 13, 11, 12, 1, 10, 19, 19, 6, 9, 2, 11, 10, 19, 11, 13, 5, 17, 16, 2, 18, 2, 8, 3, 19, 5, 16, 15, 4, 4, 14, 12, 19, 6, 9, 18, 2, 11, 20, 8, 12, 1, 10, 12, 6, 10, 19, 3, 19, 14, 15, 13, 11, 9, 1, 11, 1, 15, 10, 8, 10, 13, 12, 2, 11, 12, 7, 11, 15, 13, 2, 15, 2]
bestever    2520    in generation 101
[7, 17, 3, 8, 5, 7, 14, 8, 16, 5, 8, 5, 17, 16, 18, 5, 3, 18, 16, 18, 3, 9, 3, 9, 4, 14, 18, 14, 7, 18, 7, 16, 17, 4, 4, 4, 5, 20, 20, 8, 18, 16, 13, 14, 16, 3, 9, 13, 9, 6, 6, 6, 9, 4, 5, 17, 9, 16, 17, 4, 17, 20, 14, 1, 12, 6, 8, 12, 1, 6, 4, 10, 12, 10, 20, 1, 2, 2, 15, 13, 7, 19, 14, 1, 17, 6, 6, 3, 19, 20, 1, 19, 3, 16, 8, 18, 17, 5, 20, 5, 20, 4, 17, 15, 10, 20, 7, 7, 7, 20, 1, 18, 13, 13, 15, 14, 3, 15, 11, 13, 2, 15, 14, 9, 2, 11, 8, 12, 10, 11, 12, 1, 10, 19, 19, 6, 9, 2, 11, 10, 19, 11, 13, 5, 17, 16, 7, 18, 1, 8, 3, 19, 5, 16, 15, 4, 4, 14, 12, 19, 6, 9, 18, 2, 11, 20, 8, 12, 2, 10, 12, 6, 10, 19, 3, 19, 14, 15, 13, 11, 9, 1, 11, 1, 15, 10, 8, 10, 13, 12, 2, 11, 12, 7, 11, 15, 13, 2, 15, 2]
bestever    2511    in generation 111
[7, 17, 3, 8, 5, 7, 14, 8, 16, 5, 8, 5, 17, 16, 18, 5, 3, 18, 16, 18, 3, 9, 3, 9, 4, 14, 18, 14, 7, 18, 7, 16, 17, 4, 4, 4, 5, 20, 20, 8, 18, 16, 13, 14, 16, 3, 9, 13, 9, 6, 6, 6, 9, 4, 5, 17, 9, 16, 17, 4, 17, 20, 14, 1, 12, 6, 8, 12, 1, 6, 4, 10, 12, 10, 20, 1, 2, 2, 15, 13, 7, 19, 14, 1, 17, 6, 6, 13, 19, 20, 1, 19, 3, 16, 8, 18, 17, 5, 20, 5, 20, 4, 17, 15, 10, 20, 7, 7, 7, 20, 1, 18, 13, 3, 15, 14, 3, 11, 2, 14, 9, 11, 8, 10, 11, 1, 10, 19, 19, 6, 9, 2, 19, 13, 5, 17, 16, 7, 18, 2, 8, 3, 19, 5, 16, 2, 12, 12, 15, 13, 11, 11, 15, 10, 15, 4, 4, 14, 12, 19, 6, 9, 18, 2, 11, 20, 8, 12, 1, 10, 12, 6, 10, 19, 3, 19, 14, 15, 13, 11, 9, 1, 11, 1, 15, 10, 8, 10, 13, 12, 2, 11, 12, 7, 11, 15, 13, 2, 15, 2]
bestever    2429    in generation 118
[17, 3, 8, 5, 7, 14, 8, 16, 5, 8, 5, 17, 16, 18, 5, 3, 18, 16, 18, 3, 9, 3, 9, 4, 14, 18, 14, 7, 18, 7, 16, 17, 4, 4, 4, 5, 20, 20, 8, 18, 16, 13, 14, 16, 3, 9, 13, 9, 6, 6, 6, 9, 4, 5, 9, 16, 17, 4, 17, 19, 14, 1, 12, 6, 8, 1, 6, 4, 10, 10, 20, 1, 17, 13, 7, 19, 14, 1, 17, 6, 6, 3, 19, 20, 1, 3, 16, 18, 17, 5, 20, 5, 20, 4, 17, 10, 20, 7, 7, 20, 13, 14, 14, 9, 8, 1, 19, 19, 6, 19, 5, 17, 7, 18, 2, 3, 2, 13, 11, 15, 15, 9, 2, 11, 20, 8, 12, 1, 10, 12, 10, 15, 13, 11, 2, 12, 16, 7, 18, 2, 8, 3, 19, 5, 16, 2, 12, 12, 15, 13, 11, 11, 15, 10, 15, 4, 4, 14, 12, 19, 6, 9, 18, 2, 11, 20, 8, 12, 1, 10, 6, 10, 19, 3, 19, 14, 15, 13, 11, 9, 1, 11, 1, 15, 10, 8, 10, 13, 12, 2, 11, 12, 7, 11, 15, 13, 2, 15, 2, 7]
bestever    2402    in generation 120
[7, 17, 3, 8, 5, 7, 14, 8, 16, 5, 8, 5, 17, 16, 18, 5, 3, 18, 16, 18, 3, 9, 3, 9, 4, 14, 18, 14, 7, 18, 7, 16, 17, 4, 4, 4, 5, 20, 20, 8, 18, 16, 13, 14, 16, 3, 9, 13, 9, 6, 6, 6, 12, 4, 5, 17, 9, 16, 17, 4, 17, 20, 14, 1, 12, 6, 8, 12, 1, 6, 4, 10, 12, 10, 20, 1, 2, 2, 15, 13, 7, 19, 14, 1, 17, 6, 6, 13, 19, 20, 1, 19, 3, 16, 8, 18, 17, 5, 20, 5, 20, 4, 17, 15, 10, 20, 7, 7, 7, 20, 1, 18, 13, 3, 15, 14, 3, 11, 2, 14, 9, 11, 8, 10, 11, 1, 10, 19, 19, 6, 9, 2, 19, 13, 5, 17, 16, 7, 18, 2, 8, 3, 19, 5, 16, 2, 12, 12, 15, 13, 11, 11, 15, 10, 15, 4, 4, 14, 12, 19, 6, 9, 18, 2, 11, 20, 8, 12, 1, 10, 9, 6, 10, 19, 3, 19, 14, 15, 13, 11, 9, 1, 11, 1, 15, 10, 8, 10, 13, 12, 2, 11, 12, 7, 11, 15, 13, 2, 15, 2]
bestever    2372    in generation 132
[7, 17, 3, 8, 5, 7, 14, 8, 16, 5, 8, 5, 17, 16, 18, 5, 3, 18, 16, 18, 3, 9, 3, 9, 4, 14, 18, 14, 7, 18, 7, 16, 17, 4, 4, 4, 5, 20, 20, 8, 18, 16, 13, 14, 16, 3, 9, 13, 9, 6, 6, 6, 12, 4, 5, 17, 9, 16, 17, 4, 17, 20, 14, 1, 12, 6, 8, 12, 1, 6, 4, 10, 12, 10, 20, 1, 2, 2, 15, 13, 7, 19, 14, 1, 17, 6, 6, 13, 19, 20, 1, 19, 3, 16, 8, 18, 17, 5, 20, 5, 20, 4, 17, 15, 10, 20, 7, 7, 7, 20, 1, 18, 13, 3, 15, 14, 3, 11, 2, 14, 9, 11, 8, 10, 11, 1, 10, 19, 19, 6, 9, 2, 19, 13, 5, 17, 16, 19, 18, 2, 8, 3, 19, 5, 16, 2, 12, 12, 15, 13, 11, 11, 15, 10, 15, 4, 4, 14, 12, 19, 6, 9, 18, 2, 11, 20, 8, 12, 1, 10, 9, 6, 10, 7, 3, 19, 14, 15, 13, 11, 9, 1, 11, 1, 15, 10, 8, 10, 13, 12, 2, 11, 12, 7, 11, 15, 13, 2, 15, 2]
bestever    2364    in generation 135
[7, 17, 3, 8, 5, 7, 14, 8, 16, 5, 8, 5, 17, 16, 18, 5, 3, 18, 16, 18, 3, 9, 3, 9, 4, 14, 18, 14, 7, 18, 7, 16, 17, 4, 4, 4, 5, 20, 20, 8, 18, 16, 13, 14, 16, 3, 9, 13, 9, 6, 6, 6, 12, 4, 5, 17, 9, 16, 17, 4, 17, 20, 14, 1, 12, 6, 8, 12, 1, 6, 4, 10, 12, 10, 20, 1, 2, 2, 15, 13, 7, 19, 14, 1, 17, 6, 6, 13, 19, 20, 1, 19, 3, 16, 8, 18, 17, 5, 20, 5, 20, 4, 17, 15, 10, 20, 7, 7, 7, 20, 1, 18, 13, 3, 14, 3, 11, 2, 14, 9, 11, 8, 11, 1, 19, 19, 6, 9, 19, 5, 17, 16, 7, 18, 2, 3, 19, 5, 16, 2, 13, 12, 2, 8, 12, 10, 10, 15, 13, 11, 11, 15, 15, 10, 15, 4, 4, 14, 12, 19, 6, 9, 18, 2, 11, 20, 8, 12, 1, 10, 9, 6, 10, 19, 3, 9, 19, 14, 15, 13, 11, 1, 11, 1, 15, 10, 8, 10, 13, 12, 2, 11, 12, 7, 11, 15, 13, 2, 15, 2]
bestever    2357    in generation 140
[7, 17, 3, 8, 5, 7, 3, 8, 16, 5, 8, 5, 17, 16, 18, 5, 14, 18, 16, 18, 3, 9, 3, 9, 4, 14, 18, 14, 7, 18, 7, 16, 17, 4, 4, 4, 5, 20, 20, 8, 18, 16, 13, 14, 16, 3, 9, 13, 9, 6, 6, 6, 12, 4, 5, 17, 9, 16, 17, 4, 17, 20, 14, 1, 12, 6, 8, 12, 1, 6, 4, 10, 12, 10, 20, 1, 2, 2, 15, 13, 7, 19, 14, 1, 17, 6, 6, 13, 19, 20, 1, 19, 3, 16, 8, 18, 17, 5, 20, 5, 20, 4, 17, 15, 10, 20, 7, 7, 7, 20, 1, 18, 13, 3, 15, 14, 3, 11, 2, 14, 9, 11, 8, 10, 11, 1, 10, 19, 19, 6, 9, 2, 19, 13, 5, 17, 16, 7, 18, 2, 8, 3, 19, 5, 16, 2, 12, 12, 15, 13, 11, 11, 15, 10, 19, 4, 4, 14, 12, 19, 6, 9, 18, 2, 11, 20, 8, 12, 1, 10, 9, 6, 10, 19, 3, 15, 14, 15, 13, 11, 9, 1, 11, 1, 15, 10, 8, 10, 13, 12, 2, 11, 12, 7, 11, 15, 13, 2, 15, 2]
bestever    2350    in generation 147
[7, 17, 3, 8, 5, 7, 3, 8, 16, 5, 8, 5, 17, 16, 18, 5, 14, 18, 16, 18, 3, 9, 3, 9, 4, 14, 18, 14, 7, 18, 7, 16, 17, 4, 4, 4, 5, 20, 20, 8, 18, 16, 13, 14, 16, 3, 9, 13, 9, 6, 6, 6, 12, 4, 5, 17, 9, 16, 17, 4, 17, 20, 14, 1, 12, 6, 8, 12, 1, 6, 4, 10, 12, 10, 20, 1, 2, 2, 15, 13, 7, 19, 14, 1, 17, 6, 6, 13, 19, 20, 1, 19, 3, 16, 8, 18, 17, 5, 20, 5, 20, 4, 17, 15, 10, 20, 7, 7, 7, 20, 1, 18, 13, 3, 15, 14, 3, 11, 2, 14, 9, 11, 8, 10, 11, 1, 10, 19, 19, 6, 9, 2, 19, 13, 5, 17, 16, 7, 18, 8, 3, 19, 5, 16, 12, 12, 11, 10, 19, 4, 4, 14, 12, 19, 6, 9, 2, 15, 15, 13, 2, 11, 18, 2, 11, 20, 8, 12, 1, 10, 9, 6, 10, 19, 3, 15, 14, 15, 13, 11, 9, 1, 11, 1, 15, 10, 8, 10, 13, 12, 2, 11, 12, 7, 11, 15, 13, 2, 15, 2]
bestever    2341    in generation 153
[7, 17, 3, 8, 5, 7, 3, 8, 16, 5, 8, 5, 17, 16, 18, 5, 14, 18, 16, 18, 3, 9, 3, 9, 4, 14, 18, 14, 7, 18, 7, 16, 17, 4, 4, 4, 5, 20, 20, 8, 18, 16, 5, 14, 16, 3, 9, 13, 9, 6, 6, 6, 12, 4, 5, 17, 9, 16, 17, 4, 17, 20, 14, 1, 12, 6, 8, 12, 1, 6, 4, 10, 12, 10, 20, 1, 2, 2, 15, 13, 7, 19, 14, 1, 17, 6, 6, 13, 19, 20, 1, 19, 3, 16, 8, 18, 17, 5, 20, 13, 20, 4, 17, 15, 10, 20, 7, 7, 7, 20, 1, 18, 13, 3, 15, 14, 3, 11, 2, 14, 9, 11, 8, 10, 11, 1, 10, 19, 19, 6, 9, 2, 19, 13, 5, 17, 16, 7, 18, 8, 3, 19, 5, 16, 12, 12, 11, 10, 19, 4, 4, 14, 12, 19, 6, 9, 2, 15, 15, 13, 2, 11, 18, 2, 11, 20, 8, 12, 1, 10, 9, 6, 10, 19, 3, 15, 14, 15, 13, 11, 9, 1, 11, 1, 15, 10, 8, 10, 13, 12, 2, 11, 12, 7, 11, 15, 13, 2, 15, 2]
bestever    2332    in generation 187
[7, 17, 3, 8, 5, 7, 3, 8, 16, 5, 8, 5, 17, 16, 18, 5, 14, 18, 16, 18, 3, 9, 3, 9, 4, 14, 18, 14, 7, 18, 7, 16, 17, 4, 4, 4, 5, 20, 20, 8, 18, 16, 5, 14, 16, 3, 9, 13, 9, 6, 6, 6, 12, 4, 5, 17, 9, 16, 17, 4, 17, 20, 14, 1, 12, 6, 8, 1, 6, 4, 10, 10, 20, 1, 2, 15, 13, 7, 19, 14, 1, 17, 6, 6, 13, 19, 20, 1, 19, 3, 16, 8, 18, 17, 5, 20, 13, 20, 4, 17, 10, 20, 7, 7, 7, 20, 1, 18, 3, 14, 3, 11, 14, 9, 10, 1, 19, 19, 6, 9, 19, 5, 17, 16, 7, 18, 12, 2, 13, 2, 2, 8, 12, 15, 13, 11, 11, 15, 10, 8, 3, 19, 5, 16, 12, 12, 11, 10, 19, 4, 4, 14, 12, 19, 6, 9, 2, 15, 15, 13, 2, 11, 18, 2, 11, 20, 8, 12, 1, 10, 9, 6, 10, 19, 3, 15, 14, 15, 13, 11, 9, 1, 11, 1, 15, 10, 8, 10, 13, 12, 2, 11, 12, 7, 11, 15, 13, 2, 15, 2]
bestever    2312    in generation 196
[7, 17, 3, 8, 5, 7, 3, 8, 16, 5, 8, 5, 17, 16, 18, 5, 14, 7, 16, 18, 3, 9, 3, 9, 4, 14, 18, 14, 18, 18, 7, 16, 17, 4, 4, 4, 5, 20, 20, 8, 18, 16, 5, 14, 16, 3, 9, 13, 9, 6, 6, 6, 12, 4, 5, 17, 9, 16, 17, 4, 17, 20, 14, 1, 12, 6, 8, 1, 6, 4, 10, 10, 20, 1, 2, 15, 13, 7, 19, 14, 1, 17, 6, 6, 13, 19, 20, 1, 19, 3, 16, 8, 18, 17, 5, 20, 13, 20, 4, 17, 10, 20, 7, 7, 7, 20, 1, 18, 3, 14, 3, 11, 14, 9, 10, 1, 19, 19, 6, 9, 19, 5, 17, 16, 7, 18, 12, 2, 13, 2, 2, 8, 12, 15, 13, 11, 11, 15, 10, 8, 3, 19, 5, 16, 12, 12, 11, 10, 19, 4, 4, 14, 12, 19, 6, 9, 2, 15, 15, 13, 2, 11, 18, 2, 20, 8, 12, 1, 10, 9, 6, 10, 19, 3, 14, 15, 11, 11, 15, 13, 9, 1, 11, 1, 15, 10, 8, 10, 13, 12, 2, 11, 12, 7, 11, 15, 13, 2, 15, 2]
bestever    2303    in generation 198
[7, 16, 3, 8, 5, 7, 3, 8, 16, 5, 8, 5, 17, 16, 18, 5, 14, 18, 16, 18, 3, 9, 3, 9, 4, 14, 18, 14, 7, 18, 7, 16, 17, 4, 4, 4, 5, 20, 20, 8, 18, 16, 5, 14, 16, 3, 9, 13, 9, 6, 6, 6, 4, 5, 17, 9, 16, 17, 4, 17, 20, 14, 1, 6, 8, 1, 6, 4, 10, 10, 20, 1, 2, 15, 13, 7, 19, 14, 1, 17, 6, 6, 13, 19, 20, 1, 19, 3, 16, 8, 18, 17, 5, 20, 13, 20, 4, 17, 10, 20, 7, 7, 7, 20, 1, 18, 3, 14, 3, 11, 14, 9, 10, 1, 19, 6, 9, 19, 5, 17, 17, 7, 18, 12, 2, 13, 2, 2, 8, 12, 15, 13, 11, 11, 15, 10, 8, 3, 19, 12, 12, 19, 5, 16, 12, 12, 11, 10, 19, 4, 4, 14, 12, 19, 6, 9, 2, 15, 15, 13, 2, 11, 18, 2, 20, 8, 12, 1, 10, 9, 6, 10, 19, 3, 14, 15, 11, 11, 15, 13, 9, 1, 11, 1, 15, 10, 8, 10, 13, 12, 2, 11, 12, 7, 11, 15, 13, 2, 15, 2]
bestever    2282    in generation 225
[7, 16, 3, 8, 5, 7, 3, 8, 16, 5, 8, 5, 17, 16, 18, 5, 14, 18, 16, 18, 3, 9, 3, 9, 4, 14, 18, 14, 7, 18, 7, 16, 17, 4, 4, 4, 5, 20, 20, 8, 18, 16, 5, 14, 16, 3, 9, 13, 9, 6, 6, 6, 12, 4, 5, 17, 9, 16, 17, 4, 17, 20, 14, 1, 12, 6, 8, 1, 6, 4, 10, 10, 20, 1, 2, 15, 13, 7, 19, 14, 1, 17, 6, 6, 13, 19, 20, 1, 19, 3, 16, 8, 18, 17, 5, 20, 13, 20, 4, 17, 10, 20, 7, 7, 7, 8, 1, 18, 3, 14, 3, 11, 14, 9, 10, 1, 19, 19, 6, 9, 19, 5, 17, 17, 7, 18, 12, 2, 13, 2, 2, 8, 12, 15, 13, 11, 11, 10, 20, 3, 19, 5, 16, 12, 12, 10, 19, 4, 4, 14, 12, 19, 6, 9, 10, 2, 15, 15, 2, 18, 2, 20, 8, 12, 1, 9, 6, 10, 19, 3, 14, 11, 15, 11, 15, 13, 11, 11, 15, 13, 9, 1, 11, 1, 15, 10, 8, 10, 13, 12, 2, 11, 12, 7, 11, 15, 13, 2, 15, 2]
bestever    2281    in generation 229
[7, 16, 3, 8, 5, 7, 3, 8, 16, 5, 8, 5, 17, 16, 18, 5, 14, 3, 16, 18, 3, 9, 3, 9, 4, 14, 18, 14, 7, 18, 7, 16, 17, 4, 4, 4, 5, 20, 20, 8, 18, 16, 5, 14, 16, 18, 9, 13, 9, 6, 6, 6, 12, 4, 5, 17, 9, 16, 17, 4, 17, 20, 14, 1, 12, 6, 8, 1, 6, 4, 10, 10, 20, 1, 2, 15, 13, 7, 19, 14, 1, 17, 6, 6, 13, 19, 20, 1, 19, 3, 16, 8, 18, 17, 5, 20, 13, 20, 4, 17, 10, 20, 7, 7, 7, 20, 1, 18, 3, 14, 3, 11, 14, 9, 10, 1, 19, 19, 6, 9, 19, 5, 17, 17, 7, 18, 12, 2, 13, 2, 2, 8, 12, 15, 13, 11, 11, 10, 8, 3, 19, 5, 16, 12, 12, 11, 10, 19, 4, 4, 14, 12, 19, 6, 9, 10, 2, 15, 15, 13, 2, 11, 18, 2, 20, 8, 12, 1, 15, 9, 6, 10, 19, 3, 14, 15, 11, 11, 15, 13, 9, 1, 11, 1, 15, 10, 8, 10, 13, 12, 2, 11, 12, 7, 11, 15, 13, 2, 15, 2]
bestever    2277    in generation 255
[7, 16, 3, 8, 5, 7, 3, 8, 16, 5, 8, 5, 17, 16, 18, 5, 14, 3, 16, 18, 3, 9, 3, 9, 4, 14, 18, 14, 7, 18, 7, 16, 17, 4, 4, 4, 5, 20, 20, 8, 18, 16, 5, 14, 16, 18, 9, 13, 9, 6, 6, 6, 12, 4, 5, 17, 9, 16, 17, 4, 17, 20, 14, 1, 12, 6, 8, 1, 6, 4, 10, 10, 20, 1, 2, 15, 13, 7, 19, 14, 1, 17, 6, 6, 13, 19, 20, 1, 19, 3, 16, 8, 18, 17, 5, 20, 13, 20, 4, 17, 10, 20, 7, 7, 7, 20, 1, 18, 3, 14, 3, 11, 14, 9, 10, 1, 19, 19, 6, 9, 19, 5, 17, 17, 7, 18, 12, 2, 13, 2, 2, 8, 12, 15, 13, 11, 11, 10, 8, 3, 19, 5, 16, 12, 12, 11, 10, 19, 4, 4, 14, 12, 19, 6, 9, 10, 14, 15, 15, 11, 18, 2, 20, 8, 12, 1, 9, 6, 10, 19, 3, 2, 15, 15, 13, 2, 11, 11, 15, 13, 9, 1, 11, 1, 15, 10, 8, 10, 13, 12, 2, 11, 12, 7, 11, 15, 13, 2, 15, 2]
bestever    2276    in generation 257
[7, 16, 3, 8, 5, 7, 3, 8, 16, 5, 8, 5, 17, 16, 18, 5, 14, 3, 16, 18, 3, 9, 3, 17, 4, 14, 18, 14, 7, 18, 7, 16, 17, 4, 4, 4, 5, 20, 20, 8, 18, 16, 5, 14, 16, 18, 9, 13, 9, 6, 6, 6, 12, 4, 5, 17, 9, 16, 17, 4, 17, 20, 14, 1, 12, 6, 8, 1, 6, 4, 10, 10, 20, 1, 2, 15, 13, 7, 19, 14, 1, 17, 6, 6, 13, 19, 20, 1, 19, 3, 16, 8, 18, 17, 5, 20, 13, 20, 4, 17, 10, 20, 7, 7, 7, 20, 1, 18, 3, 14, 3, 11, 14, 9, 10, 1, 19, 19, 6, 9, 19, 5, 9, 17, 7, 18, 12, 2, 13, 2, 2, 8, 12, 15, 13, 11, 11, 10, 8, 3, 19, 5, 16, 12, 12, 11, 10, 19, 4, 4, 14, 12, 19, 6, 9, 10, 14, 15, 15, 11, 18, 2, 20, 8, 12, 1, 9, 6, 10, 19, 3, 2, 15, 15, 13, 2, 11, 11, 15, 13, 9, 1, 11, 1, 15, 10, 8, 10, 13, 12, 2, 11, 12, 7, 11, 15, 13, 2, 15, 2]
bestever    2259    in generation 268
[7, 16, 3, 8, 5, 7, 3, 8, 16, 5, 8, 5, 17, 16, 18, 5, 14, 3, 16, 18, 3, 9, 3, 17, 4, 14, 18, 14, 7, 18, 7, 16, 17, 4, 4, 4, 5, 20, 20, 8, 18, 16, 5, 14, 16, 18, 9, 13, 9, 6, 6, 6, 12, 4, 5, 17, 9, 16, 17, 4, 17, 20, 14, 1, 12, 6, 8, 1, 6, 4, 10, 10, 20, 1, 2, 15, 13, 7, 19, 14, 1, 17, 6, 6, 13, 19, 20, 1, 19, 3, 16, 8, 18, 17, 5, 20, 13, 20, 4, 17, 10, 20, 7, 7, 7, 20, 1, 18, 3, 14, 3, 11, 14, 9, 10, 1, 19, 19, 6, 9, 19, 5, 9, 17, 7, 18, 12, 2, 13, 2, 2, 8, 12, 15, 13, 11, 11, 11, 8, 3, 19, 5, 16, 12, 12, 10, 10, 19, 4, 4, 14, 12, 19, 6, 9, 10, 14, 15, 15, 11, 18, 2, 20, 8, 12, 1, 9, 6, 10, 19, 3, 2, 15, 15, 13, 2, 11, 11, 15, 13, 9, 1, 11, 1, 15, 10, 8, 10, 13, 12, 2, 11, 12, 7, 11, 15, 13, 2, 15, 2]
bestever    2245    in generation 289
[7, 16, 3, 8, 5, 7, 3, 8, 16, 5, 8, 5, 17, 16, 18, 5, 14, 3, 16, 18, 3, 9, 3, 17, 4, 14, 18, 14, 7, 18, 7, 16, 17, 4, 4, 4, 5, 20, 20, 8, 18, 16, 5, 14, 16, 18, 9, 13, 9, 6, 6, 6, 12, 4, 5, 17, 9, 16, 17, 4, 17, 20, 14, 1, 12, 6, 8, 1, 6, 4, 10, 10, 20, 1, 2, 15, 13, 7, 9, 14, 1, 17, 6, 6, 13, 19, 20, 1, 19, 3, 16, 8, 18, 17, 5, 20, 13, 20, 4, 17, 10, 20, 7, 7, 7, 20, 1, 18, 3, 14, 3, 11, 14, 9, 10, 1, 19, 19, 6, 9, 19, 5, 9, 17, 7, 18, 12, 2, 13, 2, 2, 8, 12, 15, 13, 11, 11, 11, 8, 3, 19, 5, 16, 12, 12, 10, 10, 19, 4, 4, 14, 12, 19, 6, 9, 10, 14, 15, 15, 11, 18, 2, 20, 8, 12, 1, 9, 6, 10, 19, 3, 2, 15, 15, 13, 2, 11, 11, 15, 13, 19, 1, 11, 1, 15, 10, 8, 10, 13, 12, 2, 11, 12, 7, 11, 15, 13, 2, 15, 2]
bestever    2236    in generation 302
[7, 16, 3, 8, 5, 7, 3, 8, 16, 5, 8, 5, 17, 16, 18, 5, 14, 3, 16, 18, 3, 9, 3, 17, 4, 14, 18, 5, 7, 18, 7, 16, 17, 4, 4, 4, 5, 20, 20, 8, 18, 16, 5, 14, 16, 18, 9, 13, 9, 6, 6, 6, 12, 4, 14, 17, 9, 16, 17, 4, 17, 20, 14, 1, 12, 6, 8, 1, 6, 4, 10, 10, 20, 1, 2, 15, 13, 7, 9, 14, 1, 17, 6, 6, 13, 19, 20, 1, 19, 3, 16, 8, 18, 17, 5, 20, 13, 20, 4, 17, 10, 20, 7, 7, 7, 20, 1, 18, 3, 14, 3, 11, 14, 9, 10, 1, 19, 19, 6, 9, 19, 5, 9, 17, 7, 18, 12, 2, 13, 2, 2, 8, 12, 15, 13, 11, 11, 11, 8, 3, 19, 5, 16, 12, 12, 10, 10, 19, 4, 4, 14, 12, 19, 6, 9, 10, 14, 15, 15, 11, 18, 2, 20, 8, 12, 1, 9, 6, 10, 19, 3, 2, 15, 15, 13, 2, 11, 11, 15, 13, 19, 1, 11, 1, 15, 10, 8, 10, 13, 12, 2, 11, 12, 7, 11, 15, 13, 2, 15, 2]
bestever    2234    in generation 314
[7, 16, 3, 8, 5, 7, 3, 8, 16, 5, 8, 5, 17, 16, 18, 5, 14, 3, 16, 18, 3, 9, 3, 17, 4, 14, 18, 5, 7, 18, 7, 16, 17, 4, 4, 4, 5, 20, 20, 8, 18, 16, 5, 14, 16, 18, 9, 13, 9, 6, 6, 6, 12, 4, 14, 17, 9, 16, 17, 4, 17, 20, 14, 1, 12, 6, 8, 1, 6, 4, 10, 10, 20, 1, 2, 15, 13, 7, 9, 14, 1, 17, 6, 6, 13, 19, 20, 1, 19, 3, 16, 8, 18, 17, 5, 20, 13, 20, 4, 17, 10, 20, 7, 7, 7, 20, 1, 18, 3, 14, 3, 13, 14, 9, 10, 1, 19, 19, 6, 9, 19, 5, 9, 17, 7, 18, 12, 2, 13, 2, 2, 8, 12, 15, 13, 11, 11, 11, 8, 3, 19, 5, 16, 12, 12, 10, 10, 19, 4, 4, 14, 12, 19, 6, 9, 10, 14, 15, 15, 11, 18, 2, 20, 8, 12, 1, 9, 6, 10, 19, 3, 2, 15, 15, 13, 2, 11, 11, 15, 11, 19, 1, 11, 1, 15, 10, 8, 10, 13, 12, 2, 11, 12, 7, 11, 15, 13, 2, 15, 2]
bestever    2210    in generation 316
[7, 16, 3, 8, 5, 7, 3, 8, 16, 5, 8, 5, 17, 16, 18, 5, 14, 3, 16, 18, 3, 9, 3, 17, 4, 14, 18, 5, 7, 18, 7, 16, 17, 4, 4, 4, 5, 20, 20, 8, 18, 16, 5, 14, 16, 18, 9, 13, 9, 6, 6, 6, 12, 4, 14, 17, 9, 16, 17, 4, 17, 20, 14, 1, 12, 6, 8, 1, 6, 4, 10, 10, 20, 1, 2, 15, 13, 7, 9, 14, 1, 17, 6, 6, 13, 19, 20, 1, 19, 3, 16, 8, 18, 17, 5, 20, 13, 20, 4, 17, 10, 20, 7, 7, 7, 20, 1, 18, 3, 14, 3, 13, 14, 9, 10, 1, 19, 19, 6, 9, 19, 5, 9, 17, 7, 18, 12, 2, 2, 8, 12, 15, 11, 11, 11, 8, 3, 19, 5, 16, 12, 12, 10, 10, 19, 4, 4, 14, 12, 19, 6, 9, 10, 14, 11, 18, 2, 11, 15, 15, 13, 2, 20, 8, 12, 1, 9, 6, 10, 19, 3, 2, 15, 15, 13, 2, 11, 11, 15, 13, 19, 1, 11, 1, 15, 10, 8, 10, 13, 12, 2, 11, 12, 7, 11, 15, 13, 2, 15, 2]
bestever    2201    in generation 317
[7, 16, 3, 8, 5, 7, 3, 8, 16, 5, 8, 5, 17, 16, 18, 5, 14, 3, 16, 18, 3, 9, 3, 17, 4, 14, 18, 5, 7, 18, 7, 16, 17, 4, 4, 4, 5, 20, 20, 8, 18, 16, 5, 14, 16, 18, 9, 13, 9, 6, 6, 6, 12, 4, 14, 17, 9, 16, 17, 4, 17, 20, 14, 1, 12, 6, 8, 1, 6, 4, 10, 10, 20, 1, 2, 13, 7, 9, 14, 1, 17, 6, 6, 13, 19, 20, 1, 19, 3, 16, 8, 18, 17, 5, 20, 13, 20, 4, 17, 20, 7, 7, 7, 20, 1, 18, 3, 14, 3, 14, 9, 1, 19, 19, 6, 9, 19, 5, 9, 17, 7, 18, 8, 13, 11, 11, 3, 19, 5, 12, 10, 2, 8, 12, 10, 2, 13, 2, 15, 11, 11, 15, 16, 12, 12, 10, 10, 19, 4, 4, 14, 12, 19, 6, 9, 10, 14, 15, 15, 11, 18, 2, 20, 8, 12, 1, 9, 6, 10, 19, 3, 2, 15, 15, 13, 2, 11, 11, 15, 13, 19, 1, 11, 1, 15, 10, 8, 10, 13, 12, 2, 11, 12, 7, 11, 15, 13, 2, 15, 2]
bestever    2185    in generation 329
[7, 16, 3, 8, 5, 3, 3, 8, 16, 5, 8, 5, 17, 16, 18, 5, 14, 7, 16, 18, 3, 9, 3, 17, 4, 14, 18, 5, 7, 18, 7, 16, 17, 4, 4, 4, 5, 20, 20, 8, 18, 16, 5, 14, 16, 18, 9, 13, 9, 6, 6, 6, 12, 4, 14, 17, 9, 16, 17, 4, 17, 20, 14, 1, 12, 6, 8, 1, 6, 4, 10, 10, 20, 1, 2, 15, 13, 7, 9, 14, 1, 17, 6, 6, 13, 19, 20, 1, 19, 3, 16, 8, 18, 17, 5, 20, 13, 20, 4, 17, 10, 20, 7, 7, 7, 20, 1, 18, 3, 14, 3, 13, 14, 9, 10, 1, 19, 19, 6, 9, 19, 5, 9, 17, 7, 18, 12, 2, 2, 8, 12, 15, 13, 11, 11, 8, 3, 19, 5, 16, 12, 12, 10, 10, 19, 4, 4, 14, 12, 19, 6, 9, 10, 14, 15, 15, 18, 2, 20, 8, 12, 1, 9, 6, 10, 19, 3, 2, 13, 2, 15, 11, 11, 15, 13, 2, 11, 11, 15, 11, 19, 1, 11, 1, 15, 10, 8, 10, 13, 12, 2, 11, 12, 7, 11, 15, 13, 2, 15, 2]
bestever    2176    in generation 357
[7, 16, 3, 8, 5, 3, 3, 8, 16, 5, 8, 5, 17, 16, 18, 5, 14, 7, 16, 18, 3, 9, 3, 17, 4, 14, 18, 5, 7, 18, 7, 16, 17, 4, 4, 4, 5, 20, 20, 8, 18, 16, 5, 14, 16, 18, 9, 13, 9, 6, 6, 6, 12, 4, 14, 17, 9, 16, 17, 4, 17, 20, 14, 1, 12, 6, 8, 1, 6, 4, 10, 10, 20, 1, 2, 15, 13, 7, 9, 14, 1, 17, 6, 6, 13, 19, 20, 1, 19, 3, 16, 8, 18, 17, 5, 20, 13, 20, 4, 17, 10, 20, 7, 7, 7, 20, 1, 18, 3, 14, 3, 13, 14, 9, 10, 1, 19, 19, 6, 9, 19, 5, 9, 17, 7, 18, 12, 2, 2, 8, 12, 15, 13, 11, 11, 8, 3, 19, 5, 16, 12, 12, 10, 10, 19, 4, 4, 14, 12, 19, 6, 9, 10, 14, 15, 15, 18, 2, 20, 8, 9, 1, 12, 6, 10, 19, 3, 2, 13, 2, 15, 11, 11, 15, 13, 2, 11, 11, 15, 11, 19, 1, 11, 1, 15, 10, 8, 10, 13, 12, 2, 11, 12, 7, 11, 15, 13, 2, 15, 2]
bestever    2170    in generation 376
[7, 16, 3, 8, 5, 3, 3, 8, 16, 5, 8, 5, 17, 16, 18, 5, 14, 7, 16, 18, 3, 9, 3, 17, 4, 14, 18, 5, 7, 18, 7, 16, 17, 4, 4, 4, 5, 20, 20, 8, 18, 16, 5, 14, 16, 18, 9, 13, 9, 6, 6, 6, 12, 4, 14, 17, 5, 16, 17, 4, 17, 20, 14, 1, 12, 6, 8, 1, 6, 4, 10, 10, 20, 1, 2, 15, 13, 7, 9, 14, 1, 17, 6, 6, 13, 19, 20, 1, 19, 3, 16, 8, 18, 17, 5, 20, 13, 20, 4, 17, 10, 20, 7, 7, 7, 20, 1, 18, 3, 14, 3, 13, 14, 9, 10, 1, 19, 19, 6, 9, 19, 9, 9, 17, 7, 18, 12, 2, 2, 8, 12, 15, 13, 11, 11, 8, 3, 19, 5, 16, 12, 12, 10, 10, 19, 4, 4, 14, 12, 19, 6, 9, 10, 14, 15, 15, 18, 2, 20, 8, 9, 1, 12, 6, 10, 19, 3, 2, 13, 2, 15, 11, 11, 15, 13, 2, 11, 11, 15, 11, 19, 1, 11, 1, 15, 10, 8, 10, 13, 12, 2, 11, 12, 7, 11, 15, 13, 2, 15, 2]
bestever    2156    in generation 458
[7, 16, 3, 8, 5, 3, 3, 8, 16, 5, 8, 5, 17, 16, 18, 5, 14, 7, 16, 18, 3, 9, 3, 17, 4, 14, 18, 5, 7, 18, 7, 16, 17, 4, 4, 4, 5, 20, 20, 8, 18, 16, 5, 14, 16, 18, 9, 13, 9, 6, 6, 6, 12, 4, 14, 17, 5, 16, 17, 4, 17, 20, 14, 1, 12, 6, 13, 1, 6, 4, 10, 10, 20, 1, 2, 15, 13, 7, 9, 14, 1, 17, 6, 6, 13, 19, 20, 1, 19, 3, 16, 8, 18, 17, 5, 20, 13, 20, 4, 18, 10, 20, 7, 7, 7, 20, 1, 18, 3, 14, 3, 13, 14, 9, 10, 1, 19, 19, 6, 9, 19, 9, 9, 17, 7, 17, 12, 2, 2, 8, 12, 15, 8, 11, 11, 8, 3, 19, 5, 16, 12, 12, 10, 10, 19, 4, 4, 14, 12, 19, 6, 9, 10, 14, 15, 15, 18, 2, 20, 8, 9, 1, 12, 6, 10, 19, 3, 2, 13, 2, 15, 11, 11, 15, 13, 2, 11, 11, 15, 11, 19, 1, 11, 1, 15, 10, 8, 10, 13, 12, 2, 11, 12, 7, 11, 15, 13, 2, 15, 2]
bestever    2148    in generation 465
[7, 16, 3, 8, 5, 3, 3, 8, 3, 5, 8, 5, 17, 16, 18, 5, 14, 7, 16, 18, 3, 9, 16, 17, 4, 14, 18, 5, 7, 18, 7, 16, 17, 4, 4, 4, 5, 20, 20, 8, 18, 16, 5, 14, 16, 18, 9, 13, 9, 6, 6, 6, 12, 4, 14, 17, 5, 16, 17, 4, 17, 20, 14, 1, 12, 6, 13, 1, 6, 4, 10, 10, 20, 1, 2, 15, 13, 7, 9, 14, 1, 17, 6, 6, 13, 19, 20, 1, 19, 3, 16, 8, 18, 17, 5, 20, 13, 20, 4, 18, 10, 20, 7, 7, 7, 20, 1, 18, 3, 14, 3, 13, 14, 9, 10, 1, 19, 19, 6, 9, 19, 9, 9, 17, 7, 17, 12, 2, 2, 8, 12, 15, 8, 11, 11, 8, 3, 19, 5, 16, 12, 12, 10, 10, 19, 4, 4, 14, 12, 19, 6, 9, 10, 14, 15, 15, 18, 2, 20, 8, 9, 1, 12, 6, 10, 19, 3, 2, 13, 2, 15, 11, 11, 15, 13, 2, 11, 11, 15, 11, 19, 1, 11, 1, 15, 10, 8, 10, 13, 12, 2, 11, 12, 7, 11, 15, 13, 2, 15, 2]
bestever    2143    in generation 495
[7, 16, 3, 8, 5, 3, 3, 8, 3, 5, 8, 5, 17, 16, 18, 5, 14, 7, 16, 18, 3, 9, 16, 17, 4, 14, 18, 5, 7, 18, 7, 16, 17, 4, 4, 4, 5, 20, 20, 8, 18, 16, 5, 14, 16, 18, 9, 2, 9, 6, 6, 6, 4, 14, 17, 5, 16, 17, 4, 17, 20, 14, 1, 6, 13, 1, 6, 4, 10, 10, 20, 1, 13, 15, 13, 7, 9, 14, 1, 17, 6, 6, 13, 19, 20, 1, 19, 3, 16, 8, 18, 17, 5, 20, 13, 20, 4, 18, 10, 20, 7, 7, 7, 20, 1, 18, 3, 14, 3, 13, 14, 9, 10, 1, 19, 19, 6, 9, 19, 9, 9, 17, 7, 17, 12, 2, 2, 8, 12, 15, 8, 11, 11, 8, 3, 19, 5, 12, 12, 16, 12, 12, 10, 10, 19, 4, 4, 14, 12, 19, 6, 9, 10, 14, 15, 15, 18, 2, 20, 8, 9, 1, 12, 6, 10, 19, 3, 2, 13, 2, 15, 11, 11, 15, 13, 2, 11, 11, 15, 11, 19, 1, 11, 1, 15, 10, 8, 10, 13, 12, 2, 11, 12, 7, 11, 15, 13, 2, 15, 2]
bestever    2133    in generation 502
[7, 16, 3, 8, 5, 3, 3, 8, 3, 5, 8, 5, 17, 16, 18, 5, 14, 7, 16, 18, 3, 9, 16, 17, 4, 14, 18, 5, 7, 18, 7, 16, 17, 4, 4, 4, 5, 20, 20, 8, 18, 16, 5, 14, 16, 18, 9, 9, 6, 6, 6, 4, 14, 17, 5, 16, 17, 4, 17, 20, 14, 1, 6, 13, 1, 6, 4, 10, 10, 20, 1, 13, 15, 2, 13, 7, 9, 14, 1, 17, 6, 6, 13, 19, 20, 1, 19, 3, 16, 8, 18, 17, 5, 20, 13, 20, 4, 18, 10, 20, 7, 7, 7, 20, 1, 18, 3, 14, 3, 13, 14, 9, 10, 1, 19, 19, 6, 9, 19, 9, 9, 17, 7, 17, 12, 2, 2, 8, 12, 15, 8, 11, 11, 8, 3, 19, 5, 12, 12, 16, 12, 12, 10, 10, 19, 4, 4, 14, 12, 19, 6, 9, 10, 14, 15, 15, 18, 2, 20, 8, 9, 1, 12, 6, 10, 19, 3, 2, 13, 2, 15, 11, 11, 15, 13, 2, 11, 11, 15, 11, 19, 1, 11, 1, 15, 10, 8, 10, 13, 12, 2, 11, 12, 7, 11, 15, 13, 2, 15, 2]
bestever    2114    in generation 515
[7, 16, 3, 8, 5, 3, 3, 8, 3, 5, 8, 5, 17, 16, 18, 5, 14, 7, 16, 18, 3, 9, 16, 17, 4, 14, 18, 5, 7, 18, 7, 16, 17, 4, 4, 4, 5, 20, 20, 8, 18, 16, 5, 14, 16, 18, 9, 9, 6, 6, 6, 4, 14, 17, 5, 16, 17, 4, 17, 20, 14, 1, 6, 13, 1, 6, 4, 10, 10, 20, 1, 13, 15, 2, 13, 7, 9, 14, 1, 17, 6, 6, 13, 19, 20, 1, 19, 3, 16, 8, 18, 17, 5, 20, 13, 20, 4, 18, 10, 20, 7, 7, 7, 20, 1, 18, 3, 14, 3, 8, 14, 9, 10, 1, 19, 19, 6, 9, 19, 9, 9, 17, 7, 17, 12, 2, 2, 8, 12, 15, 13, 11, 11, 8, 3, 19, 5, 12, 12, 16, 12, 12, 10, 10, 19, 4, 4, 14, 12, 19, 6, 9, 10, 14, 15, 15, 18, 2, 20, 8, 9, 1, 12, 6, 10, 19, 3, 2, 13, 2, 15, 11, 11, 15, 13, 2, 11, 11, 15, 11, 19, 1, 11, 1, 15, 10, 8, 10, 13, 12, 2, 11, 12, 7, 11, 15, 13, 2, 15, 2]
bestever    2111    in generation 525
[7, 16, 3, 8, 5, 3, 3, 8, 3, 5, 8, 5, 17, 16, 18, 5, 14, 7, 16, 18, 3, 9, 16, 17, 4, 14, 18, 5, 7, 18, 7, 16, 17, 4, 4, 4, 5, 20, 20, 8, 18, 16, 5, 14, 16, 18, 9, 9, 6, 6, 6, 4, 14, 17, 5, 16, 17, 4, 17, 20, 14, 1, 18, 13, 1, 6, 4, 10, 10, 20, 1, 13, 15, 2, 13, 7, 9, 14, 1, 17, 6, 6, 13, 19, 20, 1, 19, 3, 16, 8, 18, 17, 5, 20, 13, 20, 4, 18, 10, 20, 7, 7, 7, 20, 1, 6, 3, 14, 3, 13, 14, 9, 10, 1, 19, 19, 6, 9, 19, 9, 9, 17, 7, 17, 12, 2, 2, 8, 12, 15, 8, 11, 11, 8, 3, 19, 5, 12, 12, 16, 12, 12, 10, 10, 19, 4, 4, 14, 12, 19, 6, 9, 10, 14, 15, 15, 18, 2, 20, 8, 9, 1, 12, 6, 10, 19, 3, 2, 13, 2, 15, 11, 11, 15, 13, 2, 11, 11, 15, 11, 19, 1, 11, 1, 15, 10, 8, 10, 13, 12, 2, 11, 12, 7, 11, 15, 13, 2, 15, 2]
bestever    2107    in generation 540
[7, 16, 3, 8, 5, 3, 3, 8, 3, 5, 8, 5, 17, 16, 18, 5, 14, 7, 16, 18, 3, 9, 16, 17, 4, 14, 18, 5, 7, 18, 7, 16, 17, 4, 4, 4, 5, 20, 20, 8, 18, 16, 5, 14, 16, 18, 9, 9, 6, 6, 6, 4, 14, 17, 5, 16, 17, 4, 17, 20, 14, 1, 18, 13, 1, 6, 4, 10, 10, 20, 1, 13, 15, 2, 13, 7, 9, 14, 1, 17, 6, 6, 13, 19, 20, 1, 6, 3, 16, 8, 18, 17, 5, 20, 13, 20, 4, 18, 10, 20, 7, 7, 7, 20, 1, 6, 3, 14, 3, 13, 14, 9, 10, 1, 19, 19, 19, 9, 19, 9, 9, 17, 7, 17, 12, 2, 2, 8, 12, 15, 8, 11, 11, 8, 3, 19, 5, 12, 12, 16, 12, 12, 10, 10, 19, 4, 4, 14, 12, 19, 6, 9, 10, 14, 15, 15, 18, 2, 20, 8, 9, 1, 12, 6, 10, 19, 3, 2, 13, 2, 15, 11, 11, 13, 2, 11, 15, 11, 19, 11, 15, 1, 11, 1, 15, 10, 8, 10, 13, 12, 2, 11, 12, 7, 11, 15, 13, 2, 15, 2]
bestever    2086    in generation 544
[7, 16, 3, 8, 5, 3, 3, 8, 3, 5, 8, 5, 17, 16, 18, 5, 14, 7, 16, 18, 3, 9, 16, 17, 4, 14, 18, 5, 7, 18, 7, 16, 17, 4, 4, 4, 5, 20, 20, 8, 18, 16, 5, 14, 16, 18, 9, 9, 6, 6, 6, 4, 14, 17, 5, 16, 17, 4, 17, 20, 14, 1, 18, 13, 1, 6, 4, 20, 1, 13, 15, 2, 13, 7, 9, 14, 1, 17, 6, 6, 13, 19, 20, 1, 6, 3, 16, 8, 18, 17, 5, 20, 13, 20, 4, 18, 10, 20, 7, 7, 7, 20, 1, 6, 3, 14, 3, 13, 14, 9, 10, 1, 19, 19, 19, 9, 19, 9, 9, 17, 7, 17, 12, 2, 2, 8, 12, 15, 8, 11, 11, 8, 3, 19, 5, 12, 12, 16, 12, 12, 10, 10, 10, 10, 19, 4, 4, 14, 12, 19, 6, 9, 10, 14, 15, 15, 18, 2, 20, 8, 9, 1, 12, 6, 10, 19, 3, 2, 13, 2, 15, 11, 11, 13, 2, 11, 15, 11, 19, 11, 15, 1, 11, 1, 15, 10, 8, 10, 13, 12, 2, 11, 12, 7, 11, 15, 13, 2, 15, 2]
bestever    2085    in generation 556
[3, 8, 5, 3, 3, 8, 3, 5, 8, 5, 17, 16, 18, 5, 14, 7, 16, 18, 3, 9, 16, 17, 4, 14, 18, 5, 7, 18, 7, 16, 17, 4, 4, 4, 5, 20, 20, 8, 18, 16, 5, 14, 16, 18, 9, 9, 6, 6, 6, 4, 14, 17, 16, 7, 5, 16, 17, 4, 17, 20, 14, 1, 18, 13, 1, 6, 4, 20, 1, 13, 15, 2, 13, 7, 9, 14, 1, 17, 6, 6, 13, 19, 20, 1, 6, 3, 16, 8, 18, 17, 5, 20, 13, 20, 4, 18, 10, 20, 7, 7, 7, 20, 1, 6, 3, 14, 3, 13, 14, 9, 10, 1, 19, 19, 19, 9, 19, 9, 9, 17, 7, 17, 12, 2, 2, 8, 12, 15, 8, 11, 11, 8, 3, 19, 5, 12, 12, 16, 12, 12, 10, 10, 10, 10, 19, 4, 4, 14, 12, 19, 6, 9, 10, 14, 15, 15, 18, 2, 20, 8, 9, 1, 12, 6, 10, 19, 3, 2, 13, 2, 15, 11, 11, 13, 2, 11, 15, 11, 19, 11, 15, 1, 11, 1, 15, 10, 8, 10, 13, 12, 2, 11, 12, 7, 11, 15, 13, 2, 15, 2]
bestever    2070    in generation 619
[3, 8, 5, 3, 3, 8, 3, 5, 8, 5, 17, 16, 18, 5, 14, 7, 16, 18, 3, 9, 16, 17, 4, 14, 18, 5, 7, 18, 7, 16, 17, 4, 4, 4, 5, 14, 20, 8, 18, 16, 5, 14, 16, 18, 9, 9, 6, 6, 6, 4, 14, 17, 16, 7, 5, 16, 17, 4, 17, 20, 14, 1, 18, 13, 1, 6, 4, 20, 1, 13, 15, 2, 13, 7, 9, 20, 1, 17, 6, 6, 13, 19, 20, 1, 6, 3, 16, 8, 18, 17, 5, 20, 13, 20, 4, 18, 10, 20, 7, 7, 7, 20, 1, 6, 3, 14, 3, 13, 14, 9, 10, 1, 19, 19, 19, 9, 19, 9, 9, 17, 7, 17, 12, 2, 8, 12, 15, 8, 11, 11, 8, 3, 19, 5, 12, 12, 16, 12, 12, 10, 10, 10, 10, 19, 4, 4, 14, 12, 19, 6, 9, 10, 14, 15, 18, 20, 8, 9, 1, 12, 6, 2, 2, 15, 10, 19, 3, 2, 13, 2, 15, 11, 11, 13, 2, 11, 15, 11, 19, 11, 15, 1, 11, 1, 15, 10, 8, 10, 13, 12, 2, 11, 12, 7, 11, 15, 13, 2, 15, 2]
bestever    2053    in generation 684
[3, 8, 5, 3, 3, 8, 3, 5, 8, 5, 17, 16, 18, 14, 5, 7, 16, 18, 3, 9, 16, 17, 4, 14, 18, 5, 7, 18, 7, 16, 17, 4, 4, 4, 5, 14, 20, 8, 18, 16, 5, 14, 16, 18, 9, 9, 6, 6, 6, 4, 14, 17, 16, 7, 5, 16, 17, 4, 17, 20, 14, 1, 18, 13, 1, 6, 4, 20, 1, 13, 13, 7, 9, 20, 1, 17, 6, 6, 6, 19, 20, 1, 13, 3, 16, 8, 18, 17, 5, 20, 13, 20, 4, 18, 10, 20, 7, 7, 7, 20, 1, 6, 3, 14, 3, 14, 9, 10, 1, 19, 19, 19, 9, 19, 9, 9, 17, 7, 17, 12, 8, 12, 2, 13, 2, 15, 15, 8, 11, 11, 8, 3, 19, 5, 12, 12, 16, 12, 12, 10, 10, 10, 10, 19, 4, 4, 14, 12, 19, 6, 9, 10, 14, 15, 18, 20, 8, 9, 1, 12, 6, 2, 2, 15, 10, 19, 3, 2, 13, 2, 15, 11, 11, 13, 2, 11, 15, 11, 19, 11, 15, 1, 11, 1, 15, 10, 8, 10, 13, 12, 2, 11, 12, 7, 11, 15, 13, 2, 15, 2]
bestever    2051    in generation 777
[3, 8, 5, 3, 3, 8, 3, 5, 8, 5, 17, 16, 18, 14, 5, 7, 16, 18, 3, 9, 16, 17, 4, 14, 18, 5, 7, 18, 7, 16, 17, 4, 4, 4, 5, 14, 20, 8, 18, 16, 5, 14, 16, 18, 9, 9, 6, 6, 6, 4, 14, 17, 16, 7, 5, 16, 17, 4, 17, 20, 14, 1, 18, 13, 1, 6, 4, 20, 1, 13, 13, 7, 9, 20, 1, 17, 6, 6, 6, 19, 20, 1, 13, 3, 16, 8, 18, 17, 5, 20, 13, 20, 4, 18, 10, 20, 7, 7, 7, 20, 1, 6, 3, 14, 3, 14, 9, 10, 1, 19, 19, 19, 9, 19, 9, 9, 17, 7, 17, 12, 8, 12, 2, 13, 2, 15, 15, 8, 11, 11, 8, 3, 19, 5, 12, 12, 16, 12, 12, 10, 10, 10, 10, 19, 4, 4, 14, 12, 19, 6, 9, 10, 14, 15, 18, 20, 8, 9, 1, 12, 6, 2, 2, 15, 10, 19, 3, 2, 13, 2, 15, 11, 11, 13, 2, 11, 15, 11, 19, 11, 15, 1, 7, 12, 10, 8, 1, 12, 10, 2, 13, 2, 15, 13, 2, 11, 15, 11, 11, 15]
bestever    2037    in generation 809
[3, 8, 5, 3, 3, 8, 3, 5, 8, 5, 17, 16, 18, 14, 5, 7, 16, 18, 3, 9, 16, 17, 4, 14, 18, 5, 7, 18, 7, 16, 17, 4, 4, 4, 5, 14, 20, 8, 14, 16, 5, 18, 16, 18, 9, 9, 6, 6, 6, 4, 14, 17, 16, 7, 5, 16, 17, 4, 17, 20, 14, 1, 18, 13, 1, 6, 4, 20, 1, 13, 13, 7, 9, 20, 1, 17, 6, 6, 6, 19, 20, 1, 13, 3, 16, 8, 18, 17, 5, 20, 13, 20, 4, 18, 10, 20, 7, 7, 7, 20, 1, 6, 3, 14, 3, 14, 9, 10, 1, 19, 19, 19, 9, 19, 9, 9, 17, 7, 17, 12, 8, 12, 2, 13, 2, 15, 15, 8, 11, 8, 3, 19, 5, 12, 12, 16, 12, 12, 10, 10, 10, 10, 19, 4, 4, 14, 12, 19, 6, 9, 10, 14, 15, 18, 20, 8, 9, 1, 12, 6, 2, 2, 15, 10, 19, 3, 2, 13, 11, 11, 11, 15, 2, 15, 2, 11, 11, 19, 11, 15, 1, 7, 12, 10, 8, 1, 12, 10, 2, 13, 2, 15, 13, 13, 2, 11, 15, 11, 11, 15]
bestever    2007    in generation 1308
[3, 8, 5, 3, 16, 3, 8, 3, 5, 8, 5, 17, 16, 18, 14, 5, 7, 16, 18, 3, 9, 16, 17, 4, 14, 18, 5, 7, 18, 7, 16, 17, 4, 4, 4, 5, 6, 20, 8, 14, 5, 18, 8, 18, 9, 9, 14, 6, 6, 4, 14, 17, 16, 7, 5, 16, 17, 4, 17, 20, 14, 1, 18, 13, 1, 6, 4, 20, 1, 13, 13, 7, 9, 20, 1, 17, 6, 6, 6, 18, 20, 1, 13, 3, 16, 16, 19, 17, 5, 20, 13, 20, 4, 18, 10, 20, 7, 1, 7, 20, 19, 7, 6, 3, 14, 3, 14, 15, 10, 1, 19, 19, 8, 9, 19, 9, 9, 17, 7, 17, 12, 8, 12, 2, 13, 2, 9, 15, 19, 11, 8, 3, 5, 12, 12, 16, 12, 12, 10, 10, 10, 10, 19, 4, 4, 14, 12, 19, 6, 9, 10, 14, 15, 18, 20, 8, 9, 1, 12, 6, 2, 2, 15, 10, 19, 3, 2, 13, 11, 2, 11, 15, 2, 15, 11, 11, 11, 19, 11, 15, 1, 7, 12, 10, 8, 1, 12, 10, 2, 13, 2, 15, 13, 13, 2, 11, 15, 11, 11, 15]
bestever    2001    in generation 1434
[3, 8, 5, 3, 16, 3, 8, 3, 5, 8, 5, 17, 16, 18, 14, 5, 7, 16, 18, 3, 9, 16, 17, 4, 14, 18, 5, 7, 18, 7, 16, 17, 4, 4, 4, 5, 6, 20, 8, 14, 5, 18, 8, 18, 9, 9, 7, 6, 6, 4, 14, 17, 16, 7, 5, 16, 17, 4, 17, 20, 14, 1, 18, 13, 1, 6, 4, 20, 1, 13, 13, 7, 9, 20, 1, 17, 6, 6, 6, 18, 20, 1, 13, 3, 16, 16, 19, 17, 5, 20, 13, 20, 4, 18, 10, 20, 7, 1, 7, 20, 19, 14, 6, 3, 14, 3, 14, 15, 10, 1, 19, 19, 8, 9, 19, 9, 9, 17, 7, 17, 12, 8, 12, 2, 13, 2, 9, 15, 19, 11, 8, 3, 5, 12, 12, 16, 12, 12, 10, 10, 10, 10, 19, 4, 4, 14, 12, 19, 6, 9, 10, 14, 15, 18, 20, 8, 9, 1, 12, 6, 2, 2, 15, 10, 19, 3, 2, 13, 11, 2, 11, 15, 2, 15, 11, 11, 11, 19, 11, 15, 1, 7, 12, 10, 8, 1, 12, 10, 2, 13, 2, 15, 13, 13, 2, 11, 15, 11, 11, 15]
bestever    1991    in generation 1739
[3, 8, 5, 3, 16, 3, 8, 3, 5, 8, 5, 17, 16, 18, 4, 5, 7, 16, 9, 3, 18, 16, 17, 4, 14, 18, 5, 7, 18, 7, 16, 17, 14, 4, 4, 5, 6, 20, 8, 14, 5, 18, 8, 18, 9, 9, 7, 6, 6, 4, 14, 17, 16, 7, 5, 16, 17, 4, 17, 20, 14, 1, 18, 13, 1, 6, 4, 20, 1, 13, 13, 7, 9, 20, 1, 17, 6, 6, 6, 18, 20, 1, 13, 3, 16, 16, 19, 17, 5, 20, 13, 20, 4, 18, 10, 20, 7, 1, 7, 20, 19, 14, 6, 3, 14, 3, 14, 10, 1, 19, 19, 8, 9, 19, 9, 9, 17, 7, 17, 12, 8, 12, 2, 13, 2, 15, 9, 15, 19, 11, 8, 3, 5, 12, 12, 19, 12, 12, 10, 10, 10, 10, 16, 4, 4, 14, 12, 19, 6, 9, 10, 14, 15, 18, 20, 8, 9, 1, 12, 6, 2, 2, 15, 10, 19, 3, 2, 13, 2, 2, 15, 11, 15, 11, 11, 11, 11, 15, 19, 11, 1, 7, 12, 10, 8, 1, 12, 10, 2, 13, 2, 15, 13, 13, 2, 11, 15, 11, 15, 11]
bestever    1975    in generation 1763
[3, 8, 5, 3, 16, 3, 8, 3, 5, 8, 5, 17, 16, 18, 4, 5, 7, 16, 9, 3, 18, 16, 17, 4, 14, 18, 5, 7, 18, 7, 16, 17, 14, 4, 4, 5, 6, 20, 8, 14, 5, 18, 8, 18, 9, 9, 7, 6, 6, 4, 14, 17, 16, 7, 5, 16, 17, 4, 17, 20, 14, 1, 18, 13, 1, 6, 4, 20, 1, 13, 13, 7, 9, 20, 1, 17, 6, 6, 6, 18, 20, 1, 13, 3, 16, 16, 19, 17, 5, 20, 13, 20, 4, 18, 10, 20, 7, 1, 7, 20, 19, 14, 6, 3, 14, 3, 14, 10, 1, 19, 19, 8, 9, 19, 9, 9, 17, 7, 17, 12, 8, 12, 2, 13, 2, 15, 9, 15, 19, 11, 8, 3, 5, 12, 12, 19, 12, 12, 10, 10, 10, 10, 16, 4, 4, 14, 12, 19, 6, 20, 10, 14, 15, 18, 9, 8, 9, 1, 12, 6, 2, 2, 15, 10, 19, 3, 2, 13, 2, 2, 15, 11, 15, 11, 11, 11, 11, 15, 19, 11, 1, 7, 12, 10, 8, 1, 12, 10, 2, 13, 2, 15, 13, 13, 2, 11, 15, 11, 15, 11]
bestever    1974    in generation 4960
[3, 8, 5, 3, 16, 3, 8, 3, 5, 18, 8, 5, 17, 16, 18, 4, 5, 7, 16, 9, 3, 17, 17, 4, 14, 18, 5, 7, 18, 7, 16, 16, 14, 17, 4, 16, 5, 6, 14, 5, 20, 1, 4, 18, 8, 18, 5, 9, 9, 13, 7, 6, 4, 4, 14, 17, 2, 16, 16, 7, 19, 17, 6, 20, 4, 14, 1, 18, 13, 6, 4, 20, 12, 1, 13, 19, 7, 9, 20, 2, 1, 17, 6, 6, 6, 18, 16, 20, 1, 13, 10, 16, 3, 5, 17, 8, 20, 20, 7, 18, 12, 20, 19, 7, 7, 1, 4, 20, 12, 14, 6, 3, 14, 3, 14, 1, 13, 11, 19, 8, 9, 19, 9, 9, 17, 8, 10, 2, 2, 9, 18, 19, 19, 8, 3, 5, 15, 15, 12, 12, 12, 10, 10, 10, 2, 4, 14, 12, 19, 6, 20, 10, 14, 15, 9, 8, 6, 9, 1, 12, 15, 2, 10, 19, 2, 3, 13, 2, 15, 1, 15, 2, 13, 15, 11, 11, 11, 11, 11, 11, 19, 17, 7, 12, 10, 8, 1, 13, 15, 12, 10, 2, 13, 15, 13, 10, 11, 15, 11, 11]
bestever    1965    in generation 5261
[3, 8, 5, 3, 16, 3, 8, 3, 5, 18, 8, 5, 17, 16, 18, 4, 5, 7, 16, 9, 3, 17, 17, 4, 14, 18, 5, 7, 18, 7, 16, 16, 14, 17, 4, 16, 5, 6, 14, 5, 20, 1, 4, 18, 8, 18, 5, 9, 9, 13, 7, 6, 4, 4, 14, 17, 2, 16, 16, 7, 19, 17, 6, 20, 4, 14, 1, 18, 13, 6, 4, 20, 12, 1, 13, 19, 7, 9, 20, 2, 1, 17, 6, 6, 6, 18, 16, 20, 1, 13, 10, 16, 3, 5, 17, 8, 15, 20, 20, 7, 18, 12, 20, 19, 7, 7, 1, 4, 6, 20, 12, 14, 6, 3, 14, 3, 14, 1, 13, 11, 19, 8, 9, 19, 9, 9, 13, 17, 8, 10, 2, 2, 9, 18, 19, 19, 8, 3, 5, 15, 12, 12, 12, 10, 10, 2, 2, 4, 14, 12, 19, 20, 10, 14, 15, 9, 8, 6, 9, 1, 12, 15, 2, 10, 19, 10, 3, 2, 17, 15, 1, 15, 2, 13, 15, 11, 11, 11, 11, 11, 11, 19, 7, 12, 10, 8, 1, 13, 15, 12, 10, 2, 13, 15, 13, 10, 11, 15, 11, 11]
bestever    1961    in generation 5374
[5, 3, 16, 3, 8, 3, 5, 18, 8, 5, 17, 3, 8, 16, 18, 4, 5, 7, 16, 9, 3, 17, 17, 4, 14, 18, 5, 7, 18, 7, 16, 16, 14, 17, 4, 16, 5, 6, 14, 5, 20, 1, 4, 18, 8, 18, 5, 9, 9, 13, 7, 6, 4, 4, 14, 17, 2, 16, 16, 7, 19, 17, 6, 20, 4, 14, 1, 18, 13, 6, 4, 20, 12, 1, 13, 19, 7, 9, 20, 2, 1, 17, 6, 6, 6, 18, 16, 20, 1, 13, 10, 16, 3, 5, 17, 8, 15, 20, 20, 7, 18, 12, 20, 19, 7, 7, 1, 4, 6, 20, 12, 14, 6, 3, 14, 3, 14, 1, 13, 11, 19, 8, 9, 19, 9, 9, 13, 17, 8, 10, 2, 2, 9, 18, 19, 19, 8, 3, 5, 15, 12, 12, 12, 10, 10, 2, 2, 4, 14, 12, 19, 20, 10, 14, 15, 9, 8, 6, 9, 1, 12, 15, 2, 10, 19, 10, 3, 2, 17, 15, 1, 15, 2, 13, 15, 11, 11, 11, 11, 11, 11, 19, 7, 12, 10, 8, 1, 13, 15, 12, 10, 2, 13, 15, 13, 10, 11, 15, 11, 11]
bestever    1958    in generation 5429
[5, 3, 16, 3, 8, 3, 5, 18, 8, 5, 17, 3, 8, 16, 18, 4, 5, 7, 16, 9, 3, 17, 17, 4, 14, 18, 5, 7, 18, 7, 16, 16, 14, 17, 4, 16, 5, 6, 14, 5, 20, 1, 4, 18, 8, 18, 5, 9, 9, 13, 7, 6, 4, 4, 14, 17, 2, 16, 16, 7, 19, 17, 6, 20, 4, 14, 1, 18, 13, 6, 4, 20, 12, 1, 13, 19, 7, 9, 20, 2, 1, 17, 6, 6, 6, 18, 16, 20, 1, 13, 10, 16, 3, 5, 17, 8, 15, 20, 20, 7, 18, 12, 20, 19, 7, 7, 1, 4, 6, 20, 12, 14, 6, 3, 14, 3, 14, 1, 13, 11, 19, 2, 9, 19, 9, 9, 13, 17, 8, 10, 2, 8, 9, 18, 19, 19, 8, 3, 5, 15, 12, 12, 12, 10, 10, 2, 2, 4, 14, 12, 19, 20, 10, 14, 15, 9, 8, 6, 9, 1, 12, 15, 2, 10, 19, 10, 3, 2, 17, 15, 1, 15, 2, 13, 15, 11, 11, 11, 11, 11, 11, 19, 7, 12, 10, 8, 1, 13, 15, 12, 10, 2, 13, 15, 13, 10, 11, 15, 11, 11]
bestever    1949    in generation 5493
[5, 3, 16, 3, 3, 8, 5, 18, 8, 5, 17, 3, 8, 16, 18, 4, 5, 7, 16, 9, 3, 17, 17, 4, 14, 18, 5, 7, 18, 7, 16, 16, 14, 17, 4, 16, 5, 6, 14, 5, 20, 1, 4, 18, 8, 18, 5, 9, 9, 13, 7, 6, 4, 4, 14, 17, 2, 16, 16, 7, 19, 17, 6, 20, 4, 14, 1, 18, 13, 6, 4, 20, 12, 1, 13, 19, 7, 9, 20, 2, 1, 17, 6, 6, 6, 18, 16, 20, 1, 13, 10, 16, 3, 5, 17, 8, 15, 20, 20, 7, 18, 12, 20, 19, 7, 7, 1, 4, 6, 20, 12, 14, 6, 3, 14, 3, 14, 17, 13, 11, 19, 2, 9, 19, 9, 9, 13, 1, 8, 10, 2, 8, 9, 18, 19, 19, 8, 3, 5, 15, 12, 12, 12, 10, 10, 2, 2, 4, 14, 12, 19, 20, 10, 14, 15, 9, 8, 6, 9, 1, 12, 15, 2, 10, 19, 10, 3, 2, 17, 15, 1, 15, 2, 13, 15, 11, 11, 11, 11, 11, 11, 19, 7, 12, 10, 8, 1, 13, 15, 12, 10, 2, 13, 15, 13, 10, 11, 15, 11, 11]
bestever    1939    in generation 5625
[5, 3, 16, 3, 3, 8, 5, 18, 8, 5, 17, 3, 8, 16, 18, 4, 5, 7, 16, 9, 3, 17, 17, 4, 14, 18, 5, 7, 18, 7, 16, 16, 14, 17, 4, 16, 5, 6, 14, 5, 20, 1, 4, 18, 8, 18, 5, 9, 9, 13, 7, 6, 4, 4, 14, 17, 2, 16, 16, 7, 19, 17, 6, 20, 4, 14, 1, 18, 13, 6, 4, 20, 12, 1, 13, 19, 7, 9, 20, 2, 1, 17, 6, 6, 6, 18, 16, 20, 1, 13, 10, 16, 3, 5, 17, 8, 15, 20, 20, 7, 18, 12, 20, 19, 7, 7, 1, 4, 6, 20, 12, 14, 6, 3, 14, 3, 14, 17, 13, 11, 19, 2, 9, 19, 9, 9, 13, 1, 8, 10, 2, 8, 9, 18, 19, 19, 8, 3, 5, 15, 12, 12, 12, 10, 10, 2, 2, 4, 14, 12, 13, 19, 20, 10, 14, 15, 9, 8, 6, 9, 1, 12, 15, 2, 10, 19, 10, 3, 2, 17, 15, 1, 15, 2, 13, 15, 11, 11, 11, 11, 11, 11, 19, 7, 12, 10, 8, 1, 13, 15, 12, 10, 2, 13, 15, 10, 11, 15, 11, 11]
bestever    1936    in generation 5950
[5, 3, 16, 3, 3, 8, 5, 18, 8, 5, 17, 3, 8, 16, 18, 14, 5, 7, 16, 9, 3, 17, 17, 4, 14, 18, 5, 7, 18, 7, 16, 16, 4, 17, 4, 16, 5, 6, 14, 5, 20, 1, 4, 18, 8, 18, 5, 9, 9, 13, 7, 6, 4, 4, 14, 17, 2, 16, 16, 14, 20, 17, 6, 20, 4, 14, 1, 18, 13, 6, 4, 19, 12, 1, 13, 19, 7, 11, 9, 20, 2, 7, 17, 6, 6, 6, 18, 16, 20, 1, 13, 10, 16, 3, 19, 5, 17, 8, 15, 20, 20, 7, 18, 9, 20, 7, 1, 1, 4, 6, 20, 12, 14, 6, 3, 14, 3, 14, 17, 13, 19, 2, 9, 19, 9, 9, 13, 1, 8, 10, 2, 8, 11, 12, 18, 19, 19, 8, 3, 5, 15, 12, 12, 12, 10, 10, 2, 2, 4, 14, 12, 13, 19, 20, 10, 7, 15, 9, 8, 6, 9, 1, 12, 15, 2, 10, 19, 10, 3, 2, 17, 15, 1, 15, 2, 13, 15, 11, 11, 11, 11, 11, 19, 7, 12, 10, 8, 1, 13, 15, 12, 10, 2, 13, 15, 10, 11, 15, 11, 11]
bestever    1931    in generation 5982
[5, 3, 16, 3, 3, 5, 8, 18, 8, 5, 17, 3, 8, 16, 18, 14, 5, 7, 16, 9, 3, 17, 17, 4, 14, 18, 5, 7, 18, 7, 16, 16, 4, 17, 4, 16, 5, 6, 14, 5, 20, 1, 4, 18, 8, 18, 5, 9, 9, 13, 7, 6, 4, 4, 14, 17, 2, 16, 16, 14, 20, 17, 6, 20, 4, 14, 1, 18, 13, 6, 4, 19, 12, 1, 13, 19, 12, 11, 9, 20, 2, 7, 17, 6, 6, 6, 18, 16, 20, 1, 13, 10, 16, 3, 19, 5, 17, 8, 15, 20, 20, 7, 18, 9, 20, 7, 1, 1, 4, 6, 20, 7, 14, 6, 3, 14, 3, 14, 17, 13, 19, 2, 9, 19, 9, 9, 13, 1, 8, 10, 2, 8, 11, 12, 18, 19, 19, 8, 3, 5, 15, 12, 12, 12, 10, 10, 2, 2, 4, 14, 12, 13, 19, 20, 10, 7, 15, 9, 8, 6, 9, 1, 12, 15, 2, 10, 19, 10, 3, 2, 17, 15, 1, 15, 2, 13, 15, 11, 11, 11, 11, 11, 19, 7, 12, 10, 8, 1, 13, 15, 12, 10, 2, 13, 15, 10, 11, 15, 11, 11]
bestever    1926    in generation 7974
[5, 3, 16, 3, 3, 5, 8, 18, 8, 5, 17, 3, 8, 16, 18, 14, 5, 7, 16, 9, 3, 17, 17, 4, 14, 18, 5, 7, 18, 7, 16, 16, 4, 17, 4, 16, 5, 6, 8, 14, 5, 20, 1, 4, 9, 18, 18, 5, 9, 13, 7, 6, 4, 4, 14, 17, 2, 16, 16, 14, 15, 20, 17, 18, 6, 20, 4, 14, 1, 18, 13, 6, 4, 19, 12, 1, 13, 16, 19, 12, 9, 20, 2, 7, 17, 6, 6, 19, 6, 18, 20, 10, 1, 13, 3, 16, 10, 19, 5, 17, 8, 15, 20, 20, 7, 18, 9, 20, 7, 1, 1, 4, 6, 20, 14, 6, 3, 14, 3, 14, 17, 13, 19, 2, 9, 9, 13, 1, 5, 8, 2, 11, 8, 12, 19, 3, 12, 12, 10, 2, 4, 14, 12, 19, 7, 9, 8, 13, 19, 20, 7, 9, 8, 6, 10, 2, 9, 1, 12, 11, 15, 11, 13, 15, 10, 15, 2, 10, 10, 19, 11, 3, 2, 17, 1, 2, 15, 11, 12, 15, 10, 11, 11, 19, 7, 12, 8, 1, 13, 15, 12, 10, 2, 13, 15, 10, 11, 15, 11, 11]
bestever    1921    in generation 8086
[5, 3, 16, 3, 3, 5, 8, 18, 8, 5, 17, 3, 18, 16, 18, 14, 5, 7, 16, 9, 3, 17, 17, 4, 14, 18, 5, 7, 8, 7, 16, 16, 4, 17, 4, 16, 5, 6, 8, 14, 5, 20, 1, 4, 9, 18, 18, 5, 9, 13, 7, 6, 4, 4, 14, 17, 2, 16, 16, 14, 15, 20, 17, 18, 6, 20, 4, 14, 1, 18, 13, 6, 4, 19, 12, 1, 13, 16, 19, 12, 9, 20, 2, 7, 17, 6, 6, 19, 6, 18, 20, 10, 1, 13, 3, 16, 10, 19, 5, 17, 8, 15, 20, 20, 7, 18, 9, 20, 7, 1, 1, 4, 6, 20, 14, 6, 3, 14, 3, 14, 17, 13, 19, 2, 9, 9, 13, 1, 5, 8, 2, 8, 12, 19, 3, 12, 12, 10, 2, 4, 14, 19, 7, 9, 8, 13, 19, 20, 7, 9, 8, 6, 9, 12, 13, 15, 10, 1, 2, 15, 11, 12, 15, 10, 11, 11, 2, 10, 10, 19, 11, 3, 2, 17, 1, 2, 15, 11, 12, 15, 10, 11, 11, 19, 7, 12, 8, 1, 13, 15, 12, 10, 2, 13, 15, 10, 11, 15, 11, 11]
bestever    1916    in generation 8556
[5, 3, 16, 3, 3, 5, 8, 5, 18, 8, 17, 3, 18, 16, 18, 18, 14, 5, 7, 16, 9, 3, 17, 17, 4, 14, 18, 5, 7, 8, 7, 16, 17, 16, 4, 17, 4, 16, 5, 6, 8, 5, 14, 5, 20, 1, 4, 9, 18, 18, 9, 13, 7, 6, 4, 4, 14, 19, 2, 16, 16, 14, 15, 20, 6, 20, 4, 14, 1, 18, 13, 6, 4, 19, 12, 1, 13, 16, 19, 12, 9, 14, 20, 2, 7, 17, 6, 6, 17, 6, 18, 20, 10, 1, 13, 3, 16, 10, 19, 5, 17, 8, 20, 20, 7, 18, 9, 20, 7, 1, 2, 14, 4, 20, 6, 3, 14, 3, 6, 17, 13, 19, 1, 9, 9, 13, 1, 5, 8, 17, 2, 8, 12, 19, 12, 12, 2, 4, 14, 19, 7, 9, 8, 13, 12, 19, 20, 7, 10, 10, 3, 15, 9, 8, 6, 9, 12, 13, 15, 15, 1, 2, 10, 11, 15, 8, 10, 11, 2, 10, 2, 11, 11, 3, 19, 1, 2, 15, 11, 12, 15, 10, 11, 11, 19, 7, 12, 1, 13, 15, 12, 10, 2, 13, 15, 10, 11, 15, 11, 11]
bestever    1914    in generation 8589
[5, 3, 16, 3, 3, 5, 8, 5, 18, 8, 17, 3, 18, 16, 18, 4, 14, 5, 7, 16, 9, 3, 17, 17, 18, 14, 18, 5, 7, 8, 7, 16, 17, 16, 4, 17, 4, 16, 5, 6, 8, 5, 14, 5, 20, 1, 4, 9, 18, 18, 9, 13, 7, 6, 4, 4, 14, 19, 2, 16, 16, 14, 15, 20, 6, 20, 4, 14, 1, 18, 13, 6, 4, 19, 12, 1, 13, 16, 19, 12, 9, 14, 20, 2, 7, 17, 6, 6, 17, 6, 18, 20, 10, 1, 13, 3, 16, 10, 19, 5, 17, 8, 20, 20, 7, 18, 9, 20, 7, 1, 2, 14, 4, 20, 6, 3, 14, 3, 6, 17, 13, 19, 1, 9, 9, 13, 1, 5, 8, 17, 2, 8, 12, 19, 12, 12, 2, 4, 14, 19, 7, 9, 8, 13, 12, 19, 20, 7, 10, 10, 3, 15, 9, 8, 6, 9, 12, 13, 15, 15, 1, 2, 10, 11, 15, 8, 10, 11, 2, 10, 2, 11, 11, 3, 19, 1, 2, 15, 11, 12, 15, 10, 11, 11, 19, 7, 12, 1, 13, 15, 12, 10, 2, 13, 15, 10, 11, 15, 11, 11]
