bestever    3220    in generation 0
[14, 7, 16, 16, 18, 10, 14, 5, 5, 14, 5, 10, 9, 15, 20, 9, 4, 10, 10, 4, 19, 18, 9, 4, 19, 4, 3, 14, 18, 7, 15, 11, 3, 16, 19, 8, 10, 9, 15, 16, 19, 7, 12, 14, 16, 8, 18, 5, 14, 8, 2, 13, 6, 2, 4, 20, 14, 7, 14, 8, 15, 1, 5, 5, 2, 19, 10, 6, 5, 10, 2, 4, 17, 17, 19, 13, 12, 6, 16, 14, 18, 20, 3, 9, 6, 6, 2, 8, 1, 7, 3, 11, 7, 16, 11, 11, 9, 11, 11, 3, 11, 1, 7, 12, 13, 4, 8, 8, 10, 15, 12, 12, 8, 7, 13, 11, 16, 18, 17, 14, 6, 20, 17, 9, 15, 20, 12, 17, 19, 1, 3, 16, 7, 20, 17, 4, 18, 7, 1, 20, 10, 1, 5, 12, 13, 2, 12, 13, 6, 17, 20, 12, 13, 17, 19, 18, 1, 17, 3, 19, 9, 3, 15, 12, 11, 15, 13, 3, 5, 15, 10, 16, 8, 4, 8, 15, 18, 11, 20, 6, 18, 6, 17, 4, 1, 13, 5, 3, 2, 20, 9, 6, 1, 1, 2, 2, 2, 19, 13, 9]
bestever    3165    in generation 3
[14, 7, 16, 16, 18, 10, 14, 5, 5, 14, 5, 10, 9, 15, 20, 9, 4, 10, 10, 4, 19, 18, 9, 4, 19, 4, 3, 14, 18, 7, 15, 11, 3, 16, 19, 8, 10, 9, 15, 16, 19, 7, 12, 14, 16, 8, 18, 5, 14, 8, 2, 13, 6, 2, 4, 20, 14, 7, 14, 8, 20, 1, 5, 5, 2, 19, 10, 6, 5, 10, 2, 4, 17, 17, 19, 13, 12, 6, 16, 14, 18, 20, 3, 9, 6, 6, 2, 8, 1, 7, 3, 11, 7, 16, 11, 11, 9, 11, 11, 3, 11, 1, 7, 12, 13, 4, 8, 8, 10, 15, 12, 12, 8, 7, 13, 11, 16, 18, 17, 14, 6, 20, 17, 9, 15, 20, 12, 17, 19, 1, 3, 16, 7, 20, 17, 4, 18, 7, 1, 20, 10, 1, 5, 12, 13, 2, 12, 13, 6, 17, 20, 12, 13, 17, 19, 18, 1, 17, 3, 19, 9, 3, 15, 12, 11, 15, 13, 3, 5, 15, 10, 16, 8, 4, 8, 15, 18, 11, 15, 6, 18, 6, 17, 4, 1, 13, 5, 3, 2, 20, 9, 6, 1, 1, 2, 2, 2, 19, 13, 9]
bestever    3135    in generation 4
[14, 7, 16, 16, 18, 10, 14, 5, 5, 14, 5, 10, 9, 15, 20, 9, 4, 10, 10, 4, 19, 18, 9, 4, 19, 4, 3, 14, 18, 7, 15, 11, 3, 16, 19, 8, 10, 9, 15, 16, 19, 7, 14, 14, 16, 8, 18, 5, 14, 8, 2, 13, 6, 2, 4, 20, 14, 7, 14, 8, 20, 1, 5, 5, 2, 19, 10, 6, 5, 10, 2, 4, 17, 17, 19, 13, 12, 6, 16, 14, 18, 20, 3, 9, 6, 6, 2, 8, 1, 7, 3, 11, 7, 16, 11, 11, 9, 11, 11, 3, 11, 1, 7, 12, 13, 4, 8, 8, 10, 15, 12, 12, 8, 7, 13, 11, 16, 18, 17, 12, 6, 20, 17, 9, 15, 20, 12, 17, 19, 1, 3, 16, 7, 20, 17, 4, 18, 7, 1, 20, 10, 1, 5, 12, 13, 2, 12, 13, 6, 17, 20, 12, 13, 17, 19, 18, 1, 17, 3, 19, 9, 3, 15, 12, 11, 15, 13, 3, 5, 15, 10, 16, 8, 4, 8, 15, 18, 11, 15, 6, 18, 6, 17, 4, 1, 13, 5, 3, 2, 20, 9, 6, 1, 1, 2, 2, 2, 19, 13, 9]
bestever    3089    in generation 6
[14, 7, 16, 16, 18, 10, 14, 5, 5, 14, 5, 10, 9, 15, 20, 9, 4, 10, 10, 4, 19, 18, 9, 4, 19, 4, 3, 14, 18, 7, 15, 11, 3, 16, 19, 8, 10, 9, 15, 16, 19, 7, 14, 14, 16, 8, 18, 5, 14, 8, 2, 13, 6, 2, 4, 20, 14, 7, 14, 8, 20, 1, 5, 5, 2, 19, 10, 6, 5, 10, 2, 4, 17, 17, 19, 13, 12, 6, 16, 14, 18, 20, 3, 9, 6, 6, 2, 8, 1, 7, 3, 11, 7, 16, 11, 11, 9, 11, 11, 7, 11, 1, 7, 12, 13, 4, 8, 8, 10, 15, 12, 12, 8, 3, 13, 11, 16, 18, 17, 12, 6, 20, 17, 9, 15, 20, 12, 17, 19, 1, 3, 16, 7, 20, 17, 4, 18, 7, 1, 20, 10, 1, 5, 12, 13, 2, 12, 13, 6, 17, 20, 12, 13, 17, 19, 18, 1, 17, 3, 19, 9, 3, 15, 12, 11, 15, 13, 3, 5, 15, 10, 16, 8, 4, 8, 15, 18, 11, 15, 6, 18, 6, 17, 4, 1, 13, 5, 3, 2, 20, 9, 6, 1, 1, 2, 2, 2, 19, 13, 9]
bestever    3031    in generation 7
[14, 7, 16, 16, 18, 10, 14, 5, 5, 14, 5, 10, 9, 15, 20, 9, 4, 10, 10, 4, 19, 18, 9, 4, 19, 4, 3, 14, 18, 7, 15, 11, 3, 16, 19, 8, 10, 9, 15, 16, 19, 7, 14, 14, 16, 8, 18, 5, 14, 8, 2, 13, 6, 2, 4, 20, 14, 7, 14, 8, 20, 1, 5, 5, 2, 19, 10, 6, 5, 10, 2, 4, 17, 17, 19, 13, 12, 6, 16, 14, 18, 20, 3, 9, 6, 11, 2, 8, 1, 7, 3, 11, 7, 16, 11, 11, 9, 11, 11, 7, 11, 1, 7, 12, 13, 4, 8, 8, 10, 15, 12, 12, 8, 3, 13, 6, 16, 18, 17, 12, 6, 20, 17, 9, 15, 20, 12, 17, 19, 1, 3, 16, 7, 20, 17, 4, 18, 7, 1, 20, 10, 1, 5, 12, 13, 2, 12, 13, 6, 17, 20, 12, 13, 17, 19, 18, 1, 17, 3, 19, 9, 3, 15, 12, 11, 15, 13, 3, 5, 15, 10, 16, 8, 4, 8, 15, 18, 11, 15, 6, 18, 6, 17, 4, 1, 13, 5, 3, 2, 20, 9, 6, 1, 1, 2, 2, 2, 19, 13, 9]
bestever    3026    in generation 8
[14, 7, 16, 16, 18, 10, 14, 5, 5, 14, 5, 10, 9, 15, 20, 9, 4, 10, 10, 4, 19, 18, 9, 4, 19, 4, 3, 14, 18, 7, 15, 11, 3, 16, 19, 8, 10, 9, 15, 16, 19, 7, 14, 14, 16, 8, 18, 5, 14, 8, 2, 13, 6, 2, 4, 20, 14, 7, 14, 8, 20, 1, 5, 5, 2, 19, 10, 6, 5, 10, 2, 4, 17, 17, 19, 13, 12, 6, 16, 14, 18, 20, 3, 9, 6, 11, 2, 8, 1, 7, 3, 11, 7, 16, 11, 11, 9, 11, 11, 7, 11, 1, 7, 12, 13, 4, 8, 8, 10, 15, 12, 12, 8, 3, 13, 6, 16, 18, 17, 12, 6, 20, 17, 9, 15, 20, 12, 17, 19, 1, 3, 16, 7, 20, 17, 4, 18, 7, 1, 20, 10, 1, 5, 12, 13, 2, 12, 13, 6, 17, 20, 12, 13, 17, 19, 18, 1, 17, 3, 19, 9, 3, 15, 12, 11, 15, 13, 3, 5, 15, 10, 16, 8, 4, 8, 15, 18, 11, 15, 4, 18, 6, 17, 6, 1, 13, 5, 3, 2, 20, 9, 6, 1, 1, 2, 2, 2, 19, 13, 9]
bestever    3020    in generation 10
[14, 7, 16, 16, 18, 10, 14, 5, 5, 14, 5, 10, 9, 15, 20, 9, 4, 10, 10, 4, 19, 18, 9, 4, 19, 4, 3, 14, 18, 7, 15, 11, 3, 16, 19, 8, 10, 9, 15, 16, 19, 7, 14, 14, 16, 8, 18, 5, 14, 8, 2, 13, 6, 2, 4, 20, 14, 7, 14, 8, 20, 1, 5, 5, 2, 19, 10, 6, 5, 10, 2, 4, 17, 17, 19, 13, 12, 6, 16, 14, 18, 20, 3, 7, 6, 11, 2, 8, 1, 7, 3, 11, 7, 16, 11, 11, 9, 11, 11, 7, 11, 1, 7, 12, 13, 4, 8, 8, 10, 15, 12, 12, 8, 3, 13, 6, 16, 18, 17, 12, 6, 20, 17, 9, 15, 20, 12, 17, 19, 1, 3, 16, 9, 20, 17, 4, 18, 7, 1, 20, 10, 1, 5, 12, 13, 2, 12, 13, 6, 17, 20, 12, 13, 17, 19, 18, 1, 17, 3, 19, 9, 3, 15, 12, 11, 15, 13, 3, 5, 15, 10, 16, 8, 4, 8, 15, 18, 11, 15, 4, 18, 6, 17, 6, 1, 13, 5, 3, 2, 20, 9, 6, 1, 1, 2, 2, 2, 19, 13, 9]
bestever    3007    in generation 11
[14, 7, 16, 16, 18, 10, 14, 5, 5, 14, 5, 10, 9, 15, 20, 9, 4, 10, 10, 4, 19, 18, 9, 4, 19, 4, 3, 14, 18, 7, 15, 11, 3, 16, 19, 8, 10, 9, 15, 16, 19, 7, 14, 14, 16, 8, 18, 5, 14, 8, 2, 13, 6, 2, 4, 20, 14, 7, 14, 8, 20, 1, 5, 5, 2, 19, 10, 6, 5, 10, 2, 4, 17, 17, 19, 13, 12, 6, 16, 14, 18, 20, 3, 9, 6, 11, 2, 8, 1, 7, 3, 11, 7, 16, 11, 11, 9, 11, 11, 7, 11, 1, 7, 12, 13, 4, 8, 8, 10, 15, 12, 12, 8, 3, 13, 6, 16, 18, 17, 12, 6, 20, 17, 9, 15, 20, 12, 17, 19, 1, 3, 16, 7, 20, 17, 4, 18, 7, 1, 20, 10, 1, 5, 12, 13, 2, 12, 4, 6, 17, 20, 12, 13, 17, 19, 18, 1, 17, 3, 19, 9, 3, 15, 12, 11, 15, 13, 3, 5, 15, 10, 16, 8, 13, 8, 15, 18, 11, 15, 4, 18, 6, 17, 6, 1, 13, 5, 3, 2, 20, 9, 6, 1, 1, 2, 2, 2, 19, 13, 9]
bestever    2904    in generation 14
[14, 7, 16, 16, 18, 10, 14, 5, 5, 14, 5, 10, 9, 15, 20, 9, 4, 10, 10, 4, 19, 18, 9, 4, 19, 4, 3, 14, 18, 7, 15, 11, 3, 16, 19, 8, 10, 9, 15, 16, 19, 7, 14, 14, 16, 8, 18, 5, 14, 8, 2, 13, 6, 2, 4, 20, 14, 7, 14, 8, 20, 1, 5, 5, 2, 19, 10, 6, 5, 10, 2, 4, 17, 17, 19, 13, 12, 6, 16, 14, 18, 20, 3, 9, 6, 11, 2, 8, 1, 7, 3, 11, 7, 16, 11, 11, 9, 11, 11, 7, 11, 1, 7, 12, 13, 4, 8, 8, 10, 15, 12, 12, 8, 3, 13, 6, 16, 18, 17, 12, 6, 20, 17, 9, 15, 20, 12, 17, 19, 1, 3, 16, 7, 20, 5, 4, 18, 7, 1, 20, 10, 1, 5, 12, 13, 2, 12, 4, 6, 17, 20, 12, 13, 17, 19, 18, 1, 17, 3, 19, 9, 3, 15, 12, 11, 15, 13, 3, 5, 15, 10, 16, 8, 13, 8, 15, 18, 11, 15, 4, 18, 6, 17, 6, 1, 13, 17, 3, 2, 20, 9, 6, 1, 1, 2, 2, 2, 19, 13, 9]
bestever    2896    in generation 16
[14, 7, 16, 16, 18, 10, 14, 5, 5, 14, 5, 10, 9, 15, 20, 9, 4, 10, 10, 4, 19, 18, 9, 4, 19, 4, 3, 14, 18, 7, 15, 11, 3, 16, 19, 8, 10, 9, 15, 16, 19, 7, 14, 14, 16, 8, 18, 5, 14, 8, 2, 13, 6, 2, 4, 20, 14, 7, 14, 8, 20, 1, 5, 5, 2, 19, 10, 6, 5, 10, 2, 4, 17, 17, 19, 13, 12, 6, 16, 14, 18, 20, 3, 9, 6, 11, 2, 8, 1, 7, 3, 11, 7, 16, 11, 11, 9, 11, 11, 7, 11, 1, 7, 12, 13, 4, 8, 8, 10, 15, 12, 12, 8, 3, 13, 6, 16, 18, 17, 12, 6, 20, 17, 9, 15, 20, 12, 17, 19, 1, 3, 16, 7, 20, 5, 4, 18, 7, 1, 20, 10, 1, 5, 12, 13, 2, 12, 4, 6, 17, 20, 12, 13, 11, 19, 18, 1, 17, 3, 19, 9, 3, 15, 12, 17, 15, 13, 3, 5, 15, 10, 16, 8, 13, 8, 15, 18, 11, 15, 4, 18, 6, 17, 6, 1, 13, 17, 3, 2, 20, 9, 6, 1, 1, 2, 2, 2, 19, 13, 9]
bestever    2890    in generation 19
[14, 7, 16, 16, 18, 10, 14, 5, 5, 14, 5, 10, 9, 15, 20, 9, 4, 10, 10, 4, 19, 18, 9, 4, 19, 4, 3, 14, 18, 7, 15, 11, 3, 16, 19, 8, 10, 9, 15, 16, 19, 7, 14, 14, 16, 8, 18, 5, 4, 8, 2, 13, 6, 2, 4, 20, 14, 7, 14, 8, 20, 1, 5, 5, 2, 19, 10, 6, 5, 10, 2, 4, 17, 17, 19, 13, 12, 6, 16, 14, 18, 20, 3, 9, 6, 11, 2, 8, 1, 7, 3, 11, 7, 16, 11, 11, 9, 11, 11, 7, 11, 1, 7, 12, 13, 4, 8, 8, 10, 15, 12, 12, 8, 3, 13, 6, 16, 18, 17, 12, 6, 20, 17, 9, 15, 20, 12, 17, 19, 1, 3, 16, 7, 20, 5, 4, 18, 7, 1, 20, 10, 1, 5, 12, 13, 2, 12, 14, 6, 17, 20, 12, 13, 11, 19, 18, 1, 17, 3, 19, 9, 3, 15, 12, 17, 15, 13, 3, 5, 15, 10, 16, 8, 13, 8, 15, 18, 11, 15, 4, 18, 6, 17, 6, 1, 13, 17, 3, 2, 20, 9, 6, 1, 1, 2, 2, 2, 19, 13, 9]
bestever    2884    in generation 20
[14, 7, 16, 16, 18, 19, 14, 5, 5, 14, 5, 10, 9, 15, 20, 9, 4, 10, 10, 4, 19, 18, 9, 4, 19, 4, 3, 14, 18, 7, 15, 11, 3, 16, 19, 8, 10, 9, 15, 16, 19, 7, 14, 14, 16, 8, 18, 5, 4, 8, 2, 13, 6, 2, 4, 20, 14, 7, 14, 8, 20, 1, 5, 5, 2, 19, 10, 6, 5, 10, 2, 4, 17, 17, 10, 13, 12, 6, 16, 14, 18, 20, 3, 9, 6, 11, 2, 8, 1, 7, 3, 11, 7, 16, 11, 11, 9, 11, 11, 7, 11, 1, 7, 12, 13, 4, 8, 8, 10, 15, 12, 12, 8, 3, 13, 6, 16, 18, 17, 12, 6, 20, 17, 9, 15, 20, 12, 17, 19, 1, 3, 16, 7, 20, 5, 4, 18, 7, 1, 20, 10, 1, 5, 12, 13, 2, 12, 14, 6, 17, 20, 12, 13, 11, 19, 18, 1, 17, 3, 19, 9, 3, 15, 12, 17, 15, 13, 3, 5, 15, 10, 16, 8, 13, 8, 15, 18, 11, 15, 4, 18, 6, 17, 6, 1, 13, 17, 3, 2, 20, 9, 6, 1, 1, 2, 2, 2, 19, 13, 9]
bestever    2841    in generation 23
[14, 7, 16, 16, 18, 19, 14, 5, 5, 14, 5, 10, 9, 15, 20, 9, 4, 10, 10, 4, 19, 18, 9, 4, 19, 4, 3, 14, 18, 7, 15, 11, 3, 16, 19, 8, 10, 9, 15, 16, 19, 7, 14, 14, 16, 8, 18, 5, 4, 8, 2, 13, 6, 2, 4, 20, 14, 7, 14, 8, 20, 1, 5, 5, 2, 19, 10, 6, 5, 10, 2, 4, 17, 17, 10, 13, 12, 6, 16, 14, 18, 20, 3, 9, 6, 11, 2, 8, 1, 7, 3, 11, 7, 16, 11, 11, 9, 1, 11, 7, 11, 1, 7, 12, 13, 4, 8, 8, 10, 15, 12, 12, 8, 3, 13, 6, 16, 18, 17, 12, 6, 20, 17, 9, 15, 20, 12, 17, 19, 1, 3, 16, 7, 20, 5, 4, 18, 7, 11, 20, 10, 1, 5, 12, 13, 2, 12, 14, 6, 17, 20, 12, 13, 11, 19, 18, 1, 17, 3, 19, 9, 3, 15, 12, 17, 15, 13, 3, 5, 15, 10, 16, 8, 13, 8, 15, 18, 11, 15, 4, 18, 6, 17, 6, 1, 13, 17, 3, 2, 20, 9, 6, 1, 1, 2, 2, 2, 19, 13, 9]
bestever    2826    in generation 26
[14, 7, 16, 16, 18, 19, 14, 5, 5, 14, 5, 10, 9, 15, 20, 9, 4, 10, 10, 4, 19, 18, 9, 4, 19, 4, 3, 14, 18, 7, 15, 11, 3, 16, 19, 8, 10, 9, 15, 16, 19, 7, 14, 14, 16, 8, 18, 5, 4, 8, 2, 2, 6, 2, 4, 20, 14, 7, 14, 8, 20, 1, 5, 5, 2, 19, 10, 6, 5, 10, 2, 4, 17, 17, 10, 13, 12, 6, 16, 14, 18, 20, 3, 9, 6, 11, 2, 8, 1, 7, 3, 11, 7, 16, 11, 11, 9, 1, 11, 7, 11, 1, 7, 12, 13, 4, 8, 8, 10, 15, 12, 12, 8, 3, 13, 6, 16, 18, 17, 12, 6, 20, 17, 9, 15, 20, 12, 17, 19, 1, 3, 16, 7, 20, 5, 4, 18, 7, 11, 20, 10, 1, 5, 12, 13, 2, 12, 14, 6, 17, 20, 12, 13, 11, 19, 18, 1, 17, 3, 19, 9, 3, 15, 12, 17, 15, 13, 3, 5, 15, 10, 16, 8, 13, 8, 15, 18, 11, 15, 4, 18, 6, 17, 6, 1, 13, 17, 3, 2, 20, 9, 6, 1, 1, 2, 13, 2, 19, 13, 9]
bestever    2804    in generation 32
[14, 7, 16, 16, 18, 19, 14, 5, 5, 14, 5, 10, 9, 15, 20, 9, 4, 10, 10, 4, 19, 18, 9, 4, 19, 4, 8, 14, 18, 7, 15, 11, 3, 16, 19, 8, 10, 9, 15, 16, 19, 7, 14, 14, 16, 8, 18, 5, 4, 8, 2, 2, 6, 2, 4, 20, 14, 7, 14, 8, 20, 1, 5, 5, 2, 19, 10, 6, 5, 10, 2, 4, 17, 17, 10, 13, 12, 6, 16, 14, 18, 20, 3, 9, 6, 11, 2, 8, 1, 7, 3, 11, 7, 16, 11, 11, 9, 1, 11, 7, 11, 1, 7, 12, 13, 4, 8, 3, 10, 15, 12, 12, 8, 3, 13, 6, 16, 18, 17, 12, 6, 20, 17, 9, 15, 20, 12, 17, 19, 1, 3, 16, 7, 20, 5, 4, 18, 7, 11, 20, 10, 1, 5, 12, 13, 2, 12, 14, 6, 17, 20, 12, 13, 11, 19, 18, 1, 17, 3, 19, 9, 3, 15, 12, 17, 15, 13, 3, 5, 15, 10, 16, 8, 13, 8, 15, 18, 11, 15, 4, 18, 6, 17, 6, 1, 13, 17, 3, 2, 20, 9, 6, 1, 1, 2, 13, 2, 19, 13, 9]
bestever    2801    in generation 35
[14, 7, 16, 16, 18, 19, 14, 5, 5, 14, 5, 10, 9, 15, 20, 9, 4, 10, 10, 5, 19, 18, 9, 4, 19, 4, 8, 14, 18, 7, 15, 11, 3, 16, 19, 8, 10, 9, 15, 16, 19, 7, 14, 14, 16, 8, 18, 5, 4, 8, 2, 2, 6, 2, 4, 20, 14, 7, 14, 8, 20, 1, 5, 5, 2, 19, 10, 6, 4, 10, 2, 4, 17, 17, 10, 13, 12, 6, 16, 14, 18, 20, 3, 9, 6, 11, 2, 8, 1, 7, 3, 11, 7, 16, 11, 11, 9, 1, 11, 7, 11, 1, 7, 12, 13, 4, 8, 3, 10, 15, 12, 12, 8, 3, 13, 6, 16, 18, 17, 12, 6, 20, 17, 9, 15, 20, 12, 17, 19, 1, 3, 16, 7, 20, 5, 4, 18, 7, 11, 20, 10, 1, 5, 12, 13, 2, 12, 14, 6, 17, 20, 12, 13, 11, 19, 18, 1, 17, 3, 19, 9, 3, 15, 12, 17, 15, 13, 3, 5, 15, 10, 16, 8, 13, 8, 15, 18, 11, 15, 4, 18, 6, 17, 6, 1, 13, 17, 3, 2, 20, 9, 6, 1, 1, 2, 13, 2, 19, 13, 9]
bestever    2776    in generation 37
[14, 7, 16, 16, 18, 19, 14, 5, 5, 14, 5, 10, 9, 15, 20, 9, 4, 10, 10, 5, 19, 18, 9, 4, 19, 4, 8, 14, 18, 7, 15, 11, 3, 16, 19, 8, 10, 9, 15, 16, 19, 7, 14, 14, 16, 8, 18, 5, 4, 8, 2, 2, 6, 2, 4, 20, 14, 7, 14, 8, 20, 1, 5, 5, 2, 19, 10, 6, 4, 10, 2, 4, 2, 17, 10, 13, 12, 6, 16, 14, 18, 20, 3, 9, 6, 11, 2, 8, 1, 7, 3, 11, 7, 16, 11, 11, 9, 1, 11, 7, 11, 1, 7, 12, 13, 4, 8, 3, 10, 15, 12, 12, 8, 3, 13, 6, 16, 18, 17, 12, 6, 20, 17, 9, 15, 20, 12, 17, 19, 1, 3, 16, 7, 20, 5, 4, 18, 7, 11, 20, 10, 1, 5, 12, 13, 2, 12, 14, 6, 17, 20, 12, 13, 11, 19, 18, 1, 17, 3, 19, 9, 3, 15, 12, 17, 15, 13, 3, 5, 15, 10, 16, 8, 13, 8, 15, 18, 11, 15, 4, 18, 6, 17, 6, 1, 13, 17, 3, 2, 20, 9, 6, 1, 1, 17, 13, 2, 19, 13, 9]
bestever    2758    in generation 38
[14, 7, 16, 16, 18, 19, 14, 5, 5, 14, 5, 10, 9, 15, 20, 9, 4, 10, 10, 5, 19, 18, 9, 4, 19, 4, 8, 14, 18, 7, 15, 11, 3, 16, 19, 8, 10, 9, 15, 16, 19, 7, 14, 14, 16, 8, 18, 5, 4, 8, 2, 2, 6, 2, 4, 20, 14, 7, 14, 8, 20, 1, 5, 5, 2, 19, 10, 6, 4, 10, 2, 4, 2, 17, 10, 13, 12, 6, 16, 14, 18, 7, 3, 9, 6, 11, 2, 8, 1, 20, 3, 11, 7, 16, 11, 11, 9, 1, 11, 7, 11, 1, 7, 12, 13, 4, 8, 3, 10, 15, 12, 12, 8, 3, 13, 6, 16, 18, 17, 12, 6, 20, 17, 9, 15, 20, 12, 17, 19, 1, 3, 16, 7, 20, 5, 4, 18, 7, 11, 20, 10, 1, 5, 12, 13, 2, 12, 14, 6, 17, 20, 12, 13, 11, 19, 18, 1, 17, 3, 19, 9, 3, 15, 12, 17, 15, 13, 3, 5, 15, 10, 16, 8, 13, 8, 15, 18, 11, 15, 4, 18, 6, 17, 6, 1, 13, 17, 3, 2, 20, 9, 6, 1, 1, 17, 13, 2, 19, 13, 9]
bestever    2744    in generation 39
[14, 7, 16, 16, 18, 19, 14, 5, 5, 14, 5, 10, 9, 15, 20, 9, 4, 10, 10, 5, 4, 18, 9, 4, 19, 4, 8, 14, 18, 7, 15, 11, 3, 16, 19, 8, 10, 9, 15, 16, 19, 7, 14, 14, 16, 8, 18, 5, 4, 10, 2, 2, 6, 2, 4, 20, 14, 7, 14, 8, 20, 1, 5, 5, 2, 19, 8, 6, 4, 10, 2, 4, 2, 17, 10, 13, 12, 6, 16, 14, 18, 20, 3, 9, 6, 11, 2, 8, 1, 7, 3, 11, 7, 16, 11, 11, 9, 1, 11, 7, 11, 1, 7, 12, 13, 19, 8, 3, 10, 15, 12, 12, 8, 3, 13, 6, 16, 18, 17, 12, 6, 20, 17, 9, 15, 20, 12, 17, 19, 1, 3, 16, 7, 20, 5, 4, 18, 7, 11, 20, 10, 1, 5, 12, 13, 2, 12, 14, 6, 17, 20, 12, 13, 11, 19, 18, 1, 17, 3, 19, 9, 3, 15, 12, 17, 15, 13, 3, 5, 15, 10, 16, 8, 13, 8, 15, 18, 11, 15, 4, 18, 6, 17, 6, 1, 13, 17, 3, 2, 20, 9, 6, 1, 1, 17, 13, 2, 19, 13, 9]
bestever    2737    in generation 42
[14, 7, 16, 16, 18, 19, 14, 5, 5, 14, 5, 10, 9, 15, 20, 9, 4, 10, 10, 5, 4, 18, 9, 4, 19, 4, 8, 14, 18, 7, 15, 11, 3, 16, 19, 8, 10, 9, 15, 16, 19, 7, 14, 14, 16, 8, 18, 5, 4, 10, 2, 2, 6, 2, 4, 20, 14, 7, 14, 8, 20, 1, 5, 5, 2, 19, 8, 6, 4, 10, 2, 4, 2, 17, 10, 13, 12, 6, 16, 14, 18, 20, 3, 9, 6, 11, 2, 8, 1, 7, 3, 11, 7, 16, 11, 11, 9, 1, 11, 8, 11, 1, 7, 12, 13, 19, 8, 3, 10, 15, 12, 12, 8, 3, 13, 6, 16, 18, 17, 12, 6, 20, 17, 9, 15, 20, 12, 17, 19, 1, 3, 16, 7, 20, 5, 4, 18, 7, 11, 20, 10, 1, 5, 12, 13, 2, 12, 14, 6, 17, 20, 12, 13, 11, 19, 18, 1, 17, 3, 19, 9, 3, 15, 12, 17, 15, 13, 3, 5, 15, 10, 16, 7, 13, 8, 15, 18, 11, 15, 4, 18, 6, 17, 6, 1, 13, 17, 3, 2, 20, 9, 6, 1, 1, 17, 13, 2, 19, 13, 9]
bestever    2730    in generation 48
[14, 7, 16, 16, 18, 19, 14, 5, 5, 14, 5, 10, 9, 15, 20, 9, 4, 10, 10, 5, 4, 18, 9, 4, 19, 4, 8, 14, 18, 7, 15, 11, 3, 16, 19, 8, 10, 9, 15, 16, 19, 7, 14, 14, 16, 8, 18, 5, 4, 10, 2, 2, 6, 2, 4, 20, 14, 7, 14, 8, 20, 1, 5, 5, 2, 19, 8, 6, 4, 10, 2, 4, 2, 17, 10, 13, 12, 6, 16, 14, 18, 20, 3, 9, 6, 11, 2, 8, 1, 7, 3, 11, 7, 16, 11, 11, 9, 1, 11, 8, 11, 1, 7, 12, 13, 19, 8, 3, 10, 15, 20, 12, 8, 3, 13, 6, 16, 18, 17, 12, 6, 20, 17, 9, 15, 20, 12, 17, 19, 1, 3, 16, 7, 20, 5, 4, 18, 7, 11, 12, 10, 1, 5, 12, 13, 2, 12, 14, 6, 17, 20, 12, 13, 11, 19, 18, 1, 17, 3, 19, 9, 3, 15, 12, 17, 15, 13, 3, 5, 15, 10, 16, 7, 13, 8, 15, 18, 11, 15, 4, 18, 6, 17, 6, 1, 13, 17, 3, 2, 20, 9, 6, 1, 1, 17, 13, 2, 19, 13, 9]
bestever    2609    in generation 49
[14, 7, 16, 16, 18, 19, 14, 5, 5, 14, 5, 10, 9, 10, 20, 9, 4, 10, 10, 5, 4, 18, 9, 4, 19, 4, 8, 14, 18, 7, 15, 11, 3, 16, 19, 8, 10, 9, 15, 16, 19, 7, 14, 14, 16, 8, 18, 5, 4, 10, 2, 2, 6, 2, 4, 20, 14, 7, 14, 8, 20, 1, 5, 5, 2, 19, 8, 6, 4, 10, 2, 4, 2, 17, 10, 13, 12, 6, 16, 14, 18, 20, 3, 9, 6, 11, 2, 8, 1, 7, 3, 11, 7, 16, 11, 11, 9, 1, 11, 8, 11, 1, 7, 12, 13, 19, 8, 3, 10, 15, 20, 12, 8, 3, 13, 6, 16, 18, 17, 12, 6, 20, 17, 9, 15, 20, 12, 17, 19, 1, 3, 16, 7, 20, 5, 4, 18, 7, 11, 12, 15, 1, 5, 12, 13, 2, 12, 14, 6, 17, 20, 12, 13, 11, 19, 18, 1, 17, 3, 19, 9, 3, 15, 12, 17, 15, 13, 3, 5, 15, 10, 16, 7, 13, 8, 15, 18, 11, 15, 4, 18, 6, 17, 6, 1, 13, 17, 3, 2, 20, 9, 6, 1, 1, 17, 13, 2, 19, 13, 9]
bestever    2556    in generation 54
[14, 7, 16, 16, 18, 19, 14, 5, 5, 14, 5, 10, 9, 10, 20, 9, 4, 10, 10, 5, 4, 18, 9, 4, 19, 4, 8, 14, 18, 7, 15, 11, 3, 16, 19, 8, 10, 9, 15, 16, 19, 7, 14, 14, 16, 8, 18, 5, 4, 10, 2, 2, 6, 2, 4, 20, 14, 7, 14, 8, 20, 1, 5, 5, 2, 19, 8, 6, 4, 10, 2, 4, 2, 17, 10, 13, 12, 6, 16, 9, 18, 20, 3, 9, 6, 11, 2, 8, 1, 7, 3, 11, 7, 16, 11, 11, 9, 1, 11, 8, 11, 1, 7, 12, 13, 19, 8, 3, 10, 15, 20, 12, 8, 3, 13, 6, 16, 18, 17, 12, 6, 20, 17, 14, 15, 20, 12, 17, 19, 1, 3, 16, 7, 20, 5, 4, 18, 7, 11, 12, 15, 1, 5, 12, 13, 2, 12, 14, 6, 17, 20, 12, 13, 11, 19, 18, 1, 17, 3, 19, 9, 3, 15, 12, 17, 15, 13, 3, 5, 15, 10, 16, 7, 13, 8, 15, 18, 11, 15, 4, 18, 6, 17, 6, 1, 13, 17, 3, 2, 20, 9, 6, 1, 1, 17, 13, 2, 19, 13, 9]
bestever    2535    in generation 60
[14, 7, 16, 16, 18, 19, 14, 5, 5, 14, 5, 10, 9, 10, 20, 9, 4, 10, 10, 5, 4, 18, 9, 4, 19, 4, 8, 14, 18, 7, 15, 11, 3, 16, 19, 8, 10, 11, 15, 16, 19, 7, 14, 14, 16, 8, 18, 5, 4, 10, 2, 2, 6, 2, 4, 20, 14, 7, 14, 8, 20, 1, 5, 5, 2, 19, 8, 6, 4, 10, 2, 4, 2, 17, 10, 13, 12, 6, 16, 9, 18, 20, 3, 9, 6, 11, 2, 8, 1, 7, 3, 9, 7, 16, 11, 11, 9, 1, 11, 8, 11, 1, 7, 12, 13, 19, 8, 3, 10, 15, 20, 12, 8, 3, 13, 6, 16, 18, 17, 12, 6, 20, 17, 14, 15, 20, 12, 17, 19, 1, 3, 16, 7, 20, 5, 4, 18, 7, 11, 12, 15, 1, 5, 12, 13, 2, 12, 14, 6, 17, 20, 12, 13, 11, 19, 18, 1, 17, 3, 19, 9, 3, 15, 12, 17, 15, 13, 3, 5, 15, 10, 16, 7, 13, 8, 15, 18, 11, 15, 4, 18, 6, 17, 6, 1, 13, 17, 3, 2, 20, 9, 6, 1, 1, 17, 13, 2, 19, 13, 9]
bestever    2527    in generation 63
[14, 7, 16, 16, 18, 19, 14, 5, 5, 14, 5, 10, 9, 10, 20, 9, 4, 10, 10, 5, 4, 18, 9, 4, 19, 4, 8, 14, 18, 7, 15, 11, 3, 16, 19, 8, 10, 11, 15, 16, 19, 7, 14, 14, 16, 8, 18, 5, 4, 10, 2, 2, 6, 2, 4, 20, 14, 7, 14, 8, 20, 1, 5, 5, 2, 19, 8, 6, 4, 10, 2, 4, 2, 17, 10, 13, 12, 6, 16, 9, 18, 20, 3, 9, 6, 11, 2, 8, 1, 7, 3, 9, 7, 16, 11, 11, 9, 1, 11, 8, 11, 1, 7, 12, 13, 19, 8, 3, 9, 15, 20, 12, 8, 3, 13, 6, 16, 18, 17, 12, 6, 20, 17, 14, 15, 20, 12, 17, 19, 1, 3, 16, 7, 20, 5, 4, 18, 7, 11, 12, 15, 1, 5, 12, 13, 2, 12, 14, 6, 17, 20, 12, 13, 11, 19, 18, 1, 17, 3, 19, 10, 3, 15, 12, 17, 15, 13, 3, 5, 15, 10, 16, 7, 13, 8, 15, 18, 11, 15, 4, 18, 6, 17, 6, 1, 13, 17, 3, 2, 20, 9, 6, 1, 1, 17, 13, 2, 19, 13, 9]
bestever    2507    in generation 64
[14, 7, 16, 16, 18, 19, 14, 5, 5, 14, 5, 10, 9, 10, 20, 9, 4, 10, 10, 5, 4, 18, 9, 4, 19, 4, 8, 14, 18, 7, 15, 11, 3, 16, 19, 8, 10, 11, 15, 16, 19, 7, 14, 14, 16, 8, 18, 5, 4, 10, 2, 2, 6, 2, 4, 20, 9, 7, 14, 8, 20, 1, 5, 5, 2, 19, 8, 6, 4, 10, 2, 4, 2, 17, 10, 13, 12, 6, 16, 9, 18, 20, 3, 9, 6, 11, 2, 8, 1, 7, 3, 9, 7, 16, 11, 11, 9, 1, 11, 8, 11, 1, 7, 12, 13, 19, 8, 3, 10, 15, 20, 12, 8, 3, 13, 6, 16, 18, 17, 12, 6, 20, 17, 14, 15, 20, 12, 17, 19, 1, 3, 16, 7, 20, 5, 4, 18, 7, 11, 12, 15, 1, 5, 12, 13, 2, 12, 14, 6, 17, 20, 12, 13, 11, 19, 18, 1, 17, 3, 19, 14, 3, 15, 12, 17, 15, 13, 3, 5, 15, 10, 16, 7, 13, 8, 15, 18, 11, 15, 4, 18, 6, 17, 6, 1, 13, 17, 3, 2, 20, 9, 6, 1, 1, 17, 13, 2, 19, 13, 9]
bestever    2492    in generation 70
[14, 15, 16, 16, 18, 19, 14, 5, 5, 14, 5, 10, 9, 10, 20, 9, 4, 10, 10, 5, 4, 18, 9, 4, 19, 4, 8, 14, 18, 7, 15, 11, 3, 16, 19, 8, 10, 11, 7, 16, 19, 7, 14, 14, 16, 8, 18, 5, 4, 10, 2, 2, 6, 2, 4, 20, 9, 7, 14, 8, 20, 1, 5, 5, 2, 19, 8, 6, 4, 10, 2, 4, 2, 17, 10, 13, 12, 6, 16, 9, 18, 20, 3, 9, 6, 11, 2, 8, 1, 7, 3, 9, 7, 16, 11, 11, 9, 1, 11, 8, 11, 1, 7, 12, 13, 19, 8, 3, 10, 15, 20, 12, 8, 3, 13, 6, 16, 18, 17, 12, 6, 20, 17, 14, 15, 20, 12, 17, 19, 1, 3, 16, 7, 20, 5, 4, 18, 7, 11, 12, 15, 1, 5, 12, 13, 2, 12, 14, 6, 17, 20, 12, 13, 11, 19, 18, 1, 17, 3, 19, 14, 3, 15, 12, 17, 15, 13, 3, 5, 15, 10, 16, 7, 13, 8, 15, 18, 11, 15, 4, 18, 6, 17, 6, 1, 13, 17, 3, 2, 20, 9, 6, 1, 1, 17, 13, 2, 19, 13, 9]
bestever    2487    in generation 74
[14, 15, 16, 16, 18, 19, 14, 5, 5, 14, 5, 10, 9, 10, 20, 9, 4, 10, 10, 5, 4, 18, 9, 4, 19, 4, 8, 14, 18, 7, 15, 11, 3, 16, 19, 8, 10, 11, 7, 16, 19, 7, 14, 14, 16, 8, 18, 5, 4, 10, 2, 2, 6, 2, 4, 20, 9, 7, 14, 8, 20, 1, 5, 5, 2, 19, 8, 6, 4, 10, 2, 4, 2, 17, 10, 13, 12, 6, 16, 9, 18, 20, 3, 9, 6, 11, 2, 8, 1, 7, 3, 9, 7, 16, 11, 11, 9, 1, 11, 8, 11, 1, 7, 12, 13, 19, 8, 3, 10, 15, 20, 12, 8, 3, 13, 6, 16, 18, 17, 12, 6, 20, 17, 14, 15, 20, 12, 17, 19, 1, 3, 16, 7, 20, 5, 4, 18, 7, 11, 12, 15, 1, 5, 12, 13, 2, 12, 14, 5, 17, 20, 12, 13, 11, 19, 18, 1, 17, 3, 19, 14, 3, 15, 12, 17, 15, 13, 3, 6, 15, 10, 16, 7, 13, 8, 15, 18, 11, 15, 4, 18, 6, 17, 6, 1, 13, 17, 3, 2, 20, 9, 6, 1, 1, 17, 13, 2, 19, 13, 9]
bestever    2484    in generation 78
[14, 15, 16, 16, 18, 19, 14, 5, 5, 14, 5, 10, 9, 10, 20, 9, 4, 10, 10, 5, 4, 18, 9, 4, 19, 4, 8, 14, 18, 7, 15, 11, 3, 16, 19, 8, 10, 4, 7, 16, 19, 7, 14, 14, 16, 8, 18, 5, 4, 10, 2, 2, 6, 2, 4, 20, 9, 7, 14, 8, 20, 1, 5, 5, 2, 19, 8, 6, 4, 10, 2, 11, 2, 17, 10, 13, 12, 6, 16, 9, 18, 20, 3, 9, 6, 11, 2, 8, 1, 7, 3, 9, 7, 16, 11, 11, 9, 1, 11, 8, 11, 1, 7, 12, 13, 19, 8, 3, 10, 15, 20, 12, 8, 3, 13, 6, 16, 18, 17, 12, 6, 20, 17, 14, 15, 20, 12, 17, 19, 1, 3, 16, 7, 20, 5, 4, 18, 7, 11, 12, 15, 1, 5, 12, 13, 2, 12, 14, 5, 17, 20, 12, 13, 11, 19, 18, 1, 17, 3, 19, 14, 3, 15, 12, 17, 15, 13, 3, 6, 15, 10, 16, 7, 13, 8, 15, 18, 11, 15, 4, 18, 6, 17, 6, 1, 13, 17, 3, 2, 20, 9, 6, 1, 1, 17, 13, 2, 19, 13, 9]
bestever    2477    in generation 96
[14, 15, 16, 16, 18, 19, 14, 5, 5, 14, 5, 10, 9, 10, 20, 9, 4, 10, 10, 5, 4, 18, 9, 4, 19, 4, 8, 14, 18, 7, 15, 11, 3, 16, 19, 8, 10, 4, 7, 16, 19, 7, 14, 14, 16, 8, 18, 5, 4, 10, 2, 2, 6, 2, 4, 20, 9, 7, 14, 8, 20, 1, 5, 5, 2, 19, 8, 6, 4, 10, 2, 11, 2, 17, 10, 13, 12, 6, 16, 9, 18, 20, 3, 9, 6, 11, 2, 8, 1, 7, 3, 9, 7, 16, 11, 11, 12, 1, 11, 8, 11, 1, 7, 12, 13, 19, 8, 3, 10, 15, 20, 12, 8, 3, 13, 19, 16, 18, 17, 12, 6, 20, 17, 14, 15, 20, 9, 17, 19, 1, 3, 16, 7, 20, 5, 4, 18, 7, 11, 12, 15, 1, 5, 12, 13, 2, 12, 14, 5, 17, 20, 12, 13, 11, 6, 18, 1, 17, 3, 19, 14, 3, 15, 12, 17, 15, 13, 3, 6, 15, 10, 16, 7, 13, 8, 15, 18, 11, 15, 4, 18, 6, 17, 6, 1, 13, 17, 3, 2, 20, 9, 6, 1, 1, 17, 13, 2, 19, 13, 9]
bestever    2466    in generation 105
[14, 15, 16, 16, 18, 19, 14, 5, 5, 14, 5, 10, 9, 10, 20, 9, 4, 10, 10, 5, 4, 18, 9, 4, 19, 4, 8, 14, 18, 7, 15, 11, 3, 16, 19, 8, 10, 4, 7, 16, 19, 7, 14, 14, 16, 8, 18, 5, 4, 10, 2, 2, 6, 2, 4, 20, 9, 7, 14, 8, 20, 1, 5, 5, 2, 19, 8, 6, 4, 10, 2, 11, 2, 17, 10, 13, 12, 6, 16, 9, 18, 20, 3, 9, 6, 11, 2, 8, 1, 7, 3, 9, 7, 16, 11, 11, 12, 1, 11, 8, 11, 1, 7, 12, 13, 19, 8, 3, 10, 15, 20, 12, 8, 3, 13, 19, 16, 18, 17, 12, 6, 20, 17, 14, 15, 20, 9, 17, 19, 1, 3, 16, 7, 20, 5, 4, 18, 7, 11, 12, 15, 1, 5, 12, 13, 2, 12, 14, 5, 17, 20, 12, 13, 11, 6, 18, 1, 17, 3, 19, 14, 3, 15, 12, 17, 15, 13, 3, 6, 15, 10, 16, 7, 13, 8, 15, 18, 11, 15, 4, 18, 6, 17, 2, 1, 13, 17, 3, 2, 20, 9, 6, 1, 1, 17, 13, 6, 19, 13, 9]
bestever    2441    in generation 111
[14, 15, 16, 16, 18, 19, 14, 5, 5, 14, 5, 10, 9, 10, 20, 9, 4, 10, 10, 5, 4, 18, 9, 4, 19, 4, 8, 14, 18, 7, 15, 11, 3, 16, 19, 8, 10, 4, 7, 16, 19, 7, 14, 14, 16, 8, 18, 5, 4, 10, 2, 2, 6, 2, 4, 20, 9, 7, 14, 8, 20, 1, 5, 5, 2, 19, 8, 8, 4, 10, 2, 11, 2, 17, 10, 13, 12, 6, 16, 9, 18, 20, 3, 9, 6, 11, 2, 8, 1, 7, 3, 9, 7, 16, 11, 11, 12, 1, 11, 6, 11, 1, 7, 12, 13, 19, 8, 3, 10, 15, 20, 12, 8, 3, 13, 19, 16, 18, 17, 12, 6, 20, 17, 14, 15, 20, 9, 17, 19, 1, 3, 16, 7, 20, 5, 4, 18, 7, 11, 12, 15, 1, 5, 12, 13, 2, 12, 14, 5, 17, 20, 12, 13, 11, 6, 18, 1, 17, 3, 19, 14, 3, 15, 12, 17, 15, 13, 3, 6, 15, 10, 16, 7, 13, 8, 15, 18, 11, 15, 4, 18, 6, 17, 2, 1, 13, 17, 3, 2, 20, 9, 6, 1, 1, 17, 13, 6, 19, 13, 9]
bestever    2429    in generation 113
[14, 15, 16, 16, 18, 19, 14, 5, 5, 14, 5, 10, 9, 10, 20, 9, 4, 10, 10, 5, 4, 18, 9, 4, 19, 4, 8, 14, 18, 7, 15, 11, 3, 16, 19, 8, 10, 4, 7, 16, 19, 7, 14, 14, 16, 8, 18, 5, 4, 10, 2, 2, 6, 2, 4, 20, 9, 7, 14, 8, 20, 1, 5, 5, 2, 19, 8, 8, 4, 10, 2, 11, 2, 17, 10, 13, 12, 6, 16, 9, 18, 20, 8, 9, 6, 11, 2, 8, 1, 7, 3, 9, 7, 16, 11, 11, 12, 1, 11, 6, 11, 1, 7, 12, 13, 19, 8, 3, 10, 15, 20, 12, 8, 3, 13, 19, 16, 18, 17, 12, 6, 20, 17, 14, 15, 20, 9, 17, 19, 1, 3, 16, 7, 20, 5, 4, 18, 7, 11, 12, 15, 1, 5, 12, 13, 2, 12, 14, 5, 17, 20, 12, 13, 11, 6, 18, 1, 17, 3, 19, 14, 3, 15, 12, 17, 15, 13, 3, 6, 15, 10, 16, 7, 13, 3, 15, 18, 11, 15, 4, 18, 6, 17, 2, 1, 13, 17, 3, 2, 20, 9, 6, 1, 1, 17, 13, 6, 19, 13, 9]
bestever    2427    in generation 116
[14, 15, 16, 16, 18, 19, 14, 5, 5, 14, 5, 10, 9, 10, 20, 9, 4, 10, 10, 5, 4, 18, 9, 4, 19, 4, 8, 14, 18, 7, 15, 11, 3, 16, 19, 8, 10, 4, 7, 16, 19, 7, 14, 14, 16, 8, 18, 5, 4, 10, 2, 2, 6, 2, 4, 20, 9, 7, 14, 8, 20, 1, 5, 5, 2, 19, 8, 8, 4, 10, 2, 11, 2, 17, 10, 13, 12, 6, 16, 9, 18, 20, 8, 9, 6, 11, 2, 8, 1, 7, 3, 9, 7, 16, 11, 11, 12, 1, 11, 6, 11, 1, 7, 12, 13, 19, 8, 3, 10, 15, 20, 12, 8, 3, 13, 19, 16, 18, 17, 12, 6, 20, 17, 14, 15, 20, 9, 17, 19, 1, 3, 16, 7, 20, 5, 4, 18, 7, 11, 12, 15, 1, 5, 3, 13, 2, 12, 14, 5, 17, 20, 12, 13, 11, 6, 18, 1, 17, 3, 19, 14, 3, 15, 12, 17, 15, 13, 3, 6, 15, 10, 16, 7, 13, 3, 15, 18, 11, 15, 4, 18, 6, 17, 2, 1, 13, 17, 12, 2, 20, 9, 6, 1, 1, 17, 13, 6, 19, 13, 9]
bestever    2402    in generation 124
[14, 15, 16, 16, 18, 19, 14, 5, 5, 14, 5, 10, 9, 10, 20, 9, 4, 10, 10, 5, 4, 18, 9, 4, 19, 4, 8, 14, 18, 7, 15, 11, 3, 16, 19, 8, 10, 4, 7, 16, 19, 7, 14, 14, 16, 8, 18, 5, 4, 10, 2, 2, 6, 2, 4, 20, 9, 7, 14, 8, 20, 1, 5, 5, 2, 19, 8, 8, 4, 10, 2, 11, 2, 17, 10, 13, 12, 6, 16, 9, 18, 20, 8, 9, 6, 11, 2, 8, 1, 7, 3, 9, 7, 16, 11, 11, 12, 1, 7, 6, 11, 1, 7, 12, 13, 19, 8, 3, 10, 15, 20, 12, 8, 3, 13, 19, 16, 18, 17, 12, 6, 20, 17, 14, 15, 20, 9, 17, 19, 1, 3, 16, 11, 20, 5, 4, 18, 7, 11, 12, 15, 1, 5, 3, 13, 2, 12, 14, 5, 17, 20, 12, 13, 11, 6, 18, 1, 17, 3, 19, 14, 3, 15, 12, 17, 15, 13, 3, 6, 15, 10, 16, 7, 13, 3, 15, 18, 11, 15, 4, 18, 6, 17, 2, 1, 13, 17, 12, 2, 20, 9, 6, 1, 1, 17, 13, 6, 19, 13, 9]
bestever    2383    in generation 132
[14, 15, 16, 16, 18, 19, 14, 5, 5, 14, 5, 10, 9, 10, 20, 9, 4, 10, 10, 5, 4, 18, 9, 4, 19, 4, 8, 14, 18, 7, 15, 11, 3, 16, 19, 8, 10, 4, 7, 16, 19, 7, 14, 14, 16, 8, 18, 5, 4, 10, 2, 2, 6, 2, 4, 20, 9, 7, 14, 8, 20, 1, 5, 5, 2, 19, 8, 8, 4, 10, 19, 11, 2, 17, 10, 13, 12, 6, 16, 9, 18, 20, 8, 9, 6, 11, 2, 8, 1, 7, 3, 9, 7, 16, 11, 11, 12, 1, 7, 6, 11, 1, 7, 12, 13, 19, 8, 3, 10, 15, 20, 12, 8, 3, 13, 2, 16, 18, 17, 12, 6, 20, 17, 14, 15, 20, 9, 17, 19, 1, 3, 16, 11, 20, 5, 4, 18, 7, 11, 12, 15, 1, 5, 3, 13, 2, 12, 14, 5, 17, 20, 12, 13, 11, 6, 18, 1, 17, 3, 19, 14, 3, 15, 12, 17, 15, 13, 3, 6, 15, 10, 16, 7, 13, 3, 15, 18, 11, 15, 4, 18, 6, 17, 2, 1, 13, 17, 12, 2, 20, 9, 6, 1, 1, 17, 13, 6, 19, 13, 9]
bestever    2382    in generation 134
[14, 15, 16, 16, 18, 19, 14, 5, 5, 14, 5, 10, 9, 10, 20, 9, 4, 10, 10, 5, 4, 18, 9, 4, 19, 4, 8, 14, 18, 7, 15, 11, 3, 16, 19, 8, 10, 4, 7, 16, 19, 7, 14, 14, 16, 8, 18, 5, 4, 10, 2, 2, 6, 2, 4, 20, 9, 7, 14, 8, 20, 1, 5, 5, 2, 19, 8, 8, 4, 10, 19, 11, 2, 17, 10, 13, 12, 6, 16, 9, 18, 20, 8, 9, 6, 11, 2, 8, 1, 7, 3, 9, 7, 16, 11, 11, 12, 1, 7, 6, 11, 1, 7, 12, 13, 19, 8, 3, 10, 15, 20, 12, 8, 3, 13, 2, 16, 18, 17, 12, 6, 20, 17, 14, 15, 20, 9, 17, 19, 1, 3, 16, 11, 20, 5, 4, 18, 7, 11, 12, 15, 1, 5, 3, 13, 2, 12, 14, 5, 17, 20, 12, 13, 11, 6, 18, 1, 17, 3, 19, 14, 3, 15, 12, 17, 15, 13, 3, 6, 15, 10, 16, 7, 17, 3, 15, 18, 11, 15, 4, 18, 6, 17, 2, 1, 13, 17, 12, 2, 20, 9, 6, 1, 1, 13, 13, 6, 19, 13, 9]
bestever    2370    in generation 135
[14, 15, 16, 16, 18, 19, 14, 5, 5, 14, 5, 10, 9, 10, 20, 19, 4, 10, 10, 5, 4, 18, 9, 4, 19, 4, 8, 14, 18, 7, 15, 11, 3, 16, 19, 8, 10, 4, 7, 16, 19, 7, 14, 14, 16, 8, 18, 5, 4, 10, 2, 2, 6, 2, 4, 20, 9, 7, 14, 8, 20, 1, 5, 5, 2, 19, 8, 8, 4, 10, 19, 11, 2, 17, 10, 13, 12, 6, 16, 9, 18, 20, 8, 9, 6, 11, 2, 8, 1, 7, 3, 9, 7, 16, 11, 11, 12, 1, 7, 6, 11, 1, 7, 12, 13, 19, 8, 3, 10, 15, 20, 12, 8, 3, 13, 2, 16, 18, 17, 12, 6, 20, 17, 14, 15, 20, 9, 17, 19, 1, 3, 16, 11, 20, 5, 4, 18, 7, 11, 12, 15, 1, 5, 3, 13, 2, 12, 14, 5, 17, 20, 12, 13, 11, 6, 18, 1, 17, 3, 19, 14, 3, 15, 12, 17, 15, 13, 3, 6, 15, 10, 16, 7, 17, 3, 15, 18, 11, 15, 4, 18, 6, 17, 2, 1, 13, 17, 12, 2, 20, 9, 6, 1, 1, 13, 13, 6, 9, 13, 9]
bestever    2338    in generation 139
[14, 15, 16, 16, 18, 19, 14, 5, 5, 14, 5, 10, 9, 10, 20, 19, 4, 10, 10, 5, 4, 18, 9, 4, 19, 4, 8, 14, 18, 7, 15, 11, 3, 16, 19, 8, 10, 4, 7, 16, 19, 7, 14, 14, 16, 8, 18, 5, 4, 10, 2, 2, 6, 2, 4, 20, 9, 7, 14, 8, 20, 1, 5, 5, 2, 19, 8, 8, 4, 10, 19, 11, 2, 17, 10, 13, 12, 6, 16, 9, 18, 20, 8, 9, 6, 11, 2, 8, 1, 7, 3, 9, 7, 16, 11, 11, 12, 1, 7, 6, 11, 1, 7, 12, 13, 19, 8, 3, 10, 15, 20, 12, 8, 3, 13, 2, 16, 20, 17, 12, 6, 20, 17, 14, 15, 18, 9, 17, 19, 1, 3, 16, 11, 20, 5, 4, 18, 7, 11, 12, 15, 1, 5, 3, 13, 2, 12, 14, 5, 17, 20, 12, 13, 11, 6, 18, 1, 17, 3, 19, 14, 3, 15, 12, 17, 15, 13, 3, 6, 15, 10, 16, 7, 17, 3, 15, 18, 11, 15, 4, 18, 6, 17, 2, 1, 13, 17, 12, 2, 20, 9, 6, 1, 1, 13, 13, 6, 9, 13, 9]
bestever    2337    in generation 158
[14, 15, 16, 16, 18, 19, 14, 5, 5, 14, 5, 10, 9, 10, 20, 19, 4, 10, 10, 5, 4, 18, 9, 4, 19, 4, 8, 14, 18, 7, 15, 2, 3, 16, 19, 8, 10, 4, 7, 16, 19, 7, 14, 14, 16, 8, 18, 5, 4, 10, 2, 11, 6, 2, 4, 20, 9, 7, 14, 8, 20, 1, 5, 5, 2, 19, 8, 8, 4, 10, 19, 11, 2, 17, 10, 13, 12, 6, 16, 9, 18, 20, 8, 9, 6, 11, 2, 8, 1, 7, 3, 9, 7, 16, 11, 11, 12, 1, 7, 6, 11, 1, 7, 12, 13, 19, 8, 3, 10, 15, 20, 12, 8, 3, 13, 2, 16, 20, 17, 12, 6, 20, 17, 14, 15, 18, 9, 17, 19, 1, 3, 16, 11, 20, 5, 4, 18, 7, 11, 12, 15, 1, 5, 3, 13, 2, 12, 14, 5, 17, 20, 12, 13, 11, 6, 18, 1, 17, 3, 19, 14, 3, 15, 12, 17, 15, 13, 3, 6, 15, 10, 16, 7, 17, 3, 15, 18, 11, 15, 4, 18, 6, 17, 2, 1, 13, 17, 12, 2, 20, 9, 6, 1, 1, 13, 13, 6, 9, 13, 9]
bestever    2278    in generation 160
[14, 15, 16, 16, 18, 19, 14, 5, 5, 14, 5, 10, 9, 10, 20, 19, 4, 10, 10, 5, 4, 18, 9, 4, 19, 4, 8, 14, 18, 7, 15, 2, 3, 16, 19, 8, 10, 4, 7, 16, 19, 7, 14, 11, 16, 8, 18, 5, 4, 10, 2, 11, 6, 2, 4, 20, 9, 7, 14, 8, 20, 1, 5, 5, 2, 19, 8, 8, 4, 10, 19, 11, 2, 17, 10, 13, 12, 6, 16, 9, 18, 20, 8, 9, 6, 11, 2, 8, 1, 7, 3, 9, 7, 16, 11, 11, 12, 1, 7, 6, 11, 1, 7, 12, 13, 19, 8, 3, 10, 15, 20, 12, 8, 3, 13, 2, 16, 20, 17, 12, 6, 20, 17, 14, 15, 18, 9, 17, 19, 1, 3, 16, 11, 20, 5, 4, 18, 7, 11, 12, 15, 1, 5, 3, 13, 2, 12, 14, 5, 17, 20, 12, 13, 14, 6, 18, 1, 17, 3, 19, 14, 3, 15, 12, 17, 15, 13, 3, 6, 15, 10, 16, 7, 17, 3, 15, 18, 11, 15, 4, 18, 6, 17, 2, 1, 13, 17, 12, 2, 20, 9, 6, 1, 1, 13, 13, 6, 9, 13, 9]
bestever    2267    in generation 165
[14, 15, 16, 16, 18, 19, 14, 5, 5, 14, 5, 10, 9, 10, 20, 19, 4, 10, 10, 5, 4, 18, 9, 4, 19, 4, 8, 14, 18, 7, 15, 2, 3, 16, 19, 8, 10, 4, 7, 16, 19, 7, 14, 11, 16, 8, 18, 5, 4, 10, 2, 11, 6, 2, 4, 20, 9, 7, 14, 8, 20, 1, 5, 5, 2, 19, 8, 8, 4, 10, 19, 11, 2, 17, 10, 13, 12, 6, 16, 9, 18, 20, 8, 9, 6, 11, 2, 8, 1, 7, 3, 9, 7, 16, 11, 11, 12, 1, 7, 6, 11, 1, 7, 12, 13, 19, 8, 3, 10, 15, 20, 12, 8, 3, 13, 2, 16, 20, 17, 12, 6, 20, 17, 14, 15, 18, 9, 17, 19, 1, 3, 16, 11, 20, 5, 4, 18, 7, 11, 12, 15, 1, 5, 3, 13, 2, 12, 14, 5, 17, 20, 12, 13, 14, 6, 18, 1, 17, 3, 19, 14, 3, 15, 18, 17, 15, 13, 3, 6, 15, 10, 16, 7, 17, 3, 15, 12, 11, 15, 4, 18, 6, 17, 2, 1, 13, 17, 12, 2, 20, 9, 6, 1, 1, 13, 13, 6, 9, 13, 9]
bestever    2261    in generation 168
[14, 15, 16, 16, 18, 19, 14, 5, 5, 14, 5, 10, 9, 10, 20, 19, 4, 10, 10, 5, 4, 18, 9, 4, 19, 4, 8, 14, 18, 7, 15, 2, 3, 16, 19, 8, 10, 4, 7, 16, 19, 7, 14, 11, 16, 8, 18, 5, 4, 10, 2, 11, 6, 2, 4, 20, 9, 7, 14, 8, 20, 1, 5, 5, 2, 19, 8, 8, 4, 10, 19, 11, 2, 17, 10, 13, 12, 6, 16, 9, 18, 20, 8, 9, 6, 11, 2, 8, 1, 7, 3, 9, 7, 16, 11, 11, 12, 1, 7, 6, 11, 1, 7, 12, 13, 19, 8, 3, 10, 15, 20, 12, 8, 3, 13, 2, 16, 20, 17, 12, 6, 20, 17, 14, 15, 18, 9, 17, 19, 1, 3, 16, 11, 20, 5, 4, 18, 7, 11, 12, 15, 1, 5, 3, 13, 2, 12, 14, 5, 17, 20, 12, 13, 14, 6, 18, 1, 17, 3, 19, 14, 3, 15, 18, 17, 15, 13, 3, 6, 15, 10, 16, 7, 17, 3, 18, 12, 11, 15, 4, 15, 6, 17, 2, 1, 13, 17, 12, 2, 20, 9, 6, 1, 1, 13, 13, 6, 9, 13, 9]
bestever    2255    in generation 172
[14, 15, 16, 16, 12, 19, 14, 5, 5, 14, 5, 10, 9, 10, 20, 19, 4, 10, 10, 5, 4, 18, 9, 4, 19, 4, 8, 14, 18, 7, 15, 2, 3, 16, 19, 8, 10, 4, 7, 16, 19, 7, 14, 11, 16, 8, 18, 5, 4, 10, 2, 11, 6, 2, 4, 20, 9, 7, 14, 8, 20, 1, 5, 5, 2, 19, 8, 8, 4, 10, 19, 11, 2, 17, 10, 13, 12, 6, 16, 9, 18, 20, 8, 9, 6, 11, 2, 8, 1, 7, 3, 9, 7, 16, 11, 11, 12, 1, 7, 6, 11, 1, 7, 18, 13, 19, 8, 3, 10, 15, 20, 12, 8, 3, 13, 2, 16, 20, 17, 12, 6, 20, 17, 14, 15, 18, 9, 17, 19, 1, 3, 16, 11, 20, 5, 4, 18, 7, 11, 12, 15, 1, 5, 3, 13, 2, 12, 14, 5, 17, 20, 12, 13, 14, 6, 18, 1, 17, 3, 19, 14, 3, 15, 18, 17, 15, 13, 3, 6, 15, 10, 16, 7, 17, 3, 18, 12, 11, 15, 4, 15, 6, 17, 2, 1, 13, 17, 12, 2, 20, 9, 6, 1, 1, 13, 13, 6, 9, 13, 9]
bestever    2193    in generation 178
[14, 15, 16, 16, 15, 19, 14, 5, 5, 14, 5, 10, 9, 10, 20, 19, 4, 10, 10, 5, 4, 18, 9, 4, 19, 4, 8, 14, 18, 7, 15, 2, 3, 16, 19, 8, 10, 4, 7, 16, 19, 7, 14, 11, 16, 8, 18, 5, 4, 10, 2, 11, 6, 2, 4, 20, 9, 7, 14, 8, 20, 1, 5, 5, 2, 19, 8, 8, 4, 10, 19, 11, 2, 17, 10, 13, 12, 6, 16, 9, 18, 20, 8, 9, 6, 11, 2, 8, 1, 7, 3, 9, 7, 16, 11, 11, 12, 1, 7, 6, 11, 1, 7, 18, 13, 19, 8, 3, 10, 12, 20, 12, 8, 3, 13, 2, 16, 20, 17, 12, 6, 20, 17, 14, 15, 18, 9, 17, 19, 1, 3, 16, 11, 20, 5, 4, 18, 7, 11, 12, 15, 1, 5, 3, 13, 2, 12, 14, 5, 17, 20, 12, 13, 14, 6, 18, 1, 17, 3, 19, 14, 3, 15, 18, 17, 15, 13, 3, 6, 15, 10, 16, 7, 17, 3, 18, 12, 11, 15, 4, 15, 6, 17, 2, 1, 13, 17, 12, 2, 20, 9, 6, 1, 1, 13, 13, 6, 9, 13, 9]
bestever    2188    in generation 192
[14, 15, 16, 16, 15, 19, 14, 5, 5, 14, 5, 10, 9, 10, 20, 19, 4, 10, 10, 5, 4, 18, 9, 4, 19, 4, 8, 14, 18, 7, 15, 2, 3, 16, 19, 8, 10, 4, 7, 16, 19, 7, 14, 11, 16, 8, 18, 5, 4, 10, 2, 11, 6, 2, 4, 20, 9, 7, 14, 8, 20, 1, 5, 5, 2, 19, 8, 8, 4, 10, 19, 11, 2, 17, 10, 13, 12, 6, 16, 9, 18, 20, 8, 9, 6, 11, 2, 8, 1, 7, 3, 9, 7, 16, 11, 11, 12, 1, 7, 6, 11, 1, 7, 18, 13, 19, 8, 3, 10, 12, 20, 12, 8, 1, 13, 2, 16, 20, 17, 12, 6, 20, 17, 14, 15, 18, 9, 17, 19, 1, 3, 16, 11, 20, 5, 4, 18, 7, 11, 12, 15, 1, 5, 3, 13, 2, 12, 14, 5, 17, 20, 12, 13, 14, 6, 18, 3, 17, 3, 19, 14, 3, 15, 18, 17, 15, 13, 3, 6, 15, 10, 16, 7, 17, 3, 18, 12, 11, 15, 4, 15, 6, 17, 2, 1, 13, 17, 12, 2, 20, 9, 6, 1, 1, 13, 13, 6, 9, 13, 9]
bestever    2184    in generation 202
[14, 15, 16, 16, 15, 19, 14, 5, 5, 14, 5, 10, 9, 10, 20, 19, 4, 10, 10, 5, 4, 18, 9, 4, 19, 4, 8, 14, 18, 7, 15, 2, 3, 16, 19, 8, 10, 4, 7, 16, 19, 7, 14, 11, 16, 8, 18, 5, 4, 10, 2, 11, 6, 2, 4, 20, 9, 7, 14, 8, 20, 1, 5, 5, 2, 19, 8, 8, 4, 10, 19, 11, 2, 17, 10, 13, 12, 6, 16, 9, 18, 20, 8, 9, 6, 11, 2, 8, 1, 7, 3, 9, 7, 16, 11, 11, 12, 1, 7, 6, 11, 1, 7, 18, 13, 19, 8, 3, 10, 12, 20, 12, 8, 1, 13, 2, 16, 20, 17, 12, 6, 3, 17, 14, 15, 18, 9, 17, 19, 1, 3, 16, 11, 20, 5, 4, 18, 7, 11, 12, 15, 1, 5, 3, 13, 2, 12, 14, 5, 17, 20, 12, 13, 14, 6, 18, 20, 17, 3, 19, 14, 3, 15, 18, 17, 15, 13, 3, 6, 15, 10, 16, 7, 17, 3, 18, 12, 11, 15, 4, 15, 6, 17, 2, 1, 13, 17, 12, 2, 20, 9, 6, 1, 1, 13, 13, 6, 9, 13, 9]
bestever    2182    in generation 227
[14, 15, 16, 16, 15, 19, 14, 5, 5, 14, 5, 10, 9, 10, 20, 19, 4, 10, 10, 5, 4, 18, 9, 4, 19, 4, 8, 14, 18, 7, 15, 2, 3, 16, 19, 8, 10, 4, 7, 16, 19, 7, 14, 11, 16, 8, 18, 5, 4, 10, 2, 11, 6, 2, 4, 20, 9, 7, 14, 8, 20, 1, 5, 5, 2, 19, 8, 8, 4, 10, 19, 11, 2, 17, 10, 13, 12, 6, 16, 9, 18, 20, 8, 9, 6, 11, 2, 8, 1, 7, 3, 9, 7, 16, 11, 11, 12, 1, 7, 6, 11, 1, 7, 18, 13, 19, 8, 3, 10, 12, 20, 12, 8, 1, 13, 2, 16, 20, 17, 12, 6, 3, 17, 14, 15, 18, 9, 17, 19, 1, 3, 16, 11, 20, 5, 4, 18, 7, 11, 12, 15, 1, 5, 3, 13, 2, 12, 14, 5, 17, 20, 12, 13, 14, 6, 18, 20, 17, 3, 19, 14, 3, 15, 2, 17, 15, 13, 3, 6, 15, 10, 16, 7, 17, 3, 18, 12, 11, 15, 4, 15, 6, 17, 2, 1, 13, 17, 12, 18, 20, 9, 6, 1, 1, 13, 13, 6, 9, 13, 9]
bestever    2165    in generation 229
[14, 15, 16, 16, 15, 19, 14, 5, 5, 14, 5, 10, 9, 10, 20, 19, 4, 10, 10, 5, 4, 18, 9, 4, 19, 4, 8, 14, 18, 7, 15, 2, 3, 16, 19, 8, 10, 4, 7, 16, 19, 7, 14, 11, 16, 8, 18, 5, 4, 10, 2, 11, 6, 2, 4, 20, 9, 7, 14, 8, 20, 1, 5, 5, 2, 19, 8, 8, 4, 10, 19, 11, 2, 17, 10, 13, 12, 6, 16, 9, 18, 20, 8, 9, 6, 11, 2, 8, 1, 7, 3, 9, 7, 16, 11, 11, 12, 1, 7, 6, 11, 1, 7, 18, 13, 19, 8, 3, 10, 12, 20, 12, 8, 1, 13, 2, 16, 20, 17, 12, 6, 3, 17, 14, 15, 18, 9, 17, 19, 10, 3, 16, 11, 20, 5, 4, 18, 7, 11, 12, 15, 1, 5, 3, 13, 2, 12, 14, 5, 17, 20, 12, 13, 14, 6, 18, 20, 17, 3, 19, 14, 3, 15, 2, 17, 15, 13, 3, 6, 15, 1, 16, 7, 17, 3, 18, 12, 11, 15, 4, 15, 6, 17, 2, 1, 13, 17, 12, 18, 20, 9, 6, 1, 1, 13, 13, 6, 9, 13, 9]
bestever    2163    in generation 248
[14, 15, 16, 16, 15, 19, 14, 5, 5, 14, 5, 10, 9, 10, 20, 19, 4, 10, 10, 5, 4, 18, 9, 4, 19, 4, 8, 14, 18, 7, 15, 2, 3, 16, 19, 8, 10, 4, 7, 16, 19, 7, 14, 11, 16, 8, 18, 5, 4, 10, 2, 11, 6, 2, 4, 20, 9, 7, 14, 8, 20, 1, 5, 5, 2, 19, 8, 8, 4, 10, 19, 11, 2, 17, 10, 13, 12, 6, 16, 9, 18, 20, 8, 9, 6, 11, 2, 8, 1, 7, 3, 9, 7, 16, 11, 11, 12, 1, 7, 6, 11, 1, 7, 18, 13, 19, 8, 3, 10, 12, 20, 12, 8, 1, 13, 2, 16, 20, 17, 12, 6, 3, 17, 14, 15, 18, 9, 17, 19, 10, 3, 16, 11, 20, 5, 4, 18, 7, 11, 12, 15, 1, 5, 3, 13, 2, 12, 14, 5, 17, 20, 12, 13, 14, 6, 18, 20, 17, 3, 19, 14, 3, 15, 2, 17, 15, 13, 3, 6, 15, 1, 16, 7, 17, 3, 18, 18, 11, 15, 4, 15, 6, 17, 2, 1, 13, 17, 12, 12, 20, 9, 6, 1, 1, 13, 13, 6, 9, 13, 9]
bestever    2158    in generation 441
[14, 15, 16, 16, 15, 19, 14, 5, 5, 14, 5, 10, 9, 10, 20, 19, 4, 10, 10, 5, 4, 18, 9, 4, 19, 4, 8, 14, 18, 7, 15, 2, 3, 16, 19, 8, 10, 4, 7, 16, 19, 7, 14, 11, 16, 8, 18, 5, 4, 10, 2, 11, 6, 2, 4, 20, 9, 7, 14, 8, 20, 1, 5, 5, 2, 19, 8, 8, 4, 10, 19, 11, 2, 17, 10, 13, 12, 6, 16, 9, 18, 20, 8, 9, 6, 11, 2, 8, 1, 7, 3, 9, 7, 16, 11, 11, 12, 1, 7, 6, 11, 1, 7, 18, 13, 19, 12, 3, 10, 12, 20, 12, 8, 1, 13, 2, 16, 20, 17, 8, 6, 3, 17, 14, 15, 18, 9, 17, 19, 10, 3, 16, 11, 20, 5, 4, 18, 7, 11, 12, 15, 1, 5, 3, 13, 2, 12, 14, 5, 17, 20, 12, 13, 14, 6, 18, 20, 17, 3, 19, 14, 3, 15, 2, 17, 15, 13, 3, 6, 15, 1, 16, 7, 17, 3, 18, 18, 11, 15, 4, 15, 6, 17, 2, 1, 13, 17, 12, 12, 20, 9, 6, 1, 1, 13, 13, 6, 9, 13, 9]
bestever    2147    in generation 446
[14, 15, 16, 16, 15, 19, 14, 5, 5, 14, 5, 10, 9, 10, 20, 19, 4, 10, 10, 5, 4, 18, 9, 4, 19, 4, 8, 14, 18, 7, 15, 2, 3, 16, 19, 8, 10, 4, 7, 16, 19, 7, 14, 11, 16, 8, 18, 5, 4, 10, 2, 11, 6, 2, 4, 20, 9, 7, 14, 8, 20, 1, 5, 5, 2, 19, 8, 8, 4, 10, 19, 11, 2, 17, 10, 13, 12, 6, 16, 9, 18, 20, 8, 9, 6, 11, 2, 8, 1, 7, 3, 9, 7, 16, 11, 11, 12, 1, 7, 6, 11, 1, 7, 18, 13, 19, 12, 3, 10, 12, 20, 12, 8, 1, 13, 2, 16, 20, 17, 8, 6, 3, 17, 14, 15, 18, 9, 17, 19, 10, 3, 16, 11, 20, 5, 4, 18, 7, 11, 12, 15, 1, 5, 3, 13, 2, 12, 14, 5, 17, 20, 12, 13, 14, 6, 18, 20, 17, 3, 19, 14, 3, 15, 2, 17, 15, 13, 3, 6, 15, 1, 16, 7, 17, 3, 13, 18, 11, 15, 4, 15, 6, 17, 2, 1, 13, 17, 12, 12, 20, 9, 6, 1, 1, 13, 18, 6, 9, 13, 9]
bestever    2144    in generation 473
[14, 15, 16, 16, 15, 19, 14, 5, 5, 14, 5, 10, 9, 10, 20, 19, 4, 10, 10, 5, 4, 18, 9, 4, 19, 4, 8, 14, 18, 7, 15, 2, 3, 16, 19, 8, 10, 4, 7, 16, 19, 7, 14, 11, 16, 8, 18, 5, 4, 10, 2, 11, 6, 2, 4, 20, 9, 7, 14, 8, 20, 1, 5, 5, 2, 19, 8, 8, 4, 10, 19, 11, 2, 17, 10, 13, 12, 6, 16, 9, 18, 20, 8, 9, 6, 11, 2, 8, 1, 7, 3, 9, 7, 16, 11, 11, 12, 1, 7, 6, 11, 1, 7, 18, 13, 19, 12, 3, 10, 12, 20, 12, 8, 1, 13, 2, 16, 20, 17, 8, 6, 3, 17, 14, 15, 18, 9, 17, 19, 10, 3, 16, 11, 20, 5, 4, 18, 7, 11, 12, 15, 1, 5, 3, 13, 2, 12, 14, 5, 17, 20, 12, 13, 14, 6, 18, 20, 17, 3, 19, 14, 3, 15, 2, 17, 15, 13, 3, 6, 15, 1, 16, 7, 17, 3, 13, 18, 2, 15, 4, 15, 6, 17, 11, 1, 13, 17, 12, 12, 20, 9, 6, 1, 1, 13, 18, 6, 9, 13, 9]
bestever    2136    in generation 482
[14, 15, 16, 16, 15, 19, 14, 5, 5, 14, 5, 10, 9, 10, 20, 19, 4, 10, 10, 5, 4, 18, 9, 4, 19, 4, 8, 14, 18, 7, 15, 2, 3, 16, 5, 8, 10, 4, 7, 16, 19, 7, 14, 11, 16, 8, 18, 5, 4, 10, 2, 11, 6, 2, 4, 20, 9, 7, 14, 8, 20, 1, 19, 5, 2, 19, 8, 8, 4, 10, 19, 11, 2, 17, 10, 13, 12, 6, 16, 9, 18, 20, 8, 9, 6, 11, 2, 8, 1, 7, 3, 9, 7, 16, 11, 11, 12, 1, 7, 6, 11, 1, 7, 18, 13, 19, 12, 3, 10, 12, 20, 12, 8, 1, 13, 2, 16, 20, 17, 8, 6, 3, 17, 14, 15, 18, 9, 17, 19, 10, 3, 16, 11, 20, 5, 4, 18, 7, 11, 12, 15, 1, 5, 3, 13, 2, 12, 14, 5, 17, 20, 12, 13, 14, 6, 18, 20, 17, 3, 19, 14, 3, 15, 2, 17, 15, 13, 3, 6, 15, 1, 16, 7, 17, 3, 13, 18, 2, 15, 4, 15, 6, 17, 11, 1, 13, 17, 12, 12, 20, 9, 6, 1, 1, 13, 18, 6, 9, 13, 9]
bestever    2126    in generation 492
[14, 15, 16, 16, 15, 19, 14, 5, 5, 14, 5, 10, 9, 10, 20, 19, 4, 10, 10, 5, 4, 18, 9, 4, 19, 4, 8, 14, 18, 7, 15, 2, 3, 16, 5, 8, 10, 4, 7, 16, 19, 7, 14, 11, 16, 8, 18, 5, 4, 10, 2, 11, 6, 2, 4, 20, 9, 7, 14, 8, 20, 1, 19, 5, 2, 19, 8, 8, 4, 10, 19, 11, 2, 17, 10, 13, 12, 6, 16, 9, 18, 20, 8, 9, 6, 11, 2, 8, 1, 7, 10, 9, 7, 16, 11, 11, 12, 1, 7, 6, 11, 1, 7, 18, 13, 19, 12, 3, 3, 12, 20, 12, 8, 1, 13, 2, 16, 20, 17, 8, 6, 3, 17, 14, 15, 18, 9, 17, 19, 10, 3, 16, 11, 20, 5, 4, 18, 7, 11, 12, 15, 1, 5, 3, 13, 2, 12, 14, 5, 17, 20, 12, 13, 14, 6, 18, 20, 17, 3, 19, 14, 3, 15, 2, 17, 15, 13, 3, 6, 15, 1, 16, 7, 17, 3, 13, 18, 2, 15, 4, 15, 6, 17, 11, 1, 13, 17, 12, 12, 20, 9, 6, 1, 1, 13, 18, 6, 9, 13, 9]
bestever    2116    in generation 496
[14, 15, 16, 16, 15, 19, 14, 5, 5, 14, 5, 10, 9, 10, 20, 19, 4, 10, 10, 5, 4, 18, 9, 4, 19, 4, 8, 14, 18, 7, 15, 2, 3, 18, 5, 8, 10, 4, 7, 16, 19, 7, 14, 11, 16, 8, 16, 5, 4, 10, 2, 11, 6, 2, 4, 20, 9, 7, 14, 8, 20, 1, 19, 5, 2, 19, 8, 8, 4, 10, 19, 11, 2, 17, 10, 13, 12, 6, 16, 9, 18, 20, 8, 9, 6, 11, 2, 8, 1, 7, 10, 9, 7, 16, 11, 11, 12, 1, 7, 6, 11, 1, 7, 18, 13, 19, 12, 3, 3, 12, 20, 12, 8, 1, 13, 2, 16, 20, 17, 8, 6, 3, 17, 14, 15, 18, 9, 17, 19, 10, 3, 16, 11, 20, 5, 4, 18, 7, 11, 12, 15, 1, 5, 3, 13, 2, 12, 14, 5, 17, 20, 12, 13, 14, 6, 18, 20, 17, 3, 19, 14, 3, 15, 2, 17, 15, 13, 3, 6, 15, 1, 16, 7, 17, 3, 13, 18, 2, 15, 4, 15, 6, 17, 11, 1, 13, 17, 12, 12, 20, 9, 6, 1, 1, 13, 18, 6, 9, 13, 9]
bestever    2112    in generation 524
[14, 15, 16, 16, 15, 19, 14, 5, 5, 14, 5, 10, 9, 10, 20, 19, 4, 10, 10, 5, 4, 18, 9, 4, 19, 4, 8, 14, 18, 7, 15, 2, 3, 18, 5, 8, 10, 4, 7, 16, 19, 7, 14, 11, 16, 8, 16, 5, 4, 10, 2, 11, 6, 2, 4, 20, 9, 7, 14, 8, 20, 1, 19, 5, 2, 19, 8, 8, 4, 10, 19, 11, 2, 17, 10, 13, 12, 6, 16, 9, 18, 20, 8, 9, 6, 11, 2, 8, 1, 7, 10, 9, 7, 16, 11, 11, 3, 1, 7, 6, 11, 1, 7, 18, 13, 19, 12, 3, 3, 12, 20, 12, 8, 1, 13, 2, 16, 20, 17, 8, 6, 3, 17, 14, 15, 18, 9, 17, 19, 10, 3, 16, 11, 20, 5, 4, 18, 7, 11, 12, 15, 1, 5, 3, 13, 2, 12, 14, 5, 17, 20, 12, 13, 14, 6, 18, 20, 17, 3, 19, 14, 3, 15, 2, 17, 15, 13, 12, 6, 15, 1, 16, 7, 17, 3, 13, 18, 2, 15, 4, 15, 6, 17, 11, 1, 13, 17, 12, 12, 20, 9, 6, 1, 1, 13, 18, 6, 9, 13, 9]
bestever    2076    in generation 548
[14, 15, 16, 16, 15, 19, 14, 5, 5, 14, 5, 10, 9, 10, 20, 19, 4, 10, 10, 5, 4, 18, 9, 4, 19, 4, 8, 14, 18, 7, 15, 2, 3, 18, 5, 8, 10, 4, 7, 16, 19, 7, 14, 11, 16, 8, 16, 5, 4, 10, 2, 11, 6, 2, 4, 20, 9, 7, 14, 8, 20, 1, 19, 5, 2, 19, 8, 8, 4, 10, 19, 11, 2, 17, 10, 13, 12, 6, 16, 9, 18, 20, 8, 9, 6, 11, 2, 8, 1, 7, 10, 9, 7, 16, 11, 11, 3, 1, 7, 6, 11, 1, 7, 18, 13, 19, 12, 3, 3, 12, 20, 12, 8, 1, 13, 2, 16, 20, 17, 8, 6, 3, 17, 14, 15, 18, 9, 17, 19, 10, 1, 16, 11, 20, 5, 4, 18, 7, 11, 12, 15, 3, 5, 3, 13, 2, 12, 14, 5, 17, 20, 12, 13, 14, 6, 18, 20, 17, 3, 19, 14, 3, 15, 2, 17, 15, 13, 12, 6, 15, 1, 16, 7, 17, 3, 13, 18, 2, 15, 4, 15, 6, 17, 11, 1, 13, 17, 12, 12, 20, 9, 6, 1, 1, 13, 18, 6, 9, 13, 9]
bestever    2058    in generation 628
[14, 15, 16, 16, 15, 19, 14, 5, 5, 14, 5, 10, 9, 10, 20, 19, 4, 10, 10, 5, 4, 18, 9, 4, 19, 4, 8, 14, 18, 7, 15, 2, 3, 18, 5, 8, 10, 4, 7, 16, 19, 7, 14, 11, 16, 8, 16, 5, 4, 10, 2, 11, 6, 2, 4, 20, 9, 7, 14, 8, 20, 1, 19, 5, 2, 19, 8, 8, 4, 10, 19, 11, 2, 17, 10, 13, 12, 6, 16, 9, 18, 20, 8, 9, 6, 11, 2, 8, 1, 7, 10, 9, 7, 16, 11, 11, 3, 1, 7, 6, 11, 1, 7, 18, 13, 19, 12, 3, 3, 12, 20, 12, 8, 1, 13, 2, 16, 20, 17, 8, 6, 3, 17, 14, 15, 18, 9, 17, 19, 10, 1, 16, 11, 20, 5, 4, 18, 7, 11, 12, 15, 3, 5, 3, 13, 2, 12, 14, 5, 17, 20, 12, 13, 14, 6, 18, 20, 17, 3, 19, 14, 3, 15, 2, 17, 15, 13, 12, 6, 15, 1, 16, 7, 17, 3, 13, 18, 2, 15, 4, 20, 6, 17, 11, 1, 13, 17, 12, 12, 15, 9, 6, 1, 1, 13, 18, 6, 9, 13, 9]
bestever    2055    in generation 695
[14, 15, 16, 16, 15, 19, 14, 5, 5, 14, 5, 10, 9, 10, 20, 19, 4, 10, 10, 5, 4, 18, 9, 4, 19, 4, 8, 14, 18, 7, 15, 2, 3, 18, 5, 8, 10, 4, 7, 16, 19, 7, 14, 11, 16, 8, 20, 5, 4, 10, 2, 11, 6, 2, 4, 16, 9, 7, 14, 8, 20, 1, 19, 5, 2, 19, 8, 8, 4, 10, 19, 11, 2, 17, 10, 13, 12, 6, 16, 9, 18, 20, 8, 9, 6, 11, 2, 8, 1, 7, 10, 9, 7, 16, 11, 11, 3, 1, 7, 6, 11, 1, 7, 18, 13, 19, 12, 3, 3, 12, 20, 12, 8, 1, 13, 2, 16, 20, 17, 8, 6, 3, 17, 14, 15, 18, 9, 17, 19, 10, 1, 16, 11, 20, 5, 4, 18, 7, 11, 12, 15, 3, 5, 3, 13, 2, 12, 14, 5, 17, 20, 12, 13, 14, 6, 18, 20, 17, 3, 19, 14, 3, 15, 2, 17, 15, 13, 12, 6, 15, 1, 16, 7, 17, 3, 13, 18, 2, 15, 4, 20, 6, 17, 11, 1, 13, 17, 12, 12, 15, 9, 6, 1, 1, 13, 18, 6, 9, 13, 9]
bestever    2054    in generation 1174
[14, 15, 16, 16, 15, 19, 14, 5, 5, 14, 5, 10, 9, 10, 20, 19, 4, 10, 10, 5, 4, 18, 9, 4, 19, 4, 8, 14, 18, 19, 15, 2, 7, 18, 5, 8, 10, 4, 7, 16, 19, 7, 14, 11, 16, 8, 20, 5, 4, 10, 2, 11, 6, 2, 4, 16, 9, 7, 14, 8, 20, 1, 3, 5, 2, 19, 8, 8, 4, 10, 19, 11, 2, 17, 10, 13, 12, 6, 16, 9, 18, 20, 8, 9, 6, 11, 2, 8, 1, 7, 10, 9, 7, 16, 11, 11, 3, 1, 7, 6, 11, 1, 15, 7, 18, 13, 19, 12, 3, 3, 12, 20, 12, 8, 1, 14, 2, 16, 20, 17, 8, 6, 3, 17, 14, 18, 9, 17, 19, 20, 1, 16, 11, 10, 5, 4, 18, 7, 11, 12, 15, 3, 5, 3, 13, 2, 12, 16, 14, 5, 17, 20, 12, 13, 13, 6, 18, 20, 17, 3, 19, 14, 3, 15, 2, 17, 15, 13, 12, 6, 15, 1, 7, 17, 3, 13, 18, 2, 15, 4, 20, 6, 17, 11, 1, 13, 17, 12, 12, 15, 9, 6, 1, 1, 13, 18, 6, 9, 13, 9]
bestever    2039    in generation 1183
[14, 15, 16, 19, 15, 16, 14, 5, 5, 14, 5, 10, 9, 10, 20, 19, 4, 10, 10, 5, 4, 18, 9, 4, 19, 4, 8, 14, 18, 19, 15, 2, 7, 18, 5, 8, 10, 4, 7, 16, 19, 7, 14, 11, 16, 8, 20, 5, 4, 10, 2, 11, 6, 2, 4, 16, 9, 7, 14, 8, 20, 1, 3, 5, 2, 19, 8, 8, 4, 10, 19, 11, 2, 17, 10, 13, 12, 6, 16, 9, 18, 20, 8, 9, 6, 11, 2, 8, 1, 7, 10, 9, 7, 16, 11, 11, 3, 1, 7, 6, 11, 1, 15, 7, 18, 13, 19, 12, 3, 3, 12, 20, 12, 8, 1, 14, 2, 16, 20, 17, 8, 6, 3, 17, 14, 18, 9, 17, 19, 20, 1, 16, 11, 10, 5, 4, 18, 7, 11, 12, 15, 3, 5, 3, 13, 2, 12, 16, 14, 5, 17, 20, 12, 13, 13, 6, 18, 20, 17, 3, 19, 14, 3, 15, 2, 17, 15, 13, 12, 6, 15, 1, 7, 17, 3, 13, 18, 2, 15, 4, 20, 6, 17, 11, 1, 13, 17, 12, 12, 15, 9, 6, 1, 1, 13, 18, 6, 9, 13, 9]
bestever    2035    in generation 1783
[14, 15, 16, 19, 15, 16, 14, 5, 5, 14, 5, 10, 9, 10, 20, 19, 4, 10, 10, 5, 4, 18, 9, 4, 19, 4, 8, 14, 18, 19, 15, 2, 7, 18, 5, 8, 10, 4, 7, 16, 19, 7, 14, 11, 8, 16, 20, 5, 4, 10, 2, 11, 6, 2, 4, 16, 9, 7, 14, 8, 20, 1, 6, 5, 2, 19, 8, 8, 4, 10, 19, 11, 2, 17, 10, 13, 12, 3, 16, 9, 18, 20, 8, 9, 6, 11, 2, 8, 1, 7, 10, 9, 7, 16, 11, 11, 3, 1, 7, 6, 11, 1, 15, 7, 18, 20, 19, 12, 3, 3, 12, 20, 12, 8, 1, 14, 2, 16, 13, 17, 8, 7, 3, 5, 14, 18, 19, 9, 17, 20, 1, 16, 11, 10, 17, 4, 18, 7, 11, 12, 15, 3, 5, 3, 13, 2, 12, 16, 14, 5, 17, 20, 12, 13, 13, 6, 18, 20, 17, 3, 19, 14, 3, 15, 2, 17, 15, 13, 12, 6, 15, 1, 6, 17, 3, 13, 18, 2, 15, 4, 20, 6, 17, 11, 1, 13, 9, 12, 12, 15, 17, 6, 1, 1, 13, 18, 6, 9, 13, 9]
bestever    2033    in generation 1805
[14, 15, 16, 19, 15, 16, 14, 5, 5, 14, 5, 10, 9, 10, 20, 19, 4, 10, 10, 5, 4, 18, 9, 4, 19, 4, 8, 14, 18, 19, 15, 2, 7, 18, 5, 8, 10, 4, 7, 16, 19, 7, 14, 11, 8, 16, 20, 5, 4, 10, 2, 11, 6, 2, 4, 16, 9, 7, 14, 8, 20, 1, 6, 5, 2, 19, 8, 8, 4, 10, 19, 11, 2, 17, 10, 13, 12, 3, 16, 9, 18, 20, 8, 9, 6, 11, 2, 8, 1, 7, 10, 9, 7, 16, 11, 11, 3, 1, 7, 6, 11, 1, 15, 4, 18, 20, 19, 12, 3, 3, 12, 20, 12, 8, 1, 14, 2, 16, 13, 17, 8, 7, 3, 5, 14, 18, 19, 9, 17, 20, 1, 16, 11, 10, 17, 4, 18, 7, 11, 12, 15, 3, 5, 3, 13, 2, 12, 16, 14, 5, 17, 20, 12, 13, 13, 6, 18, 20, 17, 15, 19, 14, 3, 3, 2, 17, 15, 13, 12, 6, 15, 1, 6, 17, 3, 13, 18, 2, 15, 7, 20, 6, 17, 11, 1, 13, 9, 12, 12, 15, 17, 6, 1, 1, 13, 18, 6, 9, 13, 9]
bestever    2025    in generation 1816
[14, 15, 16, 19, 15, 16, 14, 5, 5, 14, 5, 10, 9, 10, 20, 19, 4, 10, 10, 5, 4, 18, 9, 4, 19, 4, 8, 14, 18, 19, 15, 2, 7, 18, 5, 8, 10, 4, 7, 16, 19, 7, 14, 11, 8, 16, 20, 5, 4, 10, 2, 11, 6, 2, 4, 16, 9, 7, 14, 8, 20, 1, 6, 5, 3, 19, 8, 8, 4, 10, 19, 11, 2, 17, 10, 13, 12, 2, 16, 9, 18, 20, 8, 9, 6, 11, 2, 8, 1, 7, 10, 9, 7, 16, 11, 11, 3, 1, 7, 6, 11, 1, 15, 4, 18, 20, 19, 12, 3, 3, 12, 20, 12, 8, 1, 14, 2, 16, 13, 17, 8, 7, 3, 5, 14, 18, 19, 9, 17, 20, 1, 16, 11, 10, 17, 4, 18, 7, 11, 12, 15, 3, 5, 3, 13, 2, 12, 16, 14, 5, 17, 20, 12, 13, 13, 6, 18, 20, 17, 15, 19, 14, 3, 3, 2, 17, 15, 13, 12, 6, 15, 1, 6, 17, 3, 13, 18, 2, 15, 7, 20, 6, 17, 11, 1, 13, 9, 12, 12, 15, 17, 6, 1, 1, 13, 18, 6, 9, 13, 9]
bestever    2017    in generation 1834
[14, 15, 16, 19, 15, 16, 14, 5, 5, 14, 5, 10, 9, 10, 20, 19, 4, 10, 10, 5, 4, 18, 9, 4, 19, 4, 8, 14, 18, 19, 15, 2, 7, 18, 5, 8, 10, 4, 7, 16, 19, 7, 2, 11, 8, 16, 20, 5, 4, 10, 2, 11, 6, 14, 4, 16, 9, 7, 14, 8, 20, 1, 6, 5, 3, 19, 8, 8, 4, 10, 19, 11, 2, 17, 10, 13, 12, 2, 16, 9, 18, 20, 8, 9, 6, 11, 2, 8, 1, 7, 10, 9, 7, 16, 11, 11, 3, 1, 7, 6, 11, 1, 15, 4, 18, 20, 19, 12, 3, 3, 12, 20, 12, 8, 1, 14, 2, 16, 13, 17, 8, 7, 3, 5, 14, 18, 19, 9, 17, 20, 1, 16, 11, 10, 17, 4, 18, 7, 11, 12, 15, 3, 5, 3, 13, 2, 12, 16, 14, 5, 17, 20, 12, 13, 13, 6, 18, 20, 17, 15, 19, 14, 3, 3, 2, 17, 15, 13, 12, 6, 15, 1, 6, 17, 3, 13, 18, 2, 15, 7, 20, 6, 17, 11, 1, 13, 9, 12, 12, 15, 17, 6, 1, 1, 13, 18, 6, 9, 13, 9]
bestever    2016    in generation 1845
[14, 15, 16, 19, 15, 16, 14, 5, 5, 14, 5, 10, 9, 10, 20, 19, 4, 10, 10, 5, 4, 18, 9, 4, 19, 4, 8, 14, 18, 19, 15, 2, 7, 18, 5, 8, 10, 4, 7, 16, 19, 7, 2, 11, 8, 16, 20, 5, 4, 10, 2, 11, 6, 14, 4, 16, 9, 7, 14, 8, 20, 1, 6, 5, 3, 19, 8, 8, 4, 10, 19, 11, 2, 17, 10, 13, 12, 2, 16, 9, 18, 20, 8, 9, 6, 11, 2, 8, 1, 7, 10, 9, 7, 16, 11, 11, 3, 1, 7, 6, 11, 1, 15, 4, 18, 20, 19, 12, 3, 3, 12, 20, 12, 8, 1, 14, 2, 16, 13, 17, 8, 7, 3, 5, 14, 18, 19, 1, 17, 20, 9, 16, 11, 10, 17, 4, 18, 7, 11, 12, 15, 3, 5, 3, 13, 2, 12, 16, 14, 5, 17, 20, 12, 13, 13, 6, 18, 20, 17, 15, 19, 14, 3, 3, 2, 17, 15, 13, 12, 6, 15, 1, 6, 17, 3, 13, 18, 2, 15, 7, 20, 6, 17, 11, 1, 13, 9, 12, 12, 15, 17, 6, 1, 1, 13, 18, 6, 9, 13, 9]
bestever    2014    in generation 1857
[14, 15, 16, 19, 15, 14, 16, 5, 5, 14, 5, 10, 9, 10, 20, 19, 4, 10, 10, 5, 4, 18, 9, 4, 19, 4, 8, 14, 18, 19, 15, 2, 7, 18, 5, 8, 10, 4, 7, 16, 19, 7, 2, 11, 8, 16, 20, 5, 4, 10, 2, 11, 6, 14, 4, 16, 9, 7, 14, 8, 20, 1, 6, 5, 3, 19, 8, 8, 4, 10, 19, 11, 2, 17, 10, 13, 12, 2, 16, 9, 18, 20, 8, 9, 6, 11, 2, 8, 1, 7, 10, 9, 7, 16, 11, 11, 3, 1, 7, 6, 11, 1, 15, 4, 18, 20, 19, 12, 3, 3, 12, 20, 12, 8, 1, 14, 2, 16, 13, 17, 8, 7, 3, 5, 14, 18, 19, 1, 17, 20, 9, 16, 11, 10, 17, 4, 18, 7, 11, 12, 15, 3, 5, 3, 13, 2, 12, 16, 14, 5, 17, 20, 12, 13, 13, 6, 18, 20, 17, 15, 19, 14, 3, 3, 2, 17, 15, 13, 12, 6, 15, 1, 6, 17, 3, 13, 18, 2, 15, 7, 20, 6, 17, 11, 1, 13, 9, 12, 12, 15, 17, 6, 1, 1, 13, 18, 6, 9, 13, 9]
bestever    2013    in generation 1912
[14, 15, 16, 19, 15, 14, 16, 5, 5, 14, 5, 10, 9, 10, 20, 19, 4, 10, 10, 5, 4, 18, 9, 4, 19, 4, 8, 14, 18, 19, 15, 2, 7, 18, 5, 8, 10, 4, 7, 16, 19, 7, 2, 11, 8, 16, 20, 5, 4, 10, 2, 11, 6, 14, 4, 16, 9, 7, 14, 8, 20, 1, 6, 5, 3, 19, 8, 8, 4, 10, 19, 11, 2, 17, 10, 13, 12, 2, 16, 9, 18, 20, 8, 9, 6, 11, 2, 8, 1, 7, 10, 9, 7, 16, 11, 11, 3, 1, 7, 6, 11, 1, 15, 4, 18, 20, 19, 12, 3, 3, 12, 20, 12, 8, 1, 14, 2, 16, 13, 17, 8, 7, 3, 5, 14, 18, 19, 1, 17, 20, 9, 16, 11, 5, 17, 4, 18, 7, 11, 12, 15, 3, 5, 3, 13, 2, 12, 16, 14, 10, 17, 20, 12, 13, 13, 6, 18, 20, 17, 15, 19, 14, 3, 3, 2, 17, 15, 13, 12, 6, 15, 1, 6, 17, 3, 13, 18, 2, 15, 7, 20, 6, 17, 11, 1, 13, 9, 12, 12, 15, 17, 6, 1, 1, 13, 18, 6, 9, 13, 9]
bestever    2007    in generation 1929
[14, 15, 16, 19, 15, 14, 16, 5, 5, 14, 5, 10, 9, 10, 20, 19, 4, 10, 10, 5, 4, 18, 9, 4, 19, 4, 8, 14, 18, 19, 15, 2, 7, 18, 5, 8, 10, 4, 7, 16, 19, 7, 2, 11, 8, 16, 20, 5, 4, 10, 2, 11, 6, 14, 4, 16, 9, 7, 14, 8, 20, 1, 6, 5, 3, 19, 8, 8, 4, 10, 19, 11, 2, 17, 10, 19, 12, 2, 16, 9, 18, 20, 8, 9, 6, 11, 2, 8, 1, 7, 10, 9, 7, 16, 11, 11, 3, 1, 7, 6, 11, 1, 15, 4, 18, 20, 19, 12, 3, 3, 12, 20, 12, 8, 1, 14, 2, 16, 13, 17, 8, 7, 3, 5, 14, 18, 13, 1, 17, 20, 9, 16, 11, 5, 17, 4, 18, 7, 11, 12, 15, 3, 5, 3, 13, 2, 12, 16, 14, 10, 17, 20, 12, 13, 13, 6, 18, 20, 17, 15, 19, 14, 3, 3, 2, 17, 15, 13, 12, 6, 15, 1, 6, 17, 3, 13, 18, 2, 15, 7, 20, 6, 17, 11, 1, 13, 9, 12, 12, 15, 17, 6, 1, 1, 13, 18, 6, 9, 13, 9]
bestever    2003    in generation 1975
[14, 15, 16, 19, 15, 14, 16, 5, 5, 14, 5, 10, 9, 10, 20, 19, 4, 10, 10, 5, 4, 18, 15, 4, 19, 4, 8, 14, 18, 19, 9, 2, 7, 18, 5, 8, 10, 4, 7, 16, 19, 7, 2, 11, 8, 16, 20, 5, 4, 10, 2, 11, 6, 14, 4, 16, 9, 7, 14, 8, 20, 1, 6, 5, 3, 19, 8, 8, 4, 10, 19, 11, 2, 17, 10, 19, 12, 2, 16, 9, 18, 20, 8, 9, 6, 11, 2, 8, 1, 7, 10, 9, 7, 16, 11, 11, 3, 1, 7, 6, 11, 1, 15, 4, 18, 20, 19, 12, 3, 3, 12, 20, 12, 8, 1, 14, 2, 16, 13, 17, 8, 7, 3, 5, 14, 18, 13, 1, 17, 20, 9, 16, 11, 5, 17, 4, 18, 7, 11, 12, 15, 3, 5, 3, 13, 2, 12, 16, 14, 10, 17, 20, 12, 13, 13, 6, 18, 20, 17, 15, 19, 14, 3, 3, 2, 17, 15, 13, 12, 6, 15, 1, 6, 17, 3, 13, 18, 2, 15, 7, 20, 6, 17, 11, 1, 13, 9, 12, 12, 15, 17, 6, 1, 1, 13, 18, 6, 9, 13, 9]
bestever    1993    in generation 2045
[14, 15, 16, 19, 15, 14, 16, 5, 5, 14, 5, 10, 9, 10, 20, 19, 4, 10, 10, 5, 4, 18, 15, 4, 19, 4, 8, 14, 18, 19, 9, 2, 7, 18, 5, 8, 10, 4, 7, 16, 19, 7, 2, 11, 8, 16, 20, 5, 4, 10, 2, 11, 6, 14, 4, 16, 9, 7, 14, 8, 20, 1, 6, 5, 3, 19, 8, 8, 4, 10, 19, 11, 2, 17, 10, 19, 12, 2, 16, 9, 18, 20, 8, 9, 6, 11, 2, 8, 1, 7, 10, 9, 7, 16, 11, 11, 3, 1, 7, 6, 11, 1, 15, 4, 18, 20, 19, 12, 3, 3, 12, 20, 12, 8, 1, 14, 2, 16, 13, 17, 8, 7, 3, 5, 14, 18, 13, 1, 17, 20, 9, 16, 11, 5, 17, 4, 18, 7, 11, 12, 15, 3, 5, 3, 13, 2, 12, 16, 14, 10, 17, 20, 12, 15, 13, 6, 18, 20, 17, 15, 19, 14, 3, 3, 2, 17, 13, 13, 12, 6, 15, 1, 6, 17, 3, 13, 18, 2, 15, 7, 20, 6, 17, 11, 1, 13, 9, 12, 12, 15, 17, 6, 1, 1, 13, 18, 6, 9, 13, 9]
bestever    1992    in generation 2052
[14, 15, 16, 19, 15, 14, 16, 5, 5, 14, 5, 10, 9, 10, 20, 19, 4, 10, 10, 5, 4, 18, 10, 4, 19, 4, 8, 14, 18, 19, 9, 2, 7, 18, 5, 8, 10, 4, 7, 16, 19, 7, 2, 11, 8, 16, 20, 5, 4, 10, 2, 11, 6, 14, 4, 16, 9, 7, 14, 8, 20, 1, 6, 5, 3, 19, 8, 8, 4, 10, 19, 11, 2, 17, 10, 19, 12, 2, 16, 9, 18, 20, 8, 9, 6, 11, 2, 8, 1, 7, 15, 9, 7, 16, 11, 11, 3, 1, 7, 6, 11, 1, 15, 4, 18, 20, 19, 12, 3, 3, 12, 20, 12, 8, 1, 14, 2, 16, 13, 17, 8, 7, 3, 5, 14, 18, 13, 1, 17, 20, 9, 16, 11, 5, 17, 4, 18, 7, 11, 12, 15, 3, 5, 3, 13, 2, 12, 16, 14, 10, 17, 20, 12, 15, 13, 6, 18, 20, 17, 15, 19, 14, 3, 3, 2, 17, 13, 13, 12, 6, 15, 1, 6, 17, 3, 13, 18, 2, 15, 7, 20, 6, 17, 11, 1, 13, 9, 12, 12, 15, 17, 6, 1, 1, 13, 18, 6, 9, 13, 9]
bestever    1990    in generation 2054
[14, 15, 16, 19, 15, 14, 16, 5, 5, 14, 5, 10, 9, 10, 20, 19, 4, 10, 10, 5, 4, 18, 10, 4, 19, 4, 8, 14, 18, 19, 9, 2, 7, 18, 5, 8, 10, 4, 7, 16, 19, 7, 2, 11, 8, 16, 20, 5, 4, 10, 2, 11, 6, 14, 4, 16, 9, 7, 14, 8, 20, 1, 6, 5, 3, 19, 8, 8, 4, 10, 19, 11, 2, 17, 10, 19, 12, 2, 16, 9, 18, 20, 8, 9, 6, 11, 2, 8, 1, 7, 14, 9, 7, 16, 11, 11, 3, 1, 7, 6, 11, 1, 15, 4, 18, 20, 19, 12, 3, 3, 12, 20, 12, 8, 1, 15, 2, 16, 13, 17, 8, 7, 3, 5, 14, 18, 13, 1, 17, 20, 9, 16, 11, 5, 17, 4, 18, 7, 11, 12, 15, 3, 5, 3, 13, 2, 12, 16, 14, 10, 17, 20, 12, 15, 13, 6, 18, 20, 17, 15, 19, 14, 3, 3, 2, 17, 13, 13, 12, 6, 15, 1, 6, 17, 3, 13, 18, 2, 15, 7, 20, 6, 17, 11, 1, 13, 9, 12, 12, 15, 17, 6, 1, 1, 13, 18, 6, 9, 13, 9]
bestever    1984    in generation 2110
[14, 15, 16, 19, 15, 14, 16, 5, 5, 14, 5, 10, 9, 10, 14, 19, 4, 10, 10, 5, 4, 18, 10, 4, 19, 4, 8, 14, 18, 19, 9, 2, 7, 18, 5, 8, 10, 4, 7, 16, 19, 7, 2, 11, 8, 16, 20, 5, 4, 10, 2, 11, 6, 20, 4, 16, 9, 7, 14, 8, 20, 1, 6, 5, 3, 19, 8, 8, 4, 10, 19, 11, 2, 17, 10, 19, 12, 2, 16, 9, 18, 20, 8, 9, 6, 11, 2, 8, 1, 7, 14, 9, 7, 16, 11, 11, 3, 1, 7, 6, 11, 1, 15, 4, 18, 20, 19, 12, 3, 3, 12, 20, 12, 8, 1, 15, 2, 16, 13, 17, 8, 7, 3, 5, 14, 18, 13, 1, 17, 20, 9, 16, 11, 5, 17, 4, 18, 7, 11, 12, 15, 3, 5, 3, 13, 2, 12, 16, 14, 10, 17, 20, 12, 15, 13, 6, 18, 20, 17, 15, 19, 14, 3, 3, 2, 17, 13, 13, 12, 6, 15, 1, 6, 17, 3, 13, 18, 2, 15, 7, 20, 6, 17, 11, 1, 13, 9, 12, 12, 15, 17, 6, 1, 1, 13, 18, 6, 9, 13, 9]
bestever    1960    in generation 2128
[14, 15, 16, 19, 15, 14, 16, 5, 5, 14, 5, 10, 9, 10, 14, 19, 4, 10, 10, 5, 4, 18, 10, 4, 19, 4, 8, 14, 18, 19, 9, 2, 7, 18, 5, 8, 10, 4, 7, 16, 19, 7, 2, 11, 8, 16, 20, 5, 4, 10, 2, 11, 6, 20, 4, 16, 9, 7, 14, 8, 20, 1, 6, 5, 3, 19, 8, 8, 4, 10, 19, 11, 2, 17, 10, 19, 12, 2, 16, 9, 18, 20, 8, 9, 6, 11, 2, 8, 1, 7, 14, 9, 7, 16, 11, 11, 3, 1, 7, 6, 11, 1, 19, 4, 18, 20, 19, 12, 3, 3, 12, 20, 12, 8, 1, 15, 2, 16, 13, 17, 8, 7, 3, 5, 14, 18, 13, 1, 17, 20, 9, 16, 11, 5, 17, 4, 18, 7, 11, 12, 15, 3, 5, 3, 13, 2, 12, 16, 14, 10, 17, 20, 12, 15, 13, 6, 18, 20, 17, 15, 15, 14, 3, 3, 2, 17, 13, 13, 12, 6, 15, 1, 6, 17, 3, 13, 18, 2, 15, 7, 20, 6, 17, 11, 1, 13, 9, 12, 12, 15, 17, 6, 1, 1, 13, 18, 6, 9, 13, 9]
bestever    1958    in generation 2131
[14, 15, 16, 19, 15, 14, 5, 5, 16, 14, 5, 10, 9, 10, 14, 19, 4, 10, 10, 5, 4, 18, 10, 4, 19, 4, 8, 14, 18, 19, 9, 2, 7, 18, 5, 8, 10, 4, 7, 16, 19, 7, 2, 11, 8, 16, 20, 5, 4, 10, 2, 11, 6, 20, 4, 16, 9, 7, 14, 8, 20, 1, 6, 5, 3, 19, 8, 8, 4, 10, 19, 11, 2, 17, 10, 19, 12, 2, 16, 9, 18, 20, 8, 9, 6, 11, 2, 8, 1, 7, 14, 9, 7, 16, 11, 11, 3, 1, 7, 6, 11, 1, 19, 4, 18, 20, 19, 12, 3, 3, 12, 20, 12, 8, 1, 15, 2, 16, 13, 17, 8, 7, 3, 5, 14, 18, 13, 1, 17, 20, 9, 16, 11, 5, 17, 4, 18, 7, 11, 12, 15, 3, 5, 3, 13, 2, 12, 16, 14, 10, 17, 20, 12, 15, 13, 6, 18, 20, 17, 15, 15, 14, 3, 3, 2, 17, 13, 13, 12, 6, 15, 1, 6, 17, 3, 13, 18, 2, 15, 7, 20, 6, 17, 11, 1, 13, 9, 12, 12, 15, 17, 6, 1, 1, 13, 18, 6, 9, 13, 9]
bestever    1957    in generation 2169
[14, 15, 16, 19, 15, 14, 5, 5, 16, 14, 14, 10, 9, 10, 14, 19, 4, 10, 10, 5, 4, 18, 10, 4, 19, 4, 8, 14, 18, 19, 9, 2, 7, 18, 5, 8, 10, 4, 7, 16, 19, 7, 2, 11, 8, 16, 20, 5, 4, 10, 2, 11, 6, 20, 4, 16, 9, 7, 5, 8, 20, 1, 6, 5, 3, 19, 8, 8, 4, 10, 19, 11, 2, 17, 10, 19, 12, 2, 16, 9, 18, 20, 8, 9, 6, 11, 2, 8, 1, 7, 14, 9, 7, 16, 11, 11, 3, 1, 7, 6, 11, 1, 19, 4, 18, 20, 19, 12, 3, 3, 12, 20, 12, 8, 1, 15, 2, 16, 13, 17, 8, 7, 3, 5, 14, 18, 13, 1, 17, 20, 9, 11, 16, 5, 17, 4, 18, 7, 11, 12, 15, 3, 5, 3, 13, 2, 12, 16, 14, 10, 17, 20, 12, 15, 13, 6, 18, 20, 17, 15, 15, 14, 3, 3, 2, 17, 13, 13, 12, 6, 15, 1, 6, 17, 3, 13, 18, 2, 15, 7, 20, 6, 17, 11, 1, 13, 9, 12, 12, 15, 17, 6, 1, 1, 13, 18, 6, 9, 13, 9]
bestever    1953    in generation 2198
[14, 15, 16, 19, 15, 14, 5, 5, 16, 14, 14, 10, 9, 10, 14, 19, 4, 10, 10, 5, 4, 18, 10, 4, 19, 4, 8, 14, 18, 19, 9, 2, 7, 18, 5, 8, 10, 4, 7, 16, 19, 7, 2, 11, 8, 16, 20, 5, 4, 10, 2, 11, 6, 20, 4, 16, 9, 7, 5, 8, 20, 1, 6, 5, 3, 19, 8, 8, 4, 10, 19, 11, 2, 17, 10, 19, 12, 2, 16, 9, 18, 20, 8, 9, 6, 11, 2, 8, 1, 7, 14, 9, 7, 16, 11, 11, 3, 1, 7, 6, 11, 1, 19, 4, 18, 20, 19, 12, 3, 3, 12, 20, 12, 8, 1, 15, 2, 16, 13, 17, 8, 15, 3, 5, 14, 18, 13, 1, 17, 20, 9, 11, 16, 5, 17, 4, 18, 7, 11, 12, 15, 3, 5, 3, 13, 2, 12, 16, 14, 10, 17, 20, 12, 15, 13, 6, 18, 20, 17, 15, 7, 14, 3, 3, 2, 17, 13, 13, 12, 6, 15, 1, 6, 17, 3, 13, 18, 2, 15, 7, 20, 6, 17, 11, 1, 13, 9, 12, 12, 15, 17, 6, 1, 1, 13, 18, 6, 9, 13, 9]
bestever    1947    in generation 2215
[14, 15, 16, 19, 15, 14, 5, 5, 16, 14, 14, 10, 9, 10, 14, 19, 4, 10, 10, 5, 4, 18, 10, 4, 19, 4, 8, 14, 18, 19, 9, 2, 7, 18, 5, 8, 10, 4, 7, 16, 19, 7, 2, 11, 8, 16, 20, 5, 4, 10, 2, 11, 6, 20, 4, 16, 9, 7, 5, 8, 20, 1, 6, 5, 3, 19, 8, 8, 4, 10, 19, 11, 2, 17, 10, 19, 12, 2, 16, 9, 18, 20, 8, 9, 6, 11, 2, 8, 1, 7, 14, 9, 7, 16, 11, 11, 3, 1, 7, 6, 11, 1, 19, 4, 20, 20, 19, 12, 3, 3, 12, 18, 12, 8, 1, 15, 2, 16, 13, 17, 8, 15, 3, 5, 14, 18, 13, 1, 17, 20, 9, 11, 16, 5, 17, 4, 18, 7, 11, 12, 15, 3, 5, 3, 13, 2, 12, 16, 14, 10, 17, 20, 12, 15, 13, 6, 18, 20, 17, 15, 7, 14, 3, 3, 2, 17, 13, 13, 12, 6, 15, 1, 6, 17, 3, 13, 18, 2, 15, 7, 20, 6, 17, 11, 1, 13, 9, 12, 12, 15, 17, 6, 1, 1, 13, 18, 6, 9, 13, 9]
bestever    1942    in generation 2221
[14, 15, 16, 19, 15, 14, 5, 5, 14, 14, 14, 10, 9, 10, 14, 19, 4, 10, 10, 5, 4, 18, 10, 4, 19, 4, 8, 16, 18, 19, 9, 2, 7, 18, 5, 8, 10, 4, 7, 16, 19, 7, 2, 11, 8, 16, 20, 5, 4, 10, 2, 11, 6, 20, 4, 16, 9, 7, 5, 8, 20, 1, 6, 5, 3, 19, 8, 8, 4, 10, 19, 11, 2, 17, 10, 19, 12, 2, 16, 9, 18, 20, 8, 9, 6, 11, 2, 8, 1, 7, 14, 9, 7, 16, 11, 11, 3, 1, 7, 6, 11, 1, 19, 4, 20, 20, 19, 12, 3, 3, 12, 18, 12, 8, 1, 15, 2, 16, 13, 17, 8, 15, 3, 5, 14, 18, 13, 1, 17, 20, 9, 11, 16, 5, 17, 4, 18, 7, 11, 12, 15, 3, 5, 3, 13, 2, 12, 16, 14, 10, 17, 20, 12, 15, 13, 6, 18, 20, 17, 15, 7, 14, 3, 3, 2, 17, 13, 13, 12, 6, 15, 1, 6, 17, 3, 13, 18, 2, 15, 7, 20, 6, 17, 11, 1, 13, 9, 12, 12, 15, 17, 6, 1, 1, 13, 18, 6, 9, 13, 9]
bestever    1941    in generation 2231
[14, 15, 16, 19, 15, 14, 5, 5, 14, 14, 14, 10, 9, 10, 14, 19, 4, 10, 10, 5, 4, 18, 10, 4, 19, 4, 8, 16, 18, 19, 9, 2, 7, 18, 5, 8, 10, 4, 7, 16, 19, 7, 2, 11, 8, 16, 20, 5, 4, 10, 2, 11, 6, 20, 4, 16, 9, 7, 5, 8, 20, 1, 6, 5, 3, 19, 8, 8, 4, 10, 19, 11, 2, 17, 10, 19, 12, 2, 16, 9, 18, 20, 8, 9, 6, 11, 2, 8, 1, 7, 14, 9, 7, 16, 11, 11, 3, 1, 7, 6, 11, 1, 19, 4, 20, 20, 19, 12, 3, 3, 12, 18, 12, 8, 1, 15, 2, 16, 13, 17, 8, 15, 3, 5, 14, 18, 13, 1, 17, 20, 5, 11, 16, 5, 17, 4, 18, 7, 11, 12, 15, 3, 9, 3, 13, 2, 12, 16, 14, 10, 17, 20, 12, 15, 13, 6, 18, 20, 17, 15, 7, 14, 3, 3, 2, 17, 13, 13, 12, 6, 15, 1, 6, 17, 3, 13, 18, 2, 15, 7, 20, 6, 17, 11, 1, 13, 9, 12, 12, 15, 17, 6, 1, 1, 13, 18, 6, 9, 13, 9]
bestever    1938    in generation 2235
[14, 15, 16, 19, 15, 14, 5, 5, 14, 14, 14, 10, 9, 10, 14, 19, 4, 10, 10, 5, 4, 18, 10, 4, 19, 4, 8, 16, 14, 19, 9, 2, 7, 18, 5, 8, 10, 4, 7, 16, 19, 7, 2, 11, 8, 16, 20, 5, 4, 10, 2, 11, 6, 20, 4, 16, 9, 7, 5, 8, 20, 1, 6, 5, 3, 19, 8, 8, 4, 10, 19, 11, 2, 17, 10, 19, 12, 2, 16, 9, 18, 20, 8, 9, 6, 11, 2, 8, 1, 7, 18, 9, 7, 16, 11, 11, 3, 1, 7, 6, 11, 1, 19, 4, 20, 20, 19, 12, 3, 3, 12, 18, 12, 8, 1, 15, 2, 16, 13, 17, 8, 15, 3, 5, 14, 18, 13, 1, 17, 20, 5, 11, 16, 5, 17, 4, 18, 7, 11, 12, 15, 3, 9, 3, 13, 2, 12, 16, 14, 10, 17, 20, 12, 15, 13, 6, 18, 20, 17, 15, 7, 14, 3, 3, 2, 17, 13, 13, 12, 6, 15, 1, 6, 17, 3, 13, 18, 2, 15, 7, 20, 6, 17, 11, 1, 13, 9, 12, 12, 15, 17, 6, 1, 1, 13, 18, 6, 9, 13, 9]
bestever    1935    in generation 2251
[14, 15, 16, 19, 15, 14, 10, 5, 14, 14, 14, 10, 9, 10, 14, 19, 4, 10, 10, 5, 4, 18, 10, 4, 19, 4, 8, 16, 14, 19, 9, 2, 7, 18, 5, 8, 5, 4, 7, 16, 19, 7, 2, 11, 8, 16, 20, 5, 4, 10, 2, 11, 6, 20, 4, 16, 9, 7, 5, 8, 20, 1, 6, 5, 3, 19, 8, 8, 4, 10, 19, 11, 2, 17, 10, 19, 12, 2, 16, 9, 18, 20, 8, 9, 6, 11, 2, 8, 1, 7, 18, 9, 7, 16, 11, 11, 3, 1, 7, 6, 11, 1, 19, 4, 20, 20, 19, 12, 3, 3, 12, 18, 12, 8, 1, 15, 2, 16, 13, 17, 8, 15, 3, 5, 14, 18, 13, 1, 17, 20, 5, 11, 16, 5, 17, 4, 18, 7, 11, 12, 15, 3, 9, 3, 13, 2, 12, 16, 14, 10, 17, 20, 12, 15, 13, 6, 18, 20, 17, 15, 7, 14, 3, 3, 2, 17, 13, 13, 12, 6, 15, 1, 6, 17, 3, 13, 18, 2, 15, 7, 20, 6, 17, 11, 1, 13, 9, 12, 12, 15, 17, 6, 1, 1, 13, 18, 6, 9, 13, 9]
bestever    1929    in generation 2307
[14, 15, 16, 19, 15, 14, 10, 5, 14, 14, 14, 10, 9, 10, 14, 19, 4, 10, 10, 5, 4, 18, 10, 4, 19, 4, 8, 16, 14, 19, 9, 2, 7, 18, 20, 8, 5, 4, 7, 16, 19, 7, 2, 11, 8, 16, 20, 5, 4, 10, 2, 11, 6, 5, 4, 16, 9, 7, 5, 8, 20, 1, 6, 5, 3, 19, 8, 8, 4, 10, 19, 11, 2, 17, 10, 19, 12, 2, 16, 9, 18, 20, 8, 9, 6, 11, 2, 8, 1, 7, 18, 9, 7, 16, 11, 11, 3, 1, 7, 6, 11, 1, 19, 4, 20, 20, 19, 12, 3, 3, 12, 18, 12, 8, 1, 15, 2, 16, 13, 17, 8, 15, 3, 5, 14, 18, 13, 1, 17, 20, 5, 11, 16, 5, 17, 4, 18, 7, 11, 12, 15, 3, 9, 3, 13, 2, 12, 16, 14, 10, 17, 20, 12, 15, 13, 6, 18, 20, 17, 15, 7, 14, 3, 3, 2, 17, 13, 13, 12, 6, 15, 1, 6, 17, 3, 13, 18, 2, 15, 7, 20, 6, 17, 11, 1, 13, 9, 12, 12, 15, 17, 6, 1, 1, 13, 18, 6, 9, 13, 9]
bestever    1924    in generation 2344
[19, 15, 16, 14, 15, 14, 10, 5, 14, 14, 14, 10, 9, 10, 14, 19, 4, 10, 10, 5, 4, 18, 10, 4, 19, 4, 8, 16, 14, 19, 9, 2, 7, 18, 20, 8, 5, 4, 7, 16, 19, 7, 2, 11, 8, 16, 20, 5, 4, 10, 2, 11, 6, 5, 4, 16, 9, 7, 5, 8, 20, 1, 6, 5, 3, 19, 8, 8, 4, 10, 19, 11, 2, 17, 10, 19, 12, 2, 16, 9, 18, 20, 8, 9, 6, 11, 2, 8, 1, 7, 18, 9, 7, 16, 11, 11, 3, 1, 7, 6, 11, 1, 19, 4, 20, 20, 19, 12, 3, 3, 12, 18, 12, 8, 1, 15, 2, 16, 13, 17, 8, 15, 3, 5, 14, 18, 13, 1, 17, 20, 5, 11, 16, 5, 17, 4, 18, 7, 11, 12, 15, 3, 9, 3, 13, 2, 12, 16, 14, 10, 17, 20, 12, 15, 13, 6, 18, 20, 17, 15, 7, 14, 3, 3, 2, 17, 13, 13, 12, 6, 15, 1, 6, 17, 3, 13, 18, 2, 15, 7, 20, 6, 17, 11, 1, 13, 9, 12, 12, 15, 17, 6, 1, 1, 13, 18, 6, 9, 13, 9]
bestever    1923    in generation 2485
[19, 15, 16, 14, 15, 14, 10, 5, 14, 14, 14, 10, 9, 10, 14, 19, 4, 10, 10, 5, 4, 18, 14, 4, 19, 4, 8, 16, 10, 19, 9, 10, 7, 18, 20, 8, 5, 4, 7, 16, 19, 7, 2, 11, 8, 16, 20, 5, 4, 10, 2, 11, 6, 5, 4, 16, 9, 7, 5, 2, 8, 20, 1, 6, 5, 3, 19, 8, 8, 4, 2, 19, 11, 14, 10, 19, 12, 2, 16, 9, 18, 20, 8, 9, 6, 11, 2, 8, 1, 7, 18, 9, 7, 16, 11, 11, 3, 1, 7, 6, 11, 1, 19, 4, 20, 20, 19, 12, 3, 3, 12, 18, 12, 8, 1, 15, 2, 16, 13, 17, 8, 15, 3, 5, 14, 18, 13, 1, 17, 20, 5, 11, 16, 5, 17, 4, 18, 7, 11, 12, 15, 3, 9, 3, 13, 2, 12, 16, 14, 10, 17, 20, 12, 15, 13, 6, 18, 20, 17, 15, 7, 17, 3, 3, 2, 17, 13, 13, 12, 6, 15, 1, 6, 17, 3, 13, 18, 2, 15, 7, 20, 6, 17, 11, 1, 13, 9, 12, 12, 15, 17, 6, 1, 1, 13, 18, 6, 9, 13, 9]
bestever    1912    in generation 2610
[19, 15, 16, 14, 15, 14, 10, 5, 14, 14, 14, 10, 14, 10, 9, 19, 4, 10, 10, 5, 4, 18, 14, 4, 19, 4, 8, 16, 10, 19, 9, 10, 7, 18, 20, 8, 5, 4, 7, 16, 19, 7, 2, 11, 8, 16, 20, 5, 4, 10, 2, 11, 6, 5, 4, 16, 9, 7, 5, 2, 8, 20, 1, 2, 5, 3, 19, 8, 8, 4, 2, 19, 11, 14, 10, 19, 12, 2, 16, 9, 18, 20, 8, 9, 6, 11, 6, 8, 1, 7, 18, 9, 7, 16, 11, 11, 3, 1, 7, 6, 11, 1, 19, 4, 20, 20, 19, 12, 3, 3, 12, 18, 12, 8, 1, 15, 2, 16, 13, 17, 8, 15, 3, 5, 14, 18, 13, 1, 17, 20, 5, 11, 16, 5, 17, 4, 18, 7, 11, 12, 15, 3, 9, 3, 13, 2, 12, 16, 14, 10, 17, 20, 12, 15, 13, 6, 18, 20, 17, 15, 7, 17, 3, 12, 3, 2, 17, 13, 13, 12, 18, 15, 1, 6, 17, 3, 13, 18, 2, 15, 7, 20, 6, 17, 11, 1, 13, 9, 12, 15, 17, 6, 1, 1, 13, 6, 6, 9, 13, 9]
bestever    1911    in generation 2730
[19, 15, 16, 14, 15, 14, 10, 7, 5, 14, 14, 14, 10, 14, 10, 9, 19, 4, 10, 10, 5, 4, 18, 14, 4, 19, 4, 8, 16, 10, 19, 9, 10, 7, 18, 20, 8, 5, 4, 7, 16, 19, 7, 2, 11, 5, 16, 20, 5, 4, 10, 2, 9, 6, 8, 4, 16, 11, 5, 2, 8, 20, 1, 2, 5, 3, 19, 8, 8, 4, 2, 19, 11, 14, 10, 19, 12, 2, 16, 9, 18, 20, 8, 9, 6, 11, 6, 8, 1, 7, 18, 9, 7, 16, 11, 11, 3, 1, 7, 6, 11, 1, 19, 4, 20, 20, 19, 12, 3, 3, 12, 18, 12, 8, 1, 15, 2, 16, 13, 17, 8, 15, 3, 5, 14, 18, 20, 13, 1, 17, 5, 11, 16, 5, 17, 4, 18, 7, 11, 12, 15, 3, 9, 3, 13, 2, 12, 16, 14, 10, 17, 20, 12, 15, 13, 6, 18, 20, 17, 15, 7, 17, 3, 12, 3, 2, 17, 13, 13, 12, 18, 15, 1, 6, 17, 3, 13, 18, 2, 15, 7, 20, 6, 17, 11, 1, 13, 9, 12, 15, 17, 6, 1, 1, 13, 6, 6, 9, 13, 9]
bestever    1910    in generation 2792
[19, 15, 16, 14, 15, 14, 10, 7, 5, 14, 14, 14, 10, 14, 10, 9, 19, 4, 10, 10, 5, 4, 20, 14, 4, 19, 4, 8, 16, 10, 19, 9, 10, 7, 18, 20, 8, 5, 4, 7, 16, 19, 7, 2, 11, 5, 16, 18, 5, 4, 10, 2, 9, 6, 8, 4, 16, 11, 5, 2, 8, 20, 1, 2, 5, 3, 19, 8, 8, 4, 2, 19, 11, 14, 10, 19, 12, 2, 16, 9, 18, 20, 8, 9, 6, 11, 6, 8, 1, 7, 18, 9, 7, 16, 11, 11, 3, 1, 7, 6, 11, 1, 19, 4, 20, 20, 19, 12, 3, 3, 12, 18, 12, 8, 1, 15, 2, 16, 13, 17, 8, 15, 3, 5, 14, 18, 20, 13, 1, 17, 5, 11, 16, 5, 17, 4, 18, 7, 11, 12, 15, 3, 9, 3, 13, 2, 12, 16, 14, 10, 17, 20, 12, 15, 13, 6, 18, 20, 17, 15, 7, 17, 3, 12, 3, 2, 17, 13, 13, 12, 18, 15, 1, 6, 17, 3, 13, 18, 2, 15, 7, 20, 6, 17, 11, 1, 13, 9, 12, 15, 17, 6, 1, 1, 13, 6, 6, 9, 13, 9]
bestever    1893    in generation 2808
[19, 15, 16, 14, 15, 14, 10, 7, 5, 14, 4, 14, 10, 14, 10, 9, 19, 4, 10, 10, 5, 4, 20, 14, 4, 19, 4, 8, 16, 10, 19, 9, 10, 7, 18, 20, 8, 5, 4, 7, 16, 19, 7, 2, 11, 5, 16, 18, 5, 4, 10, 2, 9, 6, 8, 4, 16, 11, 5, 2, 8, 20, 1, 2, 5, 3, 19, 8, 8, 4, 2, 19, 11, 14, 10, 19, 12, 2, 16, 9, 18, 20, 8, 9, 6, 11, 6, 8, 1, 7, 18, 9, 7, 16, 11, 11, 3, 1, 7, 6, 11, 1, 19, 14, 20, 20, 19, 12, 3, 3, 12, 18, 12, 8, 1, 15, 2, 16, 13, 17, 8, 15, 3, 5, 14, 18, 20, 13, 1, 17, 5, 11, 16, 5, 17, 4, 18, 7, 11, 12, 15, 3, 9, 3, 13, 2, 12, 16, 14, 10, 17, 20, 12, 15, 13, 6, 18, 20, 17, 15, 7, 17, 3, 12, 3, 2, 17, 13, 13, 12, 18, 15, 1, 6, 17, 3, 13, 18, 2, 15, 7, 20, 6, 17, 11, 1, 13, 9, 12, 15, 17, 6, 1, 1, 13, 6, 6, 9, 13, 9]
bestever    1892    in generation 2830
[19, 15, 16, 14, 15, 14, 10, 7, 5, 14, 4, 14, 10, 14, 10, 9, 19, 4, 2, 10, 5, 4, 20, 14, 4, 19, 4, 8, 16, 10, 19, 9, 10, 7, 18, 20, 8, 5, 4, 7, 16, 19, 7, 2, 11, 5, 16, 18, 5, 4, 10, 10, 9, 6, 8, 4, 16, 11, 5, 2, 8, 20, 1, 2, 5, 3, 19, 8, 8, 4, 2, 19, 11, 14, 10, 19, 12, 2, 16, 9, 18, 20, 8, 9, 6, 11, 6, 8, 1, 7, 18, 9, 7, 16, 11, 11, 3, 1, 7, 6, 11, 1, 19, 14, 20, 20, 19, 12, 3, 3, 12, 18, 12, 8, 1, 15, 2, 16, 13, 17, 8, 15, 3, 5, 14, 18, 20, 13, 1, 17, 5, 11, 16, 5, 17, 4, 18, 7, 11, 12, 15, 3, 9, 3, 13, 2, 12, 16, 14, 10, 17, 20, 12, 15, 13, 6, 18, 20, 17, 15, 7, 17, 3, 12, 3, 2, 17, 13, 13, 12, 18, 15, 1, 6, 17, 3, 13, 18, 2, 15, 7, 20, 6, 17, 11, 1, 13, 9, 12, 15, 17, 6, 1, 1, 13, 6, 6, 9, 13, 9]
bestever    1887    in generation 2933
[19, 15, 16, 14, 15, 14, 10, 7, 5, 14, 4, 14, 10, 14, 10, 9, 19, 4, 2, 10, 5, 4, 20, 14, 4, 19, 4, 8, 16, 10, 19, 9, 10, 7, 18, 20, 8, 5, 4, 7, 16, 19, 7, 2, 11, 5, 16, 18, 5, 4, 10, 10, 9, 6, 8, 4, 16, 11, 5, 2, 8, 20, 1, 2, 5, 3, 19, 8, 8, 4, 6, 19, 11, 14, 10, 19, 12, 2, 16, 9, 18, 20, 8, 9, 2, 11, 6, 8, 1, 7, 18, 9, 7, 16, 11, 11, 3, 1, 7, 6, 11, 1, 19, 14, 20, 20, 19, 12, 3, 3, 12, 18, 12, 8, 1, 15, 2, 16, 13, 17, 8, 15, 3, 5, 14, 18, 20, 13, 1, 17, 5, 11, 16, 5, 17, 4, 18, 7, 11, 12, 15, 3, 9, 3, 13, 2, 12, 16, 14, 10, 17, 20, 12, 15, 13, 6, 18, 20, 17, 15, 7, 17, 3, 12, 3, 2, 1, 13, 13, 12, 18, 15, 1, 6, 17, 3, 13, 18, 2, 15, 7, 20, 6, 17, 11, 1, 13, 9, 12, 15, 17, 6, 17, 1, 13, 6, 6, 9, 13, 9]
bestever    1883    in generation 3022
[19, 15, 16, 14, 15, 14, 10, 7, 5, 14, 4, 14, 10, 14, 10, 9, 19, 4, 2, 10, 5, 4, 20, 14, 4, 19, 4, 8, 16, 10, 19, 9, 10, 7, 18, 20, 8, 5, 4, 7, 16, 19, 7, 2, 11, 5, 16, 18, 5, 4, 10, 10, 9, 6, 8, 4, 16, 11, 5, 2, 8, 20, 1, 2, 5, 3, 19, 8, 8, 4, 6, 19, 11, 14, 10, 19, 12, 2, 16, 9, 18, 20, 9, 9, 2, 11, 6, 8, 1, 7, 18, 9, 7, 16, 11, 11, 3, 1, 7, 6, 11, 1, 19, 14, 20, 20, 19, 12, 3, 3, 12, 18, 12, 8, 1, 15, 2, 16, 13, 17, 8, 15, 3, 5, 14, 18, 20, 13, 1, 17, 5, 11, 16, 5, 17, 4, 18, 7, 11, 12, 15, 3, 8, 3, 13, 2, 12, 16, 14, 10, 17, 20, 12, 15, 13, 6, 18, 20, 17, 15, 7, 17, 3, 12, 3, 2, 1, 13, 13, 12, 18, 15, 1, 6, 17, 3, 13, 18, 2, 15, 7, 20, 6, 17, 11, 1, 13, 9, 12, 15, 17, 6, 17, 1, 13, 6, 6, 9, 13, 9]
bestever    1882    in generation 3787
[14, 15, 16, 19, 15, 14, 10, 7, 5, 14, 4, 14, 10, 14, 10, 9, 19, 4, 2, 10, 5, 4, 20, 14, 4, 19, 4, 8, 16, 10, 19, 9, 10, 7, 19, 18, 20, 8, 5, 4, 7, 16, 19, 7, 2, 11, 9, 16, 18, 5, 4, 10, 10, 9, 6, 8, 4, 16, 11, 5, 2, 8, 20, 1, 2, 5, 3, 19, 8, 8, 4, 9, 6, 19, 11, 14, 10, 19, 12, 8, 2, 16, 18, 20, 9, 9, 2, 11, 6, 8, 1, 7, 18, 5, 5, 7, 16, 11, 11, 3, 1, 7, 6, 11, 1, 14, 20, 20, 19, 12, 3, 3, 12, 18, 12, 8, 1, 15, 2, 16, 13, 17, 8, 15, 3, 17, 14, 18, 20, 13, 1, 5, 11, 16, 5, 17, 4, 18, 7, 11, 12, 15, 3, 3, 13, 2, 12, 16, 14, 15, 10, 17, 20, 12, 13, 6, 1, 18, 20, 17, 15, 7, 17, 3, 12, 3, 2, 1, 13, 13, 12, 18, 15, 1, 6, 17, 3, 13, 18, 2, 15, 7, 20, 11, 6, 17, 13, 9, 12, 15, 17, 6, 17, 1, 13, 6, 6, 9, 13, 9]
bestever    1880    in generation 3794
[14, 15, 16, 19, 15, 14, 10, 7, 5, 14, 4, 14, 10, 14, 10, 9, 19, 4, 2, 10, 5, 4, 20, 14, 4, 19, 4, 8, 16, 10, 19, 9, 10, 7, 19, 18, 20, 8, 5, 4, 7, 16, 19, 7, 2, 11, 9, 16, 18, 5, 4, 10, 10, 9, 6, 8, 4, 16, 11, 5, 2, 8, 20, 1, 2, 5, 3, 19, 8, 8, 4, 9, 6, 19, 11, 14, 10, 19, 12, 8, 2, 16, 18, 20, 9, 9, 2, 11, 6, 8, 1, 7, 18, 5, 5, 7, 16, 11, 11, 3, 1, 7, 6, 11, 1, 14, 20, 20, 19, 12, 3, 3, 12, 18, 12, 8, 1, 15, 2, 16, 13, 17, 8, 15, 3, 17, 14, 18, 20, 13, 1, 5, 11, 16, 5, 17, 4, 18, 7, 11, 12, 15, 3, 3, 13, 2, 12, 16, 14, 15, 20, 17, 20, 12, 13, 6, 1, 18, 20, 17, 15, 7, 17, 3, 12, 3, 2, 1, 13, 13, 12, 18, 15, 1, 6, 17, 3, 13, 18, 2, 15, 7, 10, 11, 6, 17, 13, 9, 12, 15, 17, 6, 17, 1, 13, 6, 6, 9, 13, 9]
bestever    1879    in generation 3799
[14, 15, 16, 19, 15, 14, 10, 7, 5, 14, 4, 14, 10, 14, 10, 9, 19, 4, 2, 10, 5, 4, 20, 14, 4, 19, 4, 8, 16, 10, 19, 9, 10, 7, 19, 18, 20, 8, 5, 4, 7, 16, 19, 7, 2, 11, 9, 16, 18, 5, 4, 10, 10, 9, 6, 8, 4, 16, 11, 5, 2, 8, 20, 1, 2, 5, 3, 19, 8, 8, 4, 9, 6, 19, 11, 14, 10, 19, 12, 8, 2, 16, 18, 20, 9, 9, 2, 11, 6, 8, 1, 7, 18, 5, 5, 7, 16, 11, 11, 3, 1, 7, 6, 11, 1, 14, 20, 20, 19, 12, 3, 3, 12, 18, 12, 8, 1, 15, 2, 16, 13, 17, 8, 15, 3, 17, 14, 18, 20, 13, 1, 5, 11, 16, 5, 17, 4, 18, 7, 11, 12, 15, 3, 3, 13, 2, 12, 16, 14, 15, 20, 17, 20, 12, 13, 6, 1, 18, 20, 17, 15, 7, 17, 3, 12, 3, 2, 1, 13, 13, 17, 18, 15, 1, 6, 17, 3, 13, 18, 2, 15, 7, 10, 11, 6, 12, 13, 9, 12, 15, 17, 6, 17, 1, 13, 6, 6, 9, 13, 9]
bestever    1876    in generation 4271
[14, 15, 16, 19, 15, 14, 10, 7, 5, 14, 4, 14, 10, 14, 10, 9, 19, 4, 2, 10, 5, 4, 20, 14, 4, 19, 4, 8, 16, 10, 19, 9, 14, 10, 7, 19, 18, 20, 8, 5, 4, 7, 16, 19, 7, 2, 11, 9, 16, 18, 5, 4, 10, 8, 9, 6, 8, 4, 16, 11, 5, 2, 8, 20, 1, 2, 5, 3, 19, 8, 8, 4, 9, 6, 19, 11, 10, 18, 19, 12, 10, 2, 16, 20, 9, 9, 2, 11, 6, 8, 1, 7, 18, 5, 5, 7, 16, 11, 11, 3, 1, 7, 6, 11, 1, 14, 20, 20, 19, 12, 3, 3, 12, 18, 12, 8, 1, 15, 2, 16, 13, 17, 8, 15, 3, 17, 14, 18, 20, 13, 1, 5, 11, 16, 5, 17, 4, 18, 7, 11, 12, 3, 15, 3, 13, 2, 12, 16, 14, 15, 20, 17, 20, 12, 13, 6, 1, 18, 20, 17, 15, 7, 18, 17, 3, 12, 3, 2, 1, 13, 13, 17, 15, 1, 6, 17, 3, 13, 18, 13, 2, 15, 7, 10, 12, 6, 1, 11, 6, 12, 9, 13, 15, 17, 17, 6, 6, 9, 13, 9]
bestever    1842    in generation 4382
[14, 15, 16, 19, 15, 14, 10, 7, 5, 14, 4, 14, 10, 14, 10, 9, 19, 4, 2, 10, 5, 4, 20, 14, 4, 19, 4, 8, 16, 10, 19, 9, 14, 10, 7, 19, 18, 20, 8, 5, 4, 7, 16, 19, 7, 2, 11, 9, 16, 18, 5, 4, 10, 8, 9, 6, 8, 4, 16, 11, 5, 2, 8, 20, 1, 2, 5, 3, 19, 8, 8, 4, 9, 6, 19, 11, 10, 18, 19, 12, 10, 2, 16, 20, 9, 9, 2, 11, 6, 8, 1, 7, 18, 5, 5, 7, 16, 11, 11, 3, 1, 7, 6, 11, 1, 14, 20, 20, 19, 12, 3, 3, 12, 18, 12, 8, 1, 15, 2, 16, 9, 17, 8, 15, 3, 17, 14, 18, 20, 13, 1, 5, 11, 16, 5, 17, 4, 18, 7, 11, 12, 3, 15, 3, 13, 2, 12, 16, 14, 15, 20, 17, 20, 12, 13, 6, 1, 18, 20, 17, 15, 7, 18, 17, 3, 12, 3, 2, 13, 13, 1, 17, 15, 1, 6, 17, 3, 13, 18, 13, 2, 15, 7, 10, 12, 6, 1, 11, 6, 12, 9, 13, 15, 17, 17, 6, 6, 9, 13, 13]
bestever    1841    in generation 4390
[14, 15, 16, 19, 15, 14, 10, 7, 5, 14, 4, 14, 10, 14, 10, 9, 19, 4, 2, 10, 5, 4, 20, 14, 4, 19, 4, 8, 16, 10, 19, 9, 16, 10, 7, 19, 18, 20, 8, 5, 4, 7, 16, 19, 7, 2, 11, 9, 14, 18, 5, 4, 10, 8, 9, 6, 8, 4, 16, 11, 5, 2, 8, 20, 1, 2, 5, 3, 19, 8, 8, 4, 9, 6, 19, 11, 10, 18, 19, 12, 10, 2, 16, 20, 9, 9, 2, 11, 6, 8, 1, 7, 18, 5, 5, 7, 16, 11, 11, 3, 1, 7, 6, 11, 1, 14, 20, 20, 19, 12, 3, 3, 12, 18, 12, 8, 1, 15, 2, 16, 9, 17, 8, 15, 3, 17, 14, 18, 20, 13, 1, 5, 11, 16, 5, 17, 4, 18, 7, 11, 12, 3, 15, 3, 13, 2, 12, 16, 14, 15, 20, 17, 20, 12, 13, 6, 1, 18, 20, 17, 15, 7, 18, 17, 3, 12, 3, 2, 13, 13, 1, 17, 15, 1, 6, 17, 3, 13, 18, 13, 2, 15, 7, 10, 12, 6, 1, 11, 6, 12, 9, 13, 15, 17, 17, 6, 6, 9, 13, 13]
bestever    1840    in generation 4397
[14, 15, 16, 19, 15, 14, 10, 7, 5, 14, 4, 14, 10, 14, 10, 9, 19, 4, 2, 10, 5, 4, 20, 14, 4, 19, 4, 8, 16, 10, 19, 9, 16, 10, 7, 19, 18, 20, 8, 5, 4, 7, 16, 19, 7, 2, 11, 9, 14, 18, 5, 4, 10, 8, 9, 6, 8, 4, 16, 11, 5, 2, 8, 20, 1, 2, 5, 3, 19, 8, 8, 4, 9, 6, 19, 11, 10, 18, 19, 12, 10, 2, 16, 20, 9, 9, 2, 11, 6, 8, 1, 7, 18, 5, 5, 7, 16, 11, 11, 3, 1, 7, 6, 11, 1, 14, 20, 20, 19, 12, 3, 3, 12, 18, 12, 8, 1, 15, 2, 18, 9, 17, 8, 15, 3, 17, 14, 16, 20, 13, 1, 5, 11, 16, 5, 17, 4, 18, 7, 11, 12, 3, 15, 3, 13, 2, 12, 16, 14, 15, 20, 17, 20, 12, 13, 6, 1, 18, 20, 17, 15, 7, 18, 17, 3, 12, 3, 2, 13, 13, 1, 17, 15, 1, 6, 17, 3, 13, 18, 13, 2, 15, 7, 10, 12, 6, 1, 11, 6, 12, 9, 13, 15, 17, 17, 6, 6, 9, 13, 13]
bestever    1838    in generation 4398
[14, 15, 16, 19, 15, 14, 10, 7, 5, 14, 4, 14, 10, 14, 10, 9, 19, 4, 2, 10, 5, 4, 20, 14, 4, 19, 4, 8, 16, 10, 19, 9, 16, 10, 7, 19, 18, 20, 8, 5, 4, 7, 16, 19, 7, 2, 11, 9, 14, 18, 5, 4, 10, 8, 9, 6, 8, 4, 16, 11, 5, 2, 8, 20, 1, 2, 5, 3, 19, 8, 8, 4, 9, 6, 19, 11, 10, 18, 19, 12, 10, 2, 16, 20, 9, 9, 2, 11, 6, 8, 1, 7, 18, 5, 5, 7, 16, 11, 11, 3, 1, 7, 6, 11, 1, 14, 20, 20, 19, 12, 3, 3, 12, 18, 12, 8, 1, 15, 2, 18, 9, 17, 8, 15, 3, 17, 14, 16, 20, 13, 1, 5, 11, 16, 5, 17, 4, 18, 7, 11, 12, 3, 15, 3, 13, 2, 12, 16, 14, 15, 20, 17, 20, 12, 13, 6, 1, 18, 20, 17, 15, 7, 18, 17, 3, 6, 3, 2, 13, 13, 1, 17, 15, 1, 12, 17, 3, 13, 18, 13, 2, 15, 7, 10, 12, 6, 1, 11, 6, 12, 9, 13, 15, 17, 17, 6, 6, 9, 13, 13]
bestever    1815    in generation 4426
[14, 15, 16, 19, 15, 14, 10, 7, 5, 14, 4, 14, 10, 14, 10, 9, 19, 4, 2, 10, 5, 4, 20, 14, 4, 19, 4, 8, 16, 10, 19, 9, 16, 10, 7, 19, 18, 20, 8, 5, 4, 7, 16, 19, 7, 2, 11, 9, 14, 18, 5, 4, 10, 8, 9, 6, 8, 4, 16, 11, 5, 2, 8, 20, 1, 2, 5, 3, 19, 8, 8, 4, 9, 6, 19, 11, 10, 18, 19, 12, 10, 2, 16, 20, 9, 9, 2, 11, 6, 8, 1, 7, 18, 5, 5, 7, 16, 11, 11, 3, 1, 7, 6, 11, 1, 14, 20, 20, 19, 12, 3, 3, 12, 18, 12, 8, 1, 15, 17, 18, 9, 17, 8, 15, 3, 17, 14, 16, 20, 13, 1, 5, 11, 16, 5, 17, 4, 18, 7, 11, 12, 3, 15, 3, 13, 2, 12, 16, 14, 15, 20, 17, 20, 12, 13, 6, 1, 18, 20, 17, 15, 7, 18, 17, 3, 6, 3, 2, 13, 13, 1, 2, 15, 1, 12, 17, 3, 13, 18, 13, 2, 15, 7, 10, 12, 6, 1, 11, 6, 12, 9, 13, 15, 17, 17, 6, 6, 9, 13, 13]
bestever    1811    in generation 4744
[14, 15, 16, 19, 15, 14, 10, 7, 5, 14, 4, 14, 10, 14, 10, 9, 19, 4, 2, 10, 5, 4, 20, 14, 4, 19, 4, 8, 16, 10, 19, 9, 16, 10, 7, 19, 18, 20, 8, 5, 4, 7, 16, 19, 7, 2, 11, 9, 14, 18, 5, 4, 10, 8, 9, 6, 8, 4, 16, 11, 5, 2, 8, 20, 1, 2, 5, 3, 19, 8, 8, 4, 9, 6, 19, 11, 10, 18, 19, 12, 10, 2, 16, 20, 9, 9, 2, 11, 6, 8, 1, 7, 18, 5, 5, 7, 16, 11, 11, 3, 1, 7, 6, 11, 1, 14, 20, 20, 19, 12, 3, 3, 12, 18, 12, 8, 1, 15, 17, 18, 9, 17, 8, 15, 3, 17, 14, 16, 20, 13, 1, 5, 11, 16, 5, 17, 4, 18, 7, 11, 12, 6, 3, 15, 3, 13, 2, 12, 16, 14, 15, 20, 17, 20, 17, 13, 1, 18, 20, 12, 15, 7, 18, 17, 3, 6, 3, 2, 13, 13, 1, 2, 15, 1, 12, 17, 3, 13, 18, 13, 2, 15, 7, 10, 12, 6, 1, 11, 6, 12, 9, 13, 15, 17, 17, 6, 6, 9, 13, 13]
bestever    1809    in generation 4768
[14, 15, 16, 19, 15, 14, 10, 7, 5, 14, 4, 14, 10, 14, 10, 9, 19, 4, 2, 10, 5, 4, 20, 14, 4, 19, 4, 8, 16, 10, 19, 9, 16, 10, 7, 19, 18, 20, 8, 5, 4, 7, 16, 19, 7, 2, 11, 9, 14, 18, 5, 4, 10, 8, 13, 6, 8, 4, 16, 11, 5, 2, 8, 20, 1, 2, 5, 3, 19, 8, 8, 4, 9, 6, 19, 11, 10, 18, 19, 12, 10, 2, 16, 20, 9, 9, 2, 11, 6, 8, 1, 7, 18, 5, 5, 7, 16, 11, 11, 3, 1, 7, 6, 11, 1, 14, 20, 20, 19, 12, 3, 3, 12, 18, 12, 8, 1, 15, 17, 18, 9, 17, 8, 15, 3, 17, 14, 16, 20, 13, 1, 5, 11, 16, 5, 17, 4, 18, 7, 11, 12, 6, 3, 15, 3, 9, 2, 12, 16, 14, 15, 20, 17, 20, 17, 13, 1, 18, 20, 12, 15, 7, 18, 17, 3, 6, 3, 2, 13, 13, 1, 2, 15, 1, 12, 17, 3, 13, 18, 13, 2, 15, 7, 10, 12, 6, 1, 11, 6, 12, 9, 13, 15, 17, 17, 6, 6, 9, 13, 13]
bestever    1807    in generation 4942
[14, 15, 16, 19, 15, 14, 10, 7, 5, 14, 4, 14, 10, 14, 10, 9, 19, 4, 2, 10, 5, 4, 20, 14, 4, 19, 4, 8, 16, 10, 19, 9, 16, 10, 7, 19, 18, 8, 5, 4, 7, 16, 19, 7, 2, 11, 9, 14, 18, 5, 4, 10, 8, 16, 13, 6, 8, 4, 16, 11, 5, 2, 8, 20, 1, 2, 5, 3, 19, 8, 8, 4, 9, 6, 19, 11, 10, 18, 19, 12, 10, 2, 20, 9, 9, 2, 11, 6, 20, 8, 1, 7, 18, 5, 5, 7, 16, 11, 11, 3, 1, 7, 6, 11, 1, 14, 20, 20, 19, 12, 3, 3, 12, 18, 12, 8, 1, 15, 17, 18, 9, 17, 8, 15, 3, 17, 14, 16, 20, 13, 1, 5, 11, 16, 5, 17, 4, 18, 7, 11, 12, 6, 3, 15, 3, 9, 2, 12, 16, 14, 15, 20, 17, 20, 17, 13, 1, 18, 20, 3, 12, 15, 7, 18, 17, 6, 3, 2, 13, 13, 1, 2, 15, 1, 12, 17, 3, 13, 18, 13, 2, 15, 7, 10, 12, 6, 1, 11, 6, 12, 9, 13, 15, 17, 17, 6, 6, 9, 13, 13]
bestever    1790    in generation 4944
[14, 15, 16, 19, 15, 14, 10, 7, 5, 14, 4, 14, 10, 14, 10, 9, 19, 4, 2, 10, 5, 4, 20, 14, 4, 19, 4, 8, 16, 10, 19, 9, 16, 10, 7, 19, 18, 8, 5, 4, 7, 16, 19, 7, 2, 11, 9, 14, 18, 5, 9, 10, 8, 16, 13, 6, 8, 4, 16, 11, 5, 2, 8, 20, 1, 2, 5, 3, 19, 8, 8, 4, 9, 6, 19, 11, 10, 18, 19, 12, 10, 2, 20, 9, 4, 2, 11, 6, 20, 8, 1, 7, 18, 5, 5, 7, 16, 11, 11, 3, 1, 7, 6, 11, 1, 14, 20, 20, 19, 12, 3, 3, 12, 18, 12, 8, 1, 15, 17, 18, 9, 17, 8, 15, 3, 17, 14, 16, 20, 13, 1, 5, 11, 16, 5, 17, 4, 18, 7, 11, 12, 6, 3, 15, 3, 9, 2, 12, 16, 14, 15, 20, 17, 20, 17, 13, 1, 18, 20, 3, 12, 15, 7, 18, 17, 6, 3, 2, 13, 13, 1, 2, 15, 1, 12, 17, 3, 13, 18, 13, 2, 15, 7, 10, 12, 6, 1, 11, 6, 12, 9, 13, 15, 17, 17, 6, 6, 9, 13, 13]
bestever    1787    in generation 5363
[14, 15, 15, 19, 16, 14, 10, 10, 7, 5, 14, 4, 14, 10, 14, 9, 19, 4, 2, 10, 5, 10, 20, 14, 4, 19, 4, 8, 16, 10, 19, 9, 16, 4, 7, 19, 18, 8, 5, 4, 7, 16, 19, 7, 5, 11, 2, 9, 14, 18, 9, 10, 8, 16, 13, 6, 8, 4, 16, 11, 5, 2, 8, 20, 1, 2, 5, 3, 19, 8, 8, 4, 9, 6, 19, 11, 10, 18, 19, 12, 10, 2, 20, 9, 4, 2, 11, 6, 20, 8, 1, 7, 18, 5, 5, 7, 16, 11, 20, 3, 1, 7, 6, 11, 1, 14, 20, 11, 19, 12, 3, 3, 12, 18, 12, 8, 1, 15, 17, 18, 9, 17, 8, 15, 3, 17, 14, 16, 20, 13, 1, 5, 11, 16, 13, 5, 17, 4, 18, 7, 11, 12, 15, 3, 6, 3, 9, 2, 12, 16, 14, 15, 20, 17, 20, 17, 13, 1, 18, 20, 3, 12, 15, 7, 18, 17, 6, 3, 2, 13, 13, 1, 2, 15, 1, 12, 17, 3, 18, 13, 2, 15, 7, 10, 12, 6, 1, 11, 6, 12, 9, 13, 15, 17, 17, 6, 6, 9, 13, 13]
bestever    1781    in generation 5433
[14, 15, 15, 19, 16, 14, 10, 10, 7, 5, 14, 4, 16, 10, 14, 9, 19, 4, 2, 10, 5, 10, 20, 14, 4, 19, 4, 8, 14, 10, 19, 9, 16, 4, 7, 19, 18, 8, 5, 4, 7, 16, 19, 7, 5, 11, 2, 9, 14, 18, 9, 10, 8, 16, 13, 6, 8, 4, 16, 11, 5, 2, 8, 20, 1, 2, 5, 3, 19, 10, 8, 4, 9, 6, 19, 11, 10, 18, 19, 12, 8, 2, 20, 9, 4, 2, 11, 6, 20, 8, 1, 7, 18, 5, 5, 7, 16, 11, 20, 3, 1, 7, 6, 11, 1, 14, 20, 11, 19, 12, 3, 3, 12, 18, 12, 8, 1, 15, 17, 18, 9, 17, 8, 15, 3, 17, 14, 16, 20, 13, 1, 5, 11, 16, 13, 5, 17, 4, 18, 7, 11, 12, 15, 3, 6, 3, 9, 2, 12, 16, 14, 15, 20, 17, 20, 17, 13, 1, 18, 20, 3, 12, 15, 7, 18, 17, 6, 3, 2, 13, 13, 1, 2, 15, 1, 12, 17, 3, 18, 13, 2, 15, 7, 10, 12, 6, 1, 11, 6, 12, 9, 13, 15, 17, 17, 6, 6, 9, 13, 13]
bestever    1778    in generation 5507
[14, 15, 15, 19, 16, 14, 10, 10, 7, 5, 14, 4, 16, 10, 14, 9, 19, 4, 2, 10, 5, 14, 20, 14, 4, 19, 4, 8, 14, 10, 19, 9, 16, 4, 7, 19, 18, 8, 5, 4, 7, 16, 19, 7, 5, 11, 2, 9, 14, 18, 9, 10, 8, 16, 13, 6, 8, 4, 16, 11, 5, 2, 8, 20, 1, 2, 5, 3, 19, 10, 8, 4, 9, 6, 19, 11, 10, 18, 19, 12, 8, 2, 20, 9, 4, 2, 11, 6, 20, 8, 1, 7, 18, 5, 5, 7, 16, 11, 20, 3, 1, 7, 6, 11, 1, 14, 20, 11, 19, 12, 3, 3, 12, 18, 12, 8, 1, 15, 17, 18, 9, 17, 8, 15, 3, 17, 10, 16, 20, 13, 1, 5, 11, 16, 13, 5, 17, 4, 18, 7, 11, 12, 15, 3, 6, 3, 9, 2, 12, 16, 14, 15, 20, 17, 20, 17, 13, 1, 18, 20, 3, 12, 15, 7, 18, 17, 6, 3, 2, 13, 13, 1, 2, 15, 1, 12, 17, 3, 18, 13, 2, 15, 7, 10, 12, 6, 1, 11, 6, 12, 9, 13, 15, 17, 17, 6, 6, 9, 13, 13]
bestever    1775    in generation 5571
[14, 15, 15, 19, 16, 14, 10, 10, 7, 5, 14, 4, 16, 10, 14, 9, 19, 4, 2, 10, 5, 14, 20, 14, 4, 19, 4, 8, 14, 10, 19, 9, 16, 4, 7, 19, 18, 8, 5, 4, 7, 16, 19, 7, 5, 11, 2, 9, 14, 18, 9, 10, 8, 16, 13, 6, 8, 4, 16, 11, 5, 2, 8, 20, 1, 2, 5, 3, 9, 10, 8, 4, 9, 6, 19, 11, 10, 18, 19, 12, 8, 2, 20, 9, 4, 2, 11, 6, 20, 8, 1, 7, 18, 5, 5, 7, 16, 11, 20, 3, 1, 7, 6, 11, 1, 14, 20, 11, 19, 12, 3, 3, 12, 18, 12, 8, 1, 15, 17, 18, 9, 17, 8, 15, 3, 17, 10, 16, 20, 13, 1, 5, 11, 16, 13, 5, 17, 4, 18, 7, 11, 12, 15, 3, 6, 3, 19, 2, 12, 16, 14, 15, 20, 17, 20, 17, 13, 1, 18, 20, 3, 12, 15, 7, 18, 17, 6, 3, 2, 13, 13, 1, 2, 15, 1, 12, 17, 3, 18, 13, 2, 15, 7, 10, 12, 6, 1, 11, 6, 12, 9, 13, 15, 17, 17, 6, 6, 9, 13, 13]
bestever    1773    in generation 5579
[14, 15, 15, 19, 16, 14, 10, 10, 7, 5, 14, 4, 16, 10, 14, 9, 19, 4, 2, 10, 5, 14, 20, 14, 4, 19, 4, 8, 14, 10, 19, 9, 16, 4, 7, 19, 18, 8, 5, 4, 7, 16, 19, 7, 5, 11, 2, 9, 14, 18, 9, 10, 8, 16, 13, 6, 8, 4, 16, 11, 5, 2, 18, 20, 1, 2, 5, 3, 9, 10, 8, 4, 9, 6, 19, 11, 10, 8, 19, 12, 8, 2, 20, 9, 4, 2, 11, 6, 20, 8, 1, 7, 18, 5, 5, 7, 16, 11, 20, 3, 1, 7, 6, 11, 1, 14, 20, 11, 19, 12, 3, 3, 12, 18, 12, 8, 1, 15, 17, 18, 9, 17, 8, 15, 3, 17, 10, 16, 20, 13, 1, 5, 11, 16, 13, 5, 17, 4, 18, 7, 11, 12, 15, 3, 6, 3, 19, 2, 12, 16, 14, 15, 20, 17, 20, 17, 13, 1, 18, 20, 3, 12, 15, 7, 18, 17, 6, 3, 2, 13, 13, 1, 2, 15, 1, 12, 17, 3, 18, 13, 2, 15, 7, 10, 12, 6, 1, 11, 6, 12, 9, 13, 15, 17, 17, 6, 6, 9, 13, 13]
bestever    1771    in generation 5693
[14, 15, 15, 19, 16, 14, 10, 10, 7, 5, 14, 4, 16, 10, 14, 9, 19, 4, 2, 10, 5, 14, 20, 14, 4, 19, 4, 8, 14, 10, 19, 9, 16, 4, 7, 19, 18, 8, 5, 4, 7, 16, 19, 7, 5, 11, 2, 9, 14, 18, 9, 10, 8, 16, 4, 6, 8, 4, 16, 11, 5, 2, 18, 20, 1, 2, 5, 3, 9, 10, 8, 4, 9, 6, 19, 11, 10, 8, 19, 12, 8, 2, 20, 9, 4, 2, 11, 6, 20, 8, 1, 7, 18, 5, 5, 7, 16, 11, 20, 3, 1, 7, 6, 11, 1, 14, 20, 11, 19, 12, 3, 3, 12, 18, 12, 8, 1, 15, 17, 18, 9, 17, 8, 15, 3, 17, 10, 16, 20, 13, 1, 5, 11, 16, 13, 5, 17, 13, 18, 7, 11, 12, 15, 3, 6, 3, 19, 2, 12, 16, 14, 15, 20, 17, 20, 17, 13, 1, 18, 20, 3, 12, 15, 7, 18, 17, 6, 3, 2, 13, 13, 1, 2, 15, 1, 12, 17, 3, 18, 13, 2, 15, 7, 10, 12, 6, 1, 11, 6, 12, 9, 13, 15, 17, 17, 6, 6, 9, 13, 13]
bestever    1770    in generation 5787
[14, 15, 15, 19, 16, 14, 10, 10, 7, 5, 14, 4, 16, 10, 14, 9, 19, 4, 2, 10, 5, 14, 20, 14, 4, 19, 4, 8, 14, 10, 19, 9, 16, 4, 7, 19, 18, 5, 5, 4, 7, 16, 19, 7, 8, 11, 2, 9, 14, 18, 9, 10, 8, 16, 4, 6, 8, 4, 16, 11, 5, 2, 18, 20, 1, 2, 5, 3, 9, 10, 8, 4, 9, 6, 19, 11, 10, 8, 19, 12, 8, 2, 20, 9, 4, 2, 11, 6, 20, 8, 1, 7, 18, 5, 5, 7, 16, 11, 20, 3, 1, 7, 6, 11, 1, 14, 20, 11, 19, 12, 3, 3, 12, 18, 12, 8, 1, 15, 17, 18, 9, 17, 8, 15, 3, 17, 10, 16, 20, 13, 1, 5, 11, 16, 13, 5, 17, 13, 18, 7, 11, 12, 15, 3, 6, 3, 19, 2, 12, 16, 14, 15, 20, 17, 20, 17, 13, 1, 18, 20, 3, 12, 15, 7, 18, 17, 6, 3, 2, 13, 13, 1, 2, 15, 1, 12, 17, 3, 18, 13, 2, 15, 7, 10, 12, 6, 1, 11, 6, 12, 9, 13, 15, 17, 17, 6, 6, 9, 13, 13]
bestever    1767    in generation 5982
[14, 15, 15, 19, 16, 14, 10, 10, 7, 5, 14, 4, 16, 10, 14, 9, 19, 4, 2, 20, 5, 14, 10, 14, 4, 19, 4, 8, 14, 10, 19, 9, 16, 4, 7, 19, 18, 5, 5, 4, 7, 16, 19, 7, 8, 4, 11, 2, 9, 14, 18, 9, 10, 8, 16, 4, 6, 8, 4, 16, 11, 5, 2, 18, 20, 1, 2, 5, 3, 9, 10, 8, 9, 6, 19, 11, 10, 8, 19, 7, 8, 2, 20, 9, 4, 2, 11, 6, 20, 8, 1, 7, 18, 5, 5, 12, 16, 11, 20, 3, 1, 7, 6, 11, 1, 14, 20, 11, 19, 12, 3, 3, 12, 18, 12, 8, 1, 15, 17, 18, 9, 17, 8, 15, 3, 17, 10, 16, 20, 13, 1, 5, 11, 16, 13, 5, 17, 13, 18, 7, 11, 12, 15, 3, 6, 3, 19, 2, 12, 16, 14, 15, 20, 17, 13, 17, 13, 1, 18, 20, 3, 12, 15, 7, 18, 17, 6, 3, 2, 13, 20, 1, 2, 15, 1, 12, 17, 3, 18, 13, 2, 15, 7, 10, 12, 6, 1, 11, 6, 12, 9, 13, 15, 17, 17, 6, 6, 9, 13, 13]
bestever    1765    in generation 6092
[14, 15, 15, 19, 16, 14, 10, 10, 7, 5, 14, 4, 16, 10, 14, 9, 19, 4, 2, 20, 5, 14, 10, 14, 4, 19, 4, 8, 14, 10, 19, 9, 4, 4, 7, 19, 18, 5, 5, 16, 7, 16, 19, 7, 8, 4, 11, 2, 9, 14, 18, 9, 10, 8, 16, 4, 6, 8, 4, 16, 11, 5, 2, 18, 20, 1, 2, 5, 3, 9, 10, 8, 9, 6, 19, 11, 10, 8, 19, 7, 8, 2, 20, 9, 4, 2, 11, 6, 20, 8, 1, 7, 18, 5, 5, 12, 16, 11, 20, 3, 1, 7, 6, 11, 1, 14, 20, 11, 19, 12, 3, 3, 12, 18, 12, 8, 1, 15, 17, 18, 9, 17, 8, 15, 3, 17, 10, 16, 20, 13, 1, 5, 11, 16, 13, 5, 17, 13, 18, 7, 11, 12, 15, 3, 6, 3, 19, 2, 12, 16, 14, 15, 20, 17, 13, 17, 13, 1, 18, 20, 3, 12, 15, 7, 18, 17, 6, 3, 2, 13, 20, 1, 2, 15, 1, 12, 17, 3, 18, 13, 2, 15, 7, 10, 12, 6, 1, 11, 6, 12, 9, 13, 15, 17, 17, 6, 6, 9, 13, 13]
bestever    1764    in generation 7306
[14, 15, 15, 19, 16, 14, 10, 10, 7, 5, 14, 4, 10, 16, 14, 9, 20, 19, 4, 2, 5, 14, 10, 14, 4, 19, 4, 8, 14, 10, 19, 9, 4, 4, 7, 19, 18, 5, 5, 16, 7, 16, 19, 7, 8, 4, 11, 2, 9, 14, 18, 9, 10, 8, 16, 4, 6, 8, 4, 16, 11, 5, 2, 9, 18, 20, 1, 2, 5, 3, 9, 8, 8, 6, 19, 11, 10, 10, 19, 7, 8, 2, 9, 20, 4, 2, 11, 6, 20, 8, 1, 7, 18, 5, 5, 12, 16, 11, 20, 3, 1, 7, 6, 11, 1, 14, 20, 11, 13, 19, 12, 3, 3, 12, 18, 12, 8, 1, 15, 17, 18, 9, 17, 8, 15, 3, 17, 13, 16, 20, 13, 1, 5, 11, 16, 10, 5, 17, 18, 7, 11, 12, 15, 3, 6, 3, 19, 2, 12, 16, 14, 15, 20, 17, 13, 17, 13, 1, 18, 20, 3, 15, 12, 6, 7, 18, 17, 10, 3, 2, 13, 20, 1, 2, 15, 11, 1, 12, 17, 3, 18, 13, 2, 15, 7, 12, 6, 1, 6, 12, 9, 13, 15, 17, 17, 6, 6, 9, 13, 13]
bestever    1763    in generation 7325
[14, 15, 15, 19, 16, 14, 10, 10, 7, 5, 14, 4, 10, 16, 14, 9, 20, 19, 4, 2, 5, 14, 10, 14, 4, 19, 4, 8, 14, 10, 19, 9, 4, 4, 7, 19, 18, 5, 5, 16, 7, 16, 2, 7, 8, 4, 11, 2, 9, 14, 18, 9, 10, 8, 16, 4, 6, 8, 4, 16, 11, 5, 2, 9, 18, 20, 1, 19, 5, 3, 9, 8, 8, 6, 19, 11, 10, 10, 19, 7, 8, 2, 9, 20, 4, 2, 11, 6, 20, 8, 1, 7, 18, 5, 5, 12, 16, 11, 20, 3, 1, 7, 6, 11, 1, 14, 20, 11, 13, 19, 12, 3, 3, 12, 18, 12, 8, 1, 15, 17, 18, 9, 17, 8, 15, 3, 17, 13, 16, 20, 13, 1, 5, 11, 16, 10, 5, 17, 18, 7, 11, 12, 15, 3, 6, 3, 19, 2, 12, 16, 14, 15, 20, 17, 13, 17, 13, 1, 18, 20, 3, 15, 12, 6, 7, 18, 17, 10, 3, 2, 13, 20, 1, 2, 15, 11, 1, 12, 17, 3, 18, 13, 2, 15, 7, 12, 6, 1, 6, 12, 9, 13, 15, 17, 17, 6, 6, 9, 13, 13]
bestever    1760    in generation 7429
[14, 15, 15, 19, 16, 14, 10, 10, 7, 5, 14, 4, 10, 16, 7, 9, 20, 19, 4, 2, 5, 14, 10, 14, 4, 19, 4, 8, 14, 10, 19, 9, 4, 4, 7, 19, 18, 5, 5, 16, 14, 16, 2, 7, 8, 4, 11, 2, 9, 14, 18, 9, 10, 8, 16, 4, 6, 8, 4, 16, 11, 5, 2, 9, 18, 20, 1, 19, 5, 3, 9, 8, 8, 6, 19, 11, 10, 10, 19, 7, 8, 2, 9, 20, 4, 2, 11, 6, 20, 8, 1, 7, 18, 5, 5, 12, 16, 11, 20, 3, 1, 7, 6, 11, 1, 14, 20, 11, 13, 19, 12, 3, 3, 12, 18, 12, 8, 1, 15, 17, 18, 9, 17, 8, 15, 3, 17, 13, 16, 20, 13, 1, 5, 11, 16, 10, 5, 17, 18, 7, 11, 12, 15, 3, 6, 3, 19, 2, 12, 16, 14, 15, 20, 17, 13, 17, 13, 1, 18, 20, 3, 15, 12, 6, 7, 18, 17, 10, 3, 2, 13, 20, 1, 2, 15, 11, 1, 12, 17, 3, 18, 13, 2, 15, 7, 12, 6, 1, 6, 12, 9, 13, 15, 17, 17, 6, 6, 9, 13, 13]
bestever    1754    in generation 7476
[15, 14, 15, 19, 16, 14, 10, 10, 7, 5, 14, 4, 10, 16, 7, 9, 20, 19, 4, 2, 5, 14, 10, 14, 4, 19, 4, 8, 14, 10, 19, 9, 4, 4, 7, 19, 18, 5, 5, 16, 14, 16, 2, 7, 8, 4, 11, 2, 9, 14, 18, 9, 10, 8, 16, 4, 6, 8, 4, 16, 11, 5, 2, 9, 18, 20, 1, 19, 5, 3, 9, 8, 8, 6, 19, 11, 10, 10, 19, 7, 8, 2, 9, 20, 4, 2, 11, 6, 20, 8, 1, 7, 18, 5, 5, 12, 16, 11, 20, 3, 1, 7, 6, 11, 1, 14, 20, 11, 13, 19, 12, 3, 3, 12, 18, 12, 8, 1, 15, 17, 18, 9, 17, 8, 15, 3, 17, 13, 16, 20, 13, 1, 5, 11, 16, 10, 5, 17, 18, 7, 11, 12, 15, 3, 6, 3, 19, 2, 12, 16, 14, 15, 20, 17, 13, 17, 13, 1, 18, 20, 3, 15, 12, 6, 7, 18, 17, 10, 3, 2, 13, 20, 1, 2, 15, 11, 1, 12, 17, 3, 18, 13, 2, 15, 7, 12, 6, 1, 6, 12, 9, 13, 15, 17, 17, 6, 6, 9, 13, 13]
