bestever    3339    in generation 0
[6, 3, 18, 9, 16, 16, 18, 20, 6, 10, 15, 1, 10, 8, 6, 7, 20, 1, 9, 8, 19, 3, 13, 15, 20, 15, 12, 11, 5, 17, 1, 16, 17, 17, 16, 4, 2, 14, 1, 8, 17, 15, 10, 20, 15, 1, 12, 6, 8, 16, 13, 2, 8, 2, 12, 4, 3, 15, 16, 16, 18, 2, 14, 4, 15, 5, 8, 6, 12, 13, 10, 11, 2, 4, 3, 20, 7, 9, 10, 1, 8, 3, 13, 4, 8, 5, 20, 15, 14, 10, 1, 9, 3, 10, 19, 4, 4, 2, 14, 12, 5, 17, 7, 5, 7, 20, 14, 4, 3, 5, 18, 17, 12, 14, 18, 6, 16, 20, 7, 2, 6, 15, 16, 17, 3, 10, 17, 17, 14, 13, 18, 14, 9, 6, 13, 5, 5, 1, 4, 10, 18, 3, 3, 19, 19, 19, 2, 14, 11, 18, 2, 8, 15, 6, 1, 19, 20, 7, 7, 2, 9, 11, 8, 19, 9, 18, 11, 7, 11, 9, 9, 13, 11, 12, 20, 13, 11, 16, 13, 12, 1, 12, 10, 11, 6, 11, 18, 14, 19, 7, 19, 9, 7, 17, 5, 13, 19, 12, 5, 4]
bestever    3224    in generation 1
[19, 14, 11, 1, 14, 1, 11, 4, 11, 3, 4, 15, 3, 19, 19, 16, 3, 18, 15, 18, 19, 15, 16, 9, 5, 4, 18, 12, 8, 11, 9, 8, 12, 14, 17, 6, 9, 20, 11, 9, 7, 10, 5, 19, 19, 20, 15, 13, 14, 7, 12, 2, 10, 19, 5, 9, 3, 11, 17, 2, 13, 2, 16, 13, 4, 10, 6, 10, 6, 12, 10, 14, 8, 10, 11, 7, 19, 19, 2, 17, 12, 2, 8, 14, 7, 20, 5, 10, 18, 5, 14, 2, 16, 12, 14, 3, 16, 9, 20, 3, 2, 3, 7, 10, 11, 3, 18, 16, 8, 7, 6, 6, 17, 9, 10, 15, 20, 1, 9, 2, 6, 1, 13, 7, 9, 1, 17, 16, 3, 3, 12, 10, 18, 13, 9, 1, 5, 6, 18, 5, 5, 13, 14, 20, 2, 18, 11, 19, 1, 13, 20, 8, 4, 7, 5, 4, 14, 17, 8, 16, 7, 2, 6, 13, 12, 18, 15, 8, 7, 4, 20, 6, 16, 17, 6, 5, 20, 12, 12, 20, 1, 8, 4, 15, 11, 1, 15, 15, 4, 4, 13, 8, 13, 17, 18, 1, 15, 17, 16, 17]
bestever    3103    in generation 2
[19, 14, 11, 1, 14, 1, 11, 4, 11, 3, 4, 15, 3, 19, 19, 16, 3, 18, 15, 18, 19, 15, 16, 9, 5, 10, 18, 12, 8, 11, 9, 8, 12, 14, 17, 6, 9, 20, 11, 9, 7, 10, 5, 19, 19, 20, 15, 13, 14, 7, 12, 2, 10, 19, 5, 9, 3, 11, 17, 2, 13, 2, 16, 13, 4, 10, 6, 10, 6, 12, 10, 14, 8, 10, 11, 7, 19, 19, 2, 17, 12, 2, 8, 14, 7, 20, 5, 4, 18, 5, 14, 2, 16, 12, 14, 3, 16, 9, 20, 3, 2, 3, 7, 10, 11, 3, 18, 16, 8, 7, 6, 6, 17, 9, 10, 15, 20, 1, 9, 2, 6, 1, 13, 7, 9, 1, 17, 16, 3, 3, 12, 10, 18, 13, 9, 1, 5, 6, 18, 5, 5, 13, 14, 20, 2, 18, 11, 19, 1, 13, 20, 8, 4, 7, 5, 4, 14, 17, 8, 16, 7, 2, 6, 13, 12, 18, 15, 8, 7, 4, 20, 6, 16, 17, 6, 5, 20, 12, 12, 20, 1, 8, 4, 15, 11, 1, 15, 15, 4, 4, 13, 8, 13, 17, 18, 1, 15, 17, 16, 17]
bestever    3003    in generation 6
[19, 14, 11, 1, 14, 1, 11, 11, 3, 15, 3, 19, 19, 16, 3, 18, 15, 18, 19, 15, 16, 9, 5, 4, 18, 12, 8, 11, 9, 12, 14, 17, 6, 9, 20, 11, 9, 7, 10, 5, 19, 19, 20, 15, 13, 14, 7, 12, 2, 10, 19, 5, 9, 3, 11, 2, 2, 16, 4, 10, 6, 10, 6, 12, 10, 14, 8, 10, 11, 7, 19, 19, 2, 17, 12, 2, 8, 14, 7, 5, 10, 14, 2, 16, 12, 14, 3, 16, 9, 3, 2, 3, 7, 10, 3, 16, 8, 6, 17, 9, 10, 15, 20, 9, 6, 7, 9, 1, 17, 16, 3, 3, 12, 10, 13, 1, 6, 18, 13, 20, 2, 18, 11, 1, 13, 20, 8, 4, 7, 5, 4, 17, 18, 13, 9, 1, 5, 6, 18, 5, 5, 13, 14, 20, 2, 18, 11, 19, 1, 13, 20, 8, 4, 7, 5, 4, 14, 17, 8, 16, 7, 2, 6, 13, 12, 18, 15, 8, 7, 4, 20, 6, 16, 17, 6, 5, 20, 12, 12, 20, 1, 8, 4, 15, 11, 1, 15, 15, 4, 4, 13, 8, 13, 17, 18, 1, 15, 17, 16, 17]
bestever    2955    in generation 10
[14, 11, 14, 11, 11, 3, 3, 19, 19, 16, 3, 18, 18, 19, 15, 16, 9, 5, 18, 12, 8, 11, 9, 12, 14, 6, 9, 20, 11, 9, 7, 10, 5, 19, 19, 15, 13, 14, 7, 12, 2, 10, 19, 5, 9, 3, 11, 2, 2, 16, 10, 6, 10, 6, 12, 10, 14, 8, 10, 11, 7, 19, 19, 2, 2, 8, 14, 7, 5, 10, 14, 2, 16, 14, 3, 9, 3, 2, 3, 7, 10, 3, 17, 9, 10, 15, 17, 16, 12, 18, 1, 20, 4, 4, 17, 1, 6, 20, 11, 1, 13, 20, 4, 5, 4, 17, 8, 16, 7, 6, 13, 12, 18, 15, 8, 15, 20, 1, 9, 2, 6, 1, 13, 7, 9, 1, 17, 16, 3, 3, 12, 10, 18, 13, 9, 1, 5, 6, 18, 5, 5, 13, 14, 20, 2, 18, 11, 19, 1, 13, 20, 8, 4, 7, 5, 4, 14, 17, 8, 16, 7, 2, 6, 13, 12, 18, 15, 8, 7, 4, 20, 6, 16, 17, 6, 5, 20, 12, 12, 20, 1, 8, 4, 15, 11, 1, 15, 15, 4, 4, 13, 8, 13, 17, 18, 15, 17, 16, 17, 19]
bestever    2947    in generation 11
[19, 14, 11, 16, 14, 1, 11, 11, 3, 15, 3, 19, 19, 16, 3, 18, 15, 18, 19, 15, 16, 9, 5, 4, 18, 12, 8, 11, 9, 12, 14, 17, 6, 9, 20, 11, 9, 7, 10, 5, 19, 19, 20, 15, 13, 14, 7, 12, 2, 10, 19, 5, 9, 3, 11, 2, 2, 16, 4, 10, 6, 10, 6, 12, 10, 14, 8, 10, 11, 7, 19, 19, 2, 17, 12, 2, 8, 14, 7, 5, 10, 14, 2, 16, 12, 14, 3, 1, 9, 3, 2, 3, 7, 10, 3, 16, 8, 6, 6, 9, 10, 15, 20, 9, 6, 7, 9, 1, 17, 16, 3, 3, 12, 10, 13, 1, 6, 18, 13, 20, 2, 18, 11, 1, 13, 20, 8, 4, 7, 5, 4, 17, 18, 13, 9, 1, 5, 6, 18, 5, 5, 13, 14, 20, 2, 18, 11, 19, 1, 13, 20, 8, 4, 7, 5, 4, 14, 17, 8, 16, 7, 2, 17, 13, 12, 18, 15, 8, 7, 4, 20, 6, 16, 17, 6, 5, 20, 12, 12, 20, 1, 8, 4, 15, 11, 1, 15, 15, 4, 4, 13, 8, 13, 17, 18, 1, 15, 17, 16, 17]
bestever    2905    in generation 22
[19, 14, 11, 16, 14, 1, 11, 11, 3, 15, 3, 19, 19, 16, 3, 18, 15, 18, 19, 16, 9, 5, 4, 18, 12, 8, 11, 9, 12, 14, 17, 6, 9, 20, 11, 9, 7, 10, 5, 19, 19, 20, 13, 14, 7, 12, 2, 10, 19, 5, 9, 3, 11, 2, 2, 16, 4, 10, 6, 10, 6, 12, 10, 14, 8, 10, 11, 7, 19, 19, 2, 17, 12, 2, 8, 14, 7, 5, 10, 14, 2, 16, 12, 14, 3, 1, 9, 3, 2, 3, 7, 10, 3, 16, 8, 6, 6, 9, 10, 15, 20, 9, 6, 7, 9, 1, 17, 16, 3, 3, 12, 10, 13, 1, 6, 18, 13, 20, 2, 18, 11, 1, 13, 20, 8, 4, 7, 5, 4, 17, 18, 13, 9, 5, 6, 18, 5, 5, 13, 14, 20, 2, 18, 11, 19, 1, 20, 8, 4, 7, 5, 14, 17, 8, 16, 7, 2, 17, 12, 18, 15, 8, 7, 20, 6, 16, 17, 6, 5, 20, 12, 12, 20, 1, 4, 1, 15, 15, 4, 4, 13, 8, 13, 15, 11, 1, 15, 15, 4, 4, 13, 8, 13, 17, 18, 1, 15, 17, 16, 17]
bestever    2824    in generation 38
[19, 14, 11, 16, 14, 1, 11, 11, 3, 15, 3, 19, 19, 16, 3, 18, 15, 18, 19, 16, 9, 5, 4, 18, 12, 8, 11, 9, 18, 14, 17, 6, 9, 20, 11, 9, 7, 10, 5, 19, 19, 20, 13, 14, 7, 12, 2, 10, 19, 5, 9, 3, 11, 2, 2, 16, 4, 10, 6, 10, 6, 12, 10, 14, 8, 10, 11, 7, 19, 19, 2, 17, 12, 2, 8, 14, 7, 5, 10, 14, 2, 16, 12, 14, 3, 1, 9, 3, 2, 3, 7, 10, 3, 16, 8, 6, 6, 9, 10, 15, 20, 9, 6, 7, 9, 1, 17, 16, 3, 3, 12, 10, 13, 1, 6, 12, 13, 20, 2, 18, 11, 1, 13, 20, 8, 4, 7, 5, 4, 17, 18, 13, 9, 5, 6, 18, 5, 5, 13, 14, 20, 2, 18, 11, 19, 1, 20, 8, 4, 7, 5, 14, 17, 8, 16, 7, 2, 17, 12, 18, 15, 8, 7, 20, 6, 16, 17, 6, 5, 20, 12, 12, 20, 1, 4, 1, 15, 15, 4, 4, 13, 8, 13, 15, 11, 1, 15, 15, 4, 4, 13, 8, 13, 17, 18, 1, 15, 17, 16, 17]
bestever    2810    in generation 39
[19, 14, 11, 16, 14, 1, 11, 11, 3, 15, 3, 19, 19, 16, 3, 18, 15, 18, 19, 16, 9, 5, 4, 18, 12, 8, 11, 9, 12, 14, 17, 6, 9, 20, 11, 9, 7, 10, 5, 19, 19, 20, 13, 14, 7, 12, 2, 10, 19, 5, 9, 3, 11, 2, 2, 16, 4, 10, 6, 10, 6, 12, 10, 14, 8, 10, 14, 7, 19, 19, 2, 17, 8, 2, 8, 14, 7, 5, 10, 14, 2, 16, 12, 11, 3, 1, 9, 3, 2, 3, 7, 10, 3, 16, 12, 6, 6, 9, 10, 15, 20, 9, 6, 7, 9, 1, 17, 16, 3, 3, 12, 10, 13, 1, 6, 18, 13, 20, 2, 18, 11, 1, 13, 20, 8, 4, 7, 5, 4, 17, 18, 13, 9, 5, 6, 18, 5, 5, 13, 14, 20, 2, 18, 11, 19, 1, 20, 8, 4, 7, 5, 14, 17, 8, 16, 7, 2, 17, 12, 18, 15, 8, 7, 20, 6, 16, 17, 6, 5, 20, 12, 12, 20, 1, 4, 1, 15, 15, 4, 4, 13, 8, 13, 15, 11, 1, 15, 15, 4, 4, 13, 8, 13, 17, 18, 1, 15, 17, 16, 17]
bestever    2803    in generation 43
[19, 14, 11, 16, 14, 1, 11, 11, 3, 15, 3, 19, 19, 16, 3, 18, 15, 18, 19, 16, 9, 5, 4, 18, 12, 8, 11, 9, 12, 14, 6, 9, 20, 11, 9, 7, 10, 5, 19, 19, 20, 13, 14, 7, 12, 2, 10, 19, 5, 9, 3, 11, 2, 2, 16, 4, 10, 6, 10, 6, 12, 10, 14, 8, 10, 14, 7, 19, 2, 12, 2, 8, 14, 7, 5, 10, 2, 16, 12, 11, 3, 1, 9, 3, 2, 3, 7, 10, 3, 6, 6, 9, 10, 15, 20, 9, 6, 7, 9, 1, 3, 3, 10, 13, 1, 6, 18, 13, 2, 18, 4, 7, 5, 19, 14, 4, 13, 9, 13, 11, 1, 20, 4, 17, 8, 17, 12, 18, 15, 8, 20, 16, 17, 5, 6, 18, 5, 5, 13, 14, 20, 2, 18, 11, 19, 1, 20, 8, 4, 7, 5, 14, 17, 8, 16, 7, 2, 17, 12, 18, 15, 8, 7, 20, 6, 16, 17, 6, 5, 20, 12, 12, 20, 1, 4, 1, 15, 15, 4, 4, 13, 8, 13, 15, 11, 1, 15, 4, 13, 8, 13, 17, 18, 1, 15, 17, 16, 17, 16, 17]
bestever    2749    in generation 48
[19, 14, 11, 16, 14, 1, 11, 11, 3, 15, 3, 19, 19, 16, 3, 18, 15, 18, 19, 16, 9, 5, 4, 18, 12, 8, 11, 9, 12, 14, 6, 9, 20, 11, 9, 7, 14, 5, 19, 19, 20, 13, 14, 7, 12, 2, 10, 19, 5, 9, 3, 11, 2, 2, 16, 4, 10, 6, 10, 6, 12, 10, 10, 8, 10, 14, 7, 19, 2, 12, 2, 8, 14, 7, 5, 10, 2, 16, 12, 11, 3, 1, 9, 3, 2, 3, 7, 10, 3, 6, 6, 9, 10, 15, 20, 9, 6, 7, 9, 1, 3, 3, 10, 13, 1, 6, 18, 13, 2, 18, 4, 7, 5, 19, 14, 4, 13, 9, 13, 11, 1, 20, 4, 17, 8, 17, 12, 18, 15, 8, 20, 16, 17, 5, 6, 18, 5, 5, 13, 14, 20, 2, 18, 11, 19, 1, 20, 8, 4, 7, 5, 14, 17, 8, 16, 7, 2, 17, 12, 18, 15, 8, 7, 20, 6, 16, 17, 6, 5, 20, 12, 12, 20, 1, 4, 1, 15, 15, 4, 4, 13, 8, 13, 15, 11, 1, 15, 4, 13, 8, 13, 17, 18, 1, 15, 17, 16, 17, 16, 17]
bestever    2740    in generation 52
[19, 14, 11, 16, 14, 1, 11, 11, 3, 15, 3, 19, 19, 16, 3, 18, 15, 18, 19, 16, 9, 5, 4, 9, 12, 8, 11, 9, 12, 14, 6, 9, 20, 11, 9, 7, 14, 5, 19, 19, 20, 13, 14, 7, 12, 2, 10, 19, 5, 9, 3, 11, 2, 2, 16, 4, 10, 6, 10, 6, 12, 10, 10, 8, 10, 14, 7, 19, 2, 12, 2, 8, 14, 7, 5, 10, 2, 16, 12, 11, 3, 1, 18, 3, 2, 3, 7, 10, 3, 6, 6, 9, 10, 15, 20, 9, 6, 7, 9, 1, 3, 3, 10, 13, 1, 6, 18, 13, 2, 18, 4, 7, 5, 19, 14, 4, 13, 9, 13, 11, 1, 20, 4, 17, 8, 17, 12, 18, 15, 8, 20, 16, 17, 5, 6, 18, 5, 5, 13, 14, 20, 2, 18, 11, 19, 1, 20, 8, 4, 7, 5, 14, 17, 8, 16, 7, 2, 17, 12, 18, 15, 8, 7, 20, 6, 16, 17, 6, 5, 20, 12, 12, 20, 1, 4, 1, 15, 15, 4, 4, 13, 8, 13, 15, 11, 1, 15, 4, 13, 8, 13, 17, 18, 1, 15, 17, 16, 17, 16, 17]
bestever    2679    in generation 62
[19, 14, 11, 16, 14, 1, 11, 11, 3, 15, 10, 19, 19, 16, 3, 18, 15, 18, 19, 16, 9, 5, 4, 18, 12, 8, 11, 9, 12, 14, 6, 9, 20, 11, 9, 7, 10, 5, 19, 19, 20, 13, 14, 7, 12, 2, 10, 19, 5, 9, 3, 11, 2, 2, 16, 4, 10, 6, 10, 6, 12, 10, 14, 8, 10, 14, 7, 19, 2, 12, 2, 8, 14, 7, 5, 10, 2, 16, 12, 11, 3, 1, 9, 3, 2, 3, 7, 10, 3, 6, 6, 9, 3, 15, 20, 9, 6, 7, 9, 1, 3, 3, 10, 13, 1, 6, 18, 13, 2, 18, 4, 7, 5, 19, 14, 4, 13, 9, 13, 11, 1, 20, 4, 17, 8, 17, 12, 18, 15, 8, 20, 16, 17, 5, 6, 18, 5, 5, 13, 14, 20, 2, 18, 11, 19, 1, 20, 8, 4, 7, 5, 14, 17, 8, 16, 7, 2, 17, 12, 18, 15, 8, 7, 20, 6, 16, 17, 6, 5, 20, 12, 12, 20, 1, 4, 1, 15, 15, 4, 4, 13, 8, 13, 15, 11, 1, 15, 4, 13, 8, 13, 17, 18, 1, 15, 17, 16, 17, 16, 17]
bestever    2644    in generation 69
[19, 14, 11, 16, 14, 1, 11, 11, 3, 15, 10, 19, 19, 16, 3, 18, 15, 18, 19, 16, 9, 5, 4, 18, 12, 8, 11, 9, 12, 14, 6, 9, 20, 11, 9, 7, 10, 5, 19, 19, 20, 13, 14, 7, 12, 2, 10, 19, 5, 9, 3, 11, 2, 2, 16, 4, 10, 6, 10, 6, 12, 10, 14, 8, 10, 14, 7, 19, 2, 12, 2, 8, 14, 7, 5, 10, 2, 16, 12, 11, 3, 1, 9, 3, 2, 3, 7, 10, 3, 6, 6, 9, 3, 15, 20, 9, 6, 7, 9, 1, 3, 3, 10, 13, 1, 6, 18, 13, 2, 18, 4, 7, 5, 19, 14, 4, 13, 9, 13, 11, 1, 20, 4, 17, 8, 17, 12, 18, 15, 8, 20, 16, 17, 5, 6, 18, 5, 5, 13, 14, 20, 2, 18, 11, 19, 12, 20, 8, 4, 7, 5, 14, 17, 8, 16, 7, 2, 17, 1, 18, 15, 8, 7, 20, 6, 16, 17, 6, 5, 20, 12, 12, 20, 1, 4, 1, 15, 15, 4, 4, 13, 8, 13, 15, 11, 1, 15, 4, 13, 8, 13, 17, 18, 1, 15, 17, 16, 17, 16, 17]
bestever    2607    in generation 70
[19, 14, 11, 16, 14, 1, 11, 7, 3, 15, 10, 19, 19, 16, 3, 18, 15, 18, 19, 16, 9, 5, 4, 18, 12, 8, 11, 9, 12, 14, 6, 9, 20, 11, 9, 7, 10, 5, 19, 19, 20, 13, 14, 7, 12, 2, 10, 19, 5, 9, 3, 11, 2, 2, 16, 4, 10, 6, 10, 6, 12, 10, 14, 8, 10, 14, 11, 19, 2, 12, 2, 8, 14, 7, 5, 10, 2, 16, 12, 11, 3, 1, 9, 3, 2, 3, 7, 10, 3, 6, 6, 9, 3, 15, 20, 9, 6, 7, 9, 1, 3, 3, 10, 13, 1, 6, 18, 13, 2, 18, 4, 7, 5, 19, 14, 4, 13, 9, 11, 20, 4, 17, 8, 17, 12, 18, 8, 20, 16, 17, 5, 6, 18, 5, 5, 14, 20, 2, 18, 11, 19, 20, 8, 7, 5, 14, 17, 8, 16, 7, 2, 17, 12, 18, 7, 20, 6, 16, 17, 6, 5, 1, 1, 15, 4, 13, 8, 13, 15, 20, 12, 12, 20, 1, 4, 1, 15, 15, 4, 4, 13, 8, 13, 15, 11, 1, 15, 4, 13, 8, 13, 17, 18, 1, 15, 17, 16, 17, 16, 17]
bestever    2594    in generation 82
[19, 14, 11, 16, 14, 1, 11, 11, 3, 15, 10, 19, 19, 16, 3, 18, 15, 18, 19, 16, 9, 5, 4, 18, 12, 8, 11, 9, 12, 14, 6, 9, 20, 11, 9, 7, 10, 5, 19, 19, 20, 13, 14, 7, 12, 2, 10, 19, 5, 9, 3, 11, 2, 2, 16, 4, 10, 6, 10, 6, 12, 10, 14, 8, 10, 3, 7, 19, 2, 12, 2, 8, 14, 7, 5, 10, 2, 16, 12, 11, 3, 1, 9, 3, 2, 5, 7, 10, 14, 6, 6, 9, 3, 15, 20, 9, 6, 7, 9, 1, 3, 3, 10, 13, 1, 6, 18, 13, 2, 18, 4, 7, 5, 19, 14, 4, 13, 9, 11, 20, 4, 17, 8, 17, 12, 18, 8, 20, 16, 17, 3, 6, 18, 5, 5, 14, 20, 2, 18, 11, 19, 20, 8, 7, 5, 14, 17, 8, 16, 7, 2, 17, 12, 18, 7, 20, 6, 16, 17, 6, 5, 1, 1, 15, 4, 13, 8, 13, 15, 20, 12, 12, 20, 1, 4, 1, 15, 15, 4, 4, 13, 8, 13, 15, 11, 1, 15, 4, 13, 8, 13, 17, 18, 1, 15, 17, 16, 17, 16, 17]
bestever    2521    in generation 84
[19, 14, 11, 16, 14, 1, 11, 11, 3, 15, 10, 19, 19, 16, 3, 18, 15, 18, 19, 16, 9, 5, 4, 18, 12, 8, 11, 9, 12, 14, 6, 9, 20, 11, 9, 7, 10, 5, 19, 19, 20, 13, 14, 7, 12, 2, 10, 19, 5, 9, 3, 11, 2, 2, 16, 4, 10, 6, 10, 6, 12, 10, 14, 8, 10, 3, 7, 19, 2, 12, 2, 8, 14, 7, 5, 10, 2, 16, 12, 11, 3, 1, 9, 3, 2, 5, 7, 10, 14, 6, 6, 9, 3, 15, 20, 9, 6, 7, 9, 1, 3, 3, 10, 13, 1, 6, 18, 13, 2, 18, 4, 7, 5, 19, 14, 4, 13, 9, 11, 20, 4, 17, 8, 17, 12, 18, 8, 20, 16, 17, 3, 6, 18, 5, 5, 14, 20, 2, 18, 11, 19, 20, 8, 7, 5, 14, 17, 8, 16, 7, 2, 17, 12, 18, 7, 20, 6, 16, 17, 6, 5, 1, 1, 16, 4, 13, 8, 13, 15, 20, 12, 12, 20, 1, 4, 1, 15, 15, 4, 4, 13, 8, 13, 15, 11, 1, 15, 4, 13, 8, 13, 17, 18, 1, 15, 17, 16, 17, 15, 17]
bestever    2498    in generation 86
[19, 14, 11, 16, 14, 1, 11, 11, 3, 15, 10, 19, 19, 16, 3, 18, 15, 18, 19, 16, 9, 5, 4, 18, 12, 8, 11, 9, 12, 14, 6, 9, 20, 11, 9, 7, 10, 5, 19, 19, 20, 13, 14, 7, 12, 2, 10, 19, 5, 9, 3, 11, 2, 2, 16, 4, 10, 6, 10, 6, 12, 10, 14, 8, 10, 3, 7, 19, 2, 12, 2, 8, 14, 7, 18, 10, 2, 16, 12, 11, 3, 1, 9, 3, 2, 5, 7, 10, 14, 6, 6, 9, 3, 15, 20, 9, 6, 7, 9, 1, 3, 3, 10, 13, 1, 6, 18, 13, 2, 18, 4, 7, 5, 19, 14, 4, 13, 9, 11, 20, 4, 17, 8, 17, 12, 18, 8, 20, 16, 17, 3, 6, 18, 5, 5, 14, 20, 2, 5, 11, 19, 20, 8, 7, 5, 14, 17, 8, 16, 7, 2, 17, 12, 18, 7, 20, 6, 16, 17, 6, 5, 1, 1, 16, 4, 13, 8, 13, 15, 20, 12, 12, 20, 1, 4, 1, 15, 15, 4, 4, 13, 8, 13, 15, 11, 1, 15, 4, 13, 8, 13, 17, 18, 1, 15, 17, 16, 17, 15, 17]
bestever    2486    in generation 103
[19, 14, 11, 16, 14, 1, 11, 11, 3, 15, 10, 19, 19, 16, 3, 18, 15, 18, 19, 16, 9, 5, 4, 18, 12, 8, 11, 9, 12, 14, 6, 9, 20, 11, 9, 7, 10, 5, 19, 19, 20, 13, 14, 7, 12, 2, 10, 19, 5, 9, 3, 11, 2, 2, 16, 4, 10, 6, 10, 6, 12, 10, 14, 8, 10, 3, 7, 19, 2, 12, 2, 8, 14, 7, 18, 10, 2, 16, 12, 8, 3, 1, 9, 3, 2, 5, 7, 10, 14, 6, 6, 9, 3, 15, 20, 9, 6, 7, 9, 1, 3, 3, 10, 13, 1, 6, 18, 13, 2, 18, 4, 7, 5, 19, 14, 4, 13, 9, 11, 20, 4, 17, 8, 17, 12, 18, 11, 20, 16, 17, 3, 6, 18, 5, 5, 14, 20, 2, 5, 11, 19, 20, 8, 7, 5, 14, 17, 8, 16, 7, 2, 17, 12, 18, 7, 20, 6, 16, 17, 6, 5, 1, 1, 16, 4, 13, 8, 13, 15, 20, 12, 12, 20, 1, 4, 1, 15, 15, 4, 4, 13, 8, 13, 15, 11, 1, 15, 4, 13, 8, 13, 17, 18, 1, 15, 17, 16, 17, 15, 17]
bestever    2418    in generation 104
[19, 14, 11, 16, 14, 1, 11, 11, 3, 15, 10, 19, 19, 16, 3, 18, 15, 18, 19, 16, 9, 5, 4, 18, 12, 3, 11, 9, 12, 14, 6, 9, 20, 11, 9, 7, 10, 5, 19, 19, 20, 13, 14, 7, 12, 2, 10, 19, 5, 9, 8, 11, 2, 2, 16, 4, 10, 6, 10, 6, 12, 10, 14, 8, 10, 3, 7, 19, 2, 12, 2, 8, 14, 7, 18, 10, 2, 16, 12, 11, 3, 1, 9, 3, 2, 5, 7, 10, 14, 6, 6, 9, 3, 15, 20, 9, 6, 7, 9, 1, 3, 3, 10, 13, 1, 6, 18, 13, 2, 18, 4, 7, 5, 19, 14, 4, 13, 9, 11, 20, 4, 17, 8, 17, 12, 18, 8, 20, 16, 17, 3, 6, 18, 5, 5, 14, 20, 2, 5, 11, 19, 20, 8, 7, 5, 14, 17, 8, 16, 7, 2, 17, 12, 18, 7, 20, 6, 16, 17, 6, 5, 1, 1, 16, 4, 13, 8, 13, 15, 20, 12, 12, 20, 1, 4, 1, 15, 15, 4, 4, 13, 8, 13, 15, 11, 1, 15, 4, 13, 8, 13, 17, 18, 1, 15, 17, 16, 17, 15, 17]
bestever    2397    in generation 117
[19, 14, 11, 16, 14, 1, 11, 11, 3, 15, 10, 19, 19, 16, 3, 18, 15, 18, 19, 16, 9, 5, 4, 18, 12, 3, 11, 9, 12, 14, 6, 9, 20, 11, 9, 7, 10, 5, 19, 19, 20, 13, 14, 7, 12, 2, 10, 19, 5, 9, 8, 11, 2, 2, 16, 4, 10, 6, 10, 6, 12, 10, 14, 8, 10, 3, 7, 19, 2, 12, 2, 8, 14, 7, 18, 10, 2, 16, 12, 11, 3, 1, 9, 3, 2, 5, 7, 10, 14, 6, 6, 9, 3, 15, 20, 9, 6, 7, 9, 1, 3, 3, 10, 13, 1, 6, 18, 13, 2, 18, 4, 7, 5, 19, 14, 4, 13, 9, 11, 20, 4, 17, 8, 17, 12, 18, 8, 20, 16, 17, 3, 6, 18, 5, 5, 14, 20, 2, 5, 11, 19, 20, 8, 7, 5, 14, 17, 8, 1, 7, 2, 17, 12, 18, 7, 20, 6, 16, 17, 6, 5, 1, 1, 16, 4, 13, 8, 13, 15, 20, 12, 12, 20, 1, 4, 16, 15, 15, 4, 4, 13, 8, 13, 15, 11, 1, 15, 4, 13, 8, 13, 17, 18, 1, 15, 17, 16, 17, 15, 17]
bestever    2330    in generation 118
[19, 14, 11, 16, 14, 1, 11, 11, 3, 15, 10, 19, 19, 16, 3, 18, 15, 18, 19, 16, 9, 5, 4, 18, 12, 3, 11, 9, 12, 14, 6, 9, 20, 11, 9, 7, 10, 5, 19, 19, 20, 13, 14, 7, 12, 2, 10, 19, 5, 9, 8, 11, 2, 2, 16, 4, 10, 6, 10, 6, 12, 9, 14, 8, 10, 3, 7, 19, 2, 12, 2, 8, 14, 7, 18, 10, 2, 16, 12, 11, 3, 1, 9, 3, 2, 5, 7, 10, 14, 6, 6, 9, 3, 20, 9, 6, 7, 10, 1, 3, 3, 10, 13, 1, 6, 18, 13, 2, 18, 4, 7, 5, 19, 14, 4, 13, 9, 11, 20, 4, 17, 8, 17, 12, 18, 8, 20, 16, 17, 3, 6, 18, 5, 5, 14, 20, 2, 5, 11, 19, 20, 8, 7, 5, 14, 17, 8, 16, 7, 2, 12, 18, 7, 20, 6, 1, 17, 15, 17, 6, 5, 1, 1, 16, 4, 13, 8, 13, 15, 20, 12, 12, 20, 1, 4, 16, 15, 15, 4, 4, 13, 8, 13, 15, 11, 1, 15, 4, 13, 8, 13, 17, 18, 1, 15, 17, 16, 17, 15, 17]
bestever    2310    in generation 124
[19, 14, 11, 16, 14, 1, 11, 11, 3, 15, 10, 19, 19, 16, 3, 18, 15, 10, 19, 16, 9, 5, 4, 18, 12, 3, 11, 9, 12, 14, 6, 9, 20, 11, 9, 7, 10, 5, 19, 19, 20, 13, 14, 7, 12, 2, 18, 19, 5, 9, 8, 11, 2, 2, 16, 4, 10, 6, 10, 6, 12, 9, 14, 8, 10, 3, 7, 19, 2, 12, 2, 8, 14, 7, 18, 10, 2, 16, 12, 11, 3, 1, 9, 3, 2, 5, 7, 10, 14, 6, 6, 9, 3, 20, 9, 6, 7, 10, 1, 3, 3, 10, 13, 1, 6, 18, 13, 2, 18, 4, 7, 5, 19, 14, 4, 13, 9, 11, 20, 4, 17, 8, 17, 12, 18, 8, 20, 16, 17, 3, 6, 18, 5, 5, 14, 20, 2, 5, 11, 19, 20, 8, 7, 5, 14, 17, 8, 16, 7, 2, 12, 18, 7, 20, 6, 1, 17, 15, 17, 6, 5, 1, 1, 16, 4, 13, 8, 13, 15, 20, 12, 12, 20, 1, 4, 16, 15, 15, 4, 4, 13, 8, 13, 15, 11, 1, 15, 4, 13, 8, 13, 17, 18, 1, 15, 17, 16, 17, 15, 17]
bestever    2276    in generation 128
[19, 14, 11, 16, 14, 1, 11, 11, 3, 10, 19, 19, 16, 3, 18, 10, 19, 16, 9, 5, 4, 18, 12, 3, 11, 9, 12, 14, 6, 9, 20, 11, 9, 7, 10, 5, 19, 19, 20, 13, 14, 7, 12, 2, 18, 19, 5, 9, 8, 11, 2, 2, 16, 4, 10, 6, 10, 6, 12, 9, 14, 8, 10, 3, 7, 19, 2, 12, 2, 8, 14, 7, 18, 10, 2, 16, 12, 11, 3, 1, 9, 3, 2, 5, 7, 10, 14, 6, 6, 9, 3, 20, 9, 6, 7, 10, 1, 3, 3, 10, 13, 1, 6, 18, 13, 2, 18, 4, 7, 5, 19, 14, 4, 13, 9, 11, 20, 4, 8, 12, 18, 8, 20, 3, 6, 18, 5, 5, 14, 20, 2, 17, 17, 16, 15, 15, 17, 5, 11, 19, 20, 8, 7, 5, 14, 17, 8, 16, 7, 2, 12, 18, 7, 20, 6, 1, 17, 15, 17, 6, 5, 1, 1, 16, 4, 13, 8, 13, 15, 20, 12, 12, 20, 1, 4, 16, 15, 15, 4, 4, 13, 8, 13, 15, 11, 1, 15, 4, 13, 8, 13, 17, 18, 1, 15, 17, 16, 17, 15, 17]
bestever    2271    in generation 134
[19, 14, 11, 16, 14, 1, 11, 11, 3, 10, 19, 19, 16, 3, 18, 10, 19, 16, 9, 5, 4, 18, 12, 3, 11, 9, 12, 14, 6, 9, 20, 11, 9, 7, 10, 5, 19, 19, 20, 13, 14, 7, 12, 2, 18, 19, 5, 9, 8, 11, 2, 2, 16, 4, 10, 6, 10, 6, 12, 9, 14, 8, 10, 3, 7, 19, 2, 12, 2, 8, 14, 7, 18, 10, 2, 16, 12, 11, 3, 1, 9, 3, 2, 5, 7, 10, 14, 6, 6, 9, 3, 20, 9, 6, 7, 10, 1, 3, 3, 10, 13, 1, 6, 18, 13, 2, 18, 4, 7, 5, 19, 14, 4, 13, 9, 11, 20, 4, 8, 12, 18, 8, 20, 3, 6, 18, 5, 5, 14, 20, 2, 17, 17, 16, 15, 15, 17, 5, 11, 19, 20, 8, 7, 5, 14, 17, 8, 16, 7, 2, 12, 18, 7, 20, 6, 1, 17, 17, 6, 5, 1, 1, 4, 13, 8, 20, 12, 12, 20, 4, 16, 15, 1, 15, 13, 16, 15, 15, 4, 4, 13, 8, 13, 15, 11, 1, 15, 4, 13, 8, 13, 17, 18, 1, 15, 17, 16, 17, 15, 17]
bestever    2264    in generation 150
[19, 14, 11, 16, 14, 1, 11, 11, 3, 10, 19, 19, 16, 3, 18, 10, 19, 16, 9, 5, 15, 18, 12, 3, 11, 9, 12, 14, 6, 9, 20, 11, 9, 7, 10, 5, 19, 19, 20, 13, 14, 7, 12, 2, 18, 19, 5, 9, 8, 11, 2, 2, 16, 4, 10, 6, 10, 6, 12, 9, 14, 8, 10, 3, 7, 19, 2, 12, 2, 8, 14, 7, 18, 10, 2, 16, 12, 11, 3, 1, 9, 3, 2, 5, 7, 10, 14, 6, 6, 9, 3, 20, 9, 6, 7, 10, 1, 3, 3, 10, 13, 1, 6, 18, 13, 2, 18, 4, 7, 5, 19, 14, 4, 13, 9, 11, 20, 4, 8, 12, 18, 8, 20, 3, 6, 18, 5, 5, 14, 20, 2, 17, 17, 16, 4, 15, 17, 5, 11, 19, 20, 8, 7, 5, 14, 17, 8, 16, 7, 2, 12, 18, 7, 20, 6, 1, 17, 17, 6, 5, 1, 1, 4, 13, 8, 20, 12, 12, 20, 4, 16, 15, 1, 15, 13, 16, 15, 15, 4, 4, 13, 8, 13, 15, 11, 1, 15, 4, 13, 8, 13, 17, 18, 1, 15, 17, 16, 17, 15, 17]
bestever    2243    in generation 151
[19, 14, 11, 16, 14, 1, 11, 11, 3, 10, 19, 19, 16, 3, 18, 10, 19, 16, 9, 5, 4, 18, 12, 3, 11, 9, 12, 14, 6, 9, 20, 11, 9, 7, 10, 5, 19, 19, 20, 13, 14, 7, 12, 2, 18, 19, 5, 9, 8, 11, 2, 2, 16, 4, 10, 6, 10, 6, 12, 9, 14, 8, 10, 3, 7, 19, 2, 12, 2, 8, 14, 7, 18, 10, 2, 16, 9, 11, 3, 1, 9, 3, 2, 5, 7, 10, 14, 6, 6, 9, 3, 20, 12, 6, 7, 10, 1, 3, 3, 10, 13, 1, 6, 18, 13, 2, 18, 4, 7, 5, 19, 14, 4, 13, 9, 11, 20, 4, 8, 12, 18, 8, 20, 3, 6, 18, 5, 5, 14, 20, 2, 17, 17, 16, 15, 15, 17, 5, 11, 19, 20, 8, 7, 5, 14, 17, 8, 16, 7, 2, 12, 18, 7, 20, 6, 1, 17, 17, 6, 5, 1, 1, 4, 13, 8, 20, 12, 12, 20, 4, 16, 15, 1, 15, 13, 16, 15, 15, 4, 4, 13, 8, 13, 15, 11, 1, 15, 4, 13, 8, 13, 17, 18, 1, 15, 17, 16, 17, 15, 17]
bestever    2222    in generation 179
[19, 14, 11, 16, 14, 1, 11, 11, 3, 10, 19, 19, 16, 3, 18, 10, 19, 16, 9, 5, 4, 18, 12, 3, 11, 9, 12, 14, 6, 9, 20, 11, 9, 7, 10, 5, 19, 19, 20, 13, 14, 7, 12, 2, 18, 19, 5, 9, 8, 11, 2, 2, 16, 4, 10, 6, 10, 6, 12, 9, 14, 8, 10, 3, 7, 19, 2, 12, 2, 8, 14, 7, 18, 10, 2, 16, 9, 11, 3, 1, 9, 3, 2, 5, 7, 10, 14, 6, 6, 9, 3, 20, 12, 6, 7, 10, 1, 3, 3, 10, 13, 1, 6, 18, 13, 2, 18, 4, 7, 5, 19, 14, 4, 13, 9, 11, 20, 4, 8, 12, 18, 8, 20, 3, 6, 18, 5, 5, 14, 20, 2, 17, 17, 16, 15, 15, 17, 5, 11, 19, 20, 8, 7, 5, 14, 17, 8, 16, 7, 2, 12, 18, 7, 20, 6, 1, 17, 17, 6, 5, 16, 1, 4, 13, 8, 20, 12, 12, 20, 4, 16, 15, 1, 15, 13, 16, 15, 15, 4, 4, 13, 8, 13, 15, 11, 1, 15, 4, 13, 8, 13, 17, 18, 1, 15, 17, 1, 17, 15, 17]
bestever    2216    in generation 183
[19, 14, 11, 16, 14, 1, 11, 11, 3, 10, 19, 19, 16, 3, 18, 10, 19, 16, 9, 5, 4, 18, 12, 3, 11, 9, 12, 14, 6, 9, 20, 11, 9, 7, 10, 5, 19, 19, 20, 13, 14, 7, 12, 2, 18, 19, 5, 9, 8, 11, 2, 2, 16, 4, 10, 6, 10, 6, 12, 9, 14, 8, 10, 3, 7, 19, 2, 12, 2, 8, 14, 7, 18, 10, 2, 16, 9, 11, 3, 1, 9, 3, 2, 5, 7, 10, 14, 6, 6, 9, 3, 20, 12, 6, 7, 10, 1, 3, 3, 10, 13, 1, 6, 18, 13, 2, 18, 4, 7, 5, 19, 14, 4, 13, 9, 11, 20, 4, 8, 12, 18, 8, 20, 3, 6, 18, 5, 5, 14, 20, 2, 17, 17, 16, 15, 15, 17, 5, 11, 19, 20, 8, 7, 5, 14, 8, 16, 7, 2, 12, 18, 7, 20, 6, 1, 17, 17, 6, 5, 16, 1, 4, 13, 8, 20, 12, 12, 20, 4, 16, 15, 15, 13, 16, 15, 4, 4, 13, 1, 15, 17, 8, 13, 15, 11, 1, 15, 4, 13, 8, 13, 17, 18, 1, 15, 17, 1, 17, 15, 17]
bestever    2207    in generation 188
[19, 14, 11, 16, 14, 1, 11, 11, 3, 10, 19, 19, 16, 3, 18, 10, 19, 16, 9, 5, 4, 18, 12, 3, 11, 9, 12, 14, 6, 9, 20, 11, 9, 7, 10, 5, 19, 19, 20, 13, 14, 7, 12, 2, 18, 19, 5, 9, 8, 11, 2, 2, 16, 4, 10, 6, 10, 6, 12, 9, 14, 8, 10, 3, 7, 19, 2, 12, 2, 8, 14, 7, 18, 10, 2, 16, 9, 11, 3, 1, 9, 3, 2, 5, 7, 10, 14, 6, 6, 9, 3, 20, 12, 6, 7, 10, 1, 3, 3, 10, 13, 1, 6, 18, 13, 2, 18, 4, 7, 5, 19, 14, 4, 13, 9, 11, 20, 6, 8, 12, 18, 8, 20, 3, 4, 18, 5, 5, 14, 20, 2, 17, 17, 16, 15, 15, 17, 5, 11, 19, 20, 8, 7, 5, 14, 8, 16, 7, 2, 12, 18, 7, 20, 6, 1, 17, 17, 6, 5, 16, 1, 4, 13, 8, 20, 12, 12, 20, 4, 16, 15, 15, 13, 16, 15, 4, 4, 13, 1, 15, 17, 8, 13, 15, 11, 1, 15, 4, 13, 8, 13, 17, 18, 1, 15, 17, 1, 17, 15, 17]
bestever    2198    in generation 204
[19, 14, 11, 16, 14, 1, 11, 11, 3, 10, 19, 19, 16, 3, 18, 10, 19, 16, 9, 5, 4, 18, 12, 3, 11, 9, 12, 14, 6, 9, 20, 11, 9, 7, 10, 5, 19, 19, 20, 13, 14, 7, 12, 2, 18, 19, 5, 9, 8, 11, 2, 2, 16, 4, 10, 6, 10, 6, 12, 9, 14, 8, 10, 3, 7, 19, 2, 12, 2, 8, 14, 7, 18, 10, 2, 16, 9, 11, 3, 1, 9, 3, 2, 5, 7, 10, 14, 6, 6, 9, 3, 20, 12, 6, 7, 10, 1, 3, 3, 10, 13, 1, 6, 18, 4, 2, 18, 13, 7, 5, 19, 14, 4, 13, 9, 11, 20, 6, 8, 12, 18, 8, 20, 3, 4, 18, 5, 5, 14, 20, 2, 17, 17, 16, 15, 15, 17, 5, 11, 19, 20, 8, 7, 5, 14, 8, 16, 7, 2, 12, 18, 7, 20, 6, 1, 17, 17, 6, 5, 16, 1, 4, 13, 8, 20, 12, 12, 20, 4, 16, 15, 15, 13, 16, 15, 4, 4, 13, 1, 15, 17, 8, 13, 15, 11, 1, 15, 4, 13, 8, 13, 17, 18, 1, 15, 17, 1, 17, 15, 17]
bestever    2192    in generation 219
[19, 14, 11, 16, 14, 1, 11, 11, 3, 10, 19, 19, 16, 3, 18, 10, 19, 16, 9, 5, 4, 18, 12, 3, 11, 9, 12, 14, 6, 9, 20, 11, 9, 7, 10, 5, 4, 19, 20, 13, 14, 7, 12, 2, 18, 19, 5, 9, 8, 11, 2, 2, 16, 4, 10, 6, 10, 6, 12, 9, 14, 8, 10, 3, 7, 19, 2, 12, 2, 8, 14, 7, 18, 10, 2, 16, 9, 11, 3, 1, 9, 3, 2, 5, 7, 10, 14, 6, 6, 9, 3, 20, 12, 6, 7, 10, 1, 3, 3, 10, 13, 1, 6, 18, 13, 2, 18, 4, 7, 5, 19, 14, 19, 13, 9, 11, 20, 6, 8, 12, 18, 8, 20, 3, 4, 18, 5, 5, 14, 20, 2, 17, 17, 16, 15, 15, 17, 5, 11, 19, 20, 8, 7, 5, 14, 8, 16, 7, 2, 12, 18, 7, 20, 6, 1, 17, 17, 6, 5, 16, 1, 4, 13, 8, 20, 12, 12, 20, 4, 16, 15, 15, 13, 16, 15, 4, 4, 13, 1, 15, 17, 8, 13, 15, 11, 1, 15, 4, 13, 8, 13, 17, 18, 1, 15, 17, 1, 17, 15, 17]
bestever    2135    in generation 227
[19, 14, 11, 16, 14, 13, 11, 11, 3, 10, 19, 19, 16, 3, 18, 10, 19, 16, 9, 5, 4, 18, 12, 3, 11, 9, 12, 14, 6, 9, 20, 11, 9, 7, 10, 5, 4, 19, 20, 13, 14, 7, 12, 2, 18, 19, 5, 9, 8, 11, 2, 2, 16, 4, 10, 6, 10, 6, 12, 9, 14, 8, 10, 3, 7, 19, 2, 12, 2, 8, 14, 7, 18, 10, 2, 16, 9, 11, 3, 1, 9, 3, 2, 5, 7, 10, 14, 6, 6, 9, 3, 20, 12, 6, 7, 10, 1, 3, 3, 10, 13, 1, 6, 18, 13, 2, 18, 4, 7, 5, 19, 14, 19, 13, 9, 11, 20, 6, 8, 12, 18, 8, 20, 3, 4, 18, 5, 5, 14, 20, 2, 17, 17, 16, 15, 15, 17, 5, 11, 19, 20, 8, 7, 5, 14, 8, 16, 7, 2, 12, 18, 7, 20, 6, 1, 17, 17, 6, 5, 16, 1, 4, 13, 8, 20, 12, 12, 20, 4, 16, 15, 15, 13, 16, 15, 4, 4, 13, 1, 15, 17, 8, 13, 15, 11, 1, 15, 4, 13, 8, 1, 17, 18, 1, 15, 17, 1, 17, 15, 17]
bestever    2107    in generation 254
[19, 14, 11, 16, 14, 13, 11, 11, 3, 10, 19, 19, 16, 3, 18, 10, 19, 16, 9, 5, 4, 18, 12, 3, 11, 9, 12, 14, 6, 9, 20, 11, 9, 7, 10, 5, 4, 19, 20, 13, 14, 7, 12, 2, 18, 19, 5, 9, 8, 11, 2, 2, 16, 4, 10, 6, 10, 6, 12, 9, 14, 5, 10, 3, 7, 19, 2, 12, 2, 8, 14, 7, 18, 10, 2, 16, 9, 11, 3, 1, 9, 3, 2, 5, 7, 10, 14, 6, 6, 9, 3, 20, 12, 6, 7, 10, 1, 3, 3, 10, 13, 1, 6, 18, 13, 2, 18, 4, 7, 8, 19, 14, 19, 13, 9, 11, 20, 6, 8, 12, 18, 8, 20, 3, 4, 18, 5, 5, 14, 20, 2, 17, 17, 16, 15, 15, 17, 5, 11, 19, 20, 8, 7, 5, 14, 8, 16, 7, 2, 12, 18, 7, 20, 6, 1, 17, 17, 6, 5, 16, 1, 4, 13, 8, 20, 12, 12, 20, 4, 16, 15, 15, 13, 16, 15, 4, 4, 13, 1, 15, 17, 8, 13, 15, 11, 1, 15, 4, 13, 8, 1, 17, 18, 1, 15, 17, 1, 17, 15, 17]
bestever    2105    in generation 278
[19, 14, 11, 16, 14, 13, 11, 11, 3, 10, 19, 19, 16, 3, 18, 10, 19, 16, 9, 5, 4, 18, 12, 3, 11, 9, 12, 14, 6, 9, 20, 11, 9, 7, 10, 5, 4, 19, 20, 13, 14, 7, 12, 2, 18, 19, 5, 9, 8, 11, 2, 2, 16, 4, 10, 6, 10, 6, 12, 9, 14, 8, 10, 3, 7, 19, 2, 12, 2, 8, 14, 7, 18, 10, 2, 16, 9, 11, 3, 1, 9, 3, 2, 10, 7, 10, 14, 6, 6, 9, 3, 20, 12, 6, 7, 5, 1, 3, 3, 10, 13, 1, 6, 18, 13, 2, 18, 4, 7, 5, 19, 14, 19, 13, 9, 11, 20, 6, 8, 12, 18, 8, 20, 3, 4, 18, 5, 5, 14, 20, 2, 17, 17, 16, 15, 15, 17, 5, 11, 19, 20, 8, 7, 5, 14, 8, 16, 7, 2, 12, 18, 7, 20, 6, 1, 17, 17, 6, 5, 16, 1, 4, 13, 8, 20, 12, 12, 20, 4, 16, 15, 15, 13, 16, 15, 4, 4, 13, 1, 15, 17, 8, 13, 15, 11, 1, 15, 4, 13, 8, 1, 17, 18, 1, 15, 17, 1, 17, 15, 17]
bestever    2099    in generation 288
[19, 14, 11, 16, 14, 13, 11, 11, 3, 10, 19, 19, 16, 3, 18, 10, 19, 16, 9, 5, 4, 18, 12, 3, 11, 9, 12, 14, 6, 9, 20, 11, 9, 7, 10, 5, 4, 19, 20, 13, 14, 7, 12, 2, 18, 19, 5, 9, 8, 11, 2, 2, 16, 4, 10, 6, 10, 6, 12, 9, 14, 8, 10, 3, 7, 19, 2, 12, 2, 8, 14, 7, 18, 10, 2, 16, 9, 11, 3, 1, 9, 3, 2, 10, 7, 10, 14, 6, 6, 9, 3, 20, 12, 6, 7, 5, 1, 3, 3, 10, 13, 1, 6, 18, 13, 2, 18, 4, 7, 5, 19, 14, 19, 13, 9, 11, 20, 6, 8, 12, 18, 8, 20, 3, 4, 18, 5, 5, 14, 20, 2, 17, 17, 16, 15, 15, 17, 5, 11, 19, 20, 7, 5, 14, 8, 16, 7, 2, 12, 18, 7, 20, 6, 1, 17, 17, 6, 5, 16, 1, 4, 13, 8, 8, 20, 12, 12, 20, 4, 16, 15, 15, 13, 16, 15, 4, 4, 13, 1, 15, 17, 8, 13, 15, 11, 1, 15, 4, 13, 8, 1, 17, 18, 1, 15, 17, 1, 17, 15, 17]
bestever    2092    in generation 289
[19, 14, 11, 16, 14, 13, 11, 11, 3, 10, 19, 19, 16, 3, 18, 10, 19, 16, 9, 5, 4, 18, 12, 3, 11, 9, 12, 14, 6, 9, 9, 11, 9, 7, 10, 5, 4, 19, 20, 13, 14, 7, 12, 2, 18, 19, 5, 9, 8, 11, 2, 2, 16, 4, 10, 6, 10, 6, 12, 9, 14, 8, 10, 3, 7, 19, 2, 12, 2, 8, 14, 7, 18, 10, 2, 16, 20, 11, 3, 1, 9, 3, 2, 10, 7, 10, 14, 6, 6, 9, 3, 20, 12, 6, 7, 5, 1, 3, 3, 10, 13, 1, 6, 18, 13, 2, 18, 4, 7, 5, 19, 14, 19, 13, 9, 11, 20, 6, 8, 12, 18, 8, 20, 3, 4, 18, 5, 5, 14, 20, 2, 17, 17, 16, 15, 15, 17, 5, 11, 19, 20, 8, 7, 5, 14, 8, 16, 7, 2, 12, 18, 7, 20, 6, 1, 17, 17, 6, 5, 16, 1, 4, 13, 8, 20, 12, 12, 20, 4, 16, 15, 15, 13, 16, 15, 4, 4, 13, 1, 15, 17, 8, 13, 15, 11, 1, 15, 4, 13, 8, 1, 17, 18, 1, 15, 17, 1, 17, 15, 17]
bestever    2073    in generation 306
[19, 14, 11, 16, 14, 13, 11, 11, 3, 10, 19, 19, 16, 3, 18, 10, 19, 16, 9, 5, 4, 18, 12, 3, 11, 9, 12, 14, 6, 9, 9, 11, 9, 7, 10, 5, 4, 19, 20, 19, 14, 7, 12, 2, 18, 19, 5, 9, 8, 11, 2, 2, 16, 4, 10, 6, 10, 6, 12, 9, 14, 8, 10, 3, 7, 19, 2, 12, 2, 8, 14, 7, 18, 10, 2, 16, 20, 11, 3, 1, 9, 3, 2, 10, 7, 10, 14, 6, 6, 9, 3, 20, 12, 6, 7, 5, 1, 3, 3, 10, 13, 1, 6, 18, 13, 2, 18, 4, 7, 5, 19, 14, 13, 13, 9, 11, 20, 6, 8, 12, 18, 8, 20, 3, 4, 18, 5, 5, 14, 20, 2, 17, 17, 16, 15, 15, 17, 5, 11, 19, 20, 8, 7, 5, 14, 8, 16, 7, 2, 12, 18, 7, 20, 6, 1, 17, 17, 6, 5, 16, 1, 4, 13, 8, 20, 12, 12, 20, 4, 16, 15, 15, 13, 16, 15, 4, 4, 13, 1, 15, 17, 8, 13, 15, 11, 1, 15, 4, 13, 8, 1, 17, 18, 1, 15, 17, 1, 17, 15, 17]
bestever    2051    in generation 315
[19, 14, 11, 16, 14, 13, 11, 11, 3, 10, 19, 19, 16, 3, 18, 10, 19, 16, 9, 5, 4, 18, 12, 3, 11, 9, 12, 14, 6, 9, 9, 11, 9, 7, 10, 5, 4, 19, 20, 19, 14, 7, 12, 2, 18, 19, 5, 9, 8, 11, 2, 2, 16, 4, 10, 6, 10, 6, 12, 9, 14, 8, 10, 3, 7, 19, 2, 12, 2, 8, 14, 7, 18, 10, 2, 16, 20, 11, 3, 1, 9, 3, 2, 10, 7, 10, 14, 6, 6, 9, 3, 20, 12, 6, 7, 5, 3, 3, 10, 13, 6, 18, 13, 2, 18, 4, 7, 5, 19, 14, 13, 13, 9, 11, 20, 6, 8, 12, 18, 8, 20, 3, 4, 18, 5, 5, 14, 20, 2, 17, 16, 17, 5, 11, 19, 20, 8, 7, 5, 14, 16, 7, 2, 12, 18, 7, 20, 6, 17, 17, 1, 1, 17, 8, 15, 1, 15, 6, 5, 16, 1, 4, 13, 8, 20, 12, 12, 20, 4, 16, 15, 15, 13, 16, 15, 4, 4, 13, 1, 15, 17, 8, 13, 15, 11, 1, 15, 4, 13, 8, 1, 17, 18, 1, 15, 17, 1, 17, 15, 17]
bestever    2050    in generation 335
[19, 14, 11, 16, 14, 13, 11, 11, 3, 10, 19, 19, 16, 3, 18, 10, 19, 16, 9, 5, 4, 18, 12, 3, 11, 9, 12, 14, 6, 9, 9, 11, 9, 7, 10, 5, 4, 19, 20, 19, 14, 7, 12, 2, 18, 19, 5, 9, 8, 11, 2, 2, 16, 4, 10, 6, 10, 6, 12, 9, 14, 8, 10, 3, 7, 19, 2, 12, 2, 8, 14, 7, 18, 10, 2, 16, 20, 11, 3, 1, 9, 3, 2, 10, 7, 10, 14, 6, 6, 9, 3, 20, 12, 6, 7, 5, 3, 3, 10, 13, 6, 18, 13, 2, 18, 4, 7, 5, 19, 14, 13, 13, 9, 11, 20, 6, 8, 12, 18, 8, 20, 3, 4, 18, 5, 5, 14, 20, 2, 17, 16, 5, 11, 19, 20, 8, 7, 5, 14, 16, 7, 2, 12, 18, 7, 20, 6, 17, 17, 1, 17, 8, 15, 15, 6, 5, 16, 1, 4, 13, 20, 12, 12, 20, 4, 16, 15, 13, 16, 4, 4, 1, 17, 8, 13, 15, 1, 15, 1, 15, 17, 8, 13, 15, 11, 1, 15, 4, 13, 8, 1, 17, 18, 1, 15, 17, 1, 17, 15, 17]
bestever    2045    in generation 343
[19, 14, 11, 16, 14, 13, 11, 11, 3, 10, 19, 19, 16, 3, 18, 10, 19, 16, 9, 5, 4, 18, 12, 3, 11, 9, 12, 14, 6, 9, 9, 11, 9, 7, 10, 5, 4, 19, 20, 19, 14, 7, 12, 2, 18, 19, 5, 9, 8, 11, 2, 2, 16, 4, 10, 6, 10, 6, 12, 9, 14, 8, 10, 3, 7, 19, 2, 12, 2, 8, 14, 7, 18, 10, 2, 16, 20, 11, 3, 1, 9, 3, 2, 10, 7, 10, 14, 6, 6, 9, 3, 20, 12, 12, 7, 5, 3, 3, 10, 13, 6, 18, 13, 2, 18, 4, 7, 5, 19, 14, 13, 13, 9, 11, 20, 6, 8, 12, 18, 8, 20, 3, 4, 18, 5, 5, 14, 20, 2, 17, 16, 5, 11, 19, 20, 8, 7, 5, 14, 16, 7, 2, 12, 18, 7, 20, 6, 17, 17, 1, 17, 8, 15, 15, 6, 5, 16, 1, 4, 13, 20, 12, 6, 20, 4, 16, 15, 13, 16, 4, 4, 1, 17, 8, 13, 15, 1, 15, 1, 15, 17, 8, 13, 15, 11, 1, 15, 4, 13, 8, 1, 17, 18, 1, 15, 17, 1, 17, 15, 17]
bestever    2037    in generation 413
[19, 14, 11, 16, 14, 14, 11, 11, 3, 10, 19, 19, 16, 3, 18, 10, 19, 16, 9, 5, 4, 18, 12, 3, 11, 9, 12, 14, 6, 9, 9, 11, 9, 7, 10, 5, 4, 19, 20, 19, 14, 7, 12, 2, 18, 19, 5, 9, 8, 11, 2, 2, 16, 4, 10, 6, 10, 6, 12, 9, 14, 8, 10, 3, 7, 19, 2, 12, 2, 8, 13, 7, 18, 10, 2, 16, 20, 11, 3, 9, 3, 2, 10, 7, 10, 12, 6, 6, 9, 3, 20, 14, 12, 7, 5, 3, 3, 10, 13, 6, 18, 13, 2, 18, 4, 7, 5, 19, 14, 13, 13, 9, 11, 20, 6, 8, 12, 18, 8, 20, 3, 4, 18, 5, 5, 14, 20, 2, 17, 16, 5, 11, 19, 20, 8, 7, 5, 14, 16, 7, 2, 18, 7, 20, 6, 8, 6, 5, 16, 6, 17, 17, 15, 1, 15, 1, 17, 1, 4, 13, 20, 12, 12, 20, 4, 16, 15, 13, 16, 4, 4, 1, 17, 8, 13, 15, 1, 15, 1, 15, 17, 8, 13, 15, 11, 1, 15, 4, 13, 8, 1, 17, 18, 1, 15, 17, 1, 17, 15, 17]
bestever    2026    in generation 474
[19, 14, 11, 16, 14, 14, 11, 11, 3, 10, 19, 19, 16, 3, 18, 10, 19, 16, 9, 5, 4, 18, 12, 3, 11, 9, 12, 14, 6, 9, 10, 11, 9, 7, 10, 5, 4, 19, 20, 19, 14, 7, 12, 2, 18, 19, 5, 9, 8, 11, 2, 2, 16, 4, 10, 6, 10, 6, 12, 9, 14, 8, 9, 3, 7, 19, 2, 12, 2, 8, 13, 7, 18, 10, 2, 16, 20, 11, 3, 9, 3, 2, 10, 7, 10, 12, 6, 6, 9, 3, 20, 14, 12, 7, 5, 3, 3, 10, 13, 6, 18, 13, 2, 18, 4, 7, 5, 19, 14, 13, 13, 9, 11, 20, 6, 8, 12, 18, 8, 20, 3, 4, 18, 5, 5, 14, 20, 2, 16, 5, 11, 19, 20, 8, 7, 5, 14, 16, 7, 2, 18, 7, 20, 6, 6, 5, 16, 6, 17, 17, 1, 4, 13, 20, 12, 12, 20, 4, 16, 16, 4, 4, 1, 17, 1, 15, 1, 15, 17, 8, 13, 15, 17, 8, 13, 15, 1, 15, 1, 15, 17, 8, 13, 15, 11, 1, 15, 4, 13, 8, 1, 17, 18, 1, 15, 17, 1, 17, 15, 17]
bestever    2018    in generation 480
[19, 14, 11, 16, 14, 14, 11, 11, 3, 10, 19, 19, 16, 3, 18, 10, 19, 16, 9, 5, 4, 18, 12, 3, 11, 9, 12, 14, 6, 9, 10, 11, 9, 7, 10, 5, 4, 19, 20, 19, 14, 7, 12, 2, 18, 19, 5, 9, 8, 11, 2, 2, 16, 4, 10, 6, 10, 6, 12, 9, 14, 8, 9, 3, 7, 19, 2, 12, 2, 8, 13, 7, 18, 10, 2, 6, 20, 11, 3, 9, 3, 2, 10, 7, 10, 12, 6, 6, 9, 3, 20, 14, 12, 7, 5, 3, 3, 10, 13, 6, 18, 13, 2, 18, 4, 7, 5, 19, 14, 13, 13, 9, 11, 20, 16, 8, 12, 18, 8, 20, 3, 4, 18, 5, 5, 14, 20, 2, 16, 5, 11, 19, 20, 8, 7, 5, 14, 16, 7, 2, 18, 7, 20, 6, 6, 5, 16, 6, 17, 17, 1, 4, 13, 20, 12, 12, 20, 4, 16, 16, 4, 4, 1, 17, 1, 15, 1, 15, 17, 8, 13, 15, 17, 8, 13, 15, 1, 15, 1, 15, 17, 8, 13, 15, 11, 1, 15, 4, 13, 8, 1, 17, 18, 1, 15, 17, 1, 17, 15, 17]
bestever    2014    in generation 487
[19, 14, 11, 16, 14, 14, 11, 11, 3, 10, 19, 19, 16, 3, 18, 10, 19, 16, 9, 5, 4, 18, 12, 3, 11, 9, 12, 14, 6, 9, 10, 11, 9, 7, 10, 5, 4, 19, 20, 19, 14, 7, 12, 2, 18, 19, 5, 9, 8, 11, 2, 2, 16, 4, 10, 6, 10, 6, 12, 9, 14, 11, 9, 3, 7, 19, 2, 12, 2, 8, 13, 7, 18, 10, 2, 6, 20, 11, 3, 9, 3, 2, 10, 7, 10, 12, 6, 6, 9, 3, 20, 14, 12, 7, 5, 3, 3, 10, 13, 6, 18, 13, 2, 18, 4, 7, 5, 19, 14, 13, 13, 9, 11, 20, 16, 8, 12, 18, 8, 20, 3, 4, 18, 5, 5, 14, 20, 2, 16, 5, 11, 19, 20, 8, 7, 5, 14, 16, 7, 2, 18, 7, 20, 6, 6, 5, 16, 6, 17, 17, 1, 4, 13, 20, 12, 12, 20, 4, 16, 16, 4, 4, 1, 17, 1, 15, 1, 15, 17, 8, 13, 15, 17, 8, 13, 15, 1, 15, 1, 15, 17, 8, 13, 15, 8, 1, 15, 4, 13, 8, 1, 17, 18, 1, 15, 17, 1, 17, 15, 17]
bestever    2002    in generation 500
[19, 14, 11, 16, 14, 14, 11, 11, 3, 10, 19, 19, 16, 3, 18, 10, 19, 16, 9, 2, 4, 18, 12, 3, 11, 9, 12, 14, 6, 9, 10, 11, 9, 7, 10, 5, 4, 19, 20, 19, 14, 7, 12, 2, 18, 19, 5, 9, 8, 11, 2, 2, 16, 4, 10, 6, 10, 6, 12, 9, 14, 11, 9, 3, 7, 19, 2, 12, 2, 8, 13, 7, 18, 10, 2, 6, 20, 11, 3, 9, 3, 5, 10, 7, 10, 12, 6, 6, 9, 3, 20, 14, 12, 7, 5, 3, 3, 10, 13, 6, 18, 13, 2, 18, 4, 7, 5, 19, 14, 13, 13, 9, 11, 20, 16, 8, 12, 18, 8, 20, 3, 4, 18, 5, 5, 14, 20, 2, 16, 5, 11, 19, 20, 8, 7, 5, 14, 16, 7, 2, 18, 7, 20, 6, 6, 5, 16, 6, 17, 17, 1, 4, 13, 20, 12, 12, 20, 4, 16, 16, 4, 4, 1, 17, 1, 15, 1, 15, 17, 8, 13, 15, 17, 8, 13, 15, 1, 15, 1, 15, 17, 8, 13, 15, 8, 1, 15, 4, 13, 8, 1, 17, 18, 1, 15, 17, 1, 17, 15, 17]
bestever    1973    in generation 507
[19, 14, 11, 16, 14, 14, 11, 11, 3, 10, 19, 19, 16, 3, 18, 10, 19, 16, 9, 5, 4, 18, 12, 3, 11, 9, 12, 14, 6, 9, 10, 11, 9, 7, 10, 5, 4, 19, 13, 19, 14, 7, 12, 2, 18, 19, 5, 9, 8, 11, 2, 2, 16, 4, 10, 6, 10, 6, 12, 9, 14, 11, 9, 3, 7, 19, 2, 12, 2, 8, 13, 7, 18, 10, 2, 6, 20, 11, 3, 9, 3, 2, 10, 7, 10, 12, 6, 6, 9, 3, 20, 14, 12, 7, 5, 3, 3, 10, 13, 6, 18, 13, 2, 18, 4, 7, 5, 19, 14, 20, 13, 9, 11, 20, 16, 8, 12, 18, 8, 20, 3, 4, 18, 5, 5, 14, 20, 2, 16, 5, 11, 19, 20, 8, 7, 5, 14, 16, 7, 2, 18, 7, 20, 6, 6, 5, 16, 6, 17, 17, 1, 4, 13, 20, 12, 12, 20, 4, 16, 16, 4, 4, 1, 17, 1, 15, 1, 15, 17, 8, 13, 15, 17, 8, 13, 15, 1, 15, 1, 15, 17, 8, 13, 15, 8, 1, 15, 4, 13, 8, 1, 17, 18, 1, 15, 17, 1, 17, 15, 17]
bestever    1963    in generation 513
[19, 14, 11, 16, 14, 14, 11, 11, 3, 10, 19, 19, 16, 3, 18, 10, 19, 16, 9, 5, 4, 18, 12, 3, 11, 9, 12, 14, 6, 9, 10, 11, 9, 7, 10, 5, 4, 19, 13, 19, 14, 7, 12, 2, 18, 19, 5, 9, 8, 11, 2, 2, 16, 4, 10, 6, 10, 6, 12, 9, 14, 11, 9, 3, 7, 19, 2, 12, 2, 8, 13, 7, 18, 10, 2, 6, 20, 11, 3, 9, 3, 2, 10, 7, 10, 12, 6, 6, 9, 3, 20, 14, 12, 7, 5, 3, 3, 10, 13, 6, 18, 13, 2, 18, 4, 7, 5, 19, 14, 20, 13, 9, 11, 20, 16, 8, 12, 18, 8, 20, 3, 4, 18, 5, 5, 14, 20, 2, 16, 5, 11, 19, 20, 8, 7, 5, 14, 16, 7, 2, 18, 7, 20, 6, 6, 5, 16, 6, 17, 17, 1, 4, 13, 20, 17, 12, 20, 4, 16, 16, 4, 4, 1, 12, 1, 15, 1, 15, 17, 8, 13, 15, 17, 8, 13, 15, 1, 15, 1, 15, 17, 8, 13, 15, 8, 1, 15, 4, 13, 8, 1, 17, 18, 1, 15, 17, 1, 17, 15, 17]
bestever    1950    in generation 527
[19, 14, 11, 16, 14, 14, 11, 11, 3, 10, 19, 19, 16, 3, 18, 10, 19, 16, 9, 5, 4, 18, 12, 3, 11, 9, 12, 14, 6, 9, 10, 11, 9, 7, 10, 5, 4, 19, 13, 19, 14, 7, 12, 2, 18, 19, 5, 9, 8, 11, 2, 2, 16, 4, 10, 6, 10, 10, 12, 9, 14, 11, 9, 3, 7, 19, 2, 12, 2, 8, 13, 7, 18, 10, 2, 6, 20, 11, 3, 9, 3, 2, 10, 7, 10, 12, 6, 6, 9, 3, 20, 14, 12, 7, 5, 3, 3, 6, 13, 6, 18, 13, 2, 18, 4, 7, 5, 19, 14, 20, 13, 9, 11, 20, 16, 8, 12, 18, 8, 20, 3, 4, 18, 5, 5, 14, 20, 2, 16, 5, 11, 19, 20, 8, 7, 5, 14, 16, 7, 2, 18, 7, 20, 6, 6, 5, 16, 6, 17, 17, 1, 4, 13, 20, 17, 12, 20, 4, 16, 16, 4, 4, 1, 12, 1, 15, 1, 15, 17, 8, 13, 15, 17, 8, 13, 15, 1, 15, 1, 15, 17, 8, 13, 15, 8, 1, 15, 4, 13, 8, 1, 17, 18, 1, 15, 17, 1, 17, 15, 17]
bestever    1938    in generation 533
[19, 14, 11, 16, 14, 14, 11, 11, 3, 10, 19, 19, 16, 3, 18, 10, 19, 16, 9, 5, 4, 18, 12, 3, 11, 9, 12, 14, 6, 9, 10, 11, 9, 7, 10, 5, 4, 19, 13, 19, 11, 7, 12, 2, 18, 19, 5, 9, 8, 11, 2, 2, 16, 4, 10, 6, 10, 10, 12, 9, 14, 14, 9, 3, 7, 19, 2, 12, 2, 8, 13, 7, 18, 10, 2, 6, 20, 11, 3, 9, 3, 2, 10, 7, 10, 12, 6, 6, 9, 3, 20, 14, 12, 7, 5, 3, 3, 6, 13, 6, 18, 13, 2, 18, 4, 7, 5, 19, 14, 20, 13, 9, 11, 20, 16, 8, 12, 18, 8, 20, 3, 4, 18, 5, 5, 14, 20, 2, 16, 5, 11, 19, 20, 8, 7, 5, 14, 16, 7, 2, 18, 7, 20, 6, 6, 5, 16, 6, 17, 17, 1, 4, 13, 20, 17, 12, 20, 4, 16, 16, 4, 4, 1, 12, 1, 15, 1, 15, 17, 8, 13, 15, 17, 8, 13, 15, 1, 15, 1, 15, 17, 8, 13, 15, 8, 1, 15, 4, 13, 8, 1, 17, 18, 1, 15, 17, 1, 17, 15, 17]
bestever    1930    in generation 581
[19, 14, 11, 19, 14, 14, 11, 11, 3, 10, 19, 19, 16, 3, 18, 10, 19, 16, 9, 5, 4, 18, 12, 3, 11, 9, 12, 14, 6, 9, 10, 11, 9, 7, 10, 5, 4, 19, 13, 19, 11, 7, 12, 2, 18, 19, 5, 9, 8, 11, 2, 2, 16, 4, 10, 6, 10, 10, 12, 9, 14, 14, 9, 3, 7, 19, 2, 12, 2, 8, 13, 7, 18, 10, 2, 6, 20, 11, 3, 9, 3, 2, 10, 7, 10, 12, 6, 6, 9, 3, 20, 14, 12, 7, 5, 3, 3, 6, 13, 6, 18, 13, 2, 18, 4, 7, 5, 19, 14, 20, 13, 9, 11, 20, 16, 8, 12, 18, 8, 20, 3, 4, 18, 5, 5, 14, 20, 2, 16, 5, 11, 16, 20, 8, 7, 5, 14, 16, 7, 2, 18, 7, 20, 6, 6, 5, 16, 6, 17, 17, 1, 4, 13, 20, 17, 12, 20, 4, 16, 16, 4, 4, 1, 12, 1, 15, 1, 15, 17, 8, 13, 15, 17, 8, 13, 15, 1, 15, 1, 15, 17, 8, 13, 15, 8, 1, 15, 4, 13, 8, 1, 17, 18, 1, 15, 17, 1, 17, 15, 17]
bestever    1910    in generation 596
[19, 14, 11, 19, 14, 14, 11, 11, 3, 10, 19, 19, 16, 3, 18, 10, 19, 16, 9, 5, 4, 18, 12, 3, 11, 9, 12, 14, 6, 9, 10, 11, 9, 7, 10, 5, 4, 19, 13, 19, 11, 7, 12, 2, 18, 19, 5, 9, 8, 11, 2, 2, 16, 4, 10, 6, 10, 10, 12, 9, 14, 14, 9, 3, 7, 19, 2, 12, 2, 8, 13, 7, 18, 10, 2, 6, 20, 11, 3, 9, 3, 2, 10, 7, 10, 12, 6, 6, 9, 3, 20, 14, 12, 7, 5, 3, 3, 6, 13, 6, 18, 13, 2, 18, 4, 7, 5, 19, 14, 20, 13, 9, 11, 20, 16, 8, 12, 18, 8, 20, 3, 4, 18, 5, 5, 14, 20, 2, 16, 5, 11, 16, 20, 8, 7, 5, 14, 16, 7, 2, 18, 7, 20, 6, 6, 5, 16, 6, 17, 17, 1, 4, 13, 20, 17, 12, 20, 4, 16, 16, 4, 1, 12, 1, 15, 15, 17, 8, 13, 15, 17, 8, 1, 15, 17, 15, 1, 13, 15, 8, 1, 15, 4, 13, 8, 1, 15, 4, 13, 8, 1, 17, 18, 1, 15, 17, 1, 17, 15, 17]
bestever    1882    in generation 630
[19, 14, 11, 19, 14, 14, 11, 11, 3, 10, 19, 19, 16, 3, 18, 10, 19, 16, 9, 5, 4, 18, 12, 3, 11, 9, 12, 14, 6, 9, 10, 11, 9, 7, 10, 5, 4, 19, 13, 19, 11, 7, 12, 2, 18, 19, 5, 9, 8, 11, 2, 2, 16, 4, 10, 6, 10, 10, 12, 9, 14, 14, 9, 3, 7, 19, 2, 12, 2, 8, 13, 7, 18, 10, 2, 6, 20, 11, 3, 9, 3, 2, 10, 7, 10, 12, 6, 6, 9, 3, 20, 14, 12, 7, 5, 3, 3, 6, 13, 6, 18, 13, 2, 18, 4, 7, 5, 19, 14, 20, 13, 9, 11, 20, 16, 8, 12, 18, 8, 20, 3, 4, 18, 5, 5, 14, 20, 2, 16, 5, 11, 16, 20, 8, 7, 5, 14, 16, 7, 2, 18, 7, 20, 6, 6, 5, 16, 6, 17, 17, 1, 4, 13, 20, 17, 12, 20, 4, 16, 16, 4, 1, 12, 1, 15, 15, 17, 8, 13, 15, 17, 8, 1, 15, 15, 1, 13, 15, 8, 1, 15, 4, 13, 8, 1, 4, 13, 8, 17, 18, 1, 15, 17, 1, 15, 17, 1, 17, 15, 17]
bestever    1870    in generation 673
[19, 14, 11, 19, 14, 14, 11, 11, 3, 10, 19, 19, 16, 3, 18, 10, 19, 16, 9, 5, 4, 18, 12, 3, 11, 9, 12, 14, 6, 9, 10, 11, 9, 7, 10, 5, 4, 19, 13, 19, 11, 7, 12, 2, 18, 19, 5, 9, 8, 11, 2, 2, 16, 4, 10, 6, 10, 10, 12, 9, 14, 14, 9, 3, 7, 19, 2, 12, 2, 6, 13, 7, 18, 10, 2, 6, 20, 11, 3, 9, 3, 2, 10, 7, 10, 12, 8, 6, 9, 3, 20, 14, 12, 7, 5, 3, 3, 6, 13, 6, 18, 13, 2, 18, 4, 7, 5, 19, 14, 20, 13, 9, 11, 20, 16, 8, 12, 18, 8, 20, 3, 4, 18, 5, 5, 14, 20, 2, 16, 5, 11, 16, 20, 8, 7, 5, 14, 16, 7, 2, 18, 7, 20, 6, 6, 5, 16, 6, 17, 17, 1, 4, 13, 20, 17, 12, 20, 4, 16, 16, 12, 1, 15, 15, 17, 13, 15, 17, 8, 1, 15, 1, 15, 8, 1, 15, 4, 13, 8, 1, 15, 4, 13, 8, 1, 4, 13, 8, 17, 18, 1, 15, 17, 1, 15, 17, 1, 17, 15, 17]
bestever    1868    in generation 806
[19, 14, 11, 19, 14, 14, 11, 11, 3, 10, 19, 19, 16, 3, 18, 10, 19, 16, 9, 5, 4, 18, 10, 12, 3, 11, 9, 12, 14, 6, 3, 9, 10, 11, 9, 7, 10, 5, 4, 19, 13, 19, 11, 7, 12, 2, 18, 19, 5, 9, 8, 11, 2, 2, 16, 4, 10, 6, 10, 12, 9, 14, 14, 9, 3, 7, 19, 2, 12, 2, 6, 13, 7, 18, 10, 2, 6, 20, 11, 3, 9, 3, 2, 10, 7, 10, 12, 8, 6, 9, 3, 20, 14, 12, 7, 5, 3, 6, 13, 6, 18, 13, 2, 18, 4, 7, 5, 19, 14, 20, 13, 9, 11, 20, 16, 8, 12, 18, 8, 20, 3, 4, 18, 5, 5, 14, 20, 2, 16, 5, 11, 16, 20, 8, 7, 5, 14, 16, 7, 2, 6, 7, 20, 6, 18, 5, 16, 6, 17, 4, 13, 20, 12, 20, 4, 16, 16, 12, 13, 17, 15, 1, 17, 1, 15, 17, 15, 17, 8, 1, 15, 1, 15, 8, 1, 15, 4, 13, 8, 1, 15, 4, 13, 8, 1, 4, 13, 8, 17, 18, 1, 15, 17, 1, 15, 17, 1, 17, 15, 17]
bestever    1862    in generation 831
[19, 14, 11, 19, 14, 14, 11, 11, 3, 10, 19, 19, 16, 3, 18, 10, 19, 16, 9, 5, 4, 18, 10, 12, 3, 11, 9, 12, 14, 6, 3, 9, 10, 11, 9, 7, 10, 5, 4, 19, 13, 19, 11, 7, 12, 2, 18, 19, 5, 9, 8, 11, 2, 2, 16, 4, 10, 6, 10, 12, 9, 14, 14, 9, 3, 7, 19, 2, 12, 2, 6, 14, 7, 18, 10, 2, 6, 20, 11, 3, 9, 3, 2, 10, 7, 10, 12, 8, 6, 9, 3, 20, 14, 12, 7, 5, 3, 6, 13, 6, 18, 13, 2, 18, 4, 7, 5, 19, 13, 20, 13, 9, 11, 20, 16, 8, 12, 18, 8, 20, 3, 4, 18, 5, 5, 14, 20, 2, 16, 5, 11, 16, 20, 8, 7, 5, 14, 16, 7, 2, 6, 7, 20, 6, 18, 5, 16, 6, 17, 4, 13, 20, 12, 20, 4, 16, 16, 12, 13, 17, 15, 1, 17, 1, 15, 17, 15, 17, 8, 1, 15, 1, 15, 8, 1, 15, 4, 13, 8, 1, 15, 4, 13, 8, 1, 4, 13, 8, 17, 18, 1, 15, 17, 1, 15, 17, 1, 17, 15, 17]
bestever    1858    in generation 834
[19, 14, 11, 19, 14, 14, 11, 11, 3, 10, 19, 19, 16, 3, 18, 10, 19, 16, 9, 5, 4, 18, 10, 12, 3, 11, 9, 12, 14, 6, 3, 9, 10, 11, 9, 7, 10, 5, 4, 19, 13, 19, 11, 7, 12, 2, 18, 19, 5, 9, 8, 11, 2, 2, 16, 4, 10, 6, 10, 12, 9, 14, 14, 9, 3, 7, 3, 2, 12, 2, 6, 13, 7, 18, 10, 2, 6, 20, 11, 3, 9, 3, 2, 10, 7, 10, 12, 8, 6, 9, 3, 20, 14, 12, 7, 5, 19, 6, 13, 6, 18, 13, 2, 18, 4, 7, 5, 19, 14, 20, 13, 9, 11, 20, 16, 8, 12, 18, 8, 20, 3, 4, 18, 5, 5, 14, 20, 2, 16, 5, 11, 16, 20, 8, 7, 5, 14, 16, 7, 2, 6, 7, 20, 6, 18, 5, 16, 6, 17, 4, 13, 20, 12, 20, 4, 16, 16, 12, 13, 17, 15, 1, 17, 1, 15, 17, 15, 17, 8, 1, 15, 1, 15, 8, 1, 15, 4, 13, 8, 1, 15, 4, 13, 8, 1, 4, 13, 8, 17, 18, 1, 15, 17, 1, 15, 17, 1, 17, 15, 17]
bestever    1855    in generation 846
[19, 14, 11, 19, 14, 14, 11, 11, 3, 10, 19, 19, 16, 3, 18, 10, 19, 16, 9, 5, 4, 18, 10, 12, 3, 11, 9, 12, 14, 6, 3, 9, 10, 11, 9, 7, 10, 5, 4, 2, 13, 19, 11, 7, 12, 2, 18, 19, 5, 9, 8, 11, 19, 2, 16, 4, 10, 6, 10, 12, 9, 14, 14, 9, 3, 7, 3, 2, 12, 2, 6, 13, 7, 18, 10, 2, 6, 20, 11, 3, 9, 3, 2, 10, 7, 10, 12, 8, 6, 9, 3, 20, 14, 12, 7, 5, 19, 6, 13, 6, 18, 13, 2, 18, 4, 7, 5, 19, 14, 20, 13, 9, 11, 20, 16, 8, 12, 18, 8, 20, 3, 4, 18, 5, 5, 14, 20, 2, 16, 5, 11, 16, 20, 8, 7, 5, 14, 16, 7, 2, 6, 7, 20, 6, 18, 5, 16, 6, 17, 4, 13, 20, 12, 20, 4, 16, 16, 12, 13, 17, 15, 1, 17, 1, 15, 17, 15, 17, 8, 1, 15, 1, 15, 8, 1, 15, 4, 13, 8, 1, 15, 4, 13, 8, 1, 4, 13, 8, 17, 18, 1, 15, 17, 1, 15, 17, 1, 17, 15, 17]
bestever    1850    in generation 900
[19, 14, 11, 19, 14, 14, 11, 11, 3, 10, 19, 19, 16, 3, 18, 10, 19, 16, 9, 5, 4, 18, 10, 12, 3, 11, 9, 12, 14, 6, 3, 9, 10, 11, 16, 7, 10, 5, 4, 2, 13, 19, 11, 7, 12, 2, 18, 19, 5, 9, 8, 11, 19, 2, 9, 4, 10, 6, 10, 12, 9, 14, 14, 9, 3, 7, 3, 2, 12, 2, 6, 13, 7, 18, 10, 2, 6, 20, 11, 3, 9, 3, 2, 10, 7, 10, 12, 8, 6, 9, 3, 20, 14, 12, 7, 5, 19, 6, 13, 6, 18, 13, 2, 18, 4, 7, 5, 19, 14, 20, 13, 9, 11, 20, 16, 8, 12, 18, 8, 20, 3, 4, 18, 5, 5, 14, 20, 2, 16, 5, 11, 16, 20, 8, 7, 5, 14, 16, 7, 2, 6, 7, 20, 6, 18, 5, 16, 6, 17, 4, 13, 20, 12, 20, 4, 16, 16, 12, 13, 17, 15, 1, 17, 1, 15, 17, 15, 17, 8, 1, 15, 1, 15, 8, 1, 15, 4, 13, 8, 1, 15, 4, 13, 8, 1, 4, 13, 8, 17, 18, 1, 15, 17, 1, 15, 17, 1, 17, 15, 17]
bestever    1844    in generation 937
[19, 14, 11, 19, 14, 14, 11, 11, 3, 10, 19, 19, 16, 3, 18, 10, 19, 16, 9, 5, 4, 18, 10, 12, 2, 11, 9, 12, 14, 6, 3, 9, 10, 11, 9, 7, 10, 5, 4, 2, 13, 19, 11, 7, 12, 3, 18, 19, 5, 9, 8, 11, 19, 2, 15, 4, 10, 6, 10, 12, 9, 14, 14, 9, 3, 7, 3, 2, 12, 2, 6, 13, 7, 18, 10, 2, 6, 20, 11, 3, 9, 3, 2, 10, 7, 10, 12, 8, 6, 9, 3, 20, 14, 12, 7, 5, 19, 6, 13, 6, 18, 13, 2, 18, 4, 7, 5, 19, 14, 20, 13, 9, 11, 20, 16, 8, 12, 18, 8, 20, 3, 4, 18, 5, 5, 14, 20, 2, 16, 5, 11, 16, 20, 8, 7, 5, 14, 16, 7, 2, 6, 7, 20, 6, 18, 5, 16, 6, 17, 4, 13, 20, 12, 20, 4, 16, 16, 12, 13, 17, 15, 1, 17, 1, 15, 17, 16, 17, 8, 1, 15, 1, 15, 8, 1, 15, 4, 13, 8, 1, 15, 4, 13, 8, 1, 4, 13, 8, 17, 18, 1, 15, 17, 1, 15, 17, 1, 17, 15, 17]
bestever    1836    in generation 967
[19, 14, 11, 19, 14, 14, 11, 11, 3, 10, 19, 19, 16, 3, 18, 10, 19, 16, 9, 5, 18, 18, 10, 12, 2, 11, 9, 12, 14, 6, 3, 9, 10, 11, 9, 7, 10, 5, 4, 2, 13, 19, 11, 7, 12, 3, 18, 19, 5, 9, 8, 11, 19, 2, 15, 4, 10, 6, 10, 12, 9, 14, 14, 9, 3, 7, 3, 2, 12, 2, 6, 13, 7, 18, 10, 2, 6, 20, 11, 3, 9, 3, 2, 10, 7, 10, 12, 8, 6, 9, 3, 20, 14, 12, 7, 5, 19, 6, 13, 6, 18, 13, 2, 4, 4, 7, 5, 19, 14, 20, 13, 9, 11, 20, 16, 8, 12, 18, 8, 20, 3, 4, 18, 5, 5, 14, 20, 2, 16, 5, 11, 16, 20, 8, 7, 5, 14, 16, 7, 2, 6, 7, 20, 6, 18, 5, 16, 6, 17, 4, 13, 20, 12, 20, 4, 16, 16, 12, 13, 17, 15, 1, 17, 1, 15, 17, 16, 17, 8, 1, 15, 1, 15, 8, 1, 15, 4, 13, 8, 1, 15, 4, 13, 8, 1, 4, 13, 8, 17, 18, 1, 15, 17, 1, 15, 17, 1, 17, 15, 17]
bestever    1828    in generation 979
[19, 14, 11, 19, 14, 14, 11, 11, 3, 10, 19, 19, 16, 3, 18, 10, 19, 16, 9, 5, 18, 18, 10, 12, 2, 11, 9, 12, 14, 6, 3, 9, 10, 11, 9, 7, 10, 5, 4, 2, 13, 19, 11, 7, 12, 3, 18, 19, 5, 9, 8, 11, 19, 2, 15, 4, 10, 6, 10, 12, 9, 14, 14, 9, 3, 7, 3, 2, 12, 2, 6, 13, 7, 18, 10, 9, 6, 20, 11, 3, 9, 3, 2, 10, 7, 10, 12, 8, 6, 2, 3, 20, 14, 12, 7, 5, 19, 6, 13, 6, 18, 13, 2, 4, 4, 7, 5, 19, 14, 20, 13, 9, 11, 20, 16, 8, 12, 18, 8, 20, 3, 4, 18, 5, 5, 14, 20, 2, 16, 5, 11, 16, 20, 8, 7, 5, 14, 16, 7, 2, 6, 7, 20, 6, 18, 5, 16, 6, 17, 4, 13, 20, 12, 20, 4, 16, 16, 12, 13, 17, 15, 1, 17, 1, 15, 17, 16, 17, 8, 1, 15, 1, 15, 8, 1, 15, 4, 13, 8, 1, 15, 4, 13, 8, 1, 4, 13, 8, 17, 18, 1, 15, 17, 1, 15, 17, 1, 17, 15, 17]
bestever    1809    in generation 985
[19, 14, 11, 19, 14, 14, 11, 11, 3, 10, 19, 19, 16, 3, 18, 10, 19, 9, 5, 18, 18, 10, 12, 2, 11, 9, 12, 14, 6, 3, 9, 10, 11, 9, 7, 10, 5, 4, 2, 13, 19, 11, 7, 12, 3, 18, 19, 5, 9, 8, 11, 11, 2, 15, 4, 10, 6, 10, 12, 9, 14, 14, 9, 3, 7, 3, 2, 12, 2, 6, 13, 7, 18, 10, 2, 6, 20, 11, 3, 9, 3, 2, 10, 7, 10, 12, 8, 6, 9, 3, 20, 14, 12, 7, 5, 19, 6, 13, 6, 18, 13, 2, 4, 4, 7, 5, 19, 14, 20, 13, 9, 19, 20, 16, 8, 12, 18, 8, 20, 3, 4, 18, 5, 5, 14, 20, 2, 16, 11, 16, 20, 8, 5, 16, 7, 5, 14, 16, 7, 2, 6, 7, 20, 6, 18, 5, 16, 6, 17, 4, 13, 20, 12, 20, 4, 16, 16, 12, 13, 17, 15, 1, 17, 1, 15, 17, 16, 17, 8, 1, 15, 1, 15, 8, 1, 15, 4, 13, 8, 1, 15, 4, 13, 8, 1, 4, 13, 8, 17, 18, 1, 15, 17, 1, 15, 17, 1, 17, 15, 17]
bestever    1805    in generation 987
[19, 14, 11, 19, 14, 14, 11, 11, 3, 10, 19, 19, 16, 3, 18, 10, 19, 16, 9, 5, 18, 18, 10, 12, 2, 11, 9, 12, 14, 6, 3, 9, 10, 11, 9, 7, 10, 5, 4, 2, 13, 19, 11, 7, 12, 3, 18, 19, 5, 9, 8, 11, 19, 2, 11, 4, 10, 6, 10, 12, 9, 14, 14, 9, 3, 7, 3, 2, 12, 2, 6, 13, 7, 18, 10, 9, 6, 20, 11, 3, 9, 3, 2, 10, 7, 10, 12, 8, 6, 2, 3, 20, 14, 12, 7, 5, 19, 6, 13, 6, 18, 13, 2, 4, 4, 7, 5, 19, 14, 20, 13, 9, 11, 20, 16, 8, 12, 18, 8, 20, 3, 4, 18, 5, 5, 14, 20, 2, 16, 5, 15, 16, 20, 8, 7, 5, 14, 16, 7, 2, 6, 7, 20, 6, 18, 5, 16, 6, 17, 4, 13, 20, 12, 20, 4, 16, 16, 12, 13, 17, 15, 1, 17, 1, 15, 17, 16, 17, 8, 1, 15, 1, 15, 8, 1, 15, 4, 13, 8, 1, 15, 4, 13, 8, 1, 4, 13, 8, 17, 18, 1, 15, 17, 1, 15, 17, 1, 17, 15, 17]
bestever    1803    in generation 1050
[19, 14, 11, 19, 18, 14, 11, 11, 3, 10, 19, 19, 16, 3, 18, 10, 19, 16, 9, 5, 14, 18, 10, 12, 2, 11, 9, 12, 14, 6, 3, 9, 10, 11, 9, 7, 10, 5, 4, 2, 13, 19, 11, 7, 12, 3, 18, 19, 5, 9, 8, 11, 19, 2, 11, 4, 10, 6, 10, 12, 9, 14, 14, 9, 3, 7, 3, 12, 2, 6, 13, 7, 18, 10, 9, 6, 20, 11, 3, 9, 2, 10, 7, 10, 12, 8, 6, 2, 3, 2, 3, 20, 14, 12, 7, 5, 19, 6, 13, 6, 18, 13, 2, 4, 4, 7, 5, 19, 14, 20, 13, 9, 11, 20, 16, 8, 12, 18, 8, 20, 3, 4, 18, 5, 5, 14, 20, 2, 16, 5, 15, 16, 20, 8, 7, 5, 14, 16, 7, 2, 6, 7, 20, 6, 18, 5, 16, 6, 17, 4, 13, 20, 12, 20, 4, 16, 16, 12, 13, 17, 15, 1, 17, 1, 15, 17, 16, 17, 8, 1, 15, 1, 15, 8, 1, 15, 4, 13, 8, 1, 15, 4, 13, 8, 1, 4, 13, 8, 17, 18, 1, 15, 17, 1, 15, 17, 1, 17, 15, 17]
bestever    1798    in generation 1089
[19, 14, 11, 19, 18, 14, 11, 11, 3, 10, 19, 19, 16, 3, 18, 10, 19, 16, 9, 5, 14, 18, 10, 12, 2, 11, 9, 12, 14, 6, 3, 9, 10, 11, 9, 7, 10, 5, 4, 2, 13, 19, 11, 7, 12, 3, 10, 19, 5, 9, 8, 11, 19, 2, 11, 4, 10, 6, 10, 12, 9, 14, 14, 9, 3, 7, 3, 12, 2, 6, 13, 7, 18, 10, 9, 6, 20, 11, 3, 9, 2, 10, 7, 18, 12, 8, 6, 2, 3, 2, 3, 20, 14, 12, 7, 5, 19, 6, 13, 6, 18, 13, 2, 4, 4, 7, 5, 19, 14, 20, 13, 9, 11, 20, 16, 8, 12, 18, 8, 20, 3, 4, 18, 5, 5, 14, 20, 2, 16, 5, 15, 16, 20, 8, 7, 5, 14, 16, 7, 2, 6, 7, 20, 6, 18, 5, 16, 6, 17, 4, 13, 20, 12, 20, 4, 16, 16, 12, 13, 17, 15, 1, 17, 1, 16, 8, 17, 15, 17, 1, 15, 1, 15, 8, 1, 15, 4, 13, 8, 1, 15, 4, 13, 8, 1, 4, 13, 8, 17, 18, 1, 15, 17, 1, 15, 17, 1, 17, 15, 17]
bestever    1785    in generation 1140
[19, 14, 11, 19, 9, 14, 11, 11, 3, 10, 19, 19, 16, 3, 18, 10, 19, 16, 9, 5, 14, 18, 10, 12, 2, 11, 9, 12, 14, 6, 3, 18, 10, 11, 9, 7, 10, 5, 4, 2, 13, 19, 11, 7, 12, 3, 10, 19, 5, 9, 8, 11, 19, 2, 11, 4, 10, 6, 10, 12, 9, 14, 14, 9, 3, 7, 3, 12, 2, 6, 13, 7, 18, 10, 9, 6, 20, 11, 3, 9, 2, 10, 7, 18, 12, 8, 6, 2, 3, 2, 3, 20, 14, 12, 7, 5, 19, 6, 13, 6, 18, 13, 2, 4, 4, 7, 5, 19, 14, 20, 13, 9, 11, 20, 16, 8, 12, 18, 8, 20, 3, 4, 18, 5, 5, 14, 20, 2, 16, 5, 15, 16, 20, 8, 7, 5, 14, 16, 7, 2, 6, 7, 20, 6, 18, 5, 16, 6, 17, 4, 13, 20, 12, 20, 4, 16, 16, 12, 13, 17, 15, 1, 17, 1, 16, 8, 17, 15, 17, 1, 15, 1, 15, 8, 1, 15, 4, 13, 8, 1, 15, 4, 13, 8, 1, 4, 13, 8, 17, 18, 1, 15, 17, 1, 15, 17, 1, 17, 15, 17]
bestever    1763    in generation 1216
[19, 14, 11, 19, 9, 14, 11, 11, 3, 10, 19, 19, 16, 3, 18, 10, 19, 16, 9, 5, 14, 18, 10, 12, 2, 11, 9, 12, 14, 6, 3, 18, 10, 11, 9, 7, 10, 5, 4, 2, 13, 19, 11, 7, 12, 3, 10, 18, 5, 9, 8, 11, 19, 2, 11, 4, 10, 6, 10, 12, 9, 14, 14, 9, 3, 7, 3, 12, 2, 6, 13, 7, 18, 10, 9, 6, 20, 11, 3, 9, 2, 10, 7, 19, 12, 8, 6, 2, 3, 2, 3, 20, 14, 12, 7, 5, 19, 6, 13, 6, 18, 13, 2, 4, 4, 7, 5, 19, 14, 20, 13, 9, 11, 20, 16, 8, 12, 18, 8, 20, 3, 4, 18, 5, 5, 14, 20, 2, 16, 5, 15, 16, 20, 8, 7, 5, 14, 16, 7, 2, 6, 7, 20, 6, 18, 5, 16, 6, 17, 4, 13, 20, 12, 20, 4, 16, 16, 12, 13, 17, 17, 16, 8, 17, 17, 15, 1, 15, 1, 15, 1, 1, 15, 8, 1, 15, 4, 13, 8, 1, 15, 4, 13, 8, 1, 4, 13, 8, 17, 18, 1, 15, 17, 1, 15, 17, 1, 17, 15, 17]
bestever    1758    in generation 1243
[19, 14, 11, 19, 9, 14, 11, 11, 3, 10, 19, 19, 16, 3, 18, 10, 19, 16, 9, 5, 14, 18, 10, 12, 2, 11, 9, 12, 14, 6, 3, 18, 10, 11, 9, 7, 10, 5, 4, 2, 13, 19, 11, 7, 12, 3, 10, 18, 5, 9, 8, 11, 19, 2, 11, 4, 10, 6, 10, 12, 9, 14, 14, 9, 3, 7, 3, 12, 2, 6, 13, 7, 18, 10, 9, 6, 20, 11, 3, 9, 2, 10, 7, 19, 12, 8, 6, 2, 3, 2, 3, 20, 14, 12, 7, 5, 19, 6, 13, 6, 18, 13, 2, 4, 4, 7, 5, 19, 14, 20, 13, 9, 1, 20, 16, 8, 12, 18, 8, 20, 3, 4, 18, 5, 5, 14, 20, 2, 16, 5, 15, 16, 20, 8, 7, 5, 14, 16, 7, 2, 6, 7, 20, 6, 18, 5, 16, 6, 17, 4, 13, 20, 12, 20, 4, 16, 16, 12, 13, 17, 17, 16, 8, 17, 17, 15, 1, 15, 1, 15, 1, 1, 15, 8, 1, 15, 4, 13, 8, 1, 15, 4, 13, 8, 11, 4, 13, 8, 17, 18, 1, 15, 17, 1, 15, 17, 1, 17, 15, 17]
bestever    1757    in generation 1436
[19, 14, 11, 19, 9, 14, 11, 11, 3, 10, 19, 19, 14, 3, 18, 10, 19, 16, 9, 5, 16, 18, 10, 12, 2, 11, 9, 12, 14, 6, 3, 18, 10, 11, 9, 7, 10, 5, 4, 2, 13, 19, 11, 7, 12, 3, 10, 18, 5, 9, 8, 11, 19, 2, 11, 4, 10, 6, 10, 12, 9, 14, 14, 9, 3, 7, 3, 12, 2, 6, 13, 7, 18, 10, 9, 6, 16, 20, 11, 3, 9, 2, 10, 7, 19, 12, 8, 6, 2, 3, 2, 3, 20, 14, 12, 7, 5, 19, 6, 13, 6, 18, 13, 2, 4, 4, 7, 5, 19, 14, 20, 13, 9, 1, 20, 16, 8, 12, 18, 8, 17, 20, 3, 4, 18, 5, 5, 14, 20, 2, 16, 5, 15, 16, 20, 8, 7, 5, 14, 16, 7, 2, 6, 7, 20, 6, 18, 5, 6, 4, 13, 20, 12, 20, 4, 16, 16, 12, 13, 16, 8, 17, 15, 17, 15, 17, 1, 1, 15, 1, 1, 15, 8, 1, 15, 4, 13, 8, 4, 13, 8, 11, 4, 17, 17, 1, 15, 13, 8, 17, 18, 1, 15, 17, 1, 15, 1, 17, 15, 17]
bestever    1753    in generation 1643
[19, 14, 11, 19, 9, 14, 11, 11, 3, 10, 19, 19, 14, 3, 18, 10, 19, 16, 9, 5, 16, 18, 10, 12, 2, 11, 9, 12, 14, 6, 3, 18, 10, 11, 9, 7, 10, 5, 4, 2, 13, 19, 11, 7, 12, 3, 10, 18, 5, 9, 8, 11, 19, 2, 11, 4, 10, 6, 10, 12, 9, 14, 14, 9, 3, 7, 3, 12, 2, 6, 13, 7, 18, 10, 9, 6, 16, 20, 11, 3, 9, 2, 10, 7, 19, 12, 8, 6, 2, 3, 2, 3, 20, 14, 12, 7, 5, 19, 6, 13, 6, 18, 13, 2, 4, 7, 5, 19, 14, 20, 18, 9, 1, 20, 16, 8, 12, 18, 8, 20, 3, 4, 13, 5, 5, 14, 20, 2, 16, 5, 16, 20, 8, 15, 17, 7, 5, 14, 16, 7, 2, 6, 7, 20, 6, 18, 5, 6, 4, 13, 20, 12, 4, 20, 4, 16, 16, 12, 13, 16, 8, 17, 15, 17, 15, 17, 1, 1, 15, 1, 1, 15, 8, 1, 15, 4, 13, 8, 4, 13, 8, 11, 4, 17, 17, 1, 15, 13, 8, 17, 18, 1, 15, 17, 1, 15, 1, 17, 15, 17]
bestever    1741    in generation 1653
[19, 14, 11, 19, 9, 14, 11, 11, 3, 10, 19, 19, 14, 3, 18, 10, 19, 3, 9, 5, 16, 18, 10, 12, 2, 11, 9, 12, 14, 6, 3, 18, 10, 11, 9, 7, 10, 5, 4, 2, 13, 19, 11, 7, 12, 3, 10, 18, 5, 9, 8, 11, 19, 2, 11, 4, 10, 6, 10, 12, 9, 14, 14, 9, 3, 7, 16, 12, 2, 6, 13, 7, 18, 10, 9, 6, 16, 20, 11, 3, 9, 2, 10, 7, 19, 12, 8, 6, 2, 3, 2, 3, 20, 14, 12, 7, 5, 19, 6, 13, 6, 18, 13, 2, 4, 7, 5, 19, 14, 20, 18, 9, 1, 20, 16, 8, 12, 18, 8, 20, 3, 4, 13, 5, 5, 14, 20, 2, 16, 5, 16, 20, 8, 15, 17, 7, 5, 14, 16, 7, 2, 6, 7, 20, 6, 18, 5, 6, 4, 13, 20, 12, 4, 20, 4, 16, 16, 12, 13, 16, 8, 17, 15, 17, 15, 17, 1, 1, 15, 1, 1, 15, 8, 1, 15, 4, 13, 8, 4, 13, 8, 11, 4, 17, 17, 1, 15, 13, 8, 17, 18, 1, 15, 17, 1, 15, 1, 17, 15, 17]
bestever    1739    in generation 1667
[19, 14, 11, 19, 9, 14, 11, 11, 3, 10, 19, 19, 14, 3, 18, 10, 19, 3, 9, 5, 16, 18, 10, 12, 2, 11, 9, 12, 14, 6, 3, 18, 10, 11, 9, 7, 10, 5, 4, 2, 13, 19, 11, 7, 12, 3, 10, 18, 5, 9, 8, 11, 20, 2, 11, 4, 10, 6, 10, 12, 9, 14, 14, 9, 3, 7, 16, 12, 2, 6, 13, 7, 18, 10, 9, 6, 16, 20, 11, 3, 9, 2, 10, 7, 19, 12, 8, 6, 2, 3, 2, 3, 19, 14, 12, 7, 5, 19, 6, 13, 6, 18, 13, 2, 4, 7, 5, 19, 14, 20, 18, 9, 1, 20, 16, 8, 12, 18, 8, 20, 3, 4, 13, 5, 5, 14, 20, 2, 16, 5, 16, 20, 8, 15, 17, 7, 5, 14, 16, 7, 2, 6, 7, 20, 6, 18, 5, 6, 4, 13, 20, 12, 4, 20, 4, 16, 16, 12, 13, 16, 8, 17, 15, 17, 15, 17, 1, 1, 15, 1, 1, 15, 8, 1, 15, 4, 13, 8, 4, 13, 8, 11, 4, 17, 17, 1, 15, 13, 8, 17, 18, 1, 15, 17, 1, 15, 1, 17, 15, 17]
bestever    1737    in generation 1962
[19, 14, 11, 19, 9, 14, 11, 11, 3, 10, 19, 19, 14, 3, 18, 10, 19, 3, 9, 5, 16, 18, 10, 12, 2, 11, 9, 12, 14, 6, 3, 18, 10, 11, 9, 7, 10, 5, 4, 2, 13, 19, 11, 7, 12, 3, 10, 18, 5, 9, 8, 11, 19, 2, 11, 4, 10, 6, 10, 12, 9, 14, 14, 9, 3, 7, 16, 12, 2, 6, 13, 7, 20, 10, 9, 6, 16, 18, 11, 3, 9, 2, 10, 7, 19, 12, 8, 6, 2, 3, 2, 3, 14, 12, 20, 14, 7, 5, 19, 6, 13, 6, 18, 13, 2, 4, 7, 5, 19, 20, 18, 16, 1, 20, 16, 8, 12, 18, 8, 14, 3, 4, 5, 13, 5, 20, 20, 2, 16, 5, 9, 20, 8, 15, 17, 7, 5, 14, 16, 7, 2, 6, 7, 20, 6, 18, 5, 6, 4, 13, 20, 12, 18, 20, 4, 16, 16, 12, 13, 16, 8, 17, 15, 17, 15, 17, 1, 1, 15, 1, 1, 15, 8, 1, 15, 4, 13, 8, 4, 13, 8, 11, 4, 17, 17, 1, 15, 13, 8, 17, 4, 1, 15, 17, 1, 15, 1, 17, 15, 17]
bestever    1733    in generation 1973
[19, 14, 11, 19, 9, 14, 11, 11, 3, 10, 19, 19, 14, 3, 18, 10, 19, 3, 9, 5, 16, 18, 10, 12, 2, 11, 9, 12, 14, 6, 3, 18, 10, 11, 9, 7, 10, 5, 4, 2, 13, 19, 11, 7, 12, 3, 10, 18, 5, 9, 8, 11, 19, 2, 11, 15, 10, 6, 10, 12, 9, 14, 14, 9, 3, 7, 16, 12, 2, 6, 13, 7, 20, 10, 9, 6, 16, 18, 11, 3, 9, 2, 10, 7, 19, 12, 8, 6, 2, 3, 2, 3, 14, 12, 20, 14, 7, 5, 19, 6, 13, 6, 18, 13, 2, 4, 7, 5, 19, 20, 18, 16, 1, 20, 16, 8, 12, 18, 8, 14, 3, 4, 5, 13, 5, 20, 20, 2, 16, 5, 9, 20, 8, 15, 17, 7, 5, 14, 16, 7, 2, 6, 7, 20, 6, 18, 5, 6, 4, 13, 20, 12, 18, 20, 4, 16, 16, 12, 13, 16, 8, 17, 15, 17, 4, 17, 1, 1, 15, 1, 1, 15, 8, 1, 15, 4, 13, 8, 4, 13, 8, 11, 4, 17, 17, 1, 15, 13, 8, 17, 4, 1, 15, 17, 1, 15, 1, 17, 15, 17]
bestever    1717    in generation 2077
[19, 14, 11, 19, 9, 14, 11, 11, 3, 10, 19, 19, 14, 12, 3, 18, 10, 19, 3, 9, 5, 16, 18, 10, 2, 11, 9, 12, 14, 6, 3, 18, 10, 11, 9, 7, 10, 5, 4, 2, 13, 19, 11, 7, 12, 3, 10, 18, 5, 9, 8, 11, 19, 11, 2, 15, 10, 6, 10, 12, 9, 14, 14, 9, 3, 7, 16, 12, 2, 6, 13, 7, 20, 10, 9, 6, 16, 18, 11, 3, 9, 2, 10, 7, 19, 12, 8, 6, 2, 3, 2, 3, 14, 12, 20, 14, 7, 5, 19, 6, 13, 6, 18, 13, 2, 4, 7, 5, 19, 20, 18, 16, 1, 20, 16, 8, 12, 18, 8, 14, 3, 4, 5, 13, 5, 20, 20, 2, 16, 5, 9, 20, 8, 15, 17, 7, 5, 14, 16, 7, 2, 6, 7, 20, 6, 18, 5, 6, 4, 13, 20, 12, 18, 20, 4, 16, 16, 12, 13, 16, 8, 17, 15, 17, 4, 17, 1, 1, 15, 1, 1, 15, 8, 1, 15, 4, 13, 8, 4, 13, 8, 11, 4, 17, 17, 1, 15, 13, 8, 17, 4, 1, 15, 17, 1, 15, 1, 17, 15, 17]
bestever    1708    in generation 2090
[19, 14, 11, 19, 9, 14, 11, 11, 9, 10, 19, 19, 14, 12, 3, 18, 10, 19, 3, 9, 5, 16, 18, 10, 2, 11, 9, 12, 14, 6, 3, 18, 10, 11, 9, 7, 10, 5, 4, 2, 13, 19, 11, 7, 12, 3, 10, 18, 5, 9, 8, 11, 19, 11, 2, 15, 10, 6, 10, 12, 9, 14, 14, 3, 3, 7, 16, 12, 2, 6, 13, 7, 20, 10, 9, 6, 16, 18, 11, 3, 9, 2, 10, 7, 19, 12, 8, 6, 2, 3, 2, 3, 14, 12, 20, 14, 7, 5, 19, 6, 13, 6, 18, 13, 2, 4, 7, 5, 19, 20, 18, 16, 1, 20, 16, 8, 12, 18, 8, 14, 3, 4, 5, 13, 5, 20, 20, 2, 16, 5, 9, 20, 8, 15, 17, 7, 5, 14, 16, 7, 2, 6, 7, 20, 6, 18, 5, 6, 4, 13, 20, 12, 18, 20, 4, 16, 16, 12, 13, 16, 8, 17, 15, 17, 4, 17, 1, 1, 15, 1, 1, 15, 8, 1, 15, 4, 13, 8, 4, 13, 8, 11, 4, 17, 17, 1, 15, 13, 8, 17, 4, 1, 15, 17, 1, 15, 1, 17, 15, 17]
bestever    1693    in generation 2208
[19, 14, 19, 19, 9, 14, 11, 11, 9, 10, 19, 11, 14, 12, 3, 18, 10, 19, 3, 9, 5, 16, 18, 10, 2, 11, 9, 12, 14, 6, 3, 18, 10, 11, 9, 7, 10, 5, 4, 2, 13, 19, 11, 7, 12, 3, 10, 18, 5, 9, 8, 11, 19, 11, 2, 15, 10, 6, 10, 12, 9, 14, 14, 3, 3, 7, 16, 12, 2, 6, 13, 7, 20, 10, 9, 6, 16, 18, 11, 3, 9, 2, 10, 7, 19, 12, 8, 6, 2, 3, 2, 3, 14, 12, 20, 14, 7, 5, 19, 6, 13, 6, 18, 13, 2, 4, 7, 5, 19, 20, 18, 16, 1, 20, 16, 8, 12, 18, 8, 14, 3, 4, 5, 13, 5, 20, 20, 2, 16, 5, 9, 20, 8, 15, 17, 7, 5, 14, 16, 7, 2, 6, 7, 20, 6, 18, 5, 6, 4, 13, 20, 12, 18, 20, 4, 16, 16, 12, 13, 16, 8, 17, 15, 17, 4, 17, 1, 1, 15, 1, 1, 15, 8, 1, 15, 4, 13, 8, 4, 13, 8, 11, 4, 17, 17, 1, 15, 13, 8, 17, 4, 1, 15, 17, 1, 15, 1, 17, 15, 17]
bestever    1687    in generation 2953
[19, 14, 11, 19, 9, 14, 19, 11, 9, 10, 19, 11, 14, 12, 3, 18, 10, 19, 3, 9, 5, 16, 18, 10, 2, 11, 9, 12, 14, 6, 3, 16, 12, 11, 9, 7, 10, 5, 4, 2, 13, 16, 19, 11, 7, 10, 3, 10, 18, 5, 9, 8, 11, 19, 11, 2, 15, 10, 6, 10, 12, 9, 14, 14, 3, 3, 7, 18, 12, 2, 6, 13, 7, 20, 10, 9, 6, 16, 18, 11, 3, 9, 2, 10, 7, 19, 12, 8, 6, 2, 3, 2, 3, 14, 12, 14, 20, 7, 5, 19, 6, 13, 6, 8, 13, 2, 4, 7, 5, 19, 18, 1, 20, 16, 18, 12, 18, 8, 14, 3, 4, 5, 13, 5, 20, 20, 2, 16, 5, 9, 20, 8, 20, 7, 5, 14, 16, 13, 6, 15, 17, 7, 2, 7, 20, 6, 18, 5, 6, 4, 20, 12, 18, 20, 4, 16, 16, 12, 13, 16, 8, 17, 15, 4, 1, 1, 1, 15, 17, 1, 15, 17, 8, 1, 13, 15, 13, 8, 4, 1, 4, 8, 11, 4, 17, 17, 1, 15, 13, 8, 17, 4, 1, 15, 17, 15, 1, 17, 15, 17]
bestever    1683    in generation 3614
[19, 14, 11, 19, 9, 14, 19, 11, 9, 10, 19, 11, 14, 12, 3, 18, 10, 19, 3, 9, 5, 18, 10, 2, 11, 9, 19, 12, 14, 6, 3, 16, 12, 11, 9, 7, 10, 5, 4, 2, 13, 16, 19, 11, 7, 10, 3, 10, 18, 18, 5, 9, 8, 11, 19, 11, 2, 10, 6, 10, 12, 9, 17, 14, 14, 3, 3, 7, 18, 12, 2, 15, 6, 13, 7, 20, 10, 9, 6, 16, 18, 11, 3, 14, 2, 10, 7, 19, 12, 8, 6, 2, 3, 2, 3, 14, 12, 14, 20, 7, 5, 6, 13, 6, 8, 13, 2, 4, 17, 7, 5, 19, 20, 16, 18, 12, 18, 8, 9, 3, 4, 5, 13, 5, 20, 20, 2, 16, 5, 9, 20, 8, 20, 7, 5, 14, 16, 13, 6, 15, 1, 17, 7, 2, 7, 20, 6, 18, 5, 6, 4, 20, 12, 18, 20, 1, 4, 16, 16, 12, 13, 16, 8, 15, 4, 1, 1, 1, 15, 17, 15, 17, 8, 1, 13, 15, 13, 8, 4, 1, 4, 8, 11, 4, 17, 16, 1, 15, 13, 8, 17, 4, 1, 15, 17, 15, 1, 17, 15, 17]
bestever    1677    in generation 3628
[19, 14, 11, 19, 9, 14, 19, 11, 9, 10, 19, 11, 14, 12, 3, 18, 10, 19, 3, 9, 5, 18, 10, 2, 11, 9, 19, 12, 14, 6, 3, 16, 12, 11, 9, 7, 10, 5, 4, 2, 13, 16, 19, 11, 7, 10, 3, 10, 18, 18, 5, 9, 8, 11, 19, 11, 2, 10, 6, 10, 12, 9, 17, 14, 14, 3, 3, 7, 18, 12, 2, 15, 6, 13, 7, 20, 10, 9, 6, 16, 18, 11, 3, 14, 2, 10, 7, 19, 12, 8, 6, 2, 3, 2, 3, 14, 12, 14, 20, 7, 5, 6, 13, 6, 8, 13, 2, 4, 17, 7, 5, 19, 20, 16, 18, 12, 18, 8, 9, 3, 4, 5, 13, 5, 20, 20, 2, 16, 5, 9, 20, 8, 20, 6, 5, 14, 16, 13, 6, 15, 1, 17, 7, 2, 7, 20, 6, 18, 5, 7, 4, 20, 12, 18, 20, 1, 4, 16, 16, 12, 13, 16, 8, 15, 4, 1, 1, 1, 15, 17, 15, 17, 8, 1, 13, 15, 13, 8, 4, 1, 4, 8, 11, 4, 17, 16, 1, 15, 13, 8, 17, 4, 1, 15, 17, 15, 1, 17, 15, 17]
bestever    1675    in generation 4176
[19, 14, 11, 19, 9, 14, 19, 11, 9, 10, 19, 11, 14, 12, 3, 18, 10, 19, 3, 9, 5, 18, 10, 2, 11, 9, 19, 12, 10, 14, 3, 16, 12, 11, 9, 7, 6, 5, 4, 2, 13, 16, 19, 11, 7, 10, 3, 10, 18, 18, 19, 5, 9, 8, 11, 10, 19, 11, 2, 10, 6, 12, 9, 17, 14, 14, 3, 3, 7, 18, 12, 2, 15, 6, 13, 7, 20, 10, 9, 6, 16, 18, 11, 3, 14, 2, 10, 7, 19, 12, 8, 6, 2, 3, 2, 3, 14, 9, 12, 14, 20, 7, 5, 6, 13, 6, 8, 13, 2, 4, 17, 7, 5, 20, 16, 18, 12, 18, 8, 3, 4, 5, 13, 5, 20, 20, 2, 16, 5, 9, 20, 8, 20, 6, 5, 14, 16, 13, 6, 15, 1, 17, 7, 2, 7, 20, 6, 18, 5, 7, 4, 20, 12, 18, 16, 1, 4, 16, 20, 12, 13, 16, 8, 15, 4, 1, 1, 1, 15, 17, 15, 17, 8, 1, 13, 15, 13, 8, 4, 1, 4, 8, 11, 4, 17, 16, 1, 15, 13, 8, 17, 4, 1, 15, 17, 15, 1, 17, 15, 17]
bestever    1670    in generation 4650
[19, 14, 11, 19, 9, 14, 19, 11, 9, 10, 11, 19, 11, 14, 12, 3, 18, 10, 19, 3, 9, 5, 18, 10, 2, 11, 9, 19, 12, 10, 14, 3, 16, 12, 11, 9, 7, 6, 5, 4, 2, 13, 16, 19, 11, 7, 10, 3, 10, 18, 18, 19, 5, 9, 8, 11, 10, 19, 11, 2, 10, 6, 12, 9, 14, 14, 3, 3, 7, 3, 18, 12, 2, 15, 17, 6, 13, 7, 20, 10, 9, 6, 16, 18, 3, 14, 2, 10, 7, 19, 12, 8, 18, 6, 2, 3, 2, 14, 9, 12, 14, 20, 7, 5, 6, 13, 6, 8, 13, 2, 4, 7, 5, 20, 16, 18, 12, 18, 8, 3, 4, 5, 13, 5, 20, 20, 2, 16, 5, 9, 20, 8, 20, 6, 5, 14, 16, 13, 6, 7, 2, 7, 20, 6, 5, 7, 4, 20, 1, 17, 15, 12, 18, 16, 1, 4, 16, 20, 12, 13, 16, 8, 15, 4, 1, 1, 1, 17, 15, 17, 8, 1, 13, 15, 13, 8, 4, 4, 8, 11, 4, 17, 1, 15, 17, 16, 1, 15, 13, 8, 17, 4, 1, 15, 17, 15, 1, 17, 15, 17]
bestever    1667    in generation 4692
[19, 14, 11, 19, 9, 14, 19, 11, 9, 10, 11, 19, 11, 14, 12, 3, 18, 10, 19, 3, 9, 5, 18, 10, 2, 11, 9, 19, 12, 10, 14, 3, 16, 12, 11, 9, 7, 6, 5, 4, 2, 13, 16, 19, 11, 7, 10, 3, 10, 18, 18, 19, 5, 9, 8, 11, 10, 19, 11, 2, 10, 6, 12, 9, 14, 14, 3, 3, 7, 3, 18, 12, 2, 6, 13, 7, 20, 10, 9, 6, 16, 18, 3, 14, 2, 10, 7, 19, 12, 8, 18, 6, 2, 3, 2, 14, 9, 12, 14, 20, 7, 5, 6, 13, 6, 8, 13, 2, 4, 7, 5, 20, 16, 18, 12, 18, 8, 3, 4, 5, 13, 5, 20, 20, 2, 16, 5, 9, 20, 8, 20, 6, 5, 14, 16, 13, 6, 7, 2, 7, 20, 6, 5, 7, 4, 20, 1, 12, 18, 16, 1, 4, 16, 20, 12, 16, 8, 15, 1, 1, 17, 15, 17, 15, 13, 8, 4, 17, 1, 15, 17, 1, 13, 15, 13, 8, 4, 4, 8, 11, 4, 17, 1, 15, 17, 16, 1, 15, 13, 8, 17, 4, 1, 15, 17, 15, 1, 17, 15, 17]
bestever    1664    in generation 6424
[19, 14, 11, 19, 9, 14, 19, 11, 9, 10, 11, 19, 11, 14, 12, 3, 18, 10, 19, 3, 9, 18, 5, 2, 10, 11, 9, 19, 12, 14, 10, 3, 19, 12, 11, 9, 7, 6, 5, 4, 13, 2, 16, 19, 11, 7, 10, 3, 10, 18, 18, 15, 19, 5, 9, 8, 11, 10, 19, 11, 2, 10, 6, 12, 9, 14, 14, 3, 3, 7, 3, 18, 12, 2, 6, 13, 7, 20, 10, 9, 6, 16, 18, 3, 14, 2, 10, 7, 16, 12, 1, 8, 18, 6, 2, 3, 2, 14, 9, 12, 14, 20, 7, 16, 5, 6, 13, 6, 15, 8, 13, 2, 4, 7, 5, 20, 16, 18, 12, 20, 18, 9, 8, 3, 4, 1, 5, 13, 18, 20, 2, 16, 5, 5, 20, 8, 20, 1, 6, 5, 14, 16, 13, 6, 7, 8, 7, 20, 12, 5, 7, 4, 13, 20, 6, 16, 2, 1, 16, 17, 20, 12, 17, 1, 1, 13, 15, 8, 4, 4, 1, 15, 15, 13, 8, 4, 4, 8, 11, 4, 16, 1, 15, 17, 13, 15, 17, 17, 15, 17, 8, 17, 4, 1, 1, 15, 17, 15, 17, 17]
bestever    1660    in generation 6634
[19, 14, 11, 19, 9, 14, 19, 11, 9, 10, 11, 19, 11, 14, 12, 3, 18, 10, 19, 3, 9, 18, 5, 2, 10, 11, 9, 19, 12, 14, 10, 3, 19, 12, 11, 9, 7, 6, 5, 4, 13, 2, 16, 19, 11, 7, 10, 3, 10, 18, 18, 15, 19, 5, 9, 8, 11, 10, 19, 11, 2, 10, 6, 12, 9, 14, 14, 3, 3, 7, 3, 18, 12, 2, 6, 13, 7, 20, 10, 9, 6, 16, 18, 3, 14, 2, 10, 7, 16, 12, 1, 8, 18, 6, 2, 3, 2, 14, 9, 12, 14, 20, 7, 16, 5, 6, 13, 6, 15, 20, 8, 13, 2, 4, 7, 5, 20, 16, 18, 12, 20, 18, 9, 8, 3, 4, 1, 5, 13, 18, 5, 5, 20, 2, 16, 8, 20, 1, 6, 5, 14, 16, 13, 6, 7, 8, 7, 20, 12, 5, 7, 4, 13, 17, 20, 6, 16, 2, 1, 16, 17, 20, 12, 17, 1, 1, 13, 15, 8, 4, 4, 1, 15, 15, 13, 8, 4, 8, 4, 11, 4, 16, 1, 15, 17, 13, 15, 17, 17, 15, 8, 17, 4, 1, 1, 15, 17, 15, 17, 17]
bestever    1659    in generation 6652
[19, 14, 11, 19, 9, 14, 19, 11, 9, 10, 11, 19, 11, 14, 12, 3, 18, 10, 19, 3, 9, 18, 5, 2, 10, 11, 9, 19, 12, 5, 10, 3, 19, 12, 11, 9, 7, 6, 14, 4, 13, 2, 16, 19, 11, 7, 10, 3, 10, 18, 18, 15, 19, 5, 9, 8, 11, 10, 19, 11, 2, 10, 6, 12, 9, 14, 14, 3, 3, 7, 3, 18, 12, 2, 6, 13, 7, 20, 10, 9, 6, 16, 18, 3, 14, 2, 10, 7, 16, 12, 1, 8, 18, 6, 2, 3, 2, 14, 9, 12, 14, 20, 7, 16, 5, 6, 13, 6, 15, 20, 8, 13, 2, 4, 7, 5, 20, 16, 18, 12, 20, 18, 9, 8, 3, 4, 1, 5, 13, 18, 5, 5, 20, 2, 16, 8, 20, 1, 6, 5, 14, 16, 13, 6, 7, 8, 7, 20, 12, 5, 7, 4, 13, 17, 20, 6, 16, 2, 1, 16, 17, 20, 12, 17, 1, 1, 13, 15, 8, 4, 4, 1, 15, 15, 13, 8, 4, 8, 4, 11, 4, 16, 1, 15, 17, 13, 15, 17, 17, 15, 8, 17, 4, 1, 1, 15, 17, 15, 17, 17]
bestever    1656    in generation 7096
[19, 14, 11, 19, 9, 14, 19, 11, 9, 10, 11, 19, 11, 14, 12, 3, 18, 10, 19, 3, 9, 18, 5, 2, 10, 11, 14, 19, 12, 5, 10, 3, 19, 19, 11, 9, 7, 6, 14, 4, 13, 2, 16, 19, 11, 7, 10, 3, 10, 18, 18, 15, 12, 5, 9, 8, 11, 10, 19, 11, 20, 2, 10, 6, 12, 9, 9, 14, 3, 3, 7, 3, 18, 12, 2, 6, 13, 7, 10, 6, 9, 16, 18, 3, 14, 2, 10, 7, 16, 12, 1, 8, 18, 6, 2, 3, 2, 14, 9, 12, 14, 20, 7, 16, 5, 6, 13, 6, 15, 20, 8, 13, 2, 4, 7, 5, 20, 16, 18, 12, 18, 20, 9, 8, 3, 4, 1, 5, 13, 18, 5, 5, 20, 2, 16, 17, 8, 20, 1, 6, 5, 14, 16, 13, 6, 7, 8, 7, 20, 12, 5, 7, 4, 13, 20, 6, 16, 2, 1, 16, 20, 12, 1, 1, 13, 15, 8, 4, 4, 1, 17, 8, 17, 17, 15, 15, 13, 4, 8, 4, 11, 4, 16, 1, 15, 13, 15, 17, 17, 8, 17, 4, 15, 1, 1, 15, 17, 15, 17, 17]
