bestever    3171    in generation 0
[9, 19, 16, 9, 18, 2, 10, 13, 20, 18, 10, 3, 16, 13, 7, 20, 16, 11, 13, 18, 2, 3, 1, 12, 8, 20, 2, 18, 11, 1, 6, 7, 9, 10, 8, 2, 17, 10, 6, 8, 13, 9, 15, 7, 16, 17, 2, 3, 6, 15, 17, 5, 9, 14, 8, 20, 20, 13, 8, 15, 12, 10, 10, 10, 17, 11, 15, 7, 19, 4, 17, 3, 4, 9, 2, 3, 16, 10, 20, 4, 15, 2, 18, 1, 2, 13, 11, 5, 9, 9, 4, 13, 18, 17, 14, 5, 7, 19, 3, 12, 12, 14, 3, 6, 2, 19, 3, 12, 10, 14, 16, 6, 19, 12, 2, 4, 16, 8, 15, 18, 12, 19, 14, 19, 15, 16, 15, 6, 15, 13, 5, 1, 17, 6, 5, 7, 14, 9, 18, 19, 5, 18, 19, 5, 1, 9, 17, 12, 15, 5, 16, 17, 5, 4, 17, 11, 12, 11, 8, 4, 13, 20, 7, 7, 13, 14, 4, 3, 14, 11, 20, 1, 14, 19, 14, 4, 3, 6, 1, 1, 20, 7, 10, 8, 16, 20, 5, 11, 1, 11, 8, 11, 4, 12, 7, 6, 6, 1, 18, 8]
bestever    3044    in generation 2
[5, 19, 4, 9, 6, 7, 4, 6, 15, 2, 12, 2, 4, 20, 9, 20, 2, 2, 20, 20, 9, 16, 6, 18, 3, 16, 16, 5, 13, 17, 18, 10, 5, 4, 20, 14, 3, 9, 1, 17, 5, 18, 2, 12, 11, 4, 18, 9, 5, 17, 18, 10, 12, 14, 6, 15, 9, 4, 6, 5, 11, 14, 13, 20, 6, 14, 13, 4, 6, 10, 14, 4, 13, 5, 19, 2, 5, 18, 9, 1, 19, 4, 20, 19, 8, 4, 18, 11, 15, 5, 8, 8, 15, 18, 19, 3, 15, 13, 12, 9, 15, 20, 7, 10, 12, 3, 11, 10, 20, 1, 17, 16, 7, 7, 17, 8, 19, 16, 16, 16, 8, 12, 15, 1, 16, 8, 13, 19, 10, 6, 11, 6, 13, 13, 9, 20, 7, 8, 18, 3, 2, 7, 15, 16, 3, 7, 8, 11, 12, 1, 8, 1, 14, 3, 19, 14, 17, 10, 19, 13, 11, 3, 14, 1, 7, 3, 15, 3, 19, 17, 7, 11, 5, 11, 2, 12, 9, 17, 15, 2, 13, 17, 12, 14, 2, 8, 10, 7, 1, 17, 6, 14, 1, 10, 12, 11, 10, 16, 1, 18]
bestever    2969    in generation 8
[9, 6, 4, 6, 2, 4, 20, 9, 20, 19, 20, 20, 9, 16, 6, 18, 16, 16, 5, 13, 18, 5, 4, 20, 14, 9, 17, 5, 18, 4, 18, 5, 17, 14, 6, 9, 4, 6, 14, 13, 20, 14, 19, 13, 13, 5, 18, 9, 18, 5, 18, 16, 16, 12, 9, 12, 20, 17, 16, 10, 6, 9, 20, 18, 2, 15, 16, 12, 1, 8, 14, 17, 6, 4, 5, 19, 2, 5, 15, 19, 4, 20, 8, 4, 15, 15, 12, 15, 2, 19, 2, 4, 5, 10, 6, 6, 13, 9, 20, 7, 18, 3, 2, 7, 15, 16, 3, 7, 8, 11, 12, 1, 8, 7, 8, 11, 8, 1, 3, 10, 19, 11, 3, 1, 7, 3, 15, 3, 19, 7, 11, 11, 2, 15, 13, 17, 12, 8, 10, 7, 1, 17, 1, 10, 13, 12, 11, 10, 8, 16, 1, 1, 14, 3, 19, 14, 17, 10, 19, 13, 11, 3, 14, 1, 7, 3, 15, 3, 19, 17, 7, 11, 5, 11, 2, 12, 9, 17, 15, 2, 13, 17, 12, 14, 2, 8, 10, 7, 1, 6, 14, 10, 13, 12, 11, 10, 8, 16, 18, 4]
bestever    2931    in generation 10
[9, 6, 4, 6, 2, 4, 20, 9, 20, 19, 20, 20, 9, 16, 6, 18, 16, 16, 5, 13, 18, 5, 4, 20, 14, 9, 17, 5, 18, 4, 18, 5, 17, 14, 6, 9, 4, 6, 14, 13, 20, 19, 13, 13, 5, 18, 9, 18, 5, 18, 16, 16, 12, 9, 12, 20, 16, 6, 20, 18, 2, 15, 16, 12, 1, 8, 4, 5, 19, 2, 5, 15, 19, 4, 20, 8, 15, 15, 12, 15, 2, 19, 2, 5, 6, 9, 20, 7, 18, 3, 2, 7, 15, 3, 7, 8, 11, 1, 8, 7, 8, 11, 1, 3, 19, 3, 1, 7, 3, 15, 11, 11, 2, 15, 13, 12, 10, 7, 17, 10, 13, 12, 11, 10, 8, 16, 3, 17, 10, 19, 13, 11, 3, 1, 7, 3, 15, 8, 10, 7, 1, 17, 1, 10, 13, 12, 11, 10, 8, 16, 1, 1, 14, 3, 19, 14, 17, 19, 9, 6, 4, 6, 4, 14, 14, 17, 14, 3, 19, 17, 7, 11, 5, 11, 2, 12, 9, 17, 15, 2, 13, 17, 12, 14, 2, 8, 10, 7, 1, 6, 14, 10, 13, 12, 11, 10, 8, 16, 18, 4]
bestever    2843    in generation 11
[9, 6, 4, 6, 2, 4, 20, 9, 20, 19, 20, 20, 9, 16, 6, 18, 16, 16, 5, 13, 18, 5, 4, 20, 14, 9, 17, 5, 18, 4, 18, 5, 14, 6, 9, 4, 6, 13, 20, 19, 13, 5, 18, 9, 18, 5, 18, 16, 16, 12, 9, 12, 20, 16, 6, 9, 20, 18, 2, 15, 16, 12, 1, 8, 6, 4, 5, 19, 2, 5, 15, 19, 4, 20, 8, 4, 15, 15, 15, 19, 2, 4, 5, 6, 6, 9, 20, 7, 18, 3, 2, 7, 3, 7, 8, 11, 12, 1, 8, 11, 3, 19, 7, 15, 3, 19, 7, 11, 2, 15, 17, 12, 8, 7, 17, 10, 13, 12, 11, 10, 8, 16, 1, 1, 14, 3, 14, 17, 10, 19, 13, 11, 2, 15, 13, 17, 12, 8, 10, 7, 1, 17, 1, 10, 13, 11, 10, 8, 16, 1, 1, 14, 3, 19, 14, 17, 10, 13, 11, 3, 14, 3, 14, 1, 7, 3, 15, 3, 19, 17, 7, 11, 5, 11, 2, 12, 9, 17, 15, 2, 13, 17, 12, 14, 2, 8, 10, 7, 1, 6, 14, 10, 13, 12, 11, 10, 8, 16, 18, 4]
bestever    2781    in generation 24
[8, 8, 11, 3, 11, 3, 7, 3, 15, 3, 19, 17, 7, 11, 11, 12, 17, 15, 13, 17, 10, 7, 10, 13, 11, 12, 7, 8, 11, 8, 1, 3, 11, 3, 1, 7, 3, 7, 11, 11, 13, 8, 10, 11, 10, 10, 15, 17, 8, 17, 8, 1, 1, 14, 14, 3, 7, 12, 17, 13, 17, 12, 14, 2, 7, 14, 10, 13, 12, 10, 18, 18, 9, 5, 18, 10, 13, 10, 8, 1, 1, 14, 3, 14, 10, 3, 13, 7, 12, 9, 17, 2, 13, 4, 18, 5, 17, 14, 9, 4, 6, 9, 4, 6, 20, 14, 19, 6, 4, 6, 2, 16, 4, 6, 2, 20, 19, 20, 16, 16, 5, 18, 20, 9, 13, 20, 14, 19, 9, 6, 4, 6, 2, 16, 4, 6, 2, 20, 19, 20, 16, 16, 16, 5, 13, 18, 17, 18, 18, 5, 9, 4, 6, 9, 4, 6, 14, 20, 5, 18, 4, 20, 9, 20, 19, 18, 5, 16, 16, 9, 12, 16, 15, 15, 15, 12, 15, 2, 19, 2, 7, 2, 15, 2, 15, 12, 1, 19, 5, 19, 1, 8, 19, 5, 8, 15, 12, 1, 5, 1]
bestever    2645    in generation 25
[1, 1, 7, 3, 3, 7, 13, 17, 8, 7, 1, 1, 10, 13, 10, 12, 10, 8, 15, 13, 17, 10, 7, 10, 13, 11, 12, 7, 8, 11, 8, 1, 3, 11, 3, 1, 7, 3, 7, 11, 11, 8, 10, 11, 10, 10, 15, 17, 8, 17, 8, 1, 1, 14, 14, 3, 7, 12, 17, 2, 17, 8, 17, 8, 1, 1, 3, 3, 7, 12, 2, 12, 14, 7, 13, 20, 9, 16, 18, 16, 16, 18, 20, 9, 5, 18, 4, 18, 5, 9, 4, 6, 9, 4, 6, 13, 20, 14, 19, 9, 6, 14, 9, 4, 6, 9, 4, 6, 14, 13, 20, 14, 19, 6, 4, 4, 2, 16, 2, 20, 20, 16, 16, 16, 5, 13, 18, 9, 18, 18, 5, 9, 9, 6, 14, 20, 5, 18, 4, 4, 20, 20, 19, 18, 5, 18, 5, 15, 15, 15, 19, 15, 2, 15, 8, 2, 12, 2, 12, 2, 16, 16, 16, 6, 6, 5, 4, 6, 19, 19, 19, 5, 15, 12, 19, 5, 19, 20, 11, 3, 11, 3, 15, 19, 17, 11, 11, 12, 17, 15, 2, 13, 17, 14, 2, 10, 14, 10, 13, 12]
bestever    2575    in generation 27
[13, 10, 10, 8, 8, 1, 1, 8, 10, 14, 14, 7, 12, 1, 1, 7, 3, 17, 15, 13, 17, 14, 2, 10, 7, 14, 10, 13, 11, 12, 11, 8, 7, 8, 1, 3, 11, 3, 1, 7, 3, 3, 7, 11, 11, 13, 17, 8, 7, 1, 1, 10, 13, 11, 10, 12, 10, 8, 17, 12, 7, 12, 8, 1, 1, 14, 3, 3, 7, 13, 2, 8, 14, 13, 9, 18, 18, 9, 5, 4, 5, 14, 9, 4, 6, 4, 14, 19, 2, 2, 19, 16, 16, 16, 5, 20, 9, 18, 5, 9, 6, 9, 4, 6, 14, 20, 5, 18, 4, 4, 20, 9, 4, 6, 2, 20, 19, 20, 16, 16, 5, 18, 20, 9, 13, 20, 14, 19, 9, 6, 4, 6, 2, 16, 4, 6, 2, 20, 19, 20, 16, 16, 16, 5, 13, 18, 17, 18, 18, 5, 20, 19, 18, 5, 18, 5, 15, 15, 15, 19, 15, 2, 15, 8, 2, 12, 2, 12, 16, 9, 6, 6, 4, 6, 15, 12, 19, 19, 11, 3, 11, 3, 15, 19, 17, 11, 11, 12, 17, 15, 17, 10, 10, 13, 3, 17, 7, 12, 17, 15]
bestever    2507    in generation 29
[10, 8, 8, 1, 1, 8, 10, 14, 14, 7, 1, 1, 7, 3, 17, 13, 14, 2, 10, 7, 14, 10, 13, 8, 7, 8, 1, 3, 11, 3, 1, 7, 7, 11, 11, 13, 17, 8, 7, 1, 1, 10, 13, 11, 10, 10, 8, 17, 12, 7, 12, 8, 1, 1, 14, 3, 3, 7, 2, 14, 13, 9, 18, 18, 9, 5, 4, 5, 14, 9, 4, 6, 4, 14, 2, 2, 16, 16, 16, 5, 20, 9, 18, 5, 9, 6, 9, 4, 6, 14, 20, 5, 18, 4, 4, 20, 9, 4, 6, 2, 20, 20, 16, 16, 5, 18, 20, 9, 13, 13, 18, 17, 19, 15, 8, 12, 12, 20, 14, 19, 9, 6, 4, 6, 2, 16, 4, 6, 2, 20, 19, 20, 16, 16, 16, 5, 13, 17, 18, 18, 5, 20, 19, 18, 5, 18, 5, 15, 15, 15, 19, 15, 2, 15, 8, 2, 12, 2, 12, 16, 9, 6, 6, 4, 6, 15, 12, 19, 19, 11, 3, 11, 3, 15, 15, 12, 19, 19, 11, 3, 11, 3, 15, 19, 17, 11, 11, 12, 17, 17, 10, 10, 13, 3, 17, 7, 12, 17, 13, 10]
bestever    2478    in generation 34
[10, 8, 8, 1, 1, 8, 10, 14, 14, 7, 1, 1, 7, 3, 17, 13, 14, 2, 10, 7, 14, 10, 13, 8, 7, 8, 1, 3, 11, 3, 1, 7, 7, 11, 11, 13, 17, 8, 7, 1, 1, 10, 13, 11, 10, 10, 8, 17, 12, 7, 12, 8, 1, 1, 14, 3, 3, 7, 2, 14, 13, 9, 18, 18, 9, 5, 4, 5, 14, 9, 4, 6, 4, 14, 2, 2, 16, 16, 16, 5, 20, 9, 18, 5, 9, 6, 9, 4, 6, 14, 20, 5, 18, 4, 4, 20, 9, 4, 6, 2, 20, 20, 16, 16, 5, 18, 20, 9, 13, 13, 18, 17, 19, 15, 8, 12, 12, 20, 14, 19, 9, 6, 4, 15, 2, 16, 4, 6, 2, 20, 19, 20, 16, 16, 16, 5, 13, 17, 18, 18, 5, 20, 19, 18, 5, 18, 5, 15, 15, 15, 19, 15, 2, 15, 8, 2, 12, 2, 12, 16, 9, 6, 6, 4, 6, 15, 12, 19, 19, 11, 3, 11, 3, 15, 6, 12, 19, 19, 11, 3, 11, 3, 15, 19, 17, 11, 11, 12, 17, 17, 10, 10, 13, 3, 17, 7, 12, 17, 13, 10]
bestever    2432    in generation 35
[8, 1, 1, 8, 10, 14, 14, 7, 1, 1, 7, 17, 13, 14, 2, 10, 7, 14, 10, 13, 8, 7, 8, 1, 3, 11, 3, 1, 7, 7, 11, 11, 13, 17, 8, 7, 1, 1, 10, 13, 11, 10, 10, 8, 17, 7, 8, 1, 1, 14, 3, 3, 7, 2, 14, 13, 9, 18, 18, 9, 5, 4, 5, 14, 9, 4, 6, 4, 14, 2, 2, 16, 16, 16, 5, 20, 9, 18, 5, 9, 6, 9, 4, 6, 14, 20, 5, 18, 4, 4, 20, 9, 4, 6, 2, 20, 20, 16, 16, 5, 18, 20, 9, 13, 13, 18, 17, 15, 8, 12, 20, 14, 9, 6, 4, 6, 2, 16, 4, 6, 2, 20, 19, 20, 16, 16, 16, 5, 13, 17, 18, 18, 5, 20, 19, 18, 5, 18, 5, 15, 15, 19, 15, 2, 15, 12, 12, 16, 9, 6, 6, 4, 6, 15, 8, 2, 12, 12, 12, 19, 19, 11, 3, 2, 12, 15, 12, 19, 19, 11, 3, 11, 3, 15, 15, 12, 19, 19, 11, 3, 11, 3, 15, 19, 17, 11, 12, 17, 17, 10, 10, 13, 3, 17, 7, 17, 13, 10, 10, 8]
bestever    2408    in generation 36
[10, 8, 8, 1, 1, 8, 10, 14, 14, 7, 1, 1, 7, 3, 17, 13, 14, 2, 10, 7, 14, 10, 13, 8, 7, 8, 1, 1, 7, 7, 13, 17, 8, 7, 1, 1, 10, 13, 10, 10, 17, 7, 8, 1, 1, 14, 7, 2, 14, 13, 9, 18, 18, 9, 5, 4, 5, 14, 9, 4, 6, 4, 14, 2, 2, 16, 16, 16, 5, 20, 9, 18, 5, 9, 6, 9, 4, 6, 14, 20, 5, 18, 4, 4, 20, 9, 4, 6, 2, 20, 20, 16, 16, 5, 18, 20, 9, 13, 13, 18, 17, 15, 8, 20, 14, 4, 2, 16, 4, 6, 2, 20, 20, 16, 16, 5, 13, 17, 18, 18, 5, 20, 18, 5, 18, 5, 15, 15, 15, 15, 19, 11, 3, 19, 19, 11, 3, 8, 2, 12, 16, 9, 6, 6, 12, 16, 9, 6, 6, 4, 6, 11, 3, 15, 8, 2, 12, 12, 12, 19, 19, 11, 3, 2, 12, 15, 12, 19, 19, 11, 3, 11, 3, 15, 15, 12, 19, 19, 11, 3, 11, 3, 15, 19, 17, 11, 11, 12, 17, 17, 10, 10, 13, 3, 17, 7, 12, 17, 13, 10]
bestever    2323    in generation 44
[8, 8, 1, 1, 8, 10, 14, 14, 7, 1, 1, 7, 17, 13, 14, 2, 10, 7, 14, 10, 13, 8, 7, 8, 1, 1, 7, 7, 13, 17, 8, 7, 1, 1, 10, 13, 10, 7, 8, 1, 1, 14, 7, 2, 14, 13, 9, 18, 18, 9, 5, 4, 5, 14, 9, 4, 6, 4, 14, 2, 2, 16, 16, 16, 5, 20, 9, 18, 5, 9, 6, 9, 4, 6, 14, 20, 5, 18, 4, 4, 20, 9, 4, 6, 2, 20, 20, 16, 16, 5, 18, 20, 9, 13, 18, 15, 8, 20, 14, 4, 2, 16, 13, 3, 12, 17, 17, 10, 4, 6, 2, 20, 20, 16, 16, 5, 13, 17, 18, 18, 5, 20, 18, 5, 18, 5, 15, 15, 15, 15, 19, 11, 3, 19, 19, 11, 3, 8, 2, 12, 16, 9, 6, 6, 12, 16, 9, 6, 6, 4, 6, 11, 3, 15, 8, 2, 12, 12, 12, 19, 19, 11, 3, 2, 12, 15, 12, 19, 19, 11, 3, 11, 3, 15, 15, 12, 19, 19, 11, 3, 11, 3, 15, 19, 17, 11, 11, 12, 17, 17, 10, 10, 13, 3, 17, 7, 17, 13, 10, 10]
bestever    2299    in generation 46
[8, 8, 1, 1, 8, 10, 14, 14, 7, 1, 1, 7, 17, 13, 14, 2, 10, 7, 14, 10, 13, 8, 7, 8, 1, 1, 7, 7, 13, 17, 8, 7, 1, 1, 10, 13, 7, 8, 1, 1, 14, 7, 2, 14, 13, 9, 18, 18, 9, 5, 4, 5, 14, 9, 4, 6, 4, 14, 2, 2, 16, 16, 16, 5, 20, 9, 18, 5, 9, 6, 9, 4, 6, 14, 20, 5, 18, 4, 4, 20, 9, 4, 6, 2, 20, 20, 16, 16, 5, 18, 20, 9, 13, 18, 15, 8, 20, 14, 4, 2, 16, 13, 3, 12, 17, 17, 4, 6, 2, 20, 20, 16, 16, 5, 18, 18, 5, 20, 18, 5, 18, 5, 15, 15, 15, 15, 19, 10, 10, 13, 17, 11, 3, 19, 19, 11, 3, 8, 2, 12, 16, 9, 6, 6, 12, 16, 9, 6, 6, 4, 6, 11, 3, 15, 8, 2, 12, 12, 12, 19, 19, 11, 3, 2, 12, 15, 12, 19, 19, 11, 3, 11, 3, 15, 15, 12, 19, 19, 11, 3, 11, 3, 15, 19, 17, 11, 11, 12, 17, 17, 10, 10, 13, 3, 17, 7, 17, 13, 10, 10]
bestever    2282    in generation 58
[8, 8, 1, 1, 8, 10, 14, 14, 7, 1, 1, 7, 17, 13, 14, 2, 10, 7, 14, 10, 13, 8, 7, 8, 1, 1, 7, 7, 13, 17, 8, 7, 1, 1, 10, 13, 7, 8, 1, 1, 14, 7, 2, 14, 13, 9, 18, 18, 9, 5, 4, 5, 14, 9, 4, 6, 4, 14, 2, 2, 16, 16, 16, 5, 20, 9, 18, 5, 9, 6, 9, 4, 6, 14, 20, 5, 18, 4, 4, 20, 9, 4, 6, 2, 20, 20, 16, 16, 5, 18, 20, 9, 13, 18, 15, 8, 20, 14, 4, 16, 13, 3, 12, 17, 17, 4, 6, 20, 20, 16, 16, 5, 18, 18, 5, 20, 18, 5, 18, 5, 15, 15, 19, 10, 10, 13, 17, 11, 3, 11, 8, 2, 12, 16, 9, 6, 6, 16, 9, 6, 6, 4, 6, 11, 8, 2, 2, 15, 12, 15, 2, 12, 12, 12, 19, 19, 11, 3, 2, 12, 15, 12, 19, 19, 11, 3, 11, 3, 15, 15, 12, 19, 19, 11, 3, 19, 11, 3, 3, 15, 19, 3, 15, 19, 17, 11, 11, 12, 17, 17, 10, 10, 13, 3, 17, 7, 17, 13, 10, 10]
bestever    2194    in generation 69
[8, 8, 1, 1, 8, 10, 14, 14, 7, 1, 1, 7, 13, 14, 2, 7, 14, 13, 8, 7, 1, 1, 7, 13, 7, 1, 1, 10, 13, 7, 1, 1, 14, 7, 2, 14, 13, 9, 18, 18, 9, 5, 4, 5, 14, 9, 4, 6, 4, 14, 2, 2, 16, 16, 16, 5, 20, 9, 18, 5, 9, 6, 9, 4, 6, 14, 20, 5, 18, 4, 4, 20, 9, 4, 6, 2, 20, 20, 16, 16, 5, 18, 20, 9, 18, 15, 8, 20, 14, 4, 16, 13, 12, 4, 6, 20, 20, 16, 16, 5, 18, 18, 5, 20, 18, 5, 18, 5, 15, 15, 10, 10, 13, 17, 11, 11, 8, 2, 12, 16, 6, 8, 2, 2, 9, 6, 6, 16, 9, 6, 6, 4, 8, 2, 15, 12, 12, 12, 19, 3, 2, 12, 12, 19, 19, 11, 11, 3, 15, 15, 12, 19, 19, 11, 3, 19, 11, 3, 3, 15, 19, 3, 15, 19, 17, 11, 11, 12, 17, 17, 13, 3, 17, 7, 10, 10, 8, 8, 3, 15, 19, 3, 15, 19, 17, 11, 11, 12, 17, 17, 10, 10, 13, 3, 17, 7, 17, 13, 10, 10]
bestever    2162    in generation 75
[8, 8, 1, 1, 8, 14, 14, 7, 1, 1, 7, 13, 14, 2, 7, 14, 13, 8, 7, 1, 1, 7, 13, 7, 1, 1, 13, 7, 1, 1, 14, 2, 14, 13, 9, 18, 18, 9, 5, 4, 5, 14, 9, 4, 6, 4, 14, 2, 2, 16, 16, 16, 5, 20, 9, 18, 5, 9, 6, 9, 4, 6, 14, 20, 5, 18, 4, 4, 20, 9, 4, 6, 2, 20, 20, 16, 16, 5, 18, 20, 9, 18, 15, 8, 20, 14, 4, 16, 13, 12, 4, 6, 20, 20, 16, 16, 5, 18, 18, 5, 20, 18, 5, 18, 5, 15, 15, 10, 10, 11, 11, 2, 12, 16, 6, 2, 2, 9, 6, 6, 16, 9, 6, 6, 4, 8, 2, 15, 12, 12, 12, 19, 2, 12, 12, 19, 19, 11, 12, 15, 19, 3, 15, 19, 11, 11, 13, 3, 17, 7, 10, 10, 8, 8, 3, 19, 11, 3, 3, 15, 19, 3, 15, 19, 17, 11, 11, 12, 17, 17, 13, 3, 17, 7, 10, 10, 8, 8, 3, 15, 19, 3, 15, 19, 17, 11, 11, 12, 17, 17, 10, 10, 13, 3, 17, 7, 17, 13, 10, 10]
bestever    2127    in generation 78
[8, 8, 1, 1, 8, 14, 14, 7, 1, 1, 7, 13, 14, 2, 7, 14, 13, 8, 7, 1, 1, 7, 13, 7, 1, 1, 13, 7, 1, 1, 14, 2, 14, 13, 9, 18, 18, 9, 5, 4, 5, 2, 9, 4, 6, 4, 14, 2, 2, 16, 16, 16, 5, 20, 9, 18, 5, 9, 6, 9, 4, 6, 14, 20, 5, 18, 4, 4, 20, 9, 4, 6, 2, 20, 20, 16, 16, 5, 18, 20, 9, 18, 15, 8, 20, 14, 4, 16, 13, 12, 4, 6, 20, 20, 16, 16, 5, 18, 18, 5, 20, 18, 5, 18, 5, 15, 15, 10, 10, 11, 11, 2, 12, 16, 6, 2, 14, 9, 6, 6, 16, 9, 6, 6, 4, 8, 2, 15, 12, 12, 12, 19, 2, 12, 12, 19, 19, 11, 12, 15, 19, 3, 15, 19, 11, 11, 13, 3, 17, 7, 10, 10, 8, 8, 3, 19, 11, 3, 3, 15, 19, 3, 15, 19, 17, 11, 11, 12, 17, 17, 13, 3, 17, 7, 10, 10, 8, 8, 3, 15, 19, 3, 15, 19, 17, 11, 11, 12, 17, 17, 10, 10, 13, 3, 17, 7, 17, 13, 10, 10]
bestever    2121    in generation 90
[8, 8, 1, 1, 8, 14, 14, 7, 1, 1, 7, 13, 14, 2, 7, 14, 13, 8, 7, 1, 1, 7, 13, 7, 1, 1, 13, 7, 1, 1, 14, 2, 14, 13, 9, 18, 18, 9, 5, 4, 5, 2, 9, 4, 6, 4, 14, 2, 2, 16, 16, 16, 5, 20, 9, 18, 5, 9, 6, 9, 4, 6, 14, 20, 5, 18, 4, 4, 20, 9, 4, 6, 2, 20, 20, 16, 16, 5, 18, 20, 9, 18, 15, 8, 20, 14, 4, 16, 13, 12, 4, 6, 20, 20, 16, 16, 5, 18, 18, 5, 20, 18, 5, 18, 5, 15, 15, 10, 10, 11, 11, 2, 12, 16, 6, 2, 14, 9, 6, 6, 16, 9, 6, 6, 4, 8, 2, 15, 12, 12, 12, 19, 2, 12, 12, 19, 19, 11, 12, 15, 19, 3, 15, 19, 11, 11, 3, 17, 7, 8, 8, 3, 19, 11, 3, 3, 15, 19, 3, 15, 19, 17, 11, 11, 12, 13, 3, 7, 10, 10, 8, 8, 3, 15, 19, 15, 19, 17, 11, 17, 17, 10, 10, 13, 3, 17, 11, 12, 17, 17, 10, 10, 13, 3, 17, 7, 17, 13, 10, 10]
bestever    2095    in generation 100
[8, 8, 1, 1, 8, 14, 14, 7, 1, 1, 7, 13, 14, 2, 7, 14, 13, 8, 7, 1, 1, 7, 13, 7, 1, 1, 13, 7, 1, 1, 14, 2, 14, 13, 9, 9, 5, 4, 2, 9, 4, 6, 4, 14, 2, 2, 16, 16, 16, 5, 20, 9, 18, 5, 9, 6, 4, 6, 14, 5, 18, 4, 4, 20, 9, 4, 6, 2, 20, 20, 16, 16, 5, 18, 20, 9, 18, 5, 18, 20, 9, 18, 15, 8, 20, 14, 4, 16, 13, 12, 4, 6, 20, 20, 16, 16, 5, 18, 18, 5, 20, 18, 5, 18, 5, 15, 15, 10, 10, 11, 11, 2, 12, 16, 6, 2, 14, 9, 6, 6, 16, 9, 6, 6, 4, 8, 2, 15, 12, 12, 12, 19, 2, 12, 12, 19, 19, 11, 12, 15, 19, 3, 15, 19, 11, 11, 3, 17, 7, 8, 8, 3, 19, 11, 3, 3, 15, 19, 3, 15, 19, 17, 11, 11, 12, 13, 3, 7, 10, 10, 8, 8, 3, 15, 19, 15, 19, 17, 11, 17, 17, 10, 10, 13, 3, 17, 11, 12, 17, 17, 10, 10, 13, 3, 17, 7, 17, 13, 10, 10]
bestever    2084    in generation 124
[14, 2, 14, 9, 9, 5, 4, 2, 9, 4, 6, 4, 14, 2, 2, 16, 16, 16, 5, 20, 9, 18, 5, 4, 14, 2, 2, 5, 9, 4, 14, 5, 18, 4, 4, 20, 9, 2, 20, 20, 16, 16, 5, 18, 20, 16, 16, 16, 5, 20, 9, 18, 5, 9, 6, 4, 6, 14, 5, 4, 9, 6, 2, 9, 18, 18, 15, 8, 20, 14, 12, 6, 20, 20, 18, 18, 20, 18, 18, 5, 15, 15, 11, 11, 2, 12, 16, 6, 6, 6, 16, 6, 6, 4, 15, 12, 12, 12, 19, 12, 12, 19, 19, 11, 12, 15, 19, 3, 15, 19, 11, 11, 3, 8, 19, 11, 7, 8, 8, 17, 10, 10, 13, 3, 17, 3, 3, 15, 19, 3, 15, 19, 17, 11, 11, 12, 13, 3, 7, 10, 10, 8, 8, 3, 15, 19, 15, 19, 17, 11, 10, 10, 13, 3, 11, 12, 17, 17, 13, 17, 17, 10, 10, 13, 3, 17, 7, 17, 13, 10, 10, 8, 8, 1, 1, 8, 14, 7, 1, 1, 7, 13, 14, 2, 7, 14, 13, 8, 7, 1, 1, 7, 13, 7, 1, 1, 13, 7, 1, 1]
bestever    2054    in generation 162
[14, 2, 14, 9, 9, 5, 4, 2, 9, 4, 6, 4, 14, 2, 2, 16, 16, 16, 5, 20, 9, 18, 5, 4, 14, 2, 2, 5, 9, 4, 14, 5, 18, 4, 4, 20, 9, 2, 20, 20, 16, 16, 5, 18, 20, 16, 16, 16, 5, 20, 9, 18, 5, 9, 6, 4, 6, 14, 5, 4, 9, 6, 2, 9, 18, 18, 15, 8, 20, 14, 12, 6, 20, 20, 18, 18, 20, 18, 18, 5, 15, 15, 11, 11, 2, 12, 16, 6, 6, 6, 16, 6, 6, 4, 15, 12, 12, 12, 19, 12, 12, 19, 19, 11, 12, 15, 19, 3, 15, 19, 11, 11, 3, 8, 19, 11, 7, 8, 8, 17, 10, 10, 13, 3, 17, 3, 3, 15, 19, 3, 15, 19, 17, 11, 11, 12, 13, 3, 7, 10, 10, 3, 15, 19, 15, 19, 17, 11, 10, 10, 13, 3, 11, 12, 17, 17, 13, 17, 17, 10, 10, 13, 3, 17, 7, 17, 13, 10, 8, 8, 10, 8, 8, 1, 1, 8, 14, 7, 1, 1, 7, 13, 14, 2, 7, 14, 13, 8, 7, 1, 1, 7, 13, 7, 1, 1, 13, 7, 1, 1]
bestever    2044    in generation 196
[14, 2, 14, 9, 9, 5, 4, 2, 9, 4, 6, 4, 14, 2, 2, 16, 16, 16, 5, 20, 9, 18, 5, 4, 2, 2, 5, 9, 4, 14, 5, 18, 4, 20, 9, 2, 20, 20, 16, 16, 5, 18, 20, 16, 16, 16, 5, 20, 9, 18, 5, 9, 6, 4, 6, 14, 5, 4, 9, 6, 2, 9, 18, 18, 15, 8, 20, 14, 12, 6, 20, 20, 18, 18, 20, 18, 18, 5, 15, 15, 11, 11, 2, 12, 16, 6, 6, 6, 16, 6, 6, 4, 15, 12, 12, 12, 19, 12, 12, 19, 19, 11, 12, 15, 19, 3, 15, 19, 11, 11, 3, 8, 19, 11, 7, 8, 8, 17, 10, 10, 13, 3, 17, 3, 3, 15, 19, 3, 15, 19, 17, 11, 11, 12, 13, 3, 7, 10, 10, 3, 15, 19, 15, 19, 17, 11, 10, 10, 13, 14, 4, 3, 11, 12, 17, 17, 13, 17, 17, 10, 10, 13, 3, 17, 7, 17, 13, 10, 8, 8, 10, 8, 8, 1, 1, 8, 14, 7, 1, 1, 7, 13, 14, 2, 7, 14, 13, 8, 7, 1, 1, 7, 13, 7, 1, 1, 13, 7, 1, 1]
bestever    2004    in generation 242
[14, 14, 14, 2, 9, 5, 4, 2, 9, 4, 6, 4, 14, 2, 2, 16, 16, 16, 5, 20, 9, 18, 5, 4, 2, 2, 5, 9, 4, 14, 5, 18, 4, 20, 9, 2, 20, 20, 16, 16, 5, 18, 20, 16, 16, 16, 5, 20, 9, 18, 5, 9, 6, 4, 6, 14, 5, 4, 9, 6, 2, 9, 18, 18, 15, 8, 20, 14, 12, 6, 20, 20, 18, 18, 20, 18, 18, 5, 15, 15, 11, 11, 2, 12, 16, 6, 6, 6, 16, 6, 6, 4, 15, 12, 12, 12, 19, 12, 12, 19, 19, 11, 12, 15, 19, 3, 15, 19, 11, 11, 3, 8, 19, 11, 7, 8, 8, 17, 10, 10, 13, 3, 17, 3, 3, 15, 19, 3, 15, 19, 17, 11, 11, 12, 13, 3, 7, 10, 10, 3, 15, 19, 15, 19, 17, 11, 10, 10, 13, 14, 4, 3, 11, 12, 17, 17, 13, 17, 17, 10, 10, 13, 3, 14, 2, 9, 14, 8, 8, 17, 7, 17, 13, 10, 10, 8, 8, 1, 1, 8, 7, 1, 1, 7, 13, 7, 13, 8, 7, 1, 1, 7, 13, 7, 1, 1, 13, 7, 1, 1]
bestever    1968    in generation 267
[14, 14, 14, 2, 9, 5, 4, 2, 9, 4, 4, 14, 2, 2, 16, 16, 16, 5, 20, 9, 18, 5, 4, 2, 2, 5, 9, 4, 14, 5, 18, 4, 20, 9, 2, 20, 20, 16, 16, 5, 18, 20, 16, 16, 5, 20, 9, 18, 5, 9, 4, 6, 14, 5, 4, 9, 6, 2, 9, 18, 18, 15, 8, 20, 14, 12, 6, 20, 20, 18, 18, 20, 18, 18, 5, 15, 15, 16, 6, 6, 11, 11, 2, 12, 16, 6, 6, 6, 16, 6, 6, 4, 15, 12, 12, 12, 19, 12, 12, 19, 19, 11, 12, 15, 19, 3, 15, 19, 11, 11, 3, 8, 19, 11, 7, 8, 8, 17, 10, 10, 13, 3, 17, 3, 3, 15, 19, 3, 15, 19, 17, 11, 11, 12, 13, 3, 7, 10, 10, 3, 15, 19, 15, 19, 17, 11, 10, 10, 13, 14, 4, 3, 11, 12, 17, 17, 13, 17, 17, 10, 10, 13, 3, 14, 2, 9, 14, 8, 8, 17, 7, 17, 13, 10, 10, 8, 8, 1, 1, 8, 7, 1, 1, 7, 13, 7, 13, 8, 7, 1, 1, 7, 13, 7, 1, 1, 13, 7, 1, 1]
bestever    1952    in generation 285
[14, 14, 14, 2, 9, 5, 4, 2, 9, 4, 4, 14, 2, 2, 16, 16, 16, 5, 20, 9, 18, 5, 4, 2, 2, 5, 15, 4, 14, 5, 18, 4, 20, 9, 2, 20, 20, 16, 16, 5, 18, 20, 16, 16, 5, 20, 9, 18, 5, 9, 4, 6, 14, 5, 4, 9, 6, 2, 9, 18, 18, 15, 8, 20, 14, 12, 6, 20, 20, 18, 18, 20, 18, 18, 5, 9, 15, 16, 6, 6, 11, 11, 2, 12, 16, 6, 6, 6, 16, 6, 6, 4, 15, 12, 12, 12, 19, 12, 12, 19, 19, 11, 12, 15, 19, 3, 15, 19, 11, 11, 3, 8, 19, 11, 7, 8, 8, 17, 10, 10, 13, 3, 17, 3, 3, 15, 19, 3, 15, 19, 17, 11, 11, 12, 13, 3, 7, 10, 10, 3, 15, 19, 15, 19, 17, 11, 10, 10, 13, 14, 4, 3, 11, 12, 17, 17, 13, 17, 17, 10, 10, 13, 3, 14, 2, 9, 14, 8, 8, 17, 7, 17, 13, 10, 10, 8, 8, 1, 1, 8, 7, 1, 1, 7, 13, 7, 13, 8, 7, 1, 1, 7, 13, 7, 1, 1, 13, 7, 1, 1]
bestever    1939    in generation 353
[14, 14, 14, 2, 9, 5, 4, 2, 9, 4, 4, 14, 2, 2, 16, 16, 16, 5, 20, 9, 18, 5, 4, 2, 2, 5, 15, 4, 14, 5, 18, 4, 20, 9, 2, 20, 20, 16, 16, 5, 18, 20, 16, 16, 5, 20, 9, 18, 5, 9, 4, 6, 14, 5, 4, 9, 6, 2, 9, 18, 18, 15, 8, 20, 14, 12, 6, 20, 20, 18, 18, 20, 18, 18, 5, 9, 15, 16, 6, 6, 11, 11, 2, 12, 16, 6, 6, 6, 16, 6, 6, 4, 15, 12, 12, 12, 19, 12, 12, 19, 19, 11, 12, 15, 19, 3, 15, 19, 11, 11, 3, 8, 19, 11, 7, 8, 8, 17, 10, 10, 13, 3, 17, 3, 3, 15, 19, 3, 15, 19, 17, 11, 11, 12, 13, 3, 7, 10, 10, 15, 19, 15, 19, 17, 11, 10, 10, 13, 14, 4, 3, 3, 11, 12, 17, 17, 13, 17, 17, 10, 10, 13, 3, 14, 2, 9, 14, 8, 8, 17, 7, 17, 13, 10, 10, 8, 8, 1, 1, 8, 7, 1, 1, 7, 13, 7, 13, 8, 7, 1, 1, 7, 13, 7, 1, 1, 13, 7, 1, 1]
bestever    1921    in generation 378
[14, 14, 14, 2, 9, 5, 4, 2, 9, 4, 4, 14, 2, 2, 16, 16, 16, 5, 20, 9, 18, 5, 4, 2, 2, 5, 15, 4, 14, 5, 18, 4, 20, 9, 2, 20, 20, 16, 16, 5, 18, 20, 16, 16, 5, 20, 9, 18, 5, 9, 4, 6, 14, 5, 4, 9, 6, 2, 9, 18, 18, 15, 20, 14, 12, 6, 20, 20, 18, 18, 20, 18, 18, 5, 9, 15, 16, 6, 6, 11, 11, 2, 12, 16, 6, 6, 6, 16, 6, 6, 4, 15, 12, 12, 12, 19, 12, 12, 19, 19, 11, 12, 15, 19, 3, 15, 19, 11, 11, 3, 19, 11, 7, 8, 8, 17, 10, 10, 13, 3, 17, 3, 3, 15, 19, 3, 15, 19, 17, 11, 11, 12, 13, 3, 7, 10, 10, 15, 19, 15, 19, 17, 11, 10, 10, 13, 14, 4, 3, 3, 11, 12, 17, 17, 13, 17, 17, 10, 10, 13, 3, 14, 2, 9, 14, 8, 8, 17, 8, 8, 7, 17, 13, 10, 10, 8, 8, 1, 1, 8, 7, 1, 1, 7, 13, 7, 13, 8, 7, 1, 1, 7, 13, 7, 1, 1, 13, 7, 1, 1]
bestever    1914    in generation 474
[14, 14, 14, 2, 9, 5, 4, 2, 9, 4, 4, 14, 2, 2, 16, 16, 16, 5, 20, 9, 18, 5, 4, 2, 2, 5, 15, 4, 14, 5, 18, 4, 20, 9, 2, 20, 20, 16, 16, 5, 18, 20, 16, 16, 5, 20, 9, 18, 5, 9, 4, 6, 14, 5, 4, 9, 6, 2, 9, 18, 18, 15, 20, 14, 12, 6, 20, 20, 18, 2, 20, 18, 18, 5, 9, 15, 16, 6, 6, 11, 11, 2, 12, 16, 6, 6, 6, 16, 6, 6, 4, 15, 12, 12, 12, 19, 12, 12, 19, 19, 11, 12, 15, 19, 3, 15, 19, 11, 11, 3, 19, 11, 7, 8, 8, 17, 10, 10, 13, 3, 17, 3, 3, 15, 19, 3, 15, 19, 17, 11, 11, 12, 13, 3, 7, 10, 10, 15, 19, 15, 19, 17, 11, 10, 10, 13, 14, 4, 3, 3, 11, 12, 17, 17, 13, 17, 17, 10, 10, 13, 3, 14, 18, 9, 14, 8, 8, 17, 8, 8, 7, 17, 13, 10, 10, 8, 8, 1, 1, 8, 7, 1, 1, 7, 13, 7, 13, 8, 7, 1, 1, 7, 13, 7, 1, 1, 13, 7, 1, 1]
bestever    1899    in generation 577
[14, 14, 14, 2, 9, 5, 4, 2, 9, 4, 4, 14, 2, 2, 16, 16, 16, 5, 20, 9, 18, 5, 4, 2, 2, 5, 15, 4, 14, 5, 18, 4, 20, 9, 2, 20, 20, 16, 16, 5, 18, 20, 16, 16, 5, 20, 9, 18, 5, 9, 4, 6, 14, 5, 4, 9, 6, 2, 9, 18, 18, 15, 20, 14, 12, 6, 20, 20, 18, 2, 20, 18, 18, 5, 15, 16, 6, 6, 11, 11, 2, 12, 16, 6, 6, 6, 16, 6, 6, 4, 15, 12, 12, 12, 19, 12, 12, 19, 19, 11, 12, 15, 19, 3, 15, 19, 11, 17, 3, 3, 15, 19, 3, 15, 19, 17, 11, 11, 12, 13, 3, 7, 10, 10, 15, 19, 15, 19, 17, 11, 10, 10, 13, 14, 4, 3, 11, 3, 9, 19, 11, 7, 8, 8, 17, 10, 10, 3, 3, 11, 12, 17, 17, 13, 17, 17, 13, 3, 14, 18, 9, 14, 13, 10, 10, 8, 8, 17, 8, 8, 7, 17, 13, 10, 10, 8, 8, 1, 1, 8, 7, 1, 1, 7, 13, 7, 13, 8, 7, 1, 1, 7, 13, 7, 1, 1, 13, 7, 1, 1]
bestever    1893    in generation 635
[14, 14, 14, 2, 9, 5, 4, 2, 9, 4, 4, 14, 2, 2, 16, 16, 16, 5, 20, 9, 18, 5, 4, 2, 2, 5, 15, 4, 14, 5, 18, 4, 20, 9, 2, 20, 20, 16, 16, 5, 18, 20, 16, 16, 5, 20, 9, 18, 5, 9, 4, 6, 14, 5, 4, 9, 6, 2, 9, 18, 18, 15, 20, 14, 12, 6, 20, 20, 18, 2, 20, 18, 18, 5, 15, 16, 6, 6, 11, 11, 2, 12, 16, 6, 6, 6, 16, 6, 6, 4, 15, 12, 12, 12, 19, 12, 12, 19, 19, 11, 12, 15, 19, 3, 15, 19, 11, 17, 3, 15, 19, 3, 15, 19, 17, 11, 12, 13, 3, 7, 10, 10, 15, 19, 15, 19, 17, 11, 10, 10, 13, 14, 4, 3, 11, 3, 11, 3, 9, 19, 11, 7, 8, 8, 17, 10, 10, 3, 3, 11, 12, 17, 17, 13, 17, 17, 13, 3, 14, 18, 9, 14, 13, 8, 8, 1, 1, 8, 1, 1, 7, 8, 7, 1, 1, 7, 7, 1, 1, 7, 1, 1, 7, 7, 8, 8, 10, 10, 13, 13, 7, 8, 8, 10, 10, 13, 17, 17, 13, 13]
bestever    1887    in generation 654
[14, 14, 14, 2, 9, 5, 4, 2, 9, 4, 4, 14, 2, 2, 16, 16, 16, 5, 20, 9, 18, 5, 4, 2, 2, 5, 15, 4, 14, 5, 18, 4, 20, 9, 2, 20, 20, 16, 16, 5, 18, 20, 16, 16, 5, 20, 9, 18, 5, 9, 4, 6, 14, 5, 4, 9, 6, 2, 9, 18, 18, 15, 20, 14, 12, 6, 20, 20, 18, 2, 20, 18, 18, 5, 15, 16, 6, 6, 11, 11, 2, 12, 16, 6, 6, 6, 16, 6, 6, 4, 15, 12, 12, 12, 19, 12, 12, 19, 19, 11, 12, 15, 19, 3, 15, 19, 11, 17, 3, 15, 19, 3, 15, 19, 17, 11, 12, 13, 3, 7, 10, 10, 15, 19, 15, 19, 17, 11, 10, 10, 13, 14, 4, 3, 11, 3, 11, 3, 9, 19, 11, 7, 8, 8, 17, 10, 3, 3, 11, 12, 17, 17, 13, 17, 17, 13, 3, 14, 18, 9, 14, 13, 8, 8, 1, 1, 8, 1, 1, 7, 7, 1, 1, 7, 7, 1, 1, 7, 8, 10, 1, 1, 7, 7, 8, 8, 10, 10, 13, 13, 7, 8, 8, 10, 10, 13, 17, 17, 13, 13]
bestever    1886    in generation 671
[14, 14, 14, 2, 9, 5, 4, 2, 9, 4, 4, 14, 2, 2, 16, 16, 16, 5, 20, 9, 18, 5, 4, 2, 2, 5, 15, 4, 14, 5, 18, 4, 20, 9, 2, 20, 20, 16, 16, 5, 18, 20, 16, 16, 5, 20, 9, 18, 5, 9, 4, 6, 14, 5, 4, 9, 6, 2, 9, 18, 18, 15, 20, 14, 12, 6, 20, 20, 18, 2, 20, 18, 18, 5, 15, 16, 6, 6, 11, 11, 2, 12, 16, 6, 6, 6, 16, 6, 6, 4, 15, 12, 12, 12, 19, 12, 12, 19, 19, 11, 12, 15, 19, 3, 15, 19, 11, 17, 3, 15, 19, 3, 15, 19, 17, 11, 12, 3, 7, 10, 15, 19, 15, 19, 17, 11, 14, 4, 3, 11, 3, 11, 3, 9, 19, 11, 8, 17, 3, 3, 11, 12, 17, 17, 3, 14, 18, 9, 14, 13, 1, 1, 1, 1, 7, 7, 1, 1, 7, 7, 1, 1, 7, 8, 10, 1, 1, 7, 7, 8, 8, 10, 10, 13, 13, 7, 8, 8, 10, 10, 13, 17, 17, 13, 8, 8, 10, 10, 13, 13, 7, 8, 8, 10, 10, 13, 17, 17, 13, 13]
bestever    1878    in generation 718
[14, 14, 14, 2, 9, 5, 4, 2, 9, 4, 4, 14, 2, 2, 16, 16, 16, 5, 20, 9, 5, 4, 2, 2, 5, 15, 4, 14, 5, 18, 4, 20, 9, 2, 20, 20, 16, 16, 5, 18, 16, 16, 5, 20, 9, 18, 5, 9, 4, 20, 18, 6, 14, 5, 4, 9, 6, 2, 18, 18, 15, 20, 14, 12, 6, 20, 20, 18, 2, 20, 18, 18, 5, 15, 16, 6, 6, 11, 11, 2, 12, 16, 6, 6, 6, 16, 6, 6, 4, 15, 12, 12, 12, 19, 12, 12, 19, 11, 12, 15, 19, 3, 19, 11, 17, 3, 15, 19, 15, 19, 15, 19, 17, 12, 7, 10, 15, 19, 15, 19, 17, 14, 4, 3, 11, 3, 11, 3, 9, 11, 3, 11, 3, 9, 19, 11, 8, 17, 3, 3, 11, 12, 3, 14, 18, 9, 14, 1, 1, 1, 1, 7, 7, 1, 1, 7, 7, 1, 1, 7, 8, 10, 1, 1, 7, 7, 8, 8, 7, 17, 17, 13, 8, 8, 10, 10, 13, 13, 10, 10, 13, 17, 17, 13, 8, 8, 10, 10, 13, 13, 7, 8, 8, 10, 10, 13, 17, 17, 13, 13]
bestever    1843    in generation 734
[14, 14, 14, 2, 9, 5, 4, 2, 9, 4, 4, 14, 2, 2, 16, 16, 16, 5, 20, 9, 5, 4, 2, 2, 5, 15, 4, 14, 5, 18, 4, 20, 9, 2, 20, 20, 16, 16, 5, 18, 16, 16, 5, 20, 9, 18, 5, 9, 4, 20, 18, 6, 14, 5, 4, 9, 6, 2, 18, 18, 15, 20, 14, 12, 6, 20, 20, 18, 2, 20, 18, 18, 5, 15, 16, 6, 6, 11, 11, 2, 12, 16, 6, 6, 6, 16, 6, 6, 4, 15, 12, 12, 12, 19, 12, 12, 19, 11, 12, 15, 19, 3, 19, 11, 17, 3, 15, 19, 15, 19, 15, 19, 17, 12, 7, 10, 15, 19, 15, 19, 17, 14, 4, 3, 11, 3, 11, 3, 9, 11, 3, 11, 3, 9, 19, 11, 17, 3, 3, 11, 12, 3, 14, 18, 9, 14, 1, 1, 1, 1, 7, 7, 1, 8, 1, 7, 7, 1, 1, 7, 8, 10, 1, 1, 7, 7, 8, 8, 7, 17, 17, 13, 8, 8, 10, 10, 13, 13, 10, 10, 13, 17, 17, 13, 8, 8, 10, 10, 13, 13, 7, 8, 8, 10, 10, 13, 17, 17, 13, 13]
bestever    1824    in generation 773
[14, 14, 14, 2, 9, 5, 4, 2, 9, 4, 4, 14, 2, 2, 16, 16, 16, 5, 20, 9, 5, 4, 2, 2, 5, 15, 4, 14, 5, 18, 4, 20, 9, 2, 20, 20, 16, 16, 5, 18, 16, 16, 5, 20, 9, 18, 5, 9, 4, 20, 18, 6, 16, 5, 4, 9, 6, 2, 18, 18, 15, 20, 14, 12, 6, 20, 20, 18, 2, 20, 18, 18, 5, 15, 16, 6, 6, 11, 11, 2, 12, 14, 6, 6, 6, 16, 6, 6, 4, 15, 12, 12, 12, 19, 12, 12, 19, 11, 12, 15, 19, 3, 19, 11, 17, 3, 15, 19, 15, 19, 15, 19, 17, 12, 7, 10, 15, 19, 15, 19, 17, 14, 4, 3, 11, 3, 11, 3, 9, 11, 3, 11, 3, 9, 19, 11, 17, 3, 3, 11, 12, 3, 14, 18, 9, 14, 1, 1, 1, 1, 7, 7, 1, 8, 1, 7, 7, 1, 1, 7, 8, 10, 1, 1, 7, 7, 8, 8, 7, 17, 17, 13, 8, 8, 10, 10, 13, 13, 10, 10, 13, 17, 17, 13, 8, 8, 10, 10, 13, 13, 7, 8, 8, 10, 10, 13, 17, 17, 13, 13]
bestever    1791    in generation 1162
[14, 14, 14, 9, 2, 9, 5, 4, 2, 9, 16, 4, 4, 16, 16, 2, 20, 9, 5, 18, 4, 5, 5, 2, 4, 14, 5, 18, 2, 20, 9, 20, 20, 16, 5, 18, 9, 18, 5, 9, 14, 2, 2, 16, 2, 6, 20, 4, 6, 20, 16, 5, 4, 4, 6, 2, 18, 18, 15, 20, 14, 12, 6, 11, 20, 19, 18, 15, 18, 18, 5, 20, 11, 2, 12, 6, 6, 6, 17, 16, 6, 6, 4, 15, 6, 12, 5, 15, 16, 12, 14, 16, 3, 12, 20, 12, 12, 19, 11, 12, 15, 19, 3, 11, 19, 17, 3, 15, 19, 15, 19, 15, 19, 17, 12, 7, 10, 15, 19, 15, 19, 14, 4, 17, 11, 16, 11, 11, 3, 9, 11, 3, 3, 9, 19, 11, 7, 17, 3, 7, 3, 11, 12, 3, 14, 18, 9, 14, 1, 1, 1, 1, 7, 1, 3, 8, 1, 7, 7, 1, 1, 7, 8, 10, 1, 1, 17, 7, 7, 8, 8, 13, 17, 10, 10, 13, 8, 8, 17, 10, 13, 13, 10, 13, 13, 8, 8, 10, 10, 13, 13, 7, 8, 8, 10, 10, 17, 17, 13, 13]
bestever    1790    in generation 1216
[14, 14, 14, 9, 2, 9, 5, 4, 2, 9, 16, 4, 4, 16, 16, 2, 20, 9, 5, 18, 4, 5, 5, 2, 4, 14, 5, 18, 2, 20, 9, 20, 20, 16, 5, 18, 9, 18, 5, 9, 14, 2, 2, 16, 2, 6, 20, 4, 6, 20, 16, 5, 4, 4, 6, 2, 18, 18, 15, 20, 14, 12, 6, 11, 20, 19, 18, 15, 18, 5, 20, 11, 2, 12, 6, 6, 6, 17, 16, 6, 6, 4, 15, 6, 12, 5, 15, 16, 12, 14, 3, 12, 20, 12, 12, 19, 11, 12, 16, 18, 15, 19, 3, 11, 19, 17, 3, 15, 19, 15, 19, 15, 19, 17, 12, 7, 10, 15, 19, 15, 19, 14, 4, 17, 11, 16, 11, 11, 3, 9, 11, 3, 3, 9, 19, 11, 7, 17, 3, 7, 3, 11, 12, 3, 14, 18, 9, 14, 1, 1, 1, 1, 7, 1, 3, 8, 1, 7, 7, 1, 1, 7, 8, 10, 1, 1, 17, 7, 7, 8, 8, 13, 17, 10, 10, 13, 8, 8, 17, 10, 13, 13, 13, 10, 8, 8, 10, 7, 13, 17, 10, 13, 8, 8, 17, 10, 13, 13, 10, 13]
bestever    1787    in generation 1356
[14, 14, 14, 9, 2, 9, 5, 4, 2, 9, 16, 4, 4, 16, 16, 2, 20, 9, 5, 18, 4, 5, 5, 2, 4, 14, 5, 18, 2, 20, 9, 20, 20, 16, 5, 18, 9, 18, 5, 20, 9, 14, 2, 2, 16, 2, 6, 20, 4, 6, 16, 5, 4, 4, 6, 2, 18, 18, 15, 20, 14, 12, 12, 6, 11, 20, 19, 18, 15, 18, 12, 5, 20, 11, 2, 12, 6, 6, 6, 17, 16, 6, 6, 4, 15, 6, 12, 5, 4, 15, 16, 14, 3, 12, 20, 12, 12, 19, 11, 16, 18, 15, 19, 3, 11, 19, 17, 3, 15, 19, 15, 19, 15, 19, 17, 12, 7, 10, 15, 19, 15, 19, 14, 17, 11, 16, 11, 11, 3, 9, 11, 3, 3, 9, 19, 11, 7, 17, 3, 7, 3, 11, 12, 3, 18, 9, 1, 1, 1, 1, 7, 1, 3, 8, 1, 7, 7, 1, 1, 7, 8, 10, 1, 1, 17, 7, 7, 8, 13, 13, 17, 10, 10, 8, 8, 17, 10, 13, 8, 13, 13, 10, 13, 14, 14, 8, 10, 7, 8, 17, 10, 13, 8, 8, 17, 10, 13, 13, 10, 13]
bestever    1785    in generation 1395
[14, 14, 14, 9, 2, 9, 5, 4, 2, 9, 16, 4, 4, 16, 16, 2, 20, 9, 5, 18, 4, 5, 5, 2, 4, 14, 5, 18, 2, 20, 9, 20, 20, 16, 5, 18, 9, 18, 5, 20, 9, 14, 2, 2, 16, 2, 6, 20, 4, 6, 16, 5, 4, 4, 6, 2, 18, 18, 15, 20, 14, 12, 12, 6, 11, 20, 19, 18, 15, 18, 12, 5, 20, 11, 2, 12, 6, 6, 6, 17, 16, 19, 6, 4, 7, 6, 12, 5, 4, 15, 16, 14, 3, 12, 20, 12, 12, 19, 11, 16, 18, 15, 19, 3, 11, 6, 17, 3, 15, 19, 15, 19, 15, 19, 17, 12, 7, 10, 15, 19, 15, 19, 14, 17, 11, 16, 11, 11, 3, 9, 11, 3, 3, 9, 19, 11, 7, 17, 3, 15, 3, 11, 12, 3, 18, 9, 1, 1, 1, 1, 7, 1, 3, 8, 1, 7, 7, 1, 1, 7, 8, 10, 1, 1, 17, 7, 7, 8, 13, 13, 17, 10, 10, 8, 8, 17, 10, 13, 8, 13, 13, 10, 13, 14, 14, 8, 10, 7, 8, 17, 10, 13, 8, 8, 17, 10, 13, 13, 10, 13]
bestever    1775    in generation 1518
[14, 14, 14, 9, 2, 9, 5, 4, 2, 9, 16, 4, 4, 16, 16, 2, 20, 9, 5, 18, 4, 5, 5, 2, 4, 14, 5, 18, 2, 20, 9, 20, 20, 16, 5, 18, 9, 18, 5, 20, 9, 14, 2, 2, 16, 2, 6, 20, 4, 6, 16, 5, 4, 4, 6, 2, 18, 18, 15, 20, 14, 12, 12, 6, 11, 20, 19, 18, 15, 18, 12, 5, 20, 11, 2, 12, 6, 6, 6, 17, 16, 19, 6, 4, 7, 6, 12, 5, 4, 15, 16, 14, 3, 12, 20, 12, 12, 19, 11, 16, 18, 15, 19, 3, 11, 6, 17, 3, 15, 19, 15, 19, 15, 19, 17, 12, 7, 15, 19, 15, 19, 14, 17, 11, 16, 11, 11, 3, 9, 11, 3, 3, 9, 19, 11, 7, 17, 3, 15, 3, 11, 12, 3, 18, 9, 1, 1, 1, 1, 7, 1, 3, 1, 7, 7, 1, 1, 7, 1, 1, 7, 7, 8, 17, 10, 10, 8, 13, 13, 8, 10, 8, 17, 10, 13, 13, 8, 10, 8, 17, 10, 13, 13, 14, 14, 8, 10, 7, 8, 17, 10, 13, 8, 8, 17, 10, 13, 13, 10, 13]
bestever    1771    in generation 1717
[14, 14, 14, 9, 2, 9, 5, 4, 2, 9, 16, 4, 4, 16, 16, 2, 20, 9, 5, 18, 4, 5, 5, 2, 4, 14, 5, 18, 2, 20, 9, 20, 20, 16, 5, 18, 9, 18, 5, 20, 9, 14, 2, 2, 16, 2, 6, 20, 4, 6, 16, 5, 4, 4, 6, 2, 18, 18, 15, 20, 14, 12, 12, 6, 11, 20, 19, 18, 15, 18, 12, 5, 20, 11, 2, 12, 6, 6, 6, 17, 16, 19, 6, 4, 7, 6, 12, 15, 4, 15, 16, 14, 3, 12, 20, 12, 12, 19, 11, 16, 18, 5, 19, 3, 11, 6, 17, 3, 15, 19, 15, 19, 15, 19, 17, 12, 7, 15, 15, 19, 19, 14, 17, 11, 16, 1, 11, 3, 9, 11, 3, 3, 9, 19, 11, 8, 7, 17, 3, 15, 3, 11, 12, 3, 18, 9, 1, 1, 1, 1, 10, 1, 3, 11, 7, 7, 10, 1, 1, 7, 1, 1, 7, 7, 8, 17, 7, 10, 8, 8, 8, 17, 13, 8, 13, 13, 8, 10, 17, 10, 13, 10, 13, 13, 14, 14, 10, 7, 8, 17, 10, 13, 8, 8, 17, 10, 13, 13, 10, 13]
bestever    1764    in generation 1955
[14, 14, 14, 9, 9, 2, 9, 5, 4, 2, 4, 9, 16, 4, 4, 16, 16, 2, 20, 9, 5, 18, 4, 5, 5, 2, 4, 16, 5, 18, 2, 20, 9, 20, 20, 16, 5, 18, 9, 18, 5, 20, 9, 14, 2, 2, 14, 2, 6, 20, 4, 6, 16, 5, 15, 4, 6, 2, 18, 18, 14, 20, 12, 12, 6, 11, 20, 19, 18, 15, 18, 12, 5, 20, 11, 2, 12, 6, 6, 6, 17, 16, 19, 15, 6, 4, 7, 6, 12, 15, 4, 15, 16, 14, 3, 12, 20, 12, 12, 19, 11, 16, 18, 5, 19, 3, 11, 6, 17, 3, 15, 19, 19, 15, 19, 17, 12, 7, 15, 15, 19, 19, 14, 17, 11, 16, 1, 11, 3, 9, 11, 3, 3, 19, 11, 8, 7, 17, 3, 15, 13, 3, 11, 12, 3, 18, 9, 1, 1, 1, 1, 11, 1, 3, 10, 7, 7, 10, 1, 1, 7, 1, 1, 7, 7, 8, 17, 7, 10, 8, 8, 8, 17, 13, 8, 13, 10, 8, 10, 13, 13, 14, 14, 10, 7, 17, 17, 10, 13, 8, 10, 13, 8, 8, 17, 10, 13, 13, 10, 13]
bestever    1763    in generation 2151
[14, 14, 14, 9, 9, 2, 9, 5, 4, 2, 4, 9, 16, 4, 4, 16, 16, 5, 20, 9, 2, 18, 6, 5, 5, 2, 4, 16, 5, 18, 2, 20, 9, 20, 20, 9, 16, 5, 18, 9, 18, 5, 20, 14, 2, 2, 20, 2, 6, 20, 4, 6, 16, 5, 15, 4, 6, 2, 18, 18, 14, 12, 12, 4, 11, 20, 19, 18, 15, 18, 12, 5, 20, 11, 6, 12, 6, 6, 14, 6, 17, 16, 19, 15, 6, 4, 7, 2, 12, 15, 4, 15, 16, 3, 3, 12, 20, 12, 12, 19, 11, 16, 18, 5, 19, 3, 11, 6, 12, 3, 15, 19, 19, 15, 19, 17, 17, 7, 15, 15, 19, 19, 14, 17, 11, 3, 16, 1, 11, 3, 9, 11, 13, 3, 19, 11, 8, 7, 17, 3, 1, 13, 3, 11, 12, 14, 18, 9, 1, 1, 1, 15, 11, 1, 3, 10, 7, 7, 10, 1, 1, 7, 1, 1, 7, 7, 8, 17, 7, 10, 8, 8, 10, 8, 17, 8, 13, 8, 10, 13, 14, 14, 7, 17, 10, 13, 10, 13, 8, 10, 8, 17, 13, 8, 17, 10, 13, 13, 10, 13]
bestever    1762    in generation 2278
[14, 14, 14, 9, 9, 2, 9, 5, 4, 2, 4, 9, 16, 4, 4, 16, 16, 5, 20, 9, 2, 18, 6, 5, 5, 2, 4, 16, 5, 18, 2, 20, 9, 20, 20, 9, 16, 5, 18, 9, 18, 5, 20, 14, 2, 2, 20, 2, 6, 20, 4, 6, 16, 5, 15, 4, 6, 2, 18, 18, 14, 12, 12, 4, 11, 20, 19, 18, 15, 18, 12, 5, 20, 11, 6, 12, 6, 6, 14, 6, 17, 16, 19, 15, 6, 4, 7, 2, 12, 15, 4, 15, 16, 17, 3, 12, 20, 12, 12, 19, 11, 16, 18, 5, 19, 3, 11, 6, 12, 3, 15, 19, 19, 15, 19, 3, 17, 7, 15, 15, 19, 19, 14, 17, 11, 3, 16, 1, 11, 3, 9, 11, 13, 3, 19, 11, 8, 7, 17, 3, 1, 13, 8, 11, 12, 14, 18, 9, 1, 1, 1, 15, 11, 1, 3, 10, 7, 7, 10, 1, 1, 7, 1, 1, 7, 7, 8, 17, 7, 10, 8, 3, 8, 17, 8, 8, 14, 14, 7, 17, 10, 13, 8, 8, 17, 13, 8, 17, 10, 10, 13, 10, 13, 10, 10, 13, 10, 13, 13, 13]
bestever    1760    in generation 2664
[14, 14, 14, 9, 9, 16, 9, 5, 4, 2, 4, 9, 16, 16, 4, 4, 4, 16, 16, 5, 20, 9, 2, 18, 6, 5, 5, 2, 4, 16, 5, 18, 2, 20, 9, 20, 20, 9, 2, 12, 18, 9, 18, 5, 20, 14, 2, 2, 4, 2, 6, 20, 18, 6, 5, 15, 4, 6, 2, 18, 18, 14, 12, 12, 20, 4, 20, 19, 6, 4, 15, 15, 18, 9, 12, 5, 20, 11, 2, 6, 12, 6, 14, 6, 17, 16, 19, 15, 6, 11, 19, 12, 15, 15, 16, 17, 3, 12, 20, 12, 5, 7, 11, 16, 15, 19, 3, 17, 7, 15, 5, 19, 3, 11, 6, 12, 3, 15, 19, 19, 15, 19, 19, 14, 17, 11, 3, 16, 1, 11, 3, 11, 13, 3, 19, 18, 10, 11, 8, 7, 17, 3, 1, 8, 10, 12, 14, 9, 1, 1, 1, 18, 3, 1, 11, 7, 7, 1, 1, 7, 1, 1, 7, 7, 8, 17, 7, 8, 3, 8, 17, 8, 8, 14, 17, 14, 7, 17, 10, 13, 10, 10, 13, 10, 8, 8, 13, 8, 17, 10, 13, 11, 13, 10, 10, 13, 10, 13, 13, 13]
bestever    1757    in generation 2790
[14, 14, 14, 9, 9, 16, 9, 5, 4, 2, 4, 9, 16, 16, 4, 4, 4, 16, 16, 5, 20, 18, 2, 18, 6, 5, 5, 2, 4, 16, 5, 18, 2, 20, 9, 20, 20, 9, 2, 12, 18, 9, 9, 5, 20, 14, 2, 2, 4, 2, 6, 20, 18, 6, 5, 15, 4, 6, 2, 18, 18, 14, 12, 12, 20, 4, 20, 19, 6, 4, 15, 15, 18, 9, 12, 5, 20, 11, 2, 6, 12, 6, 14, 6, 17, 16, 19, 15, 6, 11, 19, 12, 15, 15, 16, 17, 3, 12, 5, 12, 20, 7, 11, 16, 15, 19, 3, 17, 7, 15, 5, 19, 3, 11, 6, 12, 3, 15, 19, 19, 15, 19, 19, 14, 17, 11, 3, 16, 1, 11, 3, 11, 13, 3, 19, 18, 10, 11, 8, 7, 17, 3, 1, 8, 10, 12, 14, 9, 1, 1, 1, 18, 3, 1, 11, 7, 7, 1, 1, 7, 1, 1, 7, 7, 8, 17, 7, 8, 3, 8, 17, 8, 8, 14, 17, 14, 7, 17, 10, 13, 10, 10, 13, 10, 8, 8, 13, 8, 17, 10, 13, 11, 13, 10, 10, 13, 10, 13, 13, 13]
bestever    1751    in generation 4184
[14, 14, 14, 9, 9, 16, 9, 5, 4, 2, 4, 9, 14, 16, 4, 4, 18, 4, 16, 9, 5, 9, 20, 5, 18, 2, 16, 6, 16, 4, 12, 9, 20, 2, 4, 5, 18, 2, 20, 18, 9, 14, 16, 5, 14, 2, 6, 16, 2, 12, 9, 15, 5, 6, 14, 20, 4, 14, 2, 4, 2, 15, 20, 18, 6, 6, 2, 12, 18, 18, 16, 15, 6, 11, 12, 20, 5, 5, 6, 15, 19, 12, 5, 15, 18, 17, 9, 19, 2, 19, 20, 11, 16, 14, 19, 6, 20, 4, 12, 5, 16, 11, 19, 12, 3, 15, 6, 17, 6, 15, 19, 19, 10, 3, 10, 11, 12, 11, 1, 12, 3, 3, 7, 3, 19, 20, 19, 15, 20, 10, 1, 15, 11, 18, 17, 1, 11, 11, 17, 1, 8, 7, 3, 3, 3, 11, 8, 7, 3, 18, 1, 8, 19, 15, 1, 17, 1, 7, 7, 1, 1, 1, 17, 8, 11, 8, 17, 17, 3, 8, 8, 8, 14, 17, 12, 8, 8, 10, 7, 13, 13, 13, 10, 10, 10, 7, 7, 13, 13, 10, 13, 7, 10, 17, 7, 13, 10, 13, 13, 13]
bestever    1740    in generation 4185
[14, 14, 14, 9, 9, 16, 9, 5, 4, 2, 4, 9, 14, 16, 4, 4, 18, 4, 16, 9, 5, 9, 20, 5, 18, 2, 16, 6, 16, 4, 12, 9, 20, 2, 4, 5, 18, 2, 20, 18, 9, 14, 16, 5, 14, 2, 6, 16, 2, 12, 9, 15, 5, 6, 14, 20, 4, 14, 2, 4, 2, 15, 20, 18, 6, 6, 2, 12, 18, 18, 16, 15, 6, 11, 12, 20, 5, 5, 6, 15, 19, 12, 5, 15, 18, 17, 9, 19, 2, 19, 20, 11, 16, 14, 19, 6, 20, 4, 12, 5, 16, 11, 19, 12, 3, 15, 6, 17, 6, 15, 19, 19, 10, 3, 10, 11, 12, 11, 1, 12, 3, 3, 7, 3, 19, 20, 19, 15, 20, 10, 1, 15, 11, 18, 17, 1, 11, 11, 17, 1, 8, 7, 3, 3, 3, 11, 8, 7, 3, 18, 1, 8, 19, 15, 1, 17, 1, 7, 7, 1, 1, 1, 17, 8, 11, 8, 17, 17, 3, 8, 8, 8, 14, 17, 12, 8, 8, 10, 7, 13, 13, 7, 13, 13, 10, 10, 10, 13, 7, 10, 13, 7, 10, 17, 7, 13, 10, 13, 13, 13]
bestever    1736    in generation 4386
[14, 14, 14, 9, 9, 16, 9, 5, 4, 2, 4, 9, 14, 16, 4, 4, 18, 4, 16, 9, 5, 9, 20, 5, 18, 2, 5, 6, 16, 4, 12, 9, 20, 2, 4, 5, 18, 2, 20, 18, 7, 9, 14, 16, 5, 14, 2, 6, 16, 2, 12, 9, 15, 16, 6, 14, 20, 4, 14, 2, 4, 2, 15, 11, 20, 18, 6, 6, 2, 12, 18, 18, 16, 15, 6, 11, 12, 20, 5, 5, 19, 15, 19, 12, 12, 5, 15, 18, 17, 9, 6, 2, 19, 20, 11, 16, 14, 19, 6, 20, 4, 12, 5, 16, 11, 19, 12, 3, 15, 6, 17, 6, 15, 19, 19, 10, 3, 10, 11, 12, 11, 1, 13, 12, 3, 3, 17, 7, 3, 19, 20, 19, 15, 20, 10, 1, 15, 11, 18, 17, 1, 3, 13, 11, 17, 1, 8, 7, 3, 3, 11, 8, 7, 3, 18, 1, 8, 19, 15, 1, 17, 1, 7, 7, 1, 1, 1, 8, 11, 8, 17, 17, 14, 8, 8, 8, 3, 17, 8, 8, 10, 13, 7, 13, 10, 10, 10, 10, 13, 7, 17, 13, 10, 13, 13, 10, 7, 13, 13, 7]
bestever    1726    in generation 4396
[14, 14, 14, 9, 9, 16, 9, 5, 4, 2, 4, 9, 14, 16, 4, 4, 18, 4, 16, 9, 5, 9, 20, 5, 18, 2, 5, 6, 16, 4, 12, 9, 20, 2, 4, 5, 18, 2, 20, 18, 7, 9, 14, 16, 5, 14, 2, 6, 16, 2, 12, 9, 15, 16, 6, 14, 20, 4, 14, 2, 4, 2, 15, 11, 20, 18, 6, 6, 2, 12, 18, 18, 16, 15, 6, 11, 12, 20, 5, 5, 19, 15, 19, 12, 12, 5, 15, 18, 17, 9, 6, 2, 19, 20, 11, 16, 14, 19, 6, 20, 4, 12, 5, 16, 11, 19, 12, 3, 15, 6, 17, 6, 15, 19, 19, 10, 3, 10, 11, 12, 11, 1, 12, 3, 3, 17, 7, 3, 19, 20, 19, 15, 20, 1, 15, 11, 18, 17, 1, 3, 11, 17, 1, 8, 7, 3, 3, 11, 8, 7, 3, 18, 1, 8, 19, 15, 1, 17, 1, 1, 1, 1, 8, 11, 8, 17, 17, 14, 8, 8, 8, 3, 17, 8, 7, 7, 10, 13, 13, 8, 10, 13, 7, 13, 10, 10, 10, 10, 13, 7, 17, 13, 10, 13, 13, 10, 7, 13, 13, 7]
bestever    1725    in generation 4459
[14, 14, 14, 9, 9, 16, 9, 5, 4, 2, 4, 9, 14, 16, 4, 4, 18, 4, 16, 9, 5, 9, 20, 5, 18, 2, 5, 6, 16, 4, 12, 9, 20, 2, 4, 5, 18, 2, 20, 18, 9, 14, 16, 5, 14, 2, 6, 16, 2, 12, 9, 15, 16, 6, 14, 20, 4, 14, 2, 4, 2, 15, 11, 20, 18, 6, 6, 2, 12, 18, 18, 16, 15, 6, 11, 12, 20, 5, 5, 19, 15, 19, 12, 12, 5, 15, 18, 17, 9, 6, 2, 19, 20, 11, 16, 14, 19, 6, 20, 4, 12, 5, 16, 11, 19, 12, 3, 15, 6, 17, 6, 15, 19, 19, 10, 3, 10, 11, 12, 11, 1, 12, 3, 3, 17, 7, 3, 19, 20, 19, 15, 20, 1, 15, 11, 18, 1, 3, 11, 17, 1, 8, 7, 3, 3, 11, 8, 7, 3, 18, 1, 8, 19, 7, 17, 15, 1, 17, 1, 1, 1, 1, 8, 11, 8, 17, 17, 14, 8, 8, 8, 3, 17, 8, 7, 7, 10, 13, 13, 8, 10, 13, 7, 13, 10, 10, 10, 10, 13, 7, 17, 13, 10, 13, 13, 10, 7, 13, 13, 7]
bestever    1724    in generation 4643
[14, 14, 14, 9, 9, 16, 9, 5, 4, 2, 4, 9, 14, 16, 4, 4, 18, 4, 16, 9, 5, 9, 20, 5, 18, 2, 5, 6, 16, 18, 4, 12, 9, 20, 2, 4, 20, 5, 18, 2, 20, 9, 14, 16, 19, 5, 14, 2, 6, 16, 2, 12, 9, 15, 20, 6, 14, 16, 4, 14, 2, 4, 2, 15, 11, 20, 18, 6, 6, 2, 12, 18, 18, 16, 15, 6, 11, 12, 5, 19, 15, 12, 12, 5, 15, 17, 18, 17, 9, 6, 2, 19, 20, 11, 16, 14, 19, 6, 20, 4, 12, 5, 16, 11, 19, 3, 11, 17, 1, 12, 3, 15, 6, 17, 6, 15, 19, 19, 10, 3, 10, 11, 12, 8, 11, 1, 12, 3, 3, 17, 7, 3, 19, 20, 19, 15, 20, 1, 15, 11, 18, 1, 8, 7, 3, 3, 11, 5, 7, 3, 18, 1, 8, 19, 7, 17, 15, 1, 17, 1, 1, 1, 1, 8, 11, 13, 17, 14, 8, 8, 8, 3, 17, 8, 7, 7, 10, 13, 13, 8, 10, 13, 7, 8, 10, 10, 10, 10, 13, 7, 17, 13, 10, 13, 13, 10, 7, 13, 13, 7]
bestever    1718    in generation 6036
[14, 14, 14, 9, 9, 14, 16, 9, 5, 4, 2, 4, 16, 14, 16, 4, 14, 14, 16, 4, 18, 4, 16, 9, 5, 9, 20, 16, 5, 18, 18, 18, 5, 2, 6, 16, 13, 2, 4, 12, 9, 20, 2, 16, 15, 4, 20, 18, 18, 20, 9, 9, 6, 6, 5, 2, 9, 9, 2, 12, 16, 20, 11, 12, 14, 6, 5, 15, 19, 11, 12, 20, 5, 2, 6, 12, 18, 19, 17, 4, 15, 2, 12, 19, 5, 15, 4, 19, 15, 17, 2, 3, 11, 6, 19, 20, 10, 11, 16, 17, 14, 6, 20, 12, 2, 4, 6, 17, 20, 6, 11, 3, 18, 17, 1, 12, 15, 3, 10, 15, 19, 10, 19, 5, 10, 3, 1, 18, 11, 14, 12, 6, 15, 11, 1, 15, 7, 3, 17, 7, 8, 19, 7, 20, 1, 8, 11, 18, 13, 8, 3, 3, 11, 3, 5, 3, 8, 19, 7, 1, 12, 17, 15, 1, 10, 17, 8, 13, 7, 1, 8, 1, 11, 7, 17, 3, 1, 8, 19, 8, 7, 10, 13, 10, 13, 8, 10, 10, 7, 7, 1, 17, 8, 10, 13, 13, 7, 13, 13, 13]
bestever    1715    in generation 6358
[14, 16, 14, 14, 9, 9, 14, 16, 9, 5, 4, 2, 4, 16, 16, 16, 4, 16, 4, 18, 4, 16, 9, 5, 9, 20, 5, 2, 18, 9, 18, 5, 2, 6, 16, 13, 9, 4, 12, 20, 18, 16, 15, 4, 20, 18, 18, 20, 9, 16, 14, 14, 9, 14, 2, 6, 19, 6, 5, 2, 9, 2, 18, 12, 20, 11, 12, 12, 6, 5, 15, 19, 11, 12, 20, 5, 2, 6, 14, 20, 4, 17, 4, 15, 2, 12, 19, 5, 15, 19, 15, 17, 2, 3, 11, 6, 19, 10, 11, 17, 14, 6, 20, 12, 2, 4, 6, 17, 20, 6, 11, 3, 18, 17, 1, 12, 15, 3, 10, 15, 19, 10, 19, 5, 1, 10, 3, 1, 18, 11, 14, 12, 6, 15, 11, 15, 7, 3, 17, 7, 8, 19, 7, 20, 1, 8, 11, 11, 13, 8, 3, 3, 18, 3, 5, 3, 8, 19, 7, 1, 12, 17, 15, 1, 10, 17, 8, 13, 7, 1, 13, 8, 1, 13, 7, 17, 3, 10, 8, 19, 8, 1, 11, 10, 7, 13, 8, 10, 10, 7, 7, 17, 1, 8, 10, 13, 13, 7, 13, 13]
bestever    1710    in generation 6390
[14, 16, 14, 14, 9, 9, 14, 16, 9, 5, 4, 2, 4, 16, 16, 16, 4, 16, 4, 18, 4, 16, 9, 5, 9, 20, 5, 2, 18, 9, 18, 5, 2, 6, 16, 13, 9, 4, 12, 20, 18, 16, 15, 4, 20, 18, 18, 20, 9, 16, 14, 14, 9, 14, 2, 6, 19, 6, 5, 2, 9, 2, 18, 12, 20, 11, 12, 12, 6, 5, 15, 19, 11, 12, 20, 5, 2, 6, 14, 20, 4, 17, 4, 15, 2, 12, 19, 5, 15, 19, 15, 17, 2, 3, 11, 6, 19, 10, 11, 17, 14, 6, 20, 12, 2, 4, 6, 17, 20, 6, 11, 3, 18, 17, 1, 12, 15, 3, 10, 15, 19, 10, 19, 5, 1, 10, 3, 1, 18, 11, 14, 12, 6, 15, 11, 15, 7, 3, 17, 7, 8, 19, 7, 20, 1, 8, 11, 11, 13, 8, 3, 3, 18, 3, 5, 3, 8, 19, 7, 1, 12, 17, 15, 1, 10, 17, 8, 13, 7, 1, 8, 1, 17, 3, 10, 8, 19, 8, 1, 7, 13, 11, 10, 7, 8, 10, 10, 7, 7, 13, 1, 17, 8, 10, 13, 13, 13, 7, 13, 13]
bestever    1704    in generation 7266
[14, 16, 14, 14, 9, 9, 14, 16, 9, 5, 4, 2, 4, 16, 16, 16, 14, 4, 16, 9, 18, 4, 16, 12, 5, 4, 20, 5, 2, 16, 4, 18, 6, 2, 9, 5, 16, 14, 5, 9, 4, 12, 20, 18, 16, 15, 20, 9, 18, 18, 20, 10, 17, 14, 6, 9, 14, 20, 2, 18, 19, 12, 6, 5, 2, 2, 18, 12, 20, 12, 11, 2, 6, 2, 15, 19, 11, 13, 9, 20, 5, 4, 12, 12, 9, 6, 14, 20, 4, 5, 15, 2, 19, 5, 15, 19, 11, 15, 14, 17, 10, 11, 6, 19, 10, 18, 6, 12, 17, 6, 17, 20, 15, 11, 3, 3, 18, 17, 1, 1, 15, 3, 3, 8, 1, 15, 7, 12, 19, 8, 10, 11, 19, 11, 4, 3, 15, 7, 17, 19, 8, 7, 6, 20, 1, 1, 11, 18, 8, 3, 11, 3, 3, 7, 1, 13, 13, 5, 8, 3, 19, 7, 12, 17, 15, 10, 1, 17, 8, 13, 7, 6, 10, 1, 17, 13, 3, 8, 19, 13, 1, 7, 8, 11, 10, 8, 2, 1, 10, 10, 7, 7, 17, 8, 10, 13, 13, 13, 7, 13]
bestever    1702    in generation 7485
[14, 16, 14, 14, 9, 9, 14, 16, 9, 5, 4, 2, 4, 16, 16, 16, 14, 4, 16, 9, 18, 4, 16, 12, 5, 4, 20, 5, 2, 16, 4, 18, 6, 2, 9, 5, 16, 14, 5, 9, 4, 12, 20, 18, 16, 15, 20, 9, 18, 18, 20, 10, 14, 14, 6, 9, 14, 20, 2, 18, 19, 12, 6, 5, 2, 2, 18, 12, 20, 12, 11, 2, 6, 6, 2, 15, 19, 11, 13, 9, 20, 5, 4, 12, 12, 9, 14, 20, 4, 5, 15, 2, 19, 12, 15, 19, 11, 15, 17, 17, 10, 11, 6, 19, 10, 18, 6, 5, 17, 6, 17, 20, 15, 11, 3, 3, 18, 17, 1, 1, 15, 3, 3, 8, 1, 15, 7, 12, 19, 8, 11, 19, 11, 4, 3, 15, 7, 6, 19, 8, 7, 17, 20, 1, 1, 11, 18, 8, 3, 11, 3, 3, 1, 5, 8, 3, 19, 7, 12, 17, 15, 10, 1, 17, 8, 7, 6, 10, 1, 17, 11, 3, 19, 7, 10, 8, 1, 8, 13, 13, 10, 7, 13, 13, 8, 2, 1, 10, 10, 7, 7, 17, 13, 8, 10, 13, 13, 13, 7, 13]
bestever    1694    in generation 7643
[14, 16, 14, 14, 9, 9, 14, 16, 9, 5, 5, 4, 2, 4, 16, 16, 16, 14, 4, 16, 9, 18, 4, 16, 12, 4, 20, 5, 2, 2, 16, 4, 18, 6, 2, 9, 5, 16, 16, 14, 5, 9, 4, 12, 20, 18, 15, 20, 9, 18, 18, 20, 10, 14, 14, 6, 9, 14, 20, 2, 18, 19, 12, 6, 5, 2, 18, 12, 20, 12, 11, 2, 6, 6, 2, 15, 19, 11, 13, 9, 20, 5, 4, 12, 12, 9, 20, 4, 5, 15, 2, 19, 12, 15, 19, 11, 15, 17, 17, 11, 6, 19, 10, 18, 6, 5, 17, 6, 17, 20, 15, 11, 3, 3, 18, 17, 1, 1, 15, 3, 3, 8, 1, 15, 7, 12, 19, 8, 11, 19, 11, 4, 3, 15, 6, 19, 8, 7, 17, 20, 1, 1, 11, 18, 3, 11, 3, 3, 1, 5, 8, 3, 19, 15, 12, 17, 7, 10, 1, 17, 8, 7, 6, 10, 1, 17, 7, 10, 8, 11, 3, 19, 7, 10, 8, 1, 8, 13, 13, 10, 7, 13, 13, 8, 2, 1, 10, 10, 7, 7, 17, 8, 13, 10, 13, 13, 13, 14, 7, 13]
