bestever    3431    in generation 0
[13, 7, 1, 14, 10, 1, 6, 9, 8, 8, 17, 7, 11, 6, 14, 13, 9, 13, 20, 2, 19, 6, 5, 18, 13, 5, 20, 15, 15, 12, 19, 11, 17, 20, 3, 2, 3, 11, 16, 12, 19, 2, 20, 4, 7, 17, 16, 3, 7, 9, 10, 9, 2, 17, 18, 12, 9, 7, 13, 2, 11, 12, 20, 14, 14, 19, 5, 7, 10, 9, 15, 16, 20, 11, 14, 1, 18, 14, 3, 9, 11, 16, 4, 13, 10, 19, 2, 12, 5, 17, 4, 19, 9, 13, 15, 14, 6, 4, 14, 12, 3, 2, 16, 3, 13, 11, 11, 1, 2, 8, 19, 16, 18, 13, 7, 5, 20, 6, 3, 4, 20, 8, 12, 20, 7, 15, 4, 19, 17, 16, 15, 10, 8, 17, 1, 17, 6, 15, 8, 4, 14, 6, 9, 17, 18, 17, 11, 8, 18, 1, 11, 19, 19, 4, 7, 15, 5, 6, 3, 1, 16, 5, 20, 2, 1, 10, 10, 5, 18, 1, 5, 18, 3, 4, 8, 15, 6, 10, 8, 5, 4, 16, 10, 12, 1, 8, 2, 3, 7, 9, 6, 10, 12, 12, 15, 13, 18, 16, 18, 14]
bestever    3392    in generation 4
[13, 7, 1, 14, 10, 1, 6, 9, 8, 2, 17, 7, 11, 6, 14, 13, 9, 13, 20, 2, 19, 6, 5, 18, 13, 5, 20, 15, 15, 12, 19, 11, 17, 20, 3, 2, 3, 11, 16, 12, 19, 8, 20, 4, 7, 17, 16, 3, 7, 9, 10, 9, 2, 17, 18, 12, 9, 7, 13, 2, 11, 12, 20, 14, 14, 19, 5, 7, 10, 9, 15, 16, 20, 11, 14, 1, 18, 14, 3, 9, 11, 16, 4, 13, 10, 19, 2, 12, 5, 17, 4, 19, 9, 13, 15, 14, 6, 4, 14, 12, 3, 2, 16, 3, 13, 11, 11, 1, 2, 8, 19, 16, 18, 13, 7, 5, 20, 6, 3, 4, 20, 8, 12, 20, 7, 15, 4, 19, 17, 16, 15, 10, 8, 17, 1, 17, 6, 15, 8, 4, 14, 6, 9, 17, 18, 17, 11, 8, 18, 1, 11, 19, 19, 4, 7, 15, 5, 6, 3, 1, 16, 5, 20, 2, 1, 10, 10, 5, 18, 1, 5, 18, 3, 4, 8, 15, 6, 10, 8, 5, 4, 16, 10, 12, 1, 8, 2, 3, 7, 9, 6, 10, 12, 12, 15, 13, 18, 16, 18, 14]
bestever    3371    in generation 5
[13, 7, 1, 14, 10, 1, 6, 9, 8, 2, 17, 7, 11, 6, 14, 13, 9, 13, 20, 2, 19, 6, 5, 18, 13, 5, 20, 15, 15, 12, 19, 11, 17, 20, 3, 2, 3, 11, 16, 12, 19, 8, 20, 4, 7, 17, 16, 3, 7, 9, 10, 9, 2, 17, 18, 12, 9, 7, 13, 2, 11, 12, 20, 14, 14, 19, 5, 7, 10, 9, 15, 20, 20, 11, 14, 1, 18, 14, 3, 9, 11, 16, 4, 13, 10, 19, 2, 12, 5, 17, 4, 19, 9, 13, 15, 14, 6, 4, 14, 12, 3, 2, 16, 3, 13, 11, 11, 1, 2, 8, 19, 16, 18, 13, 7, 5, 20, 6, 3, 4, 20, 8, 12, 20, 7, 15, 4, 19, 17, 16, 15, 10, 8, 17, 1, 17, 6, 15, 8, 4, 14, 6, 9, 17, 18, 17, 11, 8, 18, 1, 11, 19, 19, 4, 7, 15, 5, 6, 3, 1, 16, 5, 16, 2, 1, 10, 10, 5, 18, 1, 5, 18, 3, 4, 8, 15, 6, 10, 8, 5, 4, 16, 10, 12, 1, 8, 2, 3, 7, 9, 6, 10, 12, 12, 15, 13, 18, 16, 18, 14]
bestever    3327    in generation 6
[13, 7, 1, 14, 10, 1, 6, 9, 8, 2, 17, 7, 11, 6, 14, 13, 9, 13, 20, 2, 19, 6, 5, 18, 13, 5, 20, 15, 15, 12, 19, 11, 17, 20, 3, 2, 3, 11, 16, 12, 19, 8, 20, 4, 7, 17, 16, 3, 7, 9, 10, 9, 2, 17, 18, 12, 9, 7, 13, 2, 11, 12, 20, 14, 14, 19, 5, 7, 10, 9, 15, 7, 20, 11, 14, 1, 18, 14, 3, 9, 11, 16, 4, 13, 10, 19, 2, 12, 5, 17, 4, 19, 9, 13, 15, 14, 6, 4, 14, 12, 3, 2, 16, 3, 13, 11, 11, 1, 2, 8, 19, 16, 18, 13, 7, 5, 20, 6, 3, 4, 20, 8, 12, 20, 7, 15, 4, 19, 17, 16, 15, 10, 8, 17, 1, 17, 6, 15, 8, 4, 14, 6, 9, 17, 18, 17, 11, 8, 18, 1, 11, 19, 19, 4, 16, 15, 5, 6, 3, 1, 16, 5, 20, 2, 1, 10, 10, 5, 18, 1, 5, 18, 3, 4, 8, 15, 6, 10, 8, 5, 4, 16, 10, 12, 1, 8, 2, 3, 7, 9, 6, 10, 12, 12, 15, 13, 18, 16, 18, 14]
bestever    3311    in generation 8
[13, 7, 1, 14, 4, 1, 6, 9, 8, 2, 17, 7, 11, 6, 14, 13, 9, 13, 20, 2, 19, 6, 5, 18, 13, 5, 20, 15, 15, 12, 19, 11, 17, 20, 3, 2, 3, 11, 16, 12, 19, 8, 20, 4, 7, 17, 16, 3, 7, 9, 10, 9, 2, 17, 18, 12, 9, 7, 13, 2, 11, 12, 20, 14, 14, 19, 5, 7, 10, 9, 15, 7, 20, 11, 14, 1, 18, 14, 3, 9, 11, 16, 4, 13, 10, 19, 2, 12, 5, 17, 4, 19, 9, 13, 15, 14, 6, 4, 14, 12, 3, 2, 16, 3, 13, 11, 11, 1, 2, 8, 19, 16, 18, 13, 7, 5, 20, 6, 3, 4, 20, 8, 12, 20, 7, 15, 4, 19, 17, 16, 15, 10, 8, 17, 1, 17, 6, 15, 8, 4, 14, 6, 9, 17, 18, 17, 11, 8, 18, 1, 11, 19, 19, 4, 16, 15, 5, 6, 3, 1, 16, 5, 20, 2, 1, 10, 10, 5, 18, 1, 5, 18, 3, 4, 8, 15, 6, 10, 8, 5, 10, 16, 10, 12, 1, 8, 2, 3, 7, 9, 6, 10, 12, 12, 15, 13, 18, 16, 18, 14]
bestever    3275    in generation 10
[13, 7, 1, 14, 4, 1, 6, 9, 8, 2, 17, 7, 11, 6, 14, 13, 9, 13, 20, 2, 19, 6, 5, 18, 13, 5, 20, 15, 15, 12, 19, 11, 17, 20, 3, 2, 3, 11, 16, 12, 19, 8, 20, 4, 7, 17, 16, 3, 7, 9, 10, 9, 2, 17, 18, 12, 9, 7, 13, 2, 11, 12, 20, 14, 14, 19, 5, 7, 10, 9, 15, 7, 20, 11, 14, 1, 18, 14, 3, 9, 11, 16, 4, 13, 10, 19, 2, 12, 5, 17, 4, 19, 9, 13, 15, 14, 6, 4, 14, 12, 3, 2, 16, 3, 13, 11, 11, 1, 2, 8, 19, 16, 18, 13, 7, 5, 20, 9, 3, 4, 20, 8, 12, 20, 7, 15, 4, 19, 17, 16, 15, 10, 8, 17, 1, 17, 6, 15, 8, 4, 14, 6, 6, 17, 18, 17, 11, 8, 18, 1, 11, 19, 19, 4, 16, 15, 5, 6, 3, 1, 16, 5, 20, 2, 1, 10, 10, 5, 18, 1, 5, 18, 3, 4, 8, 15, 6, 10, 8, 5, 10, 16, 10, 12, 1, 8, 2, 3, 7, 9, 6, 10, 12, 12, 15, 13, 18, 16, 18, 14]
bestever    3205    in generation 11
[13, 7, 1, 14, 4, 1, 6, 9, 8, 2, 17, 7, 11, 6, 14, 13, 9, 13, 20, 2, 19, 6, 5, 18, 13, 5, 20, 15, 15, 12, 19, 11, 17, 20, 3, 2, 3, 11, 16, 12, 19, 8, 20, 4, 7, 17, 16, 3, 7, 9, 10, 9, 2, 17, 18, 12, 9, 7, 13, 2, 11, 12, 20, 14, 20, 19, 5, 7, 10, 9, 15, 7, 20, 11, 14, 1, 18, 14, 3, 9, 11, 16, 4, 13, 10, 19, 2, 12, 5, 17, 4, 19, 9, 13, 15, 14, 6, 4, 14, 12, 3, 2, 16, 3, 13, 11, 11, 1, 2, 8, 19, 16, 18, 13, 7, 5, 20, 9, 3, 4, 20, 8, 12, 14, 7, 15, 4, 19, 17, 16, 15, 10, 8, 17, 1, 17, 6, 15, 8, 4, 14, 6, 6, 17, 18, 17, 11, 8, 18, 1, 11, 19, 19, 4, 16, 15, 5, 6, 3, 1, 16, 5, 20, 2, 1, 10, 10, 5, 18, 1, 5, 18, 3, 4, 8, 15, 6, 10, 8, 5, 10, 16, 10, 12, 1, 8, 2, 3, 7, 9, 6, 10, 12, 12, 15, 13, 18, 16, 18, 14]
bestever    3165    in generation 13
[13, 7, 1, 14, 4, 1, 6, 9, 8, 2, 17, 7, 11, 6, 14, 13, 9, 13, 20, 2, 19, 6, 5, 18, 13, 5, 20, 6, 15, 12, 19, 11, 17, 20, 3, 2, 3, 11, 16, 12, 19, 8, 20, 4, 7, 17, 16, 3, 7, 9, 10, 9, 2, 17, 18, 12, 9, 7, 13, 2, 11, 12, 20, 14, 20, 19, 5, 7, 10, 9, 15, 7, 20, 11, 14, 1, 18, 14, 3, 9, 11, 16, 4, 13, 10, 19, 2, 12, 5, 17, 4, 19, 9, 13, 15, 14, 6, 4, 14, 12, 3, 2, 16, 3, 13, 11, 11, 1, 2, 8, 19, 16, 18, 13, 7, 5, 20, 9, 3, 4, 20, 8, 12, 14, 7, 15, 4, 19, 17, 16, 15, 10, 8, 17, 1, 17, 6, 15, 8, 4, 14, 15, 6, 17, 18, 17, 11, 8, 18, 1, 11, 19, 19, 4, 16, 15, 5, 6, 3, 1, 16, 5, 20, 2, 1, 10, 10, 5, 18, 1, 5, 18, 3, 4, 8, 15, 6, 10, 8, 5, 10, 16, 10, 12, 1, 8, 2, 3, 7, 9, 6, 10, 12, 12, 15, 13, 18, 16, 18, 14]
bestever    3104    in generation 14
[13, 7, 6, 14, 4, 1, 6, 9, 8, 2, 17, 7, 11, 6, 14, 13, 9, 13, 20, 2, 19, 6, 5, 18, 13, 5, 20, 6, 15, 12, 19, 11, 17, 20, 3, 2, 3, 11, 16, 12, 19, 8, 20, 4, 7, 17, 16, 3, 7, 9, 10, 9, 2, 17, 18, 12, 9, 7, 13, 2, 11, 12, 20, 14, 20, 19, 5, 7, 10, 9, 15, 7, 20, 11, 14, 1, 18, 14, 3, 9, 11, 16, 4, 13, 10, 19, 2, 12, 5, 17, 4, 19, 9, 13, 15, 14, 1, 4, 14, 12, 3, 2, 16, 3, 13, 11, 11, 1, 2, 8, 19, 16, 18, 13, 7, 5, 20, 9, 3, 4, 20, 8, 12, 14, 7, 15, 4, 19, 17, 16, 15, 10, 8, 17, 1, 17, 6, 15, 8, 4, 14, 15, 6, 17, 18, 17, 11, 8, 18, 1, 11, 19, 19, 4, 16, 15, 5, 6, 3, 1, 16, 5, 20, 2, 1, 10, 10, 5, 18, 1, 5, 18, 3, 4, 8, 15, 6, 10, 8, 5, 10, 16, 10, 12, 1, 8, 2, 3, 7, 9, 6, 10, 12, 12, 15, 13, 18, 16, 18, 14]
bestever    3015    in generation 16
[13, 7, 6, 14, 4, 1, 6, 9, 8, 2, 17, 7, 11, 6, 14, 13, 9, 13, 20, 2, 19, 6, 5, 18, 13, 5, 20, 6, 15, 12, 19, 11, 17, 20, 3, 2, 3, 11, 16, 12, 19, 8, 20, 4, 7, 17, 16, 2, 7, 9, 10, 9, 2, 17, 18, 12, 9, 7, 13, 2, 11, 12, 20, 14, 20, 19, 5, 7, 10, 9, 15, 7, 20, 11, 14, 1, 18, 14, 3, 9, 11, 16, 4, 13, 10, 19, 3, 12, 5, 17, 4, 19, 9, 13, 15, 14, 1, 4, 14, 12, 3, 2, 16, 3, 13, 11, 11, 1, 2, 8, 19, 16, 18, 13, 7, 5, 20, 9, 3, 4, 20, 8, 12, 14, 7, 15, 4, 19, 17, 16, 15, 10, 8, 17, 1, 17, 6, 15, 8, 4, 14, 15, 6, 17, 18, 17, 11, 8, 18, 1, 11, 19, 19, 4, 16, 15, 5, 6, 3, 1, 16, 5, 20, 2, 1, 10, 10, 5, 18, 1, 5, 18, 3, 4, 8, 15, 6, 10, 8, 5, 10, 16, 10, 12, 1, 8, 2, 3, 7, 9, 6, 10, 12, 12, 15, 13, 18, 16, 18, 14]
bestever    2992    in generation 18
[13, 7, 6, 14, 4, 1, 6, 9, 8, 2, 17, 7, 11, 6, 14, 13, 9, 13, 20, 2, 19, 6, 5, 18, 13, 5, 20, 6, 15, 12, 19, 11, 17, 20, 3, 2, 3, 20, 16, 12, 19, 8, 20, 4, 7, 17, 16, 2, 7, 9, 10, 9, 2, 17, 18, 12, 9, 7, 13, 2, 11, 12, 20, 14, 11, 19, 5, 7, 10, 9, 15, 7, 20, 11, 14, 1, 18, 14, 3, 9, 11, 16, 4, 13, 10, 19, 3, 12, 5, 17, 4, 19, 9, 13, 15, 14, 1, 4, 14, 12, 3, 2, 16, 3, 13, 11, 11, 1, 2, 8, 19, 16, 18, 13, 7, 5, 20, 9, 3, 4, 20, 8, 12, 14, 7, 15, 4, 19, 17, 16, 15, 10, 8, 17, 1, 17, 6, 15, 8, 4, 14, 15, 6, 17, 18, 17, 11, 8, 18, 1, 11, 19, 19, 4, 16, 15, 5, 6, 3, 1, 16, 5, 20, 2, 1, 10, 10, 5, 18, 1, 5, 18, 3, 4, 8, 15, 6, 10, 8, 5, 10, 16, 10, 12, 1, 8, 2, 3, 7, 9, 6, 10, 12, 12, 15, 13, 18, 16, 18, 14]
bestever    2949    in generation 20
[13, 7, 6, 14, 4, 1, 6, 9, 8, 2, 17, 7, 11, 6, 14, 13, 9, 13, 20, 2, 19, 6, 5, 18, 13, 5, 20, 6, 15, 12, 19, 11, 17, 20, 3, 2, 3, 20, 16, 12, 19, 8, 20, 4, 7, 17, 16, 2, 7, 9, 10, 9, 2, 17, 18, 12, 9, 7, 13, 2, 11, 12, 20, 14, 11, 19, 5, 7, 10, 9, 15, 7, 20, 11, 14, 1, 18, 14, 3, 9, 11, 16, 4, 13, 10, 19, 3, 12, 5, 17, 4, 19, 9, 13, 15, 14, 1, 4, 14, 12, 3, 2, 16, 3, 13, 11, 11, 1, 2, 8, 19, 16, 18, 13, 7, 5, 20, 9, 3, 4, 20, 8, 12, 14, 7, 15, 17, 19, 17, 16, 15, 10, 8, 4, 1, 17, 6, 15, 8, 4, 14, 15, 6, 17, 18, 17, 11, 8, 18, 1, 11, 19, 19, 4, 16, 15, 5, 6, 3, 1, 16, 5, 20, 2, 1, 10, 10, 5, 18, 1, 5, 18, 3, 4, 8, 15, 6, 10, 8, 5, 10, 16, 10, 12, 1, 8, 2, 3, 7, 9, 6, 10, 12, 12, 15, 13, 18, 16, 18, 14]
bestever    2934    in generation 22
[13, 7, 6, 14, 4, 1, 6, 9, 8, 2, 17, 7, 14, 6, 14, 13, 9, 13, 20, 2, 19, 6, 5, 18, 13, 5, 20, 6, 15, 12, 19, 11, 17, 20, 3, 2, 3, 20, 16, 12, 19, 8, 20, 4, 7, 17, 16, 2, 7, 9, 10, 9, 2, 17, 18, 12, 9, 7, 13, 2, 11, 12, 20, 14, 11, 19, 5, 7, 10, 9, 15, 7, 20, 11, 14, 1, 18, 14, 3, 9, 11, 16, 4, 13, 10, 19, 3, 12, 5, 17, 4, 19, 9, 13, 15, 14, 1, 4, 11, 12, 3, 2, 16, 3, 13, 11, 11, 1, 2, 8, 19, 16, 18, 13, 7, 5, 20, 9, 3, 4, 20, 8, 12, 14, 7, 15, 17, 19, 17, 16, 15, 10, 8, 4, 1, 17, 6, 15, 8, 4, 14, 15, 6, 17, 18, 17, 11, 8, 18, 1, 11, 19, 19, 4, 16, 15, 5, 6, 3, 1, 16, 5, 20, 2, 1, 10, 10, 5, 18, 1, 5, 18, 3, 4, 8, 15, 6, 10, 8, 5, 10, 16, 10, 12, 1, 8, 2, 3, 7, 9, 6, 10, 12, 12, 15, 13, 18, 16, 18, 14]
bestever    2882    in generation 26
[13, 7, 6, 14, 4, 1, 6, 9, 8, 2, 17, 7, 14, 6, 14, 13, 9, 13, 20, 2, 19, 6, 5, 18, 13, 5, 20, 6, 15, 12, 19, 11, 17, 20, 3, 2, 11, 20, 16, 12, 19, 8, 20, 4, 7, 17, 16, 2, 7, 9, 10, 9, 2, 17, 18, 12, 9, 7, 13, 2, 11, 12, 20, 14, 11, 19, 5, 7, 10, 9, 15, 7, 20, 3, 14, 1, 18, 14, 3, 9, 11, 16, 4, 13, 10, 19, 3, 12, 5, 17, 4, 19, 9, 13, 15, 14, 1, 4, 11, 12, 3, 2, 16, 3, 13, 11, 11, 1, 2, 8, 19, 16, 18, 13, 7, 5, 20, 9, 3, 4, 20, 8, 12, 14, 7, 15, 17, 19, 17, 16, 15, 10, 8, 4, 1, 17, 6, 15, 8, 4, 14, 15, 6, 17, 18, 17, 11, 8, 18, 1, 11, 19, 19, 4, 16, 15, 5, 6, 3, 1, 16, 5, 20, 2, 1, 10, 10, 5, 18, 1, 5, 18, 3, 4, 8, 15, 6, 10, 8, 5, 10, 16, 10, 12, 1, 8, 2, 3, 7, 9, 6, 10, 12, 12, 15, 13, 18, 16, 18, 14]
bestever    2810    in generation 30
[13, 7, 6, 14, 4, 1, 6, 9, 8, 2, 17, 7, 14, 6, 14, 13, 9, 13, 20, 2, 19, 6, 5, 18, 13, 5, 20, 6, 15, 12, 19, 11, 17, 20, 3, 2, 11, 20, 16, 12, 14, 8, 20, 4, 7, 17, 16, 2, 7, 9, 10, 9, 2, 17, 18, 12, 9, 7, 13, 2, 11, 12, 20, 14, 11, 19, 5, 7, 10, 9, 15, 7, 20, 3, 14, 1, 18, 19, 3, 9, 11, 16, 4, 13, 10, 19, 3, 12, 5, 17, 4, 19, 9, 13, 15, 14, 1, 4, 11, 12, 3, 2, 16, 3, 13, 11, 11, 1, 2, 8, 19, 16, 18, 13, 7, 5, 20, 9, 3, 4, 20, 8, 12, 14, 7, 15, 17, 19, 17, 16, 15, 10, 8, 4, 1, 17, 6, 15, 8, 4, 14, 15, 6, 17, 18, 17, 11, 8, 18, 1, 11, 19, 19, 4, 16, 15, 5, 6, 3, 1, 16, 5, 20, 2, 1, 10, 10, 5, 18, 1, 5, 18, 3, 4, 8, 15, 6, 10, 8, 5, 10, 16, 10, 12, 1, 8, 2, 3, 7, 9, 6, 10, 12, 12, 15, 13, 18, 16, 18, 14]
bestever    2807    in generation 33
[13, 7, 6, 14, 4, 1, 6, 9, 8, 2, 17, 7, 14, 6, 14, 13, 9, 13, 20, 2, 19, 6, 5, 18, 13, 5, 20, 6, 15, 12, 19, 11, 17, 20, 3, 2, 11, 20, 16, 12, 14, 8, 20, 4, 7, 17, 16, 2, 7, 9, 10, 9, 2, 17, 18, 12, 9, 7, 13, 2, 11, 12, 20, 14, 11, 19, 5, 7, 10, 9, 15, 7, 20, 3, 14, 1, 18, 19, 3, 9, 11, 16, 4, 13, 10, 19, 3, 12, 5, 17, 4, 19, 9, 13, 15, 14, 1, 4, 11, 12, 3, 2, 16, 3, 13, 11, 11, 1, 2, 8, 19, 16, 18, 13, 7, 5, 20, 9, 3, 4, 20, 8, 12, 14, 7, 15, 17, 19, 17, 16, 15, 10, 8, 4, 1, 17, 6, 15, 8, 4, 14, 15, 6, 17, 18, 17, 11, 8, 13, 1, 11, 19, 19, 4, 16, 15, 5, 6, 3, 1, 16, 5, 20, 2, 1, 10, 10, 5, 18, 1, 5, 18, 3, 4, 8, 15, 6, 10, 8, 5, 10, 16, 10, 12, 1, 8, 2, 3, 7, 9, 6, 10, 12, 12, 15, 18, 18, 16, 18, 14]
bestever    2779    in generation 34
[13, 7, 6, 14, 4, 1, 6, 9, 8, 2, 17, 7, 14, 6, 14, 13, 9, 13, 20, 2, 19, 6, 5, 18, 13, 5, 20, 6, 15, 12, 19, 11, 17, 20, 3, 2, 11, 9, 16, 12, 14, 8, 20, 4, 7, 17, 16, 2, 7, 20, 10, 9, 2, 17, 18, 12, 9, 7, 13, 2, 11, 12, 20, 14, 11, 19, 5, 7, 10, 9, 15, 7, 20, 3, 14, 1, 18, 19, 3, 9, 11, 16, 4, 13, 10, 19, 3, 12, 5, 17, 4, 19, 9, 13, 15, 14, 1, 4, 11, 12, 3, 2, 16, 3, 13, 11, 11, 1, 2, 8, 19, 16, 18, 13, 7, 5, 20, 9, 3, 4, 20, 8, 12, 14, 7, 15, 17, 19, 17, 16, 15, 10, 8, 4, 1, 17, 6, 15, 8, 4, 14, 15, 6, 17, 18, 17, 11, 8, 13, 1, 11, 19, 19, 4, 16, 15, 5, 6, 3, 1, 16, 5, 20, 2, 1, 10, 10, 5, 18, 1, 5, 18, 3, 4, 8, 15, 6, 10, 8, 5, 10, 16, 10, 12, 1, 8, 2, 3, 7, 9, 6, 10, 12, 12, 15, 18, 18, 16, 18, 14]
bestever    2768    in generation 35
[13, 7, 6, 14, 4, 1, 6, 9, 8, 2, 17, 7, 14, 6, 14, 13, 9, 13, 20, 2, 19, 6, 5, 18, 13, 5, 20, 6, 15, 12, 19, 11, 17, 20, 3, 2, 11, 20, 16, 12, 14, 8, 20, 1, 7, 17, 16, 2, 7, 9, 10, 9, 2, 17, 18, 12, 9, 7, 13, 2, 11, 12, 20, 14, 11, 19, 5, 7, 10, 9, 15, 7, 20, 3, 14, 1, 18, 19, 3, 9, 11, 16, 4, 13, 10, 19, 3, 12, 5, 17, 4, 19, 9, 13, 15, 14, 1, 4, 11, 12, 3, 2, 16, 3, 13, 11, 11, 1, 2, 8, 19, 16, 18, 13, 7, 5, 20, 9, 3, 4, 20, 8, 12, 14, 7, 15, 17, 19, 17, 16, 15, 10, 8, 4, 1, 17, 6, 15, 8, 4, 14, 15, 6, 17, 18, 17, 11, 8, 13, 1, 11, 19, 19, 4, 16, 15, 5, 6, 3, 1, 16, 5, 20, 2, 1, 10, 10, 5, 18, 1, 5, 18, 3, 4, 8, 15, 6, 10, 8, 5, 10, 16, 10, 12, 4, 8, 2, 3, 7, 9, 6, 10, 12, 12, 15, 18, 18, 16, 18, 14]
bestever    2732    in generation 45
[13, 7, 6, 14, 4, 8, 6, 9, 8, 2, 17, 7, 14, 6, 14, 13, 9, 13, 20, 2, 19, 6, 5, 18, 13, 5, 20, 6, 15, 12, 19, 11, 17, 20, 3, 2, 11, 20, 16, 12, 14, 1, 20, 1, 7, 17, 16, 2, 7, 9, 10, 9, 2, 17, 18, 12, 9, 7, 13, 2, 11, 12, 20, 14, 11, 19, 5, 7, 10, 9, 15, 7, 20, 3, 14, 1, 18, 19, 3, 9, 11, 16, 4, 13, 10, 19, 3, 12, 5, 17, 4, 19, 9, 13, 15, 14, 1, 4, 11, 12, 3, 2, 16, 3, 13, 11, 11, 1, 2, 8, 19, 16, 18, 13, 7, 5, 20, 9, 3, 4, 20, 8, 12, 14, 7, 15, 17, 19, 17, 16, 15, 10, 8, 4, 1, 17, 6, 15, 8, 4, 14, 15, 6, 17, 18, 17, 11, 8, 13, 1, 11, 19, 19, 4, 16, 15, 5, 6, 3, 1, 16, 5, 20, 2, 1, 10, 10, 5, 18, 1, 5, 18, 3, 4, 8, 15, 6, 10, 8, 5, 10, 16, 10, 12, 4, 8, 2, 3, 7, 9, 6, 10, 12, 12, 15, 18, 18, 16, 18, 14]
bestever    2672    in generation 47
[13, 7, 6, 14, 13, 8, 6, 9, 8, 2, 17, 7, 14, 6, 14, 13, 9, 13, 20, 2, 19, 6, 5, 18, 13, 5, 20, 6, 15, 12, 19, 11, 17, 20, 3, 2, 11, 20, 16, 12, 14, 1, 20, 1, 7, 17, 16, 2, 7, 9, 10, 9, 2, 17, 18, 12, 9, 7, 13, 2, 11, 12, 20, 14, 11, 19, 5, 7, 10, 9, 15, 7, 20, 3, 14, 1, 18, 19, 3, 9, 11, 16, 4, 4, 10, 19, 3, 12, 5, 17, 4, 19, 9, 13, 15, 14, 1, 4, 11, 12, 3, 2, 16, 3, 13, 11, 11, 1, 2, 8, 19, 16, 18, 13, 7, 5, 20, 9, 3, 4, 20, 8, 12, 14, 7, 15, 17, 19, 17, 16, 15, 10, 8, 4, 1, 17, 6, 15, 8, 4, 14, 15, 6, 17, 18, 17, 11, 8, 13, 1, 11, 19, 19, 4, 16, 15, 5, 6, 3, 1, 16, 5, 20, 2, 1, 10, 10, 5, 18, 1, 5, 18, 3, 4, 8, 15, 6, 10, 8, 5, 10, 16, 10, 12, 4, 8, 2, 3, 7, 9, 6, 10, 12, 12, 15, 18, 18, 16, 18, 14]
bestever    2637    in generation 48
[13, 7, 6, 14, 13, 8, 6, 9, 8, 2, 17, 7, 14, 6, 14, 13, 9, 13, 20, 2, 19, 6, 5, 18, 13, 5, 20, 6, 2, 12, 19, 11, 17, 20, 3, 2, 11, 20, 16, 12, 14, 1, 20, 1, 7, 17, 16, 2, 7, 9, 10, 9, 2, 17, 18, 12, 9, 7, 13, 2, 11, 12, 20, 14, 11, 19, 5, 7, 10, 9, 15, 7, 20, 3, 14, 1, 18, 19, 3, 9, 11, 16, 4, 4, 10, 19, 3, 12, 5, 17, 4, 19, 9, 13, 15, 14, 1, 4, 11, 12, 3, 2, 16, 3, 13, 11, 11, 1, 15, 8, 19, 16, 18, 13, 7, 5, 20, 9, 3, 4, 20, 8, 12, 14, 7, 15, 17, 19, 17, 16, 15, 10, 8, 4, 1, 17, 6, 15, 8, 4, 14, 15, 6, 17, 18, 17, 11, 8, 13, 1, 11, 19, 19, 4, 16, 15, 5, 6, 3, 1, 16, 5, 20, 2, 1, 10, 10, 5, 18, 1, 5, 18, 3, 4, 8, 15, 6, 10, 8, 5, 10, 16, 10, 12, 4, 8, 2, 3, 7, 9, 6, 10, 12, 12, 15, 18, 18, 16, 18, 14]
bestever    2631    in generation 50
[13, 7, 6, 14, 13, 8, 6, 9, 8, 2, 17, 7, 14, 6, 14, 13, 9, 13, 20, 2, 19, 6, 5, 18, 13, 5, 20, 6, 2, 12, 19, 11, 17, 20, 3, 2, 11, 20, 16, 12, 14, 1, 20, 1, 7, 17, 16, 2, 7, 9, 10, 9, 2, 17, 18, 12, 9, 7, 13, 2, 11, 12, 20, 14, 11, 19, 5, 7, 10, 9, 15, 7, 20, 3, 14, 1, 18, 19, 3, 9, 11, 16, 4, 4, 10, 19, 3, 12, 5, 17, 4, 19, 9, 13, 15, 14, 1, 4, 11, 12, 3, 2, 16, 3, 13, 11, 11, 1, 15, 8, 19, 16, 18, 13, 7, 5, 20, 9, 3, 4, 20, 8, 12, 14, 7, 15, 17, 19, 17, 16, 15, 10, 8, 4, 1, 17, 6, 15, 8, 4, 14, 15, 6, 17, 18, 17, 11, 8, 13, 1, 11, 19, 19, 4, 16, 15, 5, 6, 3, 1, 16, 5, 20, 2, 1, 10, 10, 3, 18, 1, 5, 18, 3, 4, 8, 15, 6, 10, 8, 5, 10, 16, 10, 12, 4, 8, 2, 5, 7, 9, 6, 10, 12, 12, 15, 18, 18, 16, 18, 14]
bestever    2601    in generation 54
[13, 7, 6, 14, 13, 8, 6, 9, 8, 2, 17, 7, 14, 6, 14, 20, 9, 13, 20, 2, 19, 6, 5, 18, 13, 5, 13, 6, 2, 12, 19, 11, 17, 20, 3, 2, 11, 20, 16, 12, 14, 1, 20, 1, 7, 17, 16, 2, 7, 9, 10, 9, 2, 17, 18, 12, 9, 7, 13, 2, 11, 12, 20, 14, 11, 19, 5, 7, 10, 9, 15, 7, 20, 3, 14, 1, 18, 19, 3, 9, 11, 16, 4, 4, 10, 19, 3, 12, 5, 17, 4, 19, 9, 13, 15, 14, 1, 4, 11, 12, 3, 2, 16, 3, 13, 11, 11, 1, 15, 8, 19, 16, 18, 13, 7, 5, 20, 9, 3, 4, 20, 8, 12, 14, 7, 15, 17, 19, 17, 16, 15, 10, 8, 4, 1, 17, 6, 15, 8, 4, 14, 15, 6, 17, 18, 17, 11, 8, 13, 1, 11, 19, 19, 4, 16, 15, 5, 6, 3, 1, 16, 5, 20, 2, 1, 10, 10, 3, 18, 1, 5, 18, 3, 4, 8, 15, 6, 10, 8, 5, 10, 16, 10, 12, 4, 8, 2, 5, 7, 9, 6, 10, 12, 12, 15, 18, 18, 16, 18, 14]
bestever    2575    in generation 68
[13, 7, 6, 14, 13, 8, 6, 9, 8, 2, 17, 7, 14, 6, 14, 20, 9, 13, 20, 2, 19, 6, 5, 18, 13, 5, 13, 6, 2, 12, 19, 11, 17, 20, 3, 9, 11, 20, 16, 12, 14, 1, 20, 1, 7, 17, 16, 2, 7, 2, 10, 9, 2, 17, 18, 12, 9, 7, 13, 2, 11, 12, 20, 14, 11, 19, 5, 7, 10, 9, 15, 7, 20, 3, 14, 1, 18, 19, 3, 9, 11, 16, 4, 4, 10, 19, 3, 12, 5, 17, 4, 19, 9, 13, 15, 14, 1, 4, 11, 12, 3, 2, 16, 3, 13, 11, 11, 1, 15, 8, 19, 16, 18, 13, 7, 5, 20, 9, 3, 4, 20, 8, 12, 14, 7, 15, 17, 19, 17, 16, 15, 10, 8, 4, 1, 17, 6, 15, 8, 4, 14, 15, 6, 17, 18, 17, 11, 8, 13, 1, 11, 19, 19, 4, 16, 15, 5, 6, 3, 1, 16, 5, 20, 2, 1, 10, 10, 3, 18, 1, 5, 18, 3, 4, 8, 15, 6, 10, 8, 5, 10, 16, 10, 12, 4, 8, 2, 5, 7, 9, 6, 10, 12, 12, 15, 18, 18, 16, 18, 14]
bestever    2476    in generation 69
[13, 7, 6, 14, 13, 8, 6, 9, 8, 2, 17, 7, 14, 6, 14, 20, 9, 13, 20, 2, 19, 6, 5, 18, 13, 5, 13, 6, 2, 12, 19, 11, 17, 20, 3, 9, 11, 20, 16, 12, 14, 1, 20, 1, 7, 17, 16, 2, 7, 2, 10, 9, 2, 17, 18, 12, 9, 7, 13, 2, 11, 12, 20, 14, 11, 19, 5, 7, 10, 9, 15, 7, 20, 3, 14, 1, 18, 19, 3, 9, 11, 16, 4, 4, 10, 19, 3, 12, 5, 17, 4, 19, 9, 13, 15, 14, 1, 4, 11, 12, 3, 2, 16, 3, 13, 11, 11, 1, 9, 8, 19, 16, 18, 13, 7, 5, 20, 9, 3, 4, 20, 8, 12, 14, 7, 15, 17, 19, 17, 16, 15, 10, 8, 4, 1, 17, 6, 15, 8, 4, 14, 15, 6, 17, 18, 17, 11, 8, 13, 1, 11, 19, 19, 4, 16, 15, 5, 6, 3, 1, 16, 5, 20, 2, 1, 10, 10, 3, 18, 1, 5, 18, 3, 4, 8, 15, 6, 10, 8, 5, 10, 16, 10, 12, 4, 8, 2, 5, 7, 15, 6, 10, 12, 12, 15, 18, 18, 16, 18, 14]
bestever    2472    in generation 72
[13, 7, 6, 14, 13, 8, 6, 9, 8, 2, 17, 7, 14, 6, 14, 20, 9, 13, 20, 2, 19, 6, 5, 18, 13, 5, 13, 6, 2, 12, 19, 11, 17, 20, 3, 9, 11, 20, 16, 12, 14, 1, 20, 1, 7, 17, 16, 2, 7, 2, 10, 9, 2, 17, 18, 12, 9, 4, 13, 2, 11, 12, 20, 14, 11, 19, 5, 7, 10, 9, 6, 7, 20, 3, 14, 1, 18, 19, 3, 9, 11, 16, 4, 4, 10, 19, 3, 12, 5, 17, 7, 19, 9, 13, 15, 14, 1, 4, 11, 12, 3, 2, 16, 3, 13, 11, 11, 1, 9, 8, 19, 16, 18, 13, 7, 5, 20, 9, 3, 4, 20, 8, 12, 14, 7, 15, 17, 19, 17, 16, 15, 10, 8, 4, 1, 17, 6, 15, 8, 4, 14, 15, 6, 17, 18, 17, 11, 8, 13, 1, 11, 19, 19, 4, 16, 15, 5, 6, 3, 1, 16, 5, 20, 2, 1, 10, 10, 3, 18, 1, 5, 18, 3, 4, 8, 15, 6, 10, 8, 5, 10, 16, 10, 12, 4, 8, 2, 5, 7, 15, 15, 10, 12, 12, 15, 18, 18, 16, 18, 14]
bestever    2466    in generation 76
[13, 7, 6, 14, 13, 8, 6, 9, 8, 2, 17, 7, 14, 6, 14, 20, 9, 13, 20, 2, 19, 6, 5, 18, 13, 5, 13, 6, 2, 12, 19, 11, 17, 20, 3, 9, 11, 20, 16, 12, 14, 1, 20, 1, 7, 17, 16, 2, 7, 2, 10, 9, 2, 17, 18, 12, 9, 4, 13, 2, 11, 12, 20, 14, 11, 19, 5, 7, 10, 9, 6, 7, 20, 3, 14, 1, 18, 19, 3, 9, 11, 16, 4, 4, 10, 19, 3, 12, 5, 17, 7, 19, 9, 13, 15, 14, 1, 4, 11, 12, 3, 2, 16, 3, 13, 11, 11, 1, 9, 8, 19, 16, 18, 13, 7, 7, 20, 9, 3, 4, 20, 8, 12, 14, 7, 15, 17, 19, 17, 16, 15, 10, 8, 4, 1, 17, 6, 15, 8, 4, 14, 15, 6, 17, 18, 17, 11, 8, 13, 1, 11, 19, 19, 4, 16, 15, 5, 6, 3, 1, 16, 5, 20, 2, 1, 10, 10, 3, 18, 1, 5, 18, 3, 4, 8, 15, 6, 10, 8, 5, 10, 16, 10, 12, 4, 8, 2, 5, 5, 15, 15, 10, 12, 12, 15, 18, 18, 16, 18, 14]
bestever    2464    in generation 80
[13, 7, 6, 14, 13, 8, 6, 9, 8, 2, 17, 7, 14, 6, 14, 20, 9, 13, 20, 2, 19, 6, 5, 18, 13, 5, 13, 6, 2, 12, 19, 11, 17, 20, 3, 9, 11, 20, 16, 12, 14, 1, 20, 1, 7, 17, 16, 2, 7, 2, 10, 9, 2, 17, 18, 12, 9, 4, 13, 2, 11, 12, 20, 14, 11, 19, 5, 7, 10, 9, 6, 7, 20, 3, 14, 1, 18, 19, 3, 9, 11, 16, 11, 4, 10, 19, 3, 12, 5, 17, 7, 19, 9, 13, 15, 14, 1, 4, 4, 12, 3, 2, 16, 3, 13, 11, 11, 1, 9, 8, 19, 16, 18, 13, 7, 7, 20, 9, 3, 4, 20, 8, 12, 14, 7, 15, 17, 19, 17, 16, 15, 10, 8, 4, 1, 17, 6, 15, 8, 4, 14, 15, 6, 17, 18, 17, 11, 8, 13, 1, 11, 19, 19, 4, 16, 15, 5, 6, 3, 1, 16, 5, 20, 2, 1, 10, 10, 3, 18, 1, 5, 18, 3, 4, 8, 15, 6, 10, 8, 5, 10, 16, 10, 12, 4, 8, 2, 5, 5, 15, 15, 10, 12, 12, 15, 18, 18, 16, 18, 14]
bestever    2435    in generation 88
[13, 7, 6, 14, 13, 14, 6, 9, 8, 2, 17, 7, 14, 6, 14, 20, 9, 13, 20, 2, 19, 6, 5, 18, 13, 5, 13, 6, 2, 12, 19, 11, 17, 20, 3, 9, 11, 20, 16, 12, 14, 1, 20, 1, 7, 17, 16, 2, 7, 2, 10, 9, 2, 17, 18, 12, 9, 4, 13, 2, 11, 12, 20, 14, 11, 19, 5, 7, 10, 9, 6, 7, 20, 3, 8, 1, 18, 19, 3, 9, 11, 16, 11, 4, 10, 19, 3, 12, 5, 17, 7, 19, 9, 13, 15, 14, 1, 4, 4, 12, 3, 2, 16, 3, 13, 11, 11, 1, 9, 8, 19, 16, 18, 13, 7, 7, 20, 9, 3, 4, 20, 8, 12, 14, 7, 15, 17, 19, 17, 16, 15, 10, 8, 4, 1, 17, 6, 15, 8, 4, 14, 15, 6, 17, 18, 17, 11, 8, 13, 1, 11, 19, 19, 4, 16, 15, 5, 6, 3, 1, 16, 5, 20, 2, 1, 10, 10, 3, 18, 1, 5, 18, 3, 4, 8, 15, 6, 10, 8, 5, 10, 16, 10, 12, 4, 8, 2, 5, 5, 15, 15, 10, 12, 12, 15, 18, 18, 16, 18, 14]
bestever    2416    in generation 91
[13, 7, 6, 14, 13, 14, 6, 9, 8, 2, 17, 7, 14, 6, 14, 20, 9, 13, 20, 2, 19, 6, 5, 18, 13, 5, 13, 6, 2, 12, 19, 11, 17, 20, 3, 9, 11, 20, 16, 12, 14, 1, 20, 1, 7, 17, 16, 2, 7, 2, 10, 9, 2, 17, 18, 12, 9, 4, 13, 2, 11, 12, 20, 14, 11, 19, 5, 7, 10, 9, 6, 7, 20, 3, 8, 1, 18, 19, 3, 9, 11, 16, 11, 4, 10, 19, 3, 12, 5, 17, 7, 19, 9, 13, 15, 14, 1, 4, 4, 12, 3, 2, 16, 3, 13, 11, 11, 19, 9, 8, 19, 16, 18, 13, 7, 7, 20, 9, 3, 4, 20, 8, 12, 14, 7, 15, 17, 19, 17, 16, 15, 10, 8, 4, 1, 17, 6, 15, 8, 4, 14, 15, 6, 17, 18, 17, 11, 8, 13, 1, 11, 19, 1, 4, 16, 15, 5, 6, 3, 1, 16, 5, 20, 2, 1, 10, 10, 3, 18, 1, 5, 18, 3, 4, 8, 15, 6, 10, 8, 5, 10, 16, 10, 12, 4, 8, 2, 5, 5, 15, 15, 10, 12, 12, 15, 18, 18, 16, 18, 14]
bestever    2395    in generation 92
[13, 7, 6, 14, 13, 14, 6, 9, 8, 2, 17, 7, 14, 6, 14, 20, 9, 13, 20, 2, 19, 6, 5, 18, 13, 5, 13, 6, 2, 12, 19, 11, 17, 20, 3, 9, 11, 20, 16, 12, 14, 1, 20, 1, 7, 17, 16, 2, 7, 2, 10, 9, 2, 17, 18, 12, 9, 4, 13, 2, 11, 12, 20, 14, 11, 19, 5, 7, 10, 9, 6, 7, 20, 3, 8, 1, 18, 19, 3, 9, 11, 16, 11, 4, 5, 19, 3, 12, 5, 17, 7, 19, 9, 13, 15, 14, 1, 4, 4, 12, 3, 2, 16, 3, 13, 11, 11, 19, 9, 8, 19, 16, 18, 13, 7, 7, 20, 9, 3, 4, 20, 8, 12, 14, 7, 15, 17, 19, 17, 16, 15, 10, 8, 4, 1, 17, 6, 15, 8, 4, 14, 15, 6, 17, 18, 17, 11, 8, 13, 1, 11, 19, 1, 4, 16, 15, 5, 6, 3, 1, 16, 5, 20, 2, 1, 10, 10, 3, 18, 1, 10, 18, 3, 4, 8, 15, 6, 10, 8, 5, 10, 16, 10, 12, 4, 8, 2, 5, 5, 15, 15, 10, 12, 12, 15, 18, 18, 16, 18, 14]
bestever    2386    in generation 93
[13, 7, 6, 14, 13, 14, 6, 9, 8, 2, 17, 7, 14, 6, 14, 20, 9, 13, 20, 2, 19, 6, 5, 18, 13, 5, 13, 6, 2, 12, 19, 11, 17, 20, 3, 9, 11, 20, 16, 12, 14, 1, 20, 1, 7, 17, 16, 2, 7, 2, 10, 9, 2, 17, 18, 12, 9, 4, 13, 2, 11, 12, 20, 14, 11, 19, 5, 7, 10, 9, 6, 7, 20, 17, 8, 1, 18, 19, 3, 9, 11, 16, 11, 4, 5, 19, 3, 12, 5, 17, 7, 19, 9, 13, 15, 14, 1, 4, 4, 12, 3, 2, 16, 3, 13, 11, 11, 19, 9, 8, 19, 16, 18, 13, 7, 7, 20, 9, 3, 4, 20, 8, 12, 14, 7, 15, 3, 19, 17, 16, 15, 10, 8, 4, 1, 17, 6, 15, 8, 4, 14, 15, 6, 17, 18, 17, 11, 8, 13, 1, 11, 19, 1, 4, 16, 15, 5, 6, 3, 1, 16, 5, 20, 2, 1, 10, 10, 3, 18, 1, 10, 18, 3, 4, 8, 15, 6, 10, 8, 5, 10, 16, 10, 12, 4, 8, 2, 5, 5, 15, 15, 10, 12, 12, 15, 18, 18, 16, 18, 14]
bestever    2380    in generation 97
[13, 7, 6, 14, 13, 14, 6, 9, 8, 2, 17, 7, 14, 6, 14, 20, 9, 13, 20, 2, 19, 6, 5, 18, 13, 5, 13, 6, 2, 12, 19, 11, 17, 20, 3, 9, 11, 20, 16, 12, 14, 1, 20, 1, 7, 17, 16, 2, 7, 2, 10, 9, 2, 17, 18, 12, 9, 4, 13, 2, 11, 12, 20, 14, 11, 19, 5, 7, 10, 9, 6, 7, 20, 17, 8, 1, 18, 19, 3, 9, 11, 16, 11, 4, 5, 19, 3, 12, 5, 17, 7, 19, 9, 13, 15, 14, 1, 4, 4, 12, 3, 2, 16, 3, 13, 11, 11, 19, 9, 8, 19, 16, 18, 13, 7, 7, 20, 9, 3, 4, 20, 8, 12, 14, 20, 15, 3, 19, 17, 16, 15, 10, 8, 4, 1, 17, 6, 15, 8, 4, 14, 15, 6, 17, 18, 17, 11, 8, 13, 1, 11, 19, 1, 4, 16, 15, 5, 6, 3, 1, 16, 5, 7, 2, 1, 10, 10, 3, 18, 1, 10, 18, 3, 4, 8, 15, 6, 10, 8, 5, 10, 16, 10, 12, 4, 8, 2, 5, 5, 15, 15, 10, 12, 12, 15, 18, 18, 16, 18, 14]
bestever    2360    in generation 100
[13, 7, 6, 14, 13, 14, 6, 9, 8, 2, 17, 7, 14, 6, 14, 20, 9, 13, 20, 2, 19, 6, 5, 18, 13, 5, 13, 6, 2, 12, 19, 11, 17, 20, 3, 9, 11, 20, 9, 12, 14, 1, 20, 1, 7, 17, 16, 2, 7, 2, 10, 9, 2, 17, 18, 12, 9, 4, 13, 2, 11, 12, 20, 14, 11, 19, 5, 7, 10, 9, 6, 7, 20, 17, 8, 1, 18, 19, 3, 9, 11, 16, 11, 4, 5, 19, 3, 12, 5, 17, 7, 19, 9, 13, 15, 14, 1, 4, 4, 12, 3, 2, 16, 3, 13, 11, 11, 19, 9, 8, 19, 16, 18, 13, 7, 7, 20, 16, 3, 4, 20, 8, 12, 14, 20, 15, 3, 19, 17, 16, 15, 10, 8, 4, 1, 17, 6, 15, 8, 4, 14, 15, 6, 17, 18, 17, 11, 8, 13, 1, 11, 19, 1, 4, 16, 15, 5, 6, 3, 1, 16, 5, 7, 2, 1, 10, 10, 3, 18, 1, 10, 18, 3, 4, 8, 15, 6, 10, 8, 5, 10, 16, 10, 12, 4, 8, 2, 5, 5, 15, 15, 10, 12, 12, 15, 18, 18, 16, 18, 14]
bestever    2340    in generation 107
[13, 7, 6, 14, 13, 14, 6, 9, 8, 2, 17, 7, 14, 6, 14, 20, 9, 13, 20, 2, 19, 6, 5, 18, 13, 5, 13, 6, 2, 12, 19, 11, 17, 20, 3, 9, 11, 20, 9, 12, 14, 1, 20, 1, 7, 17, 16, 2, 7, 2, 10, 9, 2, 17, 18, 12, 9, 4, 13, 2, 11, 12, 20, 14, 11, 19, 5, 7, 10, 9, 6, 7, 20, 17, 8, 1, 18, 19, 3, 9, 11, 16, 11, 4, 5, 19, 3, 12, 5, 17, 7, 19, 9, 13, 15, 14, 1, 4, 16, 12, 3, 2, 16, 3, 13, 11, 11, 19, 9, 8, 19, 16, 18, 13, 7, 7, 20, 16, 3, 4, 20, 8, 12, 14, 20, 15, 3, 19, 17, 16, 15, 10, 8, 4, 1, 17, 6, 15, 8, 4, 14, 15, 6, 17, 18, 17, 11, 8, 13, 1, 11, 19, 1, 4, 16, 15, 5, 6, 3, 1, 4, 5, 7, 2, 1, 10, 10, 3, 18, 1, 10, 18, 3, 4, 8, 15, 6, 10, 8, 5, 10, 16, 10, 12, 4, 8, 2, 5, 5, 15, 15, 10, 12, 12, 15, 18, 18, 16, 18, 14]
bestever    2332    in generation 111
[13, 7, 6, 14, 13, 14, 6, 9, 8, 2, 17, 7, 14, 6, 14, 20, 9, 13, 20, 2, 19, 6, 5, 18, 13, 5, 13, 6, 2, 12, 19, 11, 17, 20, 3, 9, 11, 20, 9, 12, 14, 1, 20, 1, 7, 17, 16, 2, 7, 2, 10, 9, 2, 17, 18, 12, 3, 4, 13, 2, 11, 12, 20, 14, 11, 19, 5, 7, 10, 9, 6, 7, 20, 17, 8, 1, 18, 19, 3, 9, 11, 16, 11, 4, 5, 19, 3, 12, 5, 17, 7, 19, 9, 13, 15, 14, 1, 4, 16, 12, 3, 2, 16, 3, 13, 11, 11, 19, 9, 8, 19, 16, 18, 13, 7, 7, 20, 16, 9, 4, 20, 8, 12, 14, 20, 15, 3, 19, 17, 16, 15, 10, 8, 4, 1, 17, 6, 15, 8, 4, 14, 15, 6, 17, 18, 17, 11, 8, 13, 1, 11, 19, 1, 4, 16, 15, 5, 6, 3, 1, 4, 5, 7, 2, 1, 10, 10, 3, 18, 1, 10, 18, 3, 4, 8, 15, 6, 10, 8, 5, 10, 16, 10, 12, 4, 8, 2, 5, 5, 15, 15, 10, 12, 12, 15, 18, 18, 16, 18, 14]
bestever    2239    in generation 116
[13, 7, 6, 14, 13, 14, 6, 9, 20, 2, 17, 7, 14, 6, 14, 20, 9, 13, 20, 2, 19, 6, 5, 18, 13, 5, 13, 6, 2, 12, 19, 11, 17, 20, 3, 9, 11, 20, 9, 12, 14, 1, 20, 1, 7, 17, 16, 2, 7, 2, 10, 9, 2, 17, 18, 12, 3, 4, 13, 2, 11, 12, 20, 14, 11, 19, 5, 7, 10, 9, 6, 7, 20, 17, 8, 1, 18, 19, 3, 9, 11, 16, 11, 4, 5, 19, 3, 12, 5, 17, 7, 19, 9, 13, 15, 14, 1, 4, 16, 12, 3, 2, 16, 3, 13, 11, 11, 19, 9, 8, 19, 16, 18, 13, 7, 7, 20, 16, 9, 4, 8, 8, 12, 14, 20, 15, 3, 19, 17, 16, 15, 10, 8, 4, 1, 17, 6, 15, 8, 4, 14, 15, 6, 17, 18, 17, 11, 8, 13, 1, 11, 19, 1, 4, 16, 15, 5, 6, 3, 1, 4, 5, 7, 2, 1, 10, 10, 3, 18, 1, 10, 18, 3, 4, 8, 15, 6, 10, 8, 5, 10, 16, 10, 12, 4, 8, 2, 5, 5, 15, 15, 10, 12, 12, 15, 18, 18, 16, 18, 14]
bestever    2237    in generation 141
[13, 7, 6, 14, 13, 14, 6, 9, 20, 2, 17, 7, 14, 6, 14, 20, 9, 13, 20, 2, 19, 6, 5, 18, 13, 5, 13, 6, 2, 12, 19, 11, 17, 20, 3, 9, 11, 20, 9, 12, 14, 1, 20, 1, 7, 17, 16, 2, 7, 2, 10, 9, 2, 17, 18, 12, 3, 4, 13, 2, 11, 12, 20, 14, 11, 19, 5, 7, 10, 9, 6, 7, 20, 17, 8, 1, 18, 19, 3, 9, 11, 16, 11, 4, 5, 19, 3, 12, 5, 17, 7, 19, 9, 13, 15, 14, 1, 4, 16, 12, 3, 2, 16, 3, 13, 11, 11, 19, 9, 8, 19, 16, 18, 13, 7, 7, 20, 16, 9, 4, 8, 8, 12, 14, 20, 15, 3, 19, 17, 16, 15, 10, 8, 4, 1, 17, 6, 15, 8, 4, 14, 15, 16, 17, 18, 17, 11, 8, 13, 1, 11, 19, 1, 4, 6, 15, 5, 6, 3, 1, 4, 5, 7, 2, 1, 10, 10, 3, 18, 1, 10, 18, 3, 4, 8, 15, 6, 10, 8, 5, 10, 16, 10, 12, 4, 8, 2, 5, 5, 15, 15, 10, 12, 12, 15, 18, 18, 16, 18, 14]
bestever    2222    in generation 149
[13, 7, 6, 14, 13, 14, 6, 9, 20, 2, 17, 7, 14, 6, 14, 20, 9, 13, 20, 2, 19, 6, 5, 18, 13, 5, 13, 6, 2, 12, 19, 11, 17, 20, 3, 9, 11, 20, 9, 12, 14, 1, 20, 1, 7, 17, 16, 2, 7, 2, 10, 9, 2, 17, 18, 12, 3, 4, 13, 2, 11, 12, 20, 14, 11, 19, 5, 7, 10, 9, 6, 7, 20, 17, 8, 1, 18, 19, 3, 9, 11, 16, 11, 4, 5, 19, 3, 12, 5, 17, 7, 19, 9, 13, 15, 14, 1, 4, 16, 12, 3, 2, 16, 3, 13, 11, 11, 19, 9, 8, 19, 16, 18, 13, 7, 7, 20, 16, 9, 4, 8, 8, 12, 14, 20, 15, 3, 19, 17, 16, 15, 10, 8, 4, 1, 17, 6, 15, 8, 4, 14, 15, 16, 17, 18, 17, 11, 8, 13, 1, 11, 19, 1, 4, 6, 15, 5, 6, 3, 1, 4, 5, 7, 2, 1, 10, 10, 3, 18, 1, 10, 18, 3, 4, 8, 15, 6, 10, 8, 5, 15, 16, 10, 12, 4, 8, 2, 5, 5, 15, 15, 10, 12, 12, 10, 18, 18, 16, 18, 14]
bestever    2219    in generation 152
[13, 7, 6, 14, 13, 14, 6, 9, 20, 2, 17, 7, 14, 6, 14, 20, 9, 13, 20, 2, 19, 6, 5, 13, 13, 5, 13, 6, 2, 12, 19, 11, 17, 20, 3, 9, 11, 20, 9, 12, 14, 1, 20, 1, 7, 17, 16, 2, 7, 2, 10, 9, 2, 17, 18, 12, 3, 4, 13, 2, 11, 12, 20, 14, 11, 19, 5, 7, 10, 9, 6, 7, 20, 17, 8, 1, 18, 19, 3, 9, 11, 16, 11, 4, 5, 19, 3, 12, 5, 17, 7, 19, 9, 13, 15, 14, 1, 4, 16, 12, 3, 2, 16, 3, 18, 11, 11, 19, 9, 8, 19, 16, 18, 13, 7, 7, 20, 16, 9, 4, 8, 8, 12, 14, 20, 15, 3, 19, 17, 16, 15, 10, 8, 4, 1, 17, 6, 15, 8, 4, 14, 15, 16, 17, 18, 17, 11, 8, 13, 1, 11, 19, 1, 4, 6, 15, 5, 6, 3, 1, 4, 5, 7, 2, 1, 10, 10, 3, 18, 1, 10, 18, 3, 4, 8, 15, 6, 10, 8, 5, 15, 16, 10, 12, 4, 8, 2, 5, 5, 15, 15, 10, 12, 12, 10, 18, 18, 16, 18, 14]
bestever    2210    in generation 153
[13, 7, 6, 14, 13, 14, 6, 9, 20, 2, 17, 7, 14, 6, 14, 20, 9, 13, 20, 2, 19, 6, 5, 13, 13, 5, 13, 6, 2, 12, 19, 11, 17, 20, 3, 9, 11, 20, 9, 12, 14, 1, 20, 1, 7, 17, 16, 2, 7, 2, 10, 9, 2, 17, 18, 12, 3, 4, 13, 2, 11, 12, 20, 14, 11, 19, 5, 7, 10, 9, 6, 7, 20, 17, 8, 1, 18, 19, 3, 9, 11, 16, 11, 4, 5, 19, 3, 12, 5, 17, 7, 19, 9, 13, 15, 14, 1, 4, 16, 12, 3, 2, 16, 3, 18, 11, 11, 19, 9, 8, 19, 16, 18, 13, 7, 7, 20, 16, 9, 4, 8, 8, 12, 14, 20, 15, 3, 19, 17, 16, 15, 10, 8, 4, 1, 17, 6, 15, 8, 4, 14, 15, 16, 17, 18, 17, 11, 8, 13, 1, 11, 19, 1, 4, 10, 15, 5, 6, 3, 1, 4, 5, 7, 2, 1, 10, 6, 3, 18, 1, 10, 18, 3, 4, 8, 15, 6, 10, 8, 5, 15, 16, 10, 12, 4, 8, 2, 5, 5, 15, 15, 10, 12, 12, 10, 18, 18, 16, 18, 14]
bestever    2200    in generation 157
[13, 7, 6, 14, 13, 14, 6, 9, 20, 2, 17, 7, 14, 6, 14, 20, 9, 13, 20, 2, 19, 6, 5, 13, 13, 5, 13, 6, 2, 12, 19, 11, 17, 20, 3, 9, 11, 20, 9, 12, 14, 1, 20, 1, 7, 17, 16, 2, 7, 2, 10, 9, 2, 17, 18, 12, 3, 4, 13, 2, 11, 12, 20, 14, 11, 19, 5, 7, 10, 9, 6, 7, 20, 17, 8, 1, 18, 19, 3, 9, 11, 16, 11, 4, 5, 19, 3, 12, 5, 17, 7, 19, 9, 13, 15, 14, 1, 4, 16, 12, 3, 2, 16, 3, 18, 11, 11, 19, 9, 8, 19, 16, 18, 13, 7, 7, 20, 16, 9, 4, 1, 8, 12, 14, 20, 15, 3, 19, 17, 16, 15, 10, 8, 4, 1, 17, 6, 15, 8, 4, 14, 15, 16, 17, 18, 17, 11, 8, 13, 1, 11, 19, 1, 4, 10, 15, 5, 6, 3, 8, 4, 5, 7, 2, 1, 10, 6, 3, 18, 1, 10, 18, 3, 4, 8, 15, 6, 10, 8, 5, 15, 16, 10, 12, 4, 8, 2, 5, 5, 15, 15, 10, 12, 12, 10, 18, 18, 16, 18, 14]
bestever    2199    in generation 163
[13, 7, 6, 14, 13, 14, 6, 9, 20, 2, 17, 7, 14, 6, 14, 20, 9, 13, 20, 2, 19, 6, 5, 13, 13, 5, 13, 6, 2, 12, 19, 11, 17, 20, 3, 9, 11, 20, 9, 12, 14, 1, 20, 1, 7, 17, 16, 2, 7, 2, 10, 9, 2, 17, 18, 12, 3, 4, 13, 2, 11, 12, 20, 14, 11, 19, 5, 7, 10, 9, 6, 7, 20, 17, 8, 1, 18, 19, 3, 9, 11, 16, 11, 4, 5, 19, 3, 12, 5, 17, 7, 19, 9, 13, 15, 14, 1, 4, 16, 12, 3, 2, 16, 3, 18, 11, 11, 19, 9, 8, 19, 16, 18, 13, 7, 7, 20, 16, 9, 4, 1, 8, 12, 14, 20, 15, 3, 19, 17, 16, 15, 11, 8, 4, 1, 17, 6, 15, 8, 4, 14, 15, 16, 17, 18, 17, 11, 8, 13, 1, 10, 19, 1, 4, 10, 15, 5, 6, 3, 8, 4, 5, 7, 2, 1, 10, 6, 3, 18, 1, 10, 18, 3, 4, 8, 15, 6, 10, 8, 5, 15, 16, 10, 12, 4, 8, 2, 5, 5, 15, 15, 10, 12, 12, 10, 18, 18, 16, 18, 14]
bestever    2196    in generation 165
[13, 7, 6, 14, 13, 14, 6, 9, 20, 2, 17, 7, 14, 6, 14, 20, 9, 13, 20, 2, 19, 6, 5, 13, 13, 5, 13, 6, 2, 12, 19, 11, 17, 20, 3, 9, 11, 20, 9, 12, 14, 1, 20, 1, 7, 17, 16, 2, 7, 2, 10, 9, 2, 17, 18, 12, 3, 4, 13, 2, 11, 16, 20, 14, 11, 19, 5, 7, 10, 9, 6, 7, 20, 17, 8, 1, 18, 19, 3, 9, 11, 12, 11, 4, 5, 19, 3, 12, 5, 17, 7, 19, 9, 13, 15, 14, 1, 4, 16, 12, 4, 2, 16, 3, 18, 11, 11, 19, 9, 8, 19, 16, 18, 13, 7, 7, 20, 16, 9, 4, 1, 8, 12, 14, 20, 15, 3, 19, 17, 16, 15, 10, 8, 3, 1, 17, 6, 15, 8, 4, 14, 15, 16, 17, 18, 17, 11, 8, 13, 1, 11, 19, 1, 4, 10, 15, 5, 6, 3, 8, 4, 5, 7, 2, 1, 10, 6, 3, 18, 1, 10, 18, 3, 4, 8, 15, 6, 10, 8, 5, 15, 16, 10, 12, 4, 8, 2, 5, 5, 15, 15, 10, 12, 12, 10, 18, 18, 16, 18, 14]
bestever    2189    in generation 175
[13, 7, 6, 14, 13, 14, 6, 9, 20, 2, 17, 7, 14, 6, 14, 20, 9, 13, 20, 2, 19, 6, 10, 13, 13, 5, 13, 6, 2, 12, 19, 11, 17, 20, 3, 9, 11, 20, 9, 12, 14, 1, 20, 1, 7, 17, 16, 2, 7, 2, 5, 9, 2, 17, 18, 12, 3, 4, 13, 2, 11, 16, 20, 14, 11, 19, 5, 7, 10, 9, 6, 7, 20, 17, 8, 1, 18, 19, 3, 9, 11, 12, 11, 4, 5, 19, 3, 12, 5, 17, 7, 19, 9, 13, 15, 14, 1, 4, 16, 12, 4, 2, 16, 3, 18, 11, 11, 19, 9, 8, 19, 16, 18, 13, 7, 7, 20, 16, 9, 4, 1, 8, 12, 14, 20, 15, 3, 19, 17, 16, 15, 10, 8, 3, 1, 17, 6, 15, 8, 4, 14, 15, 16, 17, 18, 17, 11, 8, 13, 1, 11, 19, 1, 4, 10, 15, 5, 6, 3, 8, 4, 5, 7, 2, 1, 10, 6, 3, 18, 1, 10, 18, 3, 4, 8, 15, 6, 10, 8, 5, 15, 16, 10, 12, 4, 8, 2, 5, 5, 15, 15, 10, 12, 12, 10, 18, 18, 16, 18, 14]
bestever    2176    in generation 183
[13, 7, 6, 14, 13, 14, 6, 9, 20, 2, 17, 7, 14, 6, 14, 20, 9, 13, 20, 2, 19, 6, 10, 13, 13, 5, 13, 6, 2, 12, 19, 11, 17, 20, 3, 9, 11, 20, 9, 12, 14, 1, 20, 1, 7, 17, 16, 2, 7, 2, 5, 9, 2, 17, 18, 12, 3, 4, 13, 2, 11, 16, 20, 14, 11, 19, 5, 7, 10, 9, 6, 7, 20, 17, 8, 1, 18, 19, 3, 9, 11, 12, 11, 4, 5, 19, 3, 12, 5, 17, 7, 19, 9, 13, 15, 14, 1, 4, 16, 12, 4, 2, 16, 3, 18, 11, 11, 19, 9, 8, 19, 16, 18, 13, 7, 7, 20, 16, 9, 4, 1, 8, 12, 14, 20, 15, 3, 19, 17, 16, 15, 10, 8, 3, 1, 17, 6, 15, 8, 4, 14, 15, 16, 17, 18, 17, 15, 8, 13, 1, 11, 19, 1, 4, 10, 15, 5, 6, 3, 8, 4, 5, 7, 2, 1, 10, 6, 3, 18, 1, 10, 18, 3, 4, 8, 15, 6, 10, 8, 5, 11, 16, 10, 12, 4, 8, 2, 5, 5, 15, 15, 10, 12, 12, 10, 18, 18, 16, 18, 14]
bestever    2154    in generation 186
[13, 7, 6, 14, 13, 14, 6, 9, 20, 2, 17, 7, 14, 6, 14, 20, 9, 13, 20, 2, 19, 6, 10, 13, 13, 5, 13, 6, 2, 12, 19, 11, 17, 20, 3, 9, 11, 20, 9, 12, 14, 1, 20, 1, 7, 17, 16, 2, 7, 2, 5, 9, 2, 17, 18, 12, 3, 4, 13, 2, 11, 16, 20, 14, 11, 19, 5, 7, 10, 9, 6, 7, 20, 17, 8, 15, 18, 19, 3, 9, 11, 12, 11, 4, 5, 19, 3, 12, 5, 17, 7, 19, 9, 13, 15, 14, 1, 4, 16, 12, 4, 2, 16, 3, 18, 11, 11, 19, 9, 8, 19, 16, 18, 13, 7, 7, 20, 16, 9, 4, 1, 8, 12, 14, 20, 15, 3, 19, 17, 16, 15, 10, 8, 3, 1, 17, 6, 1, 8, 4, 14, 15, 16, 17, 18, 17, 15, 8, 13, 1, 11, 19, 1, 4, 10, 15, 5, 6, 3, 8, 4, 5, 7, 2, 1, 10, 6, 3, 18, 1, 10, 18, 3, 4, 8, 15, 6, 10, 8, 5, 11, 16, 10, 12, 4, 8, 2, 5, 5, 15, 15, 10, 12, 12, 10, 18, 18, 16, 18, 14]
bestever    2146    in generation 188
[13, 7, 6, 14, 13, 14, 6, 9, 20, 2, 17, 7, 14, 6, 14, 20, 9, 13, 20, 2, 19, 6, 10, 13, 13, 5, 13, 6, 2, 12, 19, 11, 17, 20, 3, 9, 11, 20, 9, 12, 14, 1, 20, 1, 7, 17, 16, 2, 7, 2, 5, 9, 2, 17, 18, 12, 3, 4, 13, 2, 11, 16, 20, 14, 11, 19, 5, 7, 10, 9, 6, 7, 20, 17, 8, 15, 18, 19, 3, 9, 11, 12, 11, 4, 5, 19, 3, 12, 5, 17, 7, 19, 9, 13, 15, 14, 1, 4, 16, 12, 4, 2, 16, 3, 18, 11, 11, 19, 9, 8, 19, 16, 18, 13, 7, 7, 20, 16, 9, 4, 1, 8, 12, 14, 20, 15, 3, 19, 17, 16, 15, 10, 8, 3, 1, 17, 6, 1, 8, 4, 14, 15, 16, 17, 6, 17, 15, 8, 13, 1, 11, 19, 1, 4, 10, 15, 5, 18, 3, 8, 4, 5, 7, 2, 1, 10, 6, 3, 18, 1, 10, 18, 3, 4, 8, 15, 6, 10, 8, 5, 11, 16, 10, 12, 4, 8, 2, 5, 5, 15, 15, 10, 12, 12, 10, 18, 18, 16, 18, 14]
bestever    2141    in generation 189
[13, 7, 6, 14, 13, 14, 6, 9, 20, 2, 17, 7, 14, 6, 14, 20, 9, 13, 20, 2, 19, 6, 10, 13, 13, 5, 13, 6, 2, 12, 19, 11, 17, 20, 3, 9, 11, 20, 9, 12, 14, 1, 20, 1, 7, 17, 16, 2, 7, 2, 5, 9, 2, 17, 18, 12, 3, 4, 13, 2, 11, 16, 20, 14, 11, 19, 5, 7, 10, 9, 6, 7, 20, 17, 8, 15, 18, 19, 3, 9, 11, 12, 11, 4, 5, 19, 3, 12, 5, 17, 7, 19, 9, 13, 15, 14, 1, 4, 16, 12, 4, 2, 16, 3, 18, 11, 11, 19, 9, 8, 20, 16, 18, 13, 7, 7, 19, 16, 9, 4, 1, 8, 12, 14, 20, 15, 3, 19, 17, 16, 15, 10, 8, 3, 1, 17, 6, 1, 8, 4, 14, 15, 16, 17, 6, 17, 15, 8, 13, 1, 11, 19, 1, 4, 10, 15, 5, 18, 3, 8, 4, 5, 7, 2, 1, 10, 6, 3, 18, 1, 10, 18, 3, 4, 8, 15, 6, 10, 8, 5, 11, 16, 10, 12, 4, 8, 2, 5, 5, 15, 15, 10, 12, 12, 10, 18, 18, 16, 18, 14]
bestever    2134    in generation 228
[13, 7, 6, 14, 13, 14, 6, 9, 20, 2, 17, 7, 14, 6, 14, 20, 9, 13, 20, 2, 19, 6, 10, 13, 13, 5, 13, 6, 2, 12, 19, 11, 17, 20, 3, 9, 11, 20, 9, 12, 14, 1, 20, 1, 7, 17, 16, 2, 7, 2, 5, 9, 2, 17, 18, 12, 3, 4, 13, 2, 11, 16, 20, 14, 11, 19, 5, 7, 10, 9, 6, 7, 20, 17, 8, 15, 18, 19, 3, 9, 11, 12, 11, 4, 5, 19, 3, 12, 5, 17, 7, 19, 9, 13, 17, 14, 1, 4, 16, 12, 4, 2, 16, 3, 18, 11, 11, 19, 9, 8, 20, 16, 18, 13, 7, 7, 19, 16, 9, 4, 1, 8, 12, 14, 20, 15, 3, 19, 17, 16, 15, 10, 8, 3, 1, 17, 6, 1, 8, 4, 14, 15, 16, 17, 6, 15, 15, 8, 13, 1, 11, 19, 1, 4, 10, 15, 5, 18, 3, 8, 4, 5, 7, 2, 1, 10, 6, 3, 18, 1, 10, 18, 3, 4, 8, 15, 6, 10, 8, 5, 11, 16, 10, 12, 4, 8, 2, 5, 5, 15, 15, 10, 12, 12, 10, 18, 18, 16, 18, 14]
bestever    2127    in generation 231
[13, 7, 6, 14, 13, 14, 6, 9, 20, 2, 17, 7, 14, 6, 2, 20, 9, 13, 20, 2, 19, 6, 10, 13, 13, 5, 13, 6, 2, 12, 19, 11, 17, 20, 3, 9, 11, 20, 9, 12, 14, 1, 20, 1, 7, 17, 16, 2, 7, 2, 5, 9, 2, 17, 18, 12, 3, 4, 13, 2, 11, 16, 20, 14, 11, 19, 5, 7, 10, 9, 6, 7, 20, 17, 8, 15, 18, 19, 3, 9, 11, 12, 11, 4, 5, 19, 3, 12, 5, 17, 7, 19, 9, 13, 17, 14, 1, 4, 16, 12, 4, 2, 16, 3, 18, 11, 11, 19, 9, 8, 20, 16, 18, 13, 7, 7, 19, 16, 9, 4, 1, 8, 12, 14, 20, 15, 3, 19, 17, 16, 15, 10, 8, 3, 1, 17, 6, 1, 8, 4, 14, 15, 16, 17, 6, 15, 15, 8, 13, 1, 11, 19, 1, 4, 10, 15, 5, 18, 3, 8, 4, 5, 7, 14, 1, 10, 6, 3, 18, 1, 10, 18, 3, 4, 8, 15, 6, 10, 8, 5, 11, 16, 10, 12, 4, 8, 2, 5, 5, 15, 15, 10, 12, 12, 10, 18, 18, 16, 18, 14]
bestever    2102    in generation 256
[13, 7, 6, 14, 13, 14, 6, 9, 20, 2, 17, 7, 14, 6, 2, 20, 9, 13, 20, 2, 19, 6, 10, 13, 13, 5, 13, 6, 2, 12, 19, 11, 17, 20, 3, 9, 11, 20, 9, 12, 14, 1, 20, 1, 7, 17, 16, 2, 7, 2, 5, 9, 2, 17, 18, 12, 3, 4, 13, 2, 11, 16, 20, 14, 11, 19, 5, 7, 10, 9, 6, 7, 20, 17, 8, 15, 11, 19, 3, 9, 11, 12, 11, 4, 13, 19, 3, 12, 5, 17, 7, 19, 9, 13, 17, 14, 1, 4, 16, 12, 4, 2, 16, 3, 18, 11, 18, 19, 9, 8, 20, 16, 18, 13, 7, 7, 19, 6, 9, 4, 1, 8, 12, 14, 20, 15, 3, 19, 17, 16, 15, 10, 8, 3, 1, 17, 6, 1, 8, 4, 14, 15, 16, 17, 16, 15, 15, 8, 5, 1, 11, 19, 1, 4, 10, 15, 5, 18, 3, 8, 4, 5, 7, 14, 1, 10, 6, 3, 18, 1, 10, 18, 3, 4, 8, 15, 6, 10, 8, 5, 11, 16, 10, 12, 4, 8, 2, 5, 5, 15, 15, 10, 12, 12, 10, 18, 18, 16, 18, 14]
bestever    2097    in generation 261
[13, 7, 6, 14, 13, 14, 6, 9, 20, 2, 17, 7, 14, 6, 2, 20, 9, 13, 20, 2, 19, 6, 10, 13, 13, 5, 13, 6, 2, 12, 19, 11, 17, 20, 3, 9, 11, 20, 9, 12, 14, 1, 20, 1, 7, 17, 16, 2, 7, 2, 5, 9, 2, 17, 18, 12, 3, 4, 13, 2, 11, 16, 20, 14, 11, 19, 5, 7, 10, 9, 6, 7, 20, 17, 8, 15, 11, 19, 3, 9, 11, 12, 11, 18, 13, 19, 3, 12, 5, 17, 7, 19, 9, 13, 17, 14, 1, 4, 16, 12, 4, 2, 16, 3, 4, 11, 18, 19, 9, 8, 20, 16, 18, 13, 7, 7, 19, 6, 9, 4, 1, 8, 12, 14, 20, 15, 3, 19, 17, 16, 15, 10, 8, 3, 1, 17, 6, 1, 8, 4, 14, 15, 16, 17, 16, 15, 15, 8, 5, 1, 11, 19, 1, 4, 10, 15, 5, 18, 3, 8, 4, 5, 7, 14, 1, 10, 6, 3, 18, 1, 10, 18, 3, 4, 8, 15, 6, 10, 8, 5, 11, 16, 10, 12, 4, 8, 2, 5, 5, 15, 15, 10, 12, 12, 10, 18, 18, 16, 18, 14]
bestever    2084    in generation 272
[13, 7, 6, 14, 13, 14, 6, 9, 20, 2, 17, 7, 14, 6, 2, 20, 9, 13, 20, 2, 19, 6, 10, 13, 13, 5, 13, 6, 2, 12, 19, 11, 17, 20, 3, 9, 11, 20, 9, 12, 14, 1, 20, 1, 7, 17, 16, 2, 7, 2, 5, 9, 2, 17, 18, 12, 3, 4, 13, 2, 11, 16, 20, 14, 11, 19, 5, 7, 10, 9, 6, 7, 20, 17, 8, 15, 11, 19, 3, 9, 11, 12, 11, 18, 13, 19, 3, 12, 5, 17, 7, 19, 9, 13, 17, 14, 1, 4, 8, 12, 4, 2, 16, 3, 4, 11, 18, 19, 9, 8, 20, 16, 18, 13, 7, 7, 19, 6, 9, 4, 1, 8, 12, 14, 20, 15, 3, 19, 17, 16, 15, 10, 16, 3, 1, 17, 6, 1, 8, 4, 14, 15, 16, 17, 16, 15, 15, 8, 5, 1, 11, 19, 1, 4, 10, 15, 5, 18, 3, 8, 4, 5, 7, 14, 1, 10, 6, 3, 18, 1, 10, 18, 3, 4, 8, 15, 6, 10, 8, 5, 11, 16, 10, 12, 4, 8, 2, 5, 5, 15, 15, 10, 12, 12, 10, 18, 18, 16, 18, 14]
bestever    2079    in generation 339
[7, 7, 6, 14, 13, 14, 6, 9, 20, 2, 17, 13, 14, 6, 2, 20, 9, 13, 20, 2, 19, 6, 10, 13, 13, 5, 13, 6, 2, 12, 19, 11, 17, 20, 3, 9, 11, 20, 9, 12, 14, 1, 20, 1, 7, 17, 16, 2, 7, 2, 5, 9, 2, 17, 18, 12, 3, 4, 13, 2, 11, 16, 20, 14, 11, 19, 5, 7, 10, 9, 6, 7, 20, 17, 8, 15, 11, 19, 3, 9, 11, 12, 11, 18, 13, 19, 3, 12, 5, 17, 7, 19, 9, 13, 17, 14, 1, 4, 8, 12, 4, 2, 16, 3, 4, 11, 18, 19, 9, 8, 20, 16, 18, 13, 7, 7, 19, 6, 9, 4, 1, 8, 12, 14, 20, 15, 3, 19, 17, 16, 15, 10, 16, 3, 1, 17, 6, 1, 8, 16, 14, 15, 16, 17, 4, 15, 15, 8, 5, 1, 11, 19, 1, 4, 10, 15, 5, 18, 3, 8, 4, 5, 7, 14, 1, 10, 6, 3, 18, 1, 10, 18, 3, 4, 8, 15, 6, 10, 8, 5, 11, 16, 10, 12, 4, 8, 2, 5, 5, 15, 15, 10, 12, 12, 10, 18, 18, 16, 18, 14]
bestever    2076    in generation 349
[7, 7, 6, 14, 13, 14, 6, 9, 20, 2, 17, 13, 14, 6, 2, 20, 9, 13, 20, 2, 19, 6, 10, 13, 13, 5, 13, 6, 2, 12, 19, 11, 17, 20, 3, 9, 11, 20, 9, 12, 14, 1, 20, 1, 7, 17, 16, 2, 7, 2, 5, 9, 2, 17, 18, 12, 3, 4, 13, 2, 11, 16, 20, 14, 11, 19, 5, 7, 10, 9, 6, 7, 20, 17, 8, 15, 11, 19, 3, 9, 11, 12, 11, 18, 13, 19, 3, 12, 6, 17, 7, 19, 9, 13, 17, 14, 1, 4, 8, 12, 4, 2, 16, 3, 4, 11, 18, 19, 9, 8, 20, 16, 18, 13, 7, 7, 19, 6, 9, 4, 1, 8, 12, 14, 20, 15, 3, 19, 17, 16, 15, 10, 16, 3, 1, 17, 6, 1, 8, 16, 14, 15, 16, 17, 4, 15, 15, 8, 5, 1, 11, 19, 1, 4, 10, 15, 5, 18, 3, 8, 4, 5, 7, 14, 1, 10, 6, 3, 18, 1, 10, 18, 3, 4, 8, 15, 5, 10, 8, 5, 11, 16, 10, 12, 4, 8, 2, 5, 5, 15, 15, 10, 12, 12, 10, 18, 18, 16, 18, 14]
bestever    2074    in generation 383
[7, 7, 6, 14, 13, 14, 6, 9, 20, 2, 17, 13, 14, 6, 2, 20, 9, 13, 20, 2, 19, 6, 10, 13, 13, 5, 13, 6, 2, 12, 19, 11, 17, 20, 3, 9, 11, 20, 9, 12, 14, 1, 20, 1, 7, 17, 16, 2, 7, 2, 5, 9, 2, 17, 18, 12, 3, 4, 13, 2, 11, 16, 20, 14, 11, 19, 5, 7, 10, 9, 6, 7, 20, 17, 8, 15, 11, 19, 3, 9, 11, 12, 11, 18, 13, 19, 3, 12, 6, 17, 7, 19, 9, 13, 17, 14, 1, 4, 8, 12, 4, 2, 16, 3, 4, 11, 18, 19, 9, 8, 20, 16, 18, 13, 7, 7, 19, 6, 9, 4, 1, 8, 19, 14, 20, 15, 3, 12, 17, 16, 15, 10, 16, 3, 1, 17, 6, 1, 8, 16, 14, 15, 16, 17, 4, 15, 15, 8, 5, 1, 11, 19, 1, 4, 10, 15, 5, 18, 3, 8, 4, 5, 7, 14, 1, 10, 6, 3, 18, 1, 10, 18, 3, 4, 8, 15, 5, 10, 8, 5, 11, 16, 10, 12, 4, 8, 2, 5, 5, 15, 15, 10, 12, 12, 10, 18, 18, 16, 18, 14]
bestever    2069    in generation 434
[7, 7, 6, 14, 13, 14, 6, 9, 20, 2, 17, 13, 14, 6, 2, 20, 9, 13, 20, 2, 19, 6, 10, 13, 13, 5, 13, 6, 2, 12, 19, 11, 17, 20, 3, 9, 11, 20, 9, 12, 14, 1, 20, 1, 7, 17, 16, 2, 7, 2, 5, 9, 2, 17, 18, 12, 3, 4, 13, 2, 11, 16, 20, 14, 11, 19, 5, 7, 10, 9, 6, 7, 20, 17, 8, 15, 11, 19, 3, 9, 11, 12, 11, 18, 13, 19, 3, 12, 6, 17, 7, 19, 9, 13, 17, 14, 1, 4, 8, 12, 4, 2, 16, 3, 4, 11, 18, 19, 9, 8, 20, 16, 11, 13, 7, 7, 19, 6, 9, 4, 1, 8, 19, 14, 20, 15, 3, 12, 5, 16, 15, 10, 16, 3, 1, 17, 6, 1, 8, 16, 14, 15, 16, 17, 4, 15, 15, 8, 5, 1, 18, 19, 1, 4, 10, 15, 5, 18, 3, 8, 4, 5, 7, 14, 1, 10, 6, 3, 18, 1, 10, 18, 3, 4, 8, 15, 5, 10, 8, 17, 11, 16, 10, 12, 4, 8, 2, 5, 5, 15, 15, 10, 12, 12, 10, 18, 18, 16, 18, 14]
bestever    2068    in generation 441
[7, 7, 6, 14, 13, 14, 6, 9, 20, 2, 17, 13, 14, 6, 2, 20, 9, 13, 6, 2, 19, 6, 10, 13, 13, 5, 13, 6, 2, 12, 19, 11, 17, 20, 3, 9, 11, 20, 9, 12, 14, 1, 20, 1, 7, 17, 16, 2, 7, 2, 5, 9, 2, 17, 18, 12, 3, 4, 13, 2, 11, 16, 20, 14, 11, 19, 5, 7, 10, 9, 6, 7, 20, 17, 8, 15, 11, 19, 3, 9, 11, 12, 11, 18, 13, 19, 3, 12, 6, 17, 7, 19, 9, 13, 17, 14, 1, 4, 8, 12, 4, 2, 16, 3, 4, 11, 18, 19, 9, 8, 20, 16, 11, 13, 7, 7, 19, 20, 9, 4, 1, 8, 19, 14, 20, 15, 3, 12, 5, 16, 15, 10, 16, 3, 1, 17, 6, 1, 8, 16, 14, 15, 16, 17, 4, 15, 15, 8, 5, 1, 18, 19, 1, 4, 10, 15, 5, 18, 3, 8, 4, 5, 7, 14, 1, 10, 6, 3, 18, 1, 10, 18, 3, 4, 8, 15, 5, 10, 8, 17, 11, 16, 10, 12, 4, 8, 2, 5, 5, 15, 15, 10, 12, 12, 10, 18, 18, 16, 18, 14]
bestever    2051    in generation 456
[7, 7, 6, 14, 13, 14, 6, 9, 20, 2, 17, 13, 14, 6, 2, 20, 9, 13, 6, 2, 19, 6, 10, 13, 13, 5, 13, 6, 2, 12, 19, 11, 17, 20, 3, 9, 11, 20, 9, 12, 14, 1, 20, 1, 7, 17, 16, 2, 7, 2, 5, 9, 2, 17, 18, 12, 3, 4, 13, 2, 11, 16, 20, 14, 11, 19, 5, 14, 10, 9, 6, 7, 20, 17, 8, 15, 11, 19, 3, 9, 11, 12, 11, 18, 13, 19, 3, 12, 6, 17, 7, 19, 9, 13, 17, 14, 1, 4, 8, 12, 4, 2, 16, 3, 4, 11, 18, 19, 9, 8, 20, 16, 11, 13, 7, 7, 19, 20, 9, 4, 1, 8, 19, 14, 20, 15, 3, 12, 5, 16, 15, 10, 16, 3, 1, 17, 6, 1, 8, 16, 14, 15, 16, 17, 4, 15, 15, 8, 5, 1, 18, 19, 1, 4, 10, 15, 5, 18, 3, 8, 4, 5, 7, 14, 1, 10, 6, 3, 18, 1, 10, 18, 3, 4, 8, 15, 5, 10, 8, 17, 11, 16, 10, 12, 4, 8, 2, 5, 5, 15, 15, 10, 12, 12, 10, 18, 18, 16, 18, 7]
bestever    2043    in generation 466
[7, 7, 6, 14, 13, 14, 6, 9, 20, 2, 17, 13, 14, 6, 2, 20, 9, 13, 6, 2, 19, 6, 10, 13, 13, 2, 13, 6, 2, 12, 19, 11, 17, 20, 3, 9, 11, 20, 9, 12, 14, 1, 20, 1, 7, 17, 16, 2, 7, 2, 5, 9, 5, 17, 18, 12, 3, 4, 13, 2, 11, 16, 20, 14, 11, 19, 5, 14, 10, 9, 6, 7, 20, 17, 8, 15, 11, 19, 3, 9, 11, 12, 11, 18, 13, 19, 3, 12, 6, 17, 7, 19, 9, 13, 17, 14, 1, 4, 8, 12, 4, 2, 16, 3, 4, 11, 18, 19, 9, 8, 20, 16, 11, 13, 7, 7, 19, 20, 9, 4, 1, 8, 19, 14, 20, 15, 3, 12, 5, 16, 15, 10, 16, 3, 1, 17, 6, 1, 8, 16, 14, 15, 16, 17, 4, 15, 15, 8, 5, 1, 18, 19, 1, 4, 10, 15, 5, 18, 3, 8, 4, 5, 7, 14, 1, 10, 6, 3, 18, 1, 10, 18, 3, 4, 8, 15, 5, 10, 8, 17, 11, 16, 10, 12, 4, 8, 2, 5, 5, 15, 15, 10, 12, 12, 10, 18, 18, 16, 18, 7]
bestever    2032    in generation 476
[7, 7, 6, 7, 13, 14, 6, 9, 20, 2, 17, 13, 14, 6, 2, 20, 9, 13, 6, 2, 19, 6, 10, 13, 13, 2, 13, 6, 2, 12, 19, 11, 17, 20, 3, 9, 11, 20, 9, 12, 14, 1, 20, 1, 7, 17, 16, 2, 14, 2, 5, 9, 5, 17, 18, 12, 3, 4, 13, 2, 11, 16, 20, 14, 11, 19, 5, 14, 10, 9, 6, 7, 20, 17, 8, 15, 11, 19, 3, 9, 11, 12, 11, 18, 13, 19, 3, 12, 6, 17, 7, 19, 9, 13, 17, 14, 1, 4, 8, 12, 4, 2, 16, 3, 4, 11, 18, 19, 9, 8, 20, 16, 11, 13, 7, 7, 19, 20, 9, 4, 1, 8, 19, 14, 20, 15, 3, 12, 5, 16, 15, 10, 16, 3, 1, 17, 6, 1, 8, 16, 14, 15, 16, 17, 4, 15, 15, 8, 5, 1, 18, 19, 1, 4, 10, 15, 5, 18, 3, 8, 4, 5, 7, 14, 1, 10, 6, 3, 18, 1, 10, 18, 3, 4, 8, 15, 5, 10, 8, 17, 11, 16, 10, 12, 4, 8, 2, 5, 5, 15, 15, 10, 12, 12, 10, 18, 18, 16, 18, 7]
bestever    2005    in generation 513
[13, 7, 6, 7, 13, 14, 6, 9, 20, 2, 17, 13, 14, 6, 2, 20, 9, 13, 6, 2, 19, 6, 10, 13, 7, 2, 13, 6, 2, 12, 19, 11, 17, 20, 3, 9, 11, 20, 9, 12, 14, 1, 20, 1, 7, 17, 16, 2, 14, 2, 5, 9, 5, 17, 18, 12, 3, 4, 13, 2, 11, 16, 20, 14, 11, 19, 5, 14, 10, 9, 6, 7, 20, 17, 8, 15, 11, 19, 3, 9, 11, 12, 11, 18, 13, 19, 3, 12, 6, 17, 7, 19, 9, 13, 17, 14, 1, 4, 8, 12, 4, 2, 16, 3, 4, 11, 18, 19, 9, 8, 20, 16, 11, 13, 7, 7, 19, 20, 9, 4, 1, 8, 19, 14, 20, 15, 3, 12, 5, 16, 15, 10, 16, 3, 1, 17, 6, 1, 8, 16, 14, 15, 16, 17, 4, 15, 15, 8, 5, 1, 18, 19, 1, 4, 10, 15, 5, 18, 3, 8, 4, 5, 7, 14, 1, 10, 6, 3, 18, 1, 10, 18, 3, 4, 8, 15, 5, 10, 8, 17, 11, 16, 10, 12, 4, 8, 2, 5, 5, 15, 15, 10, 12, 12, 10, 18, 18, 16, 18, 7]
bestever    2001    in generation 520
[13, 7, 6, 7, 13, 14, 6, 9, 20, 2, 17, 13, 14, 6, 2, 20, 9, 13, 6, 2, 19, 6, 10, 13, 7, 2, 13, 6, 2, 12, 19, 11, 17, 20, 3, 9, 11, 20, 9, 12, 14, 1, 20, 1, 7, 17, 16, 2, 14, 2, 5, 9, 5, 17, 18, 12, 3, 4, 13, 2, 11, 16, 20, 14, 11, 19, 5, 14, 10, 9, 6, 7, 20, 17, 8, 15, 11, 19, 3, 9, 11, 12, 11, 18, 13, 19, 3, 12, 6, 17, 7, 19, 9, 13, 17, 14, 1, 4, 8, 12, 4, 2, 16, 3, 4, 11, 18, 5, 9, 8, 20, 16, 11, 13, 7, 7, 19, 20, 9, 4, 1, 8, 19, 14, 20, 15, 3, 12, 19, 16, 15, 10, 16, 3, 1, 17, 6, 1, 8, 16, 14, 15, 16, 17, 4, 15, 15, 8, 5, 1, 18, 19, 1, 4, 10, 15, 5, 18, 3, 8, 4, 5, 7, 14, 1, 10, 6, 3, 18, 1, 10, 18, 3, 4, 8, 15, 5, 10, 8, 17, 11, 16, 10, 12, 4, 8, 2, 5, 5, 15, 15, 10, 12, 12, 10, 18, 18, 16, 18, 7]
bestever    2000    in generation 652
[6, 7, 6, 7, 13, 14, 6, 9, 20, 2, 17, 13, 14, 6, 2, 20, 9, 13, 6, 2, 19, 6, 10, 13, 7, 2, 13, 6, 2, 12, 19, 11, 17, 20, 3, 9, 11, 20, 9, 12, 14, 1, 20, 1, 7, 17, 16, 2, 14, 2, 5, 9, 5, 17, 2, 12, 3, 4, 13, 2, 11, 16, 20, 14, 11, 19, 5, 14, 10, 9, 13, 7, 20, 17, 8, 15, 11, 19, 3, 9, 11, 12, 11, 18, 13, 19, 3, 12, 6, 17, 7, 19, 9, 13, 17, 14, 1, 4, 8, 12, 4, 2, 16, 3, 4, 11, 18, 5, 9, 8, 20, 16, 11, 13, 7, 7, 19, 20, 9, 4, 1, 8, 19, 14, 20, 15, 3, 12, 19, 16, 15, 10, 16, 3, 1, 17, 6, 1, 8, 16, 14, 15, 16, 17, 4, 15, 15, 8, 5, 1, 18, 19, 1, 4, 10, 15, 5, 18, 3, 8, 4, 5, 7, 14, 1, 10, 6, 3, 18, 1, 10, 18, 3, 4, 8, 15, 5, 10, 8, 17, 11, 16, 10, 12, 4, 8, 18, 5, 5, 15, 15, 10, 12, 12, 10, 18, 18, 16, 18, 7]
bestever    1985    in generation 670
[6, 7, 6, 7, 13, 14, 6, 9, 20, 2, 17, 13, 14, 6, 2, 20, 9, 13, 6, 2, 19, 6, 10, 13, 7, 2, 13, 6, 2, 12, 19, 11, 17, 20, 3, 9, 11, 20, 9, 12, 14, 1, 20, 1, 7, 17, 16, 2, 14, 2, 5, 9, 5, 17, 2, 12, 3, 4, 13, 2, 11, 16, 20, 14, 11, 19, 5, 14, 10, 9, 13, 7, 20, 17, 8, 15, 11, 19, 3, 9, 11, 12, 11, 18, 13, 19, 3, 12, 6, 17, 7, 19, 9, 13, 17, 14, 1, 4, 8, 12, 4, 2, 16, 3, 4, 11, 18, 5, 9, 8, 20, 16, 11, 16, 7, 7, 19, 20, 9, 4, 1, 8, 19, 14, 20, 15, 3, 12, 19, 16, 15, 10, 16, 3, 1, 17, 6, 1, 8, 16, 14, 15, 16, 17, 4, 15, 15, 8, 5, 1, 18, 19, 1, 4, 10, 15, 5, 18, 3, 8, 4, 5, 7, 14, 1, 10, 6, 3, 18, 1, 10, 18, 3, 4, 8, 15, 5, 10, 8, 17, 11, 16, 10, 12, 4, 8, 18, 5, 5, 15, 15, 10, 12, 12, 10, 18, 18, 13, 18, 7]
bestever    1968    in generation 673
[6, 7, 6, 7, 13, 14, 6, 9, 20, 2, 17, 13, 14, 6, 2, 20, 9, 13, 6, 2, 19, 6, 10, 13, 7, 2, 13, 6, 2, 12, 19, 11, 17, 20, 3, 9, 11, 20, 9, 12, 14, 1, 20, 1, 7, 17, 16, 2, 14, 2, 5, 9, 5, 17, 2, 12, 3, 4, 13, 2, 11, 16, 20, 14, 11, 19, 5, 14, 10, 9, 13, 7, 20, 17, 8, 15, 11, 19, 3, 9, 11, 12, 11, 18, 13, 19, 3, 12, 6, 17, 7, 19, 9, 13, 17, 14, 1, 4, 8, 12, 4, 2, 16, 3, 4, 11, 18, 5, 9, 8, 20, 16, 11, 10, 7, 7, 19, 20, 9, 4, 1, 8, 19, 14, 20, 15, 3, 12, 19, 16, 15, 10, 16, 3, 1, 17, 6, 1, 8, 16, 14, 15, 16, 17, 4, 15, 15, 8, 5, 1, 18, 19, 1, 4, 10, 15, 5, 18, 3, 8, 4, 5, 7, 14, 1, 10, 6, 3, 18, 1, 16, 18, 3, 4, 8, 15, 5, 10, 8, 17, 11, 16, 10, 12, 4, 8, 18, 5, 5, 15, 15, 10, 12, 12, 10, 18, 18, 13, 18, 7]
bestever    1946    in generation 722
[6, 7, 6, 7, 13, 14, 6, 9, 20, 2, 17, 13, 14, 6, 2, 20, 9, 13, 6, 2, 19, 6, 10, 13, 7, 2, 13, 6, 2, 3, 19, 11, 17, 20, 3, 9, 11, 20, 9, 12, 14, 1, 20, 1, 7, 17, 16, 2, 14, 2, 5, 9, 5, 17, 2, 12, 3, 4, 13, 2, 11, 16, 20, 14, 11, 19, 5, 14, 10, 9, 13, 7, 20, 17, 8, 15, 11, 19, 3, 9, 11, 12, 11, 18, 13, 19, 3, 12, 6, 17, 7, 19, 9, 13, 17, 20, 1, 4, 8, 12, 4, 2, 16, 3, 4, 11, 18, 5, 9, 8, 20, 16, 11, 10, 7, 7, 19, 20, 9, 4, 1, 8, 19, 14, 14, 15, 3, 12, 19, 16, 15, 10, 16, 3, 1, 17, 6, 1, 8, 16, 14, 15, 16, 17, 4, 15, 15, 8, 5, 1, 18, 19, 1, 4, 10, 15, 5, 18, 3, 8, 4, 5, 7, 14, 1, 10, 6, 3, 18, 1, 16, 18, 12, 4, 8, 15, 5, 10, 8, 17, 11, 16, 10, 12, 4, 8, 18, 5, 5, 15, 15, 10, 12, 12, 10, 18, 18, 13, 18, 7]
bestever    1938    in generation 742
[6, 7, 6, 7, 13, 14, 6, 9, 20, 2, 17, 13, 14, 6, 2, 20, 9, 13, 6, 2, 19, 6, 10, 13, 7, 2, 13, 6, 2, 3, 19, 11, 17, 20, 3, 9, 11, 20, 9, 12, 14, 1, 20, 1, 7, 17, 16, 2, 14, 2, 5, 9, 5, 17, 2, 12, 3, 4, 13, 2, 11, 16, 20, 14, 11, 19, 5, 14, 10, 9, 13, 7, 20, 17, 8, 15, 11, 19, 3, 9, 11, 12, 11, 18, 13, 19, 3, 12, 6, 17, 7, 19, 9, 13, 17, 20, 1, 4, 8, 12, 4, 2, 16, 3, 4, 11, 18, 5, 9, 8, 20, 16, 11, 10, 7, 7, 19, 20, 9, 4, 1, 8, 19, 14, 14, 15, 3, 12, 19, 16, 15, 10, 16, 3, 1, 17, 6, 1, 8, 16, 14, 15, 16, 17, 4, 15, 15, 8, 5, 1, 18, 19, 1, 4, 10, 15, 5, 18, 3, 8, 4, 5, 7, 14, 1, 10, 6, 3, 18, 1, 16, 18, 12, 4, 8, 15, 5, 10, 8, 17, 11, 16, 13, 12, 4, 8, 18, 5, 5, 15, 15, 10, 12, 12, 10, 18, 18, 10, 18, 7]
bestever    1937    in generation 788
[6, 7, 6, 7, 13, 14, 6, 9, 20, 2, 17, 13, 14, 6, 2, 20, 9, 13, 6, 2, 19, 6, 10, 13, 7, 2, 13, 6, 2, 3, 19, 11, 17, 20, 3, 9, 11, 20, 9, 12, 14, 1, 20, 1, 7, 17, 16, 2, 14, 2, 4, 9, 5, 17, 2, 12, 3, 4, 13, 2, 11, 16, 20, 14, 11, 19, 5, 14, 10, 9, 13, 7, 20, 17, 8, 15, 11, 19, 3, 9, 11, 12, 11, 18, 13, 19, 3, 12, 6, 17, 7, 19, 9, 13, 17, 20, 1, 4, 8, 12, 4, 2, 16, 3, 4, 11, 18, 5, 9, 8, 20, 16, 11, 10, 7, 7, 19, 20, 9, 5, 1, 8, 19, 14, 14, 15, 3, 12, 19, 16, 15, 10, 16, 3, 1, 17, 6, 1, 8, 16, 14, 15, 16, 17, 4, 15, 15, 8, 5, 1, 18, 19, 1, 4, 10, 15, 5, 18, 3, 8, 4, 5, 7, 14, 1, 10, 6, 3, 18, 1, 16, 18, 12, 4, 8, 15, 5, 10, 8, 17, 11, 16, 13, 12, 4, 8, 18, 5, 5, 15, 15, 10, 12, 12, 10, 18, 18, 10, 18, 7]
bestever    1935    in generation 819
[6, 7, 6, 7, 13, 14, 6, 9, 20, 2, 17, 13, 14, 6, 2, 20, 9, 13, 6, 2, 19, 6, 10, 13, 7, 2, 13, 6, 2, 3, 19, 11, 17, 20, 3, 9, 11, 20, 9, 12, 14, 1, 20, 1, 7, 17, 16, 2, 14, 2, 4, 9, 5, 17, 2, 12, 13, 4, 13, 2, 11, 16, 20, 14, 11, 19, 5, 14, 10, 9, 13, 7, 20, 17, 8, 15, 11, 19, 3, 9, 11, 12, 11, 18, 13, 19, 3, 12, 6, 17, 7, 19, 9, 13, 17, 20, 1, 4, 8, 12, 4, 2, 16, 3, 4, 11, 18, 5, 9, 8, 20, 16, 11, 10, 7, 7, 19, 20, 9, 5, 1, 8, 19, 14, 14, 15, 3, 12, 19, 16, 15, 10, 16, 3, 1, 17, 6, 1, 8, 16, 14, 15, 16, 17, 4, 15, 15, 8, 5, 1, 18, 19, 1, 4, 10, 15, 5, 18, 3, 8, 4, 5, 7, 14, 1, 10, 6, 3, 18, 1, 16, 18, 12, 4, 8, 15, 5, 10, 8, 17, 11, 16, 3, 12, 4, 8, 18, 5, 5, 15, 15, 10, 12, 12, 10, 18, 18, 10, 18, 7]
bestever    1909    in generation 867
[6, 7, 6, 7, 13, 14, 6, 9, 20, 2, 17, 13, 14, 6, 2, 20, 9, 13, 6, 2, 19, 6, 10, 13, 7, 2, 13, 6, 2, 3, 19, 11, 17, 20, 3, 9, 11, 20, 9, 12, 14, 1, 20, 1, 7, 17, 16, 2, 14, 2, 4, 9, 5, 17, 2, 12, 13, 4, 13, 2, 11, 16, 20, 14, 11, 19, 5, 14, 10, 9, 3, 7, 20, 17, 8, 15, 11, 19, 3, 9, 11, 12, 11, 18, 13, 19, 3, 12, 6, 17, 7, 19, 9, 13, 17, 20, 1, 4, 8, 12, 4, 2, 16, 3, 4, 11, 18, 5, 9, 8, 20, 16, 11, 10, 7, 7, 19, 20, 9, 5, 1, 8, 19, 14, 14, 15, 13, 12, 19, 16, 15, 10, 16, 3, 1, 17, 6, 1, 8, 16, 14, 15, 16, 17, 4, 15, 15, 8, 5, 1, 18, 19, 1, 4, 10, 15, 5, 18, 3, 8, 4, 5, 7, 14, 1, 10, 6, 3, 18, 1, 16, 18, 12, 4, 8, 15, 5, 10, 8, 17, 11, 16, 3, 12, 4, 8, 18, 5, 5, 15, 15, 10, 12, 12, 10, 18, 18, 10, 18, 7]
bestever    1907    in generation 884
[6, 7, 6, 7, 13, 14, 6, 9, 20, 2, 17, 13, 14, 6, 2, 20, 9, 13, 6, 2, 19, 6, 10, 13, 7, 2, 13, 6, 2, 3, 19, 11, 17, 20, 3, 9, 11, 20, 9, 12, 14, 1, 20, 1, 7, 17, 16, 2, 14, 2, 4, 9, 5, 17, 2, 12, 13, 4, 13, 2, 11, 16, 20, 14, 11, 19, 5, 14, 10, 9, 3, 7, 20, 17, 8, 15, 11, 19, 3, 9, 11, 12, 11, 18, 13, 19, 3, 12, 6, 17, 7, 19, 9, 13, 17, 20, 1, 4, 8, 12, 4, 2, 16, 3, 4, 11, 18, 5, 9, 8, 20, 16, 11, 10, 7, 7, 19, 20, 9, 5, 1, 8, 19, 14, 14, 15, 13, 12, 19, 16, 15, 10, 16, 3, 1, 17, 6, 1, 8, 16, 14, 15, 16, 17, 4, 15, 15, 8, 5, 1, 18, 19, 1, 4, 10, 15, 5, 18, 3, 8, 4, 5, 7, 14, 1, 10, 6, 3, 15, 1, 16, 18, 12, 4, 8, 15, 5, 10, 8, 17, 11, 16, 3, 12, 4, 8, 18, 5, 5, 15, 18, 10, 12, 12, 10, 18, 18, 10, 18, 7]
bestever    1906    in generation 960
[6, 7, 6, 7, 13, 13, 6, 9, 20, 2, 17, 13, 14, 6, 2, 20, 9, 14, 6, 2, 19, 6, 10, 13, 7, 2, 13, 6, 2, 3, 19, 11, 17, 20, 3, 9, 11, 20, 9, 12, 14, 1, 20, 1, 7, 17, 16, 2, 14, 2, 4, 9, 5, 17, 2, 12, 13, 4, 13, 2, 11, 16, 20, 14, 11, 19, 5, 14, 10, 9, 3, 7, 20, 17, 8, 15, 11, 19, 3, 9, 11, 12, 11, 18, 13, 19, 3, 12, 6, 17, 7, 19, 9, 13, 17, 20, 1, 4, 8, 12, 4, 2, 16, 3, 4, 11, 18, 5, 9, 8, 20, 16, 11, 10, 7, 7, 19, 20, 9, 5, 1, 8, 19, 14, 14, 15, 13, 12, 19, 16, 15, 10, 16, 3, 1, 17, 6, 1, 8, 16, 14, 15, 16, 17, 4, 15, 15, 8, 5, 1, 18, 19, 1, 4, 10, 15, 5, 18, 3, 8, 4, 5, 7, 14, 1, 10, 6, 3, 15, 1, 16, 18, 12, 4, 8, 15, 5, 10, 8, 17, 11, 16, 3, 12, 4, 8, 18, 5, 5, 15, 18, 10, 12, 12, 10, 18, 18, 10, 18, 7]
bestever    1897    in generation 1015
[6, 6, 6, 7, 13, 13, 6, 9, 20, 2, 17, 13, 14, 7, 2, 20, 9, 14, 6, 2, 19, 6, 10, 13, 7, 2, 13, 6, 2, 3, 19, 11, 17, 20, 3, 9, 11, 20, 9, 12, 14, 1, 20, 1, 7, 17, 16, 2, 14, 2, 4, 9, 5, 17, 2, 12, 13, 4, 13, 2, 11, 16, 20, 14, 11, 19, 5, 14, 10, 9, 3, 7, 20, 17, 8, 15, 11, 19, 3, 9, 11, 12, 11, 18, 13, 19, 3, 12, 6, 17, 7, 19, 9, 13, 17, 20, 1, 4, 8, 12, 4, 2, 16, 3, 4, 11, 18, 5, 9, 8, 20, 16, 11, 10, 7, 7, 19, 20, 9, 5, 1, 8, 19, 14, 14, 15, 13, 12, 19, 16, 15, 10, 16, 3, 1, 17, 6, 1, 8, 16, 14, 15, 16, 17, 4, 15, 15, 8, 5, 1, 18, 19, 1, 4, 10, 15, 5, 18, 3, 8, 4, 5, 7, 14, 1, 10, 6, 3, 15, 1, 16, 18, 12, 4, 8, 15, 5, 10, 8, 17, 11, 16, 3, 12, 4, 8, 18, 5, 5, 15, 18, 10, 12, 12, 10, 18, 18, 10, 18, 7]
bestever    1893    in generation 1114
[6, 6, 6, 7, 13, 13, 6, 9, 20, 2, 17, 13, 14, 7, 2, 20, 9, 14, 6, 2, 19, 6, 10, 13, 7, 2, 13, 6, 2, 3, 19, 11, 17, 20, 3, 9, 11, 20, 9, 12, 14, 1, 20, 1, 7, 17, 16, 2, 14, 2, 4, 9, 5, 17, 2, 12, 13, 4, 13, 2, 11, 16, 20, 14, 11, 19, 5, 14, 10, 9, 3, 7, 20, 17, 8, 15, 11, 19, 3, 9, 11, 12, 11, 18, 13, 19, 3, 12, 6, 17, 7, 19, 9, 13, 17, 20, 1, 4, 8, 12, 1, 2, 16, 3, 4, 11, 18, 5, 9, 8, 20, 16, 11, 10, 7, 7, 19, 20, 9, 5, 1, 8, 19, 14, 14, 15, 13, 12, 19, 16, 15, 10, 16, 3, 4, 17, 6, 1, 8, 16, 14, 15, 16, 17, 4, 15, 15, 8, 5, 1, 18, 19, 1, 4, 10, 15, 5, 18, 3, 8, 4, 5, 7, 14, 1, 10, 6, 3, 15, 1, 16, 18, 12, 4, 8, 15, 5, 10, 8, 17, 11, 16, 3, 12, 4, 8, 18, 5, 5, 15, 18, 10, 12, 12, 10, 18, 18, 10, 18, 7]
bestever    1889    in generation 1218
[6, 6, 6, 7, 13, 13, 6, 9, 20, 2, 17, 13, 14, 7, 2, 20, 9, 14, 6, 2, 19, 6, 10, 13, 7, 2, 13, 6, 2, 3, 19, 11, 17, 20, 3, 9, 11, 20, 9, 12, 14, 1, 9, 1, 7, 17, 16, 2, 14, 2, 4, 9, 5, 17, 2, 12, 13, 4, 13, 2, 11, 16, 20, 14, 11, 19, 5, 14, 10, 9, 3, 7, 20, 17, 8, 15, 11, 19, 3, 20, 11, 12, 11, 18, 13, 19, 3, 12, 6, 17, 7, 19, 9, 13, 17, 20, 1, 4, 8, 12, 1, 2, 16, 3, 4, 11, 18, 5, 9, 8, 20, 16, 11, 10, 7, 7, 19, 20, 9, 5, 1, 8, 19, 14, 14, 15, 13, 12, 19, 16, 15, 10, 16, 3, 4, 17, 6, 1, 8, 16, 14, 15, 16, 17, 4, 15, 15, 8, 5, 1, 18, 19, 1, 4, 10, 15, 5, 18, 3, 8, 4, 5, 7, 14, 1, 10, 6, 3, 15, 1, 16, 18, 12, 4, 8, 15, 5, 10, 8, 17, 11, 16, 3, 12, 4, 8, 18, 5, 5, 15, 18, 10, 12, 12, 10, 18, 18, 10, 18, 7]
bestever    1888    in generation 1255
[6, 6, 6, 7, 13, 13, 6, 9, 20, 2, 17, 13, 14, 7, 2, 20, 9, 14, 6, 2, 19, 6, 10, 13, 7, 2, 13, 6, 2, 3, 19, 11, 17, 20, 3, 9, 11, 20, 9, 12, 14, 1, 9, 1, 7, 17, 16, 2, 14, 2, 4, 9, 5, 17, 2, 12, 13, 4, 13, 2, 11, 16, 20, 14, 11, 19, 5, 14, 10, 9, 3, 7, 20, 17, 8, 15, 11, 19, 3, 20, 11, 12, 11, 18, 13, 19, 3, 12, 6, 17, 7, 19, 9, 13, 17, 20, 1, 4, 8, 12, 1, 2, 16, 3, 4, 11, 18, 5, 9, 8, 20, 16, 11, 10, 7, 7, 19, 7, 9, 5, 1, 8, 19, 14, 14, 15, 13, 12, 19, 16, 15, 10, 16, 3, 4, 17, 6, 1, 8, 16, 14, 15, 16, 17, 4, 15, 15, 8, 5, 1, 18, 19, 1, 4, 10, 15, 5, 18, 3, 8, 4, 5, 20, 14, 1, 10, 6, 3, 15, 1, 16, 18, 12, 4, 8, 15, 5, 10, 8, 17, 11, 16, 3, 12, 4, 8, 18, 5, 5, 15, 18, 10, 12, 12, 10, 18, 18, 10, 18, 7]
bestever    1886    in generation 1319
[6, 6, 6, 7, 13, 13, 6, 9, 20, 2, 17, 13, 14, 7, 2, 20, 9, 14, 6, 2, 19, 6, 10, 13, 7, 2, 13, 6, 2, 3, 19, 11, 17, 20, 3, 9, 11, 20, 9, 12, 14, 1, 9, 1, 7, 17, 16, 2, 14, 2, 4, 9, 5, 17, 2, 12, 13, 4, 13, 2, 11, 14, 20, 14, 11, 19, 5, 16, 10, 9, 3, 7, 20, 17, 8, 15, 11, 19, 3, 20, 11, 12, 11, 18, 13, 19, 3, 12, 6, 17, 7, 19, 9, 13, 17, 20, 1, 4, 8, 12, 1, 2, 16, 3, 4, 11, 18, 5, 9, 8, 20, 16, 11, 10, 7, 7, 19, 7, 9, 5, 1, 8, 19, 14, 14, 15, 13, 12, 19, 16, 15, 10, 16, 3, 4, 17, 6, 1, 8, 16, 14, 15, 16, 17, 4, 15, 15, 8, 5, 1, 18, 19, 1, 4, 10, 15, 5, 18, 3, 8, 4, 5, 20, 14, 1, 10, 6, 3, 15, 1, 16, 3, 12, 4, 8, 15, 5, 10, 8, 17, 11, 16, 18, 12, 4, 8, 18, 5, 5, 15, 18, 10, 12, 12, 10, 18, 18, 10, 18, 7]
bestever    1881    in generation 1435
[6, 6, 6, 7, 13, 13, 6, 9, 20, 2, 17, 13, 14, 7, 2, 20, 9, 14, 6, 2, 19, 6, 10, 13, 7, 2, 13, 6, 2, 3, 19, 11, 17, 20, 3, 9, 11, 20, 9, 12, 14, 1, 9, 1, 7, 17, 16, 2, 14, 2, 4, 9, 5, 17, 2, 12, 13, 4, 13, 2, 11, 14, 20, 14, 11, 19, 5, 16, 10, 9, 3, 7, 20, 17, 8, 15, 11, 19, 3, 20, 11, 12, 11, 18, 13, 19, 3, 12, 6, 17, 7, 19, 9, 13, 17, 20, 1, 4, 8, 12, 1, 2, 16, 3, 4, 11, 18, 5, 9, 8, 20, 16, 11, 10, 7, 7, 19, 7, 9, 5, 1, 8, 19, 14, 14, 15, 13, 12, 19, 16, 15, 10, 16, 3, 4, 17, 6, 1, 8, 16, 14, 15, 16, 17, 4, 15, 15, 8, 5, 1, 18, 19, 1, 4, 10, 15, 5, 18, 3, 8, 4, 5, 20, 14, 1, 10, 6, 3, 15, 1, 16, 3, 12, 4, 8, 15, 5, 10, 8, 17, 11, 16, 18, 12, 4, 8, 18, 5, 5, 15, 18, 10, 12, 12, 10, 7, 18, 10, 18, 18]
bestever    1880    in generation 1572
[6, 6, 6, 7, 13, 13, 6, 9, 20, 2, 17, 13, 14, 7, 2, 20, 9, 14, 6, 2, 19, 6, 10, 13, 7, 2, 13, 6, 2, 3, 19, 11, 17, 20, 3, 9, 11, 20, 9, 12, 14, 1, 9, 1, 7, 17, 16, 2, 14, 2, 7, 4, 9, 5, 17, 2, 12, 13, 4, 13, 2, 11, 14, 20, 14, 11, 19, 5, 16, 10, 9, 3, 7, 20, 17, 8, 15, 11, 19, 3, 20, 11, 12, 11, 18, 13, 19, 3, 12, 6, 17, 7, 19, 9, 13, 17, 20, 1, 4, 8, 12, 1, 2, 16, 3, 4, 11, 18, 5, 9, 8, 20, 16, 11, 10, 7, 7, 19, 7, 9, 5, 1, 8, 19, 14, 14, 15, 13, 12, 19, 16, 15, 10, 16, 3, 4, 17, 6, 1, 8, 16, 14, 15, 16, 17, 4, 15, 15, 8, 5, 1, 18, 19, 1, 4, 10, 15, 5, 18, 3, 8, 4, 5, 20, 14, 1, 10, 6, 3, 15, 1, 16, 3, 12, 4, 8, 15, 5, 10, 8, 17, 11, 16, 18, 12, 4, 8, 18, 5, 5, 15, 18, 10, 12, 12, 10, 18, 10, 18, 18]
bestever    1878    in generation 1659
[6, 6, 6, 7, 13, 13, 6, 9, 20, 2, 17, 13, 14, 7, 2, 20, 9, 14, 6, 2, 19, 6, 10, 13, 7, 2, 13, 6, 2, 3, 19, 11, 17, 20, 3, 9, 11, 20, 9, 12, 14, 1, 9, 1, 7, 11, 16, 2, 14, 2, 7, 4, 9, 5, 17, 2, 12, 13, 4, 13, 2, 11, 14, 20, 14, 11, 19, 5, 16, 10, 9, 3, 7, 20, 17, 8, 15, 11, 19, 3, 20, 17, 12, 11, 18, 13, 19, 3, 12, 6, 17, 7, 19, 9, 13, 17, 20, 1, 4, 8, 12, 1, 2, 16, 3, 4, 11, 18, 5, 9, 8, 20, 16, 11, 10, 7, 7, 19, 7, 9, 5, 1, 8, 19, 14, 14, 15, 13, 12, 19, 16, 15, 10, 16, 3, 4, 17, 6, 1, 8, 16, 14, 15, 16, 17, 4, 15, 15, 8, 5, 1, 18, 19, 1, 4, 10, 15, 5, 18, 3, 8, 4, 5, 20, 14, 1, 10, 6, 3, 15, 1, 16, 3, 12, 4, 8, 15, 5, 10, 8, 17, 11, 16, 18, 12, 4, 8, 18, 5, 5, 15, 18, 10, 12, 12, 10, 18, 10, 18, 18]
bestever    1874    in generation 1724
[6, 6, 6, 7, 13, 13, 6, 9, 20, 2, 17, 13, 14, 20, 2, 7, 9, 14, 6, 2, 19, 6, 10, 13, 7, 2, 13, 6, 2, 3, 19, 11, 17, 20, 3, 9, 11, 20, 9, 12, 14, 1, 9, 1, 7, 11, 16, 2, 14, 2, 7, 4, 9, 5, 17, 2, 12, 13, 4, 13, 2, 11, 14, 20, 14, 11, 19, 5, 16, 10, 9, 3, 7, 20, 17, 8, 15, 11, 19, 3, 20, 17, 12, 11, 18, 13, 19, 3, 12, 6, 17, 7, 19, 9, 13, 17, 20, 1, 4, 8, 12, 1, 2, 16, 3, 4, 11, 18, 5, 9, 8, 20, 16, 11, 10, 7, 7, 19, 7, 9, 5, 1, 8, 19, 14, 14, 15, 13, 12, 19, 16, 15, 10, 16, 3, 4, 17, 6, 1, 8, 16, 14, 15, 16, 17, 4, 15, 15, 8, 5, 1, 18, 19, 1, 4, 10, 15, 5, 18, 3, 8, 4, 5, 20, 14, 1, 10, 6, 3, 15, 1, 16, 3, 12, 4, 8, 15, 5, 10, 8, 17, 11, 16, 18, 12, 4, 8, 18, 5, 5, 15, 18, 10, 12, 12, 10, 18, 10, 18, 18]
bestever    1867    in generation 1751
[6, 6, 6, 7, 13, 13, 6, 9, 20, 9, 17, 13, 14, 20, 2, 7, 9, 14, 6, 2, 19, 6, 10, 13, 7, 2, 13, 6, 2, 3, 19, 11, 17, 20, 3, 9, 11, 20, 9, 12, 14, 1, 9, 1, 7, 11, 16, 2, 14, 2, 7, 4, 9, 5, 17, 2, 12, 13, 4, 13, 2, 11, 14, 20, 14, 11, 19, 5, 16, 10, 9, 3, 7, 20, 17, 8, 15, 11, 19, 3, 20, 17, 12, 11, 18, 13, 19, 3, 12, 6, 17, 7, 19, 2, 13, 17, 20, 1, 4, 8, 12, 1, 2, 16, 3, 4, 11, 18, 5, 9, 8, 20, 16, 11, 10, 7, 7, 19, 7, 9, 5, 1, 8, 19, 14, 14, 15, 13, 12, 19, 16, 15, 10, 16, 3, 4, 17, 6, 1, 8, 16, 14, 15, 16, 17, 4, 15, 15, 8, 5, 1, 18, 19, 1, 4, 10, 15, 5, 18, 3, 8, 4, 5, 20, 14, 1, 10, 6, 3, 15, 1, 16, 3, 12, 4, 8, 15, 5, 10, 8, 17, 11, 16, 18, 12, 4, 8, 18, 5, 5, 15, 18, 10, 12, 12, 10, 18, 10, 18, 18]
bestever    1863    in generation 1815
[6, 6, 6, 7, 13, 13, 6, 9, 20, 9, 17, 13, 14, 20, 2, 7, 9, 14, 6, 2, 19, 6, 10, 13, 7, 2, 13, 6, 2, 3, 19, 11, 17, 20, 3, 9, 11, 20, 9, 12, 14, 1, 9, 1, 7, 11, 16, 2, 14, 2, 7, 4, 9, 5, 17, 2, 12, 13, 4, 13, 2, 11, 14, 20, 14, 11, 19, 5, 16, 10, 9, 3, 7, 20, 17, 8, 15, 11, 19, 3, 20, 17, 12, 11, 18, 13, 19, 3, 12, 6, 17, 7, 19, 2, 13, 17, 20, 1, 4, 8, 12, 1, 2, 16, 3, 4, 11, 18, 5, 9, 8, 20, 16, 11, 10, 7, 7, 19, 7, 9, 5, 1, 8, 19, 14, 14, 15, 3, 12, 19, 16, 15, 10, 16, 3, 4, 17, 6, 1, 8, 16, 14, 15, 16, 17, 4, 15, 15, 8, 5, 1, 18, 19, 1, 4, 10, 15, 5, 18, 3, 8, 4, 5, 20, 14, 1, 10, 6, 3, 15, 1, 16, 13, 12, 4, 8, 18, 5, 10, 8, 17, 11, 16, 18, 12, 4, 8, 18, 5, 5, 15, 15, 10, 12, 12, 10, 18, 10, 18, 18]
bestever    1858    in generation 1819
[6, 6, 6, 7, 13, 13, 6, 9, 20, 9, 17, 13, 14, 20, 2, 7, 9, 14, 6, 2, 19, 6, 10, 13, 7, 2, 13, 6, 2, 3, 19, 11, 17, 20, 3, 9, 11, 20, 9, 12, 14, 1, 9, 1, 7, 11, 16, 2, 14, 2, 7, 4, 9, 5, 17, 2, 12, 13, 4, 13, 2, 11, 14, 20, 14, 11, 19, 5, 16, 10, 9, 3, 12, 20, 17, 8, 15, 11, 19, 3, 20, 17, 12, 11, 18, 13, 19, 3, 7, 6, 17, 7, 19, 2, 13, 17, 20, 1, 4, 8, 12, 1, 2, 16, 3, 4, 11, 18, 5, 9, 8, 20, 16, 11, 10, 7, 7, 19, 7, 9, 5, 1, 8, 19, 14, 14, 15, 3, 12, 19, 16, 15, 10, 16, 3, 4, 17, 6, 1, 8, 16, 14, 15, 16, 17, 4, 15, 15, 8, 5, 1, 18, 19, 1, 4, 10, 15, 5, 18, 3, 8, 4, 5, 20, 14, 1, 10, 6, 3, 15, 1, 16, 13, 12, 4, 8, 18, 5, 10, 8, 17, 11, 16, 18, 12, 4, 8, 18, 5, 5, 15, 15, 10, 12, 12, 10, 18, 10, 18, 18]
bestever    1854    in generation 1920
[6, 6, 6, 7, 13, 13, 6, 9, 20, 9, 17, 13, 14, 20, 2, 7, 9, 14, 6, 2, 19, 6, 10, 13, 7, 2, 13, 6, 2, 3, 19, 11, 17, 20, 3, 9, 11, 20, 9, 12, 14, 1, 9, 1, 7, 11, 16, 2, 14, 2, 7, 4, 9, 5, 17, 2, 12, 13, 4, 13, 2, 11, 14, 20, 14, 11, 19, 5, 16, 10, 9, 3, 12, 20, 17, 8, 15, 11, 19, 3, 20, 17, 12, 11, 18, 13, 19, 3, 7, 6, 17, 7, 19, 2, 13, 17, 20, 1, 4, 8, 12, 1, 2, 16, 3, 4, 11, 18, 5, 9, 8, 20, 16, 11, 10, 7, 7, 19, 7, 9, 5, 1, 8, 19, 14, 14, 15, 19, 12, 19, 16, 15, 10, 16, 3, 4, 17, 6, 1, 8, 16, 14, 15, 16, 17, 4, 15, 15, 8, 5, 1, 18, 3, 1, 4, 10, 15, 5, 18, 3, 8, 4, 5, 20, 14, 1, 10, 6, 3, 15, 1, 16, 13, 12, 4, 8, 18, 5, 10, 8, 17, 11, 16, 18, 12, 4, 8, 18, 5, 5, 15, 15, 10, 12, 12, 10, 18, 10, 18, 18]
bestever    1848    in generation 1938
[6, 6, 6, 7, 13, 13, 6, 9, 20, 9, 17, 13, 14, 20, 2, 7, 9, 14, 6, 2, 19, 6, 10, 13, 7, 2, 13, 6, 2, 1, 19, 11, 17, 20, 3, 9, 11, 20, 9, 12, 14, 1, 9, 3, 7, 11, 16, 2, 14, 2, 7, 4, 9, 5, 17, 2, 12, 13, 4, 13, 2, 11, 14, 20, 14, 11, 19, 5, 16, 10, 9, 3, 12, 20, 17, 8, 15, 11, 19, 3, 20, 17, 12, 11, 18, 13, 19, 3, 7, 6, 17, 7, 19, 2, 13, 17, 20, 1, 4, 8, 12, 1, 2, 16, 3, 4, 11, 18, 5, 9, 8, 20, 16, 11, 10, 7, 7, 19, 7, 9, 5, 1, 8, 19, 14, 14, 15, 19, 12, 19, 16, 15, 10, 16, 3, 4, 1, 6, 17, 8, 16, 14, 15, 16, 17, 4, 15, 15, 8, 5, 1, 18, 3, 1, 4, 10, 15, 5, 18, 3, 8, 4, 5, 20, 14, 1, 10, 6, 3, 15, 1, 16, 13, 12, 4, 8, 18, 5, 10, 8, 17, 11, 16, 18, 12, 4, 8, 18, 5, 5, 15, 15, 10, 12, 12, 10, 18, 10, 18, 18]
bestever    1846    in generation 1940
[6, 6, 6, 7, 13, 13, 6, 2, 20, 9, 17, 13, 14, 20, 2, 7, 9, 14, 6, 2, 19, 6, 10, 13, 7, 2, 13, 6, 2, 1, 19, 11, 17, 20, 3, 9, 11, 20, 9, 12, 14, 1, 9, 3, 7, 11, 16, 9, 14, 2, 7, 4, 9, 5, 17, 2, 12, 13, 4, 13, 2, 11, 14, 20, 14, 11, 19, 5, 16, 10, 9, 3, 12, 20, 17, 8, 15, 11, 19, 3, 20, 17, 12, 11, 18, 13, 19, 3, 7, 6, 17, 7, 19, 2, 13, 17, 20, 1, 4, 8, 12, 1, 2, 16, 3, 4, 11, 18, 5, 9, 8, 20, 16, 11, 10, 7, 7, 19, 7, 9, 5, 1, 8, 19, 14, 14, 15, 19, 12, 19, 16, 15, 10, 16, 3, 4, 1, 6, 17, 8, 16, 14, 15, 16, 17, 4, 15, 15, 8, 5, 1, 18, 3, 1, 4, 10, 15, 5, 18, 3, 8, 4, 5, 20, 14, 1, 10, 6, 3, 15, 1, 16, 13, 12, 4, 8, 18, 5, 10, 8, 17, 11, 16, 18, 12, 4, 8, 18, 5, 5, 15, 15, 10, 12, 12, 10, 18, 10, 18, 18]
bestever    1841    in generation 1952
[6, 6, 6, 7, 13, 13, 20, 2, 20, 9, 17, 13, 14, 6, 2, 7, 9, 14, 6, 2, 19, 6, 10, 13, 7, 2, 13, 6, 2, 1, 19, 11, 17, 20, 3, 9, 11, 20, 9, 12, 14, 1, 9, 3, 7, 11, 16, 9, 14, 2, 7, 4, 9, 5, 17, 2, 12, 13, 4, 13, 2, 11, 16, 20, 14, 11, 19, 5, 14, 10, 9, 3, 12, 20, 17, 8, 15, 11, 19, 3, 20, 17, 12, 11, 18, 13, 19, 3, 7, 6, 17, 7, 19, 2, 13, 17, 20, 1, 4, 8, 12, 1, 2, 16, 3, 4, 11, 18, 5, 9, 8, 20, 16, 11, 10, 7, 7, 19, 7, 9, 5, 1, 8, 19, 14, 14, 15, 19, 12, 19, 16, 15, 10, 16, 3, 4, 1, 6, 17, 8, 16, 14, 15, 16, 17, 4, 15, 15, 8, 5, 1, 18, 3, 1, 4, 10, 15, 5, 18, 3, 8, 4, 5, 20, 14, 1, 10, 6, 3, 15, 1, 16, 13, 12, 4, 8, 18, 5, 10, 8, 17, 11, 16, 18, 12, 4, 8, 18, 5, 5, 15, 15, 10, 12, 12, 10, 18, 10, 18, 18]
bestever    1838    in generation 1967
[6, 6, 6, 7, 13, 13, 20, 2, 20, 9, 17, 13, 14, 6, 2, 7, 9, 14, 6, 2, 19, 6, 2, 13, 7, 2, 13, 6, 2, 1, 19, 11, 17, 20, 3, 9, 11, 20, 9, 12, 14, 1, 9, 3, 7, 11, 16, 9, 14, 2, 7, 4, 9, 5, 17, 2, 12, 13, 4, 13, 2, 11, 16, 20, 14, 11, 19, 5, 14, 10, 9, 3, 12, 20, 17, 8, 15, 11, 19, 3, 20, 17, 12, 11, 18, 13, 19, 3, 7, 6, 17, 7, 19, 2, 13, 17, 20, 1, 4, 8, 12, 1, 10, 16, 3, 4, 11, 18, 5, 9, 8, 20, 16, 11, 10, 7, 7, 19, 7, 9, 5, 1, 8, 19, 14, 14, 15, 19, 12, 19, 16, 15, 10, 16, 3, 4, 1, 6, 17, 8, 16, 14, 15, 16, 17, 4, 15, 15, 8, 5, 1, 18, 3, 1, 4, 10, 15, 5, 18, 3, 8, 4, 5, 20, 14, 1, 10, 6, 3, 15, 1, 16, 13, 12, 4, 8, 18, 5, 10, 8, 17, 11, 16, 18, 12, 4, 8, 18, 5, 5, 15, 15, 10, 12, 12, 10, 18, 10, 18, 18]
bestever    1836    in generation 1972
[6, 6, 6, 7, 13, 13, 20, 2, 20, 9, 17, 13, 14, 6, 2, 7, 9, 14, 6, 2, 19, 6, 2, 13, 7, 2, 13, 6, 2, 1, 19, 11, 17, 20, 3, 9, 11, 20, 9, 12, 14, 1, 9, 3, 7, 11, 16, 9, 14, 2, 7, 4, 9, 5, 17, 2, 12, 13, 4, 13, 2, 11, 16, 20, 14, 11, 19, 5, 14, 10, 9, 3, 12, 20, 17, 8, 15, 11, 19, 3, 20, 17, 12, 11, 18, 13, 19, 3, 7, 6, 17, 7, 19, 2, 13, 17, 10, 1, 4, 8, 12, 1, 20, 16, 3, 4, 11, 18, 5, 9, 8, 20, 16, 11, 10, 7, 7, 19, 7, 9, 5, 1, 8, 19, 14, 14, 15, 19, 12, 19, 16, 15, 10, 16, 3, 4, 1, 6, 17, 8, 16, 14, 15, 16, 17, 4, 15, 15, 8, 5, 1, 18, 3, 1, 4, 10, 15, 5, 18, 3, 8, 4, 5, 20, 14, 1, 10, 6, 3, 15, 1, 16, 13, 12, 4, 8, 18, 5, 10, 8, 17, 11, 16, 18, 12, 4, 8, 18, 5, 5, 15, 15, 10, 12, 12, 10, 18, 10, 18, 18]
bestever    1830    in generation 2023
[6, 6, 6, 7, 13, 13, 20, 2, 20, 9, 17, 13, 14, 6, 2, 7, 9, 14, 6, 2, 19, 6, 2, 13, 7, 2, 13, 6, 2, 1, 19, 11, 17, 20, 3, 9, 11, 20, 9, 12, 14, 1, 9, 3, 7, 11, 16, 9, 14, 2, 7, 4, 9, 5, 17, 2, 12, 13, 4, 13, 2, 11, 16, 20, 14, 11, 19, 5, 14, 10, 9, 3, 12, 20, 17, 8, 15, 11, 19, 3, 20, 17, 12, 11, 18, 13, 19, 3, 7, 6, 17, 7, 19, 2, 13, 17, 10, 1, 4, 8, 12, 1, 20, 16, 3, 4, 18, 11, 5, 9, 8, 20, 16, 11, 10, 11, 7, 19, 7, 9, 5, 1, 8, 19, 14, 14, 15, 19, 12, 19, 16, 15, 10, 16, 3, 4, 1, 6, 17, 8, 16, 14, 15, 16, 17, 4, 15, 15, 8, 5, 1, 18, 3, 1, 4, 10, 15, 5, 18, 3, 8, 4, 5, 20, 14, 1, 10, 6, 3, 15, 1, 16, 13, 12, 4, 8, 18, 5, 10, 8, 17, 7, 16, 18, 12, 4, 8, 18, 5, 5, 15, 15, 10, 12, 12, 10, 18, 10, 18, 18]
bestever    1826    in generation 2146
[6, 6, 6, 7, 13, 13, 20, 2, 20, 9, 17, 13, 14, 6, 2, 7, 9, 14, 6, 2, 19, 6, 2, 13, 7, 2, 13, 6, 2, 1, 19, 11, 17, 20, 3, 9, 11, 20, 9, 12, 14, 1, 9, 3, 7, 11, 16, 9, 14, 2, 7, 4, 9, 5, 17, 2, 12, 13, 4, 13, 2, 11, 16, 20, 14, 11, 19, 5, 14, 10, 9, 3, 12, 20, 17, 8, 15, 11, 19, 3, 20, 17, 12, 11, 18, 13, 19, 3, 7, 6, 17, 7, 19, 2, 13, 17, 10, 1, 4, 8, 12, 1, 20, 15, 16, 3, 4, 18, 11, 5, 9, 8, 20, 16, 11, 10, 11, 7, 19, 7, 9, 5, 1, 8, 19, 14, 14, 15, 19, 12, 19, 16, 15, 10, 16, 3, 4, 1, 6, 17, 8, 16, 14, 16, 17, 4, 15, 15, 8, 5, 1, 18, 3, 1, 10, 4, 15, 5, 18, 3, 8, 4, 5, 20, 14, 1, 10, 6, 3, 15, 1, 16, 13, 12, 4, 8, 18, 5, 10, 8, 17, 7, 16, 18, 12, 4, 8, 18, 5, 5, 15, 15, 10, 12, 12, 10, 18, 10, 18, 18]
bestever    1823    in generation 2161
[6, 6, 6, 7, 13, 13, 20, 2, 20, 9, 17, 13, 14, 6, 2, 7, 9, 14, 6, 2, 19, 6, 2, 13, 7, 2, 13, 6, 2, 1, 19, 11, 17, 20, 3, 9, 11, 20, 9, 12, 14, 1, 9, 3, 7, 11, 16, 9, 14, 2, 7, 4, 9, 5, 17, 2, 12, 13, 4, 13, 2, 11, 16, 20, 14, 11, 19, 5, 14, 10, 9, 3, 12, 20, 17, 8, 15, 11, 19, 3, 20, 17, 12, 11, 18, 13, 19, 3, 4, 6, 17, 7, 19, 2, 13, 17, 10, 1, 4, 8, 12, 1, 20, 15, 16, 3, 7, 18, 11, 5, 9, 8, 20, 16, 11, 10, 11, 7, 19, 7, 9, 5, 1, 8, 19, 14, 14, 15, 19, 12, 19, 16, 15, 10, 16, 3, 4, 1, 6, 17, 8, 16, 14, 16, 17, 4, 15, 15, 8, 5, 1, 18, 3, 1, 10, 4, 15, 5, 18, 3, 8, 4, 5, 20, 14, 1, 10, 6, 3, 15, 1, 16, 13, 12, 4, 8, 18, 5, 10, 8, 17, 7, 16, 18, 12, 4, 8, 18, 5, 5, 15, 15, 10, 12, 12, 10, 18, 10, 18, 18]
bestever    1817    in generation 3634
[6, 6, 6, 7, 13, 2, 4, 13, 20, 2, 20, 9, 17, 13, 14, 6, 2, 7, 9, 14, 6, 2, 19, 12, 2, 13, 7, 2, 13, 6, 2, 11, 1, 19, 17, 20, 3, 9, 11, 20, 12, 9, 14, 1, 9, 3, 7, 11, 16, 16, 9, 14, 2, 7, 9, 5, 17, 6, 11, 4, 13, 5, 2, 13, 7, 7, 20, 14, 11, 14, 19, 14, 10, 9, 3, 1, 20, 17, 8, 15, 11, 19, 3, 20, 17, 10, 12, 11, 18, 13, 19, 3, 4, 6, 17, 19, 2, 13, 17, 1, 4, 8, 12, 1, 20, 15, 16, 3, 7, 18, 11, 5, 9, 8, 20, 16, 11, 10, 11, 7, 19, 9, 5, 1, 8, 19, 14, 15, 19, 12, 19, 16, 15, 10, 16, 3, 4, 12, 6, 17, 8, 16, 18, 14, 16, 17, 4, 15, 15, 8, 5, 1, 3, 1, 10, 4, 15, 5, 18, 3, 8, 4, 5, 20, 14, 1, 10, 6, 12, 3, 15, 1, 16, 13, 4, 8, 18, 5, 10, 8, 17, 7, 16, 18, 12, 4, 8, 18, 5, 5, 15, 15, 10, 12, 12, 10, 18, 10, 18, 18]
bestever    1812    in generation 3690
[6, 6, 6, 7, 13, 2, 4, 13, 20, 2, 20, 9, 17, 13, 14, 6, 2, 7, 9, 14, 6, 2, 19, 12, 2, 13, 7, 2, 13, 6, 2, 11, 1, 19, 17, 20, 3, 9, 11, 20, 12, 9, 14, 1, 9, 3, 7, 11, 16, 16, 9, 14, 2, 7, 9, 5, 17, 6, 11, 4, 13, 5, 2, 13, 7, 7, 20, 14, 11, 12, 19, 14, 10, 9, 3, 1, 20, 17, 8, 15, 11, 19, 3, 20, 17, 10, 14, 11, 18, 13, 19, 3, 4, 6, 17, 19, 2, 13, 17, 1, 4, 8, 12, 1, 20, 15, 16, 3, 7, 18, 11, 5, 9, 8, 20, 16, 11, 10, 11, 7, 19, 9, 5, 1, 8, 19, 14, 15, 19, 12, 19, 16, 15, 10, 16, 3, 4, 12, 6, 17, 8, 16, 18, 14, 16, 17, 4, 15, 15, 8, 5, 1, 3, 1, 10, 4, 15, 5, 18, 3, 8, 4, 5, 20, 14, 1, 10, 6, 12, 3, 15, 1, 16, 13, 4, 8, 18, 5, 10, 8, 17, 7, 16, 18, 12, 4, 8, 18, 5, 5, 15, 15, 10, 12, 12, 10, 18, 10, 18, 18]
bestever    1797    in generation 3709
[6, 6, 6, 7, 13, 2, 4, 13, 20, 2, 20, 9, 17, 13, 14, 6, 2, 7, 9, 14, 6, 2, 19, 12, 6, 13, 7, 2, 13, 6, 2, 11, 1, 19, 17, 20, 3, 9, 11, 20, 12, 9, 14, 1, 9, 3, 7, 11, 16, 16, 9, 14, 2, 7, 9, 5, 17, 2, 11, 4, 13, 5, 2, 13, 7, 7, 20, 14, 11, 12, 19, 14, 10, 9, 3, 1, 20, 17, 8, 15, 11, 19, 3, 20, 17, 10, 14, 11, 18, 13, 19, 3, 4, 6, 17, 19, 2, 13, 17, 1, 4, 8, 12, 1, 20, 15, 16, 3, 7, 18, 11, 5, 9, 8, 20, 16, 11, 10, 11, 7, 19, 9, 5, 1, 8, 19, 14, 15, 19, 12, 19, 16, 15, 10, 16, 3, 4, 12, 6, 17, 8, 16, 18, 14, 16, 17, 4, 15, 15, 8, 5, 1, 3, 1, 10, 4, 15, 5, 18, 3, 8, 4, 5, 20, 14, 1, 10, 6, 12, 3, 15, 1, 16, 13, 4, 8, 18, 5, 10, 8, 17, 7, 16, 18, 12, 4, 8, 18, 5, 5, 15, 15, 10, 12, 12, 10, 18, 10, 18, 18]
bestever    1794    in generation 4660
[6, 6, 6, 7, 13, 2, 4, 13, 20, 2, 20, 9, 17, 4, 13, 14, 6, 2, 7, 9, 14, 6, 2, 19, 12, 6, 13, 7, 2, 13, 6, 2, 11, 2, 1, 19, 17, 20, 3, 9, 11, 20, 12, 9, 14, 1, 9, 3, 7, 11, 16, 16, 9, 14, 2, 7, 9, 5, 17, 11, 4, 13, 5, 2, 13, 7, 7, 20, 14, 11, 12, 19, 14, 10, 9, 6, 3, 1, 20, 17, 8, 15, 11, 19, 3, 20, 17, 10, 14, 11, 18, 17, 19, 3, 4, 6, 13, 19, 2, 13, 17, 1, 8, 12, 13, 1, 20, 15, 16, 3, 7, 18, 11, 5, 9, 8, 20, 16, 11, 10, 11, 7, 19, 9, 1, 8, 19, 14, 15, 19, 12, 19, 16, 15, 10, 16, 3, 4, 12, 17, 8, 16, 18, 14, 16, 17, 4, 15, 1, 15, 8, 5, 3, 1, 10, 4, 15, 3, 18, 5, 8, 4, 5, 20, 14, 1, 10, 6, 12, 3, 15, 1, 16, 4, 5, 4, 8, 18, 5, 10, 8, 17, 7, 16, 18, 12, 8, 18, 5, 5, 15, 15, 10, 12, 12, 10, 18, 10, 18, 18]
bestever    1793    in generation 4764
[6, 6, 6, 7, 13, 2, 4, 13, 20, 2, 20, 9, 17, 4, 13, 14, 6, 2, 7, 9, 14, 6, 2, 19, 12, 6, 13, 7, 2, 13, 6, 2, 11, 2, 1, 19, 17, 20, 3, 9, 11, 20, 12, 9, 14, 1, 9, 3, 7, 11, 16, 16, 9, 14, 2, 7, 9, 5, 17, 11, 4, 13, 5, 2, 13, 7, 7, 20, 14, 11, 12, 19, 14, 10, 9, 6, 3, 1, 20, 17, 8, 15, 11, 19, 3, 20, 17, 10, 14, 11, 18, 17, 19, 3, 4, 6, 13, 19, 2, 13, 17, 1, 8, 12, 13, 1, 20, 15, 16, 3, 7, 18, 11, 5, 9, 8, 20, 16, 11, 10, 11, 17, 19, 9, 1, 8, 19, 14, 15, 19, 12, 19, 16, 15, 10, 16, 3, 4, 12, 17, 8, 16, 18, 14, 16, 7, 4, 15, 1, 15, 8, 5, 3, 1, 10, 4, 15, 3, 18, 5, 8, 4, 5, 20, 14, 1, 10, 6, 12, 3, 15, 1, 16, 4, 5, 4, 8, 18, 5, 10, 8, 17, 7, 16, 18, 12, 8, 18, 5, 5, 15, 15, 10, 12, 12, 10, 18, 10, 18, 18]
bestever    1788    in generation 4784
[6, 6, 6, 7, 13, 2, 4, 13, 20, 2, 20, 9, 17, 4, 13, 14, 6, 2, 7, 9, 14, 6, 2, 19, 12, 6, 13, 7, 2, 13, 6, 2, 11, 2, 1, 19, 17, 20, 3, 9, 11, 20, 12, 9, 14, 1, 9, 3, 7, 11, 16, 16, 9, 14, 2, 7, 9, 5, 17, 20, 4, 13, 5, 2, 13, 7, 7, 20, 14, 11, 12, 19, 14, 10, 9, 6, 3, 1, 20, 17, 8, 15, 11, 19, 3, 11, 17, 10, 14, 11, 18, 17, 19, 3, 4, 6, 13, 19, 2, 13, 17, 1, 8, 12, 13, 1, 20, 15, 16, 3, 7, 18, 11, 5, 9, 8, 20, 16, 11, 10, 11, 17, 19, 9, 1, 8, 19, 14, 15, 19, 12, 19, 16, 15, 10, 16, 3, 4, 12, 17, 8, 16, 18, 14, 16, 7, 4, 15, 1, 15, 8, 5, 3, 1, 10, 4, 15, 3, 18, 5, 8, 4, 5, 20, 14, 1, 10, 6, 12, 3, 15, 1, 16, 4, 5, 4, 8, 18, 5, 10, 8, 17, 7, 16, 18, 12, 8, 18, 5, 5, 15, 15, 10, 12, 12, 10, 18, 10, 18, 18]
bestever    1786    in generation 5432
[6, 6, 6, 7, 13, 2, 4, 13, 20, 20, 2, 9, 17, 4, 13, 19, 14, 6, 2, 7, 9, 14, 6, 2, 20, 19, 12, 6, 13, 7, 2, 13, 6, 2, 11, 2, 1, 17, 20, 3, 9, 11, 20, 12, 9, 14, 1, 9, 3, 4, 5, 7, 11, 16, 16, 9, 14, 2, 7, 9, 5, 17, 20, 13, 2, 13, 14, 7, 7, 10, 14, 11, 12, 19, 9, 6, 3, 1, 20, 17, 8, 5, 13, 15, 11, 19, 3, 11, 17, 10, 14, 11, 18, 17, 19, 3, 4, 6, 13, 19, 2, 17, 1, 8, 12, 13, 1, 20, 15, 16, 3, 7, 18, 11, 5, 9, 8, 20, 16, 11, 10, 11, 17, 19, 9, 1, 8, 19, 14, 15, 19, 12, 19, 7, 16, 15, 8, 16, 3, 4, 12, 17, 8, 16, 18, 14, 16, 7, 4, 15, 3, 1, 15, 8, 3, 1, 10, 4, 15, 18, 5, 8, 4, 5, 20, 14, 1, 10, 6, 12, 3, 15, 1, 16, 4, 5, 4, 8, 18, 5, 10, 8, 17, 16, 18, 12, 10, 18, 5, 5, 15, 15, 10, 12, 12, 10, 18, 10, 18, 18]
bestever    1782    in generation 5468
[6, 6, 6, 7, 13, 2, 4, 13, 20, 20, 2, 9, 17, 4, 13, 19, 14, 6, 2, 7, 9, 14, 6, 2, 20, 19, 12, 6, 13, 7, 2, 13, 6, 2, 11, 2, 1, 17, 20, 3, 9, 11, 20, 12, 9, 14, 1, 9, 3, 4, 5, 7, 11, 16, 16, 9, 14, 2, 7, 9, 5, 17, 20, 13, 2, 13, 14, 7, 7, 10, 14, 11, 12, 19, 9, 6, 3, 1, 17, 20, 8, 5, 13, 15, 11, 19, 3, 11, 17, 10, 14, 11, 18, 17, 19, 3, 4, 6, 13, 19, 2, 17, 1, 8, 12, 13, 1, 20, 15, 16, 3, 7, 18, 11, 5, 9, 8, 20, 16, 11, 10, 11, 17, 19, 9, 1, 8, 19, 14, 15, 19, 12, 19, 7, 16, 15, 8, 16, 3, 4, 12, 17, 8, 16, 18, 14, 16, 7, 4, 15, 3, 1, 15, 8, 3, 1, 10, 4, 15, 18, 5, 8, 4, 5, 20, 14, 1, 10, 6, 12, 3, 15, 1, 16, 4, 16, 4, 8, 18, 5, 10, 8, 17, 5, 18, 12, 10, 18, 5, 5, 15, 15, 10, 12, 12, 10, 18, 10, 18, 18]
bestever    1776    in generation 5576
[6, 6, 6, 7, 13, 2, 4, 13, 20, 20, 2, 9, 17, 4, 13, 19, 14, 6, 2, 7, 9, 14, 6, 2, 20, 19, 12, 6, 13, 7, 2, 13, 6, 2, 11, 2, 1, 17, 20, 3, 9, 11, 20, 12, 9, 14, 1, 9, 3, 4, 5, 7, 11, 16, 16, 9, 14, 2, 7, 9, 5, 17, 20, 13, 2, 13, 14, 7, 7, 6, 10, 14, 11, 12, 19, 9, 6, 3, 1, 17, 20, 8, 5, 13, 15, 11, 19, 3, 11, 17, 10, 14, 11, 18, 17, 19, 3, 4, 6, 13, 19, 2, 17, 1, 8, 12, 13, 1, 20, 15, 16, 3, 7, 18, 11, 5, 9, 8, 20, 16, 11, 10, 11, 17, 19, 9, 1, 8, 19, 14, 15, 19, 12, 19, 7, 16, 15, 8, 16, 3, 4, 12, 17, 8, 16, 18, 14, 16, 7, 4, 15, 3, 1, 15, 8, 3, 1, 10, 4, 15, 18, 5, 8, 4, 5, 20, 14, 1, 10, 12, 3, 15, 1, 16, 4, 16, 4, 8, 18, 5, 10, 8, 17, 5, 18, 12, 10, 18, 5, 5, 15, 15, 10, 12, 12, 10, 18, 10, 18, 18]
bestever    1772    in generation 5622
[6, 6, 6, 7, 13, 2, 4, 13, 20, 20, 2, 9, 17, 4, 13, 19, 14, 6, 2, 7, 9, 14, 6, 2, 20, 19, 12, 6, 13, 7, 2, 13, 6, 2, 11, 2, 1, 17, 20, 3, 9, 11, 20, 12, 9, 14, 1, 9, 3, 4, 5, 7, 11, 16, 16, 9, 14, 2, 7, 9, 5, 17, 20, 13, 2, 13, 14, 7, 7, 6, 10, 14, 11, 12, 19, 9, 6, 3, 1, 17, 20, 8, 5, 13, 15, 11, 19, 3, 11, 17, 10, 14, 11, 18, 17, 19, 3, 4, 6, 13, 19, 2, 17, 1, 8, 12, 13, 1, 20, 15, 16, 3, 7, 18, 11, 5, 9, 8, 20, 16, 11, 10, 11, 17, 19, 9, 1, 8, 19, 14, 15, 19, 12, 19, 7, 16, 15, 8, 16, 3, 4, 12, 17, 8, 16, 18, 14, 10, 7, 4, 15, 3, 1, 15, 8, 3, 1, 16, 4, 15, 18, 5, 8, 4, 5, 20, 14, 1, 10, 12, 3, 15, 1, 16, 4, 16, 4, 8, 18, 5, 10, 8, 17, 5, 18, 12, 10, 18, 5, 5, 15, 15, 10, 12, 12, 10, 18, 10, 18, 18]
bestever    1771    in generation 5734
[6, 6, 6, 7, 13, 2, 4, 13, 20, 20, 2, 9, 17, 4, 13, 19, 14, 6, 2, 7, 9, 14, 6, 2, 20, 19, 12, 6, 13, 7, 2, 13, 6, 2, 11, 2, 1, 17, 20, 3, 9, 11, 20, 12, 9, 14, 1, 9, 3, 4, 5, 7, 11, 16, 16, 9, 14, 2, 7, 9, 5, 17, 20, 13, 2, 13, 14, 7, 7, 6, 10, 14, 11, 12, 19, 9, 6, 3, 1, 17, 20, 8, 5, 13, 15, 11, 19, 3, 11, 17, 10, 14, 11, 18, 17, 19, 3, 4, 6, 13, 19, 2, 17, 1, 8, 12, 13, 1, 20, 15, 16, 3, 7, 18, 11, 5, 9, 8, 20, 16, 11, 10, 11, 17, 19, 9, 1, 8, 19, 14, 15, 19, 12, 19, 7, 16, 15, 8, 16, 3, 4, 12, 17, 8, 16, 18, 14, 10, 7, 4, 15, 3, 1, 15, 8, 16, 1, 3, 4, 15, 18, 5, 8, 4, 5, 20, 14, 1, 10, 12, 3, 15, 1, 16, 4, 16, 4, 8, 18, 5, 10, 8, 17, 5, 18, 12, 10, 18, 5, 5, 15, 15, 10, 12, 12, 10, 18, 10, 18, 18]
bestever    1768    in generation 5748
[6, 6, 6, 7, 13, 2, 4, 13, 20, 20, 2, 9, 17, 4, 13, 19, 14, 6, 2, 7, 9, 14, 6, 2, 20, 19, 12, 6, 13, 7, 2, 13, 6, 2, 11, 2, 1, 17, 20, 3, 9, 11, 20, 12, 9, 14, 1, 9, 3, 4, 5, 7, 11, 16, 16, 9, 14, 2, 7, 9, 5, 17, 20, 13, 2, 13, 14, 7, 7, 6, 10, 14, 11, 8, 19, 9, 6, 3, 1, 17, 20, 12, 5, 13, 15, 11, 19, 3, 11, 17, 10, 14, 11, 18, 17, 19, 3, 4, 6, 13, 19, 2, 17, 1, 8, 12, 13, 1, 20, 15, 16, 3, 7, 18, 11, 5, 9, 8, 20, 16, 11, 10, 11, 17, 19, 9, 1, 8, 19, 14, 15, 19, 12, 19, 7, 16, 15, 8, 16, 3, 4, 12, 17, 8, 16, 18, 14, 10, 7, 4, 15, 3, 1, 15, 8, 16, 1, 3, 4, 15, 18, 5, 8, 4, 5, 20, 14, 1, 10, 12, 3, 15, 1, 16, 4, 16, 4, 8, 18, 5, 10, 8, 17, 5, 18, 12, 10, 18, 5, 5, 15, 15, 10, 12, 12, 10, 18, 10, 18, 18]
