bestever    3283    in generation 0
[1, 17, 18, 18, 3, 6, 1, 3, 1, 17, 8, 5, 17, 6, 13, 5, 8, 13, 18, 8, 6, 9, 19, 18, 3, 1, 5, 8, 14, 19, 10, 13, 15, 14, 16, 17, 4, 5, 20, 4, 6, 5, 14, 17, 6, 2, 18, 11, 10, 7, 16, 7, 18, 4, 8, 12, 11, 20, 6, 12, 8, 9, 2, 4, 4, 14, 2, 2, 13, 6, 12, 5, 11, 8, 7, 10, 15, 7, 10, 17, 18, 16, 9, 19, 4, 6, 11, 14, 17, 7, 12, 10, 4, 6, 10, 12, 5, 7, 7, 12, 19, 3, 3, 16, 1, 12, 2, 15, 8, 17, 19, 14, 11, 16, 9, 18, 10, 1, 2, 15, 18, 19, 8, 2, 1, 3, 15, 3, 5, 19, 10, 12, 14, 12, 17, 13, 6, 11, 13, 13, 10, 15, 4, 7, 4, 10, 16, 13, 3, 9, 9, 20, 20, 1, 20, 3, 7, 15, 5, 11, 20, 8, 13, 16, 19, 4, 19, 9, 16, 3, 15, 16, 12, 14, 19, 1, 16, 20, 7, 5, 2, 15, 2, 20, 9, 20, 2, 15, 17, 20, 9, 11, 14, 13, 11, 1, 11, 18, 9, 14]
bestever    3208    in generation 4
[16, 10, 11, 10, 1, 12, 6, 10, 19, 7, 17, 2, 10, 3, 8, 16, 11, 2, 20, 14, 17, 16, 8, 10, 11, 18, 5, 4, 14, 19, 18, 6, 17, 12, 17, 7, 9, 2, 18, 6, 6, 9, 14, 17, 4, 8, 14, 9, 6, 18, 18, 4, 2, 4, 14, 20, 20, 6, 8, 17, 6, 16, 8, 8, 9, 20, 9, 11, 14, 16, 20, 9, 4, 15, 5, 9, 4, 15, 1, 6, 2, 13, 3, 11, 11, 19, 16, 14, 18, 15, 12, 1, 7, 17, 10, 12, 5, 7, 7, 12, 19, 3, 3, 16, 1, 12, 2, 15, 8, 17, 19, 14, 11, 16, 9, 18, 10, 1, 2, 15, 18, 19, 8, 2, 1, 3, 15, 3, 5, 19, 10, 12, 14, 12, 17, 13, 6, 11, 13, 13, 10, 15, 4, 7, 4, 10, 16, 13, 3, 9, 9, 20, 20, 1, 20, 3, 7, 15, 5, 11, 20, 8, 13, 16, 19, 4, 19, 19, 5, 7, 18, 1, 5, 7, 2, 6, 18, 3, 13, 13, 5, 12, 1, 11, 4, 14, 2, 13, 5, 20, 3, 15, 7, 12, 13, 15, 1, 8, 5, 17]
bestever    3040    in generation 5
[6, 16, 20, 14, 11, 16, 9, 11, 14, 5, 7, 16, 2, 15, 8, 19, 14, 11, 16, 9, 1, 2, 15, 18, 19, 8, 2, 1, 15, 5, 19, 14, 12, 17, 11, 13, 15, 4, 7, 4, 16, 13, 3, 9, 9, 20, 10, 7, 16, 7, 4, 8, 12, 11, 20, 6, 12, 9, 2, 4, 14, 2, 2, 6, 12, 5, 11, 7, 10, 15, 10, 18, 16, 9, 19, 14, 7, 12, 10, 4, 6, 10, 5, 7, 7, 12, 19, 3, 3, 16, 1, 12, 8, 17, 16, 9, 18, 10, 1, 2, 15, 18, 8, 2, 1, 15, 5, 19, 10, 12, 14, 12, 17, 13, 6, 11, 13, 13, 10, 15, 4, 7, 4, 13, 3, 9, 20, 20, 1, 20, 3, 9, 4, 18, 17, 3, 13, 10, 17, 15, 7, 8, 1, 6, 2, 19, 13, 3, 11, 11, 12, 19, 20, 1, 3, 15, 5, 11, 8, 13, 16, 19, 4, 19, 9, 3, 14, 1, 5, 2, 20, 17, 20, 14, 13, 1, 18, 14, 17, 18, 18, 3, 6, 17, 8, 5, 17, 6, 5, 8, 18, 8, 6, 18, 5, 10, 17, 4, 20, 6]
bestever    3037    in generation 10
[7, 12, 10, 10, 16, 14, 11, 16, 14, 12, 17, 11, 4, 14, 17, 4, 5, 4, 6, 5, 6, 10, 7, 7, 4, 8, 12, 6, 12, 4, 6, 12, 7, 10, 7, 10, 16, 9, 6, 7, 12, 16, 14, 11, 16, 19, 2, 19, 14, 12, 17, 4, 16, 9, 20, 20, 20, 15, 20, 1, 15, 5, 14, 17, 13, 13, 13, 13, 9, 20, 20, 1, 20, 9, 18, 17, 3, 13, 11, 9, 18, 1, 2, 15, 18, 8, 2, 1, 3, 15, 3, 5, 19, 13, 6, 11, 15, 8, 1, 6, 2, 19, 13, 3, 11, 11, 19, 8, 15, 11, 20, 10, 11, 16, 9, 18, 10, 1, 2, 15, 18, 19, 8, 2, 1, 3, 15, 3, 5, 19, 10, 13, 19, 19, 9, 16, 3, 15, 16, 19, 1, 20, 2, 15, 2, 20, 9, 2, 17, 9, 11, 14, 13, 1, 18, 14, 1, 17, 18, 18, 3, 3, 17, 8, 5, 17, 13, 5, 8, 18, 8, 18, 3, 5, 8, 14, 14, 17, 4, 5, 4, 5, 2, 7, 7, 4, 8, 12, 6, 12, 4, 6, 12, 7, 10, 7, 10, 16, 9, 6]
bestever    2995    in generation 11
[7, 12, 10, 10, 14, 11, 16, 19, 2, 19, 14, 12, 18, 11, 4, 16, 9, 20, 7, 11, 16, 9, 18, 2, 8, 2, 1, 15, 19, 14, 17, 11, 13, 13, 15, 7, 4, 13, 9, 20, 1, 20, 4, 17, 11, 16, 15, 5, 14, 17, 13, 13, 15, 13, 3, 20, 20, 1, 20, 3, 9, 17, 3, 13, 11, 9, 18, 1, 2, 15, 17, 8, 2, 1, 3, 15, 3, 5, 19, 13, 9, 18, 1, 20, 3, 9, 4, 18, 17, 3, 13, 10, 11, 16, 9, 18, 10, 1, 2, 15, 18, 19, 8, 2, 1, 3, 15, 3, 5, 19, 10, 5, 19, 13, 6, 11, 10, 1, 2, 15, 18, 19, 8, 2, 1, 15, 5, 10, 12, 14, 12, 17, 6, 17, 7, 8, 6, 2, 11, 12, 4, 16, 14, 7, 5, 11, 20, 8, 16, 4, 19, 9, 16, 16, 12, 14, 19, 20, 7, 5, 20, 9, 17, 14, 14, 6, 3, 8, 17, 6, 18, 8, 6, 18, 5, 8, 10, 14, 4, 5, 4, 5, 6, 10, 7, 7, 4, 8, 12, 6, 12, 4, 6, 12, 7, 10, 7, 12, 16, 6]
bestever    2888    in generation 13
[10, 10, 14, 11, 16, 19, 2, 19, 14, 18, 11, 4, 16, 9, 20, 11, 16, 9, 18, 2, 8, 2, 1, 15, 19, 14, 17, 11, 13, 13, 15, 7, 13, 9, 20, 1, 20, 4, 17, 11, 16, 15, 5, 14, 17, 13, 13, 15, 13, 3, 20, 20, 1, 20, 3, 9, 17, 3, 13, 11, 9, 18, 1, 2, 15, 17, 8, 2, 1, 3, 15, 3, 5, 19, 13, 9, 18, 1, 20, 3, 9, 4, 18, 17, 3, 13, 10, 11, 16, 9, 18, 10, 1, 2, 15, 18, 19, 2, 1, 3, 15, 3, 19, 10, 19, 13, 6, 11, 10, 1, 2, 15, 18, 19, 2, 1, 15, 5, 10, 12, 14, 12, 17, 6, 17, 7, 8, 6, 2, 11, 12, 4, 7, 5, 8, 4, 16, 12, 7, 5, 14, 6, 8, 7, 5, 11, 20, 8, 16, 4, 19, 9, 16, 16, 12, 14, 19, 20, 7, 5, 20, 9, 17, 14, 14, 6, 3, 8, 17, 6, 18, 8, 6, 18, 5, 8, 10, 14, 4, 5, 4, 5, 6, 10, 7, 7, 4, 8, 12, 12, 4, 6, 12, 7, 10, 7, 12, 16, 6, 12]
bestever    2799    in generation 16
[15, 16, 19, 2, 19, 14, 18, 11, 4, 16, 9, 20, 11, 16, 9, 18, 2, 8, 2, 1, 15, 19, 14, 17, 11, 13, 13, 15, 7, 4, 13, 9, 20, 1, 20, 4, 17, 11, 16, 15, 5, 14, 17, 13, 13, 15, 13, 3, 20, 20, 1, 20, 3, 9, 17, 3, 13, 9, 18, 1, 2, 15, 17, 8, 2, 1, 3, 15, 3, 5, 19, 13, 9, 18, 1, 20, 3, 9, 18, 17, 3, 13, 10, 11, 16, 9, 18, 10, 1, 2, 15, 18, 8, 2, 1, 3, 11, 3, 5, 19, 10, 5, 19, 11, 10, 1, 2, 15, 18, 19, 10, 5, 19, 13, 6, 11, 10, 8, 2, 1, 15, 5, 12, 14, 12, 17, 17, 7, 2, 11, 12, 7, 16, 12, 7, 6, 8, 4, 4, 6, 10, 14, 7, 5, 11, 20, 8, 16, 4, 19, 9, 16, 16, 12, 14, 19, 20, 7, 5, 20, 9, 17, 14, 14, 6, 3, 8, 17, 6, 18, 8, 6, 18, 8, 10, 14, 4, 5, 4, 5, 6, 10, 7, 7, 4, 8, 12, 6, 12, 4, 6, 12, 7, 10, 7, 12, 16, 6, 12, 14]
bestever    2740    in generation 20
[4, 13, 20, 20, 4, 17, 16, 15, 5, 14, 13, 15, 20, 1, 20, 3, 13, 9, 18, 1, 2, 15, 17, 8, 1, 3, 15, 3, 5, 13, 1, 20, 3, 9, 4, 17, 10, 11, 16, 9, 10, 18, 3, 9, 3, 13, 9, 18, 1, 2, 15, 17, 8, 1, 3, 15, 3, 5, 13, 1, 20, 3, 9, 4, 17, 10, 11, 16, 9, 10, 18, 8, 3, 5, 19, 6, 11, 18, 19, 5, 12, 14, 13, 10, 11, 16, 9, 10, 1, 2, 15, 19, 8, 2, 1, 15, 5, 19, 10, 5, 19, 13, 10, 1, 15, 18, 19, 8, 2, 15, 5, 12, 14, 12, 17, 17, 7, 2, 6, 7, 8, 6, 2, 11, 12, 4, 16, 14, 5, 11, 20, 8, 16, 19, 9, 16, 14, 19, 20, 5, 20, 9, 17, 14, 14, 17, 6, 18, 6, 18, 6, 10, 7, 4, 8, 10, 4, 6, 7, 7, 4, 8, 12, 6, 12, 4, 6, 12, 7, 7, 12, 6, 7, 12, 14, 11, 16, 19, 2, 19, 14, 12, 18, 11, 4, 16, 20, 7, 11, 16, 18, 2, 8, 2, 14, 17, 11, 13, 13, 7]
bestever    2698    in generation 25
[4, 13, 20, 20, 4, 17, 16, 15, 5, 14, 13, 15, 20, 1, 20, 3, 13, 9, 18, 1, 2, 15, 17, 8, 1, 3, 15, 3, 5, 13, 1, 20, 3, 9, 4, 17, 10, 11, 16, 9, 10, 18, 3, 9, 3, 13, 9, 18, 1, 2, 15, 17, 8, 1, 3, 15, 3, 5, 13, 1, 20, 3, 9, 4, 17, 10, 11, 16, 9, 10, 18, 8, 3, 5, 19, 6, 11, 19, 5, 12, 14, 13, 10, 16, 9, 10, 1, 2, 15, 19, 8, 2, 1, 15, 5, 19, 10, 5, 19, 13, 10, 1, 15, 19, 8, 2, 15, 5, 12, 14, 12, 17, 6, 8, 6, 2, 11, 16, 5, 11, 19, 9, 16, 19, 20, 14, 17, 18, 18, 8, 4, 7, 7, 12, 14, 11, 16, 2, 20, 5, 20, 9, 17, 14, 14, 17, 6, 18, 6, 18, 6, 10, 7, 4, 8, 10, 4, 6, 7, 7, 4, 8, 12, 6, 12, 4, 6, 12, 7, 7, 12, 6, 7, 12, 14, 11, 16, 19, 2, 19, 14, 12, 18, 11, 4, 16, 20, 7, 11, 16, 18, 2, 8, 2, 14, 17, 11, 13, 13, 7]
bestever    2614    in generation 28
[4, 13, 20, 20, 4, 17, 16, 15, 5, 14, 13, 15, 20, 1, 20, 3, 13, 9, 18, 1, 2, 15, 17, 8, 1, 3, 15, 3, 5, 13, 1, 20, 3, 9, 4, 17, 10, 11, 16, 9, 10, 18, 3, 9, 3, 13, 9, 18, 1, 2, 15, 17, 8, 1, 3, 15, 3, 5, 13, 1, 20, 3, 9, 4, 17, 10, 11, 16, 9, 10, 18, 8, 3, 5, 19, 6, 11, 18, 19, 5, 12, 14, 13, 10, 16, 9, 10, 1, 2, 15, 19, 8, 2, 1, 15, 5, 19, 10, 5, 19, 13, 10, 1, 15, 18, 19, 8, 2, 15, 5, 12, 14, 12, 17, 17, 7, 6, 8, 6, 2, 11, 4, 16, 14, 5, 11, 20, 19, 9, 16, 14, 20, 5, 20, 9, 17, 14, 17, 6, 18, 6, 18, 6, 10, 8, 4, 7, 7, 12, 14, 11, 16, 19, 2, 8, 10, 4, 6, 7, 7, 4, 8, 12, 6, 12, 4, 6, 12, 7, 7, 12, 6, 7, 12, 14, 11, 16, 19, 2, 19, 14, 12, 18, 11, 4, 16, 20, 7, 11, 16, 18, 2, 8, 2, 14, 17, 11, 13, 13, 7]
bestever    2594    in generation 31
[4, 13, 20, 20, 4, 17, 16, 15, 5, 14, 13, 15, 20, 1, 20, 3, 13, 9, 18, 1, 2, 15, 17, 8, 1, 3, 15, 3, 5, 13, 1, 20, 3, 9, 4, 17, 10, 11, 16, 9, 10, 18, 3, 9, 3, 13, 9, 18, 1, 2, 15, 17, 8, 1, 3, 15, 3, 5, 13, 1, 20, 3, 9, 4, 17, 10, 11, 16, 9, 10, 18, 8, 3, 5, 19, 6, 18, 19, 5, 12, 14, 13, 10, 16, 9, 10, 1, 2, 15, 19, 8, 2, 1, 15, 5, 19, 10, 5, 19, 13, 10, 1, 15, 18, 19, 8, 2, 15, 5, 12, 12, 17, 6, 17, 14, 7, 11, 8, 6, 2, 11, 4, 16, 14, 5, 11, 20, 19, 9, 16, 14, 20, 5, 20, 9, 17, 14, 17, 6, 18, 6, 18, 6, 10, 8, 4, 7, 7, 12, 14, 11, 16, 19, 2, 8, 10, 4, 6, 7, 7, 4, 8, 12, 6, 12, 4, 6, 12, 7, 7, 12, 6, 7, 12, 14, 11, 16, 19, 2, 19, 14, 12, 18, 11, 4, 16, 20, 7, 11, 16, 18, 2, 8, 2, 14, 17, 11, 13, 13, 7]
bestever    2558    in generation 32
[4, 13, 20, 20, 4, 17, 16, 15, 5, 14, 13, 15, 20, 1, 20, 3, 13, 9, 18, 1, 2, 15, 17, 8, 1, 3, 15, 3, 5, 13, 1, 20, 3, 9, 4, 17, 10, 11, 16, 9, 10, 18, 3, 9, 3, 13, 9, 18, 1, 2, 15, 17, 8, 1, 3, 15, 3, 5, 13, 1, 20, 3, 9, 4, 17, 10, 11, 16, 9, 10, 18, 8, 3, 5, 19, 6, 11, 18, 19, 5, 12, 14, 13, 10, 16, 9, 10, 1, 2, 15, 19, 8, 2, 1, 15, 5, 19, 10, 5, 19, 13, 10, 1, 15, 18, 19, 8, 2, 15, 5, 12, 14, 12, 17, 17, 7, 6, 8, 6, 2, 11, 4, 16, 14, 5, 11, 20, 19, 9, 16, 14, 20, 5, 20, 9, 17, 14, 17, 6, 18, 6, 18, 6, 10, 8, 4, 7, 14, 11, 16, 19, 2, 8, 10, 6, 7, 7, 4, 8, 12, 12, 4, 6, 12, 7, 4, 6, 12, 7, 7, 12, 6, 7, 12, 14, 11, 16, 19, 2, 19, 14, 12, 18, 11, 4, 16, 20, 7, 11, 16, 18, 2, 8, 2, 14, 17, 11, 13, 13, 7]
bestever    2556    in generation 36
[4, 13, 20, 20, 4, 17, 16, 15, 5, 14, 13, 15, 20, 1, 20, 3, 13, 9, 18, 1, 2, 15, 17, 8, 1, 3, 15, 3, 5, 13, 1, 20, 3, 9, 4, 17, 10, 11, 16, 9, 10, 18, 3, 9, 3, 13, 9, 18, 1, 2, 15, 17, 8, 1, 3, 15, 3, 5, 13, 1, 20, 3, 9, 4, 17, 10, 11, 16, 9, 10, 18, 8, 3, 5, 19, 6, 11, 18, 19, 5, 12, 14, 13, 10, 16, 9, 10, 1, 2, 15, 19, 8, 2, 1, 15, 5, 19, 10, 5, 19, 13, 10, 1, 15, 18, 19, 8, 2, 15, 5, 12, 14, 12, 17, 17, 7, 6, 8, 6, 2, 11, 4, 16, 14, 5, 11, 20, 19, 9, 16, 14, 20, 5, 20, 9, 17, 14, 17, 6, 18, 6, 18, 6, 10, 8, 4, 7, 14, 11, 16, 19, 8, 10, 6, 7, 7, 4, 8, 12, 12, 4, 6, 12, 7, 4, 6, 12, 7, 7, 12, 6, 12, 14, 7, 11, 2, 16, 19, 2, 19, 14, 12, 18, 11, 4, 16, 20, 7, 11, 16, 18, 2, 8, 2, 14, 17, 11, 13, 13, 7]
bestever    2538    in generation 37
[4, 13, 20, 20, 4, 17, 16, 15, 5, 14, 13, 15, 20, 1, 20, 3, 13, 9, 18, 1, 2, 15, 17, 8, 1, 3, 15, 3, 5, 13, 1, 20, 3, 9, 4, 17, 10, 11, 16, 9, 10, 18, 3, 9, 3, 13, 9, 18, 1, 2, 15, 17, 8, 1, 3, 15, 3, 5, 13, 1, 20, 3, 9, 4, 17, 10, 11, 16, 9, 10, 18, 8, 3, 5, 19, 6, 18, 19, 5, 12, 14, 13, 10, 16, 9, 10, 1, 2, 15, 19, 8, 1, 15, 5, 19, 10, 5, 19, 13, 10, 1, 15, 19, 15, 5, 12, 12, 17, 6, 2, 17, 8, 2, 14, 18, 7, 11, 8, 6, 2, 11, 4, 16, 14, 5, 11, 20, 19, 9, 16, 14, 20, 5, 20, 9, 17, 14, 17, 6, 18, 6, 18, 6, 10, 8, 4, 7, 14, 11, 16, 19, 2, 8, 10, 6, 7, 7, 4, 8, 12, 12, 4, 6, 12, 7, 4, 6, 12, 7, 7, 12, 6, 7, 12, 14, 11, 16, 19, 2, 19, 14, 12, 18, 11, 4, 16, 20, 7, 11, 16, 18, 2, 8, 2, 14, 17, 11, 13, 13, 7]
bestever    2532    in generation 41
[13, 20, 20, 4, 17, 16, 15, 5, 13, 15, 20, 1, 20, 3, 13, 9, 18, 1, 15, 17, 8, 1, 3, 15, 3, 5, 1, 20, 3, 9, 4, 17, 10, 9, 10, 18, 3, 9, 3, 9, 1, 15, 1, 3, 15, 3, 5, 13, 13, 17, 2, 8, 2, 14, 18, 16, 7, 11, 13, 1, 20, 3, 9, 4, 17, 10, 11, 16, 9, 10, 18, 8, 3, 5, 19, 6, 11, 18, 19, 5, 16, 14, 13, 10, 9, 10, 1, 2, 15, 19, 8, 2, 1, 15, 5, 19, 10, 5, 19, 13, 10, 1, 15, 18, 19, 8, 2, 15, 5, 12, 14, 12, 17, 17, 6, 8, 6, 2, 11, 4, 12, 4, 16, 14, 5, 11, 20, 19, 9, 16, 14, 20, 5, 20, 9, 17, 14, 17, 6, 18, 6, 18, 6, 10, 8, 4, 7, 14, 11, 16, 19, 2, 8, 10, 6, 7, 7, 4, 8, 12, 12, 4, 6, 12, 7, 4, 6, 12, 7, 7, 12, 6, 7, 12, 14, 11, 16, 19, 2, 19, 14, 12, 18, 11, 4, 16, 20, 7, 11, 16, 18, 2, 8, 2, 14, 17, 11, 13, 13, 7]
bestever    2513    in generation 46
[13, 20, 20, 4, 17, 16, 15, 5, 13, 15, 20, 1, 20, 3, 13, 9, 18, 1, 15, 17, 8, 1, 3, 15, 3, 5, 1, 20, 3, 9, 4, 17, 10, 9, 10, 18, 3, 9, 3, 9, 1, 15, 1, 3, 15, 3, 5, 13, 13, 17, 2, 8, 2, 14, 18, 16, 7, 11, 13, 1, 20, 3, 9, 4, 17, 10, 11, 16, 9, 10, 18, 8, 3, 5, 19, 6, 11, 18, 19, 5, 16, 14, 13, 10, 9, 10, 1, 2, 15, 19, 8, 2, 1, 15, 5, 19, 10, 5, 19, 10, 1, 15, 18, 19, 8, 2, 15, 5, 14, 17, 17, 6, 8, 6, 2, 11, 4, 16, 14, 5, 11, 20, 19, 9, 16, 14, 20, 5, 20, 9, 17, 14, 17, 6, 18, 6, 18, 6, 10, 8, 7, 14, 11, 16, 19, 2, 8, 10, 6, 4, 7, 8, 12, 4, 12, 7, 4, 6, 12, 12, 12, 4, 6, 12, 7, 4, 6, 12, 7, 7, 12, 7, 12, 14, 11, 16, 19, 2, 19, 14, 12, 18, 11, 4, 16, 20, 7, 11, 16, 18, 2, 8, 2, 14, 17, 11, 13, 13, 13, 7]
bestever    2511    in generation 57
[13, 20, 20, 4, 17, 16, 15, 5, 13, 15, 20, 1, 20, 3, 13, 9, 18, 1, 15, 17, 8, 1, 3, 15, 3, 5, 1, 20, 3, 9, 4, 17, 10, 9, 10, 18, 3, 9, 3, 9, 1, 15, 1, 3, 15, 3, 5, 13, 13, 17, 2, 8, 2, 14, 18, 16, 7, 11, 13, 1, 20, 3, 9, 4, 17, 10, 16, 9, 10, 18, 8, 3, 5, 19, 6, 11, 18, 19, 5, 16, 14, 13, 10, 9, 10, 1, 2, 15, 19, 8, 2, 1, 15, 5, 19, 10, 5, 19, 10, 1, 15, 18, 19, 8, 2, 15, 5, 14, 17, 17, 6, 8, 6, 11, 4, 16, 14, 5, 11, 20, 19, 9, 14, 20, 5, 20, 9, 17, 14, 17, 6, 18, 6, 18, 6, 10, 8, 7, 16, 19, 2, 8, 10, 6, 4, 7, 8, 12, 4, 12, 4, 6, 12, 12, 12, 6, 4, 7, 7, 11, 16, 2, 14, 12, 4, 6, 12, 7, 7, 12, 7, 12, 14, 11, 16, 19, 2, 19, 14, 12, 18, 11, 4, 16, 20, 7, 11, 16, 18, 2, 8, 2, 14, 17, 11, 11, 13, 13, 13, 7]
bestever    2471    in generation 59
[13, 20, 20, 4, 17, 15, 5, 13, 15, 20, 1, 20, 3, 13, 9, 18, 1, 15, 17, 8, 1, 3, 15, 3, 5, 1, 3, 9, 4, 17, 10, 9, 10, 18, 3, 9, 3, 9, 1, 15, 1, 3, 15, 3, 5, 13, 13, 17, 2, 8, 2, 14, 18, 16, 7, 11, 13, 1, 20, 3, 9, 4, 17, 10, 16, 9, 10, 18, 8, 3, 5, 19, 6, 11, 18, 19, 5, 16, 14, 13, 10, 10, 1, 2, 15, 19, 8, 2, 1, 15, 5, 10, 5, 19, 10, 1, 15, 18, 19, 8, 2, 15, 5, 14, 17, 17, 6, 8, 6, 11, 4, 16, 14, 5, 11, 20, 19, 9, 14, 20, 5, 20, 19, 9, 16, 20, 9, 17, 14, 17, 6, 18, 6, 18, 6, 10, 8, 7, 16, 19, 2, 8, 10, 6, 4, 7, 8, 12, 4, 12, 4, 6, 12, 12, 12, 6, 4, 7, 7, 11, 16, 2, 14, 12, 4, 6, 12, 7, 7, 12, 7, 12, 14, 11, 16, 19, 2, 19, 14, 12, 18, 11, 4, 16, 20, 7, 11, 16, 18, 2, 8, 2, 14, 17, 11, 11, 13, 13, 13, 7]
bestever    2465    in generation 60
[13, 20, 20, 4, 17, 15, 5, 13, 15, 20, 1, 20, 3, 13, 9, 18, 1, 15, 3, 8, 1, 3, 15, 3, 5, 1, 3, 9, 4, 17, 10, 9, 10, 18, 3, 9, 3, 9, 1, 15, 1, 3, 15, 17, 5, 13, 13, 17, 2, 8, 2, 14, 18, 16, 7, 11, 13, 1, 20, 3, 9, 4, 17, 10, 16, 9, 10, 18, 8, 3, 5, 19, 6, 11, 18, 19, 5, 16, 14, 13, 10, 10, 1, 2, 15, 19, 8, 2, 1, 15, 5, 10, 5, 19, 10, 1, 15, 18, 19, 8, 2, 15, 5, 14, 17, 17, 6, 8, 6, 11, 4, 16, 14, 5, 11, 20, 19, 9, 14, 20, 5, 20, 19, 9, 16, 20, 9, 17, 14, 17, 6, 18, 6, 18, 6, 10, 8, 7, 16, 19, 2, 8, 10, 6, 4, 7, 8, 12, 4, 12, 4, 6, 12, 12, 12, 6, 4, 7, 7, 11, 16, 2, 14, 12, 4, 6, 12, 7, 7, 12, 7, 12, 14, 11, 16, 19, 2, 19, 14, 12, 18, 11, 4, 16, 20, 7, 11, 16, 18, 2, 8, 2, 14, 17, 11, 11, 13, 13, 13, 7]
bestever    2396    in generation 65
[13, 20, 20, 4, 17, 15, 5, 13, 15, 20, 1, 20, 3, 13, 9, 18, 1, 15, 3, 8, 1, 3, 15, 3, 5, 1, 3, 9, 4, 17, 10, 9, 10, 18, 3, 9, 3, 9, 1, 15, 1, 3, 15, 17, 5, 13, 13, 17, 2, 8, 2, 14, 18, 16, 7, 11, 13, 1, 20, 3, 9, 4, 17, 10, 16, 9, 10, 18, 8, 3, 5, 19, 6, 11, 18, 19, 5, 16, 14, 13, 10, 10, 1, 2, 15, 19, 8, 2, 1, 15, 5, 10, 5, 19, 10, 1, 15, 18, 19, 8, 2, 15, 5, 14, 17, 17, 6, 8, 6, 11, 4, 16, 14, 5, 20, 19, 9, 14, 20, 5, 20, 19, 9, 16, 20, 9, 17, 14, 17, 6, 18, 6, 6, 10, 8, 7, 16, 19, 8, 10, 6, 4, 7, 6, 12, 4, 12, 4, 6, 12, 12, 12, 6, 4, 7, 7, 2, 14, 12, 4, 8, 12, 7, 7, 12, 12, 2, 14, 18, 11, 16, 7, 11, 11, 16, 19, 2, 19, 14, 12, 18, 11, 4, 16, 20, 7, 11, 16, 18, 2, 8, 2, 14, 17, 11, 11, 13, 13, 13, 7]
bestever    2394    in generation 74
[13, 20, 20, 4, 17, 15, 5, 13, 15, 20, 1, 20, 3, 13, 9, 18, 1, 15, 3, 8, 1, 3, 15, 3, 5, 1, 3, 9, 4, 17, 10, 9, 10, 18, 3, 9, 3, 9, 1, 15, 1, 3, 15, 17, 5, 13, 13, 17, 2, 8, 2, 14, 18, 16, 7, 11, 13, 1, 20, 3, 9, 4, 17, 10, 16, 9, 10, 18, 8, 3, 5, 19, 6, 11, 18, 19, 5, 16, 14, 13, 10, 10, 1, 2, 15, 19, 8, 2, 1, 15, 5, 10, 5, 19, 10, 1, 15, 18, 19, 8, 2, 15, 5, 14, 17, 17, 6, 8, 6, 4, 16, 14, 5, 20, 19, 9, 14, 20, 5, 20, 19, 9, 16, 20, 9, 17, 14, 17, 6, 18, 6, 6, 10, 8, 7, 16, 19, 8, 10, 6, 4, 7, 6, 12, 4, 12, 4, 6, 12, 12, 12, 6, 4, 7, 7, 14, 12, 4, 8, 12, 7, 7, 12, 12, 2, 7, 11, 11, 2, 14, 18, 11, 16, 11, 16, 19, 2, 19, 14, 12, 18, 11, 4, 16, 20, 7, 11, 16, 18, 2, 8, 2, 14, 17, 11, 11, 13, 13, 13, 7]
bestever    2388    in generation 85
[13, 20, 20, 4, 17, 15, 5, 13, 15, 20, 1, 20, 3, 13, 9, 18, 1, 15, 3, 8, 1, 3, 15, 3, 5, 1, 3, 9, 4, 17, 10, 9, 10, 18, 3, 9, 3, 9, 1, 15, 1, 3, 15, 17, 5, 13, 13, 17, 2, 8, 2, 14, 18, 16, 7, 11, 13, 1, 20, 3, 9, 4, 17, 10, 16, 9, 10, 18, 8, 3, 5, 19, 6, 11, 18, 19, 5, 16, 14, 13, 10, 10, 1, 2, 15, 19, 8, 2, 1, 15, 5, 10, 5, 19, 10, 1, 15, 18, 19, 8, 2, 15, 5, 14, 17, 17, 6, 8, 6, 4, 16, 14, 5, 20, 19, 9, 14, 20, 5, 20, 19, 9, 16, 20, 9, 17, 14, 17, 6, 18, 6, 6, 10, 8, 7, 16, 19, 8, 10, 6, 4, 7, 6, 12, 4, 12, 4, 6, 12, 12, 12, 6, 4, 7, 7, 14, 12, 4, 8, 12, 7, 7, 12, 12, 2, 7, 11, 11, 2, 14, 18, 11, 16, 11, 16, 19, 2, 19, 14, 12, 18, 11, 4, 16, 20, 7, 11, 16, 18, 2, 8, 2, 14, 17, 11, 11, 13, 7, 13, 13]
bestever    2339    in generation 90
[13, 20, 20, 4, 17, 15, 5, 13, 15, 20, 1, 20, 3, 13, 9, 18, 1, 15, 3, 8, 1, 3, 15, 3, 5, 1, 3, 9, 4, 17, 8, 9, 10, 18, 3, 9, 3, 9, 1, 15, 1, 3, 15, 17, 5, 13, 13, 17, 2, 8, 2, 14, 18, 16, 7, 11, 13, 1, 20, 3, 9, 4, 17, 10, 16, 9, 10, 18, 8, 3, 5, 19, 6, 11, 18, 19, 5, 16, 14, 13, 10, 10, 1, 2, 15, 19, 8, 2, 1, 15, 5, 10, 5, 19, 10, 1, 15, 18, 19, 8, 2, 15, 5, 14, 17, 17, 6, 10, 6, 4, 16, 14, 5, 20, 19, 9, 14, 20, 5, 20, 19, 9, 16, 20, 9, 17, 14, 17, 6, 18, 6, 6, 10, 8, 7, 16, 19, 8, 10, 6, 4, 7, 6, 12, 4, 12, 4, 6, 12, 12, 12, 6, 4, 7, 7, 14, 12, 4, 8, 12, 7, 7, 12, 12, 2, 7, 11, 11, 2, 14, 18, 11, 16, 11, 16, 19, 2, 19, 14, 12, 18, 11, 4, 16, 20, 7, 11, 16, 18, 2, 8, 2, 14, 17, 11, 11, 13, 7, 13, 13]
bestever    2335    in generation 102
[13, 20, 20, 4, 17, 15, 5, 13, 15, 20, 1, 20, 3, 13, 9, 18, 1, 15, 3, 8, 1, 3, 15, 3, 5, 1, 3, 9, 4, 17, 8, 9, 10, 18, 3, 9, 3, 9, 1, 15, 1, 3, 15, 17, 5, 13, 13, 17, 2, 8, 2, 14, 18, 16, 7, 11, 13, 1, 20, 3, 9, 4, 17, 10, 16, 9, 10, 18, 8, 3, 5, 19, 6, 11, 18, 19, 5, 16, 14, 10, 10, 1, 2, 15, 19, 8, 2, 1, 15, 5, 10, 5, 19, 10, 1, 15, 18, 19, 8, 2, 15, 5, 14, 17, 17, 6, 10, 6, 4, 16, 14, 5, 20, 19, 9, 14, 20, 5, 20, 19, 9, 16, 20, 9, 17, 14, 17, 6, 18, 6, 6, 10, 8, 7, 16, 19, 8, 10, 6, 4, 7, 6, 12, 4, 12, 4, 6, 12, 12, 12, 6, 4, 7, 7, 14, 12, 4, 8, 12, 7, 7, 12, 12, 2, 7, 11, 11, 2, 14, 18, 11, 16, 11, 16, 19, 2, 19, 14, 12, 18, 11, 4, 16, 20, 7, 11, 16, 18, 2, 8, 2, 14, 17, 11, 13, 11, 13, 7, 13, 13]
bestever    2332    in generation 121
[13, 20, 20, 4, 17, 15, 5, 13, 15, 20, 1, 20, 3, 13, 9, 18, 1, 15, 3, 8, 1, 3, 15, 3, 5, 1, 3, 9, 4, 17, 8, 9, 10, 18, 3, 9, 3, 9, 1, 15, 1, 3, 15, 17, 5, 13, 13, 17, 2, 8, 2, 14, 18, 16, 13, 1, 20, 3, 9, 4, 17, 10, 16, 9, 10, 18, 8, 3, 5, 19, 6, 18, 4, 5, 16, 14, 10, 10, 1, 2, 15, 19, 8, 2, 1, 15, 5, 10, 5, 19, 10, 1, 15, 18, 19, 8, 2, 15, 5, 14, 17, 17, 6, 10, 6, 4, 16, 14, 5, 20, 19, 9, 14, 20, 5, 20, 19, 9, 16, 20, 9, 17, 11, 7, 11, 14, 17, 6, 18, 6, 6, 10, 8, 7, 16, 19, 8, 10, 6, 4, 7, 6, 12, 19, 12, 4, 6, 12, 12, 12, 6, 4, 7, 7, 14, 12, 4, 8, 12, 7, 7, 12, 12, 2, 7, 11, 11, 2, 14, 18, 11, 16, 11, 16, 19, 2, 19, 14, 12, 18, 11, 4, 16, 20, 7, 11, 16, 18, 2, 8, 2, 14, 17, 11, 13, 11, 13, 7, 13, 13]
bestever    2321    in generation 130
[13, 20, 20, 17, 15, 5, 13, 15, 20, 1, 20, 3, 13, 9, 18, 1, 15, 3, 8, 1, 3, 15, 3, 5, 1, 3, 9, 4, 17, 8, 9, 10, 18, 3, 9, 3, 9, 1, 15, 1, 3, 15, 17, 5, 13, 17, 2, 8, 2, 14, 18, 16, 1, 20, 3, 9, 4, 17, 10, 16, 9, 10, 18, 8, 3, 5, 19, 6, 18, 19, 5, 16, 14, 10, 10, 1, 2, 15, 19, 8, 2, 1, 15, 5, 10, 5, 19, 10, 1, 15, 18, 19, 8, 2, 15, 5, 14, 17, 17, 6, 10, 6, 4, 16, 14, 5, 20, 19, 9, 14, 20, 5, 20, 19, 9, 16, 20, 9, 17, 11, 7, 11, 14, 17, 6, 18, 6, 10, 8, 7, 16, 19, 8, 10, 6, 4, 7, 6, 6, 4, 12, 4, 12, 4, 6, 12, 12, 12, 6, 4, 7, 14, 12, 7, 13, 13, 4, 8, 12, 7, 7, 12, 12, 2, 7, 11, 11, 2, 14, 18, 11, 16, 11, 16, 19, 2, 19, 14, 12, 18, 11, 4, 16, 20, 7, 11, 16, 18, 2, 8, 2, 14, 17, 11, 13, 11, 13, 7, 13, 13]
bestever    2304    in generation 133
[13, 20, 20, 17, 15, 5, 13, 15, 20, 1, 20, 3, 13, 9, 18, 1, 15, 3, 8, 1, 3, 15, 3, 5, 1, 3, 9, 4, 17, 8, 9, 10, 18, 3, 9, 3, 9, 1, 15, 1, 3, 15, 17, 5, 13, 17, 2, 8, 2, 14, 18, 16, 1, 20, 3, 9, 4, 17, 10, 16, 9, 10, 18, 8, 3, 5, 19, 6, 18, 19, 5, 16, 14, 10, 10, 1, 2, 15, 19, 8, 2, 1, 15, 5, 10, 5, 19, 10, 1, 15, 18, 19, 8, 15, 5, 14, 17, 17, 6, 10, 6, 4, 16, 14, 5, 20, 19, 9, 14, 20, 5, 20, 9, 16, 20, 9, 17, 4, 4, 13, 13, 14, 11, 7, 11, 2, 17, 6, 18, 6, 6, 10, 8, 7, 16, 19, 8, 10, 6, 4, 7, 6, 12, 19, 12, 4, 6, 12, 12, 12, 6, 4, 7, 7, 14, 12, 4, 8, 12, 7, 7, 12, 12, 2, 7, 11, 11, 2, 14, 18, 11, 16, 11, 16, 19, 2, 19, 14, 12, 18, 11, 4, 16, 20, 7, 11, 16, 18, 2, 8, 2, 14, 17, 11, 13, 11, 13, 7, 13, 13]
bestever    2285    in generation 134
[13, 20, 20, 17, 15, 5, 13, 15, 20, 1, 20, 3, 13, 9, 18, 1, 15, 3, 8, 1, 3, 15, 3, 5, 1, 3, 9, 4, 17, 8, 9, 10, 18, 3, 9, 3, 9, 1, 15, 1, 3, 15, 17, 5, 13, 17, 2, 8, 2, 14, 18, 16, 1, 20, 3, 9, 4, 17, 10, 16, 9, 10, 18, 8, 3, 5, 19, 6, 18, 19, 5, 16, 14, 10, 10, 1, 2, 15, 19, 8, 2, 1, 15, 5, 10, 5, 19, 10, 1, 15, 18, 19, 8, 2, 15, 5, 14, 17, 17, 6, 10, 6, 4, 16, 14, 5, 20, 19, 9, 14, 20, 5, 20, 19, 9, 16, 20, 9, 17, 11, 7, 11, 14, 17, 6, 18, 6, 10, 8, 7, 16, 19, 8, 10, 6, 4, 7, 6, 6, 4, 12, 4, 12, 4, 6, 12, 12, 12, 6, 4, 7, 14, 12, 7, 13, 13, 4, 8, 12, 7, 7, 12, 12, 2, 11, 11, 2, 14, 18, 16, 16, 19, 2, 19, 14, 11, 7, 11, 12, 18, 11, 4, 16, 20, 7, 11, 16, 18, 2, 8, 2, 14, 17, 11, 13, 11, 13, 7, 13, 13]
bestever    2283    in generation 135
[13, 20, 20, 17, 15, 5, 13, 15, 20, 1, 20, 3, 13, 9, 18, 1, 15, 3, 8, 1, 3, 15, 3, 5, 1, 3, 9, 4, 17, 8, 9, 10, 18, 3, 9, 3, 9, 1, 15, 1, 3, 15, 17, 5, 13, 17, 2, 8, 2, 14, 18, 16, 1, 20, 3, 9, 4, 17, 10, 16, 9, 10, 18, 8, 3, 5, 19, 6, 18, 19, 5, 16, 14, 10, 10, 1, 2, 15, 19, 8, 1, 15, 5, 10, 5, 19, 10, 1, 15, 18, 19, 8, 15, 5, 14, 17, 17, 6, 10, 6, 4, 16, 14, 5, 20, 19, 9, 14, 20, 5, 20, 19, 9, 16, 20, 9, 17, 7, 14, 17, 6, 6, 10, 8, 7, 16, 19, 8, 10, 6, 4, 7, 6, 6, 4, 12, 4, 12, 4, 6, 12, 12, 12, 6, 4, 7, 12, 13, 13, 4, 8, 2, 2, 14, 18, 11, 7, 11, 12, 7, 7, 12, 12, 2, 11, 11, 2, 14, 18, 16, 16, 19, 2, 19, 14, 11, 7, 11, 12, 18, 11, 4, 16, 20, 7, 11, 16, 18, 2, 8, 2, 14, 17, 11, 13, 11, 13, 7, 13, 13]
bestever    2275    in generation 160
[13, 20, 20, 17, 15, 5, 13, 15, 20, 1, 20, 3, 13, 9, 18, 1, 15, 3, 8, 1, 3, 15, 3, 5, 1, 3, 9, 4, 17, 8, 9, 10, 18, 3, 9, 3, 9, 1, 15, 1, 3, 15, 17, 5, 13, 17, 2, 8, 14, 18, 16, 1, 20, 3, 9, 4, 17, 10, 16, 9, 10, 18, 8, 3, 5, 19, 6, 18, 19, 5, 16, 14, 10, 10, 1, 2, 15, 19, 8, 1, 15, 5, 10, 5, 19, 10, 1, 15, 18, 19, 8, 15, 5, 14, 17, 17, 6, 10, 6, 4, 16, 14, 5, 20, 19, 9, 14, 20, 5, 20, 19, 9, 16, 20, 9, 17, 7, 14, 17, 6, 6, 10, 8, 7, 16, 19, 8, 10, 6, 4, 6, 6, 4, 12, 4, 12, 4, 6, 12, 12, 12, 6, 4, 12, 13, 13, 4, 8, 2, 2, 14, 18, 11, 7, 11, 7, 7, 12, 2, 7, 7, 12, 12, 2, 11, 11, 2, 14, 18, 16, 16, 19, 2, 19, 14, 11, 7, 11, 12, 18, 11, 4, 16, 20, 7, 11, 16, 18, 2, 8, 2, 14, 17, 11, 13, 11, 13, 7, 13, 13]
bestever    2267    in generation 168
[20, 20, 17, 15, 5, 15, 20, 1, 20, 3, 9, 18, 1, 15, 3, 8, 1, 3, 15, 3, 5, 1, 3, 9, 4, 17, 8, 9, 10, 18, 3, 9, 3, 9, 1, 15, 1, 3, 15, 17, 5, 17, 2, 8, 14, 18, 16, 1, 20, 3, 9, 4, 17, 10, 16, 9, 10, 18, 8, 3, 5, 19, 6, 18, 19, 5, 16, 14, 10, 10, 1, 2, 15, 19, 8, 1, 15, 5, 10, 5, 19, 10, 1, 15, 18, 19, 8, 15, 5, 14, 17, 17, 6, 10, 6, 4, 16, 14, 5, 20, 19, 9, 14, 20, 5, 20, 19, 9, 16, 20, 9, 17, 7, 14, 17, 6, 6, 10, 8, 16, 19, 8, 10, 6, 4, 6, 6, 13, 13, 7, 11, 13, 4, 12, 4, 12, 4, 6, 12, 12, 12, 6, 4, 12, 13, 13, 4, 8, 2, 2, 14, 18, 11, 7, 11, 7, 7, 12, 2, 7, 7, 12, 12, 2, 11, 11, 2, 14, 18, 16, 16, 19, 2, 19, 14, 11, 7, 11, 12, 18, 11, 4, 16, 20, 7, 11, 16, 18, 2, 8, 2, 14, 17, 11, 13, 13, 7, 13, 13, 13]
bestever    2265    in generation 173
[20, 20, 17, 15, 5, 15, 20, 1, 20, 3, 9, 18, 1, 15, 3, 8, 1, 3, 15, 3, 5, 1, 3, 9, 4, 17, 8, 9, 10, 18, 3, 9, 3, 9, 1, 15, 1, 3, 15, 17, 5, 17, 2, 8, 14, 18, 16, 1, 20, 3, 9, 4, 17, 10, 16, 9, 10, 18, 8, 3, 5, 19, 6, 18, 19, 5, 16, 14, 10, 10, 1, 2, 15, 19, 8, 1, 15, 5, 10, 5, 19, 10, 1, 15, 19, 8, 15, 5, 14, 17, 17, 6, 10, 6, 4, 16, 14, 5, 20, 19, 9, 14, 20, 5, 20, 19, 9, 20, 9, 17, 7, 14, 17, 6, 6, 10, 8, 19, 8, 10, 6, 4, 6, 6, 13, 13, 7, 13, 4, 12, 4, 12, 4, 6, 12, 12, 12, 6, 4, 12, 13, 13, 4, 8, 2, 2, 18, 7, 11, 7, 7, 12, 7, 12, 12, 11, 11, 2, 18, 16, 16, 2, 14, 11, 7, 11, 2, 14, 18, 16, 16, 19, 2, 19, 14, 11, 7, 11, 12, 18, 11, 4, 16, 20, 7, 11, 16, 18, 2, 8, 2, 14, 17, 11, 13, 13, 7, 13, 13, 13]
bestever    2236    in generation 174
[20, 20, 17, 15, 5, 15, 20, 1, 20, 3, 9, 18, 1, 15, 3, 8, 1, 3, 15, 3, 5, 1, 3, 9, 4, 17, 8, 5, 10, 18, 3, 9, 3, 9, 1, 15, 1, 3, 15, 17, 5, 17, 2, 8, 14, 18, 16, 1, 20, 3, 9, 4, 17, 10, 16, 9, 10, 18, 8, 3, 5, 19, 6, 18, 19, 5, 16, 14, 10, 10, 1, 2, 15, 19, 8, 1, 15, 5, 10, 9, 19, 10, 1, 15, 18, 19, 8, 15, 5, 14, 17, 17, 6, 10, 6, 4, 16, 14, 5, 20, 19, 9, 14, 20, 5, 20, 19, 9, 16, 20, 9, 17, 7, 14, 17, 6, 6, 10, 8, 16, 19, 8, 10, 6, 4, 6, 6, 13, 13, 7, 11, 13, 4, 12, 4, 12, 4, 6, 12, 12, 12, 6, 4, 12, 13, 13, 4, 8, 2, 2, 14, 18, 11, 7, 11, 7, 7, 12, 2, 7, 7, 12, 12, 2, 11, 11, 2, 14, 18, 16, 16, 19, 2, 19, 14, 11, 7, 11, 12, 18, 11, 4, 16, 20, 7, 11, 16, 18, 2, 8, 2, 14, 17, 11, 13, 13, 7, 13, 13, 13]
bestever    2202    in generation 181
[20, 20, 17, 15, 5, 15, 20, 1, 20, 3, 9, 17, 1, 15, 3, 8, 1, 3, 15, 3, 5, 1, 3, 9, 4, 17, 8, 5, 10, 18, 3, 9, 3, 9, 1, 15, 1, 3, 15, 17, 5, 17, 2, 8, 14, 18, 16, 1, 20, 3, 9, 4, 18, 10, 16, 9, 10, 18, 8, 3, 5, 19, 6, 18, 19, 5, 16, 14, 10, 10, 1, 2, 15, 19, 8, 1, 15, 5, 10, 9, 19, 10, 1, 15, 18, 19, 8, 15, 5, 14, 17, 17, 6, 10, 6, 4, 16, 14, 5, 20, 19, 9, 14, 20, 5, 20, 19, 9, 16, 20, 9, 17, 7, 14, 17, 6, 6, 10, 8, 16, 19, 8, 10, 6, 4, 6, 6, 13, 13, 7, 11, 13, 4, 12, 4, 12, 4, 6, 12, 12, 12, 6, 4, 12, 13, 13, 4, 8, 2, 2, 14, 18, 11, 7, 11, 7, 7, 12, 2, 7, 7, 12, 12, 2, 11, 11, 2, 14, 18, 16, 16, 19, 2, 19, 14, 11, 7, 11, 12, 18, 11, 4, 16, 20, 7, 11, 16, 18, 2, 8, 2, 14, 17, 11, 13, 13, 7, 13, 13, 13]
bestever    2181    in generation 191
[20, 20, 17, 15, 5, 15, 20, 1, 20, 3, 9, 17, 1, 15, 3, 8, 1, 3, 15, 3, 5, 1, 3, 9, 4, 17, 8, 5, 10, 18, 3, 9, 3, 9, 1, 15, 1, 3, 15, 17, 5, 17, 2, 8, 14, 18, 16, 1, 20, 3, 9, 4, 18, 10, 16, 9, 10, 18, 8, 3, 5, 19, 6, 18, 19, 5, 16, 14, 10, 10, 1, 2, 15, 19, 8, 1, 15, 5, 10, 9, 19, 10, 1, 15, 19, 8, 15, 5, 14, 17, 17, 6, 10, 6, 4, 16, 14, 5, 20, 19, 9, 14, 20, 5, 20, 19, 9, 20, 9, 17, 7, 14, 17, 6, 6, 10, 8, 19, 8, 10, 6, 4, 6, 6, 13, 13, 7, 13, 4, 12, 4, 12, 4, 6, 12, 12, 12, 6, 4, 12, 13, 13, 4, 8, 2, 18, 7, 7, 12, 11, 11, 2, 18, 16, 16, 2, 14, 11, 7, 7, 7, 12, 12, 2, 11, 11, 2, 14, 18, 16, 16, 19, 2, 19, 14, 11, 7, 11, 12, 18, 11, 4, 16, 20, 7, 11, 16, 18, 2, 8, 2, 14, 17, 11, 13, 13, 7, 13, 13, 13]
bestever    2171    in generation 278
[20, 20, 9, 15, 5, 15, 20, 1, 20, 3, 9, 17, 1, 15, 3, 8, 1, 3, 15, 3, 5, 1, 3, 9, 4, 17, 8, 5, 10, 18, 3, 9, 3, 9, 1, 15, 1, 3, 15, 17, 5, 17, 2, 8, 14, 18, 16, 1, 20, 3, 17, 4, 18, 10, 16, 9, 10, 18, 8, 3, 5, 19, 6, 18, 19, 5, 16, 14, 10, 10, 1, 2, 15, 19, 8, 1, 15, 5, 10, 9, 19, 10, 1, 15, 19, 8, 15, 5, 14, 17, 17, 6, 10, 6, 4, 16, 14, 5, 20, 19, 9, 14, 20, 5, 20, 19, 9, 20, 9, 17, 7, 14, 17, 6, 6, 10, 8, 19, 8, 10, 6, 4, 6, 6, 13, 13, 7, 13, 4, 12, 4, 12, 4, 6, 12, 12, 12, 6, 4, 12, 13, 13, 4, 8, 2, 18, 7, 12, 11, 2, 18, 16, 16, 2, 14, 11, 7, 11, 7, 7, 7, 12, 12, 2, 11, 11, 2, 14, 18, 16, 16, 19, 2, 19, 14, 11, 7, 11, 12, 18, 11, 4, 16, 20, 7, 11, 16, 18, 2, 8, 2, 14, 17, 11, 13, 13, 7, 13, 13, 13]
bestever    2163    in generation 279
[20, 20, 17, 15, 5, 15, 20, 1, 20, 3, 9, 17, 1, 15, 3, 8, 1, 3, 15, 3, 5, 1, 3, 9, 4, 17, 8, 5, 10, 18, 3, 9, 3, 9, 1, 15, 1, 3, 15, 17, 5, 17, 2, 8, 14, 18, 16, 1, 20, 3, 9, 4, 18, 10, 16, 9, 10, 18, 8, 3, 5, 19, 6, 18, 19, 5, 16, 14, 10, 10, 1, 2, 15, 19, 8, 1, 15, 5, 10, 9, 19, 10, 1, 15, 19, 8, 15, 5, 14, 17, 17, 6, 10, 6, 4, 16, 14, 5, 20, 19, 9, 14, 20, 5, 20, 19, 9, 20, 9, 17, 7, 14, 17, 6, 6, 10, 8, 19, 8, 10, 6, 4, 6, 6, 13, 13, 7, 13, 4, 12, 4, 12, 4, 6, 12, 12, 12, 6, 4, 12, 13, 13, 4, 8, 2, 18, 7, 12, 19, 2, 18, 16, 16, 2, 14, 11, 7, 11, 7, 7, 7, 12, 12, 2, 11, 11, 2, 14, 18, 16, 16, 11, 2, 19, 14, 11, 7, 11, 12, 18, 11, 4, 16, 20, 7, 11, 16, 18, 2, 8, 2, 14, 17, 11, 13, 13, 7, 13, 13, 13]
bestever    2157    in generation 285
[20, 20, 17, 15, 5, 15, 20, 1, 20, 3, 9, 17, 1, 15, 3, 8, 1, 3, 15, 3, 5, 1, 3, 9, 4, 17, 8, 5, 10, 18, 3, 9, 3, 9, 1, 15, 1, 3, 15, 17, 5, 17, 2, 8, 14, 18, 16, 1, 20, 3, 9, 4, 18, 10, 16, 9, 10, 18, 8, 3, 5, 19, 6, 18, 19, 5, 16, 14, 10, 10, 1, 2, 15, 19, 8, 1, 15, 5, 10, 9, 19, 10, 1, 15, 19, 8, 15, 5, 14, 17, 17, 6, 10, 6, 4, 16, 14, 5, 20, 19, 9, 14, 20, 5, 20, 19, 9, 20, 9, 17, 7, 14, 17, 6, 6, 10, 8, 19, 8, 10, 6, 4, 6, 6, 13, 13, 7, 13, 4, 12, 4, 12, 4, 6, 12, 12, 12, 6, 4, 12, 4, 8, 2, 18, 7, 12, 19, 2, 18, 16, 16, 2, 14, 11, 7, 11, 7, 7, 7, 12, 12, 2, 11, 11, 2, 14, 18, 16, 16, 11, 2, 19, 13, 13, 14, 11, 7, 11, 12, 18, 11, 4, 16, 20, 7, 11, 16, 18, 2, 8, 2, 14, 17, 11, 13, 13, 7, 13, 13, 13]
bestever    2146    in generation 289
[20, 20, 17, 15, 5, 15, 20, 1, 20, 3, 9, 17, 1, 15, 3, 8, 1, 3, 15, 3, 5, 1, 3, 9, 4, 17, 8, 5, 10, 18, 3, 9, 3, 9, 1, 15, 1, 3, 15, 17, 5, 17, 2, 8, 14, 18, 16, 1, 20, 3, 9, 4, 18, 10, 16, 9, 10, 18, 8, 3, 5, 19, 6, 18, 19, 5, 16, 14, 10, 10, 1, 2, 15, 19, 8, 1, 15, 5, 10, 9, 19, 10, 1, 15, 19, 8, 15, 5, 14, 17, 17, 6, 10, 6, 4, 16, 14, 5, 20, 19, 9, 14, 20, 5, 20, 19, 9, 20, 9, 17, 7, 14, 17, 6, 6, 10, 8, 19, 8, 10, 6, 4, 6, 6, 13, 13, 7, 13, 4, 12, 4, 12, 4, 6, 12, 12, 12, 6, 4, 12, 4, 8, 2, 18, 7, 12, 19, 2, 18, 16, 16, 2, 14, 11, 7, 11, 7, 7, 7, 12, 12, 2, 11, 11, 2, 14, 18, 16, 16, 11, 2, 19, 13, 13, 14, 11, 7, 11, 12, 18, 11, 4, 16, 20, 7, 13, 16, 18, 2, 8, 2, 14, 17, 11, 11, 13, 7, 13, 13, 13]
bestever    2144    in generation 313
[20, 20, 17, 15, 5, 15, 20, 1, 20, 3, 9, 17, 1, 15, 3, 8, 1, 3, 15, 3, 5, 1, 3, 9, 4, 17, 8, 5, 10, 18, 3, 9, 9, 1, 15, 1, 3, 15, 17, 5, 17, 8, 14, 18, 16, 1, 20, 3, 9, 4, 18, 10, 9, 10, 18, 8, 3, 5, 19, 6, 18, 19, 5, 16, 14, 10, 10, 15, 19, 8, 1, 5, 10, 9, 19, 10, 1, 15, 19, 8, 15, 5, 14, 17, 17, 6, 10, 6, 4, 16, 14, 20, 19, 9, 14, 20, 5, 20, 19, 9, 20, 9, 17, 7, 14, 17, 6, 6, 10, 8, 19, 8, 10, 6, 4, 6, 6, 13, 13, 7, 13, 4, 12, 4, 12, 4, 6, 12, 12, 12, 6, 4, 12, 4, 8, 2, 18, 7, 12, 19, 2, 18, 16, 16, 2, 14, 11, 7, 11, 7, 7, 7, 12, 12, 5, 1, 3, 2, 2, 15, 16, 2, 11, 11, 2, 14, 18, 16, 16, 11, 2, 19, 13, 13, 14, 11, 7, 11, 12, 18, 11, 4, 16, 20, 7, 13, 16, 18, 2, 8, 2, 14, 17, 11, 11, 13, 7, 13, 13, 13]
bestever    2118    in generation 326
[20, 20, 17, 15, 5, 15, 20, 1, 20, 3, 9, 17, 1, 15, 3, 8, 1, 3, 15, 3, 5, 1, 3, 9, 4, 17, 8, 5, 10, 18, 3, 9, 9, 1, 15, 1, 3, 15, 17, 5, 17, 8, 14, 18, 16, 1, 20, 3, 9, 4, 18, 10, 9, 10, 18, 8, 3, 5, 19, 6, 18, 19, 5, 16, 14, 10, 10, 15, 19, 8, 1, 5, 10, 9, 19, 10, 1, 15, 19, 8, 15, 5, 14, 17, 17, 6, 10, 6, 4, 16, 14, 20, 19, 9, 14, 20, 5, 20, 19, 9, 20, 9, 17, 7, 14, 17, 6, 6, 10, 8, 19, 8, 10, 6, 4, 6, 6, 13, 13, 7, 13, 15, 12, 4, 12, 4, 6, 12, 12, 12, 6, 4, 12, 4, 8, 2, 18, 7, 12, 19, 2, 18, 16, 16, 2, 14, 11, 7, 11, 7, 7, 7, 12, 12, 5, 1, 3, 2, 2, 4, 16, 2, 11, 11, 2, 14, 18, 16, 16, 11, 2, 19, 13, 13, 14, 11, 7, 11, 12, 18, 11, 4, 16, 20, 7, 13, 16, 18, 2, 8, 2, 14, 17, 11, 11, 13, 7, 13, 13, 13]
bestever    2116    in generation 439
[20, 20, 17, 15, 5, 15, 20, 1, 20, 3, 9, 17, 1, 15, 3, 8, 1, 9, 15, 3, 5, 1, 3, 9, 4, 17, 8, 5, 10, 18, 3, 9, 9, 1, 15, 1, 3, 15, 17, 5, 17, 8, 14, 18, 16, 1, 20, 3, 9, 4, 18, 10, 9, 10, 18, 8, 3, 5, 19, 6, 18, 19, 5, 16, 14, 10, 10, 15, 19, 8, 1, 5, 10, 3, 19, 10, 1, 15, 19, 8, 15, 5, 14, 17, 17, 6, 10, 6, 4, 16, 14, 20, 19, 9, 14, 20, 5, 20, 19, 9, 20, 9, 17, 7, 14, 17, 6, 6, 10, 8, 19, 8, 10, 6, 4, 6, 6, 13, 13, 7, 13, 15, 12, 4, 12, 4, 6, 12, 12, 12, 6, 4, 12, 4, 8, 2, 18, 7, 12, 19, 2, 18, 16, 16, 2, 14, 11, 7, 11, 7, 7, 7, 12, 12, 5, 1, 3, 2, 2, 4, 16, 2, 11, 11, 2, 14, 18, 16, 16, 11, 2, 19, 13, 13, 14, 11, 7, 11, 12, 18, 11, 4, 16, 20, 7, 13, 16, 18, 2, 8, 2, 14, 17, 11, 11, 13, 7, 13, 13, 13]
bestever    2111    in generation 479
[20, 20, 9, 15, 5, 15, 20, 1, 20, 3, 9, 17, 1, 15, 3, 8, 1, 9, 15, 3, 5, 1, 3, 9, 4, 17, 8, 5, 10, 18, 3, 9, 9, 1, 15, 1, 3, 15, 17, 5, 17, 8, 14, 18, 16, 1, 20, 3, 9, 4, 18, 10, 10, 18, 3, 8, 3, 5, 19, 6, 18, 19, 5, 16, 14, 10, 10, 15, 19, 8, 1, 5, 10, 9, 19, 10, 1, 15, 19, 8, 15, 5, 14, 17, 17, 6, 10, 6, 4, 16, 14, 20, 19, 17, 14, 20, 5, 20, 19, 9, 20, 9, 17, 7, 14, 17, 6, 6, 10, 8, 19, 8, 10, 6, 4, 6, 6, 13, 13, 7, 13, 15, 12, 4, 12, 4, 6, 12, 12, 12, 6, 4, 12, 4, 8, 2, 18, 7, 12, 19, 2, 18, 16, 16, 2, 14, 11, 7, 11, 7, 7, 7, 12, 12, 5, 1, 3, 2, 2, 4, 16, 2, 11, 11, 2, 14, 18, 16, 16, 11, 2, 19, 13, 13, 14, 11, 7, 11, 12, 18, 11, 4, 16, 20, 7, 13, 16, 18, 2, 8, 2, 14, 17, 11, 11, 13, 7, 13, 13, 13]
bestever    2094    in generation 634
[20, 20, 9, 15, 5, 15, 20, 1, 20, 3, 9, 17, 1, 15, 3, 8, 1, 9, 15, 3, 5, 1, 3, 9, 4, 17, 4, 8, 5, 10, 18, 3, 9, 9, 10, 15, 1, 3, 15, 17, 5, 17, 8, 14, 18, 16, 1, 20, 3, 9, 4, 18, 10, 1, 18, 3, 8, 3, 5, 19, 6, 18, 19, 5, 16, 14, 10, 10, 15, 19, 8, 1, 5, 10, 9, 19, 10, 1, 15, 19, 8, 4, 5, 14, 17, 17, 6, 10, 6, 4, 16, 14, 20, 19, 17, 14, 20, 5, 20, 19, 9, 20, 9, 17, 7, 14, 17, 6, 6, 10, 8, 19, 8, 10, 6, 4, 6, 6, 13, 13, 7, 13, 15, 12, 4, 12, 15, 6, 12, 12, 12, 6, 4, 12, 4, 8, 2, 18, 7, 12, 19, 2, 18, 16, 12, 2, 14, 11, 7, 11, 7, 7, 7, 16, 12, 5, 1, 3, 2, 2, 4, 16, 2, 11, 11, 2, 14, 18, 16, 16, 11, 2, 19, 13, 13, 14, 11, 7, 11, 12, 18, 11, 16, 20, 7, 13, 16, 18, 2, 8, 2, 14, 17, 11, 11, 13, 7, 13, 13, 13]
bestever    2088    in generation 650
[20, 20, 9, 15, 5, 15, 20, 1, 20, 3, 9, 17, 1, 15, 3, 8, 1, 9, 15, 3, 5, 1, 3, 9, 4, 17, 4, 8, 5, 10, 18, 3, 9, 9, 10, 15, 1, 3, 15, 17, 5, 17, 8, 14, 18, 16, 1, 20, 3, 9, 4, 18, 10, 1, 18, 3, 8, 3, 5, 19, 6, 18, 19, 5, 16, 14, 10, 10, 15, 19, 8, 1, 5, 10, 9, 19, 10, 1, 15, 19, 8, 4, 5, 14, 17, 17, 6, 10, 6, 4, 16, 14, 20, 19, 17, 14, 20, 5, 20, 19, 9, 20, 9, 17, 7, 14, 17, 6, 6, 10, 8, 19, 8, 10, 6, 4, 6, 6, 13, 1, 7, 13, 15, 12, 4, 12, 15, 6, 12, 12, 12, 6, 4, 12, 4, 8, 2, 18, 7, 12, 19, 2, 18, 16, 12, 2, 14, 11, 7, 11, 7, 7, 7, 16, 12, 5, 13, 3, 2, 2, 4, 16, 2, 11, 11, 2, 14, 18, 16, 16, 11, 2, 19, 13, 13, 14, 11, 7, 11, 12, 18, 11, 16, 20, 7, 13, 16, 18, 2, 8, 2, 14, 17, 11, 11, 13, 7, 13, 13, 13]
bestever    2071    in generation 665
[20, 20, 9, 15, 5, 15, 20, 1, 20, 3, 9, 17, 1, 15, 19, 8, 1, 9, 15, 3, 5, 1, 3, 9, 4, 17, 4, 8, 5, 10, 18, 3, 9, 9, 10, 15, 1, 3, 15, 17, 5, 17, 8, 14, 18, 16, 1, 20, 3, 9, 4, 18, 10, 1, 18, 3, 8, 3, 5, 19, 6, 18, 19, 5, 16, 14, 10, 10, 15, 19, 8, 1, 5, 10, 9, 19, 10, 1, 15, 3, 8, 4, 5, 14, 17, 17, 6, 10, 6, 4, 16, 14, 20, 19, 17, 14, 20, 5, 20, 19, 9, 20, 9, 17, 7, 14, 17, 6, 6, 10, 8, 19, 8, 10, 6, 4, 6, 6, 13, 1, 7, 13, 15, 12, 4, 12, 15, 6, 12, 12, 12, 6, 4, 12, 4, 8, 2, 18, 7, 12, 19, 2, 18, 16, 12, 2, 14, 11, 7, 11, 7, 7, 7, 16, 12, 5, 13, 3, 2, 2, 4, 16, 2, 11, 11, 2, 14, 18, 16, 16, 11, 2, 19, 13, 13, 14, 11, 7, 11, 12, 18, 11, 16, 20, 7, 13, 16, 18, 2, 8, 2, 14, 17, 11, 11, 13, 7, 13, 13, 13]
bestever    2047    in generation 669
[20, 20, 9, 15, 5, 15, 20, 1, 20, 3, 9, 17, 1, 15, 19, 8, 1, 9, 15, 3, 5, 1, 3, 9, 4, 17, 4, 8, 5, 10, 18, 3, 9, 9, 10, 15, 1, 3, 15, 17, 5, 17, 8, 14, 18, 16, 1, 20, 3, 9, 4, 18, 10, 1, 18, 3, 8, 3, 5, 19, 6, 18, 19, 5, 16, 14, 10, 10, 15, 8, 1, 5, 10, 9, 19, 10, 1, 15, 3, 8, 4, 5, 14, 17, 6, 10, 6, 4, 16, 14, 20, 19, 17, 14, 5, 19, 20, 17, 20, 19, 9, 20, 9, 17, 7, 14, 17, 6, 6, 10, 8, 19, 8, 10, 6, 4, 6, 6, 13, 1, 7, 13, 15, 12, 4, 12, 15, 6, 12, 12, 12, 6, 4, 12, 4, 8, 2, 18, 7, 12, 19, 2, 18, 16, 12, 2, 14, 11, 7, 11, 7, 7, 7, 16, 12, 5, 13, 3, 2, 2, 4, 16, 2, 11, 11, 2, 14, 18, 16, 16, 11, 2, 19, 13, 13, 14, 11, 7, 11, 12, 18, 11, 16, 20, 7, 13, 16, 18, 2, 8, 2, 14, 17, 11, 11, 13, 7, 13, 13, 13]
bestever    2039    in generation 673
[20, 20, 9, 15, 5, 15, 20, 1, 20, 3, 9, 17, 1, 15, 19, 8, 1, 9, 15, 3, 5, 1, 3, 9, 4, 17, 4, 8, 5, 10, 18, 3, 9, 9, 10, 15, 1, 3, 15, 20, 5, 17, 8, 14, 18, 16, 1, 20, 3, 9, 4, 18, 10, 1, 18, 3, 8, 3, 5, 19, 6, 18, 19, 5, 16, 14, 10, 10, 15, 19, 8, 1, 5, 10, 9, 19, 10, 1, 15, 3, 8, 4, 5, 14, 17, 17, 6, 10, 6, 4, 16, 14, 20, 19, 17, 14, 20, 5, 17, 19, 9, 20, 9, 17, 7, 14, 17, 6, 6, 10, 8, 19, 8, 10, 6, 4, 6, 6, 13, 1, 7, 13, 15, 12, 4, 12, 15, 6, 12, 12, 12, 6, 4, 12, 4, 8, 2, 18, 7, 12, 19, 2, 18, 16, 12, 2, 14, 11, 7, 11, 7, 7, 7, 16, 12, 5, 13, 3, 2, 2, 4, 16, 2, 11, 11, 2, 14, 18, 16, 16, 11, 2, 19, 13, 13, 14, 11, 7, 11, 12, 18, 11, 16, 20, 7, 13, 16, 18, 2, 8, 2, 14, 17, 11, 11, 13, 7, 13, 13, 13]
bestever    2037    in generation 788
[20, 20, 9, 15, 5, 15, 20, 1, 20, 3, 9, 17, 1, 15, 19, 8, 1, 9, 15, 3, 5, 1, 3, 9, 4, 17, 4, 8, 5, 10, 18, 3, 9, 9, 10, 15, 1, 3, 15, 20, 5, 17, 8, 8, 14, 18, 16, 1, 20, 3, 9, 4, 18, 10, 1, 18, 3, 8, 3, 5, 19, 6, 18, 19, 5, 16, 14, 10, 10, 15, 19, 8, 1, 5, 10, 9, 19, 10, 1, 15, 3, 8, 4, 5, 14, 17, 17, 6, 10, 6, 4, 16, 14, 20, 19, 17, 14, 20, 5, 17, 19, 9, 20, 9, 17, 7, 14, 17, 6, 6, 10, 8, 19, 10, 6, 4, 6, 6, 13, 1, 7, 13, 15, 12, 4, 12, 15, 6, 12, 12, 12, 6, 4, 12, 4, 8, 2, 18, 7, 12, 19, 2, 18, 16, 12, 2, 14, 11, 7, 11, 7, 7, 7, 16, 12, 5, 13, 3, 2, 2, 4, 16, 2, 11, 11, 2, 14, 18, 16, 16, 11, 2, 19, 13, 13, 14, 11, 7, 11, 12, 18, 11, 16, 20, 7, 13, 16, 18, 2, 8, 2, 14, 17, 11, 11, 13, 7, 13, 13, 13]
bestever    2036    in generation 792
[20, 20, 9, 15, 5, 15, 20, 1, 20, 3, 9, 17, 1, 15, 19, 8, 1, 9, 15, 3, 5, 1, 3, 9, 4, 17, 8, 5, 10, 18, 3, 9, 9, 10, 15, 1, 3, 15, 20, 5, 17, 8, 14, 18, 16, 1, 20, 3, 9, 4, 18, 10, 1, 18, 3, 8, 3, 5, 19, 6, 18, 19, 5, 16, 14, 10, 10, 15, 19, 8, 1, 5, 10, 9, 19, 10, 1, 15, 3, 4, 5, 14, 17, 17, 6, 10, 6, 4, 16, 14, 20, 19, 17, 14, 20, 5, 17, 19, 9, 20, 9, 17, 7, 14, 17, 10, 8, 19, 8, 4, 6, 6, 8, 10, 6, 4, 6, 6, 13, 1, 7, 13, 15, 12, 4, 12, 15, 6, 12, 12, 12, 6, 4, 12, 4, 8, 2, 18, 7, 12, 19, 2, 18, 16, 12, 2, 14, 11, 7, 11, 7, 7, 7, 16, 12, 5, 13, 3, 2, 2, 4, 16, 2, 11, 11, 2, 14, 18, 16, 16, 11, 2, 19, 13, 13, 14, 11, 7, 11, 12, 18, 11, 16, 20, 7, 13, 16, 18, 2, 8, 2, 14, 17, 11, 11, 13, 7, 13, 13, 13]
bestever    2034    in generation 1038
[20, 20, 9, 15, 5, 15, 20, 1, 20, 3, 9, 17, 1, 15, 19, 8, 1, 9, 15, 3, 5, 1, 3, 9, 4, 17, 8, 5, 10, 18, 3, 9, 9, 1, 10, 15, 3, 15, 20, 5, 17, 8, 14, 18, 8, 1, 20, 3, 9, 4, 18, 10, 1, 18, 3, 8, 3, 5, 19, 6, 18, 19, 5, 16, 14, 10, 10, 15, 19, 8, 1, 5, 10, 9, 19, 20, 10, 1, 15, 3, 4, 5, 14, 17, 17, 6, 10, 6, 4, 16, 14, 20, 19, 17, 14, 5, 17, 19, 9, 20, 9, 17, 7, 14, 17, 10, 8, 19, 8, 4, 6, 6, 16, 10, 6, 4, 6, 6, 13, 1, 7, 13, 15, 12, 4, 12, 15, 6, 12, 12, 12, 2, 4, 12, 4, 8, 2, 18, 7, 12, 19, 2, 18, 16, 12, 2, 14, 11, 7, 11, 7, 7, 7, 16, 12, 5, 13, 3, 2, 6, 4, 16, 2, 11, 11, 2, 14, 18, 16, 16, 11, 2, 19, 13, 13, 14, 11, 7, 11, 12, 18, 11, 16, 20, 7, 13, 16, 18, 2, 8, 2, 14, 17, 11, 11, 13, 7, 13, 13, 13]
bestever    2014    in generation 1459
[20, 20, 9, 15, 5, 15, 20, 1, 20, 3, 9, 17, 1, 15, 19, 8, 1, 9, 15, 3, 5, 1, 3, 9, 4, 17, 8, 5, 10, 18, 12, 9, 9, 1, 10, 15, 3, 15, 20, 5, 17, 8, 14, 18, 8, 1, 20, 3, 9, 4, 18, 10, 1, 18, 3, 8, 3, 5, 19, 6, 18, 19, 5, 16, 14, 10, 11, 10, 15, 19, 8, 1, 5, 10, 9, 19, 20, 10, 1, 15, 3, 4, 5, 14, 17, 17, 6, 10, 6, 4, 16, 14, 20, 19, 17, 14, 5, 17, 19, 9, 20, 9, 17, 7, 14, 17, 10, 8, 19, 8, 4, 6, 6, 16, 10, 6, 4, 6, 6, 1, 7, 15, 12, 4, 12, 15, 6, 3, 12, 14, 2, 4, 11, 12, 4, 8, 2, 18, 7, 12, 19, 2, 18, 16, 12, 2, 14, 7, 11, 7, 7, 7, 16, 12, 5, 3, 2, 6, 4, 16, 2, 11, 11, 2, 13, 13, 13, 12, 18, 16, 16, 11, 2, 19, 13, 13, 14, 11, 7, 12, 18, 11, 16, 20, 7, 16, 18, 2, 13, 8, 2, 14, 17, 11, 11, 13, 7, 13, 13, 13]
bestever    2008    in generation 1536
[20, 20, 9, 15, 5, 15, 20, 1, 20, 3, 9, 17, 1, 15, 19, 8, 1, 9, 15, 3, 5, 1, 3, 9, 4, 17, 8, 5, 10, 18, 12, 9, 9, 1, 10, 15, 3, 15, 20, 5, 17, 8, 14, 18, 8, 1, 20, 3, 9, 4, 18, 10, 1, 18, 3, 8, 3, 5, 19, 6, 18, 19, 5, 16, 14, 10, 11, 10, 15, 19, 8, 1, 8, 10, 9, 19, 20, 10, 1, 15, 3, 4, 5, 14, 17, 17, 6, 10, 6, 4, 16, 14, 20, 19, 17, 14, 5, 17, 19, 9, 20, 9, 17, 7, 14, 17, 10, 5, 19, 8, 4, 6, 6, 16, 10, 6, 4, 6, 6, 1, 7, 15, 12, 4, 12, 15, 6, 3, 12, 14, 2, 4, 11, 12, 4, 8, 2, 18, 7, 12, 19, 2, 18, 16, 12, 2, 14, 7, 11, 7, 7, 7, 16, 12, 5, 3, 2, 6, 4, 16, 2, 11, 11, 2, 13, 13, 13, 12, 18, 16, 16, 11, 2, 19, 13, 14, 13, 11, 7, 12, 18, 11, 16, 20, 7, 16, 18, 2, 13, 8, 2, 14, 17, 11, 11, 13, 7, 13, 13, 13]
bestever    2007    in generation 1683
[20, 20, 9, 15, 5, 15, 20, 1, 20, 3, 9, 17, 1, 15, 19, 8, 1, 9, 15, 3, 5, 1, 3, 9, 4, 17, 8, 5, 10, 18, 12, 9, 9, 1, 10, 15, 3, 15, 20, 5, 17, 8, 14, 18, 8, 1, 20, 3, 9, 4, 18, 10, 1, 18, 3, 8, 3, 5, 19, 6, 18, 19, 5, 16, 14, 10, 11, 10, 15, 19, 8, 1, 8, 10, 9, 19, 20, 10, 1, 15, 3, 4, 5, 14, 17, 17, 6, 13, 10, 13, 4, 16, 14, 20, 19, 17, 14, 5, 17, 1, 9, 20, 9, 17, 7, 14, 17, 10, 5, 19, 8, 4, 6, 6, 16, 10, 6, 4, 6, 6, 19, 7, 15, 12, 4, 12, 15, 6, 3, 12, 14, 2, 4, 11, 12, 4, 8, 2, 18, 7, 12, 19, 2, 18, 16, 12, 2, 14, 7, 11, 7, 7, 7, 16, 11, 5, 3, 2, 6, 4, 16, 2, 11, 12, 2, 13, 6, 13, 12, 18, 16, 16, 11, 2, 19, 13, 14, 13, 11, 7, 12, 18, 11, 16, 20, 7, 16, 18, 2, 13, 8, 2, 14, 17, 11, 11, 7, 13, 13, 13]
bestever    2002    in generation 1721
[20, 20, 9, 15, 5, 15, 20, 1, 20, 3, 9, 17, 1, 15, 19, 8, 1, 9, 15, 3, 5, 1, 3, 9, 4, 17, 8, 5, 10, 18, 12, 9, 9, 1, 10, 15, 3, 15, 20, 5, 17, 8, 14, 18, 8, 1, 20, 3, 9, 4, 18, 10, 1, 18, 3, 8, 3, 5, 19, 6, 18, 19, 5, 16, 14, 10, 11, 10, 15, 19, 8, 1, 8, 10, 9, 19, 20, 10, 1, 15, 3, 4, 5, 14, 17, 20, 6, 13, 10, 13, 4, 16, 14, 20, 19, 17, 14, 5, 17, 1, 9, 20, 9, 17, 7, 14, 17, 10, 5, 19, 8, 4, 6, 6, 16, 10, 6, 4, 6, 6, 19, 7, 15, 12, 4, 12, 15, 6, 3, 12, 14, 2, 4, 11, 12, 4, 8, 2, 18, 7, 12, 19, 2, 18, 16, 12, 2, 14, 7, 11, 7, 7, 7, 16, 11, 5, 3, 2, 6, 4, 16, 2, 11, 12, 2, 13, 6, 13, 12, 18, 16, 16, 11, 2, 19, 13, 14, 13, 11, 7, 12, 18, 11, 16, 17, 7, 16, 18, 2, 13, 8, 2, 14, 17, 11, 11, 7, 13, 13, 13]
bestever    1992    in generation 1730
[20, 20, 9, 15, 5, 15, 20, 1, 20, 3, 9, 17, 1, 15, 19, 8, 1, 9, 15, 3, 5, 1, 3, 9, 4, 17, 8, 5, 10, 18, 12, 9, 9, 1, 10, 15, 3, 15, 20, 5, 17, 8, 14, 18, 8, 1, 20, 3, 9, 4, 18, 10, 1, 18, 3, 8, 3, 5, 19, 6, 18, 19, 5, 16, 14, 10, 11, 10, 15, 19, 8, 1, 8, 10, 9, 19, 20, 10, 1, 15, 3, 4, 5, 14, 17, 20, 6, 13, 10, 13, 4, 16, 14, 20, 19, 17, 14, 5, 17, 1, 9, 20, 9, 17, 7, 14, 17, 10, 5, 19, 8, 4, 6, 6, 16, 10, 6, 4, 6, 6, 19, 7, 15, 12, 4, 12, 15, 6, 3, 12, 14, 2, 4, 11, 12, 4, 8, 2, 18, 7, 12, 19, 2, 18, 16, 12, 2, 14, 7, 11, 7, 7, 7, 16, 11, 14, 3, 2, 6, 4, 16, 2, 11, 12, 2, 13, 6, 13, 12, 18, 16, 16, 11, 2, 19, 13, 5, 13, 11, 7, 12, 18, 11, 16, 17, 7, 16, 18, 2, 13, 8, 2, 14, 17, 11, 11, 7, 13, 13, 13]
bestever    1979    in generation 1739
[20, 20, 9, 15, 5, 15, 20, 1, 20, 3, 9, 17, 1, 15, 19, 8, 1, 9, 15, 3, 5, 1, 3, 9, 4, 17, 8, 5, 10, 18, 12, 9, 9, 1, 10, 15, 3, 15, 20, 5, 17, 8, 14, 18, 8, 1, 20, 3, 9, 4, 18, 10, 1, 18, 3, 8, 3, 5, 19, 6, 18, 19, 5, 16, 14, 10, 11, 10, 15, 19, 8, 1, 8, 10, 9, 19, 20, 10, 1, 15, 3, 4, 5, 14, 17, 20, 6, 10, 4, 16, 14, 20, 19, 17, 14, 5, 17, 1, 9, 20, 9, 17, 7, 14, 17, 10, 5, 19, 8, 4, 6, 6, 16, 10, 6, 4, 6, 19, 7, 12, 4, 12, 13, 13, 15, 6, 15, 6, 3, 12, 14, 2, 4, 11, 12, 17, 8, 2, 18, 7, 12, 19, 2, 18, 16, 12, 2, 14, 7, 11, 7, 7, 7, 16, 11, 14, 3, 2, 6, 4, 16, 2, 11, 12, 2, 13, 6, 13, 12, 18, 16, 16, 11, 2, 19, 13, 5, 13, 11, 7, 12, 18, 11, 16, 17, 7, 16, 18, 2, 13, 8, 2, 14, 4, 11, 11, 7, 13, 13, 13]
bestever    1976    in generation 2150
[20, 20, 9, 15, 5, 15, 20, 1, 20, 3, 9, 17, 1, 15, 19, 8, 1, 9, 15, 3, 5, 1, 3, 9, 9, 17, 8, 5, 10, 18, 12, 9, 9, 1, 10, 15, 3, 15, 20, 5, 17, 8, 17, 14, 18, 8, 1, 20, 3, 9, 4, 18, 10, 1, 18, 3, 8, 3, 5, 19, 6, 18, 19, 5, 16, 14, 10, 11, 10, 15, 19, 8, 1, 8, 10, 9, 19, 20, 10, 1, 15, 3, 4, 5, 14, 17, 20, 6, 10, 4, 16, 14, 13, 20, 19, 14, 5, 17, 1, 9, 20, 4, 17, 7, 14, 17, 10, 19, 8, 4, 6, 6, 16, 10, 6, 4, 6, 19, 7, 12, 4, 12, 15, 6, 15, 6, 13, 3, 12, 14, 2, 4, 12, 17, 8, 2, 18, 7, 12, 19, 11, 2, 18, 16, 12, 2, 14, 7, 11, 7, 7, 16, 14, 3, 6, 4, 16, 12, 2, 2, 5, 11, 11, 2, 6, 12, 18, 16, 16, 2, 19, 5, 13, 7, 13, 13, 11, 11, 7, 12, 18, 16, 17, 7, 13, 11, 16, 18, 13, 2, 11, 8, 2, 14, 4, 11, 13, 7, 13, 13]
bestever    1972    in generation 2275
[20, 20, 9, 15, 5, 15, 20, 1, 20, 3, 9, 17, 1, 15, 19, 8, 1, 9, 15, 3, 5, 1, 3, 9, 9, 17, 8, 5, 10, 18, 12, 9, 9, 1, 10, 15, 3, 15, 20, 5, 17, 8, 17, 14, 18, 8, 1, 20, 3, 9, 4, 18, 10, 1, 18, 3, 8, 3, 5, 19, 6, 18, 19, 5, 16, 14, 10, 11, 10, 15, 19, 8, 1, 8, 10, 9, 19, 20, 10, 1, 15, 3, 4, 5, 14, 17, 20, 6, 10, 4, 16, 14, 20, 19, 14, 5, 17, 1, 9, 20, 4, 17, 7, 14, 17, 10, 19, 8, 4, 6, 6, 16, 10, 6, 4, 6, 19, 7, 12, 4, 12, 15, 6, 15, 6, 3, 12, 14, 2, 4, 12, 17, 8, 2, 18, 7, 12, 19, 11, 2, 18, 16, 12, 2, 14, 7, 18, 11, 7, 7, 16, 14, 3, 6, 4, 16, 12, 2, 2, 5, 11, 11, 2, 6, 12, 16, 16, 2, 19, 5, 13, 7, 13, 13, 11, 11, 7, 12, 18, 16, 17, 7, 13, 11, 16, 18, 13, 2, 11, 8, 2, 14, 4, 11, 13, 7, 13, 13, 13, 13]
bestever    1970    in generation 2431
[20, 20, 9, 15, 5, 15, 20, 1, 20, 3, 9, 17, 1, 15, 19, 8, 1, 9, 15, 3, 5, 1, 3, 9, 9, 17, 8, 5, 10, 18, 12, 9, 9, 1, 10, 15, 3, 15, 20, 5, 17, 8, 17, 14, 18, 8, 1, 20, 3, 9, 4, 18, 10, 1, 18, 3, 8, 3, 5, 19, 6, 18, 19, 8, 5, 16, 14, 10, 11, 10, 15, 19, 8, 1, 10, 9, 19, 20, 10, 12, 15, 3, 4, 5, 14, 17, 20, 6, 10, 4, 16, 14, 20, 19, 17, 14, 5, 17, 1, 9, 20, 4, 17, 7, 14, 17, 10, 19, 8, 4, 6, 6, 16, 10, 6, 4, 6, 19, 7, 12, 4, 1, 15, 6, 15, 6, 3, 12, 14, 2, 4, 12, 8, 2, 18, 7, 12, 19, 11, 2, 18, 16, 12, 2, 14, 7, 18, 11, 7, 7, 16, 14, 3, 6, 4, 16, 12, 2, 2, 5, 11, 11, 2, 6, 12, 16, 16, 2, 19, 5, 13, 7, 13, 13, 11, 11, 7, 12, 18, 16, 17, 7, 13, 11, 16, 18, 13, 2, 11, 8, 2, 14, 4, 11, 13, 7, 13, 13, 13, 13]
bestever    1966    in generation 2576
[20, 20, 9, 15, 5, 15, 20, 1, 20, 3, 9, 17, 1, 15, 19, 8, 1, 9, 15, 3, 5, 1, 3, 9, 9, 17, 8, 5, 10, 18, 12, 9, 9, 1, 10, 15, 3, 15, 20, 5, 17, 8, 17, 14, 18, 8, 1, 20, 3, 9, 4, 18, 10, 1, 18, 3, 8, 3, 5, 19, 6, 18, 19, 8, 5, 16, 14, 10, 11, 10, 15, 19, 8, 1, 10, 9, 19, 20, 10, 17, 15, 3, 4, 5, 14, 17, 20, 6, 10, 4, 16, 14, 20, 19, 12, 14, 5, 17, 1, 9, 20, 4, 17, 7, 14, 17, 10, 19, 8, 4, 6, 6, 16, 10, 6, 4, 6, 19, 7, 12, 4, 1, 15, 6, 15, 6, 3, 12, 14, 2, 4, 12, 8, 2, 18, 7, 12, 19, 11, 2, 18, 16, 12, 2, 14, 7, 18, 11, 7, 7, 16, 14, 3, 6, 4, 16, 12, 2, 2, 5, 11, 11, 2, 6, 12, 16, 16, 2, 19, 5, 13, 7, 13, 13, 11, 11, 7, 12, 18, 16, 17, 7, 13, 11, 16, 18, 13, 2, 11, 8, 2, 14, 4, 11, 13, 7, 13, 13, 13, 13]
bestever    1963    in generation 2626
[20, 20, 9, 15, 5, 15, 20, 1, 20, 3, 9, 17, 1, 15, 19, 8, 1, 9, 15, 3, 5, 1, 3, 9, 9, 17, 8, 5, 10, 18, 12, 9, 9, 1, 10, 15, 3, 15, 20, 5, 17, 8, 17, 14, 18, 8, 1, 20, 3, 9, 4, 18, 10, 1, 18, 3, 8, 3, 5, 19, 6, 18, 19, 8, 5, 16, 14, 10, 11, 10, 15, 19, 8, 1, 10, 9, 19, 20, 10, 17, 15, 3, 4, 5, 14, 17, 20, 6, 10, 4, 16, 14, 20, 19, 12, 14, 5, 17, 1, 9, 20, 4, 17, 7, 14, 17, 10, 19, 8, 4, 6, 6, 16, 10, 6, 4, 6, 19, 7, 12, 4, 1, 15, 6, 15, 6, 3, 12, 14, 2, 4, 12, 8, 2, 18, 7, 12, 19, 11, 2, 18, 16, 12, 2, 14, 7, 18, 11, 7, 7, 16, 14, 3, 6, 4, 12, 2, 5, 11, 11, 2, 6, 12, 16, 16, 2, 16, 2, 19, 5, 13, 7, 13, 13, 11, 11, 7, 12, 18, 16, 17, 7, 13, 11, 16, 18, 13, 2, 11, 8, 2, 14, 4, 11, 13, 7, 13, 13, 13, 13]
bestever    1961    in generation 2633
[20, 20, 9, 15, 5, 15, 20, 1, 20, 3, 9, 17, 1, 15, 19, 8, 1, 9, 15, 3, 5, 1, 3, 9, 9, 17, 8, 5, 10, 18, 12, 9, 9, 1, 10, 15, 3, 15, 20, 5, 17, 8, 17, 14, 18, 8, 1, 20, 3, 9, 4, 18, 10, 1, 18, 3, 8, 3, 5, 19, 6, 18, 19, 8, 5, 16, 14, 10, 11, 10, 15, 19, 8, 1, 10, 9, 19, 20, 10, 17, 15, 3, 4, 5, 14, 17, 20, 6, 10, 4, 16, 14, 20, 19, 12, 14, 5, 17, 1, 9, 20, 4, 17, 7, 14, 17, 10, 19, 8, 4, 6, 6, 16, 10, 6, 4, 6, 19, 7, 12, 1, 15, 15, 6, 3, 12, 14, 2, 4, 8, 2, 18, 7, 12, 19, 11, 2, 18, 16, 12, 2, 14, 7, 18, 11, 7, 7, 16, 6, 4, 12, 14, 3, 6, 4, 12, 2, 5, 11, 11, 2, 6, 12, 16, 16, 2, 16, 2, 19, 5, 13, 7, 13, 13, 11, 11, 7, 12, 18, 16, 17, 7, 13, 11, 16, 18, 13, 2, 11, 8, 2, 14, 4, 11, 13, 7, 13, 13, 13, 13]
bestever    1953    in generation 2768
[15, 20, 20, 9, 15, 5, 20, 1, 20, 3, 9, 17, 1, 15, 19, 8, 1, 9, 15, 3, 5, 1, 3, 9, 9, 17, 8, 5, 10, 18, 12, 9, 9, 1, 10, 15, 3, 15, 20, 5, 17, 8, 17, 14, 18, 8, 1, 20, 3, 9, 4, 18, 10, 1, 18, 3, 8, 3, 5, 19, 6, 18, 19, 8, 5, 16, 14, 10, 11, 10, 15, 19, 8, 1, 10, 9, 19, 20, 10, 17, 15, 3, 4, 5, 14, 17, 20, 6, 10, 4, 16, 14, 20, 19, 12, 14, 5, 17, 1, 7, 20, 4, 17, 7, 14, 17, 10, 19, 8, 4, 6, 6, 16, 10, 6, 4, 6, 19, 9, 12, 1, 15, 15, 6, 3, 12, 14, 2, 4, 8, 2, 18, 7, 12, 19, 11, 2, 18, 16, 12, 2, 14, 7, 18, 11, 7, 7, 16, 6, 4, 12, 14, 3, 6, 4, 12, 2, 5, 11, 11, 2, 6, 12, 16, 16, 2, 16, 2, 19, 5, 13, 7, 13, 13, 11, 11, 7, 12, 18, 16, 17, 7, 13, 11, 16, 18, 13, 2, 11, 8, 2, 14, 4, 11, 13, 7, 13, 13, 13, 13]
bestever    1952    in generation 2978
[15, 20, 20, 9, 15, 5, 20, 1, 20, 3, 9, 17, 1, 15, 19, 8, 1, 9, 15, 3, 5, 1, 3, 9, 9, 17, 8, 5, 10, 18, 12, 9, 9, 1, 10, 15, 3, 15, 20, 5, 17, 8, 17, 14, 10, 8, 1, 20, 3, 9, 4, 18, 10, 1, 18, 3, 8, 3, 5, 19, 6, 18, 19, 8, 5, 16, 14, 10, 11, 18, 15, 19, 8, 1, 10, 9, 19, 20, 10, 17, 15, 3, 4, 5, 14, 12, 17, 20, 6, 10, 4, 16, 14, 20, 19, 14, 5, 17, 1, 7, 20, 4, 17, 4, 14, 17, 10, 19, 8, 4, 6, 6, 16, 10, 6, 4, 6, 19, 9, 12, 1, 15, 15, 6, 3, 12, 14, 2, 4, 8, 2, 18, 7, 12, 19, 11, 2, 18, 16, 12, 2, 14, 7, 18, 11, 7, 7, 16, 6, 4, 12, 14, 3, 6, 4, 12, 2, 5, 11, 11, 2, 6, 12, 16, 16, 2, 16, 2, 19, 5, 13, 7, 13, 13, 11, 11, 7, 12, 18, 16, 17, 7, 13, 11, 16, 2, 18, 13, 2, 11, 8, 14, 7, 11, 13, 7, 13, 13, 13, 13]
bestever    1939    in generation 2985
[15, 20, 1, 9, 15, 5, 20, 1, 20, 3, 9, 17, 1, 15, 19, 8, 1, 9, 15, 3, 5, 1, 3, 9, 9, 17, 8, 5, 10, 18, 12, 9, 9, 1, 10, 15, 3, 15, 20, 5, 17, 8, 17, 14, 10, 8, 20, 20, 3, 9, 4, 18, 10, 1, 18, 3, 8, 3, 5, 19, 6, 18, 19, 8, 5, 16, 14, 10, 11, 18, 15, 19, 8, 1, 10, 9, 19, 20, 10, 17, 15, 3, 4, 5, 14, 12, 17, 20, 6, 10, 4, 16, 14, 20, 19, 14, 5, 17, 1, 7, 20, 4, 17, 4, 14, 17, 10, 19, 8, 4, 6, 6, 16, 10, 6, 4, 6, 19, 9, 12, 1, 15, 15, 6, 3, 12, 14, 2, 4, 8, 2, 18, 7, 12, 19, 11, 2, 18, 16, 12, 2, 14, 7, 18, 11, 7, 7, 16, 6, 4, 12, 14, 3, 6, 4, 12, 2, 5, 11, 11, 2, 6, 12, 16, 16, 2, 16, 2, 19, 5, 13, 7, 13, 13, 11, 11, 7, 12, 18, 16, 17, 7, 13, 11, 16, 2, 18, 13, 2, 11, 8, 14, 7, 11, 13, 7, 13, 13, 13, 13]
bestever    1894    in generation 3072
[15, 20, 1, 9, 15, 5, 20, 1, 20, 3, 9, 17, 1, 15, 19, 8, 1, 9, 15, 3, 5, 1, 3, 9, 9, 17, 8, 5, 10, 18, 12, 9, 9, 1, 10, 15, 3, 15, 20, 5, 17, 8, 17, 14, 10, 8, 20, 20, 3, 9, 4, 18, 10, 1, 18, 3, 3, 5, 19, 6, 18, 8, 5, 16, 14, 10, 11, 18, 15, 19, 8, 1, 10, 9, 19, 20, 10, 17, 15, 3, 4, 5, 14, 12, 17, 20, 6, 10, 4, 16, 14, 20, 19, 14, 5, 17, 1, 7, 20, 4, 17, 4, 19, 8, 14, 17, 10, 19, 8, 4, 6, 6, 16, 10, 6, 4, 6, 19, 9, 12, 1, 15, 15, 6, 3, 12, 14, 2, 4, 8, 2, 18, 7, 12, 19, 11, 2, 18, 16, 12, 2, 14, 7, 18, 7, 16, 6, 4, 12, 14, 3, 6, 4, 12, 2, 5, 11, 2, 6, 12, 16, 16, 2, 16, 2, 19, 5, 13, 7, 13, 13, 11, 11, 7, 11, 11, 7, 12, 18, 16, 17, 7, 13, 11, 16, 2, 18, 13, 2, 11, 8, 14, 7, 11, 13, 7, 13, 13, 13, 13]
bestever    1888    in generation 3086
[15, 20, 1, 9, 15, 5, 20, 1, 20, 3, 9, 17, 1, 15, 19, 8, 1, 9, 15, 3, 5, 1, 3, 9, 9, 17, 8, 5, 10, 18, 12, 9, 9, 1, 10, 15, 3, 15, 20, 5, 17, 8, 17, 14, 10, 8, 20, 20, 3, 9, 4, 18, 10, 1, 18, 3, 3, 5, 19, 6, 18, 8, 5, 16, 14, 10, 11, 18, 15, 19, 8, 1, 10, 9, 19, 20, 10, 17, 15, 3, 4, 5, 14, 12, 17, 20, 6, 10, 4, 16, 14, 20, 19, 14, 5, 17, 1, 7, 20, 4, 17, 4, 19, 8, 14, 17, 10, 19, 8, 4, 6, 6, 16, 10, 6, 4, 6, 19, 9, 12, 1, 15, 15, 6, 3, 12, 14, 2, 4, 8, 2, 18, 7, 12, 19, 13, 2, 18, 16, 12, 2, 14, 7, 18, 7, 16, 6, 4, 12, 14, 3, 6, 4, 12, 2, 5, 11, 2, 6, 12, 16, 16, 2, 16, 2, 19, 5, 13, 7, 13, 13, 11, 11, 7, 11, 11, 7, 12, 18, 16, 17, 7, 13, 11, 16, 2, 18, 11, 2, 11, 8, 14, 7, 11, 13, 7, 13, 13, 13, 13]
bestever    1879    in generation 3093
[15, 20, 1, 9, 15, 5, 20, 1, 20, 3, 9, 17, 1, 15, 19, 8, 1, 9, 15, 3, 5, 1, 3, 9, 9, 17, 8, 5, 10, 18, 12, 9, 9, 1, 10, 15, 3, 15, 20, 5, 17, 8, 17, 14, 10, 8, 20, 20, 3, 9, 4, 18, 10, 1, 18, 3, 3, 5, 19, 6, 18, 8, 5, 16, 14, 10, 11, 18, 15, 19, 8, 1, 10, 9, 19, 20, 10, 17, 15, 3, 4, 5, 14, 12, 17, 20, 6, 10, 4, 16, 14, 20, 19, 14, 5, 17, 1, 7, 20, 4, 17, 4, 19, 8, 14, 17, 10, 19, 8, 4, 6, 6, 16, 10, 6, 4, 6, 19, 9, 12, 1, 15, 15, 6, 3, 12, 14, 2, 4, 8, 2, 18, 7, 12, 19, 13, 2, 18, 16, 12, 2, 14, 7, 18, 7, 16, 6, 4, 12, 14, 3, 6, 4, 12, 2, 5, 11, 2, 6, 12, 16, 16, 2, 16, 2, 19, 5, 7, 7, 13, 13, 11, 11, 13, 11, 11, 7, 12, 18, 16, 17, 7, 13, 11, 16, 2, 18, 11, 2, 11, 8, 14, 7, 11, 13, 7, 13, 13, 13, 13]
bestever    1877    in generation 3115
[15, 20, 1, 9, 15, 5, 20, 1, 20, 3, 9, 17, 1, 15, 19, 8, 1, 9, 15, 3, 5, 1, 3, 9, 9, 17, 8, 5, 10, 18, 12, 9, 9, 1, 10, 15, 3, 15, 20, 5, 17, 8, 17, 14, 10, 8, 20, 20, 3, 9, 4, 18, 10, 1, 18, 3, 3, 5, 19, 6, 18, 8, 5, 16, 14, 10, 11, 18, 15, 19, 8, 1, 10, 9, 19, 20, 10, 17, 15, 3, 4, 5, 14, 12, 17, 20, 6, 10, 4, 16, 14, 20, 19, 14, 5, 17, 1, 7, 20, 4, 17, 4, 19, 8, 14, 17, 10, 19, 8, 4, 6, 6, 16, 10, 6, 4, 2, 19, 9, 12, 1, 15, 15, 6, 3, 12, 14, 2, 4, 8, 6, 18, 7, 12, 19, 13, 2, 18, 16, 12, 2, 14, 7, 18, 7, 16, 6, 4, 12, 14, 3, 6, 4, 12, 2, 5, 11, 2, 6, 12, 16, 16, 2, 16, 2, 19, 5, 13, 7, 13, 11, 11, 7, 11, 11, 7, 12, 18, 16, 17, 7, 11, 16, 2, 18, 11, 2, 13, 13, 11, 8, 14, 7, 11, 13, 7, 13, 13, 13, 13]
bestever    1876    in generation 3439
[15, 20, 1, 9, 15, 5, 20, 1, 20, 3, 9, 17, 1, 15, 19, 8, 1, 9, 15, 3, 5, 1, 3, 9, 9, 17, 8, 5, 10, 18, 12, 9, 9, 1, 10, 15, 3, 15, 20, 5, 17, 8, 17, 14, 10, 8, 20, 20, 3, 9, 4, 18, 10, 1, 15, 18, 3, 3, 5, 19, 6, 18, 8, 5, 16, 14, 10, 11, 18, 19, 8, 1, 10, 9, 19, 20, 10, 17, 15, 7, 3, 4, 5, 14, 12, 17, 20, 6, 10, 4, 16, 14, 20, 19, 14, 5, 17, 1, 7, 20, 4, 17, 4, 19, 8, 14, 17, 10, 19, 8, 4, 6, 6, 16, 10, 6, 15, 14, 19, 9, 12, 1, 15, 4, 6, 3, 12, 14, 2, 4, 8, 6, 18, 7, 12, 19, 2, 18, 16, 12, 2, 14, 7, 18, 16, 6, 4, 12, 13, 2, 3, 6, 4, 12, 2, 5, 11, 2, 6, 12, 16, 16, 2, 16, 19, 5, 13, 7, 13, 11, 11, 7, 12, 18, 16, 7, 11, 2, 11, 17, 7, 11, 16, 2, 18, 11, 2, 13, 13, 11, 8, 14, 7, 11, 13, 7, 13, 13, 13, 13]
bestever    1866    in generation 3459
[15, 20, 1, 9, 15, 5, 20, 1, 20, 3, 9, 17, 1, 15, 19, 8, 1, 9, 15, 3, 5, 1, 3, 9, 9, 17, 8, 5, 10, 18, 12, 9, 9, 1, 10, 15, 3, 15, 20, 5, 17, 8, 17, 14, 10, 8, 20, 20, 3, 9, 4, 18, 10, 1, 15, 18, 3, 3, 17, 19, 6, 18, 8, 5, 16, 14, 10, 11, 18, 19, 8, 1, 10, 9, 19, 20, 10, 17, 15, 7, 3, 4, 5, 14, 12, 17, 20, 6, 10, 4, 16, 14, 20, 19, 14, 5, 17, 1, 7, 20, 4, 17, 4, 19, 8, 14, 5, 10, 19, 8, 4, 6, 6, 16, 10, 6, 15, 14, 19, 9, 12, 1, 15, 4, 6, 3, 12, 14, 2, 4, 8, 6, 18, 7, 12, 19, 2, 18, 16, 12, 2, 14, 7, 18, 16, 6, 4, 12, 13, 2, 3, 6, 4, 12, 2, 5, 11, 2, 6, 12, 16, 16, 2, 16, 19, 5, 13, 7, 13, 11, 11, 7, 12, 18, 16, 7, 11, 2, 11, 17, 7, 11, 16, 2, 18, 11, 2, 13, 13, 11, 8, 14, 7, 11, 13, 7, 13, 13, 13, 13]
bestever    1863    in generation 4158
[15, 20, 1, 9, 15, 5, 20, 1, 20, 3, 9, 17, 1, 15, 19, 8, 1, 9, 15, 3, 5, 1, 3, 9, 9, 17, 8, 5, 10, 18, 11, 9, 9, 1, 10, 15, 3, 17, 20, 5, 17, 8, 15, 14, 10, 8, 20, 20, 3, 9, 4, 18, 10, 1, 15, 18, 3, 3, 17, 19, 6, 18, 8, 5, 16, 14, 10, 11, 18, 4, 8, 1, 10, 9, 19, 20, 10, 17, 15, 7, 3, 19, 5, 9, 12, 17, 20, 13, 6, 10, 4, 16, 14, 20, 19, 4, 5, 17, 1, 2, 20, 4, 17, 14, 19, 8, 14, 5, 10, 19, 8, 4, 6, 6, 16, 10, 6, 15, 14, 19, 14, 12, 1, 15, 4, 6, 3, 12, 8, 2, 14, 4, 6, 6, 18, 7, 12, 19, 2, 2, 18, 16, 12, 7, 14, 7, 18, 16, 6, 4, 12, 3, 8, 4, 12, 2, 5, 11, 2, 6, 12, 16, 16, 16, 19, 5, 7, 13, 11, 7, 11, 12, 18, 16, 7, 11, 2, 11, 2, 11, 17, 7, 16, 2, 18, 11, 2, 13, 13, 12, 14, 7, 13, 13, 11, 13, 7, 13, 13, 13]
bestever    1852    in generation 5098
[15, 20, 1, 9, 15, 5, 20, 1, 20, 3, 9, 17, 5, 1, 15, 19, 8, 1, 9, 15, 3, 5, 1, 3, 9, 9, 17, 8, 5, 10, 18, 11, 9, 9, 1, 10, 15, 3, 17, 20, 5, 17, 8, 15, 14, 10, 8, 20, 20, 3, 9, 4, 18, 10, 1, 15, 18, 3, 3, 17, 19, 19, 6, 18, 9, 8, 16, 14, 10, 11, 18, 4, 20, 8, 1, 10, 9, 19, 10, 8, 17, 15, 7, 13, 3, 19, 5, 12, 17, 20, 6, 10, 4, 16, 14, 20, 19, 4, 5, 17, 1, 14, 8, 14, 5, 12, 19, 4, 6, 6, 16, 10, 6, 15, 14, 19, 14, 12, 1, 15, 4, 6, 3, 12, 8, 2, 14, 4, 6, 6, 18, 7, 12, 19, 2, 2, 18, 10, 2, 20, 4, 17, 16, 7, 14, 7, 18, 16, 6, 4, 12, 3, 12, 8, 4, 12, 2, 5, 11, 2, 6, 16, 12, 7, 16, 16, 19, 5, 7, 11, 7, 18, 16, 7, 11, 11, 2, 11, 2, 11, 17, 7, 16, 2, 13, 11, 2, 12, 14, 13, 13, 13, 7, 13, 18, 11, 13, 13, 13, 13]
bestever    1850    in generation 5128
[15, 20, 1, 9, 15, 5, 20, 1, 20, 3, 9, 17, 5, 1, 15, 19, 8, 1, 9, 15, 3, 5, 1, 3, 9, 9, 17, 8, 5, 10, 18, 11, 9, 20, 1, 10, 15, 3, 17, 9, 5, 17, 8, 15, 14, 10, 8, 20, 20, 3, 9, 4, 18, 10, 1, 15, 18, 3, 3, 17, 19, 19, 6, 18, 9, 8, 16, 14, 10, 11, 18, 4, 20, 8, 1, 10, 9, 19, 10, 8, 17, 15, 7, 13, 3, 19, 5, 12, 17, 20, 6, 10, 4, 16, 14, 20, 19, 4, 5, 17, 1, 14, 8, 14, 5, 12, 19, 4, 6, 6, 16, 10, 6, 15, 14, 19, 14, 12, 1, 15, 4, 6, 3, 12, 8, 2, 14, 4, 6, 6, 18, 7, 12, 19, 2, 2, 18, 10, 2, 20, 4, 17, 16, 7, 14, 7, 18, 16, 6, 4, 12, 3, 12, 8, 4, 12, 2, 5, 11, 2, 6, 16, 12, 7, 16, 16, 19, 5, 7, 11, 7, 18, 16, 7, 11, 11, 2, 11, 2, 11, 17, 7, 16, 2, 13, 11, 2, 12, 14, 13, 13, 13, 7, 13, 18, 11, 13, 13, 13, 13]
bestever    1846    in generation 5149
[15, 20, 1, 9, 15, 5, 20, 1, 20, 3, 9, 17, 5, 1, 15, 19, 8, 1, 9, 15, 3, 5, 1, 3, 9, 9, 17, 8, 5, 10, 18, 9, 20, 1, 10, 15, 3, 17, 9, 5, 17, 8, 15, 14, 10, 8, 20, 20, 3, 9, 4, 18, 10, 1, 15, 18, 3, 3, 17, 19, 19, 6, 18, 9, 8, 16, 14, 10, 18, 4, 20, 8, 1, 10, 9, 19, 10, 8, 17, 15, 7, 13, 3, 19, 5, 12, 17, 20, 6, 10, 4, 16, 14, 20, 19, 4, 5, 17, 1, 14, 8, 14, 5, 12, 19, 4, 6, 6, 16, 10, 6, 15, 14, 19, 14, 12, 1, 15, 4, 6, 3, 12, 8, 2, 14, 4, 6, 6, 18, 7, 19, 2, 2, 18, 20, 4, 17, 16, 7, 14, 6, 4, 12, 18, 16, 2, 11, 2, 11, 7, 12, 3, 12, 8, 4, 12, 2, 5, 11, 10, 6, 16, 12, 7, 16, 16, 19, 5, 7, 11, 7, 18, 16, 7, 11, 11, 2, 11, 2, 11, 17, 7, 16, 2, 13, 11, 2, 12, 14, 13, 13, 13, 7, 13, 18, 11, 13, 13, 13, 13]
bestever    1844    in generation 6073
[15, 20, 1, 9, 15, 5, 20, 1, 20, 3, 9, 17, 5, 1, 15, 19, 8, 1, 9, 15, 3, 5, 1, 3, 15, 9, 9, 17, 8, 5, 10, 18, 9, 17, 20, 1, 10, 12, 15, 3, 9, 5, 17, 13, 8, 15, 10, 14, 8, 20, 20, 3, 9, 4, 18, 10, 1, 18, 3, 3, 17, 19, 19, 6, 18, 4, 8, 9, 16, 14, 10, 18, 4, 20, 8, 1, 10, 19, 10, 8, 17, 15, 3, 19, 5, 12, 17, 20, 6, 10, 4, 2, 16, 14, 20, 19, 4, 5, 17, 1, 14, 8, 14, 5, 19, 19, 4, 6, 6, 10, 6, 15, 14, 19, 10, 14, 12, 1, 15, 4, 6, 3, 12, 8, 2, 14, 4, 6, 6, 18, 9, 12, 18, 20, 4, 17, 14, 18, 16, 7, 4, 12, 6, 12, 8, 3, 12, 7, 5, 7, 6, 7, 12, 7, 16, 16, 19, 5, 18, 7, 16, 7, 13, 2, 11, 2, 11, 16, 7, 2, 11, 2, 11, 16, 7, 11, 11, 2, 11, 2, 11, 17, 16, 16, 2, 13, 11, 2, 12, 14, 13, 13, 18, 13, 7, 13, 11, 13, 13, 13]
bestever    1839    in generation 6138
[15, 20, 1, 9, 15, 5, 20, 1, 20, 3, 9, 17, 5, 1, 15, 19, 8, 1, 9, 15, 3, 5, 1, 3, 15, 9, 9, 17, 8, 5, 10, 18, 9, 17, 20, 1, 10, 12, 15, 3, 9, 5, 17, 13, 8, 15, 10, 14, 8, 20, 20, 3, 9, 4, 18, 10, 1, 18, 3, 3, 17, 19, 19, 6, 18, 4, 8, 9, 16, 14, 10, 18, 4, 20, 8, 1, 10, 19, 10, 8, 17, 15, 3, 19, 5, 12, 17, 20, 6, 10, 4, 2, 16, 14, 20, 19, 4, 5, 17, 1, 14, 8, 14, 5, 19, 19, 4, 6, 6, 10, 6, 15, 14, 19, 10, 14, 12, 1, 15, 4, 6, 3, 12, 8, 2, 14, 4, 6, 6, 18, 9, 12, 18, 20, 4, 17, 14, 18, 16, 11, 4, 12, 6, 12, 8, 3, 12, 7, 5, 7, 6, 7, 12, 7, 16, 16, 19, 5, 18, 7, 16, 7, 13, 2, 11, 2, 11, 16, 7, 2, 7, 2, 11, 16, 7, 11, 11, 2, 11, 2, 11, 17, 16, 16, 2, 13, 11, 2, 12, 14, 13, 13, 18, 13, 7, 13, 11, 13, 13, 13]
bestever    1838    in generation 6202
[15, 20, 1, 9, 15, 5, 20, 1, 20, 3, 9, 17, 5, 1, 15, 19, 8, 1, 9, 15, 3, 5, 1, 3, 15, 9, 9, 17, 8, 5, 10, 18, 9, 17, 20, 1, 10, 12, 15, 3, 9, 5, 17, 13, 8, 15, 10, 14, 8, 20, 20, 3, 9, 4, 18, 10, 1, 18, 3, 3, 17, 19, 19, 6, 18, 4, 8, 9, 16, 14, 10, 18, 4, 20, 8, 1, 10, 19, 10, 8, 17, 15, 3, 19, 5, 11, 17, 20, 6, 10, 4, 2, 16, 14, 20, 19, 4, 5, 17, 1, 14, 8, 14, 5, 19, 19, 4, 6, 6, 10, 6, 15, 14, 19, 10, 14, 12, 1, 15, 4, 6, 3, 12, 8, 2, 14, 4, 6, 6, 18, 9, 12, 18, 20, 4, 17, 14, 18, 7, 11, 4, 12, 6, 12, 8, 3, 12, 7, 5, 7, 6, 7, 12, 7, 16, 16, 19, 5, 18, 16, 16, 7, 13, 2, 11, 2, 11, 16, 7, 2, 7, 2, 11, 16, 7, 12, 11, 2, 11, 2, 11, 17, 16, 16, 2, 13, 11, 2, 12, 14, 13, 13, 18, 13, 7, 13, 11, 13, 13, 13]
bestever    1836    in generation 6306
[15, 20, 1, 9, 15, 5, 20, 1, 20, 3, 15, 9, 17, 5, 1, 15, 19, 8, 1, 9, 15, 3, 5, 1, 3, 15, 9, 9, 17, 8, 5, 10, 18, 9, 17, 20, 1, 10, 12, 15, 3, 9, 5, 17, 8, 10, 14, 8, 20, 20, 3, 9, 4, 18, 10, 1, 18, 3, 3, 17, 19, 19, 6, 18, 4, 8, 9, 16, 14, 10, 18, 4, 20, 8, 1, 10, 19, 10, 8, 17, 15, 3, 19, 5, 11, 17, 20, 6, 10, 4, 2, 16, 14, 20, 19, 4, 5, 17, 1, 14, 8, 14, 5, 19, 19, 4, 6, 6, 10, 6, 15, 14, 19, 10, 14, 12, 1, 15, 4, 6, 3, 12, 8, 2, 14, 4, 6, 6, 18, 9, 12, 18, 20, 4, 17, 14, 18, 7, 11, 4, 12, 6, 12, 8, 3, 12, 7, 5, 7, 13, 6, 7, 12, 7, 16, 16, 19, 5, 18, 16, 16, 7, 13, 2, 11, 2, 11, 16, 7, 2, 7, 2, 11, 16, 7, 12, 11, 2, 11, 2, 11, 17, 16, 16, 2, 13, 11, 2, 12, 14, 13, 13, 18, 13, 7, 13, 11, 13, 13, 13]
bestever    1834    in generation 6380
[15, 20, 1, 9, 15, 5, 20, 1, 20, 3, 15, 9, 17, 5, 1, 15, 19, 8, 1, 9, 15, 3, 5, 1, 3, 15, 9, 9, 17, 8, 5, 10, 18, 9, 17, 20, 1, 10, 12, 15, 3, 9, 5, 17, 8, 10, 14, 8, 20, 20, 3, 9, 4, 18, 10, 1, 18, 3, 3, 17, 19, 19, 6, 18, 4, 8, 9, 8, 14, 10, 18, 4, 20, 8, 1, 10, 19, 10, 16, 17, 15, 3, 19, 5, 11, 17, 20, 6, 10, 4, 2, 16, 14, 20, 19, 4, 5, 17, 1, 14, 8, 14, 5, 19, 19, 4, 6, 6, 10, 6, 15, 14, 19, 10, 14, 12, 1, 15, 4, 6, 3, 12, 8, 2, 14, 4, 6, 6, 18, 9, 12, 18, 20, 4, 17, 14, 18, 7, 11, 4, 12, 6, 12, 8, 3, 12, 7, 5, 7, 13, 6, 7, 12, 7, 16, 16, 19, 5, 18, 16, 16, 7, 13, 2, 11, 2, 11, 16, 7, 2, 7, 2, 11, 16, 7, 12, 11, 2, 11, 2, 11, 17, 16, 16, 2, 13, 11, 2, 12, 14, 13, 13, 18, 13, 7, 13, 11, 13, 13, 13]
