bestever    3363    in generation 0
[15, 14, 1, 1, 14, 17, 12, 20, 3, 17, 12, 3, 13, 6, 20, 13, 17, 19, 1, 16, 6, 20, 13, 15, 13, 4, 6, 8, 12, 7, 20, 2, 16, 14, 16, 12, 4, 17, 6, 18, 10, 12, 11, 7, 16, 17, 9, 17, 16, 9, 6, 13, 18, 1, 6, 18, 8, 9, 19, 17, 10, 11, 12, 9, 19, 20, 19, 7, 7, 14, 18, 5, 9, 5, 17, 8, 10, 4, 20, 14, 20, 18, 6, 2, 18, 9, 3, 5, 5, 17, 1, 3, 4, 18, 9, 6, 12, 14, 9, 19, 3, 1, 4, 13, 1, 10, 13, 20, 19, 19, 5, 11, 2, 3, 11, 19, 8, 3, 1, 10, 2, 10, 15, 15, 8, 2, 5, 15, 2, 19, 8, 13, 13, 16, 12, 10, 12, 7, 14, 2, 4, 13, 2, 11, 14, 18, 4, 3, 11, 11, 8, 4, 20, 3, 3, 14, 11, 10, 9, 14, 2, 6, 10, 7, 11, 12, 15, 10, 4, 6, 18, 5, 8, 15, 16, 7, 17, 20, 1, 8, 1, 16, 8, 9, 5, 4, 7, 19, 16, 7, 15, 16, 7, 15, 11, 5, 5, 18, 15, 2]
bestever    3351    in generation 1
[15, 10, 18, 10, 8, 8, 14, 4, 3, 17, 7, 7, 7, 4, 8, 20, 13, 11, 16, 11, 14, 4, 3, 7, 9, 1, 9, 18, 6, 2, 1, 9, 19, 3, 1, 7, 9, 1, 17, 19, 12, 17, 20, 11, 16, 19, 3, 15, 15, 2, 4, 19, 9, 17, 13, 6, 14, 14, 4, 14, 8, 1, 1, 16, 5, 12, 4, 7, 11, 14, 9, 1, 19, 15, 17, 11, 2, 13, 4, 10, 15, 18, 6, 7, 13, 5, 3, 16, 19, 14, 20, 16, 20, 17, 3, 5, 20, 9, 11, 10, 2, 18, 1, 12, 9, 12, 15, 13, 9, 4, 18, 8, 11, 6, 18, 13, 2, 12, 15, 19, 1, 20, 6, 4, 6, 11, 10, 2, 15, 18, 3, 8, 13, 16, 2, 8, 9, 5, 18, 3, 20, 5, 19, 12, 18, 18, 5, 13, 8, 6, 10, 17, 8, 14, 7, 10, 3, 11, 13, 16, 20, 17, 10, 14, 19, 8, 6, 10, 5, 2, 4, 15, 17, 19, 12, 10, 7, 6, 14, 5, 16, 1, 2, 5, 15, 6, 12, 5, 12, 20, 16, 13, 20, 7, 2, 12, 11, 16, 17, 3]
bestever    3279    in generation 2
[11, 16, 17, 3, 15, 10, 7, 7, 18, 10, 8, 8, 14, 4, 3, 17, 7, 7, 4, 8, 20, 13, 11, 16, 11, 14, 4, 3, 9, 1, 9, 18, 6, 2, 1, 9, 19, 3, 1, 7, 9, 1, 17, 19, 12, 17, 20, 11, 16, 19, 3, 15, 15, 2, 4, 11, 16, 11, 14, 4, 3, 7, 9, 1, 9, 18, 6, 2, 1, 9, 19, 3, 1, 7, 9, 1, 17, 19, 12, 17, 20, 11, 16, 19, 3, 15, 15, 2, 4, 19, 17, 13, 17, 3, 5, 20, 5, 11, 10, 2, 18, 1, 12, 12, 15, 13, 4, 8, 11, 6, 18, 14, 13, 2, 12, 15, 18, 14, 1, 20, 6, 4, 11, 10, 4, 2, 15, 8, 18, 3, 8, 13, 16, 2, 5, 16, 8, 9, 5, 18, 20, 5, 6, 12, 6, 18, 14, 18, 5, 13, 8, 6, 10, 20, 13, 9, 13, 17, 8, 14, 14, 16, 7, 10, 10, 13, 20, 17, 10, 19, 14, 19, 8, 6, 10, 5, 4, 15, 19, 12, 10, 7, 6, 14, 5, 16, 2, 5, 15, 6, 12, 5, 12, 20, 16, 13, 20, 7, 2, 12]
bestever    3239    in generation 3
[11, 16, 17, 3, 15, 10, 7, 7, 18, 10, 8, 8, 14, 4, 3, 17, 7, 7, 4, 8, 20, 13, 11, 16, 11, 14, 4, 3, 9, 1, 9, 18, 6, 2, 1, 9, 19, 3, 1, 7, 9, 1, 17, 19, 12, 17, 20, 11, 16, 19, 3, 15, 15, 2, 4, 11, 16, 11, 14, 4, 3, 7, 9, 1, 9, 18, 6, 2, 1, 9, 19, 3, 1, 7, 9, 1, 17, 19, 12, 17, 20, 11, 16, 19, 3, 15, 15, 2, 4, 19, 17, 13, 17, 3, 5, 20, 5, 11, 10, 2, 18, 1, 12, 12, 15, 13, 4, 8, 11, 6, 18, 14, 13, 2, 3, 15, 18, 14, 1, 20, 6, 4, 11, 10, 4, 2, 15, 8, 18, 12, 8, 13, 16, 2, 5, 16, 8, 9, 5, 18, 20, 5, 6, 12, 6, 18, 14, 18, 5, 13, 8, 6, 10, 20, 13, 9, 13, 17, 8, 14, 14, 16, 7, 10, 10, 13, 20, 17, 10, 19, 14, 19, 8, 6, 10, 5, 4, 15, 19, 12, 10, 7, 6, 14, 5, 16, 2, 5, 15, 6, 12, 5, 12, 20, 16, 13, 20, 7, 2, 12]
bestever    3116    in generation 4
[3, 17, 7, 7, 4, 11, 16, 11, 4, 3, 9, 1, 9, 18, 1, 9, 3, 1, 9, 1, 17, 11, 3, 4, 11, 11, 3, 9, 1, 9, 18, 7, 19, 19, 19, 10, 12, 12, 12, 15, 20, 10, 4, 2, 15, 2, 5, 16, 5, 20, 5, 6, 12, 6, 5, 6, 10, 20, 13, 13, 17, 8, 14, 14, 16, 7, 10, 2, 1, 9, 19, 3, 1, 7, 9, 1, 17, 19, 12, 17, 20, 11, 16, 19, 3, 15, 15, 2, 4, 19, 17, 13, 17, 3, 5, 20, 5, 11, 10, 2, 18, 1, 12, 12, 15, 13, 4, 8, 11, 6, 18, 14, 13, 2, 12, 15, 18, 14, 1, 20, 6, 4, 11, 10, 4, 2, 15, 8, 18, 3, 8, 13, 16, 2, 5, 16, 8, 9, 5, 18, 20, 5, 6, 12, 6, 18, 14, 18, 5, 13, 8, 6, 10, 20, 13, 9, 13, 17, 8, 14, 14, 16, 7, 10, 10, 13, 20, 17, 10, 19, 14, 19, 8, 6, 4, 15, 19, 12, 7, 6, 14, 16, 2, 15, 20, 16, 7, 2, 11, 16, 17, 3, 15, 7, 7, 18, 8, 8, 14, 4]
bestever    2988    in generation 5
[11, 16, 11, 4, 3, 9, 1, 9, 18, 1, 9, 3, 1, 9, 1, 17, 11, 3, 4, 11, 11, 3, 9, 1, 18, 7, 19, 19, 19, 10, 12, 12, 12, 15, 20, 10, 4, 2, 15, 2, 5, 16, 5, 20, 5, 6, 12, 6, 5, 6, 10, 20, 13, 13, 17, 8, 14, 14, 16, 7, 10, 2, 9, 19, 3, 1, 7, 9, 1, 17, 19, 12, 17, 20, 9, 1, 17, 19, 12, 17, 20, 11, 16, 19, 3, 15, 15, 2, 4, 19, 17, 13, 17, 3, 5, 20, 5, 11, 10, 2, 18, 1, 12, 15, 13, 4, 8, 11, 6, 18, 14, 13, 2, 12, 15, 18, 14, 1, 20, 6, 4, 11, 10, 4, 2, 15, 8, 18, 3, 8, 13, 16, 2, 5, 16, 8, 9, 5, 18, 5, 6, 12, 6, 18, 14, 18, 5, 13, 8, 6, 10, 20, 13, 9, 13, 17, 8, 14, 14, 16, 7, 10, 10, 13, 20, 17, 10, 19, 14, 19, 8, 6, 4, 15, 12, 7, 6, 14, 16, 2, 15, 20, 16, 7, 2, 11, 16, 3, 15, 7, 7, 18, 8, 8, 14, 4, 3, 7, 7, 4]
bestever    2951    in generation 9
[11, 16, 11, 4, 3, 9, 1, 9, 18, 1, 9, 3, 1, 9, 1, 17, 11, 3, 4, 11, 11, 3, 9, 1, 18, 7, 19, 19, 19, 10, 12, 12, 12, 15, 20, 10, 4, 2, 15, 2, 5, 16, 5, 20, 5, 6, 12, 6, 5, 7, 10, 20, 13, 13, 17, 8, 14, 14, 16, 7, 10, 2, 9, 19, 3, 1, 7, 9, 1, 17, 19, 12, 17, 20, 9, 1, 17, 19, 12, 17, 20, 11, 16, 19, 3, 15, 15, 2, 4, 19, 17, 13, 17, 3, 5, 20, 5, 11, 10, 2, 18, 1, 12, 15, 13, 4, 8, 11, 6, 18, 14, 13, 2, 12, 15, 18, 14, 1, 20, 6, 4, 11, 10, 4, 2, 15, 8, 18, 3, 8, 13, 16, 2, 5, 16, 8, 9, 5, 18, 5, 6, 12, 6, 18, 14, 18, 5, 13, 8, 6, 10, 20, 13, 9, 13, 17, 8, 14, 14, 16, 7, 10, 10, 13, 20, 17, 10, 19, 14, 19, 8, 6, 4, 15, 12, 7, 6, 14, 16, 2, 15, 20, 16, 7, 2, 11, 16, 3, 15, 7, 7, 18, 8, 8, 14, 4, 3, 6, 7, 4]
bestever    2943    in generation 21
[11, 16, 11, 4, 3, 9, 1, 9, 18, 1, 9, 3, 1, 9, 1, 17, 11, 3, 4, 11, 11, 3, 9, 1, 18, 7, 19, 19, 19, 10, 12, 12, 12, 15, 20, 10, 4, 2, 15, 2, 5, 16, 5, 20, 5, 6, 12, 6, 5, 10, 20, 13, 13, 17, 14, 14, 16, 10, 2, 9, 19, 3, 1, 9, 1, 17, 19, 12, 17, 20, 9, 1, 17, 19, 12, 17, 20, 11, 16, 19, 3, 15, 15, 2, 19, 17, 13, 17, 5, 20, 5, 11, 10, 2, 18, 1, 12, 15, 13, 11, 6, 4, 18, 8, 8, 4, 7, 14, 7, 3, 7, 13, 2, 12, 15, 18, 14, 1, 20, 6, 4, 11, 10, 4, 2, 15, 8, 18, 3, 8, 13, 16, 2, 5, 16, 8, 9, 5, 18, 5, 6, 12, 6, 18, 14, 18, 5, 13, 8, 6, 10, 20, 13, 9, 13, 17, 8, 14, 14, 16, 7, 10, 10, 13, 20, 17, 10, 19, 14, 19, 8, 6, 4, 15, 12, 7, 6, 14, 16, 2, 15, 20, 16, 7, 2, 11, 16, 3, 15, 7, 7, 18, 8, 8, 14, 4, 3, 6, 7, 4]
bestever    2903    in generation 30
[11, 16, 11, 4, 3, 9, 1, 9, 18, 1, 9, 3, 1, 9, 1, 17, 11, 3, 4, 11, 11, 3, 9, 1, 18, 19, 19, 19, 10, 12, 12, 12, 15, 20, 10, 4, 14, 15, 2, 5, 16, 5, 20, 5, 6, 12, 6, 5, 6, 10, 20, 13, 13, 17, 8, 14, 2, 16, 7, 10, 2, 9, 19, 3, 1, 7, 9, 1, 17, 19, 12, 17, 20, 9, 1, 17, 19, 12, 17, 20, 11, 16, 19, 3, 15, 15, 2, 4, 19, 17, 13, 17, 3, 5, 20, 5, 11, 10, 2, 18, 1, 12, 15, 13, 4, 8, 11, 6, 18, 14, 13, 2, 12, 15, 18, 14, 1, 20, 6, 11, 10, 4, 2, 8, 18, 3, 8, 13, 16, 5, 8, 9, 5, 18, 5, 6, 12, 6, 18, 14, 18, 5, 13, 10, 20, 13, 9, 13, 17, 8, 14, 16, 7, 10, 10, 13, 20, 17, 10, 19, 8, 4, 7, 6, 14, 16, 2, 15, 14, 19, 8, 6, 4, 15, 12, 7, 6, 14, 16, 2, 15, 20, 16, 7, 2, 11, 16, 3, 15, 7, 7, 18, 8, 8, 14, 4, 3, 7, 7, 4]
bestever    2886    in generation 33
[11, 16, 11, 4, 3, 9, 1, 9, 18, 1, 9, 3, 1, 9, 1, 17, 11, 3, 4, 11, 11, 3, 9, 1, 18, 7, 19, 19, 19, 10, 12, 12, 12, 15, 20, 10, 4, 2, 12, 2, 5, 16, 5, 20, 5, 6, 12, 6, 5, 10, 20, 13, 13, 17, 14, 14, 16, 10, 2, 9, 19, 3, 1, 9, 1, 17, 19, 15, 17, 20, 9, 1, 17, 19, 12, 17, 20, 11, 16, 19, 3, 15, 15, 2, 19, 17, 13, 17, 5, 20, 5, 11, 10, 2, 18, 1, 12, 15, 13, 11, 6, 4, 18, 8, 8, 4, 7, 14, 7, 3, 7, 13, 2, 12, 15, 18, 14, 1, 20, 6, 4, 11, 10, 4, 2, 15, 8, 18, 3, 8, 13, 16, 2, 5, 16, 8, 9, 5, 18, 5, 6, 12, 6, 18, 14, 18, 5, 13, 8, 6, 10, 20, 13, 9, 13, 17, 8, 14, 14, 16, 7, 10, 10, 13, 20, 17, 10, 19, 14, 19, 8, 6, 4, 15, 12, 7, 6, 14, 16, 2, 15, 20, 16, 7, 2, 11, 16, 3, 15, 7, 7, 18, 8, 8, 14, 4, 3, 6, 7, 4]
bestever    2883    in generation 37
[11, 16, 11, 4, 3, 9, 1, 9, 18, 1, 9, 3, 1, 9, 1, 17, 11, 3, 4, 11, 11, 3, 9, 1, 18, 7, 19, 19, 19, 10, 12, 12, 12, 15, 20, 10, 4, 2, 12, 2, 5, 16, 5, 20, 5, 6, 12, 6, 5, 10, 20, 13, 13, 17, 14, 14, 16, 10, 2, 9, 19, 3, 1, 9, 1, 17, 19, 15, 17, 20, 9, 1, 17, 19, 12, 17, 20, 11, 16, 19, 3, 15, 15, 2, 19, 17, 13, 17, 5, 20, 5, 11, 10, 2, 18, 1, 12, 15, 13, 11, 6, 4, 18, 8, 8, 4, 7, 14, 7, 3, 7, 13, 2, 12, 15, 18, 14, 1, 20, 6, 4, 11, 10, 4, 2, 15, 8, 18, 3, 8, 13, 16, 2, 5, 16, 8, 9, 5, 18, 5, 6, 12, 6, 18, 14, 18, 5, 13, 8, 6, 10, 20, 13, 9, 13, 17, 8, 14, 14, 16, 7, 10, 10, 8, 20, 17, 10, 19, 14, 19, 8, 6, 4, 15, 12, 7, 6, 14, 16, 2, 15, 20, 16, 7, 2, 11, 16, 3, 15, 7, 7, 18, 8, 13, 14, 4, 3, 6, 7, 4]
bestever    2871    in generation 39
[11, 16, 11, 4, 3, 9, 1, 9, 18, 1, 9, 3, 1, 9, 1, 17, 11, 3, 4, 11, 11, 3, 9, 1, 18, 7, 19, 19, 19, 10, 12, 12, 12, 15, 20, 10, 4, 2, 12, 2, 5, 4, 5, 20, 5, 6, 12, 6, 5, 10, 20, 13, 13, 17, 14, 14, 16, 10, 2, 9, 19, 3, 1, 9, 1, 17, 19, 15, 17, 20, 9, 1, 17, 19, 12, 17, 20, 11, 16, 19, 3, 15, 15, 2, 19, 17, 13, 17, 5, 20, 5, 11, 10, 2, 18, 1, 12, 15, 13, 11, 6, 4, 18, 8, 8, 16, 7, 14, 7, 3, 7, 13, 2, 12, 15, 18, 14, 1, 20, 6, 4, 11, 10, 4, 2, 15, 8, 18, 3, 8, 13, 16, 2, 5, 16, 8, 9, 5, 18, 5, 6, 12, 6, 18, 14, 18, 5, 13, 8, 6, 10, 20, 13, 9, 13, 17, 8, 14, 14, 16, 7, 10, 10, 13, 20, 17, 10, 19, 14, 19, 8, 6, 4, 15, 12, 7, 6, 14, 16, 2, 15, 20, 16, 7, 2, 11, 16, 3, 15, 7, 7, 18, 8, 8, 14, 4, 3, 6, 7, 4]
bestever    2859    in generation 43
[11, 16, 11, 4, 3, 9, 1, 9, 18, 1, 9, 3, 1, 9, 1, 17, 11, 3, 4, 11, 11, 3, 9, 1, 18, 7, 19, 19, 19, 10, 12, 12, 12, 15, 20, 10, 4, 2, 12, 2, 5, 4, 5, 20, 5, 6, 12, 6, 5, 10, 20, 13, 13, 17, 14, 14, 16, 10, 2, 9, 19, 3, 1, 9, 1, 17, 19, 15, 17, 20, 9, 1, 17, 19, 12, 17, 20, 11, 16, 19, 3, 15, 15, 2, 19, 17, 13, 17, 5, 20, 5, 11, 10, 2, 18, 1, 12, 15, 13, 11, 6, 4, 18, 8, 8, 16, 7, 14, 7, 3, 13, 2, 12, 15, 18, 14, 1, 20, 4, 11, 10, 2, 15, 6, 7, 4, 8, 18, 3, 8, 13, 16, 2, 5, 16, 8, 9, 5, 18, 5, 6, 12, 6, 18, 14, 18, 5, 13, 8, 6, 10, 20, 13, 9, 13, 17, 8, 14, 14, 16, 7, 10, 10, 13, 20, 17, 10, 19, 14, 19, 8, 6, 4, 15, 12, 7, 6, 14, 16, 2, 15, 20, 16, 7, 2, 11, 16, 3, 15, 7, 7, 18, 8, 8, 14, 4, 3, 6, 7, 4]
bestever    2841    in generation 46
[11, 16, 11, 4, 3, 9, 1, 9, 18, 1, 9, 3, 1, 9, 1, 17, 11, 3, 4, 11, 11, 3, 9, 1, 18, 7, 19, 19, 19, 10, 12, 12, 12, 15, 20, 10, 4, 2, 12, 2, 5, 4, 5, 20, 5, 6, 12, 6, 5, 10, 20, 13, 13, 17, 14, 14, 16, 10, 2, 9, 19, 3, 1, 9, 1, 17, 19, 15, 17, 20, 9, 1, 17, 19, 12, 17, 20, 11, 16, 19, 3, 15, 15, 2, 19, 17, 13, 17, 5, 20, 5, 11, 10, 2, 18, 1, 12, 15, 13, 11, 6, 4, 18, 8, 8, 16, 7, 14, 7, 3, 7, 13, 2, 12, 15, 18, 14, 1, 20, 6, 4, 11, 10, 4, 2, 15, 8, 18, 3, 8, 13, 16, 2, 5, 16, 8, 9, 5, 18, 5, 6, 12, 6, 18, 14, 18, 5, 13, 8, 17, 10, 20, 13, 9, 13, 17, 8, 14, 14, 16, 7, 10, 10, 13, 20, 6, 10, 19, 14, 19, 8, 6, 4, 15, 12, 7, 6, 14, 16, 2, 15, 20, 16, 7, 2, 11, 16, 3, 15, 7, 7, 18, 8, 8, 14, 4, 3, 6, 7, 4]
bestever    2822    in generation 56
[11, 16, 11, 4, 3, 9, 1, 9, 18, 1, 9, 3, 1, 9, 1, 17, 11, 3, 4, 11, 11, 3, 9, 1, 18, 7, 19, 19, 19, 10, 12, 12, 12, 15, 20, 10, 4, 2, 12, 2, 5, 4, 5, 20, 5, 6, 12, 6, 5, 10, 20, 13, 13, 17, 14, 14, 16, 10, 2, 9, 19, 3, 1, 9, 1, 17, 19, 15, 17, 20, 9, 1, 17, 19, 12, 17, 20, 11, 16, 19, 3, 15, 15, 2, 19, 17, 13, 17, 5, 20, 5, 11, 10, 2, 18, 1, 12, 15, 13, 11, 6, 4, 18, 8, 8, 16, 7, 14, 7, 3, 7, 13, 2, 12, 15, 18, 14, 1, 20, 6, 4, 11, 10, 4, 2, 15, 8, 18, 3, 8, 13, 16, 2, 5, 16, 8, 9, 5, 18, 5, 6, 12, 7, 18, 14, 18, 5, 13, 8, 6, 10, 20, 13, 9, 13, 17, 8, 14, 14, 16, 7, 10, 10, 13, 20, 17, 10, 19, 14, 19, 8, 6, 4, 15, 12, 7, 6, 14, 16, 2, 15, 20, 16, 7, 2, 11, 16, 3, 15, 7, 6, 18, 8, 8, 14, 4, 3, 6, 7, 4]
bestever    2810    in generation 60
[11, 16, 11, 4, 3, 9, 1, 9, 18, 1, 9, 3, 1, 9, 1, 17, 11, 3, 4, 11, 11, 3, 9, 1, 18, 7, 19, 19, 19, 10, 12, 12, 12, 15, 20, 10, 4, 2, 12, 2, 5, 4, 5, 20, 5, 6, 12, 6, 5, 10, 20, 13, 13, 17, 14, 14, 16, 10, 2, 9, 19, 3, 1, 9, 1, 17, 19, 15, 17, 20, 9, 1, 17, 19, 12, 17, 20, 11, 16, 19, 3, 15, 15, 2, 19, 17, 13, 17, 5, 20, 5, 11, 10, 2, 18, 1, 12, 15, 13, 11, 6, 4, 18, 8, 8, 16, 14, 7, 3, 7, 13, 2, 12, 18, 14, 1, 20, 6, 11, 10, 4, 2, 15, 8, 18, 3, 8, 13, 16, 2, 5, 16, 8, 9, 5, 18, 5, 6, 12, 6, 18, 14, 18, 5, 13, 8, 10, 20, 13, 9, 13, 17, 8, 14, 14, 16, 7, 10, 10, 13, 20, 17, 10, 19, 19, 8, 4, 15, 7, 6, 14, 6, 4, 15, 12, 7, 6, 14, 16, 2, 15, 20, 16, 7, 2, 11, 16, 3, 15, 7, 7, 18, 8, 8, 14, 4, 3, 6, 7, 4]
bestever    2765    in generation 68
[11, 16, 11, 4, 3, 9, 1, 9, 18, 1, 9, 3, 1, 9, 1, 17, 11, 3, 4, 11, 11, 3, 9, 1, 18, 19, 19, 19, 10, 12, 12, 12, 15, 20, 10, 4, 2, 12, 2, 5, 5, 20, 5, 6, 12, 5, 10, 20, 13, 13, 17, 14, 14, 16, 10, 2, 9, 19, 3, 1, 9, 1, 17, 19, 15, 17, 20, 9, 1, 17, 19, 12, 17, 20, 11, 16, 19, 3, 15, 15, 2, 19, 17, 13, 17, 5, 20, 5, 11, 10, 2, 18, 1, 12, 15, 13, 11, 6, 7, 4, 6, 4, 18, 8, 8, 16, 14, 7, 3, 7, 13, 2, 12, 18, 14, 1, 20, 6, 11, 10, 4, 2, 15, 8, 18, 3, 8, 13, 16, 2, 5, 16, 8, 9, 5, 18, 5, 6, 12, 6, 18, 14, 18, 5, 13, 8, 10, 20, 13, 9, 13, 17, 8, 14, 14, 16, 7, 10, 10, 13, 20, 17, 10, 19, 19, 8, 4, 15, 7, 6, 14, 6, 4, 15, 12, 7, 6, 14, 16, 2, 15, 20, 16, 7, 2, 11, 16, 3, 15, 7, 7, 18, 8, 8, 14, 4, 3, 6, 7, 4]
bestever    2719    in generation 71
[11, 16, 11, 4, 3, 9, 1, 9, 18, 1, 9, 3, 1, 9, 1, 17, 11, 3, 4, 11, 11, 3, 9, 1, 18, 7, 19, 19, 19, 10, 12, 12, 12, 15, 20, 10, 4, 2, 12, 2, 5, 4, 5, 20, 5, 6, 12, 6, 5, 10, 20, 13, 13, 17, 4, 14, 16, 10, 2, 9, 19, 3, 1, 9, 1, 17, 19, 15, 17, 20, 9, 1, 17, 19, 12, 17, 20, 11, 16, 19, 3, 15, 15, 2, 19, 17, 13, 17, 5, 20, 5, 11, 10, 2, 18, 1, 12, 15, 13, 11, 6, 4, 18, 8, 8, 16, 14, 7, 3, 7, 13, 2, 12, 18, 14, 1, 20, 6, 11, 10, 4, 2, 15, 8, 18, 3, 8, 13, 16, 2, 5, 16, 8, 9, 5, 18, 5, 6, 12, 6, 18, 14, 18, 5, 13, 8, 10, 20, 13, 9, 13, 17, 8, 14, 14, 16, 7, 10, 10, 13, 20, 17, 10, 19, 19, 8, 4, 15, 7, 6, 14, 6, 4, 15, 12, 7, 6, 14, 16, 2, 15, 20, 16, 7, 2, 11, 16, 3, 15, 7, 7, 18, 8, 8, 14, 4, 3, 6, 7, 14]
bestever    2671    in generation 77
[11, 16, 11, 4, 3, 9, 1, 9, 18, 1, 9, 3, 1, 9, 1, 17, 11, 3, 4, 11, 11, 3, 9, 1, 18, 7, 19, 19, 19, 10, 12, 12, 12, 15, 20, 10, 4, 2, 12, 2, 5, 4, 5, 20, 5, 3, 12, 6, 5, 10, 20, 13, 13, 17, 4, 14, 16, 10, 2, 9, 19, 3, 1, 9, 1, 17, 19, 15, 17, 20, 9, 1, 17, 19, 12, 17, 20, 11, 16, 19, 3, 15, 15, 2, 19, 17, 13, 17, 13, 20, 5, 11, 10, 2, 18, 1, 12, 15, 13, 11, 6, 4, 18, 8, 8, 16, 14, 7, 3, 7, 5, 2, 12, 18, 14, 1, 20, 6, 11, 10, 4, 2, 15, 8, 18, 3, 8, 13, 16, 2, 5, 16, 8, 9, 5, 18, 5, 6, 12, 6, 18, 14, 18, 5, 13, 8, 10, 20, 13, 9, 13, 17, 8, 14, 14, 16, 7, 10, 10, 13, 20, 17, 10, 19, 19, 8, 4, 15, 7, 6, 14, 6, 4, 15, 12, 7, 6, 14, 16, 2, 15, 20, 16, 7, 2, 11, 16, 6, 15, 7, 7, 18, 8, 8, 14, 4, 3, 6, 7, 14]
bestever    2670    in generation 78
[11, 16, 11, 4, 3, 9, 1, 9, 18, 1, 9, 3, 1, 9, 1, 17, 11, 3, 4, 11, 11, 3, 9, 1, 18, 16, 19, 19, 19, 10, 12, 12, 12, 15, 20, 10, 4, 2, 12, 2, 5, 4, 5, 20, 5, 6, 12, 6, 5, 10, 20, 13, 13, 17, 4, 14, 16, 10, 2, 9, 19, 3, 1, 9, 1, 17, 19, 15, 17, 20, 9, 1, 17, 19, 12, 17, 20, 11, 7, 19, 3, 15, 15, 2, 19, 17, 13, 17, 13, 20, 5, 11, 10, 2, 18, 1, 12, 15, 13, 11, 6, 4, 18, 8, 8, 16, 14, 7, 3, 7, 5, 2, 12, 18, 14, 1, 20, 6, 11, 10, 4, 2, 15, 8, 18, 3, 8, 13, 16, 2, 5, 16, 8, 9, 5, 18, 5, 6, 12, 6, 18, 14, 18, 5, 13, 8, 10, 20, 13, 9, 13, 17, 8, 14, 14, 16, 7, 10, 10, 13, 20, 17, 10, 19, 19, 8, 4, 15, 7, 6, 14, 6, 4, 15, 12, 7, 6, 14, 16, 2, 15, 20, 16, 7, 2, 11, 16, 3, 15, 7, 7, 18, 8, 8, 14, 4, 3, 6, 7, 14]
bestever    2661    in generation 82
[11, 16, 11, 4, 3, 9, 1, 9, 18, 1, 9, 3, 1, 9, 1, 17, 11, 3, 4, 11, 11, 3, 9, 1, 18, 16, 19, 19, 19, 10, 12, 12, 12, 15, 20, 10, 4, 2, 12, 2, 5, 4, 5, 20, 5, 6, 12, 6, 5, 10, 20, 13, 13, 17, 4, 14, 16, 10, 2, 9, 19, 3, 1, 9, 1, 17, 19, 15, 17, 20, 9, 1, 17, 19, 12, 17, 20, 11, 7, 19, 3, 15, 15, 2, 19, 17, 13, 17, 13, 20, 5, 11, 10, 2, 18, 1, 12, 15, 13, 11, 6, 4, 18, 8, 8, 16, 14, 7, 3, 7, 5, 2, 12, 18, 14, 1, 20, 6, 11, 10, 4, 2, 15, 8, 18, 3, 8, 13, 16, 2, 5, 16, 8, 9, 5, 18, 5, 6, 12, 6, 18, 14, 18, 5, 13, 8, 10, 20, 13, 9, 13, 17, 8, 14, 14, 16, 7, 10, 10, 13, 20, 17, 10, 19, 19, 8, 4, 15, 7, 6, 14, 6, 4, 15, 12, 7, 6, 16, 2, 15, 20, 16, 7, 2, 11, 16, 3, 15, 7, 14, 7, 18, 8, 8, 14, 4, 3, 6, 7, 14]
bestever    2629    in generation 85
[11, 16, 11, 4, 3, 9, 1, 9, 18, 1, 9, 3, 1, 9, 1, 17, 11, 3, 4, 11, 11, 3, 9, 1, 18, 16, 19, 19, 19, 10, 12, 12, 12, 15, 20, 10, 4, 2, 12, 2, 5, 4, 5, 20, 5, 6, 12, 6, 5, 10, 20, 13, 13, 17, 4, 14, 16, 15, 2, 9, 19, 3, 1, 9, 1, 17, 19, 10, 17, 20, 9, 1, 17, 19, 12, 17, 20, 11, 7, 19, 3, 15, 15, 2, 19, 17, 13, 17, 13, 20, 5, 11, 10, 2, 18, 1, 12, 15, 13, 11, 6, 4, 18, 8, 8, 16, 14, 7, 3, 7, 5, 2, 12, 18, 14, 1, 20, 6, 11, 10, 4, 2, 15, 8, 18, 3, 8, 13, 16, 2, 5, 16, 8, 9, 5, 18, 5, 6, 12, 6, 18, 14, 18, 5, 13, 8, 10, 20, 13, 9, 13, 17, 8, 14, 14, 16, 7, 10, 10, 13, 20, 17, 10, 19, 19, 8, 4, 15, 7, 6, 14, 6, 4, 15, 12, 7, 6, 16, 2, 15, 20, 16, 7, 2, 11, 16, 3, 15, 7, 14, 7, 18, 8, 8, 14, 4, 3, 6, 7, 14]
bestever    2609    in generation 98
[11, 16, 11, 4, 3, 9, 1, 9, 18, 1, 9, 3, 1, 9, 1, 17, 11, 3, 4, 11, 11, 3, 9, 1, 18, 16, 19, 19, 19, 10, 12, 12, 12, 15, 20, 10, 4, 2, 12, 2, 5, 4, 5, 20, 5, 6, 12, 6, 5, 10, 20, 13, 13, 17, 4, 14, 16, 15, 2, 9, 19, 3, 1, 9, 1, 17, 19, 10, 17, 20, 9, 1, 17, 19, 12, 17, 20, 11, 7, 19, 3, 15, 15, 2, 19, 17, 13, 17, 13, 20, 5, 11, 10, 2, 18, 1, 12, 15, 13, 11, 6, 4, 18, 8, 8, 16, 14, 3, 5, 2, 12, 18, 14, 1, 20, 6, 11, 10, 2, 8, 18, 3, 8, 13, 16, 2, 5, 16, 8, 9, 5, 18, 5, 6, 12, 18, 18, 5, 13, 10, 20, 13, 9, 13, 17, 8, 14, 14, 10, 10, 8, 7, 14, 4, 7, 6, 15, 16, 7, 13, 20, 17, 10, 19, 19, 8, 4, 15, 7, 6, 14, 6, 4, 15, 12, 7, 6, 16, 2, 15, 20, 16, 7, 2, 11, 16, 3, 15, 7, 14, 7, 18, 8, 8, 14, 4, 3, 6, 7, 14]
bestever    2601    in generation 104
[11, 16, 11, 4, 3, 9, 1, 9, 18, 1, 9, 3, 1, 9, 1, 17, 11, 3, 4, 11, 11, 3, 9, 1, 18, 16, 19, 19, 19, 10, 12, 12, 12, 15, 20, 10, 4, 2, 12, 2, 5, 4, 5, 20, 5, 6, 12, 6, 5, 10, 20, 13, 13, 17, 4, 14, 16, 15, 2, 9, 19, 3, 1, 9, 1, 17, 19, 10, 17, 20, 9, 1, 17, 19, 12, 17, 20, 11, 7, 19, 3, 15, 15, 2, 19, 17, 13, 17, 13, 20, 5, 11, 18, 2, 18, 1, 12, 15, 13, 11, 6, 4, 18, 8, 8, 16, 14, 7, 3, 7, 5, 2, 12, 18, 14, 1, 20, 6, 11, 10, 4, 2, 15, 8, 18, 3, 8, 13, 16, 2, 5, 16, 8, 9, 5, 10, 5, 6, 12, 6, 18, 14, 18, 5, 13, 8, 10, 20, 13, 9, 13, 17, 8, 14, 14, 16, 7, 10, 10, 13, 20, 17, 10, 19, 19, 8, 4, 15, 7, 6, 14, 6, 4, 15, 12, 7, 6, 16, 2, 15, 20, 16, 7, 2, 11, 16, 3, 15, 7, 14, 7, 18, 8, 8, 14, 4, 3, 6, 7, 14]
bestever    2597    in generation 107
[11, 16, 11, 4, 3, 9, 1, 9, 18, 1, 9, 3, 1, 9, 1, 17, 11, 3, 4, 11, 11, 3, 9, 1, 18, 16, 19, 19, 19, 10, 12, 12, 12, 15, 20, 10, 4, 2, 12, 2, 5, 4, 5, 20, 5, 6, 12, 6, 5, 10, 20, 13, 13, 17, 4, 14, 16, 15, 2, 9, 19, 3, 1, 9, 1, 17, 19, 10, 17, 20, 9, 1, 17, 19, 12, 17, 20, 11, 7, 19, 3, 15, 15, 2, 19, 17, 13, 17, 13, 20, 5, 11, 18, 2, 18, 1, 12, 15, 13, 11, 6, 4, 18, 8, 8, 16, 14, 7, 3, 7, 5, 2, 12, 18, 14, 1, 20, 6, 11, 10, 4, 2, 15, 8, 18, 3, 8, 13, 16, 2, 5, 16, 20, 9, 5, 10, 5, 6, 12, 6, 18, 14, 18, 5, 13, 8, 10, 20, 13, 9, 13, 17, 8, 14, 14, 16, 7, 10, 10, 13, 8, 17, 10, 19, 19, 8, 4, 15, 7, 6, 14, 6, 4, 15, 12, 7, 6, 16, 2, 15, 20, 16, 7, 2, 11, 16, 3, 15, 7, 14, 7, 18, 8, 8, 14, 4, 3, 6, 7, 14]
bestever    2562    in generation 108
[11, 16, 11, 4, 3, 9, 1, 9, 18, 1, 9, 3, 1, 9, 1, 17, 11, 3, 4, 11, 11, 3, 9, 1, 18, 16, 19, 19, 19, 10, 12, 12, 12, 15, 20, 10, 4, 2, 12, 2, 5, 4, 5, 20, 5, 6, 12, 6, 5, 10, 20, 13, 13, 17, 4, 14, 16, 15, 2, 9, 19, 3, 1, 9, 1, 17, 19, 10, 17, 20, 9, 1, 17, 19, 12, 17, 20, 11, 7, 19, 3, 15, 7, 2, 19, 17, 13, 17, 13, 20, 5, 11, 18, 2, 18, 1, 12, 15, 13, 11, 6, 4, 18, 8, 8, 16, 14, 7, 3, 7, 5, 2, 12, 18, 14, 1, 20, 6, 11, 10, 4, 2, 15, 8, 18, 3, 8, 13, 16, 2, 5, 16, 20, 9, 5, 10, 5, 6, 12, 6, 18, 14, 18, 5, 13, 8, 10, 20, 13, 9, 13, 17, 8, 14, 14, 16, 7, 10, 10, 13, 8, 17, 10, 19, 19, 8, 4, 15, 15, 6, 14, 6, 4, 15, 12, 7, 6, 16, 2, 15, 20, 16, 7, 2, 11, 16, 3, 15, 7, 14, 7, 18, 8, 8, 14, 4, 3, 6, 7, 14]
bestever    2541    in generation 114
[11, 16, 11, 4, 3, 9, 1, 9, 18, 1, 9, 3, 1, 9, 1, 17, 11, 3, 4, 11, 11, 3, 9, 1, 18, 16, 19, 19, 19, 10, 12, 12, 12, 15, 20, 10, 4, 2, 12, 2, 5, 4, 5, 20, 5, 6, 12, 6, 5, 10, 20, 13, 13, 17, 4, 14, 16, 15, 2, 9, 19, 3, 1, 9, 1, 17, 19, 10, 17, 20, 9, 1, 17, 19, 12, 17, 20, 11, 7, 19, 3, 15, 15, 2, 19, 17, 13, 17, 13, 20, 5, 11, 18, 2, 18, 1, 12, 19, 13, 11, 6, 4, 18, 8, 8, 16, 14, 7, 3, 7, 5, 2, 12, 18, 14, 1, 20, 6, 11, 10, 4, 2, 15, 8, 18, 3, 8, 13, 16, 2, 5, 16, 20, 9, 5, 10, 5, 6, 12, 6, 18, 14, 18, 5, 13, 8, 10, 20, 13, 9, 13, 17, 8, 14, 14, 16, 7, 10, 10, 13, 15, 17, 10, 15, 19, 8, 4, 15, 7, 6, 14, 6, 4, 15, 12, 7, 6, 16, 2, 15, 20, 16, 7, 2, 11, 16, 3, 8, 7, 14, 7, 18, 8, 8, 14, 4, 3, 6, 7, 14]
bestever    2519    in generation 118
[11, 16, 11, 4, 3, 9, 1, 9, 18, 1, 9, 3, 1, 9, 1, 17, 11, 3, 4, 11, 11, 3, 9, 1, 18, 16, 19, 19, 19, 10, 12, 12, 12, 15, 20, 10, 4, 2, 12, 2, 5, 4, 5, 20, 5, 6, 12, 6, 5, 10, 20, 13, 13, 17, 4, 14, 16, 15, 2, 9, 19, 3, 1, 9, 1, 17, 19, 10, 17, 20, 9, 1, 17, 19, 12, 17, 20, 11, 7, 19, 3, 15, 15, 2, 19, 17, 13, 17, 13, 20, 5, 11, 18, 2, 18, 1, 12, 19, 13, 11, 6, 4, 18, 8, 8, 16, 14, 7, 3, 7, 5, 2, 12, 18, 14, 1, 20, 6, 11, 10, 4, 2, 15, 8, 18, 3, 11, 13, 16, 2, 5, 16, 20, 9, 5, 10, 5, 6, 12, 6, 18, 14, 18, 5, 13, 8, 10, 20, 13, 9, 13, 17, 8, 14, 14, 16, 7, 10, 10, 13, 15, 17, 10, 15, 19, 8, 4, 15, 7, 6, 14, 6, 4, 15, 12, 7, 6, 16, 2, 15, 20, 16, 7, 2, 8, 16, 3, 8, 7, 14, 7, 18, 8, 8, 14, 4, 3, 6, 7, 14]
bestever    2515    in generation 128
[11, 16, 11, 4, 3, 9, 1, 9, 18, 1, 9, 3, 1, 9, 1, 17, 11, 3, 4, 11, 11, 3, 9, 1, 18, 16, 19, 19, 19, 10, 12, 12, 12, 15, 20, 10, 4, 2, 12, 2, 5, 4, 5, 20, 5, 6, 12, 6, 5, 10, 20, 13, 13, 17, 4, 14, 16, 15, 2, 9, 19, 3, 1, 9, 1, 17, 19, 10, 17, 20, 9, 1, 17, 19, 12, 17, 20, 11, 19, 3, 15, 15, 2, 19, 17, 13, 17, 13, 20, 5, 11, 18, 2, 18, 1, 12, 19, 13, 11, 6, 4, 18, 8, 8, 16, 14, 3, 7, 5, 2, 12, 18, 14, 1, 20, 6, 11, 10, 2, 15, 18, 3, 11, 13, 16, 5, 20, 9, 5, 10, 5, 6, 12, 18, 18, 5, 13, 10, 20, 13, 9, 13, 17, 8, 14, 14, 16, 7, 8, 7, 14, 4, 7, 6, 16, 2, 15, 10, 10, 13, 8, 17, 10, 15, 19, 8, 4, 15, 7, 6, 14, 6, 4, 15, 12, 7, 6, 16, 2, 15, 20, 16, 7, 2, 8, 16, 3, 8, 7, 14, 7, 18, 8, 8, 14, 4, 3, 6, 7, 14]
bestever    2497    in generation 140
[11, 16, 11, 4, 3, 9, 1, 9, 18, 1, 9, 3, 1, 9, 1, 17, 11, 3, 4, 11, 11, 3, 9, 1, 18, 16, 19, 19, 19, 10, 12, 12, 12, 15, 20, 10, 4, 2, 12, 2, 5, 4, 5, 20, 5, 6, 12, 6, 5, 10, 20, 13, 13, 17, 4, 14, 16, 15, 2, 9, 19, 3, 1, 9, 1, 17, 19, 10, 17, 20, 9, 1, 17, 19, 12, 17, 20, 11, 19, 3, 15, 15, 2, 19, 17, 13, 17, 18, 20, 5, 11, 18, 2, 18, 1, 12, 19, 13, 11, 6, 4, 13, 8, 8, 16, 14, 3, 7, 5, 2, 12, 18, 14, 1, 20, 6, 11, 10, 2, 15, 18, 3, 11, 13, 16, 5, 20, 9, 5, 10, 5, 6, 12, 18, 18, 5, 13, 10, 20, 13, 9, 13, 17, 8, 14, 14, 16, 7, 8, 7, 14, 4, 7, 6, 16, 2, 15, 10, 10, 13, 8, 17, 10, 15, 19, 8, 4, 15, 7, 6, 14, 6, 4, 15, 12, 7, 6, 16, 2, 15, 20, 16, 7, 2, 8, 16, 3, 8, 7, 14, 7, 18, 8, 8, 14, 4, 3, 6, 7, 14]
bestever    2493    in generation 144
[11, 16, 11, 4, 3, 9, 1, 9, 18, 1, 9, 3, 1, 9, 1, 17, 11, 3, 4, 11, 11, 3, 9, 1, 18, 16, 19, 19, 19, 10, 12, 12, 12, 15, 20, 10, 4, 2, 12, 2, 5, 4, 5, 20, 5, 6, 12, 6, 5, 10, 20, 13, 13, 17, 4, 14, 16, 15, 2, 9, 19, 3, 1, 9, 1, 17, 19, 10, 17, 20, 9, 1, 17, 19, 12, 17, 20, 11, 19, 3, 15, 15, 2, 19, 17, 13, 17, 18, 20, 5, 11, 18, 2, 18, 1, 12, 19, 13, 11, 6, 4, 13, 8, 8, 16, 14, 3, 7, 5, 2, 12, 18, 14, 1, 20, 6, 11, 10, 2, 15, 18, 3, 11, 13, 16, 5, 20, 9, 5, 10, 5, 6, 12, 18, 18, 5, 13, 10, 20, 13, 9, 13, 17, 8, 14, 14, 16, 7, 8, 7, 14, 4, 7, 6, 16, 2, 15, 10, 10, 13, 8, 17, 10, 15, 19, 8, 4, 15, 7, 6, 14, 6, 4, 15, 12, 7, 6, 16, 2, 15, 20, 16, 7, 2, 8, 16, 3, 8, 7, 8, 7, 18, 8, 14, 14, 4, 3, 6, 7, 14]
bestever    2491    in generation 158
[11, 16, 11, 4, 3, 9, 1, 9, 18, 1, 9, 3, 1, 9, 1, 17, 11, 3, 4, 11, 11, 3, 9, 1, 18, 16, 19, 19, 19, 10, 12, 12, 12, 15, 20, 10, 4, 2, 12, 2, 5, 4, 5, 20, 5, 6, 12, 6, 5, 10, 20, 13, 13, 17, 4, 14, 16, 15, 2, 9, 19, 3, 1, 9, 1, 17, 19, 10, 17, 20, 9, 1, 17, 19, 12, 17, 20, 11, 19, 3, 15, 15, 2, 19, 17, 13, 17, 18, 20, 5, 11, 18, 2, 18, 1, 12, 19, 13, 11, 6, 4, 13, 8, 8, 16, 14, 3, 7, 20, 2, 12, 18, 14, 1, 5, 6, 11, 10, 2, 15, 18, 3, 11, 13, 16, 5, 20, 9, 5, 10, 5, 6, 12, 18, 18, 5, 13, 10, 20, 13, 9, 13, 17, 8, 14, 14, 16, 7, 8, 7, 14, 4, 7, 6, 16, 2, 15, 10, 10, 13, 8, 17, 10, 15, 19, 8, 4, 15, 7, 6, 14, 6, 4, 15, 12, 7, 6, 16, 2, 15, 20, 16, 7, 2, 8, 16, 3, 8, 7, 8, 7, 18, 8, 14, 14, 4, 3, 6, 7, 14]
bestever    2476    in generation 159
[11, 16, 11, 4, 3, 9, 1, 9, 18, 1, 9, 3, 1, 9, 1, 17, 11, 3, 4, 11, 11, 3, 9, 1, 18, 16, 19, 19, 19, 10, 12, 12, 12, 15, 20, 10, 4, 2, 12, 2, 5, 4, 5, 20, 5, 6, 12, 6, 5, 11, 20, 13, 13, 17, 4, 14, 16, 15, 2, 9, 19, 3, 1, 9, 1, 17, 19, 10, 17, 20, 9, 1, 17, 19, 12, 17, 20, 11, 19, 3, 15, 15, 2, 19, 17, 13, 17, 18, 20, 5, 10, 18, 2, 18, 1, 12, 19, 13, 11, 6, 4, 13, 8, 8, 16, 14, 3, 7, 5, 2, 12, 18, 14, 1, 20, 6, 11, 10, 2, 15, 18, 3, 11, 13, 16, 5, 20, 9, 5, 10, 5, 6, 12, 18, 18, 5, 13, 10, 20, 13, 9, 13, 17, 8, 14, 14, 16, 7, 8, 7, 14, 4, 7, 6, 16, 2, 15, 10, 10, 13, 8, 17, 10, 15, 19, 8, 4, 15, 7, 6, 14, 6, 4, 15, 12, 7, 6, 16, 2, 15, 20, 16, 7, 2, 8, 16, 3, 8, 7, 8, 7, 18, 8, 14, 14, 4, 3, 6, 7, 14]
bestever    2465    in generation 162
[11, 16, 11, 4, 3, 9, 1, 9, 18, 1, 9, 3, 1, 9, 1, 17, 11, 3, 4, 11, 11, 3, 9, 1, 18, 16, 19, 19, 19, 10, 12, 12, 12, 15, 20, 10, 4, 2, 12, 2, 5, 4, 5, 20, 5, 6, 12, 6, 5, 10, 20, 13, 13, 17, 4, 14, 16, 15, 2, 9, 19, 3, 1, 9, 1, 17, 19, 10, 17, 20, 9, 1, 17, 19, 12, 17, 20, 11, 19, 3, 15, 15, 2, 19, 17, 13, 17, 18, 20, 5, 11, 18, 2, 18, 1, 12, 19, 13, 12, 6, 4, 13, 8, 8, 16, 14, 3, 7, 5, 2, 12, 18, 14, 1, 20, 6, 11, 10, 2, 15, 18, 3, 11, 13, 16, 5, 20, 9, 5, 10, 5, 6, 12, 17, 18, 5, 13, 10, 20, 13, 9, 13, 18, 8, 14, 14, 16, 7, 8, 7, 14, 4, 7, 6, 16, 2, 15, 10, 10, 13, 8, 17, 10, 15, 19, 8, 4, 15, 7, 6, 14, 6, 4, 15, 11, 7, 6, 16, 2, 15, 20, 16, 7, 2, 8, 16, 3, 8, 7, 8, 7, 18, 8, 14, 14, 4, 3, 6, 7, 14]
bestever    2463    in generation 170
[11, 16, 11, 4, 3, 9, 1, 9, 18, 1, 9, 3, 1, 9, 1, 17, 11, 3, 4, 11, 11, 3, 9, 1, 18, 16, 19, 19, 19, 10, 12, 12, 12, 15, 20, 10, 4, 2, 12, 2, 5, 4, 5, 20, 5, 6, 12, 6, 5, 10, 20, 13, 13, 17, 4, 14, 16, 15, 2, 9, 19, 3, 1, 9, 1, 17, 19, 10, 17, 20, 9, 1, 17, 19, 12, 17, 20, 11, 19, 3, 15, 15, 2, 19, 17, 13, 17, 18, 20, 5, 11, 18, 2, 18, 1, 12, 19, 13, 12, 6, 4, 13, 8, 16, 14, 3, 5, 2, 12, 16, 14, 1, 20, 6, 11, 10, 2, 15, 18, 3, 11, 13, 16, 5, 20, 9, 5, 10, 5, 6, 12, 18, 18, 5, 13, 10, 20, 13, 9, 13, 17, 8, 14, 8, 7, 14, 7, 16, 2, 10, 10, 13, 8, 17, 10, 8, 7, 14, 4, 15, 7, 6, 18, 15, 19, 8, 4, 15, 7, 6, 14, 6, 4, 15, 11, 7, 6, 16, 2, 15, 20, 16, 7, 2, 8, 16, 3, 8, 7, 8, 7, 18, 8, 14, 14, 4, 3, 6, 7, 14]
bestever    2427    in generation 183
[11, 16, 11, 4, 3, 9, 1, 9, 18, 1, 9, 3, 1, 9, 1, 17, 11, 3, 4, 11, 11, 3, 9, 1, 18, 16, 19, 19, 19, 10, 12, 12, 12, 10, 20, 10, 4, 2, 12, 2, 5, 4, 5, 20, 5, 6, 12, 6, 5, 10, 20, 13, 13, 17, 4, 14, 16, 15, 2, 9, 19, 3, 1, 9, 1, 17, 19, 10, 17, 20, 9, 1, 17, 19, 12, 17, 20, 11, 19, 3, 15, 15, 2, 19, 17, 13, 17, 18, 20, 5, 11, 18, 2, 18, 1, 12, 19, 13, 12, 6, 4, 13, 8, 16, 14, 3, 5, 2, 12, 16, 14, 1, 20, 6, 11, 15, 2, 15, 18, 3, 11, 13, 16, 5, 20, 9, 5, 10, 5, 6, 12, 18, 18, 5, 13, 10, 20, 13, 9, 13, 17, 8, 14, 8, 7, 14, 7, 16, 2, 10, 10, 13, 8, 17, 10, 8, 7, 14, 4, 15, 7, 6, 18, 15, 19, 8, 4, 15, 7, 6, 14, 6, 4, 15, 11, 7, 6, 16, 2, 15, 20, 16, 7, 2, 8, 16, 3, 8, 7, 8, 7, 18, 8, 14, 14, 4, 3, 6, 7, 14]
bestever    2421    in generation 187
[11, 16, 11, 4, 3, 9, 1, 9, 18, 1, 9, 3, 1, 9, 1, 17, 11, 3, 4, 11, 11, 3, 9, 1, 18, 16, 19, 19, 19, 10, 12, 12, 12, 10, 20, 10, 4, 2, 12, 2, 5, 4, 5, 20, 15, 6, 12, 6, 5, 10, 20, 13, 13, 17, 4, 14, 16, 15, 2, 9, 19, 3, 1, 9, 1, 17, 19, 10, 17, 20, 9, 1, 17, 19, 12, 17, 20, 11, 19, 3, 5, 15, 2, 19, 17, 13, 17, 18, 20, 5, 11, 18, 2, 18, 1, 12, 19, 13, 12, 6, 4, 13, 8, 16, 14, 3, 5, 2, 12, 16, 14, 1, 20, 6, 11, 15, 2, 15, 18, 3, 11, 13, 16, 5, 20, 9, 5, 10, 5, 6, 12, 18, 18, 5, 13, 10, 20, 13, 9, 13, 17, 8, 14, 8, 7, 14, 7, 16, 2, 10, 10, 13, 8, 17, 10, 8, 7, 14, 4, 15, 7, 6, 18, 15, 19, 8, 4, 15, 7, 6, 14, 6, 4, 15, 11, 7, 6, 16, 2, 15, 20, 16, 7, 2, 8, 16, 3, 8, 7, 8, 7, 18, 8, 14, 14, 4, 3, 6, 7, 14]
bestever    2389    in generation 193
[11, 16, 11, 4, 3, 9, 1, 9, 18, 1, 9, 3, 1, 9, 1, 17, 11, 3, 4, 11, 11, 3, 9, 1, 18, 16, 19, 19, 19, 10, 12, 12, 12, 10, 20, 10, 4, 2, 12, 2, 5, 4, 5, 20, 15, 6, 12, 6, 5, 10, 20, 13, 13, 17, 4, 14, 16, 15, 2, 9, 19, 3, 1, 9, 1, 17, 19, 10, 17, 20, 9, 1, 17, 19, 12, 17, 20, 11, 19, 3, 5, 15, 2, 19, 17, 13, 17, 18, 20, 5, 11, 18, 2, 18, 1, 12, 19, 13, 12, 6, 4, 13, 8, 16, 14, 3, 5, 2, 12, 16, 14, 1, 20, 6, 11, 15, 2, 15, 18, 3, 11, 13, 16, 5, 20, 9, 5, 10, 5, 6, 12, 18, 18, 5, 13, 10, 20, 13, 9, 13, 17, 8, 14, 8, 7, 14, 7, 16, 2, 10, 10, 13, 8, 17, 10, 15, 7, 14, 4, 15, 7, 6, 18, 8, 19, 8, 4, 15, 7, 6, 14, 6, 4, 15, 11, 7, 6, 16, 2, 15, 20, 16, 7, 2, 8, 16, 3, 8, 7, 8, 7, 18, 8, 14, 14, 4, 3, 6, 7, 14]
bestever    2375    in generation 203
[11, 16, 11, 4, 3, 9, 1, 9, 18, 1, 9, 3, 1, 9, 1, 17, 11, 3, 4, 11, 11, 3, 9, 1, 18, 16, 19, 19, 19, 10, 12, 12, 12, 10, 20, 10, 4, 2, 12, 2, 5, 4, 5, 20, 15, 6, 12, 9, 5, 10, 20, 13, 13, 17, 4, 14, 16, 15, 2, 6, 19, 3, 1, 9, 1, 17, 19, 10, 17, 20, 9, 1, 17, 19, 12, 17, 20, 11, 19, 3, 5, 15, 2, 19, 17, 13, 17, 18, 20, 5, 11, 18, 2, 18, 1, 12, 19, 13, 12, 6, 4, 13, 8, 16, 14, 3, 5, 2, 12, 16, 14, 1, 20, 6, 11, 15, 2, 15, 18, 3, 11, 13, 16, 5, 20, 9, 5, 10, 5, 6, 12, 18, 18, 5, 13, 10, 20, 13, 9, 13, 17, 8, 14, 8, 7, 14, 7, 16, 2, 10, 10, 13, 8, 17, 10, 15, 7, 14, 4, 15, 7, 6, 18, 8, 19, 8, 4, 15, 7, 6, 14, 6, 4, 15, 11, 7, 6, 16, 2, 15, 20, 16, 7, 2, 8, 16, 3, 8, 7, 8, 7, 18, 8, 14, 14, 4, 3, 6, 7, 14]
bestever    2365    in generation 213
[11, 16, 11, 4, 3, 9, 1, 9, 18, 1, 9, 3, 1, 9, 1, 17, 11, 3, 4, 11, 11, 3, 9, 1, 18, 16, 19, 19, 19, 10, 12, 12, 12, 10, 20, 10, 4, 2, 12, 2, 5, 4, 5, 20, 15, 6, 12, 6, 5, 10, 20, 13, 12, 17, 4, 14, 16, 15, 2, 9, 19, 3, 1, 9, 1, 17, 19, 10, 17, 20, 9, 1, 17, 19, 12, 17, 20, 11, 19, 3, 5, 15, 2, 19, 17, 13, 17, 18, 20, 5, 11, 18, 2, 18, 1, 12, 19, 13, 12, 6, 4, 13, 8, 16, 14, 3, 5, 2, 13, 16, 14, 1, 20, 6, 11, 15, 2, 15, 18, 3, 11, 13, 16, 5, 20, 9, 5, 10, 5, 6, 12, 18, 18, 5, 13, 10, 20, 13, 9, 13, 17, 8, 14, 8, 7, 14, 7, 16, 2, 10, 10, 13, 8, 17, 10, 15, 7, 14, 4, 15, 7, 6, 18, 8, 19, 8, 4, 15, 7, 6, 14, 6, 4, 15, 11, 7, 6, 16, 2, 15, 20, 16, 7, 2, 8, 16, 3, 8, 7, 8, 7, 18, 8, 14, 14, 4, 3, 6, 7, 14]
bestever    2337    in generation 220
[11, 16, 11, 4, 3, 9, 1, 9, 18, 1, 9, 3, 1, 9, 1, 17, 11, 3, 4, 11, 11, 3, 9, 1, 18, 16, 19, 19, 19, 10, 12, 12, 12, 10, 20, 10, 4, 2, 12, 2, 5, 4, 5, 20, 15, 6, 12, 6, 5, 10, 20, 13, 12, 17, 4, 14, 16, 15, 2, 9, 19, 3, 1, 9, 1, 17, 19, 10, 13, 20, 9, 1, 17, 19, 12, 17, 20, 11, 19, 3, 5, 15, 2, 19, 17, 13, 17, 18, 20, 5, 11, 18, 2, 18, 1, 12, 19, 13, 12, 6, 4, 17, 8, 16, 14, 3, 5, 2, 13, 16, 14, 1, 20, 6, 11, 15, 2, 15, 18, 3, 11, 13, 16, 5, 20, 9, 5, 10, 5, 6, 12, 18, 18, 5, 13, 10, 20, 13, 9, 13, 17, 8, 14, 8, 7, 14, 7, 16, 2, 10, 10, 13, 8, 17, 10, 15, 7, 14, 4, 15, 7, 6, 18, 8, 19, 8, 4, 15, 7, 6, 14, 6, 4, 15, 11, 7, 6, 16, 2, 7, 20, 16, 7, 2, 8, 16, 3, 8, 15, 8, 7, 18, 8, 14, 14, 4, 3, 6, 7, 14]
bestever    2327    in generation 233
[11, 16, 11, 4, 3, 9, 1, 9, 18, 1, 9, 16, 1, 9, 1, 17, 11, 3, 4, 11, 11, 3, 9, 1, 18, 16, 19, 19, 19, 10, 12, 12, 12, 10, 20, 10, 4, 2, 12, 2, 5, 4, 5, 20, 15, 6, 12, 6, 5, 10, 20, 13, 12, 17, 4, 14, 3, 15, 2, 9, 19, 3, 1, 9, 1, 17, 19, 10, 13, 20, 9, 1, 17, 19, 12, 17, 20, 11, 19, 3, 5, 15, 2, 19, 17, 13, 17, 18, 20, 5, 11, 18, 2, 18, 1, 12, 19, 13, 12, 6, 4, 17, 8, 16, 14, 3, 5, 2, 13, 16, 14, 1, 20, 6, 11, 15, 2, 15, 18, 3, 11, 13, 16, 5, 20, 9, 5, 10, 5, 6, 12, 18, 18, 5, 13, 10, 20, 13, 9, 13, 17, 8, 14, 8, 7, 14, 7, 16, 2, 10, 10, 13, 8, 17, 10, 15, 7, 14, 4, 15, 7, 6, 18, 8, 19, 8, 4, 15, 7, 6, 14, 6, 4, 15, 11, 7, 6, 16, 2, 7, 20, 16, 7, 2, 8, 16, 3, 8, 15, 8, 7, 18, 8, 14, 14, 4, 3, 6, 7, 14]
bestever    2314    in generation 246
[11, 16, 11, 4, 3, 9, 1, 9, 18, 1, 9, 16, 1, 9, 1, 17, 11, 3, 4, 11, 11, 3, 9, 1, 18, 16, 19, 19, 19, 10, 12, 12, 12, 10, 20, 10, 4, 2, 12, 2, 5, 4, 5, 20, 15, 6, 12, 6, 5, 10, 20, 13, 12, 17, 4, 14, 3, 15, 2, 9, 19, 3, 1, 9, 1, 17, 19, 10, 13, 20, 9, 1, 17, 19, 12, 17, 20, 11, 19, 3, 5, 15, 2, 19, 17, 13, 17, 18, 20, 5, 11, 18, 2, 18, 1, 12, 19, 13, 12, 6, 4, 17, 8, 16, 14, 3, 5, 2, 13, 16, 14, 1, 20, 6, 11, 15, 2, 15, 18, 3, 11, 13, 16, 5, 20, 9, 5, 10, 5, 6, 12, 18, 18, 5, 13, 10, 20, 13, 9, 13, 17, 8, 14, 8, 7, 14, 7, 16, 2, 10, 10, 13, 8, 17, 10, 15, 7, 14, 4, 15, 7, 6, 18, 8, 19, 8, 4, 15, 7, 6, 14, 2, 4, 15, 11, 7, 6, 16, 6, 7, 20, 16, 7, 2, 8, 16, 3, 8, 15, 8, 7, 18, 8, 14, 14, 4, 3, 6, 7, 14]
bestever    2303    in generation 250
[11, 16, 11, 4, 3, 9, 1, 9, 18, 1, 9, 16, 1, 9, 1, 17, 11, 3, 4, 11, 11, 3, 9, 1, 18, 16, 19, 19, 19, 10, 12, 12, 12, 10, 20, 10, 4, 2, 12, 2, 5, 4, 5, 20, 15, 6, 12, 6, 5, 10, 20, 13, 12, 17, 4, 14, 3, 15, 2, 9, 19, 3, 1, 9, 1, 17, 19, 10, 13, 20, 9, 1, 17, 19, 12, 17, 20, 11, 19, 3, 5, 15, 2, 19, 17, 13, 17, 18, 20, 5, 11, 18, 2, 18, 1, 12, 19, 13, 12, 6, 4, 17, 8, 16, 14, 3, 5, 2, 13, 16, 14, 1, 20, 6, 11, 15, 2, 15, 18, 11, 13, 16, 5, 20, 9, 5, 10, 5, 12, 18, 18, 5, 13, 10, 20, 13, 9, 13, 17, 8, 8, 7, 14, 7, 16, 2, 10, 10, 13, 17, 10, 15, 7, 14, 15, 14, 4, 6, 3, 8, 7, 6, 18, 8, 19, 8, 4, 15, 7, 6, 14, 2, 4, 15, 11, 7, 6, 16, 6, 7, 20, 16, 7, 2, 8, 16, 3, 8, 15, 8, 7, 18, 8, 14, 14, 4, 3, 6, 7, 14]
bestever    2302    in generation 269
[11, 16, 11, 4, 3, 9, 1, 9, 18, 1, 9, 16, 1, 9, 1, 17, 11, 3, 4, 11, 11, 3, 9, 1, 18, 16, 19, 19, 19, 10, 12, 12, 12, 10, 20, 10, 4, 2, 12, 2, 5, 4, 5, 20, 15, 6, 12, 6, 5, 10, 20, 13, 12, 17, 4, 14, 3, 15, 2, 9, 19, 3, 1, 9, 1, 17, 19, 10, 13, 20, 9, 1, 17, 19, 12, 17, 20, 11, 19, 16, 5, 15, 2, 19, 17, 13, 17, 18, 20, 5, 11, 18, 2, 18, 1, 12, 19, 13, 12, 6, 4, 17, 8, 16, 14, 3, 5, 2, 13, 3, 14, 1, 20, 6, 11, 15, 2, 15, 18, 11, 13, 16, 5, 20, 9, 5, 10, 5, 12, 18, 18, 5, 13, 10, 20, 13, 9, 13, 17, 8, 8, 7, 14, 7, 16, 2, 10, 10, 13, 17, 10, 15, 7, 14, 15, 14, 4, 6, 3, 8, 7, 6, 18, 8, 19, 8, 4, 15, 7, 6, 14, 2, 4, 15, 11, 7, 6, 16, 6, 7, 20, 16, 7, 2, 8, 16, 3, 8, 15, 8, 7, 18, 8, 14, 14, 4, 3, 6, 7, 14]
bestever    2301    in generation 270
[11, 16, 11, 4, 3, 9, 1, 9, 18, 1, 9, 16, 1, 9, 1, 2, 11, 3, 4, 11, 11, 3, 9, 1, 18, 16, 19, 19, 19, 10, 12, 12, 12, 10, 20, 10, 4, 2, 12, 2, 5, 4, 5, 20, 15, 6, 12, 6, 5, 10, 20, 13, 12, 17, 4, 14, 3, 15, 2, 9, 19, 3, 1, 9, 1, 17, 19, 10, 13, 20, 9, 1, 17, 19, 12, 17, 20, 11, 19, 3, 5, 15, 2, 19, 17, 13, 17, 18, 20, 5, 11, 18, 2, 18, 1, 12, 19, 13, 12, 6, 4, 17, 8, 16, 14, 3, 5, 17, 13, 16, 14, 1, 20, 6, 11, 15, 2, 15, 18, 11, 13, 16, 5, 20, 9, 5, 10, 5, 12, 18, 18, 5, 13, 10, 20, 13, 9, 13, 17, 8, 8, 7, 14, 7, 16, 2, 10, 10, 13, 17, 10, 15, 7, 14, 15, 14, 4, 6, 3, 8, 7, 6, 18, 8, 19, 8, 4, 15, 7, 6, 14, 2, 4, 15, 11, 7, 6, 16, 6, 7, 20, 16, 7, 2, 8, 16, 3, 8, 15, 8, 7, 18, 8, 14, 14, 4, 3, 6, 7, 14]
bestever    2295    in generation 283
[11, 16, 11, 4, 3, 9, 1, 9, 18, 1, 9, 9, 1, 9, 1, 2, 11, 3, 4, 11, 11, 3, 16, 1, 18, 16, 19, 19, 19, 10, 12, 12, 12, 2, 20, 10, 4, 10, 12, 2, 5, 4, 5, 20, 15, 6, 12, 6, 5, 10, 20, 13, 12, 17, 4, 14, 3, 15, 2, 9, 19, 3, 1, 9, 1, 17, 19, 10, 13, 20, 9, 1, 17, 19, 12, 17, 20, 11, 19, 3, 5, 15, 2, 19, 17, 13, 17, 18, 20, 5, 11, 18, 2, 18, 1, 12, 19, 13, 12, 6, 4, 17, 8, 16, 14, 3, 5, 17, 13, 16, 14, 1, 20, 6, 11, 15, 2, 15, 18, 11, 13, 16, 5, 20, 9, 5, 10, 5, 12, 18, 18, 5, 13, 10, 20, 13, 9, 13, 17, 8, 8, 7, 14, 7, 16, 2, 10, 10, 13, 17, 10, 15, 7, 14, 15, 14, 4, 6, 3, 8, 7, 6, 18, 8, 19, 8, 4, 15, 7, 6, 14, 2, 4, 15, 11, 7, 6, 16, 6, 7, 20, 16, 7, 2, 8, 16, 3, 8, 15, 8, 7, 18, 8, 14, 14, 4, 3, 6, 7, 14]
bestever    2293    in generation 303
[11, 16, 11, 4, 3, 9, 1, 9, 18, 1, 9, 9, 1, 9, 1, 2, 11, 3, 4, 11, 11, 3, 16, 1, 18, 16, 19, 19, 19, 10, 12, 12, 12, 2, 20, 10, 4, 10, 12, 2, 5, 4, 5, 20, 15, 6, 12, 6, 5, 10, 20, 13, 12, 17, 4, 14, 3, 15, 2, 9, 19, 3, 1, 9, 1, 17, 19, 10, 13, 20, 9, 1, 17, 19, 12, 17, 20, 11, 19, 3, 5, 15, 2, 19, 17, 13, 17, 18, 20, 5, 11, 18, 2, 18, 1, 12, 19, 13, 12, 6, 4, 17, 8, 16, 14, 3, 5, 17, 13, 16, 14, 1, 20, 6, 11, 15, 2, 15, 18, 11, 13, 16, 5, 20, 9, 5, 10, 5, 12, 18, 18, 5, 13, 10, 20, 13, 9, 13, 17, 8, 8, 7, 14, 7, 16, 2, 10, 7, 13, 17, 10, 15, 7, 14, 15, 14, 4, 6, 3, 8, 7, 6, 18, 8, 19, 8, 4, 15, 7, 6, 14, 2, 4, 15, 11, 10, 6, 16, 6, 7, 20, 16, 7, 2, 8, 16, 3, 8, 15, 8, 7, 18, 8, 14, 14, 4, 3, 6, 7, 14]
bestever    2282    in generation 325
[11, 16, 11, 4, 3, 9, 1, 9, 18, 1, 9, 9, 1, 9, 1, 2, 11, 3, 4, 11, 11, 3, 16, 1, 18, 16, 19, 19, 19, 10, 12, 12, 12, 2, 20, 10, 4, 10, 12, 2, 5, 4, 5, 20, 15, 6, 12, 6, 5, 10, 20, 13, 12, 17, 4, 14, 3, 15, 2, 9, 19, 3, 1, 9, 1, 17, 19, 10, 13, 12, 9, 1, 17, 19, 12, 17, 20, 11, 19, 3, 5, 15, 2, 19, 17, 13, 17, 18, 20, 5, 11, 18, 2, 18, 1, 12, 19, 13, 20, 6, 4, 17, 8, 16, 14, 3, 5, 17, 13, 16, 14, 1, 20, 6, 11, 15, 2, 15, 18, 11, 13, 16, 5, 20, 9, 5, 10, 5, 12, 18, 18, 5, 13, 10, 20, 13, 9, 13, 17, 8, 8, 7, 14, 7, 16, 2, 10, 7, 13, 17, 10, 15, 7, 14, 15, 14, 4, 6, 3, 8, 7, 6, 18, 8, 19, 8, 4, 15, 7, 6, 14, 2, 4, 15, 11, 10, 6, 16, 6, 7, 20, 16, 7, 2, 8, 16, 3, 8, 15, 8, 7, 18, 8, 14, 14, 4, 3, 6, 7, 14]
bestever    2281    in generation 343
[11, 16, 11, 11, 3, 9, 1, 9, 18, 1, 9, 9, 1, 9, 1, 2, 11, 3, 4, 11, 4, 3, 16, 1, 18, 16, 19, 19, 19, 10, 12, 12, 12, 2, 20, 10, 4, 10, 12, 2, 5, 4, 5, 20, 15, 6, 12, 6, 5, 10, 20, 13, 12, 17, 4, 14, 3, 15, 2, 9, 19, 3, 1, 9, 1, 17, 19, 10, 13, 12, 9, 1, 17, 19, 12, 17, 20, 11, 19, 3, 5, 15, 2, 19, 17, 13, 17, 18, 20, 5, 11, 18, 2, 18, 1, 12, 19, 13, 20, 6, 4, 17, 8, 16, 14, 3, 5, 17, 13, 16, 14, 1, 20, 6, 11, 15, 2, 15, 18, 11, 13, 16, 5, 20, 9, 5, 10, 5, 12, 18, 18, 5, 13, 10, 20, 13, 9, 13, 17, 8, 8, 7, 14, 7, 16, 2, 10, 7, 13, 17, 10, 15, 7, 14, 15, 14, 4, 6, 3, 8, 7, 6, 18, 8, 19, 8, 4, 15, 7, 6, 14, 2, 4, 15, 11, 10, 6, 16, 6, 7, 20, 16, 7, 2, 8, 16, 3, 8, 15, 8, 7, 18, 8, 14, 14, 4, 3, 6, 7, 14]
bestever    2259    in generation 360
[11, 16, 11, 11, 3, 9, 1, 9, 18, 1, 9, 9, 1, 9, 1, 2, 11, 3, 4, 11, 4, 3, 16, 1, 18, 16, 19, 19, 19, 10, 12, 12, 12, 2, 20, 10, 4, 10, 12, 2, 5, 4, 5, 10, 8, 6, 12, 6, 5, 20, 20, 13, 12, 17, 4, 14, 3, 15, 2, 9, 19, 3, 1, 9, 1, 17, 19, 10, 13, 12, 9, 1, 17, 19, 12, 17, 20, 11, 19, 3, 5, 15, 2, 19, 17, 13, 17, 18, 20, 5, 11, 18, 2, 18, 1, 12, 19, 13, 20, 6, 4, 17, 8, 16, 14, 3, 5, 17, 13, 16, 14, 1, 20, 6, 11, 15, 2, 15, 18, 11, 13, 16, 5, 20, 9, 5, 10, 5, 12, 18, 18, 5, 13, 10, 20, 13, 9, 13, 17, 8, 8, 7, 14, 7, 16, 2, 10, 7, 13, 17, 10, 15, 7, 14, 15, 14, 4, 6, 3, 8, 7, 6, 18, 15, 19, 8, 4, 15, 7, 6, 14, 2, 4, 15, 11, 10, 6, 16, 6, 7, 20, 16, 7, 2, 8, 16, 3, 8, 15, 8, 7, 18, 8, 14, 14, 4, 3, 6, 7, 14]
bestever    2247    in generation 405
[11, 16, 11, 11, 3, 9, 1, 9, 18, 1, 9, 9, 1, 9, 1, 2, 11, 3, 4, 11, 4, 3, 16, 1, 18, 16, 19, 19, 19, 10, 12, 12, 12, 2, 20, 10, 4, 10, 12, 2, 5, 4, 5, 10, 8, 6, 12, 6, 5, 20, 20, 13, 12, 17, 4, 14, 3, 15, 2, 9, 19, 3, 1, 9, 1, 17, 19, 10, 13, 12, 9, 1, 17, 19, 12, 17, 20, 11, 19, 3, 5, 15, 2, 19, 17, 13, 17, 18, 20, 5, 11, 18, 2, 18, 1, 12, 19, 13, 20, 6, 4, 17, 8, 16, 14, 3, 5, 17, 13, 16, 14, 1, 20, 6, 11, 15, 2, 15, 18, 11, 13, 16, 5, 20, 9, 5, 10, 5, 12, 18, 18, 5, 13, 10, 20, 13, 9, 13, 17, 8, 8, 7, 14, 7, 2, 10, 7, 13, 17, 10, 15, 7, 14, 15, 14, 4, 6, 8, 7, 6, 18, 15, 19, 8, 4, 15, 2, 4, 15, 11, 10, 20, 16, 6, 16, 6, 7, 16, 7, 2, 8, 16, 3, 8, 15, 8, 7, 18, 8, 14, 14, 4, 3, 6, 7, 14, 3, 6, 7, 14]
bestever    2236    in generation 418
[11, 16, 11, 11, 3, 9, 1, 9, 18, 1, 9, 9, 1, 9, 1, 2, 11, 3, 4, 11, 4, 3, 16, 1, 18, 16, 19, 19, 19, 10, 12, 12, 12, 2, 20, 10, 4, 10, 12, 2, 5, 4, 5, 10, 8, 6, 12, 6, 5, 20, 20, 13, 12, 17, 4, 14, 3, 15, 2, 9, 19, 3, 1, 9, 1, 17, 19, 10, 13, 12, 9, 1, 17, 19, 12, 17, 20, 11, 19, 3, 5, 15, 2, 19, 17, 13, 17, 18, 20, 5, 11, 18, 2, 18, 1, 12, 19, 13, 20, 6, 4, 17, 8, 16, 14, 3, 5, 17, 13, 16, 14, 1, 20, 6, 11, 15, 2, 15, 18, 11, 13, 16, 5, 20, 9, 5, 10, 5, 12, 18, 18, 5, 13, 10, 20, 13, 9, 13, 17, 8, 8, 7, 8, 7, 2, 10, 7, 13, 17, 10, 15, 7, 14, 15, 14, 4, 6, 8, 7, 6, 18, 15, 19, 8, 4, 15, 2, 4, 15, 11, 10, 20, 16, 6, 16, 6, 7, 16, 7, 2, 8, 16, 3, 14, 15, 8, 7, 18, 8, 14, 14, 4, 3, 6, 7, 14, 3, 6, 7, 14]
bestever    2232    in generation 455
[11, 16, 11, 11, 3, 9, 1, 9, 18, 1, 9, 9, 1, 9, 1, 2, 11, 3, 4, 11, 4, 3, 16, 1, 18, 16, 19, 19, 19, 10, 12, 12, 12, 2, 20, 10, 4, 10, 12, 2, 5, 4, 5, 10, 8, 6, 12, 6, 5, 20, 20, 13, 12, 17, 4, 14, 3, 15, 2, 9, 19, 3, 1, 9, 1, 17, 19, 10, 13, 12, 9, 1, 17, 19, 12, 17, 20, 11, 19, 3, 5, 15, 2, 19, 17, 13, 17, 18, 20, 5, 11, 18, 2, 18, 1, 12, 19, 13, 20, 6, 4, 17, 8, 16, 14, 3, 5, 17, 13, 16, 14, 1, 20, 6, 11, 15, 2, 15, 18, 11, 13, 16, 5, 20, 9, 5, 10, 5, 12, 18, 18, 5, 13, 10, 20, 13, 9, 13, 17, 8, 8, 7, 8, 7, 2, 10, 7, 13, 17, 10, 15, 7, 14, 15, 14, 4, 6, 8, 7, 6, 18, 15, 19, 8, 4, 15, 2, 4, 15, 11, 10, 20, 16, 6, 16, 15, 7, 16, 7, 2, 8, 16, 3, 14, 6, 8, 7, 18, 8, 14, 14, 4, 3, 6, 7, 14, 3, 6, 7, 14]
bestever    2228    in generation 463
[11, 16, 11, 11, 3, 9, 1, 9, 18, 1, 9, 9, 1, 9, 1, 2, 11, 3, 4, 11, 4, 3, 16, 1, 1, 16, 19, 19, 19, 10, 12, 12, 12, 2, 20, 10, 4, 10, 12, 2, 5, 4, 5, 10, 8, 6, 12, 6, 5, 20, 20, 13, 12, 17, 4, 14, 3, 15, 2, 9, 19, 3, 1, 9, 1, 17, 19, 10, 13, 12, 9, 18, 17, 19, 12, 17, 20, 11, 19, 3, 5, 15, 2, 19, 17, 13, 17, 18, 20, 5, 11, 18, 2, 18, 1, 12, 19, 13, 20, 6, 4, 17, 8, 16, 14, 3, 5, 17, 13, 16, 14, 1, 20, 6, 11, 15, 2, 15, 18, 11, 13, 16, 5, 20, 9, 5, 10, 5, 12, 18, 18, 5, 13, 10, 20, 13, 9, 13, 17, 8, 8, 7, 8, 7, 2, 10, 7, 13, 17, 10, 15, 7, 14, 15, 14, 4, 6, 8, 7, 6, 18, 15, 19, 8, 4, 15, 2, 4, 15, 11, 10, 20, 16, 6, 16, 15, 7, 16, 7, 2, 8, 16, 3, 14, 6, 8, 7, 18, 8, 14, 14, 4, 3, 6, 7, 14, 3, 6, 7, 14]
bestever    2156    in generation 492
[11, 16, 11, 11, 3, 9, 1, 9, 19, 1, 9, 9, 1, 9, 1, 2, 11, 3, 4, 11, 4, 3, 16, 1, 1, 16, 19, 19, 19, 10, 12, 12, 12, 2, 20, 10, 4, 10, 12, 2, 5, 4, 5, 10, 8, 6, 12, 6, 5, 20, 20, 13, 12, 17, 4, 14, 3, 15, 2, 9, 19, 3, 1, 9, 1, 17, 19, 14, 13, 12, 9, 18, 17, 18, 12, 17, 20, 11, 19, 3, 5, 15, 2, 19, 17, 13, 17, 18, 20, 5, 11, 18, 2, 18, 1, 12, 19, 13, 20, 6, 4, 17, 8, 16, 14, 3, 5, 17, 13, 16, 10, 1, 20, 6, 11, 15, 2, 15, 18, 11, 13, 16, 5, 20, 9, 5, 10, 5, 12, 18, 18, 5, 13, 10, 20, 13, 9, 13, 17, 8, 8, 7, 8, 7, 2, 10, 7, 13, 17, 10, 15, 7, 14, 15, 14, 4, 6, 8, 7, 6, 18, 15, 19, 8, 4, 15, 2, 4, 15, 11, 10, 20, 16, 6, 16, 15, 7, 16, 7, 2, 8, 16, 3, 14, 6, 8, 7, 18, 8, 14, 14, 4, 3, 6, 7, 14, 3, 6, 7, 14]
bestever    2141    in generation 499
[11, 16, 11, 11, 3, 9, 1, 9, 19, 1, 9, 9, 1, 9, 1, 2, 11, 3, 4, 11, 4, 3, 16, 1, 1, 16, 19, 19, 19, 10, 12, 12, 12, 2, 20, 10, 4, 10, 12, 2, 5, 4, 5, 10, 8, 6, 12, 6, 5, 20, 20, 13, 12, 17, 4, 14, 3, 15, 2, 9, 19, 3, 1, 9, 1, 17, 19, 14, 13, 12, 9, 18, 17, 18, 12, 17, 20, 11, 19, 3, 5, 15, 2, 19, 17, 13, 17, 18, 20, 5, 11, 18, 2, 18, 1, 12, 19, 13, 20, 6, 4, 17, 8, 16, 14, 3, 5, 17, 13, 16, 10, 1, 20, 6, 12, 15, 2, 15, 18, 11, 13, 16, 5, 20, 9, 5, 10, 5, 11, 18, 18, 5, 13, 10, 20, 13, 9, 13, 17, 8, 8, 7, 8, 7, 2, 10, 7, 13, 17, 10, 15, 7, 14, 15, 14, 4, 6, 8, 7, 6, 18, 15, 19, 8, 4, 15, 2, 4, 15, 11, 10, 20, 16, 6, 16, 15, 7, 16, 7, 2, 8, 16, 3, 14, 6, 8, 7, 18, 8, 14, 14, 4, 3, 6, 7, 14, 3, 6, 7, 14]
bestever    2124    in generation 552
[11, 16, 11, 11, 3, 9, 1, 9, 19, 1, 9, 9, 1, 9, 1, 2, 11, 3, 4, 11, 4, 3, 16, 1, 1, 16, 19, 19, 19, 10, 12, 12, 12, 2, 20, 10, 4, 10, 12, 2, 5, 4, 5, 10, 8, 6, 12, 6, 5, 20, 20, 13, 12, 17, 4, 3, 15, 2, 9, 19, 1, 9, 1, 17, 19, 13, 12, 9, 18, 17, 18, 12, 17, 20, 11, 19, 5, 15, 2, 19, 17, 13, 17, 18, 20, 5, 11, 18, 2, 18, 1, 12, 19, 13, 20, 6, 4, 17, 8, 16, 14, 3, 5, 17, 13, 16, 10, 1, 20, 12, 15, 2, 15, 18, 11, 13, 16, 5, 20, 9, 5, 10, 5, 11, 18, 18, 5, 13, 10, 20, 13, 9, 13, 17, 8, 8, 7, 8, 7, 2, 10, 13, 17, 10, 15, 14, 15, 14, 4, 8, 18, 15, 19, 4, 15, 2, 4, 15, 11, 6, 7, 3, 14, 6, 7, 10, 20, 16, 6, 16, 15, 7, 16, 7, 8, 3, 14, 6, 7, 2, 8, 16, 3, 14, 6, 8, 7, 18, 8, 14, 14, 4, 3, 6, 7, 14, 3, 6, 7, 14]
bestever    2108    in generation 571
[11, 16, 11, 11, 3, 9, 1, 9, 19, 1, 9, 9, 1, 9, 1, 2, 11, 3, 4, 11, 4, 3, 16, 1, 1, 16, 19, 19, 19, 10, 12, 12, 12, 2, 20, 20, 4, 10, 12, 2, 5, 4, 5, 10, 8, 6, 12, 6, 5, 20, 10, 13, 12, 17, 4, 3, 15, 2, 9, 19, 1, 9, 1, 17, 19, 13, 12, 9, 18, 17, 18, 12, 17, 20, 11, 19, 5, 15, 2, 19, 17, 13, 17, 18, 20, 5, 11, 18, 2, 18, 1, 12, 19, 13, 20, 6, 4, 17, 8, 16, 14, 3, 5, 17, 13, 16, 10, 1, 20, 12, 15, 2, 15, 18, 11, 13, 16, 5, 20, 9, 5, 10, 5, 11, 18, 18, 5, 13, 10, 20, 13, 9, 13, 17, 8, 8, 7, 8, 7, 2, 10, 13, 17, 10, 15, 14, 15, 14, 4, 8, 18, 15, 19, 4, 15, 2, 4, 15, 11, 6, 7, 3, 14, 6, 7, 10, 20, 16, 6, 16, 15, 7, 16, 7, 8, 3, 14, 6, 7, 2, 8, 16, 3, 14, 6, 8, 7, 18, 8, 14, 14, 4, 3, 6, 7, 14, 3, 6, 7, 14]
bestever    2104    in generation 619
[11, 16, 11, 11, 3, 9, 1, 9, 19, 1, 9, 9, 1, 9, 1, 2, 11, 3, 4, 11, 4, 3, 16, 1, 1, 16, 19, 19, 19, 10, 12, 12, 12, 2, 20, 20, 4, 10, 12, 2, 5, 4, 5, 10, 8, 6, 12, 6, 5, 20, 10, 13, 12, 17, 4, 3, 15, 2, 9, 19, 1, 9, 1, 17, 19, 13, 12, 9, 18, 17, 18, 12, 17, 20, 11, 19, 5, 15, 2, 19, 17, 13, 17, 18, 20, 5, 11, 18, 2, 18, 1, 12, 19, 13, 20, 6, 17, 17, 8, 16, 14, 3, 5, 17, 13, 16, 10, 1, 20, 12, 15, 2, 15, 18, 11, 13, 16, 5, 20, 9, 5, 10, 5, 11, 18, 18, 5, 13, 10, 20, 13, 9, 13, 17, 8, 8, 7, 8, 7, 2, 10, 13, 4, 10, 15, 14, 15, 14, 4, 8, 18, 15, 19, 4, 15, 2, 4, 15, 11, 6, 7, 18, 14, 6, 7, 10, 20, 16, 6, 16, 15, 7, 16, 7, 8, 3, 14, 6, 7, 2, 8, 16, 3, 14, 6, 8, 7, 3, 8, 14, 14, 4, 3, 6, 7, 14, 3, 6, 7, 14]
bestever    2101    in generation 632
[11, 16, 11, 11, 3, 9, 1, 9, 19, 1, 9, 9, 1, 9, 1, 2, 11, 3, 4, 11, 4, 3, 16, 1, 1, 16, 19, 19, 19, 10, 12, 12, 12, 2, 20, 20, 4, 10, 12, 2, 5, 4, 5, 10, 8, 6, 12, 6, 1, 20, 10, 13, 12, 17, 4, 3, 15, 2, 9, 19, 1, 9, 5, 17, 19, 13, 12, 9, 18, 17, 18, 12, 17, 20, 11, 19, 5, 15, 2, 19, 17, 13, 17, 18, 20, 5, 11, 18, 2, 18, 1, 12, 19, 13, 20, 6, 17, 17, 8, 16, 14, 3, 5, 17, 13, 16, 10, 1, 20, 12, 15, 2, 15, 18, 11, 13, 16, 5, 20, 9, 5, 10, 5, 11, 18, 18, 5, 13, 10, 20, 13, 9, 13, 17, 8, 8, 7, 8, 7, 2, 10, 13, 4, 10, 15, 14, 15, 14, 4, 8, 18, 15, 19, 4, 15, 2, 4, 15, 11, 6, 7, 18, 14, 6, 7, 10, 20, 16, 6, 16, 15, 7, 16, 7, 8, 3, 6, 7, 2, 8, 16, 8, 14, 14, 3, 6, 7, 3, 8, 14, 14, 4, 3, 6, 7, 14, 3, 6, 7, 14]
bestever    2098    in generation 635
[11, 16, 11, 11, 3, 9, 1, 9, 19, 1, 9, 9, 1, 9, 1, 2, 11, 3, 4, 11, 4, 3, 16, 1, 1, 16, 19, 19, 19, 10, 12, 12, 12, 2, 20, 20, 4, 10, 12, 2, 5, 4, 5, 10, 8, 6, 12, 6, 5, 20, 10, 13, 12, 17, 4, 3, 15, 2, 9, 19, 1, 9, 1, 17, 19, 13, 12, 9, 18, 17, 18, 12, 17, 20, 11, 19, 5, 15, 2, 19, 17, 13, 17, 18, 20, 5, 11, 18, 2, 18, 1, 12, 19, 13, 20, 6, 17, 17, 8, 16, 14, 3, 5, 17, 13, 16, 10, 1, 20, 12, 15, 2, 15, 18, 11, 13, 16, 5, 20, 9, 5, 10, 5, 11, 18, 18, 5, 13, 10, 20, 6, 9, 13, 17, 8, 8, 7, 8, 7, 2, 10, 13, 4, 10, 15, 14, 15, 14, 4, 8, 18, 15, 19, 4, 15, 2, 4, 15, 11, 6, 7, 18, 14, 6, 7, 10, 20, 16, 6, 16, 15, 7, 16, 7, 8, 3, 14, 6, 7, 2, 8, 16, 3, 14, 6, 8, 7, 3, 8, 14, 14, 4, 3, 13, 7, 14, 3, 6, 7, 14]
bestever    2095    in generation 641
[11, 9, 11, 11, 3, 9, 1, 9, 19, 1, 16, 9, 1, 9, 1, 2, 11, 3, 4, 11, 4, 3, 16, 1, 1, 16, 19, 19, 19, 10, 12, 12, 12, 2, 20, 20, 4, 10, 12, 2, 5, 4, 5, 10, 8, 6, 12, 6, 5, 20, 10, 13, 12, 17, 4, 3, 15, 2, 9, 19, 1, 9, 1, 17, 19, 13, 12, 9, 18, 17, 18, 12, 17, 20, 11, 19, 5, 15, 2, 19, 17, 13, 17, 18, 20, 5, 11, 18, 2, 18, 1, 12, 19, 13, 20, 6, 17, 17, 8, 16, 14, 3, 5, 17, 13, 16, 10, 1, 20, 12, 15, 2, 15, 18, 11, 13, 16, 5, 20, 9, 5, 10, 5, 11, 18, 18, 5, 13, 10, 20, 13, 9, 13, 17, 8, 8, 7, 8, 7, 2, 10, 13, 4, 10, 15, 14, 15, 14, 4, 8, 18, 15, 19, 4, 15, 2, 4, 15, 11, 6, 7, 18, 14, 6, 7, 10, 20, 16, 6, 16, 15, 7, 16, 7, 8, 3, 14, 6, 7, 2, 8, 16, 3, 14, 6, 8, 7, 3, 8, 14, 14, 4, 3, 6, 7, 14, 3, 6, 7, 14]
bestever    2089    in generation 647
[11, 9, 11, 11, 3, 9, 1, 9, 19, 1, 16, 9, 1, 9, 1, 2, 11, 3, 4, 11, 4, 3, 16, 1, 1, 16, 19, 19, 19, 10, 12, 12, 12, 2, 20, 20, 4, 10, 12, 2, 5, 4, 5, 10, 8, 6, 12, 6, 5, 20, 10, 13, 12, 17, 4, 3, 15, 2, 9, 19, 1, 9, 1, 17, 18, 13, 12, 9, 18, 17, 18, 12, 17, 20, 11, 19, 5, 15, 2, 19, 17, 13, 17, 19, 20, 5, 11, 18, 2, 18, 1, 12, 19, 13, 20, 6, 17, 17, 8, 16, 14, 3, 5, 17, 13, 16, 10, 1, 20, 12, 15, 2, 15, 18, 11, 13, 16, 5, 20, 9, 5, 10, 5, 11, 18, 18, 5, 13, 10, 20, 13, 9, 13, 17, 8, 8, 7, 8, 7, 2, 10, 13, 4, 10, 15, 14, 15, 14, 4, 8, 18, 15, 19, 4, 15, 2, 4, 15, 11, 6, 7, 18, 14, 6, 7, 10, 20, 16, 6, 16, 15, 7, 16, 7, 8, 3, 14, 6, 7, 2, 8, 16, 3, 14, 6, 8, 7, 3, 8, 14, 14, 4, 3, 6, 7, 14, 3, 6, 7, 14]
bestever    2086    in generation 648
[11, 9, 11, 11, 3, 9, 1, 9, 19, 1, 16, 9, 1, 9, 1, 2, 11, 3, 4, 11, 4, 3, 16, 1, 1, 16, 19, 19, 19, 10, 12, 12, 12, 2, 20, 20, 4, 10, 12, 2, 5, 4, 5, 10, 8, 6, 12, 6, 5, 20, 10, 13, 12, 17, 4, 3, 15, 2, 9, 19, 1, 9, 1, 17, 19, 13, 12, 9, 18, 17, 18, 12, 17, 20, 11, 19, 5, 15, 2, 19, 17, 13, 17, 18, 20, 5, 11, 18, 2, 18, 1, 12, 19, 13, 20, 6, 17, 17, 8, 16, 14, 3, 5, 17, 13, 16, 10, 1, 20, 12, 15, 2, 15, 18, 11, 13, 16, 5, 20, 9, 5, 10, 5, 11, 18, 18, 5, 13, 10, 20, 13, 9, 13, 17, 8, 8, 7, 8, 7, 2, 10, 13, 4, 10, 15, 14, 15, 14, 4, 8, 3, 15, 19, 4, 15, 2, 4, 15, 11, 6, 7, 18, 14, 6, 7, 10, 20, 16, 6, 16, 15, 7, 16, 7, 8, 3, 14, 6, 7, 2, 8, 16, 3, 14, 6, 8, 7, 3, 8, 14, 14, 4, 3, 6, 7, 14, 18, 6, 7, 14]
bestever    2085    in generation 696
[11, 9, 11, 11, 3, 9, 9, 1, 19, 1, 16, 9, 1, 9, 1, 2, 11, 3, 4, 11, 4, 3, 16, 1, 1, 16, 19, 19, 19, 10, 12, 12, 12, 2, 20, 20, 4, 10, 12, 2, 5, 9, 5, 10, 8, 6, 12, 6, 5, 20, 10, 13, 12, 17, 4, 3, 15, 2, 9, 19, 1, 9, 4, 17, 19, 13, 12, 9, 18, 17, 18, 12, 17, 20, 11, 19, 5, 15, 2, 19, 17, 13, 17, 18, 20, 5, 11, 18, 2, 18, 1, 12, 19, 13, 20, 6, 17, 17, 8, 16, 14, 3, 5, 17, 13, 16, 10, 1, 20, 12, 15, 2, 15, 18, 11, 13, 16, 5, 20, 1, 5, 10, 5, 11, 18, 18, 5, 13, 10, 20, 13, 9, 13, 17, 8, 4, 7, 8, 7, 2, 10, 13, 4, 10, 15, 14, 15, 14, 8, 8, 3, 15, 19, 4, 15, 2, 4, 15, 11, 6, 7, 18, 14, 6, 7, 10, 20, 16, 6, 16, 15, 7, 16, 7, 8, 3, 14, 6, 7, 2, 8, 16, 3, 14, 6, 8, 7, 3, 8, 14, 14, 4, 3, 6, 7, 14, 18, 6, 7, 14]
bestever    2079    in generation 723
[11, 9, 11, 11, 3, 9, 9, 1, 19, 1, 16, 9, 1, 9, 1, 2, 11, 3, 4, 11, 4, 3, 16, 1, 1, 16, 19, 19, 19, 10, 12, 12, 12, 2, 20, 20, 4, 10, 12, 2, 5, 9, 5, 10, 1, 6, 12, 6, 5, 20, 10, 13, 12, 17, 4, 3, 15, 2, 9, 19, 8, 9, 4, 17, 19, 13, 12, 9, 18, 17, 18, 12, 17, 20, 11, 19, 5, 15, 2, 19, 17, 13, 17, 18, 20, 5, 11, 18, 2, 18, 1, 12, 19, 13, 20, 6, 17, 17, 8, 16, 14, 3, 5, 17, 13, 16, 10, 1, 20, 12, 15, 2, 15, 18, 11, 13, 16, 5, 20, 1, 5, 10, 5, 11, 18, 18, 5, 13, 10, 20, 13, 9, 13, 17, 8, 4, 7, 8, 7, 2, 10, 13, 4, 10, 15, 14, 15, 8, 8, 3, 15, 19, 4, 15, 2, 4, 15, 11, 6, 7, 18, 6, 10, 20, 16, 16, 15, 7, 7, 14, 14, 6, 16, 7, 8, 3, 14, 6, 7, 2, 8, 16, 3, 14, 6, 8, 7, 3, 8, 14, 14, 4, 3, 6, 7, 14, 18, 6, 7, 14]
bestever    2060    in generation 740
[11, 9, 11, 11, 3, 9, 9, 1, 19, 1, 16, 9, 1, 9, 1, 2, 11, 3, 4, 11, 4, 3, 16, 1, 1, 16, 19, 19, 19, 10, 12, 12, 12, 2, 20, 20, 4, 10, 12, 2, 5, 9, 5, 10, 1, 6, 12, 6, 5, 20, 10, 13, 12, 17, 4, 3, 15, 2, 9, 19, 20, 9, 4, 17, 19, 13, 12, 9, 18, 17, 18, 12, 17, 20, 11, 19, 5, 15, 2, 19, 17, 13, 17, 18, 8, 5, 11, 18, 2, 18, 1, 12, 19, 13, 20, 6, 17, 17, 8, 16, 14, 3, 5, 17, 13, 16, 10, 1, 20, 12, 15, 2, 15, 18, 11, 13, 16, 5, 20, 1, 5, 10, 5, 11, 18, 18, 5, 13, 10, 20, 13, 9, 13, 17, 8, 4, 7, 8, 7, 2, 10, 13, 4, 10, 15, 14, 15, 8, 8, 3, 15, 19, 4, 15, 2, 4, 15, 11, 6, 7, 18, 6, 10, 20, 16, 16, 15, 7, 7, 14, 14, 6, 16, 7, 8, 3, 14, 6, 7, 2, 8, 16, 3, 14, 6, 8, 7, 3, 8, 14, 14, 4, 3, 6, 7, 14, 18, 6, 7, 14]
bestever    2057    in generation 756
[11, 9, 11, 11, 3, 9, 9, 1, 19, 1, 16, 9, 1, 9, 1, 2, 11, 3, 4, 11, 4, 3, 16, 1, 1, 16, 19, 19, 19, 10, 12, 12, 12, 2, 20, 20, 4, 10, 12, 2, 5, 9, 5, 10, 1, 11, 12, 6, 5, 20, 10, 13, 12, 17, 4, 3, 15, 2, 9, 19, 20, 9, 4, 17, 19, 13, 12, 9, 18, 17, 18, 12, 17, 20, 11, 19, 5, 15, 2, 19, 17, 13, 17, 18, 8, 5, 11, 18, 2, 18, 1, 12, 19, 13, 20, 6, 17, 17, 8, 16, 14, 3, 5, 17, 13, 16, 10, 1, 20, 12, 15, 2, 15, 18, 11, 13, 16, 5, 20, 1, 5, 10, 5, 6, 18, 18, 5, 13, 10, 20, 13, 9, 13, 17, 8, 4, 7, 8, 7, 2, 10, 13, 4, 10, 15, 14, 15, 8, 8, 3, 15, 19, 4, 15, 2, 4, 15, 11, 6, 7, 18, 6, 10, 20, 16, 16, 15, 7, 7, 14, 14, 6, 16, 7, 8, 3, 14, 6, 7, 2, 8, 16, 3, 14, 6, 8, 7, 3, 8, 14, 14, 4, 3, 6, 7, 14, 18, 6, 7, 14]
bestever    2056    in generation 775
[11, 9, 11, 11, 3, 9, 9, 1, 19, 1, 16, 9, 1, 9, 1, 2, 11, 3, 4, 11, 4, 3, 16, 1, 1, 16, 19, 19, 19, 10, 12, 12, 12, 2, 20, 20, 4, 10, 12, 2, 5, 9, 5, 10, 1, 11, 12, 2, 5, 20, 10, 13, 12, 17, 4, 3, 15, 2, 9, 19, 20, 9, 4, 17, 19, 13, 12, 9, 18, 17, 18, 12, 17, 20, 11, 19, 5, 15, 2, 19, 17, 13, 17, 18, 8, 5, 11, 18, 6, 18, 1, 12, 19, 13, 20, 6, 17, 17, 8, 16, 14, 3, 5, 17, 13, 16, 10, 1, 20, 12, 15, 2, 15, 18, 11, 13, 16, 5, 20, 1, 5, 10, 5, 6, 18, 18, 5, 13, 10, 20, 13, 9, 13, 17, 8, 4, 7, 8, 7, 2, 10, 13, 4, 10, 15, 14, 15, 8, 8, 3, 15, 19, 4, 15, 2, 4, 15, 11, 6, 7, 18, 6, 10, 20, 16, 16, 15, 7, 7, 14, 14, 6, 16, 7, 8, 3, 14, 6, 7, 2, 8, 16, 3, 14, 6, 8, 7, 3, 8, 14, 14, 4, 3, 6, 7, 14, 18, 6, 7, 14]
bestever    2055    in generation 792
[11, 9, 11, 11, 3, 9, 9, 1, 19, 1, 16, 9, 1, 9, 1, 2, 11, 3, 4, 11, 4, 3, 16, 1, 1, 16, 19, 19, 19, 10, 12, 12, 12, 2, 20, 20, 4, 10, 12, 2, 5, 9, 5, 10, 1, 11, 12, 6, 5, 20, 10, 13, 12, 17, 4, 3, 15, 2, 9, 19, 20, 9, 4, 17, 19, 13, 12, 9, 18, 17, 18, 12, 17, 20, 11, 19, 5, 15, 2, 19, 17, 13, 17, 18, 8, 5, 11, 18, 2, 18, 1, 12, 19, 13, 20, 6, 17, 17, 8, 16, 14, 3, 5, 17, 13, 16, 2, 1, 20, 12, 15, 2, 15, 18, 11, 13, 16, 5, 20, 1, 5, 10, 5, 6, 18, 18, 5, 13, 10, 20, 13, 9, 13, 17, 8, 4, 7, 8, 7, 2, 10, 13, 4, 10, 15, 14, 15, 8, 8, 15, 19, 4, 15, 10, 4, 15, 11, 6, 7, 18, 10, 20, 16, 16, 15, 16, 6, 7, 6, 7, 3, 14, 14, 7, 8, 3, 14, 6, 7, 2, 8, 16, 3, 14, 6, 8, 7, 3, 8, 14, 14, 4, 3, 6, 7, 14, 18, 6, 7, 14]
bestever    2048    in generation 821
[11, 9, 11, 11, 3, 9, 9, 1, 19, 1, 16, 9, 1, 9, 1, 2, 11, 3, 4, 11, 4, 3, 16, 1, 1, 16, 19, 19, 19, 10, 12, 12, 12, 2, 20, 20, 4, 10, 12, 2, 5, 9, 5, 10, 1, 11, 12, 6, 5, 20, 10, 13, 12, 17, 4, 3, 15, 2, 9, 19, 20, 9, 4, 17, 19, 13, 12, 9, 18, 17, 18, 12, 17, 20, 11, 19, 5, 15, 2, 19, 17, 13, 17, 18, 8, 5, 11, 18, 2, 18, 1, 12, 19, 13, 20, 6, 17, 17, 8, 16, 14, 3, 5, 17, 13, 16, 2, 1, 20, 12, 15, 2, 15, 18, 11, 13, 16, 5, 20, 1, 5, 10, 10, 6, 18, 18, 5, 13, 10, 20, 13, 9, 13, 17, 8, 4, 7, 8, 7, 2, 5, 13, 4, 10, 15, 14, 15, 8, 8, 15, 19, 4, 15, 10, 4, 15, 11, 6, 7, 18, 10, 20, 16, 16, 15, 16, 6, 7, 6, 7, 3, 14, 14, 7, 8, 3, 14, 6, 7, 2, 8, 16, 3, 14, 6, 8, 7, 3, 8, 14, 14, 4, 3, 6, 7, 14, 18, 6, 7, 14]
bestever    2036    in generation 851
[11, 9, 11, 11, 3, 9, 9, 1, 19, 1, 16, 9, 1, 9, 1, 2, 11, 3, 4, 11, 4, 3, 16, 1, 1, 16, 19, 19, 19, 10, 12, 12, 12, 2, 20, 20, 4, 10, 12, 2, 5, 9, 5, 10, 1, 11, 12, 6, 5, 20, 10, 13, 12, 17, 4, 3, 15, 2, 9, 19, 20, 9, 4, 17, 19, 13, 12, 9, 18, 17, 18, 12, 17, 20, 11, 19, 5, 15, 2, 19, 17, 13, 17, 18, 8, 5, 11, 18, 2, 18, 1, 12, 19, 13, 20, 6, 17, 17, 8, 16, 14, 3, 5, 17, 13, 16, 2, 1, 20, 12, 15, 2, 15, 18, 11, 13, 16, 5, 20, 1, 5, 10, 10, 6, 18, 18, 5, 13, 10, 20, 13, 9, 6, 17, 8, 4, 7, 8, 7, 2, 5, 13, 4, 10, 15, 14, 15, 8, 8, 15, 19, 4, 15, 10, 4, 15, 11, 6, 7, 18, 10, 20, 16, 16, 15, 16, 6, 7, 6, 7, 3, 14, 14, 7, 8, 3, 14, 13, 7, 2, 8, 16, 3, 14, 6, 8, 7, 3, 8, 14, 14, 4, 3, 6, 7, 14, 18, 6, 7, 14]
bestever    2032    in generation 857
[11, 9, 11, 11, 3, 9, 9, 1, 19, 1, 16, 9, 1, 9, 1, 2, 11, 3, 4, 11, 4, 3, 16, 1, 1, 16, 19, 19, 19, 10, 12, 12, 12, 2, 20, 20, 4, 10, 12, 2, 5, 9, 5, 10, 1, 11, 12, 6, 5, 20, 10, 13, 12, 17, 4, 3, 15, 2, 9, 19, 20, 9, 4, 17, 19, 13, 12, 9, 18, 17, 18, 12, 17, 20, 11, 19, 5, 15, 2, 19, 17, 13, 17, 18, 8, 5, 11, 18, 2, 18, 1, 12, 19, 13, 20, 6, 17, 6, 8, 16, 14, 3, 5, 17, 13, 16, 2, 1, 20, 12, 15, 2, 15, 18, 11, 13, 16, 5, 20, 1, 5, 10, 10, 6, 18, 18, 5, 13, 10, 20, 13, 9, 6, 17, 8, 4, 7, 8, 7, 2, 5, 13, 4, 10, 15, 14, 15, 8, 8, 15, 19, 4, 15, 10, 4, 15, 11, 6, 7, 18, 10, 20, 16, 16, 15, 16, 6, 7, 6, 7, 3, 14, 14, 7, 8, 3, 14, 13, 7, 2, 8, 16, 3, 14, 17, 8, 7, 3, 8, 14, 14, 4, 3, 6, 7, 14, 18, 6, 7, 14]
bestever    2028    in generation 875
[11, 9, 11, 11, 3, 9, 9, 1, 19, 1, 16, 9, 1, 9, 1, 2, 11, 3, 4, 11, 4, 3, 16, 1, 3, 16, 19, 19, 19, 10, 12, 12, 12, 2, 20, 20, 4, 10, 12, 2, 15, 9, 5, 10, 1, 11, 12, 6, 5, 20, 10, 13, 12, 17, 4, 1, 5, 2, 9, 19, 20, 9, 4, 17, 19, 13, 12, 9, 18, 17, 18, 12, 17, 20, 11, 19, 5, 15, 2, 19, 17, 13, 17, 18, 8, 5, 11, 18, 2, 18, 1, 12, 19, 13, 20, 6, 17, 17, 8, 16, 14, 3, 5, 17, 13, 16, 2, 1, 20, 12, 15, 2, 15, 18, 11, 13, 16, 5, 20, 1, 5, 10, 10, 6, 18, 18, 5, 13, 10, 20, 13, 9, 6, 17, 8, 4, 7, 8, 7, 2, 5, 13, 4, 10, 15, 14, 15, 8, 8, 15, 19, 4, 15, 10, 4, 15, 11, 6, 7, 18, 10, 20, 16, 16, 15, 16, 6, 7, 6, 7, 3, 14, 14, 7, 8, 3, 14, 13, 7, 2, 8, 16, 3, 14, 6, 8, 7, 3, 8, 14, 14, 4, 3, 6, 7, 14, 18, 6, 7, 14]
bestever    2027    in generation 883
[11, 9, 11, 11, 3, 9, 9, 1, 19, 1, 16, 9, 1, 9, 1, 2, 11, 3, 4, 11, 4, 3, 16, 1, 3, 16, 19, 19, 19, 10, 12, 12, 12, 2, 20, 20, 4, 10, 12, 2, 9, 9, 5, 10, 1, 11, 12, 6, 5, 20, 10, 13, 12, 17, 4, 1, 15, 2, 9, 19, 20, 5, 4, 17, 19, 13, 12, 9, 18, 17, 18, 12, 17, 20, 11, 19, 5, 15, 2, 19, 17, 13, 17, 18, 8, 5, 11, 18, 2, 18, 1, 12, 19, 13, 20, 6, 17, 17, 8, 16, 14, 3, 5, 17, 13, 16, 2, 1, 20, 12, 15, 2, 15, 18, 11, 13, 16, 5, 20, 1, 5, 10, 10, 6, 18, 18, 5, 13, 10, 20, 13, 9, 6, 17, 8, 4, 7, 8, 7, 2, 5, 13, 4, 10, 15, 14, 15, 8, 8, 15, 19, 4, 15, 10, 4, 15, 11, 6, 7, 18, 10, 20, 16, 16, 15, 16, 6, 7, 6, 7, 3, 14, 14, 7, 8, 3, 14, 13, 7, 2, 8, 16, 3, 14, 6, 8, 7, 3, 8, 14, 14, 4, 3, 6, 7, 14, 18, 6, 7, 14]
bestever    1996    in generation 906
[11, 9, 11, 11, 1, 9, 9, 3, 19, 1, 16, 9, 1, 9, 1, 2, 11, 3, 4, 11, 4, 3, 16, 1, 3, 16, 19, 19, 19, 10, 12, 12, 12, 2, 20, 20, 4, 10, 12, 2, 5, 9, 5, 10, 1, 11, 12, 6, 5, 20, 10, 13, 12, 17, 4, 1, 15, 2, 9, 19, 20, 9, 4, 17, 19, 13, 12, 9, 18, 17, 18, 12, 17, 20, 11, 19, 5, 15, 2, 19, 17, 13, 17, 18, 8, 5, 11, 18, 2, 18, 1, 12, 19, 13, 20, 6, 17, 17, 8, 16, 14, 3, 5, 17, 13, 16, 2, 1, 20, 12, 15, 2, 15, 18, 11, 13, 16, 5, 20, 1, 5, 10, 10, 6, 18, 18, 5, 13, 10, 20, 13, 9, 6, 17, 8, 4, 7, 8, 7, 2, 5, 13, 4, 10, 15, 14, 15, 8, 8, 15, 19, 4, 15, 10, 4, 15, 11, 6, 7, 18, 10, 20, 16, 16, 15, 16, 6, 7, 6, 7, 3, 14, 14, 7, 8, 3, 14, 13, 7, 2, 8, 16, 3, 14, 6, 8, 7, 3, 8, 14, 14, 4, 3, 6, 7, 14, 18, 6, 7, 14]
bestever    1974    in generation 919
[11, 9, 11, 11, 1, 9, 9, 3, 19, 1, 16, 9, 1, 9, 1, 2, 11, 3, 12, 11, 4, 3, 16, 1, 3, 16, 19, 19, 19, 10, 12, 12, 12, 2, 20, 20, 4, 10, 4, 2, 5, 9, 5, 10, 1, 11, 12, 6, 5, 20, 10, 13, 12, 17, 4, 1, 15, 2, 9, 19, 20, 9, 4, 17, 19, 13, 12, 9, 18, 17, 18, 12, 17, 20, 11, 19, 5, 15, 2, 19, 17, 13, 17, 18, 8, 5, 11, 18, 2, 18, 1, 12, 19, 13, 20, 6, 17, 17, 8, 16, 14, 3, 5, 17, 13, 16, 2, 1, 20, 12, 15, 2, 15, 18, 11, 13, 16, 5, 20, 1, 5, 10, 10, 6, 18, 18, 5, 13, 10, 20, 13, 9, 6, 17, 8, 4, 7, 8, 7, 2, 5, 13, 4, 10, 15, 14, 15, 8, 8, 15, 19, 4, 15, 10, 4, 15, 11, 6, 7, 18, 10, 20, 16, 16, 15, 16, 6, 7, 6, 7, 3, 14, 14, 7, 8, 3, 14, 13, 7, 2, 8, 16, 3, 14, 6, 8, 7, 3, 8, 14, 14, 4, 3, 6, 7, 14, 18, 6, 7, 14]
bestever    1965    in generation 1020
[11, 9, 11, 11, 1, 9, 9, 3, 19, 1, 16, 9, 1, 9, 1, 2, 11, 3, 12, 11, 4, 3, 16, 1, 3, 16, 19, 19, 19, 10, 12, 12, 12, 2, 20, 20, 4, 10, 4, 2, 5, 9, 5, 10, 1, 11, 12, 6, 1, 20, 10, 13, 12, 17, 4, 5, 15, 2, 9, 19, 20, 9, 4, 17, 19, 13, 12, 9, 18, 17, 18, 12, 17, 20, 11, 19, 5, 15, 2, 19, 17, 13, 17, 18, 8, 5, 11, 18, 2, 18, 1, 12, 19, 13, 20, 6, 17, 17, 8, 16, 14, 3, 5, 17, 13, 16, 2, 1, 20, 12, 15, 2, 15, 18, 11, 13, 16, 5, 20, 1, 5, 10, 10, 6, 18, 18, 5, 13, 10, 20, 13, 9, 15, 17, 8, 4, 7, 8, 7, 2, 5, 13, 4, 10, 15, 15, 8, 8, 6, 19, 4, 15, 10, 4, 15, 11, 6, 7, 18, 10, 20, 16, 14, 16, 15, 16, 6, 7, 6, 7, 3, 14, 14, 7, 8, 3, 14, 13, 7, 2, 8, 16, 3, 14, 6, 8, 7, 3, 8, 14, 14, 4, 3, 6, 7, 14, 18, 6, 7, 14]
bestever    1952    in generation 1133
[11, 9, 11, 11, 1, 9, 9, 3, 19, 1, 16, 9, 1, 9, 1, 2, 11, 3, 12, 11, 4, 3, 16, 1, 3, 16, 19, 19, 19, 10, 12, 12, 12, 2, 20, 20, 4, 10, 4, 2, 4, 9, 5, 10, 1, 11, 12, 7, 5, 20, 10, 13, 12, 17, 5, 1, 15, 2, 9, 19, 20, 9, 4, 17, 19, 13, 12, 9, 18, 17, 18, 12, 17, 20, 11, 19, 5, 15, 2, 19, 17, 13, 17, 18, 8, 5, 11, 18, 2, 18, 1, 12, 19, 13, 20, 6, 17, 17, 8, 16, 14, 3, 5, 17, 13, 16, 2, 1, 20, 12, 15, 2, 15, 18, 11, 13, 16, 5, 20, 1, 5, 10, 10, 6, 18, 18, 5, 13, 10, 20, 13, 9, 15, 17, 8, 4, 7, 8, 6, 2, 5, 13, 4, 10, 15, 15, 8, 8, 6, 19, 4, 15, 10, 4, 15, 11, 6, 7, 18, 10, 20, 16, 14, 16, 15, 16, 6, 7, 6, 7, 3, 14, 14, 7, 8, 3, 14, 13, 7, 2, 8, 16, 3, 14, 6, 8, 7, 3, 8, 14, 14, 4, 3, 6, 7, 14, 18, 6, 7, 14]
bestever    1943    in generation 1139
[11, 9, 11, 11, 1, 11, 9, 3, 19, 1, 16, 9, 1, 9, 1, 2, 11, 3, 12, 11, 4, 3, 16, 1, 3, 16, 19, 19, 19, 10, 12, 12, 12, 2, 20, 20, 4, 10, 4, 2, 4, 9, 5, 10, 1, 9, 12, 6, 5, 20, 10, 13, 12, 17, 5, 1, 15, 2, 9, 19, 20, 9, 4, 17, 19, 13, 12, 9, 18, 17, 18, 12, 17, 20, 18, 19, 5, 15, 2, 19, 17, 13, 17, 18, 8, 5, 11, 11, 2, 18, 1, 12, 19, 13, 20, 6, 17, 17, 8, 16, 14, 3, 5, 17, 13, 16, 2, 1, 20, 12, 15, 2, 15, 18, 11, 13, 16, 5, 20, 1, 5, 10, 10, 6, 18, 18, 5, 13, 10, 20, 13, 9, 15, 17, 8, 4, 7, 8, 7, 2, 5, 13, 4, 10, 15, 15, 8, 8, 6, 19, 4, 15, 10, 4, 15, 11, 6, 7, 18, 10, 20, 16, 14, 16, 15, 16, 6, 7, 6, 7, 3, 14, 14, 7, 8, 3, 14, 13, 7, 2, 8, 16, 3, 14, 6, 8, 7, 3, 8, 14, 14, 4, 3, 6, 7, 14, 18, 6, 7, 14]
bestever    1935    in generation 1167
[11, 9, 11, 11, 1, 11, 9, 3, 19, 1, 16, 9, 1, 9, 1, 2, 20, 3, 12, 11, 4, 3, 16, 1, 3, 16, 19, 19, 19, 10, 12, 12, 12, 2, 20, 20, 4, 10, 4, 2, 4, 9, 5, 10, 1, 9, 12, 6, 5, 11, 10, 13, 12, 17, 5, 1, 15, 2, 9, 19, 20, 9, 4, 17, 19, 13, 12, 9, 18, 17, 18, 12, 17, 20, 18, 19, 5, 15, 2, 19, 17, 13, 17, 18, 8, 5, 11, 11, 2, 18, 1, 12, 19, 13, 20, 6, 17, 17, 8, 16, 14, 3, 5, 17, 13, 16, 2, 1, 20, 12, 15, 2, 15, 18, 11, 13, 16, 5, 20, 1, 5, 10, 10, 6, 18, 18, 5, 13, 10, 20, 13, 9, 15, 17, 8, 4, 7, 8, 7, 2, 5, 13, 4, 10, 15, 15, 8, 8, 6, 19, 4, 15, 10, 4, 15, 11, 6, 7, 18, 10, 20, 16, 14, 16, 15, 16, 6, 7, 6, 7, 3, 14, 14, 7, 8, 3, 14, 13, 7, 2, 8, 16, 3, 14, 6, 8, 7, 3, 8, 14, 14, 4, 3, 6, 7, 14, 18, 6, 7, 14]
bestever    1933    in generation 1290
[11, 9, 11, 11, 1, 11, 9, 3, 19, 1, 16, 9, 1, 9, 1, 2, 20, 3, 12, 11, 4, 3, 16, 1, 3, 16, 19, 19, 19, 10, 12, 12, 12, 2, 20, 20, 4, 10, 4, 2, 4, 9, 5, 10, 1, 9, 12, 6, 5, 11, 10, 13, 12, 17, 5, 1, 15, 2, 9, 19, 20, 9, 4, 17, 19, 13, 12, 20, 18, 17, 18, 12, 17, 20, 18, 19, 5, 15, 2, 19, 17, 13, 17, 18, 8, 5, 11, 11, 2, 18, 1, 12, 19, 13, 9, 6, 17, 17, 8, 16, 14, 3, 5, 17, 13, 16, 2, 1, 20, 12, 15, 2, 15, 18, 5, 13, 16, 11, 20, 1, 5, 10, 10, 6, 18, 18, 5, 13, 10, 20, 13, 9, 15, 17, 8, 4, 7, 8, 7, 2, 5, 13, 4, 10, 15, 15, 8, 8, 6, 19, 4, 15, 10, 4, 15, 11, 6, 7, 18, 10, 20, 16, 14, 16, 15, 16, 6, 2, 6, 7, 3, 14, 14, 7, 8, 3, 14, 13, 7, 7, 8, 16, 3, 14, 6, 8, 7, 3, 8, 14, 14, 4, 3, 6, 7, 14, 18, 6, 7, 14]
bestever    1932    in generation 1336
[11, 9, 11, 11, 1, 11, 9, 3, 19, 1, 16, 9, 1, 9, 1, 2, 20, 3, 12, 11, 4, 3, 16, 1, 9, 16, 19, 19, 19, 10, 12, 12, 12, 2, 20, 20, 4, 10, 4, 2, 4, 9, 5, 10, 1, 9, 12, 6, 5, 11, 10, 13, 12, 17, 5, 1, 15, 2, 9, 19, 20, 9, 4, 17, 19, 13, 12, 20, 18, 17, 18, 12, 17, 20, 18, 19, 5, 15, 2, 19, 17, 13, 17, 18, 8, 5, 11, 11, 2, 18, 1, 12, 19, 13, 9, 6, 17, 17, 8, 16, 14, 3, 5, 17, 13, 16, 2, 1, 20, 12, 15, 2, 15, 18, 5, 13, 16, 11, 20, 1, 5, 10, 10, 6, 18, 18, 5, 13, 10, 20, 13, 3, 15, 17, 8, 4, 7, 8, 7, 2, 5, 13, 4, 10, 15, 15, 8, 8, 6, 19, 4, 15, 10, 4, 15, 11, 6, 7, 18, 10, 20, 16, 14, 16, 15, 16, 6, 2, 6, 7, 3, 14, 14, 7, 8, 3, 14, 13, 7, 7, 8, 16, 3, 14, 6, 8, 7, 3, 8, 14, 14, 4, 3, 6, 7, 14, 18, 6, 7, 14]
bestever    1929    in generation 1340
[11, 9, 11, 11, 1, 11, 9, 3, 19, 1, 16, 9, 1, 9, 1, 2, 20, 3, 12, 11, 4, 3, 16, 1, 9, 16, 19, 19, 19, 10, 12, 12, 12, 2, 20, 20, 4, 10, 4, 2, 4, 9, 5, 10, 1, 9, 12, 6, 5, 11, 10, 13, 12, 17, 5, 1, 15, 2, 9, 19, 20, 9, 4, 17, 19, 13, 12, 20, 18, 17, 18, 12, 8, 20, 18, 19, 5, 15, 2, 19, 17, 13, 17, 18, 8, 5, 11, 11, 2, 18, 1, 12, 19, 13, 9, 6, 17, 17, 8, 16, 14, 3, 5, 17, 13, 16, 2, 1, 20, 12, 15, 2, 15, 18, 5, 13, 16, 11, 20, 1, 5, 10, 10, 6, 18, 18, 5, 13, 10, 20, 13, 3, 15, 17, 8, 4, 7, 8, 7, 2, 5, 13, 4, 10, 15, 15, 8, 17, 6, 19, 4, 15, 10, 4, 15, 11, 6, 7, 18, 10, 20, 16, 14, 16, 15, 16, 6, 2, 6, 7, 3, 14, 14, 7, 8, 3, 14, 13, 7, 7, 8, 16, 3, 14, 6, 8, 7, 3, 8, 14, 14, 4, 3, 6, 7, 14, 18, 6, 7, 14]
bestever    1928    in generation 1392
[11, 9, 11, 11, 1, 11, 9, 3, 19, 1, 16, 9, 1, 9, 1, 2, 20, 3, 12, 11, 4, 3, 16, 1, 9, 16, 19, 19, 19, 10, 12, 12, 12, 2, 20, 20, 4, 10, 4, 2, 4, 9, 5, 10, 1, 9, 12, 6, 5, 11, 10, 13, 12, 17, 5, 1, 15, 2, 9, 19, 20, 9, 4, 17, 19, 13, 12, 20, 18, 17, 18, 12, 17, 20, 18, 19, 5, 15, 2, 19, 17, 13, 17, 18, 8, 5, 11, 11, 2, 18, 1, 12, 19, 13, 9, 6, 17, 8, 8, 16, 14, 3, 5, 17, 13, 16, 2, 1, 20, 12, 15, 2, 15, 18, 5, 13, 16, 11, 20, 1, 5, 10, 10, 6, 18, 18, 5, 13, 10, 20, 13, 3, 15, 17, 8, 4, 7, 8, 7, 2, 5, 13, 4, 10, 15, 15, 8, 17, 6, 19, 4, 15, 10, 4, 15, 11, 6, 7, 18, 10, 20, 16, 14, 16, 15, 16, 6, 2, 6, 7, 3, 14, 14, 7, 8, 3, 14, 13, 7, 7, 8, 16, 3, 14, 6, 8, 7, 3, 8, 14, 14, 4, 3, 6, 7, 14, 18, 6, 7, 14]
bestever    1926    in generation 1401
[11, 9, 11, 11, 1, 11, 9, 3, 19, 1, 16, 9, 1, 9, 1, 2, 20, 3, 12, 11, 4, 3, 16, 1, 9, 16, 19, 19, 19, 10, 12, 12, 12, 2, 20, 20, 4, 10, 4, 2, 4, 9, 5, 10, 1, 9, 19, 6, 5, 11, 10, 13, 12, 17, 5, 1, 15, 2, 9, 19, 20, 9, 4, 17, 19, 13, 12, 20, 18, 17, 18, 12, 17, 20, 18, 19, 5, 15, 2, 12, 17, 13, 17, 18, 8, 5, 11, 11, 2, 18, 1, 12, 19, 13, 9, 6, 17, 8, 8, 16, 14, 3, 5, 17, 13, 16, 2, 1, 20, 12, 15, 2, 15, 18, 5, 13, 16, 11, 20, 1, 5, 10, 10, 6, 18, 18, 5, 13, 10, 20, 13, 3, 15, 17, 8, 4, 7, 8, 7, 2, 5, 13, 4, 10, 15, 15, 8, 17, 6, 19, 4, 15, 10, 4, 15, 11, 6, 7, 18, 10, 20, 16, 14, 16, 15, 16, 6, 2, 6, 7, 3, 14, 14, 7, 8, 3, 14, 13, 7, 7, 8, 16, 3, 14, 6, 8, 7, 3, 8, 14, 14, 4, 3, 6, 7, 14, 18, 6, 7, 14]
bestever    1901    in generation 1440
[11, 9, 11, 11, 1, 11, 9, 3, 19, 1, 16, 9, 1, 9, 1, 2, 20, 3, 12, 11, 4, 3, 16, 1, 9, 16, 19, 19, 19, 10, 12, 12, 12, 2, 20, 20, 4, 10, 4, 2, 4, 9, 5, 10, 1, 9, 19, 7, 5, 11, 10, 13, 12, 17, 5, 1, 15, 2, 9, 19, 20, 9, 4, 17, 19, 13, 12, 20, 18, 17, 18, 12, 17, 20, 18, 19, 5, 15, 2, 12, 17, 13, 17, 18, 8, 5, 11, 11, 2, 18, 1, 12, 19, 13, 9, 6, 17, 8, 8, 16, 14, 3, 5, 17, 13, 16, 2, 1, 20, 12, 15, 2, 15, 18, 5, 13, 16, 11, 20, 1, 5, 10, 10, 6, 18, 18, 5, 13, 10, 20, 13, 3, 15, 17, 8, 4, 7, 8, 7, 2, 5, 13, 4, 10, 15, 15, 8, 17, 6, 19, 4, 15, 10, 4, 15, 11, 6, 7, 18, 10, 20, 16, 14, 16, 15, 16, 6, 2, 6, 6, 3, 14, 14, 7, 8, 3, 14, 13, 7, 7, 8, 16, 3, 14, 6, 8, 7, 3, 8, 14, 14, 4, 3, 6, 7, 14, 18, 6, 7, 14]
bestever    1900    in generation 1451
[11, 9, 11, 11, 1, 11, 9, 3, 19, 1, 16, 9, 1, 9, 1, 2, 20, 3, 12, 11, 4, 3, 16, 1, 9, 16, 19, 19, 19, 10, 12, 12, 12, 2, 20, 20, 4, 10, 4, 2, 4, 9, 5, 10, 1, 9, 19, 7, 5, 11, 10, 13, 12, 17, 5, 1, 15, 2, 9, 19, 20, 9, 4, 17, 19, 13, 12, 20, 18, 17, 18, 12, 17, 20, 18, 19, 5, 15, 2, 12, 17, 13, 17, 18, 8, 5, 11, 11, 2, 18, 1, 12, 19, 13, 9, 6, 17, 8, 8, 16, 14, 3, 5, 17, 13, 16, 2, 1, 20, 12, 15, 2, 15, 18, 5, 13, 16, 11, 20, 1, 5, 10, 10, 6, 18, 18, 5, 13, 10, 20, 13, 3, 15, 17, 8, 4, 7, 8, 7, 2, 5, 13, 4, 10, 15, 15, 8, 17, 6, 19, 4, 15, 10, 4, 15, 11, 6, 7, 18, 20, 10, 16, 14, 16, 15, 16, 6, 2, 6, 6, 3, 14, 14, 7, 8, 3, 14, 13, 7, 7, 8, 16, 3, 14, 6, 8, 7, 3, 8, 14, 14, 4, 3, 6, 7, 14, 18, 6, 7, 14]
bestever    1894    in generation 1741
[11, 9, 11, 11, 1, 11, 9, 3, 19, 1, 16, 9, 1, 9, 1, 2, 20, 3, 12, 11, 4, 3, 16, 19, 1, 9, 16, 19, 19, 10, 12, 12, 12, 2, 20, 20, 4, 10, 1, 4, 2, 4, 9, 5, 10, 1, 9, 19, 5, 11, 10, 13, 1, 12, 17, 5, 1, 15, 2, 9, 19, 20, 9, 4, 17, 19, 13, 12, 20, 18, 11, 18, 12, 17, 20, 18, 19, 5, 15, 2, 12, 17, 13, 17, 18, 8, 5, 17, 11, 2, 18, 7, 12, 19, 13, 9, 13, 6, 17, 8, 8, 16, 14, 3, 5, 17, 16, 20, 1, 20, 12, 15, 2, 15, 18, 5, 13, 16, 11, 20, 5, 10, 10, 6, 18, 18, 5, 13, 10, 2, 13, 3, 15, 17, 8, 4, 7, 8, 7, 2, 5, 13, 4, 10, 15, 15, 8, 17, 6, 19, 4, 15, 10, 4, 15, 11, 6, 7, 18, 10, 20, 16, 14, 16, 15, 16, 6, 2, 6, 6, 3, 14, 14, 7, 8, 3, 14, 13, 7, 7, 8, 16, 3, 14, 6, 8, 7, 3, 8, 14, 14, 4, 3, 6, 7, 14, 18, 6, 7, 14]
bestever    1890    in generation 1799
[11, 9, 11, 11, 1, 11, 9, 3, 19, 1, 16, 9, 1, 9, 1, 2, 20, 19, 12, 11, 4, 3, 16, 19, 1, 9, 16, 19, 19, 10, 12, 12, 12, 2, 20, 20, 4, 10, 1, 4, 2, 4, 9, 5, 10, 1, 9, 19, 5, 11, 10, 13, 1, 12, 17, 5, 1, 15, 2, 9, 19, 20, 9, 4, 17, 19, 13, 12, 20, 18, 11, 18, 12, 17, 20, 18, 19, 5, 15, 2, 12, 17, 13, 17, 18, 8, 5, 17, 11, 2, 18, 7, 12, 19, 13, 9, 13, 6, 17, 8, 8, 16, 14, 3, 5, 17, 16, 20, 1, 20, 12, 15, 2, 15, 18, 5, 13, 16, 11, 20, 5, 10, 10, 6, 18, 18, 5, 13, 10, 2, 13, 3, 15, 17, 8, 4, 7, 8, 7, 2, 5, 13, 4, 10, 15, 15, 8, 17, 6, 3, 4, 15, 10, 4, 15, 11, 6, 7, 18, 10, 20, 16, 14, 16, 15, 16, 6, 2, 6, 6, 3, 14, 14, 7, 8, 3, 14, 13, 7, 7, 8, 16, 3, 14, 6, 8, 7, 3, 8, 14, 14, 4, 3, 6, 7, 14, 18, 6, 7, 14]
bestever    1889    in generation 1845
[11, 9, 11, 11, 1, 11, 9, 3, 19, 1, 16, 9, 1, 9, 1, 2, 20, 19, 12, 11, 4, 3, 16, 19, 1, 9, 16, 19, 19, 10, 12, 12, 12, 2, 20, 20, 4, 10, 1, 4, 2, 4, 9, 5, 10, 1, 9, 19, 5, 11, 10, 13, 1, 12, 17, 5, 1, 15, 2, 9, 19, 20, 9, 4, 17, 19, 13, 12, 2, 18, 11, 18, 12, 17, 20, 18, 19, 5, 15, 2, 12, 17, 13, 17, 18, 8, 5, 17, 11, 2, 18, 7, 12, 19, 13, 9, 13, 6, 17, 8, 8, 16, 14, 3, 5, 17, 16, 20, 1, 20, 12, 15, 2, 15, 18, 5, 13, 16, 11, 20, 5, 10, 10, 6, 18, 18, 5, 13, 10, 2, 13, 3, 15, 17, 8, 4, 7, 8, 7, 20, 5, 13, 4, 10, 15, 15, 8, 17, 6, 3, 4, 15, 10, 4, 15, 11, 6, 7, 18, 10, 20, 16, 14, 16, 15, 16, 6, 2, 6, 6, 3, 14, 14, 7, 8, 3, 14, 13, 7, 7, 8, 16, 3, 14, 6, 8, 7, 3, 8, 14, 14, 4, 3, 6, 7, 14, 18, 6, 7, 14]
bestever    1881    in generation 1932
[11, 9, 11, 11, 1, 11, 9, 3, 19, 1, 16, 9, 1, 9, 1, 2, 20, 19, 12, 11, 4, 3, 16, 19, 1, 9, 16, 19, 19, 10, 12, 20, 12, 2, 12, 20, 4, 10, 1, 4, 2, 4, 9, 5, 10, 1, 9, 19, 5, 11, 10, 13, 1, 12, 17, 5, 1, 15, 2, 9, 19, 20, 9, 4, 17, 19, 13, 12, 2, 18, 11, 18, 12, 17, 20, 18, 19, 5, 15, 2, 12, 17, 13, 17, 18, 8, 5, 17, 11, 2, 18, 7, 12, 19, 13, 9, 13, 6, 17, 8, 8, 16, 14, 3, 5, 17, 16, 20, 1, 20, 12, 15, 2, 15, 18, 5, 13, 16, 11, 20, 5, 10, 10, 6, 18, 18, 5, 13, 10, 2, 13, 3, 15, 17, 8, 4, 7, 8, 7, 20, 5, 13, 4, 10, 15, 15, 8, 17, 6, 3, 4, 15, 10, 4, 15, 11, 6, 7, 18, 10, 20, 16, 14, 16, 15, 16, 6, 2, 6, 6, 3, 14, 14, 7, 8, 3, 14, 13, 7, 7, 8, 16, 3, 14, 6, 8, 7, 3, 8, 14, 14, 4, 3, 6, 7, 14, 18, 6, 7, 14]
bestever    1880    in generation 2003
[11, 9, 11, 11, 1, 11, 9, 10, 19, 1, 16, 9, 1, 9, 1, 2, 20, 19, 12, 11, 4, 3, 16, 19, 1, 9, 16, 19, 19, 10, 12, 20, 12, 2, 12, 20, 4, 10, 1, 4, 2, 4, 9, 5, 3, 1, 9, 19, 5, 11, 10, 13, 1, 12, 17, 5, 1, 15, 2, 9, 19, 20, 9, 4, 17, 19, 13, 12, 2, 18, 11, 18, 12, 17, 20, 18, 19, 5, 15, 2, 12, 17, 13, 17, 18, 8, 5, 17, 11, 2, 18, 7, 12, 19, 13, 9, 13, 6, 17, 8, 8, 16, 14, 3, 5, 17, 16, 20, 1, 20, 12, 15, 2, 15, 18, 5, 13, 16, 11, 20, 5, 10, 10, 6, 18, 18, 5, 13, 10, 2, 13, 3, 15, 17, 8, 4, 7, 8, 7, 20, 5, 13, 4, 10, 15, 15, 8, 17, 6, 3, 4, 15, 10, 4, 15, 11, 6, 7, 18, 10, 20, 16, 14, 16, 15, 16, 6, 2, 6, 6, 3, 14, 14, 7, 8, 3, 14, 13, 7, 7, 8, 16, 3, 14, 6, 8, 7, 3, 8, 14, 14, 4, 3, 6, 7, 14, 18, 6, 7, 14]
bestever    1869    in generation 2018
[11, 9, 11, 11, 1, 11, 9, 10, 19, 1, 16, 9, 1, 9, 1, 2, 20, 19, 12, 11, 4, 3, 16, 19, 1, 9, 16, 19, 19, 2, 12, 20, 12, 2, 12, 20, 4, 10, 1, 4, 2, 4, 9, 5, 3, 1, 9, 19, 5, 11, 10, 13, 1, 12, 17, 5, 1, 15, 2, 9, 19, 20, 9, 4, 17, 19, 13, 12, 2, 18, 11, 18, 12, 17, 20, 18, 19, 5, 15, 2, 12, 17, 13, 17, 18, 8, 5, 17, 11, 18, 12, 19, 13, 9, 13, 17, 8, 8, 16, 3, 5, 10, 6, 7, 14, 17, 16, 20, 1, 20, 12, 15, 2, 15, 18, 5, 13, 16, 11, 20, 5, 10, 10, 6, 18, 18, 5, 13, 10, 2, 13, 3, 15, 17, 8, 4, 7, 8, 7, 20, 5, 13, 4, 10, 15, 15, 8, 17, 6, 3, 4, 15, 10, 4, 15, 11, 6, 7, 18, 10, 20, 16, 14, 16, 15, 16, 6, 2, 6, 6, 3, 14, 14, 7, 8, 3, 14, 13, 7, 7, 8, 16, 3, 14, 6, 8, 7, 3, 8, 14, 14, 4, 3, 6, 7, 14, 18, 6, 7, 14]
bestever    1865    in generation 2195
[11, 9, 11, 11, 1, 11, 9, 10, 19, 1, 16, 9, 1, 9, 1, 2, 20, 19, 12, 11, 4, 2, 16, 19, 1, 9, 16, 19, 19, 2, 12, 20, 12, 2, 12, 20, 4, 10, 1, 4, 2, 4, 9, 5, 3, 1, 9, 19, 5, 11, 10, 13, 1, 12, 17, 5, 1, 15, 2, 9, 19, 20, 9, 4, 17, 19, 13, 12, 2, 18, 11, 18, 12, 17, 20, 18, 19, 5, 15, 2, 12, 17, 13, 17, 18, 8, 5, 17, 11, 18, 12, 19, 13, 9, 13, 17, 8, 8, 16, 3, 5, 10, 6, 7, 14, 17, 16, 20, 1, 20, 12, 15, 3, 15, 18, 5, 13, 16, 11, 20, 5, 10, 10, 6, 18, 18, 5, 13, 10, 2, 13, 3, 15, 17, 8, 4, 15, 8, 7, 20, 5, 13, 4, 10, 7, 15, 8, 17, 6, 3, 4, 15, 10, 4, 15, 11, 6, 7, 18, 10, 20, 16, 14, 16, 15, 16, 6, 2, 6, 6, 3, 14, 14, 7, 8, 3, 14, 13, 7, 7, 8, 16, 3, 14, 6, 8, 7, 3, 8, 14, 14, 4, 3, 6, 7, 14, 18, 6, 7, 14]
bestever    1855    in generation 2204
[11, 9, 11, 11, 1, 11, 9, 10, 19, 1, 16, 9, 1, 9, 1, 2, 20, 19, 12, 11, 4, 2, 16, 19, 1, 9, 16, 19, 19, 2, 12, 20, 12, 2, 12, 20, 4, 10, 1, 4, 2, 4, 9, 5, 3, 1, 9, 19, 5, 11, 10, 13, 1, 12, 17, 5, 1, 15, 2, 9, 19, 20, 9, 4, 17, 19, 13, 12, 2, 18, 11, 18, 12, 17, 20, 18, 19, 5, 15, 2, 12, 17, 13, 9, 18, 8, 5, 17, 11, 18, 12, 19, 13, 17, 13, 17, 8, 8, 16, 3, 5, 10, 6, 7, 14, 17, 16, 20, 1, 20, 12, 15, 3, 15, 18, 5, 13, 16, 11, 20, 5, 10, 10, 6, 18, 18, 5, 13, 10, 2, 13, 3, 15, 17, 8, 4, 15, 8, 7, 20, 5, 13, 4, 10, 7, 15, 8, 17, 6, 3, 4, 15, 10, 4, 15, 11, 6, 7, 18, 10, 20, 16, 14, 16, 15, 16, 6, 2, 6, 6, 3, 14, 14, 7, 8, 3, 14, 13, 7, 7, 8, 16, 3, 14, 6, 8, 7, 3, 8, 14, 14, 4, 3, 6, 7, 14, 18, 6, 7, 14]
bestever    1845    in generation 2215
[11, 9, 11, 11, 1, 11, 9, 10, 19, 1, 16, 9, 1, 9, 1, 2, 20, 19, 12, 11, 4, 2, 16, 19, 1, 9, 16, 19, 19, 2, 12, 20, 12, 2, 12, 20, 4, 10, 1, 4, 2, 4, 9, 5, 3, 1, 9, 19, 5, 11, 10, 13, 1, 12, 17, 5, 1, 15, 2, 9, 19, 20, 9, 4, 17, 19, 13, 12, 2, 18, 11, 18, 12, 17, 20, 18, 19, 5, 15, 2, 2, 17, 13, 9, 18, 8, 5, 17, 11, 18, 12, 19, 13, 17, 13, 17, 8, 8, 16, 3, 5, 10, 6, 7, 14, 17, 16, 20, 1, 20, 12, 15, 3, 15, 18, 5, 13, 16, 11, 20, 5, 10, 10, 6, 18, 18, 5, 13, 10, 12, 13, 3, 15, 17, 8, 4, 15, 8, 7, 20, 5, 13, 4, 10, 7, 15, 8, 17, 6, 3, 4, 15, 10, 4, 15, 11, 6, 7, 18, 10, 20, 16, 14, 16, 15, 16, 6, 2, 6, 6, 3, 14, 14, 7, 8, 3, 14, 13, 7, 7, 8, 16, 3, 14, 6, 8, 7, 3, 8, 14, 14, 4, 3, 6, 7, 14, 18, 6, 7, 14]
bestever    1843    in generation 2251
[11, 9, 11, 11, 1, 11, 9, 10, 19, 1, 16, 9, 1, 9, 1, 2, 20, 19, 12, 11, 4, 2, 16, 19, 1, 9, 16, 19, 19, 2, 12, 20, 12, 2, 12, 20, 4, 10, 1, 4, 2, 4, 9, 5, 2, 1, 9, 19, 5, 11, 10, 13, 1, 12, 17, 5, 1, 15, 2, 9, 19, 20, 9, 4, 17, 19, 13, 12, 3, 18, 11, 18, 12, 17, 20, 18, 19, 5, 15, 2, 2, 17, 13, 9, 18, 8, 5, 17, 11, 18, 12, 19, 13, 17, 13, 17, 8, 8, 16, 3, 5, 10, 6, 7, 14, 17, 16, 20, 1, 20, 12, 15, 3, 15, 18, 5, 13, 16, 11, 20, 5, 10, 10, 6, 18, 18, 5, 13, 10, 12, 13, 3, 15, 17, 8, 4, 15, 8, 7, 20, 5, 13, 4, 10, 7, 15, 8, 17, 6, 3, 4, 15, 10, 4, 15, 11, 6, 7, 18, 10, 20, 16, 14, 16, 15, 16, 6, 2, 6, 6, 3, 14, 14, 7, 8, 3, 14, 13, 7, 7, 8, 16, 3, 14, 6, 8, 7, 3, 8, 14, 14, 4, 3, 6, 7, 14, 18, 6, 7, 14]
bestever    1838    in generation 2297
[11, 9, 11, 11, 1, 11, 9, 10, 19, 1, 16, 9, 1, 9, 1, 2, 20, 19, 12, 11, 4, 2, 16, 19, 1, 9, 16, 19, 19, 2, 12, 20, 12, 2, 12, 20, 4, 10, 1, 19, 2, 4, 9, 5, 2, 1, 9, 4, 5, 11, 10, 13, 1, 12, 17, 5, 1, 15, 2, 9, 19, 20, 9, 4, 17, 19, 13, 12, 3, 18, 11, 18, 12, 17, 20, 18, 19, 5, 15, 2, 2, 17, 13, 9, 18, 8, 5, 17, 11, 18, 12, 19, 13, 17, 13, 17, 8, 8, 16, 3, 5, 10, 6, 7, 14, 17, 16, 20, 1, 20, 12, 15, 3, 15, 18, 5, 13, 16, 11, 20, 5, 10, 10, 6, 18, 18, 5, 13, 10, 12, 13, 3, 15, 17, 8, 4, 15, 8, 7, 20, 5, 13, 4, 10, 7, 15, 8, 17, 6, 3, 4, 15, 10, 4, 15, 11, 6, 7, 18, 10, 20, 16, 14, 16, 15, 16, 6, 2, 6, 6, 3, 14, 14, 7, 8, 3, 14, 13, 7, 7, 8, 16, 3, 14, 6, 8, 7, 3, 8, 14, 14, 4, 3, 6, 7, 14, 18, 6, 7, 14]
bestever    1836    in generation 2839
[11, 9, 11, 11, 1, 11, 9, 10, 19, 1, 16, 9, 1, 9, 1, 2, 20, 19, 12, 11, 4, 2, 16, 19, 1, 9, 1, 19, 19, 2, 12, 20, 12, 2, 12, 20, 4, 10, 1, 19, 2, 4, 9, 5, 2, 1, 9, 4, 5, 11, 10, 13, 1, 12, 17, 5, 1, 15, 2, 9, 19, 20, 9, 4, 17, 19, 13, 12, 3, 18, 11, 18, 12, 17, 20, 18, 19, 5, 15, 2, 2, 17, 13, 9, 18, 8, 16, 5, 17, 11, 18, 12, 19, 13, 17, 13, 17, 8, 8, 16, 3, 5, 10, 6, 7, 14, 17, 16, 20, 20, 12, 15, 3, 15, 18, 5, 13, 16, 11, 20, 5, 10, 10, 6, 18, 18, 8, 13, 10, 12, 13, 3, 15, 17, 8, 4, 15, 5, 7, 20, 5, 13, 4, 10, 7, 15, 8, 17, 6, 3, 4, 15, 10, 4, 15, 11, 6, 7, 18, 10, 20, 16, 14, 16, 6, 16, 6, 2, 15, 6, 3, 14, 14, 7, 8, 3, 14, 13, 7, 7, 8, 16, 3, 14, 6, 8, 7, 3, 8, 14, 14, 4, 3, 6, 7, 14, 18, 6, 7, 14]
bestever    1834    in generation 2899
[11, 9, 11, 11, 1, 11, 9, 10, 19, 1, 16, 9, 1, 9, 1, 2, 20, 19, 12, 11, 4, 2, 16, 19, 1, 9, 1, 19, 19, 2, 12, 20, 12, 2, 12, 20, 4, 10, 1, 19, 2, 4, 9, 5, 2, 1, 9, 4, 19, 11, 10, 13, 1, 12, 17, 5, 1, 15, 2, 9, 5, 20, 9, 4, 17, 19, 13, 12, 3, 18, 11, 18, 12, 17, 20, 18, 19, 5, 15, 2, 2, 17, 13, 9, 18, 8, 16, 5, 17, 11, 18, 12, 19, 13, 17, 13, 17, 8, 8, 16, 3, 5, 10, 6, 7, 14, 17, 16, 20, 20, 12, 15, 3, 15, 18, 5, 13, 16, 11, 20, 5, 10, 10, 6, 18, 18, 8, 13, 10, 12, 13, 3, 15, 17, 8, 4, 15, 5, 7, 20, 5, 13, 4, 10, 7, 15, 8, 17, 6, 3, 4, 15, 10, 4, 15, 11, 6, 7, 18, 10, 20, 16, 14, 16, 6, 16, 6, 2, 15, 6, 3, 14, 14, 7, 8, 3, 14, 13, 7, 7, 8, 16, 3, 14, 6, 8, 7, 3, 8, 14, 14, 4, 3, 6, 7, 14, 18, 6, 7, 14]
bestever    1828    in generation 2933
[11, 9, 11, 11, 1, 11, 9, 10, 19, 1, 16, 9, 1, 9, 1, 2, 20, 19, 12, 11, 4, 2, 16, 19, 1, 9, 1, 19, 19, 2, 12, 20, 12, 2, 12, 20, 4, 10, 1, 19, 2, 4, 9, 5, 2, 1, 9, 4, 19, 11, 10, 13, 1, 12, 17, 5, 1, 15, 2, 9, 5, 20, 9, 4, 17, 19, 13, 12, 3, 18, 11, 18, 12, 17, 20, 18, 19, 5, 15, 20, 2, 17, 13, 9, 18, 8, 16, 5, 17, 11, 18, 12, 19, 13, 17, 13, 17, 8, 8, 16, 3, 5, 10, 6, 7, 14, 17, 16, 2, 20, 12, 15, 3, 15, 18, 5, 13, 16, 11, 20, 5, 10, 10, 6, 18, 18, 8, 13, 10, 12, 13, 3, 15, 17, 8, 4, 15, 5, 7, 20, 5, 13, 4, 10, 7, 15, 8, 17, 6, 3, 4, 15, 10, 4, 15, 11, 6, 7, 18, 10, 20, 16, 14, 16, 6, 16, 6, 2, 15, 6, 3, 14, 14, 7, 8, 3, 14, 13, 7, 7, 8, 16, 3, 14, 6, 8, 7, 3, 8, 14, 14, 4, 3, 6, 7, 14, 18, 6, 7, 14]
bestever    1826    in generation 2952
[11, 9, 11, 11, 1, 11, 9, 10, 19, 1, 16, 9, 1, 9, 1, 2, 20, 19, 12, 11, 4, 2, 16, 19, 1, 9, 1, 9, 19, 2, 12, 20, 12, 2, 12, 20, 4, 10, 1, 19, 2, 4, 19, 5, 2, 1, 9, 4, 19, 11, 10, 13, 1, 12, 17, 5, 1, 15, 2, 9, 5, 20, 9, 4, 17, 19, 13, 12, 3, 18, 11, 18, 12, 17, 20, 18, 19, 5, 15, 20, 2, 17, 13, 9, 18, 8, 16, 5, 17, 11, 18, 12, 19, 13, 17, 13, 17, 8, 8, 16, 3, 5, 10, 6, 7, 14, 17, 16, 2, 20, 12, 15, 3, 15, 18, 5, 13, 16, 11, 20, 5, 10, 10, 6, 18, 18, 8, 13, 10, 12, 13, 3, 15, 17, 8, 4, 15, 5, 7, 20, 5, 13, 4, 10, 7, 15, 8, 17, 6, 3, 4, 15, 10, 4, 15, 11, 6, 7, 18, 10, 20, 16, 14, 16, 6, 16, 6, 2, 15, 6, 3, 14, 14, 7, 8, 3, 14, 13, 7, 7, 8, 16, 3, 14, 6, 8, 7, 3, 8, 14, 14, 4, 3, 6, 7, 14, 18, 6, 7, 14]
bestever    1823    in generation 2967
[11, 9, 11, 11, 1, 11, 9, 10, 19, 1, 16, 9, 1, 9, 1, 2, 20, 19, 12, 11, 4, 2, 16, 19, 1, 9, 1, 9, 19, 2, 12, 20, 12, 2, 12, 20, 4, 10, 1, 19, 2, 4, 19, 5, 2, 1, 9, 4, 19, 11, 10, 13, 1, 12, 17, 5, 1, 15, 2, 9, 5, 20, 9, 4, 17, 19, 13, 12, 18, 3, 11, 18, 12, 17, 20, 18, 19, 5, 15, 20, 2, 17, 13, 9, 18, 8, 16, 5, 17, 11, 18, 12, 19, 13, 17, 13, 17, 8, 8, 16, 3, 5, 10, 6, 7, 14, 17, 16, 2, 20, 12, 15, 3, 15, 18, 5, 13, 16, 11, 20, 5, 10, 10, 6, 18, 18, 8, 13, 10, 12, 13, 3, 15, 17, 8, 4, 15, 5, 7, 20, 5, 13, 4, 10, 7, 15, 8, 17, 6, 3, 4, 15, 10, 4, 15, 11, 6, 7, 18, 10, 20, 16, 14, 16, 6, 16, 6, 2, 15, 6, 3, 14, 14, 7, 8, 3, 14, 13, 7, 7, 8, 16, 3, 14, 6, 8, 7, 3, 8, 14, 14, 4, 3, 6, 7, 14, 18, 6, 7, 14]
bestever    1822    in generation 3274
[11, 9, 11, 11, 1, 11, 9, 12, 19, 1, 16, 9, 1, 9, 1, 2, 20, 19, 10, 11, 4, 2, 9, 16, 19, 1, 9, 1, 9, 19, 2, 12, 20, 12, 2, 12, 20, 4, 10, 1, 19, 2, 4, 19, 5, 2, 1, 9, 4, 19, 11, 10, 13, 1, 12, 17, 5, 1, 5, 2, 9, 15, 20, 9, 4, 17, 19, 13, 12, 18, 3, 11, 18, 12, 17, 14, 20, 18, 19, 5, 15, 20, 2, 17, 13, 18, 8, 16, 5, 17, 11, 18, 12, 19, 13, 20, 13, 6, 8, 8, 16, 3, 5, 10, 17, 7, 14, 17, 2, 16, 20, 17, 12, 15, 3, 15, 18, 5, 13, 16, 11, 20, 5, 10, 10, 6, 18, 18, 8, 13, 10, 12, 13, 3, 15, 17, 8, 4, 15, 5, 2, 5, 13, 4, 10, 7, 15, 8, 17, 6, 3, 4, 15, 10, 4, 15, 11, 6, 7, 18, 10, 20, 16, 14, 16, 6, 16, 6, 7, 15, 3, 14, 7, 8, 3, 13, 7, 8, 6, 7, 14, 16, 3, 14, 6, 8, 7, 3, 8, 14, 4, 18, 6, 7, 14, 14, 6, 7, 3, 14]
bestever    1820    in generation 4060
[11, 9, 11, 11, 1, 11, 9, 12, 19, 1, 16, 9, 1, 9, 1, 2, 20, 19, 10, 11, 4, 2, 9, 16, 19, 1, 9, 1, 9, 19, 2, 12, 20, 12, 2, 12, 20, 4, 10, 1, 19, 2, 4, 19, 5, 2, 1, 9, 4, 19, 11, 10, 13, 1, 12, 17, 5, 1, 5, 2, 9, 20, 9, 4, 17, 19, 13, 12, 20, 18, 3, 11, 18, 12, 17, 20, 18, 19, 5, 15, 20, 2, 17, 15, 13, 18, 8, 16, 5, 17, 11, 18, 12, 19, 13, 20, 12, 13, 6, 8, 8, 16, 3, 5, 10, 20, 7, 17, 3, 2, 16, 3, 20, 17, 15, 2, 15, 18, 5, 13, 16, 11, 17, 5, 4, 18, 10, 6, 18, 8, 13, 10, 12, 13, 3, 15, 4, 8, 4, 15, 5, 10, 13, 10, 10, 15, 8, 17, 6, 4, 15, 5, 17, 15, 11, 18, 10, 16, 16, 16, 7, 6, 14, 14, 6, 7, 3, 14, 6, 7, 15, 14, 7, 8, 3, 13, 7, 8, 6, 7, 14, 16, 3, 14, 6, 8, 7, 3, 8, 14, 4, 18, 6, 7, 14, 14, 6, 7, 3, 14]
bestever    1813    in generation 4776
[11, 9, 11, 11, 1, 11, 9, 12, 19, 1, 16, 9, 1, 9, 1, 2, 20, 19, 10, 11, 11, 2, 9, 16, 19, 1, 9, 1, 9, 19, 2, 12, 20, 12, 2, 12, 20, 4, 10, 1, 19, 2, 4, 19, 5, 2, 1, 9, 4, 19, 4, 11, 10, 13, 1, 12, 17, 5, 1, 5, 2, 17, 9, 20, 9, 4, 19, 13, 12, 20, 18, 3, 18, 12, 17, 20, 18, 19, 5, 15, 20, 2, 17, 15, 13, 18, 8, 16, 5, 17, 11, 18, 12, 19, 4, 20, 12, 11, 13, 6, 8, 8, 16, 3, 5, 10, 20, 7, 17, 3, 2, 16, 3, 20, 17, 15, 2, 15, 18, 7, 5, 13, 16, 11, 17, 5, 18, 4, 6, 10, 6, 18, 8, 13, 10, 12, 13, 3, 15, 4, 8, 13, 15, 5, 10, 13, 10, 10, 15, 8, 17, 6, 4, 15, 5, 17, 15, 18, 10, 16, 16, 16, 7, 6, 14, 14, 7, 3, 14, 7, 15, 7, 8, 3, 13, 8, 6, 14, 16, 14, 6, 7, 3, 14, 14, 6, 8, 7, 3, 8, 14, 4, 18, 6, 7, 14, 6, 7, 3, 14]
bestever    1802    in generation 4779
[11, 9, 11, 11, 1, 11, 9, 12, 19, 1, 16, 9, 1, 9, 1, 2, 20, 19, 10, 11, 11, 2, 9, 16, 19, 1, 9, 1, 9, 19, 2, 12, 20, 12, 2, 12, 20, 4, 10, 1, 19, 2, 4, 19, 5, 2, 1, 9, 4, 19, 4, 11, 10, 13, 1, 12, 17, 5, 1, 5, 2, 17, 9, 20, 9, 4, 19, 13, 12, 20, 18, 3, 18, 12, 17, 20, 18, 19, 5, 15, 20, 2, 17, 3, 13, 18, 8, 16, 5, 17, 11, 18, 12, 19, 4, 20, 12, 11, 13, 6, 8, 8, 16, 3, 5, 10, 20, 7, 17, 3, 2, 16, 15, 20, 17, 15, 2, 15, 18, 7, 5, 13, 16, 11, 17, 5, 18, 4, 6, 10, 6, 18, 8, 13, 10, 12, 13, 3, 15, 4, 8, 13, 15, 5, 10, 13, 10, 10, 15, 8, 17, 6, 4, 15, 5, 17, 15, 18, 10, 16, 16, 16, 7, 6, 14, 14, 7, 3, 14, 7, 15, 7, 8, 3, 13, 8, 6, 14, 16, 14, 6, 7, 3, 14, 14, 6, 8, 7, 3, 8, 14, 4, 18, 6, 7, 14, 6, 7, 3, 14]
bestever    1797    in generation 4896
[11, 9, 11, 11, 1, 11, 9, 12, 19, 1, 16, 9, 1, 9, 1, 2, 20, 19, 10, 11, 11, 2, 9, 16, 19, 1, 9, 1, 9, 19, 2, 12, 20, 12, 2, 12, 20, 4, 10, 1, 19, 2, 4, 19, 5, 2, 1, 9, 4, 19, 4, 11, 10, 13, 1, 12, 17, 5, 1, 5, 2, 17, 9, 20, 9, 4, 19, 13, 12, 20, 18, 3, 18, 12, 17, 17, 18, 19, 5, 15, 20, 2, 17, 3, 13, 18, 8, 16, 5, 17, 11, 18, 12, 19, 4, 20, 12, 11, 13, 14, 8, 8, 16, 3, 5, 10, 20, 7, 17, 3, 2, 16, 15, 20, 20, 15, 2, 15, 18, 7, 5, 13, 16, 11, 17, 5, 18, 4, 6, 10, 6, 18, 8, 13, 10, 12, 13, 3, 15, 4, 8, 13, 15, 5, 10, 13, 10, 10, 15, 8, 17, 6, 4, 15, 5, 17, 15, 18, 10, 16, 16, 16, 7, 6, 14, 14, 7, 3, 6, 7, 15, 7, 8, 3, 13, 8, 6, 14, 16, 14, 6, 7, 3, 14, 14, 6, 8, 7, 3, 8, 14, 4, 18, 6, 7, 14, 6, 7, 3, 14]
bestever    1792    in generation 4935
[11, 9, 11, 11, 9, 11, 1, 12, 19, 1, 19, 9, 1, 9, 1, 2, 20, 19, 10, 11, 11, 2, 9, 16, 19, 1, 9, 1, 9, 19, 2, 12, 20, 12, 2, 12, 20, 4, 10, 1, 19, 2, 4, 19, 5, 2, 1, 9, 4, 19, 4, 11, 10, 13, 1, 12, 17, 5, 1, 5, 2, 17, 9, 20, 9, 4, 19, 13, 12, 20, 18, 3, 18, 12, 17, 17, 18, 16, 5, 15, 20, 2, 17, 3, 13, 18, 8, 16, 5, 17, 11, 18, 12, 19, 4, 20, 12, 11, 13, 14, 8, 8, 16, 3, 5, 10, 20, 7, 17, 3, 2, 16, 15, 20, 20, 15, 2, 15, 18, 7, 5, 13, 16, 11, 17, 5, 18, 4, 6, 10, 6, 18, 8, 13, 10, 12, 13, 3, 15, 4, 8, 13, 15, 5, 10, 13, 10, 10, 15, 8, 17, 6, 4, 15, 5, 17, 15, 18, 10, 16, 16, 16, 7, 6, 14, 14, 7, 3, 6, 7, 15, 7, 8, 3, 13, 8, 6, 14, 16, 14, 6, 7, 3, 14, 14, 6, 8, 7, 3, 8, 14, 4, 18, 6, 7, 14, 6, 7, 3, 14]
bestever    1789    in generation 4965
[11, 9, 11, 11, 9, 11, 1, 12, 19, 1, 19, 9, 1, 9, 1, 2, 20, 19, 10, 11, 11, 2, 9, 16, 19, 1, 9, 1, 9, 19, 2, 12, 20, 12, 2, 12, 20, 4, 10, 1, 19, 2, 4, 19, 5, 2, 1, 9, 4, 19, 4, 11, 10, 13, 1, 12, 17, 5, 1, 5, 2, 17, 9, 20, 9, 4, 19, 13, 12, 20, 18, 3, 18, 12, 17, 17, 18, 16, 5, 15, 20, 2, 17, 3, 13, 18, 8, 16, 5, 17, 11, 18, 12, 19, 4, 20, 13, 11, 13, 14, 8, 8, 16, 3, 5, 10, 20, 7, 17, 3, 2, 16, 15, 20, 20, 15, 2, 15, 18, 7, 5, 13, 16, 11, 17, 5, 18, 4, 6, 10, 6, 18, 8, 13, 10, 12, 12, 3, 15, 4, 8, 13, 15, 5, 10, 13, 10, 10, 15, 8, 17, 6, 4, 15, 5, 17, 15, 18, 10, 16, 16, 16, 7, 6, 14, 14, 7, 3, 6, 7, 15, 7, 8, 3, 13, 8, 6, 14, 16, 14, 6, 7, 3, 14, 14, 6, 8, 7, 3, 8, 14, 4, 18, 6, 7, 14, 6, 7, 3, 14]
bestever    1787    in generation 5661
[11, 9, 11, 11, 9, 11, 1, 12, 19, 1, 19, 9, 1, 9, 1, 2, 20, 19, 10, 11, 11, 2, 9, 16, 19, 1, 9, 1, 9, 19, 2, 12, 20, 4, 2, 12, 20, 4, 10, 1, 19, 2, 12, 19, 5, 2, 1, 9, 4, 19, 4, 11, 10, 13, 1, 12, 17, 5, 17, 1, 11, 5, 2, 17, 9, 20, 20, 4, 19, 20, 13, 12, 20, 18, 3, 18, 12, 17, 17, 18, 16, 5, 15, 20, 2, 17, 3, 13, 18, 8, 16, 5, 17, 11, 8, 18, 12, 19, 4, 13, 13, 8, 16, 3, 5, 10, 20, 7, 17, 3, 2, 16, 15, 20, 6, 15, 2, 15, 18, 5, 13, 16, 11, 5, 18, 4, 6, 10, 6, 18, 10, 18, 13, 10, 12, 12, 15, 4, 8, 13, 15, 5, 10, 13, 10, 15, 8, 17, 8, 4, 15, 5, 17, 15, 18, 3, 6, 7, 14, 10, 16, 16, 16, 6, 7, 14, 6, 7, 3, 14, 13, 7, 15, 7, 8, 6, 3, 8, 9, 14, 16, 14, 7, 3, 14, 14, 6, 8, 7, 3, 8, 14, 4, 6, 7, 14, 6, 7, 3, 14]
bestever    1783    in generation 5708
[11, 9, 11, 11, 9, 11, 1, 12, 19, 1, 19, 9, 1, 9, 1, 2, 20, 19, 10, 11, 11, 2, 9, 16, 19, 20, 9, 1, 9, 19, 2, 12, 20, 4, 2, 12, 1, 4, 10, 1, 19, 2, 12, 19, 5, 2, 1, 9, 4, 19, 4, 11, 10, 13, 1, 12, 17, 5, 17, 1, 11, 5, 2, 17, 9, 20, 20, 4, 19, 20, 13, 12, 20, 18, 3, 18, 12, 17, 17, 18, 16, 5, 15, 20, 2, 17, 3, 13, 18, 8, 16, 5, 17, 11, 8, 18, 12, 19, 4, 13, 13, 8, 16, 3, 5, 10, 20, 7, 17, 3, 2, 16, 15, 20, 6, 15, 2, 15, 18, 5, 13, 16, 11, 5, 18, 4, 6, 10, 6, 18, 10, 18, 13, 10, 12, 12, 15, 4, 8, 13, 15, 5, 10, 13, 10, 15, 8, 17, 8, 4, 15, 5, 17, 15, 18, 3, 6, 7, 14, 10, 16, 16, 16, 6, 7, 14, 6, 7, 3, 14, 13, 7, 15, 7, 8, 6, 3, 8, 9, 14, 16, 14, 7, 3, 14, 14, 6, 8, 7, 3, 8, 14, 4, 6, 7, 14, 6, 7, 3, 14]
bestever    1778    in generation 5846
[11, 9, 11, 11, 9, 11, 1, 12, 19, 1, 19, 9, 1, 9, 1, 2, 20, 19, 10, 11, 11, 2, 9, 16, 19, 20, 9, 1, 9, 19, 2, 12, 20, 4, 2, 12, 1, 4, 10, 1, 19, 2, 12, 19, 5, 2, 1, 9, 4, 17, 5, 17, 1, 11, 5, 2, 17, 9, 20, 20, 4, 19, 20, 13, 12, 20, 18, 3, 18, 12, 19, 4, 11, 10, 13, 1, 12, 17, 17, 18, 16, 5, 15, 20, 2, 17, 3, 13, 18, 8, 16, 5, 17, 11, 8, 18, 12, 19, 4, 13, 13, 8, 16, 3, 5, 10, 20, 7, 17, 3, 2, 16, 15, 20, 6, 15, 2, 15, 18, 5, 13, 16, 11, 5, 18, 4, 6, 10, 6, 18, 10, 18, 13, 10, 12, 12, 15, 4, 8, 13, 15, 5, 10, 13, 10, 15, 8, 17, 8, 4, 15, 5, 17, 15, 18, 3, 6, 7, 14, 10, 16, 16, 16, 6, 7, 14, 6, 7, 3, 14, 13, 7, 15, 7, 8, 6, 3, 8, 9, 14, 16, 14, 7, 3, 14, 14, 6, 8, 7, 3, 8, 14, 4, 6, 7, 14, 6, 7, 3, 14]
bestever    1775    in generation 5907
[11, 9, 11, 11, 9, 11, 1, 12, 19, 1, 19, 9, 1, 9, 1, 2, 20, 19, 10, 11, 11, 2, 9, 16, 19, 20, 9, 1, 9, 19, 2, 12, 20, 4, 2, 12, 1, 4, 10, 1, 19, 2, 12, 19, 5, 1, 2, 9, 4, 17, 5, 17, 1, 11, 5, 2, 17, 9, 20, 20, 4, 19, 20, 13, 12, 20, 18, 3, 18, 12, 19, 4, 11, 10, 13, 1, 12, 17, 17, 18, 16, 5, 8, 20, 2, 17, 3, 13, 18, 8, 16, 5, 17, 11, 15, 18, 12, 19, 4, 13, 13, 8, 16, 3, 5, 10, 20, 7, 17, 3, 2, 16, 15, 20, 6, 15, 2, 15, 18, 5, 13, 16, 11, 5, 18, 4, 6, 10, 6, 18, 10, 18, 13, 10, 12, 12, 15, 4, 8, 13, 15, 5, 10, 13, 10, 15, 8, 17, 8, 4, 15, 5, 17, 15, 18, 3, 6, 7, 14, 10, 16, 16, 16, 6, 7, 14, 6, 7, 3, 14, 13, 7, 15, 7, 8, 6, 3, 8, 9, 14, 16, 14, 7, 3, 14, 14, 6, 8, 7, 3, 8, 14, 4, 6, 7, 14, 6, 7, 3, 14]
bestever    1774    in generation 6287
[11, 9, 11, 11, 9, 11, 1, 12, 19, 1, 19, 9, 1, 9, 1, 11, 2, 20, 19, 10, 11, 11, 1, 2, 9, 19, 19, 20, 2, 9, 1, 9, 19, 12, 20, 4, 2, 11, 1, 4, 10, 19, 2, 12, 19, 5, 1, 2, 9, 4, 17, 5, 17, 1, 5, 2, 17, 9, 20, 20, 4, 16, 20, 13, 12, 20, 18, 3, 18, 12, 19, 8, 4, 12, 10, 13, 20, 12, 17, 17, 18, 16, 5, 10, 1, 2, 17, 3, 13, 18, 8, 16, 5, 17, 11, 15, 18, 12, 19, 4, 13, 13, 8, 16, 3, 5, 10, 20, 7, 17, 3, 2, 16, 6, 20, 15, 15, 2, 15, 18, 5, 13, 16, 11, 5, 18, 4, 6, 8, 6, 18, 10, 18, 13, 10, 12, 12, 15, 4, 13, 15, 5, 10, 13, 10, 15, 8, 17, 8, 4, 15, 5, 17, 15, 18, 3, 6, 7, 14, 10, 16, 16, 16, 6, 7, 14, 6, 7, 3, 14, 13, 7, 15, 7, 8, 6, 3, 8, 9, 14, 16, 14, 7, 3, 14, 14, 6, 8, 7, 3, 8, 14, 4, 6, 7, 14, 6, 7, 3, 14]
bestever    1772    in generation 6299
[11, 9, 11, 11, 9, 11, 1, 12, 19, 1, 19, 9, 1, 9, 1, 11, 2, 20, 19, 10, 11, 11, 1, 2, 9, 19, 19, 20, 2, 9, 1, 9, 12, 12, 20, 4, 2, 11, 1, 4, 10, 19, 2, 12, 19, 5, 1, 2, 9, 4, 17, 5, 17, 1, 5, 2, 17, 9, 20, 20, 4, 16, 20, 13, 19, 20, 18, 3, 18, 12, 19, 8, 4, 12, 10, 13, 20, 12, 17, 17, 18, 16, 5, 10, 1, 2, 17, 3, 13, 18, 8, 16, 5, 17, 11, 15, 18, 12, 19, 4, 13, 13, 8, 16, 3, 5, 10, 20, 7, 17, 3, 2, 16, 6, 20, 15, 15, 2, 15, 18, 5, 13, 16, 11, 5, 18, 4, 6, 8, 6, 18, 10, 18, 13, 10, 12, 12, 15, 4, 13, 15, 5, 10, 13, 10, 15, 8, 17, 8, 4, 15, 5, 17, 15, 18, 3, 6, 7, 14, 10, 16, 16, 16, 6, 7, 14, 6, 7, 3, 14, 13, 7, 15, 7, 8, 6, 3, 8, 9, 14, 16, 14, 7, 3, 14, 14, 6, 8, 7, 3, 8, 14, 4, 6, 7, 14, 6, 7, 3, 14]
bestever    1771    in generation 7884
[11, 9, 11, 11, 9, 11, 1, 12, 19, 1, 19, 9, 11, 1, 9, 1, 2, 20, 19, 10, 11, 11, 1, 2, 9, 19, 19, 2, 20, 9, 1, 9, 12, 12, 20, 4, 2, 11, 1, 2, 4, 10, 19, 2, 12, 19, 5, 1, 20, 9, 4, 17, 5, 17, 12, 1, 5, 2, 20, 17, 16, 20, 20, 4, 16, 16, 9, 13, 19, 20, 18, 3, 18, 12, 19, 8, 4, 4, 12, 10, 13, 2, 12, 17, 17, 18, 16, 4, 5, 10, 1, 2, 17, 11, 3, 13, 2, 18, 8, 16, 5, 17, 11, 15, 18, 12, 19, 4, 13, 13, 8, 16, 3, 5, 10, 14, 17, 3, 20, 16, 15, 15, 15, 15, 18, 5, 14, 13, 16, 5, 18, 20, 7, 6, 8, 6, 18, 10, 18, 7, 13, 10, 12, 6, 4, 13, 15, 5, 10, 13, 10, 15, 8, 6, 8, 4, 15, 5, 17, 15, 18, 3, 6, 7, 14, 10, 14, 15, 6, 7, 14, 6, 7, 3, 14, 13, 17, 7, 8, 6, 3, 8, 9, 16, 6, 7, 3, 14, 6, 8, 7, 3, 8, 16, 14, 7, 14, 7, 3, 14]
bestever    1770    in generation 7888
[11, 9, 11, 11, 9, 11, 1, 12, 19, 1, 19, 9, 11, 1, 9, 1, 2, 20, 19, 10, 11, 11, 1, 2, 9, 19, 19, 2, 20, 9, 1, 9, 12, 12, 20, 4, 2, 11, 1, 2, 4, 10, 19, 2, 12, 19, 5, 1, 20, 9, 4, 17, 5, 17, 12, 1, 5, 2, 20, 17, 16, 20, 20, 4, 16, 16, 9, 13, 19, 20, 18, 3, 18, 12, 19, 8, 4, 4, 12, 10, 13, 2, 12, 17, 17, 18, 16, 4, 5, 10, 1, 2, 17, 11, 3, 13, 2, 18, 8, 16, 5, 17, 11, 15, 18, 12, 19, 4, 13, 13, 8, 16, 3, 5, 10, 14, 17, 3, 20, 16, 15, 15, 15, 15, 18, 5, 14, 13, 16, 5, 18, 20, 7, 6, 8, 6, 18, 10, 18, 7, 13, 10, 12, 6, 4, 13, 15, 5, 10, 13, 10, 15, 8, 6, 8, 4, 15, 5, 17, 15, 18, 3, 6, 7, 14, 10, 14, 17, 6, 7, 14, 6, 7, 3, 14, 13, 15, 7, 8, 6, 3, 8, 9, 16, 6, 7, 3, 14, 6, 8, 7, 3, 8, 16, 14, 7, 14, 7, 3, 14]
bestever    1765    in generation 7916
[11, 9, 11, 11, 9, 11, 1, 12, 19, 1, 19, 9, 11, 1, 9, 1, 2, 20, 19, 10, 11, 11, 1, 2, 9, 19, 19, 2, 20, 9, 1, 9, 12, 12, 20, 4, 2, 11, 1, 2, 4, 10, 19, 2, 12, 19, 5, 1, 20, 9, 4, 17, 5, 17, 12, 1, 5, 2, 20, 17, 16, 20, 20, 4, 16, 16, 17, 13, 19, 20, 18, 3, 18, 12, 19, 8, 4, 4, 12, 10, 13, 2, 12, 17, 9, 18, 16, 4, 5, 10, 1, 2, 17, 11, 3, 13, 2, 18, 8, 16, 5, 17, 11, 15, 18, 12, 19, 4, 13, 13, 8, 16, 3, 5, 10, 14, 17, 3, 20, 16, 15, 15, 4, 15, 18, 5, 14, 13, 16, 5, 18, 20, 7, 6, 8, 6, 18, 10, 18, 7, 13, 10, 12, 6, 15, 13, 15, 5, 10, 13, 10, 15, 8, 6, 8, 4, 15, 5, 17, 15, 18, 3, 6, 7, 14, 10, 14, 17, 6, 7, 14, 6, 7, 3, 14, 13, 15, 7, 8, 6, 3, 8, 9, 16, 6, 7, 3, 14, 6, 8, 7, 3, 8, 16, 14, 7, 14, 7, 3, 14]
bestever    1758    in generation 8665
[11, 9, 11, 11, 9, 11, 1, 12, 19, 1, 9, 19, 11, 1, 9, 1, 2, 20, 19, 16, 11, 11, 1, 2, 9, 19, 19, 2, 20, 9, 1, 9, 12, 20, 4, 2, 11, 1, 2, 4, 4, 19, 2, 12, 19, 5, 1, 20, 9, 10, 17, 5, 2, 12, 1, 5, 2, 20, 17, 16, 20, 20, 4, 10, 16, 17, 13, 19, 19, 20, 18, 3, 18, 12, 12, 19, 8, 4, 4, 12, 10, 13, 17, 16, 17, 5, 18, 16, 4, 5, 10, 1, 2, 17, 11, 3, 13, 2, 18, 8, 16, 17, 5, 11, 15, 18, 12, 7, 4, 13, 13, 8, 12, 3, 5, 10, 14, 20, 3, 17, 16, 15, 15, 4, 15, 18, 5, 14, 13, 16, 5, 18, 20, 9, 7, 6, 8, 6, 18, 10, 18, 13, 10, 12, 6, 15, 13, 15, 14, 10, 13, 10, 15, 8, 6, 8, 4, 15, 5, 8, 17, 15, 18, 3, 6, 7, 10, 9, 17, 6, 7, 14, 6, 7, 3, 14, 13, 15, 7, 8, 6, 3, 14, 16, 6, 7, 3, 14, 6, 8, 7, 3, 8, 16, 14, 7, 14, 7, 3, 14]
bestever    1757    in generation 8703
[11, 9, 11, 11, 9, 11, 19, 12, 19, 1, 9, 19, 11, 1, 9, 1, 2, 20, 19, 16, 11, 11, 1, 2, 9, 19, 19, 2, 20, 9, 1, 9, 12, 20, 4, 2, 11, 1, 2, 4, 4, 19, 2, 12, 19, 5, 1, 20, 9, 10, 17, 5, 2, 12, 1, 5, 2, 20, 17, 16, 20, 20, 4, 10, 16, 17, 13, 19, 1, 20, 18, 3, 18, 12, 12, 19, 8, 4, 4, 12, 10, 13, 17, 16, 17, 5, 18, 16, 4, 5, 10, 1, 2, 17, 11, 3, 13, 2, 18, 8, 16, 17, 5, 11, 15, 18, 12, 7, 4, 13, 13, 8, 12, 3, 5, 10, 14, 20, 3, 17, 16, 15, 15, 4, 15, 18, 5, 14, 13, 16, 5, 18, 20, 9, 7, 6, 8, 6, 18, 10, 18, 13, 10, 12, 6, 15, 13, 15, 14, 10, 13, 10, 15, 8, 6, 8, 4, 15, 5, 8, 17, 15, 18, 3, 6, 7, 10, 9, 17, 6, 7, 14, 6, 7, 3, 14, 13, 15, 7, 8, 6, 3, 14, 16, 6, 7, 3, 14, 6, 8, 7, 3, 8, 16, 14, 7, 14, 7, 3, 14]
bestever    1748    in generation 8722
[11, 9, 11, 11, 9, 11, 19, 12, 19, 1, 9, 19, 11, 1, 9, 1, 2, 20, 19, 16, 11, 11, 1, 2, 9, 19, 19, 2, 20, 19, 1, 9, 12, 20, 4, 2, 11, 1, 2, 4, 4, 19, 2, 12, 9, 5, 1, 20, 9, 10, 17, 5, 2, 12, 1, 5, 2, 20, 17, 16, 20, 20, 4, 10, 16, 17, 13, 19, 1, 20, 18, 3, 18, 12, 12, 19, 8, 4, 4, 12, 10, 13, 17, 16, 17, 5, 18, 16, 4, 5, 10, 1, 2, 17, 11, 3, 13, 2, 18, 8, 16, 17, 5, 11, 15, 18, 12, 7, 4, 13, 13, 8, 12, 3, 5, 10, 14, 20, 3, 17, 16, 15, 15, 4, 15, 18, 5, 14, 13, 16, 5, 18, 20, 9, 7, 6, 8, 6, 18, 10, 18, 13, 10, 12, 6, 15, 13, 15, 14, 10, 13, 10, 15, 8, 6, 8, 4, 15, 5, 8, 17, 15, 18, 3, 6, 7, 10, 9, 17, 6, 7, 14, 6, 7, 3, 14, 13, 15, 7, 8, 6, 3, 14, 16, 6, 7, 3, 14, 6, 8, 7, 3, 8, 16, 14, 7, 14, 7, 3, 14]
bestever    1745    in generation 8734
[11, 9, 11, 11, 9, 11, 19, 12, 19, 1, 9, 19, 9, 1, 9, 1, 2, 20, 19, 16, 11, 11, 1, 2, 9, 19, 19, 2, 20, 9, 1, 9, 12, 20, 4, 2, 11, 1, 2, 4, 4, 19, 2, 12, 19, 5, 1, 20, 11, 10, 17, 5, 2, 12, 1, 5, 2, 20, 17, 16, 20, 20, 4, 10, 16, 17, 13, 19, 1, 20, 18, 3, 18, 12, 12, 19, 8, 4, 4, 12, 10, 13, 17, 16, 17, 5, 18, 16, 4, 5, 10, 1, 2, 17, 11, 3, 13, 2, 18, 8, 16, 17, 5, 11, 15, 18, 12, 7, 4, 13, 13, 8, 12, 3, 5, 10, 14, 20, 3, 17, 16, 15, 15, 4, 15, 18, 5, 14, 13, 16, 5, 18, 20, 9, 7, 6, 8, 6, 18, 10, 18, 13, 10, 12, 6, 15, 13, 15, 14, 10, 13, 10, 15, 8, 6, 8, 4, 15, 5, 8, 17, 15, 18, 3, 6, 7, 10, 9, 17, 6, 7, 14, 6, 7, 3, 14, 13, 15, 7, 8, 6, 3, 14, 16, 6, 7, 3, 14, 6, 8, 7, 3, 8, 16, 14, 7, 14, 7, 3, 14]
bestever    1743    in generation 8780
[11, 9, 11, 11, 9, 11, 19, 12, 19, 1, 9, 19, 9, 1, 9, 1, 2, 20, 19, 16, 11, 11, 1, 2, 9, 19, 19, 2, 20, 9, 1, 9, 12, 20, 4, 2, 11, 1, 2, 4, 4, 19, 2, 12, 19, 5, 1, 20, 11, 10, 17, 5, 2, 12, 1, 5, 2, 20, 17, 16, 20, 20, 4, 10, 16, 17, 13, 19, 1, 20, 18, 3, 18, 12, 12, 19, 8, 4, 4, 12, 10, 13, 17, 16, 17, 5, 18, 16, 4, 5, 10, 1, 2, 17, 11, 3, 13, 2, 18, 8, 16, 17, 5, 11, 15, 18, 12, 7, 4, 13, 13, 8, 12, 3, 5, 10, 14, 20, 3, 17, 16, 15, 15, 4, 15, 18, 5, 14, 13, 16, 5, 18, 20, 9, 7, 6, 8, 6, 18, 10, 18, 13, 10, 12, 6, 15, 13, 15, 14, 10, 13, 10, 15, 8, 6, 8, 4, 15, 5, 8, 17, 15, 18, 3, 6, 16, 10, 9, 8, 6, 7, 14, 6, 7, 3, 14, 13, 15, 7, 17, 6, 3, 14, 7, 6, 7, 3, 14, 6, 8, 7, 3, 8, 16, 14, 7, 14, 7, 3, 14]
bestever    1741    in generation 8784
[11, 9, 11, 11, 9, 11, 19, 12, 19, 1, 9, 19, 9, 1, 9, 1, 2, 20, 19, 16, 11, 11, 1, 2, 9, 19, 19, 2, 20, 9, 1, 9, 12, 20, 4, 2, 11, 1, 2, 4, 4, 19, 2, 12, 19, 5, 1, 20, 11, 10, 17, 5, 2, 12, 1, 5, 2, 20, 17, 16, 20, 20, 4, 10, 16, 17, 13, 19, 1, 20, 18, 3, 18, 12, 12, 19, 8, 4, 4, 12, 10, 13, 17, 16, 17, 5, 18, 16, 4, 5, 10, 1, 2, 17, 11, 3, 13, 2, 18, 8, 16, 17, 5, 11, 15, 18, 12, 7, 4, 13, 13, 8, 12, 3, 5, 10, 14, 20, 3, 17, 16, 15, 15, 4, 15, 18, 5, 13, 16, 5, 18, 20, 9, 6, 8, 6, 18, 10, 18, 13, 10, 12, 6, 15, 13, 15, 10, 13, 10, 15, 8, 6, 8, 4, 15, 5, 8, 17, 15, 18, 14, 3, 14, 7, 6, 16, 10, 9, 8, 6, 7, 14, 6, 7, 3, 14, 13, 15, 7, 17, 6, 3, 14, 7, 6, 7, 3, 14, 6, 8, 7, 3, 8, 16, 14, 7, 14, 7, 3, 14]
bestever    1739    in generation 8916
[11, 9, 11, 11, 9, 11, 19, 12, 19, 1, 9, 19, 9, 1, 9, 1, 2, 20, 19, 16, 11, 11, 1, 2, 9, 19, 19, 2, 20, 9, 1, 9, 12, 20, 4, 2, 11, 1, 2, 4, 4, 19, 2, 12, 19, 5, 1, 20, 11, 10, 17, 5, 2, 12, 1, 5, 2, 20, 17, 16, 20, 20, 4, 10, 16, 17, 13, 19, 1, 20, 18, 3, 18, 12, 12, 19, 15, 4, 4, 12, 10, 13, 17, 16, 17, 5, 18, 16, 4, 5, 10, 1, 2, 17, 11, 3, 13, 2, 18, 8, 16, 17, 5, 11, 15, 18, 12, 7, 4, 13, 13, 8, 12, 3, 5, 10, 14, 20, 3, 17, 16, 15, 8, 4, 15, 18, 5, 13, 16, 5, 18, 20, 9, 6, 8, 6, 18, 10, 18, 13, 10, 12, 6, 15, 13, 15, 10, 13, 10, 15, 8, 6, 8, 4, 15, 5, 8, 17, 15, 18, 14, 3, 14, 7, 6, 16, 10, 9, 8, 6, 7, 14, 6, 7, 3, 14, 13, 15, 7, 17, 6, 3, 14, 7, 6, 7, 3, 14, 6, 8, 7, 3, 8, 16, 14, 7, 14, 7, 3, 14]
bestever    1716    in generation 8926
[11, 9, 11, 11, 9, 11, 19, 12, 19, 1, 9, 19, 9, 1, 9, 1, 2, 20, 19, 16, 11, 11, 1, 2, 9, 19, 19, 2, 20, 9, 1, 9, 12, 20, 4, 2, 11, 1, 2, 4, 4, 19, 2, 12, 19, 5, 1, 20, 11, 10, 17, 5, 2, 12, 1, 5, 2, 20, 17, 16, 20, 20, 4, 10, 16, 17, 13, 19, 1, 20, 18, 3, 18, 12, 12, 19, 15, 4, 4, 12, 10, 13, 17, 16, 17, 5, 18, 16, 4, 5, 10, 1, 2, 17, 11, 3, 13, 2, 18, 8, 16, 17, 5, 11, 15, 18, 12, 16, 4, 13, 13, 8, 12, 3, 5, 10, 14, 20, 3, 17, 16, 15, 8, 4, 15, 18, 5, 13, 16, 5, 18, 20, 9, 6, 8, 6, 18, 10, 18, 13, 10, 12, 6, 15, 13, 15, 10, 13, 10, 15, 8, 6, 8, 4, 15, 5, 8, 17, 15, 18, 14, 3, 14, 7, 6, 16, 10, 9, 8, 6, 7, 14, 6, 7, 3, 14, 13, 15, 7, 17, 6, 3, 14, 7, 6, 7, 3, 14, 6, 8, 7, 3, 8, 7, 14, 7, 14, 7, 3, 14]
bestever    1711    in generation 8978
[11, 9, 11, 11, 9, 11, 19, 12, 19, 1, 9, 19, 9, 1, 9, 1, 2, 20, 19, 16, 11, 11, 1, 2, 9, 19, 19, 2, 20, 9, 1, 9, 12, 20, 4, 2, 11, 1, 2, 4, 4, 16, 2, 4, 19, 5, 1, 20, 11, 10, 17, 5, 2, 12, 1, 5, 2, 20, 17, 19, 20, 20, 12, 10, 16, 17, 13, 19, 1, 20, 18, 3, 18, 12, 12, 19, 15, 4, 4, 12, 10, 13, 17, 16, 17, 5, 18, 16, 4, 5, 10, 1, 2, 17, 11, 3, 13, 2, 18, 8, 16, 17, 5, 11, 15, 18, 12, 6, 4, 13, 13, 8, 12, 3, 5, 10, 14, 20, 3, 17, 16, 15, 8, 4, 15, 18, 5, 13, 16, 5, 18, 20, 9, 6, 8, 16, 18, 10, 18, 13, 10, 12, 6, 15, 13, 15, 10, 13, 10, 15, 8, 6, 8, 4, 15, 5, 8, 17, 15, 18, 14, 3, 14, 7, 6, 16, 10, 9, 8, 6, 7, 14, 6, 7, 3, 14, 13, 15, 7, 17, 6, 3, 14, 7, 6, 7, 3, 14, 6, 8, 7, 3, 8, 7, 14, 7, 14, 7, 3, 14]
