bestever    3256    in generation 0
[7, 9, 1, 1, 12, 16, 2, 17, 3, 9, 3, 20, 17, 7, 13, 17, 5, 9, 6, 14, 15, 2, 12, 5, 17, 6, 3, 16, 2, 19, 13, 16, 12, 5, 11, 6, 3, 15, 5, 7, 19, 9, 13, 20, 18, 9, 17, 2, 13, 9, 14, 18, 12, 18, 2, 17, 17, 1, 11, 11, 5, 6, 8, 20, 18, 19, 3, 14, 19, 2, 2, 13, 2, 1, 20, 13, 14, 8, 16, 10, 5, 8, 13, 6, 18, 12, 10, 5, 7, 3, 6, 3, 13, 20, 4, 14, 4, 16, 12, 10, 14, 19, 4, 14, 10, 20, 4, 6, 10, 10, 15, 8, 5, 15, 11, 8, 19, 5, 17, 10, 20, 1, 1, 18, 1, 18, 14, 14, 20, 10, 18, 19, 1, 10, 15, 3, 4, 10, 9, 15, 9, 20, 5, 13, 17, 17, 3, 9, 18, 6, 4, 8, 8, 8, 15, 15, 7, 6, 16, 15, 19, 2, 4, 11, 4, 11, 12, 16, 14, 7, 2, 19, 7, 19, 18, 13, 16, 1, 7, 8, 20, 8, 16, 7, 11, 6, 7, 12, 11, 9, 4, 15, 12, 4, 11, 1, 11, 12, 3, 16]
bestever    3123    in generation 4
[16, 2, 17, 3, 9, 3, 20, 17, 13, 17, 5, 9, 6, 14, 2, 5, 17, 6, 3, 2, 19, 13, 16, 5, 6, 3, 15, 5, 19, 13, 20, 18, 17, 2, 13, 14, 18, 18, 17, 17, 1, 5, 8, 20, 18, 3, 14, 2, 2, 2, 1, 20, 13, 8, 16, 10, 13, 12, 10, 13, 4, 16, 12, 10, 14, 4, 14, 10, 4, 10, 15, 15, 19, 5, 17, 1, 18, 1, 18, 14, 14, 20, 18, 19, 1, 10, 15, 4, 10, 9, 15, 9, 20, 5, 13, 9, 18, 6, 4, 8, 8, 16, 7, 5, 11, 6, 8, 12, 11, 20, 3, 11, 20, 3, 4, 9, 7, 14, 6, 15, 11, 12, 9, 20, 11, 5, 17, 1, 4, 9, 14, 12, 3, 13, 7, 6, 19, 8, 4, 19, 2, 19, 18, 10, 15, 3, 11, 8, 6, 17, 10, 10, 5, 8, 15, 15, 7, 6, 16, 15, 19, 2, 4, 11, 4, 11, 12, 16, 14, 7, 2, 19, 7, 19, 18, 13, 16, 1, 7, 8, 20, 8, 16, 7, 11, 6, 7, 12, 11, 9, 12, 1, 12, 3, 16, 7, 9, 1, 1, 12]
bestever    3054    in generation 5
[16, 2, 17, 3, 9, 3, 20, 17, 7, 13, 17, 5, 9, 6, 14, 15, 2, 12, 5, 17, 6, 3, 2, 19, 13, 16, 5, 6, 3, 5, 7, 19, 9, 13, 20, 18, 17, 2, 13, 14, 18, 12, 18, 2, 17, 17, 11, 11, 5, 6, 8, 20, 18, 19, 3, 14, 2, 2, 13, 20, 13, 14, 16, 10, 5, 13, 6, 12, 10, 5, 7, 3, 14, 16, 12, 10, 11, 1, 1, 14, 19, 1, 9, 20, 13, 3, 9, 18, 4, 8, 8, 7, 6, 16, 15, 19, 2, 4, 11, 4, 14, 10, 20, 4, 6, 10, 10, 15, 8, 5, 15, 11, 8, 19, 5, 17, 10, 20, 1, 1, 18, 1, 18, 14, 14, 20, 10, 18, 19, 1, 10, 15, 3, 4, 10, 9, 15, 9, 20, 5, 13, 17, 17, 3, 9, 18, 6, 4, 8, 8, 8, 15, 15, 7, 6, 16, 15, 19, 2, 4, 11, 4, 11, 12, 4, 11, 12, 16, 14, 7, 2, 19, 7, 19, 18, 13, 16, 1, 7, 8, 20, 8, 16, 11, 6, 7, 12, 11, 9, 4, 15, 12, 1, 12, 3, 16, 7, 9, 1, 12]
bestever    3048    in generation 6
[17, 3, 9, 3, 20, 17, 7, 13, 17, 5, 9, 6, 14, 15, 2, 5, 17, 6, 3, 2, 19, 13, 5, 6, 3, 5, 7, 19, 9, 13, 20, 18, 17, 2, 13, 14, 18, 18, 2, 17, 17, 11, 5, 20, 14, 2, 2, 13, 14, 10, 12, 7, 16, 12, 11, 1, 1, 1, 9, 20, 13, 3, 9, 18, 8, 8, 6, 16, 15, 19, 4, 4, 11, 5, 8, 13, 6, 18, 12, 10, 5, 3, 6, 3, 13, 20, 4, 14, 4, 16, 12, 10, 14, 19, 4, 14, 10, 20, 4, 6, 10, 10, 15, 8, 5, 15, 11, 8, 19, 5, 17, 10, 20, 1, 1, 18, 1, 18, 14, 14, 20, 10, 18, 19, 1, 10, 15, 3, 4, 10, 9, 15, 9, 20, 5, 13, 17, 17, 3, 9, 18, 6, 4, 8, 8, 8, 15, 15, 7, 6, 16, 15, 19, 2, 11, 4, 11, 12, 16, 7, 2, 19, 7, 7, 4, 11, 12, 16, 14, 7, 2, 19, 7, 19, 18, 13, 16, 1, 8, 20, 8, 16, 11, 6, 12, 11, 9, 15, 12, 11, 1, 12, 3, 16, 7, 9, 1, 12, 16, 2]
bestever    2958    in generation 8
[16, 2, 17, 3, 9, 3, 20, 17, 7, 13, 17, 5, 9, 6, 14, 15, 2, 12, 5, 17, 6, 3, 2, 19, 13, 16, 5, 6, 3, 5, 7, 19, 9, 13, 20, 18, 17, 2, 13, 14, 18, 12, 18, 2, 17, 17, 11, 11, 5, 6, 8, 20, 18, 19, 3, 14, 2, 2, 13, 20, 13, 14, 16, 10, 5, 13, 6, 12, 10, 5, 7, 3, 14, 16, 12, 10, 11, 1, 1, 14, 19, 1, 9, 20, 13, 3, 9, 18, 4, 8, 8, 7, 6, 16, 15, 19, 2, 4, 11, 4, 14, 10, 20, 4, 6, 10, 10, 15, 8, 5, 15, 11, 8, 19, 5, 17, 10, 20, 1, 1, 18, 1, 18, 14, 14, 20, 10, 18, 19, 10, 15, 3, 4, 10, 9, 15, 9, 20, 5, 13, 17, 17, 3, 9, 18, 6, 4, 8, 8, 15, 15, 6, 16, 15, 19, 4, 11, 4, 11, 12, 4, 11, 12, 14, 2, 19, 7, 16, 1, 7, 2, 19, 7, 18, 13, 16, 1, 7, 8, 8, 20, 8, 16, 11, 6, 7, 12, 11, 9, 4, 15, 12, 1, 12, 3, 16, 7, 9, 1, 12]
bestever    2913    in generation 12
[14, 16, 11, 1, 1, 19, 13, 9, 4, 8, 8, 15, 19, 4, 11, 4, 14, 20, 4, 15, 10, 15, 8, 15, 11, 8, 19, 10, 1, 10, 19, 10, 15, 3, 4, 10, 9, 20, 3, 11, 11, 8, 20, 18, 19, 14, 2, 20, 14, 10, 10, 14, 10, 11, 1, 4, 8, 20, 18, 10, 10, 18, 8, 19, 16, 15, 15, 4, 11, 4, 4, 1, 8, 20, 8, 11, 4, 1, 18, 1, 14, 14, 20, 15, 18, 15, 19, 14, 18, 16, 7, 16, 20, 7, 9, 2, 12, 3, 2, 16, 9, 13, 12, 19, 19, 16, 9, 12, 17, 16, 3, 7, 9, 13, 17, 13, 17, 5, 6, 2, 5, 17, 6, 3, 2, 13, 5, 6, 3, 5, 9, 9, 20, 5, 13, 5, 13, 17, 17, 3, 9, 18, 6, 7, 6, 16, 15, 19, 2, 16, 14, 7, 2, 18, 13, 7, 7, 6, 7, 1, 12, 3, 16, 7, 9, 1, 12, 13, 17, 2, 13, 17, 12, 12, 5, 6, 8, 14, 2, 5, 17, 6, 2, 6, 3, 20, 18, 17, 18, 12, 1, 12, 5, 11, 11, 5, 6, 12, 7, 3]
bestever    2819    in generation 16
[1, 12, 5, 18, 1, 14, 11, 11, 8, 20, 8, 15, 19, 4, 11, 4, 14, 20, 4, 15, 10, 15, 8, 15, 11, 8, 19, 10, 1, 10, 19, 10, 15, 3, 4, 10, 9, 20, 3, 11, 11, 8, 20, 18, 19, 14, 2, 20, 14, 10, 10, 14, 10, 11, 1, 4, 8, 20, 18, 10, 10, 18, 8, 19, 16, 15, 15, 4, 11, 4, 4, 1, 8, 20, 8, 11, 4, 1, 18, 1, 14, 14, 20, 15, 18, 15, 19, 14, 18, 16, 7, 16, 20, 7, 9, 2, 12, 3, 2, 16, 9, 13, 12, 19, 19, 16, 9, 12, 17, 16, 3, 7, 9, 13, 17, 13, 17, 5, 6, 2, 5, 17, 6, 3, 2, 13, 5, 6, 3, 5, 9, 9, 20, 5, 13, 5, 13, 17, 17, 3, 9, 18, 6, 7, 6, 16, 15, 19, 2, 16, 14, 7, 2, 18, 13, 7, 7, 6, 7, 1, 12, 3, 16, 19, 14, 11, 1, 8, 4, 1, 16, 13, 9, 5, 6, 7, 12, 3, 7, 9, 12, 13, 17, 2, 13, 17, 12, 12, 5, 6, 2, 5, 17, 6, 2, 6, 3, 17, 18, 12]
bestever    2773    in generation 26
[16, 16, 17, 8, 20, 20, 5, 17, 20, 5, 5, 7, 16, 13, 2, 7, 17, 18, 16, 9, 9, 18, 9, 2, 2, 14, 1, 7, 18, 16, 2, 13, 18, 1, 1, 8, 8, 8, 18, 13, 17, 17, 17, 9, 5, 13, 17, 9, 5, 13, 13, 9, 9, 5, 5, 15, 8, 15, 15, 1, 8, 20, 8, 1, 18, 20, 15, 7, 20, 7, 9, 16, 16, 4, 1, 18, 19, 16, 18, 12, 3, 3, 8, 4, 12, 3, 19, 14, 12, 11, 2, 4, 14, 4, 1, 7, 18, 6, 7, 6, 16, 2, 3, 6, 6, 18, 15, 15, 15, 15, 15, 15, 19, 14, 7, 16, 20, 20, 2, 12, 19, 19, 20, 14, 11, 2, 4, 1, 19, 14, 12, 3, 14, 12, 19, 14, 14, 4, 10, 11, 10, 10, 10, 10, 14, 12, 12, 4, 1, 4, 13, 11, 10, 1, 10, 3, 11, 11, 8, 8, 20, 19, 19, 6, 4, 3, 10, 11, 4, 12, 3, 19, 9, 11, 10, 3, 10, 3, 11, 11, 2, 12, 6, 6, 7, 13, 7, 13, 17, 6, 5, 17, 2, 9, 5, 5, 13, 17, 6, 6]
bestever    2721    in generation 34
[18, 2, 2, 14, 1, 7, 18, 16, 2, 18, 1, 1, 8, 8, 8, 18, 13, 17, 17, 13, 17, 9, 5, 13, 13, 9, 9, 5, 5, 15, 8, 15, 15, 1, 1, 8, 8, 8, 18, 13, 17, 17, 17, 9, 5, 13, 17, 9, 5, 13, 13, 9, 9, 5, 5, 15, 8, 15, 15, 1, 8, 20, 1, 18, 20, 7, 20, 7, 9, 16, 16, 4, 1, 18, 19, 16, 18, 12, 3, 3, 4, 12, 3, 19, 14, 12, 11, 2, 4, 14, 4, 7, 18, 6, 16, 20, 20, 2, 13, 10, 10, 11, 16, 7, 20, 4, 16, 12, 10, 4, 12, 4, 10, 10, 16, 12, 3, 3, 7, 3, 11, 5, 5, 6, 5, 4, 9, 12, 11, 17, 6, 17, 17, 20, 6, 11, 20, 18, 20, 19, 7, 16, 7, 16, 13, 8, 9, 11, 12, 12, 11, 4, 14, 7, 12, 11, 4, 14, 6, 3, 6, 6, 19, 7, 2, 19, 19, 14, 11, 2, 1, 3, 14, 10, 3, 6, 6, 19, 14, 2, 19, 19, 20, 14, 11, 2, 3, 1, 10, 10, 10, 10, 14, 2, 6, 15, 15, 15, 15, 19]
bestever    2547    in generation 37
[13, 17, 17, 17, 5, 13, 17, 9, 5, 13, 13, 9, 5, 5, 8, 15, 7, 9, 15, 1, 1, 15, 9, 16, 1, 8, 14, 2, 18, 13, 8, 18, 8, 1, 18, 1, 18, 18, 8, 2, 2, 17, 17, 13, 8, 8, 17, 9, 5, 13, 13, 9, 9, 5, 5, 15, 8, 15, 15, 1, 8, 20, 1, 18, 20, 7, 20, 7, 9, 16, 16, 4, 1, 18, 19, 16, 18, 12, 3, 3, 4, 12, 3, 19, 14, 12, 11, 2, 4, 14, 4, 7, 18, 6, 16, 20, 20, 2, 13, 10, 10, 11, 16, 7, 20, 4, 16, 12, 10, 4, 12, 4, 10, 10, 16, 12, 3, 3, 7, 3, 11, 5, 5, 6, 5, 4, 9, 12, 11, 17, 6, 17, 17, 20, 6, 11, 20, 18, 20, 19, 7, 16, 7, 16, 13, 8, 9, 11, 12, 12, 11, 4, 14, 7, 12, 11, 4, 14, 6, 3, 6, 6, 19, 7, 2, 19, 19, 14, 11, 2, 1, 3, 14, 10, 3, 6, 6, 19, 14, 2, 19, 19, 20, 14, 11, 2, 3, 1, 10, 10, 10, 10, 14, 2, 6, 15, 15, 15, 15, 19]
bestever    2497    in generation 39
[13, 17, 17, 13, 17, 9, 5, 13, 13, 9, 9, 5, 5, 15, 8, 15, 15, 1, 8, 8, 18, 13, 17, 17, 17, 9, 5, 13, 17, 9, 5, 13, 13, 9, 5, 5, 15, 8, 15, 15, 1, 8, 20, 1, 18, 20, 7, 20, 7, 9, 16, 16, 4, 1, 1, 18, 20, 20, 7, 9, 16, 16, 4, 1, 18, 19, 16, 18, 12, 3, 1, 18, 18, 3, 12, 3, 12, 11, 4, 4, 7, 6, 20, 10, 10, 11, 4, 16, 12, 10, 4, 12, 4, 16, 12, 3, 3, 7, 3, 11, 5, 5, 18, 13, 8, 10, 2, 19, 14, 2, 5, 4, 9, 12, 11, 17, 6, 17, 17, 20, 6, 11, 20, 20, 19, 7, 16, 7, 16, 13, 8, 9, 11, 12, 12, 11, 4, 14, 7, 12, 11, 4, 14, 6, 3, 6, 6, 19, 7, 2, 19, 19, 14, 11, 2, 1, 3, 14, 10, 3, 6, 6, 19, 14, 2, 19, 19, 20, 14, 11, 2, 3, 1, 10, 10, 10, 10, 14, 2, 6, 10, 14, 2, 6, 15, 15, 15, 15, 19, 2, 14, 1, 7, 16, 2, 18, 8, 8, 8, 18]
bestever    2477    in generation 50
[13, 17, 17, 13, 17, 9, 5, 13, 13, 9, 9, 5, 5, 15, 8, 15, 15, 1, 8, 8, 18, 13, 17, 17, 17, 9, 5, 13, 17, 9, 5, 13, 13, 9, 5, 5, 15, 8, 15, 15, 1, 20, 1, 18, 20, 7, 20, 7, 9, 16, 16, 4, 1, 1, 18, 20, 20, 7, 9, 16, 16, 4, 18, 19, 16, 18, 12, 3, 18, 18, 3, 12, 3, 12, 11, 4, 4, 7, 6, 20, 10, 10, 11, 4, 16, 12, 10, 4, 12, 4, 16, 12, 3, 3, 7, 3, 11, 5, 5, 18, 13, 10, 2, 19, 14, 2, 5, 4, 9, 12, 11, 17, 6, 17, 17, 20, 6, 11, 20, 20, 19, 7, 16, 7, 16, 13, 9, 11, 12, 12, 11, 4, 14, 12, 11, 4, 14, 6, 3, 6, 6, 19, 2, 14, 2, 10, 3, 6, 2, 20, 3, 1, 10, 10, 10, 6, 10, 2, 6, 15, 2, 14, 8, 10, 2, 14, 14, 19, 19, 14, 1, 14, 19, 14, 6, 19, 8, 1, 15, 19, 15, 15, 19, 1, 7, 8, 11, 3, 7, 2, 11, 1, 7, 16, 2, 18, 8, 8, 8, 18]
bestever    2456    in generation 54
[13, 17, 17, 13, 17, 9, 5, 13, 13, 9, 9, 5, 5, 15, 8, 15, 15, 1, 18, 13, 17, 17, 17, 9, 5, 13, 17, 9, 5, 13, 13, 9, 5, 5, 15, 15, 15, 1, 20, 1, 18, 20, 7, 20, 7, 9, 16, 16, 4, 1, 18, 20, 20, 7, 9, 16, 16, 4, 18, 19, 16, 18, 12, 3, 18, 18, 3, 12, 3, 12, 11, 4, 4, 7, 6, 20, 10, 10, 11, 4, 16, 12, 10, 4, 12, 4, 16, 12, 3, 3, 7, 3, 11, 5, 5, 18, 13, 10, 2, 19, 14, 5, 4, 9, 12, 11, 17, 6, 17, 17, 20, 6, 11, 20, 20, 19, 7, 16, 16, 13, 9, 11, 12, 12, 11, 4, 14, 12, 4, 14, 6, 3, 6, 6, 19, 14, 2, 8, 2, 8, 1, 8, 11, 7, 2, 10, 3, 6, 2, 20, 3, 1, 10, 10, 10, 6, 10, 2, 6, 15, 2, 14, 8, 10, 2, 14, 14, 19, 19, 14, 1, 14, 19, 14, 6, 19, 8, 1, 15, 19, 15, 15, 19, 1, 7, 8, 11, 3, 7, 2, 11, 1, 7, 16, 2, 18, 8, 8, 8, 18]
bestever    2354    in generation 56
[13, 17, 17, 13, 17, 9, 5, 13, 13, 9, 9, 5, 5, 15, 15, 15, 1, 18, 13, 17, 17, 17, 9, 5, 13, 17, 9, 5, 13, 13, 9, 5, 5, 15, 15, 15, 1, 20, 1, 18, 20, 7, 20, 7, 9, 16, 16, 4, 1, 1, 18, 20, 20, 7, 9, 16, 16, 4, 18, 19, 16, 18, 12, 3, 18, 3, 12, 3, 12, 11, 4, 4, 7, 6, 20, 10, 10, 11, 4, 16, 12, 10, 4, 12, 4, 16, 12, 3, 3, 7, 3, 11, 5, 5, 18, 13, 10, 2, 19, 14, 2, 5, 4, 9, 12, 11, 17, 6, 17, 17, 20, 6, 11, 20, 20, 19, 16, 13, 9, 11, 12, 12, 11, 4, 14, 12, 4, 14, 6, 3, 6, 6, 19, 2, 3, 8, 8, 8, 16, 14, 2, 10, 6, 2, 20, 10, 10, 10, 6, 10, 2, 6, 15, 14, 10, 2, 14, 14, 19, 19, 14, 14, 14, 8, 1, 7, 8, 19, 19, 1, 6, 8, 1, 15, 19, 15, 15, 19, 1, 7, 8, 11, 3, 7, 2, 11, 3, 7, 2, 11, 1, 7, 16, 2, 18, 18, 8, 8, 8, 18]
bestever    2318    in generation 67
[13, 17, 17, 13, 17, 9, 5, 13, 13, 9, 9, 5, 5, 15, 15, 15, 1, 18, 13, 17, 17, 17, 9, 5, 13, 17, 9, 5, 13, 9, 5, 5, 15, 15, 1, 20, 1, 18, 20, 7, 20, 7, 9, 16, 16, 4, 1, 18, 20, 20, 7, 9, 16, 16, 4, 18, 19, 16, 18, 12, 3, 3, 12, 3, 12, 11, 4, 4, 7, 6, 20, 10, 10, 11, 4, 16, 12, 10, 4, 4, 18, 16, 12, 3, 3, 7, 3, 11, 5, 5, 18, 13, 10, 2, 19, 14, 2, 5, 4, 12, 11, 17, 6, 17, 17, 20, 6, 11, 20, 20, 19, 16, 13, 9, 11, 13, 9, 12, 12, 12, 11, 4, 14, 12, 4, 14, 6, 3, 6, 6, 19, 2, 3, 8, 8, 16, 14, 2, 10, 6, 20, 10, 10, 10, 6, 10, 6, 15, 14, 10, 14, 14, 19, 19, 14, 14, 14, 1, 8, 19, 19, 1, 6, 8, 1, 15, 19, 15, 8, 2, 2, 15, 2, 8, 1, 7, 15, 19, 1, 7, 8, 11, 3, 7, 2, 11, 3, 7, 2, 11, 1, 7, 16, 2, 18, 18, 8, 8, 8, 18]
bestever    2311    in generation 75
[13, 17, 17, 13, 17, 9, 5, 13, 13, 9, 9, 5, 5, 15, 15, 15, 1, 18, 13, 17, 17, 17, 16, 5, 13, 17, 9, 5, 13, 9, 5, 5, 15, 15, 1, 20, 18, 20, 7, 20, 7, 9, 16, 16, 4, 18, 20, 20, 9, 16, 9, 4, 18, 19, 16, 18, 12, 3, 3, 12, 3, 12, 11, 4, 4, 7, 6, 20, 10, 10, 11, 4, 16, 12, 10, 4, 4, 18, 16, 12, 3, 3, 7, 3, 11, 5, 5, 18, 13, 10, 2, 19, 14, 2, 5, 4, 12, 11, 17, 6, 17, 17, 20, 6, 11, 20, 19, 16, 13, 9, 11, 13, 9, 12, 12, 12, 11, 4, 14, 12, 4, 14, 6, 3, 6, 6, 19, 2, 3, 8, 8, 16, 14, 2, 10, 6, 20, 10, 10, 10, 6, 10, 6, 15, 14, 10, 14, 14, 19, 19, 14, 14, 14, 1, 8, 19, 19, 1, 20, 1, 7, 1, 6, 8, 1, 15, 19, 15, 8, 2, 2, 15, 2, 8, 1, 7, 15, 19, 1, 7, 8, 11, 3, 7, 2, 11, 3, 7, 2, 11, 1, 7, 16, 2, 18, 18, 8, 8, 8, 18]
bestever    2305    in generation 85
[17, 17, 13, 17, 9, 5, 13, 13, 9, 9, 5, 5, 15, 1, 18, 13, 17, 17, 17, 16, 5, 13, 17, 9, 5, 13, 9, 5, 5, 20, 18, 20, 20, 9, 16, 16, 4, 18, 20, 20, 9, 16, 9, 4, 18, 19, 16, 18, 12, 3, 3, 12, 3, 12, 11, 4, 4, 7, 6, 20, 10, 10, 11, 4, 16, 12, 10, 4, 4, 18, 16, 12, 3, 3, 7, 3, 11, 5, 5, 18, 13, 10, 2, 19, 14, 5, 4, 12, 11, 17, 6, 17, 17, 20, 6, 11, 20, 19, 16, 13, 9, 11, 13, 9, 12, 12, 12, 11, 4, 14, 12, 4, 14, 6, 3, 6, 6, 3, 16, 14, 10, 6, 20, 10, 10, 10, 6, 10, 6, 15, 14, 10, 14, 14, 14, 14, 14, 19, 19, 7, 8, 1, 15, 19, 1, 20, 7, 1, 6, 8, 1, 15, 19, 15, 8, 2, 2, 15, 2, 8, 1, 7, 15, 19, 1, 7, 19, 15, 8, 2, 2, 15, 2, 8, 1, 7, 15, 19, 1, 7, 8, 11, 3, 7, 2, 11, 3, 7, 2, 11, 1, 16, 2, 18, 18, 8, 8, 8, 18, 13]
bestever    2297    in generation 106
[17, 17, 13, 17, 9, 5, 13, 13, 9, 9, 5, 5, 15, 1, 18, 13, 17, 17, 17, 16, 5, 17, 9, 5, 13, 9, 5, 5, 20, 18, 20, 20, 9, 16, 16, 4, 18, 20, 20, 9, 16, 4, 18, 19, 16, 18, 12, 3, 3, 12, 3, 12, 4, 4, 7, 6, 20, 10, 10, 11, 4, 16, 12, 10, 4, 4, 18, 16, 12, 3, 3, 7, 3, 11, 5, 5, 18, 13, 10, 2, 19, 5, 4, 12, 11, 17, 6, 17, 17, 20, 6, 11, 20, 19, 11, 13, 9, 16, 13, 9, 11, 13, 9, 12, 12, 12, 11, 4, 12, 4, 6, 3, 6, 6, 3, 16, 14, 10, 6, 20, 10, 10, 10, 6, 10, 6, 15, 14, 10, 14, 14, 14, 14, 14, 14, 14, 14, 19, 19, 7, 8, 1, 15, 19, 1, 20, 7, 1, 6, 8, 1, 15, 19, 15, 8, 2, 2, 15, 2, 8, 1, 7, 15, 19, 1, 7, 19, 15, 8, 2, 2, 15, 2, 8, 1, 7, 15, 19, 1, 7, 8, 11, 3, 7, 2, 11, 3, 7, 2, 11, 1, 16, 2, 18, 18, 8, 8, 8, 18, 13]
bestever    2258    in generation 119
[17, 17, 13, 17, 9, 5, 13, 13, 9, 9, 5, 5, 15, 1, 18, 13, 17, 17, 17, 16, 5, 17, 9, 5, 13, 9, 5, 5, 20, 18, 20, 20, 9, 16, 16, 4, 18, 20, 20, 9, 16, 4, 18, 19, 16, 18, 12, 3, 3, 12, 3, 12, 4, 4, 7, 6, 20, 10, 10, 11, 4, 16, 12, 10, 4, 4, 18, 16, 12, 3, 3, 7, 3, 11, 5, 5, 18, 13, 10, 19, 5, 4, 12, 11, 17, 6, 17, 17, 20, 6, 11, 20, 19, 11, 13, 9, 16, 13, 9, 13, 9, 12, 12, 12, 11, 4, 12, 4, 6, 3, 6, 6, 16, 14, 10, 6, 20, 10, 10, 10, 6, 10, 6, 15, 14, 10, 14, 14, 14, 14, 14, 14, 14, 14, 19, 19, 1, 15, 19, 1, 20, 1, 6, 15, 19, 15, 8, 2, 2, 2, 8, 7, 1, 7, 8, 11, 3, 15, 2, 8, 1, 7, 15, 19, 1, 7, 19, 15, 8, 2, 2, 15, 2, 8, 1, 7, 15, 19, 1, 7, 8, 11, 3, 7, 2, 11, 3, 7, 2, 11, 1, 16, 2, 18, 18, 8, 8, 8, 18, 13]
bestever    2240    in generation 159
[17, 17, 13, 17, 9, 5, 13, 13, 9, 9, 5, 5, 15, 1, 18, 13, 17, 17, 17, 16, 5, 17, 9, 5, 9, 5, 5, 20, 18, 20, 20, 9, 16, 16, 4, 20, 13, 18, 20, 9, 16, 4, 18, 19, 16, 18, 18, 3, 3, 12, 3, 12, 4, 4, 7, 6, 20, 10, 10, 11, 4, 16, 12, 10, 4, 4, 18, 16, 12, 3, 3, 7, 3, 11, 5, 5, 12, 13, 10, 19, 5, 4, 12, 11, 17, 6, 17, 17, 20, 6, 11, 20, 19, 11, 13, 9, 16, 13, 9, 13, 9, 12, 12, 12, 11, 4, 12, 4, 6, 3, 6, 6, 16, 14, 10, 6, 20, 10, 10, 10, 6, 10, 6, 15, 14, 10, 14, 14, 14, 14, 14, 14, 14, 14, 19, 19, 1, 15, 19, 1, 20, 1, 6, 15, 19, 15, 8, 2, 2, 2, 8, 7, 1, 7, 8, 11, 3, 15, 2, 8, 1, 7, 15, 19, 1, 7, 19, 15, 8, 2, 2, 15, 2, 8, 1, 7, 15, 19, 1, 7, 8, 11, 3, 7, 2, 11, 3, 7, 2, 11, 1, 16, 2, 18, 18, 8, 8, 8, 18, 13]
bestever    2233    in generation 179
[5, 5, 13, 13, 9, 13, 17, 17, 17, 9, 9, 5, 15, 1, 18, 13, 17, 17, 17, 16, 5, 17, 9, 5, 9, 5, 5, 20, 20, 20, 9, 16, 16, 4, 20, 13, 18, 20, 9, 16, 4, 18, 19, 16, 18, 18, 3, 3, 12, 3, 12, 4, 4, 7, 6, 20, 10, 10, 11, 4, 16, 12, 10, 4, 4, 18, 16, 12, 3, 3, 7, 3, 11, 5, 5, 12, 13, 10, 19, 5, 4, 12, 11, 17, 6, 17, 17, 20, 6, 11, 20, 19, 11, 13, 9, 16, 13, 9, 13, 9, 12, 12, 12, 4, 12, 4, 6, 3, 6, 6, 16, 14, 10, 6, 20, 10, 10, 10, 6, 10, 6, 15, 14, 10, 14, 14, 14, 14, 14, 14, 14, 14, 19, 19, 1, 15, 19, 1, 20, 1, 6, 15, 19, 15, 8, 2, 2, 8, 7, 1, 7, 8, 15, 15, 19, 7, 2, 11, 1, 2, 18, 1, 7, 19, 15, 8, 2, 15, 2, 8, 15, 19, 1, 8, 11, 3, 7, 2, 1, 7, 8, 11, 3, 7, 2, 11, 3, 7, 2, 11, 1, 16, 2, 18, 18, 8, 8, 8, 18, 13]
bestever    2206    in generation 291
[9, 13, 17, 17, 17, 9, 9, 5, 18, 13, 17, 17, 17, 16, 5, 17, 9, 5, 9, 5, 5, 13, 5, 1, 15, 5, 20, 13, 20, 20, 9, 16, 16, 4, 20, 13, 18, 20, 9, 4, 18, 19, 16, 18, 18, 3, 3, 12, 3, 12, 4, 4, 7, 20, 10, 10, 11, 4, 16, 12, 10, 4, 4, 18, 16, 12, 3, 3, 7, 11, 5, 5, 12, 13, 10, 19, 5, 4, 12, 11, 17, 17, 17, 20, 11, 20, 19, 11, 13, 9, 16, 13, 9, 13, 9, 12, 12, 12, 4, 6, 3, 6, 6, 16, 12, 4, 6, 3, 6, 6, 16, 14, 10, 6, 20, 10, 10, 10, 6, 10, 6, 15, 14, 10, 14, 14, 14, 14, 14, 14, 14, 14, 19, 19, 1, 15, 19, 1, 20, 1, 6, 15, 19, 15, 8, 2, 2, 8, 7, 1, 7, 8, 15, 15, 19, 7, 2, 11, 1, 2, 18, 1, 7, 19, 15, 8, 2, 15, 2, 8, 15, 19, 1, 8, 11, 3, 7, 2, 1, 7, 8, 11, 3, 7, 2, 11, 3, 7, 2, 11, 1, 16, 2, 18, 18, 8, 8, 8, 18, 13]
bestever    2198    in generation 300
[9, 17, 17, 17, 13, 9, 9, 5, 18, 13, 17, 17, 17, 16, 5, 17, 9, 5, 9, 5, 5, 13, 5, 1, 15, 5, 20, 13, 20, 20, 9, 16, 16, 4, 20, 13, 18, 20, 9, 4, 18, 19, 16, 18, 18, 3, 3, 12, 3, 12, 4, 4, 7, 20, 10, 10, 11, 4, 16, 12, 10, 4, 4, 18, 16, 12, 3, 3, 7, 11, 5, 5, 12, 13, 10, 19, 5, 4, 12, 11, 17, 17, 17, 20, 11, 20, 19, 11, 13, 9, 16, 13, 9, 13, 9, 12, 12, 12, 4, 6, 3, 6, 6, 16, 12, 4, 6, 3, 6, 6, 16, 14, 10, 6, 20, 10, 10, 10, 6, 10, 6, 15, 14, 10, 14, 14, 14, 14, 14, 14, 14, 14, 19, 19, 1, 15, 19, 1, 20, 1, 6, 15, 19, 15, 8, 2, 2, 8, 7, 1, 7, 8, 15, 15, 19, 7, 2, 11, 1, 2, 18, 1, 7, 19, 15, 8, 2, 15, 2, 8, 15, 19, 1, 8, 11, 3, 7, 2, 1, 7, 8, 11, 3, 7, 2, 11, 3, 7, 2, 11, 1, 16, 2, 18, 18, 8, 8, 8, 18, 13]
bestever    2167    in generation 304
[13, 17, 17, 17, 9, 9, 9, 5, 18, 13, 17, 17, 17, 16, 5, 17, 9, 5, 9, 5, 5, 13, 5, 1, 15, 5, 20, 13, 20, 20, 9, 16, 16, 4, 20, 13, 18, 20, 9, 4, 18, 19, 16, 18, 18, 3, 3, 12, 3, 12, 4, 4, 7, 20, 10, 10, 11, 4, 16, 12, 10, 4, 4, 18, 16, 12, 3, 3, 7, 11, 5, 5, 12, 13, 10, 19, 5, 4, 12, 11, 17, 17, 17, 20, 11, 20, 19, 11, 13, 9, 16, 13, 9, 13, 9, 12, 12, 12, 4, 6, 3, 6, 6, 16, 12, 4, 6, 3, 6, 6, 16, 14, 10, 6, 20, 10, 10, 10, 6, 10, 6, 15, 14, 10, 14, 14, 14, 14, 14, 14, 14, 14, 19, 19, 1, 15, 19, 1, 20, 1, 6, 15, 19, 15, 8, 2, 2, 8, 7, 1, 7, 8, 15, 15, 19, 7, 2, 11, 1, 2, 18, 1, 7, 19, 15, 8, 2, 15, 2, 8, 15, 19, 1, 8, 11, 3, 7, 2, 1, 7, 8, 11, 3, 7, 2, 11, 3, 7, 2, 11, 1, 16, 2, 18, 18, 8, 8, 8, 18, 13]
bestever    2157    in generation 313
[13, 17, 17, 17, 9, 9, 9, 5, 18, 13, 17, 17, 17, 16, 5, 17, 9, 5, 9, 5, 5, 13, 5, 1, 15, 5, 20, 13, 20, 20, 9, 16, 16, 4, 20, 13, 18, 20, 9, 4, 18, 19, 16, 18, 18, 3, 3, 12, 3, 12, 4, 4, 7, 20, 10, 18, 11, 4, 16, 12, 10, 4, 4, 10, 16, 12, 3, 3, 7, 11, 5, 5, 12, 13, 10, 19, 5, 4, 12, 11, 17, 17, 17, 20, 11, 20, 19, 11, 13, 9, 16, 13, 9, 13, 9, 12, 12, 12, 4, 6, 3, 6, 6, 16, 12, 4, 6, 3, 6, 6, 16, 14, 10, 6, 20, 10, 10, 10, 6, 10, 6, 15, 14, 10, 14, 14, 14, 14, 14, 14, 14, 14, 19, 19, 1, 15, 19, 1, 20, 1, 6, 15, 19, 15, 8, 2, 2, 8, 7, 1, 7, 8, 15, 15, 19, 7, 2, 11, 1, 2, 18, 1, 7, 19, 15, 8, 2, 15, 2, 8, 15, 19, 1, 8, 11, 3, 7, 2, 1, 7, 8, 11, 3, 7, 2, 11, 3, 7, 2, 11, 1, 16, 2, 18, 18, 8, 8, 8, 13, 18]
bestever    2155    in generation 320
[13, 17, 17, 17, 9, 9, 9, 5, 18, 13, 17, 17, 17, 16, 5, 17, 9, 5, 9, 5, 5, 13, 5, 1, 15, 5, 20, 13, 20, 20, 9, 16, 16, 4, 20, 13, 18, 20, 9, 4, 18, 19, 16, 3, 3, 12, 3, 12, 4, 4, 7, 20, 10, 18, 11, 4, 16, 12, 10, 4, 4, 10, 16, 12, 3, 3, 7, 11, 5, 5, 12, 13, 10, 19, 5, 4, 12, 11, 17, 17, 17, 20, 11, 20, 19, 11, 13, 9, 16, 13, 9, 13, 9, 12, 12, 12, 4, 6, 3, 6, 6, 16, 12, 4, 6, 3, 6, 6, 16, 14, 10, 6, 20, 10, 10, 10, 6, 10, 6, 15, 14, 10, 14, 14, 14, 14, 14, 14, 14, 14, 19, 19, 1, 15, 19, 1, 20, 1, 6, 15, 19, 15, 8, 2, 2, 8, 7, 1, 7, 8, 15, 15, 19, 7, 2, 11, 1, 2, 18, 1, 7, 19, 15, 8, 2, 15, 2, 15, 19, 1, 11, 3, 7, 2, 1, 7, 11, 3, 7, 11, 3, 2, 18, 18, 8, 8, 8, 7, 2, 11, 1, 16, 2, 18, 18, 8, 8, 8, 13, 18]
bestever    2145    in generation 327
[17, 17, 9, 9, 9, 5, 18, 13, 17, 17, 17, 16, 5, 17, 9, 5, 9, 5, 5, 13, 5, 1, 15, 5, 20, 13, 20, 20, 9, 16, 16, 4, 20, 13, 18, 20, 9, 4, 18, 19, 16, 3, 3, 12, 3, 12, 4, 4, 7, 20, 10, 18, 11, 4, 16, 12, 10, 4, 4, 10, 16, 12, 3, 7, 11, 5, 5, 12, 13, 10, 19, 5, 4, 12, 11, 17, 17, 17, 20, 11, 20, 19, 11, 13, 9, 16, 13, 9, 13, 9, 12, 12, 12, 4, 6, 3, 6, 6, 16, 12, 6, 3, 6, 4, 6, 3, 6, 6, 16, 14, 10, 6, 20, 10, 10, 10, 6, 10, 15, 14, 10, 14, 14, 14, 14, 14, 14, 14, 14, 19, 19, 1, 15, 19, 1, 20, 1, 15, 19, 15, 8, 2, 2, 8, 7, 1, 7, 8, 15, 15, 19, 7, 2, 11, 1, 2, 18, 1, 7, 19, 15, 8, 2, 15, 2, 15, 19, 1, 11, 3, 7, 2, 1, 7, 11, 3, 7, 11, 3, 2, 18, 18, 8, 8, 8, 7, 2, 11, 1, 16, 2, 18, 18, 8, 8, 8, 13, 18, 13, 17]
bestever    2144    in generation 626
[9, 9, 9, 5, 13, 17, 16, 5, 9, 5, 9, 5, 5, 5, 13, 17, 17, 17, 17, 17, 5, 1, 15, 5, 20, 13, 20, 20, 9, 16, 16, 4, 20, 13, 20, 9, 4, 19, 16, 3, 3, 12, 3, 12, 4, 4, 7, 20, 10, 11, 4, 16, 12, 10, 4, 4, 10, 16, 12, 3, 7, 11, 5, 12, 13, 10, 19, 5, 4, 12, 11, 17, 17, 17, 20, 11, 20, 19, 11, 13, 9, 16, 13, 9, 13, 9, 12, 12, 12, 4, 3, 6, 16, 12, 6, 3, 6, 6, 6, 4, 6, 3, 6, 6, 16, 14, 10, 6, 20, 10, 10, 10, 6, 10, 15, 14, 10, 14, 14, 14, 14, 14, 14, 14, 14, 19, 19, 1, 15, 19, 1, 20, 1, 15, 19, 15, 2, 2, 7, 1, 7, 15, 15, 19, 7, 2, 11, 1, 2, 1, 19, 15, 15, 15, 19, 18, 1, 11, 18, 18, 3, 7, 1, 11, 3, 11, 3, 18, 8, 8, 8, 2, 8, 2, 7, 8, 2, 18, 18, 8, 7, 2, 7, 7, 2, 11, 1, 18, 8, 16, 2, 18, 18, 8, 8, 17, 8, 13, 18, 13]
bestever    2143    in generation 643
[9, 9, 9, 5, 13, 17, 16, 5, 9, 5, 9, 5, 5, 5, 13, 17, 17, 17, 17, 17, 5, 1, 15, 5, 20, 13, 20, 20, 9, 16, 16, 4, 20, 13, 20, 9, 4, 19, 16, 3, 3, 12, 3, 12, 4, 4, 7, 20, 10, 11, 4, 16, 12, 10, 4, 4, 10, 16, 12, 3, 7, 11, 5, 12, 13, 10, 19, 5, 4, 12, 11, 17, 17, 17, 20, 11, 20, 19, 11, 13, 9, 16, 13, 9, 13, 9, 12, 12, 12, 4, 3, 6, 16, 12, 6, 3, 6, 6, 6, 4, 6, 3, 6, 6, 16, 14, 10, 6, 20, 10, 10, 10, 6, 10, 15, 14, 10, 14, 14, 14, 14, 14, 14, 14, 14, 19, 19, 1, 15, 19, 1, 20, 1, 15, 19, 15, 2, 2, 7, 1, 7, 15, 15, 19, 7, 2, 11, 1, 2, 1, 19, 15, 15, 15, 19, 18, 11, 18, 18, 3, 1, 11, 3, 11, 3, 18, 8, 8, 2, 8, 2, 8, 18, 18, 8, 7, 7, 2, 11, 1, 18, 8, 1, 8, 7, 2, 7, 7, 2, 16, 2, 18, 18, 8, 8, 17, 8, 13, 18, 13]
bestever    2121    in generation 672
[9, 9, 9, 5, 13, 17, 16, 5, 9, 5, 9, 5, 5, 5, 13, 17, 17, 17, 17, 17, 5, 1, 15, 5, 20, 13, 20, 20, 9, 16, 16, 4, 20, 13, 20, 9, 4, 19, 16, 3, 3, 12, 3, 12, 4, 4, 7, 20, 10, 11, 4, 16, 12, 10, 4, 4, 10, 16, 19, 3, 7, 11, 5, 12, 13, 10, 19, 5, 4, 12, 11, 17, 17, 17, 20, 11, 20, 19, 11, 13, 9, 16, 13, 9, 13, 9, 12, 12, 12, 4, 3, 6, 16, 12, 6, 3, 6, 6, 6, 4, 6, 3, 6, 6, 16, 14, 10, 6, 20, 10, 10, 10, 6, 10, 15, 14, 10, 14, 14, 14, 14, 14, 14, 14, 14, 19, 12, 1, 15, 19, 1, 20, 1, 15, 19, 15, 2, 2, 7, 1, 15, 15, 19, 2, 11, 1, 19, 15, 15, 15, 19, 18, 11, 18, 3, 11, 3, 3, 18, 8, 2, 8, 18, 18, 8, 7, 7, 2, 7, 2, 11, 1, 18, 8, 1, 8, 7, 2, 11, 1, 18, 8, 1, 8, 7, 2, 7, 7, 2, 16, 2, 18, 18, 8, 8, 8, 13, 18, 13, 17]
bestever    2120    in generation 798
[9, 9, 9, 5, 13, 17, 16, 5, 9, 5, 9, 5, 5, 5, 13, 17, 17, 17, 17, 17, 5, 1, 15, 5, 20, 13, 20, 20, 9, 16, 16, 4, 20, 13, 20, 9, 4, 19, 16, 3, 3, 12, 3, 12, 4, 4, 7, 20, 10, 11, 4, 16, 12, 10, 4, 4, 10, 16, 19, 3, 7, 11, 5, 12, 13, 10, 19, 5, 4, 12, 11, 17, 17, 17, 20, 11, 20, 19, 11, 13, 9, 16, 13, 9, 13, 9, 12, 12, 12, 4, 3, 6, 16, 12, 6, 3, 6, 6, 6, 4, 6, 3, 6, 6, 16, 14, 10, 6, 20, 10, 10, 10, 6, 10, 15, 14, 10, 14, 14, 14, 14, 14, 14, 14, 14, 19, 12, 1, 15, 19, 1, 20, 1, 15, 19, 15, 2, 2, 1, 15, 19, 11, 1, 19, 15, 15, 15, 15, 19, 18, 11, 3, 11, 3, 3, 18, 18, 18, 8, 7, 2, 18, 8, 8, 7, 2, 7, 17, 8, 2, 1, 11, 7, 2, 7, 2, 2, 2, 11, 1, 18, 1, 8, 7, 2, 1, 8, 7, 7, 18, 8, 16, 18, 18, 8, 8, 8, 13, 18, 13]
bestever    2118    in generation 852
[9, 9, 9, 5, 13, 17, 16, 5, 9, 5, 9, 5, 5, 5, 13, 17, 17, 17, 17, 17, 5, 1, 15, 5, 20, 13, 20, 20, 9, 16, 16, 4, 20, 13, 20, 9, 4, 19, 16, 3, 3, 12, 3, 12, 4, 4, 7, 20, 10, 11, 4, 16, 12, 10, 4, 4, 10, 16, 19, 3, 7, 5, 12, 13, 10, 19, 5, 4, 12, 17, 17, 17, 20, 11, 20, 19, 11, 13, 9, 16, 13, 9, 9, 12, 12, 12, 4, 3, 6, 16, 12, 6, 3, 6, 6, 6, 4, 6, 3, 6, 6, 16, 14, 10, 6, 20, 10, 10, 10, 6, 10, 15, 14, 10, 14, 14, 14, 14, 14, 14, 14, 14, 19, 12, 1, 15, 19, 1, 20, 1, 15, 19, 15, 2, 2, 1, 15, 19, 11, 1, 11, 19, 15, 15, 15, 15, 19, 11, 11, 3, 11, 3, 3, 18, 7, 13, 2, 7, 2, 17, 2, 11, 8, 8, 18, 2, 7, 1, 2, 18, 18, 8, 8, 7, 7, 2, 2, 11, 1, 18, 18, 1, 8, 7, 2, 1, 8, 7, 7, 18, 8, 16, 18, 18, 8, 8, 8, 13, 18, 13]
bestever    2103    in generation 879
[9, 9, 9, 5, 13, 17, 16, 5, 9, 5, 9, 5, 5, 5, 13, 17, 17, 17, 17, 17, 5, 1, 15, 5, 20, 13, 20, 20, 9, 16, 16, 4, 20, 20, 9, 4, 19, 16, 3, 3, 12, 3, 12, 4, 4, 7, 20, 10, 11, 4, 16, 12, 10, 4, 4, 10, 16, 19, 3, 7, 5, 12, 13, 10, 19, 5, 4, 12, 17, 17, 17, 20, 11, 20, 19, 11, 13, 16, 13, 9, 9, 12, 12, 12, 4, 3, 6, 16, 12, 6, 3, 6, 6, 6, 4, 6, 3, 6, 6, 16, 14, 10, 6, 20, 10, 10, 10, 6, 10, 15, 14, 10, 14, 14, 14, 14, 14, 14, 14, 14, 19, 12, 1, 15, 19, 1, 20, 1, 15, 19, 15, 2, 2, 1, 15, 19, 11, 1, 11, 19, 15, 15, 15, 15, 19, 11, 11, 3, 11, 3, 3, 18, 7, 13, 2, 7, 2, 17, 2, 11, 8, 2, 7, 1, 18, 8, 2, 7, 8, 18, 18, 8, 13, 9, 7, 2, 2, 11, 1, 18, 18, 1, 8, 7, 2, 1, 8, 7, 7, 18, 8, 16, 18, 18, 8, 8, 8, 13, 18, 13]
bestever    2094    in generation 888
[9, 9, 9, 5, 13, 17, 16, 5, 9, 5, 9, 5, 5, 5, 13, 17, 17, 17, 17, 17, 5, 1, 15, 5, 20, 13, 20, 20, 9, 16, 16, 4, 20, 20, 9, 4, 19, 16, 3, 3, 12, 3, 12, 4, 4, 7, 20, 10, 11, 4, 16, 12, 10, 4, 4, 10, 16, 19, 3, 7, 5, 12, 13, 10, 19, 5, 4, 12, 17, 17, 17, 20, 20, 19, 11, 13, 16, 13, 9, 9, 12, 12, 12, 4, 3, 6, 16, 12, 6, 3, 6, 6, 6, 4, 6, 3, 6, 6, 16, 14, 10, 6, 20, 10, 10, 10, 6, 10, 15, 14, 10, 14, 14, 14, 14, 14, 14, 14, 14, 19, 12, 1, 15, 19, 1, 20, 1, 15, 19, 15, 2, 2, 1, 15, 19, 11, 1, 11, 19, 11, 15, 15, 15, 15, 19, 11, 11, 3, 11, 3, 3, 18, 7, 13, 2, 7, 2, 17, 2, 11, 8, 2, 7, 1, 18, 8, 2, 7, 8, 18, 18, 8, 13, 9, 7, 2, 2, 11, 1, 18, 18, 1, 8, 7, 2, 1, 8, 7, 7, 18, 8, 16, 18, 18, 8, 8, 8, 13, 18, 13]
bestever    2089    in generation 890
[9, 9, 9, 5, 13, 17, 16, 5, 9, 5, 9, 5, 5, 5, 13, 17, 17, 17, 17, 17, 5, 1, 15, 5, 20, 13, 20, 20, 9, 16, 16, 4, 20, 20, 9, 4, 19, 16, 3, 3, 12, 3, 12, 4, 4, 7, 20, 10, 11, 4, 16, 12, 10, 4, 4, 10, 16, 19, 3, 7, 5, 12, 13, 10, 19, 5, 4, 12, 17, 17, 17, 20, 20, 19, 11, 16, 13, 9, 9, 12, 12, 12, 4, 3, 6, 16, 12, 6, 3, 6, 6, 6, 4, 6, 3, 6, 6, 16, 14, 10, 6, 20, 10, 10, 10, 6, 10, 15, 14, 10, 14, 14, 14, 14, 14, 14, 14, 14, 19, 12, 1, 15, 19, 1, 20, 1, 15, 19, 15, 2, 2, 1, 15, 19, 11, 1, 11, 19, 11, 15, 15, 15, 15, 19, 11, 11, 3, 11, 3, 3, 18, 7, 13, 2, 7, 2, 17, 2, 11, 8, 2, 7, 1, 18, 2, 13, 9, 2, 2, 11, 1, 18, 8, 8, 8, 18, 7, 7, 13, 18, 18, 1, 8, 7, 2, 1, 8, 7, 7, 18, 8, 16, 18, 18, 8, 8, 8, 13, 18, 13]
bestever    2086    in generation 972
[9, 9, 9, 5, 13, 17, 16, 5, 9, 5, 9, 5, 5, 5, 13, 17, 17, 17, 17, 17, 5, 1, 15, 5, 20, 20, 20, 9, 16, 16, 4, 20, 20, 9, 4, 19, 16, 3, 3, 12, 13, 3, 12, 4, 4, 7, 20, 10, 11, 4, 16, 12, 10, 4, 4, 10, 16, 19, 3, 7, 5, 12, 13, 10, 19, 5, 4, 12, 17, 17, 20, 20, 19, 11, 16, 13, 9, 9, 12, 12, 12, 4, 3, 6, 16, 12, 6, 3, 6, 6, 6, 4, 6, 3, 6, 6, 16, 14, 10, 6, 20, 10, 10, 10, 6, 10, 15, 14, 10, 14, 14, 14, 14, 14, 14, 14, 14, 19, 12, 1, 15, 19, 1, 20, 1, 15, 19, 15, 2, 1, 15, 19, 11, 1, 11, 11, 19, 15, 15, 15, 15, 19, 11, 3, 11, 3, 3, 17, 2, 11, 18, 7, 13, 2, 7, 2, 17, 2, 11, 8, 2, 7, 1, 18, 2, 9, 2, 2, 11, 1, 13, 18, 8, 8, 8, 7, 7, 18, 13, 18, 18, 1, 8, 7, 2, 1, 8, 7, 7, 18, 8, 16, 13, 18, 8, 8, 8, 18, 18, 13]
bestever    2079    in generation 1025
[9, 9, 9, 5, 17, 16, 5, 13, 9, 5, 9, 5, 5, 5, 13, 17, 17, 17, 17, 17, 5, 1, 15, 5, 20, 20, 20, 9, 16, 16, 4, 20, 20, 9, 4, 19, 16, 3, 3, 12, 13, 3, 12, 4, 4, 7, 20, 10, 4, 16, 12, 6, 4, 4, 10, 16, 19, 3, 7, 5, 12, 13, 10, 19, 5, 4, 12, 17, 17, 20, 20, 19, 16, 13, 9, 9, 12, 12, 12, 4, 3, 10, 16, 12, 6, 6, 6, 6, 4, 6, 3, 6, 6, 16, 14, 10, 6, 20, 10, 10, 10, 6, 10, 15, 14, 10, 14, 14, 14, 14, 14, 14, 14, 14, 19, 12, 1, 19, 1, 20, 1, 15, 15, 19, 15, 2, 1, 15, 19, 11, 1, 11, 11, 19, 15, 15, 15, 15, 19, 11, 3, 11, 11, 3, 11, 3, 3, 17, 2, 11, 7, 2, 7, 2, 17, 2, 11, 8, 2, 7, 2, 9, 2, 11, 1, 13, 8, 8, 18, 7, 18, 13, 18, 18, 1, 8, 7, 2, 13, 18, 18, 1, 8, 7, 2, 1, 8, 7, 7, 18, 8, 16, 13, 18, 8, 8, 8, 18, 18, 13]
bestever    2065    in generation 1149
[9, 9, 9, 5, 16, 5, 13, 9, 5, 9, 5, 5, 5, 13, 17, 17, 17, 17, 17, 17, 5, 1, 5, 20, 20, 20, 9, 16, 16, 4, 20, 20, 9, 4, 19, 16, 3, 3, 12, 13, 3, 12, 4, 4, 7, 20, 10, 4, 16, 12, 6, 4, 4, 10, 16, 19, 3, 7, 5, 12, 13, 10, 19, 5, 4, 12, 17, 17, 20, 20, 19, 16, 13, 9, 9, 12, 12, 12, 4, 3, 10, 16, 12, 6, 6, 6, 6, 4, 6, 3, 6, 6, 16, 14, 10, 6, 20, 10, 10, 10, 6, 15, 14, 14, 14, 14, 14, 14, 14, 19, 12, 10, 10, 15, 14, 14, 1, 19, 20, 1, 15, 19, 2, 1, 1, 11, 1, 11, 11, 19, 19, 15, 15, 15, 15, 15, 15, 15, 19, 11, 3, 11, 11, 3, 11, 3, 3, 17, 2, 11, 7, 2, 7, 2, 17, 2, 11, 8, 2, 7, 2, 9, 2, 11, 1, 8, 18, 13, 18, 18, 1, 7, 2, 18, 1, 8, 18, 8, 13, 7, 18, 8, 13, 7, 2, 1, 8, 7, 7, 18, 8, 16, 13, 18, 8, 8, 8, 18, 18, 13]
bestever    2043    in generation 1183
[17, 17, 17, 5, 5, 20, 20, 20, 16, 5, 5, 17, 17, 9, 9, 17, 9, 1, 9, 5, 9, 13, 13, 9, 5, 5, 5, 16, 16, 4, 20, 20, 9, 4, 19, 16, 3, 3, 12, 13, 3, 12, 4, 4, 7, 20, 10, 4, 16, 12, 6, 4, 4, 10, 16, 19, 3, 7, 5, 12, 13, 10, 19, 5, 4, 12, 17, 17, 20, 20, 19, 16, 13, 9, 9, 12, 12, 12, 4, 3, 10, 16, 12, 6, 6, 6, 6, 4, 6, 3, 6, 6, 16, 14, 10, 6, 20, 10, 10, 10, 6, 15, 14, 14, 14, 14, 14, 14, 14, 19, 12, 10, 10, 15, 14, 14, 1, 19, 20, 1, 15, 19, 2, 1, 1, 11, 1, 11, 11, 19, 19, 15, 15, 15, 15, 15, 15, 15, 19, 11, 3, 11, 11, 3, 11, 3, 3, 17, 2, 11, 7, 2, 7, 2, 17, 2, 11, 8, 2, 7, 2, 9, 2, 11, 1, 8, 18, 13, 18, 18, 1, 7, 2, 18, 1, 8, 18, 8, 13, 7, 18, 8, 13, 7, 2, 1, 8, 7, 7, 18, 8, 16, 13, 18, 8, 8, 8, 18, 18, 13]
bestever    2038    in generation 1258
[5, 5, 20, 20, 20, 16, 5, 5, 17, 17, 9, 9, 17, 9, 1, 9, 5, 9, 13, 13, 9, 5, 5, 5, 16, 16, 4, 20, 20, 9, 4, 19, 16, 3, 3, 12, 13, 3, 12, 4, 4, 7, 20, 10, 4, 16, 12, 6, 4, 4, 10, 16, 19, 3, 5, 12, 10, 19, 5, 4, 12, 17, 17, 20, 20, 19, 16, 9, 9, 12, 12, 12, 4, 3, 10, 16, 6, 6, 6, 6, 4, 6, 3, 6, 6, 16, 14, 10, 6, 20, 10, 10, 6, 15, 14, 12, 10, 14, 14, 14, 14, 14, 14, 19, 12, 10, 10, 15, 14, 14, 1, 19, 20, 1, 15, 19, 2, 1, 1, 11, 1, 11, 11, 19, 15, 15, 15, 19, 15, 15, 15, 15, 19, 11, 3, 11, 11, 3, 11, 3, 3, 17, 2, 11, 2, 2, 2, 11, 8, 2, 2, 9, 11, 1, 8, 18, 18, 8, 8, 13, 8, 13, 18, 13, 7, 2, 18, 1, 8, 7, 7, 13, 7, 2, 18, 1, 8, 7, 7, 18, 8, 13, 7, 2, 18, 1, 8, 7, 7, 18, 8, 16, 13, 17, 18, 18, 13, 17, 17, 17]
bestever    1979    in generation 1317
[5, 5, 20, 20, 20, 16, 5, 5, 9, 9, 9, 1, 9, 5, 9, 13, 13, 9, 5, 5, 5, 16, 16, 4, 20, 20, 9, 4, 19, 16, 3, 3, 12, 13, 3, 12, 4, 4, 7, 20, 10, 4, 16, 12, 6, 4, 4, 10, 16, 19, 3, 6, 12, 10, 19, 5, 4, 12, 20, 20, 19, 16, 9, 9, 12, 12, 12, 4, 3, 10, 16, 6, 17, 17, 6, 5, 6, 4, 6, 3, 6, 6, 16, 14, 10, 6, 20, 10, 10, 6, 15, 14, 12, 10, 14, 17, 14, 14, 14, 14, 14, 19, 12, 10, 10, 15, 14, 14, 1, 19, 20, 1, 15, 19, 2, 1, 1, 11, 1, 11, 11, 19, 15, 15, 15, 19, 15, 15, 15, 15, 19, 11, 3, 11, 11, 17, 17, 3, 11, 3, 3, 17, 2, 11, 2, 2, 2, 11, 8, 2, 2, 9, 11, 1, 8, 18, 18, 8, 8, 13, 8, 13, 13, 7, 2, 8, 7, 7, 13, 7, 18, 1, 18, 13, 2, 18, 1, 8, 7, 7, 18, 8, 7, 2, 18, 1, 8, 7, 7, 18, 8, 16, 13, 17, 18, 18, 13, 17, 17, 17]
bestever    1978    in generation 1327
[5, 5, 20, 20, 20, 16, 5, 5, 9, 9, 9, 1, 9, 5, 9, 13, 13, 9, 5, 5, 5, 16, 16, 4, 20, 20, 9, 4, 19, 16, 3, 3, 12, 13, 3, 12, 4, 4, 20, 10, 4, 16, 12, 6, 4, 4, 10, 16, 19, 3, 6, 12, 10, 19, 5, 4, 12, 20, 20, 19, 16, 9, 9, 12, 12, 12, 4, 3, 10, 6, 17, 17, 6, 5, 6, 4, 6, 3, 6, 6, 16, 14, 10, 6, 20, 10, 10, 6, 15, 14, 12, 10, 14, 14, 14, 14, 14, 14, 19, 12, 10, 10, 15, 14, 14, 1, 19, 20, 1, 15, 19, 2, 1, 1, 11, 1, 11, 11, 19, 15, 15, 15, 19, 15, 15, 15, 15, 19, 11, 3, 11, 11, 17, 17, 3, 11, 3, 3, 17, 2, 11, 2, 2, 2, 11, 8, 2, 2, 9, 11, 8, 8, 13, 8, 13, 13, 2, 8, 7, 7, 18, 1, 18, 18, 7, 7, 18, 8, 7, 2, 18, 1, 1, 8, 7, 7, 8, 7, 2, 1, 8, 16, 13, 17, 18, 18, 13, 7, 7, 18, 8, 16, 13, 17, 18, 18, 13, 17, 17, 17]
bestever    1968    in generation 1333
[20, 9, 16, 20, 5, 20, 9, 9, 5, 1, 9, 5, 5, 5, 9, 13, 13, 9, 5, 5, 5, 16, 16, 4, 20, 20, 9, 4, 19, 16, 3, 3, 12, 13, 3, 12, 4, 4, 20, 10, 4, 16, 12, 6, 4, 4, 10, 16, 19, 3, 6, 12, 10, 19, 5, 6, 12, 20, 20, 19, 16, 9, 9, 12, 12, 12, 4, 3, 10, 6, 17, 17, 6, 5, 4, 4, 6, 3, 6, 6, 16, 14, 10, 6, 20, 10, 10, 6, 15, 14, 12, 10, 14, 14, 14, 14, 14, 14, 19, 12, 10, 10, 15, 14, 14, 1, 19, 20, 1, 15, 19, 2, 1, 1, 11, 1, 11, 11, 19, 15, 15, 15, 19, 15, 15, 15, 15, 19, 11, 3, 11, 11, 17, 17, 3, 11, 3, 3, 17, 2, 11, 2, 2, 2, 11, 8, 2, 2, 9, 11, 8, 8, 13, 8, 13, 13, 2, 8, 7, 7, 18, 1, 18, 18, 7, 7, 18, 8, 7, 2, 18, 1, 1, 8, 7, 7, 8, 7, 2, 1, 8, 16, 13, 17, 18, 18, 13, 7, 7, 18, 8, 16, 13, 17, 18, 18, 13, 17, 17, 17]
bestever    1967    in generation 1393
[20, 9, 16, 20, 5, 20, 9, 9, 5, 1, 9, 5, 5, 5, 9, 13, 13, 9, 5, 5, 5, 16, 16, 4, 20, 20, 9, 4, 19, 16, 3, 3, 12, 13, 3, 12, 4, 4, 20, 10, 4, 16, 12, 6, 4, 4, 10, 16, 19, 3, 6, 12, 10, 19, 5, 6, 12, 20, 20, 19, 16, 9, 9, 12, 12, 12, 4, 3, 10, 6, 17, 17, 6, 5, 4, 4, 6, 3, 6, 6, 16, 14, 10, 6, 20, 10, 10, 6, 15, 14, 12, 10, 14, 14, 14, 14, 14, 14, 19, 12, 10, 10, 15, 14, 14, 1, 19, 20, 1, 15, 19, 2, 1, 1, 11, 1, 11, 11, 19, 15, 15, 15, 19, 15, 15, 15, 15, 19, 11, 3, 11, 11, 3, 11, 3, 3, 17, 2, 11, 2, 2, 2, 11, 8, 2, 2, 9, 11, 8, 17, 17, 8, 13, 8, 13, 13, 2, 8, 7, 7, 18, 1, 18, 18, 7, 7, 18, 8, 7, 2, 18, 1, 1, 8, 7, 7, 8, 7, 2, 1, 8, 16, 13, 17, 18, 18, 13, 7, 7, 18, 8, 16, 13, 17, 18, 18, 13, 17, 17, 17]
bestever    1923    in generation 1409
[20, 9, 16, 20, 5, 20, 9, 9, 5, 1, 9, 5, 5, 5, 9, 13, 13, 9, 5, 5, 5, 16, 16, 4, 20, 20, 9, 4, 19, 16, 3, 3, 12, 13, 3, 12, 4, 4, 20, 4, 12, 6, 4, 4, 10, 16, 19, 3, 6, 12, 10, 19, 5, 6, 12, 20, 20, 19, 16, 9, 9, 12, 12, 12, 4, 3, 10, 6, 17, 17, 5, 4, 10, 6, 4, 6, 3, 6, 6, 16, 14, 10, 6, 20, 10, 10, 6, 15, 14, 12, 10, 14, 14, 14, 14, 14, 14, 19, 12, 10, 10, 15, 14, 14, 1, 19, 20, 1, 15, 19, 2, 1, 1, 11, 1, 11, 11, 19, 15, 15, 15, 19, 15, 15, 15, 15, 19, 11, 3, 11, 11, 3, 11, 3, 3, 2, 11, 2, 2, 2, 11, 8, 2, 2, 9, 11, 8, 17, 8, 13, 8, 13, 2, 8, 7, 7, 18, 1, 18, 18, 7, 7, 18, 8, 7, 2, 1, 1, 8, 7, 7, 8, 7, 16, 13, 17, 18, 17, 2, 1, 8, 16, 13, 17, 18, 18, 13, 7, 7, 18, 8, 16, 13, 17, 18, 18, 13, 17, 17, 17]
bestever    1919    in generation 1415
[20, 9, 16, 20, 5, 20, 9, 9, 5, 1, 9, 5, 5, 5, 9, 13, 9, 5, 5, 5, 16, 16, 4, 20, 20, 9, 4, 19, 16, 3, 3, 12, 3, 12, 4, 4, 20, 4, 12, 6, 4, 4, 10, 16, 19, 3, 6, 12, 10, 19, 5, 6, 12, 20, 20, 19, 16, 9, 9, 12, 12, 12, 4, 3, 10, 6, 17, 17, 5, 4, 10, 6, 4, 6, 3, 6, 6, 16, 14, 10, 6, 20, 10, 10, 6, 15, 14, 12, 10, 14, 14, 14, 14, 14, 14, 19, 12, 10, 10, 15, 14, 14, 1, 19, 20, 1, 15, 19, 2, 1, 1, 11, 1, 11, 11, 19, 15, 15, 15, 19, 15, 15, 15, 15, 19, 11, 3, 11, 11, 3, 11, 3, 3, 2, 11, 2, 2, 2, 11, 8, 2, 2, 9, 11, 8, 17, 8, 8, 13, 2, 8, 7, 7, 1, 18, 1, 7, 7, 16, 13, 18, 2, 1, 8, 13, 8, 7, 7, 8, 7, 16, 13, 18, 17, 2, 1, 8, 13, 17, 18, 18, 13, 7, 17, 18, 18, 13, 7, 7, 18, 8, 16, 13, 17, 18, 18, 13, 17, 17, 17]
bestever    1911    in generation 1588
[20, 9, 16, 20, 5, 20, 9, 9, 5, 1, 9, 5, 5, 5, 9, 9, 5, 5, 5, 16, 16, 4, 20, 20, 9, 4, 19, 16, 3, 3, 12, 3, 12, 4, 4, 20, 4, 12, 6, 4, 4, 10, 16, 19, 3, 6, 12, 10, 19, 5, 6, 12, 20, 20, 19, 16, 9, 9, 12, 12, 12, 4, 3, 10, 6, 5, 4, 10, 6, 4, 6, 3, 6, 6, 14, 10, 6, 20, 10, 10, 6, 15, 14, 12, 10, 14, 14, 14, 14, 14, 14, 19, 12, 10, 10, 15, 14, 14, 1, 19, 20, 1, 15, 19, 2, 1, 1, 11, 1, 11, 11, 19, 15, 15, 19, 15, 15, 15, 15, 15, 19, 11, 3, 11, 11, 3, 11, 3, 3, 2, 11, 2, 2, 2, 11, 8, 2, 2, 9, 11, 8, 8, 8, 13, 2, 8, 7, 7, 1, 1, 7, 7, 16, 13, 18, 2, 8, 8, 7, 16, 18, 1, 13, 16, 1, 17, 17, 7, 7, 13, 13, 17, 18, 8, 13, 17, 18, 7, 18, 18, 17, 13, 7, 7, 8, 13, 18, 17, 2, 18, 8, 16, 13, 17, 18, 18, 13, 17, 17, 17]
bestever    1908    in generation 2129
[20, 5, 20, 9, 5, 20, 1, 9, 16, 9, 9, 5, 9, 5, 5, 9, 5, 5, 5, 16, 16, 4, 20, 20, 9, 4, 19, 16, 3, 3, 12, 3, 12, 4, 4, 20, 12, 6, 4, 4, 10, 19, 3, 6, 14, 10, 19, 5, 6, 12, 20, 20, 19, 9, 12, 9, 12, 12, 4, 4, 3, 6, 5, 4, 6, 4, 6, 2, 3, 6, 12, 6, 6, 14, 20, 10, 10, 10, 10, 6, 15, 14, 12, 10, 10, 14, 14, 14, 14, 14, 19, 12, 10, 10, 15, 14, 14, 1, 19, 20, 1, 15, 19, 2, 1, 1, 1, 19, 15, 15, 11, 11, 11, 19, 15, 15, 15, 15, 15, 19, 11, 3, 11, 11, 3, 11, 3, 3, 2, 11, 2, 2, 11, 8, 2, 2, 9, 11, 8, 8, 7, 1, 1, 7, 2, 16, 16, 8, 7, 16, 13, 2, 8, 7, 16, 1, 13, 8, 7, 1, 7, 13, 13, 8, 7, 13, 8, 7, 16, 7, 7, 8, 2, 8, 16, 18, 13, 13, 17, 13, 17, 18, 18, 17, 13, 17, 18, 18, 17, 18, 17, 18, 13, 18, 17, 17, 18, 18, 17, 17]
bestever    1893    in generation 2854
[20, 9, 20, 5, 9, 9, 5, 9, 5, 9, 5, 9, 5, 16, 16, 4, 20, 20, 9, 4, 19, 3, 3, 12, 3, 12, 4, 4, 20, 12, 6, 4, 4, 19, 3, 6, 14, 10, 19, 15, 5, 6, 12, 20, 19, 9, 12, 9, 12, 4, 4, 3, 6, 5, 4, 4, 20, 3, 6, 6, 12, 6, 14, 20, 10, 6, 12, 10, 10, 10, 10, 6, 12, 10, 2, 1, 1, 10, 14, 14, 14, 14, 14, 6, 14, 19, 12, 10, 10, 20, 16, 5, 5, 5, 15, 14, 14, 1, 19, 20, 2, 1, 1, 1, 11, 11, 11, 19, 19, 15, 19, 15, 15, 15, 15, 15, 15, 15, 19, 11, 3, 11, 11, 3, 11, 3, 3, 2, 11, 2, 2, 11, 8, 2, 2, 9, 11, 8, 8, 1, 1, 2, 13, 2, 8, 1, 13, 8, 16, 13, 1, 7, 8, 16, 7, 8, 2, 13, 13, 13, 13, 8, 8, 13, 16, 18, 7, 17, 18, 18, 8, 18, 18, 16, 7, 17, 18, 16, 7, 17, 18, 17, 18, 17, 7, 13, 16, 7, 17, 7, 7, 13, 16, 7, 17, 17, 18, 18, 17, 17]
bestever    1852    in generation 2894
[9, 9, 9, 5, 5, 5, 9, 5, 5, 9, 9, 16, 4, 20, 20, 20, 20, 9, 4, 19, 3, 3, 12, 3, 12, 4, 4, 20, 12, 6, 4, 4, 19, 3, 6, 14, 10, 19, 15, 5, 6, 12, 20, 19, 9, 12, 9, 12, 4, 4, 3, 6, 5, 4, 4, 20, 3, 6, 6, 12, 6, 14, 20, 10, 6, 12, 10, 10, 10, 10, 6, 12, 10, 2, 1, 1, 10, 14, 14, 14, 14, 14, 6, 14, 19, 12, 10, 10, 20, 16, 5, 5, 5, 15, 14, 14, 1, 19, 20, 2, 1, 1, 1, 11, 11, 19, 19, 15, 19, 15, 15, 15, 15, 15, 15, 15, 19, 11, 11, 11, 11, 3, 11, 3, 3, 3, 2, 11, 2, 2, 11, 8, 2, 2, 9, 11, 8, 8, 1, 1, 2, 2, 8, 1, 13, 8, 16, 13, 1, 7, 8, 16, 7, 8, 13, 16, 2, 13, 13, 13, 13, 8, 8, 13, 16, 18, 7, 17, 18, 18, 8, 18, 18, 16, 7, 17, 18, 16, 7, 17, 18, 17, 18, 17, 7, 13, 16, 7, 17, 7, 7, 13, 16, 7, 17, 17, 18, 18, 17, 17]
bestever    1837    in generation 3265
[9, 5, 9, 9, 5, 5, 5, 5, 9, 9, 9, 4, 20, 20, 20, 20, 9, 4, 19, 3, 3, 12, 3, 12, 4, 4, 20, 12, 6, 4, 4, 19, 3, 6, 14, 10, 19, 5, 6, 12, 20, 19, 9, 12, 9, 12, 4, 4, 3, 6, 5, 4, 4, 20, 3, 6, 6, 12, 6, 14, 20, 10, 6, 12, 10, 10, 10, 10, 6, 12, 10, 2, 1, 1, 10, 14, 14, 14, 14, 14, 6, 14, 19, 12, 10, 10, 20, 16, 5, 5, 5, 14, 14, 1, 19, 20, 1, 1, 1, 19, 15, 15, 15, 15, 15, 15, 19, 11, 11, 3, 3, 3, 3, 2, 11, 19, 15, 15, 2, 2, 11, 11, 8, 2, 9, 11, 8, 1, 1, 2, 2, 1, 8, 16, 13, 1, 8, 19, 15, 15, 2, 2, 8, 11, 11, 16, 7, 13, 16, 8, 11, 11, 13, 2, 13, 8, 13, 16, 18, 13, 13, 8, 8, 7, 18, 18, 8, 18, 7, 13, 16, 18, 16, 7, 17, 18, 16, 7, 17, 18, 17, 18, 17, 13, 16, 7, 17, 7, 7, 7, 13, 16, 7, 17, 17, 17, 18, 18, 17, 17]
bestever    1835    in generation 4061
[9, 9, 9, 5, 5, 5, 5, 5, 9, 9, 9, 4, 20, 20, 20, 20, 9, 4, 19, 3, 3, 12, 3, 12, 4, 4, 20, 12, 6, 4, 4, 19, 3, 14, 10, 19, 5, 6, 12, 20, 19, 9, 12, 9, 12, 4, 4, 3, 6, 5, 4, 4, 20, 3, 6, 6, 12, 14, 20, 6, 10, 10, 6, 12, 10, 10, 10, 6, 12, 10, 2, 1, 1, 10, 14, 14, 14, 14, 14, 6, 19, 12, 10, 10, 20, 16, 5, 5, 5, 14, 14, 1, 19, 1, 1, 1, 19, 15, 15, 15, 15, 15, 19, 11, 11, 3, 3, 3, 6, 3, 19, 15, 9, 8, 11, 16, 1, 16, 2, 11, 1, 15, 2, 2, 11, 15, 2, 11, 2, 2, 11, 19, 2, 2, 11, 13, 2, 13, 18, 18, 11, 13, 16, 13, 11, 8, 8, 8, 20, 16, 8, 8, 7, 13, 13, 8, 15, 8, 8, 8, 16, 18, 18, 16, 15, 7, 7, 16, 16, 7, 13, 18, 1, 1, 14, 18, 18, 18, 7, 7, 13, 18, 18, 13, 16, 13, 7, 17, 17, 17, 7, 7, 17, 17, 7, 17, 17, 17, 17, 17]
bestever    1831    in generation 4287
[9, 9, 9, 5, 5, 5, 5, 5, 9, 9, 9, 4, 20, 20, 20, 20, 9, 4, 19, 3, 3, 12, 3, 12, 4, 4, 20, 12, 6, 4, 4, 19, 3, 14, 10, 19, 5, 6, 12, 20, 19, 9, 12, 9, 12, 4, 4, 3, 6, 5, 20, 4, 4, 20, 3, 6, 6, 12, 14, 20, 6, 10, 10, 6, 12, 10, 10, 10, 6, 12, 10, 2, 1, 1, 10, 14, 14, 14, 6, 19, 14, 14, 12, 10, 10, 20, 16, 5, 5, 5, 14, 14, 1, 19, 1, 1, 1, 19, 15, 15, 15, 15, 15, 19, 11, 11, 3, 3, 6, 3, 3, 19, 9, 8, 11, 16, 1, 16, 2, 1, 15, 2, 15, 11, 15, 11, 11, 2, 2, 2, 2, 11, 19, 2, 2, 11, 13, 2, 13, 18, 18, 11, 13, 16, 11, 8, 8, 8, 16, 8, 8, 13, 8, 15, 8, 8, 8, 16, 16, 15, 16, 18, 7, 7, 7, 18, 1, 1, 14, 13, 16, 13, 7, 18, 18, 7, 18, 7, 18, 13, 13, 18, 18, 13, 16, 13, 7, 17, 17, 17, 7, 7, 17, 17, 7, 17, 17, 17, 17, 17]
bestever    1816    in generation 4431
[9, 9, 9, 5, 5, 5, 5, 5, 9, 9, 9, 4, 20, 20, 20, 20, 9, 4, 19, 3, 3, 12, 3, 12, 4, 4, 20, 12, 6, 4, 4, 19, 3, 14, 10, 19, 5, 6, 12, 20, 19, 9, 12, 9, 12, 4, 4, 3, 6, 5, 20, 4, 4, 20, 3, 6, 6, 12, 14, 20, 6, 10, 10, 6, 12, 10, 10, 10, 6, 12, 10, 2, 1, 1, 10, 14, 14, 14, 6, 19, 14, 14, 12, 10, 10, 20, 5, 5, 5, 14, 14, 1, 19, 1, 1, 1, 19, 15, 15, 15, 15, 15, 19, 11, 11, 3, 3, 6, 3, 3, 19, 9, 8, 11, 16, 2, 15, 2, 15, 11, 15, 2, 2, 11, 2, 11, 2, 11, 19, 2, 2, 11, 13, 2, 13, 18, 18, 11, 16, 11, 8, 16, 8, 8, 16, 18, 16, 15, 8, 8, 8, 8, 16, 15, 1, 1, 18, 1, 1, 14, 16, 16, 8, 7, 13, 13, 7, 16, 8, 7, 13, 13, 18, 18, 7, 18, 7, 7, 18, 13, 13, 18, 18, 13, 16, 13, 7, 17, 17, 17, 7, 7, 17, 17, 7, 17, 17, 17, 17, 17]
bestever    1812    in generation 4491
[9, 9, 9, 5, 5, 5, 5, 5, 9, 9, 9, 4, 20, 20, 20, 20, 9, 4, 19, 3, 3, 12, 3, 12, 4, 4, 20, 12, 6, 4, 4, 19, 3, 14, 10, 19, 5, 6, 12, 20, 19, 9, 12, 9, 12, 4, 4, 3, 6, 5, 20, 4, 4, 20, 3, 6, 6, 12, 14, 20, 6, 10, 10, 6, 12, 10, 10, 10, 6, 12, 10, 2, 1, 1, 10, 14, 14, 14, 6, 19, 14, 14, 12, 10, 10, 20, 5, 5, 5, 14, 14, 1, 19, 1, 1, 1, 19, 15, 15, 15, 15, 15, 19, 11, 11, 3, 3, 6, 3, 3, 19, 9, 8, 16, 2, 15, 2, 15, 15, 2, 11, 2, 11, 2, 11, 11, 2, 11, 19, 2, 2, 11, 13, 2, 13, 18, 18, 11, 16, 11, 8, 16, 8, 8, 16, 18, 16, 15, 8, 8, 8, 8, 16, 15, 1, 1, 18, 1, 1, 14, 16, 16, 8, 7, 13, 13, 7, 16, 8, 7, 13, 13, 18, 18, 7, 18, 7, 7, 18, 13, 13, 18, 18, 13, 16, 13, 7, 17, 17, 17, 7, 7, 17, 17, 7, 17, 17, 17, 17, 17]
bestever    1801    in generation 4961
[5, 9, 5, 5, 4, 9, 9, 20, 9, 5, 9, 9, 5, 20, 20, 20, 9, 4, 19, 3, 3, 12, 3, 12, 4, 4, 20, 12, 6, 4, 4, 19, 3, 14, 10, 19, 5, 6, 12, 20, 19, 9, 12, 9, 4, 4, 3, 6, 5, 20, 4, 4, 20, 3, 6, 12, 14, 20, 6, 10, 10, 6, 12, 6, 12, 10, 10, 10, 6, 12, 10, 5, 10, 14, 14, 14, 6, 19, 14, 14, 12, 10, 10, 20, 5, 2, 5, 14, 14, 1, 19, 1, 1, 1, 1, 1, 3, 15, 15, 19, 11, 11, 3, 3, 6, 3, 19, 9, 8, 16, 15, 15, 2, 15, 15, 11, 11, 15, 15, 11, 11, 19, 2, 2, 19, 2, 2, 11, 2, 2, 2, 2, 11, 16, 11, 8, 16, 8, 8, 16, 15, 8, 8, 8, 8, 15, 1, 14, 16, 16, 7, 18, 8, 1, 1, 18, 16, 13, 13, 1, 18, 18, 8, 13, 18, 13, 16, 13, 7, 7, 18, 18, 13, 7, 18, 11, 16, 7, 7, 13, 18, 13, 18, 13, 16, 13, 7, 17, 17, 7, 7, 17, 17, 17, 7, 17, 17, 17, 17, 17]
bestever    1790    in generation 7085
[5, 5, 9, 20, 9, 5, 9, 9, 4, 9, 5, 9, 5, 20, 20, 20, 9, 4, 19, 12, 3, 12, 4, 20, 12, 6, 4, 4, 19, 3, 19, 5, 6, 12, 20, 19, 12, 9, 3, 4, 3, 9, 3, 4, 3, 6, 5, 4, 4, 20, 4, 6, 20, 6, 10, 10, 12, 6, 10, 12, 10, 10, 6, 12, 6, 15, 12, 10, 5, 14, 14, 14, 6, 10, 20, 14, 14, 19, 14, 14, 1, 12, 10, 16, 10, 20, 5, 5, 14, 14, 1, 19, 1, 1, 10, 1, 1, 3, 15, 19, 3, 3, 9, 8, 11, 18, 15, 11, 15, 15, 11, 11, 18, 19, 15, 15, 19, 19, 11, 16, 15, 2, 11, 2, 2, 2, 2, 2, 2, 2, 11, 2, 2, 11, 11, 8, 8, 8, 18, 16, 1, 14, 1, 1, 1, 7, 6, 7, 16, 15, 13, 8, 11, 8, 8, 8, 3, 13, 18, 7, 7, 18, 18, 16, 18, 16, 16, 16, 13, 18, 16, 18, 18, 16, 7, 7, 8, 8, 15, 13, 13, 7, 7, 13, 7, 17, 13, 13, 17, 17, 17, 7, 13, 17, 13, 17, 17, 17, 17, 17]
bestever    1771    in generation 7862
[5, 9, 20, 5, 9, 5, 9, 9, 4, 9, 5, 9, 5, 20, 20, 20, 9, 4, 19, 12, 3, 12, 4, 20, 12, 6, 4, 4, 19, 14, 3, 19, 5, 6, 12, 20, 19, 12, 9, 3, 4, 3, 9, 3, 4, 3, 6, 5, 4, 4, 20, 4, 6, 20, 6, 10, 12, 10, 10, 10, 6, 12, 6, 12, 6, 15, 14, 6, 10, 20, 14, 14, 12, 10, 14, 19, 12, 10, 14, 10, 10, 20, 5, 14, 5, 5, 14, 14, 19, 1, 1, 1, 1, 10, 1, 1, 3, 19, 3, 3, 9, 11, 15, 15, 15, 15, 19, 15, 15, 19, 19, 15, 11, 2, 2, 2, 11, 2, 2, 11, 2, 2, 2, 2, 11, 11, 2, 11, 11, 8, 11, 8, 8, 8, 1, 14, 1, 1, 1, 6, 15, 8, 11, 8, 13, 8, 8, 3, 18, 18, 18, 16, 16, 16, 16, 18, 18, 16, 18, 16, 18, 16, 16, 13, 18, 16, 18, 7, 7, 7, 18, 16, 7, 7, 8, 8, 15, 13, 13, 7, 7, 7, 13, 13, 7, 13, 13, 17, 17, 17, 13, 7, 13, 17, 17, 17, 17, 17, 17, 17]
bestever    1765    in generation 8817
[9, 5, 20, 9, 4, 5, 9, 9, 9, 5, 9, 5, 20, 20, 20, 9, 4, 19, 12, 5, 3, 12, 4, 20, 12, 6, 4, 4, 19, 14, 3, 19, 5, 6, 12, 20, 19, 12, 9, 3, 4, 3, 9, 3, 4, 3, 6, 5, 4, 4, 20, 4, 6, 20, 6, 10, 12, 10, 10, 10, 6, 12, 6, 12, 8, 6, 14, 6, 10, 20, 14, 14, 12, 10, 1, 14, 19, 14, 10, 10, 10, 20, 5, 14, 5, 5, 14, 15, 14, 19, 1, 1, 1, 1, 10, 1, 3, 19, 3, 3, 9, 15, 15, 15, 15, 19, 15, 15, 19, 19, 15, 2, 2, 2, 2, 2, 2, 2, 11, 11, 2, 11, 11, 11, 11, 2, 2, 11, 11, 11, 8, 8, 8, 8, 1, 14, 1, 1, 16, 6, 15, 8, 11, 13, 8, 8, 3, 1, 18, 12, 18, 16, 18, 16, 16, 18, 16, 18, 16, 18, 16, 16, 18, 15, 16, 8, 8, 18, 18, 18, 16, 13, 7, 13, 7, 13, 7, 13, 13, 7, 13, 7, 7, 17, 13, 7, 7, 17, 17, 17, 13, 13, 17, 17, 7, 7, 17, 17, 17, 17]
bestever    1764    in generation 9219
[9, 5, 20, 9, 4, 5, 9, 9, 5, 5, 20, 20, 20, 9, 4, 19, 12, 5, 3, 12, 4, 20, 12, 6, 4, 4, 19, 14, 3, 19, 5, 6, 12, 20, 19, 12, 9, 3, 4, 3, 9, 3, 5, 4, 3, 6, 5, 4, 4, 20, 4, 20, 15, 6, 10, 12, 10, 10, 10, 6, 12, 9, 9, 6, 6, 12, 6, 14, 6, 10, 20, 14, 14, 12, 10, 1, 14, 19, 14, 10, 10, 10, 20, 14, 5, 5, 14, 15, 14, 19, 1, 1, 1, 1, 10, 1, 3, 3, 3, 9, 15, 15, 15, 19, 19, 15, 19, 15, 19, 15, 2, 2, 2, 2, 18, 8, 2, 2, 11, 11, 11, 2, 2, 11, 11, 11, 2, 11, 11, 11, 8, 8, 8, 8, 1, 14, 1, 1, 16, 6, 15, 8, 11, 13, 8, 8, 3, 1, 12, 16, 16, 16, 16, 16, 16, 15, 8, 8, 18, 16, 16, 18, 18, 18, 18, 2, 18, 18, 18, 18, 16, 13, 13, 13, 7, 13, 7, 13, 7, 7, 7, 13, 7, 7, 17, 7, 17, 17, 13, 13, 13, 17, 17, 17, 7, 7, 17, 17, 17, 17]
