bestever    3334    in generation 0
[9, 7, 17, 9, 2, 12, 19, 9, 20, 14, 10, 5, 7, 12, 15, 18, 20, 2, 7, 14, 2, 20, 19, 8, 9, 14, 17, 10, 5, 11, 6, 17, 1, 18, 7, 17, 11, 16, 7, 3, 7, 8, 2, 19, 10, 16, 16, 17, 11, 5, 5, 19, 2, 6, 4, 12, 8, 16, 6, 11, 12, 8, 19, 12, 14, 9, 8, 12, 10, 16, 11, 6, 20, 18, 7, 19, 8, 10, 10, 16, 15, 16, 19, 15, 1, 1, 1, 11, 18, 6, 11, 4, 14, 9, 7, 14, 15, 12, 19, 11, 3, 4, 15, 13, 20, 5, 16, 3, 12, 11, 20, 16, 4, 7, 12, 4, 6, 9, 20, 13, 15, 17, 8, 15, 5, 4, 1, 14, 10, 5, 13, 1, 8, 5, 2, 13, 5, 10, 8, 15, 18, 19, 8, 13, 6, 2, 3, 3, 4, 7, 3, 13, 17, 18, 13, 3, 9, 4, 19, 14, 9, 15, 3, 11, 16, 1, 18, 4, 4, 20, 9, 3, 13, 1, 20, 14, 12, 6, 2, 18, 17, 6, 18, 15, 3, 13, 2, 2, 18, 14, 10, 20, 10, 17, 6, 1, 1, 13, 5, 17]
bestever    3325    in generation 2
[9, 7, 17, 9, 2, 12, 19, 9, 20, 14, 10, 5, 7, 12, 15, 18, 20, 2, 7, 14, 2, 20, 19, 8, 9, 14, 17, 10, 5, 11, 6, 17, 1, 18, 7, 17, 11, 16, 7, 3, 7, 8, 2, 19, 10, 16, 16, 17, 11, 5, 5, 19, 2, 6, 4, 12, 8, 16, 6, 11, 12, 8, 19, 12, 14, 9, 8, 12, 10, 16, 11, 6, 20, 18, 7, 19, 8, 10, 10, 16, 15, 16, 19, 15, 1, 1, 1, 11, 18, 6, 11, 4, 14, 9, 15, 14, 15, 12, 19, 11, 3, 4, 15, 13, 20, 5, 16, 3, 12, 11, 20, 16, 4, 7, 12, 4, 6, 9, 20, 13, 15, 17, 8, 15, 5, 4, 1, 14, 10, 5, 13, 1, 8, 5, 2, 13, 5, 10, 8, 15, 18, 19, 8, 13, 6, 2, 3, 3, 4, 7, 3, 13, 17, 18, 13, 3, 9, 4, 19, 14, 9, 7, 3, 11, 16, 1, 18, 4, 4, 20, 9, 3, 13, 1, 20, 14, 12, 6, 2, 18, 17, 6, 18, 15, 3, 13, 2, 2, 18, 14, 10, 20, 10, 17, 6, 1, 1, 13, 5, 17]
bestever    3295    in generation 3
[9, 7, 17, 9, 2, 12, 19, 9, 20, 14, 4, 5, 7, 12, 15, 18, 20, 2, 7, 14, 2, 20, 19, 8, 9, 14, 17, 10, 5, 11, 6, 17, 1, 18, 7, 17, 11, 16, 7, 3, 7, 8, 2, 19, 10, 16, 16, 17, 11, 5, 5, 19, 2, 6, 4, 12, 8, 16, 6, 11, 12, 8, 19, 12, 14, 9, 8, 12, 10, 16, 11, 6, 20, 18, 7, 19, 8, 10, 10, 16, 15, 16, 19, 15, 1, 1, 1, 11, 18, 6, 11, 10, 14, 9, 7, 14, 15, 12, 19, 11, 3, 4, 15, 13, 20, 5, 16, 3, 12, 11, 20, 16, 4, 7, 12, 4, 6, 9, 20, 13, 15, 17, 8, 15, 5, 4, 1, 14, 10, 5, 13, 1, 8, 5, 2, 13, 5, 10, 8, 15, 18, 19, 8, 13, 6, 2, 3, 3, 4, 7, 3, 13, 17, 18, 13, 3, 9, 4, 19, 14, 9, 15, 3, 11, 16, 1, 18, 4, 4, 20, 9, 3, 13, 1, 20, 14, 12, 6, 2, 18, 17, 6, 18, 15, 3, 13, 2, 2, 18, 14, 10, 20, 10, 17, 6, 1, 1, 13, 5, 17]
bestever    3202    in generation 4
[2, 12, 19, 9, 20, 14, 10, 5, 7, 12, 15, 18, 20, 2, 7, 14, 2, 20, 19, 8, 9, 14, 17, 10, 5, 11, 6, 17, 1, 18, 7, 17, 11, 16, 7, 3, 7, 8, 2, 19, 10, 16, 2, 19, 12, 16, 16, 17, 11, 5, 5, 19, 2, 6, 4, 12, 8, 6, 11, 12, 8, 19, 12, 14, 9, 8, 12, 10, 16, 11, 6, 20, 18, 7, 8, 10, 16, 15, 16, 19, 15, 1, 1, 1, 11, 18, 6, 11, 4, 14, 9, 15, 14, 15, 12, 19, 11, 3, 4, 15, 13, 20, 5, 16, 3, 10, 11, 20, 16, 4, 7, 12, 4, 6, 9, 20, 13, 15, 17, 8, 15, 5, 4, 1, 14, 10, 5, 13, 1, 8, 5, 2, 13, 5, 10, 8, 15, 18, 19, 8, 13, 6, 2, 3, 3, 4, 7, 3, 13, 17, 18, 13, 3, 9, 4, 19, 14, 9, 7, 3, 11, 16, 1, 18, 4, 4, 20, 9, 3, 13, 1, 20, 14, 12, 6, 18, 17, 6, 18, 15, 3, 13, 2, 2, 18, 14, 10, 20, 10, 17, 6, 1, 1, 13, 5, 17, 9, 7, 17, 9]
bestever    3166    in generation 8
[19, 9, 20, 14, 10, 5, 7, 12, 15, 20, 2, 7, 14, 2, 19, 8, 10, 5, 11, 6, 7, 17, 11, 16, 7, 7, 8, 2, 19, 10, 16, 19, 12, 16, 16, 17, 11, 5, 19, 4, 12, 8, 11, 12, 8, 19, 8, 10, 16, 11, 8, 16, 15, 16, 19, 6, 12, 6, 20, 17, 1, 14, 10, 1, 2, 5, 10, 15, 18, 6, 2, 17, 18, 13, 14, 9, 7, 1, 18, 20, 9, 3, 13, 1, 11, 18, 6, 11, 4, 14, 9, 15, 14, 15, 12, 19, 11, 3, 4, 15, 13, 20, 5, 16, 3, 12, 11, 20, 16, 4, 7, 12, 4, 6, 9, 20, 13, 15, 17, 8, 15, 5, 4, 1, 14, 10, 5, 13, 1, 8, 5, 2, 13, 5, 10, 8, 15, 18, 19, 8, 13, 6, 2, 3, 3, 4, 7, 3, 13, 17, 18, 13, 3, 9, 4, 19, 14, 9, 7, 3, 11, 16, 1, 18, 4, 4, 20, 9, 3, 13, 1, 20, 14, 12, 6, 18, 17, 6, 18, 15, 3, 2, 2, 18, 14, 10, 20, 10, 17, 6, 1, 1, 5, 17, 9, 7, 17, 9, 2, 12]
bestever    3069    in generation 10
[2, 12, 19, 9, 20, 14, 10, 5, 7, 12, 15, 18, 20, 2, 7, 14, 2, 20, 19, 8, 9, 14, 17, 10, 15, 11, 6, 17, 1, 18, 7, 11, 16, 7, 3, 7, 8, 2, 19, 10, 16, 2, 19, 12, 16, 16, 11, 5, 5, 19, 2, 6, 4, 12, 8, 6, 11, 12, 8, 19, 12, 14, 9, 8, 12, 10, 16, 11, 6, 20, 18, 7, 8, 10, 16, 5, 16, 19, 15, 1, 1, 11, 18, 6, 11, 4, 14, 15, 14, 15, 12, 19, 11, 3, 4, 15, 13, 20, 5, 16, 3, 10, 11, 20, 16, 4, 12, 4, 20, 15, 17, 8, 15, 4, 14, 5, 17, 9, 7, 1, 9, 1, 17, 6, 13, 10, 5, 13, 1, 8, 5, 2, 13, 5, 10, 8, 15, 18, 19, 8, 13, 6, 2, 3, 3, 4, 7, 3, 13, 17, 18, 13, 3, 9, 4, 19, 14, 9, 7, 3, 11, 16, 1, 18, 4, 4, 20, 9, 3, 13, 1, 20, 14, 12, 6, 18, 17, 6, 18, 15, 3, 13, 2, 2, 18, 14, 10, 20, 10, 17, 6, 1, 1, 13, 5, 17, 9, 7, 17, 9]
bestever    3057    in generation 11
[2, 12, 19, 9, 20, 14, 10, 5, 7, 12, 15, 18, 20, 2, 7, 14, 2, 20, 19, 8, 9, 14, 17, 10, 15, 11, 6, 17, 1, 18, 7, 11, 16, 7, 3, 7, 8, 2, 19, 10, 16, 2, 19, 12, 16, 16, 11, 5, 5, 19, 2, 6, 4, 12, 8, 6, 11, 12, 8, 19, 12, 14, 9, 8, 12, 10, 16, 11, 6, 20, 18, 7, 8, 10, 16, 5, 16, 19, 15, 1, 1, 11, 18, 6, 11, 4, 14, 15, 14, 15, 12, 19, 11, 3, 4, 15, 13, 5, 5, 16, 3, 10, 11, 20, 16, 4, 12, 4, 20, 15, 17, 8, 15, 4, 14, 5, 17, 9, 7, 1, 9, 1, 17, 6, 13, 10, 5, 13, 1, 8, 20, 2, 13, 5, 10, 8, 15, 18, 19, 8, 13, 6, 2, 3, 3, 4, 7, 3, 13, 17, 18, 13, 3, 9, 4, 19, 14, 9, 7, 3, 11, 16, 1, 18, 4, 4, 20, 9, 3, 13, 1, 20, 14, 12, 6, 18, 17, 6, 18, 15, 3, 13, 2, 2, 18, 14, 10, 20, 10, 17, 6, 1, 1, 13, 5, 17, 9, 7, 17, 9]
bestever    3033    in generation 12
[12, 19, 9, 20, 14, 10, 5, 7, 12, 15, 20, 2, 7, 14, 2, 20, 19, 8, 14, 17, 10, 15, 11, 6, 1, 7, 11, 16, 7, 7, 8, 2, 19, 10, 16, 19, 12, 16, 16, 11, 5, 5, 19, 6, 4, 12, 8, 6, 11, 12, 8, 19, 12, 14, 9, 8, 12, 10, 16, 11, 20, 18, 8, 16, 5, 16, 19, 15, 1, 11, 18, 6, 11, 4, 15, 15, 12, 19, 11, 4, 15, 20, 5, 16, 11, 20, 16, 4, 12, 20, 15, 17, 8, 14, 17, 9, 7, 1, 9, 1, 17, 6, 10, 1, 2, 5, 10, 15, 18, 13, 6, 2, 3, 4, 7, 3, 13, 17, 18, 13, 3, 9, 4, 14, 14, 10, 5, 13, 1, 8, 5, 2, 13, 5, 10, 8, 15, 18, 19, 8, 13, 6, 2, 3, 3, 4, 7, 3, 13, 17, 18, 13, 3, 9, 4, 19, 14, 9, 7, 3, 11, 16, 1, 18, 4, 4, 20, 9, 3, 13, 1, 20, 14, 12, 6, 18, 17, 6, 18, 15, 3, 13, 2, 2, 18, 14, 10, 20, 10, 17, 6, 1, 1, 5, 17, 9, 7, 17, 9, 2]
bestever    3014    in generation 15
[2, 12, 19, 9, 20, 14, 10, 5, 7, 12, 15, 18, 20, 2, 7, 14, 2, 20, 19, 8, 9, 14, 17, 10, 15, 11, 6, 17, 1, 18, 7, 11, 16, 7, 3, 7, 8, 2, 19, 10, 16, 2, 19, 12, 16, 16, 11, 5, 5, 19, 2, 6, 4, 12, 8, 6, 11, 12, 8, 19, 12, 14, 9, 8, 12, 10, 16, 11, 6, 20, 18, 7, 8, 10, 16, 5, 16, 19, 15, 1, 1, 11, 18, 6, 11, 4, 14, 15, 14, 15, 12, 19, 11, 3, 4, 15, 13, 20, 5, 16, 3, 10, 11, 20, 16, 4, 12, 4, 20, 15, 17, 8, 15, 4, 14, 5, 17, 9, 7, 1, 9, 1, 17, 6, 13, 10, 5, 13, 1, 8, 5, 2, 13, 5, 10, 8, 15, 18, 19, 8, 13, 6, 2, 3, 3, 4, 7, 3, 13, 17, 18, 9, 9, 20, 11, 20, 16, 12, 20, 14, 17, 9, 1, 9, 1, 17, 6, 1, 18, 6, 4, 7, 17, 18, 3, 9, 4, 14, 14, 10, 13, 1, 2, 13, 5, 10, 15, 18, 19, 13, 6, 2, 3, 3, 4, 7, 3, 13, 17, 18]
bestever    2928    in generation 19
[2, 12, 19, 9, 20, 14, 10, 5, 7, 12, 15, 18, 20, 2, 7, 14, 2, 20, 19, 8, 9, 14, 2, 10, 15, 11, 6, 17, 1, 18, 7, 11, 16, 7, 3, 7, 8, 2, 19, 10, 16, 2, 19, 12, 16, 16, 11, 5, 5, 19, 2, 6, 4, 12, 8, 6, 11, 4, 8, 19, 12, 14, 9, 8, 12, 10, 16, 11, 6, 20, 18, 7, 8, 10, 16, 5, 16, 19, 15, 1, 1, 11, 18, 6, 11, 4, 14, 15, 14, 15, 12, 19, 11, 3, 4, 15, 13, 20, 5, 16, 3, 10, 11, 20, 16, 4, 12, 4, 20, 15, 17, 8, 15, 4, 14, 5, 17, 9, 7, 1, 9, 1, 17, 6, 13, 10, 5, 13, 1, 8, 5, 2, 13, 5, 10, 8, 15, 18, 19, 8, 13, 6, 2, 3, 3, 4, 7, 3, 13, 17, 18, 13, 3, 9, 4, 19, 14, 9, 7, 3, 11, 16, 1, 18, 12, 4, 20, 9, 3, 13, 1, 20, 14, 12, 6, 18, 17, 6, 18, 15, 3, 13, 2, 17, 18, 14, 10, 20, 10, 17, 6, 1, 1, 13, 5, 17, 9, 7, 17, 9]
bestever    2901    in generation 20
[2, 12, 19, 9, 20, 14, 10, 5, 7, 12, 15, 18, 20, 2, 7, 14, 2, 20, 19, 8, 9, 14, 17, 10, 15, 11, 6, 17, 14, 18, 7, 11, 16, 7, 3, 7, 8, 2, 19, 10, 16, 2, 19, 12, 16, 16, 11, 5, 5, 19, 2, 6, 4, 12, 8, 6, 11, 12, 8, 19, 12, 14, 9, 8, 12, 10, 16, 11, 6, 20, 18, 7, 8, 10, 16, 5, 16, 19, 15, 1, 1, 11, 18, 6, 11, 4, 14, 15, 14, 15, 12, 19, 11, 3, 4, 15, 13, 20, 5, 16, 3, 10, 11, 20, 16, 4, 12, 4, 20, 15, 17, 8, 15, 4, 1, 5, 17, 9, 7, 1, 9, 1, 17, 6, 13, 10, 5, 13, 1, 8, 5, 2, 13, 5, 10, 8, 15, 18, 19, 8, 13, 6, 2, 3, 3, 4, 7, 3, 13, 17, 18, 9, 9, 20, 11, 20, 16, 12, 20, 14, 17, 9, 1, 9, 1, 17, 6, 1, 18, 6, 4, 7, 17, 18, 3, 9, 4, 14, 14, 10, 13, 1, 2, 13, 5, 10, 15, 18, 19, 13, 6, 2, 3, 3, 4, 7, 3, 13, 17, 18]
bestever    2854    in generation 21
[2, 12, 19, 9, 20, 14, 10, 5, 7, 12, 15, 18, 20, 2, 7, 14, 2, 20, 19, 8, 9, 14, 17, 10, 15, 11, 6, 17, 1, 18, 7, 11, 16, 7, 3, 7, 8, 2, 19, 10, 16, 2, 19, 12, 16, 16, 11, 5, 5, 19, 2, 6, 4, 12, 8, 6, 11, 12, 8, 19, 12, 14, 9, 8, 12, 10, 16, 11, 6, 20, 18, 7, 8, 10, 16, 5, 16, 19, 15, 1, 1, 11, 18, 6, 11, 4, 14, 14, 14, 15, 12, 19, 11, 3, 4, 15, 13, 20, 5, 16, 3, 10, 11, 20, 16, 4, 12, 4, 20, 15, 17, 8, 15, 4, 14, 5, 17, 9, 7, 1, 9, 1, 17, 6, 13, 10, 5, 13, 1, 8, 5, 2, 13, 5, 10, 8, 15, 18, 19, 8, 13, 6, 2, 3, 3, 4, 7, 3, 13, 17, 18, 9, 9, 20, 11, 20, 16, 12, 20, 14, 17, 9, 1, 9, 1, 17, 6, 1, 18, 6, 4, 7, 17, 18, 3, 9, 4, 14, 15, 10, 13, 1, 2, 13, 5, 10, 15, 18, 19, 13, 6, 2, 3, 3, 4, 7, 3, 13, 17, 18]
bestever    2842    in generation 26
[2, 12, 19, 9, 20, 14, 10, 5, 7, 12, 15, 18, 20, 2, 7, 14, 2, 20, 19, 8, 9, 14, 17, 10, 15, 11, 6, 17, 1, 18, 7, 11, 16, 7, 3, 7, 8, 2, 19, 10, 16, 2, 19, 12, 16, 16, 11, 5, 5, 19, 2, 6, 4, 12, 8, 6, 11, 12, 8, 19, 12, 14, 9, 8, 12, 10, 16, 11, 6, 20, 18, 7, 8, 10, 16, 5, 16, 19, 15, 1, 1, 11, 18, 6, 17, 4, 14, 14, 14, 15, 12, 19, 11, 3, 4, 15, 13, 20, 5, 16, 3, 10, 11, 20, 16, 4, 12, 4, 20, 15, 17, 8, 15, 4, 14, 5, 17, 9, 7, 1, 9, 1, 17, 6, 13, 10, 5, 13, 1, 8, 5, 2, 13, 5, 10, 8, 15, 18, 19, 8, 13, 6, 2, 3, 3, 4, 7, 3, 13, 17, 18, 9, 9, 20, 11, 20, 16, 12, 20, 14, 17, 9, 1, 9, 1, 17, 6, 1, 18, 6, 4, 7, 11, 18, 3, 9, 4, 14, 15, 10, 13, 1, 2, 13, 5, 10, 15, 18, 19, 13, 6, 2, 3, 3, 4, 7, 3, 13, 17, 18]
bestever    2823    in generation 29
[2, 12, 19, 9, 20, 14, 10, 5, 7, 12, 15, 18, 20, 2, 7, 14, 2, 20, 19, 8, 9, 14, 17, 10, 8, 11, 6, 17, 1, 18, 7, 11, 16, 7, 3, 7, 8, 2, 19, 10, 16, 2, 19, 12, 16, 16, 11, 5, 5, 19, 2, 6, 4, 12, 8, 6, 11, 12, 8, 19, 12, 14, 9, 8, 12, 10, 16, 11, 6, 20, 18, 7, 8, 10, 16, 5, 16, 19, 15, 1, 1, 11, 18, 6, 11, 4, 14, 14, 14, 15, 12, 19, 11, 3, 4, 15, 13, 20, 5, 16, 3, 10, 11, 20, 16, 4, 12, 4, 20, 15, 17, 8, 15, 4, 14, 5, 17, 9, 7, 1, 9, 1, 17, 6, 13, 10, 5, 13, 1, 8, 5, 2, 13, 5, 10, 15, 15, 18, 19, 8, 13, 6, 2, 3, 3, 4, 7, 3, 13, 17, 18, 9, 9, 20, 11, 20, 16, 12, 20, 14, 17, 9, 1, 9, 1, 17, 6, 1, 18, 6, 4, 7, 17, 18, 3, 9, 4, 14, 15, 10, 13, 1, 2, 13, 5, 10, 15, 18, 19, 13, 6, 2, 3, 3, 4, 7, 3, 13, 17, 18]
bestever    2812    in generation 34
[2, 12, 19, 9, 20, 14, 10, 5, 7, 12, 15, 18, 20, 2, 7, 14, 2, 20, 19, 8, 9, 14, 17, 10, 8, 11, 6, 17, 1, 18, 7, 11, 16, 7, 3, 7, 8, 2, 19, 10, 16, 2, 19, 12, 16, 16, 11, 5, 5, 19, 2, 6, 4, 12, 8, 6, 11, 12, 8, 19, 12, 14, 9, 8, 12, 10, 16, 11, 6, 20, 17, 7, 8, 10, 16, 5, 16, 19, 15, 1, 1, 11, 18, 6, 11, 4, 14, 14, 14, 15, 12, 19, 11, 3, 4, 15, 13, 20, 5, 16, 3, 10, 11, 20, 16, 4, 12, 4, 20, 15, 17, 8, 15, 4, 14, 5, 17, 9, 7, 1, 9, 1, 17, 6, 13, 10, 5, 13, 1, 8, 5, 2, 13, 5, 10, 15, 15, 18, 19, 8, 13, 6, 2, 3, 3, 4, 7, 3, 13, 17, 18, 9, 9, 20, 11, 20, 16, 12, 20, 14, 18, 9, 1, 9, 1, 17, 6, 1, 18, 6, 4, 7, 17, 18, 3, 9, 4, 14, 15, 10, 13, 1, 2, 13, 5, 10, 15, 18, 19, 13, 6, 2, 3, 3, 4, 7, 3, 13, 17, 18]
bestever    2767    in generation 36
[2, 12, 19, 9, 20, 14, 10, 5, 7, 12, 15, 18, 20, 2, 7, 14, 2, 20, 19, 8, 9, 14, 17, 10, 8, 11, 6, 17, 1, 18, 7, 11, 16, 7, 3, 7, 8, 2, 19, 10, 16, 2, 19, 12, 16, 16, 11, 5, 5, 19, 2, 6, 4, 12, 8, 6, 11, 12, 8, 19, 12, 14, 9, 8, 12, 10, 16, 11, 6, 20, 17, 7, 8, 10, 16, 5, 16, 19, 15, 1, 1, 11, 18, 6, 11, 4, 14, 14, 14, 15, 12, 19, 11, 3, 4, 15, 13, 20, 15, 16, 3, 10, 11, 20, 16, 4, 12, 4, 20, 15, 17, 8, 5, 4, 14, 5, 17, 9, 7, 1, 9, 1, 17, 6, 13, 10, 5, 13, 1, 8, 5, 2, 13, 5, 10, 15, 15, 18, 19, 8, 13, 6, 2, 3, 3, 4, 7, 3, 13, 17, 18, 9, 9, 20, 11, 20, 16, 12, 20, 14, 18, 9, 1, 9, 1, 17, 6, 1, 18, 6, 4, 7, 17, 18, 3, 9, 4, 14, 15, 10, 13, 1, 2, 13, 5, 10, 15, 18, 19, 13, 6, 2, 3, 3, 4, 7, 3, 13, 17, 18]
bestever    2758    in generation 44
[2, 12, 19, 9, 20, 14, 10, 5, 7, 12, 15, 18, 20, 2, 7, 14, 2, 20, 19, 8, 9, 14, 17, 10, 8, 11, 6, 17, 1, 18, 7, 11, 16, 7, 3, 7, 8, 2, 19, 10, 16, 2, 19, 12, 16, 16, 11, 5, 5, 19, 2, 6, 4, 12, 8, 6, 11, 12, 8, 19, 12, 14, 9, 8, 12, 10, 4, 11, 6, 20, 17, 7, 8, 10, 16, 5, 16, 19, 15, 1, 1, 11, 18, 6, 11, 4, 14, 14, 14, 15, 12, 19, 11, 3, 4, 15, 13, 20, 15, 16, 3, 10, 11, 20, 16, 16, 12, 4, 20, 15, 17, 8, 5, 4, 14, 5, 17, 9, 7, 1, 9, 1, 17, 6, 13, 10, 5, 13, 1, 8, 5, 2, 13, 5, 10, 15, 15, 18, 19, 8, 13, 6, 2, 3, 3, 4, 7, 3, 13, 17, 18, 9, 9, 20, 11, 20, 16, 12, 20, 14, 18, 9, 1, 9, 1, 17, 6, 1, 18, 6, 4, 7, 17, 18, 3, 9, 4, 14, 15, 10, 13, 1, 2, 13, 5, 10, 15, 18, 19, 13, 6, 2, 3, 3, 4, 7, 3, 13, 17, 18]
bestever    2745    in generation 47
[2, 12, 19, 9, 20, 14, 10, 5, 7, 12, 15, 18, 20, 2, 7, 14, 2, 20, 19, 8, 9, 14, 17, 10, 8, 11, 6, 17, 1, 18, 7, 11, 16, 7, 3, 7, 8, 2, 19, 10, 16, 2, 19, 12, 16, 16, 11, 5, 5, 19, 2, 6, 4, 12, 8, 6, 11, 12, 8, 19, 12, 14, 9, 8, 12, 10, 16, 11, 6, 20, 17, 7, 8, 10, 16, 5, 16, 19, 15, 1, 1, 11, 18, 6, 11, 4, 14, 14, 14, 15, 12, 19, 11, 3, 4, 15, 13, 20, 15, 16, 3, 10, 11, 20, 16, 4, 12, 4, 20, 15, 17, 8, 5, 4, 14, 5, 17, 9, 7, 1, 9, 1, 17, 6, 13, 10, 5, 13, 1, 8, 5, 2, 5, 15, 18, 19, 8, 13, 3, 3, 13, 9, 9, 20, 11, 20, 16, 12, 20, 14, 9, 1, 18, 6, 7, 17, 18, 3, 4, 15, 10, 13, 2, 9, 1, 17, 6, 1, 18, 6, 4, 7, 17, 18, 3, 9, 4, 14, 15, 10, 13, 1, 2, 13, 5, 10, 15, 18, 19, 13, 6, 2, 3, 3, 4, 7, 3, 13, 17, 18]
bestever    2697    in generation 50
[2, 12, 19, 9, 20, 14, 10, 5, 7, 12, 15, 18, 20, 2, 7, 14, 2, 20, 19, 8, 9, 14, 17, 10, 8, 11, 6, 17, 1, 18, 7, 11, 16, 7, 3, 7, 8, 2, 19, 10, 16, 2, 19, 12, 16, 16, 11, 5, 5, 19, 2, 6, 4, 12, 8, 6, 11, 12, 8, 19, 12, 14, 9, 8, 12, 10, 16, 11, 6, 20, 17, 7, 8, 10, 16, 5, 16, 19, 15, 1, 1, 11, 18, 6, 11, 4, 14, 14, 14, 15, 12, 19, 11, 3, 4, 15, 13, 20, 15, 16, 3, 10, 11, 20, 16, 4, 12, 4, 20, 15, 17, 8, 5, 4, 14, 5, 17, 9, 7, 1, 9, 1, 17, 6, 13, 10, 5, 13, 1, 8, 5, 2, 5, 15, 18, 19, 8, 13, 3, 3, 13, 9, 9, 20, 11, 20, 16, 6, 7, 17, 3, 4, 15, 10, 13, 2, 18, 12, 20, 14, 18, 9, 1, 9, 1, 17, 6, 1, 18, 6, 4, 7, 17, 18, 3, 9, 4, 14, 15, 10, 13, 1, 2, 13, 5, 10, 15, 18, 19, 13, 6, 2, 3, 3, 4, 7, 3, 13, 17, 18]
bestever    2654    in generation 60
[2, 12, 19, 9, 20, 14, 10, 5, 7, 12, 15, 8, 20, 2, 7, 14, 2, 20, 19, 8, 9, 14, 17, 10, 8, 11, 6, 17, 1, 18, 7, 11, 16, 7, 3, 7, 8, 2, 19, 10, 16, 2, 19, 12, 16, 16, 11, 5, 5, 19, 2, 6, 4, 12, 8, 6, 11, 12, 8, 19, 12, 14, 9, 8, 12, 10, 16, 11, 6, 20, 17, 7, 8, 10, 16, 5, 16, 19, 15, 1, 1, 11, 18, 6, 11, 4, 14, 14, 14, 15, 12, 19, 11, 3, 4, 15, 13, 20, 15, 16, 3, 10, 11, 20, 16, 4, 12, 4, 20, 15, 17, 18, 5, 4, 14, 5, 17, 9, 7, 1, 9, 1, 17, 6, 13, 10, 5, 13, 1, 8, 5, 2, 5, 15, 18, 19, 8, 13, 3, 3, 13, 9, 9, 20, 11, 20, 16, 6, 7, 17, 3, 4, 15, 10, 13, 2, 18, 12, 20, 14, 18, 9, 1, 9, 1, 17, 6, 1, 18, 6, 4, 7, 17, 18, 3, 9, 4, 14, 15, 10, 13, 1, 2, 13, 5, 10, 15, 18, 19, 13, 6, 2, 3, 3, 4, 7, 3, 13, 17, 18]
bestever    2643    in generation 79
[2, 12, 19, 9, 20, 14, 10, 5, 7, 12, 15, 8, 20, 2, 7, 14, 2, 20, 19, 8, 9, 14, 17, 10, 8, 11, 6, 17, 1, 18, 7, 11, 16, 7, 3, 7, 8, 2, 19, 10, 16, 2, 19, 12, 16, 16, 11, 5, 5, 19, 2, 6, 4, 12, 8, 6, 11, 12, 8, 19, 12, 14, 9, 8, 12, 10, 16, 11, 6, 20, 17, 7, 8, 10, 16, 5, 16, 19, 15, 1, 1, 11, 18, 6, 11, 9, 14, 14, 14, 15, 12, 19, 11, 3, 4, 15, 13, 20, 15, 16, 3, 10, 11, 20, 16, 4, 12, 4, 20, 15, 17, 18, 5, 4, 14, 5, 17, 9, 7, 1, 4, 1, 17, 6, 13, 10, 5, 13, 1, 8, 5, 2, 5, 15, 18, 19, 8, 13, 3, 3, 13, 9, 9, 20, 11, 20, 16, 6, 7, 17, 3, 4, 15, 10, 13, 2, 18, 12, 20, 14, 18, 9, 1, 9, 1, 17, 6, 1, 18, 6, 4, 7, 17, 18, 3, 9, 4, 14, 15, 10, 13, 1, 2, 13, 5, 10, 15, 18, 19, 13, 6, 2, 3, 3, 4, 7, 3, 13, 17, 18]
bestever    2632    in generation 80
[2, 12, 19, 9, 20, 14, 10, 5, 7, 12, 15, 8, 20, 2, 7, 14, 2, 20, 19, 8, 9, 14, 17, 10, 8, 11, 6, 17, 1, 18, 7, 11, 16, 7, 3, 7, 8, 2, 19, 10, 16, 2, 19, 12, 16, 16, 11, 5, 5, 19, 2, 6, 4, 12, 8, 6, 11, 12, 8, 19, 12, 14, 9, 8, 12, 10, 16, 11, 6, 20, 17, 7, 8, 10, 16, 5, 16, 19, 15, 1, 1, 11, 18, 6, 11, 4, 14, 14, 14, 15, 12, 19, 11, 3, 4, 15, 13, 20, 15, 16, 3, 10, 11, 20, 16, 4, 12, 4, 20, 15, 17, 18, 5, 4, 14, 5, 17, 9, 7, 1, 9, 1, 17, 6, 13, 10, 5, 13, 1, 8, 5, 2, 5, 15, 18, 19, 8, 13, 3, 3, 13, 9, 9, 1, 11, 20, 16, 6, 7, 17, 3, 4, 15, 10, 13, 2, 18, 12, 20, 14, 18, 9, 1, 9, 20, 17, 6, 1, 18, 6, 4, 7, 17, 18, 3, 9, 4, 14, 15, 10, 13, 1, 2, 13, 5, 10, 15, 18, 19, 13, 6, 2, 3, 3, 4, 7, 3, 13, 17, 18]
bestever    2579    in generation 83
[2, 12, 19, 9, 20, 14, 10, 5, 7, 12, 15, 8, 20, 2, 7, 14, 2, 20, 19, 8, 9, 14, 17, 16, 8, 11, 6, 17, 1, 18, 7, 11, 16, 7, 3, 7, 8, 2, 19, 10, 16, 2, 19, 12, 10, 16, 11, 5, 5, 19, 2, 6, 4, 12, 8, 6, 11, 12, 8, 19, 12, 14, 9, 8, 12, 10, 16, 11, 6, 20, 17, 7, 8, 10, 16, 5, 16, 19, 15, 1, 1, 11, 18, 6, 11, 4, 14, 14, 14, 15, 12, 19, 11, 3, 4, 15, 13, 20, 15, 16, 3, 10, 11, 20, 16, 4, 12, 4, 20, 15, 17, 18, 5, 4, 14, 5, 17, 9, 7, 1, 9, 1, 17, 6, 13, 10, 5, 13, 1, 8, 5, 2, 5, 15, 18, 19, 8, 13, 3, 3, 13, 9, 9, 20, 11, 20, 16, 6, 7, 17, 3, 4, 15, 10, 13, 2, 18, 12, 20, 14, 18, 9, 1, 9, 1, 17, 6, 1, 18, 6, 4, 7, 17, 18, 3, 9, 4, 14, 15, 10, 13, 1, 2, 13, 5, 10, 15, 18, 19, 13, 6, 2, 3, 3, 4, 7, 3, 13, 17, 18]
bestever    2563    in generation 89
[2, 12, 19, 9, 20, 14, 10, 5, 7, 12, 10, 8, 20, 2, 7, 14, 2, 20, 19, 8, 9, 14, 17, 16, 8, 11, 6, 17, 1, 18, 7, 11, 16, 7, 3, 7, 8, 2, 19, 10, 16, 2, 19, 12, 15, 16, 11, 5, 5, 19, 2, 6, 4, 12, 8, 6, 11, 12, 8, 19, 12, 14, 9, 8, 12, 10, 16, 11, 6, 20, 17, 7, 8, 10, 16, 5, 16, 19, 15, 1, 1, 11, 18, 6, 11, 4, 14, 14, 14, 15, 12, 19, 11, 3, 4, 15, 13, 20, 15, 16, 3, 10, 11, 20, 16, 4, 12, 4, 20, 15, 17, 18, 5, 4, 14, 5, 17, 9, 7, 1, 9, 1, 17, 6, 13, 10, 5, 13, 1, 8, 5, 2, 5, 15, 18, 19, 8, 13, 3, 3, 13, 9, 9, 20, 11, 20, 16, 6, 7, 17, 3, 4, 15, 10, 13, 2, 18, 12, 20, 14, 18, 9, 1, 9, 1, 17, 6, 1, 18, 6, 4, 7, 17, 18, 3, 9, 4, 14, 15, 10, 13, 1, 2, 13, 5, 10, 15, 18, 19, 13, 6, 2, 3, 3, 4, 7, 3, 13, 17, 18]
bestever    2562    in generation 95
[2, 12, 19, 9, 20, 14, 16, 5, 7, 12, 10, 8, 20, 2, 7, 14, 2, 20, 19, 8, 9, 14, 17, 16, 8, 11, 6, 17, 1, 18, 7, 11, 16, 7, 3, 7, 8, 2, 19, 10, 16, 2, 19, 12, 15, 16, 11, 5, 5, 19, 2, 6, 4, 12, 8, 6, 11, 12, 8, 19, 12, 14, 9, 8, 12, 10, 16, 11, 6, 20, 17, 7, 8, 10, 16, 5, 10, 19, 15, 1, 1, 11, 18, 6, 11, 4, 14, 14, 14, 15, 12, 19, 11, 3, 4, 15, 13, 20, 15, 16, 3, 10, 11, 20, 16, 4, 12, 4, 20, 15, 17, 18, 5, 4, 14, 5, 17, 9, 7, 1, 9, 1, 17, 6, 13, 10, 5, 13, 1, 8, 5, 2, 5, 15, 18, 19, 8, 13, 3, 3, 13, 9, 9, 20, 11, 20, 16, 6, 7, 17, 3, 4, 15, 10, 13, 2, 18, 12, 20, 14, 18, 9, 1, 9, 1, 17, 6, 1, 18, 6, 4, 7, 17, 18, 3, 9, 4, 14, 15, 10, 13, 1, 2, 13, 5, 10, 15, 18, 19, 13, 6, 2, 3, 3, 4, 7, 3, 13, 17, 18]
bestever    2544    in generation 98
[2, 12, 19, 9, 20, 14, 10, 5, 7, 12, 10, 8, 20, 2, 7, 14, 2, 20, 19, 8, 9, 14, 17, 16, 8, 11, 6, 17, 1, 18, 7, 11, 16, 7, 3, 7, 8, 2, 19, 10, 16, 2, 19, 12, 15, 16, 11, 5, 5, 19, 2, 6, 4, 12, 8, 6, 11, 12, 8, 19, 12, 14, 9, 8, 12, 10, 16, 11, 6, 20, 17, 7, 8, 10, 16, 5, 16, 19, 15, 1, 1, 11, 18, 6, 11, 4, 14, 14, 14, 15, 12, 19, 11, 3, 4, 15, 13, 20, 15, 16, 3, 10, 11, 20, 16, 2, 12, 4, 20, 15, 17, 18, 5, 4, 14, 5, 17, 9, 7, 1, 9, 1, 17, 6, 13, 10, 5, 13, 1, 8, 5, 2, 5, 15, 18, 19, 8, 13, 3, 3, 13, 9, 9, 20, 11, 20, 16, 6, 7, 17, 3, 4, 15, 10, 13, 4, 18, 12, 20, 14, 18, 9, 1, 9, 1, 17, 6, 1, 18, 6, 4, 7, 17, 18, 3, 9, 4, 14, 15, 10, 13, 1, 2, 13, 5, 10, 15, 18, 19, 13, 6, 2, 3, 3, 4, 7, 3, 13, 17, 18]
bestever    2510    in generation 101
[2, 12, 19, 9, 20, 14, 16, 5, 7, 12, 10, 8, 20, 2, 7, 14, 2, 20, 19, 8, 9, 14, 17, 16, 8, 11, 6, 17, 1, 18, 7, 11, 16, 7, 3, 7, 8, 2, 19, 10, 16, 2, 19, 12, 15, 16, 11, 5, 5, 19, 2, 6, 4, 12, 8, 6, 11, 12, 8, 19, 12, 14, 9, 8, 12, 10, 16, 11, 6, 20, 17, 7, 8, 10, 16, 5, 10, 19, 15, 1, 1, 11, 18, 6, 11, 4, 14, 14, 14, 15, 12, 19, 11, 3, 4, 15, 13, 20, 15, 16, 3, 10, 11, 20, 16, 4, 12, 4, 20, 15, 17, 18, 5, 4, 14, 5, 17, 9, 7, 1, 9, 1, 17, 6, 13, 10, 5, 13, 1, 8, 5, 2, 5, 15, 18, 19, 8, 13, 3, 3, 13, 9, 9, 20, 11, 20, 16, 6, 7, 17, 3, 4, 15, 10, 13, 2, 18, 12, 20, 14, 19, 9, 1, 9, 1, 17, 6, 1, 18, 6, 4, 7, 17, 18, 3, 9, 4, 14, 15, 10, 13, 1, 2, 13, 5, 10, 15, 18, 18, 13, 6, 2, 3, 3, 4, 7, 3, 13, 17, 18]
bestever    2486    in generation 109
[2, 12, 19, 9, 20, 14, 16, 5, 7, 12, 10, 8, 20, 2, 7, 14, 2, 20, 19, 8, 9, 14, 17, 16, 8, 11, 6, 17, 1, 18, 7, 11, 16, 7, 3, 7, 8, 2, 19, 10, 16, 2, 19, 12, 15, 16, 11, 5, 5, 19, 2, 6, 4, 12, 8, 6, 11, 12, 8, 19, 12, 14, 9, 8, 12, 10, 16, 11, 6, 20, 17, 7, 8, 10, 16, 5, 10, 19, 15, 1, 1, 11, 18, 6, 11, 4, 14, 14, 14, 15, 12, 19, 11, 3, 4, 15, 13, 20, 15, 16, 3, 10, 11, 20, 16, 4, 12, 4, 20, 15, 17, 18, 5, 4, 14, 5, 17, 9, 7, 1, 9, 1, 17, 6, 13, 10, 5, 13, 1, 8, 5, 2, 5, 15, 19, 8, 13, 3, 13, 9, 9, 20, 11, 20, 16, 3, 15, 10, 13, 2, 12, 20, 14, 19, 9, 1, 18, 6, 7, 17, 18, 3, 4, 9, 1, 17, 6, 1, 18, 6, 4, 7, 17, 18, 3, 9, 4, 14, 15, 10, 13, 1, 2, 13, 5, 10, 15, 18, 18, 13, 6, 2, 3, 3, 4, 7, 3, 13, 17, 18]
bestever    2467    in generation 118
[2, 12, 19, 9, 20, 14, 16, 5, 7, 12, 10, 8, 20, 2, 7, 14, 2, 20, 19, 8, 9, 14, 17, 16, 8, 11, 6, 17, 1, 18, 7, 11, 16, 7, 3, 7, 8, 2, 19, 10, 16, 2, 19, 12, 15, 16, 11, 5, 5, 19, 2, 6, 4, 12, 8, 6, 11, 12, 8, 19, 12, 14, 9, 8, 12, 10, 16, 11, 6, 20, 17, 7, 8, 10, 16, 5, 10, 19, 15, 1, 1, 11, 18, 6, 11, 4, 14, 14, 14, 15, 12, 19, 11, 3, 4, 15, 2, 20, 15, 16, 3, 10, 11, 20, 16, 4, 12, 4, 20, 15, 17, 18, 5, 4, 14, 5, 17, 9, 7, 1, 9, 1, 17, 6, 13, 10, 5, 13, 1, 8, 5, 13, 5, 15, 19, 8, 13, 3, 13, 9, 9, 20, 11, 20, 16, 3, 15, 10, 13, 2, 12, 20, 14, 19, 9, 1, 18, 6, 7, 17, 18, 3, 4, 9, 1, 17, 6, 1, 18, 6, 4, 7, 17, 18, 3, 9, 4, 14, 15, 10, 13, 1, 2, 13, 5, 10, 15, 18, 18, 13, 6, 2, 3, 3, 4, 7, 3, 13, 17, 18]
bestever    2461    in generation 122
[2, 12, 19, 9, 20, 14, 16, 5, 7, 12, 10, 8, 20, 2, 7, 14, 2, 20, 19, 8, 9, 14, 17, 16, 8, 11, 6, 17, 1, 18, 7, 11, 16, 7, 3, 7, 8, 2, 19, 10, 16, 2, 19, 12, 15, 16, 11, 5, 5, 19, 2, 6, 4, 12, 8, 6, 11, 12, 8, 19, 12, 14, 9, 8, 12, 10, 16, 11, 6, 20, 17, 7, 8, 10, 16, 5, 10, 19, 15, 1, 1, 11, 18, 6, 11, 4, 14, 14, 14, 15, 12, 19, 11, 3, 4, 15, 2, 20, 15, 16, 3, 10, 11, 7, 16, 4, 12, 4, 20, 15, 17, 18, 5, 4, 14, 5, 17, 9, 20, 1, 9, 1, 17, 6, 13, 10, 5, 13, 1, 8, 5, 13, 5, 15, 19, 8, 13, 3, 13, 9, 9, 20, 11, 20, 16, 3, 15, 10, 13, 2, 12, 20, 14, 19, 9, 1, 18, 6, 7, 17, 18, 3, 4, 9, 1, 17, 6, 1, 18, 6, 4, 7, 17, 18, 3, 9, 4, 14, 15, 10, 13, 1, 2, 13, 5, 10, 15, 18, 18, 13, 6, 2, 3, 3, 4, 7, 3, 13, 17, 18]
bestever    2456    in generation 140
[2, 12, 19, 9, 20, 14, 16, 17, 7, 12, 10, 8, 20, 2, 7, 14, 2, 20, 19, 8, 9, 14, 5, 16, 8, 11, 6, 17, 1, 18, 7, 11, 16, 7, 3, 7, 8, 2, 19, 10, 16, 2, 19, 12, 15, 16, 11, 5, 5, 19, 2, 6, 4, 12, 8, 6, 11, 12, 8, 19, 12, 14, 9, 8, 12, 10, 16, 11, 6, 20, 17, 7, 8, 10, 16, 5, 10, 19, 15, 1, 1, 11, 18, 6, 11, 4, 14, 14, 14, 15, 12, 19, 11, 3, 4, 15, 2, 20, 15, 16, 3, 10, 11, 20, 16, 4, 12, 4, 20, 15, 17, 18, 5, 4, 14, 5, 17, 9, 7, 1, 9, 1, 17, 6, 13, 10, 5, 13, 1, 8, 5, 13, 5, 15, 19, 8, 13, 3, 13, 9, 9, 20, 11, 20, 16, 3, 15, 10, 12, 20, 14, 19, 9, 1, 18, 6, 7, 17, 18, 3, 4, 9, 1, 17, 6, 1, 6, 4, 7, 17, 18, 3, 9, 4, 14, 15, 10, 13, 2, 13, 18, 1, 2, 13, 5, 10, 15, 18, 18, 13, 6, 2, 3, 3, 4, 7, 3, 13, 17, 18]
bestever    2452    in generation 153
[2, 12, 19, 9, 20, 14, 16, 17, 7, 12, 10, 8, 20, 2, 7, 14, 2, 20, 19, 8, 9, 14, 5, 16, 8, 11, 6, 17, 1, 18, 7, 11, 16, 7, 3, 7, 8, 2, 19, 10, 16, 2, 19, 12, 15, 16, 11, 5, 5, 19, 2, 6, 4, 12, 8, 6, 11, 12, 8, 19, 12, 14, 9, 8, 12, 10, 16, 11, 6, 20, 17, 7, 8, 10, 16, 5, 10, 19, 15, 1, 1, 11, 18, 6, 11, 4, 14, 14, 14, 15, 12, 19, 11, 3, 4, 15, 2, 20, 15, 16, 3, 10, 11, 20, 16, 4, 12, 4, 20, 15, 17, 18, 5, 4, 14, 5, 17, 9, 7, 1, 9, 1, 17, 6, 13, 10, 5, 13, 1, 8, 5, 13, 13, 15, 19, 8, 13, 3, 5, 9, 9, 20, 11, 20, 16, 3, 15, 10, 12, 20, 14, 19, 9, 1, 18, 6, 7, 17, 18, 3, 4, 9, 1, 17, 6, 1, 6, 4, 7, 17, 18, 3, 9, 4, 14, 15, 10, 13, 2, 13, 18, 1, 2, 13, 5, 10, 15, 18, 18, 13, 6, 2, 3, 3, 4, 7, 3, 13, 17, 18]
bestever    2445    in generation 155
[2, 12, 19, 9, 20, 14, 16, 17, 7, 12, 10, 8, 20, 2, 7, 14, 2, 20, 19, 8, 9, 14, 5, 16, 8, 11, 6, 17, 1, 18, 7, 11, 16, 7, 3, 7, 8, 2, 19, 10, 16, 2, 19, 12, 15, 16, 11, 5, 5, 19, 2, 6, 4, 12, 8, 6, 11, 12, 8, 19, 12, 14, 9, 8, 12, 10, 16, 11, 6, 20, 17, 7, 8, 10, 16, 5, 10, 19, 15, 1, 1, 11, 18, 6, 11, 4, 14, 14, 14, 15, 12, 19, 11, 3, 4, 15, 2, 20, 15, 16, 3, 10, 11, 20, 16, 4, 12, 4, 20, 15, 17, 18, 5, 4, 14, 5, 17, 9, 7, 1, 9, 1, 17, 6, 13, 10, 5, 13, 1, 8, 5, 13, 5, 15, 19, 8, 13, 3, 13, 9, 9, 20, 11, 20, 16, 3, 15, 10, 12, 20, 14, 19, 9, 1, 18, 6, 7, 17, 18, 3, 4, 9, 1, 17, 6, 1, 6, 4, 7, 17, 18, 3, 9, 4, 14, 15, 10, 13, 2, 13, 18, 1, 2, 13, 5, 10, 15, 18, 3, 13, 6, 2, 3, 18, 4, 7, 3, 13, 17, 18]
bestever    2434    in generation 164
[2, 12, 19, 9, 20, 14, 16, 17, 7, 12, 10, 8, 20, 2, 7, 14, 2, 20, 19, 8, 9, 14, 5, 16, 8, 11, 6, 17, 1, 18, 7, 11, 16, 7, 3, 7, 8, 2, 19, 10, 16, 2, 19, 12, 15, 16, 11, 5, 5, 19, 2, 6, 4, 12, 8, 6, 11, 12, 8, 19, 12, 14, 9, 8, 12, 10, 16, 11, 6, 20, 17, 7, 8, 10, 16, 5, 10, 19, 15, 1, 1, 11, 18, 6, 11, 4, 14, 14, 14, 15, 12, 19, 11, 3, 4, 15, 2, 20, 15, 16, 3, 10, 11, 20, 16, 4, 12, 4, 20, 15, 17, 18, 5, 4, 14, 5, 17, 9, 7, 1, 9, 1, 17, 6, 13, 10, 5, 13, 1, 8, 7, 13, 5, 15, 19, 8, 13, 3, 13, 9, 9, 20, 11, 20, 16, 3, 15, 10, 12, 20, 14, 19, 9, 1, 18, 6, 7, 17, 18, 3, 4, 9, 1, 17, 6, 1, 6, 4, 5, 17, 18, 3, 9, 4, 14, 15, 10, 13, 2, 13, 18, 1, 2, 13, 5, 10, 15, 18, 3, 13, 6, 2, 3, 18, 4, 7, 3, 13, 17, 18]
bestever    2422    in generation 174
[2, 12, 19, 9, 20, 14, 16, 17, 7, 12, 10, 8, 20, 2, 7, 14, 2, 20, 19, 8, 9, 14, 5, 16, 8, 11, 6, 17, 1, 18, 7, 11, 16, 7, 3, 7, 8, 2, 19, 10, 16, 2, 19, 12, 15, 16, 11, 5, 5, 19, 2, 6, 4, 12, 8, 6, 11, 12, 8, 19, 12, 14, 9, 8, 12, 10, 16, 11, 6, 20, 17, 7, 8, 10, 16, 5, 10, 19, 15, 1, 1, 11, 18, 6, 11, 4, 14, 14, 14, 15, 12, 19, 11, 3, 4, 15, 2, 20, 15, 16, 3, 10, 11, 20, 16, 4, 12, 4, 20, 15, 17, 18, 5, 4, 14, 5, 17, 9, 7, 1, 9, 1, 17, 6, 13, 10, 5, 13, 1, 8, 7, 13, 5, 15, 19, 8, 13, 3, 13, 9, 9, 20, 11, 20, 16, 3, 15, 10, 12, 20, 14, 19, 9, 1, 18, 6, 7, 17, 18, 3, 4, 9, 1, 17, 6, 1, 6, 4, 5, 17, 18, 3, 9, 18, 14, 15, 10, 13, 2, 13, 4, 1, 2, 13, 5, 10, 15, 18, 3, 13, 6, 2, 3, 18, 4, 7, 3, 13, 17, 18]
bestever    2417    in generation 210
[2, 12, 19, 9, 20, 14, 16, 17, 7, 12, 10, 8, 20, 2, 7, 14, 2, 20, 19, 8, 9, 14, 5, 16, 8, 11, 6, 17, 1, 18, 7, 11, 16, 7, 3, 7, 8, 2, 19, 10, 16, 2, 19, 12, 15, 16, 11, 5, 5, 19, 2, 6, 4, 12, 8, 6, 11, 12, 8, 19, 12, 14, 9, 8, 12, 10, 16, 11, 6, 20, 17, 7, 8, 10, 16, 5, 10, 19, 15, 20, 1, 11, 18, 6, 11, 4, 14, 14, 14, 15, 12, 19, 11, 3, 4, 15, 2, 20, 15, 16, 3, 10, 11, 20, 16, 4, 12, 4, 20, 15, 17, 18, 5, 4, 14, 5, 17, 9, 7, 1, 9, 1, 17, 6, 13, 10, 5, 13, 1, 8, 7, 13, 5, 15, 19, 8, 13, 3, 13, 9, 9, 1, 11, 20, 16, 3, 15, 10, 12, 20, 14, 19, 9, 1, 18, 6, 7, 17, 18, 3, 4, 9, 1, 17, 6, 1, 6, 4, 5, 17, 18, 3, 9, 18, 14, 15, 10, 13, 2, 13, 4, 1, 2, 13, 5, 10, 15, 18, 3, 13, 6, 2, 3, 18, 4, 7, 3, 13, 17, 18]
bestever    2413    in generation 229
[2, 12, 19, 9, 20, 14, 16, 17, 7, 12, 10, 8, 20, 2, 7, 14, 2, 20, 19, 8, 9, 14, 5, 16, 8, 11, 6, 17, 1, 7, 11, 16, 7, 3, 7, 8, 2, 19, 10, 16, 2, 19, 12, 15, 16, 11, 5, 5, 19, 2, 6, 4, 12, 8, 6, 11, 12, 8, 19, 12, 14, 9, 8, 12, 10, 16, 11, 6, 20, 17, 7, 8, 10, 16, 5, 10, 19, 15, 20, 1, 11, 6, 11, 4, 14, 14, 14, 15, 12, 19, 11, 3, 4, 15, 2, 20, 15, 16, 10, 11, 20, 16, 4, 12, 20, 15, 17, 5, 14, 5, 17, 9, 7, 1, 9, 1, 13, 10, 5, 13, 1, 8, 13, 15, 19, 8, 13, 13, 9, 9, 1, 11, 20, 16, 3, 10, 12, 20, 14, 19, 9, 7, 18, 3, 4, 1, 6, 4, 5, 17, 18, 3, 18, 15, 18, 6, 7, 17, 18, 3, 4, 9, 1, 17, 6, 1, 6, 4, 5, 17, 18, 3, 9, 18, 14, 15, 10, 13, 2, 13, 4, 1, 2, 13, 5, 10, 15, 18, 3, 13, 6, 2, 3, 18, 4, 7, 3, 13, 17, 18]
bestever    2407    in generation 237
[2, 12, 19, 9, 20, 14, 16, 17, 7, 12, 10, 8, 20, 2, 7, 14, 2, 20, 19, 8, 9, 14, 5, 16, 8, 11, 6, 17, 8, 7, 11, 16, 7, 3, 7, 8, 2, 19, 10, 16, 2, 19, 12, 15, 16, 11, 5, 5, 19, 2, 6, 4, 12, 8, 6, 11, 12, 8, 19, 12, 14, 9, 8, 12, 10, 16, 11, 6, 20, 17, 7, 1, 10, 16, 5, 10, 19, 15, 20, 1, 11, 6, 11, 4, 14, 14, 14, 15, 12, 19, 11, 3, 4, 15, 2, 20, 15, 16, 10, 11, 20, 16, 4, 12, 20, 15, 17, 5, 14, 5, 17, 9, 7, 1, 9, 1, 13, 10, 5, 13, 1, 8, 13, 15, 19, 8, 13, 13, 9, 9, 1, 11, 20, 16, 3, 10, 12, 20, 14, 19, 9, 7, 18, 3, 4, 1, 6, 4, 5, 17, 18, 3, 18, 15, 18, 6, 7, 17, 18, 3, 4, 9, 1, 17, 6, 1, 6, 4, 5, 17, 18, 3, 9, 18, 14, 15, 10, 13, 2, 13, 4, 1, 2, 13, 5, 10, 15, 18, 3, 13, 6, 2, 3, 18, 4, 7, 3, 13, 17, 18]
bestever    2397    in generation 245
[2, 12, 19, 9, 20, 14, 16, 17, 7, 12, 10, 8, 20, 2, 7, 14, 2, 20, 19, 8, 9, 14, 5, 16, 8, 11, 6, 17, 1, 7, 11, 16, 7, 3, 7, 8, 2, 19, 10, 16, 2, 19, 12, 15, 16, 11, 5, 5, 19, 2, 6, 4, 12, 8, 6, 11, 12, 8, 19, 12, 14, 9, 8, 12, 10, 16, 11, 6, 20, 17, 7, 8, 10, 16, 5, 10, 19, 15, 20, 1, 11, 6, 11, 4, 14, 14, 14, 15, 12, 16, 11, 3, 4, 15, 2, 20, 15, 16, 10, 11, 20, 16, 4, 12, 20, 15, 17, 5, 14, 5, 17, 9, 7, 1, 9, 1, 13, 10, 5, 13, 1, 8, 13, 15, 19, 8, 13, 13, 9, 9, 1, 11, 20, 19, 3, 10, 12, 20, 14, 19, 9, 7, 18, 3, 4, 1, 6, 4, 5, 17, 18, 3, 18, 15, 18, 6, 7, 17, 18, 3, 4, 9, 1, 17, 6, 1, 6, 4, 5, 17, 18, 3, 9, 18, 14, 15, 10, 13, 2, 13, 4, 1, 2, 13, 5, 10, 15, 18, 3, 13, 6, 2, 3, 18, 4, 7, 3, 13, 17, 18]
bestever    2393    in generation 256
[2, 12, 19, 9, 20, 14, 16, 17, 7, 12, 10, 8, 20, 2, 7, 14, 2, 20, 19, 8, 9, 14, 5, 16, 8, 11, 13, 17, 1, 7, 11, 16, 7, 3, 7, 8, 2, 19, 10, 16, 2, 19, 12, 15, 16, 11, 5, 5, 19, 2, 6, 4, 12, 8, 6, 11, 12, 8, 19, 12, 14, 9, 8, 12, 10, 16, 11, 6, 20, 17, 7, 8, 10, 16, 5, 10, 19, 15, 20, 1, 11, 6, 11, 4, 14, 14, 14, 15, 12, 16, 11, 3, 4, 15, 2, 20, 15, 16, 10, 11, 20, 16, 4, 12, 20, 15, 17, 5, 14, 5, 17, 9, 7, 1, 9, 1, 13, 10, 5, 13, 1, 8, 6, 15, 19, 8, 13, 13, 9, 9, 1, 11, 20, 19, 3, 10, 12, 20, 14, 19, 9, 7, 18, 3, 4, 1, 6, 4, 5, 17, 18, 3, 18, 15, 18, 6, 7, 17, 18, 3, 4, 9, 1, 17, 6, 1, 6, 4, 5, 17, 18, 3, 9, 18, 14, 15, 10, 13, 2, 13, 4, 1, 2, 13, 5, 10, 15, 18, 3, 13, 6, 2, 3, 18, 4, 7, 3, 13, 17, 18]
bestever    2382    in generation 258
[2, 12, 19, 9, 20, 14, 16, 17, 7, 12, 10, 8, 20, 2, 7, 14, 2, 20, 19, 8, 9, 14, 5, 16, 8, 11, 6, 17, 1, 7, 11, 16, 7, 3, 7, 8, 2, 19, 10, 16, 2, 19, 12, 15, 16, 11, 5, 5, 19, 2, 6, 4, 12, 8, 6, 11, 12, 8, 19, 12, 14, 9, 8, 12, 10, 16, 11, 6, 20, 17, 7, 8, 10, 16, 5, 10, 19, 15, 20, 1, 11, 6, 11, 4, 14, 14, 14, 15, 12, 16, 11, 3, 4, 15, 2, 20, 15, 16, 10, 11, 20, 16, 4, 12, 20, 15, 17, 5, 14, 5, 17, 9, 7, 1, 9, 1, 13, 10, 5, 13, 1, 8, 13, 15, 19, 8, 13, 13, 9, 9, 1, 11, 20, 19, 3, 10, 12, 20, 14, 19, 9, 7, 18, 3, 4, 1, 6, 4, 5, 17, 18, 3, 18, 15, 5, 6, 7, 17, 18, 3, 4, 9, 1, 17, 6, 1, 6, 4, 5, 17, 18, 3, 9, 18, 14, 15, 10, 13, 2, 13, 4, 1, 2, 13, 18, 10, 15, 18, 3, 13, 6, 2, 3, 18, 4, 7, 3, 13, 17, 18]
bestever    2379    in generation 259
[2, 12, 19, 9, 20, 14, 16, 17, 7, 12, 10, 8, 20, 2, 7, 14, 2, 20, 19, 8, 9, 14, 5, 16, 8, 11, 6, 17, 1, 7, 11, 16, 7, 3, 7, 8, 2, 19, 10, 16, 2, 19, 12, 15, 16, 11, 5, 5, 19, 2, 6, 4, 12, 8, 6, 11, 12, 8, 19, 12, 14, 9, 8, 12, 10, 16, 11, 6, 20, 17, 7, 8, 10, 16, 5, 10, 19, 15, 20, 1, 11, 6, 11, 4, 14, 14, 14, 15, 12, 16, 11, 3, 4, 15, 20, 15, 16, 10, 11, 20, 16, 4, 12, 20, 15, 17, 5, 14, 5, 17, 9, 7, 1, 9, 1, 13, 10, 5, 13, 1, 8, 13, 15, 19, 8, 9, 9, 1, 11, 20, 19, 3, 10, 12, 20, 14, 19, 9, 7, 18, 4, 1, 6, 4, 5, 17, 18, 3, 6, 7, 17, 18, 3, 4, 9, 1, 6, 1, 6, 5, 17, 18, 3, 18, 15, 13, 4, 2, 13, 17, 18, 3, 9, 18, 14, 15, 10, 13, 2, 13, 4, 1, 2, 13, 5, 10, 15, 18, 3, 13, 6, 2, 3, 18, 4, 7, 3, 13, 17, 18]
bestever    2374    in generation 260
[2, 12, 19, 9, 20, 14, 16, 17, 7, 12, 10, 8, 20, 2, 7, 14, 2, 20, 19, 8, 9, 14, 5, 16, 8, 11, 6, 17, 1, 7, 11, 16, 7, 3, 7, 8, 2, 19, 10, 16, 2, 19, 12, 15, 16, 11, 5, 5, 19, 2, 6, 4, 12, 8, 14, 11, 12, 8, 19, 12, 14, 9, 8, 12, 10, 16, 11, 6, 20, 17, 7, 8, 10, 16, 5, 10, 19, 15, 20, 1, 11, 6, 11, 4, 14, 6, 14, 15, 12, 16, 11, 3, 4, 15, 20, 15, 16, 10, 11, 20, 16, 4, 12, 20, 15, 17, 5, 14, 5, 17, 9, 7, 1, 9, 1, 13, 10, 5, 13, 1, 8, 13, 15, 19, 8, 9, 9, 1, 11, 20, 19, 3, 10, 12, 20, 14, 19, 9, 7, 18, 4, 1, 6, 4, 5, 17, 18, 3, 6, 7, 17, 18, 3, 4, 9, 1, 6, 1, 6, 5, 17, 18, 3, 18, 15, 13, 4, 2, 13, 17, 18, 3, 9, 18, 14, 15, 10, 13, 2, 13, 4, 1, 2, 13, 5, 10, 15, 18, 3, 13, 6, 2, 3, 18, 4, 7, 3, 13, 17, 18]
bestever    2335    in generation 268
[2, 12, 19, 9, 20, 14, 16, 17, 7, 12, 10, 8, 20, 2, 7, 14, 2, 20, 19, 8, 9, 14, 5, 16, 8, 11, 6, 17, 1, 7, 11, 16, 7, 3, 7, 8, 2, 19, 10, 16, 19, 12, 15, 16, 11, 5, 5, 19, 6, 4, 12, 8, 11, 12, 8, 19, 12, 14, 9, 8, 12, 10, 16, 11, 6, 20, 17, 7, 8, 10, 16, 5, 10, 19, 15, 20, 1, 11, 6, 11, 4, 14, 14, 14, 15, 12, 16, 11, 3, 4, 15, 20, 15, 16, 10, 11, 20, 16, 4, 12, 20, 15, 17, 5, 14, 5, 17, 9, 7, 1, 9, 1, 10, 5, 1, 8, 19, 8, 9, 9, 1, 20, 19, 12, 20, 14, 19, 9, 6, 7, 3, 4, 1, 6, 5, 3, 18, 4, 2, 13, 17, 18, 3, 18, 15, 10, 13, 2, 13, 7, 17, 6, 11, 4, 9, 1, 6, 1, 6, 5, 17, 18, 3, 18, 15, 13, 4, 2, 13, 17, 18, 3, 9, 18, 14, 15, 10, 13, 2, 13, 4, 1, 2, 13, 5, 10, 15, 18, 3, 13, 6, 2, 3, 18, 4, 7, 3, 13, 17, 18]
bestever    2302    in generation 277
[2, 12, 19, 9, 20, 14, 16, 17, 7, 12, 10, 8, 20, 2, 7, 14, 2, 20, 19, 19, 9, 14, 5, 16, 8, 11, 6, 17, 1, 7, 11, 16, 7, 3, 7, 8, 2, 19, 10, 16, 19, 12, 15, 16, 11, 5, 5, 8, 6, 4, 12, 8, 11, 12, 8, 19, 12, 14, 9, 8, 12, 10, 16, 11, 6, 20, 17, 7, 8, 10, 16, 5, 10, 19, 15, 20, 1, 11, 6, 11, 4, 14, 14, 14, 15, 12, 16, 11, 3, 4, 15, 20, 15, 16, 10, 11, 20, 16, 4, 12, 20, 15, 17, 5, 14, 5, 17, 9, 7, 1, 9, 1, 10, 5, 1, 8, 19, 8, 9, 9, 1, 20, 19, 12, 20, 14, 19, 9, 6, 7, 3, 4, 1, 6, 5, 3, 18, 4, 2, 13, 17, 18, 3, 18, 15, 10, 13, 2, 13, 7, 17, 6, 11, 4, 9, 1, 6, 1, 6, 5, 17, 18, 3, 18, 15, 13, 4, 2, 13, 17, 18, 3, 9, 18, 14, 15, 10, 13, 2, 13, 4, 1, 2, 13, 5, 10, 15, 18, 3, 13, 6, 2, 3, 18, 4, 7, 3, 13, 17, 18]
bestever    2225    in generation 300
[2, 12, 19, 9, 20, 14, 16, 17, 7, 12, 10, 8, 20, 2, 7, 14, 2, 20, 19, 19, 9, 14, 5, 16, 8, 11, 6, 17, 1, 7, 11, 16, 19, 3, 7, 8, 2, 19, 10, 16, 7, 12, 15, 16, 11, 5, 5, 8, 6, 4, 12, 8, 11, 12, 8, 19, 12, 14, 9, 8, 12, 10, 16, 11, 6, 20, 17, 7, 8, 10, 16, 5, 10, 19, 15, 20, 1, 11, 6, 11, 4, 14, 14, 14, 15, 12, 16, 11, 3, 4, 15, 20, 15, 16, 10, 11, 20, 16, 4, 12, 20, 15, 17, 5, 14, 5, 17, 9, 7, 1, 9, 1, 10, 5, 1, 8, 19, 8, 9, 9, 1, 20, 19, 12, 20, 14, 19, 9, 6, 7, 3, 4, 1, 6, 5, 3, 18, 4, 2, 13, 17, 18, 3, 18, 15, 10, 13, 2, 13, 7, 17, 6, 11, 4, 9, 1, 6, 1, 6, 5, 17, 18, 3, 18, 15, 13, 4, 2, 13, 17, 18, 3, 9, 18, 14, 15, 10, 13, 2, 13, 4, 1, 2, 13, 5, 10, 15, 18, 3, 13, 6, 2, 3, 18, 4, 7, 3, 13, 17, 18]
bestever    2197    in generation 306
[2, 12, 19, 9, 20, 14, 16, 17, 7, 12, 14, 8, 20, 2, 7, 14, 2, 20, 19, 19, 9, 14, 5, 16, 8, 11, 6, 17, 1, 7, 11, 16, 7, 3, 7, 8, 2, 19, 10, 16, 19, 12, 15, 16, 11, 5, 5, 8, 6, 4, 12, 8, 11, 12, 8, 19, 12, 14, 9, 8, 12, 10, 16, 11, 6, 20, 17, 7, 8, 10, 16, 5, 10, 19, 15, 20, 1, 11, 6, 11, 4, 14, 10, 14, 15, 12, 16, 11, 3, 4, 15, 20, 15, 16, 10, 11, 20, 16, 4, 12, 20, 15, 17, 5, 14, 5, 17, 9, 7, 1, 9, 1, 10, 5, 1, 8, 19, 8, 9, 9, 1, 20, 19, 12, 20, 14, 19, 9, 6, 7, 3, 4, 1, 6, 5, 3, 18, 4, 2, 13, 17, 18, 3, 18, 15, 10, 13, 2, 13, 7, 17, 6, 11, 4, 9, 1, 6, 1, 6, 5, 17, 18, 3, 18, 15, 13, 10, 2, 13, 17, 18, 3, 9, 18, 14, 15, 4, 13, 2, 13, 4, 1, 2, 13, 5, 10, 15, 18, 3, 13, 6, 2, 3, 18, 4, 7, 3, 13, 17, 18]
bestever    2166    in generation 312
[2, 12, 19, 13, 20, 14, 16, 17, 7, 12, 14, 8, 20, 2, 7, 14, 2, 20, 19, 19, 9, 14, 5, 16, 8, 11, 6, 17, 1, 7, 11, 16, 7, 3, 7, 8, 2, 19, 10, 16, 19, 12, 15, 16, 11, 5, 5, 8, 6, 4, 12, 8, 11, 12, 8, 19, 12, 14, 9, 8, 12, 10, 16, 11, 6, 20, 17, 7, 8, 10, 16, 5, 10, 19, 15, 20, 1, 11, 6, 11, 4, 14, 10, 14, 15, 12, 16, 11, 3, 4, 15, 20, 15, 16, 10, 11, 20, 16, 4, 12, 20, 15, 17, 5, 14, 5, 17, 9, 7, 1, 9, 1, 10, 5, 1, 8, 19, 8, 9, 9, 1, 20, 19, 12, 20, 14, 19, 9, 6, 7, 3, 4, 1, 6, 5, 3, 18, 4, 2, 13, 17, 18, 3, 18, 15, 10, 13, 2, 9, 7, 17, 6, 11, 4, 9, 1, 6, 1, 6, 5, 17, 18, 3, 18, 15, 13, 10, 2, 13, 17, 18, 3, 9, 18, 14, 15, 4, 13, 2, 13, 4, 1, 2, 13, 5, 10, 15, 18, 3, 13, 6, 2, 3, 18, 4, 7, 3, 13, 17, 18]
bestever    2158    in generation 327
[2, 12, 19, 12, 20, 14, 16, 17, 7, 13, 14, 8, 20, 2, 7, 14, 2, 20, 19, 19, 9, 14, 5, 16, 8, 11, 6, 17, 1, 7, 11, 16, 7, 3, 7, 8, 2, 19, 10, 16, 19, 12, 15, 16, 11, 5, 5, 8, 6, 4, 12, 8, 11, 12, 8, 19, 12, 14, 9, 8, 12, 10, 16, 11, 6, 20, 17, 7, 8, 10, 16, 20, 10, 19, 15, 5, 1, 11, 6, 11, 4, 14, 10, 14, 15, 12, 16, 11, 3, 4, 15, 20, 15, 16, 10, 11, 20, 16, 4, 12, 20, 15, 17, 5, 14, 5, 17, 9, 7, 1, 9, 1, 10, 5, 1, 8, 19, 8, 9, 9, 1, 20, 19, 12, 20, 14, 19, 9, 6, 7, 3, 4, 1, 6, 5, 3, 18, 4, 2, 13, 17, 18, 3, 18, 15, 10, 13, 2, 9, 7, 17, 6, 11, 4, 9, 1, 6, 1, 6, 5, 17, 18, 3, 18, 15, 13, 10, 2, 13, 17, 18, 3, 9, 18, 14, 15, 4, 13, 2, 13, 4, 1, 2, 13, 5, 10, 15, 18, 3, 13, 6, 2, 3, 18, 4, 7, 3, 13, 17, 18]
bestever    2151    in generation 340
[2, 12, 19, 12, 20, 14, 16, 17, 7, 13, 14, 8, 20, 2, 7, 14, 2, 20, 19, 19, 9, 14, 5, 16, 8, 11, 6, 17, 1, 7, 11, 16, 7, 3, 7, 8, 2, 19, 10, 16, 19, 12, 15, 16, 11, 5, 5, 8, 6, 4, 12, 8, 19, 12, 8, 11, 12, 14, 9, 8, 12, 10, 16, 11, 6, 20, 17, 7, 8, 10, 16, 20, 10, 19, 15, 5, 1, 11, 6, 11, 4, 14, 10, 14, 15, 12, 16, 11, 3, 4, 15, 20, 15, 16, 10, 11, 20, 16, 4, 12, 20, 15, 17, 5, 14, 5, 17, 9, 7, 1, 9, 1, 10, 5, 1, 8, 19, 8, 9, 9, 1, 20, 19, 12, 20, 14, 19, 9, 6, 7, 3, 4, 1, 6, 5, 3, 18, 4, 2, 13, 17, 18, 3, 18, 15, 10, 13, 2, 9, 7, 17, 6, 11, 4, 9, 1, 6, 1, 6, 5, 17, 18, 3, 18, 15, 13, 10, 2, 13, 17, 18, 3, 9, 18, 14, 15, 4, 13, 2, 13, 4, 1, 2, 13, 5, 10, 15, 18, 3, 13, 6, 2, 3, 18, 4, 7, 3, 13, 17, 18]
bestever    2150    in generation 356
[2, 12, 19, 12, 20, 14, 16, 17, 7, 13, 14, 8, 20, 2, 7, 14, 2, 20, 19, 19, 9, 14, 5, 16, 8, 11, 6, 17, 1, 7, 11, 16, 7, 3, 7, 8, 2, 19, 10, 16, 19, 12, 15, 16, 11, 5, 5, 8, 6, 4, 12, 8, 19, 12, 8, 6, 12, 14, 9, 8, 12, 10, 16, 11, 6, 20, 17, 7, 8, 10, 16, 20, 10, 19, 15, 5, 1, 11, 11, 11, 4, 14, 10, 14, 15, 12, 16, 11, 3, 4, 15, 20, 15, 16, 10, 11, 20, 16, 4, 12, 20, 15, 17, 5, 14, 5, 17, 9, 7, 1, 9, 1, 10, 5, 1, 8, 19, 8, 9, 9, 1, 20, 19, 12, 20, 14, 19, 9, 6, 7, 3, 4, 1, 6, 5, 3, 18, 4, 2, 13, 17, 18, 3, 18, 15, 10, 13, 2, 9, 7, 17, 6, 11, 4, 9, 1, 6, 1, 6, 5, 17, 18, 3, 18, 15, 13, 10, 2, 13, 17, 18, 3, 9, 18, 14, 15, 4, 13, 2, 13, 4, 1, 2, 13, 5, 10, 15, 18, 3, 13, 6, 2, 3, 18, 4, 7, 3, 13, 17, 18]
bestever    2143    in generation 422
[2, 12, 19, 12, 20, 14, 16, 17, 7, 13, 14, 8, 20, 2, 7, 14, 2, 20, 19, 19, 9, 14, 5, 16, 8, 11, 6, 17, 1, 7, 11, 16, 7, 3, 7, 8, 20, 19, 10, 16, 19, 12, 15, 16, 11, 5, 5, 8, 6, 4, 12, 8, 19, 12, 8, 6, 12, 14, 9, 8, 12, 10, 16, 11, 6, 20, 17, 7, 8, 10, 16, 2, 10, 19, 15, 5, 1, 11, 11, 11, 4, 14, 10, 14, 15, 12, 16, 11, 3, 4, 15, 20, 15, 16, 10, 11, 20, 16, 4, 12, 20, 15, 17, 5, 14, 5, 17, 9, 7, 1, 9, 1, 10, 5, 1, 8, 19, 8, 9, 9, 1, 20, 19, 12, 20, 14, 19, 9, 6, 7, 3, 4, 1, 6, 5, 3, 18, 4, 2, 13, 17, 18, 3, 18, 15, 10, 13, 2, 9, 7, 17, 6, 11, 9, 4, 1, 6, 1, 6, 5, 17, 18, 3, 18, 15, 13, 10, 2, 13, 17, 18, 3, 9, 18, 14, 15, 4, 13, 2, 13, 4, 1, 2, 13, 5, 10, 15, 18, 3, 13, 6, 2, 3, 18, 4, 7, 3, 13, 17, 18]
bestever    2136    in generation 423
[2, 12, 19, 12, 20, 14, 16, 17, 7, 13, 14, 8, 20, 2, 7, 14, 2, 20, 19, 7, 9, 14, 5, 16, 8, 11, 6, 17, 1, 19, 11, 16, 7, 3, 7, 8, 2, 19, 10, 16, 19, 12, 15, 16, 11, 5, 5, 8, 6, 4, 12, 8, 19, 12, 8, 6, 12, 14, 9, 8, 12, 10, 16, 11, 6, 20, 17, 7, 8, 10, 16, 20, 10, 19, 15, 5, 1, 11, 11, 11, 4, 14, 10, 14, 15, 12, 16, 11, 3, 4, 15, 20, 15, 16, 10, 11, 20, 16, 4, 12, 20, 15, 17, 5, 14, 5, 17, 9, 7, 1, 9, 1, 10, 5, 1, 8, 19, 8, 9, 9, 1, 20, 19, 12, 20, 14, 19, 9, 6, 7, 3, 4, 1, 6, 5, 3, 18, 4, 2, 13, 17, 18, 3, 18, 15, 10, 13, 2, 9, 7, 17, 6, 11, 9, 4, 1, 6, 1, 6, 5, 17, 18, 3, 18, 15, 13, 10, 2, 13, 17, 18, 3, 9, 18, 14, 15, 4, 13, 2, 13, 4, 1, 2, 13, 5, 10, 15, 18, 3, 13, 6, 2, 3, 18, 4, 7, 3, 13, 17, 18]
bestever    2128    in generation 437
[2, 12, 19, 12, 20, 14, 16, 17, 7, 14, 8, 20, 2, 7, 14, 2, 20, 19, 7, 9, 14, 5, 16, 8, 11, 6, 17, 1, 19, 11, 16, 7, 3, 7, 8, 2, 19, 10, 16, 19, 12, 15, 16, 11, 5, 5, 8, 6, 4, 12, 8, 19, 12, 8, 6, 12, 14, 9, 8, 12, 10, 16, 11, 6, 20, 17, 7, 8, 10, 16, 20, 10, 19, 15, 5, 1, 11, 11, 11, 4, 14, 10, 14, 15, 12, 16, 11, 3, 4, 15, 20, 15, 16, 10, 11, 20, 16, 4, 12, 20, 15, 17, 5, 14, 5, 17, 9, 7, 1, 9, 1, 10, 5, 1, 8, 19, 8, 9, 9, 1, 20, 19, 12, 20, 14, 19, 9, 6, 7, 4, 1, 6, 17, 3, 9, 7, 6, 11, 9, 4, 1, 6, 5, 3, 18, 10, 2, 13, 17, 18, 3, 18, 15, 4, 13, 2, 13, 1, 6, 5, 17, 18, 3, 18, 15, 13, 10, 2, 13, 17, 18, 3, 9, 18, 14, 15, 4, 13, 2, 13, 4, 1, 2, 13, 5, 10, 15, 18, 3, 13, 6, 2, 3, 18, 4, 7, 3, 13, 17, 18]
bestever    2116    in generation 464
[2, 12, 19, 12, 20, 14, 16, 17, 7, 14, 8, 20, 2, 7, 14, 2, 20, 19, 7, 9, 14, 5, 16, 8, 11, 6, 17, 1, 19, 11, 16, 7, 3, 7, 8, 2, 19, 10, 16, 19, 12, 15, 16, 11, 5, 5, 8, 6, 4, 12, 8, 19, 12, 8, 6, 12, 14, 9, 8, 12, 10, 16, 11, 6, 20, 17, 7, 8, 10, 16, 20, 10, 19, 15, 5, 1, 11, 11, 11, 4, 14, 10, 14, 15, 12, 16, 11, 3, 4, 15, 20, 15, 16, 10, 11, 20, 16, 4, 12, 20, 15, 17, 5, 14, 5, 17, 9, 7, 1, 9, 1, 10, 5, 1, 8, 19, 8, 9, 9, 1, 20, 19, 12, 20, 14, 19, 9, 6, 7, 4, 1, 6, 17, 3, 9, 7, 6, 11, 9, 4, 1, 6, 5, 3, 18, 10, 2, 13, 17, 18, 3, 18, 15, 4, 13, 2, 13, 1, 6, 5, 17, 18, 3, 18, 15, 13, 10, 2, 13, 17, 3, 9, 18, 14, 15, 4, 2, 13, 4, 1, 2, 13, 18, 13, 5, 10, 15, 18, 3, 13, 6, 2, 3, 18, 4, 7, 3, 13, 17, 18]
bestever    2109    in generation 486
[2, 12, 19, 12, 20, 14, 16, 17, 7, 14, 8, 20, 2, 7, 14, 2, 20, 19, 7, 9, 14, 5, 16, 8, 11, 6, 17, 1, 19, 11, 16, 7, 3, 7, 8, 2, 19, 10, 16, 19, 12, 15, 16, 11, 5, 5, 8, 6, 4, 12, 8, 19, 12, 8, 6, 12, 14, 9, 8, 12, 10, 16, 11, 6, 20, 17, 7, 8, 10, 16, 20, 10, 19, 15, 5, 1, 11, 11, 11, 4, 14, 10, 14, 15, 12, 16, 11, 3, 19, 15, 20, 15, 16, 10, 11, 20, 16, 4, 12, 20, 15, 17, 5, 14, 5, 17, 9, 7, 1, 9, 1, 10, 5, 1, 8, 4, 8, 9, 9, 1, 20, 19, 12, 20, 14, 19, 9, 6, 7, 4, 1, 6, 17, 3, 9, 7, 6, 11, 9, 4, 1, 6, 5, 3, 18, 10, 2, 13, 17, 18, 3, 18, 15, 4, 13, 2, 13, 1, 6, 5, 17, 18, 3, 18, 15, 13, 10, 2, 13, 17, 3, 9, 18, 14, 15, 4, 2, 13, 4, 1, 2, 13, 18, 13, 5, 10, 15, 18, 3, 13, 6, 2, 3, 18, 4, 7, 3, 13, 17, 18]
bestever    2106    in generation 493
[2, 12, 19, 12, 20, 14, 16, 17, 7, 14, 8, 20, 2, 7, 14, 2, 20, 19, 7, 9, 14, 5, 16, 8, 11, 6, 17, 1, 19, 11, 16, 7, 3, 7, 8, 2, 19, 10, 16, 19, 12, 15, 16, 11, 5, 5, 8, 6, 4, 12, 8, 19, 12, 8, 6, 12, 14, 9, 8, 12, 10, 20, 11, 6, 20, 17, 7, 8, 10, 16, 16, 10, 19, 15, 5, 1, 11, 11, 11, 4, 14, 10, 14, 15, 12, 16, 11, 3, 19, 15, 20, 15, 16, 10, 11, 20, 16, 4, 12, 20, 15, 17, 5, 14, 5, 17, 9, 7, 1, 9, 1, 10, 5, 1, 8, 4, 8, 9, 9, 1, 20, 19, 12, 20, 14, 19, 9, 6, 7, 4, 1, 6, 17, 3, 9, 7, 6, 11, 9, 4, 1, 6, 5, 3, 18, 10, 2, 13, 17, 18, 3, 18, 15, 4, 13, 2, 13, 1, 6, 5, 17, 18, 3, 18, 15, 13, 10, 2, 13, 17, 3, 9, 18, 14, 15, 4, 2, 13, 4, 1, 2, 13, 18, 13, 5, 10, 15, 18, 3, 13, 6, 2, 3, 18, 4, 7, 3, 13, 17, 18]
bestever    2088    in generation 505
[2, 12, 19, 12, 20, 14, 16, 17, 7, 14, 8, 20, 2, 7, 14, 2, 20, 19, 7, 9, 14, 5, 16, 8, 11, 6, 17, 1, 19, 11, 16, 7, 3, 7, 8, 2, 19, 10, 16, 19, 12, 15, 16, 11, 5, 5, 8, 6, 4, 12, 8, 19, 12, 8, 6, 12, 14, 9, 8, 12, 10, 20, 11, 6, 20, 17, 7, 8, 10, 16, 16, 10, 19, 15, 5, 1, 11, 11, 11, 2, 14, 10, 14, 15, 12, 16, 11, 3, 19, 15, 20, 15, 16, 10, 11, 20, 16, 4, 12, 20, 15, 17, 5, 14, 5, 17, 9, 7, 1, 9, 1, 10, 5, 1, 8, 4, 8, 9, 9, 1, 20, 19, 12, 20, 14, 19, 9, 6, 7, 4, 1, 6, 17, 3, 9, 7, 6, 11, 9, 4, 1, 6, 5, 3, 18, 10, 2, 13, 17, 18, 3, 18, 15, 4, 13, 4, 13, 1, 6, 5, 17, 18, 3, 18, 15, 13, 10, 2, 13, 17, 3, 9, 18, 14, 15, 4, 2, 13, 4, 1, 2, 13, 18, 13, 5, 10, 15, 18, 3, 13, 6, 2, 3, 18, 4, 7, 3, 13, 17, 18]
bestever    2087    in generation 547
[2, 12, 19, 12, 20, 14, 16, 17, 7, 14, 8, 20, 2, 7, 14, 6, 20, 19, 7, 9, 14, 5, 16, 8, 11, 6, 17, 1, 19, 11, 16, 7, 3, 7, 8, 2, 19, 10, 16, 19, 12, 15, 16, 11, 5, 5, 8, 6, 4, 12, 8, 19, 12, 8, 2, 12, 14, 9, 8, 12, 10, 20, 11, 6, 20, 17, 7, 8, 10, 16, 16, 10, 19, 15, 5, 1, 11, 11, 11, 2, 14, 10, 14, 15, 12, 16, 11, 3, 19, 15, 20, 15, 16, 10, 11, 20, 16, 4, 12, 20, 15, 17, 5, 14, 5, 17, 9, 7, 1, 9, 1, 10, 5, 1, 8, 4, 8, 9, 9, 1, 20, 19, 12, 20, 14, 19, 9, 6, 7, 4, 1, 6, 17, 3, 9, 7, 6, 11, 9, 4, 1, 6, 5, 3, 18, 10, 2, 13, 17, 18, 3, 18, 15, 4, 13, 4, 13, 1, 6, 5, 17, 18, 3, 18, 15, 13, 10, 2, 13, 17, 3, 9, 18, 14, 15, 4, 2, 13, 4, 1, 2, 13, 18, 13, 5, 10, 15, 18, 3, 13, 6, 2, 3, 18, 4, 7, 3, 13, 17, 18]
bestever    2084    in generation 565
[2, 12, 19, 12, 20, 14, 16, 17, 7, 14, 8, 20, 2, 7, 14, 2, 20, 19, 7, 9, 14, 5, 16, 8, 11, 6, 17, 1, 19, 11, 16, 7, 3, 7, 8, 2, 19, 10, 16, 19, 12, 15, 16, 11, 5, 5, 8, 6, 4, 12, 8, 19, 12, 8, 6, 12, 14, 9, 8, 19, 10, 20, 11, 6, 20, 17, 7, 8, 10, 16, 16, 10, 19, 15, 5, 1, 11, 11, 11, 2, 14, 10, 14, 15, 12, 16, 11, 3, 12, 15, 20, 15, 16, 10, 11, 20, 16, 4, 12, 20, 15, 17, 5, 14, 5, 17, 9, 7, 1, 9, 1, 10, 5, 1, 8, 4, 8, 9, 9, 1, 20, 19, 12, 20, 14, 19, 9, 6, 7, 4, 1, 6, 17, 3, 9, 7, 6, 11, 9, 4, 1, 15, 5, 3, 18, 10, 2, 13, 17, 18, 3, 18, 15, 4, 13, 4, 13, 1, 6, 5, 17, 18, 3, 18, 15, 13, 10, 2, 13, 17, 3, 9, 18, 14, 6, 4, 2, 13, 4, 1, 2, 13, 18, 13, 5, 10, 15, 18, 3, 13, 6, 2, 3, 18, 4, 7, 3, 13, 17, 18]
bestever    2082    in generation 575
[2, 12, 19, 12, 20, 14, 16, 17, 7, 14, 8, 20, 2, 7, 14, 2, 20, 19, 7, 9, 14, 5, 16, 8, 11, 6, 17, 1, 19, 11, 16, 7, 3, 7, 8, 2, 19, 10, 16, 19, 12, 15, 16, 11, 5, 5, 8, 6, 4, 12, 8, 19, 12, 8, 6, 12, 14, 9, 8, 19, 10, 20, 11, 6, 20, 17, 7, 8, 10, 16, 16, 10, 19, 15, 5, 1, 11, 11, 11, 2, 14, 10, 14, 15, 12, 16, 11, 3, 12, 15, 20, 15, 16, 10, 11, 20, 16, 4, 12, 20, 15, 17, 5, 14, 5, 17, 9, 7, 1, 9, 1, 10, 5, 1, 8, 4, 8, 9, 9, 1, 20, 19, 12, 20, 14, 19, 9, 6, 7, 4, 1, 6, 17, 3, 9, 7, 6, 11, 9, 4, 1, 15, 5, 3, 18, 10, 2, 13, 17, 18, 3, 18, 15, 4, 13, 4, 13, 1, 6, 5, 3, 18, 3, 18, 15, 13, 10, 2, 13, 17, 3, 9, 18, 14, 6, 4, 2, 13, 4, 1, 2, 13, 18, 13, 5, 10, 15, 18, 3, 13, 6, 2, 3, 18, 4, 7, 17, 13, 17, 18]
bestever    2076    in generation 600
[2, 12, 19, 12, 20, 14, 16, 17, 7, 14, 8, 20, 2, 7, 14, 2, 20, 19, 7, 9, 14, 5, 16, 8, 11, 6, 17, 1, 19, 11, 16, 7, 3, 7, 8, 2, 19, 10, 16, 19, 12, 15, 16, 11, 5, 5, 8, 6, 4, 12, 8, 19, 12, 8, 6, 12, 14, 9, 8, 19, 10, 20, 11, 6, 20, 17, 7, 8, 10, 16, 16, 10, 19, 15, 5, 1, 11, 11, 11, 2, 14, 10, 14, 15, 12, 16, 11, 3, 12, 15, 20, 15, 16, 10, 11, 20, 16, 4, 12, 20, 15, 17, 5, 14, 5, 17, 9, 7, 1, 9, 1, 10, 5, 1, 8, 4, 8, 9, 9, 1, 20, 19, 12, 20, 14, 19, 9, 6, 7, 4, 1, 6, 3, 9, 7, 6, 11, 9, 4, 1, 15, 5, 3, 18, 10, 2, 17, 3, 18, 15, 4, 13, 1, 5, 18, 3, 18, 15, 13, 10, 13, 17, 3, 18, 6, 13, 4, 2, 13, 17, 3, 9, 18, 14, 6, 4, 2, 13, 4, 1, 2, 13, 18, 13, 5, 10, 15, 18, 3, 13, 6, 2, 3, 18, 4, 7, 17, 13, 17, 18]
bestever    2075    in generation 609
[2, 12, 19, 12, 20, 14, 16, 17, 7, 14, 8, 20, 2, 7, 14, 2, 20, 19, 7, 9, 14, 5, 16, 8, 11, 6, 17, 1, 19, 11, 16, 7, 3, 7, 8, 2, 19, 10, 16, 19, 12, 15, 16, 11, 5, 5, 8, 6, 4, 12, 8, 19, 12, 8, 6, 12, 14, 9, 8, 19, 10, 20, 11, 6, 20, 17, 7, 8, 10, 16, 16, 10, 19, 15, 5, 1, 11, 11, 11, 2, 14, 10, 14, 15, 12, 16, 11, 3, 12, 15, 20, 15, 16, 10, 11, 20, 16, 4, 12, 20, 15, 17, 5, 14, 5, 17, 9, 7, 1, 9, 1, 10, 5, 1, 8, 4, 8, 9, 9, 1, 20, 19, 12, 20, 14, 19, 9, 6, 7, 4, 1, 6, 3, 9, 7, 6, 11, 9, 4, 1, 15, 5, 3, 18, 10, 2, 17, 3, 18, 15, 4, 13, 1, 5, 18, 3, 18, 15, 13, 10, 13, 17, 3, 18, 6, 13, 4, 2, 13, 3, 3, 9, 18, 14, 6, 4, 2, 13, 4, 1, 2, 13, 18, 13, 5, 10, 15, 18, 17, 13, 6, 2, 3, 18, 4, 7, 17, 13, 17, 18]
bestever    2065    in generation 612
[2, 12, 19, 12, 20, 14, 16, 17, 7, 14, 8, 20, 2, 7, 14, 2, 20, 19, 7, 9, 14, 5, 16, 8, 11, 6, 17, 1, 19, 11, 16, 7, 3, 7, 8, 2, 19, 10, 16, 19, 12, 15, 16, 11, 5, 5, 8, 6, 4, 12, 8, 19, 12, 8, 6, 12, 14, 9, 8, 19, 16, 20, 11, 6, 20, 17, 7, 8, 10, 16, 10, 10, 19, 15, 5, 1, 11, 11, 11, 2, 14, 10, 14, 15, 12, 16, 11, 3, 12, 15, 20, 15, 16, 10, 11, 20, 16, 4, 12, 20, 15, 17, 5, 14, 5, 17, 9, 7, 1, 9, 1, 10, 5, 1, 8, 4, 8, 9, 9, 1, 20, 19, 12, 20, 14, 19, 9, 6, 7, 4, 1, 6, 3, 9, 7, 6, 11, 9, 4, 1, 15, 5, 3, 18, 10, 2, 17, 3, 18, 15, 4, 13, 1, 5, 18, 3, 18, 15, 13, 10, 13, 17, 3, 18, 6, 13, 4, 2, 13, 3, 3, 9, 18, 14, 6, 4, 2, 13, 4, 1, 2, 13, 18, 13, 5, 10, 15, 18, 17, 13, 6, 2, 3, 18, 4, 7, 17, 13, 17, 18]
bestever    2058    in generation 619
[2, 12, 19, 12, 20, 14, 16, 17, 7, 14, 8, 20, 2, 7, 14, 13, 20, 19, 7, 9, 14, 5, 16, 8, 11, 6, 17, 1, 19, 11, 16, 7, 3, 7, 8, 2, 19, 10, 16, 19, 12, 15, 16, 11, 5, 5, 8, 6, 4, 12, 8, 19, 12, 8, 6, 12, 14, 9, 8, 19, 10, 20, 11, 6, 20, 17, 7, 8, 10, 16, 16, 10, 19, 15, 5, 1, 11, 11, 11, 2, 14, 10, 14, 15, 12, 16, 11, 3, 12, 15, 20, 15, 16, 10, 11, 20, 16, 4, 12, 20, 15, 17, 5, 14, 5, 17, 9, 7, 1, 9, 1, 10, 5, 1, 8, 4, 8, 9, 9, 1, 20, 19, 12, 20, 14, 19, 9, 6, 7, 4, 1, 6, 3, 9, 7, 6, 11, 9, 4, 1, 15, 5, 3, 18, 10, 2, 17, 3, 18, 15, 4, 2, 1, 5, 18, 3, 18, 15, 13, 10, 13, 17, 3, 18, 6, 13, 4, 2, 13, 3, 3, 9, 18, 14, 6, 4, 2, 13, 4, 1, 2, 13, 18, 13, 5, 10, 15, 18, 17, 13, 6, 2, 3, 18, 4, 7, 17, 13, 17, 18]
bestever    2052    in generation 624
[2, 12, 19, 12, 20, 7, 16, 17, 7, 14, 8, 20, 2, 7, 14, 13, 20, 19, 7, 9, 14, 5, 16, 8, 11, 6, 17, 1, 19, 11, 16, 7, 3, 7, 8, 2, 19, 10, 16, 19, 12, 15, 16, 11, 5, 5, 8, 6, 4, 12, 8, 19, 12, 8, 6, 12, 14, 9, 8, 19, 10, 20, 11, 6, 20, 17, 7, 8, 10, 16, 16, 10, 19, 15, 5, 1, 11, 11, 11, 2, 14, 10, 14, 15, 12, 16, 11, 3, 12, 15, 20, 15, 16, 10, 11, 20, 16, 4, 12, 20, 15, 17, 5, 14, 5, 17, 9, 14, 1, 9, 1, 10, 5, 1, 8, 4, 8, 9, 9, 1, 20, 19, 12, 20, 14, 19, 9, 6, 7, 4, 1, 6, 3, 9, 7, 6, 11, 9, 4, 1, 15, 5, 3, 18, 10, 2, 17, 3, 18, 15, 4, 2, 1, 5, 18, 3, 18, 15, 13, 10, 13, 17, 3, 18, 6, 13, 4, 2, 13, 3, 3, 9, 18, 14, 6, 4, 2, 13, 4, 1, 2, 13, 18, 13, 5, 10, 15, 18, 17, 13, 6, 2, 3, 18, 4, 7, 17, 13, 17, 18]
bestever    2051    in generation 629
[2, 12, 19, 12, 20, 7, 16, 17, 7, 14, 8, 20, 2, 7, 14, 13, 20, 19, 7, 9, 14, 5, 16, 8, 11, 6, 17, 1, 19, 11, 16, 7, 3, 7, 8, 2, 19, 10, 16, 19, 12, 15, 16, 11, 5, 5, 8, 6, 4, 12, 8, 19, 12, 8, 6, 12, 14, 9, 8, 19, 10, 20, 11, 6, 20, 17, 7, 8, 10, 16, 16, 10, 19, 15, 5, 1, 11, 11, 11, 6, 14, 10, 14, 15, 12, 16, 11, 3, 12, 15, 20, 15, 16, 10, 11, 20, 16, 4, 12, 20, 15, 17, 5, 14, 5, 17, 9, 14, 1, 9, 1, 10, 5, 1, 8, 4, 8, 9, 9, 1, 20, 19, 12, 20, 14, 19, 9, 6, 7, 4, 1, 2, 3, 9, 7, 6, 11, 9, 4, 1, 15, 5, 3, 18, 10, 2, 17, 3, 18, 15, 4, 2, 1, 5, 18, 3, 18, 15, 13, 10, 13, 17, 3, 18, 6, 13, 4, 2, 13, 3, 3, 9, 18, 14, 6, 4, 2, 13, 4, 1, 2, 13, 18, 13, 5, 10, 15, 18, 17, 13, 6, 2, 3, 18, 4, 7, 17, 13, 17, 18]
bestever    2012    in generation 632
[2, 12, 19, 12, 20, 7, 16, 17, 7, 14, 8, 20, 2, 7, 14, 13, 20, 19, 7, 9, 14, 5, 16, 8, 11, 6, 17, 1, 19, 11, 16, 7, 5, 7, 8, 2, 19, 10, 16, 19, 12, 15, 16, 11, 5, 3, 8, 6, 4, 12, 8, 19, 12, 8, 6, 12, 14, 9, 8, 19, 10, 20, 11, 6, 20, 17, 7, 8, 10, 16, 16, 10, 19, 15, 5, 1, 11, 11, 11, 2, 14, 10, 14, 15, 12, 16, 11, 3, 12, 15, 20, 15, 16, 10, 11, 20, 16, 4, 12, 20, 15, 17, 5, 14, 5, 17, 9, 14, 1, 9, 1, 10, 5, 1, 8, 4, 8, 9, 9, 1, 20, 19, 12, 20, 14, 19, 9, 6, 7, 4, 1, 6, 3, 9, 7, 6, 11, 9, 4, 1, 15, 5, 3, 18, 10, 2, 17, 3, 18, 15, 4, 2, 1, 5, 18, 3, 18, 15, 13, 10, 13, 17, 3, 18, 6, 13, 4, 2, 13, 3, 3, 9, 18, 14, 6, 4, 2, 13, 4, 1, 2, 13, 18, 13, 5, 10, 15, 18, 17, 13, 6, 2, 3, 18, 4, 7, 17, 13, 17, 18]
bestever    2004    in generation 647
[2, 12, 19, 12, 20, 7, 16, 17, 7, 14, 8, 20, 2, 7, 14, 13, 20, 19, 7, 9, 14, 5, 16, 8, 11, 6, 17, 1, 19, 11, 19, 7, 5, 7, 8, 2, 19, 10, 16, 19, 12, 15, 16, 11, 5, 3, 8, 6, 4, 12, 8, 19, 12, 8, 6, 12, 14, 9, 8, 19, 10, 20, 11, 6, 20, 17, 7, 8, 10, 16, 16, 10, 16, 15, 5, 1, 11, 11, 11, 2, 14, 10, 14, 15, 12, 16, 11, 3, 12, 15, 20, 15, 16, 10, 11, 20, 16, 4, 12, 20, 15, 17, 5, 14, 5, 17, 9, 14, 1, 9, 1, 10, 5, 1, 8, 4, 8, 9, 9, 1, 20, 19, 12, 20, 14, 19, 9, 6, 7, 4, 1, 6, 3, 9, 7, 6, 11, 9, 4, 1, 15, 5, 3, 18, 10, 2, 17, 3, 18, 15, 4, 2, 1, 5, 18, 3, 18, 15, 13, 10, 13, 17, 3, 18, 6, 13, 4, 2, 13, 3, 3, 9, 18, 14, 6, 4, 2, 13, 4, 1, 2, 13, 18, 13, 5, 10, 15, 18, 17, 13, 6, 2, 3, 18, 4, 7, 17, 13, 17, 18]
bestever    1997    in generation 715
[2, 12, 19, 12, 20, 7, 16, 17, 7, 14, 8, 20, 2, 7, 14, 13, 20, 19, 7, 9, 14, 5, 16, 8, 11, 6, 17, 1, 19, 11, 19, 7, 5, 7, 8, 2, 19, 10, 16, 14, 12, 15, 16, 11, 5, 3, 8, 6, 4, 12, 8, 19, 12, 8, 6, 12, 14, 9, 8, 19, 10, 20, 11, 6, 20, 17, 7, 8, 10, 16, 16, 10, 16, 15, 5, 1, 11, 11, 11, 2, 19, 10, 14, 15, 12, 16, 11, 3, 12, 15, 20, 15, 16, 10, 11, 20, 16, 4, 12, 20, 15, 17, 5, 14, 5, 17, 9, 14, 1, 9, 1, 10, 5, 1, 8, 4, 8, 9, 9, 1, 20, 19, 12, 20, 14, 19, 9, 6, 7, 4, 1, 6, 3, 9, 7, 6, 11, 9, 4, 1, 15, 5, 3, 18, 10, 2, 17, 3, 18, 15, 4, 2, 1, 5, 18, 3, 18, 15, 13, 10, 13, 17, 3, 18, 6, 13, 4, 2, 13, 3, 3, 9, 18, 14, 6, 4, 2, 13, 4, 1, 2, 13, 18, 13, 5, 10, 15, 18, 17, 13, 6, 2, 3, 18, 4, 7, 17, 13, 17, 18]
bestever    1994    in generation 806
[2, 12, 19, 12, 20, 7, 16, 17, 7, 14, 8, 20, 2, 7, 14, 13, 20, 19, 7, 9, 14, 5, 16, 8, 11, 6, 17, 1, 19, 11, 19, 7, 5, 7, 8, 2, 19, 10, 16, 14, 12, 15, 16, 11, 5, 3, 8, 6, 4, 12, 8, 19, 12, 8, 6, 12, 14, 9, 8, 19, 10, 20, 11, 6, 20, 17, 7, 8, 10, 16, 16, 10, 16, 15, 5, 1, 11, 11, 11, 2, 19, 10, 14, 15, 12, 16, 11, 3, 12, 15, 20, 15, 16, 10, 11, 20, 16, 8, 12, 20, 15, 17, 5, 14, 5, 17, 9, 14, 1, 9, 1, 10, 5, 1, 4, 4, 8, 9, 9, 1, 20, 19, 12, 20, 14, 19, 9, 6, 7, 4, 1, 6, 3, 9, 7, 6, 11, 9, 4, 1, 15, 5, 3, 18, 10, 2, 17, 3, 18, 15, 4, 2, 1, 5, 18, 3, 18, 15, 13, 10, 13, 17, 3, 18, 6, 13, 4, 2, 13, 3, 3, 9, 18, 14, 6, 4, 2, 13, 4, 1, 2, 13, 18, 13, 5, 10, 15, 18, 17, 13, 6, 2, 3, 18, 4, 7, 17, 13, 17, 18]
bestever    1993    in generation 856
[2, 12, 19, 12, 20, 7, 16, 17, 7, 14, 8, 20, 2, 7, 14, 13, 20, 19, 7, 9, 14, 5, 16, 8, 11, 6, 17, 1, 19, 11, 19, 7, 5, 7, 8, 2, 19, 10, 16, 14, 12, 15, 16, 11, 5, 3, 8, 6, 4, 12, 8, 19, 12, 8, 6, 12, 14, 9, 8, 19, 10, 20, 11, 6, 20, 17, 7, 8, 10, 16, 16, 10, 16, 15, 5, 1, 11, 11, 11, 2, 19, 10, 14, 15, 12, 16, 11, 3, 12, 15, 20, 15, 16, 10, 11, 20, 16, 8, 12, 20, 15, 17, 5, 14, 5, 17, 9, 14, 1, 9, 1, 10, 5, 1, 4, 4, 8, 9, 9, 1, 20, 19, 12, 20, 14, 19, 9, 6, 7, 4, 1, 6, 3, 9, 7, 6, 11, 9, 4, 1, 15, 5, 3, 18, 10, 2, 17, 3, 18, 15, 4, 2, 1, 5, 18, 3, 15, 13, 10, 13, 17, 3, 18, 6, 4, 2, 13, 3, 3, 9, 18, 14, 6, 4, 2, 13, 4, 1, 2, 13, 18, 13, 18, 13, 5, 10, 15, 18, 17, 13, 6, 2, 3, 18, 4, 7, 17, 13, 17, 18]
bestever    1987    in generation 872
[2, 12, 19, 12, 20, 7, 16, 17, 7, 14, 8, 20, 2, 7, 14, 13, 20, 19, 7, 9, 14, 5, 16, 8, 11, 6, 17, 1, 19, 11, 19, 7, 5, 7, 8, 2, 19, 10, 16, 14, 12, 15, 16, 11, 5, 3, 8, 6, 4, 12, 8, 19, 12, 8, 6, 12, 14, 9, 8, 19, 10, 20, 11, 6, 20, 17, 7, 8, 10, 16, 16, 10, 16, 15, 5, 1, 11, 11, 11, 2, 19, 10, 14, 15, 12, 16, 11, 3, 12, 15, 20, 15, 16, 10, 11, 20, 16, 8, 12, 20, 15, 17, 5, 14, 5, 17, 9, 14, 1, 9, 1, 10, 5, 1, 4, 4, 8, 9, 9, 1, 20, 19, 12, 20, 14, 19, 9, 6, 7, 4, 1, 6, 3, 9, 7, 6, 11, 9, 4, 1, 15, 5, 3, 18, 10, 2, 17, 3, 18, 15, 4, 2, 1, 5, 18, 3, 15, 13, 10, 13, 17, 3, 14, 6, 4, 2, 13, 3, 3, 9, 18, 18, 6, 4, 2, 13, 4, 1, 2, 13, 18, 13, 18, 13, 5, 10, 15, 18, 17, 13, 6, 2, 3, 18, 4, 7, 17, 13, 17, 18]
bestever    1976    in generation 934
[2, 12, 19, 12, 20, 7, 16, 17, 7, 14, 8, 20, 2, 7, 14, 13, 20, 19, 7, 9, 14, 5, 16, 8, 11, 6, 17, 1, 19, 11, 19, 7, 5, 7, 8, 20, 19, 10, 16, 14, 12, 15, 16, 11, 5, 3, 8, 6, 4, 12, 8, 19, 12, 8, 6, 12, 14, 9, 8, 19, 10, 20, 11, 6, 20, 17, 7, 8, 10, 16, 16, 10, 16, 15, 5, 1, 11, 11, 11, 2, 19, 10, 14, 15, 12, 16, 11, 3, 12, 15, 2, 15, 16, 10, 11, 20, 16, 8, 12, 20, 15, 17, 5, 14, 5, 17, 9, 14, 1, 9, 1, 10, 5, 1, 4, 4, 8, 9, 9, 1, 20, 19, 12, 20, 14, 19, 9, 6, 7, 4, 1, 6, 3, 9, 7, 6, 11, 9, 4, 1, 15, 5, 3, 18, 10, 2, 3, 18, 15, 4, 2, 1, 5, 18, 3, 15, 13, 10, 13, 17, 3, 14, 6, 4, 2, 13, 3, 3, 9, 18, 18, 6, 4, 2, 13, 4, 1, 2, 13, 13, 18, 5, 18, 17, 13, 10, 15, 18, 17, 13, 6, 2, 3, 18, 4, 7, 17, 13, 17, 18]
bestever    1975    in generation 961
[2, 12, 19, 12, 20, 7, 16, 17, 7, 14, 8, 20, 2, 7, 14, 13, 20, 19, 7, 9, 14, 5, 16, 8, 11, 6, 17, 1, 19, 11, 19, 7, 5, 7, 8, 20, 19, 10, 16, 14, 12, 15, 16, 11, 5, 3, 8, 6, 4, 12, 8, 19, 12, 8, 6, 12, 14, 9, 8, 19, 10, 20, 11, 6, 20, 17, 7, 8, 10, 16, 16, 10, 16, 15, 5, 1, 11, 11, 11, 2, 19, 10, 14, 4, 12, 16, 11, 3, 12, 15, 2, 15, 16, 10, 11, 20, 16, 8, 12, 20, 15, 17, 5, 14, 5, 17, 9, 14, 1, 9, 1, 10, 5, 1, 15, 4, 8, 9, 9, 1, 20, 19, 12, 20, 14, 19, 9, 6, 7, 4, 1, 6, 3, 9, 7, 6, 11, 9, 4, 1, 15, 5, 3, 18, 10, 2, 3, 18, 15, 4, 2, 1, 5, 18, 3, 15, 13, 10, 13, 17, 3, 14, 6, 4, 2, 13, 3, 3, 9, 18, 18, 6, 4, 2, 13, 4, 1, 2, 13, 13, 18, 5, 18, 17, 13, 10, 15, 18, 17, 13, 6, 2, 3, 18, 4, 7, 17, 13, 17, 18]
bestever    1973    in generation 968
[2, 12, 19, 12, 20, 7, 16, 17, 7, 14, 8, 20, 2, 7, 14, 20, 19, 7, 9, 14, 5, 16, 8, 11, 6, 17, 1, 19, 11, 19, 7, 5, 7, 8, 20, 19, 10, 16, 14, 12, 15, 16, 11, 5, 3, 8, 6, 4, 12, 8, 19, 12, 8, 6, 12, 14, 9, 8, 19, 10, 20, 11, 6, 20, 17, 7, 8, 10, 16, 16, 10, 16, 15, 5, 1, 11, 11, 11, 2, 19, 10, 14, 4, 12, 16, 11, 3, 12, 15, 2, 15, 16, 10, 11, 20, 16, 8, 12, 20, 15, 5, 14, 5, 9, 14, 1, 9, 1, 10, 5, 1, 15, 4, 8, 9, 9, 1, 20, 19, 12, 20, 14, 19, 9, 6, 7, 4, 1, 6, 3, 9, 7, 6, 11, 9, 4, 1, 15, 5, 3, 18, 10, 2, 3, 15, 2, 1, 5, 15, 3, 4, 18, 17, 18, 17, 13, 13, 10, 13, 17, 3, 14, 6, 4, 2, 13, 3, 3, 9, 18, 18, 6, 4, 2, 13, 4, 1, 2, 13, 13, 18, 5, 18, 17, 13, 10, 15, 18, 17, 13, 6, 2, 3, 18, 4, 7, 17, 13, 17, 18]
bestever    1971    in generation 987
[2, 12, 19, 12, 20, 7, 16, 17, 7, 14, 8, 20, 2, 7, 14, 20, 19, 7, 9, 14, 5, 16, 8, 11, 6, 17, 1, 19, 11, 19, 7, 5, 7, 8, 20, 19, 10, 16, 14, 12, 15, 16, 11, 5, 3, 8, 6, 4, 12, 8, 19, 12, 8, 6, 12, 14, 9, 8, 19, 10, 20, 11, 6, 20, 17, 7, 8, 10, 16, 16, 10, 16, 15, 5, 1, 11, 11, 11, 2, 19, 10, 14, 4, 12, 16, 11, 3, 12, 15, 2, 15, 16, 10, 11, 20, 16, 8, 12, 4, 15, 5, 14, 5, 9, 14, 1, 9, 1, 10, 5, 1, 15, 4, 8, 9, 9, 1, 20, 19, 12, 20, 14, 19, 9, 6, 7, 20, 1, 6, 3, 9, 7, 6, 11, 9, 4, 1, 15, 5, 3, 18, 10, 2, 3, 15, 2, 1, 5, 15, 3, 4, 18, 17, 18, 17, 13, 13, 10, 13, 17, 3, 14, 6, 4, 2, 13, 3, 3, 9, 18, 18, 6, 4, 2, 13, 4, 1, 2, 13, 13, 18, 5, 18, 17, 13, 10, 15, 18, 17, 13, 6, 2, 3, 18, 4, 7, 17, 13, 17, 18]
bestever    1968    in generation 1004
[2, 12, 19, 12, 20, 7, 16, 17, 7, 14, 8, 20, 2, 7, 14, 20, 19, 7, 9, 14, 5, 16, 8, 11, 6, 17, 1, 19, 11, 19, 7, 5, 7, 8, 20, 19, 10, 16, 14, 12, 15, 16, 11, 5, 3, 8, 6, 4, 12, 8, 19, 12, 8, 6, 12, 14, 9, 8, 19, 10, 20, 11, 6, 20, 17, 7, 8, 10, 16, 16, 10, 16, 15, 5, 1, 11, 11, 11, 2, 19, 10, 14, 4, 12, 16, 11, 3, 12, 15, 2, 15, 16, 10, 11, 20, 16, 8, 12, 17, 15, 5, 14, 5, 9, 14, 1, 9, 1, 10, 5, 1, 15, 4, 8, 9, 9, 1, 20, 19, 12, 20, 14, 19, 9, 6, 7, 20, 1, 6, 3, 9, 7, 6, 11, 9, 4, 1, 15, 5, 3, 18, 10, 2, 3, 15, 2, 1, 5, 15, 3, 4, 18, 17, 18, 17, 13, 13, 10, 13, 4, 3, 14, 6, 4, 2, 13, 3, 3, 9, 18, 18, 6, 4, 2, 13, 4, 1, 2, 13, 13, 18, 5, 18, 17, 13, 10, 15, 18, 17, 13, 6, 2, 3, 18, 4, 7, 17, 13, 17, 18]
bestever    1967    in generation 1008
[2, 12, 19, 12, 20, 7, 16, 17, 7, 14, 8, 20, 2, 7, 14, 20, 19, 7, 9, 14, 5, 16, 8, 11, 6, 17, 1, 19, 11, 19, 7, 5, 7, 8, 20, 19, 10, 16, 14, 12, 15, 16, 11, 5, 3, 8, 6, 13, 12, 8, 19, 12, 8, 6, 12, 14, 9, 8, 19, 10, 20, 11, 6, 20, 17, 7, 8, 10, 16, 16, 10, 16, 15, 5, 1, 11, 11, 11, 2, 19, 10, 14, 4, 12, 16, 11, 3, 12, 15, 2, 15, 16, 10, 11, 20, 16, 8, 12, 17, 15, 5, 14, 5, 9, 14, 1, 9, 1, 10, 5, 1, 15, 4, 8, 9, 9, 1, 20, 19, 12, 20, 14, 19, 9, 6, 7, 20, 1, 6, 3, 9, 7, 6, 11, 9, 4, 1, 15, 5, 3, 18, 10, 2, 3, 15, 2, 1, 5, 15, 3, 4, 18, 17, 18, 17, 13, 13, 10, 13, 4, 3, 14, 6, 4, 2, 13, 3, 3, 9, 18, 18, 6, 4, 2, 13, 4, 1, 2, 13, 13, 18, 5, 18, 17, 13, 10, 15, 18, 17, 4, 6, 2, 3, 18, 4, 7, 17, 13, 17, 18]
bestever    1960    in generation 1085
[2, 12, 19, 12, 20, 7, 16, 17, 7, 14, 8, 20, 2, 7, 14, 20, 19, 7, 9, 14, 5, 16, 8, 11, 6, 17, 1, 19, 11, 19, 7, 5, 7, 8, 20, 19, 10, 16, 14, 12, 15, 16, 11, 5, 19, 8, 6, 13, 12, 8, 19, 12, 8, 6, 12, 14, 9, 8, 3, 10, 20, 11, 6, 20, 17, 7, 8, 10, 16, 16, 10, 16, 15, 5, 1, 11, 11, 11, 2, 19, 10, 14, 4, 12, 16, 11, 3, 12, 15, 2, 15, 16, 10, 11, 20, 16, 8, 12, 17, 9, 5, 14, 5, 9, 14, 1, 9, 1, 10, 5, 1, 15, 4, 8, 9, 15, 1, 20, 19, 12, 20, 14, 19, 9, 6, 7, 20, 1, 6, 3, 9, 7, 6, 11, 9, 4, 1, 15, 5, 3, 18, 10, 2, 3, 15, 2, 1, 5, 15, 3, 4, 18, 17, 18, 17, 13, 13, 10, 13, 4, 3, 14, 6, 4, 2, 13, 3, 3, 9, 18, 18, 6, 4, 2, 13, 4, 1, 2, 13, 13, 18, 5, 18, 17, 13, 10, 15, 18, 17, 4, 6, 2, 3, 18, 4, 7, 17, 13, 17, 18]
bestever    1952    in generation 1153
[2, 12, 19, 12, 20, 7, 16, 17, 7, 14, 8, 20, 2, 7, 14, 20, 19, 7, 9, 14, 5, 16, 8, 11, 6, 17, 1, 19, 11, 19, 7, 5, 7, 8, 20, 19, 10, 16, 14, 12, 15, 16, 11, 5, 19, 8, 6, 13, 12, 8, 19, 12, 8, 6, 12, 14, 9, 8, 3, 10, 20, 11, 6, 20, 17, 7, 8, 10, 16, 16, 10, 16, 15, 5, 8, 11, 11, 11, 2, 19, 10, 14, 4, 12, 16, 11, 3, 12, 15, 2, 15, 16, 10, 11, 20, 16, 8, 12, 17, 9, 5, 14, 5, 9, 14, 1, 9, 1, 10, 5, 1, 15, 4, 1, 9, 15, 1, 20, 19, 12, 20, 14, 19, 9, 6, 7, 20, 1, 6, 3, 9, 7, 6, 11, 9, 4, 1, 15, 5, 3, 18, 10, 2, 3, 15, 2, 1, 5, 15, 3, 4, 18, 17, 18, 17, 13, 13, 10, 13, 4, 3, 14, 6, 4, 2, 13, 3, 3, 9, 18, 18, 6, 4, 2, 13, 4, 1, 2, 13, 13, 18, 5, 18, 17, 13, 10, 15, 18, 17, 4, 6, 2, 3, 18, 4, 7, 17, 13, 17, 18]
bestever    1946    in generation 1167
[2, 12, 19, 12, 20, 7, 16, 17, 7, 14, 8, 20, 2, 7, 14, 20, 19, 7, 9, 14, 5, 16, 8, 11, 6, 17, 1, 19, 11, 19, 7, 5, 7, 8, 20, 19, 10, 16, 14, 12, 15, 16, 11, 5, 19, 8, 6, 13, 12, 8, 19, 12, 8, 6, 12, 14, 9, 8, 3, 10, 20, 11, 6, 20, 17, 7, 8, 10, 16, 16, 10, 16, 15, 5, 8, 11, 11, 11, 2, 19, 10, 14, 4, 12, 16, 11, 3, 12, 15, 2, 15, 16, 10, 11, 20, 16, 8, 12, 17, 9, 5, 14, 5, 9, 14, 1, 9, 1, 10, 5, 1, 15, 4, 1, 9, 15, 1, 20, 19, 12, 20, 14, 19, 9, 6, 4, 20, 1, 6, 3, 9, 7, 6, 11, 9, 7, 1, 15, 5, 3, 18, 10, 2, 3, 15, 2, 1, 5, 15, 3, 4, 18, 17, 18, 17, 13, 13, 10, 13, 4, 3, 14, 6, 4, 2, 13, 3, 3, 9, 18, 18, 6, 4, 2, 13, 4, 1, 2, 13, 13, 18, 5, 18, 17, 13, 10, 15, 18, 17, 4, 6, 2, 3, 18, 4, 7, 17, 13, 17, 18]
bestever    1945    in generation 1185
[2, 12, 19, 12, 20, 7, 16, 17, 7, 14, 8, 20, 2, 7, 14, 20, 19, 7, 9, 14, 5, 16, 8, 11, 6, 17, 1, 19, 11, 19, 7, 5, 7, 8, 20, 19, 10, 16, 6, 12, 15, 16, 11, 5, 19, 8, 6, 13, 12, 8, 19, 12, 8, 14, 12, 14, 9, 8, 3, 10, 20, 11, 6, 20, 17, 7, 8, 10, 16, 16, 10, 16, 15, 5, 8, 11, 11, 11, 2, 19, 10, 14, 4, 12, 16, 11, 3, 12, 15, 2, 15, 16, 10, 11, 20, 16, 8, 12, 17, 9, 5, 14, 5, 9, 14, 1, 9, 1, 10, 5, 1, 15, 4, 1, 9, 15, 1, 20, 19, 12, 20, 14, 19, 9, 6, 4, 20, 1, 6, 3, 9, 7, 6, 11, 9, 7, 1, 15, 5, 3, 18, 10, 2, 3, 15, 2, 1, 5, 15, 3, 4, 18, 17, 18, 17, 13, 13, 10, 13, 4, 3, 14, 6, 4, 2, 13, 3, 3, 9, 18, 18, 6, 4, 2, 13, 4, 1, 2, 13, 13, 18, 5, 18, 17, 13, 10, 15, 18, 17, 4, 6, 2, 3, 18, 4, 7, 17, 13, 17, 18]
bestever    1938    in generation 1191
[2, 12, 19, 12, 20, 7, 16, 17, 7, 14, 8, 20, 2, 7, 14, 20, 19, 7, 9, 14, 5, 16, 8, 11, 6, 17, 1, 19, 11, 19, 7, 5, 7, 8, 20, 19, 10, 16, 14, 12, 15, 16, 11, 5, 19, 8, 6, 13, 12, 8, 19, 12, 8, 6, 12, 14, 9, 8, 3, 10, 20, 11, 6, 20, 17, 7, 8, 10, 16, 16, 10, 16, 15, 5, 8, 11, 11, 11, 2, 19, 10, 14, 4, 12, 16, 11, 3, 12, 15, 2, 15, 16, 10, 11, 20, 16, 8, 12, 17, 9, 5, 14, 5, 9, 14, 1, 9, 1, 10, 5, 1, 15, 4, 1, 9, 15, 1, 20, 19, 12, 20, 14, 19, 9, 6, 4, 20, 1, 6, 3, 9, 7, 6, 11, 9, 1, 1, 15, 5, 3, 18, 10, 2, 3, 15, 2, 7, 5, 15, 3, 4, 18, 17, 18, 17, 13, 13, 10, 13, 4, 3, 14, 6, 4, 2, 13, 3, 3, 9, 18, 18, 6, 4, 2, 13, 4, 1, 2, 13, 13, 18, 5, 18, 17, 13, 10, 15, 18, 17, 4, 6, 2, 3, 18, 4, 7, 17, 13, 17, 18]
bestever    1937    in generation 1244
[2, 12, 19, 12, 20, 7, 16, 17, 7, 14, 8, 20, 2, 7, 14, 20, 19, 7, 9, 14, 5, 16, 8, 11, 6, 17, 1, 19, 11, 19, 7, 5, 7, 8, 20, 19, 10, 16, 14, 12, 15, 6, 11, 5, 19, 8, 6, 13, 12, 8, 19, 12, 8, 16, 12, 14, 9, 8, 3, 10, 20, 11, 6, 20, 17, 7, 8, 10, 16, 16, 10, 16, 15, 5, 8, 11, 11, 11, 2, 19, 10, 14, 4, 12, 16, 11, 3, 12, 15, 2, 15, 16, 10, 11, 20, 16, 8, 12, 17, 9, 5, 14, 5, 9, 14, 1, 9, 1, 10, 5, 1, 15, 4, 1, 9, 15, 1, 20, 19, 12, 20, 14, 19, 9, 6, 4, 20, 1, 6, 3, 9, 7, 6, 11, 9, 14, 1, 15, 5, 3, 18, 10, 2, 3, 15, 2, 1, 5, 15, 3, 4, 18, 17, 18, 17, 13, 13, 10, 13, 4, 3, 7, 6, 4, 2, 13, 3, 3, 9, 18, 18, 6, 4, 2, 13, 4, 1, 2, 13, 13, 18, 5, 18, 17, 13, 10, 15, 18, 17, 4, 6, 2, 3, 18, 4, 7, 17, 13, 17, 18]
bestever    1929    in generation 1260
[2, 12, 19, 12, 20, 7, 16, 17, 7, 14, 8, 20, 2, 7, 14, 20, 19, 7, 9, 14, 5, 16, 8, 11, 6, 17, 1, 19, 11, 19, 7, 5, 7, 8, 20, 19, 10, 16, 14, 12, 15, 6, 11, 5, 19, 8, 6, 13, 12, 8, 19, 12, 8, 16, 12, 14, 9, 8, 3, 10, 20, 11, 6, 20, 17, 7, 8, 10, 16, 16, 10, 16, 15, 5, 8, 11, 19, 11, 2, 19, 10, 14, 4, 12, 16, 11, 3, 12, 15, 2, 15, 16, 10, 11, 20, 16, 8, 12, 17, 9, 5, 14, 5, 9, 14, 1, 9, 1, 10, 5, 1, 15, 4, 1, 9, 15, 1, 20, 11, 12, 20, 14, 19, 9, 6, 4, 20, 1, 6, 3, 9, 7, 6, 11, 9, 14, 1, 15, 5, 3, 18, 10, 2, 3, 15, 2, 1, 5, 15, 3, 4, 18, 17, 18, 17, 13, 13, 10, 13, 4, 3, 7, 6, 4, 2, 13, 3, 3, 9, 18, 18, 6, 4, 2, 13, 4, 1, 2, 13, 13, 18, 5, 18, 17, 13, 10, 15, 18, 17, 4, 6, 2, 3, 18, 4, 7, 17, 13, 17, 18]
bestever    1917    in generation 1261
[2, 12, 19, 12, 20, 7, 16, 17, 7, 14, 8, 20, 2, 7, 14, 20, 19, 7, 9, 14, 5, 16, 8, 11, 6, 17, 1, 19, 11, 19, 7, 5, 7, 8, 20, 19, 10, 16, 14, 12, 15, 6, 11, 5, 19, 8, 6, 13, 12, 8, 19, 12, 8, 16, 12, 14, 9, 8, 3, 10, 20, 11, 6, 20, 17, 7, 8, 10, 16, 16, 10, 16, 15, 5, 8, 11, 19, 11, 2, 19, 10, 14, 4, 12, 16, 11, 3, 12, 15, 2, 15, 16, 10, 18, 20, 16, 8, 12, 17, 9, 5, 14, 5, 9, 14, 1, 9, 1, 10, 5, 1, 15, 4, 1, 9, 15, 1, 20, 11, 12, 20, 14, 19, 9, 6, 4, 20, 1, 6, 3, 9, 7, 6, 11, 9, 14, 1, 15, 5, 3, 18, 10, 2, 3, 15, 2, 1, 5, 15, 3, 4, 18, 17, 11, 17, 13, 13, 10, 13, 4, 3, 7, 6, 4, 2, 13, 3, 3, 9, 18, 18, 6, 4, 2, 13, 4, 1, 2, 13, 13, 18, 5, 18, 17, 13, 10, 15, 18, 17, 4, 6, 2, 3, 18, 4, 7, 17, 13, 17, 18]
bestever    1911    in generation 1264
[2, 12, 19, 12, 20, 7, 16, 17, 7, 14, 8, 20, 2, 7, 14, 20, 19, 7, 9, 14, 5, 16, 8, 11, 6, 17, 1, 19, 11, 19, 7, 5, 7, 8, 20, 19, 10, 16, 14, 12, 15, 6, 11, 5, 19, 8, 6, 13, 12, 8, 19, 12, 8, 16, 12, 14, 9, 8, 3, 10, 20, 11, 6, 20, 17, 7, 8, 10, 16, 4, 10, 16, 15, 5, 8, 11, 19, 11, 2, 19, 10, 14, 4, 12, 16, 11, 3, 12, 15, 2, 15, 16, 10, 11, 20, 16, 8, 12, 17, 9, 5, 14, 5, 9, 14, 1, 9, 1, 10, 5, 1, 15, 4, 1, 9, 15, 1, 20, 11, 12, 20, 14, 19, 9, 6, 4, 20, 1, 6, 3, 9, 7, 6, 11, 9, 14, 1, 15, 5, 3, 18, 10, 2, 3, 15, 2, 1, 5, 15, 3, 16, 18, 17, 18, 17, 13, 13, 10, 13, 4, 3, 7, 6, 4, 2, 13, 3, 3, 9, 18, 18, 6, 4, 2, 13, 4, 1, 2, 13, 13, 18, 5, 18, 17, 13, 10, 15, 18, 17, 4, 6, 2, 3, 18, 4, 7, 17, 13, 17, 18]
bestever    1910    in generation 1269
[2, 12, 19, 12, 20, 7, 16, 17, 7, 14, 8, 20, 2, 7, 14, 20, 19, 7, 9, 14, 5, 16, 8, 11, 6, 17, 1, 19, 11, 19, 7, 5, 7, 8, 20, 19, 10, 16, 14, 12, 15, 6, 11, 5, 19, 8, 6, 13, 12, 8, 19, 12, 8, 16, 12, 14, 9, 8, 3, 10, 11, 20, 6, 20, 17, 7, 8, 10, 16, 16, 10, 16, 15, 5, 8, 11, 19, 11, 2, 19, 10, 14, 4, 12, 16, 11, 3, 12, 15, 2, 15, 16, 10, 11, 20, 16, 8, 12, 17, 9, 5, 19, 5, 9, 14, 1, 9, 1, 10, 5, 1, 15, 4, 1, 9, 15, 1, 20, 11, 12, 20, 14, 14, 9, 6, 4, 20, 1, 6, 3, 9, 7, 6, 11, 9, 14, 1, 15, 5, 3, 18, 10, 2, 3, 15, 2, 1, 5, 15, 3, 4, 18, 17, 18, 17, 13, 13, 10, 13, 4, 3, 7, 6, 4, 2, 13, 3, 3, 9, 18, 18, 6, 4, 2, 13, 4, 1, 2, 13, 13, 18, 5, 18, 17, 13, 10, 15, 18, 17, 4, 6, 2, 3, 18, 4, 7, 17, 13, 17, 18]
bestever    1906    in generation 1281
[2, 12, 19, 12, 20, 7, 16, 17, 7, 14, 8, 20, 2, 7, 14, 20, 19, 7, 9, 14, 5, 16, 8, 11, 6, 17, 1, 19, 11, 19, 7, 5, 7, 8, 20, 19, 10, 16, 14, 12, 15, 6, 11, 5, 19, 8, 6, 12, 8, 19, 12, 8, 16, 12, 14, 9, 8, 3, 10, 11, 20, 6, 20, 7, 8, 10, 16, 16, 10, 16, 15, 5, 8, 11, 19, 11, 2, 19, 10, 14, 4, 12, 16, 11, 3, 12, 15, 2, 15, 16, 10, 11, 20, 16, 8, 12, 9, 5, 19, 5, 9, 14, 1, 9, 1, 10, 5, 1, 15, 4, 1, 9, 15, 1, 20, 11, 12, 20, 14, 14, 9, 6, 4, 20, 1, 6, 3, 9, 7, 6, 11, 9, 14, 1, 15, 5, 3, 10, 2, 3, 15, 2, 1, 5, 17, 13, 17, 18, 15, 3, 4, 18, 17, 17, 13, 13, 10, 3, 7, 3, 3, 9, 18, 6, 4, 4, 2, 13, 13, 18, 18, 6, 4, 2, 13, 4, 1, 2, 13, 13, 18, 5, 18, 17, 13, 10, 15, 18, 17, 4, 6, 2, 3, 18, 4, 7, 17, 13, 17, 18]
bestever    1900    in generation 1295
[2, 12, 19, 12, 20, 7, 16, 17, 7, 14, 8, 20, 2, 7, 14, 20, 19, 7, 9, 14, 5, 16, 8, 11, 6, 17, 1, 5, 11, 19, 7, 19, 7, 8, 20, 19, 10, 16, 14, 12, 15, 6, 11, 5, 19, 8, 6, 13, 12, 8, 19, 12, 8, 16, 12, 14, 9, 8, 3, 10, 11, 20, 6, 20, 17, 7, 8, 10, 16, 16, 10, 16, 15, 5, 8, 11, 19, 11, 2, 19, 10, 14, 4, 12, 16, 11, 3, 12, 15, 2, 15, 16, 10, 11, 20, 16, 8, 12, 20, 9, 5, 19, 5, 9, 14, 1, 9, 1, 10, 5, 1, 15, 4, 1, 9, 15, 1, 17, 11, 12, 20, 14, 14, 9, 6, 4, 20, 1, 6, 3, 9, 7, 6, 11, 9, 14, 1, 15, 5, 3, 18, 10, 2, 3, 15, 2, 1, 5, 15, 3, 4, 18, 17, 17, 13, 13, 10, 3, 7, 3, 3, 9, 18, 6, 4, 4, 2, 13, 13, 18, 18, 6, 4, 2, 13, 4, 1, 2, 13, 13, 18, 5, 18, 17, 13, 10, 15, 18, 17, 4, 6, 2, 3, 18, 4, 7, 17, 13, 17, 18]
bestever    1892    in generation 1379
[2, 12, 19, 12, 20, 7, 16, 17, 7, 14, 8, 20, 2, 7, 14, 20, 19, 7, 9, 14, 5, 16, 8, 11, 6, 17, 1, 5, 11, 19, 7, 19, 7, 8, 20, 19, 10, 16, 14, 12, 15, 6, 11, 5, 19, 8, 6, 13, 12, 8, 19, 12, 8, 16, 12, 14, 9, 8, 3, 10, 11, 20, 6, 20, 17, 7, 8, 10, 16, 16, 10, 16, 15, 5, 8, 11, 19, 11, 2, 19, 10, 14, 4, 12, 16, 11, 3, 12, 15, 2, 15, 16, 10, 11, 20, 16, 8, 12, 20, 9, 5, 19, 9, 9, 14, 1, 9, 1, 10, 5, 1, 15, 4, 1, 9, 15, 1, 17, 11, 12, 20, 14, 14, 5, 6, 4, 20, 1, 6, 3, 9, 7, 6, 11, 9, 14, 1, 15, 5, 3, 18, 10, 2, 3, 15, 2, 1, 5, 15, 3, 4, 18, 17, 17, 13, 13, 10, 3, 7, 3, 3, 9, 18, 6, 4, 4, 2, 13, 13, 18, 18, 6, 4, 2, 13, 4, 1, 2, 13, 13, 18, 5, 18, 17, 13, 10, 15, 18, 17, 4, 6, 2, 3, 18, 4, 7, 17, 13, 17, 18]
bestever    1882    in generation 1513
[2, 12, 19, 12, 20, 7, 16, 17, 7, 14, 8, 20, 2, 7, 14, 20, 19, 7, 9, 14, 5, 16, 8, 11, 6, 17, 1, 5, 11, 19, 7, 19, 7, 8, 20, 19, 10, 16, 14, 12, 15, 6, 11, 5, 19, 8, 6, 13, 12, 8, 19, 12, 8, 16, 12, 14, 9, 8, 3, 10, 11, 20, 20, 6, 17, 7, 8, 10, 16, 16, 10, 16, 15, 5, 8, 11, 19, 11, 2, 19, 10, 14, 4, 12, 16, 11, 3, 12, 9, 2, 15, 16, 10, 11, 20, 16, 8, 12, 20, 9, 5, 19, 9, 15, 14, 1, 9, 1, 10, 5, 1, 15, 4, 1, 9, 15, 1, 17, 11, 12, 20, 14, 14, 5, 6, 4, 20, 1, 6, 3, 9, 7, 6, 11, 9, 14, 1, 15, 5, 3, 18, 10, 2, 3, 15, 2, 1, 5, 15, 3, 4, 18, 17, 17, 13, 13, 10, 3, 7, 3, 3, 9, 18, 6, 4, 4, 2, 13, 13, 18, 18, 6, 4, 2, 13, 4, 1, 2, 13, 13, 18, 5, 18, 17, 13, 10, 15, 18, 17, 4, 6, 2, 3, 18, 4, 7, 17, 13, 17, 18]
bestever    1880    in generation 1599
[2, 12, 19, 12, 20, 7, 16, 17, 7, 14, 8, 20, 2, 7, 14, 20, 19, 7, 9, 14, 5, 16, 8, 11, 6, 17, 1, 5, 11, 19, 7, 19, 7, 8, 20, 19, 10, 16, 14, 12, 15, 6, 11, 5, 19, 8, 6, 13, 12, 8, 19, 12, 8, 16, 12, 14, 9, 8, 12, 10, 11, 20, 20, 6, 17, 7, 8, 10, 16, 16, 10, 16, 15, 5, 8, 11, 19, 11, 2, 19, 10, 14, 4, 12, 16, 11, 3, 12, 9, 2, 15, 16, 10, 11, 20, 16, 8, 12, 20, 9, 5, 19, 9, 15, 11, 14, 9, 1, 10, 5, 1, 15, 4, 1, 9, 15, 1, 17, 14, 3, 20, 14, 1, 5, 6, 4, 20, 1, 6, 3, 9, 7, 6, 11, 9, 14, 1, 15, 5, 3, 18, 10, 2, 3, 15, 2, 1, 5, 15, 3, 4, 17, 13, 13, 10, 3, 7, 3, 18, 17, 3, 9, 18, 6, 4, 4, 2, 13, 13, 18, 18, 6, 4, 2, 13, 4, 1, 2, 13, 13, 18, 5, 18, 17, 13, 10, 15, 18, 17, 4, 6, 2, 3, 18, 4, 7, 17, 13, 17, 18]
bestever    1878    in generation 1632
[2, 12, 19, 12, 20, 7, 16, 17, 7, 14, 8, 20, 2, 7, 14, 20, 19, 7, 9, 14, 5, 16, 8, 11, 6, 17, 1, 5, 11, 19, 7, 19, 7, 8, 20, 19, 10, 16, 14, 12, 15, 6, 11, 5, 19, 8, 6, 13, 12, 8, 19, 12, 8, 16, 12, 14, 9, 8, 12, 10, 11, 20, 20, 6, 4, 7, 8, 10, 16, 16, 10, 16, 15, 5, 8, 11, 19, 11, 2, 19, 10, 14, 4, 12, 16, 11, 3, 12, 9, 2, 15, 16, 10, 11, 20, 16, 8, 12, 20, 9, 5, 19, 9, 15, 11, 14, 9, 1, 10, 5, 1, 15, 4, 1, 9, 15, 1, 17, 14, 3, 20, 14, 1, 5, 6, 4, 20, 1, 6, 3, 9, 7, 6, 11, 9, 14, 1, 15, 5, 3, 18, 10, 2, 3, 15, 2, 1, 5, 15, 3, 17, 17, 13, 13, 10, 3, 7, 3, 18, 17, 3, 9, 18, 6, 4, 4, 2, 13, 13, 18, 18, 6, 4, 2, 13, 4, 1, 2, 13, 13, 18, 5, 18, 17, 13, 10, 15, 18, 17, 4, 6, 2, 3, 18, 4, 7, 17, 13, 17, 18]
bestever    1875    in generation 1652
[2, 7, 19, 12, 20, 7, 16, 17, 7, 14, 8, 20, 2, 12, 14, 20, 19, 7, 9, 14, 5, 16, 8, 11, 6, 17, 1, 5, 11, 19, 7, 19, 7, 8, 20, 19, 10, 16, 14, 12, 15, 6, 11, 5, 19, 8, 6, 13, 12, 8, 19, 12, 8, 16, 12, 14, 9, 8, 12, 10, 11, 20, 20, 6, 4, 7, 8, 10, 16, 16, 10, 16, 15, 5, 8, 11, 19, 11, 2, 19, 10, 14, 4, 12, 16, 11, 3, 12, 9, 2, 15, 16, 10, 11, 20, 16, 8, 12, 20, 9, 5, 19, 9, 15, 11, 14, 9, 1, 10, 5, 1, 15, 4, 1, 9, 15, 1, 17, 14, 3, 20, 14, 1, 5, 6, 4, 20, 1, 6, 3, 9, 7, 6, 11, 9, 14, 1, 15, 5, 3, 18, 10, 2, 3, 15, 2, 1, 5, 15, 3, 17, 17, 13, 13, 10, 3, 7, 3, 18, 17, 3, 9, 18, 6, 4, 4, 2, 13, 13, 18, 18, 6, 4, 2, 13, 4, 1, 2, 13, 13, 18, 5, 18, 17, 13, 10, 15, 18, 17, 4, 6, 2, 3, 18, 4, 7, 17, 13, 17, 18]
bestever    1870    in generation 1666
[2, 7, 19, 12, 20, 7, 16, 17, 7, 14, 8, 19, 2, 12, 14, 20, 19, 7, 9, 14, 5, 16, 8, 11, 6, 17, 1, 5, 11, 20, 7, 19, 7, 8, 20, 19, 10, 16, 14, 12, 15, 6, 11, 5, 19, 8, 6, 13, 12, 8, 19, 12, 8, 16, 12, 14, 9, 8, 12, 10, 11, 20, 20, 6, 4, 7, 8, 10, 16, 16, 10, 16, 15, 5, 8, 11, 19, 11, 2, 19, 10, 14, 4, 12, 16, 11, 3, 12, 9, 2, 15, 16, 10, 11, 20, 16, 8, 12, 20, 9, 5, 19, 9, 15, 11, 14, 9, 1, 10, 5, 1, 15, 4, 1, 9, 15, 1, 17, 14, 3, 20, 14, 1, 5, 6, 4, 20, 1, 6, 3, 9, 7, 6, 11, 9, 14, 1, 15, 5, 3, 18, 10, 2, 3, 15, 2, 1, 5, 15, 3, 17, 17, 13, 13, 10, 3, 7, 3, 18, 17, 3, 9, 18, 6, 4, 4, 2, 13, 13, 18, 18, 6, 4, 2, 13, 4, 1, 2, 13, 13, 18, 5, 18, 17, 13, 10, 15, 18, 17, 4, 6, 2, 3, 18, 4, 7, 17, 13, 17, 18]
bestever    1861    in generation 1722
[2, 7, 19, 12, 20, 7, 16, 17, 7, 14, 8, 19, 2, 12, 14, 20, 19, 7, 9, 14, 5, 16, 8, 11, 6, 17, 1, 5, 11, 20, 7, 19, 7, 8, 20, 19, 10, 16, 14, 12, 15, 6, 11, 5, 19, 8, 6, 13, 12, 8, 19, 12, 8, 16, 12, 14, 9, 8, 12, 10, 11, 20, 20, 6, 4, 9, 8, 10, 16, 16, 10, 16, 15, 5, 8, 11, 19, 11, 2, 19, 10, 14, 4, 12, 16, 11, 3, 12, 7, 2, 15, 16, 10, 11, 20, 16, 8, 12, 20, 9, 5, 19, 9, 15, 11, 14, 9, 1, 10, 5, 1, 15, 4, 1, 9, 15, 1, 17, 14, 3, 20, 14, 1, 5, 6, 4, 20, 1, 6, 3, 9, 7, 6, 11, 9, 14, 1, 15, 5, 3, 18, 10, 2, 3, 15, 2, 1, 5, 15, 3, 17, 17, 13, 13, 10, 3, 7, 3, 18, 17, 3, 9, 18, 6, 4, 4, 2, 13, 13, 18, 18, 6, 4, 2, 13, 4, 1, 2, 13, 13, 18, 5, 18, 17, 13, 10, 15, 18, 17, 4, 6, 2, 3, 18, 4, 7, 17, 13, 17, 18]
bestever    1846    in generation 1781
[2, 7, 19, 12, 20, 7, 16, 17, 7, 14, 8, 19, 2, 12, 14, 20, 19, 7, 9, 14, 5, 16, 8, 11, 6, 17, 1, 5, 11, 20, 7, 19, 7, 8, 20, 19, 10, 16, 14, 12, 15, 6, 11, 5, 19, 8, 6, 13, 12, 8, 19, 12, 8, 16, 12, 14, 9, 8, 12, 10, 11, 20, 20, 6, 4, 9, 8, 10, 16, 16, 10, 16, 15, 5, 8, 11, 19, 11, 2, 19, 10, 14, 4, 12, 16, 11, 3, 12, 12, 2, 15, 16, 10, 11, 20, 16, 8, 7, 20, 9, 5, 19, 9, 15, 11, 14, 9, 1, 10, 5, 1, 15, 4, 1, 9, 15, 1, 17, 14, 3, 20, 14, 1, 5, 6, 4, 20, 1, 6, 3, 9, 7, 6, 11, 9, 14, 1, 15, 5, 3, 18, 10, 2, 3, 15, 2, 1, 5, 15, 3, 17, 17, 13, 13, 10, 3, 7, 3, 18, 17, 3, 9, 18, 6, 4, 4, 2, 13, 13, 18, 18, 6, 4, 2, 13, 4, 1, 2, 13, 13, 18, 5, 18, 17, 13, 10, 15, 18, 17, 4, 6, 2, 3, 18, 4, 7, 17, 13, 17, 18]
bestever    1827    in generation 1885
[2, 7, 19, 12, 20, 7, 16, 7, 7, 14, 8, 19, 2, 12, 14, 20, 19, 17, 9, 14, 5, 16, 8, 11, 6, 17, 1, 5, 11, 20, 7, 19, 7, 8, 20, 19, 10, 16, 14, 12, 15, 6, 11, 5, 19, 8, 6, 13, 12, 8, 19, 12, 8, 16, 12, 14, 9, 8, 12, 10, 11, 20, 20, 6, 4, 9, 8, 10, 16, 16, 10, 16, 15, 5, 8, 11, 19, 11, 2, 19, 10, 14, 4, 12, 16, 11, 3, 12, 7, 2, 15, 1, 10, 11, 20, 16, 8, 12, 20, 9, 5, 19, 9, 15, 11, 14, 9, 1, 10, 5, 1, 15, 4, 1, 9, 15, 16, 17, 14, 3, 20, 14, 1, 5, 6, 4, 20, 1, 6, 3, 9, 7, 6, 11, 9, 14, 1, 15, 5, 3, 18, 10, 2, 3, 15, 2, 1, 5, 15, 3, 17, 17, 13, 13, 10, 3, 7, 3, 18, 17, 3, 9, 18, 6, 4, 4, 2, 13, 13, 18, 18, 6, 4, 2, 13, 4, 1, 2, 13, 13, 18, 5, 18, 17, 13, 10, 15, 18, 17, 4, 6, 2, 3, 18, 4, 7, 17, 13, 17, 18]
bestever    1823    in generation 1954
[2, 7, 19, 12, 20, 7, 16, 7, 7, 14, 8, 19, 2, 12, 14, 20, 19, 17, 9, 14, 5, 16, 8, 11, 6, 17, 1, 5, 11, 20, 7, 19, 7, 8, 20, 19, 10, 16, 14, 12, 15, 6, 11, 5, 19, 8, 6, 13, 12, 8, 19, 12, 8, 16, 12, 14, 9, 8, 12, 10, 11, 20, 20, 6, 4, 9, 8, 10, 16, 16, 10, 16, 15, 5, 8, 11, 19, 11, 2, 19, 10, 14, 4, 12, 16, 11, 3, 12, 7, 2, 15, 1, 10, 11, 20, 16, 8, 12, 20, 9, 5, 19, 9, 15, 11, 14, 9, 1, 10, 5, 1, 15, 4, 1, 9, 15, 16, 17, 14, 3, 20, 14, 1, 5, 6, 4, 20, 1, 6, 3, 9, 7, 6, 11, 9, 14, 1, 15, 5, 3, 18, 10, 2, 3, 15, 2, 1, 5, 15, 3, 17, 13, 13, 10, 3, 7, 3, 18, 3, 9, 18, 6, 4, 4, 2, 13, 13, 18, 6, 2, 17, 13, 17, 4, 18, 4, 1, 2, 13, 13, 18, 5, 18, 17, 13, 10, 15, 18, 17, 4, 6, 2, 3, 18, 4, 7, 17, 13, 17, 18]
bestever    1810    in generation 2010
[2, 7, 19, 12, 20, 7, 16, 7, 7, 14, 8, 19, 2, 12, 14, 20, 19, 6, 9, 14, 5, 16, 8, 11, 6, 17, 1, 5, 11, 20, 7, 19, 7, 8, 20, 19, 10, 16, 14, 12, 15, 17, 11, 5, 19, 8, 6, 13, 12, 8, 19, 12, 8, 16, 12, 14, 9, 8, 12, 10, 11, 20, 20, 6, 4, 9, 8, 10, 16, 16, 10, 16, 15, 5, 8, 11, 19, 11, 2, 19, 10, 14, 4, 12, 16, 11, 3, 12, 7, 2, 15, 1, 10, 11, 20, 16, 8, 12, 20, 9, 5, 19, 9, 15, 11, 14, 9, 1, 10, 5, 1, 15, 4, 1, 9, 15, 16, 17, 14, 3, 20, 14, 1, 5, 6, 4, 20, 1, 6, 3, 9, 7, 6, 11, 9, 14, 1, 15, 5, 3, 18, 10, 2, 3, 15, 2, 1, 5, 15, 3, 17, 13, 13, 10, 3, 7, 3, 18, 3, 9, 18, 6, 4, 4, 2, 13, 13, 18, 6, 2, 17, 13, 17, 4, 18, 4, 1, 2, 13, 13, 18, 5, 18, 17, 13, 10, 15, 18, 17, 4, 6, 2, 3, 18, 4, 7, 17, 13, 17, 18]
bestever    1809    in generation 2060
[2, 7, 19, 12, 20, 7, 16, 7, 7, 14, 8, 19, 2, 12, 14, 20, 19, 6, 9, 14, 5, 16, 8, 11, 6, 1, 5, 11, 20, 7, 19, 7, 8, 20, 19, 10, 16, 14, 12, 15, 11, 5, 19, 8, 6, 13, 12, 8, 19, 12, 8, 16, 12, 14, 9, 8, 12, 10, 11, 20, 20, 6, 4, 9, 8, 10, 16, 16, 10, 16, 15, 5, 8, 11, 19, 11, 2, 19, 10, 14, 4, 12, 16, 11, 3, 12, 7, 2, 15, 1, 10, 11, 20, 16, 8, 12, 20, 9, 5, 19, 9, 15, 11, 14, 9, 1, 10, 5, 1, 15, 1, 9, 15, 16, 17, 14, 3, 20, 14, 1, 5, 6, 20, 1, 6, 3, 9, 7, 11, 9, 14, 1, 15, 5, 3, 10, 2, 3, 15, 1, 5, 15, 3, 17, 10, 3, 7, 3, 3, 9, 6, 17, 17, 4, 18, 4, 2, 13, 13, 18, 18, 6, 4, 4, 2, 13, 13, 18, 6, 2, 17, 13, 17, 4, 18, 4, 1, 2, 13, 13, 18, 5, 18, 17, 13, 10, 15, 18, 17, 4, 6, 2, 3, 18, 4, 7, 17, 13, 17, 18]
bestever    1804    in generation 2117
[2, 7, 19, 12, 20, 7, 16, 7, 7, 14, 8, 19, 14, 12, 2, 20, 19, 6, 9, 14, 5, 16, 8, 11, 6, 1, 5, 11, 20, 7, 19, 7, 8, 20, 19, 10, 16, 14, 12, 15, 11, 5, 19, 8, 6, 13, 12, 8, 19, 12, 8, 16, 12, 14, 9, 8, 12, 10, 11, 20, 20, 6, 4, 9, 8, 10, 16, 16, 10, 16, 15, 5, 8, 11, 19, 11, 2, 19, 10, 14, 4, 12, 16, 11, 3, 12, 7, 2, 15, 1, 10, 11, 20, 16, 8, 12, 20, 9, 5, 19, 9, 15, 11, 14, 9, 1, 10, 5, 1, 15, 1, 9, 15, 16, 17, 14, 3, 20, 14, 1, 5, 6, 20, 1, 6, 3, 9, 7, 11, 9, 14, 1, 15, 5, 3, 10, 2, 3, 15, 1, 5, 15, 3, 17, 10, 3, 7, 3, 3, 9, 6, 17, 17, 4, 18, 4, 2, 13, 13, 18, 18, 6, 4, 4, 2, 13, 13, 18, 6, 2, 17, 13, 17, 4, 18, 4, 1, 2, 13, 13, 18, 5, 18, 17, 13, 10, 15, 18, 17, 4, 6, 2, 3, 18, 4, 7, 17, 13, 17, 18]
bestever    1803    in generation 2137
[2, 7, 19, 12, 20, 7, 16, 7, 7, 14, 8, 19, 14, 12, 2, 20, 19, 6, 9, 14, 5, 16, 8, 11, 6, 1, 5, 11, 20, 7, 19, 7, 8, 20, 19, 10, 16, 14, 12, 15, 11, 5, 19, 8, 6, 13, 12, 8, 19, 12, 8, 16, 12, 14, 9, 8, 12, 10, 11, 20, 20, 6, 4, 9, 8, 10, 16, 16, 10, 16, 15, 5, 8, 11, 19, 11, 2, 19, 10, 14, 4, 12, 16, 11, 3, 12, 7, 2, 15, 1, 10, 11, 20, 16, 8, 12, 20, 9, 5, 19, 9, 15, 11, 14, 9, 3, 10, 5, 1, 15, 1, 9, 15, 16, 17, 14, 3, 20, 14, 1, 5, 6, 20, 1, 6, 3, 9, 7, 11, 9, 14, 1, 15, 5, 1, 10, 2, 3, 15, 1, 5, 15, 3, 17, 10, 3, 7, 3, 3, 9, 6, 17, 17, 4, 18, 4, 2, 13, 13, 18, 18, 6, 4, 4, 2, 13, 13, 18, 6, 2, 17, 13, 17, 4, 18, 4, 1, 2, 13, 13, 18, 5, 18, 17, 13, 10, 15, 18, 17, 4, 6, 2, 3, 18, 4, 7, 17, 13, 17, 18]
bestever    1799    in generation 2148
[2, 7, 19, 12, 20, 7, 16, 7, 7, 14, 8, 19, 14, 12, 2, 20, 19, 6, 9, 14, 5, 16, 8, 11, 6, 1, 5, 11, 20, 7, 19, 7, 8, 20, 19, 10, 16, 14, 12, 15, 11, 5, 19, 8, 6, 13, 12, 8, 19, 12, 8, 16, 12, 14, 9, 8, 12, 10, 11, 20, 20, 6, 4, 9, 8, 10, 16, 16, 10, 16, 15, 5, 8, 11, 19, 11, 2, 19, 10, 14, 4, 12, 16, 11, 3, 12, 7, 2, 15, 1, 10, 11, 20, 16, 8, 12, 20, 9, 5, 19, 9, 15, 11, 14, 9, 3, 10, 5, 1, 3, 1, 9, 15, 16, 17, 14, 3, 20, 14, 1, 5, 6, 20, 1, 6, 3, 9, 7, 11, 9, 14, 1, 15, 5, 1, 10, 2, 3, 15, 1, 5, 15, 3, 17, 10, 15, 7, 3, 3, 9, 6, 17, 17, 4, 18, 4, 2, 13, 13, 18, 18, 6, 4, 4, 2, 13, 13, 18, 6, 2, 17, 13, 17, 4, 18, 4, 1, 2, 13, 13, 18, 5, 18, 17, 13, 10, 15, 18, 17, 4, 6, 2, 3, 18, 4, 7, 17, 13, 17, 18]
bestever    1787    in generation 2200
[2, 7, 19, 12, 20, 7, 16, 7, 7, 14, 8, 19, 14, 12, 2, 20, 19, 6, 9, 14, 5, 16, 8, 11, 6, 1, 5, 11, 20, 7, 19, 7, 8, 20, 19, 10, 16, 14, 12, 15, 11, 5, 19, 8, 6, 13, 12, 8, 19, 12, 8, 16, 12, 14, 9, 8, 12, 10, 11, 20, 20, 6, 4, 9, 8, 10, 16, 16, 10, 16, 15, 5, 8, 11, 19, 11, 2, 19, 10, 14, 4, 12, 16, 11, 3, 12, 7, 2, 15, 1, 10, 11, 20, 16, 8, 12, 20, 9, 5, 19, 9, 15, 11, 14, 9, 3, 10, 5, 1, 3, 1, 9, 15, 16, 17, 14, 3, 20, 14, 1, 5, 6, 20, 1, 6, 3, 9, 7, 11, 9, 14, 1, 15, 5, 1, 10, 2, 3, 15, 1, 5, 15, 3, 17, 10, 15, 7, 3, 3, 9, 6, 17, 17, 4, 18, 4, 2, 13, 13, 18, 18, 6, 4, 4, 2, 13, 13, 18, 6, 2, 4, 13, 17, 4, 18, 4, 1, 2, 13, 13, 18, 5, 18, 17, 13, 10, 15, 18, 17, 4, 6, 2, 3, 18, 17, 7, 17, 13, 17, 18]
bestever    1781    in generation 2239
[2, 7, 19, 12, 20, 7, 16, 7, 7, 14, 8, 19, 14, 12, 2, 20, 19, 6, 9, 14, 5, 16, 8, 11, 6, 1, 5, 11, 20, 7, 19, 7, 8, 20, 19, 10, 16, 14, 12, 15, 11, 5, 19, 8, 6, 13, 12, 8, 19, 12, 8, 16, 12, 14, 9, 8, 12, 10, 11, 20, 20, 6, 4, 9, 8, 10, 16, 16, 10, 16, 15, 5, 8, 11, 19, 11, 2, 19, 10, 14, 4, 12, 16, 11, 3, 12, 7, 2, 15, 1, 10, 11, 20, 16, 8, 12, 20, 9, 5, 19, 9, 15, 11, 14, 9, 3, 10, 5, 1, 3, 1, 9, 15, 16, 17, 14, 3, 20, 14, 1, 5, 6, 20, 1, 6, 3, 9, 7, 11, 9, 14, 1, 15, 5, 1, 10, 2, 3, 15, 1, 5, 15, 3, 17, 10, 15, 7, 3, 3, 9, 6, 17, 17, 4, 18, 4, 2, 13, 13, 18, 18, 6, 4, 4, 2, 13, 13, 18, 6, 2, 4, 13, 17, 4, 18, 4, 1, 2, 13, 13, 18, 5, 18, 17, 13, 10, 15, 18, 17, 4, 6, 7, 3, 17, 2, 18, 17, 13, 18, 17]
bestever    1776    in generation 2319
[2, 7, 19, 12, 20, 7, 16, 7, 7, 14, 8, 19, 14, 12, 2, 20, 19, 6, 9, 14, 5, 16, 8, 11, 6, 1, 5, 11, 20, 7, 19, 7, 8, 20, 19, 10, 16, 14, 12, 15, 11, 5, 19, 8, 6, 13, 12, 8, 19, 12, 8, 16, 12, 14, 9, 8, 12, 10, 11, 20, 20, 6, 4, 16, 8, 10, 16, 16, 10, 9, 15, 5, 8, 11, 19, 11, 2, 19, 10, 14, 4, 12, 16, 11, 3, 12, 7, 2, 15, 1, 10, 11, 20, 16, 8, 12, 20, 9, 5, 19, 9, 15, 11, 14, 9, 3, 10, 5, 1, 3, 1, 9, 15, 16, 17, 14, 3, 20, 14, 1, 5, 6, 20, 1, 6, 3, 9, 7, 11, 9, 14, 1, 15, 5, 1, 10, 2, 3, 15, 1, 5, 15, 3, 17, 10, 15, 7, 3, 3, 9, 6, 17, 17, 4, 18, 4, 2, 13, 13, 18, 18, 6, 4, 4, 2, 13, 13, 18, 6, 2, 4, 13, 17, 4, 18, 4, 1, 2, 13, 13, 18, 5, 18, 17, 13, 10, 15, 18, 17, 4, 6, 7, 3, 17, 2, 18, 17, 13, 18, 17]
bestever    1775    in generation 2537
[7, 19, 12, 20, 7, 16, 7, 7, 14, 8, 19, 14, 12, 2, 20, 19, 6, 9, 14, 5, 16, 8, 11, 6, 1, 5, 7, 20, 7, 19, 11, 8, 20, 19, 10, 16, 14, 12, 15, 11, 5, 19, 8, 6, 13, 12, 8, 19, 12, 8, 16, 12, 14, 2, 9, 8, 12, 10, 11, 5, 20, 6, 4, 16, 20, 10, 16, 16, 10, 9, 15, 8, 8, 11, 19, 11, 2, 19, 10, 14, 4, 12, 16, 11, 3, 12, 7, 2, 15, 1, 10, 11, 20, 16, 8, 12, 20, 9, 5, 19, 9, 15, 11, 14, 9, 3, 10, 5, 1, 3, 1, 9, 15, 16, 17, 14, 3, 20, 14, 1, 5, 6, 20, 1, 6, 3, 9, 7, 11, 9, 14, 1, 15, 5, 1, 10, 2, 3, 15, 1, 5, 15, 3, 17, 10, 15, 7, 3, 3, 9, 6, 17, 4, 18, 4, 2, 13, 17, 13, 18, 18, 6, 4, 4, 2, 13, 13, 18, 6, 2, 4, 13, 17, 4, 18, 4, 1, 2, 13, 13, 18, 5, 18, 17, 13, 10, 15, 18, 17, 4, 6, 7, 3, 17, 2, 18, 18, 17, 13, 17]
bestever    1772    in generation 2738
[7, 19, 12, 20, 7, 16, 7, 7, 14, 8, 19, 14, 12, 16, 20, 19, 6, 9, 14, 5, 16, 8, 11, 6, 1, 5, 7, 20, 7, 19, 11, 8, 20, 19, 10, 16, 14, 12, 15, 11, 5, 19, 8, 6, 13, 12, 8, 19, 12, 8, 16, 12, 14, 2, 9, 8, 12, 10, 11, 5, 20, 6, 4, 2, 20, 10, 16, 16, 10, 9, 15, 8, 8, 11, 19, 11, 2, 19, 10, 14, 4, 12, 16, 11, 3, 12, 7, 2, 15, 1, 10, 11, 20, 16, 8, 12, 20, 9, 5, 19, 9, 15, 11, 14, 9, 3, 10, 5, 1, 3, 1, 9, 15, 16, 17, 14, 3, 20, 14, 1, 5, 6, 20, 1, 6, 3, 9, 7, 11, 9, 14, 1, 15, 5, 1, 10, 2, 3, 15, 1, 5, 15, 3, 17, 10, 15, 7, 3, 3, 9, 6, 17, 4, 18, 4, 2, 13, 17, 13, 18, 18, 6, 4, 4, 2, 13, 13, 18, 6, 2, 4, 13, 17, 4, 18, 4, 1, 2, 13, 13, 18, 5, 18, 17, 13, 10, 15, 18, 17, 4, 6, 7, 3, 17, 2, 18, 18, 17, 13, 17]
bestever    1770    in generation 2923
[7, 19, 12, 20, 7, 16, 7, 7, 14, 8, 19, 14, 12, 16, 20, 19, 6, 9, 14, 5, 16, 8, 11, 6, 1, 5, 7, 16, 20, 7, 19, 11, 8, 20, 19, 10, 14, 12, 15, 11, 5, 19, 8, 6, 13, 12, 8, 19, 12, 8, 16, 12, 14, 2, 9, 8, 12, 10, 11, 5, 20, 6, 4, 2, 20, 10, 16, 16, 10, 9, 15, 8, 8, 11, 19, 11, 2, 19, 10, 14, 4, 12, 16, 11, 3, 12, 7, 2, 15, 1, 10, 11, 20, 16, 8, 12, 20, 9, 5, 19, 9, 15, 11, 14, 9, 3, 10, 5, 1, 3, 1, 9, 15, 16, 14, 3, 20, 14, 1, 5, 6, 20, 1, 6, 3, 9, 7, 11, 9, 14, 1, 15, 5, 1, 10, 2, 3, 15, 1, 5, 15, 3, 10, 15, 7, 3, 3, 9, 6, 17, 4, 18, 4, 2, 13, 17, 13, 6, 4, 2, 13, 6, 17, 18, 4, 2, 18, 18, 17, 13, 4, 13, 17, 4, 18, 4, 1, 2, 13, 13, 18, 5, 18, 17, 13, 10, 15, 18, 17, 4, 6, 7, 3, 17, 2, 18, 18, 17, 13, 17]
bestever    1762    in generation 2952
[7, 19, 12, 20, 7, 16, 7, 7, 14, 8, 19, 14, 12, 16, 20, 19, 6, 9, 14, 5, 16, 8, 11, 6, 1, 5, 7, 16, 20, 7, 19, 11, 8, 20, 19, 10, 14, 12, 15, 11, 5, 19, 8, 6, 8, 12, 8, 19, 12, 8, 16, 12, 14, 2, 9, 13, 12, 10, 11, 5, 20, 6, 4, 2, 20, 10, 16, 16, 10, 9, 15, 8, 8, 11, 19, 11, 2, 19, 10, 14, 4, 12, 16, 11, 3, 12, 7, 2, 15, 1, 10, 11, 20, 16, 8, 12, 20, 9, 5, 19, 9, 15, 11, 14, 9, 3, 10, 5, 1, 3, 1, 9, 15, 16, 14, 3, 20, 14, 1, 5, 6, 20, 1, 6, 3, 9, 7, 11, 9, 14, 1, 15, 5, 1, 10, 2, 3, 15, 1, 5, 15, 3, 10, 15, 7, 3, 3, 9, 6, 17, 4, 18, 4, 2, 13, 17, 13, 6, 4, 2, 13, 6, 17, 18, 4, 2, 18, 18, 17, 13, 4, 13, 17, 4, 18, 4, 1, 2, 13, 13, 18, 5, 18, 17, 13, 10, 15, 18, 17, 4, 6, 7, 3, 17, 2, 18, 18, 17, 13, 17]
bestever    1759    in generation 3087
[7, 19, 12, 20, 7, 16, 7, 7, 14, 8, 19, 14, 12, 16, 20, 19, 6, 9, 14, 5, 16, 8, 11, 6, 1, 5, 7, 16, 20, 7, 19, 11, 8, 20, 19, 10, 14, 12, 15, 11, 5, 19, 8, 6, 8, 12, 8, 19, 12, 8, 16, 12, 14, 8, 9, 13, 12, 10, 11, 5, 20, 6, 4, 2, 20, 10, 16, 16, 10, 9, 15, 2, 8, 11, 19, 11, 2, 19, 10, 14, 4, 12, 16, 11, 3, 12, 7, 2, 15, 1, 10, 11, 20, 16, 8, 12, 20, 9, 5, 19, 9, 15, 11, 14, 9, 3, 10, 5, 1, 3, 1, 9, 15, 16, 14, 3, 20, 14, 1, 5, 6, 20, 1, 6, 3, 9, 7, 11, 9, 14, 1, 15, 5, 1, 10, 2, 3, 15, 1, 5, 15, 3, 10, 15, 7, 3, 3, 9, 6, 17, 4, 18, 4, 2, 13, 17, 13, 6, 4, 2, 13, 6, 17, 18, 4, 2, 18, 18, 17, 13, 4, 13, 17, 4, 18, 4, 1, 2, 13, 13, 18, 5, 18, 17, 13, 10, 15, 18, 17, 4, 6, 7, 3, 17, 2, 18, 18, 17, 13, 17]
bestever    1753    in generation 3177
[7, 19, 12, 20, 7, 16, 7, 7, 14, 8, 19, 14, 12, 16, 20, 19, 6, 9, 14, 5, 16, 8, 11, 6, 16, 5, 7, 16, 20, 7, 19, 11, 8, 20, 19, 10, 14, 12, 15, 11, 5, 19, 8, 6, 20, 12, 8, 19, 12, 8, 1, 12, 14, 8, 9, 13, 12, 10, 11, 5, 8, 6, 4, 2, 20, 10, 16, 16, 10, 9, 15, 2, 8, 11, 19, 11, 2, 19, 10, 14, 4, 12, 16, 11, 3, 12, 7, 2, 15, 1, 10, 11, 20, 16, 8, 12, 20, 9, 5, 19, 9, 15, 11, 14, 9, 3, 10, 5, 1, 3, 1, 9, 15, 16, 14, 3, 20, 14, 1, 5, 6, 20, 1, 6, 3, 9, 7, 11, 9, 14, 1, 15, 5, 1, 10, 2, 3, 15, 1, 5, 15, 3, 10, 15, 7, 3, 3, 9, 6, 17, 4, 18, 4, 2, 13, 17, 13, 6, 4, 2, 13, 6, 17, 18, 4, 2, 18, 18, 17, 13, 4, 13, 17, 4, 18, 4, 1, 2, 13, 13, 18, 5, 18, 17, 13, 10, 15, 18, 17, 4, 6, 7, 3, 17, 2, 18, 18, 17, 13, 17]
bestever    1746    in generation 3208
[7, 19, 12, 20, 7, 16, 7, 7, 14, 8, 19, 7, 12, 16, 20, 19, 6, 9, 14, 5, 16, 8, 11, 6, 16, 5, 7, 16, 20, 14, 19, 11, 8, 20, 19, 10, 14, 12, 15, 11, 5, 19, 8, 6, 20, 12, 8, 19, 12, 8, 1, 12, 14, 8, 9, 13, 12, 10, 11, 5, 8, 6, 4, 2, 20, 10, 16, 16, 10, 9, 15, 2, 8, 11, 19, 11, 2, 19, 10, 14, 4, 12, 16, 11, 3, 12, 7, 2, 15, 1, 10, 11, 20, 16, 8, 12, 20, 9, 5, 19, 9, 15, 11, 14, 9, 3, 10, 5, 1, 3, 1, 9, 15, 16, 14, 3, 20, 14, 1, 5, 6, 20, 1, 6, 3, 9, 7, 11, 9, 14, 1, 15, 5, 1, 10, 2, 3, 15, 1, 5, 15, 3, 10, 15, 7, 3, 3, 9, 6, 17, 4, 18, 4, 2, 13, 17, 13, 6, 4, 2, 13, 6, 17, 18, 4, 2, 18, 18, 17, 13, 4, 13, 17, 4, 18, 4, 1, 2, 13, 13, 18, 5, 18, 17, 13, 10, 15, 18, 17, 4, 6, 7, 3, 17, 2, 18, 18, 17, 13, 17]
bestever    1741    in generation 3726
[7, 19, 12, 20, 7, 16, 7, 7, 14, 8, 19, 7, 12, 16, 20, 19, 6, 19, 14, 5, 16, 8, 11, 6, 16, 5, 7, 16, 20, 14, 9, 11, 8, 20, 19, 10, 14, 12, 15, 11, 5, 19, 8, 6, 20, 12, 8, 19, 12, 8, 4, 12, 14, 8, 9, 13, 12, 10, 11, 5, 8, 6, 4, 2, 20, 10, 16, 16, 10, 9, 15, 2, 8, 11, 19, 11, 2, 19, 10, 14, 1, 12, 16, 11, 3, 12, 7, 2, 15, 1, 10, 11, 20, 16, 8, 12, 20, 9, 5, 19, 9, 15, 11, 14, 9, 3, 10, 5, 1, 3, 1, 9, 15, 16, 14, 3, 20, 14, 1, 5, 6, 20, 9, 1, 6, 3, 9, 7, 11, 14, 1, 15, 5, 1, 10, 2, 3, 15, 1, 5, 15, 3, 10, 15, 7, 3, 3, 9, 6, 17, 4, 18, 4, 2, 13, 17, 13, 6, 4, 2, 4, 6, 17, 18, 13, 2, 18, 18, 17, 13, 4, 13, 17, 4, 18, 4, 1, 2, 13, 13, 18, 5, 18, 17, 13, 10, 15, 18, 17, 4, 6, 7, 3, 17, 2, 18, 18, 17, 13, 17]
bestever    1719    in generation 3838
[7, 19, 12, 20, 7, 16, 7, 7, 14, 8, 19, 7, 12, 16, 20, 19, 6, 19, 14, 5, 16, 8, 11, 6, 16, 5, 7, 16, 20, 12, 9, 11, 8, 20, 19, 10, 14, 12, 15, 11, 5, 19, 8, 6, 20, 14, 8, 19, 12, 8, 4, 12, 14, 8, 9, 13, 12, 10, 11, 5, 8, 6, 4, 2, 20, 10, 16, 16, 10, 9, 15, 2, 8, 11, 19, 11, 2, 19, 10, 14, 1, 12, 16, 11, 3, 12, 7, 2, 15, 1, 10, 11, 20, 16, 8, 12, 20, 9, 5, 19, 9, 15, 11, 14, 9, 3, 10, 5, 1, 3, 1, 9, 15, 16, 14, 3, 20, 14, 1, 5, 6, 20, 9, 1, 6, 3, 9, 7, 11, 14, 1, 15, 5, 1, 10, 2, 3, 15, 1, 5, 15, 3, 10, 15, 7, 3, 3, 9, 6, 17, 4, 18, 4, 2, 13, 17, 13, 6, 4, 2, 4, 6, 17, 18, 13, 2, 18, 18, 17, 13, 4, 13, 17, 4, 18, 4, 1, 2, 13, 13, 18, 5, 18, 17, 13, 10, 15, 18, 17, 4, 6, 7, 3, 17, 2, 18, 18, 17, 13, 17]
bestever    1718    in generation 8209
[7, 19, 12, 20, 7, 16, 7, 7, 14, 8, 19, 19, 12, 16, 20, 7, 19, 19, 6, 19, 14, 16, 5, 20, 19, 7, 8, 11, 6, 16, 16, 5, 20, 12, 9, 11, 4, 8, 20, 14, 10, 19, 12, 15, 11, 5, 8, 6, 20, 14, 8, 19, 12, 14, 8, 12, 11, 8, 13, 9, 12, 10, 4, 5, 11, 14, 6, 20, 10, 16, 16, 10, 9, 2, 8, 11, 19, 11, 9, 2, 10, 14, 12, 1, 7, 15, 15, 10, 8, 20, 16, 8, 12, 17, 9, 5, 15, 16, 11, 12, 3, 15, 7, 16, 11, 1, 9, 3, 10, 5, 1, 3, 1, 9, 15, 20, 14, 20, 14, 1, 5, 6, 9, 4, 1, 9, 3, 6, 2, 17, 2, 18, 3, 11, 17, 14, 1, 5, 1, 10, 18, 3, 15, 1, 5, 15, 13, 3, 6, 15, 10, 2, 7, 3, 3, 9, 6, 4, 18, 13, 18, 4, 2, 13, 13, 6, 4, 2, 13, 17, 4, 18, 2, 18, 13, 18, 4, 17, 4, 17, 1, 2, 13, 5, 18, 17, 13, 10, 15, 4, 18, 17, 7, 3, 6, 2, 18, 17, 13, 17]
bestever    1715    in generation 8288
[7, 19, 12, 20, 7, 16, 7, 7, 14, 8, 19, 19, 12, 16, 20, 7, 19, 19, 6, 19, 14, 16, 5, 20, 19, 7, 8, 11, 6, 16, 16, 5, 20, 12, 9, 11, 4, 8, 20, 14, 10, 19, 12, 15, 11, 5, 8, 6, 20, 14, 8, 19, 12, 14, 8, 12, 11, 8, 13, 9, 12, 10, 4, 5, 11, 14, 6, 20, 10, 16, 16, 10, 9, 2, 8, 11, 19, 11, 9, 2, 10, 14, 12, 1, 7, 15, 15, 10, 8, 20, 16, 8, 12, 9, 5, 15, 16, 11, 12, 3, 15, 7, 16, 11, 1, 9, 3, 10, 5, 1, 3, 1, 9, 15, 20, 14, 20, 14, 1, 5, 6, 9, 4, 1, 9, 3, 6, 2, 2, 18, 3, 11, 17, 14, 1, 5, 1, 10, 18, 3, 15, 1, 5, 15, 13, 3, 6, 15, 10, 2, 7, 3, 3, 9, 6, 4, 13, 4, 2, 13, 6, 4, 2, 13, 17, 18, 2, 18, 13, 18, 17, 4, 17, 18, 13, 18, 4, 17, 4, 17, 1, 2, 13, 5, 18, 17, 13, 10, 15, 4, 18, 17, 7, 3, 6, 2, 18, 17, 13, 17]
bestever    1709    in generation 8303
[7, 19, 12, 20, 7, 16, 7, 7, 14, 8, 19, 19, 12, 16, 20, 7, 19, 19, 6, 19, 14, 16, 5, 20, 19, 7, 8, 11, 6, 16, 16, 5, 20, 12, 9, 11, 4, 8, 20, 14, 10, 19, 12, 15, 11, 5, 8, 6, 20, 14, 8, 19, 12, 14, 8, 12, 11, 8, 9, 12, 10, 4, 5, 11, 14, 6, 20, 10, 16, 16, 10, 9, 2, 8, 11, 19, 11, 9, 2, 10, 14, 12, 1, 7, 15, 15, 10, 8, 20, 16, 8, 12, 9, 5, 15, 16, 11, 12, 3, 15, 7, 16, 11, 1, 9, 3, 10, 5, 1, 3, 1, 9, 15, 20, 14, 20, 14, 1, 5, 6, 9, 4, 1, 9, 3, 13, 17, 6, 2, 17, 2, 18, 3, 11, 17, 14, 1, 5, 1, 10, 18, 3, 15, 1, 5, 15, 13, 3, 6, 15, 10, 2, 7, 3, 3, 9, 6, 4, 18, 13, 18, 4, 2, 13, 13, 6, 4, 2, 13, 17, 4, 18, 2, 18, 13, 18, 4, 17, 4, 17, 1, 2, 13, 5, 18, 17, 13, 10, 15, 4, 18, 17, 7, 3, 6, 2, 18, 17, 13, 17]
