bestever    3313    in generation 0
[16, 2, 13, 19, 2, 8, 2, 2, 8, 5, 16, 9, 15, 5, 1, 6, 5, 2, 9, 9, 10, 6, 13, 5, 8, 3, 6, 4, 4, 13, 18, 14, 10, 15, 13, 6, 15, 10, 7, 18, 16, 3, 2, 1, 14, 4, 16, 17, 12, 20, 6, 5, 3, 4, 6, 4, 18, 11, 11, 20, 7, 12, 18, 19, 16, 10, 6, 5, 12, 4, 1, 10, 18, 15, 11, 20, 9, 4, 20, 2, 12, 17, 8, 9, 8, 11, 19, 17, 11, 8, 10, 12, 8, 16, 9, 19, 18, 3, 17, 14, 10, 15, 10, 11, 8, 20, 13, 4, 17, 15, 15, 19, 7, 15, 4, 3, 6, 15, 16, 9, 1, 11, 7, 19, 13, 19, 19, 17, 17, 16, 13, 9, 9, 7, 10, 1, 5, 5, 3, 1, 5, 17, 16, 14, 12, 19, 9, 20, 1, 13, 17, 3, 18, 3, 18, 8, 4, 20, 16, 2, 18, 7, 2, 5, 3, 13, 2, 7, 20, 11, 12, 17, 6, 20, 11, 14, 12, 13, 7, 1, 18, 14, 7, 14, 19, 12, 7, 14, 1, 14, 8, 15, 20, 14, 11, 12, 10, 6, 3, 1]
bestever    3257    in generation 5
[16, 2, 13, 19, 2, 8, 2, 2, 8, 5, 16, 9, 15, 5, 1, 6, 5, 2, 9, 9, 10, 6, 13, 5, 8, 3, 6, 4, 4, 13, 18, 14, 10, 15, 13, 6, 15, 10, 7, 18, 16, 3, 2, 1, 14, 4, 16, 17, 12, 20, 6, 5, 3, 4, 6, 4, 18, 11, 11, 20, 7, 12, 18, 19, 16, 10, 5, 12, 4, 10, 18, 15, 11, 20, 9, 4, 20, 2, 12, 17, 8, 9, 8, 11, 19, 17, 11, 8, 10, 12, 8, 16, 9, 19, 18, 17, 14, 10, 15, 10, 11, 8, 3, 6, 1, 20, 13, 4, 17, 15, 15, 19, 7, 15, 4, 3, 6, 15, 16, 9, 1, 11, 7, 19, 13, 19, 19, 17, 17, 16, 13, 9, 9, 7, 10, 1, 5, 5, 3, 1, 5, 17, 16, 14, 12, 19, 9, 20, 1, 13, 17, 3, 18, 3, 18, 8, 4, 20, 16, 2, 18, 7, 2, 5, 3, 13, 2, 7, 20, 11, 12, 17, 6, 20, 11, 14, 12, 13, 7, 1, 18, 14, 7, 14, 19, 12, 7, 14, 1, 14, 8, 15, 20, 14, 11, 12, 10, 6, 3, 1]
bestever    3138    in generation 8
[2, 13, 19, 2, 8, 2, 2, 8, 5, 16, 9, 15, 5, 1, 6, 5, 2, 9, 9, 10, 6, 13, 5, 8, 3, 6, 4, 4, 13, 18, 14, 10, 15, 13, 6, 15, 10, 7, 18, 16, 3, 2, 14, 4, 16, 17, 12, 20, 6, 5, 4, 6, 4, 18, 11, 11, 7, 18, 19, 16, 10, 6, 12, 4, 10, 18, 15, 11, 20, 9, 4, 20, 2, 12, 17, 8, 9, 8, 11, 19, 17, 11, 8, 10, 12, 8, 16, 9, 19, 18, 17, 14, 10, 15, 11, 8, 20, 13, 4, 17, 15, 15, 19, 7, 15, 4, 3, 6, 15, 16, 9, 11, 7, 19, 19, 17, 13, 9, 9, 7, 10, 1, 3, 1, 5, 16, 14, 12, 19, 20, 1, 13, 17, 3, 10, 1, 5, 5, 3, 1, 5, 17, 16, 14, 12, 19, 9, 20, 1, 13, 17, 3, 18, 3, 18, 8, 4, 20, 16, 2, 18, 7, 2, 5, 3, 13, 2, 7, 20, 11, 12, 17, 6, 20, 11, 14, 12, 13, 7, 1, 18, 14, 7, 14, 19, 12, 7, 1, 14, 8, 15, 20, 14, 11, 12, 10, 6, 3, 1, 16]
bestever    3036    in generation 9
[13, 19, 2, 8, 2, 2, 8, 5, 16, 9, 15, 5, 6, 5, 2, 9, 9, 10, 6, 13, 5, 8, 3, 6, 4, 4, 13, 18, 14, 10, 15, 13, 6, 15, 10, 7, 18, 16, 3, 2, 14, 4, 16, 17, 20, 6, 5, 4, 6, 4, 18, 11, 11, 18, 19, 16, 10, 6, 12, 4, 10, 18, 15, 11, 9, 4, 12, 17, 8, 9, 8, 11, 19, 17, 11, 8, 10, 12, 8, 16, 9, 19, 17, 14, 10, 15, 11, 20, 4, 17, 15, 15, 19, 7, 15, 4, 6, 15, 16, 9, 11, 7, 19, 13, 9, 9, 7, 10, 1, 1, 5, 14, 12, 19, 20, 1, 13, 17, 3, 3, 8, 20, 16, 18, 7, 2, 14, 12, 19, 20, 1, 13, 17, 3, 10, 1, 5, 5, 3, 1, 5, 17, 16, 14, 12, 19, 9, 20, 1, 13, 17, 3, 18, 3, 18, 8, 4, 20, 16, 2, 18, 7, 2, 5, 3, 13, 2, 7, 20, 11, 12, 17, 6, 20, 11, 14, 12, 13, 7, 1, 18, 14, 7, 14, 19, 12, 7, 1, 8, 15, 20, 14, 11, 12, 10, 6, 3, 1, 16, 2]
bestever    3018    in generation 13
[2, 13, 19, 2, 8, 2, 2, 8, 5, 16, 9, 15, 5, 1, 6, 5, 2, 9, 9, 10, 6, 13, 5, 8, 3, 6, 4, 4, 13, 18, 14, 10, 15, 13, 6, 15, 10, 7, 18, 16, 3, 2, 14, 4, 16, 17, 12, 20, 6, 5, 4, 6, 4, 18, 11, 11, 7, 18, 19, 16, 10, 6, 2, 4, 10, 18, 15, 11, 20, 9, 4, 20, 2, 12, 17, 8, 9, 8, 11, 19, 17, 11, 8, 10, 12, 8, 16, 9, 19, 18, 17, 14, 10, 15, 11, 8, 20, 13, 4, 17, 15, 15, 19, 7, 15, 4, 3, 6, 15, 16, 9, 11, 7, 19, 19, 17, 13, 9, 9, 7, 10, 1, 3, 1, 5, 14, 12, 19, 20, 1, 13, 17, 3, 10, 1, 5, 5, 5, 16, 3, 1, 17, 16, 14, 12, 19, 9, 20, 1, 13, 17, 3, 18, 3, 18, 8, 4, 20, 16, 2, 18, 7, 12, 5, 3, 13, 2, 7, 20, 11, 12, 17, 6, 20, 11, 14, 12, 13, 7, 1, 18, 14, 7, 14, 19, 12, 7, 1, 14, 8, 15, 20, 14, 11, 12, 10, 6, 3, 1, 16]
bestever    2973    in generation 14
[2, 13, 19, 2, 8, 2, 2, 8, 5, 16, 9, 15, 5, 1, 6, 5, 2, 9, 9, 10, 6, 13, 5, 8, 3, 6, 4, 4, 13, 18, 14, 10, 15, 13, 6, 15, 10, 7, 18, 16, 3, 2, 14, 4, 16, 17, 12, 20, 6, 5, 4, 6, 4, 18, 11, 11, 7, 18, 19, 16, 10, 6, 2, 4, 10, 18, 15, 11, 20, 9, 4, 20, 2, 12, 17, 8, 9, 8, 16, 19, 17, 11, 8, 10, 12, 8, 16, 9, 19, 18, 17, 14, 10, 15, 11, 8, 20, 13, 4, 17, 15, 15, 19, 7, 15, 4, 3, 6, 15, 16, 9, 11, 7, 19, 19, 17, 13, 9, 9, 7, 10, 1, 3, 1, 5, 16, 14, 12, 19, 20, 1, 13, 17, 3, 10, 1, 5, 5, 3, 1, 5, 17, 16, 14, 12, 19, 9, 20, 1, 13, 17, 3, 18, 3, 18, 8, 4, 20, 11, 2, 18, 7, 12, 5, 3, 13, 2, 7, 20, 11, 12, 17, 6, 20, 11, 14, 12, 13, 7, 1, 18, 14, 7, 14, 19, 12, 7, 1, 14, 8, 15, 20, 14, 11, 12, 10, 6, 3, 1, 16]
bestever    2956    in generation 15
[2, 13, 19, 2, 8, 2, 2, 8, 5, 9, 15, 5, 6, 5, 2, 9, 9, 10, 6, 13, 5, 8, 3, 6, 4, 4, 13, 18, 14, 10, 15, 16, 1, 13, 6, 15, 10, 7, 18, 16, 3, 2, 4, 16, 17, 12, 20, 6, 5, 4, 6, 4, 18, 11, 11, 7, 18, 19, 16, 10, 6, 2, 4, 10, 18, 15, 11, 20, 9, 4, 20, 2, 12, 17, 8, 9, 8, 11, 19, 17, 11, 8, 10, 12, 8, 16, 9, 19, 18, 17, 14, 10, 15, 11, 8, 20, 13, 4, 17, 15, 15, 19, 7, 15, 4, 3, 15, 16, 9, 19, 19, 17, 13, 9, 9, 10, 1, 3, 1, 5, 16, 14, 19, 20, 1, 13, 17, 3, 10, 1, 5, 5, 3, 1, 5, 17, 16, 14, 19, 9, 20, 1, 13, 17, 3, 18, 8, 4, 16, 18, 3, 7, 12, 6, 20, 11, 14, 12, 7, 2, 18, 7, 12, 5, 3, 13, 2, 7, 20, 11, 12, 17, 6, 20, 11, 14, 12, 13, 7, 1, 18, 14, 7, 14, 19, 12, 7, 1, 14, 8, 15, 20, 14, 11, 12, 10, 6, 3, 1, 16]
bestever    2919    in generation 17
[2, 13, 19, 2, 8, 2, 2, 8, 5, 9, 15, 5, 6, 5, 2, 9, 9, 10, 6, 13, 5, 8, 3, 6, 4, 4, 13, 18, 14, 10, 15, 16, 1, 13, 6, 15, 10, 7, 18, 16, 3, 2, 14, 4, 16, 17, 12, 20, 6, 5, 4, 6, 4, 18, 11, 11, 7, 18, 19, 16, 10, 6, 2, 4, 10, 18, 15, 11, 20, 9, 4, 20, 2, 12, 17, 8, 9, 8, 11, 19, 17, 11, 8, 10, 12, 8, 16, 9, 19, 18, 17, 14, 10, 15, 19, 8, 20, 13, 4, 17, 15, 15, 19, 7, 15, 4, 3, 6, 15, 16, 9, 11, 7, 19, 19, 17, 13, 9, 9, 7, 10, 1, 3, 1, 5, 16, 14, 12, 19, 20, 1, 13, 17, 3, 10, 1, 5, 5, 3, 1, 5, 17, 16, 14, 12, 11, 9, 20, 1, 13, 17, 3, 18, 3, 18, 8, 4, 20, 16, 2, 18, 7, 12, 5, 3, 13, 2, 7, 20, 11, 12, 17, 6, 20, 11, 14, 12, 13, 7, 1, 18, 14, 7, 14, 19, 12, 7, 1, 14, 8, 15, 20, 14, 11, 12, 10, 6, 3, 1, 16]
bestever    2888    in generation 20
[2, 13, 19, 2, 8, 2, 2, 8, 5, 9, 15, 5, 6, 5, 2, 9, 9, 10, 6, 13, 5, 8, 3, 6, 4, 4, 13, 18, 14, 10, 15, 16, 1, 13, 6, 15, 10, 7, 18, 16, 3, 2, 14, 4, 16, 17, 12, 20, 6, 5, 4, 6, 4, 18, 11, 11, 7, 18, 19, 16, 10, 6, 2, 4, 10, 18, 15, 11, 20, 9, 4, 20, 2, 12, 17, 8, 9, 8, 11, 19, 17, 11, 8, 10, 12, 8, 16, 9, 19, 18, 17, 14, 10, 15, 19, 8, 20, 13, 4, 17, 15, 15, 19, 7, 15, 4, 3, 6, 15, 16, 9, 11, 7, 19, 19, 17, 13, 9, 9, 7, 10, 1, 3, 1, 5, 16, 14, 12, 19, 20, 1, 13, 17, 3, 10, 1, 5, 5, 16, 1, 5, 17, 16, 14, 12, 11, 9, 20, 1, 13, 17, 3, 18, 3, 18, 8, 4, 20, 3, 2, 18, 7, 12, 5, 3, 13, 2, 7, 20, 11, 12, 17, 6, 20, 11, 14, 12, 13, 7, 1, 18, 14, 7, 14, 19, 12, 7, 1, 14, 8, 15, 20, 14, 11, 12, 10, 6, 3, 1, 16]
bestever    2827    in generation 24
[2, 13, 19, 2, 8, 2, 2, 8, 5, 9, 15, 5, 6, 5, 2, 9, 9, 10, 6, 13, 5, 8, 3, 6, 4, 4, 13, 18, 14, 10, 15, 16, 1, 13, 6, 15, 10, 7, 18, 16, 3, 2, 14, 4, 16, 17, 12, 20, 6, 5, 4, 6, 4, 18, 11, 11, 7, 18, 19, 16, 10, 6, 2, 4, 10, 18, 15, 11, 20, 9, 4, 20, 2, 12, 17, 8, 9, 8, 11, 19, 17, 11, 8, 10, 12, 8, 16, 9, 19, 18, 17, 14, 10, 15, 19, 8, 20, 13, 4, 17, 15, 15, 19, 7, 15, 4, 3, 6, 15, 16, 9, 11, 7, 19, 19, 17, 13, 9, 9, 7, 10, 1, 3, 1, 5, 16, 14, 12, 19, 20, 1, 13, 17, 3, 10, 1, 5, 5, 3, 1, 5, 17, 16, 14, 12, 11, 9, 20, 1, 13, 17, 3, 18, 3, 18, 8, 4, 20, 16, 2, 18, 7, 12, 5, 10, 13, 2, 7, 20, 11, 12, 17, 6, 20, 11, 14, 12, 13, 7, 1, 18, 14, 7, 14, 19, 12, 7, 1, 14, 8, 15, 20, 14, 11, 12, 3, 6, 3, 1, 16]
bestever    2812    in generation 30
[2, 13, 8, 2, 8, 2, 2, 8, 5, 9, 15, 5, 6, 5, 2, 9, 9, 10, 6, 13, 5, 19, 3, 6, 4, 4, 13, 18, 14, 10, 15, 16, 1, 13, 6, 15, 10, 7, 18, 16, 3, 2, 14, 4, 16, 17, 12, 20, 6, 5, 4, 6, 4, 18, 11, 11, 7, 18, 19, 16, 10, 6, 2, 4, 10, 18, 15, 11, 20, 9, 4, 20, 2, 12, 17, 8, 9, 8, 11, 19, 17, 11, 8, 10, 12, 8, 16, 9, 19, 18, 17, 14, 10, 15, 19, 8, 20, 13, 4, 17, 15, 15, 19, 7, 15, 4, 3, 6, 15, 16, 9, 11, 7, 19, 19, 17, 13, 9, 9, 7, 10, 1, 3, 1, 5, 16, 14, 12, 19, 20, 1, 13, 17, 3, 10, 1, 5, 5, 3, 1, 5, 17, 16, 14, 12, 11, 9, 20, 1, 13, 17, 3, 18, 3, 18, 8, 4, 20, 16, 2, 18, 7, 12, 5, 10, 13, 2, 7, 20, 11, 12, 17, 6, 20, 11, 14, 12, 13, 7, 1, 18, 14, 7, 14, 19, 12, 7, 1, 14, 8, 15, 20, 14, 11, 12, 3, 6, 3, 1, 16]
bestever    2807    in generation 40
[2, 13, 2, 2, 8, 2, 2, 8, 5, 9, 15, 5, 6, 5, 2, 9, 9, 10, 6, 13, 5, 8, 3, 6, 4, 4, 13, 18, 14, 10, 15, 16, 1, 13, 6, 15, 10, 7, 18, 16, 3, 2, 14, 4, 16, 17, 12, 20, 6, 5, 4, 6, 4, 18, 11, 11, 7, 18, 19, 16, 10, 6, 2, 4, 10, 18, 15, 11, 20, 9, 4, 20, 19, 12, 17, 8, 9, 8, 11, 19, 17, 11, 8, 10, 12, 8, 16, 9, 19, 18, 17, 14, 10, 15, 19, 8, 20, 13, 4, 17, 15, 15, 19, 7, 15, 4, 3, 6, 15, 16, 9, 11, 7, 19, 19, 17, 13, 9, 9, 7, 10, 1, 3, 1, 5, 16, 14, 12, 19, 20, 1, 13, 17, 3, 10, 1, 5, 5, 3, 1, 5, 17, 16, 14, 12, 11, 9, 20, 1, 13, 17, 3, 18, 3, 18, 8, 4, 20, 16, 2, 18, 7, 12, 5, 10, 13, 2, 7, 20, 11, 12, 17, 6, 20, 11, 14, 12, 13, 7, 1, 18, 14, 7, 14, 19, 12, 7, 1, 14, 8, 15, 20, 14, 11, 12, 3, 6, 3, 1, 16]
bestever    2793    in generation 42
[8, 2, 8, 2, 2, 8, 5, 9, 15, 5, 6, 5, 2, 9, 9, 10, 6, 13, 5, 19, 6, 4, 4, 13, 18, 10, 15, 16, 13, 6, 15, 10, 7, 18, 16, 2, 4, 16, 17, 12, 20, 6, 5, 4, 6, 4, 18, 11, 11, 7, 18, 19, 10, 2, 4, 10, 18, 11, 20, 9, 4, 2, 17, 8, 9, 19, 17, 15, 1, 3, 3, 8, 16, 6, 20, 11, 1, 14, 14, 12, 11, 8, 10, 12, 8, 9, 19, 18, 17, 14, 10, 15, 19, 8, 20, 13, 4, 17, 15, 16, 1, 15, 19, 7, 15, 4, 3, 6, 15, 16, 9, 11, 7, 19, 19, 17, 13, 9, 9, 7, 10, 1, 3, 1, 5, 16, 14, 12, 19, 20, 1, 13, 17, 3, 10, 1, 5, 5, 3, 1, 5, 17, 16, 14, 12, 11, 9, 20, 1, 13, 17, 3, 18, 3, 18, 8, 4, 20, 16, 2, 18, 7, 12, 5, 10, 13, 2, 7, 20, 11, 12, 17, 6, 20, 11, 14, 12, 13, 7, 1, 18, 14, 7, 14, 19, 12, 7, 14, 8, 15, 20, 14, 11, 12, 3, 6, 3, 16, 2, 13]
bestever    2780    in generation 54
[2, 13, 8, 2, 8, 2, 2, 8, 5, 9, 15, 5, 6, 5, 2, 9, 9, 10, 20, 13, 5, 19, 3, 6, 9, 4, 13, 18, 14, 10, 15, 16, 1, 13, 6, 15, 10, 7, 18, 16, 3, 2, 14, 4, 16, 17, 12, 20, 6, 5, 4, 6, 4, 18, 11, 11, 7, 18, 19, 16, 10, 6, 2, 4, 10, 18, 15, 11, 20, 9, 4, 6, 2, 12, 17, 8, 9, 8, 11, 19, 17, 11, 8, 10, 12, 8, 16, 9, 19, 18, 17, 14, 10, 15, 19, 8, 20, 13, 4, 17, 15, 15, 19, 7, 15, 4, 3, 6, 15, 16, 9, 11, 7, 19, 19, 17, 13, 9, 9, 7, 10, 1, 3, 1, 5, 16, 14, 12, 19, 20, 1, 13, 17, 3, 10, 1, 5, 5, 3, 1, 5, 17, 16, 14, 12, 11, 4, 20, 1, 13, 17, 3, 18, 3, 18, 8, 4, 20, 16, 2, 18, 7, 12, 5, 10, 13, 2, 7, 20, 11, 12, 17, 6, 20, 11, 14, 12, 13, 7, 1, 18, 14, 7, 14, 19, 12, 7, 1, 14, 8, 15, 20, 14, 11, 12, 3, 6, 3, 1, 16]
bestever    2757    in generation 57
[2, 13, 8, 2, 8, 2, 2, 8, 5, 9, 15, 5, 6, 5, 2, 9, 9, 10, 20, 13, 5, 19, 3, 6, 9, 4, 13, 18, 14, 10, 15, 16, 1, 13, 6, 15, 10, 7, 18, 16, 3, 2, 14, 4, 16, 17, 12, 20, 6, 5, 4, 6, 4, 18, 11, 11, 7, 18, 19, 16, 10, 6, 2, 4, 10, 18, 15, 11, 20, 9, 4, 6, 2, 12, 17, 8, 9, 8, 11, 19, 17, 11, 8, 10, 12, 8, 16, 9, 19, 18, 17, 13, 10, 15, 19, 8, 20, 13, 4, 17, 15, 15, 19, 7, 15, 4, 3, 6, 15, 16, 9, 11, 7, 19, 19, 17, 13, 9, 9, 7, 10, 1, 3, 1, 5, 16, 14, 12, 19, 20, 1, 13, 17, 3, 10, 1, 5, 5, 3, 1, 5, 17, 16, 14, 12, 11, 4, 20, 1, 13, 17, 3, 18, 3, 18, 8, 4, 20, 16, 2, 18, 7, 12, 5, 10, 14, 2, 7, 20, 11, 12, 17, 6, 20, 11, 14, 12, 13, 7, 1, 18, 14, 7, 14, 19, 12, 7, 1, 14, 8, 15, 20, 14, 11, 12, 3, 6, 3, 1, 16]
bestever    2743    in generation 58
[2, 13, 8, 2, 8, 2, 2, 8, 5, 9, 15, 5, 6, 5, 2, 9, 9, 10, 20, 13, 5, 19, 3, 6, 9, 4, 13, 18, 14, 10, 15, 16, 1, 13, 6, 15, 10, 7, 18, 16, 3, 2, 14, 4, 16, 17, 12, 20, 6, 5, 4, 6, 4, 18, 11, 11, 7, 18, 19, 16, 10, 6, 2, 4, 10, 18, 15, 11, 20, 9, 4, 6, 2, 12, 17, 8, 9, 8, 11, 19, 17, 11, 8, 10, 12, 8, 16, 9, 19, 18, 17, 13, 10, 15, 19, 8, 20, 13, 4, 17, 15, 15, 19, 7, 15, 4, 3, 15, 16, 9, 11, 7, 19, 19, 17, 13, 9, 9, 7, 10, 1, 3, 1, 5, 16, 14, 12, 19, 20, 1, 13, 17, 3, 10, 1, 5, 5, 3, 1, 5, 17, 16, 14, 12, 11, 4, 20, 17, 3, 18, 3, 18, 8, 4, 20, 16, 2, 18, 7, 14, 6, 12, 1, 5, 10, 13, 2, 7, 20, 11, 12, 17, 6, 20, 11, 14, 12, 13, 7, 1, 18, 14, 7, 14, 19, 12, 7, 1, 14, 8, 15, 20, 14, 11, 12, 3, 6, 3, 1, 16]
bestever    2738    in generation 61
[2, 13, 8, 2, 8, 2, 2, 8, 5, 9, 15, 5, 6, 5, 2, 9, 9, 10, 20, 13, 5, 19, 3, 6, 9, 4, 13, 18, 14, 10, 15, 16, 1, 13, 6, 15, 10, 7, 18, 16, 3, 2, 14, 4, 16, 17, 12, 20, 6, 5, 4, 6, 4, 18, 11, 11, 7, 18, 19, 16, 10, 6, 2, 4, 10, 18, 15, 11, 20, 9, 4, 6, 2, 12, 17, 8, 9, 8, 11, 19, 17, 11, 8, 10, 12, 8, 16, 9, 19, 18, 17, 14, 10, 15, 19, 8, 20, 5, 4, 17, 15, 15, 19, 7, 15, 4, 3, 6, 15, 16, 9, 11, 7, 19, 19, 17, 13, 9, 9, 7, 10, 1, 3, 1, 5, 16, 14, 12, 19, 20, 1, 13, 17, 3, 10, 1, 13, 5, 3, 1, 5, 17, 16, 14, 12, 11, 4, 20, 1, 13, 17, 3, 18, 3, 18, 8, 4, 20, 16, 2, 18, 7, 12, 5, 10, 13, 2, 7, 20, 11, 12, 17, 6, 20, 11, 14, 12, 13, 7, 1, 18, 14, 7, 14, 19, 12, 7, 1, 14, 8, 15, 20, 14, 11, 12, 3, 6, 3, 1, 16]
bestever    2735    in generation 67
[2, 13, 8, 2, 8, 2, 2, 8, 5, 9, 15, 5, 6, 5, 2, 9, 9, 10, 20, 13, 5, 19, 3, 6, 9, 4, 13, 18, 14, 10, 15, 16, 1, 13, 6, 15, 10, 7, 18, 16, 3, 2, 14, 4, 16, 17, 12, 20, 6, 5, 4, 6, 4, 18, 11, 11, 7, 18, 19, 16, 10, 6, 2, 4, 10, 18, 15, 11, 20, 9, 4, 6, 2, 12, 17, 8, 9, 8, 11, 19, 17, 11, 8, 10, 12, 8, 16, 9, 19, 18, 17, 14, 10, 15, 19, 8, 20, 5, 4, 17, 15, 15, 19, 7, 15, 4, 3, 15, 16, 9, 11, 7, 19, 19, 17, 13, 9, 9, 7, 10, 1, 3, 1, 5, 16, 14, 12, 19, 20, 1, 13, 17, 3, 10, 1, 13, 5, 3, 1, 5, 17, 16, 14, 12, 11, 4, 20, 13, 17, 3, 18, 3, 18, 8, 4, 20, 16, 2, 18, 7, 12, 5, 10, 13, 2, 7, 20, 11, 6, 12, 1, 17, 6, 20, 11, 14, 12, 13, 7, 1, 18, 14, 7, 14, 19, 12, 7, 1, 14, 8, 15, 20, 14, 11, 12, 3, 6, 3, 1, 16]
bestever    2722    in generation 68
[2, 13, 8, 2, 8, 2, 2, 8, 5, 9, 15, 5, 6, 5, 2, 9, 9, 10, 20, 13, 5, 19, 3, 6, 9, 4, 13, 18, 14, 10, 15, 16, 1, 13, 6, 15, 10, 6, 18, 16, 3, 2, 14, 4, 16, 17, 12, 20, 6, 5, 4, 6, 4, 18, 11, 11, 7, 18, 19, 16, 10, 6, 2, 4, 10, 18, 15, 11, 20, 9, 4, 6, 2, 12, 17, 8, 9, 8, 11, 19, 17, 11, 8, 10, 12, 8, 16, 9, 19, 18, 17, 14, 10, 15, 19, 8, 20, 5, 4, 17, 15, 15, 19, 7, 15, 4, 3, 6, 15, 16, 9, 11, 7, 19, 19, 17, 13, 9, 9, 7, 10, 1, 3, 1, 5, 16, 14, 12, 19, 20, 1, 13, 17, 3, 10, 1, 13, 5, 3, 1, 5, 17, 16, 14, 12, 11, 4, 20, 1, 13, 17, 3, 18, 3, 18, 8, 4, 20, 16, 2, 18, 7, 12, 5, 10, 13, 2, 7, 20, 11, 12, 17, 6, 20, 11, 14, 12, 13, 7, 1, 18, 14, 7, 14, 19, 12, 7, 1, 14, 8, 15, 20, 14, 11, 12, 3, 7, 3, 1, 16]
bestever    2714    in generation 74
[2, 13, 8, 2, 8, 2, 2, 8, 5, 9, 15, 5, 6, 5, 2, 9, 9, 10, 20, 13, 5, 19, 3, 6, 9, 4, 13, 18, 14, 10, 15, 9, 1, 13, 6, 15, 10, 7, 18, 16, 3, 2, 14, 4, 16, 17, 12, 20, 6, 5, 4, 6, 4, 18, 11, 11, 7, 18, 19, 16, 10, 6, 2, 4, 10, 18, 15, 11, 20, 9, 4, 6, 2, 12, 17, 8, 9, 8, 11, 19, 17, 11, 8, 10, 12, 8, 16, 9, 19, 18, 17, 14, 10, 15, 19, 8, 20, 5, 4, 17, 15, 15, 19, 7, 15, 4, 3, 6, 15, 16, 9, 11, 7, 19, 19, 17, 13, 16, 9, 7, 10, 1, 3, 1, 5, 16, 14, 12, 19, 20, 1, 13, 17, 3, 10, 1, 13, 5, 3, 1, 5, 17, 16, 14, 12, 11, 4, 20, 1, 13, 17, 3, 18, 3, 18, 8, 4, 20, 16, 2, 18, 7, 12, 5, 10, 13, 2, 7, 20, 11, 12, 17, 6, 20, 11, 14, 12, 13, 7, 1, 18, 14, 7, 14, 19, 12, 7, 1, 14, 8, 15, 20, 14, 11, 12, 3, 6, 3, 1, 16]
bestever    2658    in generation 76
[2, 13, 8, 2, 8, 2, 2, 8, 5, 9, 15, 5, 6, 5, 2, 9, 9, 10, 20, 13, 5, 19, 3, 6, 9, 4, 13, 18, 14, 10, 15, 9, 1, 13, 6, 15, 10, 7, 18, 16, 3, 2, 14, 4, 16, 17, 12, 20, 6, 5, 4, 6, 4, 18, 5, 11, 7, 18, 19, 16, 10, 6, 2, 4, 10, 18, 15, 11, 20, 9, 4, 6, 2, 12, 17, 8, 9, 8, 11, 19, 17, 11, 8, 10, 12, 8, 16, 9, 19, 18, 17, 14, 10, 15, 19, 8, 20, 5, 4, 17, 15, 15, 19, 7, 15, 4, 3, 6, 15, 16, 9, 11, 7, 19, 19, 17, 13, 16, 9, 7, 10, 1, 3, 1, 5, 16, 14, 12, 19, 20, 1, 13, 17, 3, 10, 1, 13, 5, 3, 1, 5, 17, 16, 14, 12, 11, 4, 20, 1, 13, 17, 3, 18, 3, 18, 8, 4, 20, 16, 2, 18, 7, 12, 11, 10, 13, 2, 7, 20, 11, 12, 17, 6, 20, 11, 14, 12, 13, 7, 1, 18, 14, 7, 14, 19, 12, 7, 1, 14, 8, 15, 20, 14, 11, 12, 3, 6, 3, 1, 16]
bestever    2620    in generation 84
[2, 13, 8, 2, 8, 2, 2, 8, 5, 9, 15, 5, 6, 5, 2, 9, 9, 10, 20, 13, 5, 19, 6, 9, 4, 13, 18, 14, 10, 15, 9, 13, 6, 15, 10, 7, 18, 16, 2, 14, 4, 16, 17, 20, 6, 5, 4, 4, 18, 11, 7, 18, 19, 3, 16, 6, 11, 12, 10, 6, 2, 4, 10, 18, 15, 11, 20, 9, 4, 2, 12, 17, 8, 9, 8, 11, 19, 17, 8, 10, 12, 8, 5, 16, 6, 1, 3, 9, 19, 18, 17, 14, 10, 15, 19, 8, 20, 5, 4, 17, 15, 15, 19, 7, 15, 4, 3, 6, 15, 16, 9, 11, 7, 19, 19, 17, 13, 16, 9, 7, 10, 1, 3, 1, 5, 16, 14, 12, 19, 20, 1, 13, 17, 3, 10, 1, 13, 5, 3, 1, 5, 17, 16, 14, 12, 11, 4, 20, 1, 13, 17, 3, 18, 3, 18, 8, 4, 20, 16, 2, 18, 7, 12, 11, 10, 13, 2, 7, 20, 11, 12, 17, 6, 20, 11, 14, 12, 13, 7, 1, 18, 14, 7, 14, 19, 12, 7, 1, 14, 8, 15, 20, 14, 11, 12, 3, 6, 3, 1, 16]
bestever    2605    in generation 86
[2, 13, 8, 2, 8, 2, 2, 8, 5, 9, 15, 5, 6, 5, 2, 9, 9, 10, 20, 13, 5, 19, 3, 6, 9, 4, 13, 18, 14, 10, 15, 9, 1, 13, 6, 15, 10, 7, 18, 16, 3, 2, 14, 4, 16, 17, 12, 20, 6, 5, 4, 6, 4, 18, 5, 11, 7, 18, 19, 16, 10, 6, 2, 4, 10, 18, 15, 11, 20, 9, 4, 6, 2, 12, 17, 8, 9, 8, 11, 19, 17, 11, 8, 10, 12, 8, 1, 9, 19, 18, 17, 14, 10, 15, 19, 8, 20, 5, 4, 17, 15, 15, 19, 7, 15, 4, 3, 6, 15, 16, 9, 11, 19, 19, 17, 13, 16, 9, 7, 10, 1, 3, 16, 5, 16, 14, 12, 19, 20, 1, 13, 17, 3, 10, 1, 13, 5, 3, 1, 5, 17, 16, 14, 12, 11, 4, 20, 1, 13, 17, 3, 18, 3, 18, 8, 4, 20, 16, 2, 18, 7, 12, 11, 10, 13, 7, 2, 7, 20, 11, 12, 17, 6, 20, 11, 14, 12, 13, 7, 1, 18, 14, 7, 14, 19, 12, 7, 1, 14, 8, 15, 20, 14, 11, 12, 3, 6, 3, 1, 16]
bestever    2598    in generation 96
[2, 13, 8, 2, 8, 2, 2, 8, 5, 9, 15, 5, 6, 5, 2, 9, 9, 10, 20, 13, 5, 19, 3, 6, 9, 4, 13, 18, 14, 10, 15, 9, 1, 13, 6, 15, 10, 7, 18, 16, 3, 2, 14, 4, 16, 17, 12, 20, 6, 5, 4, 6, 4, 18, 5, 11, 7, 18, 19, 16, 10, 6, 2, 4, 10, 18, 15, 11, 20, 9, 4, 6, 2, 12, 17, 8, 9, 8, 11, 19, 17, 11, 8, 10, 12, 8, 1, 9, 19, 18, 17, 14, 10, 15, 19, 8, 20, 5, 4, 17, 15, 15, 19, 7, 15, 4, 3, 6, 15, 16, 9, 11, 19, 19, 17, 13, 16, 9, 7, 10, 1, 3, 16, 5, 16, 14, 12, 19, 20, 1, 13, 17, 3, 10, 1, 13, 5, 3, 1, 5, 17, 16, 14, 12, 11, 4, 20, 1, 13, 17, 3, 18, 14, 18, 8, 4, 20, 16, 2, 18, 7, 12, 11, 10, 13, 7, 2, 7, 20, 11, 12, 17, 6, 20, 11, 14, 12, 13, 7, 1, 18, 14, 7, 14, 19, 12, 7, 1, 3, 8, 15, 20, 14, 11, 12, 3, 6, 3, 1, 16]
bestever    2565    in generation 116
[2, 13, 8, 2, 8, 2, 2, 8, 5, 9, 20, 5, 6, 5, 2, 9, 9, 10, 20, 13, 5, 19, 6, 9, 4, 13, 18, 14, 10, 15, 9, 13, 6, 15, 10, 7, 18, 16, 2, 4, 16, 17, 12, 20, 6, 5, 4, 6, 4, 18, 5, 11, 7, 18, 19, 10, 6, 2, 4, 10, 18, 15, 11, 9, 4, 6, 2, 17, 8, 9, 8, 11, 19, 17, 8, 10, 8, 9, 19, 18, 17, 10, 15, 19, 15, 5, 4, 17, 15, 15, 4, 15, 19, 3, 3, 1, 3, 8, 16, 12, 6, 20, 11, 14, 12, 1, 14, 7, 15, 16, 9, 11, 19, 19, 17, 13, 16, 9, 7, 10, 1, 3, 16, 5, 16, 14, 12, 19, 20, 1, 13, 17, 3, 10, 1, 13, 5, 3, 1, 5, 17, 16, 14, 12, 11, 4, 20, 1, 13, 17, 3, 18, 14, 18, 8, 4, 20, 16, 2, 18, 7, 12, 11, 10, 13, 7, 2, 7, 20, 11, 12, 17, 6, 20, 11, 14, 12, 13, 7, 1, 18, 14, 7, 14, 19, 12, 7, 1, 3, 8, 15, 20, 14, 11, 12, 3, 6, 3, 1, 16]
bestever    2545    in generation 119
[2, 13, 8, 2, 8, 2, 2, 8, 5, 9, 20, 5, 6, 5, 2, 9, 9, 10, 20, 13, 5, 19, 6, 9, 4, 13, 18, 14, 10, 15, 9, 13, 6, 15, 10, 7, 18, 16, 2, 4, 16, 17, 12, 20, 6, 5, 4, 6, 4, 18, 5, 11, 7, 18, 19, 10, 6, 2, 4, 10, 18, 15, 11, 9, 4, 6, 2, 17, 8, 9, 6, 11, 19, 17, 8, 10, 8, 9, 19, 18, 17, 10, 15, 19, 15, 5, 4, 17, 15, 15, 4, 15, 19, 3, 3, 1, 3, 8, 16, 12, 8, 20, 11, 14, 12, 1, 14, 7, 15, 16, 9, 11, 19, 19, 17, 13, 16, 9, 7, 10, 1, 3, 16, 5, 16, 14, 12, 19, 20, 1, 13, 17, 3, 10, 1, 13, 5, 3, 1, 5, 17, 16, 14, 12, 11, 4, 20, 1, 13, 17, 3, 18, 14, 18, 8, 4, 20, 16, 2, 18, 7, 12, 11, 10, 13, 7, 2, 7, 20, 11, 12, 17, 6, 20, 11, 14, 12, 13, 7, 1, 18, 14, 7, 14, 19, 12, 7, 1, 3, 8, 15, 20, 14, 11, 12, 3, 6, 3, 1, 16]
bestever    2507    in generation 121
[2, 13, 8, 2, 8, 2, 2, 8, 5, 9, 20, 5, 6, 5, 2, 9, 9, 10, 20, 13, 5, 19, 6, 9, 4, 13, 18, 14, 10, 15, 9, 13, 6, 15, 10, 7, 18, 16, 2, 4, 16, 17, 12, 20, 6, 5, 4, 6, 4, 18, 5, 11, 7, 18, 19, 10, 6, 2, 4, 10, 18, 15, 11, 9, 4, 6, 2, 17, 8, 9, 11, 19, 17, 8, 10, 8, 9, 19, 18, 17, 10, 15, 19, 15, 5, 4, 17, 15, 15, 4, 15, 19, 3, 1, 8, 12, 8, 20, 11, 14, 14, 7, 15, 3, 16, 6, 12, 1, 3, 16, 9, 11, 19, 19, 17, 13, 16, 9, 7, 10, 1, 3, 16, 5, 16, 14, 12, 19, 20, 1, 13, 17, 3, 10, 1, 13, 5, 3, 1, 5, 17, 16, 14, 12, 11, 4, 20, 1, 13, 17, 3, 18, 14, 18, 8, 4, 20, 16, 2, 18, 7, 12, 11, 10, 13, 7, 2, 7, 20, 11, 12, 17, 6, 20, 11, 14, 12, 13, 7, 1, 18, 14, 7, 14, 19, 12, 7, 1, 3, 8, 15, 20, 14, 11, 12, 3, 6, 3, 1, 16]
bestever    2499    in generation 122
[2, 13, 8, 2, 8, 2, 2, 8, 5, 9, 20, 5, 6, 5, 2, 9, 9, 10, 20, 13, 5, 19, 6, 9, 4, 13, 18, 14, 10, 15, 9, 13, 6, 15, 10, 7, 18, 16, 2, 4, 16, 17, 12, 20, 6, 5, 4, 6, 4, 18, 5, 11, 7, 18, 19, 10, 6, 2, 4, 10, 18, 15, 11, 9, 4, 6, 2, 17, 8, 9, 11, 19, 17, 8, 10, 8, 9, 19, 18, 17, 10, 15, 19, 15, 5, 4, 17, 15, 15, 4, 15, 19, 3, 1, 8, 12, 8, 20, 11, 14, 14, 5, 15, 3, 16, 6, 12, 1, 3, 16, 9, 11, 19, 19, 17, 13, 16, 9, 7, 10, 1, 3, 16, 5, 16, 14, 12, 19, 20, 1, 13, 17, 3, 10, 1, 13, 7, 3, 1, 5, 17, 16, 14, 12, 11, 4, 20, 1, 13, 17, 3, 18, 14, 18, 8, 4, 20, 16, 2, 18, 7, 12, 11, 10, 13, 7, 2, 7, 20, 11, 12, 17, 6, 20, 11, 14, 12, 13, 7, 1, 18, 14, 7, 14, 19, 12, 7, 1, 3, 8, 15, 20, 14, 11, 12, 3, 6, 3, 1, 16]
bestever    2488    in generation 127
[2, 13, 8, 2, 8, 2, 2, 8, 5, 9, 20, 5, 6, 5, 4, 9, 9, 10, 20, 13, 5, 19, 6, 9, 4, 13, 18, 14, 10, 15, 9, 13, 6, 15, 10, 7, 18, 16, 2, 4, 16, 17, 12, 20, 6, 5, 4, 6, 4, 18, 5, 11, 7, 18, 19, 10, 6, 2, 4, 10, 18, 15, 11, 9, 4, 6, 2, 17, 8, 9, 11, 19, 17, 8, 10, 8, 9, 19, 18, 17, 10, 15, 19, 15, 5, 2, 17, 15, 15, 4, 15, 19, 3, 1, 8, 12, 8, 20, 11, 14, 14, 5, 15, 3, 16, 6, 12, 1, 3, 16, 9, 11, 19, 19, 17, 13, 16, 9, 7, 10, 1, 3, 16, 5, 16, 14, 12, 19, 20, 1, 13, 17, 3, 10, 1, 13, 7, 3, 1, 5, 17, 16, 14, 12, 11, 4, 20, 1, 13, 17, 3, 18, 14, 18, 8, 4, 20, 16, 2, 18, 7, 12, 11, 10, 13, 7, 2, 7, 20, 11, 12, 17, 6, 20, 11, 14, 12, 13, 7, 1, 18, 14, 7, 14, 19, 12, 7, 1, 3, 8, 15, 20, 14, 11, 12, 3, 6, 3, 1, 16]
bestever    2461    in generation 147
[2, 13, 8, 2, 8, 2, 2, 8, 5, 9, 20, 5, 6, 5, 4, 9, 9, 10, 20, 13, 5, 19, 6, 9, 4, 13, 18, 14, 10, 15, 9, 13, 6, 15, 10, 7, 18, 16, 2, 4, 16, 17, 12, 20, 6, 5, 4, 6, 4, 18, 5, 11, 7, 18, 19, 10, 6, 2, 4, 10, 18, 15, 11, 9, 4, 6, 2, 17, 8, 9, 11, 19, 17, 8, 10, 8, 9, 19, 18, 17, 10, 15, 19, 15, 5, 2, 17, 15, 15, 4, 15, 19, 3, 1, 8, 12, 8, 20, 11, 14, 14, 5, 15, 3, 16, 6, 12, 1, 3, 16, 9, 11, 19, 19, 17, 13, 16, 9, 7, 10, 1, 3, 16, 5, 16, 14, 12, 19, 20, 1, 13, 17, 3, 10, 1, 13, 7, 3, 1, 5, 17, 16, 14, 12, 11, 4, 20, 1, 13, 17, 3, 18, 14, 18, 8, 4, 20, 16, 2, 18, 7, 15, 11, 10, 13, 7, 2, 7, 20, 11, 12, 17, 6, 20, 11, 14, 12, 13, 7, 1, 18, 14, 7, 14, 19, 12, 7, 1, 3, 8, 12, 20, 14, 11, 12, 3, 6, 3, 1, 16]
bestever    2434    in generation 163
[2, 13, 8, 2, 8, 2, 2, 8, 5, 9, 20, 5, 6, 5, 4, 9, 9, 10, 20, 13, 5, 19, 6, 9, 4, 13, 18, 14, 10, 15, 9, 13, 6, 15, 10, 7, 18, 16, 2, 4, 16, 17, 12, 20, 6, 5, 4, 6, 4, 18, 5, 11, 7, 18, 19, 10, 6, 2, 4, 10, 18, 15, 11, 9, 4, 6, 2, 17, 8, 9, 15, 19, 17, 8, 10, 8, 9, 19, 18, 17, 10, 15, 19, 15, 5, 2, 17, 15, 11, 4, 15, 19, 3, 1, 8, 12, 8, 20, 11, 14, 14, 5, 15, 3, 16, 6, 12, 1, 3, 16, 9, 11, 19, 19, 17, 13, 16, 9, 7, 10, 1, 3, 16, 5, 16, 14, 12, 19, 20, 1, 13, 17, 3, 10, 1, 13, 7, 3, 1, 5, 17, 16, 14, 12, 11, 4, 20, 1, 13, 17, 3, 18, 14, 18, 8, 4, 20, 16, 2, 18, 7, 15, 11, 10, 13, 7, 2, 7, 20, 11, 12, 17, 6, 20, 11, 14, 12, 13, 7, 1, 18, 14, 7, 14, 19, 12, 7, 1, 3, 8, 12, 20, 14, 11, 12, 3, 6, 3, 1, 16]
bestever    2429    in generation 171
[2, 13, 8, 2, 8, 2, 2, 8, 5, 9, 20, 5, 6, 5, 4, 9, 9, 10, 20, 13, 5, 19, 6, 9, 4, 13, 18, 14, 10, 15, 9, 13, 6, 15, 10, 7, 18, 16, 2, 4, 16, 17, 12, 20, 5, 5, 4, 6, 4, 18, 5, 11, 7, 18, 19, 10, 6, 2, 4, 10, 18, 15, 11, 9, 4, 6, 2, 17, 8, 9, 15, 19, 17, 8, 10, 8, 9, 19, 18, 17, 10, 15, 19, 15, 6, 2, 17, 15, 11, 4, 15, 19, 3, 1, 8, 12, 8, 20, 11, 14, 14, 5, 15, 3, 16, 6, 12, 1, 3, 16, 9, 11, 19, 19, 17, 13, 16, 9, 7, 10, 1, 3, 16, 5, 16, 14, 12, 19, 20, 1, 13, 17, 3, 10, 1, 13, 7, 3, 1, 5, 17, 16, 14, 12, 11, 4, 20, 1, 13, 17, 3, 18, 14, 18, 8, 4, 20, 16, 2, 18, 7, 15, 11, 10, 13, 7, 2, 7, 20, 11, 12, 17, 6, 20, 11, 14, 12, 13, 7, 1, 18, 14, 7, 14, 19, 12, 7, 1, 3, 8, 12, 20, 14, 11, 12, 3, 6, 3, 1, 16]
bestever    2404    in generation 176
[2, 13, 8, 2, 8, 2, 2, 8, 5, 9, 20, 5, 6, 5, 4, 9, 9, 10, 20, 13, 5, 19, 6, 9, 4, 13, 18, 14, 10, 15, 9, 13, 6, 15, 10, 7, 18, 16, 2, 4, 16, 17, 12, 20, 5, 5, 4, 6, 4, 18, 5, 11, 7, 18, 19, 10, 6, 2, 4, 10, 18, 15, 11, 9, 4, 6, 2, 17, 8, 9, 15, 19, 17, 8, 10, 8, 9, 19, 18, 17, 10, 15, 19, 15, 6, 2, 17, 15, 11, 4, 15, 19, 3, 1, 8, 12, 8, 20, 11, 14, 14, 5, 15, 3, 16, 12, 1, 3, 16, 9, 11, 19, 19, 17, 13, 16, 9, 7, 10, 1, 3, 16, 5, 16, 19, 20, 1, 13, 17, 3, 10, 1, 13, 7, 3, 5, 17, 16, 14, 12, 11, 4, 20, 1, 13, 17, 3, 18, 14, 18, 8, 4, 20, 16, 2, 18, 7, 15, 11, 10, 13, 2, 7, 12, 6, 20, 11, 14, 12, 7, 1, 17, 6, 20, 11, 14, 12, 13, 7, 1, 18, 14, 7, 14, 19, 12, 7, 1, 3, 8, 12, 20, 14, 11, 12, 3, 6, 3, 1, 16]
bestever    2386    in generation 189
[2, 13, 8, 2, 8, 2, 2, 8, 5, 9, 20, 5, 6, 5, 4, 9, 9, 10, 20, 13, 5, 19, 6, 9, 4, 13, 18, 14, 10, 15, 9, 13, 6, 15, 10, 7, 18, 16, 2, 4, 16, 17, 12, 20, 5, 5, 4, 6, 4, 18, 5, 11, 7, 18, 19, 10, 6, 2, 4, 10, 8, 15, 11, 9, 4, 6, 2, 17, 8, 9, 15, 19, 17, 8, 10, 18, 9, 19, 18, 17, 10, 15, 19, 15, 6, 2, 17, 15, 11, 4, 15, 19, 3, 1, 8, 12, 8, 20, 11, 14, 14, 5, 15, 3, 16, 12, 1, 3, 16, 9, 11, 19, 19, 17, 13, 16, 9, 7, 10, 1, 3, 16, 5, 16, 19, 20, 1, 13, 17, 3, 10, 1, 13, 7, 3, 5, 17, 16, 14, 12, 11, 4, 20, 1, 13, 17, 3, 18, 14, 18, 8, 4, 20, 16, 2, 18, 7, 15, 11, 10, 13, 2, 7, 12, 6, 20, 11, 14, 12, 7, 1, 17, 6, 20, 11, 14, 12, 13, 7, 1, 18, 14, 7, 14, 19, 12, 7, 1, 3, 8, 12, 20, 14, 11, 12, 3, 6, 3, 1, 16]
bestever    2367    in generation 191
[2, 13, 8, 2, 8, 2, 2, 8, 5, 9, 20, 5, 6, 5, 4, 9, 9, 10, 20, 13, 5, 19, 6, 9, 4, 13, 18, 14, 10, 15, 9, 13, 6, 15, 10, 7, 18, 16, 2, 4, 16, 17, 12, 20, 5, 5, 4, 6, 4, 18, 5, 11, 7, 11, 19, 10, 6, 2, 4, 10, 18, 15, 11, 9, 4, 6, 2, 17, 8, 9, 15, 19, 17, 8, 10, 8, 9, 19, 18, 17, 10, 15, 19, 15, 6, 2, 17, 15, 11, 4, 15, 19, 3, 1, 8, 12, 8, 20, 11, 14, 14, 5, 15, 3, 16, 12, 1, 3, 16, 9, 18, 19, 19, 17, 13, 16, 9, 7, 10, 1, 3, 16, 5, 16, 19, 20, 1, 13, 17, 3, 10, 1, 13, 7, 3, 5, 17, 16, 14, 12, 11, 4, 20, 1, 13, 17, 3, 18, 14, 18, 8, 4, 20, 16, 2, 18, 7, 15, 11, 10, 13, 2, 7, 12, 6, 20, 11, 14, 12, 7, 1, 17, 6, 20, 11, 14, 12, 13, 7, 1, 18, 14, 7, 14, 19, 12, 7, 1, 3, 8, 12, 20, 14, 11, 12, 3, 6, 3, 1, 16]
bestever    2353    in generation 198
[2, 13, 8, 2, 8, 2, 2, 8, 5, 9, 20, 5, 6, 5, 4, 9, 9, 10, 20, 13, 5, 19, 6, 9, 4, 13, 18, 14, 10, 15, 9, 13, 6, 15, 10, 7, 18, 16, 2, 4, 16, 17, 12, 20, 5, 5, 4, 4, 4, 18, 5, 11, 7, 11, 19, 10, 6, 2, 4, 10, 18, 15, 11, 9, 4, 6, 2, 17, 8, 9, 15, 19, 17, 8, 10, 8, 9, 19, 18, 17, 10, 15, 19, 15, 6, 2, 17, 15, 11, 4, 15, 19, 3, 1, 8, 12, 8, 20, 11, 14, 14, 5, 15, 3, 16, 12, 1, 3, 16, 9, 18, 19, 19, 17, 13, 16, 9, 7, 10, 1, 3, 16, 5, 16, 19, 20, 1, 13, 17, 3, 10, 1, 13, 7, 3, 5, 17, 16, 14, 12, 11, 4, 20, 1, 13, 17, 3, 18, 14, 18, 8, 6, 20, 16, 2, 18, 7, 15, 11, 10, 13, 2, 7, 12, 6, 20, 11, 14, 12, 7, 1, 17, 6, 20, 11, 14, 12, 13, 7, 1, 18, 14, 7, 14, 19, 12, 7, 1, 3, 8, 12, 20, 14, 11, 12, 3, 6, 3, 1, 16]
bestever    2351    in generation 212
[2, 13, 8, 2, 8, 2, 2, 8, 5, 9, 20, 5, 6, 5, 4, 9, 9, 10, 20, 13, 5, 19, 6, 9, 4, 13, 18, 14, 10, 15, 9, 13, 6, 15, 10, 7, 18, 16, 2, 4, 16, 17, 9, 20, 5, 5, 4, 4, 4, 18, 5, 11, 7, 11, 19, 10, 6, 2, 4, 10, 18, 15, 11, 12, 4, 6, 2, 17, 8, 9, 15, 19, 17, 8, 10, 8, 9, 19, 18, 17, 10, 15, 19, 15, 6, 2, 17, 15, 11, 4, 15, 19, 3, 1, 8, 12, 8, 20, 11, 14, 14, 5, 15, 3, 16, 12, 1, 3, 16, 9, 18, 19, 19, 17, 13, 16, 9, 7, 10, 1, 3, 16, 5, 16, 19, 20, 1, 13, 17, 3, 10, 1, 13, 7, 3, 5, 17, 16, 14, 12, 11, 4, 20, 1, 13, 17, 3, 18, 14, 18, 8, 6, 20, 16, 2, 18, 7, 15, 11, 10, 13, 2, 7, 12, 6, 20, 11, 14, 12, 7, 1, 17, 6, 20, 11, 14, 12, 13, 7, 1, 18, 14, 7, 14, 19, 12, 7, 1, 3, 8, 12, 20, 14, 11, 12, 3, 6, 3, 1, 16]
bestever    2321    in generation 222
[2, 13, 8, 2, 8, 2, 2, 8, 5, 9, 20, 5, 6, 5, 4, 9, 9, 10, 20, 13, 5, 19, 6, 9, 4, 13, 18, 14, 10, 15, 9, 13, 6, 15, 10, 7, 18, 16, 2, 4, 16, 17, 9, 16, 5, 5, 4, 4, 4, 18, 5, 11, 7, 11, 19, 10, 6, 2, 4, 10, 18, 15, 11, 12, 4, 6, 2, 17, 8, 9, 15, 19, 17, 8, 10, 8, 9, 19, 18, 17, 10, 15, 19, 15, 6, 2, 17, 15, 11, 4, 15, 19, 3, 1, 8, 12, 8, 20, 11, 14, 14, 5, 15, 3, 16, 12, 1, 3, 16, 9, 18, 19, 19, 17, 13, 16, 9, 7, 10, 1, 3, 16, 5, 16, 19, 20, 1, 13, 17, 3, 10, 1, 13, 7, 3, 5, 17, 16, 14, 12, 11, 4, 20, 1, 13, 17, 3, 18, 14, 18, 8, 6, 20, 20, 2, 18, 7, 15, 11, 10, 13, 2, 7, 12, 6, 20, 11, 14, 12, 7, 1, 17, 6, 20, 11, 14, 12, 13, 7, 1, 18, 14, 7, 14, 19, 12, 7, 1, 3, 8, 12, 20, 14, 11, 12, 3, 6, 3, 1, 16]
bestever    2320    in generation 234
[2, 13, 8, 2, 8, 2, 2, 8, 5, 9, 20, 5, 6, 5, 4, 9, 9, 10, 20, 13, 5, 19, 6, 9, 4, 13, 18, 14, 10, 15, 9, 13, 6, 15, 10, 7, 18, 16, 2, 4, 16, 17, 9, 16, 5, 5, 4, 4, 4, 18, 5, 11, 7, 11, 19, 10, 6, 2, 4, 10, 18, 15, 11, 12, 4, 6, 2, 17, 8, 9, 15, 19, 17, 8, 10, 8, 9, 19, 18, 17, 10, 15, 19, 15, 6, 2, 17, 15, 11, 4, 15, 19, 3, 1, 8, 12, 8, 20, 11, 14, 14, 5, 15, 3, 16, 12, 1, 3, 16, 9, 18, 19, 19, 17, 13, 16, 9, 7, 10, 1, 3, 16, 5, 16, 19, 20, 1, 13, 17, 3, 10, 1, 13, 7, 3, 5, 17, 16, 14, 12, 11, 4, 20, 1, 13, 17, 3, 18, 14, 18, 8, 6, 20, 20, 2, 18, 7, 15, 11, 10, 13, 2, 7, 20, 6, 20, 11, 14, 12, 7, 1, 17, 6, 20, 11, 14, 12, 13, 7, 1, 18, 14, 7, 14, 19, 12, 7, 1, 3, 8, 12, 12, 14, 11, 12, 3, 6, 3, 1, 16]
bestever    2291    in generation 238
[2, 13, 8, 2, 8, 2, 2, 8, 5, 9, 20, 5, 6, 5, 4, 9, 9, 10, 20, 13, 5, 19, 6, 9, 4, 13, 18, 14, 10, 15, 9, 13, 6, 15, 10, 7, 18, 16, 2, 4, 16, 17, 9, 16, 5, 5, 4, 4, 4, 18, 5, 11, 7, 11, 19, 10, 6, 2, 4, 10, 18, 15, 11, 12, 4, 6, 2, 17, 8, 9, 15, 19, 17, 8, 10, 8, 9, 19, 18, 17, 10, 15, 19, 15, 6, 2, 17, 15, 11, 4, 15, 19, 3, 1, 8, 12, 8, 20, 11, 14, 14, 5, 15, 3, 16, 12, 1, 3, 16, 9, 18, 19, 19, 17, 13, 16, 9, 7, 10, 1, 3, 16, 5, 16, 19, 20, 1, 13, 17, 3, 10, 1, 13, 7, 3, 5, 17, 16, 14, 12, 11, 4, 20, 1, 13, 17, 3, 18, 14, 18, 8, 6, 20, 20, 2, 18, 7, 15, 11, 10, 13, 2, 7, 12, 6, 20, 11, 14, 12, 16, 1, 17, 6, 20, 11, 14, 12, 13, 7, 1, 18, 14, 7, 14, 19, 12, 7, 1, 3, 8, 12, 20, 14, 11, 12, 3, 6, 3, 1, 7]
bestever    2233    in generation 263
[2, 13, 8, 2, 8, 2, 2, 8, 5, 9, 20, 5, 6, 5, 4, 9, 9, 10, 20, 13, 5, 19, 6, 9, 4, 13, 18, 14, 10, 15, 9, 4, 6, 15, 10, 7, 18, 16, 2, 4, 16, 17, 9, 16, 5, 5, 13, 4, 4, 18, 5, 11, 7, 11, 19, 10, 6, 2, 4, 10, 18, 15, 11, 12, 4, 6, 2, 17, 8, 9, 15, 19, 17, 8, 10, 8, 9, 19, 18, 17, 10, 15, 19, 15, 6, 2, 17, 15, 11, 4, 15, 19, 3, 1, 8, 3, 8, 20, 11, 14, 14, 5, 15, 3, 16, 12, 1, 3, 16, 9, 18, 19, 19, 17, 13, 16, 9, 7, 10, 1, 3, 16, 5, 16, 19, 20, 1, 13, 17, 3, 10, 1, 13, 7, 12, 5, 17, 16, 14, 12, 11, 4, 20, 1, 13, 17, 3, 18, 14, 18, 8, 6, 20, 20, 2, 18, 7, 15, 11, 10, 13, 2, 7, 12, 6, 20, 11, 14, 12, 16, 1, 17, 6, 20, 11, 14, 12, 13, 7, 1, 18, 14, 7, 14, 19, 12, 7, 1, 3, 8, 12, 20, 14, 11, 12, 3, 6, 3, 1, 7]
bestever    2227    in generation 274
[2, 13, 8, 2, 8, 2, 2, 8, 5, 9, 20, 5, 6, 5, 4, 9, 9, 10, 20, 13, 5, 19, 6, 9, 4, 13, 18, 14, 10, 15, 9, 4, 6, 15, 10, 7, 18, 16, 2, 4, 16, 17, 9, 16, 5, 5, 13, 4, 4, 18, 5, 11, 11, 19, 10, 6, 2, 4, 10, 18, 15, 11, 4, 6, 2, 17, 8, 9, 15, 19, 17, 8, 10, 8, 9, 19, 18, 17, 10, 15, 19, 15, 2, 17, 15, 11, 4, 15, 19, 3, 1, 8, 3, 8, 14, 5, 15, 16, 16, 9, 18, 19, 19, 17, 13, 16, 3, 20, 20, 11, 12, 14, 12, 7, 1, 3, 9, 7, 10, 1, 3, 16, 5, 16, 19, 20, 1, 13, 17, 3, 10, 1, 13, 7, 12, 5, 17, 16, 14, 12, 11, 4, 20, 1, 13, 17, 3, 18, 14, 18, 8, 6, 20, 20, 2, 18, 7, 15, 11, 10, 13, 2, 7, 12, 6, 20, 11, 14, 12, 16, 1, 17, 6, 20, 11, 14, 12, 13, 7, 1, 18, 14, 7, 14, 19, 12, 7, 1, 3, 8, 12, 6, 14, 11, 12, 3, 6, 3, 1, 7]
bestever    2208    in generation 276
[2, 13, 8, 2, 8, 2, 2, 8, 5, 9, 20, 5, 6, 5, 4, 9, 9, 10, 20, 13, 5, 19, 6, 9, 4, 13, 18, 14, 10, 15, 9, 4, 6, 15, 10, 18, 16, 2, 4, 16, 17, 9, 16, 5, 5, 13, 4, 4, 18, 5, 11, 11, 19, 10, 6, 2, 4, 10, 18, 15, 11, 4, 2, 17, 8, 9, 15, 19, 17, 8, 10, 8, 9, 19, 18, 17, 10, 15, 19, 15, 2, 17, 15, 11, 4, 15, 19, 3, 8, 8, 14, 5, 15, 6, 7, 1, 3, 16, 16, 9, 18, 19, 19, 17, 13, 16, 3, 6, 20, 11, 12, 14, 12, 7, 1, 3, 9, 7, 10, 1, 3, 16, 5, 16, 19, 20, 1, 13, 17, 3, 10, 1, 13, 7, 12, 5, 17, 16, 14, 12, 11, 4, 20, 1, 13, 17, 3, 18, 14, 18, 8, 6, 20, 20, 2, 18, 7, 15, 11, 10, 13, 2, 7, 12, 6, 20, 11, 14, 12, 16, 1, 17, 6, 20, 11, 14, 12, 13, 7, 1, 18, 14, 7, 14, 19, 12, 7, 1, 3, 8, 12, 20, 14, 11, 12, 3, 6, 3, 1, 7]
bestever    2204    in generation 277
[2, 13, 8, 2, 8, 2, 2, 8, 5, 9, 20, 5, 6, 5, 4, 9, 9, 10, 20, 13, 5, 19, 6, 9, 4, 13, 18, 14, 10, 15, 9, 4, 6, 15, 10, 18, 16, 2, 4, 16, 17, 9, 16, 5, 5, 13, 4, 4, 18, 5, 11, 11, 19, 10, 6, 2, 4, 10, 18, 15, 11, 4, 2, 17, 8, 9, 15, 19, 17, 8, 10, 8, 9, 19, 18, 17, 10, 15, 19, 15, 2, 17, 15, 11, 4, 15, 19, 3, 8, 8, 14, 5, 15, 6, 7, 1, 3, 16, 16, 9, 18, 19, 19, 17, 13, 16, 3, 6, 20, 11, 12, 14, 12, 7, 1, 3, 9, 7, 10, 1, 3, 16, 5, 16, 19, 20, 1, 13, 17, 3, 10, 1, 13, 7, 12, 5, 17, 16, 14, 12, 11, 4, 20, 3, 13, 17, 3, 18, 14, 18, 8, 6, 20, 20, 2, 18, 7, 15, 11, 10, 13, 2, 7, 12, 6, 20, 11, 14, 12, 16, 1, 17, 6, 20, 11, 14, 12, 13, 7, 1, 18, 14, 7, 14, 19, 12, 7, 1, 3, 8, 12, 20, 14, 11, 12, 1, 6, 3, 1, 7]
bestever    2190    in generation 280
[2, 13, 8, 2, 8, 2, 2, 8, 5, 9, 20, 5, 6, 5, 4, 9, 9, 10, 20, 13, 5, 19, 6, 9, 4, 13, 18, 14, 10, 15, 9, 4, 6, 15, 10, 18, 16, 2, 4, 16, 17, 9, 16, 5, 5, 13, 4, 4, 18, 5, 12, 11, 19, 10, 6, 2, 4, 10, 18, 15, 11, 4, 2, 17, 8, 9, 15, 19, 17, 8, 10, 8, 9, 19, 18, 17, 10, 15, 19, 15, 2, 17, 15, 11, 4, 15, 19, 3, 8, 8, 14, 5, 15, 6, 7, 1, 3, 16, 16, 9, 18, 19, 19, 17, 13, 16, 3, 6, 20, 11, 12, 14, 11, 7, 1, 3, 9, 7, 10, 1, 3, 16, 5, 16, 19, 20, 1, 13, 17, 3, 10, 1, 13, 7, 12, 5, 17, 16, 14, 12, 11, 4, 20, 3, 13, 17, 3, 18, 14, 18, 8, 6, 20, 20, 2, 18, 7, 15, 11, 10, 13, 2, 7, 12, 6, 20, 11, 14, 12, 16, 1, 17, 6, 20, 11, 14, 12, 13, 7, 1, 18, 14, 7, 14, 19, 12, 7, 1, 3, 8, 12, 20, 14, 11, 12, 1, 6, 3, 1, 7]
bestever    2188    in generation 283
[2, 13, 8, 2, 8, 2, 2, 8, 5, 9, 20, 5, 6, 5, 4, 9, 9, 10, 20, 13, 5, 19, 6, 9, 4, 13, 18, 14, 10, 15, 9, 4, 6, 15, 10, 9, 16, 2, 4, 16, 17, 18, 16, 5, 5, 13, 4, 4, 18, 5, 12, 11, 19, 10, 6, 2, 4, 10, 18, 15, 11, 4, 2, 17, 8, 9, 15, 19, 17, 8, 10, 8, 9, 19, 18, 17, 10, 15, 19, 15, 2, 17, 15, 11, 4, 15, 19, 3, 8, 8, 14, 5, 15, 6, 7, 1, 3, 16, 16, 9, 18, 19, 19, 17, 13, 16, 3, 6, 20, 11, 12, 14, 11, 7, 1, 3, 9, 7, 10, 1, 3, 16, 5, 16, 19, 20, 1, 13, 17, 3, 10, 1, 13, 7, 12, 5, 17, 16, 14, 12, 11, 4, 20, 3, 13, 17, 3, 18, 14, 18, 8, 6, 20, 20, 2, 18, 7, 15, 11, 10, 13, 2, 7, 12, 6, 20, 11, 14, 12, 16, 1, 17, 6, 20, 11, 14, 12, 13, 7, 1, 18, 14, 7, 14, 19, 12, 7, 1, 3, 8, 12, 20, 14, 11, 12, 1, 6, 3, 1, 7]
bestever    2183    in generation 290
[2, 13, 8, 2, 8, 2, 2, 8, 5, 9, 20, 5, 6, 5, 4, 9, 9, 10, 20, 13, 5, 19, 6, 9, 4, 13, 18, 14, 10, 15, 9, 4, 6, 15, 10, 9, 16, 2, 4, 8, 17, 18, 16, 5, 5, 13, 4, 4, 18, 5, 12, 11, 19, 10, 6, 2, 4, 10, 18, 15, 11, 4, 2, 17, 8, 9, 15, 19, 17, 16, 10, 8, 9, 19, 18, 17, 10, 15, 19, 15, 2, 17, 15, 11, 4, 15, 19, 3, 8, 8, 14, 5, 15, 6, 7, 1, 3, 16, 16, 9, 18, 19, 19, 17, 13, 16, 3, 6, 20, 11, 12, 14, 11, 7, 1, 3, 9, 7, 10, 1, 3, 16, 5, 16, 19, 20, 1, 13, 17, 3, 10, 1, 13, 7, 12, 5, 17, 16, 14, 12, 11, 4, 20, 3, 13, 17, 3, 18, 14, 18, 8, 6, 20, 20, 2, 18, 7, 15, 11, 10, 13, 2, 7, 12, 6, 20, 11, 14, 12, 16, 1, 17, 6, 20, 11, 14, 12, 13, 7, 1, 18, 14, 7, 14, 19, 12, 7, 1, 3, 8, 12, 20, 14, 11, 12, 1, 6, 3, 1, 7]
bestever    2173    in generation 293
[2, 13, 8, 2, 8, 2, 2, 8, 5, 9, 20, 5, 6, 5, 4, 9, 9, 10, 20, 13, 5, 19, 6, 9, 4, 13, 18, 14, 10, 15, 9, 4, 6, 15, 10, 9, 16, 2, 4, 16, 17, 18, 16, 5, 5, 13, 4, 4, 18, 5, 12, 11, 19, 10, 6, 2, 4, 10, 18, 15, 11, 4, 2, 17, 8, 9, 15, 19, 17, 8, 10, 8, 9, 19, 18, 17, 10, 15, 19, 15, 2, 17, 15, 11, 4, 15, 19, 3, 8, 8, 14, 5, 15, 6, 7, 1, 3, 16, 16, 9, 18, 19, 19, 17, 13, 16, 3, 6, 20, 11, 12, 14, 11, 7, 1, 3, 9, 7, 10, 1, 3, 16, 5, 16, 19, 20, 1, 13, 17, 3, 10, 1, 13, 7, 12, 5, 17, 16, 14, 12, 11, 4, 20, 3, 13, 17, 18, 14, 18, 8, 6, 20, 20, 2, 18, 7, 15, 11, 10, 13, 2, 12, 6, 20, 11, 14, 12, 16, 17, 6, 20, 11, 14, 12, 13, 7, 3, 1, 7, 1, 18, 14, 7, 14, 19, 12, 7, 1, 3, 8, 12, 20, 14, 11, 12, 1, 6, 3, 1, 7]
bestever    2156    in generation 308
[2, 13, 8, 2, 8, 2, 2, 8, 5, 9, 20, 5, 6, 5, 4, 9, 9, 10, 20, 13, 5, 19, 6, 9, 4, 13, 18, 14, 10, 15, 9, 4, 6, 15, 10, 9, 16, 2, 4, 16, 17, 18, 16, 5, 5, 13, 4, 4, 18, 5, 12, 11, 19, 10, 6, 11, 4, 10, 18, 15, 2, 4, 2, 17, 8, 9, 15, 19, 17, 8, 10, 8, 9, 19, 18, 17, 10, 15, 19, 15, 2, 17, 15, 11, 4, 15, 19, 3, 8, 8, 14, 5, 15, 6, 7, 1, 3, 16, 16, 9, 18, 19, 19, 17, 13, 16, 3, 6, 20, 11, 12, 14, 11, 7, 1, 3, 9, 7, 10, 1, 3, 16, 5, 16, 19, 20, 13, 17, 3, 10, 13, 7, 12, 5, 17, 16, 14, 11, 4, 20, 13, 17, 18, 14, 18, 8, 20, 20, 2, 18, 15, 10, 13, 6, 11, 1, 7, 1, 3, 12, 2, 12, 6, 20, 11, 14, 12, 16, 17, 6, 20, 11, 14, 12, 13, 7, 3, 1, 7, 1, 18, 14, 7, 14, 19, 12, 7, 1, 3, 8, 12, 20, 14, 11, 12, 1, 6, 3, 1, 7]
bestever    2129    in generation 317
[2, 13, 8, 2, 8, 2, 2, 8, 5, 9, 20, 5, 6, 5, 4, 9, 9, 10, 20, 13, 5, 19, 6, 9, 4, 13, 18, 14, 10, 15, 9, 4, 6, 15, 10, 9, 16, 2, 4, 16, 17, 18, 16, 5, 5, 13, 4, 4, 18, 5, 12, 11, 19, 10, 6, 2, 4, 10, 18, 15, 11, 4, 2, 17, 8, 9, 15, 19, 17, 8, 10, 8, 9, 19, 18, 17, 10, 15, 19, 15, 2, 17, 15, 11, 4, 15, 19, 3, 8, 8, 14, 5, 15, 6, 7, 1, 3, 16, 16, 9, 18, 19, 19, 17, 13, 16, 3, 6, 20, 11, 11, 7, 1, 3, 9, 10, 3, 16, 5, 16, 19, 20, 13, 17, 3, 10, 1, 13, 5, 17, 16, 4, 20, 3, 13, 17, 18, 14, 18, 8, 20, 2, 18, 7, 12, 14, 12, 6, 20, 11, 14, 12, 7, 3, 1, 7, 1, 15, 11, 10, 13, 2, 3, 12, 6, 20, 11, 14, 12, 16, 1, 17, 6, 20, 11, 14, 12, 13, 7, 1, 18, 14, 7, 14, 19, 12, 7, 1, 3, 8, 12, 20, 14, 11, 12, 1, 6, 7, 1, 7]
bestever    2127    in generation 373
[2, 13, 8, 2, 8, 2, 2, 8, 5, 9, 4, 5, 6, 5, 4, 9, 9, 10, 20, 13, 5, 19, 6, 9, 4, 13, 18, 14, 10, 15, 9, 4, 6, 15, 10, 9, 16, 2, 4, 16, 17, 18, 16, 5, 5, 13, 4, 4, 18, 5, 12, 11, 19, 10, 6, 2, 4, 10, 18, 15, 11, 4, 2, 17, 8, 9, 15, 19, 17, 8, 10, 8, 9, 19, 18, 17, 10, 15, 19, 15, 2, 17, 15, 11, 20, 15, 19, 3, 8, 8, 14, 5, 15, 6, 7, 1, 3, 16, 16, 9, 18, 19, 19, 17, 13, 16, 3, 6, 20, 11, 11, 7, 1, 3, 9, 10, 3, 16, 5, 16, 19, 20, 13, 17, 3, 10, 1, 13, 5, 17, 16, 4, 20, 3, 13, 17, 18, 14, 18, 8, 20, 2, 18, 7, 12, 14, 12, 6, 20, 11, 14, 12, 7, 3, 1, 7, 1, 15, 11, 10, 13, 2, 3, 12, 6, 20, 11, 14, 12, 16, 1, 17, 6, 20, 11, 14, 12, 13, 7, 1, 18, 14, 7, 14, 19, 12, 7, 1, 3, 8, 12, 20, 14, 11, 12, 1, 6, 7, 1, 7]
bestever    2109    in generation 375
[2, 13, 8, 2, 8, 2, 2, 8, 5, 9, 20, 5, 6, 5, 4, 9, 9, 10, 20, 13, 5, 19, 6, 9, 4, 13, 18, 14, 10, 15, 9, 4, 6, 15, 10, 8, 16, 2, 4, 16, 17, 18, 16, 5, 5, 13, 4, 4, 18, 5, 12, 11, 19, 10, 6, 2, 4, 10, 18, 15, 11, 4, 2, 17, 8, 9, 15, 19, 17, 9, 10, 8, 9, 19, 18, 17, 10, 15, 19, 15, 2, 17, 15, 11, 4, 15, 19, 3, 8, 8, 14, 5, 15, 6, 7, 1, 3, 16, 16, 9, 18, 19, 19, 17, 13, 16, 3, 6, 20, 11, 11, 7, 1, 3, 9, 10, 3, 16, 5, 16, 19, 20, 13, 17, 3, 10, 1, 13, 5, 17, 16, 4, 20, 3, 13, 17, 18, 14, 18, 8, 20, 2, 18, 7, 12, 14, 12, 6, 20, 11, 14, 12, 7, 3, 1, 7, 1, 15, 11, 10, 13, 2, 3, 12, 6, 20, 11, 14, 12, 16, 1, 17, 6, 20, 11, 14, 12, 13, 7, 1, 18, 14, 7, 14, 19, 12, 7, 1, 3, 8, 12, 20, 14, 11, 12, 1, 6, 7, 1, 7]
bestever    2104    in generation 399
[2, 13, 8, 2, 8, 2, 2, 8, 5, 9, 20, 5, 6, 5, 4, 9, 9, 10, 20, 13, 5, 19, 6, 9, 4, 13, 18, 14, 10, 15, 9, 4, 6, 15, 10, 8, 16, 2, 4, 16, 17, 18, 16, 5, 5, 13, 4, 4, 18, 5, 12, 11, 19, 10, 6, 2, 4, 10, 18, 15, 11, 4, 2, 17, 8, 9, 15, 19, 17, 9, 10, 8, 9, 19, 18, 17, 10, 15, 19, 15, 2, 17, 15, 11, 4, 15, 19, 3, 8, 8, 14, 5, 15, 6, 7, 1, 3, 16, 16, 9, 18, 19, 19, 17, 13, 16, 3, 6, 20, 11, 11, 7, 1, 3, 9, 10, 3, 16, 5, 16, 19, 20, 13, 17, 20, 10, 1, 13, 5, 17, 16, 4, 20, 3, 13, 17, 18, 14, 18, 8, 20, 2, 18, 7, 12, 14, 12, 6, 3, 11, 14, 12, 7, 3, 1, 7, 1, 15, 11, 10, 13, 2, 3, 12, 6, 20, 11, 14, 12, 16, 1, 17, 6, 20, 11, 14, 12, 13, 7, 1, 18, 14, 7, 14, 19, 12, 7, 1, 3, 8, 12, 20, 14, 11, 12, 1, 6, 7, 1, 7]
bestever    2103    in generation 404
[2, 13, 8, 2, 8, 2, 2, 8, 5, 9, 20, 5, 6, 5, 4, 9, 9, 10, 20, 13, 5, 19, 6, 9, 4, 13, 18, 14, 10, 15, 9, 4, 6, 15, 10, 8, 12, 2, 4, 16, 17, 18, 16, 5, 5, 13, 4, 4, 18, 5, 16, 11, 19, 10, 6, 2, 4, 10, 18, 15, 11, 4, 2, 17, 8, 9, 15, 19, 17, 9, 10, 8, 9, 19, 18, 17, 10, 15, 19, 15, 2, 17, 15, 11, 4, 15, 19, 3, 8, 8, 14, 5, 15, 6, 7, 1, 3, 16, 16, 9, 18, 19, 19, 17, 13, 16, 3, 6, 20, 11, 11, 7, 1, 3, 9, 10, 3, 16, 5, 16, 19, 20, 13, 17, 20, 10, 1, 13, 5, 17, 16, 4, 20, 3, 13, 17, 18, 14, 18, 8, 20, 2, 18, 7, 12, 14, 12, 6, 3, 11, 14, 12, 7, 3, 1, 7, 1, 15, 11, 10, 13, 2, 3, 12, 6, 20, 11, 14, 12, 16, 1, 17, 6, 20, 11, 14, 12, 13, 7, 1, 18, 14, 7, 14, 19, 12, 7, 1, 3, 8, 12, 20, 14, 11, 12, 1, 6, 7, 1, 7]
bestever    2095    in generation 414
[2, 13, 8, 2, 8, 2, 2, 8, 5, 9, 20, 5, 6, 5, 4, 9, 9, 10, 20, 13, 5, 19, 6, 9, 4, 13, 18, 14, 10, 15, 9, 4, 6, 15, 10, 8, 16, 2, 4, 16, 17, 18, 16, 5, 5, 13, 4, 4, 18, 5, 12, 11, 19, 10, 6, 2, 4, 10, 18, 15, 11, 4, 2, 17, 8, 9, 15, 19, 17, 9, 10, 8, 9, 19, 18, 17, 10, 15, 19, 15, 2, 17, 15, 11, 4, 15, 19, 3, 8, 8, 14, 5, 15, 6, 7, 1, 3, 16, 16, 9, 18, 19, 19, 17, 13, 16, 3, 6, 20, 11, 11, 7, 1, 3, 9, 10, 3, 16, 5, 16, 19, 20, 13, 17, 20, 10, 1, 13, 5, 17, 16, 4, 20, 3, 13, 17, 18, 14, 18, 8, 20, 2, 18, 7, 12, 14, 12, 6, 3, 11, 14, 12, 3, 1, 15, 11, 10, 13, 2, 3, 12, 6, 20, 11, 14, 12, 16, 7, 7, 1, 1, 17, 6, 20, 11, 14, 12, 13, 7, 1, 18, 14, 7, 14, 19, 12, 7, 1, 3, 8, 12, 20, 14, 11, 12, 1, 6, 7, 1, 7]
bestever    2088    in generation 417
[2, 13, 8, 2, 8, 2, 2, 8, 5, 9, 20, 5, 6, 5, 4, 9, 9, 10, 20, 13, 5, 19, 6, 9, 4, 13, 18, 14, 10, 15, 9, 4, 6, 15, 10, 8, 16, 2, 4, 16, 17, 18, 16, 5, 5, 13, 4, 4, 18, 5, 11, 19, 10, 6, 2, 4, 10, 18, 15, 11, 4, 2, 17, 8, 9, 15, 19, 17, 9, 10, 8, 9, 19, 18, 17, 10, 15, 19, 15, 2, 17, 15, 11, 4, 15, 19, 3, 8, 8, 14, 5, 15, 6, 7, 1, 3, 16, 16, 9, 18, 19, 19, 17, 13, 16, 3, 6, 20, 11, 11, 7, 3, 9, 10, 3, 16, 5, 16, 19, 20, 13, 17, 20, 10, 13, 5, 17, 16, 4, 20, 3, 17, 18, 18, 8, 2, 18, 12, 3, 11, 7, 14, 7, 1, 12, 1, 7, 1, 15, 13, 3, 12, 14, 12, 1, 6, 20, 11, 14, 10, 13, 2, 3, 12, 6, 20, 11, 14, 12, 16, 1, 17, 6, 20, 11, 14, 12, 13, 7, 1, 18, 14, 7, 14, 19, 12, 7, 1, 3, 8, 12, 20, 14, 11, 12, 1, 6, 7, 1, 7]
bestever    2078    in generation 419
[2, 13, 8, 2, 8, 2, 2, 8, 5, 9, 20, 5, 6, 5, 4, 9, 9, 10, 20, 13, 5, 19, 6, 9, 4, 13, 18, 10, 15, 9, 4, 6, 15, 10, 8, 16, 2, 4, 16, 17, 18, 16, 5, 5, 13, 4, 4, 18, 5, 11, 19, 10, 6, 2, 4, 10, 18, 15, 11, 4, 2, 17, 8, 9, 15, 19, 17, 9, 10, 8, 9, 19, 18, 17, 10, 15, 19, 15, 2, 17, 15, 11, 4, 15, 19, 3, 8, 8, 5, 15, 6, 7, 1, 3, 16, 16, 9, 18, 19, 19, 17, 13, 16, 3, 20, 11, 7, 3, 9, 10, 3, 16, 5, 16, 19, 20, 13, 17, 10, 13, 5, 17, 16, 4, 3, 17, 18, 14, 18, 8, 2, 18, 14, 12, 3, 20, 7, 14, 7, 1, 12, 1, 7, 1, 15, 11, 13, 3, 12, 20, 11, 14, 12, 1, 6, 6, 20, 11, 14, 10, 13, 2, 3, 12, 6, 20, 11, 14, 12, 16, 1, 17, 6, 20, 11, 14, 12, 13, 7, 1, 18, 14, 7, 14, 19, 12, 7, 1, 3, 8, 12, 20, 14, 11, 12, 1, 6, 7, 1, 7]
bestever    2071    in generation 431
[2, 13, 8, 2, 8, 2, 2, 8, 5, 9, 20, 5, 6, 5, 4, 9, 9, 10, 20, 13, 5, 19, 6, 9, 4, 13, 18, 10, 15, 9, 4, 6, 15, 10, 8, 16, 2, 4, 16, 17, 18, 16, 5, 5, 13, 4, 4, 18, 5, 11, 19, 10, 6, 2, 4, 10, 18, 15, 11, 4, 2, 17, 8, 9, 15, 19, 17, 9, 10, 8, 9, 19, 18, 17, 10, 15, 19, 15, 2, 17, 15, 11, 4, 15, 19, 3, 8, 8, 5, 15, 6, 7, 1, 3, 16, 16, 9, 18, 19, 19, 17, 13, 16, 3, 20, 11, 7, 3, 9, 10, 3, 16, 5, 16, 19, 20, 13, 17, 10, 13, 5, 17, 16, 4, 3, 17, 18, 14, 18, 8, 2, 18, 14, 12, 3, 20, 3, 14, 7, 1, 12, 1, 12, 1, 15, 11, 13, 3, 7, 20, 11, 14, 12, 1, 6, 6, 20, 11, 14, 10, 13, 2, 3, 12, 6, 20, 11, 14, 12, 16, 1, 17, 6, 20, 11, 14, 12, 13, 7, 1, 18, 14, 7, 14, 19, 12, 7, 1, 7, 8, 12, 20, 14, 11, 12, 1, 6, 7, 1, 7]
bestever    2069    in generation 442
[13, 13, 8, 2, 8, 2, 2, 8, 5, 9, 20, 5, 6, 5, 4, 9, 9, 10, 20, 13, 5, 19, 6, 9, 4, 2, 18, 10, 15, 9, 4, 6, 15, 10, 8, 16, 2, 4, 16, 17, 18, 16, 5, 5, 13, 4, 4, 18, 5, 11, 19, 10, 6, 2, 4, 10, 18, 15, 11, 4, 2, 17, 8, 9, 15, 19, 17, 9, 10, 8, 9, 19, 18, 17, 10, 15, 19, 15, 2, 17, 15, 11, 4, 15, 19, 3, 8, 8, 5, 15, 6, 7, 1, 3, 16, 16, 9, 18, 19, 19, 17, 13, 16, 3, 20, 11, 7, 3, 9, 10, 3, 16, 5, 16, 19, 20, 13, 17, 10, 13, 5, 17, 16, 4, 3, 17, 18, 14, 18, 8, 2, 18, 14, 12, 3, 20, 3, 14, 7, 1, 12, 1, 12, 1, 15, 11, 13, 3, 7, 20, 11, 14, 12, 1, 6, 6, 20, 11, 14, 10, 13, 2, 3, 12, 6, 20, 11, 14, 12, 16, 1, 17, 6, 20, 11, 14, 12, 13, 7, 1, 18, 14, 7, 14, 19, 12, 7, 1, 7, 8, 12, 20, 14, 11, 12, 1, 6, 7, 1, 7]
bestever    2049    in generation 443
[2, 13, 8, 2, 8, 2, 2, 8, 5, 9, 20, 5, 6, 5, 4, 9, 9, 10, 20, 13, 5, 19, 6, 9, 4, 13, 18, 10, 15, 9, 4, 6, 15, 10, 8, 16, 2, 4, 16, 17, 18, 16, 5, 5, 13, 4, 4, 18, 5, 11, 19, 10, 6, 2, 4, 10, 18, 15, 11, 4, 2, 17, 8, 9, 15, 19, 17, 9, 10, 8, 9, 19, 18, 17, 10, 15, 19, 15, 2, 17, 15, 11, 4, 15, 19, 3, 8, 8, 5, 15, 6, 7, 1, 3, 16, 16, 9, 18, 19, 19, 17, 13, 16, 3, 20, 11, 7, 3, 9, 10, 3, 16, 5, 16, 19, 20, 13, 17, 10, 13, 5, 17, 16, 4, 3, 17, 18, 14, 18, 8, 2, 18, 14, 12, 3, 20, 3, 14, 7, 1, 12, 1, 12, 1, 15, 11, 13, 3, 7, 20, 11, 14, 12, 1, 6, 6, 20, 11, 14, 10, 16, 2, 3, 12, 6, 20, 11, 14, 12, 13, 1, 17, 6, 20, 11, 14, 12, 13, 7, 1, 18, 14, 7, 14, 19, 12, 7, 1, 7, 8, 12, 20, 14, 11, 12, 1, 6, 7, 1, 7]
bestever    2035    in generation 449
[2, 13, 8, 2, 8, 2, 2, 8, 5, 9, 20, 5, 6, 5, 4, 9, 9, 10, 20, 13, 5, 19, 6, 9, 4, 13, 18, 10, 15, 9, 4, 6, 15, 10, 8, 16, 2, 4, 16, 17, 18, 16, 5, 5, 13, 4, 4, 18, 5, 11, 19, 10, 6, 2, 4, 10, 18, 15, 11, 4, 2, 17, 8, 9, 15, 19, 17, 9, 10, 8, 9, 19, 18, 17, 10, 15, 19, 15, 2, 17, 15, 11, 4, 15, 19, 3, 8, 8, 5, 15, 6, 7, 1, 3, 16, 16, 9, 18, 19, 19, 17, 13, 16, 3, 20, 11, 7, 3, 9, 10, 3, 16, 5, 16, 19, 20, 13, 17, 10, 13, 5, 17, 16, 4, 3, 17, 18, 14, 18, 8, 2, 18, 14, 12, 3, 20, 3, 14, 7, 1, 12, 1, 12, 19, 15, 11, 13, 3, 7, 20, 11, 14, 12, 1, 6, 6, 20, 11, 14, 10, 16, 2, 3, 12, 6, 20, 11, 14, 12, 13, 1, 17, 6, 20, 11, 14, 12, 13, 7, 1, 18, 14, 7, 14, 1, 12, 7, 1, 7, 8, 12, 20, 14, 11, 12, 1, 6, 7, 1, 7]
bestever    2026    in generation 470
[2, 13, 8, 2, 8, 2, 2, 8, 5, 9, 20, 5, 6, 5, 4, 9, 9, 10, 20, 13, 5, 19, 6, 9, 4, 13, 18, 10, 15, 9, 4, 6, 15, 10, 8, 16, 2, 4, 16, 17, 18, 16, 5, 5, 13, 4, 4, 18, 5, 11, 19, 10, 6, 2, 4, 10, 18, 15, 11, 4, 2, 17, 8, 9, 15, 19, 17, 9, 10, 8, 9, 19, 18, 17, 10, 15, 19, 15, 2, 17, 15, 11, 4, 15, 19, 3, 8, 8, 5, 3, 6, 7, 1, 3, 16, 16, 9, 18, 19, 19, 17, 13, 16, 3, 20, 11, 7, 3, 9, 10, 15, 16, 5, 16, 19, 20, 13, 17, 10, 13, 5, 17, 16, 4, 3, 17, 18, 14, 18, 8, 2, 18, 14, 12, 3, 20, 3, 14, 7, 1, 12, 1, 12, 19, 15, 11, 13, 3, 7, 20, 11, 14, 12, 1, 6, 6, 20, 11, 14, 10, 16, 2, 3, 12, 6, 20, 11, 14, 12, 13, 1, 17, 6, 20, 11, 14, 12, 13, 7, 1, 18, 14, 7, 14, 1, 12, 7, 1, 7, 8, 12, 20, 14, 11, 12, 1, 6, 7, 1, 7]
bestever    2013    in generation 477
[2, 13, 8, 2, 8, 2, 2, 8, 5, 9, 20, 5, 6, 5, 4, 9, 9, 10, 20, 13, 5, 19, 6, 9, 4, 13, 18, 10, 15, 9, 4, 6, 15, 10, 8, 16, 2, 4, 5, 17, 18, 16, 5, 5, 13, 4, 4, 18, 5, 11, 19, 10, 6, 2, 4, 10, 18, 15, 11, 4, 2, 17, 8, 9, 15, 19, 17, 9, 10, 8, 9, 19, 18, 17, 10, 15, 19, 15, 2, 17, 15, 11, 4, 15, 19, 3, 8, 8, 5, 3, 6, 7, 1, 3, 16, 16, 9, 18, 19, 19, 17, 13, 16, 3, 20, 11, 7, 3, 9, 10, 15, 16, 16, 16, 19, 20, 13, 17, 10, 13, 5, 17, 16, 4, 3, 17, 18, 14, 18, 8, 2, 18, 14, 12, 3, 20, 3, 14, 7, 1, 12, 1, 12, 19, 15, 11, 13, 3, 7, 20, 11, 14, 12, 1, 6, 6, 20, 11, 14, 10, 16, 2, 3, 12, 6, 20, 11, 14, 12, 13, 1, 17, 6, 20, 11, 14, 12, 13, 7, 1, 18, 14, 7, 14, 1, 12, 7, 1, 7, 8, 12, 20, 14, 11, 12, 1, 6, 7, 1, 7]
bestever    2000    in generation 552
[2, 13, 8, 2, 8, 2, 2, 8, 5, 9, 2, 5, 6, 5, 4, 9, 9, 10, 20, 13, 5, 19, 6, 9, 4, 13, 18, 10, 15, 9, 4, 6, 15, 10, 8, 16, 20, 4, 5, 17, 18, 16, 5, 5, 13, 4, 4, 18, 5, 11, 19, 10, 6, 2, 4, 10, 18, 15, 11, 4, 2, 17, 8, 9, 15, 19, 17, 9, 10, 8, 9, 19, 18, 17, 10, 15, 19, 15, 2, 17, 15, 11, 4, 15, 19, 3, 8, 8, 5, 3, 6, 7, 1, 3, 16, 16, 9, 18, 19, 19, 17, 13, 16, 3, 20, 11, 7, 3, 9, 10, 15, 16, 16, 16, 19, 20, 13, 17, 10, 13, 5, 17, 16, 4, 3, 17, 18, 14, 18, 8, 2, 18, 14, 12, 3, 20, 3, 14, 7, 1, 12, 1, 12, 19, 15, 11, 13, 3, 7, 20, 11, 14, 12, 1, 6, 6, 20, 11, 14, 10, 16, 2, 3, 12, 6, 20, 11, 14, 12, 13, 1, 17, 6, 20, 11, 14, 12, 13, 7, 1, 18, 14, 7, 14, 1, 12, 7, 1, 7, 8, 12, 20, 14, 11, 12, 1, 6, 7, 1, 7]
bestever    1997    in generation 611
[2, 13, 8, 2, 8, 2, 2, 8, 5, 9, 2, 5, 5, 5, 4, 9, 9, 10, 20, 13, 5, 19, 6, 9, 4, 13, 18, 10, 15, 9, 4, 6, 15, 10, 8, 16, 20, 4, 6, 17, 18, 16, 5, 5, 13, 4, 4, 18, 5, 11, 19, 10, 6, 2, 4, 10, 18, 15, 11, 4, 2, 17, 8, 9, 15, 19, 17, 9, 10, 8, 9, 19, 18, 17, 10, 15, 19, 15, 2, 17, 15, 11, 4, 15, 19, 3, 8, 8, 5, 3, 6, 7, 1, 3, 16, 16, 9, 18, 19, 19, 17, 13, 16, 3, 20, 11, 7, 3, 9, 10, 15, 16, 16, 16, 19, 20, 13, 17, 10, 13, 5, 17, 16, 4, 3, 17, 18, 14, 18, 8, 2, 18, 14, 12, 3, 20, 3, 14, 7, 1, 12, 1, 12, 19, 15, 11, 13, 3, 7, 20, 11, 14, 12, 1, 6, 6, 20, 11, 14, 10, 16, 2, 3, 12, 6, 20, 11, 14, 12, 13, 1, 17, 6, 20, 11, 14, 12, 13, 7, 1, 18, 14, 7, 14, 1, 12, 7, 1, 7, 8, 12, 20, 14, 11, 12, 1, 6, 7, 1, 7]
bestever    1990    in generation 666
[2, 13, 8, 2, 8, 2, 2, 8, 5, 9, 2, 5, 5, 5, 4, 9, 9, 10, 4, 13, 5, 19, 6, 9, 4, 13, 18, 10, 15, 9, 4, 6, 15, 10, 8, 16, 20, 4, 6, 17, 18, 16, 5, 5, 13, 20, 4, 18, 5, 11, 19, 10, 6, 2, 4, 10, 18, 15, 11, 4, 2, 17, 8, 9, 15, 19, 17, 9, 10, 8, 9, 19, 18, 17, 10, 15, 19, 15, 2, 17, 15, 11, 4, 15, 19, 3, 8, 8, 5, 3, 6, 7, 1, 3, 16, 16, 9, 18, 19, 19, 17, 13, 16, 3, 20, 11, 7, 3, 9, 10, 15, 16, 16, 16, 19, 20, 13, 17, 10, 13, 5, 17, 16, 4, 3, 17, 18, 14, 18, 8, 2, 18, 14, 12, 3, 20, 3, 14, 7, 1, 12, 1, 12, 19, 15, 11, 13, 3, 7, 20, 11, 14, 12, 1, 6, 6, 20, 11, 14, 10, 16, 2, 3, 12, 6, 20, 11, 14, 12, 13, 1, 17, 6, 20, 11, 14, 12, 13, 7, 1, 18, 14, 7, 14, 1, 12, 7, 1, 7, 8, 12, 20, 14, 11, 12, 1, 6, 7, 1, 7]
bestever    1963    in generation 702
[2, 13, 8, 2, 8, 2, 2, 8, 5, 9, 2, 5, 5, 5, 4, 9, 9, 10, 4, 13, 5, 19, 6, 9, 4, 13, 18, 10, 15, 9, 4, 6, 15, 10, 8, 16, 20, 4, 6, 17, 18, 16, 5, 5, 13, 20, 4, 18, 5, 10, 19, 10, 6, 2, 4, 10, 18, 15, 11, 4, 2, 17, 8, 9, 15, 19, 17, 9, 10, 8, 9, 19, 18, 17, 10, 15, 19, 15, 2, 17, 15, 11, 4, 15, 19, 3, 8, 8, 5, 3, 6, 7, 1, 3, 16, 16, 9, 18, 19, 19, 17, 13, 16, 3, 20, 11, 7, 3, 9, 10, 15, 16, 16, 16, 19, 20, 13, 17, 10, 13, 5, 17, 16, 4, 3, 17, 18, 14, 18, 8, 2, 18, 14, 12, 3, 20, 3, 14, 7, 1, 12, 1, 12, 19, 15, 11, 13, 3, 7, 20, 11, 14, 12, 1, 6, 6, 20, 11, 14, 11, 16, 2, 3, 12, 6, 20, 11, 14, 12, 13, 1, 17, 6, 20, 11, 14, 12, 13, 7, 1, 18, 14, 7, 14, 1, 12, 7, 1, 7, 8, 12, 20, 14, 11, 12, 1, 6, 7, 1, 7]
bestever    1961    in generation 705
[2, 13, 8, 2, 8, 2, 2, 8, 5, 9, 2, 5, 5, 5, 4, 9, 9, 10, 4, 13, 5, 19, 6, 9, 4, 13, 18, 10, 15, 9, 4, 6, 15, 10, 8, 16, 20, 4, 6, 17, 18, 16, 5, 5, 13, 20, 4, 18, 5, 10, 19, 10, 9, 2, 4, 10, 18, 15, 11, 4, 2, 17, 8, 6, 15, 19, 17, 9, 10, 8, 9, 19, 18, 17, 10, 15, 19, 15, 2, 17, 15, 11, 4, 15, 19, 3, 8, 8, 5, 3, 6, 7, 1, 3, 16, 16, 9, 18, 19, 19, 17, 13, 16, 3, 20, 11, 7, 3, 9, 10, 15, 16, 16, 16, 19, 20, 13, 17, 10, 13, 5, 17, 16, 4, 3, 17, 18, 14, 18, 8, 2, 18, 14, 12, 3, 20, 3, 14, 7, 1, 12, 1, 12, 19, 15, 11, 13, 3, 7, 20, 11, 14, 12, 1, 6, 6, 20, 11, 14, 11, 16, 2, 3, 12, 6, 20, 11, 14, 12, 13, 1, 17, 6, 20, 11, 14, 12, 13, 7, 1, 18, 14, 7, 14, 1, 12, 7, 1, 7, 8, 12, 20, 14, 11, 12, 1, 6, 7, 1, 7]
bestever    1951    in generation 709
[2, 13, 8, 2, 8, 2, 2, 8, 5, 9, 2, 5, 5, 5, 4, 9, 9, 10, 4, 13, 5, 19, 6, 9, 4, 13, 18, 10, 15, 9, 4, 6, 15, 10, 8, 16, 20, 4, 6, 17, 18, 16, 5, 5, 13, 20, 4, 18, 5, 10, 19, 10, 9, 2, 4, 10, 18, 15, 11, 4, 2, 17, 8, 6, 15, 19, 17, 9, 10, 8, 9, 19, 18, 17, 10, 15, 19, 15, 2, 17, 15, 11, 4, 15, 19, 3, 8, 8, 5, 3, 6, 7, 1, 3, 16, 16, 9, 18, 19, 19, 17, 13, 16, 3, 20, 11, 7, 3, 9, 10, 15, 16, 16, 16, 19, 20, 6, 17, 10, 13, 5, 17, 16, 4, 3, 17, 18, 14, 18, 8, 2, 18, 14, 12, 3, 20, 3, 14, 7, 1, 12, 1, 12, 19, 15, 11, 13, 3, 7, 20, 11, 14, 12, 1, 13, 6, 20, 11, 14, 11, 16, 2, 3, 12, 6, 20, 11, 14, 12, 13, 1, 17, 6, 20, 11, 14, 12, 13, 7, 1, 18, 14, 7, 14, 1, 12, 7, 1, 7, 8, 12, 20, 14, 11, 12, 1, 6, 7, 1, 7]
bestever    1945    in generation 834
[2, 13, 8, 2, 8, 2, 2, 8, 5, 9, 2, 5, 5, 5, 4, 9, 9, 10, 4, 13, 5, 19, 6, 9, 4, 13, 18, 10, 15, 9, 4, 6, 15, 10, 8, 16, 20, 4, 6, 17, 18, 16, 5, 5, 13, 20, 4, 18, 5, 10, 19, 10, 9, 2, 4, 10, 18, 15, 11, 4, 2, 17, 8, 6, 15, 19, 17, 9, 10, 8, 9, 19, 18, 17, 10, 15, 19, 15, 2, 17, 15, 11, 4, 15, 19, 3, 8, 11, 7, 3, 9, 10, 15, 16, 16, 16, 19, 8, 5, 3, 6, 7, 1, 3, 16, 16, 9, 18, 19, 19, 17, 13, 16, 3, 20, 20, 14, 17, 10, 13, 5, 17, 16, 4, 3, 17, 18, 14, 18, 8, 2, 18, 6, 12, 3, 20, 3, 14, 7, 1, 12, 1, 12, 19, 15, 11, 13, 3, 7, 20, 11, 14, 12, 1, 13, 6, 20, 11, 14, 11, 16, 2, 3, 12, 6, 20, 11, 14, 12, 13, 1, 17, 6, 20, 11, 14, 12, 13, 7, 1, 18, 14, 7, 14, 1, 12, 7, 1, 7, 8, 12, 20, 14, 11, 12, 1, 6, 7, 1, 7]
bestever    1944    in generation 1055
[13, 13, 8, 2, 8, 2, 2, 8, 5, 9, 2, 5, 5, 5, 4, 9, 9, 10, 4, 13, 5, 19, 6, 9, 4, 2, 18, 10, 15, 9, 4, 6, 15, 10, 8, 16, 2, 20, 4, 6, 17, 18, 16, 5, 5, 13, 20, 4, 18, 5, 10, 19, 10, 9, 2, 4, 10, 18, 15, 11, 4, 2, 17, 8, 6, 15, 19, 17, 9, 10, 8, 9, 19, 18, 17, 10, 15, 19, 15, 17, 15, 11, 4, 15, 19, 3, 8, 11, 7, 3, 9, 10, 15, 16, 16, 16, 19, 8, 5, 3, 6, 3, 16, 1, 7, 16, 9, 18, 19, 19, 17, 13, 16, 3, 20, 20, 14, 17, 10, 13, 5, 17, 16, 4, 3, 17, 18, 14, 18, 8, 2, 18, 6, 12, 3, 20, 3, 14, 1, 12, 1, 12, 19, 15, 11, 13, 3, 20, 11, 14, 12, 13, 6, 20, 11, 14, 11, 16, 2, 3, 6, 20, 13, 17, 6, 20, 11, 12, 14, 1, 12, 7, 1, 7, 11, 14, 12, 13, 7, 1, 18, 14, 7, 14, 1, 12, 7, 1, 7, 8, 12, 20, 14, 11, 12, 1, 6, 7, 1, 7]
bestever    1930    in generation 1066
[13, 13, 8, 2, 8, 2, 2, 8, 5, 9, 2, 5, 5, 5, 4, 9, 9, 10, 4, 13, 5, 19, 6, 9, 4, 2, 18, 10, 15, 9, 2, 6, 15, 10, 8, 16, 4, 20, 4, 6, 17, 18, 16, 5, 5, 13, 20, 4, 18, 5, 10, 19, 10, 9, 2, 4, 10, 18, 15, 11, 4, 2, 17, 8, 6, 15, 19, 17, 9, 10, 8, 9, 19, 18, 17, 10, 15, 19, 15, 17, 15, 11, 4, 15, 19, 3, 8, 11, 7, 3, 9, 10, 15, 16, 16, 16, 19, 8, 5, 3, 6, 3, 16, 1, 7, 16, 9, 18, 19, 19, 17, 13, 16, 3, 20, 20, 14, 17, 10, 13, 5, 17, 16, 4, 3, 17, 18, 14, 18, 8, 2, 18, 6, 12, 3, 20, 3, 14, 1, 12, 1, 12, 19, 15, 11, 13, 3, 20, 11, 14, 12, 13, 6, 20, 11, 14, 11, 16, 2, 3, 6, 20, 13, 17, 6, 20, 11, 12, 14, 1, 12, 7, 1, 7, 11, 14, 12, 13, 7, 1, 18, 14, 7, 14, 1, 12, 7, 1, 7, 8, 12, 20, 14, 11, 12, 1, 6, 7, 1, 7]
bestever    1925    in generation 1084
[13, 13, 8, 2, 8, 2, 2, 8, 5, 9, 2, 5, 5, 5, 4, 9, 9, 10, 4, 13, 5, 19, 6, 9, 4, 2, 18, 10, 15, 9, 4, 6, 15, 10, 8, 16, 2, 10, 4, 6, 17, 18, 16, 5, 5, 13, 20, 4, 18, 5, 20, 19, 10, 9, 2, 4, 10, 18, 15, 11, 4, 2, 17, 8, 6, 15, 19, 17, 9, 10, 8, 9, 19, 18, 17, 10, 15, 19, 15, 17, 15, 11, 4, 15, 19, 3, 8, 11, 7, 3, 9, 10, 15, 16, 16, 16, 19, 8, 5, 3, 6, 3, 16, 1, 7, 16, 9, 18, 19, 19, 17, 13, 16, 3, 20, 20, 14, 17, 10, 13, 5, 17, 16, 4, 3, 17, 18, 14, 18, 8, 2, 18, 6, 12, 3, 20, 3, 14, 1, 12, 1, 12, 19, 15, 11, 13, 3, 20, 11, 14, 12, 13, 6, 20, 11, 14, 11, 16, 2, 3, 6, 20, 13, 17, 6, 20, 11, 12, 14, 1, 12, 7, 1, 7, 11, 14, 12, 13, 7, 1, 18, 14, 7, 14, 1, 12, 7, 1, 7, 8, 12, 20, 14, 11, 12, 1, 6, 7, 1, 7]
bestever    1907    in generation 1141
[13, 13, 8, 2, 8, 2, 13, 8, 5, 9, 2, 5, 5, 5, 4, 9, 9, 10, 4, 2, 5, 19, 6, 9, 4, 2, 18, 10, 15, 9, 4, 6, 15, 10, 8, 16, 2, 10, 4, 6, 17, 18, 16, 5, 5, 13, 20, 4, 18, 5, 20, 19, 10, 9, 2, 4, 10, 18, 15, 11, 4, 2, 17, 8, 6, 15, 19, 17, 9, 10, 8, 9, 19, 18, 17, 10, 15, 19, 15, 17, 15, 11, 4, 15, 19, 3, 8, 11, 7, 3, 9, 10, 15, 16, 16, 16, 19, 8, 5, 3, 6, 3, 16, 16, 9, 18, 19, 19, 17, 13, 16, 3, 20, 20, 14, 17, 10, 13, 5, 17, 16, 4, 3, 17, 18, 1, 7, 14, 18, 8, 2, 18, 6, 12, 3, 20, 3, 14, 1, 12, 1, 12, 19, 15, 11, 13, 3, 20, 11, 14, 12, 13, 6, 20, 11, 14, 11, 16, 2, 3, 6, 20, 13, 17, 6, 20, 11, 12, 14, 1, 12, 7, 1, 7, 11, 14, 12, 13, 7, 1, 18, 14, 7, 14, 1, 12, 7, 1, 7, 8, 12, 20, 14, 11, 12, 1, 6, 7, 1, 7]
bestever    1898    in generation 1151
[13, 13, 8, 2, 8, 2, 13, 8, 5, 9, 2, 5, 5, 5, 4, 9, 9, 10, 4, 2, 5, 19, 6, 9, 4, 2, 18, 10, 15, 9, 4, 6, 15, 10, 8, 16, 2, 10, 4, 6, 17, 18, 16, 5, 5, 13, 8, 4, 18, 5, 20, 19, 10, 9, 2, 4, 10, 18, 15, 11, 4, 2, 17, 20, 6, 15, 19, 17, 9, 10, 8, 9, 19, 18, 17, 10, 15, 19, 15, 17, 15, 11, 4, 15, 19, 3, 8, 11, 7, 3, 9, 10, 15, 16, 16, 16, 19, 8, 5, 3, 6, 3, 16, 16, 9, 18, 19, 19, 17, 13, 16, 3, 20, 20, 14, 17, 10, 13, 5, 17, 16, 4, 3, 17, 18, 1, 7, 14, 18, 8, 2, 18, 6, 12, 3, 20, 3, 14, 1, 12, 1, 12, 19, 15, 11, 13, 3, 20, 11, 14, 12, 13, 6, 20, 11, 14, 11, 16, 2, 3, 6, 20, 13, 17, 6, 20, 11, 12, 14, 1, 12, 7, 1, 7, 11, 14, 12, 13, 7, 1, 18, 14, 7, 14, 1, 12, 7, 1, 7, 8, 12, 20, 14, 11, 12, 1, 6, 7, 1, 7]
bestever    1890    in generation 1211
[13, 13, 8, 2, 8, 2, 13, 2, 5, 9, 2, 5, 5, 5, 4, 9, 9, 10, 4, 2, 5, 19, 6, 9, 4, 2, 18, 10, 15, 9, 4, 6, 15, 10, 8, 16, 8, 10, 4, 6, 17, 18, 16, 5, 5, 13, 8, 4, 18, 5, 20, 19, 10, 9, 2, 4, 10, 18, 15, 11, 4, 2, 17, 20, 6, 15, 19, 17, 9, 10, 8, 9, 19, 18, 17, 10, 15, 19, 15, 17, 15, 11, 4, 15, 19, 3, 8, 11, 3, 9, 10, 15, 16, 16, 16, 19, 8, 5, 3, 6, 3, 16, 16, 9, 18, 19, 19, 17, 13, 16, 3, 20, 20, 14, 17, 10, 13, 5, 17, 16, 4, 3, 17, 18, 1, 14, 18, 8, 2, 18, 6, 12, 3, 20, 3, 14, 12, 12, 19, 15, 11, 13, 3, 20, 13, 6, 11, 14, 1, 7, 1, 7, 12, 20, 11, 14, 11, 16, 2, 3, 6, 20, 13, 17, 6, 20, 11, 12, 14, 1, 12, 7, 1, 7, 11, 14, 12, 13, 7, 1, 18, 14, 7, 14, 1, 12, 7, 1, 7, 8, 12, 20, 14, 11, 12, 1, 6, 7, 1, 7]
bestever    1878    in generation 1284
[13, 13, 8, 2, 8, 2, 13, 2, 5, 9, 2, 5, 5, 5, 4, 9, 9, 10, 4, 2, 5, 19, 6, 9, 4, 2, 9, 10, 15, 9, 4, 6, 15, 10, 8, 16, 8, 10, 4, 6, 17, 18, 16, 5, 5, 13, 8, 4, 18, 5, 20, 19, 10, 18, 2, 4, 10, 18, 15, 11, 4, 2, 17, 20, 6, 15, 19, 17, 9, 10, 8, 9, 19, 18, 17, 10, 15, 19, 15, 17, 15, 11, 4, 15, 19, 3, 8, 11, 3, 9, 10, 15, 16, 16, 16, 19, 8, 5, 3, 6, 3, 16, 16, 9, 18, 19, 19, 17, 13, 16, 3, 20, 20, 14, 17, 10, 13, 5, 17, 16, 4, 3, 17, 18, 1, 14, 18, 8, 2, 18, 6, 12, 3, 20, 3, 14, 12, 12, 19, 15, 11, 13, 3, 20, 13, 6, 11, 14, 1, 7, 1, 7, 12, 20, 11, 14, 11, 16, 2, 3, 6, 20, 13, 17, 6, 20, 11, 12, 14, 1, 12, 7, 1, 7, 11, 14, 12, 13, 7, 1, 18, 14, 7, 14, 1, 12, 7, 1, 7, 8, 12, 20, 14, 11, 12, 1, 6, 7, 1, 7]
bestever    1875    in generation 1373
[13, 13, 8, 2, 8, 2, 13, 2, 5, 9, 2, 5, 5, 5, 4, 9, 9, 10, 4, 2, 5, 19, 6, 9, 4, 2, 9, 10, 15, 9, 4, 6, 15, 10, 8, 16, 8, 10, 4, 6, 5, 18, 16, 5, 5, 13, 8, 4, 18, 17, 20, 19, 10, 18, 2, 4, 10, 18, 15, 11, 4, 2, 17, 20, 6, 15, 19, 17, 9, 10, 8, 9, 19, 18, 17, 10, 15, 19, 15, 17, 15, 11, 4, 15, 19, 3, 8, 11, 3, 9, 10, 15, 16, 16, 16, 19, 8, 5, 3, 6, 3, 16, 16, 9, 18, 19, 19, 17, 13, 16, 3, 20, 20, 14, 17, 10, 13, 5, 17, 16, 4, 3, 17, 18, 1, 14, 18, 8, 2, 18, 6, 12, 3, 20, 3, 14, 12, 12, 19, 15, 11, 13, 3, 20, 13, 6, 11, 14, 1, 7, 1, 7, 12, 20, 11, 14, 11, 16, 2, 3, 6, 20, 13, 17, 6, 20, 11, 12, 14, 1, 12, 7, 1, 7, 11, 14, 12, 13, 7, 1, 18, 14, 7, 14, 1, 12, 7, 1, 7, 8, 12, 20, 14, 11, 12, 1, 6, 7, 1, 7]
bestever    1873    in generation 1605
[13, 13, 8, 2, 8, 2, 13, 2, 5, 10, 2, 5, 5, 5, 4, 8, 9, 9, 4, 2, 5, 19, 6, 9, 4, 2, 9, 10, 15, 9, 4, 6, 15, 10, 8, 16, 9, 10, 4, 6, 5, 18, 16, 5, 5, 13, 8, 4, 18, 17, 10, 19, 20, 18, 2, 4, 10, 18, 15, 11, 4, 2, 17, 20, 6, 15, 8, 19, 17, 9, 10, 9, 19, 18, 17, 10, 15, 19, 15, 17, 15, 11, 4, 15, 19, 3, 8, 11, 3, 9, 10, 15, 16, 16, 16, 19, 8, 5, 3, 6, 3, 16, 16, 9, 18, 19, 19, 17, 13, 16, 3, 20, 20, 14, 17, 10, 17, 5, 13, 16, 4, 3, 17, 18, 1, 14, 18, 8, 2, 18, 6, 12, 3, 20, 3, 14, 12, 12, 19, 15, 11, 13, 3, 20, 13, 6, 11, 14, 1, 7, 1, 7, 12, 20, 11, 14, 11, 16, 2, 3, 6, 20, 13, 17, 6, 20, 11, 12, 14, 1, 12, 7, 1, 7, 11, 14, 12, 13, 7, 1, 18, 14, 7, 14, 1, 12, 7, 1, 7, 8, 12, 20, 14, 11, 12, 1, 6, 7, 1, 7]
bestever    1872    in generation 1691
[13, 13, 8, 2, 8, 2, 13, 2, 5, 10, 2, 5, 5, 5, 4, 8, 9, 9, 4, 2, 5, 19, 6, 9, 4, 2, 9, 10, 15, 9, 4, 6, 15, 10, 8, 16, 9, 10, 4, 6, 5, 18, 18, 5, 5, 13, 8, 4, 18, 17, 10, 19, 20, 18, 2, 4, 10, 16, 15, 11, 4, 2, 17, 20, 6, 15, 8, 19, 17, 9, 10, 9, 19, 18, 17, 10, 15, 19, 15, 17, 15, 11, 4, 15, 19, 3, 8, 11, 3, 9, 10, 15, 16, 16, 16, 19, 8, 5, 3, 6, 3, 16, 16, 9, 18, 19, 19, 17, 13, 16, 3, 20, 20, 14, 17, 10, 17, 5, 13, 16, 4, 3, 17, 18, 1, 14, 18, 8, 2, 18, 6, 12, 3, 20, 3, 14, 12, 12, 19, 15, 11, 13, 3, 20, 13, 6, 11, 14, 1, 7, 1, 7, 12, 20, 11, 14, 11, 16, 2, 3, 6, 20, 13, 17, 6, 20, 11, 12, 14, 1, 12, 7, 1, 7, 11, 14, 12, 13, 7, 1, 18, 14, 7, 14, 1, 12, 7, 1, 7, 8, 12, 20, 14, 11, 12, 1, 6, 7, 1, 7]
bestever    1868    in generation 1825
[13, 13, 8, 2, 8, 2, 13, 2, 5, 10, 2, 5, 5, 5, 4, 8, 9, 8, 4, 2, 5, 19, 6, 9, 4, 2, 9, 10, 15, 9, 4, 6, 15, 10, 8, 16, 9, 10, 4, 6, 5, 18, 18, 5, 5, 13, 9, 4, 18, 17, 10, 19, 20, 18, 2, 4, 10, 16, 15, 11, 4, 2, 17, 20, 6, 15, 8, 19, 17, 9, 10, 9, 19, 18, 17, 10, 15, 19, 15, 17, 15, 11, 4, 15, 19, 3, 8, 11, 3, 9, 10, 15, 16, 16, 16, 19, 8, 5, 3, 6, 3, 16, 16, 9, 18, 19, 19, 17, 13, 16, 3, 20, 20, 14, 17, 10, 17, 5, 13, 16, 4, 3, 17, 18, 1, 14, 18, 8, 2, 18, 6, 12, 3, 20, 3, 14, 12, 12, 19, 15, 11, 13, 3, 20, 13, 6, 11, 14, 1, 7, 1, 7, 12, 20, 11, 14, 11, 16, 2, 7, 6, 20, 13, 17, 6, 20, 11, 12, 14, 1, 12, 7, 1, 7, 11, 14, 12, 13, 7, 1, 18, 14, 7, 14, 1, 12, 3, 1, 7, 8, 12, 20, 14, 11, 12, 1, 6, 7, 1, 7]
bestever    1866    in generation 2284
[13, 13, 5, 2, 8, 2, 13, 2, 5, 10, 2, 8, 5, 5, 15, 8, 9, 8, 4, 2, 5, 19, 6, 9, 4, 2, 9, 10, 4, 9, 4, 6, 15, 10, 8, 16, 9, 10, 5, 4, 6, 5, 18, 18, 5, 13, 9, 4, 18, 17, 10, 19, 20, 18, 2, 4, 10, 16, 15, 9, 11, 4, 2, 17, 20, 6, 15, 8, 19, 17, 10, 9, 19, 18, 17, 10, 15, 19, 15, 17, 15, 11, 4, 15, 19, 3, 8, 11, 3, 9, 10, 15, 16, 16, 16, 19, 8, 5, 3, 6, 3, 16, 19, 16, 9, 18, 19, 17, 16, 13, 16, 3, 20, 20, 14, 17, 10, 17, 7, 5, 13, 4, 3, 17, 18, 12, 14, 18, 8, 17, 2, 18, 6, 1, 3, 20, 3, 14, 12, 12, 19, 15, 11, 13, 3, 20, 13, 6, 11, 14, 1, 7, 12, 20, 11, 14, 11, 16, 2, 6, 20, 13, 6, 14, 7, 11, 12, 7, 20, 1, 12, 1, 1, 7, 11, 14, 12, 13, 7, 1, 18, 14, 7, 14, 1, 12, 3, 1, 7, 8, 12, 20, 14, 11, 12, 1, 6, 7, 1, 7]
bestever    1851    in generation 3514
[13, 13, 5, 2, 8, 5, 13, 2, 2, 5, 10, 2, 8, 5, 5, 15, 8, 9, 8, 5, 4, 2, 5, 9, 19, 6, 4, 2, 9, 10, 4, 9, 4, 6, 15, 10, 8, 16, 9, 10, 5, 4, 13, 6, 5, 18, 18, 2, 13, 9, 4, 18, 17, 10, 19, 7, 13, 4, 3, 20, 18, 2, 4, 10, 16, 15, 9, 11, 4, 17, 2, 4, 6, 15, 8, 19, 3, 10, 9, 19, 18, 17, 15, 15, 10, 16, 19, 17, 15, 3, 20, 15, 16, 11, 8, 11, 3, 9, 10, 15, 16, 16, 17, 19, 8, 3, 6, 16, 5, 16, 9, 18, 19, 17, 19, 16, 3, 20, 20, 14, 10, 17, 19, 1, 17, 18, 12, 14, 19, 18, 8, 7, 17, 17, 18, 6, 1, 3, 20, 3, 12, 14, 12, 15, 11, 13, 3, 20, 13, 6, 11, 14, 7, 12, 20, 11, 14, 11, 16, 2, 7, 6, 20, 13, 6, 14, 11, 12, 7, 20, 1, 12, 1, 1, 7, 11, 14, 12, 13, 7, 1, 18, 14, 1, 14, 12, 3, 1, 7, 8, 12, 20, 14, 11, 12, 1, 6, 7, 1, 7]
bestever    1845    in generation 3537
[13, 13, 5, 2, 8, 5, 13, 2, 2, 5, 10, 2, 8, 5, 5, 15, 8, 9, 8, 5, 4, 2, 5, 9, 19, 6, 4, 2, 9, 10, 4, 9, 4, 6, 15, 10, 8, 16, 9, 10, 5, 4, 13, 6, 5, 18, 18, 2, 13, 9, 4, 18, 17, 10, 19, 7, 13, 4, 3, 20, 18, 2, 4, 10, 16, 15, 9, 11, 4, 17, 2, 4, 6, 15, 8, 19, 3, 10, 9, 19, 18, 17, 15, 15, 10, 16, 19, 17, 15, 3, 20, 15, 16, 11, 8, 1, 3, 9, 10, 15, 16, 16, 17, 19, 8, 3, 6, 16, 5, 16, 9, 18, 19, 17, 19, 16, 3, 20, 20, 14, 10, 17, 19, 1, 17, 18, 12, 14, 19, 18, 8, 7, 17, 17, 18, 6, 11, 3, 20, 3, 12, 14, 12, 15, 11, 13, 3, 20, 13, 6, 11, 14, 7, 12, 20, 11, 14, 11, 16, 2, 7, 6, 20, 13, 6, 14, 11, 12, 7, 20, 1, 12, 1, 1, 7, 11, 14, 12, 13, 7, 1, 18, 14, 1, 14, 12, 3, 1, 7, 8, 12, 20, 14, 11, 12, 1, 6, 7, 1, 7]
bestever    1841    in generation 3887
[13, 13, 5, 2, 8, 5, 13, 2, 2, 5, 10, 2, 8, 5, 5, 15, 8, 9, 8, 5, 4, 2, 5, 9, 19, 6, 4, 2, 9, 10, 4, 9, 4, 6, 15, 10, 8, 16, 9, 10, 5, 4, 13, 6, 5, 18, 18, 2, 13, 9, 4, 18, 17, 10, 19, 7, 13, 4, 3, 20, 18, 2, 4, 1, 10, 16, 15, 9, 11, 4, 17, 2, 4, 6, 15, 8, 19, 3, 10, 9, 12, 19, 18, 17, 15, 15, 10, 16, 19, 17, 15, 3, 20, 15, 16, 11, 8, 3, 9, 10, 15, 16, 16, 17, 19, 8, 3, 6, 16, 5, 16, 9, 18, 19, 17, 19, 16, 3, 20, 6, 20, 14, 10, 17, 19, 17, 18, 12, 14, 19, 18, 8, 17, 17, 18, 11, 3, 20, 3, 12, 14, 15, 20, 13, 3, 20, 13, 11, 14, 11, 16, 2, 6, 7, 20, 7, 11, 12, 7, 1, 14, 12, 1, 6, 11, 13, 6, 14, 11, 12, 7, 20, 1, 12, 1, 7, 11, 14, 13, 7, 1, 18, 14, 1, 14, 12, 3, 1, 7, 8, 12, 20, 14, 11, 12, 1, 6, 7, 1, 7]
bestever    1835    in generation 3995
[13, 13, 5, 2, 8, 5, 13, 2, 2, 5, 10, 2, 8, 5, 5, 15, 8, 9, 8, 5, 4, 2, 5, 9, 19, 6, 4, 2, 9, 10, 4, 9, 4, 6, 15, 10, 8, 16, 9, 10, 5, 4, 13, 6, 5, 18, 18, 2, 13, 9, 4, 18, 17, 10, 19, 7, 13, 4, 3, 20, 18, 2, 4, 1, 10, 16, 15, 9, 11, 4, 17, 2, 4, 6, 15, 8, 19, 3, 10, 9, 12, 19, 18, 17, 15, 15, 10, 16, 17, 17, 15, 3, 20, 15, 16, 11, 8, 3, 9, 10, 15, 16, 16, 17, 19, 8, 3, 6, 16, 5, 16, 9, 18, 19, 17, 19, 16, 3, 20, 6, 20, 14, 10, 17, 19, 17, 18, 12, 14, 19, 18, 8, 17, 19, 18, 11, 3, 20, 3, 12, 14, 15, 20, 13, 3, 20, 13, 11, 14, 11, 16, 2, 6, 7, 20, 7, 11, 12, 7, 1, 14, 12, 1, 6, 11, 13, 6, 14, 11, 12, 7, 20, 1, 12, 1, 7, 11, 14, 13, 7, 1, 18, 14, 1, 14, 12, 3, 1, 7, 8, 12, 20, 14, 11, 12, 1, 6, 7, 1, 7]
bestever    1833    in generation 4160
[13, 13, 5, 2, 8, 5, 13, 2, 2, 5, 10, 2, 8, 5, 5, 15, 8, 9, 8, 5, 4, 2, 5, 9, 19, 6, 4, 2, 9, 10, 4, 9, 4, 6, 15, 10, 8, 16, 9, 10, 5, 4, 18, 6, 5, 18, 12, 2, 13, 9, 4, 18, 17, 10, 19, 7, 13, 4, 3, 20, 18, 2, 4, 1, 10, 16, 15, 9, 11, 4, 17, 2, 4, 6, 15, 8, 19, 3, 10, 9, 18, 19, 13, 17, 15, 15, 10, 16, 17, 17, 15, 3, 20, 15, 16, 11, 8, 3, 9, 10, 15, 16, 16, 17, 18, 19, 8, 3, 6, 16, 5, 16, 9, 18, 19, 17, 19, 16, 3, 20, 6, 20, 14, 10, 17, 19, 17, 18, 12, 14, 19, 18, 8, 17, 19, 18, 11, 3, 20, 3, 12, 14, 15, 20, 13, 3, 20, 13, 11, 14, 11, 16, 2, 6, 7, 20, 7, 11, 12, 7, 1, 14, 12, 1, 6, 11, 13, 6, 14, 11, 12, 7, 20, 1, 12, 11, 14, 13, 7, 14, 1, 1, 7, 1, 14, 12, 3, 1, 7, 8, 12, 20, 14, 11, 12, 1, 6, 7, 1, 7]
bestever    1830    in generation 4228
[13, 13, 5, 2, 8, 5, 13, 2, 2, 5, 10, 2, 8, 5, 5, 15, 8, 9, 8, 5, 4, 2, 5, 9, 19, 6, 4, 2, 9, 10, 4, 9, 4, 6, 15, 10, 8, 16, 9, 10, 5, 4, 18, 6, 5, 18, 12, 2, 13, 9, 4, 18, 17, 10, 19, 13, 4, 3, 20, 18, 2, 4, 10, 16, 15, 9, 11, 4, 17, 2, 4, 6, 15, 8, 19, 3, 10, 9, 18, 19, 13, 17, 15, 15, 10, 16, 17, 17, 15, 3, 20, 15, 16, 11, 8, 3, 9, 10, 15, 16, 16, 17, 18, 19, 8, 3, 6, 16, 5, 16, 9, 18, 19, 17, 19, 16, 3, 20, 6, 20, 14, 10, 17, 19, 17, 18, 12, 14, 19, 18, 8, 17, 19, 18, 11, 3, 20, 3, 12, 14, 15, 20, 13, 3, 20, 13, 11, 14, 1, 7, 11, 16, 2, 6, 7, 20, 7, 11, 12, 7, 1, 14, 12, 1, 6, 11, 13, 6, 14, 11, 12, 7, 20, 1, 12, 11, 14, 13, 7, 14, 1, 1, 7, 1, 14, 12, 3, 1, 7, 8, 12, 20, 14, 11, 12, 1, 6, 7, 1, 7]
bestever    1826    in generation 4949
[13, 13, 5, 2, 8, 5, 13, 2, 2, 5, 5, 2, 8, 10, 5, 5, 15, 8, 9, 8, 5, 4, 2, 2, 5, 9, 4, 6, 4, 2, 9, 10, 4, 9, 19, 6, 15, 10, 8, 16, 9, 10, 5, 4, 18, 6, 5, 18, 12, 2, 13, 9, 4, 15, 17, 10, 19, 13, 4, 3, 20, 18, 4, 10, 16, 6, 9, 11, 4, 17, 2, 4, 15, 15, 8, 19, 3, 10, 20, 9, 18, 19, 13, 17, 15, 18, 10, 16, 17, 17, 15, 3, 20, 15, 16, 16, 11, 8, 3, 9, 15, 16, 17, 18, 19, 8, 3, 6, 16, 10, 16, 9, 18, 19, 17, 19, 16, 3, 6, 20, 14, 10, 17, 19, 17, 1, 18, 12, 14, 19, 18, 8, 17, 19, 18, 11, 3, 20, 3, 12, 14, 11, 15, 20, 13, 3, 20, 13, 11, 14, 1, 7, 11, 16, 2, 6, 7, 20, 7, 14, 12, 7, 1, 14, 12, 1, 6, 11, 13, 6, 11, 12, 7, 20, 1, 12, 11, 14, 13, 7, 14, 1, 1, 7, 14, 12, 3, 1, 12, 7, 8, 20, 14, 11, 12, 1, 6, 7, 1, 7]
bestever    1825    in generation 5153
[13, 13, 5, 2, 8, 5, 13, 2, 2, 5, 5, 2, 8, 10, 5, 5, 15, 8, 9, 8, 5, 4, 2, 2, 5, 9, 4, 6, 4, 2, 9, 10, 4, 9, 19, 6, 15, 10, 8, 16, 9, 10, 5, 4, 18, 6, 5, 18, 12, 2, 13, 9, 4, 15, 17, 10, 19, 13, 4, 3, 20, 18, 4, 10, 16, 6, 9, 11, 4, 17, 2, 4, 15, 15, 8, 19, 3, 10, 20, 9, 18, 19, 13, 17, 15, 18, 10, 16, 17, 14, 17, 15, 3, 20, 15, 16, 16, 11, 8, 3, 9, 15, 16, 17, 18, 19, 8, 3, 6, 16, 10, 16, 9, 18, 19, 17, 19, 16, 3, 6, 20, 14, 10, 17, 19, 17, 1, 18, 12, 19, 18, 8, 17, 19, 18, 11, 3, 20, 3, 12, 14, 11, 15, 20, 13, 3, 20, 13, 11, 14, 1, 7, 11, 14, 16, 2, 6, 20, 7, 12, 14, 12, 6, 11, 13, 6, 11, 20, 1, 12, 11, 13, 7, 7, 1, 7, 14, 12, 1, 7, 14, 1, 1, 7, 14, 12, 3, 1, 12, 7, 8, 20, 14, 11, 12, 1, 6, 7, 1, 7]
bestever    1824    in generation 5342
[13, 13, 5, 2, 8, 5, 13, 2, 2, 5, 5, 2, 8, 10, 5, 5, 15, 8, 9, 8, 5, 4, 2, 2, 5, 9, 4, 6, 4, 2, 9, 10, 4, 9, 17, 6, 15, 10, 8, 16, 9, 10, 5, 4, 18, 6, 5, 18, 12, 2, 13, 9, 4, 15, 17, 10, 19, 13, 4, 3, 20, 18, 4, 10, 16, 6, 9, 11, 4, 17, 2, 4, 15, 15, 8, 19, 3, 10, 20, 9, 18, 19, 13, 17, 15, 18, 10, 16, 17, 14, 19, 15, 3, 20, 15, 16, 16, 11, 8, 3, 9, 15, 16, 17, 18, 19, 8, 3, 6, 16, 10, 16, 9, 17, 18, 19, 17, 19, 16, 3, 6, 20, 14, 10, 17, 19, 17, 1, 18, 12, 19, 18, 8, 19, 18, 11, 3, 20, 3, 12, 14, 11, 15, 20, 13, 3, 20, 13, 11, 14, 1, 7, 11, 14, 16, 2, 6, 20, 7, 12, 14, 12, 6, 11, 13, 6, 11, 20, 1, 12, 11, 13, 7, 7, 1, 7, 14, 12, 1, 7, 14, 1, 1, 7, 14, 12, 3, 1, 12, 7, 8, 20, 14, 11, 12, 1, 6, 7, 1, 7]
bestever    1821    in generation 5360
[13, 13, 5, 2, 8, 5, 13, 2, 2, 5, 5, 2, 8, 10, 5, 5, 15, 8, 9, 8, 5, 4, 2, 2, 5, 9, 4, 6, 4, 2, 9, 10, 4, 9, 17, 6, 15, 10, 8, 16, 9, 10, 5, 4, 18, 6, 5, 18, 12, 15, 13, 9, 4, 15, 17, 10, 19, 13, 4, 3, 20, 18, 4, 10, 16, 6, 9, 11, 4, 17, 2, 4, 15, 15, 8, 19, 3, 10, 20, 9, 18, 19, 13, 17, 2, 18, 10, 16, 17, 14, 19, 15, 3, 20, 15, 16, 16, 11, 8, 3, 9, 15, 16, 17, 18, 19, 8, 3, 6, 16, 10, 16, 9, 17, 18, 19, 17, 19, 16, 3, 6, 20, 14, 10, 17, 19, 17, 1, 18, 12, 19, 18, 8, 19, 18, 11, 3, 20, 3, 12, 14, 11, 15, 20, 13, 3, 20, 13, 11, 14, 1, 7, 11, 14, 16, 2, 6, 20, 7, 12, 14, 12, 6, 11, 13, 6, 11, 20, 1, 12, 11, 13, 7, 7, 1, 7, 14, 12, 1, 7, 14, 1, 1, 7, 14, 12, 3, 1, 12, 7, 8, 20, 14, 11, 12, 1, 6, 7, 1, 7]
bestever    1813    in generation 5382
[13, 13, 5, 2, 8, 5, 13, 2, 2, 5, 5, 2, 8, 10, 5, 5, 15, 8, 9, 8, 5, 4, 2, 2, 5, 9, 4, 6, 4, 2, 9, 10, 4, 9, 17, 6, 15, 10, 8, 16, 9, 10, 5, 4, 18, 6, 5, 18, 12, 15, 13, 9, 4, 15, 17, 10, 19, 13, 4, 3, 20, 18, 4, 10, 16, 6, 9, 11, 4, 17, 2, 4, 15, 15, 8, 19, 3, 10, 20, 9, 18, 19, 13, 17, 2, 18, 10, 16, 17, 14, 19, 15, 3, 20, 15, 16, 16, 11, 8, 3, 9, 15, 16, 17, 18, 19, 8, 3, 6, 16, 10, 16, 9, 17, 18, 19, 17, 19, 16, 3, 6, 20, 14, 10, 17, 19, 17, 1, 18, 12, 19, 18, 8, 19, 18, 11, 3, 20, 3, 12, 14, 11, 15, 20, 13, 3, 20, 13, 11, 14, 1, 7, 11, 14, 16, 2, 6, 20, 7, 12, 14, 12, 6, 11, 13, 6, 11, 20, 1, 12, 11, 13, 7, 7, 1, 7, 14, 12, 1, 14, 1, 1, 7, 14, 12, 3, 1, 12, 7, 7, 8, 20, 14, 11, 12, 1, 6, 7, 1, 7]
bestever    1802    in generation 5528
[13, 13, 5, 2, 8, 5, 13, 2, 2, 5, 5, 2, 8, 10, 5, 5, 15, 8, 9, 8, 5, 4, 2, 2, 5, 9, 4, 6, 4, 2, 9, 10, 4, 9, 17, 6, 15, 10, 8, 16, 9, 10, 5, 4, 18, 6, 5, 18, 12, 15, 13, 9, 4, 15, 17, 10, 19, 9, 13, 4, 3, 20, 18, 4, 10, 16, 6, 9, 11, 4, 17, 2, 4, 15, 15, 8, 19, 3, 10, 20, 9, 18, 19, 13, 17, 2, 18, 10, 16, 17, 14, 19, 15, 3, 20, 15, 16, 16, 11, 8, 3, 9, 15, 16, 17, 18, 19, 8, 3, 6, 16, 10, 16, 17, 18, 19, 17, 19, 16, 3, 6, 20, 14, 10, 17, 19, 17, 1, 18, 12, 19, 18, 8, 19, 18, 11, 3, 20, 3, 12, 14, 11, 15, 20, 13, 3, 20, 13, 11, 14, 1, 7, 11, 14, 16, 2, 6, 20, 7, 12, 14, 12, 6, 11, 13, 6, 11, 20, 1, 12, 11, 13, 7, 7, 1, 7, 14, 12, 1, 14, 1, 1, 7, 14, 12, 3, 1, 12, 7, 7, 8, 20, 14, 11, 12, 1, 6, 7, 1, 7]
bestever    1801    in generation 5569
[13, 13, 5, 2, 8, 5, 13, 2, 2, 5, 5, 2, 8, 10, 5, 5, 15, 8, 9, 8, 5, 4, 2, 2, 5, 9, 4, 6, 4, 2, 9, 10, 4, 9, 17, 6, 15, 10, 8, 16, 9, 10, 5, 4, 18, 6, 5, 18, 12, 15, 13, 9, 4, 15, 17, 10, 19, 9, 13, 4, 3, 20, 18, 4, 10, 16, 6, 9, 11, 4, 17, 2, 4, 8, 15, 15, 19, 3, 10, 20, 9, 18, 19, 13, 17, 2, 18, 10, 16, 17, 14, 19, 15, 3, 20, 15, 16, 16, 11, 8, 3, 9, 15, 16, 17, 18, 19, 8, 3, 6, 16, 10, 16, 17, 18, 19, 17, 19, 16, 3, 6, 20, 14, 10, 17, 19, 17, 1, 18, 12, 19, 18, 8, 19, 18, 11, 3, 20, 3, 12, 14, 11, 15, 20, 13, 3, 20, 13, 11, 14, 1, 7, 11, 14, 16, 2, 6, 20, 7, 12, 14, 12, 6, 11, 13, 6, 11, 20, 1, 12, 11, 13, 7, 7, 1, 7, 14, 12, 1, 14, 1, 1, 7, 14, 12, 3, 1, 12, 7, 7, 8, 20, 14, 11, 12, 1, 6, 7, 1, 7]
bestever    1798    in generation 5750
[13, 13, 5, 2, 8, 5, 13, 2, 2, 5, 5, 2, 8, 10, 5, 5, 15, 8, 9, 8, 5, 4, 2, 2, 5, 9, 4, 19, 4, 2, 9, 10, 4, 9, 17, 6, 15, 10, 8, 16, 9, 10, 5, 4, 18, 6, 5, 18, 12, 15, 13, 9, 4, 15, 17, 10, 6, 9, 13, 4, 3, 20, 18, 4, 10, 16, 6, 9, 11, 4, 17, 2, 4, 8, 15, 15, 19, 3, 10, 20, 9, 18, 19, 13, 17, 2, 18, 10, 16, 17, 14, 19, 15, 3, 20, 15, 16, 16, 11, 8, 3, 9, 15, 16, 17, 18, 19, 8, 3, 6, 16, 10, 16, 17, 18, 19, 17, 19, 16, 3, 6, 20, 14, 10, 17, 19, 17, 1, 18, 12, 19, 18, 8, 19, 18, 11, 3, 20, 3, 12, 14, 11, 15, 20, 13, 3, 20, 13, 11, 14, 11, 14, 16, 2, 6, 20, 12, 14, 12, 6, 7, 7, 1, 11, 13, 6, 11, 20, 1, 12, 11, 13, 7, 7, 1, 7, 14, 12, 1, 14, 1, 1, 7, 14, 12, 3, 1, 12, 7, 7, 8, 20, 14, 11, 12, 1, 6, 7, 1, 7]
bestever    1797    in generation 5818
[13, 13, 5, 2, 8, 5, 13, 2, 2, 5, 5, 2, 8, 4, 5, 5, 15, 8, 9, 8, 5, 4, 2, 2, 5, 9, 10, 19, 4, 2, 9, 10, 4, 9, 17, 6, 15, 10, 8, 16, 9, 10, 5, 4, 18, 6, 5, 18, 12, 15, 13, 9, 4, 15, 17, 10, 6, 9, 13, 4, 3, 20, 18, 4, 10, 16, 6, 9, 11, 4, 17, 2, 4, 8, 15, 15, 19, 3, 10, 20, 9, 18, 19, 13, 17, 2, 18, 10, 16, 17, 14, 19, 15, 3, 20, 15, 16, 16, 11, 8, 3, 9, 15, 16, 17, 18, 19, 8, 3, 6, 16, 10, 16, 17, 18, 19, 17, 19, 16, 3, 6, 20, 14, 10, 17, 19, 17, 1, 18, 12, 19, 18, 8, 19, 18, 11, 3, 20, 3, 12, 14, 11, 15, 20, 13, 3, 20, 13, 11, 14, 11, 14, 16, 2, 6, 20, 12, 14, 12, 6, 7, 7, 1, 11, 13, 6, 11, 20, 1, 12, 11, 13, 7, 7, 1, 7, 14, 12, 1, 14, 1, 1, 7, 14, 12, 3, 1, 12, 7, 7, 8, 20, 14, 11, 12, 1, 6, 7, 1, 7]
bestever    1789    in generation 8953
[13, 13, 5, 2, 8, 5, 13, 19, 9, 2, 2, 5, 2, 8, 10, 5, 5, 15, 8, 9, 8, 5, 4, 9, 2, 2, 5, 9, 4, 16, 4, 5, 9, 10, 4, 9, 17, 6, 15, 10, 10, 16, 8, 13, 5, 4, 18, 6, 9, 5, 4, 18, 12, 15, 9, 9, 4, 6, 15, 17, 3, 12, 13, 4, 10, 10, 20, 18, 16, 17, 2, 11, 4, 2, 6, 8, 15, 15, 19, 3, 10, 18, 19, 13, 20, 17, 10, 1, 2, 18, 16, 17, 14, 19, 16, 15, 15, 3, 20, 2, 16, 11, 8, 3, 11, 9, 15, 16, 20, 17, 18, 19, 8, 10, 3, 6, 16, 16, 17, 18, 19, 17, 19, 16, 3, 3, 20, 14, 10, 17, 15, 13, 19, 17, 14, 18, 12, 19, 8, 19, 18, 11, 3, 20, 13, 3, 14, 13, 20, 11, 20, 11, 14, 18, 20, 11, 14, 12, 3, 12, 6, 1, 1, 7, 7, 4, 6, 11, 7, 6, 11, 12, 13, 7, 7, 6, 1, 14, 12, 1, 14, 1, 1, 7, 14, 12, 1, 12, 7, 7, 8, 20, 14, 11, 12, 1, 6, 7, 1, 7]
bestever    1783    in generation 8971
[13, 13, 5, 2, 8, 5, 13, 19, 9, 2, 2, 5, 2, 8, 10, 5, 5, 15, 8, 9, 8, 5, 4, 9, 2, 2, 5, 9, 4, 16, 4, 5, 9, 10, 4, 9, 17, 6, 15, 10, 6, 16, 8, 13, 5, 4, 18, 10, 9, 5, 4, 18, 12, 15, 9, 9, 4, 6, 15, 17, 3, 12, 13, 4, 10, 10, 20, 18, 16, 17, 2, 11, 4, 2, 6, 8, 15, 15, 19, 3, 10, 18, 19, 13, 20, 17, 10, 1, 2, 18, 16, 17, 14, 19, 16, 15, 15, 3, 20, 2, 16, 11, 8, 3, 11, 9, 15, 16, 20, 17, 18, 19, 8, 10, 3, 6, 16, 16, 17, 18, 19, 17, 19, 16, 3, 3, 20, 14, 10, 17, 15, 13, 19, 17, 14, 18, 12, 19, 8, 19, 18, 11, 3, 20, 13, 3, 14, 13, 20, 11, 20, 11, 14, 18, 20, 11, 14, 12, 3, 12, 6, 1, 1, 7, 7, 4, 6, 11, 7, 6, 11, 12, 13, 7, 7, 6, 1, 14, 12, 1, 14, 1, 1, 7, 14, 12, 1, 12, 7, 7, 8, 20, 14, 11, 12, 1, 6, 7, 1, 7]
bestever    1780    in generation 9429
[13, 13, 5, 13, 2, 8, 5, 13, 19, 9, 2, 2, 5, 2, 8, 10, 5, 5, 15, 8, 9, 8, 16, 5, 4, 9, 2, 2, 5, 9, 4, 16, 4, 17, 5, 9, 10, 4, 9, 6, 15, 10, 6, 16, 8, 5, 4, 18, 10, 9, 5, 4, 18, 12, 2, 15, 9, 9, 4, 6, 15, 17, 3, 12, 13, 4, 10, 10, 20, 18, 16, 17, 2, 11, 4, 2, 6, 8, 15, 15, 19, 16, 3, 10, 18, 19, 13, 20, 17, 10, 1, 2, 18, 17, 14, 19, 15, 15, 3, 20, 16, 11, 10, 8, 3, 11, 9, 15, 16, 20, 11, 17, 18, 19, 8, 3, 6, 16, 17, 16, 17, 18, 19, 17, 19, 16, 3, 3, 20, 14, 10, 15, 13, 19, 17, 14, 18, 12, 19, 8, 19, 18, 11, 3, 20, 13, 3, 14, 13, 20, 11, 20, 11, 14, 14, 18, 20, 12, 3, 12, 6, 1, 1, 7, 7, 4, 6, 11, 7, 6, 11, 12, 13, 7, 7, 6, 1, 14, 12, 1, 14, 1, 14, 7, 1, 12, 1, 12, 7, 7, 8, 20, 14, 11, 12, 1, 6, 7, 1, 7]
bestever    1772    in generation 9497
[13, 13, 5, 13, 2, 8, 5, 13, 19, 9, 2, 2, 5, 2, 8, 10, 5, 5, 15, 8, 9, 8, 16, 5, 4, 9, 2, 2, 5, 9, 4, 16, 4, 17, 5, 9, 10, 4, 9, 6, 15, 10, 6, 16, 8, 5, 2, 18, 10, 9, 5, 4, 18, 8, 4, 15, 9, 9, 4, 6, 15, 17, 3, 12, 13, 4, 10, 10, 20, 18, 16, 17, 2, 11, 4, 2, 6, 8, 15, 15, 19, 16, 3, 10, 18, 19, 13, 20, 17, 10, 1, 2, 18, 17, 14, 19, 15, 15, 3, 20, 16, 11, 10, 8, 3, 11, 9, 15, 16, 20, 11, 17, 18, 19, 12, 3, 6, 16, 17, 16, 17, 18, 19, 17, 19, 16, 3, 3, 20, 14, 10, 15, 13, 19, 17, 14, 18, 12, 19, 8, 19, 18, 11, 3, 20, 13, 3, 14, 13, 20, 11, 20, 11, 14, 14, 18, 20, 12, 3, 12, 6, 1, 1, 7, 7, 4, 6, 11, 7, 6, 11, 12, 13, 7, 7, 6, 1, 14, 12, 1, 14, 1, 14, 7, 1, 12, 1, 12, 7, 7, 8, 20, 14, 11, 12, 1, 6, 7, 1, 7]
bestever    1771    in generation 9621
[13, 13, 5, 13, 2, 8, 5, 13, 19, 9, 2, 2, 5, 2, 8, 10, 5, 5, 15, 8, 9, 8, 16, 5, 4, 9, 2, 2, 5, 9, 4, 16, 4, 17, 5, 9, 10, 4, 9, 6, 15, 10, 6, 16, 8, 5, 9, 18, 10, 9, 5, 4, 18, 8, 4, 15, 9, 2, 4, 6, 15, 17, 3, 12, 13, 4, 10, 10, 20, 18, 16, 17, 2, 11, 4, 2, 6, 8, 15, 15, 19, 16, 3, 10, 18, 19, 13, 20, 17, 10, 1, 2, 18, 17, 14, 19, 15, 13, 15, 3, 20, 16, 11, 10, 8, 3, 11, 9, 15, 16, 20, 11, 17, 18, 19, 12, 3, 6, 16, 17, 16, 17, 18, 19, 17, 19, 16, 3, 3, 20, 14, 10, 15, 19, 17, 14, 18, 12, 19, 8, 19, 18, 11, 3, 20, 13, 3, 14, 13, 20, 11, 20, 11, 14, 14, 18, 20, 12, 3, 12, 6, 1, 1, 7, 7, 4, 6, 11, 7, 6, 11, 12, 13, 7, 7, 6, 1, 14, 12, 1, 14, 1, 14, 7, 1, 12, 1, 12, 7, 7, 8, 20, 14, 11, 12, 1, 6, 7, 1, 7]
bestever    1761    in generation 9634
[13, 13, 5, 13, 2, 8, 5, 13, 19, 9, 2, 2, 5, 2, 8, 10, 5, 5, 15, 8, 9, 8, 16, 5, 4, 9, 2, 2, 5, 9, 4, 16, 4, 17, 5, 9, 10, 4, 9, 6, 15, 10, 6, 16, 8, 5, 9, 18, 10, 9, 5, 4, 18, 8, 4, 15, 9, 2, 4, 6, 15, 17, 3, 12, 2, 4, 10, 10, 20, 18, 16, 17, 2, 11, 4, 13, 6, 8, 15, 15, 19, 16, 3, 10, 18, 19, 13, 20, 17, 10, 1, 2, 18, 17, 14, 19, 15, 13, 15, 3, 20, 16, 11, 10, 8, 3, 11, 9, 15, 16, 20, 11, 17, 18, 19, 12, 3, 6, 16, 17, 16, 17, 18, 19, 17, 19, 16, 3, 3, 20, 14, 10, 15, 19, 17, 14, 18, 12, 19, 8, 19, 18, 11, 3, 20, 13, 3, 14, 13, 20, 11, 20, 11, 14, 14, 18, 20, 12, 3, 12, 6, 1, 1, 7, 7, 4, 6, 11, 7, 6, 11, 12, 13, 7, 7, 6, 1, 14, 12, 1, 14, 1, 14, 7, 1, 12, 1, 12, 7, 7, 8, 20, 14, 11, 12, 1, 6, 7, 1, 7]
bestever    1759    in generation 9639
[13, 13, 5, 13, 2, 8, 5, 13, 19, 9, 2, 2, 5, 2, 8, 10, 5, 5, 15, 8, 9, 8, 16, 5, 4, 9, 2, 2, 5, 9, 4, 16, 4, 17, 5, 9, 10, 4, 9, 6, 15, 10, 6, 16, 8, 5, 9, 18, 10, 9, 5, 4, 18, 8, 4, 15, 9, 2, 4, 6, 15, 17, 3, 12, 2, 4, 10, 10, 20, 18, 16, 17, 2, 10, 4, 13, 6, 8, 15, 15, 19, 16, 3, 11, 18, 19, 13, 20, 17, 10, 1, 2, 18, 17, 14, 19, 15, 13, 15, 3, 20, 16, 11, 10, 8, 3, 11, 9, 15, 16, 20, 11, 17, 18, 19, 12, 3, 6, 16, 17, 16, 17, 18, 19, 17, 19, 16, 3, 3, 20, 14, 10, 15, 19, 17, 14, 18, 12, 19, 8, 19, 18, 11, 3, 20, 13, 3, 14, 13, 20, 11, 20, 11, 14, 14, 18, 20, 12, 3, 12, 6, 1, 1, 7, 7, 4, 6, 11, 7, 6, 11, 12, 13, 7, 7, 6, 1, 14, 12, 1, 14, 1, 14, 7, 1, 12, 1, 12, 7, 7, 8, 20, 14, 11, 12, 1, 6, 7, 1, 7]
bestever    1754    in generation 9711
[13, 13, 5, 13, 2, 8, 5, 13, 19, 9, 2, 2, 5, 2, 8, 10, 5, 5, 15, 8, 9, 8, 16, 5, 4, 9, 2, 2, 5, 9, 4, 16, 4, 17, 8, 9, 10, 4, 9, 6, 15, 10, 6, 16, 8, 5, 9, 18, 10, 9, 5, 4, 18, 8, 4, 15, 9, 2, 4, 6, 15, 17, 3, 12, 2, 4, 10, 10, 20, 18, 16, 17, 2, 10, 4, 13, 6, 8, 15, 15, 19, 16, 3, 11, 18, 19, 13, 20, 17, 10, 1, 2, 18, 17, 14, 19, 15, 13, 15, 3, 20, 16, 11, 10, 5, 3, 11, 9, 15, 16, 20, 11, 17, 18, 19, 12, 3, 6, 16, 17, 16, 17, 18, 19, 17, 19, 16, 3, 3, 20, 14, 10, 15, 19, 17, 14, 18, 12, 19, 8, 19, 18, 11, 3, 20, 13, 3, 14, 13, 20, 11, 20, 11, 14, 14, 18, 20, 12, 3, 12, 6, 1, 1, 7, 7, 4, 6, 11, 7, 6, 11, 12, 13, 7, 7, 6, 1, 14, 12, 1, 14, 1, 14, 7, 1, 12, 1, 12, 7, 7, 8, 20, 14, 11, 12, 1, 6, 7, 1, 7]
