bestever    2930    in generation 0
[8, 2, 8, 5, 8, 19, 14, 18, 7, 14, 17, 2, 7, 9, 14, 11, 2, 17, 18, 1, 8, 2, 14, 7, 13, 6, 3, 1, 8, 15, 17, 17, 20, 16, 12, 8, 17, 17, 18, 19, 3, 6, 11, 5, 20, 2, 19, 16, 3, 15, 11, 7, 14, 6, 19, 1, 4, 4, 3, 14, 7, 8, 16, 8, 11, 10, 20, 5, 2, 7, 2, 19, 12, 11, 20, 18, 17, 20, 5, 19, 18, 5, 11, 15, 7, 9, 6, 15, 18, 14, 14, 3, 5, 13, 4, 10, 17, 4, 4, 1, 20, 20, 5, 8, 3, 10, 6, 1, 19, 12, 8, 10, 4, 19, 10, 4, 16, 16, 6, 13, 10, 11, 10, 9, 13, 6, 9, 5, 14, 3, 19, 1, 4, 2, 7, 12, 7, 12, 1, 14, 3, 2, 12, 3, 13, 10, 13, 20, 9, 10, 2, 11, 11, 9, 9, 16, 15, 6, 9, 9, 18, 19, 3, 9, 12, 16, 6, 6, 15, 18, 5, 11, 7, 13, 16, 20, 4, 13, 15, 1, 15, 1, 1, 17, 20, 15, 12, 13, 5, 16, 17, 18, 18, 13, 4, 16, 15, 12, 12, 10]
bestever    2888    in generation 3
[8, 2, 8, 5, 8, 19, 14, 18, 7, 14, 17, 2, 7, 9, 14, 11, 2, 17, 18, 1, 8, 2, 14, 7, 13, 6, 3, 1, 8, 15, 17, 17, 20, 16, 8, 17, 17, 18, 19, 3, 6, 11, 5, 20, 2, 19, 16, 3, 15, 11, 7, 14, 6, 19, 1, 4, 4, 3, 14, 7, 8, 8, 11, 10, 20, 5, 2, 7, 2, 19, 11, 20, 18, 17, 20, 5, 19, 18, 5, 11, 15, 7, 9, 6, 14, 14, 3, 5, 4, 17, 4, 1, 20, 20, 5, 10, 12, 4, 15, 12, 13, 16, 18, 8, 3, 10, 6, 1, 19, 12, 8, 10, 4, 19, 10, 4, 16, 16, 6, 13, 10, 11, 10, 9, 13, 6, 9, 5, 14, 3, 19, 1, 4, 2, 7, 12, 7, 12, 1, 14, 3, 2, 12, 3, 13, 10, 13, 20, 9, 10, 2, 11, 11, 9, 9, 16, 15, 6, 9, 9, 18, 19, 3, 9, 12, 16, 6, 6, 15, 18, 5, 11, 7, 13, 16, 20, 4, 13, 15, 1, 15, 1, 1, 17, 20, 15, 12, 13, 5, 16, 17, 18, 18, 13, 4, 16, 15, 12, 12, 10]
bestever    2881    in generation 6
[8, 2, 8, 5, 8, 19, 14, 18, 7, 14, 17, 2, 7, 9, 14, 11, 2, 17, 18, 1, 8, 2, 14, 7, 13, 6, 3, 1, 8, 15, 17, 17, 20, 16, 8, 17, 17, 18, 19, 3, 6, 11, 5, 20, 2, 19, 16, 3, 15, 11, 7, 14, 6, 19, 1, 4, 4, 3, 14, 7, 8, 8, 11, 10, 20, 5, 2, 7, 2, 19, 11, 20, 18, 17, 20, 5, 19, 18, 5, 11, 15, 7, 9, 6, 14, 14, 3, 5, 4, 17, 4, 1, 20, 20, 5, 10, 12, 4, 15, 13, 16, 18, 8, 3, 10, 6, 1, 19, 8, 10, 4, 19, 10, 4, 16, 16, 6, 13, 10, 11, 9, 10, 12, 12, 13, 6, 9, 5, 14, 3, 19, 1, 4, 2, 7, 12, 7, 12, 1, 14, 3, 2, 12, 3, 13, 10, 13, 20, 9, 10, 2, 11, 11, 9, 9, 16, 15, 6, 9, 9, 18, 19, 3, 9, 12, 16, 6, 6, 15, 18, 5, 11, 7, 13, 16, 20, 4, 13, 15, 1, 15, 1, 1, 17, 20, 15, 12, 13, 5, 16, 17, 18, 18, 13, 4, 16, 15, 12, 12, 10]
bestever    2859    in generation 9
[8, 2, 8, 5, 8, 19, 14, 18, 7, 14, 17, 2, 7, 9, 14, 11, 2, 17, 18, 1, 8, 2, 14, 7, 13, 6, 3, 1, 8, 15, 17, 17, 20, 16, 8, 11, 17, 18, 19, 3, 6, 11, 5, 20, 2, 19, 16, 3, 15, 11, 7, 14, 6, 19, 1, 4, 4, 3, 14, 7, 8, 8, 11, 10, 20, 5, 2, 7, 2, 19, 11, 20, 18, 17, 20, 5, 19, 18, 5, 11, 15, 7, 9, 6, 14, 14, 3, 5, 4, 17, 4, 1, 20, 20, 5, 10, 12, 4, 15, 12, 13, 16, 18, 8, 3, 10, 6, 1, 19, 12, 8, 10, 4, 19, 10, 4, 16, 16, 6, 13, 10, 11, 10, 9, 13, 6, 9, 5, 14, 3, 19, 1, 4, 2, 7, 12, 7, 12, 1, 14, 3, 2, 3, 13, 10, 13, 20, 9, 10, 2, 17, 11, 9, 9, 16, 15, 6, 9, 9, 18, 19, 3, 9, 12, 16, 6, 6, 18, 5, 15, 12, 11, 7, 13, 16, 20, 4, 13, 15, 1, 15, 1, 1, 17, 20, 15, 12, 13, 5, 16, 17, 18, 18, 13, 4, 16, 15, 12, 12, 10]
bestever    2818    in generation 10
[8, 2, 8, 5, 8, 19, 14, 18, 7, 14, 17, 2, 7, 9, 14, 11, 2, 17, 18, 1, 8, 2, 14, 7, 13, 6, 3, 1, 8, 15, 17, 17, 20, 16, 8, 17, 19, 3, 6, 11, 5, 20, 2, 19, 16, 3, 11, 7, 14, 6, 19, 1, 4, 4, 3, 14, 7, 8, 8, 11, 10, 20, 5, 2, 7, 2, 19, 11, 20, 17, 20, 5, 19, 5, 11, 7, 9, 6, 14, 14, 3, 5, 4, 17, 4, 1, 20, 10, 4, 13, 8, 3, 10, 6, 1, 19, 8, 10, 4, 19, 10, 6, 10, 11, 9, 6, 9, 14, 3, 19, 12, 10, 18, 12, 16, 18, 5, 12, 13, 16, 20, 4, 13, 15, 15, 1, 2, 7, 7, 12, 14, 3, 2, 3, 10, 9, 10, 2, 11, 11, 9, 9, 6, 18, 12, 16, 18, 5, 12, 13, 16, 20, 4, 13, 15, 15, 9, 9, 18, 19, 3, 9, 12, 16, 6, 6, 15, 18, 5, 11, 7, 13, 16, 20, 4, 13, 15, 1, 15, 1, 17, 1, 1, 17, 20, 15, 12, 13, 5, 16, 17, 18, 18, 13, 4, 16, 15, 12, 12, 10]
bestever    2793    in generation 12
[8, 2, 8, 5, 8, 19, 14, 18, 7, 14, 17, 2, 7, 9, 14, 11, 2, 17, 18, 1, 8, 2, 14, 7, 13, 6, 3, 1, 8, 15, 17, 17, 20, 16, 8, 17, 17, 18, 19, 3, 6, 11, 5, 20, 2, 19, 16, 3, 11, 7, 14, 6, 19, 1, 4, 4, 3, 14, 7, 8, 8, 11, 10, 20, 5, 2, 7, 2, 19, 11, 20, 18, 17, 20, 5, 19, 5, 11, 7, 9, 6, 14, 14, 3, 5, 4, 17, 4, 1, 20, 5, 10, 12, 4, 12, 13, 16, 8, 3, 10, 6, 1, 19, 8, 10, 4, 19, 10, 4, 6, 10, 11, 9, 6, 9, 14, 3, 19, 2, 7, 7, 12, 1, 14, 10, 15, 18, 12, 16, 18, 5, 15, 12, 13, 16, 20, 4, 13, 15, 1, 3, 2, 3, 13, 10, 13, 20, 9, 10, 2, 11, 11, 9, 9, 16, 15, 6, 9, 9, 18, 19, 3, 9, 12, 16, 6, 6, 18, 5, 15, 12, 11, 7, 13, 16, 20, 4, 13, 15, 1, 15, 1, 1, 17, 20, 15, 12, 13, 5, 16, 17, 18, 18, 13, 4, 16, 15, 12, 12, 10]
bestever    2760    in generation 23
[8, 11, 8, 5, 8, 19, 14, 18, 7, 14, 17, 2, 7, 9, 14, 11, 2, 17, 18, 1, 8, 2, 14, 7, 13, 6, 3, 1, 8, 15, 17, 17, 20, 16, 8, 17, 17, 18, 19, 3, 6, 11, 5, 20, 2, 19, 16, 3, 11, 7, 14, 6, 19, 1, 4, 4, 3, 14, 7, 8, 8, 11, 10, 20, 5, 2, 7, 2, 19, 2, 20, 18, 17, 20, 5, 19, 5, 11, 7, 9, 6, 14, 14, 3, 5, 4, 17, 4, 1, 20, 5, 10, 12, 4, 12, 13, 16, 8, 3, 10, 6, 1, 19, 8, 10, 4, 19, 10, 4, 6, 10, 11, 9, 6, 9, 14, 3, 19, 2, 7, 7, 12, 1, 14, 10, 15, 18, 12, 16, 18, 5, 15, 12, 13, 16, 20, 4, 13, 15, 1, 3, 2, 3, 13, 10, 13, 20, 9, 10, 2, 11, 11, 9, 9, 16, 15, 6, 9, 9, 18, 19, 3, 9, 12, 16, 6, 6, 18, 5, 15, 12, 11, 7, 13, 16, 20, 4, 13, 15, 1, 15, 1, 1, 17, 20, 15, 12, 13, 5, 16, 17, 18, 18, 13, 4, 16, 15, 12, 12, 10]
bestever    2757    in generation 34
[8, 11, 8, 5, 8, 19, 14, 18, 7, 14, 17, 2, 7, 9, 14, 11, 2, 17, 18, 1, 8, 2, 14, 7, 13, 6, 3, 1, 8, 15, 17, 17, 20, 16, 8, 17, 17, 18, 19, 3, 6, 11, 5, 20, 2, 19, 16, 3, 11, 7, 14, 6, 19, 1, 4, 9, 3, 14, 7, 8, 8, 11, 10, 20, 5, 2, 7, 2, 19, 2, 20, 18, 17, 20, 5, 19, 5, 11, 7, 9, 6, 14, 14, 3, 5, 4, 17, 4, 1, 20, 5, 10, 12, 4, 12, 13, 16, 8, 3, 10, 6, 1, 19, 8, 10, 4, 19, 10, 4, 6, 10, 11, 9, 6, 9, 14, 3, 19, 2, 7, 7, 12, 1, 14, 10, 15, 18, 12, 16, 18, 5, 15, 12, 13, 16, 20, 4, 13, 15, 1, 3, 2, 3, 13, 10, 13, 20, 9, 10, 2, 11, 11, 4, 9, 16, 15, 6, 9, 9, 18, 19, 3, 9, 12, 16, 6, 6, 18, 5, 15, 12, 11, 7, 13, 16, 20, 4, 13, 15, 1, 15, 1, 1, 17, 20, 15, 12, 13, 5, 16, 17, 18, 18, 13, 4, 16, 15, 12, 12, 10]
bestever    2749    in generation 37
[8, 11, 8, 5, 8, 19, 14, 18, 7, 14, 17, 2, 7, 9, 14, 11, 2, 17, 18, 1, 8, 2, 14, 7, 13, 6, 3, 1, 8, 17, 17, 20, 16, 8, 17, 17, 18, 19, 3, 6, 11, 5, 20, 2, 19, 16, 3, 11, 7, 14, 6, 19, 1, 4, 4, 3, 14, 7, 8, 8, 11, 10, 20, 5, 2, 7, 2, 19, 2, 20, 18, 17, 20, 5, 19, 5, 11, 7, 9, 6, 14, 14, 3, 5, 4, 4, 1, 20, 5, 10, 12, 4, 13, 8, 3, 10, 6, 1, 19, 8, 10, 19, 10, 6, 10, 11, 9, 6, 9, 14, 3, 19, 2, 7, 7, 12, 1, 14, 10, 12, 4, 17, 15, 12, 13, 16, 20, 4, 13, 15, 1, 3, 2, 3, 13, 10, 13, 20, 9, 10, 2, 11, 11, 9, 16, 15, 18, 12, 16, 18, 5, 15, 4, 9, 16, 15, 6, 9, 9, 18, 19, 3, 9, 12, 16, 6, 6, 18, 5, 15, 12, 11, 7, 13, 16, 20, 4, 13, 15, 1, 15, 1, 1, 17, 20, 15, 12, 13, 5, 16, 17, 18, 18, 13, 4, 16, 15, 12, 12, 10]
bestever    2703    in generation 46
[8, 11, 8, 5, 8, 19, 14, 18, 7, 14, 17, 2, 7, 9, 14, 11, 2, 17, 18, 1, 8, 2, 14, 7, 13, 6, 3, 1, 8, 15, 17, 17, 20, 16, 8, 17, 17, 18, 19, 3, 6, 11, 5, 20, 2, 19, 16, 3, 11, 7, 14, 6, 19, 1, 4, 4, 3, 14, 7, 8, 8, 11, 10, 20, 5, 2, 7, 2, 19, 2, 20, 18, 17, 20, 5, 19, 5, 11, 7, 9, 6, 14, 14, 3, 5, 4, 4, 1, 20, 5, 10, 12, 4, 12, 13, 16, 8, 3, 10, 6, 1, 19, 8, 10, 4, 19, 10, 6, 10, 9, 6, 9, 14, 3, 19, 2, 7, 1, 14, 15, 5, 10, 4, 13, 20, 13, 1, 3, 2, 3, 10, 20, 9, 10, 6, 18, 3, 12, 18, 12, 11, 7, 16, 20, 4, 13, 15, 20, 2, 11, 11, 9, 9, 16, 15, 9, 9, 18, 19, 9, 12, 16, 6, 6, 5, 15, 12, 11, 7, 13, 16, 4, 13, 15, 1, 15, 1, 1, 17, 15, 12, 13, 16, 17, 18, 15, 12, 13, 5, 16, 17, 18, 18, 13, 4, 16, 15, 12, 12, 10]
bestever    2669    in generation 51
[8, 11, 8, 5, 8, 19, 14, 18, 7, 14, 17, 2, 7, 14, 11, 2, 17, 18, 1, 8, 2, 14, 7, 13, 6, 3, 1, 8, 15, 17, 17, 20, 16, 8, 17, 17, 18, 19, 3, 6, 11, 5, 20, 2, 19, 16, 3, 11, 7, 14, 6, 19, 1, 4, 4, 3, 14, 7, 8, 8, 11, 10, 20, 5, 2, 7, 2, 19, 2, 20, 18, 17, 20, 5, 19, 5, 7, 9, 6, 14, 14, 3, 5, 4, 4, 1, 20, 5, 10, 12, 4, 12, 13, 16, 8, 3, 10, 6, 1, 19, 8, 10, 4, 19, 10, 6, 10, 9, 6, 9, 14, 3, 19, 2, 7, 1, 14, 15, 5, 10, 4, 13, 20, 13, 1, 3, 2, 3, 10, 9, 6, 18, 3, 12, 18, 12, 7, 16, 20, 4, 13, 15, 20, 11, 11, 9, 20, 9, 10, 2, 11, 11, 9, 16, 15, 9, 9, 18, 19, 9, 12, 16, 6, 6, 5, 15, 12, 11, 7, 13, 16, 4, 13, 15, 1, 15, 1, 1, 17, 15, 12, 13, 16, 17, 18, 15, 12, 13, 5, 16, 17, 18, 18, 13, 4, 16, 15, 12, 12, 10]
bestever    2657    in generation 54
[2, 11, 8, 5, 8, 19, 14, 18, 7, 14, 17, 8, 7, 9, 14, 11, 2, 17, 18, 1, 8, 2, 14, 7, 13, 6, 3, 1, 8, 15, 17, 17, 20, 16, 8, 17, 17, 18, 19, 3, 6, 11, 5, 20, 2, 19, 16, 3, 11, 7, 14, 6, 19, 1, 4, 4, 3, 14, 7, 8, 8, 11, 10, 20, 5, 2, 7, 2, 19, 2, 20, 18, 17, 20, 5, 19, 5, 11, 7, 9, 6, 14, 14, 3, 5, 4, 4, 1, 20, 5, 10, 12, 4, 12, 13, 16, 20, 3, 10, 6, 1, 19, 8, 10, 4, 19, 10, 6, 10, 9, 6, 9, 14, 3, 19, 2, 7, 1, 14, 15, 5, 10, 4, 13, 20, 13, 1, 3, 2, 3, 10, 8, 9, 10, 6, 18, 3, 12, 18, 12, 11, 7, 16, 20, 4, 13, 15, 20, 2, 11, 11, 9, 9, 16, 15, 9, 9, 18, 19, 9, 12, 16, 6, 6, 5, 15, 12, 11, 7, 13, 16, 4, 13, 15, 1, 15, 1, 1, 17, 15, 12, 13, 16, 17, 18, 15, 12, 13, 5, 16, 17, 18, 18, 13, 4, 16, 15, 12, 12, 10]
bestever    2601    in generation 55
[2, 11, 8, 5, 8, 19, 14, 18, 7, 14, 17, 8, 7, 9, 14, 11, 2, 17, 18, 1, 8, 2, 14, 7, 13, 6, 3, 1, 8, 15, 17, 17, 20, 16, 8, 17, 17, 18, 19, 3, 6, 11, 5, 20, 2, 19, 16, 3, 11, 7, 14, 6, 19, 1, 4, 4, 3, 14, 7, 8, 8, 11, 10, 20, 5, 2, 7, 2, 19, 2, 20, 18, 17, 20, 5, 19, 5, 11, 7, 9, 6, 14, 14, 3, 5, 4, 4, 1, 20, 5, 10, 12, 4, 12, 13, 16, 8, 3, 10, 6, 1, 19, 8, 10, 4, 19, 10, 6, 10, 9, 6, 9, 14, 3, 19, 2, 7, 1, 14, 15, 5, 10, 4, 13, 20, 13, 1, 3, 2, 3, 10, 20, 9, 10, 6, 18, 3, 12, 18, 12, 11, 7, 16, 20, 4, 13, 15, 20, 2, 11, 11, 9, 9, 16, 15, 9, 9, 18, 19, 9, 12, 16, 6, 6, 5, 15, 12, 11, 7, 13, 16, 4, 13, 15, 1, 15, 1, 1, 17, 15, 12, 13, 16, 17, 18, 15, 12, 13, 5, 16, 17, 10, 18, 4, 12, 18, 15, 12, 13, 16]
bestever    2584    in generation 70
[2, 11, 8, 5, 8, 19, 14, 18, 7, 2, 17, 8, 7, 9, 14, 11, 2, 17, 18, 1, 8, 2, 14, 7, 13, 6, 3, 1, 8, 15, 17, 17, 20, 16, 8, 17, 17, 18, 19, 3, 6, 11, 5, 20, 2, 19, 16, 3, 11, 7, 14, 6, 19, 1, 4, 4, 3, 14, 7, 8, 8, 11, 10, 20, 5, 2, 7, 2, 19, 2, 20, 18, 17, 20, 5, 19, 5, 11, 7, 9, 6, 14, 14, 3, 5, 4, 4, 1, 20, 5, 10, 12, 6, 12, 13, 16, 8, 3, 10, 6, 1, 19, 8, 10, 4, 19, 10, 6, 10, 9, 6, 9, 14, 3, 19, 14, 7, 1, 14, 15, 5, 10, 4, 13, 20, 13, 1, 3, 2, 3, 10, 20, 9, 10, 6, 18, 3, 12, 18, 12, 11, 7, 16, 20, 4, 13, 15, 20, 2, 11, 11, 9, 9, 16, 15, 9, 9, 18, 19, 9, 12, 16, 6, 4, 5, 15, 12, 11, 7, 13, 16, 4, 13, 15, 1, 15, 1, 1, 17, 15, 12, 13, 16, 17, 18, 15, 12, 13, 5, 16, 17, 10, 18, 4, 12, 18, 15, 12, 13, 16]
bestever    2580    in generation 85
[2, 11, 8, 5, 8, 19, 14, 18, 7, 2, 17, 8, 7, 9, 14, 11, 2, 17, 18, 1, 8, 2, 14, 7, 13, 6, 3, 1, 8, 15, 17, 17, 20, 16, 8, 17, 17, 18, 19, 3, 6, 11, 5, 20, 2, 19, 16, 3, 11, 7, 14, 6, 19, 1, 4, 4, 3, 14, 7, 8, 8, 11, 10, 20, 15, 2, 7, 2, 19, 2, 20, 18, 17, 20, 5, 19, 5, 11, 7, 9, 6, 14, 14, 3, 5, 4, 4, 1, 20, 5, 10, 12, 6, 12, 13, 16, 8, 3, 10, 6, 1, 19, 8, 10, 4, 19, 10, 6, 10, 9, 6, 9, 14, 3, 19, 14, 7, 1, 14, 15, 5, 10, 4, 13, 20, 13, 1, 3, 2, 3, 10, 20, 9, 10, 6, 18, 3, 12, 18, 12, 11, 7, 16, 20, 4, 13, 15, 20, 2, 11, 11, 9, 9, 16, 15, 9, 9, 18, 19, 9, 12, 16, 6, 4, 5, 15, 12, 11, 7, 13, 16, 4, 13, 5, 1, 15, 1, 1, 17, 15, 12, 13, 16, 17, 18, 15, 12, 13, 5, 16, 17, 10, 18, 4, 12, 18, 15, 12, 13, 16]
bestever    2564    in generation 105
[2, 11, 8, 5, 8, 19, 14, 18, 7, 2, 17, 8, 7, 9, 14, 11, 2, 17, 18, 1, 8, 2, 14, 7, 13, 6, 3, 1, 8, 15, 17, 17, 20, 16, 8, 17, 17, 18, 19, 3, 6, 11, 5, 20, 2, 19, 16, 3, 11, 7, 14, 6, 19, 1, 4, 4, 3, 14, 7, 8, 8, 11, 10, 20, 2, 7, 2, 19, 2, 20, 18, 17, 20, 5, 19, 5, 11, 7, 9, 6, 14, 14, 3, 5, 4, 4, 1, 20, 5, 10, 12, 6, 8, 3, 10, 6, 19, 8, 10, 4, 19, 10, 6, 10, 9, 6, 9, 14, 3, 19, 14, 7, 14, 1, 1, 15, 12, 16, 13, 15, 5, 10, 4, 13, 20, 13, 1, 3, 2, 3, 10, 20, 9, 10, 6, 18, 3, 12, 18, 12, 11, 7, 16, 20, 4, 13, 15, 20, 2, 11, 11, 9, 9, 16, 15, 9, 9, 18, 19, 9, 12, 16, 6, 4, 5, 15, 12, 11, 7, 13, 16, 4, 13, 5, 1, 15, 1, 1, 17, 15, 12, 13, 16, 17, 18, 15, 12, 13, 5, 16, 17, 10, 18, 4, 12, 18, 15, 12, 13, 16]
bestever    2546    in generation 106
[2, 11, 8, 5, 8, 19, 14, 18, 7, 2, 17, 8, 7, 9, 14, 11, 2, 17, 18, 1, 8, 2, 14, 7, 13, 6, 3, 1, 8, 15, 17, 17, 20, 16, 8, 17, 17, 18, 19, 3, 6, 11, 5, 20, 2, 19, 16, 3, 11, 7, 14, 6, 19, 1, 4, 4, 3, 14, 7, 8, 8, 11, 10, 20, 2, 7, 2, 19, 2, 20, 18, 17, 20, 5, 19, 5, 11, 7, 9, 6, 14, 14, 3, 5, 4, 4, 1, 20, 5, 10, 12, 6, 8, 3, 10, 6, 19, 8, 10, 4, 19, 10, 6, 10, 9, 6, 9, 14, 3, 19, 14, 7, 14, 1, 1, 15, 12, 16, 13, 15, 5, 10, 4, 13, 20, 13, 1, 3, 2, 3, 10, 20, 9, 10, 6, 18, 3, 12, 18, 12, 11, 7, 16, 20, 4, 13, 15, 20, 2, 11, 11, 9, 9, 16, 15, 9, 9, 18, 19, 9, 12, 16, 6, 4, 15, 15, 12, 11, 7, 13, 16, 4, 13, 5, 1, 5, 1, 1, 17, 15, 12, 13, 16, 17, 18, 15, 12, 13, 5, 16, 17, 10, 18, 4, 12, 18, 15, 12, 13, 16]
bestever    2509    in generation 111
[2, 11, 8, 5, 8, 19, 14, 18, 7, 2, 17, 8, 7, 9, 14, 11, 2, 17, 18, 1, 8, 2, 14, 7, 13, 6, 3, 1, 8, 15, 17, 17, 20, 16, 8, 17, 17, 19, 3, 6, 11, 5, 20, 2, 19, 16, 3, 11, 7, 14, 6, 19, 1, 4, 4, 3, 14, 7, 8, 8, 11, 10, 20, 2, 7, 2, 19, 2, 20, 17, 20, 5, 19, 5, 11, 7, 9, 6, 14, 14, 3, 5, 4, 4, 1, 20, 5, 10, 12, 6, 8, 3, 10, 6, 19, 8, 10, 4, 19, 10, 6, 10, 9, 6, 9, 14, 3, 19, 14, 7, 14, 1, 1, 15, 12, 16, 13, 15, 10, 4, 13, 20, 13, 3, 2, 3, 10, 20, 9, 6, 3, 12, 18, 11, 7, 16, 20, 4, 15, 20, 2, 11, 11, 9, 9, 9, 9, 18, 19, 9, 6, 4, 11, 7, 16, 13, 5, 1, 5, 1, 15, 1, 1, 17, 15, 12, 13, 16, 18, 15, 12, 13, 5, 16, 10, 18, 4, 12, 18, 15, 12, 13, 16, 17, 18, 15, 12, 13, 5, 16, 17, 10, 18, 4, 12, 18, 15, 12, 13, 16]
bestever    2480    in generation 132
[2, 11, 8, 5, 8, 19, 14, 18, 7, 2, 17, 8, 7, 9, 14, 11, 2, 17, 1, 8, 2, 14, 7, 13, 6, 3, 1, 8, 15, 17, 17, 20, 16, 8, 17, 17, 19, 3, 6, 11, 5, 20, 2, 19, 16, 3, 11, 7, 14, 6, 19, 1, 4, 4, 3, 14, 7, 8, 8, 11, 10, 20, 2, 7, 2, 19, 2, 20, 17, 20, 5, 19, 5, 11, 7, 9, 6, 14, 14, 3, 5, 4, 4, 1, 20, 5, 10, 6, 8, 3, 10, 6, 19, 8, 10, 19, 10, 6, 10, 9, 6, 9, 14, 3, 19, 14, 7, 14, 1, 1, 4, 12, 15, 12, 13, 16, 18, 15, 10, 4, 13, 20, 13, 3, 2, 3, 10, 20, 9, 6, 3, 12, 18, 11, 7, 16, 20, 4, 15, 20, 2, 11, 11, 9, 9, 9, 9, 18, 19, 9, 6, 4, 11, 7, 16, 13, 5, 1, 5, 1, 15, 1, 1, 17, 15, 12, 13, 16, 18, 15, 12, 13, 5, 16, 10, 18, 4, 12, 18, 15, 12, 13, 16, 17, 18, 15, 12, 13, 5, 16, 17, 10, 18, 4, 12, 18, 15, 12, 13, 16]
bestever    2465    in generation 135
[2, 11, 8, 5, 8, 19, 14, 18, 7, 14, 17, 8, 7, 9, 14, 11, 2, 17, 1, 8, 2, 14, 7, 13, 6, 3, 1, 8, 15, 17, 17, 20, 16, 8, 17, 17, 19, 3, 6, 11, 5, 20, 2, 19, 16, 3, 11, 7, 14, 6, 19, 1, 4, 4, 3, 14, 7, 8, 8, 11, 10, 20, 2, 7, 2, 19, 2, 20, 17, 20, 5, 19, 5, 11, 7, 9, 6, 14, 14, 3, 5, 4, 4, 1, 20, 5, 10, 6, 8, 3, 10, 6, 19, 8, 10, 19, 10, 6, 10, 9, 6, 9, 2, 3, 19, 14, 7, 14, 1, 1, 4, 12, 15, 12, 13, 16, 18, 15, 10, 4, 13, 20, 13, 3, 2, 3, 10, 20, 9, 6, 3, 12, 18, 11, 7, 16, 20, 4, 15, 20, 2, 11, 11, 9, 9, 9, 9, 18, 19, 9, 6, 4, 11, 7, 16, 13, 5, 1, 5, 1, 15, 1, 1, 17, 15, 12, 13, 16, 18, 15, 12, 13, 5, 16, 10, 18, 4, 12, 18, 15, 12, 13, 16, 17, 18, 15, 12, 13, 5, 16, 17, 10, 18, 4, 12, 18, 15, 12, 13, 16]
bestever    2449    in generation 157
[11, 8, 5, 8, 19, 14, 7, 14, 17, 8, 7, 9, 14, 11, 2, 17, 1, 8, 2, 14, 7, 6, 3, 1, 8, 17, 17, 20, 16, 8, 17, 17, 19, 3, 6, 11, 5, 20, 2, 19, 3, 11, 7, 14, 6, 19, 1, 4, 4, 3, 14, 7, 8, 8, 11, 10, 20, 2, 7, 2, 19, 2, 20, 17, 20, 5, 19, 5, 11, 7, 9, 6, 14, 14, 3, 5, 4, 4, 1, 20, 5, 10, 6, 8, 3, 10, 6, 19, 8, 10, 19, 10, 6, 10, 9, 6, 9, 2, 3, 19, 14, 7, 14, 1, 1, 15, 13, 16, 18, 12, 4, 12, 15, 12, 13, 16, 18, 15, 10, 4, 13, 20, 13, 3, 2, 3, 10, 20, 9, 6, 3, 12, 18, 11, 7, 16, 20, 4, 15, 20, 2, 11, 11, 9, 9, 9, 9, 18, 19, 9, 6, 4, 11, 7, 16, 13, 5, 1, 5, 1, 15, 1, 1, 17, 15, 12, 13, 16, 18, 15, 12, 13, 5, 16, 10, 18, 4, 12, 18, 15, 12, 13, 16, 17, 18, 15, 12, 13, 5, 16, 17, 10, 18, 4, 12, 18, 15, 13, 16, 2]
bestever    2401    in generation 159
[2, 11, 8, 5, 8, 19, 14, 18, 7, 14, 17, 8, 7, 9, 14, 11, 2, 17, 20, 8, 2, 14, 7, 13, 6, 3, 1, 8, 15, 17, 17, 20, 16, 8, 17, 17, 19, 3, 6, 11, 5, 20, 2, 19, 16, 3, 11, 7, 14, 6, 19, 1, 4, 4, 3, 14, 7, 8, 8, 11, 10, 20, 2, 7, 2, 19, 2, 20, 17, 20, 5, 19, 5, 11, 7, 9, 6, 14, 14, 3, 5, 4, 4, 1, 20, 5, 10, 6, 8, 3, 10, 6, 19, 8, 10, 19, 10, 6, 10, 9, 6, 9, 2, 3, 19, 14, 7, 14, 1, 1, 4, 12, 15, 12, 13, 16, 18, 15, 10, 4, 13, 20, 13, 3, 2, 3, 10, 1, 9, 6, 3, 12, 18, 11, 7, 16, 20, 4, 15, 20, 2, 11, 11, 9, 9, 9, 9, 18, 19, 9, 6, 4, 11, 7, 16, 13, 5, 1, 5, 1, 15, 1, 1, 17, 15, 12, 13, 16, 18, 15, 12, 13, 5, 16, 10, 18, 4, 12, 18, 15, 12, 13, 16, 17, 18, 15, 12, 13, 5, 16, 17, 10, 18, 4, 12, 18, 15, 12, 13, 16]
bestever    2376    in generation 166
[2, 11, 8, 5, 8, 19, 14, 18, 7, 14, 17, 8, 7, 9, 14, 11, 2, 17, 2, 8, 2, 14, 7, 13, 6, 3, 1, 8, 15, 17, 17, 20, 16, 8, 17, 17, 19, 3, 6, 11, 5, 20, 2, 19, 16, 3, 11, 7, 14, 20, 19, 1, 4, 4, 3, 14, 7, 8, 8, 11, 10, 20, 2, 7, 2, 19, 2, 20, 17, 20, 5, 19, 5, 11, 7, 9, 6, 14, 14, 3, 5, 4, 4, 1, 20, 5, 10, 6, 8, 3, 10, 6, 19, 8, 10, 19, 10, 6, 10, 9, 6, 9, 1, 3, 19, 14, 7, 14, 1, 1, 4, 12, 15, 12, 13, 16, 18, 15, 10, 4, 13, 20, 13, 3, 2, 3, 10, 20, 9, 6, 3, 12, 18, 11, 7, 16, 6, 4, 15, 20, 2, 11, 11, 9, 9, 9, 9, 18, 19, 9, 6, 4, 11, 7, 16, 13, 5, 1, 5, 1, 15, 1, 1, 17, 15, 12, 13, 16, 18, 15, 12, 5, 10, 18, 4, 13, 16, 12, 18, 15, 12, 13, 16, 17, 18, 15, 12, 13, 5, 16, 17, 10, 18, 4, 12, 18, 15, 12, 13, 16]
bestever    2355    in generation 171
[2, 11, 8, 5, 8, 19, 14, 18, 7, 14, 17, 8, 7, 9, 14, 11, 2, 17, 2, 8, 2, 14, 7, 13, 6, 3, 1, 8, 15, 17, 17, 20, 16, 8, 17, 17, 19, 3, 6, 11, 5, 20, 2, 19, 16, 3, 5, 7, 14, 20, 19, 1, 4, 4, 3, 14, 7, 8, 8, 11, 10, 20, 2, 7, 2, 19, 2, 20, 17, 20, 5, 19, 5, 11, 7, 9, 6, 14, 14, 3, 5, 4, 9, 1, 20, 11, 10, 6, 8, 3, 10, 6, 19, 8, 10, 19, 10, 6, 10, 9, 6, 9, 1, 3, 19, 14, 7, 14, 1, 1, 4, 12, 15, 12, 13, 16, 18, 15, 10, 4, 13, 20, 13, 3, 2, 3, 10, 20, 9, 6, 3, 12, 18, 11, 7, 16, 6, 4, 15, 20, 2, 11, 11, 9, 9, 4, 9, 18, 19, 9, 6, 4, 11, 7, 16, 13, 5, 1, 5, 1, 15, 1, 1, 17, 15, 12, 13, 16, 18, 15, 12, 5, 10, 18, 4, 13, 16, 12, 18, 15, 12, 13, 16, 17, 18, 15, 12, 13, 5, 16, 17, 10, 18, 4, 12, 18, 15, 12, 13, 16]
bestever    2302    in generation 176
[2, 11, 8, 5, 8, 19, 14, 18, 7, 14, 17, 8, 7, 9, 14, 11, 2, 17, 2, 20, 2, 14, 7, 13, 6, 3, 1, 8, 15, 17, 17, 20, 16, 8, 17, 17, 19, 3, 6, 11, 5, 20, 2, 19, 16, 3, 5, 7, 14, 8, 19, 1, 4, 4, 3, 14, 7, 8, 8, 11, 10, 20, 2, 7, 2, 19, 2, 20, 17, 20, 5, 19, 5, 11, 7, 9, 6, 14, 14, 3, 5, 4, 9, 1, 20, 11, 10, 6, 8, 3, 10, 6, 19, 8, 10, 19, 10, 6, 10, 9, 6, 9, 1, 3, 19, 14, 7, 14, 1, 1, 4, 12, 15, 12, 13, 16, 18, 15, 10, 4, 13, 20, 13, 3, 2, 3, 10, 20, 9, 6, 3, 12, 18, 11, 7, 16, 6, 4, 15, 20, 2, 11, 11, 9, 9, 4, 9, 18, 19, 9, 6, 4, 11, 7, 16, 13, 5, 1, 5, 1, 15, 1, 1, 17, 15, 12, 13, 16, 18, 15, 12, 5, 10, 18, 4, 13, 16, 12, 18, 15, 12, 13, 16, 17, 18, 15, 12, 13, 5, 16, 17, 10, 18, 4, 12, 18, 15, 12, 13, 16]
bestever    2248    in generation 178
[2, 11, 8, 5, 8, 19, 14, 18, 7, 14, 17, 8, 7, 9, 14, 11, 2, 17, 2, 8, 2, 14, 7, 13, 6, 3, 1, 8, 15, 17, 17, 20, 5, 8, 17, 17, 19, 3, 6, 11, 5, 20, 2, 19, 16, 3, 5, 7, 14, 20, 19, 1, 4, 4, 3, 14, 7, 8, 8, 11, 10, 20, 2, 7, 2, 19, 2, 20, 17, 20, 5, 19, 16, 11, 7, 9, 6, 14, 14, 3, 5, 4, 9, 1, 20, 11, 10, 6, 8, 3, 10, 6, 19, 8, 10, 19, 10, 6, 10, 9, 6, 9, 1, 3, 19, 14, 7, 14, 1, 1, 4, 12, 15, 12, 13, 16, 18, 15, 10, 4, 13, 20, 13, 3, 2, 3, 10, 20, 9, 6, 3, 12, 18, 11, 7, 16, 6, 4, 15, 20, 2, 11, 11, 9, 9, 4, 9, 18, 19, 9, 6, 4, 11, 7, 16, 13, 5, 1, 5, 1, 15, 1, 1, 17, 15, 12, 13, 16, 18, 15, 12, 5, 10, 18, 4, 13, 16, 12, 18, 15, 12, 13, 16, 17, 18, 15, 12, 13, 5, 16, 17, 10, 18, 4, 12, 18, 15, 12, 13, 16]
bestever    2241    in generation 185
[2, 11, 8, 5, 8, 19, 14, 18, 7, 14, 17, 19, 7, 9, 14, 11, 2, 17, 2, 8, 2, 14, 7, 13, 6, 3, 1, 8, 15, 17, 17, 20, 5, 8, 17, 17, 8, 3, 6, 11, 5, 20, 2, 19, 16, 3, 5, 7, 14, 20, 19, 1, 4, 4, 3, 14, 7, 8, 8, 11, 10, 20, 2, 7, 2, 19, 2, 20, 17, 20, 5, 19, 16, 11, 7, 9, 6, 14, 14, 3, 5, 4, 9, 1, 20, 11, 10, 6, 8, 3, 10, 6, 19, 8, 10, 19, 10, 6, 10, 9, 6, 9, 1, 3, 19, 14, 7, 14, 1, 1, 4, 12, 15, 12, 13, 16, 18, 15, 10, 4, 13, 20, 13, 3, 2, 3, 10, 20, 9, 6, 3, 12, 18, 11, 7, 16, 6, 4, 15, 20, 2, 11, 11, 9, 9, 4, 9, 18, 19, 9, 6, 4, 11, 7, 16, 13, 5, 1, 5, 1, 15, 1, 1, 17, 15, 12, 13, 16, 18, 15, 12, 5, 10, 18, 4, 13, 16, 12, 18, 15, 12, 13, 16, 17, 18, 15, 12, 13, 5, 16, 17, 10, 18, 4, 12, 18, 15, 12, 13, 16]
bestever    2236    in generation 197
[2, 11, 8, 5, 8, 19, 14, 18, 7, 14, 17, 19, 7, 9, 14, 11, 2, 17, 2, 8, 2, 14, 7, 6, 3, 1, 8, 15, 17, 17, 20, 5, 8, 17, 17, 8, 3, 6, 11, 5, 20, 2, 19, 16, 3, 5, 7, 14, 20, 19, 1, 4, 4, 3, 14, 7, 8, 8, 11, 10, 20, 2, 7, 2, 19, 2, 20, 17, 20, 5, 19, 11, 7, 9, 6, 14, 14, 3, 5, 4, 13, 16, 9, 1, 20, 11, 10, 6, 8, 3, 10, 6, 19, 8, 10, 19, 10, 6, 10, 9, 6, 9, 1, 3, 19, 14, 7, 14, 1, 1, 4, 12, 15, 12, 13, 16, 18, 15, 10, 4, 13, 20, 13, 3, 2, 3, 10, 20, 9, 6, 3, 12, 18, 11, 7, 16, 6, 4, 15, 20, 2, 11, 11, 9, 9, 4, 9, 18, 19, 9, 6, 4, 11, 7, 16, 13, 5, 1, 5, 1, 15, 1, 1, 17, 15, 12, 13, 16, 18, 15, 12, 5, 10, 18, 4, 13, 16, 12, 18, 15, 12, 13, 16, 17, 18, 15, 12, 13, 5, 16, 17, 10, 18, 4, 12, 18, 15, 12, 13, 16]
bestever    2233    in generation 200
[2, 11, 8, 5, 8, 19, 14, 18, 7, 14, 17, 19, 7, 9, 14, 11, 2, 17, 2, 8, 2, 14, 7, 6, 3, 1, 8, 15, 17, 17, 20, 5, 8, 17, 17, 8, 3, 6, 11, 5, 20, 2, 19, 16, 3, 5, 7, 14, 20, 19, 1, 4, 4, 16, 14, 7, 8, 8, 11, 10, 20, 2, 7, 2, 19, 2, 20, 17, 20, 5, 19, 11, 7, 9, 6, 14, 14, 3, 5, 4, 13, 3, 9, 1, 20, 11, 10, 6, 8, 3, 10, 6, 19, 8, 10, 19, 10, 6, 10, 9, 6, 9, 1, 3, 19, 14, 7, 14, 1, 1, 4, 12, 15, 12, 13, 16, 18, 15, 10, 4, 13, 20, 13, 3, 2, 3, 10, 20, 9, 6, 3, 12, 18, 11, 7, 16, 6, 4, 15, 20, 2, 11, 11, 9, 9, 4, 9, 18, 19, 9, 6, 4, 11, 7, 16, 13, 5, 1, 5, 1, 15, 1, 1, 17, 15, 12, 13, 16, 18, 15, 12, 5, 10, 18, 4, 13, 16, 12, 18, 15, 12, 13, 16, 17, 18, 15, 12, 13, 5, 16, 17, 10, 18, 4, 12, 18, 15, 12, 13, 16]
bestever    2202    in generation 202
[2, 11, 8, 5, 8, 19, 14, 18, 7, 14, 17, 19, 7, 14, 11, 2, 17, 2, 8, 2, 14, 7, 6, 3, 1, 8, 15, 17, 17, 20, 5, 8, 17, 17, 8, 3, 6, 11, 5, 20, 2, 19, 16, 3, 5, 7, 14, 20, 19, 1, 4, 4, 3, 14, 7, 8, 8, 11, 10, 20, 2, 7, 2, 19, 2, 20, 17, 20, 5, 19, 11, 7, 9, 6, 14, 14, 3, 5, 4, 13, 16, 9, 1, 20, 11, 10, 6, 8, 3, 10, 19, 8, 10, 19, 10, 6, 10, 9, 6, 9, 1, 3, 19, 14, 7, 14, 1, 1, 4, 12, 15, 12, 13, 16, 18, 15, 10, 4, 9, 6, 13, 20, 13, 3, 2, 3, 10, 20, 9, 6, 3, 12, 18, 11, 7, 16, 6, 4, 15, 20, 2, 11, 11, 9, 9, 4, 9, 18, 19, 9, 6, 4, 11, 7, 16, 13, 5, 1, 5, 1, 15, 1, 1, 17, 15, 12, 13, 16, 18, 15, 12, 5, 10, 18, 4, 13, 16, 12, 18, 15, 12, 13, 16, 17, 18, 15, 12, 13, 5, 16, 17, 10, 18, 4, 12, 18, 15, 12, 13, 16]
bestever    2200    in generation 243
[2, 11, 8, 5, 8, 19, 14, 18, 7, 14, 17, 19, 7, 14, 11, 2, 17, 2, 8, 2, 14, 7, 6, 3, 1, 8, 15, 17, 17, 20, 5, 8, 17, 17, 8, 3, 6, 11, 5, 20, 2, 19, 16, 3, 5, 7, 14, 20, 19, 1, 4, 4, 3, 14, 7, 8, 8, 11, 10, 20, 2, 7, 2, 19, 2, 20, 17, 20, 5, 19, 11, 7, 9, 6, 14, 14, 3, 5, 4, 13, 16, 9, 1, 20, 11, 10, 6, 8, 3, 10, 19, 8, 10, 19, 10, 6, 10, 9, 6, 9, 1, 3, 19, 14, 7, 14, 1, 1, 4, 12, 15, 12, 13, 18, 15, 10, 4, 9, 6, 13, 20, 3, 2, 3, 13, 16, 10, 20, 9, 6, 3, 12, 18, 11, 7, 16, 6, 4, 15, 20, 2, 11, 11, 9, 9, 4, 9, 18, 19, 9, 6, 4, 11, 7, 16, 13, 5, 1, 5, 1, 15, 1, 1, 17, 15, 12, 13, 16, 18, 15, 12, 5, 10, 18, 4, 13, 16, 12, 18, 15, 12, 13, 16, 17, 18, 15, 12, 13, 5, 16, 17, 10, 18, 4, 12, 18, 15, 12, 13, 16]
bestever    2195    in generation 245
[2, 11, 8, 5, 8, 19, 14, 7, 14, 17, 19, 7, 14, 11, 2, 17, 2, 8, 2, 14, 7, 6, 3, 1, 8, 15, 17, 17, 20, 5, 8, 17, 17, 8, 3, 6, 11, 5, 20, 2, 19, 16, 3, 5, 7, 14, 20, 19, 1, 4, 4, 3, 14, 7, 8, 8, 11, 10, 20, 2, 7, 2, 19, 2, 20, 20, 5, 19, 11, 7, 9, 6, 14, 14, 3, 5, 4, 13, 16, 9, 1, 20, 11, 10, 6, 8, 3, 10, 19, 8, 10, 19, 10, 6, 10, 9, 6, 9, 1, 3, 19, 14, 7, 14, 1, 1, 15, 10, 4, 18, 12, 17, 18, 15, 12, 13, 16, 4, 9, 6, 13, 20, 13, 3, 2, 3, 10, 20, 9, 6, 3, 12, 18, 11, 7, 16, 6, 4, 15, 20, 2, 11, 11, 9, 9, 4, 9, 18, 19, 9, 6, 4, 11, 7, 16, 13, 5, 1, 5, 1, 15, 1, 1, 17, 15, 12, 13, 16, 18, 15, 12, 5, 10, 18, 4, 13, 16, 12, 18, 15, 12, 13, 16, 17, 18, 15, 12, 13, 5, 16, 17, 10, 18, 4, 12, 18, 15, 12, 13, 16]
bestever    2189    in generation 250
[2, 11, 8, 5, 8, 19, 14, 7, 14, 17, 19, 7, 14, 11, 2, 17, 2, 8, 2, 14, 7, 6, 3, 1, 8, 15, 17, 17, 20, 5, 8, 17, 17, 8, 3, 6, 11, 5, 20, 2, 19, 16, 3, 5, 7, 14, 20, 19, 1, 4, 4, 3, 14, 7, 8, 8, 11, 10, 20, 2, 7, 2, 19, 2, 20, 20, 13, 19, 11, 7, 9, 6, 14, 14, 3, 5, 4, 13, 9, 1, 20, 11, 10, 6, 8, 3, 10, 19, 8, 10, 19, 10, 6, 10, 9, 6, 9, 1, 3, 19, 14, 7, 14, 1, 1, 4, 15, 10, 4, 16, 18, 12, 16, 17, 18, 15, 12, 13, 9, 6, 13, 20, 13, 3, 2, 3, 10, 20, 9, 6, 3, 12, 18, 11, 7, 16, 6, 4, 15, 20, 2, 11, 11, 9, 9, 4, 9, 18, 19, 9, 6, 4, 11, 7, 16, 13, 5, 1, 5, 1, 15, 1, 1, 17, 15, 12, 5, 16, 18, 15, 12, 5, 10, 18, 4, 13, 16, 12, 18, 15, 12, 13, 16, 17, 18, 15, 12, 13, 5, 16, 17, 10, 18, 4, 12, 18, 15, 12, 13, 16]
bestever    2176    in generation 254
[2, 11, 8, 5, 8, 19, 14, 7, 14, 17, 19, 7, 14, 11, 2, 17, 2, 8, 2, 14, 7, 6, 3, 1, 8, 15, 17, 17, 20, 5, 8, 17, 17, 8, 3, 6, 11, 5, 20, 2, 19, 16, 3, 5, 7, 14, 20, 19, 1, 4, 4, 3, 14, 7, 8, 8, 11, 10, 20, 2, 7, 2, 19, 2, 20, 20, 13, 19, 11, 7, 9, 6, 14, 14, 3, 5, 4, 13, 9, 1, 20, 11, 10, 6, 8, 3, 10, 19, 8, 10, 19, 10, 6, 10, 9, 6, 9, 1, 3, 19, 14, 7, 14, 1, 1, 4, 15, 10, 4, 16, 18, 12, 16, 17, 18, 15, 13, 9, 6, 13, 20, 3, 2, 3, 10, 20, 9, 6, 3, 18, 11, 7, 16, 6, 4, 15, 20, 2, 11, 11, 9, 9, 4, 9, 19, 9, 6, 4, 11, 7, 5, 1, 5, 1, 5, 12, 15, 12, 13, 16, 18, 1, 1, 17, 15, 12, 13, 16, 18, 15, 12, 5, 10, 18, 4, 13, 16, 12, 18, 15, 12, 13, 16, 17, 18, 15, 12, 13, 5, 16, 17, 10, 18, 4, 12, 18, 15, 12, 13, 16]
bestever    2163    in generation 259
[2, 11, 8, 5, 8, 19, 14, 7, 14, 17, 19, 7, 14, 11, 2, 17, 2, 8, 2, 14, 7, 6, 3, 1, 8, 15, 17, 17, 20, 5, 8, 17, 17, 8, 3, 6, 11, 5, 20, 2, 19, 3, 5, 7, 14, 20, 19, 1, 4, 4, 3, 14, 7, 8, 8, 11, 10, 20, 2, 7, 2, 19, 20, 20, 13, 19, 11, 7, 9, 6, 14, 14, 3, 4, 9, 1, 20, 11, 10, 6, 8, 3, 10, 19, 8, 10, 19, 10, 6, 10, 9, 6, 9, 1, 3, 19, 14, 7, 14, 1, 1, 4, 15, 10, 4, 2, 16, 16, 18, 15, 13, 9, 6, 20, 3, 2, 3, 20, 9, 6, 3, 11, 7, 6, 4, 20, 2, 11, 11, 9, 9, 9, 19, 9, 5, 10, 4, 16, 18, 12, 16, 17, 18, 15, 12, 13, 6, 4, 11, 7, 5, 1, 5, 1, 5, 12, 15, 12, 13, 16, 18, 1, 1, 17, 15, 12, 13, 16, 18, 15, 12, 5, 10, 18, 4, 13, 16, 12, 18, 15, 12, 13, 16, 17, 18, 15, 12, 13, 5, 16, 17, 10, 18, 4, 12, 18, 15, 13, 13, 16]
bestever    2145    in generation 260
[2, 11, 8, 5, 8, 19, 14, 7, 14, 17, 19, 7, 14, 11, 2, 17, 2, 8, 2, 14, 7, 6, 3, 1, 8, 15, 17, 17, 20, 5, 8, 17, 17, 8, 3, 6, 11, 5, 20, 2, 19, 3, 5, 7, 14, 20, 19, 1, 4, 4, 3, 14, 7, 8, 8, 11, 10, 20, 2, 7, 2, 19, 20, 20, 13, 19, 11, 7, 9, 6, 14, 14, 3, 4, 9, 1, 20, 11, 10, 6, 8, 3, 10, 19, 8, 10, 19, 10, 6, 10, 9, 6, 9, 1, 3, 19, 14, 7, 14, 1, 1, 2, 5, 16, 13, 4, 15, 10, 4, 16, 18, 12, 16, 17, 18, 15, 13, 9, 6, 13, 20, 3, 2, 3, 10, 20, 9, 6, 3, 18, 11, 7, 16, 6, 4, 15, 20, 2, 11, 11, 9, 9, 4, 9, 19, 9, 6, 4, 11, 7, 5, 1, 5, 1, 5, 12, 15, 12, 13, 16, 18, 1, 1, 17, 15, 12, 13, 16, 18, 15, 12, 5, 10, 18, 4, 13, 16, 12, 18, 15, 12, 13, 16, 17, 18, 15, 12, 13, 5, 16, 17, 10, 18, 4, 12, 18, 15, 12, 13, 16]
bestever    2141    in generation 284
[2, 11, 8, 5, 8, 19, 14, 7, 14, 17, 19, 7, 14, 11, 2, 17, 2, 8, 2, 14, 7, 6, 3, 1, 8, 15, 17, 17, 20, 5, 8, 17, 17, 8, 3, 6, 11, 5, 20, 2, 19, 3, 5, 7, 14, 20, 19, 1, 4, 4, 3, 14, 7, 8, 8, 11, 10, 20, 2, 7, 2, 19, 20, 20, 13, 19, 11, 7, 9, 6, 14, 14, 3, 4, 9, 1, 20, 10, 6, 8, 3, 10, 19, 8, 10, 19, 10, 6, 10, 9, 6, 9, 1, 3, 19, 14, 7, 14, 1, 1, 16, 13, 4, 10, 16, 18, 12, 16, 17, 18, 2, 11, 4, 15, 5, 15, 13, 9, 6, 13, 20, 3, 2, 3, 10, 20, 9, 6, 3, 18, 11, 7, 16, 6, 4, 15, 20, 2, 11, 11, 9, 9, 4, 9, 19, 9, 6, 4, 11, 7, 5, 1, 5, 1, 5, 12, 15, 12, 13, 16, 18, 1, 1, 17, 15, 12, 13, 16, 18, 15, 12, 5, 10, 18, 4, 13, 16, 12, 18, 15, 12, 13, 16, 17, 18, 15, 12, 13, 5, 16, 17, 10, 18, 4, 12, 18, 15, 12, 13, 16]
bestever    2137    in generation 307
[2, 11, 8, 5, 8, 19, 14, 7, 14, 17, 19, 7, 14, 11, 2, 17, 2, 8, 2, 14, 7, 6, 3, 1, 8, 15, 17, 17, 20, 5, 8, 17, 17, 8, 3, 6, 11, 5, 20, 2, 19, 3, 5, 7, 14, 20, 19, 1, 4, 4, 3, 14, 7, 8, 8, 11, 10, 20, 2, 7, 2, 19, 20, 20, 13, 19, 11, 7, 9, 6, 14, 14, 3, 4, 9, 1, 20, 10, 6, 8, 3, 10, 19, 8, 10, 19, 10, 6, 10, 9, 6, 9, 1, 3, 19, 14, 7, 14, 1, 1, 16, 13, 4, 10, 16, 18, 12, 16, 17, 18, 2, 11, 4, 15, 5, 15, 13, 9, 6, 13, 20, 3, 2, 3, 10, 20, 9, 6, 3, 18, 11, 7, 16, 6, 4, 15, 20, 2, 11, 11, 9, 9, 4, 9, 19, 9, 6, 4, 11, 7, 5, 1, 5, 1, 5, 12, 15, 12, 13, 16, 18, 1, 1, 17, 15, 12, 13, 16, 18, 15, 12, 5, 10, 18, 4, 13, 16, 12, 18, 15, 12, 13, 16, 17, 18, 15, 12, 13, 5, 10, 4, 16, 18, 12, 16, 17, 18, 15, 12, 13]
bestever    2133    in generation 308
[2, 11, 8, 5, 8, 19, 14, 7, 14, 17, 19, 7, 14, 11, 2, 17, 2, 8, 2, 14, 7, 6, 3, 1, 8, 15, 17, 17, 20, 5, 8, 17, 17, 8, 3, 6, 11, 5, 20, 2, 19, 3, 7, 14, 20, 19, 1, 4, 4, 3, 14, 7, 8, 8, 11, 10, 20, 2, 7, 2, 19, 20, 20, 13, 19, 11, 7, 9, 6, 14, 14, 3, 4, 9, 1, 20, 10, 6, 8, 3, 10, 19, 8, 10, 19, 10, 6, 10, 9, 6, 9, 3, 19, 14, 7, 14, 1, 1, 16, 13, 4, 10, 16, 18, 12, 16, 17, 18, 2, 11, 4, 15, 5, 15, 13, 9, 6, 13, 20, 3, 2, 3, 10, 20, 9, 6, 3, 18, 11, 7, 16, 6, 4, 15, 20, 2, 11, 11, 9, 9, 4, 9, 19, 9, 6, 4, 11, 7, 5, 1, 5, 1, 5, 1, 5, 12, 15, 12, 13, 16, 18, 1, 1, 17, 15, 12, 13, 16, 18, 15, 12, 5, 10, 18, 4, 13, 16, 12, 18, 15, 12, 13, 16, 17, 18, 15, 12, 13, 5, 16, 17, 10, 18, 4, 12, 18, 15, 12, 13, 16]
bestever    2125    in generation 346
[2, 11, 8, 5, 8, 19, 14, 7, 14, 17, 19, 7, 14, 11, 2, 17, 2, 8, 2, 14, 7, 6, 3, 1, 8, 15, 17, 17, 20, 5, 8, 17, 17, 8, 3, 6, 11, 5, 20, 2, 19, 3, 7, 14, 20, 19, 1, 4, 4, 3, 14, 7, 8, 8, 11, 10, 10, 2, 7, 2, 19, 20, 20, 13, 19, 11, 7, 9, 6, 14, 14, 3, 4, 9, 1, 20, 10, 6, 8, 3, 10, 19, 8, 10, 19, 20, 6, 10, 9, 6, 9, 3, 19, 14, 7, 14, 1, 1, 16, 13, 4, 10, 16, 18, 12, 16, 17, 18, 2, 11, 4, 15, 5, 15, 13, 9, 6, 13, 20, 3, 2, 3, 10, 20, 9, 6, 3, 18, 11, 7, 16, 6, 4, 15, 20, 2, 11, 11, 9, 9, 4, 9, 19, 9, 6, 4, 11, 7, 5, 1, 5, 1, 5, 1, 5, 12, 15, 12, 13, 16, 18, 1, 1, 15, 12, 13, 16, 18, 15, 12, 5, 10, 4, 13, 16, 18, 12, 17, 18, 15, 12, 13, 16, 17, 18, 15, 12, 13, 5, 16, 17, 10, 18, 4, 12, 18, 15, 12, 13, 16]
bestever    2117    in generation 354
[2, 11, 8, 5, 8, 19, 14, 7, 14, 17, 19, 7, 14, 11, 2, 17, 2, 8, 2, 14, 7, 6, 3, 1, 8, 15, 17, 17, 20, 5, 8, 17, 17, 8, 3, 6, 11, 5, 20, 2, 19, 3, 7, 14, 20, 19, 1, 4, 4, 3, 14, 7, 8, 8, 11, 10, 10, 2, 7, 2, 19, 20, 20, 13, 19, 11, 7, 9, 6, 14, 14, 3, 4, 9, 1, 20, 10, 6, 8, 3, 10, 19, 8, 10, 19, 20, 6, 10, 9, 6, 9, 3, 19, 14, 7, 14, 1, 1, 16, 13, 4, 10, 16, 18, 12, 16, 18, 2, 11, 4, 15, 5, 15, 13, 9, 6, 13, 20, 3, 2, 3, 10, 20, 9, 6, 3, 18, 11, 7, 16, 6, 4, 15, 20, 2, 11, 11, 9, 9, 4, 9, 19, 9, 6, 4, 11, 7, 5, 1, 5, 1, 5, 1, 5, 12, 15, 12, 13, 1, 1, 15, 13, 5, 10, 4, 16, 18, 12, 16, 17, 18, 15, 12, 13, 16, 18, 12, 17, 18, 15, 12, 13, 16, 17, 18, 15, 12, 13, 5, 16, 17, 10, 18, 4, 12, 18, 15, 12, 13, 16]
bestever    2107    in generation 361
[2, 11, 8, 5, 8, 19, 14, 7, 14, 17, 19, 7, 14, 11, 2, 17, 2, 8, 2, 14, 7, 6, 3, 1, 8, 15, 17, 17, 20, 5, 8, 19, 17, 8, 3, 6, 11, 5, 20, 2, 19, 3, 7, 14, 20, 19, 1, 4, 4, 3, 14, 7, 8, 8, 11, 10, 10, 2, 7, 2, 19, 20, 20, 13, 17, 11, 7, 9, 6, 14, 14, 3, 4, 9, 1, 20, 10, 6, 8, 3, 10, 19, 8, 10, 19, 20, 6, 10, 9, 6, 9, 3, 19, 14, 7, 14, 1, 1, 16, 13, 4, 10, 16, 18, 12, 16, 18, 2, 11, 4, 15, 5, 15, 13, 9, 6, 13, 20, 3, 2, 3, 10, 20, 9, 6, 3, 18, 11, 7, 16, 6, 4, 15, 20, 2, 11, 11, 9, 9, 4, 9, 19, 9, 6, 4, 11, 7, 5, 1, 5, 1, 5, 1, 5, 12, 15, 12, 13, 1, 1, 15, 13, 5, 10, 4, 16, 18, 12, 16, 17, 18, 15, 12, 13, 16, 18, 12, 17, 18, 15, 12, 13, 16, 17, 18, 15, 12, 13, 5, 16, 17, 10, 18, 4, 12, 18, 15, 12, 13, 16]
bestever    2098    in generation 377
[2, 11, 8, 5, 8, 19, 14, 7, 14, 17, 19, 7, 14, 11, 2, 17, 2, 8, 2, 14, 7, 6, 3, 1, 8, 15, 17, 17, 20, 5, 8, 19, 8, 3, 6, 11, 5, 20, 2, 19, 3, 7, 14, 20, 19, 1, 4, 4, 3, 14, 7, 8, 8, 11, 10, 10, 2, 7, 2, 19, 20, 20, 13, 11, 7, 9, 6, 14, 14, 3, 4, 9, 1, 20, 10, 6, 8, 3, 10, 19, 8, 10, 19, 20, 6, 10, 9, 6, 9, 3, 19, 14, 7, 14, 1, 1, 16, 13, 4, 10, 16, 16, 2, 11, 4, 15, 5, 9, 6, 20, 3, 2, 3, 10, 20, 9, 6, 3, 11, 7, 6, 4, 20, 2, 11, 11, 9, 9, 4, 9, 19, 9, 6, 4, 11, 7, 5, 1, 5, 1, 5, 1, 15, 12, 13, 1, 1, 15, 13, 5, 10, 4, 16, 18, 12, 16, 17, 18, 15, 12, 13, 16, 18, 12, 17, 18, 15, 13, 5, 17, 18, 15, 12, 13, 16, 18, 12, 17, 18, 15, 12, 13, 16, 17, 18, 15, 12, 13, 5, 16, 17, 10, 18, 4, 12, 18, 15, 12, 13, 16]
bestever    2095    in generation 384
[2, 11, 8, 5, 8, 19, 14, 7, 14, 17, 19, 7, 14, 11, 2, 17, 2, 8, 2, 14, 7, 6, 3, 1, 8, 15, 17, 17, 20, 5, 8, 19, 8, 3, 6, 11, 5, 20, 2, 19, 3, 7, 14, 20, 19, 1, 4, 4, 3, 14, 7, 8, 8, 11, 10, 10, 2, 7, 2, 19, 20, 20, 13, 11, 7, 9, 6, 14, 14, 3, 4, 9, 1, 20, 10, 6, 8, 3, 10, 19, 8, 10, 19, 20, 6, 10, 9, 6, 9, 3, 19, 14, 7, 14, 1, 1, 16, 13, 10, 16, 16, 2, 11, 4, 15, 5, 9, 6, 20, 3, 2, 3, 10, 20, 9, 6, 3, 7, 6, 4, 20, 11, 4, 2, 11, 11, 9, 9, 4, 9, 19, 9, 6, 4, 11, 7, 5, 1, 5, 1, 5, 1, 15, 12, 13, 1, 1, 15, 13, 5, 10, 4, 16, 18, 12, 16, 17, 18, 15, 12, 13, 16, 18, 12, 17, 18, 15, 13, 5, 17, 18, 15, 12, 13, 16, 18, 12, 17, 18, 15, 12, 13, 16, 17, 18, 15, 12, 13, 5, 16, 17, 10, 18, 4, 12, 18, 15, 12, 13, 16]
bestever    2093    in generation 417
[2, 11, 19, 5, 8, 19, 14, 7, 14, 17, 8, 7, 14, 11, 2, 17, 2, 8, 2, 14, 7, 6, 3, 1, 8, 15, 17, 17, 20, 5, 8, 19, 8, 3, 6, 11, 5, 20, 2, 19, 3, 7, 14, 20, 19, 1, 4, 4, 3, 14, 7, 8, 8, 11, 10, 10, 2, 7, 2, 19, 20, 20, 13, 11, 7, 9, 6, 14, 14, 3, 4, 9, 1, 20, 10, 6, 8, 3, 10, 19, 8, 10, 19, 20, 6, 10, 9, 6, 9, 3, 19, 14, 7, 14, 1, 1, 16, 13, 10, 16, 16, 2, 11, 4, 15, 5, 9, 6, 20, 3, 2, 3, 10, 20, 9, 6, 3, 7, 6, 4, 20, 11, 4, 2, 11, 11, 9, 9, 4, 9, 19, 9, 6, 4, 11, 7, 5, 1, 5, 1, 5, 1, 15, 12, 13, 1, 1, 15, 13, 5, 10, 4, 16, 18, 12, 17, 18, 15, 18, 17, 15, 5, 12, 13, 16, 12, 18, 12, 13, 16, 17, 18, 15, 13, 16, 18, 12, 17, 18, 15, 12, 13, 16, 17, 18, 15, 12, 13, 5, 16, 17, 10, 18, 4, 12, 18, 15, 12, 13, 16]
bestever    2076    in generation 458
[11, 19, 5, 8, 19, 14, 7, 14, 17, 8, 7, 14, 11, 2, 17, 2, 8, 2, 14, 7, 6, 3, 1, 8, 15, 20, 5, 8, 19, 8, 3, 6, 11, 5, 20, 2, 19, 3, 7, 14, 20, 19, 1, 4, 4, 3, 14, 7, 8, 8, 11, 10, 10, 2, 7, 2, 19, 20, 20, 13, 11, 7, 9, 6, 14, 14, 3, 4, 9, 1, 20, 10, 6, 8, 3, 10, 19, 8, 10, 19, 20, 6, 10, 9, 6, 9, 3, 19, 14, 7, 14, 1, 1, 10, 2, 11, 4, 15, 5, 9, 6, 20, 3, 2, 3, 20, 2, 10, 13, 16, 16, 17, 16, 17, 9, 6, 3, 7, 6, 4, 20, 11, 4, 2, 11, 11, 9, 9, 4, 9, 19, 9, 6, 4, 11, 7, 5, 1, 5, 1, 5, 1, 15, 12, 13, 1, 1, 15, 13, 5, 10, 4, 16, 18, 12, 17, 18, 15, 18, 17, 15, 5, 12, 13, 16, 12, 18, 12, 13, 16, 17, 18, 15, 13, 16, 18, 12, 17, 18, 15, 12, 13, 16, 17, 18, 15, 12, 13, 5, 16, 17, 10, 18, 4, 12, 18, 15, 12, 13, 16]
bestever    2058    in generation 515
[11, 19, 5, 8, 19, 14, 7, 14, 17, 8, 7, 14, 11, 2, 17, 2, 8, 2, 14, 7, 6, 3, 1, 8, 15, 20, 5, 8, 19, 8, 3, 6, 11, 5, 20, 2, 19, 3, 7, 14, 20, 19, 1, 4, 4, 3, 14, 7, 8, 8, 11, 10, 10, 2, 7, 2, 19, 20, 20, 13, 11, 7, 9, 6, 14, 14, 3, 4, 9, 1, 20, 10, 6, 8, 3, 10, 19, 8, 10, 19, 20, 6, 10, 9, 6, 9, 3, 19, 14, 7, 14, 1, 1, 10, 2, 11, 4, 15, 5, 9, 6, 20, 3, 2, 3, 20, 2, 10, 13, 16, 16, 17, 16, 17, 9, 6, 3, 7, 6, 4, 20, 11, 4, 2, 11, 11, 9, 9, 4, 9, 19, 9, 16, 4, 11, 7, 5, 1, 5, 1, 5, 1, 15, 12, 13, 1, 1, 15, 13, 5, 10, 4, 16, 18, 12, 17, 18, 15, 18, 17, 15, 5, 12, 13, 16, 12, 18, 12, 13, 16, 17, 18, 15, 13, 16, 18, 12, 17, 18, 15, 12, 13, 16, 17, 18, 15, 12, 13, 5, 16, 17, 10, 18, 4, 12, 18, 15, 12, 13, 6]
bestever    2054    in generation 543
[11, 19, 5, 8, 19, 14, 7, 14, 17, 8, 7, 14, 11, 2, 17, 2, 8, 2, 14, 7, 6, 3, 1, 8, 15, 20, 5, 8, 19, 8, 3, 6, 11, 5, 20, 2, 19, 3, 7, 14, 20, 19, 1, 4, 4, 3, 14, 7, 8, 8, 11, 10, 10, 2, 7, 2, 19, 20, 20, 13, 11, 7, 9, 6, 14, 14, 3, 4, 9, 1, 20, 10, 6, 8, 3, 10, 19, 8, 10, 19, 20, 6, 10, 9, 6, 9, 3, 19, 14, 7, 14, 1, 1, 10, 2, 11, 4, 15, 5, 9, 6, 20, 3, 2, 3, 20, 2, 10, 13, 16, 16, 17, 16, 17, 9, 6, 3, 7, 6, 4, 20, 11, 4, 2, 11, 11, 9, 9, 4, 9, 19, 9, 16, 4, 11, 7, 5, 1, 5, 1, 5, 1, 15, 15, 12, 13, 1, 15, 13, 5, 10, 4, 16, 18, 12, 17, 18, 15, 18, 17, 15, 5, 12, 13, 16, 12, 18, 12, 13, 16, 17, 18, 15, 13, 16, 18, 12, 17, 18, 1, 12, 13, 16, 17, 18, 15, 12, 13, 5, 16, 17, 10, 18, 4, 12, 18, 15, 12, 13, 6]
bestever    2044    in generation 590
[11, 19, 5, 8, 19, 14, 7, 14, 17, 8, 7, 14, 11, 2, 17, 2, 8, 2, 14, 7, 6, 3, 1, 8, 8, 20, 5, 8, 19, 8, 3, 6, 11, 5, 20, 2, 19, 3, 7, 14, 20, 19, 1, 4, 4, 3, 14, 7, 8, 8, 11, 10, 10, 2, 7, 2, 19, 20, 20, 13, 11, 7, 9, 6, 14, 14, 3, 4, 9, 1, 20, 10, 6, 15, 3, 10, 19, 8, 10, 19, 20, 6, 10, 9, 6, 9, 3, 19, 14, 7, 14, 1, 1, 10, 2, 11, 4, 15, 5, 9, 6, 20, 3, 2, 3, 20, 2, 10, 13, 16, 16, 17, 16, 17, 9, 6, 3, 7, 6, 4, 20, 11, 4, 2, 11, 11, 9, 9, 4, 9, 19, 9, 16, 4, 11, 7, 5, 1, 5, 1, 5, 1, 15, 15, 12, 13, 1, 15, 13, 5, 10, 4, 16, 18, 12, 17, 18, 15, 18, 17, 15, 5, 12, 13, 16, 12, 18, 12, 13, 16, 17, 18, 15, 13, 16, 18, 12, 17, 18, 1, 12, 13, 16, 17, 18, 15, 12, 13, 5, 16, 17, 10, 18, 4, 12, 18, 15, 12, 13, 6]
bestever    2040    in generation 591
[11, 19, 5, 8, 19, 14, 7, 14, 17, 8, 7, 14, 11, 2, 17, 2, 8, 2, 14, 7, 6, 3, 1, 8, 15, 20, 5, 8, 19, 8, 3, 6, 11, 5, 20, 2, 19, 3, 7, 14, 20, 19, 1, 4, 4, 3, 14, 7, 8, 8, 11, 10, 10, 2, 7, 2, 19, 20, 20, 13, 11, 7, 9, 6, 14, 14, 3, 4, 9, 1, 20, 10, 6, 8, 3, 10, 19, 8, 10, 19, 20, 6, 10, 9, 6, 9, 3, 19, 14, 7, 14, 1, 1, 10, 2, 11, 4, 15, 5, 9, 6, 20, 3, 2, 3, 20, 2, 10, 13, 16, 16, 17, 16, 17, 9, 6, 3, 7, 6, 4, 20, 11, 4, 2, 11, 11, 9, 9, 4, 9, 19, 9, 16, 4, 11, 7, 5, 1, 5, 1, 5, 1, 15, 15, 12, 13, 1, 15, 13, 5, 10, 4, 16, 18, 12, 17, 18, 15, 18, 17, 15, 5, 12, 13, 16, 12, 18, 12, 13, 16, 17, 18, 15, 13, 16, 18, 12, 17, 18, 1, 12, 13, 16, 17, 18, 15, 12, 13, 5, 16, 17, 6, 10, 4, 18, 12, 18, 15, 12, 13]
bestever    2030    in generation 622
[11, 19, 5, 8, 19, 14, 7, 14, 17, 8, 7, 14, 11, 2, 17, 2, 8, 2, 14, 7, 6, 3, 1, 8, 15, 20, 5, 8, 19, 8, 3, 6, 11, 5, 20, 2, 19, 3, 7, 14, 20, 19, 1, 4, 4, 3, 14, 7, 8, 8, 11, 10, 10, 2, 7, 2, 19, 20, 20, 13, 11, 7, 9, 6, 14, 14, 3, 4, 9, 1, 20, 10, 6, 8, 3, 10, 19, 8, 10, 19, 20, 6, 10, 9, 6, 9, 3, 19, 14, 7, 2, 1, 1, 10, 14, 11, 4, 15, 5, 9, 6, 20, 3, 2, 3, 20, 2, 10, 13, 16, 16, 17, 16, 17, 9, 6, 3, 7, 6, 4, 20, 11, 4, 2, 11, 11, 9, 9, 4, 9, 19, 9, 16, 4, 11, 7, 5, 1, 5, 1, 5, 1, 15, 15, 12, 13, 1, 15, 13, 5, 10, 4, 16, 18, 12, 17, 18, 15, 18, 17, 15, 5, 12, 13, 16, 12, 18, 12, 13, 16, 17, 18, 15, 13, 16, 18, 12, 17, 18, 1, 12, 13, 16, 17, 18, 15, 12, 13, 5, 16, 17, 6, 10, 4, 18, 12, 18, 15, 12, 13]
bestever    2021    in generation 758
[11, 19, 2, 8, 19, 14, 7, 14, 17, 8, 7, 14, 11, 5, 17, 2, 8, 2, 14, 7, 6, 3, 1, 8, 15, 20, 5, 8, 19, 8, 3, 6, 11, 5, 20, 2, 19, 3, 7, 14, 20, 19, 1, 4, 4, 3, 14, 7, 8, 8, 11, 10, 10, 2, 7, 2, 19, 20, 20, 13, 11, 7, 9, 6, 14, 14, 3, 4, 9, 1, 20, 10, 6, 8, 3, 10, 19, 8, 10, 19, 20, 6, 10, 9, 6, 9, 3, 19, 14, 7, 2, 1, 1, 10, 14, 11, 4, 15, 5, 9, 6, 20, 3, 2, 3, 20, 2, 10, 13, 16, 16, 17, 16, 17, 9, 6, 3, 7, 6, 4, 20, 11, 4, 2, 11, 11, 9, 9, 4, 9, 19, 9, 16, 4, 11, 7, 5, 1, 5, 1, 5, 1, 15, 15, 13, 13, 1, 15, 12, 5, 10, 4, 16, 18, 12, 17, 18, 15, 18, 17, 15, 5, 12, 13, 16, 12, 18, 12, 13, 16, 17, 18, 15, 13, 16, 18, 12, 17, 18, 1, 12, 13, 16, 17, 18, 15, 12, 13, 5, 16, 17, 6, 10, 4, 18, 12, 18, 15, 12, 13]
bestever    2018    in generation 773
[11, 19, 2, 8, 19, 14, 7, 14, 17, 8, 7, 14, 11, 5, 17, 2, 8, 2, 14, 7, 6, 3, 1, 8, 15, 20, 5, 8, 19, 8, 3, 6, 11, 5, 20, 2, 19, 3, 7, 14, 20, 19, 1, 4, 4, 3, 14, 7, 8, 8, 11, 10, 10, 2, 7, 2, 19, 20, 20, 13, 11, 7, 9, 6, 14, 14, 3, 4, 9, 1, 20, 10, 6, 8, 3, 10, 19, 8, 10, 19, 20, 6, 10, 9, 6, 9, 3, 19, 14, 7, 2, 1, 1, 10, 14, 11, 4, 15, 5, 9, 6, 20, 3, 2, 3, 20, 2, 10, 13, 16, 16, 17, 16, 17, 9, 6, 3, 7, 6, 4, 20, 11, 4, 2, 11, 11, 9, 9, 4, 9, 19, 9, 16, 4, 11, 7, 5, 1, 5, 1, 5, 1, 15, 15, 13, 13, 1, 15, 12, 5, 10, 4, 16, 18, 12, 17, 18, 15, 18, 17, 15, 5, 12, 13, 16, 12, 18, 12, 13, 16, 17, 18, 15, 13, 16, 18, 12, 17, 18, 1, 12, 13, 16, 17, 18, 15, 12, 13, 5, 16, 17, 6, 10, 4, 18, 12, 15, 13, 18, 12]
bestever    2003    in generation 882
[11, 19, 2, 8, 19, 14, 7, 14, 17, 8, 7, 14, 11, 5, 17, 2, 8, 2, 14, 7, 6, 3, 1, 8, 15, 20, 5, 8, 19, 8, 3, 6, 11, 5, 20, 2, 19, 3, 7, 14, 20, 19, 1, 4, 4, 3, 14, 7, 8, 8, 11, 10, 10, 2, 7, 2, 19, 20, 20, 13, 11, 7, 9, 6, 14, 14, 3, 4, 9, 16, 20, 10, 6, 8, 3, 10, 19, 8, 10, 19, 20, 6, 10, 9, 6, 9, 3, 19, 14, 7, 2, 1, 1, 10, 14, 11, 4, 15, 5, 9, 6, 20, 3, 2, 3, 20, 2, 10, 13, 16, 16, 17, 16, 17, 9, 6, 3, 7, 6, 4, 20, 11, 4, 2, 11, 11, 9, 9, 4, 9, 19, 9, 16, 4, 11, 7, 5, 1, 5, 1, 5, 1, 15, 15, 13, 13, 1, 15, 12, 5, 10, 4, 16, 18, 1, 17, 18, 15, 18, 17, 15, 5, 12, 13, 1, 12, 18, 12, 13, 16, 17, 18, 15, 13, 16, 18, 12, 17, 18, 12, 12, 13, 16, 17, 18, 15, 12, 13, 5, 16, 17, 6, 10, 4, 18, 12, 15, 13, 18, 12]
bestever    1996    in generation 884
[11, 19, 2, 8, 19, 14, 7, 14, 17, 8, 7, 14, 11, 5, 17, 2, 8, 2, 14, 7, 6, 3, 1, 8, 15, 20, 5, 8, 19, 8, 3, 6, 11, 5, 20, 2, 19, 3, 7, 14, 20, 19, 1, 4, 4, 3, 14, 7, 8, 8, 11, 10, 10, 2, 7, 2, 19, 20, 20, 13, 11, 7, 9, 6, 14, 14, 3, 4, 9, 15, 20, 10, 6, 8, 3, 10, 19, 8, 10, 19, 20, 6, 10, 9, 6, 9, 3, 19, 14, 7, 2, 1, 1, 10, 14, 11, 4, 1, 5, 9, 6, 20, 3, 2, 3, 20, 2, 10, 13, 16, 16, 17, 16, 17, 9, 6, 3, 7, 6, 4, 20, 11, 4, 2, 11, 11, 9, 9, 4, 9, 19, 9, 16, 4, 11, 7, 5, 1, 5, 1, 5, 1, 15, 15, 13, 13, 1, 15, 12, 5, 10, 4, 16, 18, 1, 17, 18, 15, 18, 17, 15, 5, 12, 13, 16, 12, 18, 12, 13, 16, 17, 18, 15, 13, 16, 18, 12, 17, 18, 12, 12, 13, 16, 17, 18, 15, 12, 13, 5, 16, 17, 6, 10, 4, 18, 12, 15, 13, 18, 12]
bestever    1988    in generation 992
[11, 19, 2, 8, 19, 14, 7, 14, 17, 8, 7, 14, 11, 5, 17, 2, 8, 2, 14, 7, 6, 3, 1, 8, 15, 20, 5, 8, 19, 8, 3, 2, 6, 11, 5, 20, 2, 19, 3, 7, 14, 20, 19, 1, 4, 4, 3, 14, 7, 8, 8, 11, 10, 10, 2, 7, 2, 19, 20, 20, 13, 11, 7, 9, 6, 14, 14, 3, 4, 9, 15, 20, 10, 6, 19, 3, 10, 19, 8, 10, 8, 20, 6, 10, 9, 6, 9, 3, 19, 14, 7, 1, 1, 10, 14, 11, 4, 1, 5, 9, 6, 20, 3, 2, 3, 20, 2, 10, 13, 16, 16, 17, 16, 9, 17, 6, 3, 7, 6, 4, 20, 11, 4, 2, 11, 11, 9, 9, 4, 9, 19, 9, 16, 4, 11, 7, 5, 1, 5, 1, 5, 1, 15, 15, 13, 13, 1, 15, 12, 5, 10, 4, 16, 18, 1, 17, 18, 15, 18, 17, 15, 5, 12, 13, 16, 12, 18, 13, 16, 17, 15, 13, 16, 18, 12, 18, 12, 17, 18, 12, 13, 16, 17, 18, 12, 15, 12, 13, 5, 16, 17, 6, 10, 4, 18, 12, 15, 13, 18, 12]
bestever    1970    in generation 1088
[11, 19, 2, 8, 19, 14, 7, 14, 17, 8, 7, 14, 11, 5, 17, 2, 8, 2, 14, 7, 6, 3, 8, 8, 15, 20, 5, 1, 19, 8, 3, 2, 6, 11, 5, 20, 2, 19, 3, 7, 14, 20, 19, 1, 4, 4, 3, 14, 7, 8, 8, 11, 10, 10, 2, 7, 2, 19, 20, 20, 13, 11, 7, 9, 6, 14, 14, 3, 4, 9, 15, 20, 10, 6, 19, 3, 10, 19, 8, 10, 8, 20, 6, 10, 9, 6, 9, 3, 19, 14, 7, 1, 1, 10, 14, 11, 4, 1, 5, 9, 6, 20, 3, 2, 3, 20, 2, 10, 13, 16, 16, 17, 16, 9, 17, 6, 3, 7, 6, 4, 20, 11, 4, 2, 11, 11, 9, 9, 4, 9, 19, 9, 16, 4, 11, 7, 5, 1, 5, 1, 5, 1, 15, 15, 13, 13, 1, 15, 12, 5, 10, 4, 16, 18, 1, 17, 18, 15, 18, 17, 15, 5, 12, 13, 16, 12, 18, 13, 16, 17, 15, 13, 16, 18, 12, 18, 12, 17, 18, 12, 13, 16, 17, 18, 12, 15, 12, 13, 5, 16, 17, 6, 10, 4, 18, 12, 15, 13, 18, 12]
bestever    1968    in generation 1166
[11, 19, 2, 8, 19, 14, 7, 14, 17, 8, 7, 14, 11, 5, 17, 2, 8, 2, 14, 7, 6, 3, 8, 8, 15, 20, 5, 1, 19, 8, 3, 2, 6, 11, 5, 20, 2, 19, 3, 7, 14, 20, 19, 1, 4, 4, 3, 14, 7, 8, 8, 11, 10, 10, 2, 7, 2, 19, 20, 20, 13, 11, 7, 9, 6, 14, 14, 3, 4, 1, 15, 20, 10, 6, 19, 3, 10, 19, 8, 10, 8, 20, 6, 10, 9, 6, 9, 3, 19, 14, 7, 1, 1, 10, 14, 11, 4, 9, 5, 9, 6, 20, 3, 2, 3, 20, 2, 10, 13, 16, 16, 17, 16, 9, 17, 6, 3, 7, 6, 4, 20, 11, 4, 2, 11, 11, 9, 9, 4, 9, 19, 9, 16, 4, 11, 7, 5, 1, 5, 1, 5, 1, 15, 15, 13, 13, 1, 15, 12, 5, 10, 4, 16, 18, 1, 17, 18, 15, 18, 17, 15, 5, 12, 13, 16, 12, 18, 13, 16, 17, 15, 13, 16, 18, 12, 18, 12, 17, 18, 12, 13, 16, 17, 18, 12, 15, 12, 13, 5, 16, 17, 6, 10, 4, 18, 12, 15, 13, 18, 12]
bestever    1966    in generation 1177
[11, 19, 2, 8, 19, 14, 7, 14, 17, 8, 7, 14, 11, 5, 17, 2, 8, 2, 14, 7, 6, 3, 8, 8, 15, 20, 5, 1, 19, 8, 3, 2, 6, 11, 5, 20, 2, 19, 3, 7, 14, 20, 19, 1, 4, 4, 3, 14, 7, 8, 8, 11, 10, 10, 2, 7, 2, 19, 20, 20, 13, 11, 7, 9, 6, 14, 14, 3, 4, 1, 15, 20, 10, 6, 19, 3, 10, 19, 8, 10, 8, 20, 6, 10, 9, 6, 9, 3, 19, 14, 7, 1, 1, 10, 14, 11, 4, 9, 5, 9, 6, 20, 3, 2, 3, 20, 2, 10, 13, 16, 16, 17, 16, 9, 17, 6, 3, 7, 6, 4, 20, 11, 4, 2, 11, 11, 9, 9, 4, 9, 19, 9, 16, 4, 11, 7, 5, 1, 5, 1, 5, 1, 15, 15, 13, 13, 1, 17, 12, 5, 10, 4, 16, 18, 1, 17, 18, 15, 18, 17, 15, 5, 12, 13, 16, 12, 18, 13, 16, 17, 15, 13, 16, 18, 12, 18, 12, 15, 18, 12, 13, 16, 17, 18, 12, 15, 12, 13, 5, 16, 17, 6, 10, 4, 18, 12, 15, 13, 18, 12]
bestever    1948    in generation 1998
[11, 19, 2, 8, 19, 14, 7, 14, 17, 8, 7, 14, 11, 5, 17, 8, 2, 2, 14, 3, 7, 6, 3, 8, 8, 15, 20, 5, 1, 19, 8, 3, 2, 6, 11, 5, 20, 2, 19, 3, 7, 14, 19, 20, 2, 19, 1, 4, 4, 3, 14, 7, 8, 8, 11, 10, 10, 7, 2, 19, 20, 20, 13, 11, 7, 16, 9, 6, 20, 10, 6, 14, 3, 10, 19, 3, 7, 6, 4, 19, 20, 8, 14, 14, 3, 4, 1, 15, 10, 8, 20, 6, 10, 9, 6, 9, 3, 19, 17, 7, 1, 1, 10, 14, 11, 4, 9, 5, 9, 6, 20, 2, 3, 2, 10, 13, 16, 16, 17, 9, 6, 20, 11, 4, 2, 11, 11, 9, 9, 4, 9, 9, 16, 4, 11, 7, 13, 5, 1, 5, 17, 1, 5, 1, 15, 15, 1, 17, 12, 5, 15, 10, 4, 16, 18, 1, 17, 15, 17, 5, 13, 16, 16, 18, 17, 13, 16, 12, 12, 18, 18, 12, 15, 13, 18, 12, 13, 18, 12, 15, 18, 13, 16, 18, 12, 15, 13, 5, 16, 17, 6, 10, 4, 18, 12, 15, 13, 18, 12, 12]
bestever    1942    in generation 2261
[11, 19, 2, 8, 19, 14, 7, 14, 17, 8, 7, 14, 11, 5, 17, 8, 8, 2, 2, 14, 3, 7, 6, 3, 8, 8, 15, 20, 5, 1, 19, 8, 3, 2, 6, 11, 5, 20, 2, 19, 3, 7, 14, 19, 20, 2, 19, 1, 4, 4, 3, 14, 7, 8, 11, 10, 10, 7, 2, 19, 20, 20, 13, 11, 7, 16, 9, 6, 20, 10, 6, 14, 3, 10, 19, 3, 7, 6, 4, 19, 20, 8, 14, 14, 3, 4, 1, 15, 10, 11, 20, 6, 10, 2, 9, 6, 9, 3, 19, 17, 7, 1, 1, 10, 14, 11, 4, 9, 5, 9, 6, 20, 17, 3, 2, 10, 13, 16, 16, 17, 9, 6, 20, 11, 4, 2, 11, 8, 9, 9, 4, 9, 9, 16, 4, 11, 7, 13, 5, 1, 5, 17, 1, 5, 1, 15, 15, 1, 17, 12, 5, 15, 10, 4, 16, 18, 1, 17, 15, 5, 13, 16, 16, 18, 17, 13, 16, 12, 12, 18, 18, 12, 15, 13, 18, 12, 13, 18, 12, 15, 18, 13, 16, 18, 12, 15, 13, 5, 16, 17, 6, 10, 4, 18, 12, 15, 13, 18, 12, 12]
bestever    1928    in generation 2340
[11, 19, 2, 8, 19, 14, 7, 14, 17, 8, 7, 14, 11, 5, 17, 8, 8, 2, 2, 14, 3, 7, 6, 3, 8, 8, 15, 20, 5, 1, 19, 8, 3, 2, 6, 11, 5, 20, 2, 19, 3, 7, 14, 19, 20, 2, 19, 1, 4, 4, 3, 14, 7, 8, 11, 10, 10, 7, 2, 19, 20, 20, 13, 11, 7, 16, 9, 6, 20, 8, 6, 14, 3, 10, 19, 3, 7, 6, 4, 19, 20, 8, 14, 14, 3, 4, 1, 15, 10, 11, 20, 6, 10, 2, 9, 6, 9, 3, 19, 17, 7, 1, 1, 10, 14, 11, 4, 9, 5, 9, 6, 20, 17, 3, 2, 10, 13, 16, 16, 17, 9, 6, 20, 11, 4, 2, 11, 10, 9, 9, 4, 9, 9, 16, 4, 11, 7, 13, 5, 1, 5, 17, 1, 5, 1, 15, 15, 1, 17, 12, 5, 15, 10, 4, 16, 18, 1, 17, 15, 5, 13, 16, 16, 18, 17, 13, 16, 12, 12, 18, 18, 12, 15, 13, 18, 12, 13, 18, 15, 18, 13, 16, 12, 15, 13, 5, 16, 17, 18, 12, 6, 10, 4, 18, 12, 15, 13, 18, 12, 12]
bestever    1925    in generation 2362
[11, 19, 2, 8, 19, 14, 7, 14, 17, 8, 7, 14, 11, 5, 17, 8, 8, 2, 2, 14, 3, 7, 6, 3, 8, 8, 15, 20, 5, 1, 19, 8, 3, 2, 6, 11, 5, 20, 2, 19, 3, 7, 14, 19, 20, 2, 19, 1, 4, 4, 3, 14, 7, 8, 11, 10, 10, 7, 2, 19, 20, 20, 13, 11, 7, 16, 9, 6, 20, 8, 6, 14, 3, 10, 19, 3, 7, 6, 4, 19, 20, 8, 14, 14, 3, 4, 1, 10, 11, 20, 6, 10, 2, 9, 6, 9, 3, 19, 17, 7, 1, 1, 10, 14, 11, 4, 9, 5, 9, 6, 20, 17, 3, 2, 10, 13, 16, 16, 17, 9, 6, 20, 11, 4, 2, 11, 10, 9, 9, 4, 9, 9, 16, 4, 11, 7, 13, 5, 1, 5, 1, 5, 1, 15, 15, 1, 17, 12, 5, 15, 10, 4, 16, 18, 17, 15, 1, 17, 15, 5, 13, 16, 16, 18, 17, 13, 16, 12, 12, 18, 18, 12, 15, 13, 18, 12, 13, 18, 15, 18, 13, 16, 12, 15, 13, 5, 16, 17, 18, 12, 6, 10, 4, 18, 12, 15, 13, 18, 12, 12]
bestever    1913    in generation 2371
[11, 19, 2, 8, 19, 14, 7, 14, 17, 8, 7, 14, 11, 5, 17, 8, 8, 2, 2, 14, 3, 7, 6, 3, 8, 8, 15, 20, 5, 1, 19, 8, 3, 2, 6, 11, 5, 20, 2, 19, 3, 7, 14, 19, 20, 2, 19, 1, 4, 4, 3, 14, 7, 8, 11, 10, 10, 7, 2, 19, 20, 20, 13, 11, 7, 16, 9, 6, 20, 8, 6, 14, 3, 10, 19, 3, 7, 6, 4, 19, 20, 8, 14, 14, 3, 4, 1, 10, 11, 20, 6, 10, 2, 9, 6, 9, 3, 19, 17, 7, 1, 10, 14, 11, 4, 9, 9, 6, 20, 17, 3, 2, 10, 13, 16, 16, 17, 9, 6, 20, 11, 4, 2, 11, 10, 9, 9, 4, 9, 9, 16, 4, 11, 7, 13, 5, 1, 5, 1, 5, 1, 5, 1, 15, 15, 1, 17, 12, 5, 15, 10, 4, 16, 18, 17, 15, 1, 17, 15, 5, 13, 16, 16, 18, 17, 13, 16, 12, 12, 18, 18, 12, 15, 13, 18, 12, 13, 18, 15, 18, 13, 16, 12, 15, 13, 5, 16, 17, 18, 12, 6, 10, 4, 18, 12, 15, 13, 18, 12, 12]
bestever    1908    in generation 2555
[11, 19, 2, 8, 19, 14, 7, 14, 17, 8, 7, 14, 11, 5, 17, 8, 8, 2, 2, 14, 3, 7, 6, 3, 8, 8, 15, 20, 5, 1, 19, 8, 3, 2, 6, 11, 5, 20, 2, 19, 3, 7, 14, 19, 20, 2, 19, 1, 4, 4, 3, 14, 7, 8, 11, 10, 10, 7, 2, 19, 20, 20, 13, 11, 7, 16, 9, 6, 20, 8, 6, 14, 3, 10, 19, 3, 7, 6, 4, 19, 20, 8, 14, 14, 3, 4, 1, 10, 11, 20, 6, 10, 2, 9, 6, 9, 3, 19, 17, 7, 1, 10, 14, 11, 4, 9, 9, 6, 20, 17, 3, 2, 10, 13, 16, 16, 17, 9, 6, 20, 11, 4, 2, 11, 10, 9, 9, 4, 9, 9, 16, 4, 11, 7, 13, 5, 1, 5, 1, 5, 1, 5, 1, 15, 15, 1, 17, 12, 5, 15, 10, 4, 16, 18, 17, 15, 1, 17, 15, 5, 13, 16, 16, 18, 17, 13, 16, 12, 12, 18, 15, 13, 12, 12, 18, 13, 18, 15, 13, 16, 15, 13, 12, 18, 12, 5, 16, 17, 18, 12, 6, 10, 4, 18, 12, 15, 13, 18, 12, 18]
bestever    1900    in generation 2690
[11, 19, 2, 8, 19, 14, 7, 14, 17, 8, 7, 14, 11, 5, 17, 8, 8, 2, 2, 14, 3, 7, 6, 3, 8, 8, 15, 20, 5, 1, 19, 8, 3, 2, 6, 11, 5, 20, 2, 19, 3, 7, 14, 19, 20, 2, 19, 1, 4, 4, 3, 14, 7, 8, 11, 10, 10, 7, 2, 19, 20, 20, 13, 11, 7, 16, 9, 6, 20, 8, 6, 14, 3, 10, 19, 3, 7, 6, 4, 19, 20, 8, 14, 14, 3, 4, 1, 10, 11, 9, 6, 10, 2, 20, 6, 9, 3, 19, 17, 7, 1, 10, 14, 11, 4, 9, 9, 6, 20, 17, 3, 2, 10, 13, 16, 16, 17, 9, 6, 20, 11, 4, 2, 11, 10, 9, 9, 4, 9, 9, 16, 4, 11, 15, 7, 1, 1, 5, 1, 15, 15, 5, 17, 5, 15, 10, 4, 16, 18, 17, 1, 17, 15, 5, 13, 13, 5, 1, 5, 1, 16, 16, 17, 13, 16, 12, 18, 12, 12, 18, 15, 13, 12, 12, 18, 13, 18, 15, 13, 16, 15, 13, 12, 18, 12, 5, 16, 17, 12, 18, 6, 10, 4, 18, 12, 15, 13, 18, 12, 18]
bestever    1898    in generation 2834
[11, 19, 2, 8, 19, 14, 7, 14, 17, 8, 7, 14, 11, 5, 17, 8, 8, 2, 2, 14, 3, 7, 6, 3, 8, 8, 15, 20, 5, 1, 19, 8, 3, 2, 6, 11, 5, 20, 2, 19, 3, 7, 14, 19, 20, 2, 19, 1, 4, 4, 3, 14, 7, 8, 11, 10, 10, 7, 2, 19, 20, 20, 16, 13, 11, 7, 16, 9, 6, 20, 8, 6, 14, 3, 10, 19, 3, 7, 6, 4, 19, 20, 8, 14, 14, 3, 4, 1, 10, 11, 9, 6, 10, 2, 20, 6, 9, 3, 19, 17, 7, 1, 10, 14, 11, 4, 9, 9, 6, 20, 17, 3, 2, 10, 13, 16, 16, 17, 9, 6, 20, 11, 4, 2, 11, 10, 9, 9, 4, 9, 9, 5, 16, 4, 11, 15, 7, 1, 1, 5, 1, 15, 15, 17, 5, 15, 10, 4, 16, 18, 17, 1, 17, 15, 5, 13, 13, 5, 1, 5, 1, 16, 17, 13, 16, 12, 18, 12, 12, 18, 15, 13, 12, 12, 18, 13, 18, 15, 13, 16, 15, 13, 12, 18, 12, 5, 16, 17, 12, 18, 6, 10, 4, 12, 15, 18, 13, 18, 12, 18]
bestever    1895    in generation 3030
[11, 19, 2, 8, 19, 14, 7, 14, 17, 8, 7, 14, 11, 5, 17, 8, 8, 2, 2, 14, 3, 7, 6, 3, 8, 8, 15, 20, 6, 1, 19, 8, 3, 2, 6, 11, 5, 20, 2, 19, 3, 7, 14, 19, 20, 2, 19, 1, 4, 4, 3, 14, 7, 8, 11, 10, 10, 7, 2, 19, 20, 20, 16, 13, 11, 7, 16, 9, 5, 20, 8, 6, 14, 3, 10, 19, 3, 7, 6, 4, 19, 20, 8, 14, 14, 3, 4, 1, 10, 11, 9, 6, 10, 2, 20, 6, 9, 3, 19, 17, 7, 1, 10, 14, 11, 4, 9, 9, 6, 20, 17, 3, 2, 10, 13, 16, 16, 17, 9, 20, 11, 4, 2, 11, 10, 9, 9, 4, 9, 9, 5, 16, 4, 11, 15, 7, 1, 1, 5, 1, 15, 15, 17, 5, 15, 16, 18, 17, 1, 17, 15, 5, 13, 13, 5, 1, 5, 1, 16, 17, 13, 16, 12, 18, 12, 12, 18, 15, 13, 12, 12, 13, 15, 13, 16, 12, 5, 16, 17, 6, 10, 4, 12, 15, 18, 13, 18, 12, 18, 18, 6, 10, 4, 12, 15, 18, 13, 18, 12, 18]
bestever    1892    in generation 3097
[11, 19, 2, 8, 19, 14, 7, 14, 17, 8, 7, 14, 11, 5, 17, 8, 8, 2, 2, 14, 3, 7, 6, 3, 8, 8, 15, 20, 6, 1, 19, 8, 3, 2, 6, 11, 5, 20, 2, 19, 3, 7, 14, 19, 20, 2, 19, 1, 4, 4, 3, 14, 7, 8, 11, 10, 10, 7, 2, 19, 20, 20, 16, 13, 11, 7, 16, 9, 5, 20, 8, 6, 14, 3, 10, 19, 3, 7, 6, 4, 19, 20, 8, 14, 14, 3, 4, 1, 10, 11, 9, 6, 10, 2, 20, 6, 9, 3, 19, 17, 7, 1, 10, 14, 11, 4, 9, 9, 6, 20, 17, 3, 2, 10, 1, 16, 16, 17, 9, 20, 11, 4, 2, 11, 10, 9, 9, 4, 9, 9, 5, 16, 4, 11, 15, 7, 13, 1, 5, 1, 15, 15, 17, 5, 15, 16, 18, 17, 1, 17, 15, 5, 13, 13, 5, 1, 5, 1, 16, 17, 13, 16, 12, 5, 12, 12, 18, 15, 13, 12, 12, 13, 15, 13, 16, 12, 18, 16, 17, 6, 10, 4, 12, 15, 18, 13, 18, 12, 18, 18, 6, 10, 4, 12, 15, 18, 13, 18, 12, 18]
bestever    1887    in generation 3103
[11, 19, 2, 8, 19, 14, 7, 14, 17, 8, 7, 14, 11, 5, 17, 8, 8, 2, 2, 14, 3, 7, 6, 3, 8, 8, 15, 20, 6, 1, 19, 8, 3, 2, 6, 11, 20, 5, 2, 19, 3, 7, 14, 19, 20, 2, 19, 1, 4, 4, 3, 14, 7, 8, 11, 10, 10, 7, 2, 19, 20, 20, 16, 13, 11, 7, 16, 9, 5, 20, 8, 6, 14, 3, 10, 19, 3, 7, 6, 4, 19, 20, 8, 14, 14, 3, 4, 1, 10, 11, 9, 6, 10, 2, 20, 6, 9, 3, 19, 17, 7, 1, 10, 14, 11, 4, 9, 9, 6, 20, 17, 3, 2, 10, 1, 16, 16, 17, 9, 20, 11, 4, 2, 11, 10, 9, 9, 4, 9, 9, 5, 16, 4, 11, 15, 7, 13, 1, 5, 1, 15, 15, 17, 5, 15, 16, 18, 17, 1, 17, 15, 5, 13, 13, 5, 1, 5, 1, 16, 17, 13, 16, 12, 5, 12, 12, 18, 15, 13, 12, 12, 13, 15, 13, 16, 12, 18, 16, 17, 6, 10, 4, 12, 15, 18, 13, 18, 12, 18, 18, 6, 10, 4, 12, 15, 18, 13, 18, 12, 18]
bestever    1882    in generation 3269
[11, 19, 2, 8, 19, 14, 7, 14, 17, 8, 7, 14, 11, 5, 17, 8, 8, 2, 2, 14, 3, 7, 6, 3, 8, 8, 15, 20, 6, 1, 19, 14, 3, 2, 6, 11, 20, 5, 2, 19, 3, 7, 8, 19, 20, 2, 19, 1, 4, 4, 3, 14, 7, 8, 11, 10, 10, 7, 2, 19, 20, 20, 16, 13, 11, 7, 16, 9, 5, 20, 8, 6, 14, 3, 10, 19, 3, 7, 6, 4, 19, 20, 8, 14, 14, 3, 4, 1, 10, 11, 9, 6, 10, 2, 20, 6, 9, 3, 19, 17, 7, 1, 10, 14, 11, 4, 9, 9, 6, 20, 17, 3, 2, 10, 1, 16, 16, 17, 9, 20, 11, 16, 2, 11, 10, 9, 9, 4, 9, 9, 5, 4, 4, 11, 15, 7, 13, 1, 5, 1, 15, 15, 17, 5, 15, 16, 18, 17, 1, 17, 15, 5, 13, 13, 5, 1, 5, 1, 16, 17, 13, 16, 12, 5, 12, 12, 18, 15, 13, 12, 12, 13, 15, 13, 16, 12, 18, 16, 17, 6, 10, 4, 12, 15, 18, 13, 18, 12, 18, 18, 6, 10, 4, 12, 15, 18, 13, 18, 12, 18]
bestever    1853    in generation 3367
[11, 19, 2, 8, 19, 14, 7, 14, 8, 7, 14, 11, 5, 8, 8, 2, 2, 14, 3, 7, 6, 3, 8, 8, 15, 20, 6, 1, 19, 14, 3, 2, 6, 11, 20, 5, 2, 19, 3, 7, 8, 19, 20, 2, 19, 1, 4, 3, 14, 7, 8, 11, 10, 10, 7, 19, 20, 20, 16, 13, 11, 7, 9, 5, 20, 8, 6, 14, 3, 10, 19, 3, 7, 6, 4, 19, 20, 8, 14, 14, 3, 4, 11, 10, 2, 20, 6, 3, 19, 17, 7, 1, 10, 14, 11, 4, 9, 6, 17, 2, 10, 1, 16, 17, 9, 4, 9, 9, 6, 20, 17, 3, 2, 10, 1, 16, 16, 17, 9, 20, 11, 16, 2, 11, 10, 9, 9, 4, 9, 9, 5, 4, 4, 11, 15, 7, 13, 1, 5, 1, 15, 15, 17, 5, 15, 16, 18, 17, 1, 17, 15, 5, 13, 13, 5, 1, 5, 1, 16, 17, 13, 16, 12, 5, 12, 12, 18, 15, 13, 12, 12, 13, 15, 13, 16, 16, 17, 6, 10, 4, 12, 18, 12, 15, 18, 13, 18, 12, 18, 18, 6, 10, 4, 12, 15, 18, 13, 18, 12, 18]
bestever    1852    in generation 3376
[11, 19, 2, 8, 19, 14, 7, 14, 8, 7, 14, 11, 5, 8, 8, 2, 2, 14, 3, 7, 6, 3, 8, 8, 15, 20, 6, 1, 19, 14, 3, 2, 6, 11, 20, 5, 2, 19, 3, 7, 8, 19, 20, 2, 19, 1, 4, 3, 14, 7, 8, 11, 10, 10, 7, 19, 20, 20, 16, 13, 11, 7, 9, 5, 20, 8, 6, 14, 3, 10, 19, 3, 7, 6, 4, 19, 20, 8, 14, 14, 3, 4, 11, 10, 2, 20, 6, 6, 19, 17, 7, 1, 10, 14, 11, 4, 9, 6, 17, 2, 10, 1, 16, 17, 9, 4, 9, 9, 3, 20, 17, 3, 2, 10, 1, 16, 16, 17, 9, 20, 11, 16, 2, 11, 10, 9, 9, 4, 9, 9, 5, 4, 4, 11, 15, 7, 13, 1, 5, 1, 15, 15, 17, 5, 15, 16, 18, 17, 1, 17, 15, 5, 13, 13, 5, 1, 5, 1, 16, 17, 13, 16, 12, 5, 12, 12, 18, 15, 13, 12, 12, 13, 15, 13, 16, 16, 17, 6, 10, 4, 12, 18, 12, 15, 18, 13, 18, 12, 18, 18, 6, 10, 4, 12, 15, 18, 13, 18, 12, 18]
bestever    1851    in generation 3384
[11, 19, 2, 8, 19, 14, 7, 14, 8, 7, 14, 11, 5, 8, 8, 2, 2, 14, 3, 7, 6, 3, 8, 8, 15, 20, 6, 1, 19, 14, 3, 2, 6, 11, 20, 5, 2, 19, 3, 7, 8, 19, 20, 2, 19, 1, 4, 3, 14, 7, 8, 11, 10, 10, 7, 19, 14, 20, 16, 13, 11, 7, 9, 5, 20, 8, 6, 14, 3, 10, 19, 3, 7, 6, 4, 19, 20, 8, 14, 20, 3, 4, 11, 10, 2, 20, 6, 3, 19, 17, 7, 1, 10, 14, 11, 4, 9, 6, 17, 2, 10, 1, 16, 17, 9, 4, 9, 9, 6, 20, 17, 3, 2, 10, 1, 16, 16, 17, 9, 20, 11, 16, 2, 11, 10, 9, 9, 4, 9, 9, 5, 4, 4, 11, 15, 7, 13, 1, 5, 1, 15, 15, 17, 5, 15, 16, 18, 17, 1, 17, 15, 5, 13, 13, 5, 1, 5, 1, 16, 17, 13, 16, 12, 5, 12, 12, 18, 15, 13, 12, 12, 13, 15, 13, 16, 16, 17, 6, 10, 4, 12, 18, 12, 15, 18, 13, 18, 12, 18, 18, 6, 10, 4, 12, 15, 18, 13, 18, 12, 18]
bestever    1832    in generation 3422
[11, 19, 2, 8, 19, 14, 7, 14, 8, 7, 14, 11, 5, 8, 8, 2, 2, 14, 3, 7, 6, 3, 8, 8, 15, 20, 6, 1, 19, 14, 3, 2, 6, 11, 20, 5, 2, 19, 3, 7, 8, 19, 20, 2, 19, 1, 4, 3, 14, 7, 8, 11, 10, 10, 7, 19, 14, 20, 16, 13, 11, 7, 9, 5, 20, 8, 6, 14, 3, 10, 19, 3, 7, 6, 4, 19, 20, 8, 14, 20, 3, 4, 11, 10, 2, 20, 6, 3, 19, 17, 7, 1, 10, 14, 11, 4, 9, 6, 11, 2, 10, 1, 16, 17, 9, 4, 9, 9, 6, 20, 17, 3, 2, 10, 1, 16, 16, 17, 9, 20, 11, 16, 2, 11, 10, 9, 9, 4, 9, 9, 5, 4, 4, 17, 15, 7, 13, 1, 5, 1, 15, 15, 17, 5, 15, 16, 18, 17, 1, 17, 15, 5, 13, 13, 5, 1, 5, 1, 16, 17, 13, 16, 12, 5, 12, 12, 18, 15, 13, 12, 12, 13, 15, 13, 16, 16, 17, 6, 10, 4, 12, 18, 12, 15, 18, 13, 18, 12, 18, 18, 6, 10, 4, 12, 15, 18, 13, 18, 12, 18]
bestever    1823    in generation 3504
[19, 19, 2, 8, 19, 14, 7, 14, 8, 7, 14, 11, 5, 8, 8, 2, 2, 14, 3, 7, 6, 3, 8, 8, 15, 20, 6, 1, 19, 14, 3, 2, 6, 11, 20, 5, 2, 11, 3, 7, 8, 19, 20, 2, 19, 1, 4, 3, 14, 7, 8, 11, 10, 10, 7, 19, 14, 20, 16, 13, 11, 7, 9, 5, 20, 8, 6, 14, 3, 10, 19, 3, 7, 6, 4, 19, 20, 8, 14, 20, 3, 4, 11, 10, 2, 20, 6, 3, 19, 17, 7, 1, 10, 14, 11, 4, 9, 6, 11, 2, 10, 1, 16, 17, 9, 4, 9, 9, 6, 20, 17, 3, 2, 10, 1, 16, 16, 17, 9, 20, 11, 16, 2, 11, 10, 9, 9, 4, 9, 9, 5, 4, 4, 17, 15, 7, 13, 1, 5, 1, 15, 15, 17, 5, 15, 16, 18, 17, 1, 17, 15, 5, 13, 13, 5, 1, 5, 1, 16, 17, 13, 16, 12, 5, 12, 12, 18, 15, 13, 12, 12, 13, 15, 13, 16, 16, 17, 6, 10, 4, 12, 18, 12, 15, 18, 13, 18, 12, 18, 18, 6, 10, 4, 12, 15, 18, 13, 18, 12, 18]
bestever    1820    in generation 4913
[19, 19, 14, 2, 8, 19, 14, 7, 14, 8, 7, 14, 11, 5, 8, 8, 2, 2, 5, 14, 14, 3, 7, 6, 3, 8, 8, 15, 20, 6, 1, 19, 19, 3, 6, 2, 11, 20, 2, 11, 3, 7, 15, 8, 19, 4, 20, 2, 3, 19, 1, 14, 3, 7, 8, 11, 10, 10, 7, 19, 14, 20, 16, 13, 11, 7, 9, 8, 17, 20, 5, 6, 14, 3, 10, 19, 7, 6, 4, 20, 8, 20, 3, 5, 4, 11, 10, 2, 11, 20, 6, 3, 9, 10, 7, 1, 10, 14, 11, 4, 3, 6, 9, 11, 2, 10, 1, 17, 19, 4, 9, 9, 6, 20, 2, 10, 1, 16, 16, 17, 9, 16, 20, 2, 11, 10, 9, 18, 9, 4, 10, 9, 13, 5, 16, 17, 4, 13, 4, 17, 15, 7, 13, 1, 12, 1, 15, 17, 5, 15, 16, 17, 1, 17, 15, 5, 13, 5, 18, 1, 5, 16, 1, 9, 12, 18, 17, 16, 12, 5, 12, 18, 15, 13, 12, 12, 13, 15, 16, 16, 17, 6, 4, 13, 12, 13, 18, 6, 4, 12, 15, 12, 18, 15, 18, 18, 13, 18, 12, 18]
bestever    1817    in generation 4919
[19, 19, 14, 2, 8, 19, 14, 7, 14, 8, 7, 14, 11, 5, 8, 8, 2, 2, 5, 14, 14, 3, 7, 6, 3, 8, 8, 15, 20, 6, 1, 19, 19, 3, 6, 2, 11, 20, 2, 11, 3, 7, 15, 8, 19, 4, 20, 2, 3, 19, 1, 14, 3, 7, 8, 11, 10, 10, 7, 19, 14, 20, 16, 13, 11, 7, 9, 8, 17, 20, 5, 6, 14, 3, 10, 19, 7, 6, 4, 20, 8, 20, 3, 5, 4, 11, 10, 2, 11, 20, 6, 3, 9, 10, 7, 1, 10, 14, 11, 4, 3, 6, 9, 11, 2, 10, 1, 17, 19, 4, 9, 9, 6, 20, 2, 10, 1, 16, 16, 17, 9, 16, 20, 2, 11, 10, 9, 9, 4, 10, 9, 13, 5, 16, 17, 4, 13, 4, 17, 15, 7, 13, 1, 12, 1, 15, 17, 5, 15, 16, 17, 1, 17, 5, 5, 1, 5, 16, 1, 9, 12, 17, 16, 18, 13, 18, 15, 12, 18, 5, 12, 18, 15, 13, 12, 12, 13, 15, 16, 16, 17, 6, 4, 13, 12, 13, 18, 6, 4, 12, 15, 12, 18, 15, 18, 18, 13, 18, 12, 18]
bestever    1813    in generation 4940
[19, 19, 14, 2, 8, 19, 14, 7, 14, 8, 7, 14, 11, 5, 8, 8, 2, 2, 5, 14, 7, 3, 7, 6, 3, 8, 8, 15, 20, 6, 1, 19, 19, 3, 6, 2, 11, 20, 2, 11, 3, 14, 15, 8, 19, 4, 20, 2, 3, 19, 1, 14, 3, 7, 8, 11, 10, 10, 7, 19, 14, 20, 16, 13, 11, 7, 9, 8, 17, 20, 5, 6, 14, 3, 10, 19, 7, 6, 4, 20, 8, 20, 3, 5, 4, 11, 10, 2, 11, 20, 6, 3, 9, 10, 7, 1, 10, 14, 11, 4, 3, 6, 9, 11, 2, 10, 1, 17, 19, 4, 9, 9, 6, 20, 2, 10, 1, 16, 16, 17, 9, 16, 20, 2, 11, 10, 9, 9, 4, 10, 9, 13, 5, 16, 17, 4, 13, 4, 17, 15, 7, 13, 1, 12, 1, 15, 17, 5, 15, 16, 17, 1, 17, 5, 5, 1, 5, 16, 1, 9, 12, 17, 16, 18, 13, 18, 15, 12, 18, 5, 12, 18, 15, 13, 12, 12, 13, 15, 16, 16, 17, 6, 4, 13, 12, 13, 18, 6, 4, 12, 15, 12, 18, 15, 18, 18, 13, 18, 12, 18]
bestever    1810    in generation 5419
[19, 19, 14, 2, 8, 19, 14, 7, 14, 8, 7, 14, 11, 5, 8, 8, 2, 11, 2, 5, 14, 7, 3, 7, 6, 3, 8, 8, 15, 20, 6, 1, 19, 19, 3, 6, 2, 20, 2, 11, 3, 14, 15, 8, 19, 4, 20, 2, 3, 19, 1, 14, 3, 7, 8, 10, 11, 10, 7, 19, 14, 20, 16, 13, 11, 7, 9, 8, 17, 20, 5, 6, 14, 3, 10, 19, 7, 6, 4, 9, 20, 11, 20, 3, 5, 4, 8, 10, 2, 11, 18, 20, 6, 3, 10, 7, 1, 10, 14, 11, 4, 3, 6, 9, 11, 2, 10, 1, 17, 19, 4, 9, 9, 20, 2, 10, 1, 16, 16, 17, 9, 16, 20, 2, 11, 10, 9, 6, 9, 4, 10, 9, 13, 5, 16, 17, 4, 13, 4, 17, 15, 7, 13, 1, 12, 1, 15, 15, 17, 5, 16, 17, 1, 17, 5, 5, 1, 5, 16, 1, 9, 12, 17, 16, 12, 18, 5, 12, 18, 13, 15, 15, 13, 12, 12, 13, 15, 16, 16, 17, 18, 18, 13, 6, 4, 13, 12, 13, 18, 6, 4, 12, 15, 12, 18, 15, 18, 18, 12, 18]
bestever    1804    in generation 6283
[19, 14, 2, 8, 19, 14, 7, 14, 8, 7, 14, 11, 6, 8, 14, 8, 2, 11, 3, 2, 14, 7, 7, 6, 19, 5, 3, 8, 8, 15, 20, 6, 1, 19, 19, 3, 5, 2, 20, 2, 11, 3, 15, 8, 19, 2, 4, 20, 2, 3, 11, 19, 1, 7, 14, 3, 7, 8, 10, 11, 10, 19, 20, 16, 13, 11, 7, 9, 8, 17, 20, 5, 14, 8, 14, 3, 10, 19, 7, 6, 4, 9, 20, 11, 20, 3, 5, 4, 6, 10, 2, 11, 20, 6, 3, 10, 7, 1, 10, 14, 11, 9, 4, 6, 3, 6, 9, 11, 16, 1, 17, 19, 10, 4, 9, 20, 2, 10, 1, 16, 20, 2, 10, 9, 6, 9, 4, 9, 13, 5, 16, 17, 18, 4, 12, 13, 4, 17, 7, 10, 16, 17, 9, 15, 13, 1, 1, 15, 15, 17, 5, 16, 17, 1, 17, 5, 5, 1, 5, 16, 1, 9, 12, 17, 16, 12, 5, 13, 15, 15, 13, 13, 16, 16, 17, 15, 12, 18, 18, 18, 13, 6, 4, 13, 12, 18, 12, 12, 13, 4, 18, 12, 15, 12, 18, 15, 18, 18, 12, 18]
bestever    1801    in generation 6309
[19, 14, 2, 8, 19, 14, 7, 14, 8, 7, 14, 11, 6, 8, 14, 8, 2, 11, 3, 2, 14, 7, 7, 6, 19, 5, 3, 8, 8, 15, 20, 6, 1, 19, 19, 3, 5, 2, 20, 2, 11, 3, 15, 8, 19, 2, 4, 20, 2, 3, 11, 19, 1, 7, 14, 3, 7, 8, 4, 11, 10, 19, 20, 16, 13, 11, 7, 9, 8, 17, 20, 5, 14, 8, 14, 3, 10, 19, 7, 6, 4, 9, 20, 11, 20, 3, 5, 4, 6, 10, 2, 11, 20, 6, 3, 10, 7, 1, 10, 14, 11, 9, 4, 6, 3, 6, 9, 11, 16, 1, 17, 19, 10, 10, 9, 20, 2, 10, 1, 16, 20, 2, 10, 9, 6, 9, 4, 9, 13, 5, 16, 17, 18, 4, 12, 13, 4, 17, 7, 10, 16, 17, 9, 15, 13, 1, 1, 15, 15, 17, 5, 16, 17, 1, 17, 5, 5, 1, 5, 16, 1, 9, 12, 17, 16, 12, 5, 13, 15, 15, 13, 13, 16, 16, 17, 15, 12, 18, 18, 18, 13, 6, 4, 13, 12, 18, 12, 12, 13, 4, 18, 12, 15, 12, 18, 15, 18, 18, 12, 18]
bestever    1796    in generation 7232
[19, 14, 2, 8, 14, 19, 14, 7, 14, 8, 7, 14, 11, 6, 8, 3, 14, 8, 2, 11, 2, 14, 7, 7, 14, 6, 19, 5, 3, 8, 8, 20, 6, 1, 19, 19, 3, 5, 2, 20, 2, 11, 3, 20, 8, 19, 2, 4, 2, 3, 19, 19, 1, 7, 14, 7, 8, 4, 11, 10, 19, 16, 13, 11, 7, 9, 8, 17, 20, 5, 8, 14, 3, 10, 19, 7, 6, 4, 9, 11, 20, 3, 20, 11, 20, 5, 4, 6, 10, 2, 11, 20, 6, 3, 10, 7, 1, 10, 11, 9, 4, 6, 3, 6, 9, 11, 16, 9, 1, 18, 17, 3, 10, 10, 9, 20, 10, 1, 16, 20, 10, 2, 6, 9, 4, 9, 13, 5, 16, 17, 2, 4, 12, 13, 4, 17, 7, 10, 16, 17, 9, 15, 13, 1, 15, 15, 15, 15, 17, 5, 16, 17, 12, 18, 1, 17, 5, 17, 1, 5, 16, 1, 9, 12, 5, 16, 12, 5, 13, 15, 15, 13, 13, 16, 16, 17, 15, 12, 18, 18, 13, 12, 6, 4, 13, 12, 18, 1, 12, 13, 4, 18, 15, 12, 18, 15, 18, 18, 12, 18]
bestever    1795    in generation 7251
[19, 14, 2, 8, 14, 19, 14, 7, 14, 8, 7, 14, 11, 6, 8, 3, 14, 8, 2, 11, 2, 14, 7, 7, 14, 6, 19, 5, 3, 8, 8, 20, 6, 1, 19, 19, 3, 5, 2, 20, 2, 11, 3, 20, 8, 19, 2, 4, 2, 3, 19, 19, 1, 7, 14, 7, 8, 4, 11, 10, 19, 16, 13, 11, 7, 9, 8, 17, 20, 5, 8, 14, 3, 10, 19, 7, 6, 4, 9, 11, 6, 3, 20, 11, 20, 5, 4, 6, 10, 2, 11, 20, 6, 3, 10, 7, 1, 10, 11, 9, 4, 20, 3, 6, 9, 11, 16, 9, 1, 18, 17, 3, 10, 10, 9, 20, 10, 1, 16, 20, 10, 2, 6, 9, 4, 9, 13, 5, 16, 17, 2, 4, 12, 13, 4, 17, 7, 10, 16, 17, 9, 15, 13, 1, 15, 15, 15, 15, 17, 5, 16, 17, 12, 18, 1, 17, 5, 17, 1, 5, 16, 1, 9, 12, 5, 16, 12, 5, 13, 15, 15, 13, 13, 16, 16, 17, 15, 12, 18, 18, 13, 12, 6, 4, 13, 12, 18, 1, 12, 13, 4, 18, 15, 12, 18, 15, 18, 18, 12, 18]
bestever    1791    in generation 7303
[19, 14, 2, 8, 14, 19, 14, 7, 14, 8, 7, 14, 11, 6, 8, 3, 14, 8, 2, 11, 2, 14, 7, 7, 14, 6, 19, 5, 3, 8, 8, 20, 6, 1, 19, 19, 3, 5, 2, 20, 2, 11, 3, 20, 8, 19, 2, 4, 2, 3, 19, 19, 1, 7, 14, 7, 8, 4, 11, 10, 19, 16, 13, 11, 7, 9, 8, 17, 20, 5, 8, 14, 3, 10, 19, 7, 6, 4, 9, 11, 20, 3, 20, 11, 10, 5, 4, 6, 10, 2, 11, 20, 6, 3, 10, 7, 1, 10, 11, 9, 4, 6, 3, 6, 9, 11, 16, 9, 1, 18, 17, 3, 10, 20, 9, 20, 10, 1, 16, 20, 10, 2, 6, 9, 4, 9, 13, 5, 16, 17, 2, 4, 12, 13, 4, 17, 7, 10, 16, 17, 9, 15, 13, 1, 15, 15, 15, 15, 17, 5, 16, 17, 12, 18, 16, 17, 5, 17, 1, 5, 16, 1, 9, 12, 5, 16, 12, 5, 13, 15, 15, 13, 13, 16, 1, 17, 15, 12, 18, 18, 13, 12, 6, 4, 13, 12, 18, 1, 12, 13, 4, 18, 15, 12, 18, 15, 18, 18, 12, 18]
bestever    1789    in generation 7334
[19, 14, 2, 8, 14, 19, 14, 7, 14, 8, 7, 14, 11, 6, 8, 3, 14, 8, 2, 11, 2, 14, 7, 7, 14, 6, 19, 5, 3, 8, 8, 20, 6, 1, 19, 7, 3, 5, 2, 20, 2, 11, 3, 20, 8, 19, 2, 4, 2, 3, 19, 19, 1, 7, 14, 7, 8, 4, 11, 10, 19, 16, 13, 11, 19, 9, 8, 17, 20, 5, 8, 14, 3, 10, 19, 7, 6, 4, 9, 11, 20, 3, 20, 11, 10, 5, 4, 6, 10, 2, 11, 20, 6, 3, 10, 7, 1, 10, 11, 9, 4, 6, 3, 6, 9, 11, 16, 9, 1, 18, 17, 3, 10, 20, 9, 20, 10, 1, 16, 20, 10, 2, 6, 9, 4, 9, 13, 5, 16, 17, 2, 4, 12, 13, 4, 17, 7, 10, 16, 17, 9, 15, 13, 1, 15, 15, 15, 15, 17, 5, 16, 17, 12, 18, 16, 17, 5, 17, 1, 5, 16, 1, 9, 12, 5, 16, 12, 5, 13, 15, 15, 13, 13, 16, 1, 17, 15, 12, 18, 18, 13, 12, 6, 4, 13, 12, 18, 1, 12, 13, 4, 18, 15, 12, 18, 15, 18, 18, 12, 18]
bestever    1786    in generation 7357
[19, 14, 2, 8, 14, 19, 14, 7, 14, 8, 7, 14, 11, 6, 8, 3, 14, 8, 2, 11, 2, 14, 7, 7, 14, 6, 19, 5, 3, 8, 8, 20, 6, 1, 19, 7, 3, 5, 2, 20, 2, 11, 3, 20, 8, 19, 2, 4, 2, 3, 19, 19, 1, 7, 14, 7, 8, 4, 11, 10, 19, 16, 13, 11, 19, 9, 8, 17, 20, 5, 8, 14, 3, 10, 19, 7, 6, 4, 9, 11, 20, 3, 20, 11, 10, 4, 6, 10, 2, 11, 20, 6, 3, 10, 7, 1, 10, 11, 9, 4, 6, 3, 6, 9, 11, 16, 9, 1, 18, 17, 3, 10, 20, 9, 20, 10, 1, 16, 5, 20, 10, 2, 6, 9, 4, 9, 13, 5, 16, 17, 2, 4, 12, 13, 4, 17, 7, 10, 16, 17, 9, 15, 13, 1, 15, 15, 15, 15, 17, 5, 16, 17, 12, 18, 16, 17, 5, 17, 1, 5, 16, 1, 9, 12, 5, 16, 12, 5, 13, 15, 15, 13, 13, 16, 1, 17, 15, 12, 18, 18, 13, 12, 6, 4, 13, 12, 18, 1, 12, 13, 4, 18, 15, 12, 18, 15, 18, 18, 12, 18]
bestever    1774    in generation 7580
[19, 14, 2, 8, 14, 19, 14, 7, 14, 8, 7, 14, 11, 6, 8, 3, 14, 8, 2, 11, 2, 14, 7, 7, 14, 6, 19, 5, 3, 8, 8, 20, 6, 1, 19, 7, 3, 5, 2, 20, 2, 11, 3, 20, 8, 19, 2, 4, 2, 3, 19, 19, 1, 7, 14, 7, 8, 4, 11, 10, 19, 11, 16, 13, 19, 9, 8, 17, 20, 5, 8, 14, 3, 10, 19, 7, 6, 4, 9, 11, 20, 3, 20, 11, 10, 4, 6, 10, 2, 11, 20, 6, 3, 10, 7, 1, 10, 11, 9, 4, 6, 3, 1, 9, 11, 16, 9, 6, 17, 3, 10, 20, 9, 20, 9, 10, 1, 16, 5, 20, 10, 2, 6, 9, 4, 9, 13, 5, 16, 17, 12, 2, 4, 13, 4, 17, 7, 10, 16, 17, 15, 13, 1, 15, 15, 15, 15, 17, 5, 16, 17, 16, 17, 5, 17, 1, 5, 16, 12, 18, 18, 1, 9, 12, 5, 16, 12, 5, 13, 15, 15, 13, 13, 16, 1, 17, 15, 12, 18, 18, 13, 12, 6, 4, 13, 12, 18, 1, 12, 13, 4, 18, 15, 12, 18, 15, 18, 18, 12, 18]
bestever    1773    in generation 7642
[19, 14, 2, 8, 14, 19, 14, 7, 14, 8, 7, 14, 11, 6, 8, 3, 14, 8, 2, 11, 2, 14, 7, 7, 14, 6, 19, 5, 3, 8, 8, 20, 6, 1, 19, 7, 3, 5, 2, 20, 2, 11, 3, 20, 8, 19, 2, 4, 2, 3, 19, 19, 1, 7, 14, 7, 8, 4, 11, 10, 19, 11, 16, 13, 19, 9, 8, 17, 20, 5, 8, 14, 3, 10, 19, 7, 6, 4, 9, 11, 20, 3, 20, 11, 10, 4, 6, 10, 2, 11, 20, 6, 3, 10, 7, 1, 10, 11, 9, 4, 6, 3, 1, 9, 11, 16, 9, 6, 17, 3, 10, 20, 9, 20, 9, 10, 1, 16, 5, 20, 10, 4, 6, 9, 4, 9, 13, 5, 16, 17, 12, 2, 4, 13, 4, 17, 7, 10, 16, 17, 15, 13, 1, 15, 15, 15, 15, 17, 5, 16, 17, 16, 17, 5, 17, 1, 5, 16, 12, 18, 18, 1, 9, 12, 5, 16, 12, 5, 13, 15, 15, 13, 13, 16, 1, 17, 15, 12, 18, 18, 13, 12, 6, 4, 13, 12, 18, 1, 12, 13, 2, 18, 15, 12, 18, 15, 18, 18, 12, 18]
bestever    1767    in generation 7702
[19, 14, 2, 8, 14, 19, 14, 7, 14, 8, 7, 14, 11, 6, 8, 3, 14, 8, 2, 11, 2, 14, 7, 7, 14, 6, 19, 5, 3, 8, 8, 20, 6, 1, 19, 7, 3, 5, 2, 20, 2, 11, 3, 20, 8, 19, 2, 4, 2, 3, 19, 19, 1, 7, 14, 7, 8, 4, 11, 10, 19, 11, 16, 13, 19, 9, 8, 17, 20, 5, 8, 14, 3, 10, 19, 7, 6, 4, 9, 11, 20, 3, 20, 11, 10, 4, 6, 10, 2, 11, 20, 6, 3, 10, 7, 1, 10, 11, 9, 4, 6, 3, 1, 9, 11, 16, 9, 6, 17, 3, 10, 20, 9, 20, 9, 10, 1, 16, 5, 20, 10, 16, 6, 9, 4, 9, 13, 5, 16, 17, 12, 2, 4, 13, 4, 17, 7, 10, 16, 17, 15, 13, 1, 15, 15, 15, 15, 17, 5, 16, 17, 4, 17, 5, 17, 1, 5, 16, 12, 18, 18, 1, 9, 12, 5, 16, 12, 5, 13, 15, 15, 13, 13, 16, 1, 17, 15, 12, 18, 18, 13, 12, 6, 4, 13, 12, 18, 1, 12, 13, 2, 18, 15, 12, 18, 15, 18, 18, 12, 18]
bestever    1765    in generation 7754
[19, 14, 2, 8, 14, 19, 14, 7, 14, 8, 7, 14, 11, 6, 8, 3, 14, 8, 2, 11, 2, 14, 7, 7, 14, 6, 19, 5, 3, 8, 8, 20, 6, 1, 19, 7, 3, 5, 2, 20, 2, 11, 3, 20, 8, 19, 2, 4, 2, 3, 19, 19, 1, 7, 14, 7, 8, 4, 11, 10, 19, 11, 16, 13, 19, 9, 8, 17, 20, 5, 8, 14, 3, 10, 19, 7, 6, 4, 9, 11, 20, 3, 20, 11, 10, 4, 6, 10, 2, 11, 20, 6, 3, 10, 7, 1, 10, 11, 9, 4, 6, 3, 1, 9, 11, 16, 9, 6, 17, 3, 10, 20, 9, 20, 9, 10, 1, 16, 5, 20, 10, 16, 6, 9, 4, 9, 13, 5, 16, 17, 12, 2, 4, 13, 4, 17, 7, 10, 16, 17, 15, 13, 1, 13, 15, 15, 15, 17, 5, 16, 17, 4, 17, 5, 17, 1, 5, 16, 12, 18, 18, 1, 9, 12, 5, 16, 12, 5, 13, 15, 15, 15, 13, 16, 1, 17, 15, 12, 18, 18, 13, 12, 6, 4, 13, 12, 18, 1, 12, 13, 2, 18, 15, 12, 18, 15, 18, 18, 12, 18]
bestever    1755    in generation 7826
[19, 14, 2, 8, 14, 19, 14, 7, 14, 8, 7, 14, 11, 6, 8, 3, 14, 8, 8, 11, 2, 14, 7, 7, 14, 6, 19, 5, 3, 2, 8, 20, 6, 1, 19, 7, 3, 5, 2, 20, 2, 11, 3, 20, 8, 19, 2, 4, 2, 3, 19, 19, 1, 7, 14, 7, 8, 4, 11, 10, 19, 11, 16, 13, 19, 9, 8, 17, 20, 5, 8, 14, 3, 10, 19, 7, 6, 4, 9, 11, 20, 3, 20, 11, 10, 4, 6, 10, 2, 11, 20, 6, 3, 10, 7, 1, 10, 11, 9, 4, 6, 3, 1, 9, 11, 16, 9, 6, 17, 3, 10, 20, 9, 20, 9, 10, 1, 16, 5, 20, 10, 16, 6, 9, 4, 9, 13, 5, 16, 17, 12, 2, 4, 13, 4, 17, 7, 10, 16, 17, 15, 13, 1, 13, 15, 15, 15, 17, 5, 16, 17, 4, 17, 5, 17, 1, 5, 16, 12, 18, 18, 1, 9, 12, 5, 16, 12, 5, 13, 15, 15, 15, 13, 16, 1, 17, 15, 12, 18, 18, 13, 12, 18, 4, 13, 12, 18, 1, 12, 13, 2, 6, 15, 12, 18, 15, 18, 18, 12, 18]
bestever    1753    in generation 7862
[19, 14, 2, 8, 14, 19, 14, 7, 14, 8, 7, 14, 11, 6, 8, 3, 14, 8, 8, 11, 2, 14, 7, 7, 14, 6, 19, 5, 3, 2, 8, 20, 6, 1, 19, 7, 3, 5, 2, 20, 2, 11, 3, 20, 8, 19, 2, 4, 2, 3, 19, 19, 1, 7, 14, 7, 8, 4, 11, 10, 19, 11, 16, 13, 19, 9, 8, 17, 20, 5, 8, 14, 3, 10, 19, 7, 6, 4, 9, 11, 20, 3, 20, 11, 10, 4, 6, 10, 2, 11, 20, 6, 3, 10, 7, 1, 10, 11, 9, 4, 6, 3, 1, 9, 11, 16, 9, 6, 17, 3, 10, 20, 9, 20, 9, 10, 1, 16, 5, 20, 10, 16, 6, 9, 4, 9, 13, 4, 16, 17, 12, 2, 4, 13, 5, 17, 7, 10, 16, 17, 15, 13, 1, 13, 15, 15, 15, 17, 5, 16, 17, 4, 17, 5, 17, 1, 5, 16, 12, 18, 18, 1, 9, 12, 5, 16, 12, 5, 13, 15, 15, 15, 13, 16, 1, 17, 15, 12, 18, 18, 13, 12, 18, 4, 13, 12, 18, 1, 12, 13, 2, 6, 15, 12, 18, 15, 18, 18, 12, 18]
bestever    1749    in generation 7938
[19, 14, 2, 8, 14, 19, 14, 7, 14, 8, 7, 14, 11, 6, 8, 3, 14, 8, 8, 11, 2, 14, 7, 7, 14, 6, 19, 5, 3, 2, 8, 20, 6, 1, 19, 7, 3, 2, 2, 20, 2, 11, 3, 20, 8, 19, 2, 4, 5, 3, 19, 19, 1, 7, 14, 7, 8, 4, 11, 10, 19, 11, 16, 13, 19, 9, 8, 17, 20, 5, 8, 14, 3, 10, 19, 7, 6, 4, 9, 11, 20, 3, 20, 11, 10, 4, 6, 10, 2, 11, 20, 6, 3, 10, 7, 1, 10, 11, 9, 4, 6, 3, 1, 9, 11, 16, 9, 6, 17, 3, 10, 20, 9, 20, 9, 10, 1, 16, 5, 20, 10, 16, 6, 9, 4, 9, 13, 4, 16, 17, 12, 2, 4, 13, 5, 17, 7, 10, 16, 17, 15, 13, 1, 13, 15, 15, 15, 17, 5, 16, 17, 4, 17, 5, 17, 1, 5, 16, 12, 18, 18, 1, 9, 12, 5, 16, 12, 5, 13, 15, 15, 15, 13, 16, 1, 17, 15, 12, 18, 18, 13, 12, 18, 4, 13, 12, 18, 1, 12, 13, 2, 6, 15, 12, 18, 15, 18, 18, 12, 18]
bestever    1748    in generation 8043
[19, 14, 2, 8, 14, 19, 14, 7, 14, 8, 7, 14, 11, 6, 8, 3, 14, 8, 8, 11, 2, 14, 7, 7, 14, 6, 19, 5, 3, 2, 8, 20, 6, 1, 19, 7, 3, 2, 2, 20, 2, 11, 3, 20, 8, 19, 2, 4, 5, 3, 19, 19, 1, 7, 14, 7, 8, 4, 11, 10, 6, 19, 11, 16, 13, 19, 9, 8, 17, 20, 5, 8, 14, 3, 10, 19, 7, 6, 4, 9, 11, 20, 3, 20, 11, 10, 4, 6, 10, 2, 11, 20, 3, 10, 7, 1, 10, 11, 9, 4, 6, 3, 1, 9, 11, 16, 9, 6, 17, 3, 10, 20, 9, 20, 9, 10, 1, 16, 5, 20, 10, 16, 6, 9, 4, 9, 13, 4, 16, 17, 12, 2, 4, 13, 5, 17, 7, 10, 16, 17, 15, 13, 1, 13, 15, 15, 15, 17, 5, 16, 17, 4, 17, 5, 17, 1, 5, 16, 12, 1, 9, 12, 5, 16, 5, 13, 15, 15, 15, 13, 16, 1, 17, 15, 18, 18, 13, 18, 12, 18, 12, 12, 18, 4, 13, 12, 18, 1, 12, 13, 2, 6, 15, 12, 18, 15, 18, 18, 12, 18]
bestever    1747    in generation 8052
[19, 14, 2, 8, 14, 19, 14, 7, 14, 8, 7, 14, 11, 6, 8, 3, 14, 8, 8, 11, 2, 14, 7, 7, 14, 6, 19, 5, 3, 2, 8, 20, 6, 1, 19, 7, 3, 2, 2, 5, 2, 11, 3, 20, 8, 19, 2, 4, 5, 3, 19, 19, 1, 7, 14, 7, 8, 4, 11, 10, 6, 19, 11, 16, 13, 19, 9, 8, 17, 20, 20, 8, 14, 3, 10, 19, 7, 6, 4, 9, 11, 20, 3, 20, 11, 10, 4, 6, 10, 2, 11, 20, 3, 10, 7, 1, 10, 11, 9, 4, 6, 3, 1, 9, 11, 16, 9, 6, 17, 3, 10, 20, 9, 20, 9, 10, 1, 16, 5, 20, 10, 16, 6, 9, 4, 9, 13, 4, 16, 17, 12, 2, 4, 13, 5, 17, 7, 10, 16, 17, 15, 13, 1, 13, 15, 15, 15, 17, 5, 16, 17, 4, 17, 5, 17, 1, 5, 16, 12, 1, 9, 12, 5, 16, 5, 13, 15, 15, 15, 13, 16, 1, 17, 15, 18, 18, 13, 18, 12, 18, 12, 12, 18, 4, 13, 12, 18, 1, 12, 13, 2, 6, 15, 12, 18, 15, 18, 18, 12, 18]
