bestever    3257    in generation 0
[16, 3, 15, 12, 1, 3, 8, 3, 17, 19, 12, 20, 15, 9, 12, 2, 15, 17, 9, 13, 13, 3, 16, 3, 18, 2, 18, 16, 8, 13, 13, 15, 10, 5, 8, 13, 4, 10, 18, 15, 6, 10, 11, 11, 20, 17, 20, 3, 14, 9, 6, 20, 9, 14, 18, 9, 8, 10, 12, 11, 10, 15, 6, 5, 19, 19, 10, 16, 1, 12, 11, 5, 7, 14, 6, 16, 6, 3, 6, 9, 12, 4, 13, 18, 10, 9, 17, 19, 7, 19, 11, 3, 15, 14, 18, 14, 13, 17, 10, 5, 13, 14, 6, 7, 10, 6, 17, 18, 2, 18, 17, 7, 12, 2, 20, 12, 20, 15, 1, 17, 12, 7, 11, 13, 15, 9, 11, 18, 7, 14, 2, 4, 16, 7, 20, 9, 16, 8, 3, 16, 19, 4, 20, 1, 11, 19, 13, 1, 20, 2, 4, 6, 19, 1, 6, 20, 1, 2, 8, 2, 2, 8, 5, 8, 11, 1, 5, 1, 3, 7, 14, 8, 10, 4, 9, 19, 1, 12, 4, 5, 4, 4, 16, 7, 4, 5, 11, 18, 19, 14, 14, 5, 8, 15, 5, 2, 17, 7, 17, 16]
bestever    3115    in generation 1
[8, 16, 9, 9, 19, 2, 14, 17, 19, 17, 5, 3, 17, 16, 5, 5, 3, 1, 9, 9, 1, 1, 1, 18, 18, 7, 3, 17, 8, 5, 6, 1, 20, 19, 2, 20, 14, 1, 16, 7, 14, 15, 13, 1, 1, 9, 12, 16, 3, 11, 19, 7, 3, 12, 12, 14, 7, 4, 17, 14, 16, 20, 2, 18, 19, 8, 4, 8, 4, 12, 13, 19, 2, 14, 6, 14, 15, 10, 5, 6, 17, 19, 15, 1, 11, 4, 20, 11, 2, 6, 10, 10, 4, 2, 16, 18, 11, 4, 8, 16, 4, 2, 12, 16, 19, 20, 18, 16, 17, 18, 9, 20, 20, 13, 6, 7, 14, 12, 5, 18, 8, 17, 17, 19, 20, 12, 5, 13, 15, 9, 20, 7, 3, 1, 10, 13, 15, 10, 11, 18, 17, 12, 3, 7, 19, 6, 11, 8, 20, 13, 4, 2, 14, 11, 6, 2, 6, 5, 18, 11, 5, 10, 3, 16, 8, 15, 7, 15, 3, 18, 13, 15, 8, 7, 4, 5, 11, 9, 10, 6, 15, 9, 13, 10, 10, 4, 10, 13, 7, 12, 2, 11, 6, 3, 12, 15, 9, 13, 14, 8]
bestever    3022    in generation 2
[14, 8, 16, 9, 9, 19, 2, 2, 14, 9, 17, 1, 19, 17, 14, 5, 3, 16, 16, 5, 1, 3, 19, 16, 1, 3, 1, 10, 10, 1, 9, 15, 10, 9, 4, 9, 1, 1, 6, 1, 17, 18, 18, 7, 13, 5, 8, 10, 3, 11, 19, 7, 3, 12, 12, 14, 7, 4, 17, 14, 16, 20, 2, 18, 19, 8, 4, 8, 4, 12, 13, 19, 2, 14, 6, 14, 15, 10, 5, 6, 17, 19, 15, 1, 11, 4, 20, 11, 2, 6, 10, 10, 4, 2, 16, 18, 11, 4, 8, 16, 4, 2, 12, 16, 19, 20, 18, 16, 17, 18, 9, 20, 20, 13, 6, 7, 14, 12, 5, 18, 8, 17, 17, 19, 20, 12, 5, 13, 15, 9, 20, 7, 3, 1, 10, 13, 15, 10, 11, 18, 17, 12, 3, 7, 19, 6, 11, 8, 20, 13, 4, 2, 14, 11, 6, 2, 6, 5, 18, 11, 5, 10, 3, 16, 8, 15, 7, 15, 3, 18, 13, 15, 8, 7, 4, 5, 11, 9, 13, 12, 17, 11, 15, 14, 8, 5, 12, 13, 7, 12, 20, 2, 7, 6, 3, 15, 20, 9, 6, 13]
bestever    2951    in generation 5
[14, 8, 16, 9, 9, 19, 2, 2, 14, 9, 17, 1, 19, 17, 14, 5, 3, 16, 16, 5, 1, 3, 19, 16, 1, 3, 1, 10, 10, 1, 9, 15, 10, 9, 4, 9, 1, 1, 6, 1, 17, 18, 18, 7, 13, 5, 8, 10, 3, 11, 19, 7, 3, 12, 12, 14, 7, 4, 17, 14, 16, 20, 2, 18, 19, 8, 4, 8, 4, 12, 13, 19, 2, 14, 6, 14, 15, 10, 5, 6, 17, 19, 15, 1, 11, 4, 20, 11, 2, 6, 10, 10, 4, 2, 16, 18, 11, 4, 8, 16, 4, 2, 12, 16, 19, 20, 18, 16, 17, 18, 9, 20, 20, 13, 6, 7, 14, 12, 5, 18, 8, 17, 17, 19, 20, 12, 5, 13, 15, 9, 20, 7, 3, 1, 10, 13, 15, 10, 11, 18, 17, 12, 3, 7, 19, 6, 11, 8, 20, 13, 4, 2, 14, 11, 6, 2, 6, 5, 18, 11, 5, 16, 15, 7, 15, 3, 18, 13, 15, 8, 7, 4, 5, 11, 9, 8, 10, 3, 13, 12, 17, 11, 15, 14, 8, 5, 12, 13, 7, 12, 20, 2, 7, 6, 3, 15, 20, 9, 6, 13]
bestever    2948    in generation 6
[14, 8, 16, 9, 9, 19, 2, 2, 14, 9, 17, 1, 19, 17, 14, 5, 3, 16, 16, 5, 1, 3, 19, 16, 1, 3, 1, 10, 10, 1, 9, 15, 10, 9, 4, 1, 1, 6, 1, 17, 18, 18, 7, 5, 8, 10, 3, 11, 19, 12, 14, 4, 17, 14, 16, 2, 18, 19, 8, 4, 8, 4, 19, 2, 14, 6, 15, 10, 17, 19, 1, 11, 4, 11, 2, 10, 10, 4, 16, 18, 11, 4, 20, 12, 20, 14, 6, 2, 6, 7, 3, 13, 8, 7, 5, 9, 13, 12, 15, 16, 4, 2, 12, 16, 19, 20, 18, 16, 17, 18, 9, 20, 20, 13, 6, 7, 14, 12, 5, 18, 8, 17, 17, 19, 20, 12, 5, 13, 15, 9, 20, 7, 3, 1, 10, 13, 15, 10, 11, 18, 17, 12, 3, 7, 19, 6, 11, 8, 20, 13, 4, 2, 14, 11, 6, 2, 6, 5, 18, 11, 5, 10, 3, 16, 8, 15, 7, 15, 3, 18, 13, 15, 8, 7, 4, 5, 11, 9, 13, 12, 17, 11, 15, 14, 8, 5, 12, 13, 7, 12, 20, 2, 7, 6, 3, 15, 20, 9, 6, 13]
bestever    2927    in generation 7
[14, 8, 16, 9, 9, 19, 2, 2, 14, 9, 17, 1, 19, 17, 14, 5, 3, 16, 16, 5, 1, 3, 19, 16, 1, 3, 1, 10, 10, 1, 9, 15, 10, 9, 4, 9, 1, 1, 6, 1, 17, 18, 18, 7, 13, 5, 8, 10, 3, 11, 19, 3, 12, 12, 14, 7, 4, 17, 14, 16, 20, 2, 18, 19, 8, 4, 4, 12, 19, 2, 14, 14, 15, 10, 5, 6, 17, 19, 15, 1, 4, 20, 11, 2, 6, 10, 10, 4, 2, 16, 18, 11, 4, 8, 16, 2, 12, 16, 19, 20, 18, 16, 17, 18, 9, 20, 20, 13, 6, 7, 14, 12, 5, 18, 8, 17, 17, 19, 12, 5, 13, 15, 9, 20, 7, 3, 1, 10, 13, 15, 10, 11, 18, 17, 12, 3, 7, 6, 11, 8, 20, 13, 4, 7, 19, 6, 11, 8, 20, 13, 4, 2, 14, 11, 6, 2, 6, 5, 18, 11, 5, 10, 3, 16, 8, 15, 7, 15, 3, 18, 13, 15, 8, 7, 4, 5, 11, 9, 13, 12, 17, 11, 15, 14, 8, 5, 12, 13, 7, 12, 20, 2, 7, 6, 3, 15, 20, 9, 6, 13]
bestever    2851    in generation 8
[14, 8, 16, 9, 9, 19, 2, 2, 14, 9, 17, 1, 19, 17, 14, 5, 3, 16, 16, 5, 1, 3, 19, 16, 1, 3, 1, 10, 10, 1, 9, 15, 10, 9, 4, 9, 1, 1, 6, 1, 17, 18, 18, 7, 13, 5, 8, 10, 3, 11, 19, 7, 3, 12, 12, 14, 7, 4, 17, 14, 16, 20, 2, 18, 19, 8, 4, 8, 4, 12, 13, 19, 2, 14, 6, 14, 15, 10, 5, 6, 17, 19, 15, 1, 11, 4, 20, 11, 2, 6, 10, 10, 4, 2, 16, 18, 11, 4, 8, 16, 4, 2, 12, 16, 19, 20, 18, 16, 17, 18, 9, 20, 20, 13, 6, 7, 14, 12, 5, 18, 8, 17, 17, 19, 20, 12, 5, 13, 15, 9, 20, 9, 3, 1, 10, 13, 15, 10, 11, 18, 17, 12, 3, 7, 19, 6, 11, 8, 20, 13, 4, 2, 14, 11, 6, 2, 6, 5, 18, 11, 5, 10, 3, 16, 8, 15, 7, 15, 3, 18, 13, 15, 8, 7, 4, 5, 11, 9, 13, 12, 17, 11, 15, 14, 8, 5, 12, 13, 7, 12, 20, 2, 7, 6, 3, 15, 20, 7, 6, 13]
bestever    2808    in generation 12
[8, 16, 9, 9, 19, 2, 2, 14, 9, 17, 1, 19, 17, 14, 5, 3, 16, 16, 5, 1, 3, 19, 16, 1, 3, 1, 10, 10, 1, 9, 10, 9, 4, 9, 1, 1, 1, 17, 18, 18, 7, 5, 8, 10, 3, 11, 19, 7, 12, 12, 14, 4, 17, 14, 16, 2, 18, 19, 8, 4, 4, 12, 19, 2, 14, 6, 6, 3, 9, 15, 13, 20, 6, 14, 15, 10, 5, 6, 17, 19, 15, 1, 11, 4, 20, 11, 2, 10, 10, 4, 2, 16, 18, 4, 8, 16, 12, 16, 19, 20, 18, 16, 17, 18, 9, 20, 20, 13, 7, 12, 18, 8, 17, 17, 19, 20, 12, 13, 15, 9, 20, 7, 1, 10, 13, 15, 10, 17, 12, 3, 7, 19, 8, 13, 4, 14, 11, 6, 2, 6, 5, 18, 11, 5, 3, 6, 11, 8, 13, 4, 2, 14, 11, 6, 2, 6, 5, 18, 11, 5, 10, 3, 16, 8, 15, 7, 15, 3, 18, 13, 8, 4, 5, 11, 9, 12, 15, 13, 7, 20, 17, 11, 15, 14, 8, 5, 12, 13, 7, 12, 20, 2, 7, 6, 3, 15, 20, 7, 13, 14]
bestever    2786    in generation 13
[14, 8, 16, 9, 9, 19, 2, 2, 14, 9, 17, 1, 19, 17, 14, 5, 3, 16, 16, 5, 1, 3, 19, 16, 1, 3, 1, 10, 10, 1, 9, 15, 10, 9, 4, 9, 1, 1, 6, 1, 17, 18, 18, 7, 13, 5, 8, 10, 3, 11, 19, 7, 3, 12, 12, 14, 4, 17, 14, 16, 20, 2, 18, 19, 8, 4, 8, 4, 12, 13, 19, 2, 14, 6, 14, 15, 10, 5, 6, 17, 19, 15, 1, 11, 4, 20, 11, 2, 6, 10, 10, 4, 2, 16, 18, 11, 4, 8, 16, 4, 12, 16, 19, 20, 18, 16, 17, 18, 9, 20, 20, 13, 12, 18, 8, 17, 17, 19, 20, 12, 9, 20, 9, 3, 1, 10, 13, 10, 18, 17, 12, 7, 19, 20, 13, 4, 14, 11, 6, 2, 6, 5, 11, 5, 7, 15, 3, 13, 15, 8, 7, 2, 14, 11, 6, 2, 6, 5, 18, 11, 5, 10, 3, 16, 8, 15, 7, 15, 3, 18, 13, 15, 8, 7, 4, 5, 11, 9, 13, 12, 17, 11, 15, 14, 8, 5, 12, 13, 7, 12, 20, 2, 7, 6, 3, 15, 20, 7, 6, 13]
bestever    2729    in generation 17
[14, 8, 16, 9, 9, 19, 2, 2, 14, 9, 17, 1, 19, 17, 14, 5, 3, 16, 16, 5, 1, 3, 19, 16, 1, 3, 1, 10, 10, 1, 9, 15, 10, 9, 4, 9, 1, 1, 6, 1, 17, 18, 18, 7, 13, 5, 8, 10, 3, 11, 19, 7, 3, 12, 12, 14, 4, 17, 14, 16, 20, 2, 18, 19, 8, 4, 8, 4, 12, 13, 19, 2, 14, 6, 14, 15, 10, 5, 6, 17, 19, 15, 1, 11, 4, 20, 11, 2, 6, 10, 10, 4, 2, 16, 18, 11, 4, 8, 16, 4, 12, 16, 19, 20, 18, 16, 17, 18, 9, 20, 20, 13, 12, 18, 8, 17, 17, 19, 20, 12, 9, 20, 9, 3, 1, 10, 13, 10, 18, 17, 12, 7, 19, 13, 4, 14, 11, 6, 2, 6, 5, 11, 5, 7, 15, 3, 15, 8, 2, 14, 11, 6, 2, 5, 18, 11, 5, 10, 3, 16, 8, 13, 20, 7, 6, 15, 7, 15, 3, 18, 13, 15, 8, 7, 4, 5, 11, 9, 13, 12, 17, 11, 15, 14, 8, 5, 12, 13, 7, 12, 20, 2, 7, 6, 3, 15, 20, 7, 6, 13]
bestever    2727    in generation 24
[14, 8, 16, 9, 9, 19, 2, 2, 14, 9, 17, 1, 19, 17, 14, 5, 3, 16, 16, 5, 1, 3, 19, 16, 1, 3, 1, 10, 10, 1, 9, 15, 10, 9, 4, 9, 1, 1, 6, 1, 17, 18, 18, 13, 5, 8, 10, 3, 11, 19, 12, 12, 14, 4, 17, 14, 16, 20, 2, 18, 19, 8, 4, 8, 4, 12, 19, 2, 14, 6, 14, 15, 10, 5, 17, 19, 1, 11, 4, 20, 11, 2, 10, 10, 4, 16, 18, 11, 4, 8, 16, 4, 12, 16, 19, 18, 6, 2, 6, 3, 7, 15, 13, 7, 20, 16, 17, 18, 9, 20, 20, 13, 12, 18, 8, 17, 17, 19, 20, 12, 9, 20, 9, 3, 1, 10, 13, 10, 18, 17, 12, 7, 19, 13, 4, 14, 11, 6, 2, 6, 5, 11, 5, 7, 15, 3, 15, 8, 2, 14, 11, 6, 2, 5, 18, 11, 5, 10, 3, 16, 8, 13, 20, 7, 6, 15, 7, 15, 3, 18, 13, 15, 8, 7, 4, 5, 11, 9, 13, 12, 17, 11, 15, 14, 8, 5, 12, 13, 7, 12, 20, 2, 7, 6, 3, 15, 20, 7, 6, 13]
bestever    2720    in generation 25
[14, 8, 16, 9, 9, 19, 2, 2, 14, 9, 17, 1, 19, 17, 14, 5, 3, 16, 16, 5, 1, 3, 19, 16, 1, 3, 1, 10, 10, 1, 9, 15, 10, 9, 4, 9, 1, 1, 6, 1, 17, 18, 18, 7, 13, 5, 8, 10, 3, 11, 19, 7, 3, 12, 12, 14, 4, 17, 14, 16, 20, 2, 18, 19, 8, 4, 8, 4, 12, 13, 19, 2, 14, 6, 14, 15, 10, 5, 6, 17, 19, 15, 1, 11, 4, 20, 11, 2, 6, 10, 10, 4, 2, 16, 18, 11, 4, 8, 16, 4, 12, 16, 19, 20, 18, 16, 17, 18, 9, 20, 20, 13, 12, 18, 8, 17, 17, 19, 20, 9, 20, 9, 3, 1, 10, 13, 10, 18, 17, 12, 7, 19, 4, 14, 11, 6, 2, 6, 5, 11, 5, 15, 3, 8, 2, 14, 11, 6, 2, 5, 18, 10, 16, 20, 7, 6, 7, 15, 3, 13, 15, 8, 7, 5, 11, 13, 12, 15, 3, 18, 13, 15, 8, 7, 4, 5, 11, 9, 13, 12, 17, 11, 15, 14, 8, 5, 12, 13, 7, 12, 20, 2, 7, 6, 3, 15, 20, 7, 6, 13]
bestever    2716    in generation 30
[14, 8, 16, 9, 9, 19, 2, 2, 14, 9, 17, 1, 19, 17, 14, 5, 3, 16, 16, 5, 1, 3, 19, 16, 1, 3, 1, 10, 10, 1, 9, 15, 10, 9, 4, 9, 1, 1, 6, 1, 17, 18, 18, 7, 13, 5, 8, 10, 3, 11, 19, 7, 3, 12, 12, 14, 4, 17, 14, 16, 20, 2, 18, 19, 8, 4, 8, 4, 12, 13, 19, 2, 14, 6, 14, 15, 10, 5, 6, 17, 19, 15, 1, 11, 4, 20, 11, 2, 6, 10, 10, 4, 2, 16, 18, 11, 4, 8, 16, 4, 12, 16, 19, 20, 18, 16, 17, 18, 9, 20, 20, 13, 12, 18, 8, 17, 17, 19, 20, 9, 20, 9, 3, 1, 10, 13, 10, 18, 17, 12, 7, 19, 4, 14, 11, 6, 2, 6, 5, 11, 5, 15, 3, 8, 2, 7, 15, 8, 12, 14, 11, 6, 2, 5, 18, 11, 5, 10, 3, 16, 8, 13, 20, 7, 6, 15, 7, 15, 3, 18, 13, 15, 8, 7, 4, 5, 11, 9, 13, 12, 17, 11, 15, 14, 5, 12, 13, 7, 12, 20, 2, 7, 6, 3, 15, 20, 7, 6, 13, 13]
bestever    2676    in generation 31
[16, 9, 9, 19, 2, 2, 14, 9, 17, 1, 19, 17, 14, 5, 3, 16, 16, 5, 1, 3, 19, 1, 3, 1, 10, 10, 1, 9, 15, 10, 9, 4, 9, 1, 1, 6, 1, 17, 18, 18, 5, 8, 10, 3, 11, 19, 12, 14, 4, 5, 14, 16, 2, 18, 19, 8, 4, 8, 4, 19, 2, 14, 6, 14, 15, 10, 5, 17, 19, 1, 11, 4, 11, 10, 10, 16, 20, 12, 6, 2, 20, 7, 6, 7, 3, 13, 7, 13, 12, 15, 5, 4, 2, 16, 18, 11, 4, 8, 16, 4, 12, 16, 19, 20, 18, 16, 17, 18, 9, 20, 20, 13, 12, 18, 8, 17, 17, 19, 20, 9, 20, 9, 3, 1, 10, 13, 10, 18, 17, 12, 7, 19, 4, 14, 11, 6, 2, 6, 5, 11, 5, 15, 3, 8, 2, 14, 11, 6, 2, 5, 18, 10, 16, 20, 7, 6, 7, 15, 3, 13, 15, 8, 7, 17, 11, 13, 12, 15, 3, 18, 13, 15, 8, 7, 4, 5, 11, 9, 13, 12, 17, 11, 15, 14, 8, 12, 13, 7, 12, 20, 2, 7, 6, 3, 15, 20, 6, 13, 14, 8]
bestever    2665    in generation 35
[16, 9, 9, 19, 2, 2, 14, 9, 17, 1, 19, 17, 14, 5, 3, 16, 16, 5, 1, 3, 19, 1, 3, 1, 10, 10, 1, 9, 15, 10, 9, 4, 9, 1, 1, 6, 1, 17, 18, 18, 5, 8, 10, 3, 11, 19, 12, 14, 4, 5, 14, 16, 2, 18, 19, 8, 4, 8, 4, 19, 2, 14, 6, 14, 15, 10, 5, 17, 19, 1, 11, 4, 11, 10, 10, 16, 20, 12, 6, 2, 20, 7, 6, 7, 3, 13, 7, 13, 12, 15, 5, 4, 2, 16, 18, 11, 4, 8, 16, 4, 12, 16, 19, 20, 18, 16, 17, 18, 9, 20, 20, 13, 12, 18, 8, 17, 17, 19, 20, 9, 20, 9, 3, 1, 10, 13, 10, 18, 17, 12, 7, 19, 4, 14, 11, 6, 2, 6, 5, 11, 5, 15, 3, 8, 2, 14, 11, 6, 2, 5, 18, 10, 16, 20, 7, 6, 15, 15, 3, 13, 15, 8, 7, 17, 11, 13, 12, 7, 3, 18, 13, 15, 8, 7, 4, 5, 11, 9, 13, 12, 17, 11, 15, 14, 8, 12, 13, 7, 12, 20, 2, 7, 6, 3, 15, 20, 6, 13, 14, 8]
bestever    2650    in generation 39
[16, 9, 9, 19, 2, 2, 14, 9, 17, 1, 19, 17, 14, 19, 3, 16, 16, 5, 1, 3, 19, 1, 3, 1, 10, 10, 1, 9, 15, 10, 9, 4, 9, 1, 1, 6, 1, 17, 18, 18, 5, 8, 10, 3, 11, 19, 12, 14, 4, 5, 14, 16, 2, 18, 5, 8, 4, 8, 4, 19, 2, 14, 15, 14, 15, 10, 5, 17, 19, 1, 11, 4, 11, 10, 10, 16, 20, 12, 6, 2, 20, 7, 6, 7, 3, 13, 7, 13, 12, 15, 5, 4, 2, 16, 18, 11, 4, 8, 16, 4, 12, 16, 19, 20, 18, 16, 17, 18, 9, 20, 20, 13, 12, 18, 8, 17, 17, 19, 20, 9, 20, 9, 3, 1, 10, 13, 10, 18, 17, 12, 7, 19, 4, 14, 11, 6, 2, 6, 5, 11, 5, 6, 3, 8, 2, 14, 11, 6, 2, 5, 18, 10, 16, 20, 7, 6, 7, 15, 3, 13, 15, 8, 7, 17, 11, 13, 12, 15, 3, 18, 13, 15, 8, 7, 4, 5, 11, 9, 13, 12, 17, 11, 15, 14, 8, 12, 13, 7, 12, 20, 2, 7, 6, 3, 15, 20, 6, 13, 14, 8]
bestever    2608    in generation 41
[9, 9, 19, 2, 2, 14, 9, 17, 1, 19, 17, 14, 19, 3, 16, 16, 5, 1, 3, 19, 1, 3, 1, 10, 10, 1, 9, 10, 9, 4, 9, 1, 1, 6, 1, 17, 18, 18, 5, 8, 10, 3, 11, 19, 12, 14, 4, 5, 14, 16, 2, 18, 5, 8, 4, 8, 4, 19, 2, 14, 14, 15, 10, 5, 17, 19, 1, 11, 4, 11, 10, 10, 16, 20, 12, 6, 2, 20, 7, 6, 3, 13, 13, 12, 15, 5, 4, 2, 16, 18, 11, 4, 16, 4, 12, 16, 19, 20, 18, 16, 17, 18, 9, 20, 20, 13, 12, 18, 8, 17, 17, 19, 9, 20, 9, 1, 10, 13, 10, 17, 12, 19, 4, 14, 11, 6, 2, 6, 5, 11, 3, 8, 2, 14, 11, 6, 2, 5, 18, 20, 7, 6, 7, 15, 3, 13, 15, 8, 7, 5, 18, 10, 16, 20, 7, 6, 7, 15, 3, 13, 15, 8, 7, 17, 11, 13, 12, 15, 3, 18, 13, 15, 8, 7, 4, 5, 11, 9, 13, 12, 17, 11, 15, 14, 8, 12, 13, 7, 12, 20, 2, 7, 6, 3, 15, 20, 6, 14, 8, 16]
bestever    2541    in generation 44
[16, 9, 9, 19, 2, 2, 14, 9, 17, 1, 19, 17, 14, 19, 3, 16, 16, 5, 1, 3, 19, 1, 3, 1, 10, 10, 1, 9, 10, 9, 4, 9, 1, 1, 6, 1, 17, 18, 18, 5, 8, 10, 3, 11, 19, 12, 14, 4, 5, 14, 2, 18, 5, 4, 16, 8, 4, 19, 2, 14, 14, 15, 10, 5, 17, 19, 1, 11, 4, 11, 10, 10, 16, 20, 12, 6, 2, 20, 7, 6, 3, 13, 13, 12, 15, 5, 4, 2, 16, 18, 11, 4, 16, 4, 12, 16, 19, 20, 18, 16, 17, 18, 9, 20, 20, 13, 12, 18, 8, 17, 17, 19, 9, 20, 9, 1, 10, 13, 10, 17, 12, 19, 4, 14, 11, 6, 2, 6, 5, 11, 3, 8, 2, 14, 11, 6, 2, 5, 18, 20, 7, 6, 7, 15, 3, 13, 15, 8, 7, 5, 18, 10, 16, 20, 7, 6, 7, 15, 3, 13, 15, 8, 7, 17, 11, 13, 12, 15, 3, 18, 13, 15, 8, 7, 4, 5, 11, 9, 13, 12, 17, 11, 15, 14, 8, 12, 13, 7, 12, 20, 2, 7, 6, 3, 15, 20, 6, 14, 8, 8]
bestever    2499    in generation 47
[16, 9, 9, 19, 2, 2, 14, 9, 17, 1, 19, 17, 14, 19, 3, 16, 16, 5, 1, 3, 19, 1, 3, 1, 10, 10, 1, 9, 10, 9, 4, 9, 1, 1, 6, 1, 17, 18, 18, 5, 8, 10, 3, 11, 19, 12, 14, 4, 5, 14, 2, 18, 5, 4, 16, 8, 4, 19, 2, 14, 15, 10, 5, 17, 19, 1, 11, 4, 11, 10, 10, 16, 20, 12, 2, 20, 13, 13, 12, 5, 4, 16, 18, 11, 4, 16, 4, 12, 16, 19, 20, 18, 17, 18, 9, 20, 20, 13, 12, 18, 17, 17, 19, 9, 9, 1, 10, 13, 10, 17, 2, 6, 16, 6, 3, 15, 14, 8, 7, 20, 12, 19, 4, 14, 11, 6, 2, 6, 5, 11, 3, 8, 2, 14, 11, 6, 2, 5, 18, 20, 7, 6, 7, 15, 3, 13, 15, 8, 7, 5, 18, 10, 16, 20, 7, 6, 7, 15, 3, 13, 15, 8, 7, 17, 11, 13, 12, 15, 3, 18, 13, 15, 8, 7, 4, 5, 11, 9, 13, 12, 17, 11, 15, 14, 8, 12, 13, 7, 12, 20, 2, 7, 6, 3, 15, 20, 6, 14, 8, 8]
bestever    2491    in generation 48
[16, 9, 9, 19, 2, 2, 14, 9, 17, 1, 19, 17, 14, 19, 3, 16, 16, 5, 1, 3, 19, 1, 3, 1, 10, 10, 1, 9, 10, 9, 4, 9, 1, 1, 6, 1, 17, 18, 18, 5, 8, 10, 3, 11, 19, 12, 14, 4, 5, 14, 2, 18, 5, 4, 16, 8, 4, 19, 2, 14, 14, 15, 10, 5, 17, 19, 1, 11, 4, 11, 10, 10, 16, 20, 12, 6, 2, 20, 7, 6, 3, 13, 13, 12, 15, 5, 4, 2, 16, 18, 11, 4, 16, 4, 12, 16, 19, 20, 18, 16, 17, 18, 9, 20, 20, 3, 12, 18, 8, 17, 17, 19, 9, 20, 9, 1, 10, 13, 10, 17, 12, 19, 4, 14, 11, 6, 2, 6, 5, 11, 3, 8, 2, 14, 11, 6, 2, 5, 18, 20, 7, 6, 7, 15, 3, 13, 15, 8, 7, 5, 18, 10, 16, 20, 7, 6, 7, 15, 13, 13, 15, 8, 7, 17, 11, 13, 12, 15, 3, 18, 13, 15, 8, 7, 4, 5, 11, 9, 13, 12, 17, 11, 15, 14, 8, 12, 13, 7, 12, 20, 2, 7, 6, 3, 15, 20, 6, 14, 8, 8]
bestever    2467    in generation 56
[16, 9, 9, 19, 2, 2, 14, 9, 17, 1, 19, 17, 14, 19, 3, 16, 16, 5, 1, 3, 19, 1, 3, 1, 10, 10, 1, 9, 10, 9, 4, 9, 1, 1, 6, 1, 17, 18, 18, 5, 8, 10, 3, 11, 19, 12, 14, 4, 5, 14, 2, 18, 5, 4, 16, 8, 4, 19, 2, 14, 14, 15, 10, 5, 17, 19, 1, 11, 4, 11, 10, 10, 16, 20, 12, 6, 2, 20, 7, 6, 3, 13, 13, 12, 15, 5, 4, 2, 16, 18, 11, 4, 16, 4, 12, 16, 19, 20, 18, 16, 17, 18, 9, 20, 20, 13, 18, 17, 17, 19, 9, 9, 1, 10, 10, 17, 19, 4, 14, 11, 6, 2, 6, 5, 11, 2, 11, 2, 5, 18, 20, 6, 20, 6, 7, 12, 3, 8, 7, 13, 12, 15, 14, 8, 3, 13, 15, 8, 7, 5, 18, 14, 16, 20, 7, 6, 7, 15, 3, 13, 15, 8, 7, 17, 11, 13, 12, 15, 3, 18, 13, 15, 8, 7, 4, 5, 11, 9, 13, 12, 17, 11, 15, 14, 8, 12, 13, 7, 12, 20, 2, 7, 6, 3, 15, 20, 6, 10, 8, 8]
bestever    2419    in generation 57
[16, 9, 9, 19, 2, 2, 14, 9, 17, 1, 19, 17, 14, 19, 3, 16, 16, 5, 1, 3, 19, 1, 3, 1, 10, 10, 1, 9, 10, 9, 4, 9, 1, 1, 6, 1, 17, 18, 18, 5, 8, 10, 3, 11, 19, 12, 14, 4, 5, 14, 2, 18, 5, 4, 16, 8, 4, 19, 2, 14, 14, 15, 10, 5, 17, 19, 1, 11, 4, 11, 10, 10, 16, 20, 12, 6, 2, 20, 7, 6, 3, 13, 13, 12, 15, 5, 4, 2, 16, 18, 11, 4, 16, 4, 12, 16, 19, 20, 18, 16, 17, 18, 9, 14, 20, 13, 18, 17, 17, 19, 9, 9, 1, 10, 10, 17, 19, 4, 14, 11, 6, 2, 6, 5, 11, 2, 11, 2, 5, 18, 20, 6, 20, 6, 7, 12, 3, 8, 7, 13, 12, 15, 14, 8, 3, 13, 15, 8, 7, 5, 18, 10, 16, 20, 7, 6, 7, 15, 3, 13, 15, 8, 7, 17, 11, 13, 12, 15, 3, 18, 13, 15, 8, 7, 4, 5, 11, 9, 13, 12, 17, 11, 15, 14, 8, 12, 13, 7, 12, 20, 2, 7, 6, 3, 15, 20, 6, 20, 8, 8]
bestever    2328    in generation 58
[16, 9, 9, 19, 2, 2, 14, 9, 17, 1, 19, 17, 14, 19, 3, 16, 16, 2, 1, 3, 19, 1, 3, 1, 10, 10, 1, 9, 10, 9, 4, 9, 1, 1, 6, 1, 17, 18, 18, 5, 8, 10, 3, 11, 19, 12, 14, 4, 5, 14, 2, 18, 5, 4, 16, 8, 4, 19, 2, 14, 14, 15, 10, 5, 17, 19, 1, 11, 4, 11, 10, 10, 16, 20, 12, 6, 2, 20, 7, 6, 3, 13, 13, 12, 15, 5, 4, 2, 16, 18, 11, 4, 16, 4, 12, 16, 19, 20, 18, 17, 18, 9, 20, 20, 13, 18, 17, 17, 19, 9, 1, 10, 10, 17, 19, 4, 11, 6, 6, 5, 11, 2, 11, 5, 5, 18, 20, 6, 7, 12, 3, 8, 7, 13, 7, 16, 7, 9, 2, 13, 12, 15, 14, 8, 3, 13, 15, 8, 7, 5, 18, 10, 16, 20, 6, 15, 3, 13, 8, 7, 17, 11, 13, 12, 15, 3, 18, 15, 7, 4, 5, 11, 9, 13, 12, 17, 11, 15, 14, 12, 13, 7, 12, 20, 2, 7, 6, 3, 15, 20, 6, 14, 8, 8, 15, 20, 6, 14, 8, 8]
bestever    2300    in generation 66
[16, 9, 9, 19, 2, 2, 14, 9, 17, 1, 19, 17, 14, 19, 3, 16, 16, 2, 1, 3, 19, 1, 3, 1, 10, 10, 1, 9, 10, 9, 4, 9, 1, 1, 6, 1, 17, 18, 18, 5, 8, 10, 3, 11, 19, 12, 14, 4, 5, 14, 2, 18, 5, 4, 16, 8, 4, 19, 2, 14, 14, 15, 10, 5, 17, 19, 1, 11, 4, 11, 10, 10, 16, 20, 12, 6, 2, 20, 7, 6, 3, 13, 13, 12, 15, 5, 4, 2, 16, 18, 11, 4, 16, 4, 12, 16, 19, 20, 18, 17, 18, 9, 20, 20, 13, 18, 17, 17, 19, 9, 1, 10, 10, 17, 19, 4, 11, 6, 6, 5, 11, 2, 11, 5, 5, 18, 20, 6, 7, 12, 3, 8, 7, 13, 7, 16, 7, 9, 2, 13, 12, 15, 14, 9, 3, 13, 15, 8, 7, 5, 18, 10, 16, 20, 6, 15, 3, 13, 8, 7, 17, 11, 13, 12, 15, 3, 18, 15, 7, 4, 5, 11, 8, 13, 12, 17, 11, 15, 14, 12, 13, 7, 12, 20, 2, 7, 6, 3, 15, 20, 6, 14, 8, 8, 15, 20, 6, 14, 8, 8]
bestever    2299    in generation 72
[16, 9, 9, 19, 2, 2, 14, 9, 17, 1, 19, 17, 14, 19, 3, 16, 16, 2, 1, 3, 19, 1, 3, 1, 10, 10, 1, 9, 10, 9, 4, 9, 1, 1, 6, 1, 17, 18, 18, 5, 10, 3, 11, 19, 12, 14, 4, 5, 14, 2, 18, 5, 4, 16, 4, 19, 2, 10, 5, 17, 19, 1, 11, 4, 11, 10, 10, 16, 20, 12, 6, 2, 20, 7, 6, 3, 13, 13, 12, 5, 4, 2, 16, 18, 11, 4, 16, 4, 12, 16, 19, 20, 18, 17, 18, 9, 20, 13, 18, 17, 17, 19, 9, 1, 10, 10, 17, 19, 4, 11, 6, 5, 11, 2, 11, 5, 5, 18, 7, 3, 7, 13, 7, 14, 8, 16, 20, 6, 20, 6, 14, 8, 8, 15, 12, 15, 7, 9, 2, 13, 12, 15, 14, 8, 3, 13, 15, 8, 7, 5, 18, 10, 16, 20, 6, 15, 3, 13, 8, 7, 17, 11, 13, 12, 15, 3, 18, 15, 7, 4, 5, 11, 9, 13, 12, 17, 11, 15, 14, 12, 13, 7, 12, 20, 2, 7, 6, 3, 15, 20, 6, 14, 8, 8, 15, 20, 6, 14, 8, 8]
bestever    2282    in generation 76
[16, 9, 9, 19, 2, 2, 14, 9, 17, 1, 19, 17, 14, 19, 3, 16, 16, 2, 1, 3, 19, 1, 3, 1, 10, 10, 1, 9, 10, 9, 4, 9, 1, 1, 6, 1, 17, 18, 18, 5, 10, 3, 11, 19, 12, 14, 4, 5, 14, 2, 18, 5, 4, 16, 4, 19, 2, 10, 5, 17, 19, 1, 11, 4, 11, 10, 10, 16, 20, 12, 6, 2, 20, 7, 6, 3, 13, 13, 12, 5, 4, 2, 16, 18, 11, 4, 16, 4, 12, 16, 19, 20, 18, 17, 18, 9, 20, 13, 18, 17, 17, 19, 9, 1, 10, 10, 17, 19, 4, 11, 6, 5, 11, 2, 11, 5, 5, 18, 7, 3, 7, 13, 7, 14, 8, 16, 20, 6, 20, 6, 14, 8, 8, 15, 12, 15, 7, 9, 2, 13, 12, 15, 14, 8, 3, 13, 15, 8, 7, 5, 18, 10, 16, 20, 15, 3, 13, 8, 7, 17, 11, 13, 12, 15, 3, 18, 15, 7, 4, 5, 11, 9, 13, 12, 17, 11, 12, 13, 7, 12, 2, 15, 20, 6, 14, 7, 6, 3, 15, 20, 6, 14, 8, 8, 15, 20, 6, 14, 8, 8]
bestever    2229    in generation 86
[16, 9, 9, 19, 2, 2, 14, 9, 17, 1, 19, 14, 19, 3, 16, 16, 2, 1, 3, 19, 1, 3, 1, 10, 10, 1, 9, 10, 9, 4, 9, 1, 1, 6, 1, 17, 18, 18, 5, 10, 3, 11, 19, 12, 14, 4, 5, 14, 2, 18, 5, 4, 16, 4, 19, 2, 10, 5, 17, 19, 1, 11, 4, 11, 10, 10, 16, 20, 12, 6, 2, 20, 7, 6, 3, 13, 13, 12, 5, 4, 2, 16, 11, 4, 16, 4, 12, 16, 19, 20, 18, 17, 18, 9, 20, 13, 18, 17, 18, 17, 17, 19, 9, 1, 10, 10, 17, 19, 4, 11, 6, 5, 11, 2, 11, 5, 5, 18, 7, 3, 7, 13, 7, 14, 8, 16, 20, 6, 20, 6, 14, 8, 8, 15, 12, 15, 7, 9, 2, 13, 12, 15, 14, 8, 3, 13, 15, 8, 7, 5, 18, 10, 16, 20, 15, 3, 13, 8, 7, 17, 11, 13, 12, 15, 3, 18, 15, 7, 4, 5, 11, 9, 13, 12, 17, 11, 12, 13, 7, 12, 2, 15, 20, 6, 14, 7, 6, 3, 15, 20, 6, 14, 8, 8, 15, 20, 6, 14, 8, 8]
bestever    2212    in generation 88
[16, 9, 9, 19, 2, 2, 14, 9, 17, 1, 19, 17, 14, 19, 3, 16, 16, 2, 1, 3, 19, 1, 3, 1, 10, 10, 1, 9, 10, 9, 4, 9, 1, 1, 6, 1, 17, 18, 18, 5, 10, 3, 11, 19, 12, 14, 4, 5, 16, 2, 18, 5, 4, 16, 4, 19, 2, 10, 5, 17, 19, 1, 11, 4, 11, 10, 10, 14, 20, 12, 6, 2, 20, 7, 6, 3, 13, 13, 12, 5, 4, 2, 16, 18, 11, 4, 16, 4, 12, 16, 19, 20, 18, 17, 18, 9, 20, 13, 18, 17, 17, 19, 9, 1, 10, 10, 17, 19, 4, 11, 6, 5, 11, 2, 11, 5, 5, 18, 7, 3, 7, 13, 7, 14, 8, 16, 20, 6, 20, 6, 14, 8, 8, 15, 12, 15, 7, 9, 2, 13, 12, 15, 14, 8, 3, 13, 15, 8, 7, 5, 18, 10, 16, 20, 15, 3, 13, 8, 7, 17, 11, 13, 12, 15, 3, 18, 15, 7, 4, 5, 11, 9, 13, 12, 17, 11, 12, 13, 7, 12, 2, 15, 20, 6, 14, 7, 6, 3, 15, 20, 6, 14, 8, 8, 15, 20, 6, 14, 8, 8]
bestever    2197    in generation 106
[16, 9, 9, 19, 2, 2, 14, 9, 17, 1, 19, 17, 14, 19, 3, 16, 16, 2, 1, 3, 19, 1, 3, 1, 10, 10, 1, 9, 10, 9, 4, 9, 1, 4, 6, 1, 17, 18, 18, 5, 10, 3, 11, 19, 12, 14, 4, 5, 16, 2, 18, 5, 4, 16, 1, 19, 2, 10, 5, 17, 19, 1, 11, 4, 11, 10, 10, 14, 20, 12, 6, 2, 20, 7, 6, 3, 13, 13, 12, 5, 4, 2, 16, 18, 11, 4, 16, 4, 12, 16, 19, 20, 18, 17, 18, 9, 20, 13, 18, 17, 17, 19, 9, 1, 10, 10, 17, 19, 4, 11, 6, 5, 11, 2, 11, 5, 5, 18, 7, 3, 7, 13, 7, 14, 8, 16, 20, 6, 20, 6, 14, 8, 8, 15, 12, 15, 7, 9, 2, 13, 12, 15, 14, 8, 3, 13, 15, 8, 7, 5, 18, 10, 16, 20, 15, 3, 13, 8, 7, 17, 11, 13, 12, 15, 3, 18, 15, 7, 4, 5, 11, 9, 13, 12, 17, 11, 12, 13, 7, 12, 2, 15, 20, 6, 14, 7, 6, 3, 15, 20, 6, 14, 8, 8, 15, 20, 6, 14, 8, 8]
bestever    2176    in generation 121
[16, 9, 9, 19, 2, 2, 14, 9, 17, 1, 19, 17, 14, 19, 3, 16, 16, 2, 1, 17, 19, 1, 3, 1, 10, 10, 1, 9, 10, 9, 4, 9, 1, 4, 6, 1, 17, 18, 18, 5, 10, 3, 11, 19, 12, 14, 4, 5, 16, 2, 18, 5, 4, 16, 1, 19, 2, 10, 5, 17, 19, 1, 11, 4, 11, 10, 10, 14, 20, 12, 6, 2, 20, 7, 6, 3, 13, 13, 12, 5, 4, 2, 16, 18, 11, 4, 16, 4, 12, 16, 19, 20, 18, 17, 18, 9, 20, 13, 18, 3, 17, 19, 9, 1, 10, 10, 17, 19, 4, 11, 6, 5, 11, 2, 11, 5, 5, 18, 7, 3, 7, 13, 7, 14, 8, 16, 20, 6, 20, 6, 14, 8, 8, 15, 12, 15, 7, 9, 2, 13, 12, 15, 14, 8, 3, 13, 15, 8, 7, 5, 18, 10, 16, 20, 15, 3, 13, 8, 7, 17, 11, 13, 12, 15, 3, 18, 15, 7, 4, 5, 11, 9, 13, 12, 17, 11, 12, 13, 7, 12, 2, 15, 20, 6, 14, 7, 6, 3, 15, 20, 6, 14, 8, 8, 15, 20, 6, 14, 8, 8]
bestever    2166    in generation 124
[16, 9, 9, 19, 2, 2, 14, 9, 17, 1, 19, 17, 14, 19, 3, 16, 16, 2, 1, 17, 19, 1, 3, 1, 10, 10, 1, 9, 10, 9, 4, 9, 1, 4, 6, 1, 17, 18, 18, 5, 10, 3, 11, 19, 12, 14, 4, 5, 16, 2, 18, 5, 4, 16, 1, 19, 2, 10, 5, 17, 19, 1, 11, 4, 11, 10, 10, 14, 20, 12, 6, 2, 20, 7, 6, 3, 13, 13, 12, 5, 4, 2, 16, 18, 11, 4, 16, 4, 12, 16, 19, 20, 18, 17, 18, 9, 20, 13, 18, 3, 17, 19, 9, 1, 10, 10, 5, 19, 4, 11, 6, 5, 11, 2, 11, 5, 5, 18, 7, 3, 7, 13, 7, 14, 8, 16, 20, 6, 20, 6, 14, 8, 8, 15, 12, 15, 7, 9, 2, 13, 12, 15, 14, 8, 3, 13, 15, 8, 7, 5, 18, 10, 16, 20, 15, 3, 13, 8, 7, 17, 11, 13, 12, 15, 3, 18, 15, 7, 4, 17, 11, 9, 13, 12, 17, 11, 12, 13, 7, 12, 2, 15, 20, 6, 14, 7, 6, 3, 15, 20, 6, 14, 8, 8, 15, 20, 6, 14, 8, 8]
bestever    2165    in generation 146
[16, 9, 9, 19, 2, 2, 14, 9, 17, 1, 19, 17, 14, 19, 3, 16, 16, 2, 1, 17, 19, 1, 3, 1, 10, 10, 1, 9, 10, 9, 4, 9, 1, 4, 6, 1, 17, 18, 18, 5, 10, 3, 11, 19, 12, 14, 4, 5, 16, 2, 18, 5, 4, 16, 1, 19, 2, 10, 5, 17, 19, 1, 11, 4, 11, 10, 10, 14, 20, 12, 6, 2, 20, 7, 6, 3, 13, 13, 12, 5, 4, 2, 16, 18, 11, 4, 16, 4, 12, 16, 19, 20, 18, 17, 18, 9, 20, 13, 18, 3, 17, 19, 9, 1, 10, 10, 5, 19, 4, 11, 6, 5, 11, 2, 11, 5, 5, 18, 7, 3, 7, 13, 7, 14, 8, 16, 20, 8, 8, 15, 12, 15, 7, 9, 2, 13, 12, 15, 14, 8, 3, 13, 15, 8, 7, 5, 18, 10, 16, 20, 15, 3, 13, 8, 7, 17, 11, 13, 12, 3, 18, 15, 7, 4, 17, 11, 9, 13, 12, 17, 11, 15, 20, 6, 14, 6, 12, 13, 7, 12, 2, 15, 20, 6, 14, 7, 6, 3, 15, 20, 6, 14, 8, 8, 15, 20, 6, 14, 8, 8]
bestever    2145    in generation 165
[16, 9, 9, 19, 2, 2, 14, 9, 17, 1, 19, 17, 14, 19, 3, 16, 16, 2, 1, 17, 19, 1, 3, 1, 10, 10, 1, 9, 10, 9, 4, 9, 1, 4, 6, 1, 17, 18, 18, 5, 10, 3, 11, 19, 12, 14, 4, 5, 16, 2, 18, 5, 4, 16, 1, 19, 2, 10, 5, 17, 19, 1, 11, 4, 11, 10, 10, 20, 12, 6, 2, 20, 7, 3, 13, 13, 12, 5, 4, 2, 16, 18, 11, 4, 16, 4, 12, 16, 19, 20, 18, 17, 18, 9, 20, 13, 18, 3, 17, 19, 9, 1, 10, 10, 5, 19, 4, 11, 5, 11, 2, 11, 5, 5, 18, 7, 3, 7, 13, 7, 8, 16, 20, 6, 14, 8, 15, 12, 15, 7, 9, 2, 13, 12, 15, 3, 13, 8, 5, 18, 10, 16, 13, 8, 20, 6, 14, 8, 3, 15, 7, 15, 20, 6, 14, 6, 14, 8, 7, 17, 11, 13, 12, 15, 3, 18, 15, 7, 4, 17, 11, 9, 13, 12, 17, 11, 12, 13, 7, 12, 2, 15, 20, 6, 14, 7, 6, 3, 15, 20, 6, 14, 8, 8, 15, 20, 6, 14, 8, 8]
bestever    2140    in generation 178
[16, 9, 9, 19, 2, 2, 14, 9, 17, 1, 19, 17, 14, 19, 3, 16, 16, 2, 1, 17, 19, 1, 3, 1, 10, 10, 1, 9, 10, 9, 4, 9, 1, 4, 6, 1, 17, 18, 18, 5, 10, 3, 11, 19, 12, 14, 4, 5, 16, 2, 18, 5, 4, 16, 1, 19, 2, 10, 5, 17, 19, 1, 11, 4, 11, 10, 2, 20, 12, 6, 2, 20, 7, 3, 13, 13, 12, 5, 4, 2, 16, 18, 11, 4, 16, 4, 12, 16, 19, 20, 18, 17, 18, 9, 20, 13, 18, 3, 17, 19, 9, 1, 10, 10, 5, 19, 4, 11, 5, 11, 2, 11, 5, 5, 18, 7, 3, 7, 13, 7, 8, 16, 20, 6, 14, 8, 15, 12, 15, 7, 9, 10, 13, 12, 15, 3, 13, 8, 5, 18, 10, 16, 13, 8, 20, 6, 14, 8, 3, 15, 7, 15, 20, 6, 14, 6, 14, 8, 7, 17, 11, 13, 12, 15, 3, 18, 15, 7, 4, 17, 11, 9, 13, 12, 17, 11, 12, 13, 7, 12, 2, 15, 20, 6, 14, 7, 6, 3, 15, 20, 6, 14, 8, 8, 15, 20, 6, 14, 8, 8]
bestever    2134    in generation 191
[16, 9, 9, 19, 2, 2, 14, 9, 17, 1, 19, 17, 14, 19, 3, 16, 16, 2, 1, 17, 19, 1, 3, 1, 10, 10, 1, 9, 10, 9, 4, 9, 1, 4, 6, 1, 17, 18, 18, 5, 10, 3, 11, 19, 12, 14, 4, 5, 16, 2, 18, 5, 4, 16, 1, 9, 2, 10, 5, 17, 19, 1, 11, 4, 11, 10, 10, 20, 12, 6, 2, 20, 7, 3, 13, 13, 12, 5, 4, 2, 16, 18, 11, 4, 16, 4, 12, 16, 19, 20, 18, 17, 18, 9, 20, 13, 18, 3, 17, 19, 9, 1, 10, 10, 5, 19, 4, 11, 5, 11, 2, 11, 5, 5, 18, 7, 3, 7, 13, 7, 8, 16, 20, 6, 14, 8, 15, 12, 15, 7, 9, 2, 13, 12, 15, 3, 13, 8, 5, 18, 10, 16, 13, 8, 20, 6, 14, 8, 3, 15, 7, 15, 20, 6, 14, 6, 14, 8, 7, 17, 11, 13, 12, 15, 3, 18, 15, 7, 4, 17, 11, 19, 13, 12, 17, 11, 12, 13, 7, 12, 2, 15, 20, 6, 14, 7, 6, 3, 15, 20, 6, 14, 8, 8, 15, 20, 6, 14, 8, 8]
bestever    2115    in generation 209
[16, 9, 9, 19, 2, 2, 14, 9, 17, 1, 19, 17, 14, 19, 3, 16, 16, 2, 1, 17, 19, 1, 3, 1, 10, 10, 1, 9, 10, 9, 4, 16, 1, 4, 6, 1, 17, 18, 18, 5, 10, 3, 11, 19, 12, 14, 4, 5, 16, 2, 18, 5, 4, 16, 1, 19, 2, 10, 5, 17, 19, 1, 11, 4, 11, 10, 2, 20, 12, 6, 2, 20, 7, 3, 13, 13, 12, 5, 4, 2, 16, 18, 11, 4, 9, 4, 12, 16, 19, 20, 18, 17, 18, 9, 20, 13, 18, 3, 17, 19, 9, 1, 10, 10, 5, 19, 4, 11, 5, 11, 2, 11, 5, 5, 18, 7, 3, 7, 13, 7, 8, 16, 20, 6, 15, 12, 15, 7, 9, 10, 13, 12, 15, 3, 13, 8, 5, 18, 10, 16, 13, 8, 8, 3, 15, 7, 14, 8, 14, 15, 6, 20, 14, 8, 7, 17, 11, 13, 12, 3, 18, 15, 7, 4, 17, 11, 9, 13, 12, 17, 11, 15, 20, 6, 14, 6, 12, 13, 7, 12, 2, 15, 20, 6, 14, 7, 6, 3, 15, 20, 6, 14, 8, 8, 15, 20, 6, 14, 8, 8]
bestever    2105    in generation 225
[16, 9, 9, 19, 2, 2, 14, 9, 17, 1, 19, 17, 14, 19, 3, 16, 16, 2, 1, 17, 19, 1, 3, 1, 10, 10, 1, 9, 10, 9, 4, 16, 1, 4, 6, 1, 17, 18, 18, 5, 10, 3, 11, 19, 12, 14, 4, 5, 16, 2, 18, 5, 4, 16, 1, 19, 2, 10, 5, 17, 19, 1, 11, 4, 11, 13, 2, 20, 12, 6, 2, 20, 7, 3, 10, 13, 12, 5, 4, 2, 16, 18, 11, 4, 9, 4, 12, 16, 19, 20, 18, 17, 18, 9, 20, 13, 18, 3, 17, 19, 9, 1, 10, 10, 5, 19, 4, 11, 5, 11, 2, 11, 5, 5, 18, 7, 3, 7, 13, 7, 8, 16, 20, 6, 15, 12, 15, 7, 9, 10, 13, 12, 15, 3, 13, 8, 5, 18, 10, 16, 13, 8, 8, 3, 15, 7, 14, 8, 14, 15, 6, 20, 14, 8, 7, 17, 11, 13, 12, 3, 18, 15, 7, 4, 17, 11, 9, 13, 12, 17, 11, 15, 20, 6, 14, 6, 12, 13, 7, 12, 2, 15, 20, 6, 14, 7, 6, 3, 15, 20, 6, 14, 8, 8, 15, 20, 6, 14, 8, 8]
bestever    2068    in generation 249
[16, 9, 9, 19, 2, 2, 14, 9, 17, 1, 19, 17, 14, 19, 3, 16, 16, 2, 1, 17, 19, 1, 3, 1, 10, 10, 1, 9, 10, 9, 4, 16, 1, 4, 6, 1, 17, 18, 18, 5, 10, 3, 11, 19, 12, 14, 4, 5, 16, 2, 18, 5, 4, 16, 1, 19, 2, 10, 5, 17, 19, 1, 11, 4, 11, 13, 2, 20, 12, 6, 2, 20, 7, 3, 10, 13, 12, 5, 4, 2, 16, 18, 11, 4, 9, 4, 12, 16, 19, 20, 18, 17, 15, 9, 20, 13, 18, 3, 17, 19, 9, 1, 10, 10, 5, 19, 4, 11, 5, 11, 2, 11, 5, 5, 18, 7, 3, 7, 13, 7, 8, 16, 20, 6, 15, 12, 15, 7, 9, 10, 13, 12, 15, 3, 13, 8, 5, 18, 10, 16, 13, 8, 8, 3, 15, 7, 14, 8, 14, 15, 6, 20, 14, 8, 7, 17, 11, 13, 12, 3, 18, 15, 7, 4, 17, 11, 9, 13, 12, 17, 11, 15, 20, 6, 14, 6, 12, 13, 7, 12, 2, 18, 20, 6, 14, 7, 6, 3, 15, 20, 6, 14, 8, 8, 15, 20, 6, 14, 8, 8]
bestever    2055    in generation 255
[16, 9, 9, 19, 2, 2, 14, 9, 17, 1, 19, 17, 14, 19, 3, 16, 16, 2, 1, 17, 19, 1, 3, 1, 10, 10, 1, 9, 10, 9, 4, 16, 1, 4, 6, 1, 17, 18, 18, 5, 10, 3, 11, 19, 12, 14, 4, 5, 16, 2, 18, 5, 4, 16, 1, 19, 2, 10, 5, 19, 19, 1, 11, 4, 11, 13, 2, 20, 12, 2, 20, 7, 3, 10, 13, 12, 5, 4, 2, 16, 18, 11, 4, 9, 4, 12, 16, 19, 20, 18, 17, 18, 9, 20, 13, 18, 3, 17, 17, 9, 1, 10, 10, 5, 19, 4, 11, 5, 11, 2, 11, 5, 5, 18, 7, 3, 7, 13, 7, 8, 16, 15, 12, 15, 7, 9, 10, 13, 12, 15, 3, 13, 8, 5, 18, 10, 16, 13, 8, 8, 3, 15, 7, 14, 8, 15, 8, 7, 17, 11, 13, 12, 3, 18, 4, 17, 11, 9, 13, 12, 17, 11, 15, 20, 6, 14, 6, 7, 15, 20, 6, 14, 20, 6, 14, 6, 12, 13, 7, 12, 2, 15, 20, 6, 14, 7, 6, 3, 15, 20, 6, 14, 8, 8, 15, 20, 6, 14, 8, 8]
bestever    2053    in generation 315
[16, 9, 9, 19, 2, 2, 14, 9, 10, 1, 19, 17, 14, 19, 3, 16, 16, 2, 1, 17, 19, 1, 3, 1, 10, 17, 1, 9, 10, 9, 4, 16, 1, 4, 6, 1, 17, 18, 18, 5, 10, 3, 11, 19, 12, 14, 4, 5, 16, 2, 18, 5, 4, 16, 1, 19, 2, 10, 5, 19, 19, 1, 11, 4, 11, 13, 2, 20, 12, 2, 20, 7, 3, 10, 13, 12, 5, 4, 2, 16, 18, 11, 4, 9, 4, 12, 16, 19, 20, 18, 17, 18, 9, 20, 13, 18, 3, 17, 17, 9, 1, 10, 10, 5, 19, 4, 11, 5, 11, 2, 11, 5, 5, 18, 7, 3, 7, 13, 7, 8, 16, 15, 12, 15, 7, 9, 10, 13, 12, 15, 3, 13, 8, 5, 18, 10, 16, 13, 8, 8, 3, 15, 7, 14, 8, 15, 8, 7, 17, 11, 13, 12, 3, 18, 4, 17, 11, 9, 13, 12, 17, 11, 15, 20, 6, 14, 6, 7, 15, 20, 6, 14, 20, 6, 14, 6, 12, 13, 7, 12, 2, 15, 20, 6, 14, 7, 6, 3, 15, 20, 6, 14, 8, 8, 15, 20, 6, 14, 8, 8]
bestever    2051    in generation 324
[16, 9, 9, 19, 2, 2, 14, 9, 10, 1, 19, 17, 14, 19, 3, 16, 16, 2, 1, 17, 19, 1, 3, 1, 10, 17, 1, 9, 10, 9, 4, 16, 1, 4, 6, 1, 17, 18, 18, 5, 10, 3, 11, 19, 12, 14, 4, 5, 16, 2, 18, 5, 4, 16, 1, 19, 2, 10, 5, 19, 19, 1, 11, 4, 11, 13, 2, 20, 12, 2, 20, 7, 3, 10, 13, 12, 5, 4, 2, 16, 18, 11, 4, 9, 4, 12, 16, 19, 20, 18, 17, 18, 9, 20, 13, 18, 3, 10, 17, 9, 1, 10, 17, 5, 19, 4, 11, 5, 11, 2, 11, 5, 5, 18, 7, 3, 7, 13, 7, 8, 16, 15, 12, 15, 7, 9, 10, 13, 12, 15, 3, 13, 8, 5, 18, 10, 16, 13, 8, 8, 3, 15, 7, 14, 8, 15, 8, 7, 17, 11, 13, 12, 3, 18, 4, 17, 11, 9, 13, 12, 17, 11, 20, 6, 14, 6, 15, 20, 6, 14, 6, 7, 15, 20, 6, 14, 12, 13, 7, 12, 2, 15, 20, 6, 14, 7, 6, 3, 15, 20, 6, 14, 8, 8, 15, 20, 6, 14, 8, 8]
bestever    2012    in generation 326
[16, 9, 9, 19, 2, 2, 14, 9, 10, 1, 19, 17, 14, 19, 3, 16, 16, 2, 1, 17, 19, 1, 3, 1, 10, 17, 1, 9, 10, 9, 4, 16, 1, 4, 1, 17, 18, 18, 5, 10, 3, 11, 19, 12, 4, 5, 16, 2, 18, 5, 4, 16, 1, 19, 2, 10, 5, 19, 19, 1, 11, 4, 11, 13, 2, 20, 12, 2, 20, 7, 3, 10, 13, 12, 5, 4, 2, 16, 18, 11, 4, 9, 4, 12, 16, 19, 20, 18, 17, 18, 9, 13, 18, 3, 17, 17, 9, 1, 10, 10, 5, 19, 4, 11, 5, 11, 2, 11, 5, 5, 18, 7, 3, 7, 13, 7, 8, 16, 15, 12, 15, 7, 9, 10, 13, 12, 3, 13, 8, 5, 18, 10, 16, 13, 15, 20, 6, 14, 8, 8, 3, 15, 7, 14, 8, 15, 8, 7, 17, 11, 13, 12, 3, 18, 4, 17, 11, 9, 13, 12, 17, 11, 20, 6, 14, 6, 15, 20, 6, 14, 6, 7, 15, 20, 6, 14, 12, 13, 7, 12, 2, 15, 20, 6, 14, 7, 6, 3, 15, 20, 6, 14, 8, 8, 15, 20, 6, 14, 8, 8]
bestever    2010    in generation 349
[16, 9, 9, 19, 2, 2, 14, 9, 10, 1, 19, 17, 14, 19, 3, 16, 16, 2, 1, 17, 19, 1, 3, 1, 10, 17, 1, 9, 10, 9, 4, 16, 1, 4, 1, 17, 18, 18, 5, 10, 3, 11, 19, 12, 4, 5, 16, 2, 18, 5, 4, 16, 1, 19, 2, 10, 5, 19, 19, 1, 11, 4, 11, 13, 2, 20, 12, 2, 20, 7, 3, 10, 13, 12, 5, 4, 2, 16, 18, 11, 4, 9, 4, 12, 16, 19, 20, 18, 17, 18, 9, 13, 18, 10, 17, 17, 9, 1, 3, 10, 5, 19, 4, 11, 5, 11, 2, 11, 5, 5, 18, 7, 3, 7, 13, 7, 8, 16, 15, 12, 15, 7, 9, 10, 13, 12, 3, 13, 8, 5, 18, 10, 16, 13, 15, 20, 6, 14, 8, 8, 3, 15, 7, 14, 8, 15, 8, 7, 17, 11, 13, 12, 3, 18, 4, 17, 11, 9, 13, 12, 17, 11, 20, 6, 14, 6, 15, 20, 6, 14, 6, 7, 15, 20, 6, 14, 12, 13, 7, 12, 2, 15, 20, 6, 14, 7, 6, 3, 15, 20, 6, 14, 8, 8, 15, 20, 6, 14, 8, 8]
bestever    2009    in generation 366
[16, 9, 9, 19, 2, 2, 14, 9, 10, 1, 19, 17, 14, 19, 3, 16, 16, 2, 1, 17, 19, 1, 3, 1, 10, 17, 1, 9, 10, 9, 4, 16, 1, 4, 1, 17, 18, 18, 5, 10, 3, 11, 19, 12, 4, 5, 16, 2, 18, 5, 4, 16, 1, 19, 2, 10, 5, 19, 19, 1, 11, 4, 11, 13, 2, 20, 12, 2, 20, 7, 3, 10, 13, 12, 5, 4, 2, 16, 18, 11, 13, 9, 4, 12, 16, 19, 20, 18, 17, 18, 9, 13, 18, 10, 17, 17, 9, 1, 3, 10, 5, 19, 4, 11, 5, 11, 2, 11, 5, 5, 18, 7, 3, 7, 13, 7, 8, 16, 15, 12, 15, 7, 9, 10, 13, 12, 3, 13, 8, 5, 18, 10, 16, 4, 15, 20, 6, 14, 8, 8, 3, 15, 7, 14, 8, 15, 8, 7, 17, 11, 13, 12, 3, 18, 4, 17, 11, 9, 13, 12, 17, 11, 20, 6, 14, 6, 15, 20, 6, 14, 6, 7, 15, 20, 6, 14, 12, 13, 7, 12, 2, 15, 20, 6, 14, 7, 6, 3, 15, 20, 6, 14, 8, 8, 15, 20, 6, 14, 8, 8]
bestever    2008    in generation 424
[16, 9, 9, 19, 2, 2, 14, 9, 10, 1, 19, 17, 14, 19, 3, 16, 16, 2, 1, 17, 19, 1, 3, 1, 10, 17, 1, 9, 10, 9, 4, 16, 1, 4, 1, 17, 18, 18, 5, 10, 3, 11, 19, 12, 4, 5, 16, 2, 18, 5, 4, 16, 1, 19, 2, 10, 5, 19, 19, 1, 11, 4, 11, 13, 2, 20, 12, 2, 20, 6, 3, 10, 13, 12, 5, 4, 2, 16, 18, 11, 13, 9, 4, 12, 16, 19, 20, 18, 17, 18, 9, 13, 18, 10, 17, 17, 9, 1, 3, 10, 5, 19, 4, 11, 5, 11, 2, 11, 5, 5, 18, 7, 3, 7, 13, 7, 8, 16, 15, 12, 15, 7, 9, 10, 13, 12, 3, 13, 8, 5, 18, 10, 16, 4, 15, 8, 8, 3, 7, 8, 8, 7, 17, 11, 13, 12, 3, 18, 4, 17, 11, 9, 13, 12, 17, 11, 15, 20, 14, 15, 20, 6, 14, 6, 14, 7, 15, 20, 6, 14, 6, 7, 15, 20, 6, 14, 12, 13, 7, 12, 2, 15, 20, 6, 14, 7, 6, 3, 15, 20, 6, 14, 8, 8, 15, 20, 6, 14, 8, 8]
bestever    1993    in generation 447
[16, 9, 9, 19, 2, 2, 14, 9, 10, 1, 19, 17, 14, 19, 3, 16, 16, 2, 1, 17, 19, 9, 3, 1, 10, 17, 1, 1, 10, 9, 4, 16, 1, 4, 1, 17, 18, 18, 5, 10, 3, 11, 19, 12, 4, 5, 16, 2, 18, 5, 4, 16, 1, 19, 2, 10, 5, 19, 19, 1, 11, 4, 11, 13, 2, 20, 12, 2, 20, 6, 3, 10, 13, 12, 5, 4, 2, 16, 18, 11, 13, 9, 4, 12, 16, 19, 20, 18, 17, 18, 9, 13, 18, 10, 17, 17, 9, 1, 3, 10, 5, 19, 4, 11, 5, 11, 2, 11, 5, 5, 18, 7, 3, 7, 13, 7, 8, 16, 15, 12, 15, 7, 9, 10, 13, 12, 3, 13, 8, 5, 18, 10, 16, 4, 15, 8, 8, 3, 7, 8, 8, 7, 17, 11, 13, 12, 3, 18, 4, 17, 11, 9, 13, 12, 17, 11, 15, 20, 14, 15, 20, 6, 14, 6, 14, 7, 15, 20, 6, 14, 6, 7, 15, 20, 6, 14, 12, 13, 7, 12, 2, 15, 20, 6, 14, 7, 6, 3, 15, 20, 6, 14, 8, 8, 15, 20, 6, 14, 8, 8]
bestever    1990    in generation 458
[16, 9, 9, 19, 2, 2, 14, 9, 9, 1, 19, 17, 14, 19, 3, 16, 16, 2, 1, 17, 19, 1, 3, 1, 10, 17, 1, 9, 10, 9, 4, 16, 1, 4, 1, 17, 18, 18, 5, 10, 3, 11, 19, 12, 4, 5, 16, 2, 18, 5, 4, 16, 1, 19, 2, 10, 5, 19, 19, 1, 11, 4, 11, 13, 2, 20, 12, 2, 20, 6, 3, 10, 13, 12, 5, 4, 2, 16, 18, 11, 13, 10, 4, 12, 16, 19, 20, 18, 17, 18, 9, 13, 18, 10, 17, 17, 9, 1, 3, 10, 5, 19, 4, 11, 5, 11, 2, 11, 5, 5, 18, 7, 3, 7, 13, 7, 8, 16, 15, 12, 15, 7, 9, 10, 13, 12, 3, 13, 8, 5, 18, 10, 16, 4, 15, 8, 8, 3, 7, 8, 8, 7, 17, 11, 13, 12, 3, 18, 4, 17, 11, 9, 13, 12, 17, 11, 15, 20, 14, 15, 20, 6, 14, 6, 14, 7, 15, 20, 6, 14, 6, 7, 15, 20, 6, 14, 12, 13, 7, 12, 2, 15, 20, 6, 14, 7, 6, 3, 15, 20, 6, 14, 8, 8, 15, 20, 6, 14, 8, 8]
bestever    1989    in generation 470
[16, 9, 9, 19, 2, 2, 14, 9, 9, 1, 19, 17, 14, 19, 3, 16, 16, 2, 16, 17, 19, 1, 3, 1, 10, 17, 1, 9, 10, 9, 4, 16, 1, 4, 1, 17, 18, 18, 5, 10, 3, 11, 19, 12, 4, 5, 16, 2, 18, 5, 4, 1, 1, 19, 2, 10, 5, 19, 19, 1, 11, 4, 11, 13, 2, 20, 12, 2, 20, 6, 3, 10, 13, 12, 5, 4, 2, 16, 18, 11, 13, 10, 4, 12, 16, 19, 20, 18, 17, 8, 9, 13, 18, 10, 17, 17, 9, 1, 3, 10, 5, 19, 4, 11, 5, 11, 2, 11, 5, 5, 18, 7, 3, 7, 13, 7, 18, 16, 15, 12, 15, 7, 9, 10, 13, 12, 3, 13, 8, 5, 18, 10, 16, 4, 15, 8, 8, 3, 7, 8, 8, 7, 17, 11, 13, 12, 3, 18, 4, 17, 11, 9, 13, 12, 17, 11, 15, 20, 14, 15, 20, 6, 14, 6, 14, 7, 15, 20, 6, 14, 6, 7, 15, 20, 6, 14, 12, 13, 7, 12, 2, 15, 20, 6, 14, 7, 6, 3, 15, 20, 6, 14, 8, 8, 15, 20, 6, 14, 8, 8]
bestever    1972    in generation 471
[16, 9, 9, 19, 2, 2, 14, 9, 9, 1, 19, 17, 14, 19, 3, 16, 16, 2, 1, 17, 19, 1, 3, 1, 10, 17, 1, 9, 10, 9, 4, 16, 1, 4, 1, 17, 18, 18, 5, 10, 3, 11, 19, 12, 4, 5, 16, 2, 18, 5, 4, 16, 1, 19, 2, 10, 5, 19, 19, 1, 11, 4, 11, 13, 2, 20, 12, 2, 20, 6, 3, 10, 13, 12, 5, 4, 2, 16, 18, 11, 13, 10, 4, 12, 16, 19, 20, 18, 17, 9, 13, 18, 10, 17, 17, 9, 1, 3, 10, 18, 5, 19, 4, 11, 5, 11, 2, 11, 5, 5, 18, 7, 3, 7, 13, 7, 8, 16, 15, 12, 15, 7, 9, 10, 13, 12, 3, 13, 8, 5, 18, 10, 16, 4, 15, 8, 8, 3, 7, 8, 8, 7, 17, 11, 13, 12, 3, 18, 4, 17, 11, 9, 13, 12, 17, 11, 15, 20, 14, 15, 20, 6, 14, 6, 14, 7, 15, 20, 6, 14, 6, 7, 15, 20, 6, 14, 12, 13, 7, 12, 2, 15, 20, 6, 14, 7, 6, 3, 15, 20, 6, 14, 8, 8, 15, 20, 6, 14, 8, 8]
bestever    1965    in generation 497
[16, 9, 9, 19, 2, 2, 14, 9, 9, 1, 19, 17, 14, 19, 3, 16, 16, 9, 1, 17, 19, 1, 3, 1, 10, 17, 1, 2, 10, 9, 4, 16, 1, 4, 1, 17, 18, 18, 5, 10, 3, 11, 19, 12, 4, 5, 16, 2, 18, 5, 4, 16, 1, 19, 2, 10, 5, 19, 19, 1, 11, 4, 11, 13, 2, 20, 12, 2, 20, 6, 3, 10, 13, 12, 5, 4, 2, 16, 18, 11, 13, 10, 4, 12, 16, 19, 20, 18, 17, 18, 9, 13, 18, 10, 17, 17, 9, 1, 3, 10, 5, 19, 4, 11, 5, 11, 2, 11, 5, 5, 18, 7, 3, 7, 13, 7, 8, 16, 15, 12, 15, 7, 9, 10, 13, 12, 3, 13, 8, 5, 18, 10, 16, 4, 15, 8, 8, 3, 7, 8, 8, 7, 17, 11, 13, 12, 3, 18, 4, 17, 11, 9, 13, 12, 17, 11, 15, 20, 14, 15, 20, 6, 14, 6, 14, 7, 15, 20, 6, 14, 6, 7, 15, 20, 6, 14, 12, 13, 7, 12, 2, 15, 20, 6, 14, 7, 6, 3, 15, 20, 6, 14, 8, 8, 15, 20, 6, 14, 8, 8]
bestever    1947    in generation 512
[16, 9, 9, 19, 2, 2, 14, 9, 9, 1, 19, 17, 14, 19, 3, 16, 16, 9, 1, 17, 19, 1, 3, 1, 10, 17, 1, 2, 10, 9, 4, 16, 1, 4, 1, 17, 18, 18, 5, 10, 3, 11, 19, 12, 4, 5, 16, 2, 18, 5, 4, 16, 1, 19, 2, 10, 5, 19, 19, 1, 11, 4, 11, 13, 2, 20, 12, 2, 20, 6, 3, 10, 13, 12, 5, 4, 2, 16, 18, 11, 13, 10, 4, 12, 16, 19, 20, 18, 17, 18, 9, 13, 9, 10, 17, 17, 18, 1, 3, 10, 5, 19, 4, 11, 5, 11, 2, 11, 5, 5, 18, 7, 3, 7, 13, 7, 8, 16, 15, 12, 15, 7, 9, 10, 13, 12, 3, 13, 8, 5, 18, 10, 16, 4, 15, 8, 8, 3, 7, 8, 8, 7, 17, 11, 13, 12, 3, 18, 4, 17, 11, 9, 13, 12, 17, 11, 15, 20, 14, 15, 20, 6, 14, 6, 14, 7, 15, 20, 6, 14, 6, 7, 15, 20, 6, 14, 12, 13, 7, 12, 2, 15, 20, 6, 14, 7, 6, 3, 15, 20, 6, 14, 8, 8, 15, 20, 6, 14, 8, 8]
bestever    1933    in generation 541
[16, 9, 9, 19, 2, 2, 14, 9, 9, 1, 19, 17, 14, 19, 3, 16, 16, 9, 1, 17, 19, 1, 3, 1, 10, 17, 1, 2, 10, 9, 4, 16, 1, 4, 1, 17, 18, 18, 5, 10, 3, 11, 19, 12, 4, 5, 2, 2, 18, 5, 4, 16, 1, 19, 2, 10, 5, 19, 19, 1, 11, 4, 11, 13, 2, 20, 12, 16, 20, 6, 3, 10, 13, 12, 5, 4, 2, 16, 18, 11, 13, 10, 4, 12, 16, 19, 20, 18, 17, 18, 9, 13, 9, 10, 17, 17, 18, 1, 3, 10, 5, 19, 4, 11, 5, 11, 2, 11, 5, 5, 18, 7, 3, 7, 13, 7, 8, 16, 15, 12, 15, 7, 9, 10, 13, 12, 3, 13, 8, 5, 18, 10, 16, 4, 15, 11, 8, 3, 7, 8, 8, 7, 17, 11, 13, 12, 3, 18, 4, 17, 8, 9, 13, 12, 17, 11, 15, 20, 14, 15, 20, 6, 14, 6, 14, 7, 15, 20, 6, 14, 6, 7, 15, 20, 6, 14, 12, 13, 7, 12, 2, 15, 20, 6, 14, 7, 6, 3, 15, 20, 6, 14, 8, 8, 15, 20, 6, 14, 8, 8]
bestever    1917    in generation 554
[16, 9, 9, 19, 2, 2, 14, 9, 9, 1, 19, 17, 14, 19, 3, 16, 16, 9, 1, 17, 19, 1, 3, 1, 10, 17, 1, 2, 10, 9, 4, 16, 1, 4, 1, 17, 18, 18, 5, 10, 3, 11, 19, 12, 4, 5, 2, 2, 18, 5, 4, 16, 1, 19, 2, 10, 5, 19, 19, 1, 11, 4, 11, 13, 2, 20, 12, 16, 20, 6, 3, 10, 13, 12, 5, 4, 2, 16, 18, 11, 13, 10, 4, 12, 16, 19, 20, 18, 17, 18, 9, 13, 9, 10, 17, 17, 18, 1, 3, 10, 5, 19, 4, 11, 5, 11, 2, 11, 5, 5, 18, 7, 3, 7, 13, 7, 8, 16, 15, 12, 15, 7, 9, 10, 13, 12, 3, 13, 8, 5, 18, 10, 16, 4, 15, 11, 8, 3, 7, 8, 8, 7, 17, 11, 13, 12, 3, 18, 4, 17, 15, 9, 13, 12, 17, 11, 15, 20, 14, 15, 20, 6, 14, 6, 14, 7, 15, 20, 6, 14, 6, 7, 15, 20, 6, 14, 12, 13, 7, 12, 2, 15, 20, 6, 14, 7, 6, 3, 8, 20, 6, 14, 8, 8, 15, 20, 6, 14, 8, 8]
bestever    1914    in generation 607
[16, 9, 9, 19, 2, 2, 14, 9, 9, 1, 19, 17, 14, 19, 3, 16, 16, 9, 1, 17, 19, 1, 3, 1, 10, 17, 1, 2, 10, 9, 4, 16, 1, 4, 1, 17, 18, 18, 5, 10, 3, 11, 19, 12, 4, 5, 2, 2, 18, 19, 4, 16, 1, 19, 2, 10, 5, 19, 19, 1, 11, 4, 11, 13, 2, 20, 12, 16, 20, 6, 3, 10, 13, 12, 5, 4, 2, 16, 18, 11, 13, 10, 4, 12, 16, 5, 20, 18, 17, 18, 9, 13, 9, 10, 17, 17, 18, 1, 3, 10, 5, 19, 4, 11, 5, 11, 2, 11, 5, 5, 18, 7, 3, 7, 13, 7, 8, 16, 15, 12, 15, 7, 9, 10, 13, 12, 3, 13, 8, 5, 18, 10, 16, 4, 15, 11, 8, 3, 7, 8, 8, 7, 17, 11, 13, 12, 3, 18, 4, 17, 15, 9, 13, 12, 17, 11, 15, 20, 14, 15, 20, 6, 14, 6, 14, 7, 15, 20, 6, 14, 6, 7, 15, 20, 6, 14, 12, 13, 7, 12, 2, 15, 20, 6, 14, 7, 6, 3, 8, 20, 6, 14, 8, 8, 15, 20, 6, 14, 8, 8]
bestever    1908    in generation 627
[16, 9, 9, 19, 2, 3, 14, 9, 9, 1, 19, 17, 14, 19, 2, 16, 16, 9, 1, 17, 19, 1, 9, 1, 10, 17, 1, 2, 10, 9, 4, 16, 1, 4, 1, 17, 18, 18, 5, 10, 3, 11, 19, 12, 4, 5, 2, 2, 18, 19, 4, 16, 1, 19, 2, 10, 5, 19, 19, 1, 11, 4, 11, 13, 2, 20, 12, 16, 20, 6, 3, 10, 13, 12, 5, 4, 2, 16, 18, 11, 13, 10, 4, 12, 16, 5, 20, 18, 17, 18, 3, 13, 9, 10, 17, 17, 18, 1, 3, 10, 5, 19, 4, 11, 5, 11, 2, 11, 5, 5, 18, 7, 3, 7, 13, 7, 8, 16, 15, 12, 15, 7, 9, 10, 13, 12, 3, 13, 8, 5, 18, 10, 16, 4, 15, 11, 8, 3, 7, 8, 8, 7, 17, 11, 13, 12, 3, 18, 4, 17, 15, 9, 13, 12, 17, 11, 15, 20, 14, 15, 20, 6, 14, 6, 14, 7, 15, 20, 6, 14, 6, 7, 15, 20, 6, 14, 12, 13, 7, 12, 2, 15, 20, 6, 14, 7, 6, 3, 8, 20, 6, 14, 8, 8, 15, 20, 6, 14, 8, 8]
bestever    1887    in generation 655
[16, 9, 9, 19, 2, 3, 9, 9, 1, 19, 17, 19, 2, 16, 16, 9, 1, 17, 19, 1, 9, 1, 10, 17, 1, 2, 10, 9, 4, 16, 1, 4, 1, 17, 18, 18, 5, 10, 3, 11, 19, 12, 4, 5, 2, 2, 18, 19, 4, 16, 1, 19, 2, 10, 5, 19, 19, 1, 11, 4, 11, 13, 2, 20, 12, 16, 20, 3, 10, 13, 12, 5, 4, 2, 16, 18, 11, 13, 10, 4, 12, 16, 5, 20, 18, 17, 18, 3, 13, 9, 10, 17, 17, 18, 1, 3, 10, 5, 19, 4, 11, 5, 11, 2, 11, 5, 5, 18, 7, 3, 7, 13, 7, 8, 16, 15, 12, 15, 7, 9, 10, 13, 12, 3, 13, 8, 5, 18, 10, 16, 4, 15, 11, 8, 3, 7, 8, 8, 7, 17, 11, 13, 12, 3, 18, 4, 17, 15, 9, 13, 12, 17, 11, 15, 20, 14, 15, 20, 6, 14, 6, 6, 14, 6, 14, 7, 15, 20, 6, 14, 6, 7, 15, 20, 6, 14, 12, 13, 7, 12, 2, 15, 20, 6, 14, 7, 6, 3, 8, 20, 14, 14, 8, 8, 15, 20, 6, 14, 8, 8]
bestever    1867    in generation 725
[16, 9, 9, 19, 2, 3, 9, 9, 1, 19, 17, 19, 2, 16, 16, 9, 1, 17, 19, 1, 9, 1, 10, 17, 1, 2, 10, 9, 4, 16, 1, 4, 1, 17, 18, 18, 5, 10, 3, 11, 19, 12, 4, 5, 2, 2, 18, 19, 4, 16, 1, 19, 2, 10, 5, 19, 19, 1, 11, 4, 11, 13, 2, 20, 12, 16, 20, 3, 10, 13, 17, 5, 4, 2, 16, 18, 11, 13, 10, 4, 12, 16, 5, 20, 18, 17, 18, 3, 13, 9, 10, 12, 17, 18, 1, 3, 10, 5, 19, 4, 11, 5, 11, 2, 11, 5, 5, 18, 7, 3, 7, 13, 7, 8, 16, 15, 12, 15, 7, 9, 10, 13, 12, 3, 13, 8, 5, 18, 10, 16, 4, 15, 11, 8, 3, 7, 8, 8, 7, 17, 11, 13, 12, 3, 18, 4, 17, 15, 9, 13, 12, 17, 11, 15, 20, 14, 15, 20, 6, 14, 6, 6, 14, 6, 14, 7, 15, 20, 6, 14, 6, 7, 15, 20, 6, 14, 12, 13, 7, 12, 2, 15, 20, 6, 14, 7, 6, 3, 8, 20, 14, 14, 8, 8, 15, 20, 6, 14, 8, 8]
bestever    1861    in generation 730
[16, 9, 9, 19, 2, 3, 9, 9, 1, 19, 17, 19, 18, 16, 16, 9, 1, 17, 19, 1, 9, 1, 10, 17, 1, 2, 10, 9, 4, 16, 1, 4, 1, 17, 2, 18, 5, 10, 3, 11, 19, 12, 4, 5, 2, 2, 18, 19, 4, 16, 1, 19, 2, 10, 5, 19, 19, 1, 11, 4, 11, 13, 2, 20, 12, 16, 20, 3, 10, 13, 17, 5, 4, 2, 16, 18, 11, 13, 10, 4, 12, 16, 5, 20, 18, 17, 18, 3, 13, 9, 10, 12, 17, 18, 1, 3, 10, 5, 19, 4, 11, 5, 11, 2, 11, 5, 5, 18, 7, 3, 7, 13, 7, 8, 16, 15, 12, 15, 7, 9, 10, 13, 12, 3, 13, 8, 5, 18, 10, 16, 4, 15, 11, 8, 3, 7, 8, 8, 7, 17, 11, 13, 12, 3, 18, 4, 17, 15, 9, 13, 12, 17, 11, 15, 20, 14, 15, 20, 6, 14, 6, 6, 14, 6, 14, 7, 15, 20, 6, 14, 6, 7, 15, 20, 6, 14, 12, 13, 7, 12, 2, 15, 20, 6, 14, 7, 6, 3, 8, 20, 14, 14, 8, 8, 15, 20, 6, 14, 8, 8]
bestever    1854    in generation 749
[16, 9, 9, 19, 2, 3, 9, 9, 1, 19, 17, 19, 18, 16, 16, 9, 1, 17, 19, 1, 9, 1, 10, 17, 1, 2, 10, 9, 4, 16, 1, 4, 1, 17, 2, 18, 5, 10, 3, 11, 19, 12, 4, 5, 2, 2, 18, 19, 4, 16, 1, 19, 2, 10, 5, 19, 19, 5, 11, 4, 11, 13, 2, 20, 12, 16, 20, 3, 10, 13, 17, 5, 4, 2, 16, 18, 11, 13, 10, 4, 12, 16, 5, 20, 18, 17, 18, 3, 13, 9, 10, 12, 17, 18, 1, 3, 10, 5, 19, 4, 11, 5, 11, 2, 11, 5, 1, 18, 7, 3, 7, 13, 7, 8, 16, 15, 12, 15, 7, 9, 10, 13, 12, 3, 13, 8, 5, 18, 10, 16, 4, 15, 11, 8, 3, 7, 8, 8, 7, 17, 11, 13, 12, 3, 18, 4, 17, 15, 9, 13, 12, 17, 11, 15, 20, 14, 15, 20, 6, 14, 6, 6, 14, 6, 14, 7, 15, 20, 6, 14, 6, 7, 15, 20, 6, 14, 12, 13, 7, 12, 2, 15, 20, 6, 14, 7, 6, 3, 8, 20, 14, 14, 8, 8, 15, 20, 6, 14, 8, 8]
bestever    1853    in generation 763
[16, 9, 9, 19, 2, 3, 9, 9, 1, 19, 17, 19, 18, 16, 16, 9, 1, 17, 19, 1, 9, 1, 10, 17, 1, 2, 10, 9, 4, 16, 1, 4, 19, 17, 2, 18, 5, 10, 3, 11, 19, 12, 4, 5, 2, 2, 18, 19, 4, 16, 1, 19, 2, 10, 5, 1, 19, 17, 11, 4, 11, 13, 2, 20, 12, 16, 20, 3, 10, 13, 17, 5, 4, 2, 16, 18, 11, 13, 10, 4, 12, 16, 5, 20, 18, 17, 18, 3, 13, 9, 10, 12, 17, 18, 1, 3, 10, 5, 19, 4, 11, 5, 11, 2, 11, 5, 1, 18, 7, 3, 7, 13, 7, 8, 16, 15, 12, 15, 7, 9, 10, 13, 12, 3, 13, 8, 5, 18, 10, 16, 4, 15, 11, 8, 3, 7, 7, 17, 11, 13, 12, 8, 8, 3, 18, 4, 5, 15, 9, 13, 12, 17, 11, 15, 20, 14, 15, 20, 6, 14, 6, 6, 14, 6, 14, 7, 15, 20, 6, 14, 6, 7, 15, 20, 6, 14, 12, 13, 7, 12, 2, 15, 20, 6, 14, 7, 6, 3, 8, 20, 14, 14, 8, 8, 15, 20, 6, 14, 8, 8]
bestever    1845    in generation 771
[16, 9, 9, 19, 2, 3, 9, 9, 1, 19, 17, 19, 18, 16, 16, 9, 1, 17, 19, 1, 9, 1, 10, 17, 1, 2, 10, 9, 4, 16, 1, 4, 19, 17, 2, 18, 5, 10, 1, 11, 19, 12, 4, 5, 2, 2, 18, 19, 4, 16, 3, 19, 2, 10, 5, 1, 19, 17, 11, 4, 11, 13, 2, 20, 12, 16, 20, 3, 10, 13, 17, 5, 4, 2, 16, 18, 11, 13, 10, 4, 12, 16, 5, 20, 18, 17, 18, 3, 13, 9, 10, 12, 17, 18, 1, 3, 10, 5, 19, 4, 11, 5, 11, 2, 11, 5, 1, 18, 7, 3, 7, 13, 7, 8, 16, 15, 12, 15, 7, 9, 10, 13, 12, 3, 13, 8, 5, 18, 10, 16, 4, 15, 11, 8, 3, 7, 7, 17, 11, 13, 12, 8, 8, 3, 18, 4, 5, 15, 9, 13, 12, 17, 11, 15, 20, 14, 15, 20, 6, 14, 6, 6, 14, 6, 14, 7, 15, 20, 6, 14, 6, 7, 15, 20, 6, 14, 12, 13, 7, 12, 2, 15, 20, 6, 14, 7, 6, 3, 8, 20, 14, 14, 8, 8, 15, 20, 6, 14, 8, 8]
bestever    1824    in generation 786
[16, 9, 9, 19, 2, 3, 9, 9, 1, 19, 17, 19, 18, 16, 16, 9, 1, 17, 19, 1, 9, 1, 10, 17, 1, 2, 10, 9, 4, 16, 1, 4, 19, 17, 2, 18, 5, 10, 1, 11, 19, 12, 4, 5, 2, 2, 18, 19, 4, 16, 3, 19, 2, 10, 5, 1, 19, 17, 11, 4, 11, 13, 2, 20, 12, 16, 20, 3, 10, 13, 17, 5, 4, 2, 16, 18, 11, 13, 10, 4, 12, 16, 5, 3, 18, 17, 18, 3, 13, 9, 10, 12, 17, 18, 8, 3, 10, 5, 19, 4, 11, 5, 11, 2, 11, 5, 1, 18, 7, 3, 7, 13, 7, 1, 16, 15, 12, 15, 7, 9, 10, 13, 12, 20, 13, 8, 5, 18, 10, 16, 4, 15, 11, 8, 3, 7, 7, 17, 11, 13, 12, 8, 8, 3, 18, 4, 5, 15, 9, 13, 12, 17, 11, 15, 20, 14, 15, 20, 6, 14, 6, 6, 14, 6, 14, 7, 15, 20, 6, 14, 6, 7, 15, 20, 6, 14, 12, 13, 7, 12, 2, 15, 20, 6, 14, 7, 6, 3, 8, 20, 14, 14, 8, 8, 15, 20, 6, 14, 8, 8]
bestever    1812    in generation 811
[16, 9, 9, 19, 2, 3, 9, 9, 1, 19, 17, 19, 18, 16, 16, 9, 1, 17, 19, 1, 9, 1, 10, 17, 1, 2, 10, 9, 17, 16, 1, 4, 19, 17, 2, 18, 5, 10, 1, 11, 19, 12, 4, 5, 2, 2, 18, 19, 4, 16, 3, 19, 2, 10, 5, 1, 19, 4, 11, 4, 11, 13, 2, 20, 5, 16, 20, 3, 10, 13, 17, 5, 4, 2, 16, 18, 11, 13, 10, 4, 12, 16, 5, 3, 18, 17, 18, 3, 13, 9, 10, 12, 17, 18, 8, 3, 10, 5, 19, 4, 11, 5, 11, 2, 11, 12, 1, 18, 7, 3, 7, 13, 7, 1, 16, 15, 12, 15, 7, 9, 10, 13, 12, 20, 13, 8, 5, 18, 10, 16, 4, 15, 11, 8, 3, 7, 7, 17, 11, 13, 12, 9, 8, 3, 18, 4, 5, 15, 8, 13, 12, 17, 11, 15, 20, 14, 15, 20, 6, 14, 6, 6, 14, 6, 14, 7, 15, 20, 6, 14, 6, 7, 15, 20, 6, 14, 12, 13, 7, 12, 2, 15, 20, 6, 14, 7, 6, 3, 8, 20, 14, 14, 8, 8, 15, 20, 6, 14, 8, 8]
bestever    1810    in generation 906
[16, 9, 9, 19, 2, 3, 9, 9, 1, 19, 17, 19, 18, 16, 16, 9, 1, 17, 19, 1, 9, 1, 10, 17, 1, 2, 10, 9, 17, 16, 1, 4, 19, 17, 2, 18, 5, 10, 1, 11, 19, 12, 4, 5, 2, 2, 18, 19, 4, 16, 3, 13, 2, 10, 5, 1, 19, 4, 11, 4, 11, 13, 2, 20, 5, 16, 20, 3, 10, 13, 17, 5, 4, 2, 16, 18, 11, 19, 10, 4, 12, 16, 5, 3, 18, 17, 18, 3, 13, 9, 10, 12, 17, 18, 8, 3, 10, 5, 19, 4, 11, 5, 11, 2, 11, 12, 1, 18, 7, 3, 7, 13, 7, 1, 16, 15, 12, 15, 7, 9, 10, 13, 12, 20, 13, 8, 5, 18, 10, 16, 4, 15, 11, 8, 3, 7, 7, 17, 11, 13, 12, 9, 8, 3, 18, 4, 5, 15, 8, 13, 12, 17, 11, 15, 20, 14, 15, 20, 6, 14, 6, 6, 14, 6, 14, 7, 15, 20, 6, 14, 6, 7, 15, 20, 6, 14, 12, 13, 7, 12, 2, 15, 20, 6, 14, 7, 6, 3, 8, 20, 14, 14, 8, 8, 15, 20, 6, 14, 8, 8]
bestever    1806    in generation 1069
[16, 9, 9, 19, 2, 3, 9, 9, 1, 19, 19, 17, 19, 18, 16, 16, 9, 1, 17, 19, 1, 9, 1, 10, 17, 1, 2, 10, 9, 17, 16, 1, 4, 19, 17, 2, 18, 5, 10, 1, 11, 19, 12, 4, 5, 2, 2, 18, 4, 16, 3, 13, 2, 10, 5, 1, 19, 4, 11, 4, 11, 13, 2, 20, 5, 16, 20, 3, 10, 13, 17, 5, 4, 2, 16, 18, 11, 19, 10, 4, 12, 16, 5, 3, 18, 17, 18, 3, 13, 9, 10, 12, 17, 18, 8, 3, 10, 5, 19, 4, 11, 5, 11, 2, 11, 12, 1, 18, 7, 3, 7, 13, 7, 1, 16, 15, 12, 15, 7, 9, 10, 13, 12, 20, 13, 8, 5, 18, 10, 16, 4, 15, 11, 8, 3, 7, 7, 17, 11, 13, 12, 9, 8, 3, 18, 4, 5, 15, 8, 13, 12, 17, 11, 15, 20, 14, 15, 20, 6, 14, 6, 6, 14, 6, 14, 7, 15, 20, 6, 14, 6, 7, 15, 20, 6, 14, 12, 13, 7, 12, 2, 15, 20, 6, 14, 7, 6, 3, 8, 20, 14, 14, 8, 8, 15, 20, 6, 14, 8, 8]
bestever    1801    in generation 1429
[16, 9, 19, 9, 19, 2, 3, 9, 9, 1, 19, 17, 19, 18, 16, 16, 9, 1, 17, 19, 1, 1, 9, 1, 10, 17, 1, 2, 10, 9, 17, 16, 4, 19, 17, 2, 18, 5, 10, 1, 11, 19, 12, 4, 5, 2, 2, 18, 19, 4, 16, 3, 13, 2, 10, 5, 1, 4, 11, 4, 11, 13, 2, 20, 5, 16, 20, 3, 10, 13, 17, 5, 4, 2, 16, 18, 11, 19, 10, 4, 12, 16, 5, 3, 18, 17, 18, 3, 13, 9, 10, 20, 12, 17, 18, 8, 3, 10, 5, 19, 4, 11, 5, 11, 2, 11, 12, 1, 18, 7, 3, 7, 13, 7, 1, 16, 15, 13, 15, 7, 9, 6, 10, 13, 12, 20, 12, 5, 18, 10, 16, 4, 15, 11, 8, 8, 3, 7, 7, 17, 9, 13, 12, 11, 8, 3, 18, 4, 5, 15, 8, 13, 12, 17, 11, 15, 20, 14, 15, 6, 14, 20, 6, 6, 7, 6, 15, 20, 14, 6, 14, 7, 15, 20, 6, 14, 14, 12, 13, 7, 12, 2, 15, 20, 6, 14, 7, 6, 3, 8, 14, 14, 8, 8, 15, 20, 6, 14, 8, 8]
bestever    1796    in generation 1655
[16, 9, 19, 9, 19, 2, 3, 9, 9, 1, 19, 17, 19, 18, 16, 16, 9, 1, 17, 19, 1, 1, 9, 1, 10, 17, 18, 1, 2, 10, 9, 17, 16, 4, 19, 17, 2, 18, 5, 4, 1, 11, 19, 12, 4, 5, 2, 2, 18, 19, 4, 16, 3, 13, 2, 10, 5, 1, 4, 11, 10, 11, 13, 2, 20, 5, 16, 20, 3, 10, 13, 17, 5, 4, 2, 16, 18, 11, 16, 19, 10, 4, 12, 5, 3, 17, 18, 3, 13, 9, 10, 20, 12, 17, 18, 8, 3, 10, 5, 19, 4, 11, 8, 11, 2, 11, 12, 1, 18, 7, 3, 7, 13, 7, 1, 16, 15, 13, 15, 17, 7, 9, 6, 10, 13, 12, 20, 12, 5, 18, 10, 16, 4, 15, 11, 5, 8, 3, 7, 7, 17, 9, 13, 12, 11, 3, 18, 4, 5, 15, 13, 12, 11, 15, 20, 14, 15, 6, 14, 20, 6, 6, 7, 6, 15, 20, 14, 6, 14, 7, 15, 20, 6, 14, 12, 13, 7, 12, 2, 15, 20, 6, 14, 8, 8, 14, 7, 6, 3, 8, 14, 14, 8, 8, 15, 20, 6, 14, 8, 8]
bestever    1791    in generation 1793
[16, 9, 19, 9, 19, 2, 3, 9, 9, 1, 19, 17, 19, 18, 16, 16, 9, 1, 17, 19, 3, 1, 1, 9, 1, 10, 17, 18, 1, 2, 10, 9, 17, 16, 4, 19, 17, 2, 18, 5, 4, 1, 11, 19, 12, 4, 5, 2, 2, 18, 19, 4, 16, 3, 13, 2, 10, 5, 1, 4, 11, 10, 11, 13, 2, 20, 5, 16, 20, 3, 10, 13, 17, 5, 4, 2, 16, 18, 11, 16, 19, 10, 4, 12, 5, 17, 18, 3, 13, 9, 10, 20, 12, 17, 18, 8, 3, 10, 5, 19, 4, 11, 8, 11, 2, 11, 12, 1, 18, 7, 3, 7, 13, 7, 1, 16, 15, 13, 15, 17, 7, 9, 6, 10, 13, 12, 20, 12, 5, 18, 10, 16, 4, 15, 11, 5, 8, 3, 7, 7, 17, 9, 13, 12, 11, 3, 18, 4, 5, 15, 13, 12, 11, 15, 20, 14, 15, 6, 20, 6, 6, 7, 6, 15, 20, 14, 14, 7, 6, 14, 12, 13, 7, 12, 15, 20, 6, 14, 2, 15, 20, 6, 14, 8, 8, 14, 7, 6, 3, 8, 14, 14, 8, 8, 15, 20, 6, 14, 8, 8]
bestever    1790    in generation 1814
[16, 9, 19, 9, 19, 2, 3, 9, 9, 1, 19, 17, 19, 18, 16, 16, 9, 1, 17, 19, 3, 1, 1, 9, 1, 10, 17, 18, 1, 2, 10, 9, 17, 16, 4, 19, 17, 4, 18, 5, 2, 1, 11, 19, 12, 4, 5, 2, 2, 18, 19, 4, 16, 3, 13, 2, 10, 5, 1, 4, 11, 10, 11, 13, 2, 20, 5, 16, 20, 3, 10, 13, 17, 5, 4, 2, 16, 18, 11, 16, 19, 10, 4, 12, 5, 17, 18, 3, 13, 9, 10, 20, 12, 17, 18, 8, 3, 10, 5, 19, 4, 11, 8, 11, 2, 11, 12, 1, 18, 7, 3, 7, 13, 7, 1, 16, 15, 13, 15, 17, 7, 9, 6, 10, 13, 12, 20, 12, 5, 18, 10, 16, 4, 15, 11, 5, 8, 3, 7, 7, 17, 9, 13, 12, 11, 3, 18, 4, 5, 15, 13, 12, 11, 15, 20, 14, 15, 6, 20, 6, 6, 7, 6, 15, 20, 14, 14, 7, 6, 14, 12, 13, 7, 12, 15, 20, 6, 14, 2, 15, 20, 6, 14, 8, 8, 14, 7, 6, 3, 8, 14, 14, 8, 8, 15, 20, 6, 14, 8, 8]
bestever    1781    in generation 1861
[16, 9, 19, 9, 19, 2, 3, 9, 9, 1, 19, 17, 19, 18, 16, 16, 9, 1, 17, 19, 3, 1, 1, 9, 1, 10, 17, 18, 1, 2, 10, 9, 17, 16, 4, 19, 17, 4, 18, 5, 2, 1, 3, 19, 12, 4, 5, 2, 2, 18, 19, 4, 16, 11, 13, 2, 10, 5, 1, 4, 11, 10, 11, 13, 2, 20, 5, 16, 20, 3, 10, 13, 17, 5, 4, 2, 16, 18, 11, 16, 19, 10, 4, 12, 5, 17, 18, 3, 13, 9, 10, 20, 12, 17, 18, 8, 3, 10, 5, 19, 4, 11, 8, 11, 2, 11, 12, 1, 18, 7, 3, 7, 13, 7, 1, 16, 15, 13, 15, 17, 7, 9, 6, 10, 13, 12, 20, 12, 5, 18, 10, 16, 4, 15, 11, 5, 8, 3, 7, 7, 17, 9, 13, 12, 11, 3, 18, 4, 5, 15, 13, 12, 11, 15, 20, 14, 15, 6, 20, 6, 6, 7, 6, 15, 20, 14, 14, 7, 6, 14, 12, 13, 7, 12, 15, 20, 6, 14, 2, 15, 20, 6, 14, 8, 8, 14, 7, 6, 3, 8, 14, 14, 8, 8, 15, 20, 6, 14, 8, 8]
bestever    1779    in generation 1917
[16, 9, 19, 9, 19, 2, 3, 9, 9, 1, 19, 17, 19, 18, 16, 16, 9, 1, 17, 19, 3, 1, 1, 9, 1, 10, 17, 18, 1, 2, 10, 9, 17, 16, 4, 19, 17, 4, 18, 5, 2, 1, 3, 19, 12, 4, 5, 2, 13, 18, 19, 4, 16, 11, 13, 2, 10, 5, 1, 4, 11, 10, 11, 2, 2, 20, 5, 16, 20, 3, 10, 13, 17, 5, 4, 2, 16, 18, 11, 16, 19, 10, 4, 12, 5, 17, 18, 3, 13, 9, 10, 20, 12, 17, 18, 8, 3, 10, 5, 19, 4, 11, 8, 11, 2, 11, 12, 1, 18, 7, 3, 7, 13, 7, 1, 16, 15, 13, 15, 17, 7, 9, 6, 10, 13, 12, 20, 12, 5, 18, 10, 16, 4, 15, 11, 5, 8, 3, 7, 7, 17, 9, 13, 12, 11, 3, 18, 4, 5, 15, 13, 12, 11, 15, 20, 14, 15, 6, 20, 6, 6, 7, 6, 15, 20, 14, 14, 7, 6, 14, 12, 13, 7, 12, 15, 20, 6, 14, 2, 15, 20, 6, 14, 8, 8, 14, 7, 6, 3, 8, 14, 14, 8, 8, 15, 20, 6, 14, 8, 8]
bestever    1776    in generation 2091
[16, 9, 19, 9, 19, 2, 3, 9, 9, 1, 19, 17, 19, 18, 16, 16, 9, 1, 17, 19, 3, 1, 1, 9, 1, 10, 17, 18, 1, 2, 10, 9, 17, 16, 4, 19, 17, 4, 18, 5, 2, 1, 3, 19, 13, 12, 4, 5, 2, 18, 19, 4, 16, 11, 13, 2, 10, 5, 1, 4, 11, 10, 3, 11, 2, 2, 20, 5, 16, 20, 3, 10, 13, 17, 5, 4, 2, 16, 18, 11, 8, 16, 19, 10, 4, 12, 14, 5, 17, 18, 3, 13, 9, 10, 20, 12, 17, 18, 8, 3, 10, 5, 19, 4, 11, 11, 2, 11, 12, 1, 18, 7, 3, 7, 13, 7, 1, 16, 15, 13, 15, 17, 7, 9, 6, 10, 13, 12, 20, 12, 5, 18, 10, 16, 4, 7, 15, 11, 5, 8, 3, 7, 17, 9, 13, 12, 11, 18, 4, 5, 15, 13, 12, 11, 15, 20, 14, 15, 6, 20, 6, 6, 7, 6, 15, 20, 14, 14, 7, 6, 14, 12, 13, 7, 12, 15, 20, 6, 14, 2, 15, 20, 6, 14, 8, 14, 7, 6, 3, 8, 8, 14, 8, 8, 15, 20, 6, 14, 8, 8]
bestever    1765    in generation 2104
[16, 9, 19, 9, 19, 16, 3, 9, 9, 1, 19, 17, 19, 18, 16, 2, 9, 1, 17, 19, 3, 1, 1, 9, 1, 10, 17, 18, 1, 2, 10, 9, 17, 16, 4, 19, 17, 4, 18, 5, 2, 1, 3, 19, 13, 12, 4, 5, 2, 18, 19, 4, 16, 11, 13, 2, 10, 5, 1, 4, 11, 10, 3, 11, 2, 2, 20, 5, 16, 20, 3, 10, 13, 17, 5, 4, 2, 16, 18, 11, 8, 16, 19, 10, 4, 12, 14, 5, 17, 18, 3, 13, 9, 10, 20, 12, 17, 18, 8, 3, 10, 5, 19, 4, 11, 11, 2, 11, 12, 1, 18, 7, 3, 7, 13, 7, 1, 16, 15, 13, 15, 17, 7, 9, 6, 10, 13, 12, 20, 12, 5, 18, 10, 16, 4, 7, 15, 11, 5, 8, 3, 7, 17, 9, 13, 12, 4, 18, 11, 5, 15, 13, 12, 11, 15, 20, 14, 15, 6, 20, 6, 6, 7, 6, 15, 20, 14, 14, 7, 6, 14, 12, 13, 7, 12, 15, 20, 6, 14, 2, 15, 20, 6, 14, 8, 14, 7, 6, 3, 8, 8, 14, 8, 8, 15, 20, 6, 14, 8, 8]
bestever    1751    in generation 2246
[9, 9, 19, 9, 19, 16, 3, 9, 16, 1, 19, 17, 19, 18, 16, 2, 9, 1, 17, 19, 3, 1, 1, 9, 1, 10, 17, 18, 1, 2, 10, 9, 17, 16, 4, 19, 17, 4, 18, 5, 2, 1, 3, 19, 13, 12, 4, 5, 2, 18, 19, 4, 16, 11, 13, 2, 10, 5, 1, 4, 11, 10, 3, 11, 2, 2, 20, 5, 16, 20, 3, 10, 13, 17, 5, 4, 2, 16, 18, 11, 8, 16, 19, 10, 4, 12, 5, 17, 18, 3, 13, 9, 10, 20, 12, 17, 18, 3, 10, 5, 19, 4, 11, 11, 2, 11, 12, 1, 18, 7, 3, 7, 13, 7, 1, 16, 15, 13, 15, 17, 7, 9, 10, 13, 12, 12, 5, 18, 10, 16, 4, 7, 15, 3, 5, 11, 7, 17, 9, 13, 12, 4, 18, 11, 5, 15, 13, 12, 11, 15, 20, 6, 14, 20, 14, 15, 6, 20, 6, 6, 7, 6, 15, 20, 14, 14, 7, 6, 14, 12, 8, 13, 7, 12, 15, 20, 6, 14, 2, 15, 20, 6, 14, 8, 8, 14, 7, 6, 3, 8, 8, 14, 8, 8, 15, 20, 6, 14, 8, 8]
bestever    1745    in generation 2412
[9, 9, 19, 9, 19, 16, 3, 9, 16, 1, 19, 17, 19, 18, 16, 2, 9, 1, 9, 1, 17, 19, 3, 1, 1, 9, 10, 17, 18, 1, 2, 10, 9, 17, 16, 4, 19, 17, 4, 18, 5, 2, 1, 3, 19, 13, 12, 4, 5, 2, 18, 19, 4, 16, 11, 13, 2, 10, 5, 1, 4, 11, 10, 3, 11, 2, 2, 20, 5, 16, 20, 3, 10, 13, 17, 5, 4, 2, 16, 18, 11, 8, 16, 19, 10, 4, 12, 5, 17, 18, 3, 13, 9, 10, 20, 12, 17, 18, 3, 10, 5, 19, 4, 11, 11, 2, 11, 12, 1, 18, 7, 3, 7, 13, 12, 7, 1, 16, 15, 13, 15, 17, 7, 9, 10, 13, 12, 5, 18, 10, 16, 4, 7, 15, 3, 5, 11, 7, 17, 13, 12, 4, 18, 11, 5, 15, 13, 12, 11, 15, 20, 6, 14, 20, 14, 15, 6, 20, 6, 6, 7, 6, 15, 20, 14, 14, 7, 6, 14, 12, 8, 13, 7, 12, 15, 20, 6, 14, 2, 15, 20, 6, 14, 8, 8, 14, 7, 6, 3, 8, 8, 14, 8, 8, 15, 20, 6, 14, 8, 8]
bestever    1744    in generation 2641
[9, 9, 19, 9, 19, 16, 3, 9, 16, 1, 19, 17, 19, 18, 16, 16, 2, 9, 9, 9, 1, 17, 19, 3, 1, 1, 1, 10, 17, 18, 1, 2, 10, 9, 17, 16, 4, 19, 17, 4, 18, 5, 2, 1, 3, 19, 13, 12, 4, 5, 2, 18, 19, 4, 1, 16, 11, 13, 2, 10, 5, 4, 11, 10, 3, 11, 2, 2, 20, 9, 5, 16, 20, 3, 10, 13, 17, 5, 4, 2, 16, 18, 11, 16, 19, 10, 8, 4, 12, 5, 17, 18, 3, 13, 9, 10, 20, 12, 17, 18, 3, 10, 5, 19, 4, 11, 11, 15, 11, 12, 1, 18, 7, 3, 7, 13, 12, 7, 1, 15, 13, 2, 17, 7, 10, 13, 12, 5, 18, 10, 16, 4, 7, 15, 3, 5, 11, 7, 17, 13, 12, 4, 18, 11, 5, 15, 13, 12, 11, 15, 20, 6, 14, 20, 14, 15, 6, 20, 6, 6, 7, 6, 15, 20, 14, 14, 7, 12, 6, 14, 8, 8, 8, 13, 7, 12, 15, 20, 6, 14, 2, 15, 20, 6, 14, 8, 8, 14, 7, 6, 3, 14, 8, 8, 15, 20, 6, 14, 8, 8]
bestever    1739    in generation 2768
[9, 9, 19, 9, 19, 16, 3, 9, 16, 1, 19, 17, 19, 18, 16, 16, 2, 9, 9, 9, 1, 17, 19, 3, 1, 1, 1, 10, 17, 18, 1, 2, 10, 9, 17, 16, 4, 19, 17, 4, 18, 5, 2, 1, 3, 19, 13, 12, 4, 5, 2, 18, 19, 4, 1, 16, 11, 13, 2, 17, 10, 5, 4, 11, 10, 3, 11, 2, 2, 20, 9, 5, 16, 20, 3, 10, 13, 5, 4, 2, 16, 4, 11, 16, 19, 10, 8, 4, 12, 5, 17, 18, 3, 13, 9, 10, 20, 12, 17, 18, 3, 10, 5, 19, 4, 11, 11, 15, 1, 12, 1, 18, 7, 3, 7, 13, 12, 7, 11, 15, 13, 2, 17, 7, 10, 13, 12, 5, 18, 10, 16, 18, 7, 15, 3, 5, 11, 7, 17, 13, 12, 4, 18, 11, 5, 15, 13, 12, 11, 15, 20, 6, 14, 20, 14, 15, 6, 20, 6, 6, 7, 6, 15, 20, 14, 14, 7, 12, 6, 14, 8, 8, 8, 13, 7, 12, 15, 20, 6, 14, 2, 15, 20, 6, 14, 8, 8, 14, 7, 6, 3, 14, 8, 8, 15, 20, 6, 14, 8, 8]
bestever    1738    in generation 2788
[9, 9, 19, 9, 19, 16, 19, 9, 16, 1, 19, 17, 3, 18, 16, 16, 2, 9, 9, 9, 1, 17, 19, 3, 1, 1, 1, 10, 17, 18, 1, 2, 10, 9, 17, 16, 4, 19, 17, 4, 18, 5, 2, 1, 3, 19, 13, 12, 4, 5, 2, 18, 19, 4, 1, 16, 11, 13, 2, 17, 10, 5, 4, 11, 10, 3, 11, 2, 2, 20, 9, 5, 16, 20, 3, 10, 13, 5, 4, 2, 16, 4, 11, 16, 19, 10, 8, 4, 12, 5, 17, 18, 3, 13, 9, 10, 20, 12, 17, 18, 3, 10, 5, 19, 4, 11, 11, 15, 1, 12, 1, 18, 7, 3, 7, 13, 12, 7, 11, 15, 13, 2, 17, 7, 10, 13, 12, 5, 18, 10, 16, 18, 7, 15, 3, 5, 11, 7, 17, 13, 12, 4, 18, 11, 5, 15, 13, 12, 11, 15, 20, 6, 14, 20, 14, 15, 6, 20, 6, 6, 7, 6, 15, 20, 14, 14, 7, 12, 6, 14, 8, 8, 8, 13, 7, 12, 15, 20, 6, 14, 2, 15, 20, 6, 14, 8, 8, 14, 7, 6, 3, 14, 8, 8, 15, 20, 6, 14, 8, 8]
bestever    1732    in generation 2815
[9, 9, 19, 9, 19, 16, 19, 9, 16, 1, 19, 17, 3, 18, 16, 16, 2, 9, 9, 9, 1, 17, 19, 3, 1, 1, 1, 10, 17, 18, 1, 2, 10, 9, 17, 16, 4, 19, 17, 4, 18, 5, 2, 1, 3, 19, 13, 12, 4, 5, 2, 18, 19, 4, 1, 16, 11, 13, 2, 17, 10, 5, 4, 11, 10, 3, 11, 2, 2, 20, 9, 5, 16, 20, 3, 10, 13, 5, 4, 2, 16, 4, 11, 16, 19, 10, 8, 4, 12, 5, 12, 18, 3, 13, 9, 10, 20, 12, 17, 18, 3, 10, 5, 19, 4, 11, 11, 15, 1, 17, 1, 18, 7, 3, 7, 13, 12, 7, 11, 15, 13, 2, 17, 7, 10, 13, 12, 5, 18, 10, 16, 18, 7, 15, 3, 5, 11, 7, 17, 13, 12, 4, 18, 11, 5, 15, 13, 12, 11, 15, 20, 6, 14, 20, 14, 15, 6, 20, 6, 6, 7, 6, 15, 20, 14, 14, 7, 12, 6, 14, 8, 8, 8, 13, 7, 12, 15, 20, 6, 14, 2, 15, 20, 6, 14, 8, 8, 14, 7, 6, 3, 14, 8, 8, 15, 20, 6, 14, 8, 8]
bestever    1730    in generation 4294
[9, 9, 19, 9, 19, 16, 19, 9, 16, 1, 19, 17, 3, 18, 16, 16, 2, 9, 9, 9, 1, 17, 19, 3, 1, 1, 9, 10, 17, 2, 1, 2, 10, 9, 17, 16, 4, 19, 17, 4, 18, 5, 2, 1, 3, 19, 13, 12, 4, 5, 2, 10, 18, 19, 4, 1, 16, 11, 13, 18, 2, 17, 10, 5, 15, 4, 20, 11, 10, 3, 11, 15, 2, 2, 1, 5, 16, 20, 18, 13, 5, 4, 16, 4, 11, 16, 19, 10, 4, 12, 5, 9, 12, 10, 3, 3, 13, 10, 20, 12, 17, 18, 3, 20, 5, 19, 4, 11, 11, 1, 17, 1, 18, 7, 3, 7, 13, 12, 7, 11, 15, 13, 2, 16, 17, 7, 10, 13, 12, 5, 18, 12, 10, 7, 15, 5, 5, 11, 7, 17, 13, 7, 12, 4, 18, 11, 3, 15, 11, 8, 15, 20, 6, 14, 20, 14, 15, 6, 6, 6, 14, 6, 20, 13, 12, 13, 7, 12, 15, 20, 6, 14, 8, 8, 7, 14, 6, 14, 2, 15, 20, 6, 8, 8, 7, 18, 6, 14, 14, 3, 14, 8, 8, 8, 15, 20, 6, 14, 8, 8]
bestever    1729    in generation 4340
[9, 9, 19, 9, 19, 16, 19, 9, 16, 1, 19, 17, 3, 18, 16, 16, 2, 9, 9, 9, 1, 17, 19, 3, 1, 1, 9, 10, 17, 2, 1, 2, 10, 9, 17, 16, 4, 19, 17, 4, 18, 5, 2, 1, 3, 19, 13, 12, 4, 5, 2, 10, 18, 19, 4, 1, 16, 11, 13, 18, 2, 17, 10, 5, 1, 4, 20, 11, 10, 3, 11, 15, 2, 2, 1, 5, 16, 20, 18, 13, 5, 4, 16, 4, 11, 16, 19, 10, 4, 12, 5, 9, 12, 10, 3, 3, 13, 10, 20, 12, 17, 18, 3, 20, 5, 19, 4, 11, 11, 1, 17, 15, 18, 7, 3, 7, 13, 12, 7, 11, 15, 13, 2, 16, 17, 7, 10, 13, 12, 5, 18, 12, 10, 7, 15, 5, 5, 11, 7, 17, 13, 7, 12, 4, 18, 11, 3, 15, 11, 8, 15, 20, 6, 14, 20, 14, 15, 6, 6, 6, 14, 6, 20, 13, 12, 13, 7, 12, 15, 20, 6, 14, 8, 8, 7, 14, 6, 14, 2, 15, 20, 6, 8, 8, 7, 18, 6, 14, 14, 3, 14, 8, 8, 8, 15, 20, 6, 14, 8, 8]
bestever    1721    in generation 5110
[9, 9, 19, 9, 19, 16, 19, 9, 16, 1, 19, 17, 3, 4, 16, 16, 2, 9, 9, 9, 1, 17, 19, 3, 1, 1, 9, 10, 17, 2, 1, 2, 10, 9, 17, 16, 4, 19, 17, 18, 18, 5, 2, 1, 3, 19, 13, 12, 4, 5, 2, 10, 18, 19, 4, 1, 16, 11, 13, 18, 2, 17, 10, 5, 1, 4, 20, 11, 10, 3, 11, 15, 2, 2, 1, 16, 5, 20, 18, 13, 5, 4, 16, 4, 11, 16, 19, 10, 4, 12, 18, 9, 12, 10, 3, 3, 13, 10, 20, 12, 17, 18, 3, 20, 5, 19, 4, 11, 11, 1, 17, 15, 5, 7, 3, 7, 13, 12, 7, 13, 15, 11, 2, 16, 17, 7, 10, 13, 7, 12, 5, 18, 12, 10, 7, 15, 5, 5, 11, 17, 13, 7, 12, 4, 18, 11, 3, 15, 11, 15, 20, 6, 14, 20, 14, 15, 6, 6, 6, 14, 6, 20, 13, 12, 13, 7, 12, 15, 20, 6, 14, 8, 8, 8, 7, 14, 6, 2, 15, 20, 6, 8, 8, 7, 18, 6, 14, 14, 14, 3, 14, 8, 8, 8, 15, 20, 6, 14, 8, 8]
bestever    1714    in generation 5459
[19, 9, 19, 16, 19, 9, 16, 1, 19, 17, 3, 4, 16, 16, 2, 9, 9, 9, 9, 9, 1, 17, 19, 3, 1, 1, 9, 10, 17, 2, 1, 2, 10, 9, 17, 16, 4, 19, 17, 18, 18, 5, 2, 1, 3, 19, 13, 12, 4, 5, 2, 10, 18, 19, 4, 16, 1, 16, 11, 15, 2, 2, 1, 13, 18, 2, 17, 10, 5, 1, 4, 4, 11, 10, 3, 11, 5, 20, 18, 13, 5, 4, 16, 4, 11, 6, 19, 10, 4, 12, 18, 9, 12, 10, 3, 3, 13, 10, 20, 12, 17, 18, 3, 20, 5, 19, 4, 11, 11, 1, 17, 15, 5, 7, 3, 7, 13, 12, 7, 13, 15, 11, 2, 16, 17, 7, 10, 13, 7, 12, 5, 18, 12, 10, 7, 15, 5, 5, 11, 17, 13, 7, 12, 20, 18, 11, 3, 15, 11, 15, 20, 6, 14, 20, 14, 15, 6, 16, 6, 14, 6, 20, 13, 12, 13, 7, 12, 15, 20, 6, 14, 8, 8, 8, 7, 14, 6, 2, 15, 20, 6, 8, 8, 7, 18, 6, 14, 14, 14, 3, 14, 8, 8, 8, 15, 20, 6, 14, 8, 8]
bestever    1713    in generation 5627
[19, 9, 19, 16, 19, 9, 16, 1, 19, 17, 3, 4, 16, 16, 2, 9, 9, 9, 9, 9, 1, 17, 19, 3, 1, 1, 9, 10, 17, 2, 1, 2, 10, 9, 17, 16, 4, 19, 17, 18, 18, 5, 2, 1, 3, 19, 13, 12, 4, 5, 2, 10, 18, 19, 4, 16, 1, 16, 11, 15, 2, 2, 1, 4, 18, 2, 17, 10, 9, 5, 1, 4, 4, 11, 10, 3, 11, 5, 20, 18, 13, 5, 4, 16, 13, 11, 6, 19, 10, 4, 16, 12, 18, 12, 10, 3, 3, 13, 10, 20, 12, 17, 18, 3, 20, 5, 19, 4, 11, 11, 1, 17, 15, 5, 7, 3, 7, 13, 12, 7, 13, 15, 11, 2, 16, 17, 7, 10, 13, 7, 12, 5, 18, 12, 10, 7, 15, 5, 5, 11, 17, 13, 7, 12, 20, 18, 11, 3, 15, 11, 15, 20, 6, 14, 20, 14, 15, 6, 6, 14, 6, 20, 13, 12, 13, 7, 12, 15, 20, 6, 14, 8, 8, 8, 7, 14, 6, 2, 15, 20, 6, 8, 8, 7, 18, 6, 14, 14, 14, 3, 14, 8, 8, 8, 15, 20, 6, 14, 8, 8]
bestever    1700    in generation 5862
[19, 9, 19, 16, 19, 9, 16, 1, 19, 17, 3, 4, 16, 16, 2, 9, 9, 9, 9, 9, 19, 1, 17, 3, 1, 1, 9, 10, 17, 2, 1, 2, 10, 9, 17, 16, 4, 19, 17, 18, 18, 5, 2, 1, 3, 19, 13, 4, 4, 5, 2, 10, 18, 19, 4, 16, 1, 16, 11, 15, 2, 2, 1, 4, 18, 2, 17, 10, 9, 5, 1, 4, 12, 11, 10, 3, 11, 5, 20, 18, 13, 5, 4, 16, 13, 11, 16, 19, 10, 4, 6, 12, 18, 12, 10, 3, 3, 13, 10, 20, 12, 17, 18, 3, 20, 5, 19, 4, 11, 11, 1, 17, 15, 5, 7, 3, 7, 13, 12, 7, 13, 15, 11, 2, 16, 17, 7, 10, 13, 7, 12, 5, 18, 12, 10, 7, 15, 5, 5, 11, 17, 13, 7, 12, 20, 18, 11, 3, 15, 11, 15, 20, 6, 14, 20, 14, 15, 6, 6, 14, 6, 20, 13, 12, 13, 7, 12, 15, 20, 6, 14, 8, 8, 8, 7, 14, 6, 2, 15, 20, 6, 8, 8, 7, 18, 6, 14, 14, 14, 3, 14, 8, 8, 8, 15, 20, 6, 14, 8, 8]
bestever    1695    in generation 5898
[19, 9, 19, 16, 19, 9, 16, 1, 19, 17, 3, 4, 16, 16, 2, 9, 9, 9, 9, 9, 19, 1, 17, 3, 1, 1, 9, 10, 17, 2, 1, 2, 10, 9, 17, 16, 4, 19, 17, 18, 18, 5, 2, 1, 3, 19, 13, 4, 4, 5, 2, 10, 18, 19, 4, 16, 1, 16, 11, 15, 2, 2, 1, 4, 18, 2, 17, 10, 9, 5, 1, 4, 12, 11, 10, 3, 11, 10, 20, 18, 13, 5, 4, 16, 13, 11, 16, 19, 10, 4, 6, 12, 18, 12, 10, 3, 3, 13, 5, 20, 12, 17, 18, 3, 20, 5, 19, 4, 11, 11, 1, 17, 15, 5, 7, 3, 7, 13, 12, 7, 13, 15, 11, 2, 16, 17, 7, 10, 13, 7, 12, 5, 18, 12, 10, 7, 15, 5, 5, 11, 17, 13, 7, 12, 20, 18, 11, 3, 15, 11, 15, 20, 6, 14, 20, 14, 15, 6, 6, 14, 6, 20, 13, 12, 13, 7, 12, 15, 20, 6, 14, 8, 8, 8, 7, 14, 6, 2, 15, 20, 6, 8, 8, 7, 18, 6, 14, 14, 14, 3, 14, 8, 8, 8, 15, 20, 6, 14, 8, 8]
