bestever    3190    in generation 0
[6, 20, 7, 9, 19, 4, 15, 17, 13, 18, 13, 13, 9, 5, 14, 7, 4, 15, 8, 7, 6, 8, 15, 20, 18, 2, 7, 6, 9, 6, 15, 19, 10, 13, 20, 11, 19, 14, 3, 14, 11, 16, 7, 5, 19, 1, 19, 1, 6, 11, 9, 10, 12, 8, 12, 14, 14, 13, 16, 16, 4, 14, 2, 15, 16, 4, 7, 16, 2, 4, 9, 13, 18, 12, 8, 5, 6, 14, 11, 17, 16, 9, 1, 11, 16, 5, 17, 20, 12, 1, 20, 18, 19, 1, 10, 18, 8, 11, 9, 2, 1, 14, 5, 13, 7, 17, 12, 19, 4, 16, 15, 9, 17, 19, 6, 5, 19, 4, 6, 1, 2, 3, 5, 16, 12, 4, 19, 18, 17, 13, 20, 15, 3, 5, 5, 5, 1, 10, 17, 11, 2, 15, 11, 10, 15, 3, 13, 2, 3, 12, 4, 3, 11, 10, 1, 14, 9, 10, 17, 20, 8, 20, 8, 8, 13, 10, 1, 14, 7, 3, 8, 20, 17, 9, 18, 18, 18, 18, 12, 16, 6, 15, 7, 3, 12, 10, 2, 2, 10, 2, 6, 17, 3, 7, 8, 20, 4, 3, 12, 11]
bestever    2963    in generation 2
[19, 19, 6, 9, 13, 19, 8, 5, 10, 13, 3, 14, 19, 18, 4, 6, 8, 13, 15, 5, 5, 20, 19, 2, 9, 5, 1, 6, 16, 18, 4, 5, 6, 8, 10, 6, 1, 1, 7, 14, 4, 8, 8, 2, 16, 16, 5, 1, 7, 9, 7, 16, 1, 9, 19, 8, 5, 10, 14, 4, 2, 14, 15, 18, 8, 9, 7, 10, 4, 5, 9, 11, 7, 16, 8, 2, 16, 9, 4, 11, 4, 16, 16, 12, 18, 14, 12, 19, 7, 13, 12, 14, 2, 18, 19, 7, 15, 20, 3, 18, 1, 3, 10, 6, 20, 3, 17, 2, 19, 16, 3, 5, 13, 9, 4, 20, 14, 12, 6, 12, 13, 17, 1, 9, 11, 15, 13, 17, 1, 17, 11, 3, 19, 7, 7, 10, 17, 18, 6, 4, 20, 5, 3, 13, 12, 2, 10, 15, 3, 3, 18, 11, 2, 1, 10, 15, 9, 8, 11, 12, 15, 15, 20, 12, 17, 6, 13, 16, 11, 18, 1, 3, 2, 18, 17, 12, 17, 20, 17, 20, 13, 10, 14, 12, 17, 6, 8, 2, 20, 11, 14, 4, 15, 11, 15, 20, 14, 10, 11, 7]
bestever    2879    in generation 3
[19, 19, 6, 9, 13, 19, 8, 5, 10, 13, 3, 14, 19, 18, 4, 6, 8, 13, 15, 5, 5, 20, 19, 2, 9, 5, 1, 6, 16, 18, 4, 5, 6, 8, 10, 6, 1, 1, 7, 14, 4, 8, 8, 2, 16, 16, 5, 1, 7, 9, 7, 16, 1, 9, 19, 8, 5, 10, 14, 4, 2, 14, 15, 18, 8, 9, 7, 4, 5, 9, 11, 7, 16, 2, 16, 9, 4, 4, 16, 16, 12, 18, 14, 12, 19, 7, 13, 12, 14, 2, 19, 7, 3, 1, 3, 6, 3, 16, 5, 9, 20, 14, 1, 13, 17, 17, 11, 19, 17, 18, 4, 20, 13, 10, 3, 3, 18, 11, 2, 1, 10, 9, 8, 11, 12, 15, 15, 20, 12, 17, 6, 13, 19, 7, 7, 10, 17, 18, 6, 4, 20, 5, 3, 13, 12, 2, 10, 15, 3, 3, 18, 11, 2, 1, 10, 15, 9, 8, 11, 12, 15, 15, 20, 12, 17, 6, 13, 16, 11, 18, 1, 3, 2, 18, 17, 12, 17, 20, 17, 20, 13, 10, 14, 12, 17, 6, 8, 2, 20, 11, 14, 4, 15, 11, 15, 20, 14, 10, 11, 7]
bestever    2827    in generation 4
[19, 19, 6, 9, 13, 19, 8, 5, 10, 3, 14, 19, 18, 4, 6, 8, 15, 5, 5, 19, 2, 9, 5, 1, 6, 16, 18, 4, 5, 6, 8, 6, 1, 1, 7, 14, 4, 8, 8, 2, 16, 16, 5, 1, 7, 9, 7, 16, 1, 9, 8, 5, 14, 4, 2, 14, 18, 8, 9, 7, 4, 5, 7, 16, 8, 2, 16, 4, 16, 12, 12, 19, 7, 12, 19, 7, 3, 1, 3, 6, 3, 17, 16, 5, 19, 3, 12, 17, 14, 4, 14, 6, 9, 19, 7, 7, 18, 6, 4, 20, 5, 13, 2, 10, 18, 2, 1, 10, 9, 8, 11, 15, 20, 12, 2, 10, 15, 3, 3, 18, 11, 2, 1, 10, 15, 9, 11, 12, 15, 15, 20, 12, 17, 13, 16, 11, 18, 1, 3, 2, 18, 17, 12, 17, 20, 17, 20, 10, 20, 15, 11, 15, 13, 13, 9, 13, 10, 11, 14, 4, 19, 14, 3, 17, 12, 6, 13, 16, 11, 18, 1, 3, 2, 18, 17, 12, 17, 20, 17, 20, 6, 10, 20, 15, 11, 15, 13, 13, 9, 13, 10, 8, 11, 14, 4, 20, 14, 10, 11, 7]
bestever    2820    in generation 9
[18, 19, 6, 9, 13, 19, 8, 5, 10, 3, 14, 19, 18, 4, 6, 8, 15, 5, 5, 19, 2, 9, 5, 1, 6, 16, 18, 4, 5, 6, 8, 6, 1, 1, 7, 14, 4, 8, 8, 2, 16, 16, 5, 1, 7, 9, 7, 16, 1, 9, 8, 5, 14, 4, 2, 14, 18, 8, 9, 7, 4, 5, 7, 16, 8, 2, 16, 4, 16, 12, 12, 19, 7, 12, 19, 7, 3, 1, 3, 6, 3, 17, 16, 5, 19, 3, 12, 17, 14, 4, 14, 6, 9, 19, 7, 7, 18, 6, 4, 20, 5, 13, 2, 10, 18, 2, 1, 10, 9, 8, 11, 15, 20, 12, 2, 10, 15, 3, 3, 18, 11, 2, 1, 10, 15, 9, 11, 12, 15, 15, 20, 12, 17, 13, 16, 11, 18, 1, 3, 2, 18, 17, 12, 17, 20, 17, 20, 10, 20, 15, 11, 15, 13, 13, 9, 13, 10, 11, 14, 4, 19, 14, 3, 17, 12, 6, 13, 16, 11, 18, 1, 3, 19, 7, 8, 10, 20, 2, 17, 20, 17, 20, 10, 20, 15, 11, 15, 13, 9, 13, 10, 11, 14, 4, 14, 17, 12, 6, 13, 11]
bestever    2813    in generation 10
[18, 19, 6, 9, 13, 19, 8, 5, 10, 3, 14, 19, 18, 6, 8, 15, 5, 5, 19, 2, 9, 5, 1, 6, 18, 4, 5, 6, 8, 6, 1, 1, 7, 14, 4, 8, 8, 2, 16, 5, 1, 7, 9, 7, 16, 1, 9, 8, 5, 14, 4, 2, 14, 18, 8, 9, 7, 4, 5, 7, 16, 16, 4, 16, 8, 2, 16, 4, 16, 12, 12, 19, 7, 12, 19, 7, 3, 1, 3, 6, 3, 17, 16, 5, 19, 3, 12, 17, 14, 4, 14, 6, 9, 19, 7, 7, 18, 6, 4, 20, 5, 13, 2, 10, 18, 2, 1, 10, 9, 8, 11, 15, 20, 12, 2, 10, 15, 3, 3, 18, 11, 2, 1, 10, 15, 9, 11, 12, 15, 15, 20, 12, 17, 13, 16, 11, 18, 1, 3, 2, 18, 17, 12, 17, 20, 17, 20, 10, 20, 15, 11, 15, 13, 13, 9, 13, 10, 11, 14, 4, 19, 14, 3, 17, 12, 6, 13, 16, 11, 18, 1, 3, 19, 7, 8, 10, 20, 2, 17, 20, 17, 20, 10, 20, 15, 11, 15, 13, 9, 13, 10, 11, 14, 4, 14, 17, 12, 6, 13, 11]
bestever    2794    in generation 11
[18, 19, 6, 9, 13, 19, 8, 5, 10, 3, 14, 19, 18, 4, 6, 8, 15, 5, 5, 19, 2, 9, 5, 1, 6, 16, 18, 4, 5, 6, 8, 6, 1, 1, 7, 14, 4, 8, 8, 2, 16, 16, 5, 1, 7, 9, 7, 16, 1, 9, 8, 5, 14, 4, 2, 14, 18, 8, 9, 7, 4, 5, 7, 16, 8, 2, 16, 4, 16, 12, 12, 19, 7, 12, 19, 7, 3, 1, 3, 6, 3, 17, 16, 5, 19, 3, 12, 17, 14, 4, 14, 6, 9, 19, 7, 7, 18, 6, 4, 20, 5, 13, 2, 10, 18, 2, 1, 10, 9, 8, 11, 15, 20, 12, 2, 10, 15, 3, 3, 18, 11, 2, 1, 10, 15, 9, 11, 12, 15, 15, 20, 12, 17, 13, 16, 11, 18, 1, 3, 2, 18, 17, 12, 17, 20, 17, 20, 10, 20, 11, 15, 13, 13, 9, 13, 10, 11, 14, 4, 19, 14, 3, 17, 12, 6, 13, 16, 11, 18, 1, 3, 19, 7, 8, 20, 2, 17, 20, 17, 10, 20, 10, 20, 15, 15, 11, 15, 9, 13, 13, 10, 11, 14, 4, 14, 17, 12, 6, 13, 11]
bestever    2613    in generation 17
[1, 1, 7, 14, 8, 8, 2, 16, 16, 5, 1, 7, 9, 7, 16, 1, 9, 8, 5, 14, 4, 2, 14, 18, 8, 7, 4, 5, 7, 16, 8, 2, 16, 16, 7, 12, 19, 3, 6, 16, 19, 12, 14, 4, 6, 9, 19, 18, 6, 4, 5, 13, 2, 10, 18, 4, 9, 18, 4, 5, 9, 8, 15, 1, 19, 19, 6, 8, 6, 8, 5, 5, 5, 12, 19, 7, 3, 1, 3, 6, 3, 17, 16, 5, 19, 3, 12, 17, 14, 4, 14, 6, 9, 19, 7, 7, 18, 6, 4, 20, 5, 13, 2, 10, 18, 2, 1, 10, 9, 8, 11, 15, 20, 12, 2, 10, 15, 3, 3, 18, 11, 2, 1, 10, 15, 9, 11, 12, 15, 15, 20, 12, 17, 13, 16, 11, 18, 1, 3, 2, 18, 17, 12, 17, 20, 17, 20, 10, 20, 11, 15, 13, 13, 9, 13, 10, 11, 14, 4, 19, 14, 3, 17, 12, 6, 13, 16, 11, 18, 1, 3, 19, 7, 8, 20, 2, 17, 20, 17, 10, 20, 10, 20, 15, 15, 11, 15, 9, 13, 13, 10, 11, 14, 4, 14, 17, 12, 6, 13, 11]
bestever    2592    in generation 29
[1, 1, 7, 14, 8, 8, 2, 16, 16, 5, 1, 7, 9, 7, 16, 1, 9, 8, 5, 14, 4, 2, 14, 18, 8, 7, 4, 5, 7, 16, 8, 2, 16, 16, 7, 12, 19, 3, 6, 16, 19, 12, 14, 4, 6, 9, 19, 18, 6, 4, 5, 13, 2, 10, 18, 4, 9, 18, 4, 5, 9, 8, 15, 1, 19, 19, 6, 8, 6, 8, 5, 5, 5, 12, 19, 7, 3, 1, 3, 6, 3, 17, 16, 5, 19, 3, 12, 17, 14, 4, 14, 6, 9, 19, 7, 7, 18, 6, 4, 20, 5, 13, 2, 10, 18, 2, 1, 10, 9, 8, 11, 15, 20, 12, 2, 10, 15, 3, 3, 18, 11, 2, 1, 10, 15, 9, 11, 12, 15, 15, 20, 12, 17, 13, 16, 11, 18, 1, 3, 2, 18, 17, 12, 17, 20, 17, 20, 10, 20, 11, 15, 13, 13, 9, 13, 10, 11, 14, 4, 19, 14, 3, 17, 12, 6, 16, 18, 1, 3, 19, 7, 8, 20, 2, 20, 17, 13, 11, 17, 10, 20, 10, 20, 15, 15, 11, 15, 9, 13, 13, 10, 11, 14, 4, 14, 17, 12, 6, 13, 11]
bestever    2562    in generation 61
[1, 1, 7, 14, 8, 8, 2, 16, 16, 5, 1, 7, 9, 7, 16, 1, 9, 8, 5, 14, 4, 2, 14, 18, 8, 7, 4, 5, 7, 16, 8, 2, 16, 16, 7, 12, 19, 3, 6, 16, 19, 12, 14, 4, 6, 9, 19, 18, 6, 4, 5, 13, 2, 10, 18, 4, 9, 18, 4, 5, 9, 8, 15, 1, 19, 19, 6, 8, 6, 8, 5, 5, 5, 12, 19, 7, 3, 1, 3, 6, 3, 17, 16, 5, 19, 3, 12, 17, 14, 4, 14, 6, 9, 19, 7, 7, 18, 6, 4, 20, 5, 13, 2, 10, 18, 2, 1, 10, 9, 8, 11, 15, 20, 12, 2, 10, 15, 3, 3, 18, 11, 2, 1, 10, 15, 9, 11, 12, 15, 15, 20, 12, 17, 13, 16, 11, 18, 1, 3, 2, 18, 17, 12, 17, 20, 17, 20, 10, 20, 11, 15, 13, 13, 9, 13, 10, 11, 14, 4, 19, 14, 3, 17, 12, 6, 16, 1, 14, 6, 18, 10, 17, 20, 9, 14, 4, 19, 12, 3, 20, 13, 11, 17, 20, 10, 20, 15, 15, 11, 15, 13, 13, 10, 11, 17, 13, 11, 8, 2, 7]
bestever    2556    in generation 71
[1, 1, 7, 14, 8, 8, 2, 16, 16, 5, 1, 7, 9, 7, 16, 1, 9, 8, 5, 14, 4, 2, 14, 18, 8, 7, 4, 5, 7, 16, 8, 2, 16, 16, 7, 12, 19, 3, 6, 16, 19, 12, 14, 4, 6, 9, 19, 18, 6, 4, 5, 13, 2, 10, 18, 4, 9, 18, 4, 5, 9, 8, 15, 1, 19, 19, 6, 8, 6, 8, 5, 5, 5, 12, 19, 7, 3, 1, 3, 6, 3, 17, 16, 5, 19, 3, 12, 17, 14, 4, 14, 6, 9, 19, 7, 7, 18, 6, 4, 20, 5, 13, 2, 10, 18, 2, 1, 10, 9, 11, 15, 20, 12, 2, 10, 15, 3, 3, 18, 11, 2, 1, 10, 15, 9, 11, 12, 15, 15, 20, 12, 17, 13, 16, 11, 18, 1, 3, 18, 17, 12, 17, 20, 17, 20, 10, 20, 11, 15, 13, 13, 9, 10, 11, 14, 4, 19, 7, 14, 3, 12, 6, 16, 1, 14, 11, 11, 6, 18, 10, 17, 20, 9, 14, 4, 19, 12, 3, 20, 13, 17, 20, 10, 20, 15, 15, 15, 13, 13, 10, 17, 13, 11, 8, 17, 13, 11, 8, 2, 2]
bestever    2453    in generation 90
[19, 5, 5, 5, 12, 9, 9, 14, 2, 1, 2, 1, 14, 16, 7, 1, 1, 2, 7, 7, 16, 7, 16, 8, 16, 16, 8, 8, 8, 7, 16, 7, 8, 14, 8, 2, 2, 3, 6, 16, 19, 12, 14, 4, 6, 9, 19, 18, 6, 4, 5, 13, 2, 10, 18, 4, 9, 18, 4, 5, 9, 8, 15, 1, 19, 19, 6, 8, 6, 8, 5, 5, 5, 12, 19, 7, 3, 1, 3, 6, 3, 17, 16, 5, 19, 3, 12, 17, 14, 4, 14, 6, 9, 19, 7, 7, 18, 6, 4, 20, 5, 13, 2, 10, 18, 2, 1, 10, 9, 11, 15, 20, 12, 2, 10, 15, 3, 3, 18, 11, 2, 1, 10, 9, 11, 12, 15, 15, 20, 12, 17, 16, 11, 18, 1, 3, 20, 20, 13, 17, 17, 17, 15, 12, 18, 20, 11, 15, 13, 13, 9, 10, 11, 14, 4, 19, 7, 14, 3, 12, 6, 16, 1, 14, 11, 11, 6, 10, 18, 10, 17, 20, 9, 14, 4, 19, 12, 3, 20, 13, 17, 20, 10, 20, 15, 15, 15, 13, 13, 10, 17, 13, 11, 8, 17, 13, 11, 4, 18, 4]
bestever    2405    in generation 95
[19, 5, 5, 5, 12, 9, 9, 14, 2, 1, 2, 1, 14, 16, 7, 1, 1, 2, 7, 7, 16, 7, 16, 8, 16, 16, 8, 8, 8, 7, 16, 7, 8, 14, 8, 2, 2, 3, 6, 16, 19, 12, 14, 4, 6, 9, 19, 18, 6, 4, 5, 13, 2, 10, 18, 4, 9, 18, 4, 5, 9, 8, 15, 1, 19, 19, 6, 8, 6, 8, 5, 5, 5, 12, 19, 7, 3, 1, 3, 6, 3, 17, 16, 5, 19, 3, 12, 17, 14, 14, 6, 9, 7, 7, 18, 6, 20, 5, 13, 2, 10, 18, 2, 1, 10, 9, 11, 15, 20, 12, 2, 10, 15, 3, 3, 18, 11, 2, 1, 9, 11, 12, 15, 15, 20, 12, 17, 16, 11, 1, 3, 20, 20, 17, 15, 12, 20, 4, 11, 11, 18, 4, 19, 17, 18, 20, 11, 15, 13, 13, 9, 10, 11, 14, 4, 19, 7, 14, 3, 12, 6, 16, 1, 14, 6, 10, 18, 10, 17, 9, 14, 4, 19, 12, 3, 20, 13, 17, 20, 10, 20, 15, 15, 15, 13, 13, 10, 17, 13, 10, 17, 13, 11, 8, 17, 13, 11, 4, 18, 4]
bestever    2354    in generation 97
[19, 5, 5, 5, 12, 9, 9, 14, 2, 1, 2, 1, 14, 16, 7, 1, 1, 2, 7, 7, 16, 7, 16, 8, 16, 16, 8, 8, 8, 7, 16, 7, 8, 14, 8, 2, 2, 3, 6, 16, 19, 12, 14, 4, 6, 9, 19, 18, 6, 4, 5, 13, 2, 10, 18, 9, 18, 5, 9, 8, 15, 1, 19, 19, 6, 8, 6, 8, 5, 5, 5, 12, 19, 7, 3, 1, 3, 6, 3, 17, 16, 5, 19, 3, 12, 14, 14, 6, 9, 7, 7, 18, 6, 20, 5, 2, 10, 2, 1, 10, 9, 4, 18, 4, 17, 13, 11, 15, 20, 12, 2, 10, 15, 3, 3, 18, 11, 2, 1, 9, 11, 12, 15, 15, 20, 12, 17, 16, 11, 1, 3, 20, 20, 17, 15, 12, 20, 4, 11, 11, 18, 4, 19, 17, 18, 20, 11, 15, 13, 13, 9, 10, 11, 14, 4, 19, 7, 14, 3, 12, 6, 16, 1, 14, 6, 10, 18, 10, 17, 9, 14, 4, 19, 12, 3, 20, 13, 17, 20, 10, 20, 15, 15, 15, 13, 13, 10, 17, 13, 10, 17, 13, 11, 8, 17, 13, 11, 4, 18, 4]
bestever    2339    in generation 98
[19, 5, 5, 5, 12, 9, 9, 14, 2, 1, 2, 1, 14, 16, 7, 1, 1, 2, 7, 7, 16, 7, 16, 8, 16, 16, 8, 8, 8, 7, 16, 7, 8, 14, 8, 2, 2, 3, 6, 16, 19, 12, 14, 4, 6, 9, 19, 18, 6, 4, 5, 13, 2, 10, 18, 9, 18, 5, 9, 8, 15, 1, 19, 19, 6, 8, 6, 8, 5, 5, 5, 12, 19, 7, 3, 1, 3, 6, 3, 17, 16, 5, 19, 3, 12, 14, 14, 6, 9, 7, 7, 18, 6, 20, 5, 2, 10, 2, 1, 9, 4, 18, 4, 13, 11, 15, 20, 12, 2, 15, 3, 3, 18, 11, 2, 1, 9, 11, 12, 15, 15, 20, 12, 17, 16, 11, 1, 20, 20, 17, 15, 20, 11, 18, 17, 20, 11, 15, 13, 13, 9, 10, 11, 4, 19, 3, 12, 10, 18, 10, 17, 4, 11, 14, 4, 19, 7, 14, 3, 12, 6, 16, 1, 14, 6, 10, 18, 10, 17, 9, 14, 4, 19, 12, 3, 20, 13, 17, 20, 10, 20, 15, 15, 15, 13, 13, 10, 17, 13, 10, 17, 13, 11, 8, 17, 13, 11, 4, 18, 4]
bestever    2317    in generation 111
[19, 5, 5, 5, 12, 9, 9, 14, 2, 1, 2, 1, 14, 16, 7, 1, 1, 2, 7, 7, 16, 7, 16, 8, 16, 16, 8, 8, 8, 7, 16, 7, 8, 14, 8, 2, 2, 3, 6, 16, 19, 12, 14, 4, 6, 9, 19, 18, 6, 4, 5, 13, 2, 10, 18, 9, 18, 5, 9, 8, 15, 1, 19, 19, 6, 8, 6, 8, 5, 5, 5, 12, 19, 7, 3, 1, 3, 6, 3, 17, 16, 5, 19, 3, 12, 14, 14, 6, 9, 7, 7, 18, 6, 20, 5, 2, 10, 2, 1, 9, 4, 18, 4, 13, 11, 15, 20, 12, 2, 15, 3, 3, 18, 11, 2, 1, 9, 11, 12, 15, 15, 20, 12, 17, 16, 11, 1, 20, 20, 17, 15, 20, 11, 17, 20, 11, 15, 9, 10, 11, 4, 19, 3, 12, 10, 18, 10, 4, 11, 14, 19, 7, 14, 3, 6, 16, 1, 14, 6, 10, 10, 18, 9, 14, 4, 13, 19, 12, 10, 13, 10, 12, 3, 20, 13, 17, 20, 20, 15, 15, 15, 13, 17, 17, 13, 17, 13, 10, 17, 13, 11, 8, 17, 13, 11, 18, 4, 4, 18, 4]
bestever    2279    in generation 146
[19, 5, 5, 5, 12, 9, 9, 14, 2, 1, 2, 1, 14, 16, 7, 1, 1, 2, 7, 7, 16, 7, 16, 8, 16, 8, 8, 8, 7, 16, 7, 8, 14, 8, 2, 2, 3, 6, 16, 19, 12, 14, 4, 6, 9, 19, 18, 6, 4, 5, 13, 2, 10, 18, 9, 18, 5, 9, 8, 15, 1, 19, 19, 6, 8, 6, 8, 5, 5, 5, 19, 7, 3, 1, 3, 6, 3, 17, 16, 5, 19, 3, 12, 14, 14, 6, 9, 7, 7, 18, 6, 20, 5, 2, 10, 2, 1, 9, 4, 18, 4, 13, 11, 15, 20, 12, 2, 15, 3, 3, 18, 11, 2, 1, 12, 16, 9, 11, 12, 15, 15, 20, 12, 17, 16, 11, 1, 20, 20, 17, 15, 20, 11, 17, 20, 11, 15, 9, 10, 11, 4, 19, 3, 12, 10, 18, 10, 4, 11, 14, 19, 7, 14, 3, 6, 16, 1, 14, 6, 10, 10, 18, 9, 14, 4, 13, 19, 12, 10, 13, 10, 12, 3, 20, 13, 17, 20, 20, 15, 15, 15, 13, 17, 17, 13, 17, 13, 10, 17, 13, 11, 8, 17, 13, 11, 18, 4, 4, 18, 4]
bestever    2278    in generation 150
[19, 5, 5, 5, 12, 9, 9, 14, 2, 1, 2, 1, 14, 16, 7, 1, 1, 2, 7, 7, 16, 7, 16, 8, 16, 8, 8, 8, 7, 16, 7, 8, 14, 8, 2, 2, 3, 6, 16, 19, 12, 14, 4, 6, 9, 19, 18, 6, 5, 13, 2, 10, 18, 9, 18, 5, 9, 8, 15, 1, 19, 19, 6, 8, 6, 8, 5, 5, 5, 19, 7, 3, 1, 3, 6, 3, 17, 16, 5, 19, 3, 12, 14, 14, 6, 9, 7, 7, 18, 6, 20, 5, 2, 10, 2, 1, 9, 11, 15, 20, 12, 2, 15, 3, 3, 11, 2, 1, 12, 16, 9, 12, 15, 15, 20, 12, 17, 16, 1, 20, 20, 15, 11, 4, 18, 4, 11, 18, 4, 17, 13, 20, 11, 17, 20, 11, 15, 9, 10, 11, 4, 19, 3, 12, 10, 18, 10, 4, 11, 14, 19, 7, 14, 3, 6, 16, 1, 14, 6, 10, 10, 18, 9, 14, 4, 13, 19, 12, 10, 13, 10, 12, 3, 20, 13, 17, 20, 20, 15, 15, 15, 13, 17, 17, 13, 17, 13, 10, 17, 13, 11, 8, 17, 13, 11, 18, 4, 4, 18, 4]
bestever    2263    in generation 154
[19, 5, 5, 5, 12, 9, 9, 14, 2, 1, 2, 1, 14, 16, 7, 1, 1, 2, 7, 7, 16, 7, 16, 8, 16, 8, 8, 8, 7, 16, 7, 8, 14, 8, 2, 2, 3, 6, 16, 19, 12, 14, 4, 6, 9, 19, 18, 6, 5, 13, 2, 10, 18, 9, 18, 5, 9, 8, 15, 1, 19, 19, 6, 8, 6, 8, 5, 5, 5, 19, 7, 3, 1, 3, 6, 3, 17, 16, 5, 19, 3, 12, 14, 14, 6, 9, 7, 7, 18, 6, 20, 5, 2, 10, 2, 1, 9, 11, 15, 20, 12, 2, 15, 3, 3, 11, 2, 1, 12, 16, 9, 12, 15, 15, 20, 12, 17, 16, 1, 20, 20, 15, 11, 4, 18, 4, 11, 17, 20, 11, 20, 11, 15, 9, 10, 11, 4, 19, 3, 12, 10, 18, 10, 4, 14, 19, 7, 14, 3, 6, 16, 1, 14, 6, 18, 4, 17, 13, 11, 10, 10, 18, 9, 14, 4, 13, 19, 12, 10, 13, 10, 12, 3, 20, 13, 17, 20, 20, 15, 15, 15, 13, 17, 17, 13, 17, 13, 10, 17, 13, 11, 8, 17, 13, 11, 18, 4, 4, 18, 4]
bestever    2221    in generation 155
[19, 5, 5, 5, 12, 9, 9, 14, 2, 1, 2, 1, 14, 16, 7, 1, 1, 2, 7, 7, 16, 7, 16, 8, 16, 8, 8, 8, 7, 16, 7, 8, 14, 8, 2, 2, 3, 6, 16, 19, 12, 14, 4, 6, 9, 19, 18, 6, 5, 2, 10, 18, 9, 18, 5, 9, 8, 15, 1, 19, 19, 6, 8, 6, 8, 5, 5, 5, 19, 7, 3, 1, 3, 6, 3, 16, 5, 19, 3, 12, 14, 14, 6, 9, 7, 7, 18, 6, 20, 5, 2, 10, 2, 1, 9, 11, 15, 20, 12, 2, 15, 3, 3, 11, 2, 1, 12, 16, 9, 12, 15, 15, 20, 12, 16, 1, 20, 20, 15, 11, 4, 18, 4, 11, 18, 4, 17, 20, 11, 20, 11, 15, 9, 10, 11, 19, 3, 12, 10, 10, 4, 14, 19, 7, 14, 3, 6, 16, 1, 14, 6, 10, 10, 18, 9, 14, 4, 19, 12, 10, 13, 10, 13, 13, 17, 13, 17, 17, 12, 3, 20, 13, 17, 20, 20, 15, 15, 15, 17, 13, 17, 13, 10, 17, 13, 11, 8, 17, 13, 11, 18, 4, 17, 13, 11, 18, 4, 4, 18, 4]
bestever    2192    in generation 166
[19, 5, 5, 5, 12, 9, 9, 14, 2, 1, 2, 1, 14, 16, 7, 1, 1, 2, 7, 7, 16, 7, 16, 8, 16, 8, 8, 8, 7, 16, 7, 8, 14, 8, 2, 2, 3, 6, 16, 19, 12, 14, 4, 6, 9, 19, 18, 6, 5, 2, 10, 18, 9, 18, 5, 9, 8, 15, 1, 19, 19, 6, 8, 6, 8, 5, 5, 5, 19, 7, 3, 1, 3, 6, 3, 16, 5, 19, 3, 12, 14, 14, 6, 9, 7, 7, 18, 6, 20, 5, 2, 10, 2, 1, 9, 11, 15, 20, 12, 2, 15, 3, 3, 11, 2, 1, 12, 16, 9, 12, 15, 15, 20, 12, 16, 1, 20, 20, 15, 4, 18, 4, 11, 18, 4, 17, 20, 11, 20, 11, 15, 9, 10, 11, 19, 3, 12, 10, 10, 4, 14, 19, 7, 14, 3, 6, 16, 1, 14, 6, 10, 10, 18, 9, 14, 4, 19, 12, 10, 13, 10, 13, 17, 13, 17, 17, 13, 11, 12, 3, 20, 13, 17, 20, 20, 15, 15, 15, 17, 13, 17, 13, 10, 17, 13, 11, 8, 17, 13, 11, 18, 4, 17, 13, 11, 18, 4, 4, 18, 4]
bestever    2175    in generation 178
[19, 5, 5, 5, 12, 9, 9, 14, 2, 1, 2, 1, 14, 16, 7, 1, 1, 2, 7, 7, 16, 7, 16, 8, 16, 8, 8, 8, 7, 16, 7, 8, 14, 8, 2, 2, 3, 6, 16, 19, 12, 14, 4, 6, 9, 19, 18, 6, 5, 2, 10, 18, 9, 18, 5, 9, 8, 15, 1, 19, 19, 6, 8, 6, 8, 5, 5, 5, 19, 7, 3, 1, 3, 6, 3, 16, 5, 19, 3, 12, 14, 14, 6, 9, 7, 7, 18, 6, 20, 5, 2, 10, 2, 1, 9, 11, 15, 20, 12, 2, 15, 3, 3, 11, 2, 1, 12, 16, 9, 12, 15, 15, 20, 12, 16, 1, 20, 20, 15, 4, 18, 4, 11, 17, 20, 11, 20, 11, 15, 9, 10, 11, 19, 3, 12, 10, 10, 4, 14, 19, 7, 14, 3, 6, 16, 1, 14, 6, 10, 10, 18, 9, 14, 4, 19, 12, 10, 13, 10, 13, 17, 18, 4, 13, 17, 17, 13, 11, 12, 3, 20, 13, 17, 20, 20, 15, 15, 15, 17, 13, 17, 13, 10, 17, 13, 11, 8, 17, 13, 11, 18, 4, 17, 13, 11, 18, 4, 4, 18, 4]
bestever    2169    in generation 266
[19, 5, 5, 5, 9, 9, 14, 2, 1, 2, 1, 14, 16, 7, 1, 1, 2, 7, 7, 16, 7, 16, 8, 16, 8, 8, 8, 7, 16, 7, 8, 14, 8, 2, 2, 3, 6, 16, 19, 12, 14, 6, 9, 19, 18, 6, 5, 2, 10, 18, 9, 18, 5, 9, 8, 15, 1, 19, 19, 6, 8, 6, 5, 5, 5, 19, 7, 3, 1, 3, 6, 3, 16, 5, 19, 3, 12, 14, 14, 6, 9, 7, 7, 6, 20, 5, 2, 10, 2, 1, 9, 11, 15, 20, 12, 2, 15, 3, 11, 2, 1, 18, 4, 12, 16, 9, 12, 15, 15, 20, 12, 12, 3, 16, 1, 20, 20, 15, 4, 11, 17, 20, 20, 15, 9, 10, 11, 19, 3, 12, 10, 10, 14, 19, 7, 14, 3, 6, 16, 1, 14, 6, 10, 10, 9, 14, 12, 10, 13, 13, 17, 13, 17, 13, 12, 3, 20, 20, 17, 4, 10, 20, 15, 13, 17, 13, 17, 10, 17, 11, 13, 11, 17, 13, 8, 15, 15, 11, 19, 11, 4, 8, 4, 18, 18, 17, 18, 4, 13, 11, 18, 4, 17, 13, 11, 18, 4, 4, 18, 4]
bestever    2150    in generation 276
[19, 5, 5, 5, 9, 9, 14, 2, 1, 2, 1, 14, 16, 7, 1, 1, 2, 7, 7, 16, 7, 16, 8, 16, 8, 8, 8, 7, 16, 7, 8, 14, 8, 2, 2, 3, 6, 16, 19, 12, 14, 6, 9, 19, 18, 6, 5, 2, 10, 18, 9, 5, 9, 8, 15, 1, 19, 19, 6, 8, 6, 5, 5, 5, 19, 7, 3, 1, 3, 6, 3, 16, 5, 19, 3, 12, 14, 14, 6, 9, 7, 7, 6, 20, 5, 2, 10, 2, 1, 9, 11, 15, 20, 12, 2, 15, 3, 11, 2, 1, 12, 16, 9, 12, 15, 15, 20, 12, 12, 3, 16, 1, 20, 20, 15, 11, 17, 20, 20, 15, 9, 11, 12, 10, 19, 3, 14, 10, 10, 19, 7, 14, 3, 6, 16, 1, 14, 6, 10, 10, 9, 14, 12, 10, 13, 13, 13, 12, 3, 20, 20, 10, 20, 15, 17, 13, 17, 17, 11, 13, 11, 13, 8, 17, 13, 17, 10, 17, 13, 15, 15, 19, 11, 4, 4, 18, 17, 18, 4, 11, 4, 8, 4, 18, 18, 17, 18, 4, 13, 11, 18, 4, 17, 13, 11, 18, 4, 4, 18, 4]
bestever    2122    in generation 293
[19, 5, 5, 5, 9, 9, 14, 2, 1, 2, 1, 14, 16, 7, 1, 1, 2, 7, 7, 16, 7, 16, 8, 16, 8, 8, 8, 7, 16, 7, 8, 14, 8, 2, 2, 3, 6, 16, 19, 12, 14, 6, 9, 19, 18, 6, 5, 2, 10, 18, 9, 5, 9, 8, 15, 1, 19, 19, 6, 8, 6, 5, 5, 5, 19, 7, 3, 1, 3, 6, 3, 16, 5, 19, 3, 12, 14, 14, 6, 9, 7, 7, 6, 20, 5, 2, 10, 2, 1, 9, 11, 15, 20, 12, 2, 15, 3, 11, 2, 1, 12, 16, 9, 12, 15, 15, 12, 12, 3, 16, 1, 20, 15, 11, 17, 20, 20, 15, 9, 11, 12, 10, 19, 3, 14, 10, 10, 19, 7, 14, 6, 16, 1, 14, 6, 10, 9, 14, 12, 10, 13, 13, 13, 12, 3, 20, 20, 10, 3, 20, 20, 10, 20, 15, 17, 13, 17, 17, 11, 13, 11, 13, 8, 17, 13, 17, 10, 17, 13, 15, 15, 19, 11, 4, 4, 18, 17, 18, 4, 11, 8, 4, 18, 18, 17, 18, 4, 13, 11, 4, 18, 4, 17, 13, 11, 18, 4, 4, 18, 4]
bestever    2117    in generation 347
[19, 5, 5, 5, 9, 9, 14, 2, 1, 2, 1, 14, 16, 7, 1, 1, 2, 7, 7, 16, 7, 16, 8, 16, 8, 8, 8, 7, 16, 7, 8, 8, 2, 2, 3, 6, 16, 19, 12, 6, 9, 19, 6, 5, 2, 10, 9, 5, 9, 8, 15, 1, 19, 19, 6, 8, 6, 5, 5, 5, 19, 7, 3, 1, 3, 6, 3, 16, 5, 19, 3, 12, 14, 14, 9, 7, 7, 20, 5, 2, 10, 2, 9, 11, 15, 20, 12, 2, 15, 3, 11, 2, 1, 12, 16, 9, 12, 15, 15, 12, 12, 3, 1, 20, 15, 11, 17, 20, 20, 15, 9, 11, 12, 10, 19, 3, 14, 6, 16, 1, 14, 6, 14, 10, 10, 7, 14, 6, 16, 1, 14, 6, 10, 9, 14, 12, 10, 13, 13, 13, 12, 3, 20, 20, 10, 3, 20, 20, 10, 20, 17, 13, 17, 11, 13, 8, 17, 13, 17, 17, 15, 10, 19, 17, 18, 13, 11, 18, 13, 15, 15, 19, 11, 4, 4, 18, 17, 18, 4, 11, 8, 4, 18, 18, 17, 18, 4, 13, 11, 4, 18, 4, 17, 13, 11, 18, 4, 4, 18, 4]
bestever    2103    in generation 369
[19, 5, 5, 5, 9, 9, 14, 2, 1, 2, 1, 14, 16, 7, 1, 1, 2, 7, 7, 16, 7, 16, 8, 16, 8, 8, 8, 7, 16, 7, 8, 8, 2, 2, 3, 6, 16, 19, 12, 6, 9, 19, 6, 5, 2, 10, 9, 5, 9, 8, 15, 1, 19, 19, 6, 8, 6, 5, 5, 5, 19, 7, 3, 1, 3, 6, 3, 16, 5, 19, 3, 12, 14, 14, 9, 7, 7, 20, 5, 2, 10, 2, 9, 11, 15, 20, 12, 2, 15, 3, 11, 2, 1, 12, 16, 9, 12, 15, 15, 12, 12, 3, 1, 20, 20, 11, 17, 20, 20, 15, 9, 11, 12, 10, 19, 3, 14, 6, 16, 1, 14, 6, 14, 10, 10, 7, 14, 6, 16, 1, 14, 6, 10, 9, 14, 12, 10, 13, 13, 13, 12, 3, 20, 20, 10, 3, 15, 20, 10, 20, 17, 13, 17, 11, 13, 8, 17, 13, 17, 17, 15, 10, 19, 17, 18, 13, 11, 18, 15, 15, 19, 4, 18, 17, 18, 4, 13, 11, 4, 11, 8, 4, 18, 18, 17, 18, 4, 13, 11, 4, 18, 4, 17, 13, 11, 18, 4, 4, 18, 4]
bestever    2092    in generation 473
[7, 16, 7, 16, 9, 7, 16, 14, 7, 5, 9, 19, 5, 5, 2, 2, 2, 1, 1, 1, 1, 8, 16, 8, 8, 8, 7, 16, 7, 8, 8, 2, 2, 3, 6, 16, 19, 12, 6, 9, 19, 6, 5, 2, 9, 5, 9, 8, 15, 1, 19, 19, 6, 8, 6, 5, 5, 5, 19, 7, 3, 1, 3, 6, 3, 16, 5, 19, 3, 12, 14, 14, 9, 7, 7, 20, 5, 2, 10, 2, 9, 11, 15, 20, 12, 2, 15, 3, 11, 2, 1, 12, 16, 9, 12, 15, 15, 12, 12, 3, 1, 20, 20, 11, 17, 20, 20, 15, 9, 11, 12, 14, 10, 10, 19, 3, 16, 1, 14, 6, 14, 14, 6, 10, 10, 7, 14, 6, 16, 1, 14, 6, 10, 9, 14, 12, 10, 13, 13, 13, 12, 3, 20, 20, 10, 3, 15, 20, 10, 20, 17, 13, 17, 11, 13, 8, 17, 13, 17, 15, 10, 19, 18, 13, 11, 18, 15, 15, 19, 4, 18, 17, 18, 4, 11, 4, 11, 8, 18, 18, 17, 18, 4, 13, 11, 4, 18, 17, 4, 13, 17, 4, 17, 13, 11, 18, 4, 4, 18, 4]
bestever    2032    in generation 519
[7, 16, 7, 16, 9, 7, 16, 14, 7, 5, 9, 19, 5, 5, 2, 2, 2, 1, 1, 1, 1, 8, 16, 8, 8, 8, 7, 16, 7, 8, 8, 2, 2, 3, 6, 16, 19, 12, 6, 9, 19, 6, 5, 2, 9, 5, 9, 8, 15, 1, 19, 19, 6, 8, 6, 5, 5, 5, 19, 7, 3, 1, 3, 6, 3, 16, 5, 19, 3, 12, 14, 14, 9, 7, 7, 20, 5, 2, 10, 2, 9, 15, 20, 12, 2, 15, 3, 11, 2, 1, 12, 16, 9, 12, 15, 12, 12, 3, 1, 20, 20, 11, 20, 20, 15, 9, 11, 12, 14, 10, 10, 19, 3, 16, 1, 14, 6, 14, 14, 6, 10, 10, 7, 14, 6, 16, 1, 14, 6, 10, 9, 14, 12, 10, 13, 13, 12, 3, 20, 20, 3, 15, 10, 17, 15, 20, 10, 20, 17, 13, 11, 13, 11, 13, 8, 15, 10, 19, 18, 11, 18, 15, 15, 19, 4, 18, 18, 11, 4, 11, 8, 18, 18, 4, 4, 18, 17, 17, 13, 17, 13, 17, 13, 11, 4, 17, 18, 17, 4, 13, 17, 4, 17, 13, 11, 18, 4, 4, 18, 4]
bestever    2030    in generation 538
[7, 16, 7, 16, 9, 7, 16, 14, 7, 5, 9, 19, 5, 5, 2, 2, 2, 1, 1, 1, 1, 8, 16, 8, 8, 8, 7, 16, 7, 8, 8, 2, 2, 3, 6, 16, 19, 12, 6, 9, 19, 6, 5, 2, 9, 5, 9, 8, 15, 1, 19, 19, 6, 8, 6, 5, 5, 5, 19, 7, 3, 1, 3, 6, 3, 16, 5, 19, 3, 12, 14, 14, 9, 7, 7, 20, 5, 2, 10, 2, 9, 15, 20, 12, 2, 15, 3, 11, 2, 1, 12, 16, 9, 12, 15, 12, 12, 3, 1, 20, 20, 11, 20, 20, 15, 9, 11, 12, 14, 10, 10, 19, 3, 16, 1, 14, 6, 14, 14, 6, 10, 10, 7, 14, 6, 16, 1, 14, 6, 10, 9, 14, 12, 10, 13, 13, 12, 3, 20, 20, 3, 15, 10, 17, 15, 20, 10, 20, 17, 13, 11, 13, 11, 13, 8, 15, 10, 19, 18, 11, 18, 15, 15, 19, 4, 18, 18, 11, 4, 11, 8, 18, 18, 4, 4, 4, 4, 4, 17, 17, 13, 13, 17, 17, 13, 18, 11, 18, 13, 13, 4, 18, 17, 11, 4, 17, 18, 17, 4, 17]
bestever    2025    in generation 562
[7, 16, 7, 16, 9, 7, 16, 14, 7, 5, 9, 19, 5, 5, 2, 2, 2, 1, 1, 1, 1, 8, 16, 8, 8, 8, 7, 16, 7, 8, 8, 2, 2, 3, 6, 16, 19, 12, 6, 9, 19, 6, 5, 2, 9, 5, 9, 8, 15, 1, 19, 19, 6, 8, 6, 5, 5, 5, 19, 7, 3, 1, 3, 6, 3, 16, 5, 19, 3, 12, 14, 14, 9, 7, 7, 20, 5, 2, 10, 2, 9, 15, 20, 12, 2, 15, 3, 11, 2, 1, 12, 16, 9, 12, 15, 12, 12, 3, 1, 20, 20, 11, 20, 20, 15, 9, 11, 12, 14, 10, 10, 19, 3, 16, 1, 14, 6, 14, 14, 6, 10, 10, 7, 14, 6, 16, 1, 14, 6, 10, 9, 14, 12, 10, 13, 13, 12, 3, 20, 20, 3, 15, 10, 17, 15, 20, 10, 20, 17, 13, 11, 11, 8, 15, 10, 19, 18, 11, 18, 15, 15, 19, 4, 18, 18, 11, 11, 8, 4, 13, 18, 18, 13, 4, 4, 4, 4, 4, 17, 17, 13, 13, 17, 17, 13, 11, 13, 18, 18, 13, 4, 18, 17, 11, 4, 17, 18, 17, 4, 17]
bestever    2023    in generation 596
[7, 16, 7, 16, 9, 7, 16, 14, 7, 5, 9, 19, 5, 5, 2, 2, 2, 1, 1, 1, 1, 8, 16, 8, 8, 8, 7, 16, 7, 8, 8, 2, 2, 3, 6, 16, 19, 12, 6, 9, 19, 6, 5, 2, 9, 5, 9, 8, 15, 1, 19, 19, 6, 8, 6, 5, 5, 5, 19, 7, 3, 1, 3, 6, 3, 16, 5, 19, 3, 12, 14, 14, 9, 7, 7, 20, 5, 2, 10, 2, 9, 15, 20, 12, 2, 15, 3, 11, 2, 1, 12, 16, 9, 12, 15, 12, 12, 3, 1, 20, 20, 11, 20, 15, 9, 11, 12, 14, 10, 10, 19, 3, 16, 1, 14, 6, 14, 14, 6, 10, 10, 7, 14, 6, 16, 1, 14, 6, 10, 9, 14, 12, 10, 13, 13, 12, 3, 20, 20, 20, 3, 15, 10, 15, 20, 10, 20, 11, 11, 8, 15, 10, 19, 11, 18, 15, 19, 4, 18, 11, 8, 4, 4, 4, 13, 17, 13, 15, 17, 17, 13, 13, 18, 18, 13, 4, 18, 17, 11, 4, 17, 18, 17, 4, 13, 11, 13, 18, 18, 13, 4, 18, 17, 11, 4, 17, 18, 17, 4, 17]
bestever    2009    in generation 603
[7, 16, 7, 16, 9, 7, 16, 14, 7, 5, 9, 19, 5, 5, 2, 2, 2, 1, 1, 1, 1, 8, 16, 8, 8, 8, 7, 16, 7, 8, 8, 2, 2, 3, 6, 16, 19, 12, 6, 9, 19, 6, 5, 2, 9, 5, 9, 8, 15, 1, 19, 19, 6, 8, 6, 5, 5, 5, 19, 7, 3, 1, 3, 6, 3, 16, 5, 19, 3, 12, 14, 14, 9, 7, 7, 20, 5, 2, 10, 2, 9, 15, 20, 12, 2, 15, 3, 11, 2, 1, 12, 16, 9, 12, 15, 12, 12, 3, 1, 20, 20, 11, 20, 15, 9, 11, 12, 14, 10, 10, 19, 3, 16, 1, 14, 6, 14, 14, 6, 10, 10, 7, 14, 6, 16, 1, 14, 6, 10, 9, 14, 12, 10, 13, 13, 12, 3, 20, 20, 20, 3, 15, 10, 15, 20, 10, 20, 11, 11, 8, 15, 10, 19, 11, 18, 15, 19, 4, 18, 11, 8, 4, 4, 4, 13, 17, 13, 15, 18, 17, 17, 4, 17, 11, 11, 11, 18, 18, 18, 18, 4, 4, 4, 4, 13, 17, 13, 13, 18, 18, 13, 4, 18, 17, 17, 17, 13, 17, 17, 13]
bestever    2002    in generation 627
[7, 16, 7, 16, 9, 7, 16, 14, 7, 5, 9, 19, 5, 5, 2, 2, 2, 1, 1, 1, 1, 8, 16, 8, 8, 8, 7, 16, 7, 8, 8, 2, 2, 3, 6, 16, 19, 12, 6, 9, 19, 6, 5, 2, 9, 5, 9, 8, 15, 1, 19, 19, 6, 8, 6, 5, 5, 5, 19, 7, 3, 1, 3, 6, 3, 16, 5, 19, 3, 12, 14, 14, 9, 7, 7, 20, 5, 2, 10, 2, 9, 15, 20, 12, 2, 15, 3, 11, 2, 1, 12, 16, 9, 12, 15, 12, 12, 3, 1, 20, 20, 11, 20, 15, 11, 14, 10, 19, 3, 16, 1, 14, 6, 14, 14, 6, 10, 7, 6, 16, 10, 9, 14, 12, 10, 1, 14, 6, 10, 9, 14, 12, 10, 13, 13, 12, 3, 20, 20, 20, 3, 15, 10, 15, 20, 10, 20, 11, 11, 8, 15, 10, 19, 11, 15, 19, 4, 11, 8, 4, 13, 17, 13, 15, 17, 4, 11, 18, 18, 18, 4, 4, 11, 11, 18, 18, 18, 18, 4, 4, 4, 4, 13, 18, 13, 13, 17, 17, 17, 18, 13, 4, 18, 17, 17, 17, 13, 17, 17, 13]
bestever    2000    in generation 851
[7, 16, 7, 16, 9, 7, 16, 14, 7, 5, 9, 19, 5, 5, 2, 2, 2, 1, 1, 1, 1, 8, 16, 8, 8, 8, 7, 16, 7, 8, 8, 2, 2, 2, 3, 6, 16, 19, 12, 6, 9, 19, 6, 5, 2, 9, 5, 9, 8, 1, 19, 19, 6, 8, 6, 5, 5, 5, 19, 7, 3, 1, 3, 6, 3, 16, 5, 19, 3, 12, 14, 14, 9, 7, 7, 20, 5, 2, 2, 9, 20, 12, 15, 3, 11, 12, 1, 12, 16, 9, 2, 15, 12, 12, 3, 1, 20, 11, 20, 15, 11, 14, 19, 3, 16, 1, 14, 6, 14, 14, 6, 10, 7, 15, 10, 15, 20, 10, 6, 16, 9, 14, 10, 1, 14, 6, 10, 12, 10, 9, 14, 12, 10, 13, 12, 3, 20, 20, 20, 3, 15, 10, 15, 20, 10, 20, 11, 11, 8, 15, 10, 19, 11, 15, 13, 19, 4, 11, 8, 4, 15, 4, 11, 18, 18, 18, 4, 4, 11, 11, 18, 18, 18, 4, 4, 13, 17, 4, 18, 13, 13, 13, 4, 17, 17, 13, 17, 17, 18, 18, 13, 4, 18, 17, 17, 17, 13, 17, 17, 13]
bestever    1959    in generation 946
[7, 16, 7, 16, 9, 7, 16, 14, 7, 5, 9, 19, 5, 5, 2, 2, 2, 1, 1, 1, 1, 8, 16, 8, 8, 8, 7, 16, 7, 8, 8, 2, 2, 2, 3, 6, 16, 19, 12, 6, 9, 19, 6, 5, 2, 9, 5, 9, 8, 1, 19, 19, 6, 8, 6, 5, 5, 5, 19, 7, 3, 1, 3, 6, 3, 16, 5, 19, 3, 12, 14, 14, 9, 7, 7, 20, 5, 2, 2, 9, 20, 12, 15, 3, 11, 12, 1, 12, 16, 9, 2, 15, 12, 3, 1, 20, 11, 15, 11, 14, 19, 3, 16, 1, 14, 6, 14, 14, 6, 10, 7, 15, 15, 6, 16, 9, 14, 20, 20, 1, 10, 10, 12, 10, 14, 6, 10, 12, 10, 9, 14, 12, 10, 13, 12, 3, 20, 20, 20, 3, 15, 10, 15, 20, 10, 20, 11, 11, 8, 15, 10, 19, 11, 15, 13, 19, 4, 11, 8, 4, 15, 4, 11, 18, 18, 18, 4, 4, 11, 11, 18, 18, 18, 4, 4, 13, 17, 4, 18, 13, 13, 13, 4, 17, 13, 17, 17, 17, 18, 18, 13, 4, 18, 17, 17, 17, 13, 17, 17, 13]
bestever    1952    in generation 1048
[7, 16, 7, 16, 9, 7, 16, 14, 7, 5, 9, 19, 5, 5, 2, 2, 2, 1, 1, 1, 1, 8, 16, 8, 8, 8, 7, 16, 7, 8, 8, 2, 2, 2, 3, 6, 16, 19, 12, 6, 9, 19, 6, 5, 2, 9, 5, 9, 8, 1, 19, 19, 6, 8, 5, 5, 5, 19, 7, 3, 1, 3, 3, 16, 5, 19, 3, 12, 14, 14, 9, 7, 7, 20, 5, 2, 2, 9, 20, 12, 15, 3, 11, 12, 1, 12, 16, 9, 2, 15, 12, 3, 1, 20, 11, 15, 11, 19, 3, 16, 1, 14, 14, 6, 14, 6, 6, 14, 6, 10, 7, 15, 15, 6, 16, 20, 20, 1, 10, 14, 6, 10, 10, 9, 10, 9, 14, 12, 14, 12, 10, 12, 10, 13, 12, 3, 20, 20, 20, 3, 15, 10, 15, 20, 10, 20, 11, 4, 11, 8, 15, 10, 19, 11, 15, 19, 4, 11, 8, 4, 15, 4, 11, 18, 18, 18, 13, 4, 4, 11, 11, 18, 18, 18, 4, 4, 13, 17, 18, 13, 13, 13, 4, 17, 13, 17, 18, 18, 13, 4, 18, 17, 17, 17, 17, 17, 13, 17, 17, 13]
bestever    1950    in generation 1052
[7, 16, 7, 16, 9, 7, 16, 14, 7, 5, 9, 19, 5, 5, 2, 2, 2, 1, 1, 1, 1, 8, 16, 8, 8, 8, 7, 16, 7, 8, 8, 2, 2, 2, 3, 6, 16, 19, 12, 6, 9, 19, 6, 5, 2, 9, 5, 9, 8, 1, 19, 19, 6, 8, 5, 5, 5, 19, 7, 3, 1, 3, 3, 16, 5, 19, 3, 12, 14, 14, 9, 7, 7, 20, 5, 2, 2, 9, 20, 12, 15, 3, 11, 12, 1, 12, 16, 9, 2, 15, 12, 3, 1, 20, 11, 15, 11, 19, 3, 16, 1, 14, 14, 6, 14, 6, 6, 14, 6, 10, 7, 15, 6, 16, 1, 10, 14, 6, 10, 10, 9, 10, 9, 14, 12, 14, 12, 10, 12, 10, 13, 12, 3, 20, 20, 20, 20, 20, 3, 15, 15, 10, 15, 20, 10, 20, 11, 4, 11, 8, 15, 10, 19, 11, 15, 19, 4, 11, 8, 4, 15, 4, 11, 18, 18, 18, 13, 4, 4, 11, 11, 18, 18, 18, 4, 4, 13, 17, 18, 13, 13, 13, 4, 17, 13, 17, 18, 18, 13, 4, 18, 17, 17, 17, 17, 17, 13, 17, 17, 13]
bestever    1947    in generation 1055
[7, 16, 7, 16, 9, 7, 16, 14, 7, 5, 9, 19, 5, 5, 2, 2, 2, 1, 1, 1, 1, 8, 16, 8, 8, 8, 7, 16, 7, 8, 8, 2, 2, 2, 3, 6, 16, 19, 12, 6, 9, 19, 6, 5, 2, 9, 5, 9, 8, 1, 19, 19, 6, 8, 5, 5, 5, 19, 7, 3, 1, 3, 3, 16, 5, 19, 3, 12, 14, 14, 9, 7, 7, 20, 5, 2, 2, 9, 12, 15, 3, 11, 12, 1, 12, 16, 9, 2, 15, 12, 3, 1, 20, 11, 15, 11, 19, 3, 16, 1, 14, 14, 6, 14, 6, 6, 14, 6, 10, 7, 15, 6, 16, 1, 10, 14, 6, 10, 10, 9, 10, 9, 14, 12, 14, 12, 12, 10, 20, 10, 13, 12, 3, 20, 20, 20, 20, 20, 3, 15, 15, 10, 15, 20, 10, 20, 11, 4, 11, 8, 15, 10, 19, 11, 15, 19, 4, 11, 8, 4, 15, 4, 11, 18, 18, 18, 13, 4, 4, 11, 11, 18, 18, 18, 4, 4, 13, 17, 18, 13, 13, 13, 4, 17, 13, 17, 18, 18, 13, 4, 18, 17, 17, 17, 17, 17, 13, 17, 17, 13]
bestever    1943    in generation 1164
[7, 16, 7, 16, 9, 7, 16, 14, 7, 5, 9, 19, 5, 5, 2, 2, 2, 1, 1, 1, 1, 8, 16, 8, 8, 8, 7, 16, 7, 8, 8, 2, 2, 2, 3, 6, 16, 19, 12, 6, 9, 19, 6, 5, 2, 9, 5, 9, 8, 1, 19, 19, 6, 8, 5, 5, 5, 19, 7, 3, 1, 3, 3, 16, 5, 19, 3, 12, 14, 14, 9, 7, 7, 20, 5, 2, 2, 9, 12, 15, 3, 11, 12, 1, 12, 16, 9, 2, 15, 3, 1, 20, 11, 15, 11, 19, 3, 16, 1, 14, 14, 6, 14, 6, 6, 14, 6, 10, 7, 15, 6, 16, 1, 14, 6, 10, 10, 9, 10, 9, 12, 10, 14, 12, 14, 12, 12, 10, 20, 10, 13, 12, 3, 20, 20, 20, 20, 20, 3, 15, 15, 10, 15, 20, 10, 20, 11, 4, 11, 8, 15, 10, 19, 11, 15, 19, 4, 11, 8, 4, 15, 4, 11, 18, 18, 18, 13, 4, 4, 11, 11, 18, 18, 18, 4, 4, 13, 17, 18, 13, 13, 13, 4, 13, 18, 18, 4, 17, 17, 13, 18, 17, 17, 17, 17, 17, 13, 17, 17, 13]
bestever    1939    in generation 1368
[7, 16, 7, 16, 9, 7, 16, 14, 7, 5, 9, 19, 5, 5, 2, 2, 2, 1, 1, 1, 1, 8, 16, 8, 8, 8, 7, 16, 7, 8, 8, 2, 2, 2, 3, 6, 16, 19, 12, 6, 9, 19, 6, 5, 2, 9, 5, 9, 7, 8, 1, 19, 19, 6, 8, 5, 5, 5, 19, 7, 3, 1, 3, 3, 16, 5, 19, 3, 12, 14, 14, 9, 7, 20, 5, 2, 2, 9, 12, 3, 11, 12, 1, 12, 16, 9, 2, 3, 1, 11, 15, 11, 19, 3, 16, 1, 14, 14, 6, 14, 6, 6, 14, 6, 10, 7, 15, 6, 16, 1, 14, 6, 10, 10, 9, 10, 9, 12, 10, 14, 14, 12, 12, 12, 10, 20, 20, 15, 15, 10, 12, 3, 20, 20, 20, 20, 20, 3, 15, 15, 10, 15, 20, 10, 20, 11, 4, 11, 8, 15, 10, 19, 11, 15, 19, 4, 11, 8, 4, 15, 4, 11, 18, 18, 18, 4, 4, 11, 11, 18, 18, 18, 4, 4, 13, 17, 18, 13, 13, 13, 13, 13, 4, 13, 18, 18, 4, 17, 17, 18, 17, 13, 13, 17, 17, 17, 13, 17, 17, 17]
bestever    1932    in generation 1628
[16, 9, 7, 16, 14, 7, 5, 9, 19, 5, 5, 2, 2, 16, 7, 7, 2, 1, 1, 1, 1, 8, 16, 8, 8, 8, 7, 16, 7, 8, 8, 2, 2, 3, 6, 19, 16, 12, 6, 9, 19, 6, 5, 2, 9, 5, 9, 7, 8, 1, 19, 19, 6, 8, 5, 5, 5, 19, 7, 1, 3, 3, 16, 5, 19, 3, 12, 14, 14, 9, 7, 20, 5, 2, 3, 2, 2, 9, 12, 3, 12, 1, 12, 16, 9, 2, 3, 1, 11, 11, 19, 3, 16, 1, 14, 14, 6, 14, 6, 6, 14, 6, 10, 7, 6, 16, 1, 14, 6, 10, 10, 9, 9, 12, 14, 14, 12, 12, 12, 10, 10, 20, 15, 12, 20, 3, 10, 20, 20, 15, 20, 20, 3, 15, 15, 20, 15, 10, 10, 15, 20, 10, 20, 11, 11, 15, 4, 11, 8, 15, 10, 19, 11, 15, 19, 4, 11, 8, 4, 15, 4, 11, 18, 18, 18, 4, 4, 11, 11, 18, 18, 18, 4, 4, 13, 18, 13, 13, 13, 13, 17, 13, 4, 13, 18, 18, 4, 17, 18, 17, 17, 13, 13, 17, 17, 17, 13, 17, 17, 17]
bestever    1925    in generation 1949
[9, 9, 19, 16, 7, 16, 7, 5, 5, 5, 2, 2, 16, 7, 7, 2, 1, 1, 1, 1, 8, 16, 8, 8, 8, 7, 16, 7, 8, 8, 2, 2, 3, 6, 19, 16, 12, 6, 9, 19, 6, 5, 2, 9, 5, 9, 7, 8, 1, 19, 19, 6, 8, 5, 5, 5, 19, 7, 1, 3, 3, 16, 5, 19, 3, 14, 9, 7, 20, 5, 2, 3, 2, 2, 9, 12, 3, 12, 1, 12, 16, 9, 2, 3, 1, 11, 14, 14, 3, 16, 1, 14, 14, 6, 14, 6, 6, 14, 6, 10, 7, 6, 16, 1, 14, 6, 10, 10, 9, 9, 14, 12, 12, 14, 12, 12, 12, 10, 10, 15, 12, 20, 20, 3, 20, 15, 15, 20, 20, 20, 3, 10, 15, 10, 15, 20, 15, 10, 20, 10, 20, 11, 11, 15, 4, 11, 8, 19, 11, 15, 10, 19, 11, 15, 19, 4, 11, 8, 4, 15, 4, 11, 18, 18, 18, 4, 4, 11, 11, 18, 4, 13, 18, 4, 18, 18, 13, 13, 13, 13, 13, 4, 18, 18, 4, 18, 17, 17, 13, 17, 17, 13, 13, 13, 17, 17, 17, 17, 17, 17]
bestever    1910    in generation 2004
[9, 9, 19, 16, 7, 16, 7, 5, 5, 5, 2, 2, 16, 7, 7, 2, 1, 1, 1, 1, 8, 16, 8, 8, 8, 7, 16, 7, 8, 8, 2, 2, 3, 6, 19, 16, 12, 6, 9, 19, 6, 5, 2, 9, 5, 9, 7, 8, 1, 19, 19, 6, 8, 5, 5, 5, 7, 1, 3, 3, 16, 5, 19, 3, 14, 9, 7, 20, 5, 2, 3, 2, 2, 9, 12, 3, 12, 1, 12, 16, 9, 3, 1, 11, 14, 14, 3, 16, 1, 14, 14, 6, 14, 6, 6, 14, 6, 10, 7, 16, 1, 14, 6, 10, 10, 9, 9, 14, 12, 12, 14, 12, 12, 12, 10, 10, 15, 12, 20, 20, 3, 20, 15, 15, 20, 20, 20, 3, 10, 15, 10, 15, 20, 15, 10, 20, 10, 20, 11, 11, 15, 4, 11, 8, 19, 11, 15, 10, 19, 11, 15, 19, 4, 11, 8, 4, 15, 4, 11, 18, 18, 18, 4, 4, 11, 11, 18, 4, 13, 18, 4, 18, 18, 13, 13, 13, 13, 13, 4, 18, 18, 4, 19, 6, 2, 18, 17, 17, 13, 13, 13, 13, 17, 17, 17, 17, 17, 17, 17, 17]
bestever    1907    in generation 2005
[9, 9, 19, 16, 7, 16, 7, 5, 5, 5, 2, 2, 16, 7, 7, 2, 1, 1, 1, 1, 8, 16, 8, 8, 8, 7, 16, 7, 8, 8, 2, 2, 3, 6, 19, 16, 12, 6, 9, 19, 6, 5, 2, 9, 5, 9, 7, 8, 1, 19, 8, 5, 5, 5, 7, 1, 3, 3, 5, 3, 14, 20, 5, 2, 3, 2, 2, 12, 3, 12, 12, 16, 7, 16, 1, 6, 9, 9, 19, 19, 13, 9, 2, 3, 1, 11, 14, 14, 3, 16, 1, 14, 14, 6, 14, 6, 6, 14, 6, 10, 7, 6, 16, 1, 14, 6, 10, 10, 9, 9, 14, 12, 12, 14, 12, 12, 12, 10, 10, 15, 12, 20, 20, 3, 20, 15, 15, 20, 20, 20, 3, 10, 15, 10, 15, 20, 15, 10, 20, 10, 20, 11, 11, 15, 4, 11, 8, 19, 11, 15, 10, 19, 11, 15, 19, 4, 11, 8, 4, 15, 4, 11, 18, 18, 18, 4, 4, 11, 11, 18, 4, 13, 18, 4, 18, 18, 13, 13, 13, 13, 13, 4, 18, 18, 4, 18, 17, 17, 13, 19, 13, 13, 17, 17, 17, 17, 17, 17, 17, 17]
bestever    1891    in generation 2100
[9, 9, 19, 16, 7, 16, 7, 5, 5, 5, 2, 2, 16, 7, 7, 2, 1, 1, 1, 1, 8, 16, 8, 8, 8, 7, 16, 7, 8, 8, 2, 2, 3, 6, 19, 16, 6, 9, 19, 6, 5, 2, 9, 5, 9, 7, 8, 1, 19, 8, 5, 5, 5, 7, 1, 3, 3, 5, 3, 14, 20, 5, 2, 3, 2, 2, 3, 12, 12, 16, 7, 16, 1, 6, 9, 9, 19, 19, 13, 9, 2, 3, 1, 11, 14, 14, 3, 16, 1, 14, 14, 6, 14, 6, 14, 6, 7, 6, 6, 16, 1, 6, 10, 14, 12, 12, 9, 9, 14, 12, 12, 10, 10, 14, 12, 12, 12, 10, 10, 15, 12, 20, 20, 3, 20, 15, 15, 20, 20, 20, 3, 10, 15, 10, 15, 20, 15, 10, 20, 10, 20, 11, 11, 15, 8, 19, 11, 15, 10, 19, 11, 15, 11, 11, 8, 4, 15, 19, 4, 11, 18, 4, 11, 11, 13, 13, 4, 18, 18, 4, 13, 13, 13, 4, 18, 18, 18, 4, 4, 18, 13, 4, 18, 18, 4, 18, 17, 17, 17, 17, 17, 17, 19, 13, 13, 17, 17, 13, 17, 17]
bestever    1890    in generation 2848
[9, 9, 7, 16, 7, 5, 16, 19, 5, 5, 2, 2, 16, 7, 7, 2, 1, 1, 1, 1, 8, 16, 8, 8, 8, 7, 16, 7, 8, 8, 2, 2, 3, 6, 19, 16, 6, 9, 19, 6, 5, 2, 9, 5, 9, 7, 8, 1, 19, 8, 5, 5, 5, 7, 1, 3, 3, 5, 3, 5, 2, 3, 2, 2, 3, 16, 7, 16, 13, 1, 9, 2, 3, 1, 11, 3, 16, 1, 10, 9, 19, 9, 14, 14, 6, 14, 14, 14, 6, 14, 14, 6, 7, 6, 6, 6, 16, 1, 6, 9, 9, 19, 12, 12, 14, 12, 12, 14, 12, 12, 14, 12, 12, 12, 12, 20, 20, 20, 20, 20, 20, 20, 15, 15, 3, 10, 15, 10, 15, 3, 10, 10, 10, 10, 15, 20, 15, 10, 15, 20, 10, 20, 15, 8, 11, 15, 10, 15, 19, 11, 11, 11, 19, 8, 19, 11, 11, 11, 18, 4, 4, 4, 11, 11, 4, 4, 18, 13, 18, 18, 4, 13, 13, 18, 4, 18, 4, 4, 18, 18, 4, 13, 13, 13, 13, 17, 17, 18, 18, 17, 17, 17, 17, 17, 17, 19, 13, 13, 17, 17]
bestever    1887    in generation 3414
[9, 9, 7, 16, 7, 5, 16, 19, 5, 5, 2, 2, 16, 7, 7, 2, 1, 1, 1, 1, 8, 16, 8, 8, 8, 7, 16, 7, 2, 8, 8, 2, 3, 6, 19, 16, 6, 9, 19, 6, 5, 10, 2, 9, 5, 9, 7, 8, 1, 19, 8, 5, 5, 5, 1, 3, 3, 5, 3, 5, 2, 3, 2, 2, 3, 16, 7, 1, 9, 2, 3, 1, 3, 16, 1, 9, 19, 14, 14, 6, 14, 14, 14, 14, 10, 14, 7, 6, 16, 6, 7, 6, 6, 6, 16, 1, 9, 6, 9, 9, 19, 14, 12, 14, 14, 12, 12, 12, 12, 12, 12, 12, 12, 12, 20, 20, 20, 20, 15, 3, 3, 15, 10, 15, 20, 15, 15, 10, 10, 20, 10, 20, 15, 10, 15, 20, 10, 20, 10, 20, 15, 8, 15, 10, 15, 19, 19, 8, 13, 19, 11, 11, 11, 11, 11, 11, 11, 11, 11, 11, 13, 18, 13, 13, 18, 18, 18, 18, 4, 4, 4, 4, 4, 18, 4, 4, 4, 17, 17, 19, 13, 13, 4, 18, 4, 18, 17, 18, 18, 13, 13, 17, 17, 17, 17, 17, 13, 13, 17, 17]
bestever    1882    in generation 3472
[9, 9, 7, 16, 7, 5, 16, 19, 5, 5, 2, 2, 16, 7, 7, 2, 1, 1, 1, 1, 8, 16, 8, 8, 8, 7, 16, 7, 2, 8, 8, 2, 3, 6, 19, 16, 6, 9, 19, 6, 5, 10, 2, 9, 5, 9, 7, 8, 1, 19, 8, 5, 5, 5, 3, 3, 5, 5, 2, 3, 2, 2, 3, 16, 7, 1, 9, 2, 3, 1, 3, 1, 3, 16, 1, 9, 19, 14, 14, 6, 14, 14, 14, 14, 10, 14, 7, 6, 16, 6, 7, 6, 6, 6, 16, 1, 9, 6, 9, 9, 19, 14, 12, 14, 14, 12, 12, 12, 12, 12, 12, 12, 12, 12, 20, 20, 20, 20, 15, 3, 3, 15, 10, 15, 20, 15, 15, 10, 10, 20, 10, 20, 15, 10, 15, 20, 10, 20, 10, 20, 15, 8, 15, 10, 15, 19, 19, 8, 13, 19, 17, 11, 11, 11, 11, 11, 11, 11, 11, 11, 18, 13, 13, 18, 18, 18, 18, 4, 4, 4, 4, 4, 18, 4, 4, 19, 13, 13, 4, 13, 4, 18, 17, 4, 18, 18, 17, 17, 18, 13, 13, 17, 17, 11, 17, 17, 13, 13, 17, 17]
bestever    1873    in generation 3683
[9, 9, 7, 16, 7, 5, 16, 19, 5, 16, 5, 2, 2, 16, 7, 7, 2, 1, 1, 1, 1, 8, 16, 8, 8, 8, 7, 16, 7, 2, 8, 8, 2, 3, 6, 19, 16, 6, 9, 19, 6, 5, 10, 2, 9, 5, 9, 7, 8, 1, 19, 8, 5, 5, 5, 3, 3, 5, 5, 2, 3, 2, 2, 3, 16, 7, 1, 2, 3, 1, 3, 1, 3, 16, 1, 9, 19, 14, 14, 14, 14, 6, 9, 14, 14, 14, 7, 6, 16, 6, 7, 6, 6, 6, 1, 9, 6, 9, 9, 19, 14, 12, 14, 14, 12, 12, 12, 12, 12, 12, 12, 12, 12, 20, 20, 20, 20, 3, 3, 15, 15, 10, 10, 10, 15, 10, 20, 20, 20, 15, 15, 10, 15, 10, 15, 20, 10, 20, 10, 20, 15, 8, 15, 10, 15, 19, 19, 8, 13, 19, 11, 11, 11, 11, 11, 11, 11, 11, 11, 17, 18, 13, 13, 18, 18, 18, 18, 4, 4, 4, 4, 4, 18, 4, 4, 19, 13, 4, 4, 18, 17, 4, 18, 18, 13, 13, 17, 18, 13, 17, 17, 13, 17, 11, 13, 13, 17, 17, 17, 17]
bestever    1861    in generation 3811
[9, 9, 7, 16, 7, 5, 16, 19, 5, 16, 5, 2, 2, 16, 7, 7, 2, 1, 1, 1, 1, 8, 16, 8, 8, 8, 7, 16, 7, 2, 8, 8, 2, 3, 6, 19, 16, 9, 19, 5, 10, 2, 9, 5, 9, 7, 8, 19, 8, 5, 5, 5, 3, 3, 5, 5, 2, 2, 2, 16, 2, 1, 3, 1, 3, 3, 1, 3, 1, 3, 1, 9, 19, 14, 14, 14, 9, 14, 14, 14, 6, 16, 6, 7, 6, 14, 7, 6, 16, 6, 7, 6, 6, 6, 1, 9, 6, 9, 9, 19, 14, 12, 14, 14, 12, 12, 12, 12, 12, 12, 12, 12, 12, 20, 20, 20, 20, 3, 3, 15, 15, 10, 10, 10, 20, 20, 15, 15, 10, 15, 20, 10, 15, 10, 15, 20, 10, 20, 10, 20, 15, 8, 15, 10, 15, 19, 19, 8, 13, 19, 11, 11, 11, 11, 11, 11, 11, 11, 11, 17, 18, 13, 13, 18, 18, 18, 18, 4, 4, 4, 4, 4, 18, 4, 4, 19, 13, 4, 4, 18, 17, 4, 18, 18, 13, 13, 17, 11, 13, 13, 17, 18, 17, 17, 17, 13, 17, 17, 13, 17]
bestever    1860    in generation 3890
[9, 9, 7, 16, 7, 5, 16, 19, 5, 16, 5, 2, 2, 16, 7, 7, 2, 1, 1, 1, 1, 8, 16, 8, 8, 8, 7, 16, 7, 2, 8, 8, 2, 3, 6, 19, 16, 9, 5, 10, 2, 9, 5, 7, 8, 8, 5, 5, 5, 19, 19, 3, 3, 5, 5, 2, 2, 2, 16, 2, 1, 3, 1, 3, 3, 1, 3, 1, 3, 19, 14, 14, 9, 14, 14, 14, 1, 9, 9, 14, 6, 16, 6, 7, 6, 14, 7, 6, 16, 6, 7, 6, 6, 6, 1, 9, 6, 9, 9, 19, 14, 12, 14, 14, 12, 12, 12, 12, 12, 12, 12, 12, 12, 20, 20, 20, 3, 3, 20, 20, 10, 15, 20, 10, 15, 10, 15, 15, 10, 15, 20, 10, 15, 10, 15, 20, 10, 20, 10, 20, 15, 8, 15, 10, 15, 19, 19, 8, 13, 19, 11, 11, 11, 11, 11, 11, 11, 11, 11, 17, 18, 13, 13, 17, 18, 18, 18, 4, 4, 4, 4, 4, 18, 4, 4, 19, 13, 4, 4, 18, 17, 4, 18, 18, 13, 13, 17, 11, 13, 13, 17, 18, 17, 17, 17, 13, 18, 17, 13, 17]
bestever    1859    in generation 4080
[7, 16, 7, 16, 9, 5, 9, 5, 16, 5, 2, 2, 16, 7, 7, 2, 1, 1, 1, 1, 8, 16, 8, 8, 8, 7, 16, 19, 7, 2, 8, 8, 2, 3, 19, 16, 5, 10, 2, 9, 5, 7, 8, 8, 5, 5, 5, 19, 19, 3, 3, 5, 5, 2, 2, 2, 2, 1, 3, 1, 3, 1, 3, 1, 3, 19, 14, 9, 14, 1, 9, 9, 14, 14, 14, 16, 3, 14, 16, 6, 7, 9, 6, 14, 7, 6, 6, 6, 16, 6, 7, 6, 6, 6, 1, 9, 6, 9, 9, 14, 14, 14, 12, 12, 12, 12, 12, 12, 12, 12, 12, 12, 20, 3, 20, 3, 20, 20, 10, 15, 10, 20, 15, 15, 10, 20, 15, 10, 20, 15, 15, 15, 10, 20, 15, 10, 20, 10, 20, 15, 8, 15, 19, 10, 10, 19, 19, 8, 19, 11, 11, 11, 11, 11, 11, 11, 11, 11, 18, 13, 4, 4, 4, 4, 4, 4, 4, 19, 13, 4, 4, 18, 18, 13, 13, 18, 18, 4, 18, 13, 13, 11, 18, 18, 17, 17, 17, 13, 18, 17, 13, 17, 17, 17, 13, 18, 17, 13, 17, 17]
bestever    1840    in generation 4201
[9, 5, 9, 5, 16, 5, 16, 7, 7, 16, 2, 2, 16, 7, 7, 2, 1, 1, 1, 1, 8, 16, 8, 8, 8, 7, 16, 19, 7, 2, 8, 8, 2, 3, 17, 19, 16, 5, 10, 2, 9, 5, 7, 8, 8, 5, 5, 5, 19, 3, 3, 5, 5, 2, 2, 2, 2, 1, 3, 1, 3, 1, 3, 1, 19, 3, 19, 14, 9, 14, 1, 9, 9, 14, 14, 14, 16, 3, 14, 16, 6, 7, 9, 6, 14, 7, 6, 6, 6, 16, 6, 7, 6, 6, 6, 1, 9, 6, 9, 9, 14, 14, 14, 12, 12, 12, 12, 12, 12, 12, 12, 12, 12, 20, 3, 20, 3, 20, 20, 10, 15, 20, 15, 10, 15, 10, 10, 15, 20, 20, 15, 15, 15, 20, 10, 10, 15, 20, 10, 20, 15, 8, 15, 19, 10, 10, 19, 19, 8, 19, 11, 11, 11, 11, 11, 11, 11, 11, 11, 4, 4, 4, 4, 4, 4, 18, 13, 4, 19, 13, 4, 4, 18, 18, 13, 13, 18, 18, 4, 18, 13, 13, 11, 18, 18, 17, 17, 13, 18, 17, 13, 17, 17, 17, 13, 18, 17, 13, 17, 17]
bestever    1839    in generation 5226
[9, 5, 9, 5, 16, 5, 16, 7, 7, 16, 2, 2, 16, 7, 7, 2, 1, 1, 1, 8, 16, 8, 8, 8, 7, 16, 19, 7, 2, 8, 8, 2, 19, 16, 2, 9, 7, 8, 5, 5, 5, 5, 5, 19, 3, 3, 5, 5, 2, 2, 2, 2, 1, 3, 1, 3, 1, 1, 3, 3, 1, 3, 14, 14, 1, 8, 19, 19, 9, 16, 9, 16, 7, 9, 14, 7, 14, 9, 9, 14, 6, 6, 6, 16, 15, 6, 7, 6, 6, 6, 6, 6, 1, 10, 9, 4, 14, 6, 9, 3, 14, 14, 14, 14, 12, 13, 12, 12, 12, 12, 12, 12, 12, 12, 12, 20, 3, 3, 20, 20, 15, 15, 20, 15, 20, 10, 10, 15, 20, 20, 10, 10, 15, 15, 10, 20, 10, 15, 18, 20, 10, 20, 15, 8, 15, 19, 19, 8, 11, 4, 11, 11, 11, 11, 11, 11, 11, 11, 4, 4, 4, 4, 13, 4, 4, 4, 18, 4, 11, 19, 10, 10, 13, 18, 18, 19, 13, 13, 18, 13, 18, 13, 18, 17, 17, 17, 18, 18, 17, 17, 17, 19, 13, 13, 17, 17, 17, 13, 18, 17]
bestever    1838    in generation 5300
[9, 5, 9, 5, 16, 5, 16, 7, 7, 16, 2, 2, 16, 7, 7, 2, 1, 1, 1, 8, 16, 8, 8, 8, 7, 16, 19, 7, 2, 8, 8, 2, 19, 16, 2, 9, 7, 8, 5, 5, 5, 5, 5, 19, 3, 3, 5, 5, 2, 2, 2, 2, 1, 3, 1, 3, 1, 1, 3, 3, 1, 3, 14, 14, 1, 8, 19, 19, 9, 16, 9, 16, 7, 9, 14, 7, 14, 9, 9, 14, 6, 6, 6, 16, 15, 6, 7, 6, 6, 6, 6, 6, 1, 10, 9, 4, 14, 6, 9, 3, 14, 14, 14, 14, 12, 13, 12, 12, 12, 12, 12, 12, 12, 12, 12, 20, 3, 3, 20, 20, 15, 15, 20, 15, 20, 10, 15, 20, 10, 20, 10, 15, 10, 20, 10, 15, 10, 15, 18, 20, 10, 20, 15, 8, 15, 19, 19, 8, 11, 4, 11, 11, 11, 11, 11, 11, 11, 11, 4, 4, 4, 4, 13, 4, 4, 4, 18, 4, 11, 19, 10, 10, 13, 18, 18, 19, 13, 13, 18, 13, 18, 13, 18, 17, 17, 17, 18, 18, 17, 17, 13, 17, 19, 13, 17, 18, 17, 17, 13, 17]
bestever    1836    in generation 5982
[9, 5, 9, 5, 16, 5, 16, 7, 7, 16, 2, 2, 16, 7, 7, 2, 1, 1, 1, 8, 16, 8, 8, 8, 7, 16, 19, 7, 2, 8, 8, 2, 19, 16, 2, 9, 7, 8, 5, 5, 5, 5, 5, 19, 5, 5, 2, 2, 2, 2, 3, 1, 3, 1, 1, 4, 3, 3, 1, 3, 3, 1, 3, 14, 14, 1, 8, 19, 19, 9, 16, 9, 16, 7, 9, 14, 7, 14, 9, 9, 14, 6, 16, 15, 6, 7, 6, 6, 6, 6, 6, 6, 6, 1, 10, 9, 14, 6, 9, 3, 14, 14, 14, 14, 13, 12, 12, 12, 12, 12, 12, 12, 12, 12, 12, 20, 3, 3, 20, 20, 15, 15, 20, 15, 20, 15, 10, 20, 10, 15, 10, 20, 10, 20, 10, 11, 15, 10, 15, 18, 20, 10, 20, 15, 8, 15, 19, 19, 8, 11, 11, 4, 11, 11, 11, 11, 4, 4, 4, 4, 4, 11, 11, 11, 4, 4, 4, 19, 10, 10, 13, 18, 19, 13, 13, 18, 13, 13, 18, 18, 18, 13, 18, 17, 17, 18, 18, 17, 13, 17, 13, 17, 17, 19, 17, 18, 17, 17, 13, 17]
bestever    1829    in generation 8042
[5, 5, 5, 16, 9, 16, 9, 7, 7, 16, 2, 2, 16, 7, 7, 2, 1, 1, 1, 16, 8, 8, 7, 16, 19, 7, 9, 2, 8, 8, 8, 8, 2, 19, 16, 16, 2, 9, 7, 8, 5, 5, 5, 5, 5, 19, 5, 5, 2, 2, 2, 2, 3, 1, 3, 1, 1, 1, 1, 14, 1, 8, 19, 19, 9, 16, 9, 7, 9, 7, 14, 9, 14, 6, 6, 3, 14, 12, 16, 6, 7, 3, 3, 6, 14, 6, 3, 1, 6, 3, 6, 6, 9, 14, 9, 3, 3, 14, 14, 14, 14, 12, 12, 12, 12, 12, 12, 12, 12, 12, 20, 3, 11, 20, 20, 20, 10, 10, 20, 10, 15, 15, 20, 10, 10, 20, 15, 15, 15, 20, 15, 15, 15, 20, 10, 10, 20, 15, 8, 15, 19, 8, 11, 10, 19, 4, 4, 4, 4, 11, 4, 11, 4, 11, 11, 11, 11, 11, 4, 11, 13, 4, 4, 4, 10, 13, 10, 19, 13, 6, 13, 18, 18, 18, 13, 18, 13, 18, 13, 18, 18, 18, 13, 19, 18, 17, 17, 6, 19, 13, 17, 17, 17, 17, 17, 18, 17, 17, 13, 17]
bestever    1817    in generation 8109
[5, 5, 5, 16, 9, 16, 9, 7, 7, 16, 2, 2, 16, 7, 7, 2, 1, 1, 1, 16, 8, 8, 7, 16, 19, 7, 9, 2, 8, 8, 8, 8, 2, 19, 16, 16, 2, 9, 7, 8, 5, 5, 5, 5, 5, 19, 5, 5, 2, 2, 2, 2, 3, 1, 3, 1, 1, 1, 1, 14, 1, 8, 19, 19, 9, 16, 9, 7, 9, 7, 9, 6, 6, 3, 14, 12, 16, 6, 7, 3, 3, 6, 14, 6, 1, 6, 6, 14, 3, 6, 9, 14, 9, 3, 3, 14, 3, 14, 14, 14, 14, 12, 12, 12, 12, 12, 12, 12, 12, 12, 20, 3, 11, 20, 20, 20, 10, 10, 20, 10, 15, 15, 20, 10, 10, 20, 15, 15, 15, 20, 15, 15, 15, 20, 10, 10, 20, 15, 8, 15, 19, 8, 11, 10, 19, 4, 4, 4, 4, 11, 4, 11, 11, 4, 11, 11, 11, 11, 4, 11, 13, 4, 4, 4, 10, 13, 10, 13, 6, 13, 18, 18, 18, 13, 13, 18, 13, 18, 18, 18, 19, 18, 13, 19, 18, 17, 17, 6, 19, 13, 17, 17, 17, 18, 17, 17, 17, 17, 13, 17]
bestever    1802    in generation 8159
[5, 5, 5, 16, 9, 16, 9, 7, 7, 16, 2, 2, 16, 7, 7, 2, 1, 1, 1, 8, 16, 8, 7, 16, 19, 7, 9, 2, 8, 8, 8, 8, 2, 19, 16, 16, 2, 9, 7, 8, 5, 5, 5, 5, 5, 19, 5, 5, 2, 2, 2, 2, 3, 1, 3, 1, 1, 1, 1, 14, 1, 8, 19, 19, 9, 16, 9, 7, 9, 7, 9, 6, 6, 3, 14, 12, 16, 6, 7, 3, 3, 6, 14, 6, 1, 6, 6, 14, 3, 6, 9, 14, 9, 3, 3, 14, 3, 14, 14, 14, 14, 12, 12, 12, 12, 12, 12, 12, 12, 12, 20, 3, 11, 20, 20, 20, 10, 15, 20, 20, 15, 15, 10, 10, 15, 15, 20, 10, 10, 20, 15, 15, 15, 20, 10, 10, 20, 15, 8, 15, 19, 8, 11, 10, 19, 4, 4, 4, 4, 11, 4, 11, 11, 4, 11, 11, 11, 11, 4, 11, 13, 4, 4, 4, 10, 13, 10, 13, 6, 13, 18, 18, 18, 13, 13, 18, 13, 18, 18, 18, 19, 18, 13, 19, 18, 17, 17, 6, 19, 13, 17, 17, 17, 18, 17, 17, 17, 17, 13, 17]
bestever    1798    in generation 8279
[5, 9, 5, 5, 16, 9, 16, 9, 7, 7, 16, 2, 2, 16, 7, 7, 2, 1, 1, 1, 8, 16, 8, 7, 16, 19, 7, 9, 2, 8, 8, 8, 8, 2, 19, 16, 16, 2, 9, 7, 8, 5, 5, 5, 5, 5, 19, 5, 5, 2, 2, 2, 2, 3, 1, 3, 1, 1, 1, 1, 14, 1, 8, 19, 19, 9, 16, 9, 7, 9, 7, 9, 6, 6, 3, 14, 12, 16, 6, 7, 3, 3, 6, 14, 6, 1, 6, 6, 14, 3, 6, 9, 14, 3, 3, 14, 3, 14, 14, 14, 14, 12, 12, 12, 12, 12, 12, 12, 12, 12, 20, 3, 11, 20, 20, 20, 10, 15, 20, 15, 10, 15, 15, 20, 10, 10, 15, 20, 15, 15, 20, 10, 15, 20, 10, 10, 20, 15, 8, 15, 19, 8, 11, 10, 19, 4, 4, 4, 4, 11, 4, 11, 11, 4, 11, 11, 11, 11, 4, 11, 13, 4, 4, 4, 10, 13, 10, 13, 6, 18, 18, 13, 13, 18, 18, 13, 13, 18, 18, 18, 19, 18, 13, 19, 18, 17, 17, 6, 19, 13, 17, 17, 17, 18, 17, 17, 17, 17, 13, 17]
bestever    1797    in generation 8497
[5, 9, 5, 5, 16, 9, 16, 9, 7, 7, 16, 2, 2, 16, 7, 7, 2, 1, 1, 1, 8, 16, 8, 7, 16, 19, 7, 9, 2, 8, 8, 8, 8, 2, 19, 16, 16, 2, 9, 7, 8, 5, 5, 5, 5, 5, 19, 5, 5, 2, 2, 2, 2, 3, 1, 3, 1, 1, 1, 1, 14, 1, 8, 19, 19, 9, 16, 9, 7, 9, 7, 9, 6, 6, 3, 16, 6, 7, 3, 3, 6, 14, 6, 1, 6, 6, 14, 3, 6, 9, 14, 14, 3, 3, 14, 3, 14, 14, 14, 14, 12, 12, 12, 12, 12, 12, 12, 12, 12, 12, 20, 3, 20, 20, 20, 15, 15, 10, 20, 15, 20, 15, 15, 20, 15, 10, 10, 10, 15, 20, 10, 15, 20, 10, 20, 15, 8, 15, 19, 10, 8, 10, 19, 4, 4, 11, 4, 11, 11, 4, 11, 4, 11, 4, 11, 11, 13, 13, 13, 19, 19, 19, 6, 6, 11, 11, 4, 11, 4, 4, 4, 10, 10, 18, 18, 13, 13, 18, 18, 13, 13, 18, 18, 18, 18, 18, 13, 17, 17, 13, 17, 17, 17, 18, 13, 17, 17, 17, 17, 17]
bestever    1790    in generation 8558
[5, 9, 5, 5, 16, 9, 16, 9, 7, 7, 16, 2, 2, 16, 7, 7, 2, 1, 1, 1, 8, 16, 8, 7, 16, 19, 7, 9, 2, 8, 8, 8, 8, 2, 19, 16, 16, 2, 9, 7, 8, 5, 5, 5, 5, 5, 19, 5, 5, 2, 2, 2, 2, 3, 1, 3, 1, 1, 1, 1, 14, 1, 8, 19, 19, 9, 16, 9, 7, 9, 7, 9, 6, 6, 3, 16, 6, 7, 3, 3, 6, 14, 6, 1, 6, 6, 14, 3, 6, 9, 14, 14, 3, 3, 14, 3, 14, 14, 14, 14, 12, 12, 12, 12, 12, 12, 12, 12, 12, 12, 20, 3, 20, 20, 20, 15, 15, 10, 20, 15, 20, 15, 15, 20, 15, 10, 10, 10, 15, 20, 10, 15, 20, 10, 20, 15, 8, 15, 19, 10, 8, 10, 19, 4, 4, 11, 4, 11, 11, 4, 11, 4, 11, 4, 11, 11, 13, 19, 19, 19, 6, 6, 11, 11, 4, 11, 4, 4, 4, 10, 10, 18, 18, 13, 13, 18, 13, 13, 18, 13, 18, 18, 18, 13, 18, 18, 13, 17, 17, 13, 17, 17, 17, 18, 13, 17, 17, 17, 17, 17]
bestever    1788    in generation 9028
[5, 9, 5, 5, 16, 9, 16, 9, 7, 7, 16, 2, 2, 16, 7, 7, 2, 1, 1, 1, 8, 16, 8, 7, 16, 19, 7, 2, 8, 8, 8, 8, 2, 19, 16, 2, 9, 7, 8, 16, 5, 5, 5, 5, 5, 19, 5, 5, 2, 2, 2, 2, 3, 1, 3, 1, 1, 1, 1, 14, 1, 8, 19, 19, 9, 16, 9, 7, 7, 6, 6, 17, 3, 16, 7, 3, 6, 9, 3, 14, 6, 1, 6, 14, 9, 6, 6, 9, 6, 9, 3, 14, 14, 3, 14, 3, 3, 14, 14, 14, 14, 12, 12, 12, 12, 12, 12, 12, 12, 20, 3, 12, 12, 20, 20, 20, 15, 20, 20, 15, 20, 15, 15, 20, 15, 10, 10, 10, 15, 10, 20, 10, 15, 20, 10, 15, 15, 8, 15, 10, 8, 10, 19, 4, 11, 4, 4, 11, 11, 19, 4, 11, 4, 4, 11, 11, 13, 19, 19, 19, 6, 6, 4, 11, 4, 4, 4, 10, 10, 13, 17, 13, 13, 13, 18, 18, 18, 17, 13, 18, 18, 18, 18, 11, 11, 11, 13, 18, 18, 13, 13, 17, 17, 17, 18, 17, 13, 17, 17, 17]
