bestever    3477    in generation 0
[9, 3, 3, 20, 2, 12, 20, 20, 6, 2, 3, 9, 18, 15, 6, 19, 12, 3, 3, 15, 9, 13, 3, 18, 11, 7, 1, 11, 15, 6, 16, 17, 2, 10, 12, 12, 1, 1, 13, 11, 1, 16, 11, 12, 18, 4, 20, 20, 5, 10, 19, 2, 2, 4, 12, 2, 18, 4, 19, 9, 14, 16, 16, 19, 13, 3, 10, 5, 7, 10, 20, 11, 13, 11, 17, 9, 8, 4, 19, 10, 3, 6, 6, 7, 7, 17, 2, 4, 1, 20, 11, 5, 1, 1, 7, 9, 13, 12, 5, 5, 12, 18, 8, 10, 17, 16, 16, 8, 6, 1, 5, 4, 10, 4, 15, 15, 13, 9, 8, 14, 15, 20, 4, 10, 13, 15, 19, 7, 9, 15, 17, 8, 14, 9, 15, 4, 19, 14, 19, 3, 10, 7, 5, 6, 16, 16, 18, 17, 2, 18, 16, 8, 18, 12, 5, 3, 18, 9, 20, 7, 11, 13, 17, 2, 16, 7, 11, 10, 6, 15, 13, 19, 20, 7, 13, 14, 19, 8, 11, 8, 12, 2, 1, 8, 18, 17, 6, 14, 14, 5, 1, 14, 4, 5, 14, 17, 6, 8, 14, 17]
bestever    3406    in generation 1
[3, 15, 15, 4, 1, 20, 2, 2, 16, 5, 20, 17, 9, 9, 6, 13, 13, 2, 11, 12, 15, 8, 19, 16, 14, 5, 14, 12, 6, 4, 13, 16, 13, 2, 11, 18, 14, 9, 12, 17, 9, 4, 18, 4, 3, 12, 1, 9, 14, 6, 6, 16, 15, 20, 8, 2, 9, 18, 19, 12, 14, 7, 11, 12, 8, 8, 2, 7, 1, 6, 10, 11, 15, 15, 3, 15, 7, 17, 19, 19, 13, 10, 4, 1, 6, 14, 2, 16, 11, 20, 3, 3, 10, 11, 6, 4, 14, 10, 19, 20, 4, 8, 17, 4, 20, 16, 14, 1, 5, 20, 13, 5, 12, 14, 8, 6, 1, 3, 15, 18, 20, 15, 14, 12, 19, 17, 4, 18, 7, 4, 7, 15, 8, 9, 13, 5, 11, 17, 8, 11, 2, 7, 1, 11, 10, 12, 6, 8, 6, 9, 19, 19, 1, 2, 3, 19, 13, 5, 3, 13, 2, 9, 19, 16, 10, 7, 18, 5, 3, 10, 17, 5, 8, 16, 7, 17, 20, 13, 1, 18, 1, 12, 10, 16, 20, 10, 18, 7, 7, 17, 17, 5, 11, 5, 18, 9, 18, 3, 10, 16]
bestever    3316    in generation 2
[14, 12, 16, 4, 17, 4, 16, 11, 14, 7, 7, 2, 13, 18, 13, 3, 14, 6, 2, 17, 8, 7, 17, 11, 13, 1, 8, 18, 4, 1, 8, 11, 15, 15, 18, 7, 4, 7, 17, 8, 17, 6, 11, 18, 9, 15, 10, 15, 15, 1, 2, 2, 2, 17, 9, 9, 13, 19, 19, 11, 15, 19, 14, 6, 16, 13, 11, 14, 9, 16, 9, 5, 13, 19, 9, 18, 3, 12, 9, 15, 20, 2, 9, 18, 19, 12, 12, 2, 1, 6, 10, 11, 3, 7, 17, 19, 14, 10, 19, 20, 4, 8, 17, 4, 20, 16, 14, 1, 5, 20, 13, 5, 12, 14, 8, 6, 1, 3, 15, 18, 13, 19, 16, 16, 16, 10, 18, 1, 10, 17, 5, 9, 12, 12, 2, 10, 15, 16, 12, 5, 11, 2, 5, 7, 5, 1, 7, 7, 5, 6, 18, 18, 8, 3, 3, 8, 6, 20, 9, 7, 12, 15, 10, 3, 20, 19, 13, 10, 4, 1, 6, 2, 11, 20, 3, 3, 10, 11, 6, 4, 10, 19, 20, 4, 8, 17, 4, 20, 16, 14, 1, 5, 20, 13, 5, 12, 14, 8, 6, 3]
bestever    3153    in generation 3
[3, 15, 15, 2, 20, 2, 20, 9, 9, 19, 2, 13, 18, 1, 5, 13, 3, 14, 6, 2, 5, 16, 13, 18, 12, 16, 15, 15, 19, 19, 19, 14, 9, 17, 9, 9, 3, 7, 12, 6, 17, 16, 16, 10, 18, 10, 17, 9, 12, 12, 10, 16, 5, 5, 7, 5, 18, 18, 8, 7, 10, 20, 3, 3, 20, 9, 10, 5, 18, 13, 17, 2, 9, 18, 1, 19, 7, 12, 11, 16, 1, 10, 4, 1, 6, 14, 2, 16, 11, 20, 3, 3, 10, 11, 6, 4, 14, 10, 19, 20, 4, 8, 17, 4, 20, 16, 14, 1, 5, 20, 13, 5, 12, 14, 8, 6, 1, 3, 15, 18, 20, 15, 14, 12, 19, 17, 4, 18, 7, 4, 7, 15, 8, 9, 13, 5, 11, 17, 8, 11, 2, 7, 1, 11, 10, 12, 6, 8, 6, 9, 19, 19, 1, 2, 3, 19, 13, 5, 3, 13, 16, 14, 12, 1, 10, 16, 4, 17, 4, 11, 14, 7, 7, 2, 13, 18, 1, 13, 14, 6, 2, 17, 8, 7, 11, 8, 4, 12, 8, 11, 20, 15, 15, 4, 8, 17, 6, 6, 11, 15]
bestever    3119    in generation 4
[18, 7, 7, 18, 9, 15, 15, 15, 1, 17, 9, 9, 19, 19, 11, 15, 19, 13, 11, 13, 18, 9, 2, 9, 18, 12, 2, 1, 10, 11, 3, 7, 17, 14, 10, 19, 4, 17, 4, 20, 16, 14, 1, 5, 20, 13, 5, 12, 14, 6, 1, 3, 18, 13, 19, 16, 16, 16, 10, 18, 1, 10, 17, 5, 9, 12, 12, 2, 10, 16, 13, 2, 7, 17, 8, 7, 17, 17, 4, 20, 14, 5, 20, 13, 5, 14, 6, 3, 15, 18, 13, 19, 16, 16, 10, 18, 10, 17, 5, 9, 12, 12, 2, 10, 15, 16, 12, 5, 11, 2, 5, 5, 7, 5, 6, 18, 18, 8, 3, 3, 8, 6, 20, 9, 7, 12, 15, 10, 3, 20, 6, 3, 9, 19, 3, 19, 1, 20, 12, 11, 2, 7, 1, 6, 8, 3, 3, 8, 6, 20, 9, 12, 15, 10, 20, 19, 13, 4, 1, 6, 2, 11, 20, 11, 6, 4, 19, 4, 8, 17, 4, 16, 14, 1, 13, 14, 8, 6, 14, 16, 4, 17, 4, 11, 14, 7, 2, 13, 14, 2, 8, 7, 11, 1, 8, 4, 8, 11, 15, 15]
bestever    2814    in generation 5
[9, 15, 15, 15, 1, 2, 2, 2, 9, 9, 13, 19, 19, 11, 15, 14, 6, 16, 13, 11, 14, 16, 5, 13, 19, 9, 18, 3, 12, 9, 15, 20, 2, 9, 18, 19, 12, 12, 2, 1, 6, 10, 11, 3, 7, 17, 19, 14, 10, 19, 20, 4, 8, 17, 4, 16, 16, 16, 10, 18, 1, 10, 17, 5, 9, 12, 12, 2, 10, 16, 13, 2, 7, 17, 8, 7, 17, 17, 4, 20, 14, 5, 20, 13, 5, 14, 6, 3, 15, 18, 13, 19, 16, 16, 10, 18, 10, 17, 5, 9, 12, 12, 2, 10, 20, 16, 14, 1, 5, 20, 13, 5, 12, 14, 6, 1, 3, 15, 18, 13, 19, 10, 18, 1, 10, 17, 9, 12, 2, 15, 11, 2, 7, 1, 7, 7, 5, 18, 18, 8, 3, 8, 6, 9, 15, 3, 19, 13, 4, 6, 11, 20, 3, 3, 11, 6, 4, 19, 20, 8, 17, 4, 20, 14, 1, 5, 20, 13, 5, 8, 6, 3, 12, 4, 17, 4, 16, 11, 14, 7, 18, 3, 14, 6, 8, 7, 11, 1, 8, 4, 1, 8, 11, 15, 7, 4, 7, 8, 6, 11]
bestever    2810    in generation 9
[18, 9, 15, 15, 15, 2, 2, 2, 9, 9, 13, 19, 19, 15, 19, 13, 14, 9, 9, 9, 14, 4, 17, 4, 14, 14, 16, 16, 17, 16, 12, 5, 12, 8, 17, 6, 11, 18, 9, 15, 15, 15, 1, 2, 2, 2, 17, 9, 9, 19, 19, 11, 15, 19, 14, 6, 8, 7, 5, 20, 13, 4, 1, 6, 11, 20, 3, 18, 12, 15, 20, 2, 18, 12, 12, 2, 1, 10, 11, 3, 7, 17, 10, 20, 4, 8, 17, 4, 20, 16, 14, 5, 20, 13, 5, 12, 14, 8, 1, 3, 15, 18, 13, 19, 16, 16, 16, 10, 1, 10, 17, 5, 12, 12, 10, 16, 12, 5, 5, 7, 5, 1, 7, 7, 5, 6, 18, 18, 3, 3, 8, 6, 20, 9, 7, 12, 10, 3, 20, 19, 13, 10, 4, 1, 6, 20, 3, 3, 10, 11, 6, 4, 10, 19, 20, 4, 8, 3, 10, 11, 6, 4, 19, 4, 8, 16, 14, 1, 5, 13, 8, 6, 3, 14, 16, 11, 14, 7, 7, 2, 13, 18, 13, 6, 2, 17, 8, 7, 17, 11, 13, 1, 8, 18, 1, 11, 18, 7, 17, 11]
bestever    2594    in generation 10
[17, 8, 17, 1, 9, 15, 15, 15, 2, 9, 9, 19, 19, 15, 19, 9, 9, 4, 4, 14, 16, 16, 16, 12, 5, 12, 7, 5, 20, 4, 11, 20, 12, 9, 15, 20, 2, 9, 18, 19, 12, 12, 2, 1, 6, 10, 11, 17, 19, 10, 19, 20, 4, 8, 17, 4, 20, 16, 10, 18, 1, 10, 17, 5, 9, 12, 12, 2, 10, 16, 13, 2, 7, 17, 8, 7, 16, 14, 1, 5, 20, 12, 14, 8, 6, 1, 3, 15, 18, 13, 19, 16, 16, 16, 10, 18, 10, 17, 5, 9, 12, 12, 2, 15, 5, 11, 2, 5, 5, 1, 7, 5, 6, 18, 3, 3, 8, 6, 20, 9, 15, 3, 20, 19, 13, 4, 1, 6, 2, 11, 20, 3, 3, 10, 11, 6, 4, 10, 19, 20, 4, 8, 3, 10, 11, 6, 4, 19, 4, 8, 17, 14, 1, 5, 13, 14, 8, 6, 3, 14, 16, 11, 14, 7, 7, 2, 18, 13, 6, 2, 8, 7, 17, 11, 13, 1, 8, 18, 1, 11, 15, 15, 18, 7, 17, 13, 18, 13, 3, 14, 11, 14, 7, 7, 13, 18, 13, 3, 14, 6]
bestever    2473    in generation 16
[15, 15, 15, 1, 2, 9, 9, 19, 19, 15, 14, 16, 16, 5, 19, 9, 12, 9, 15, 20, 9, 12, 12, 7, 17, 20, 4, 8, 17, 4, 16, 5, 20, 4, 14, 6, 2, 9, 18, 19, 12, 12, 2, 1, 6, 10, 11, 17, 19, 10, 19, 20, 4, 8, 17, 4, 20, 16, 10, 18, 1, 10, 17, 5, 9, 12, 12, 2, 10, 16, 13, 2, 7, 17, 8, 7, 16, 14, 1, 5, 20, 12, 14, 8, 6, 1, 3, 15, 18, 13, 19, 16, 16, 16, 10, 18, 10, 17, 5, 9, 12, 12, 2, 15, 5, 11, 2, 5, 5, 1, 7, 5, 6, 18, 3, 3, 8, 6, 20, 9, 15, 3, 20, 19, 13, 4, 1, 6, 2, 11, 20, 3, 3, 10, 11, 6, 4, 10, 19, 20, 4, 8, 3, 10, 11, 6, 4, 19, 4, 8, 17, 14, 1, 5, 13, 14, 8, 6, 3, 14, 16, 11, 14, 7, 7, 2, 18, 13, 6, 2, 8, 7, 17, 11, 13, 1, 8, 18, 7, 9, 15, 11, 11, 1, 3, 14, 7, 7, 18, 15, 18, 13, 18, 13, 3, 14, 13, 13, 17, 11]
bestever    2462    in generation 17
[17, 17, 1, 9, 15, 15, 15, 2, 9, 9, 19, 19, 15, 19, 9, 9, 4, 4, 14, 16, 16, 16, 12, 5, 12, 5, 20, 20, 12, 9, 15, 20, 2, 18, 19, 12, 12, 2, 1, 6, 10, 17, 14, 9, 13, 18, 3, 11, 19, 10, 19, 20, 4, 8, 17, 4, 20, 16, 10, 18, 1, 10, 17, 5, 9, 12, 12, 2, 10, 16, 13, 2, 7, 17, 8, 7, 16, 14, 1, 5, 20, 12, 8, 6, 1, 15, 18, 19, 16, 16, 16, 10, 10, 17, 5, 7, 8, 4, 6, 9, 12, 12, 2, 15, 5, 11, 2, 5, 5, 1, 7, 5, 6, 18, 3, 3, 8, 6, 20, 9, 15, 3, 20, 19, 13, 4, 1, 6, 2, 11, 20, 3, 3, 10, 11, 6, 4, 10, 19, 20, 4, 8, 3, 10, 11, 6, 4, 19, 4, 8, 17, 14, 1, 5, 13, 14, 8, 6, 3, 14, 16, 11, 14, 7, 7, 2, 18, 13, 6, 2, 8, 7, 17, 11, 13, 1, 8, 18, 1, 11, 15, 15, 18, 7, 17, 13, 18, 13, 3, 14, 11, 14, 7, 7, 13, 18, 13, 3, 14, 11]
bestever    2448    in generation 30
[17, 17, 1, 9, 15, 15, 15, 2, 9, 9, 19, 19, 15, 19, 9, 9, 4, 4, 14, 16, 16, 16, 12, 5, 12, 5, 20, 20, 12, 9, 15, 20, 2, 18, 19, 12, 12, 2, 1, 6, 10, 17, 14, 9, 13, 18, 3, 11, 19, 10, 19, 20, 4, 8, 17, 4, 20, 16, 10, 18, 1, 10, 17, 5, 9, 12, 12, 2, 10, 16, 13, 2, 7, 17, 8, 7, 16, 14, 1, 5, 20, 12, 8, 6, 1, 15, 18, 19, 16, 16, 16, 10, 10, 17, 5, 7, 8, 4, 6, 9, 12, 12, 2, 15, 5, 11, 2, 5, 5, 1, 7, 5, 6, 18, 2, 3, 8, 6, 20, 9, 15, 3, 20, 19, 13, 4, 1, 6, 2, 11, 20, 3, 3, 10, 11, 6, 4, 10, 19, 20, 4, 8, 3, 10, 11, 6, 4, 19, 4, 8, 17, 14, 1, 5, 13, 14, 8, 6, 3, 14, 16, 11, 14, 7, 7, 2, 18, 13, 6, 3, 8, 7, 17, 11, 13, 1, 8, 18, 1, 11, 15, 15, 18, 7, 17, 13, 18, 13, 3, 14, 11, 14, 7, 7, 13, 18, 13, 3, 14, 11]
bestever    2431    in generation 34
[17, 1, 9, 15, 15, 15, 2, 9, 9, 19, 19, 15, 19, 9, 9, 4, 4, 14, 16, 16, 16, 12, 5, 12, 5, 20, 20, 12, 9, 15, 20, 2, 18, 19, 12, 12, 2, 1, 6, 10, 17, 14, 9, 13, 18, 3, 11, 19, 10, 19, 20, 4, 8, 17, 4, 20, 16, 10, 18, 1, 10, 17, 5, 9, 12, 12, 2, 10, 16, 13, 2, 7, 17, 7, 16, 14, 1, 5, 20, 12, 8, 6, 1, 15, 18, 19, 16, 16, 16, 10, 10, 17, 5, 7, 8, 4, 6, 9, 12, 12, 2, 15, 5, 11, 2, 5, 5, 1, 7, 5, 6, 18, 3, 3, 8, 6, 20, 9, 15, 20, 19, 13, 4, 1, 2, 11, 20, 3, 3, 10, 11, 6, 10, 19, 8, 3, 11, 6, 4, 20, 4, 8, 3, 10, 11, 6, 4, 19, 4, 8, 17, 14, 1, 5, 13, 14, 8, 6, 3, 14, 16, 11, 14, 7, 7, 2, 18, 13, 6, 2, 8, 7, 17, 11, 13, 1, 8, 18, 1, 11, 15, 15, 18, 7, 17, 13, 18, 13, 3, 14, 11, 14, 7, 7, 13, 18, 13, 3, 14, 17]
bestever    2404    in generation 46
[17, 1, 9, 15, 15, 15, 2, 9, 9, 19, 19, 15, 19, 9, 9, 4, 4, 14, 16, 16, 16, 12, 5, 12, 5, 20, 20, 12, 9, 15, 20, 2, 18, 19, 12, 12, 2, 1, 6, 10, 17, 14, 9, 13, 18, 3, 11, 19, 10, 19, 20, 4, 8, 17, 4, 20, 16, 10, 18, 1, 10, 17, 5, 9, 12, 12, 2, 10, 16, 13, 2, 7, 7, 16, 1, 5, 20, 12, 8, 6, 1, 15, 18, 19, 16, 16, 16, 10, 10, 5, 7, 8, 4, 6, 9, 12, 12, 2, 15, 5, 11, 2, 5, 5, 1, 7, 5, 6, 18, 3, 3, 8, 6, 20, 9, 15, 20, 19, 13, 4, 2, 11, 20, 3, 3, 10, 11, 6, 10, 19, 8, 3, 11, 6, 4, 20, 4, 8, 10, 11, 6, 4, 19, 13, 11, 11, 1, 17, 4, 8, 17, 14, 1, 5, 13, 14, 8, 6, 3, 14, 16, 11, 14, 7, 7, 2, 18, 13, 6, 2, 8, 7, 17, 11, 1, 8, 18, 1, 15, 15, 18, 7, 17, 13, 18, 13, 3, 14, 14, 7, 7, 13, 18, 13, 3, 14, 17, 3, 14, 17]
bestever    2402    in generation 47
[17, 1, 9, 15, 15, 15, 2, 9, 9, 19, 19, 15, 19, 9, 9, 4, 4, 14, 16, 16, 16, 12, 5, 12, 5, 20, 20, 12, 9, 15, 20, 2, 18, 19, 12, 12, 2, 1, 6, 10, 17, 14, 9, 13, 18, 19, 10, 19, 20, 4, 8, 17, 4, 20, 16, 10, 18, 1, 10, 17, 5, 9, 12, 12, 2, 10, 16, 13, 2, 7, 7, 16, 1, 5, 20, 12, 8, 6, 15, 18, 19, 16, 16, 16, 10, 10, 5, 7, 4, 6, 9, 12, 12, 2, 15, 5, 5, 5, 7, 5, 18, 20, 9, 1, 15, 20, 13, 1, 2, 11, 3, 11, 8, 3, 11, 6, 8, 3, 11, 6, 19, 13, 4, 1, 2, 11, 20, 3, 3, 10, 11, 6, 10, 19, 8, 3, 11, 6, 4, 20, 4, 8, 3, 10, 11, 6, 4, 19, 4, 8, 17, 14, 1, 5, 13, 14, 8, 6, 3, 14, 16, 11, 14, 7, 7, 2, 18, 13, 6, 2, 8, 7, 17, 11, 1, 8, 18, 1, 15, 15, 18, 7, 17, 13, 18, 13, 3, 14, 14, 7, 7, 13, 18, 13, 3, 14, 17, 17, 14, 17]
bestever    2359    in generation 49
[17, 1, 9, 15, 15, 15, 2, 9, 9, 19, 19, 15, 19, 9, 9, 4, 4, 14, 16, 16, 16, 12, 5, 12, 5, 20, 20, 12, 9, 15, 20, 2, 18, 19, 12, 12, 2, 1, 6, 10, 17, 14, 9, 13, 18, 3, 11, 19, 10, 19, 20, 4, 8, 17, 4, 20, 16, 10, 18, 1, 10, 17, 5, 9, 12, 12, 2, 10, 16, 13, 2, 7, 17, 7, 16, 14, 1, 5, 20, 12, 8, 6, 1, 15, 18, 19, 16, 16, 16, 10, 10, 17, 5, 7, 8, 4, 6, 9, 12, 12, 2, 15, 5, 11, 2, 5, 5, 1, 7, 5, 6, 18, 3, 3, 8, 6, 20, 9, 15, 20, 19, 13, 4, 1, 2, 11, 20, 3, 3, 10, 11, 6, 10, 19, 8, 3, 11, 6, 4, 20, 4, 8, 3, 10, 11, 6, 4, 19, 4, 8, 17, 14, 1, 5, 13, 14, 8, 6, 3, 14, 16, 11, 14, 7, 7, 2, 18, 13, 6, 2, 8, 7, 17, 11, 13, 1, 8, 18, 1, 11, 15, 15, 18, 7, 13, 18, 13, 11, 14, 7, 7, 13, 18, 13, 3, 14, 17, 3, 14, 17]
bestever    2328    in generation 50
[17, 1, 9, 15, 15, 15, 2, 9, 9, 19, 19, 15, 19, 9, 9, 4, 4, 16, 16, 16, 12, 5, 12, 5, 20, 20, 12, 9, 15, 20, 2, 18, 19, 12, 12, 2, 1, 6, 10, 9, 13, 18, 19, 10, 19, 20, 4, 8, 4, 20, 16, 10, 18, 1, 10, 5, 9, 12, 12, 2, 10, 16, 2, 7, 7, 16, 1, 5, 20, 12, 8, 6, 15, 18, 19, 16, 16, 16, 10, 10, 5, 7, 4, 6, 9, 12, 12, 2, 15, 5, 5, 5, 7, 5, 1, 1, 2, 11, 3, 11, 8, 6, 17, 18, 13, 3, 14, 7, 7, 13, 3, 8, 6, 20, 9, 15, 20, 19, 13, 4, 2, 11, 20, 3, 3, 10, 11, 6, 10, 19, 8, 3, 11, 6, 4, 20, 4, 8, 10, 11, 6, 4, 19, 13, 11, 11, 1, 17, 4, 8, 17, 14, 1, 5, 13, 14, 8, 6, 3, 14, 16, 11, 14, 7, 7, 2, 18, 13, 6, 2, 8, 7, 17, 1, 8, 18, 1, 15, 15, 18, 7, 17, 13, 18, 13, 3, 14, 17, 3, 14, 11, 14, 18, 13, 3, 14, 17, 17, 14, 17]
bestever    2269    in generation 51
[1, 9, 15, 15, 15, 2, 9, 9, 19, 19, 15, 19, 9, 9, 4, 4, 16, 16, 16, 12, 5, 12, 5, 20, 20, 12, 9, 15, 20, 2, 18, 19, 12, 12, 2, 1, 6, 10, 9, 13, 18, 19, 10, 19, 20, 4, 8, 4, 20, 16, 10, 18, 1, 10, 5, 9, 12, 12, 2, 10, 16, 2, 7, 7, 16, 1, 5, 20, 12, 8, 6, 15, 19, 16, 16, 16, 10, 10, 5, 7, 4, 6, 9, 12, 12, 2, 15, 5, 1, 11, 11, 8, 7, 7, 13, 18, 13, 14, 17, 3, 14, 2, 5, 5, 1, 7, 5, 6, 18, 3, 3, 8, 6, 20, 9, 15, 20, 19, 13, 4, 2, 11, 20, 3, 3, 10, 11, 6, 10, 19, 8, 3, 11, 6, 4, 20, 4, 8, 10, 11, 6, 4, 19, 13, 11, 11, 1, 17, 4, 8, 17, 14, 1, 5, 13, 14, 8, 6, 3, 14, 16, 11, 14, 7, 7, 2, 18, 13, 6, 2, 8, 7, 17, 1, 8, 18, 1, 15, 15, 18, 7, 17, 13, 18, 13, 3, 14, 17, 3, 14, 11, 14, 18, 13, 3, 14, 17, 17, 17, 17]
bestever    2227    in generation 53
[1, 9, 15, 15, 15, 2, 9, 9, 19, 19, 15, 19, 9, 9, 4, 4, 16, 16, 16, 12, 5, 12, 5, 20, 20, 12, 9, 15, 20, 2, 18, 19, 12, 12, 2, 1, 6, 10, 9, 13, 18, 19, 10, 19, 20, 4, 8, 4, 20, 16, 10, 6, 1, 10, 5, 9, 12, 12, 2, 10, 16, 2, 7, 7, 16, 1, 5, 20, 12, 8, 18, 15, 19, 16, 16, 16, 10, 10, 5, 7, 4, 6, 9, 12, 12, 2, 15, 5, 1, 11, 11, 8, 7, 7, 13, 18, 13, 14, 17, 3, 14, 2, 5, 5, 1, 7, 5, 6, 18, 3, 3, 8, 6, 20, 9, 15, 20, 19, 13, 4, 2, 11, 20, 3, 3, 10, 11, 6, 10, 19, 8, 3, 11, 6, 4, 20, 4, 8, 10, 11, 6, 4, 19, 13, 11, 11, 1, 17, 4, 8, 17, 14, 1, 5, 13, 14, 8, 6, 3, 14, 16, 11, 14, 7, 7, 2, 18, 13, 6, 2, 8, 7, 17, 1, 8, 18, 1, 15, 15, 18, 7, 17, 13, 18, 13, 3, 14, 17, 3, 14, 11, 14, 18, 13, 3, 14, 17, 17, 17, 17]
bestever    2223    in generation 63
[1, 9, 15, 15, 15, 2, 9, 9, 19, 19, 15, 19, 9, 9, 4, 4, 16, 16, 16, 12, 5, 12, 5, 20, 20, 12, 9, 15, 20, 2, 18, 19, 12, 12, 2, 1, 6, 10, 9, 13, 8, 19, 10, 19, 20, 4, 8, 4, 20, 16, 10, 6, 1, 10, 5, 9, 12, 12, 2, 10, 16, 2, 7, 7, 16, 1, 5, 20, 12, 8, 18, 15, 19, 16, 16, 16, 10, 10, 5, 7, 4, 6, 9, 12, 12, 2, 15, 5, 1, 11, 11, 8, 7, 7, 13, 18, 13, 14, 17, 3, 14, 2, 5, 5, 1, 7, 5, 6, 18, 3, 3, 8, 6, 20, 9, 15, 20, 19, 13, 4, 2, 11, 20, 3, 3, 10, 11, 6, 10, 19, 8, 3, 11, 6, 4, 20, 4, 18, 10, 11, 6, 4, 19, 13, 11, 11, 1, 17, 4, 8, 17, 14, 1, 5, 13, 14, 8, 6, 3, 14, 16, 11, 14, 7, 7, 2, 18, 13, 6, 2, 8, 7, 17, 1, 8, 18, 1, 15, 15, 18, 7, 17, 13, 18, 13, 3, 14, 17, 3, 14, 11, 14, 18, 13, 3, 14, 17, 17, 17, 17]
bestever    2220    in generation 64
[1, 9, 15, 15, 15, 2, 9, 9, 19, 19, 15, 19, 9, 9, 4, 4, 16, 16, 16, 12, 5, 12, 5, 20, 20, 12, 9, 15, 20, 2, 18, 19, 12, 12, 2, 1, 6, 10, 9, 13, 18, 19, 10, 19, 20, 4, 8, 4, 20, 16, 10, 6, 1, 10, 5, 9, 12, 12, 2, 10, 16, 2, 7, 7, 16, 1, 5, 20, 12, 8, 18, 15, 19, 16, 16, 16, 10, 10, 5, 7, 4, 6, 9, 12, 12, 2, 15, 5, 1, 11, 11, 8, 7, 7, 13, 18, 13, 14, 17, 3, 14, 2, 5, 5, 1, 7, 5, 6, 18, 3, 3, 8, 6, 20, 9, 15, 20, 19, 13, 4, 2, 11, 20, 3, 3, 10, 11, 6, 10, 19, 8, 3, 11, 6, 4, 20, 4, 8, 10, 11, 6, 4, 19, 13, 11, 11, 1, 17, 4, 8, 17, 14, 1, 5, 13, 14, 8, 6, 3, 14, 16, 11, 14, 7, 7, 2, 18, 13, 6, 2, 8, 7, 17, 1, 8, 18, 1, 15, 15, 17, 7, 17, 13, 18, 13, 3, 14, 17, 3, 14, 11, 14, 18, 13, 3, 14, 17, 18, 17, 17]
bestever    2190    in generation 65
[19, 9, 15, 15, 15, 2, 9, 9, 19, 19, 15, 19, 9, 9, 4, 4, 16, 16, 16, 12, 5, 12, 5, 20, 20, 12, 9, 15, 20, 2, 18, 19, 12, 12, 2, 1, 6, 10, 9, 13, 18, 19, 10, 19, 20, 4, 8, 4, 20, 16, 10, 6, 1, 10, 5, 9, 12, 12, 2, 10, 16, 2, 7, 7, 16, 1, 5, 20, 12, 8, 18, 15, 19, 16, 16, 16, 10, 10, 5, 7, 4, 6, 9, 12, 12, 2, 15, 5, 1, 11, 11, 8, 7, 7, 13, 18, 13, 14, 17, 3, 14, 2, 5, 5, 1, 7, 5, 6, 18, 3, 3, 8, 6, 20, 9, 15, 20, 1, 13, 4, 2, 11, 20, 3, 3, 10, 11, 6, 10, 19, 8, 3, 11, 6, 4, 20, 4, 8, 10, 11, 6, 4, 19, 13, 11, 11, 1, 17, 4, 8, 17, 14, 1, 5, 13, 14, 8, 6, 3, 14, 16, 11, 14, 7, 7, 2, 18, 13, 6, 2, 8, 7, 17, 1, 8, 18, 1, 15, 15, 17, 7, 17, 13, 18, 13, 3, 14, 17, 3, 14, 11, 14, 18, 13, 3, 14, 17, 18, 17, 17]
bestever    2145    in generation 78
[19, 9, 15, 15, 15, 2, 9, 9, 19, 19, 15, 19, 9, 9, 4, 4, 16, 16, 16, 12, 5, 12, 5, 20, 20, 12, 9, 15, 20, 2, 18, 19, 12, 12, 2, 1, 6, 10, 9, 13, 18, 19, 10, 19, 20, 4, 8, 4, 20, 16, 10, 6, 1, 10, 5, 9, 12, 12, 2, 10, 16, 2, 7, 7, 16, 1, 5, 20, 12, 8, 18, 15, 19, 16, 16, 16, 10, 10, 5, 7, 4, 6, 9, 12, 12, 2, 15, 5, 1, 11, 11, 8, 7, 7, 13, 13, 3, 2, 5, 5, 1, 7, 5, 6, 3, 3, 8, 6, 20, 9, 15, 20, 1, 4, 2, 11, 20, 3, 3, 10, 11, 6, 10, 8, 6, 4, 20, 4, 8, 19, 11, 18, 18, 13, 14, 17, 3, 14, 10, 11, 6, 4, 19, 13, 11, 11, 1, 17, 4, 8, 17, 14, 1, 5, 13, 14, 8, 6, 3, 14, 16, 11, 14, 7, 7, 2, 18, 13, 6, 2, 8, 7, 17, 1, 8, 18, 1, 15, 15, 17, 7, 17, 13, 18, 13, 3, 14, 17, 3, 14, 11, 14, 18, 13, 3, 14, 17, 18, 17, 17]
bestever    2131    in generation 95
[19, 9, 15, 15, 15, 2, 9, 9, 19, 19, 15, 19, 9, 9, 4, 4, 18, 16, 16, 12, 5, 12, 5, 20, 20, 12, 9, 15, 20, 2, 18, 19, 12, 12, 2, 1, 6, 10, 9, 13, 18, 19, 10, 19, 20, 4, 8, 4, 20, 16, 10, 6, 1, 10, 5, 9, 12, 12, 2, 10, 16, 2, 7, 7, 16, 1, 5, 20, 12, 8, 16, 15, 19, 16, 16, 16, 10, 10, 5, 7, 4, 6, 9, 12, 12, 2, 15, 5, 1, 11, 11, 8, 7, 7, 13, 13, 3, 2, 5, 5, 1, 7, 5, 6, 3, 3, 8, 6, 20, 9, 15, 20, 1, 4, 2, 11, 20, 3, 3, 10, 11, 6, 10, 8, 6, 4, 20, 4, 8, 19, 11, 18, 18, 13, 14, 17, 3, 14, 10, 11, 6, 4, 19, 13, 11, 11, 1, 17, 4, 8, 17, 14, 1, 5, 13, 14, 8, 6, 3, 14, 16, 11, 14, 7, 7, 2, 18, 13, 6, 2, 8, 7, 17, 1, 8, 18, 1, 15, 15, 17, 7, 17, 13, 18, 13, 3, 14, 17, 3, 14, 11, 14, 18, 13, 3, 14, 17, 18, 17, 17]
bestever    2129    in generation 107
[19, 9, 15, 15, 15, 2, 9, 9, 19, 19, 15, 19, 9, 9, 4, 4, 18, 16, 16, 12, 5, 12, 5, 20, 20, 12, 9, 15, 20, 2, 18, 19, 12, 12, 2, 1, 6, 10, 9, 13, 18, 19, 10, 19, 20, 4, 8, 4, 20, 16, 10, 6, 1, 10, 5, 9, 12, 12, 2, 10, 16, 2, 7, 7, 16, 1, 5, 20, 12, 8, 16, 15, 19, 16, 16, 16, 10, 15, 5, 7, 4, 6, 9, 12, 12, 2, 15, 5, 1, 11, 11, 8, 7, 7, 13, 13, 3, 2, 5, 5, 1, 7, 5, 6, 3, 3, 8, 6, 20, 9, 15, 20, 1, 4, 2, 11, 20, 3, 3, 10, 11, 6, 10, 8, 6, 4, 20, 4, 8, 19, 11, 18, 18, 13, 14, 17, 3, 14, 10, 11, 6, 4, 19, 13, 11, 11, 1, 17, 4, 8, 17, 14, 1, 5, 13, 14, 8, 6, 3, 14, 16, 11, 14, 7, 7, 2, 18, 13, 6, 2, 8, 7, 17, 1, 8, 18, 1, 10, 15, 17, 7, 17, 13, 18, 13, 3, 14, 17, 3, 14, 11, 14, 18, 13, 3, 14, 17, 18, 17, 17]
bestever    2109    in generation 108
[19, 9, 15, 15, 15, 2, 9, 9, 19, 19, 15, 19, 9, 9, 4, 4, 18, 16, 16, 12, 5, 12, 5, 20, 20, 12, 9, 15, 20, 2, 18, 19, 12, 12, 2, 1, 6, 10, 9, 13, 18, 19, 10, 19, 20, 4, 8, 4, 20, 16, 10, 6, 1, 10, 5, 9, 12, 12, 2, 10, 16, 2, 7, 7, 16, 1, 5, 20, 12, 8, 16, 15, 19, 16, 16, 16, 10, 15, 5, 7, 4, 6, 9, 12, 12, 2, 15, 5, 1, 11, 11, 8, 7, 7, 13, 13, 3, 2, 5, 5, 1, 7, 5, 6, 3, 3, 8, 6, 20, 9, 15, 20, 1, 4, 2, 11, 20, 3, 3, 10, 11, 6, 10, 8, 6, 4, 20, 4, 8, 19, 11, 18, 18, 13, 14, 17, 3, 14, 10, 11, 6, 4, 19, 13, 11, 11, 1, 17, 4, 8, 14, 1, 5, 13, 14, 8, 6, 14, 16, 11, 7, 7, 2, 18, 13, 6, 2, 8, 7, 1, 8, 1, 10, 15, 17, 17, 17, 3, 14, 18, 7, 17, 13, 18, 13, 3, 14, 17, 3, 14, 11, 14, 18, 13, 3, 14, 17, 18, 17, 17]
bestever    2094    in generation 115
[19, 9, 15, 15, 15, 2, 9, 9, 19, 19, 15, 19, 9, 9, 4, 4, 18, 16, 16, 12, 5, 12, 5, 20, 20, 12, 9, 15, 20, 2, 18, 19, 12, 12, 2, 1, 6, 10, 9, 13, 18, 19, 10, 19, 20, 4, 8, 4, 20, 16, 10, 6, 1, 10, 5, 9, 12, 12, 2, 10, 16, 2, 7, 7, 16, 1, 5, 20, 12, 8, 16, 15, 19, 16, 16, 16, 10, 15, 5, 7, 4, 6, 9, 12, 12, 2, 15, 5, 1, 11, 11, 8, 7, 7, 13, 13, 3, 2, 5, 5, 1, 7, 5, 6, 3, 3, 8, 6, 20, 9, 15, 20, 1, 4, 2, 11, 20, 3, 3, 10, 11, 6, 10, 8, 6, 4, 20, 4, 8, 19, 11, 18, 18, 13, 14, 17, 3, 14, 10, 11, 6, 4, 19, 13, 11, 11, 1, 17, 4, 8, 14, 1, 5, 13, 14, 8, 6, 14, 16, 11, 7, 7, 2, 6, 2, 8, 7, 1, 8, 1, 10, 15, 14, 17, 18, 17, 7, 17, 13, 18, 13, 3, 14, 17, 3, 11, 14, 18, 13, 3, 14, 17, 18, 13, 3, 14, 17, 18, 17, 17]
bestever    2090    in generation 116
[19, 9, 15, 15, 15, 2, 9, 9, 19, 19, 15, 19, 9, 9, 4, 4, 18, 16, 16, 12, 5, 12, 5, 20, 20, 12, 9, 15, 20, 2, 18, 19, 12, 12, 2, 1, 6, 10, 9, 13, 18, 19, 10, 19, 20, 4, 8, 4, 20, 16, 10, 6, 1, 10, 5, 9, 12, 12, 2, 10, 16, 2, 7, 7, 16, 1, 5, 20, 12, 8, 16, 15, 19, 16, 16, 16, 10, 15, 5, 7, 4, 6, 9, 12, 12, 2, 15, 5, 1, 11, 11, 8, 7, 7, 13, 13, 3, 2, 5, 5, 1, 7, 5, 6, 3, 3, 8, 6, 20, 9, 15, 20, 1, 4, 2, 11, 20, 3, 3, 10, 11, 6, 10, 8, 6, 4, 20, 4, 8, 19, 11, 18, 18, 13, 14, 17, 3, 14, 10, 11, 6, 4, 19, 13, 11, 11, 1, 17, 4, 8, 14, 1, 5, 13, 14, 8, 6, 14, 16, 11, 7, 7, 2, 18, 13, 6, 2, 8, 7, 1, 8, 1, 10, 15, 17, 17, 17, 3, 14, 18, 7, 13, 13, 3, 14, 17, 3, 14, 11, 18, 17, 14, 18, 13, 3, 14, 17, 18, 17, 17]
bestever    2062    in generation 126
[19, 9, 15, 15, 15, 2, 9, 9, 19, 19, 15, 19, 9, 9, 4, 4, 18, 16, 16, 12, 5, 12, 5, 20, 20, 12, 9, 15, 20, 2, 18, 19, 12, 12, 2, 1, 6, 10, 9, 13, 18, 19, 10, 19, 20, 4, 8, 4, 20, 16, 10, 6, 1, 10, 5, 9, 12, 12, 2, 10, 16, 2, 7, 7, 16, 1, 5, 20, 12, 8, 16, 15, 19, 16, 16, 16, 10, 15, 5, 7, 4, 6, 9, 12, 12, 2, 15, 5, 1, 11, 11, 8, 7, 7, 13, 13, 3, 2, 5, 5, 1, 7, 5, 6, 3, 3, 8, 6, 20, 9, 15, 20, 1, 4, 2, 11, 20, 3, 3, 10, 11, 6, 10, 8, 6, 4, 20, 4, 8, 19, 11, 18, 18, 13, 14, 17, 3, 14, 10, 11, 6, 4, 19, 13, 11, 11, 1, 17, 4, 8, 14, 1, 5, 13, 14, 8, 6, 14, 16, 11, 7, 13, 2, 18, 13, 6, 2, 8, 7, 1, 8, 1, 10, 15, 17, 17, 17, 3, 14, 18, 7, 13, 13, 3, 14, 3, 14, 11, 18, 17, 17, 14, 18, 7, 3, 14, 17, 18, 17, 17]
bestever    2059    in generation 164
[19, 9, 15, 15, 15, 2, 9, 9, 19, 19, 15, 19, 9, 9, 4, 4, 18, 16, 16, 12, 5, 12, 5, 20, 20, 12, 9, 15, 20, 2, 18, 19, 12, 12, 2, 1, 6, 10, 9, 13, 18, 19, 10, 19, 20, 4, 8, 4, 20, 16, 10, 6, 1, 10, 5, 9, 12, 12, 2, 10, 16, 2, 7, 7, 16, 1, 5, 20, 12, 8, 16, 15, 19, 16, 16, 16, 10, 15, 5, 7, 4, 6, 9, 12, 12, 2, 15, 5, 1, 11, 11, 8, 7, 7, 13, 13, 3, 2, 5, 5, 1, 7, 5, 6, 3, 3, 8, 6, 20, 9, 15, 20, 1, 4, 2, 11, 20, 3, 3, 10, 11, 6, 10, 8, 6, 4, 20, 4, 8, 19, 11, 18, 18, 13, 14, 2, 14, 10, 11, 6, 4, 19, 13, 11, 11, 1, 4, 8, 14, 1, 5, 13, 14, 8, 6, 14, 16, 17, 17, 11, 7, 13, 3, 18, 13, 6, 2, 8, 7, 1, 8, 1, 10, 15, 17, 17, 17, 3, 14, 18, 7, 13, 13, 3, 14, 3, 14, 11, 18, 17, 17, 14, 18, 7, 3, 14, 17, 18, 17, 17]
bestever    2043    in generation 169
[19, 9, 15, 15, 15, 2, 9, 9, 19, 19, 15, 19, 9, 9, 4, 4, 18, 16, 16, 12, 10, 12, 5, 20, 20, 12, 9, 15, 20, 2, 18, 19, 12, 12, 2, 1, 6, 10, 9, 13, 18, 19, 5, 19, 20, 4, 8, 4, 20, 16, 10, 6, 1, 10, 5, 9, 12, 12, 2, 10, 16, 2, 7, 7, 16, 1, 5, 20, 12, 8, 16, 15, 19, 16, 16, 16, 10, 15, 5, 7, 4, 6, 9, 12, 12, 2, 15, 5, 1, 11, 11, 8, 7, 7, 13, 13, 3, 2, 5, 5, 1, 7, 5, 6, 3, 3, 8, 6, 20, 9, 15, 20, 1, 4, 2, 11, 20, 3, 3, 10, 11, 6, 10, 8, 6, 4, 20, 4, 8, 19, 11, 18, 18, 13, 14, 3, 14, 10, 11, 6, 4, 19, 13, 11, 11, 1, 4, 8, 14, 1, 5, 13, 14, 8, 6, 14, 16, 17, 17, 11, 7, 13, 2, 18, 13, 6, 2, 8, 7, 1, 8, 1, 10, 15, 17, 17, 17, 3, 14, 18, 7, 13, 13, 3, 14, 3, 14, 11, 18, 17, 17, 14, 18, 7, 3, 14, 17, 18, 17, 17]
bestever    2042    in generation 212
[19, 9, 15, 15, 15, 2, 9, 9, 19, 19, 15, 19, 9, 9, 4, 4, 18, 16, 16, 12, 10, 12, 5, 20, 20, 12, 9, 15, 20, 2, 18, 19, 12, 12, 2, 1, 6, 10, 9, 13, 18, 19, 5, 19, 20, 4, 8, 4, 20, 16, 10, 6, 1, 10, 5, 9, 12, 12, 2, 10, 16, 2, 7, 7, 16, 1, 5, 20, 12, 8, 5, 15, 19, 16, 16, 16, 10, 15, 5, 7, 4, 6, 9, 12, 12, 2, 15, 5, 1, 11, 11, 8, 7, 7, 13, 13, 3, 2, 5, 16, 1, 7, 5, 6, 3, 3, 8, 6, 20, 9, 15, 20, 1, 4, 2, 11, 20, 3, 3, 10, 11, 6, 10, 8, 6, 4, 20, 4, 8, 19, 11, 18, 18, 13, 14, 3, 14, 10, 11, 6, 4, 19, 13, 11, 11, 1, 4, 8, 14, 1, 5, 13, 14, 8, 6, 14, 16, 17, 17, 11, 7, 13, 2, 18, 13, 6, 2, 8, 7, 1, 8, 1, 10, 15, 17, 17, 17, 3, 14, 18, 7, 13, 13, 3, 14, 3, 14, 11, 18, 17, 17, 14, 18, 7, 3, 14, 17, 18, 17, 17]
bestever    2039    in generation 228
[19, 9, 15, 15, 15, 2, 9, 9, 19, 9, 15, 19, 9, 19, 4, 4, 18, 16, 16, 12, 10, 12, 5, 20, 20, 12, 9, 15, 20, 2, 18, 19, 12, 12, 2, 1, 6, 10, 9, 13, 18, 19, 5, 19, 20, 4, 8, 4, 20, 16, 10, 6, 1, 10, 5, 9, 12, 12, 2, 10, 16, 2, 7, 7, 16, 1, 5, 20, 12, 8, 5, 15, 19, 16, 16, 16, 10, 15, 5, 7, 4, 6, 9, 12, 12, 2, 15, 5, 1, 11, 11, 8, 7, 7, 13, 13, 3, 2, 5, 16, 1, 7, 5, 6, 3, 3, 8, 6, 20, 9, 15, 20, 1, 4, 2, 11, 20, 3, 3, 10, 11, 6, 10, 8, 6, 4, 20, 4, 8, 19, 11, 18, 18, 13, 14, 3, 14, 10, 11, 6, 4, 19, 13, 11, 11, 1, 4, 8, 14, 1, 5, 13, 14, 8, 6, 14, 16, 17, 17, 11, 7, 13, 2, 18, 13, 6, 2, 8, 7, 1, 8, 1, 10, 15, 17, 17, 17, 3, 14, 18, 7, 13, 13, 3, 14, 3, 14, 11, 18, 17, 17, 14, 18, 7, 3, 14, 17, 18, 17, 17]
bestever    2037    in generation 235
[19, 9, 15, 15, 15, 2, 9, 9, 19, 9, 15, 19, 9, 19, 4, 4, 18, 16, 16, 12, 10, 12, 5, 20, 20, 12, 9, 15, 20, 2, 19, 12, 12, 2, 1, 6, 10, 9, 13, 18, 19, 5, 19, 20, 4, 8, 4, 20, 16, 10, 6, 1, 10, 5, 9, 12, 12, 2, 10, 16, 2, 7, 7, 16, 1, 5, 20, 12, 8, 5, 15, 19, 16, 16, 16, 10, 15, 5, 7, 4, 6, 9, 12, 12, 2, 15, 5, 1, 11, 11, 8, 7, 13, 13, 3, 2, 5, 16, 1, 7, 5, 6, 3, 3, 8, 6, 20, 9, 15, 20, 1, 4, 2, 11, 20, 3, 3, 10, 11, 6, 10, 8, 6, 4, 20, 4, 8, 19, 11, 18, 18, 13, 14, 3, 14, 10, 11, 6, 4, 19, 11, 11, 1, 4, 8, 14, 1, 5, 14, 8, 6, 14, 16, 17, 17, 11, 7, 13, 18, 13, 7, 13, 2, 18, 13, 6, 2, 8, 7, 1, 8, 1, 10, 15, 17, 17, 17, 3, 14, 18, 7, 13, 13, 3, 14, 3, 14, 11, 18, 17, 17, 14, 18, 7, 3, 14, 17, 18, 17, 17]
bestever    2017    in generation 248
[19, 9, 15, 15, 15, 2, 9, 9, 19, 16, 15, 19, 9, 20, 4, 4, 18, 16, 16, 12, 10, 12, 5, 19, 20, 12, 9, 15, 20, 2, 18, 19, 12, 12, 2, 1, 6, 10, 9, 13, 18, 19, 5, 19, 20, 4, 8, 4, 20, 16, 10, 6, 1, 10, 5, 9, 12, 12, 2, 10, 16, 2, 7, 7, 16, 1, 5, 20, 12, 8, 5, 15, 19, 16, 16, 9, 10, 15, 5, 7, 4, 6, 9, 12, 12, 2, 15, 5, 1, 11, 11, 8, 7, 7, 13, 13, 3, 2, 5, 16, 1, 7, 5, 6, 3, 3, 8, 6, 20, 9, 15, 20, 1, 4, 2, 11, 20, 3, 3, 10, 11, 6, 10, 8, 6, 4, 20, 4, 8, 19, 11, 18, 18, 13, 14, 3, 14, 10, 11, 6, 4, 19, 13, 11, 11, 1, 4, 8, 14, 1, 5, 13, 14, 8, 6, 14, 16, 17, 17, 11, 7, 13, 2, 18, 13, 6, 2, 8, 7, 1, 8, 1, 10, 15, 17, 3, 14, 7, 13, 13, 3, 14, 3, 11, 17, 17, 14, 18, 18, 17, 17, 14, 18, 7, 3, 14, 17, 18, 17, 17]
bestever    2016    in generation 271
[19, 9, 15, 15, 15, 2, 9, 9, 19, 16, 15, 19, 9, 20, 4, 4, 18, 16, 16, 12, 10, 12, 5, 19, 20, 12, 9, 15, 20, 2, 18, 19, 12, 12, 2, 1, 6, 10, 9, 13, 18, 19, 5, 19, 20, 4, 8, 4, 20, 16, 10, 6, 1, 10, 5, 9, 12, 12, 2, 10, 16, 2, 7, 7, 16, 1, 5, 20, 12, 8, 5, 15, 19, 16, 16, 9, 10, 15, 5, 7, 4, 6, 9, 12, 12, 2, 15, 5, 1, 11, 11, 8, 7, 7, 13, 17, 3, 2, 5, 16, 1, 7, 5, 6, 3, 3, 8, 6, 20, 9, 15, 20, 1, 4, 2, 11, 20, 3, 3, 10, 11, 6, 10, 8, 6, 4, 20, 4, 8, 19, 11, 18, 18, 13, 14, 3, 14, 10, 11, 6, 4, 19, 13, 11, 11, 1, 4, 8, 14, 1, 5, 13, 14, 8, 6, 14, 16, 17, 17, 11, 7, 13, 2, 18, 13, 6, 2, 8, 7, 1, 8, 1, 10, 15, 17, 3, 14, 7, 13, 13, 3, 14, 3, 11, 17, 17, 14, 18, 18, 17, 17, 14, 18, 7, 3, 14, 17, 18, 13, 17]
bestever    2015    in generation 295
[19, 9, 15, 15, 15, 2, 9, 9, 19, 16, 15, 19, 9, 20, 4, 4, 18, 16, 16, 12, 10, 12, 5, 19, 20, 12, 9, 15, 20, 2, 18, 19, 12, 12, 2, 1, 6, 10, 9, 13, 18, 19, 5, 19, 20, 4, 8, 4, 20, 16, 10, 6, 1, 10, 5, 9, 12, 12, 2, 10, 16, 2, 7, 7, 16, 1, 5, 20, 9, 8, 5, 15, 19, 16, 16, 9, 10, 15, 5, 7, 4, 6, 12, 12, 12, 2, 15, 5, 1, 11, 11, 8, 7, 7, 13, 17, 3, 2, 5, 16, 1, 7, 5, 6, 3, 3, 8, 6, 20, 9, 15, 20, 1, 4, 2, 11, 20, 3, 3, 10, 11, 6, 10, 8, 6, 4, 20, 4, 8, 19, 11, 18, 18, 13, 14, 3, 14, 10, 11, 6, 4, 19, 13, 11, 11, 1, 4, 8, 14, 1, 5, 13, 14, 8, 6, 14, 16, 17, 17, 11, 7, 13, 2, 18, 13, 6, 2, 8, 7, 1, 8, 1, 10, 15, 17, 3, 14, 7, 13, 13, 3, 14, 3, 11, 17, 17, 14, 18, 18, 17, 17, 14, 18, 7, 3, 14, 17, 18, 13, 17]
bestever    2004    in generation 308
[19, 9, 15, 15, 15, 2, 9, 9, 19, 16, 15, 19, 9, 20, 4, 4, 18, 16, 16, 12, 10, 12, 5, 19, 20, 12, 9, 15, 20, 2, 18, 19, 12, 12, 2, 1, 6, 10, 9, 13, 18, 19, 5, 19, 20, 4, 8, 4, 20, 16, 10, 6, 1, 10, 5, 9, 12, 12, 2, 10, 16, 2, 7, 7, 16, 1, 5, 20, 9, 8, 5, 15, 19, 16, 16, 9, 10, 15, 5, 7, 4, 6, 12, 12, 12, 2, 15, 5, 1, 11, 11, 8, 7, 7, 13, 3, 2, 5, 16, 1, 7, 5, 6, 3, 3, 8, 6, 20, 9, 15, 20, 1, 4, 2, 11, 20, 3, 3, 10, 11, 6, 10, 8, 6, 4, 20, 4, 8, 19, 11, 18, 13, 14, 3, 14, 10, 11, 6, 4, 19, 11, 11, 1, 4, 8, 14, 13, 18, 17, 1, 5, 13, 14, 8, 6, 14, 16, 17, 17, 11, 7, 13, 2, 18, 13, 6, 2, 8, 7, 1, 8, 1, 10, 15, 17, 3, 14, 7, 13, 13, 3, 14, 3, 11, 17, 17, 14, 18, 18, 17, 17, 14, 18, 7, 3, 14, 17, 18, 13, 17]
bestever    1981    in generation 316
[19, 9, 15, 15, 15, 2, 9, 9, 19, 16, 15, 19, 9, 20, 4, 4, 18, 16, 16, 12, 10, 12, 5, 19, 20, 12, 9, 15, 20, 2, 18, 19, 12, 12, 2, 1, 6, 10, 9, 13, 18, 19, 5, 19, 20, 4, 8, 4, 20, 16, 10, 6, 1, 10, 5, 9, 12, 12, 2, 10, 16, 2, 7, 7, 16, 1, 5, 20, 9, 8, 5, 15, 19, 16, 16, 9, 10, 15, 5, 7, 4, 6, 12, 12, 12, 2, 15, 5, 1, 11, 11, 8, 7, 3, 2, 5, 16, 1, 7, 5, 6, 3, 3, 8, 6, 20, 9, 15, 20, 1, 4, 2, 11, 20, 3, 3, 10, 11, 6, 10, 8, 6, 4, 20, 4, 8, 19, 11, 18, 13, 14, 3, 14, 10, 11, 6, 4, 19, 11, 11, 1, 4, 8, 14, 13, 18, 17, 1, 5, 13, 14, 8, 6, 14, 16, 17, 17, 11, 7, 13, 7, 13, 2, 18, 13, 6, 2, 8, 7, 1, 8, 1, 10, 15, 17, 3, 14, 7, 13, 13, 3, 14, 3, 11, 17, 17, 14, 18, 18, 17, 17, 14, 18, 7, 3, 14, 17, 18, 13, 17]
bestever    1965    in generation 325
[19, 9, 15, 15, 15, 2, 9, 9, 19, 16, 15, 19, 9, 20, 4, 4, 18, 16, 16, 12, 10, 12, 5, 19, 20, 12, 9, 15, 20, 2, 18, 19, 12, 12, 2, 1, 6, 10, 9, 13, 18, 19, 5, 19, 20, 4, 8, 4, 20, 16, 10, 6, 1, 10, 5, 9, 12, 12, 2, 10, 16, 2, 7, 7, 16, 1, 5, 20, 9, 8, 5, 15, 19, 16, 16, 9, 10, 15, 5, 7, 4, 6, 12, 12, 12, 2, 15, 5, 1, 11, 11, 8, 7, 3, 2, 5, 16, 1, 7, 5, 6, 3, 3, 8, 6, 20, 9, 15, 20, 1, 4, 2, 11, 20, 3, 3, 10, 11, 6, 10, 8, 6, 4, 20, 4, 8, 19, 11, 13, 14, 14, 10, 11, 6, 4, 19, 11, 11, 1, 4, 8, 14, 13, 17, 1, 5, 13, 14, 8, 6, 16, 7, 13, 3, 18, 18, 17, 17, 14, 11, 7, 13, 2, 18, 13, 6, 2, 8, 7, 1, 8, 1, 10, 15, 17, 3, 14, 7, 13, 13, 3, 14, 3, 11, 17, 17, 14, 18, 18, 17, 17, 14, 18, 7, 3, 14, 17, 18, 13, 17]
bestever    1964    in generation 331
[19, 9, 15, 15, 15, 2, 9, 9, 19, 16, 15, 19, 9, 20, 4, 4, 18, 16, 16, 12, 10, 12, 5, 19, 20, 12, 9, 15, 20, 2, 18, 19, 12, 12, 2, 1, 6, 10, 9, 13, 7, 19, 5, 19, 20, 4, 8, 4, 20, 16, 10, 6, 1, 10, 5, 9, 12, 12, 2, 10, 16, 2, 7, 7, 16, 1, 5, 20, 9, 8, 5, 15, 19, 16, 16, 9, 10, 15, 5, 7, 4, 6, 12, 12, 12, 2, 15, 5, 1, 11, 11, 8, 18, 3, 2, 5, 16, 1, 7, 5, 6, 3, 3, 8, 6, 20, 9, 15, 20, 1, 4, 2, 11, 20, 3, 3, 10, 11, 6, 10, 8, 6, 4, 20, 4, 8, 19, 11, 13, 14, 14, 10, 11, 6, 4, 19, 11, 11, 1, 4, 8, 14, 13, 17, 1, 5, 13, 14, 8, 6, 16, 7, 13, 3, 18, 18, 17, 17, 14, 11, 7, 13, 2, 18, 13, 6, 2, 8, 7, 1, 8, 1, 10, 15, 17, 3, 14, 7, 13, 13, 3, 14, 3, 11, 17, 17, 14, 18, 18, 17, 17, 14, 18, 7, 3, 14, 17, 18, 13, 17]
bestever    1962    in generation 334
[19, 9, 15, 15, 15, 2, 9, 9, 19, 16, 15, 19, 9, 20, 4, 4, 18, 16, 16, 12, 10, 12, 5, 19, 20, 12, 9, 15, 20, 2, 18, 19, 12, 12, 2, 1, 6, 10, 9, 13, 18, 19, 5, 19, 20, 4, 8, 4, 20, 16, 10, 6, 1, 10, 5, 9, 12, 12, 2, 10, 16, 2, 7, 7, 16, 1, 5, 20, 9, 8, 5, 15, 19, 16, 16, 9, 10, 15, 5, 7, 4, 6, 12, 12, 12, 2, 15, 5, 1, 11, 11, 8, 7, 3, 2, 5, 16, 1, 7, 5, 6, 3, 3, 8, 6, 20, 9, 15, 20, 1, 4, 2, 11, 20, 3, 3, 10, 11, 6, 10, 8, 6, 4, 20, 4, 8, 19, 11, 13, 14, 14, 10, 11, 6, 4, 19, 11, 11, 1, 4, 8, 14, 13, 17, 1, 5, 13, 8, 6, 16, 7, 13, 18, 18, 17, 17, 14, 11, 7, 13, 2, 18, 13, 6, 2, 8, 7, 1, 8, 1, 10, 15, 17, 3, 14, 7, 13, 13, 3, 14, 3, 14, 3, 11, 17, 17, 14, 18, 18, 17, 17, 14, 18, 7, 3, 14, 17, 18, 13, 17]
bestever    1956    in generation 376
[19, 9, 15, 15, 15, 2, 9, 9, 19, 16, 15, 19, 9, 20, 4, 4, 18, 16, 16, 12, 10, 12, 5, 19, 20, 12, 9, 15, 20, 2, 18, 19, 12, 12, 2, 1, 6, 10, 9, 13, 19, 5, 19, 20, 4, 8, 4, 20, 16, 10, 6, 1, 10, 5, 9, 12, 12, 2, 10, 16, 2, 7, 7, 16, 1, 5, 20, 9, 8, 5, 15, 19, 16, 16, 9, 10, 15, 5, 7, 4, 6, 12, 12, 12, 2, 15, 5, 1, 11, 11, 8, 7, 3, 2, 5, 16, 1, 7, 5, 6, 3, 3, 8, 6, 20, 9, 15, 20, 1, 4, 2, 11, 20, 3, 3, 10, 11, 6, 10, 8, 6, 4, 20, 4, 8, 19, 11, 13, 14, 14, 10, 11, 6, 4, 19, 11, 11, 1, 4, 8, 14, 13, 1, 5, 8, 13, 18, 17, 6, 16, 7, 13, 18, 18, 17, 17, 14, 13, 7, 13, 2, 18, 11, 6, 2, 8, 7, 1, 8, 1, 10, 15, 17, 3, 14, 7, 13, 13, 3, 14, 3, 14, 3, 11, 17, 17, 14, 18, 18, 17, 17, 14, 18, 7, 3, 14, 17, 18, 13, 17]
bestever    1954    in generation 391
[19, 9, 15, 15, 15, 2, 9, 9, 19, 16, 15, 19, 9, 20, 4, 4, 18, 16, 16, 12, 10, 12, 5, 19, 20, 12, 9, 15, 20, 2, 18, 19, 12, 12, 2, 1, 6, 10, 9, 13, 19, 5, 19, 20, 4, 8, 4, 20, 16, 10, 6, 1, 10, 5, 9, 12, 12, 2, 10, 16, 2, 7, 7, 16, 1, 5, 20, 9, 8, 5, 15, 19, 16, 16, 9, 10, 15, 5, 7, 4, 6, 12, 12, 12, 2, 15, 5, 1, 11, 11, 8, 7, 3, 2, 5, 16, 1, 7, 5, 6, 3, 3, 8, 6, 20, 9, 15, 20, 1, 4, 2, 11, 20, 3, 3, 10, 11, 6, 10, 8, 6, 4, 20, 4, 8, 19, 11, 13, 14, 14, 10, 11, 6, 4, 19, 11, 11, 1, 4, 8, 14, 13, 1, 5, 8, 13, 18, 17, 6, 16, 7, 13, 18, 14, 13, 7, 13, 2, 11, 6, 2, 8, 7, 1, 8, 1, 10, 15, 3, 7, 13, 13, 14, 3, 17, 17, 14, 18, 18, 17, 3, 14, 3, 11, 17, 17, 14, 18, 18, 17, 17, 14, 18, 7, 3, 14, 17, 18, 13, 17]
bestever    1936    in generation 424
[19, 9, 15, 15, 15, 2, 9, 9, 19, 16, 15, 19, 9, 20, 4, 4, 18, 16, 16, 12, 10, 12, 5, 19, 20, 12, 9, 15, 20, 2, 18, 19, 12, 12, 2, 1, 6, 10, 9, 13, 19, 5, 19, 20, 4, 8, 4, 20, 16, 10, 6, 1, 10, 5, 9, 12, 12, 2, 10, 16, 2, 7, 7, 16, 1, 5, 20, 9, 8, 5, 15, 19, 16, 16, 9, 10, 15, 5, 7, 4, 6, 12, 12, 12, 2, 15, 5, 1, 11, 11, 8, 7, 3, 2, 5, 16, 1, 7, 5, 6, 3, 3, 8, 6, 20, 9, 15, 20, 1, 4, 2, 11, 20, 3, 3, 10, 11, 6, 10, 8, 6, 4, 20, 4, 8, 19, 11, 13, 14, 8, 10, 11, 6, 4, 19, 11, 11, 1, 4, 8, 14, 13, 1, 5, 14, 18, 13, 17, 6, 16, 7, 13, 18, 14, 13, 7, 13, 2, 11, 6, 2, 8, 7, 1, 8, 1, 10, 15, 3, 7, 13, 13, 14, 3, 17, 17, 14, 18, 18, 17, 3, 14, 3, 11, 17, 17, 14, 18, 18, 17, 17, 14, 18, 7, 3, 14, 17, 18, 13, 17]
bestever    1914    in generation 522
[19, 9, 15, 15, 15, 2, 9, 9, 19, 16, 15, 19, 9, 20, 4, 4, 16, 16, 12, 10, 12, 5, 19, 20, 12, 9, 15, 20, 2, 19, 12, 12, 2, 1, 6, 10, 9, 13, 19, 5, 19, 20, 4, 8, 4, 20, 16, 10, 6, 1, 10, 5, 9, 12, 12, 2, 10, 16, 2, 7, 7, 16, 1, 5, 20, 9, 8, 5, 15, 19, 16, 16, 9, 10, 5, 7, 4, 6, 12, 12, 12, 2, 15, 5, 1, 11, 11, 8, 7, 3, 2, 5, 16, 1, 7, 5, 6, 3, 3, 8, 6, 20, 9, 15, 20, 1, 4, 2, 11, 20, 3, 3, 10, 11, 6, 10, 8, 6, 4, 20, 4, 8, 19, 11, 13, 14, 8, 10, 11, 6, 4, 19, 11, 11, 1, 4, 8, 14, 13, 1, 5, 14, 18, 13, 6, 16, 7, 13, 18, 13, 7, 2, 11, 6, 2, 15, 13, 18, 18, 14, 17, 8, 7, 1, 8, 1, 10, 15, 3, 7, 13, 13, 14, 3, 17, 17, 14, 18, 18, 17, 3, 14, 3, 11, 17, 17, 14, 18, 18, 17, 17, 14, 18, 7, 3, 14, 17, 18, 13, 17]
bestever    1894    in generation 528
[9, 19, 16, 15, 19, 9, 20, 4, 19, 9, 15, 2, 9, 15, 15, 4, 16, 16, 12, 10, 12, 5, 19, 20, 12, 9, 15, 20, 2, 19, 12, 12, 2, 1, 6, 10, 9, 13, 19, 5, 19, 20, 4, 8, 4, 20, 16, 10, 6, 1, 10, 5, 9, 12, 12, 2, 10, 16, 2, 7, 7, 16, 1, 5, 20, 9, 8, 5, 15, 19, 16, 16, 9, 10, 5, 7, 4, 6, 12, 12, 12, 2, 15, 5, 1, 11, 11, 8, 7, 3, 2, 5, 16, 1, 7, 5, 6, 3, 3, 8, 6, 20, 9, 15, 20, 1, 4, 2, 11, 20, 3, 3, 10, 11, 6, 10, 8, 6, 4, 20, 4, 8, 19, 11, 13, 14, 8, 10, 11, 6, 4, 19, 11, 11, 1, 4, 8, 14, 13, 1, 5, 14, 18, 13, 6, 16, 7, 13, 18, 13, 7, 2, 11, 6, 2, 15, 13, 18, 18, 14, 17, 8, 7, 1, 8, 1, 10, 15, 3, 7, 13, 13, 14, 3, 17, 17, 14, 18, 18, 17, 3, 14, 3, 11, 17, 17, 14, 18, 18, 17, 17, 14, 18, 7, 3, 14, 17, 18, 13, 17]
bestever    1878    in generation 552
[9, 19, 16, 15, 19, 9, 20, 4, 19, 9, 15, 2, 9, 15, 15, 4, 16, 16, 12, 10, 12, 5, 19, 20, 12, 9, 15, 20, 2, 19, 12, 12, 2, 1, 6, 10, 9, 13, 19, 5, 19, 20, 4, 8, 4, 20, 16, 10, 6, 1, 10, 5, 9, 12, 12, 2, 10, 16, 2, 7, 7, 16, 1, 5, 20, 9, 8, 5, 15, 19, 16, 16, 9, 10, 5, 7, 4, 6, 12, 12, 12, 2, 15, 5, 1, 11, 11, 8, 7, 3, 2, 5, 16, 1, 7, 5, 6, 3, 3, 8, 6, 20, 9, 15, 20, 1, 4, 2, 11, 20, 3, 3, 10, 11, 6, 10, 8, 6, 4, 20, 4, 8, 19, 3, 13, 14, 8, 10, 11, 6, 4, 19, 11, 11, 1, 4, 8, 14, 13, 1, 5, 14, 18, 13, 6, 16, 7, 13, 18, 7, 13, 2, 11, 6, 2, 15, 13, 18, 18, 14, 17, 8, 7, 1, 8, 1, 10, 15, 11, 7, 13, 13, 14, 3, 17, 17, 14, 18, 18, 17, 3, 14, 3, 11, 17, 17, 14, 18, 18, 17, 17, 14, 18, 7, 3, 14, 17, 18, 13, 17]
bestever    1872    in generation 678
[9, 19, 16, 9, 15, 19, 9, 20, 4, 19, 9, 15, 2, 9, 15, 15, 4, 16, 16, 12, 10, 12, 5, 19, 20, 12, 9, 15, 20, 2, 19, 12, 12, 2, 1, 6, 10, 13, 19, 5, 19, 20, 4, 8, 4, 20, 16, 10, 6, 1, 10, 5, 9, 12, 12, 2, 10, 16, 2, 7, 7, 16, 1, 5, 20, 9, 8, 5, 15, 19, 16, 16, 9, 10, 5, 7, 4, 6, 12, 12, 12, 2, 15, 5, 1, 13, 11, 8, 7, 3, 2, 5, 16, 16, 1, 7, 5, 6, 3, 3, 8, 6, 20, 9, 15, 20, 1, 4, 2, 11, 20, 3, 3, 10, 11, 6, 10, 8, 6, 4, 20, 4, 8, 19, 3, 13, 14, 8, 10, 11, 6, 4, 19, 11, 11, 1, 4, 8, 14, 13, 1, 5, 14, 18, 13, 6, 7, 13, 18, 7, 11, 2, 11, 6, 2, 15, 13, 18, 18, 14, 8, 7, 1, 8, 1, 10, 15, 11, 7, 13, 13, 14, 3, 17, 17, 3, 14, 3, 11, 17, 14, 18, 17, 17, 14, 18, 18, 17, 18, 17, 17, 14, 18, 7, 3, 14, 17, 18, 13, 17]
bestever    1871    in generation 696
[9, 19, 16, 9, 15, 19, 9, 20, 4, 19, 9, 15, 2, 9, 15, 15, 4, 16, 16, 12, 10, 12, 5, 19, 20, 12, 9, 15, 20, 2, 19, 12, 12, 2, 1, 6, 10, 7, 19, 5, 19, 20, 4, 8, 4, 20, 16, 10, 6, 1, 10, 5, 9, 12, 12, 2, 10, 16, 2, 7, 7, 16, 1, 5, 20, 9, 8, 5, 15, 19, 16, 16, 9, 10, 5, 13, 4, 6, 12, 12, 12, 2, 15, 5, 1, 13, 11, 8, 7, 3, 2, 5, 16, 16, 1, 7, 5, 6, 3, 3, 8, 6, 20, 9, 15, 20, 1, 4, 2, 11, 20, 3, 3, 10, 11, 6, 10, 8, 6, 4, 20, 4, 8, 19, 3, 13, 14, 8, 10, 11, 6, 4, 19, 11, 11, 1, 4, 8, 14, 13, 1, 5, 14, 18, 13, 6, 7, 13, 18, 7, 11, 2, 11, 6, 2, 15, 13, 18, 18, 14, 8, 7, 1, 8, 1, 10, 15, 11, 7, 13, 13, 14, 3, 17, 17, 3, 14, 3, 11, 17, 14, 18, 17, 17, 14, 18, 18, 17, 18, 17, 17, 14, 18, 7, 3, 14, 17, 18, 13, 17]
bestever    1862    in generation 714
[9, 19, 16, 9, 15, 19, 9, 20, 4, 19, 9, 15, 2, 9, 15, 15, 4, 16, 16, 12, 10, 12, 5, 19, 20, 12, 9, 15, 20, 2, 19, 12, 12, 2, 1, 6, 10, 7, 19, 5, 19, 20, 4, 8, 4, 20, 16, 10, 6, 1, 10, 5, 9, 12, 12, 2, 10, 16, 2, 7, 7, 16, 1, 5, 20, 9, 8, 5, 15, 19, 16, 16, 9, 10, 5, 8, 4, 6, 12, 12, 12, 2, 15, 5, 1, 13, 11, 8, 7, 3, 2, 5, 16, 16, 1, 7, 5, 6, 3, 3, 8, 6, 20, 9, 15, 20, 1, 4, 2, 11, 20, 3, 3, 10, 11, 6, 10, 8, 6, 4, 20, 4, 8, 19, 3, 13, 14, 13, 10, 11, 6, 4, 19, 11, 11, 1, 4, 8, 14, 13, 1, 5, 18, 13, 6, 7, 13, 18, 7, 11, 2, 11, 6, 2, 15, 13, 18, 18, 14, 14, 8, 7, 1, 8, 1, 10, 15, 11, 7, 13, 13, 14, 3, 17, 17, 3, 14, 3, 11, 17, 14, 18, 17, 17, 14, 18, 18, 17, 18, 17, 17, 14, 18, 7, 3, 14, 17, 18, 13, 17]
bestever    1858    in generation 733
[9, 19, 16, 9, 15, 19, 9, 20, 4, 19, 9, 15, 2, 9, 15, 15, 4, 16, 16, 12, 10, 12, 5, 19, 20, 12, 9, 15, 20, 2, 19, 12, 12, 2, 1, 6, 10, 7, 19, 5, 19, 20, 4, 8, 4, 20, 16, 10, 6, 1, 10, 5, 9, 12, 12, 2, 10, 16, 2, 7, 7, 16, 1, 5, 20, 9, 8, 5, 15, 19, 16, 16, 9, 10, 5, 8, 4, 6, 12, 12, 12, 2, 15, 5, 1, 13, 11, 8, 7, 3, 2, 5, 16, 16, 1, 7, 5, 6, 3, 3, 8, 6, 20, 9, 15, 20, 1, 4, 2, 11, 20, 3, 3, 10, 11, 6, 10, 8, 6, 4, 20, 4, 8, 19, 3, 13, 14, 13, 10, 11, 6, 4, 19, 17, 11, 1, 4, 8, 14, 13, 1, 5, 18, 13, 6, 7, 18, 13, 7, 11, 2, 11, 6, 2, 15, 13, 18, 14, 14, 8, 7, 1, 8, 1, 10, 15, 11, 7, 13, 13, 14, 3, 17, 3, 14, 3, 11, 17, 14, 18, 11, 17, 14, 18, 18, 17, 18, 17, 18, 17, 17, 14, 18, 7, 3, 14, 17, 18, 13, 17]
bestever    1846    in generation 738
[9, 19, 16, 9, 15, 19, 9, 20, 4, 19, 9, 15, 2, 9, 15, 15, 4, 16, 16, 12, 10, 12, 5, 19, 20, 12, 9, 15, 20, 2, 19, 12, 12, 2, 1, 6, 10, 7, 19, 5, 19, 20, 4, 8, 4, 20, 16, 10, 6, 1, 10, 5, 9, 12, 12, 2, 10, 16, 2, 7, 7, 16, 1, 5, 20, 9, 7, 5, 15, 19, 16, 16, 9, 10, 5, 8, 19, 6, 12, 12, 12, 2, 15, 5, 1, 13, 11, 8, 7, 3, 2, 5, 16, 16, 1, 7, 5, 6, 3, 3, 8, 6, 20, 9, 15, 20, 1, 4, 2, 11, 20, 3, 3, 10, 11, 6, 10, 8, 6, 4, 20, 4, 8, 4, 3, 13, 14, 13, 10, 11, 6, 4, 19, 11, 11, 1, 4, 8, 14, 13, 1, 5, 18, 13, 6, 7, 18, 13, 8, 11, 2, 11, 6, 2, 15, 13, 18, 14, 14, 8, 7, 1, 8, 1, 10, 15, 11, 7, 13, 13, 14, 3, 17, 3, 14, 3, 11, 17, 14, 18, 17, 17, 14, 18, 18, 17, 18, 17, 18, 17, 17, 14, 18, 7, 3, 14, 17, 18, 13, 17]
bestever    1843    in generation 743
[9, 19, 16, 9, 15, 19, 9, 20, 4, 19, 9, 15, 2, 9, 15, 15, 4, 16, 16, 12, 10, 12, 5, 19, 20, 12, 9, 15, 20, 2, 19, 12, 12, 2, 1, 6, 10, 7, 19, 5, 19, 20, 4, 8, 4, 20, 16, 10, 6, 1, 10, 5, 9, 12, 12, 2, 10, 16, 2, 7, 7, 16, 1, 5, 20, 9, 7, 5, 15, 19, 16, 16, 9, 10, 5, 8, 19, 6, 12, 12, 12, 2, 15, 5, 1, 13, 11, 8, 7, 3, 2, 5, 16, 16, 1, 7, 5, 6, 3, 3, 8, 6, 20, 9, 15, 20, 1, 4, 2, 11, 20, 3, 3, 10, 11, 6, 10, 8, 6, 4, 20, 4, 8, 4, 3, 13, 14, 13, 10, 11, 6, 4, 19, 11, 11, 1, 4, 8, 14, 13, 1, 5, 18, 13, 6, 7, 18, 13, 8, 11, 2, 11, 6, 2, 15, 13, 18, 14, 14, 8, 7, 1, 8, 1, 10, 15, 11, 7, 13, 13, 14, 3, 17, 3, 14, 3, 11, 17, 14, 18, 17, 17, 14, 18, 18, 17, 18, 17, 18, 17, 7, 13, 3, 14, 14, 17, 18, 17, 18, 17]
bestever    1831    in generation 785
[9, 19, 16, 9, 15, 19, 9, 20, 4, 19, 9, 15, 2, 9, 15, 15, 4, 16, 16, 12, 10, 12, 5, 19, 20, 12, 9, 15, 20, 2, 19, 12, 12, 2, 1, 6, 10, 7, 19, 5, 19, 20, 4, 8, 4, 20, 16, 10, 6, 1, 10, 5, 9, 12, 12, 2, 10, 16, 2, 7, 7, 16, 1, 5, 20, 9, 7, 5, 15, 19, 16, 16, 9, 10, 5, 8, 19, 6, 12, 12, 12, 2, 15, 5, 1, 13, 11, 8, 7, 3, 2, 5, 16, 16, 1, 7, 5, 6, 3, 3, 8, 6, 20, 9, 15, 20, 1, 4, 2, 11, 20, 3, 3, 10, 11, 6, 10, 8, 6, 4, 20, 4, 8, 4, 3, 13, 14, 13, 15, 11, 6, 4, 19, 11, 11, 1, 4, 8, 14, 13, 1, 5, 18, 13, 6, 7, 18, 13, 8, 11, 2, 11, 6, 2, 15, 13, 18, 14, 14, 8, 7, 1, 8, 1, 10, 10, 11, 7, 13, 13, 14, 3, 17, 3, 14, 3, 11, 17, 14, 18, 17, 17, 14, 18, 18, 17, 18, 17, 18, 17, 7, 13, 3, 14, 14, 17, 18, 17, 18, 17]
bestever    1822    in generation 820
[9, 19, 16, 9, 15, 19, 9, 20, 4, 19, 9, 15, 2, 9, 15, 15, 4, 16, 16, 12, 10, 12, 5, 19, 20, 12, 9, 15, 20, 2, 19, 12, 12, 2, 1, 6, 10, 7, 19, 5, 19, 20, 4, 8, 4, 20, 16, 10, 6, 1, 10, 5, 9, 12, 12, 2, 10, 16, 2, 7, 7, 16, 1, 5, 20, 9, 7, 5, 15, 19, 16, 3, 9, 10, 5, 8, 19, 6, 12, 12, 12, 2, 15, 5, 1, 13, 11, 8, 7, 16, 2, 5, 16, 16, 1, 7, 5, 6, 3, 3, 8, 6, 20, 9, 15, 20, 1, 4, 2, 11, 20, 3, 3, 10, 11, 6, 10, 8, 6, 4, 20, 4, 8, 4, 3, 13, 14, 13, 15, 11, 6, 4, 19, 11, 11, 1, 4, 8, 14, 13, 1, 5, 18, 13, 6, 7, 18, 13, 8, 11, 2, 11, 6, 2, 15, 13, 18, 14, 14, 8, 7, 1, 8, 1, 10, 10, 11, 7, 13, 13, 14, 3, 17, 3, 14, 3, 11, 17, 14, 18, 17, 17, 14, 18, 18, 17, 18, 17, 18, 17, 7, 13, 3, 14, 14, 17, 18, 17, 18, 17]
bestever    1815    in generation 822
[9, 19, 16, 9, 15, 19, 9, 20, 4, 19, 9, 15, 2, 9, 15, 15, 4, 16, 16, 12, 10, 12, 5, 19, 20, 12, 9, 15, 20, 2, 19, 12, 12, 2, 1, 6, 10, 7, 19, 5, 19, 20, 4, 8, 4, 20, 16, 10, 6, 1, 10, 5, 9, 12, 12, 2, 10, 16, 2, 7, 7, 16, 1, 5, 20, 9, 7, 5, 15, 19, 16, 3, 9, 10, 5, 8, 19, 6, 12, 12, 12, 2, 15, 5, 1, 13, 11, 8, 7, 16, 2, 5, 16, 16, 1, 7, 5, 6, 3, 3, 8, 6, 20, 9, 15, 20, 1, 4, 2, 11, 20, 2, 3, 10, 11, 6, 10, 8, 6, 4, 20, 4, 8, 4, 3, 13, 14, 13, 15, 11, 6, 4, 19, 11, 11, 1, 4, 8, 14, 13, 1, 5, 18, 13, 6, 7, 18, 13, 8, 11, 2, 11, 6, 3, 15, 13, 18, 14, 14, 8, 7, 1, 8, 1, 10, 10, 11, 7, 13, 13, 14, 3, 17, 3, 14, 3, 11, 17, 14, 18, 17, 17, 14, 18, 18, 17, 18, 17, 18, 17, 7, 13, 3, 14, 14, 17, 18, 17, 18, 17]
bestever    1814    in generation 860
[9, 19, 16, 9, 15, 19, 9, 20, 4, 19, 9, 15, 2, 9, 15, 15, 4, 16, 16, 12, 10, 12, 5, 19, 20, 12, 9, 15, 20, 2, 19, 12, 12, 2, 1, 6, 10, 7, 19, 5, 19, 20, 4, 8, 4, 20, 16, 10, 6, 1, 10, 5, 9, 12, 12, 2, 10, 16, 2, 7, 7, 16, 1, 5, 20, 9, 7, 5, 15, 19, 16, 3, 9, 10, 5, 8, 19, 6, 12, 12, 12, 2, 15, 5, 1, 13, 11, 8, 7, 16, 2, 5, 16, 16, 1, 7, 5, 6, 3, 3, 8, 6, 20, 9, 15, 20, 1, 4, 2, 11, 20, 2, 3, 10, 11, 6, 10, 8, 6, 4, 20, 4, 8, 4, 14, 13, 14, 13, 15, 11, 6, 4, 19, 11, 11, 1, 4, 8, 14, 13, 1, 5, 18, 13, 6, 7, 18, 13, 8, 11, 2, 11, 6, 3, 15, 13, 18, 3, 14, 8, 7, 1, 8, 1, 10, 10, 11, 7, 13, 13, 14, 3, 17, 3, 14, 3, 11, 17, 14, 18, 17, 17, 14, 18, 18, 17, 18, 17, 18, 17, 7, 13, 3, 14, 14, 17, 18, 17, 18, 17]
bestever    1811    in generation 932
[9, 19, 16, 9, 15, 19, 9, 20, 4, 19, 9, 15, 2, 9, 15, 15, 4, 16, 16, 12, 10, 12, 5, 19, 20, 12, 9, 15, 20, 2, 19, 12, 12, 2, 1, 6, 10, 7, 19, 5, 19, 20, 4, 8, 4, 20, 16, 10, 6, 1, 10, 5, 9, 12, 12, 2, 10, 16, 2, 7, 7, 16, 1, 5, 20, 9, 7, 5, 15, 19, 16, 3, 9, 10, 5, 8, 19, 6, 12, 12, 12, 2, 15, 5, 1, 13, 11, 8, 7, 16, 2, 5, 16, 16, 1, 7, 5, 6, 3, 8, 6, 20, 9, 15, 20, 1, 4, 2, 11, 20, 2, 3, 10, 11, 6, 10, 8, 1, 4, 20, 4, 8, 4, 3, 13, 14, 13, 15, 11, 6, 4, 19, 11, 1, 4, 8, 14, 13, 1, 5, 18, 13, 6, 7, 18, 13, 8, 11, 2, 11, 3, 11, 6, 3, 15, 13, 18, 14, 14, 8, 7, 1, 8, 6, 10, 10, 11, 7, 13, 13, 14, 3, 17, 3, 14, 3, 11, 17, 14, 18, 17, 17, 14, 18, 18, 17, 18, 17, 18, 17, 7, 13, 3, 14, 14, 17, 18, 17, 18, 17]
bestever    1808    in generation 945
[9, 19, 16, 9, 15, 19, 9, 20, 4, 19, 9, 15, 2, 9, 15, 15, 4, 16, 16, 12, 10, 12, 5, 19, 20, 12, 9, 15, 20, 2, 19, 12, 12, 2, 1, 6, 10, 7, 19, 5, 19, 20, 4, 8, 4, 20, 16, 10, 6, 1, 10, 5, 9, 12, 12, 2, 10, 16, 2, 7, 7, 16, 1, 5, 20, 9, 7, 5, 15, 19, 16, 3, 9, 10, 5, 8, 19, 6, 12, 12, 12, 2, 20, 5, 1, 13, 11, 8, 7, 16, 2, 5, 16, 16, 1, 7, 5, 6, 3, 8, 6, 20, 9, 15, 20, 1, 4, 2, 11, 15, 2, 3, 10, 11, 6, 10, 8, 1, 4, 20, 4, 8, 4, 3, 13, 14, 11, 15, 11, 6, 4, 19, 11, 1, 4, 8, 14, 13, 1, 5, 18, 13, 6, 7, 18, 13, 8, 13, 2, 11, 3, 11, 6, 3, 15, 13, 18, 14, 14, 8, 7, 1, 8, 6, 10, 10, 11, 7, 13, 13, 14, 3, 17, 3, 14, 3, 11, 17, 14, 18, 17, 17, 14, 18, 18, 17, 18, 17, 18, 17, 7, 13, 3, 14, 14, 17, 18, 17, 18, 17]
bestever    1789    in generation 1121
[19, 16, 9, 15, 19, 9, 20, 4, 2, 19, 9, 15, 9, 2, 9, 15, 15, 4, 16, 16, 12, 10, 12, 5, 19, 20, 12, 9, 15, 20, 2, 19, 12, 12, 2, 1, 6, 10, 7, 19, 5, 19, 20, 4, 8, 4, 20, 16, 10, 6, 1, 10, 5, 9, 12, 12, 2, 10, 16, 2, 7, 7, 16, 1, 5, 20, 9, 7, 11, 15, 19, 16, 3, 9, 10, 5, 8, 19, 6, 12, 12, 12, 20, 2, 5, 1, 13, 11, 8, 7, 16, 2, 5, 16, 16, 1, 7, 5, 6, 3, 8, 6, 20, 9, 15, 20, 3, 1, 4, 2, 11, 15, 10, 11, 6, 10, 8, 1, 4, 20, 4, 8, 3, 4, 13, 14, 5, 15, 11, 6, 4, 19, 11, 1, 4, 8, 14, 13, 1, 5, 18, 13, 6, 7, 18, 13, 8, 13, 2, 11, 3, 11, 18, 3, 15, 13, 18, 14, 14, 8, 7, 1, 8, 6, 10, 10, 11, 7, 13, 13, 14, 3, 17, 3, 14, 3, 11, 17, 14, 18, 17, 17, 14, 18, 18, 17, 6, 17, 18, 14, 7, 13, 3, 14, 17, 17, 18, 17, 18, 17]
bestever    1771    in generation 1148
[19, 16, 9, 15, 19, 9, 20, 4, 2, 19, 9, 15, 9, 2, 9, 15, 15, 4, 16, 16, 12, 10, 12, 5, 19, 20, 12, 9, 15, 20, 2, 19, 12, 12, 2, 1, 6, 10, 7, 19, 5, 19, 20, 4, 8, 4, 20, 1, 10, 6, 1, 10, 5, 9, 12, 12, 2, 10, 16, 2, 7, 7, 16, 1, 5, 20, 9, 7, 11, 15, 19, 16, 3, 9, 10, 5, 8, 19, 6, 12, 12, 12, 20, 2, 5, 1, 13, 11, 8, 7, 16, 2, 5, 16, 16, 1, 7, 5, 6, 3, 8, 6, 20, 9, 15, 20, 3, 16, 4, 2, 11, 15, 10, 11, 6, 10, 8, 1, 4, 20, 4, 8, 3, 4, 13, 14, 5, 15, 11, 6, 4, 19, 11, 1, 4, 8, 14, 13, 1, 5, 18, 13, 6, 7, 18, 13, 8, 13, 2, 11, 3, 11, 18, 3, 15, 13, 18, 14, 14, 8, 7, 1, 8, 6, 10, 10, 11, 7, 13, 13, 14, 3, 17, 3, 14, 3, 11, 17, 14, 18, 17, 17, 14, 18, 18, 17, 6, 17, 18, 14, 7, 13, 3, 14, 17, 17, 18, 17, 18, 17]
bestever    1757    in generation 1212
[19, 16, 9, 15, 19, 9, 20, 4, 2, 19, 9, 15, 9, 2, 9, 15, 15, 4, 16, 16, 12, 10, 12, 5, 19, 20, 12, 9, 15, 20, 2, 19, 12, 12, 2, 1, 6, 10, 7, 19, 5, 19, 20, 4, 8, 4, 20, 1, 10, 6, 1, 10, 5, 9, 12, 12, 2, 10, 16, 2, 7, 7, 16, 1, 5, 20, 9, 7, 11, 15, 19, 16, 3, 9, 10, 5, 8, 19, 6, 12, 12, 12, 20, 2, 5, 1, 13, 11, 8, 7, 16, 2, 5, 16, 16, 1, 7, 5, 6, 3, 8, 6, 20, 9, 15, 20, 3, 16, 4, 2, 11, 15, 10, 11, 6, 10, 8, 1, 17, 20, 4, 8, 3, 4, 13, 14, 5, 15, 11, 6, 4, 19, 11, 1, 4, 8, 14, 13, 1, 5, 18, 13, 6, 7, 18, 13, 8, 13, 2, 11, 3, 11, 18, 3, 15, 13, 18, 14, 14, 8, 7, 1, 8, 6, 10, 10, 11, 7, 13, 13, 14, 3, 17, 3, 14, 3, 11, 17, 14, 18, 17, 17, 14, 18, 18, 17, 6, 4, 18, 14, 7, 13, 3, 14, 17, 17, 18, 17, 18, 17]
bestever    1743    in generation 1500
[19, 16, 9, 15, 19, 9, 20, 4, 2, 19, 9, 15, 9, 2, 9, 15, 15, 4, 16, 16, 12, 10, 12, 5, 19, 20, 12, 9, 15, 20, 2, 19, 9, 12, 12, 2, 1, 6, 10, 7, 19, 5, 19, 20, 4, 8, 4, 20, 1, 10, 6, 1, 10, 5, 9, 12, 12, 2, 10, 16, 2, 7, 7, 16, 1, 5, 20, 9, 7, 15, 19, 16, 3, 9, 6, 10, 5, 8, 12, 6, 12, 19, 12, 20, 2, 5, 13, 11, 7, 16, 2, 5, 16, 16, 1, 7, 5, 3, 8, 6, 20, 15, 15, 20, 3, 16, 4, 2, 11, 10, 11, 6, 10, 8, 1, 20, 8, 3, 13, 5, 15, 11, 6, 4, 4, 11, 1, 4, 8, 19, 11, 1, 4, 8, 13, 1, 5, 18, 13, 6, 7, 18, 13, 8, 13, 2, 11, 3, 15, 14, 14, 8, 1, 8, 6, 11, 18, 17, 7, 13, 14, 14, 3, 10, 14, 11, 7, 13, 13, 10, 3, 3, 14, 3, 11, 17, 14, 17, 17, 18, 17, 18, 14, 18, 18, 17, 6, 4, 18, 14, 7, 13, 3, 14, 17, 17, 18, 17, 18, 17]
bestever    1737    in generation 1574
[19, 16, 9, 15, 19, 9, 20, 4, 2, 19, 9, 15, 9, 2, 9, 15, 2, 4, 16, 16, 12, 10, 12, 5, 19, 20, 12, 9, 15, 20, 2, 19, 9, 12, 12, 2, 1, 6, 10, 7, 19, 5, 19, 20, 4, 8, 4, 20, 1, 10, 6, 1, 10, 5, 9, 12, 12, 2, 10, 16, 2, 7, 7, 16, 1, 5, 20, 9, 7, 15, 19, 16, 3, 9, 6, 10, 5, 8, 12, 6, 12, 19, 12, 20, 2, 5, 13, 11, 7, 16, 15, 5, 16, 16, 1, 7, 5, 3, 8, 6, 20, 15, 15, 20, 3, 16, 4, 2, 11, 10, 11, 6, 10, 8, 1, 20, 8, 3, 13, 5, 15, 11, 6, 4, 4, 11, 1, 4, 8, 19, 11, 1, 4, 8, 13, 1, 5, 18, 13, 6, 7, 18, 13, 8, 13, 2, 11, 3, 15, 14, 14, 8, 1, 8, 6, 11, 18, 17, 7, 13, 14, 14, 3, 10, 14, 11, 7, 13, 13, 10, 3, 3, 14, 3, 11, 17, 14, 17, 17, 18, 17, 18, 14, 18, 18, 17, 6, 4, 18, 14, 7, 13, 3, 14, 17, 17, 18, 17, 18, 17]
bestever    1734    in generation 1831
[19, 16, 9, 15, 19, 9, 20, 4, 2, 19, 9, 15, 9, 2, 9, 15, 2, 4, 12, 16, 16, 12, 10, 5, 12, 19, 20, 9, 15, 20, 2, 19, 9, 12, 12, 2, 1, 6, 10, 7, 19, 5, 19, 20, 4, 8, 4, 20, 1, 10, 6, 1, 10, 5, 9, 12, 12, 2, 10, 16, 2, 7, 7, 16, 1, 5, 20, 9, 7, 15, 19, 16, 3, 9, 6, 10, 5, 8, 12, 6, 12, 19, 12, 20, 2, 5, 13, 11, 7, 16, 15, 5, 16, 16, 1, 7, 5, 3, 8, 1, 6, 20, 15, 15, 20, 3, 14, 4, 2, 8, 11, 10, 11, 6, 10, 20, 8, 3, 13, 5, 15, 11, 6, 4, 4, 11, 1, 4, 8, 19, 11, 1, 10, 8, 11, 1, 5, 18, 13, 6, 7, 18, 13, 8, 13, 2, 13, 3, 15, 14, 16, 8, 1, 8, 6, 11, 18, 17, 7, 13, 14, 14, 3, 4, 14, 11, 7, 13, 13, 10, 3, 3, 4, 3, 11, 17, 14, 17, 17, 18, 17, 18, 14, 18, 18, 17, 6, 14, 18, 14, 7, 13, 3, 14, 17, 17, 18, 17, 18, 17]
bestever    1733    in generation 1845
[19, 16, 9, 15, 19, 9, 20, 4, 2, 19, 9, 15, 9, 2, 9, 15, 2, 4, 12, 16, 16, 12, 10, 5, 12, 19, 20, 9, 15, 20, 2, 19, 9, 12, 12, 2, 1, 6, 10, 7, 19, 5, 19, 20, 4, 8, 4, 20, 1, 10, 6, 1, 10, 5, 9, 12, 12, 2, 10, 16, 2, 7, 7, 16, 1, 5, 20, 9, 7, 15, 19, 16, 3, 9, 6, 10, 17, 8, 12, 6, 12, 19, 12, 20, 2, 5, 13, 11, 7, 16, 15, 5, 16, 16, 1, 7, 5, 3, 8, 1, 6, 20, 15, 15, 20, 3, 14, 4, 2, 8, 11, 10, 11, 6, 10, 20, 8, 3, 13, 5, 15, 11, 6, 4, 4, 11, 1, 4, 8, 19, 11, 1, 10, 8, 11, 1, 5, 18, 13, 6, 7, 18, 13, 8, 13, 2, 13, 3, 15, 14, 16, 8, 1, 8, 6, 11, 18, 17, 7, 13, 14, 14, 3, 4, 13, 11, 7, 14, 13, 10, 3, 3, 4, 3, 11, 5, 14, 17, 17, 18, 17, 18, 14, 18, 18, 17, 6, 14, 18, 14, 7, 13, 3, 14, 17, 17, 18, 17, 18, 17]
bestever    1731    in generation 5481
[19, 16, 9, 15, 19, 9, 20, 4, 2, 19, 9, 15, 9, 2, 9, 15, 10, 19, 2, 2, 4, 19, 12, 16, 16, 12, 10, 5, 20, 19, 19, 12, 9, 15, 20, 2, 9, 12, 12, 2, 1, 6, 7, 5, 12, 2, 20, 4, 8, 4, 20, 1, 10, 6, 1, 10, 5, 9, 16, 12, 20, 16, 7, 10, 16, 7, 1, 5, 10, 20, 9, 7, 9, 15, 16, 3, 6, 8, 10, 12, 6, 17, 12, 19, 19, 20, 3, 5, 3, 13, 11, 7, 11, 16, 15, 5, 16, 12, 8, 2, 13, 1, 7, 5, 4, 17, 20, 8, 1, 6, 14, 20, 15, 15, 18, 5, 15, 14, 2, 8, 11, 10, 11, 6, 4, 11, 6, 4, 10, 5, 16, 1, 4, 8, 1, 19, 11, 3, 13, 8, 11, 1, 6, 7, 13, 8, 13, 17, 18, 2, 13, 15, 11, 8, 1, 8, 6, 14, 4, 3, 14, 7, 13, 13, 3, 18, 3, 11, 7, 13, 10, 3, 3, 14, 5, 14, 6, 18, 17, 17, 18, 7, 13, 3, 14, 17, 18, 14, 18, 17, 4, 14, 14, 18, 11, 17, 18, 17, 18, 17]
bestever    1729    in generation 5526
[19, 16, 9, 15, 19, 9, 20, 4, 2, 19, 9, 15, 9, 2, 9, 15, 10, 19, 2, 2, 4, 19, 12, 16, 16, 12, 10, 5, 20, 19, 19, 12, 9, 15, 20, 15, 9, 12, 12, 2, 1, 6, 7, 5, 12, 2, 20, 4, 8, 4, 20, 1, 10, 6, 1, 10, 5, 9, 16, 12, 20, 16, 7, 10, 16, 7, 1, 5, 10, 20, 9, 7, 9, 15, 16, 3, 6, 8, 10, 12, 6, 17, 12, 19, 19, 20, 3, 5, 3, 13, 11, 7, 11, 16, 15, 5, 16, 12, 8, 2, 13, 1, 7, 5, 4, 17, 20, 8, 1, 6, 14, 20, 15, 2, 18, 5, 15, 14, 2, 8, 11, 10, 11, 6, 4, 11, 6, 4, 10, 5, 16, 1, 4, 8, 1, 19, 11, 3, 13, 8, 11, 1, 6, 7, 13, 8, 13, 17, 18, 2, 13, 15, 11, 8, 1, 8, 6, 14, 4, 3, 14, 7, 13, 13, 3, 18, 3, 11, 7, 13, 10, 3, 3, 14, 5, 14, 6, 18, 17, 17, 18, 7, 13, 3, 14, 17, 18, 14, 18, 17, 4, 14, 14, 18, 11, 17, 18, 17, 18, 17]
bestever    1722    in generation 6336
[19, 16, 9, 15, 19, 9, 19, 4, 2, 19, 9, 15, 9, 2, 9, 15, 10, 20, 2, 2, 4, 19, 12, 16, 16, 12, 10, 5, 20, 19, 19, 12, 9, 15, 20, 15, 9, 12, 12, 12, 19, 2, 1, 6, 7, 5, 12, 2, 20, 4, 8, 4, 20, 1, 10, 6, 1, 10, 5, 9, 16, 20, 16, 7, 10, 16, 7, 1, 5, 10, 20, 9, 7, 6, 9, 15, 16, 3, 6, 8, 10, 12, 15, 12, 19, 20, 3, 5, 1, 13, 11, 7, 11, 16, 15, 5, 16, 12, 8, 2, 13, 1, 7, 5, 4, 20, 8, 1, 6, 16, 20, 15, 2, 5, 14, 2, 8, 11, 10, 11, 6, 4, 11, 6, 4, 10, 5, 14, 1, 4, 8, 1, 19, 11, 3, 13, 8, 11, 3, 6, 7, 13, 8, 13, 2, 15, 8, 1, 8, 13, 17, 11, 6, 14, 4, 3, 14, 7, 13, 13, 3, 3, 11, 7, 13, 10, 3, 3, 5, 6, 17, 18, 17, 7, 13, 3, 14, 18, 14, 18, 14, 18, 17, 18, 17, 14, 18, 18, 17, 17, 4, 14, 14, 18, 11, 17, 18, 17, 18, 17]
bestever    1715    in generation 6524
[19, 16, 9, 15, 19, 9, 19, 4, 2, 19, 9, 15, 9, 2, 9, 15, 10, 20, 2, 2, 4, 19, 12, 16, 16, 12, 10, 5, 20, 19, 19, 12, 9, 15, 20, 15, 9, 12, 12, 12, 19, 2, 1, 6, 7, 5, 12, 2, 20, 4, 8, 4, 20, 1, 10, 6, 1, 10, 5, 9, 16, 20, 16, 7, 10, 16, 7, 1, 5, 10, 20, 9, 7, 6, 9, 1, 16, 3, 6, 8, 10, 12, 15, 12, 19, 20, 3, 5, 15, 13, 11, 7, 11, 16, 15, 5, 16, 12, 8, 2, 13, 1, 7, 5, 4, 20, 8, 1, 6, 16, 20, 15, 2, 5, 14, 2, 8, 11, 10, 6, 6, 4, 11, 8, 4, 10, 5, 14, 1, 4, 11, 1, 19, 11, 3, 13, 8, 11, 3, 6, 7, 13, 8, 13, 2, 15, 8, 1, 8, 13, 17, 6, 14, 4, 3, 14, 13, 3, 11, 7, 13, 3, 11, 7, 13, 10, 3, 3, 5, 6, 17, 18, 17, 7, 13, 3, 14, 18, 14, 18, 14, 18, 14, 17, 18, 17, 14, 18, 18, 17, 17, 4, 14, 18, 11, 17, 18, 17, 18, 17]
bestever    1705    in generation 8149
[19, 16, 9, 15, 19, 9, 19, 4, 2, 19, 9, 15, 9, 9, 2, 9, 4, 15, 10, 9, 20, 2, 2, 4, 19, 12, 16, 16, 12, 10, 5, 20, 19, 19, 12, 9, 15, 20, 15, 12, 12, 12, 19, 2, 12, 1, 6, 7, 5, 12, 20, 2, 16, 10, 4, 20, 1, 10, 20, 8, 5, 9, 16, 20, 16, 7, 10, 7, 1, 5, 10, 2, 20, 7, 6, 9, 1, 16, 3, 6, 8, 10, 12, 15, 12, 15, 19, 20, 3, 5, 13, 11, 7, 11, 16, 15, 5, 16, 18, 8, 13, 1, 7, 5, 4, 6, 8, 1, 6, 16, 20, 15, 2, 5, 14, 2, 11, 8, 11, 3, 10, 6, 6, 4, 4, 11, 8, 10, 5, 14, 1, 4, 11, 1, 19, 13, 8, 3, 11, 7, 6, 1, 13, 8, 13, 2, 15, 8, 14, 1, 8, 6, 18, 4, 14, 11, 7, 13, 3, 3, 13, 13, 3, 11, 7, 13, 10, 3, 3, 5, 6, 18, 7, 13, 3, 18, 14, 14, 14, 14, 17, 17, 18, 18, 14, 18, 18, 18, 11, 4, 14, 18, 17, 17, 17, 17, 17, 17, 17, 17]
bestever    1703    in generation 8174
[19, 16, 9, 15, 19, 9, 19, 4, 2, 19, 9, 15, 9, 9, 2, 9, 12, 15, 10, 9, 20, 2, 2, 4, 19, 12, 16, 16, 12, 10, 5, 20, 19, 19, 4, 9, 15, 20, 15, 12, 12, 12, 19, 2, 12, 1, 6, 7, 5, 12, 20, 2, 16, 10, 4, 20, 1, 10, 20, 8, 5, 9, 16, 20, 16, 7, 10, 7, 1, 5, 10, 2, 20, 7, 6, 9, 1, 16, 3, 6, 8, 10, 12, 15, 12, 15, 19, 20, 3, 5, 13, 11, 7, 11, 16, 15, 5, 16, 18, 8, 13, 1, 7, 5, 4, 6, 8, 1, 6, 16, 20, 15, 2, 5, 14, 2, 11, 8, 11, 3, 10, 6, 6, 4, 4, 11, 8, 10, 5, 14, 1, 4, 11, 1, 19, 13, 8, 3, 11, 7, 6, 1, 13, 8, 13, 2, 15, 8, 14, 1, 8, 6, 18, 4, 14, 11, 7, 13, 3, 3, 13, 13, 3, 11, 7, 13, 10, 3, 3, 5, 6, 18, 7, 13, 3, 18, 14, 14, 14, 14, 17, 17, 18, 18, 14, 18, 18, 18, 11, 4, 14, 18, 17, 17, 17, 17, 17, 17, 17, 17]
bestever    1699    in generation 8183
[19, 16, 9, 15, 19, 9, 19, 4, 2, 19, 9, 15, 9, 9, 2, 9, 12, 15, 10, 9, 20, 2, 2, 4, 19, 12, 16, 16, 12, 10, 5, 20, 19, 19, 4, 9, 15, 20, 15, 12, 12, 12, 19, 2, 12, 1, 6, 7, 5, 12, 20, 2, 16, 10, 4, 20, 1, 10, 20, 8, 5, 9, 16, 20, 16, 7, 10, 7, 1, 5, 19, 2, 20, 7, 6, 9, 1, 16, 3, 6, 8, 10, 12, 15, 12, 15, 10, 20, 3, 5, 13, 11, 7, 11, 16, 15, 5, 16, 18, 8, 13, 1, 7, 5, 4, 6, 8, 1, 6, 16, 20, 15, 2, 5, 14, 2, 11, 8, 11, 3, 10, 6, 6, 4, 4, 11, 8, 10, 5, 14, 1, 4, 11, 1, 19, 13, 8, 3, 11, 7, 6, 1, 13, 8, 13, 2, 15, 8, 14, 1, 8, 6, 18, 4, 14, 11, 7, 13, 3, 3, 13, 13, 3, 11, 7, 13, 10, 3, 3, 5, 6, 18, 7, 13, 3, 18, 14, 14, 14, 14, 17, 17, 18, 18, 14, 18, 18, 18, 11, 4, 14, 18, 17, 17, 17, 17, 17, 17, 17, 17]
bestever    1698    in generation 8210
[19, 16, 9, 15, 19, 9, 19, 4, 2, 19, 9, 15, 9, 9, 2, 9, 12, 15, 10, 9, 20, 2, 2, 1, 19, 12, 16, 16, 12, 10, 5, 20, 19, 19, 4, 9, 15, 20, 15, 12, 12, 12, 19, 2, 12, 1, 6, 7, 5, 12, 20, 2, 16, 10, 4, 20, 4, 10, 20, 8, 5, 9, 16, 20, 16, 7, 10, 7, 1, 5, 19, 2, 20, 7, 6, 9, 1, 16, 3, 6, 8, 10, 12, 15, 12, 15, 10, 20, 3, 5, 13, 11, 7, 11, 16, 15, 5, 16, 18, 8, 13, 1, 7, 5, 4, 6, 8, 1, 6, 16, 20, 15, 2, 5, 14, 2, 11, 8, 11, 3, 10, 6, 6, 4, 4, 11, 8, 10, 5, 14, 1, 4, 11, 1, 19, 13, 8, 3, 11, 7, 6, 1, 13, 8, 13, 2, 15, 8, 14, 1, 8, 6, 18, 4, 14, 11, 7, 13, 3, 3, 13, 13, 3, 11, 7, 13, 10, 3, 3, 5, 6, 18, 7, 13, 3, 18, 14, 14, 14, 14, 17, 17, 18, 18, 14, 18, 18, 18, 11, 4, 14, 18, 17, 17, 17, 17, 17, 17, 17, 17]
bestever    1684    in generation 8256
[19, 16, 9, 15, 19, 9, 19, 4, 2, 19, 9, 15, 9, 9, 2, 9, 12, 15, 10, 9, 20, 2, 2, 1, 19, 12, 16, 16, 12, 10, 5, 20, 19, 19, 4, 9, 15, 15, 15, 12, 12, 12, 19, 2, 12, 1, 6, 7, 5, 12, 20, 2, 16, 10, 4, 20, 4, 10, 20, 8, 5, 9, 16, 20, 16, 7, 10, 7, 1, 5, 19, 2, 20, 7, 6, 9, 1, 16, 3, 6, 8, 10, 12, 20, 12, 15, 10, 20, 3, 5, 13, 11, 7, 11, 16, 15, 5, 16, 18, 8, 13, 1, 7, 5, 4, 6, 8, 1, 6, 16, 20, 15, 2, 5, 14, 2, 11, 8, 11, 3, 10, 6, 6, 4, 4, 11, 8, 10, 5, 14, 1, 4, 11, 1, 19, 13, 8, 3, 11, 7, 6, 1, 13, 8, 13, 2, 15, 8, 14, 1, 8, 6, 18, 4, 14, 11, 7, 13, 3, 3, 13, 13, 3, 11, 7, 13, 10, 3, 3, 5, 6, 18, 7, 13, 3, 18, 14, 14, 14, 14, 17, 18, 18, 14, 18, 18, 18, 11, 4, 17, 14, 18, 17, 17, 17, 17, 17, 17, 17, 17]
bestever    1673    in generation 8316
[19, 16, 9, 15, 19, 9, 19, 4, 2, 19, 9, 15, 9, 9, 2, 9, 12, 15, 10, 9, 20, 2, 2, 1, 19, 12, 16, 16, 12, 10, 5, 20, 19, 19, 4, 9, 15, 15, 15, 12, 12, 12, 19, 2, 12, 1, 6, 7, 5, 12, 20, 2, 16, 10, 4, 20, 4, 10, 20, 8, 5, 9, 16, 20, 16, 7, 10, 7, 1, 5, 19, 2, 20, 7, 6, 9, 1, 16, 3, 6, 8, 10, 12, 20, 12, 15, 10, 20, 3, 5, 13, 11, 7, 11, 16, 15, 5, 16, 18, 8, 13, 1, 7, 5, 4, 6, 8, 1, 6, 16, 20, 15, 2, 5, 14, 2, 11, 8, 11, 3, 10, 6, 6, 4, 4, 11, 8, 10, 5, 14, 1, 4, 11, 1, 19, 13, 8, 11, 6, 1, 13, 8, 2, 15, 8, 14, 1, 8, 6, 17, 4, 14, 11, 7, 13, 3, 7, 13, 3, 3, 13, 13, 3, 11, 7, 13, 10, 3, 3, 5, 6, 18, 7, 13, 3, 18, 14, 14, 14, 14, 17, 18, 18, 14, 18, 18, 18, 11, 4, 17, 14, 18, 17, 18, 17, 17, 17, 17, 17, 17]
