bestever    3466    in generation 0
[9, 11, 6, 6, 20, 11, 14, 20, 4, 12, 3, 5, 19, 15, 6, 18, 14, 20, 1, 15, 4, 1, 12, 3, 9, 15, 3, 6, 3, 1, 5, 9, 1, 10, 11, 5, 8, 15, 12, 8, 19, 4, 9, 8, 7, 8, 13, 18, 10, 2, 5, 12, 13, 18, 17, 7, 10, 1, 19, 7, 9, 18, 14, 10, 6, 12, 9, 19, 8, 4, 3, 4, 2, 9, 7, 1, 19, 10, 8, 14, 13, 9, 6, 15, 15, 11, 3, 18, 5, 19, 2, 16, 2, 7, 20, 6, 4, 15, 10, 13, 17, 16, 19, 5, 4, 3, 10, 3, 13, 12, 19, 5, 20, 1, 15, 16, 20, 13, 8, 17, 7, 12, 11, 8, 4, 13, 14, 14, 17, 9, 11, 17, 1, 7, 3, 20, 10, 16, 7, 8, 18, 2, 17, 15, 16, 7, 11, 19, 9, 11, 12, 17, 20, 12, 14, 11, 18, 12, 7, 10, 1, 2, 5, 14, 3, 8, 19, 5, 14, 13, 5, 18, 20, 1, 18, 4, 16, 2, 6, 11, 14, 20, 2, 13, 17, 2, 4, 18, 16, 13, 17, 16, 6, 16, 6, 2, 17, 16, 15, 10]
bestever    3460    in generation 1
[10, 15, 6, 5, 1, 4, 18, 18, 6, 10, 5, 20, 19, 19, 19, 5, 2, 13, 2, 5, 9, 20, 1, 4, 13, 12, 6, 9, 14, 6, 20, 1, 20, 14, 3, 17, 7, 18, 4, 11, 18, 10, 17, 2, 16, 3, 15, 3, 5, 9, 2, 19, 17, 16, 4, 20, 3, 8, 8, 20, 7, 9, 1, 11, 17, 11, 13, 8, 17, 3, 12, 2, 6, 15, 9, 18, 6, 16, 13, 12, 20, 5, 2, 2, 14, 1, 10, 6, 10, 17, 13, 3, 19, 6, 2, 20, 15, 18, 1, 1, 6, 11, 19, 17, 12, 7, 10, 2, 20, 7, 16, 14, 18, 9, 3, 4, 2, 20, 18, 14, 1, 7, 16, 6, 8, 11, 5, 17, 10, 11, 14, 18, 9, 9, 16, 11, 9, 13, 13, 8, 17, 14, 5, 19, 11, 9, 10, 18, 7, 1, 3, 17, 7, 7, 8, 11, 11, 15, 16, 14, 13, 10, 7, 12, 7, 4, 3, 4, 16, 15, 15, 12, 15, 10, 16, 4, 13, 3, 4, 12, 19, 5, 12, 19, 12, 5, 16, 8, 4, 8, 8, 19, 15, 12, 15, 14, 8, 14, 13, 1]
bestever    3280    in generation 2
[1, 14, 5, 11, 9, 15, 14, 20, 4, 12, 3, 5, 19, 15, 6, 18, 14, 20, 1, 15, 4, 1, 12, 3, 9, 15, 3, 6, 3, 1, 5, 9, 1, 10, 11, 5, 8, 15, 12, 8, 19, 4, 9, 8, 7, 8, 13, 18, 10, 2, 5, 12, 13, 18, 17, 7, 10, 1, 19, 7, 9, 18, 14, 10, 6, 12, 9, 19, 8, 4, 3, 4, 2, 9, 7, 1, 19, 10, 8, 14, 13, 9, 6, 15, 15, 11, 3, 18, 5, 19, 2, 16, 2, 7, 20, 6, 4, 15, 10, 13, 17, 16, 19, 5, 4, 3, 10, 3, 13, 12, 19, 5, 20, 1, 15, 16, 20, 13, 8, 17, 7, 12, 11, 8, 4, 13, 14, 14, 17, 9, 11, 17, 1, 7, 3, 20, 10, 16, 7, 8, 18, 2, 6, 20, 9, 6, 11, 11, 16, 16, 4, 2, 16, 17, 17, 12, 2, 16, 13, 12, 2, 2, 17, 13, 6, 2, 15, 18, 6, 19, 17, 12, 10, 20, 7, 16, 14, 18, 3, 4, 20, 18, 14, 1, 7, 6, 8, 11, 17, 10, 11, 14, 18, 16, 11, 13, 19, 5, 5, 20]
bestever    3262    in generation 3
[15, 6, 5, 1, 4, 18, 18, 6, 10, 5, 20, 19, 19, 19, 5, 2, 13, 2, 5, 9, 20, 1, 4, 13, 12, 6, 9, 14, 6, 20, 1, 20, 14, 3, 17, 7, 18, 4, 11, 18, 10, 17, 2, 3, 15, 3, 5, 9, 2, 19, 17, 16, 4, 3, 8, 8, 20, 7, 9, 1, 11, 13, 17, 3, 12, 6, 9, 6, 16, 13, 12, 20, 5, 2, 2, 14, 1, 10, 6, 17, 13, 19, 6, 2, 20, 15, 18, 1, 1, 6, 11, 19, 17, 12, 10, 2, 20, 16, 14, 18, 9, 3, 4, 2, 20, 18, 14, 1, 7, 16, 6, 8, 11, 5, 17, 10, 11, 14, 18, 9, 9, 16, 11, 9, 3, 20, 10, 16, 7, 8, 18, 2, 17, 15, 16, 7, 11, 13, 13, 8, 17, 14, 5, 19, 11, 9, 10, 18, 7, 1, 3, 17, 7, 7, 8, 11, 11, 15, 16, 14, 13, 10, 7, 12, 7, 4, 3, 4, 16, 15, 15, 12, 15, 10, 16, 4, 13, 3, 4, 12, 19, 5, 12, 19, 12, 5, 8, 4, 8, 8, 19, 15, 12, 15, 14, 8, 14, 13, 1, 10]
bestever    3054    in generation 4
[18, 18, 6, 10, 5, 20, 5, 2, 13, 2, 9, 20, 1, 6, 9, 14, 6, 20, 1, 20, 14, 3, 17, 7, 18, 11, 18, 10, 17, 2, 3, 3, 5, 9, 2, 17, 4, 3, 7, 9, 1, 11, 17, 11, 3, 6, 18, 6, 16, 20, 2, 6, 19, 6, 2, 20, 1, 6, 7, 2, 20, 16, 4, 2, 20, 18, 6, 17, 13, 17, 11, 9, 1, 17, 11, 15, 13, 17, 1, 20, 10, 18, 2, 15, 19, 9, 20, 14, 18, 12, 10, 1, 2, 5, 14, 8, 19, 5, 14, 13, 5, 11, 14, 18, 9, 9, 16, 11, 9, 13, 13, 8, 17, 14, 19, 11, 9, 10, 18, 7, 1, 3, 17, 7, 7, 8, 11, 11, 16, 14, 13, 10, 7, 7, 4, 3, 4, 16, 15, 12, 15, 10, 16, 4, 13, 3, 4, 12, 19, 12, 19, 12, 5, 16, 8, 4, 8, 8, 19, 15, 12, 10, 7, 12, 7, 4, 3, 4, 16, 15, 15, 12, 15, 10, 16, 4, 13, 3, 12, 19, 5, 12, 19, 5, 16, 8, 8, 8, 19, 15, 15, 14, 8, 14, 13, 1, 10, 6, 5, 1]
bestever    3043    in generation 5
[9, 9, 3, 17, 7, 18, 11, 17, 3, 3, 5, 9, 17, 4, 7, 11, 17, 6, 19, 6, 1, 6, 7, 20, 7, 4, 20, 6, 13, 9, 1, 13, 1, 20, 18, 2, 15, 19, 9, 20, 18, 10, 2, 19, 14, 13, 10, 12, 20, 3, 8, 20, 11, 17, 3, 12, 2, 6, 15, 18, 16, 2, 2, 14, 17, 2, 20, 15, 6, 11, 10, 20, 16, 14, 18, 9, 2, 20, 14, 1, 7, 16, 6, 11, 10, 14, 9, 9, 16, 9, 8, 9, 18, 1, 3, 17, 8, 16, 7, 3, 16, 15, 12, 15, 16, 13, 5, 4, 4, 13, 3, 12, 1, 17, 11, 11, 15, 16, 14, 13, 11, 17, 17, 7, 7, 8, 11, 11, 16, 14, 13, 10, 7, 7, 4, 3, 4, 16, 15, 12, 15, 10, 4, 13, 3, 4, 12, 19, 12, 19, 12, 5, 8, 4, 8, 19, 15, 12, 14, 8, 14, 13, 1, 10, 15, 6, 5, 1, 4, 18, 18, 6, 10, 5, 20, 19, 19, 19, 5, 2, 5, 12, 19, 5, 8, 8, 8, 14, 13, 1, 10, 6, 5, 1, 18, 18, 10, 5, 2, 2]
bestever    2908    in generation 10
[17, 2, 16, 9, 2, 14, 16, 6, 11, 11, 16, 13, 8, 19, 6, 13, 19, 20, 6, 2, 16, 2, 6, 17, 18, 8, 17, 19, 9, 8, 11, 9, 18, 9, 18, 1, 17, 8, 11, 13, 4, 4, 13, 4, 3, 15, 12, 15, 20, 16, 14, 9, 2, 20, 18, 14, 1, 6, 11, 17, 11, 14, 18, 9, 16, 9, 13, 17, 14, 9, 18, 1, 3, 17, 7, 11, 11, 16, 10, 7, 3, 4, 10, 7, 7, 4, 4, 12, 15, 10, 13, 3, 5, 15, 3, 9, 18, 1, 3, 17, 7, 11, 11, 16, 14, 10, 7, 3, 4, 10, 7, 7, 4, 4, 12, 15, 10, 13, 3, 5, 15, 14, 14, 3, 19, 5, 8, 4, 13, 10, 7, 7, 3, 16, 15, 12, 15, 10, 16, 13, 19, 19, 5, 8, 8, 19, 15, 12, 19, 1, 6, 1, 18, 18, 2, 9, 6, 6, 1, 6, 20, 20, 1, 20, 20, 2, 2, 1, 14, 14, 10, 5, 15, 10, 13, 12, 12, 5, 8, 12, 8, 2, 5, 19, 5, 5, 12, 20, 8, 20, 1, 17, 12, 2, 18, 20, 5, 17, 19, 6]
bestever    2852    in generation 12
[2, 9, 14, 11, 2, 16, 16, 6, 19, 11, 16, 13, 8, 19, 6, 13, 19, 20, 6, 2, 16, 2, 6, 17, 18, 8, 17, 19, 9, 8, 11, 9, 18, 9, 18, 1, 17, 8, 11, 13, 4, 4, 13, 4, 3, 15, 12, 15, 20, 16, 14, 9, 2, 20, 18, 14, 1, 6, 11, 17, 11, 14, 18, 9, 16, 9, 13, 17, 14, 9, 18, 1, 3, 17, 7, 11, 11, 16, 10, 7, 3, 4, 10, 7, 7, 4, 4, 12, 15, 10, 13, 3, 5, 15, 3, 9, 18, 1, 3, 17, 7, 11, 11, 16, 14, 10, 7, 3, 4, 10, 7, 7, 4, 4, 12, 15, 10, 13, 3, 5, 15, 14, 14, 3, 19, 5, 8, 4, 13, 10, 7, 7, 3, 16, 15, 12, 15, 10, 16, 13, 19, 19, 5, 8, 8, 19, 15, 12, 19, 1, 6, 1, 18, 18, 2, 9, 6, 6, 1, 6, 20, 20, 1, 20, 20, 2, 2, 1, 14, 14, 10, 5, 15, 10, 13, 12, 12, 5, 8, 12, 8, 2, 5, 19, 5, 5, 12, 20, 8, 20, 1, 17, 12, 2, 18, 20, 5, 17, 6, 17]
bestever    2559    in generation 15
[20, 18, 9, 9, 18, 9, 18, 1, 4, 4, 3, 15, 20, 20, 18, 1, 1, 3, 7, 10, 7, 3, 10, 7, 7, 10, 3, 5, 3, 1, 10, 20, 12, 2, 15, 18, 2, 14, 20, 15, 10, 16, 14, 18, 9, 14, 1, 7, 16, 10, 14, 9, 9, 16, 16, 10, 7, 3, 4, 10, 7, 7, 4, 4, 12, 15, 10, 8, 9, 1, 3, 16, 7, 3, 16, 15, 12, 15, 16, 4, 4, 11, 11, 17, 11, 11, 16, 7, 4, 3, 16, 15, 12, 3, 15, 13, 15, 1, 18, 18, 10, 5, 14, 1, 17, 12, 5, 4, 4, 13, 1, 17, 11, 11, 16, 14, 13, 11, 17, 19, 8, 13, 13, 19, 19, 19, 19, 6, 2, 9, 20, 2, 5, 12, 5, 8, 12, 8, 5, 19, 5, 5, 12, 8, 17, 12, 5, 17, 6, 11, 6, 19, 8, 19, 6, 19, 20, 6, 2, 2, 6, 8, 19, 8, 8, 13, 13, 12, 15, 20, 14, 2, 20, 14, 1, 6, 17, 14, 18, 13, 17, 18, 20, 5, 17, 6, 17, 2, 9, 14, 6, 11, 11, 13, 6, 2, 9, 2, 13, 8]
bestever    2556    in generation 19
[9, 9, 18, 20, 18, 9, 18, 1, 4, 4, 3, 15, 20, 20, 18, 1, 1, 3, 7, 10, 7, 3, 10, 7, 7, 10, 3, 5, 3, 1, 10, 20, 12, 2, 15, 18, 2, 14, 20, 15, 10, 16, 14, 18, 9, 14, 1, 7, 16, 10, 14, 9, 9, 16, 16, 10, 7, 3, 4, 10, 7, 7, 4, 4, 12, 15, 10, 8, 9, 1, 3, 16, 7, 3, 16, 15, 12, 15, 16, 4, 4, 11, 11, 17, 11, 11, 16, 7, 4, 3, 16, 15, 12, 3, 15, 13, 15, 1, 18, 18, 10, 5, 14, 1, 17, 12, 5, 4, 4, 13, 1, 17, 11, 11, 16, 14, 13, 11, 17, 19, 8, 13, 13, 19, 19, 19, 19, 6, 2, 9, 20, 2, 5, 12, 5, 8, 12, 8, 5, 19, 5, 5, 12, 8, 17, 12, 5, 17, 6, 11, 6, 19, 8, 19, 6, 19, 20, 6, 2, 2, 6, 8, 19, 8, 8, 13, 13, 12, 15, 20, 14, 2, 20, 14, 1, 6, 17, 14, 18, 13, 17, 18, 20, 5, 17, 6, 17, 2, 9, 14, 6, 11, 11, 13, 6, 2, 9, 2, 13, 8]
bestever    2538    in generation 20
[9, 18, 20, 18, 9, 18, 1, 4, 4, 3, 20, 20, 18, 1, 3, 7, 10, 18, 3, 10, 7, 7, 10, 3, 5, 1, 10, 20, 12, 2, 18, 2, 14, 20, 15, 10, 16, 14, 18, 9, 14, 1, 7, 10, 14, 9, 9, 10, 7, 10, 7, 4, 12, 15, 10, 8, 9, 1, 3, 16, 7, 3, 16, 15, 12, 15, 16, 4, 4, 1, 3, 16, 7, 3, 16, 15, 12, 15, 16, 4, 4, 11, 11, 17, 11, 11, 16, 7, 4, 3, 16, 15, 12, 3, 15, 13, 15, 1, 18, 18, 10, 5, 14, 1, 17, 12, 5, 4, 4, 13, 1, 17, 11, 11, 16, 14, 13, 11, 17, 19, 8, 13, 13, 19, 19, 19, 19, 6, 2, 9, 20, 2, 5, 5, 8, 12, 8, 5, 19, 5, 5, 12, 8, 17, 12, 5, 17, 6, 11, 6, 19, 8, 19, 6, 19, 20, 6, 2, 2, 6, 8, 19, 8, 8, 13, 13, 12, 15, 20, 14, 2, 20, 14, 1, 6, 17, 14, 7, 13, 17, 18, 20, 5, 17, 6, 17, 2, 9, 14, 6, 11, 11, 13, 6, 2, 9, 2, 13, 8, 9]
bestever    2519    in generation 21
[18, 20, 18, 9, 18, 1, 4, 4, 3, 15, 20, 20, 18, 1, 1, 3, 7, 10, 7, 3, 10, 7, 7, 10, 3, 5, 3, 1, 10, 20, 12, 15, 18, 14, 20, 15, 10, 16, 14, 18, 9, 14, 1, 7, 16, 10, 14, 16, 16, 10, 7, 3, 4, 10, 7, 7, 4, 4, 12, 10, 9, 1, 3, 16, 16, 15, 12, 15, 16, 4, 11, 11, 17, 11, 11, 7, 4, 3, 16, 15, 12, 7, 4, 3, 16, 15, 12, 3, 15, 13, 15, 1, 18, 18, 10, 5, 14, 1, 17, 5, 4, 4, 14, 9, 5, 8, 2, 2, 9, 13, 1, 17, 11, 11, 16, 14, 13, 11, 17, 19, 8, 13, 13, 19, 19, 19, 19, 6, 2, 9, 20, 2, 12, 5, 8, 12, 8, 5, 19, 5, 5, 12, 8, 17, 12, 5, 17, 6, 11, 6, 19, 8, 19, 6, 19, 20, 6, 2, 2, 6, 8, 19, 8, 8, 13, 13, 12, 15, 20, 14, 2, 20, 14, 1, 6, 17, 14, 18, 13, 17, 18, 20, 5, 17, 6, 17, 2, 9, 6, 11, 11, 13, 6, 2, 9, 2, 13, 8, 9, 9]
bestever    2508    in generation 39
[18, 20, 18, 9, 18, 1, 4, 4, 3, 15, 20, 20, 18, 1, 1, 3, 7, 10, 7, 3, 10, 7, 7, 10, 3, 5, 3, 1, 10, 12, 15, 18, 14, 20, 15, 10, 16, 14, 18, 9, 14, 1, 7, 16, 10, 14, 16, 16, 10, 7, 3, 4, 10, 7, 7, 4, 4, 12, 10, 9, 1, 3, 16, 16, 15, 12, 15, 16, 4, 11, 11, 17, 11, 11, 7, 4, 3, 16, 15, 12, 7, 4, 3, 16, 15, 12, 3, 15, 13, 15, 1, 18, 18, 10, 5, 14, 1, 17, 5, 4, 4, 14, 5, 8, 2, 9, 13, 1, 17, 11, 11, 16, 14, 13, 11, 17, 19, 8, 13, 19, 19, 19, 6, 2, 9, 20, 2, 12, 8, 12, 8, 19, 5, 5, 12, 8, 19, 5, 12, 5, 6, 11, 6, 19, 20, 2, 17, 5, 17, 19, 6, 19, 20, 6, 8, 2, 2, 9, 6, 13, 8, 19, 8, 8, 13, 13, 12, 15, 20, 14, 2, 20, 14, 1, 6, 17, 14, 18, 13, 17, 18, 20, 5, 17, 6, 17, 2, 9, 6, 11, 11, 13, 6, 2, 9, 2, 13, 8, 9, 9]
bestever    2473    in generation 49
[18, 1, 4, 4, 3, 15, 1, 1, 3, 7, 10, 7, 3, 10, 7, 7, 10, 3, 5, 1, 10, 12, 15, 14, 15, 10, 16, 14, 14, 1, 7, 16, 14, 16, 16, 10, 7, 3, 4, 10, 7, 7, 4, 4, 12, 10, 1, 3, 16, 16, 15, 12, 15, 16, 4, 11, 11, 17, 11, 11, 7, 4, 3, 16, 15, 12, 7, 4, 3, 16, 15, 12, 3, 13, 15, 1, 18, 10, 5, 14, 1, 17, 5, 4, 4, 14, 5, 8, 2, 9, 13, 1, 17, 11, 11, 16, 14, 13, 11, 17, 19, 8, 13, 19, 19, 19, 6, 2, 9, 2, 12, 8, 12, 8, 19, 5, 5, 12, 8, 19, 5, 12, 5, 6, 11, 6, 19, 2, 17, 5, 17, 19, 6, 19, 20, 6, 8, 2, 9, 13, 8, 19, 6, 2, 13, 8, 20, 18, 15, 20, 20, 18, 10, 8, 9, 9, 18, 20, 18, 9, 18, 20, 20, 18, 3, 13, 12, 15, 20, 14, 2, 20, 14, 1, 6, 17, 14, 18, 13, 17, 18, 20, 5, 17, 6, 17, 2, 9, 6, 11, 11, 13, 6, 2, 9, 2, 13, 8, 9, 9]
bestever    2432    in generation 58
[1, 4, 4, 3, 15, 1, 1, 3, 7, 10, 7, 3, 10, 7, 7, 10, 3, 5, 1, 12, 15, 14, 15, 10, 16, 14, 14, 1, 16, 14, 16, 16, 10, 3, 4, 10, 7, 7, 4, 10, 7, 7, 4, 4, 12, 10, 1, 3, 16, 16, 15, 12, 15, 16, 4, 11, 11, 17, 11, 11, 7, 4, 3, 16, 15, 12, 7, 3, 16, 15, 12, 3, 13, 15, 1, 18, 10, 5, 14, 1, 17, 5, 4, 4, 14, 5, 8, 2, 9, 13, 1, 17, 11, 11, 16, 14, 13, 11, 17, 19, 8, 13, 19, 19, 19, 6, 2, 9, 2, 12, 8, 12, 8, 19, 5, 5, 12, 8, 19, 5, 12, 5, 6, 11, 6, 19, 2, 17, 5, 17, 19, 6, 19, 20, 6, 8, 2, 9, 13, 8, 19, 6, 2, 13, 8, 20, 18, 15, 20, 20, 18, 10, 8, 9, 9, 18, 20, 18, 9, 18, 20, 20, 18, 3, 13, 12, 15, 20, 14, 2, 20, 14, 1, 6, 17, 14, 18, 13, 17, 18, 20, 5, 17, 6, 17, 2, 9, 6, 11, 11, 13, 6, 2, 9, 2, 13, 8, 9, 9, 18]
bestever    2388    in generation 67
[1, 4, 4, 3, 15, 1, 1, 3, 7, 10, 7, 3, 10, 7, 7, 10, 3, 5, 1, 12, 15, 14, 15, 10, 16, 14, 14, 1, 16, 14, 16, 16, 10, 3, 4, 10, 7, 7, 4, 10, 7, 7, 4, 4, 12, 10, 1, 3, 16, 16, 15, 12, 15, 16, 4, 11, 11, 17, 11, 11, 7, 4, 3, 16, 15, 12, 7, 3, 16, 15, 12, 3, 13, 15, 1, 10, 5, 14, 1, 17, 5, 4, 4, 14, 5, 8, 2, 9, 13, 1, 17, 11, 11, 16, 14, 13, 11, 17, 19, 8, 13, 19, 19, 19, 6, 2, 2, 12, 8, 12, 8, 19, 5, 5, 12, 8, 19, 5, 12, 5, 6, 11, 6, 19, 2, 17, 5, 17, 19, 6, 19, 20, 6, 8, 2, 8, 18, 9, 13, 9, 19, 6, 2, 13, 8, 20, 18, 15, 20, 20, 18, 10, 8, 9, 9, 18, 20, 18, 9, 18, 20, 20, 18, 3, 13, 12, 15, 20, 14, 2, 20, 14, 1, 6, 17, 14, 18, 13, 17, 18, 20, 5, 17, 6, 17, 2, 9, 6, 11, 11, 13, 6, 2, 9, 2, 13, 8, 9, 9, 18]
bestever    2337    in generation 72
[1, 4, 4, 3, 15, 1, 1, 3, 7, 10, 7, 3, 10, 7, 7, 10, 3, 5, 1, 12, 15, 14, 15, 10, 16, 14, 14, 16, 16, 16, 10, 3, 4, 10, 7, 7, 4, 10, 7, 7, 4, 12, 10, 16, 16, 15, 12, 15, 16, 4, 11, 11, 17, 11, 11, 7, 4, 3, 16, 15, 12, 7, 3, 16, 15, 12, 3, 13, 15, 1, 10, 5, 1, 17, 5, 4, 4, 5, 8, 2, 9, 13, 1, 11, 16, 14, 13, 19, 8, 13, 19, 19, 19, 6, 2, 2, 12, 8, 12, 8, 19, 5, 5, 12, 8, 19, 5, 12, 5, 6, 11, 6, 19, 2, 19, 6, 19, 20, 6, 8, 2, 8, 18, 9, 9, 19, 6, 8, 20, 18, 15, 20, 20, 18, 10, 8, 9, 9, 20, 20, 3, 12, 18, 3, 13, 15, 14, 2, 20, 14, 1, 17, 14, 18, 13, 17, 18, 20, 5, 17, 17, 9, 11, 11, 13, 18, 1, 4, 14, 2, 20, 14, 1, 6, 17, 14, 18, 13, 17, 18, 20, 5, 17, 6, 17, 2, 9, 6, 11, 11, 13, 6, 2, 9, 2, 13, 8, 9, 9, 18]
bestever    2311    in generation 99
[1, 4, 4, 3, 15, 1, 1, 3, 7, 10, 7, 3, 10, 7, 7, 10, 3, 5, 1, 12, 15, 14, 15, 10, 16, 14, 14, 16, 16, 16, 10, 3, 4, 10, 7, 7, 4, 10, 7, 7, 4, 12, 10, 16, 16, 15, 12, 15, 16, 4, 11, 11, 17, 11, 11, 7, 4, 3, 16, 15, 12, 7, 3, 16, 15, 12, 3, 13, 15, 1, 10, 5, 1, 17, 5, 4, 4, 5, 8, 2, 9, 13, 1, 11, 16, 14, 13, 19, 8, 13, 19, 19, 19, 6, 2, 2, 12, 8, 12, 8, 19, 5, 5, 12, 8, 19, 5, 12, 5, 6, 11, 6, 19, 2, 19, 6, 19, 20, 6, 8, 2, 8, 18, 9, 9, 19, 6, 8, 20, 18, 15, 20, 20, 18, 10, 8, 9, 20, 20, 3, 12, 18, 3, 13, 15, 14, 20, 14, 1, 17, 14, 18, 13, 17, 18, 20, 5, 17, 17, 11, 11, 13, 18, 1, 4, 14, 2, 20, 14, 1, 6, 17, 14, 18, 17, 18, 20, 5, 17, 6, 9, 17, 2, 9, 13, 2, 9, 6, 11, 11, 13, 6, 2, 9, 2, 13, 8, 9, 9, 18]
bestever    2289    in generation 108
[1, 4, 4, 3, 15, 1, 1, 3, 7, 10, 7, 3, 10, 7, 7, 10, 3, 5, 1, 12, 15, 14, 15, 10, 16, 14, 14, 16, 16, 16, 10, 3, 4, 10, 7, 7, 4, 10, 7, 7, 4, 12, 10, 16, 16, 15, 12, 15, 16, 4, 11, 11, 11, 11, 7, 4, 3, 16, 15, 12, 7, 3, 16, 15, 12, 3, 13, 15, 1, 10, 5, 1, 5, 4, 4, 5, 8, 2, 9, 13, 1, 16, 14, 19, 8, 19, 19, 19, 6, 2, 12, 8, 12, 8, 19, 5, 5, 12, 8, 19, 5, 12, 6, 6, 19, 2, 19, 19, 20, 6, 8, 2, 8, 18, 9, 9, 19, 6, 8, 20, 18, 15, 20, 20, 18, 10, 8, 9, 20, 20, 3, 12, 3, 13, 15, 14, 20, 14, 13, 5, 11, 11, 13, 2, 6, 17, 17, 18, 1, 17, 14, 18, 13, 17, 18, 20, 5, 17, 17, 11, 11, 13, 18, 1, 4, 14, 2, 20, 14, 1, 6, 17, 14, 18, 17, 18, 20, 5, 17, 6, 9, 17, 2, 9, 13, 2, 9, 6, 11, 11, 13, 6, 2, 9, 2, 13, 8, 9, 9, 18]
bestever    2278    in generation 111
[1, 4, 4, 3, 15, 1, 1, 3, 7, 10, 7, 3, 10, 7, 7, 10, 3, 5, 1, 12, 15, 14, 15, 10, 16, 14, 14, 16, 16, 16, 10, 3, 4, 10, 7, 7, 4, 10, 7, 7, 4, 12, 10, 16, 16, 15, 12, 15, 16, 4, 11, 11, 11, 11, 7, 4, 3, 16, 15, 12, 7, 3, 16, 15, 12, 3, 13, 15, 1, 10, 5, 1, 5, 4, 4, 5, 8, 2, 9, 13, 1, 16, 14, 19, 8, 19, 19, 19, 6, 2, 12, 8, 12, 8, 19, 5, 5, 12, 8, 19, 5, 12, 6, 6, 19, 2, 19, 19, 20, 6, 8, 2, 8, 18, 9, 9, 19, 6, 8, 20, 18, 15, 20, 20, 18, 10, 8, 9, 20, 20, 3, 12, 3, 13, 15, 14, 20, 14, 13, 5, 11, 11, 13, 2, 6, 17, 17, 18, 1, 17, 14, 18, 13, 17, 18, 20, 5, 17, 17, 11, 11, 13, 18, 1, 4, 14, 2, 20, 14, 1, 6, 17, 14, 18, 17, 18, 20, 5, 17, 6, 9, 17, 2, 9, 13, 2, 9, 6, 11, 11, 13, 6, 2, 9, 8, 13, 18, 2, 9, 9]
bestever    2266    in generation 131
[1, 4, 4, 3, 15, 1, 1, 3, 7, 10, 7, 3, 10, 7, 7, 10, 3, 5, 1, 12, 15, 14, 15, 10, 16, 14, 14, 16, 16, 16, 10, 3, 4, 10, 7, 4, 10, 7, 7, 4, 12, 10, 16, 16, 15, 12, 15, 16, 4, 11, 11, 7, 4, 3, 16, 15, 12, 7, 3, 16, 15, 12, 15, 1, 10, 5, 1, 5, 4, 5, 8, 2, 1, 16, 14, 19, 8, 19, 19, 19, 6, 2, 12, 8, 12, 8, 19, 5, 5, 12, 8, 19, 5, 12, 6, 6, 19, 19, 19, 20, 8, 19, 8, 11, 11, 13, 6, 18, 6, 9, 2, 9, 13, 2, 9, 8, 20, 18, 15, 20, 20, 18, 10, 8, 9, 20, 20, 3, 12, 3, 13, 15, 14, 20, 14, 13, 5, 11, 11, 13, 2, 6, 17, 17, 18, 1, 17, 14, 18, 13, 17, 18, 20, 5, 17, 17, 11, 11, 13, 18, 1, 4, 2, 20, 14, 1, 6, 17, 14, 18, 7, 4, 3, 14, 17, 18, 20, 5, 17, 6, 9, 17, 2, 9, 13, 2, 9, 6, 11, 11, 13, 6, 2, 9, 8, 13, 18, 2, 9, 9]
bestever    2255    in generation 134
[1, 4, 4, 3, 15, 1, 1, 3, 7, 10, 7, 3, 10, 7, 7, 10, 3, 5, 1, 12, 15, 14, 15, 10, 16, 14, 14, 16, 16, 16, 10, 3, 4, 10, 7, 4, 10, 7, 7, 4, 12, 10, 16, 16, 15, 12, 15, 16, 4, 11, 11, 7, 4, 3, 16, 15, 12, 7, 3, 16, 15, 12, 15, 1, 10, 5, 1, 5, 4, 5, 8, 2, 1, 16, 14, 19, 19, 19, 19, 6, 2, 12, 8, 12, 8, 19, 5, 5, 12, 8, 19, 5, 12, 6, 6, 19, 19, 19, 20, 8, 19, 8, 11, 11, 13, 6, 18, 6, 2, 8, 20, 18, 15, 20, 20, 10, 8, 8, 18, 9, 9, 13, 2, 9, 9, 20, 20, 3, 12, 3, 13, 15, 14, 20, 14, 13, 5, 11, 11, 13, 2, 6, 17, 17, 18, 1, 17, 14, 18, 13, 17, 18, 20, 5, 17, 17, 11, 11, 13, 18, 1, 4, 2, 20, 14, 1, 6, 17, 14, 18, 7, 4, 3, 14, 17, 18, 20, 5, 17, 6, 9, 17, 2, 9, 13, 2, 9, 6, 11, 11, 13, 6, 2, 9, 8, 13, 18, 2, 9, 9]
bestever    2253    in generation 184
[14, 16, 10, 7, 7, 12, 15, 7, 16, 4, 10, 4, 16, 16, 10, 10, 15, 10, 7, 7, 4, 4, 3, 3, 3, 1, 1, 15, 14, 3, 1, 1, 10, 14, 10, 7, 7, 4, 12, 10, 16, 16, 15, 12, 15, 16, 4, 11, 11, 7, 4, 3, 16, 15, 12, 7, 3, 16, 15, 12, 15, 1, 10, 1, 5, 4, 5, 8, 2, 1, 16, 14, 19, 19, 19, 19, 6, 2, 12, 8, 12, 3, 5, 5, 8, 19, 5, 5, 12, 8, 19, 5, 12, 6, 6, 19, 19, 19, 20, 8, 19, 8, 11, 11, 13, 6, 18, 6, 2, 8, 20, 18, 15, 20, 20, 10, 8, 8, 18, 9, 9, 13, 2, 20, 20, 3, 12, 3, 13, 15, 14, 20, 14, 13, 5, 11, 11, 13, 17, 17, 17, 18, 1, 17, 9, 2, 9, 14, 18, 13, 6, 18, 20, 5, 17, 17, 11, 11, 13, 18, 1, 4, 2, 20, 14, 1, 6, 17, 14, 18, 7, 4, 3, 14, 17, 18, 20, 5, 17, 6, 9, 17, 2, 9, 13, 2, 9, 6, 11, 11, 13, 6, 2, 9, 8, 13, 18, 2, 9, 9]
bestever    2239    in generation 196
[14, 16, 10, 7, 7, 12, 15, 7, 16, 4, 10, 4, 16, 16, 10, 10, 15, 10, 7, 7, 4, 4, 3, 3, 3, 1, 1, 15, 14, 3, 1, 1, 10, 14, 10, 7, 7, 4, 12, 10, 16, 16, 15, 12, 15, 16, 4, 11, 11, 7, 4, 3, 16, 15, 12, 7, 3, 16, 15, 12, 15, 1, 10, 1, 5, 4, 5, 8, 2, 1, 16, 14, 19, 19, 19, 19, 6, 2, 12, 8, 12, 3, 5, 5, 8, 19, 5, 5, 12, 8, 19, 5, 12, 6, 6, 19, 19, 19, 20, 8, 19, 8, 11, 11, 13, 6, 18, 6, 2, 8, 20, 18, 15, 20, 20, 10, 8, 8, 18, 9, 13, 2, 20, 20, 3, 12, 3, 13, 15, 14, 20, 14, 13, 5, 11, 11, 17, 17, 17, 18, 1, 17, 9, 2, 9, 14, 18, 13, 6, 18, 20, 5, 17, 17, 11, 11, 13, 18, 1, 4, 2, 20, 14, 1, 6, 17, 14, 18, 7, 4, 3, 14, 17, 18, 20, 5, 17, 6, 9, 17, 9, 13, 2, 9, 13, 2, 9, 6, 11, 11, 13, 6, 2, 9, 8, 13, 18, 2, 9, 9]
bestever    2229    in generation 199
[14, 16, 10, 7, 7, 12, 15, 7, 16, 4, 10, 4, 16, 16, 10, 10, 15, 10, 7, 7, 4, 4, 3, 3, 3, 1, 1, 15, 14, 3, 1, 1, 10, 14, 10, 7, 7, 4, 12, 10, 16, 16, 15, 12, 15, 16, 4, 11, 11, 7, 4, 3, 16, 15, 12, 3, 16, 15, 12, 15, 1, 10, 1, 5, 4, 5, 8, 2, 1, 16, 14, 19, 19, 19, 19, 6, 2, 12, 8, 12, 3, 5, 5, 8, 19, 5, 5, 12, 8, 19, 5, 12, 6, 6, 19, 19, 19, 20, 8, 19, 8, 11, 11, 13, 6, 18, 6, 2, 8, 20, 18, 15, 20, 20, 10, 8, 8, 18, 18, 13, 2, 20, 20, 3, 12, 3, 13, 15, 14, 20, 14, 13, 5, 11, 11, 17, 17, 17, 18, 1, 17, 18, 13, 9, 20, 17, 17, 11, 11, 1, 14, 18, 13, 2, 9, 2, 20, 14, 1, 6, 17, 18, 7, 4, 14, 17, 18, 7, 4, 3, 14, 20, 5, 6, 9, 5, 17, 6, 9, 17, 9, 13, 2, 9, 13, 2, 9, 6, 11, 11, 13, 6, 2, 9, 8, 13, 18, 2, 9, 9]
bestever    2222    in generation 203
[14, 16, 10, 7, 7, 12, 15, 7, 16, 4, 10, 4, 16, 16, 10, 10, 15, 10, 7, 7, 4, 4, 3, 3, 3, 1, 1, 15, 14, 3, 1, 1, 10, 14, 10, 7, 7, 4, 12, 10, 16, 16, 15, 12, 15, 16, 4, 11, 11, 7, 4, 3, 16, 15, 12, 3, 15, 12, 15, 1, 10, 1, 5, 4, 5, 8, 2, 1, 16, 14, 19, 19, 19, 19, 6, 2, 12, 8, 12, 3, 5, 5, 8, 19, 5, 5, 12, 8, 19, 5, 12, 6, 6, 19, 19, 19, 20, 8, 19, 8, 11, 11, 13, 6, 18, 6, 2, 8, 20, 18, 15, 20, 20, 10, 8, 8, 18, 18, 13, 2, 20, 20, 3, 12, 3, 13, 15, 14, 20, 14, 13, 5, 11, 11, 17, 17, 17, 18, 1, 17, 18, 13, 9, 20, 17, 17, 11, 11, 1, 14, 18, 13, 2, 9, 20, 14, 1, 6, 17, 18, 7, 4, 14, 17, 18, 7, 4, 3, 14, 20, 5, 6, 9, 5, 17, 9, 17, 9, 13, 2, 9, 2, 9, 6, 11, 13, 13, 2, 6, 11, 16, 6, 2, 9, 8, 13, 18, 2, 9, 9]
bestever    2221    in generation 210
[14, 16, 10, 7, 7, 12, 15, 7, 16, 4, 10, 4, 16, 16, 10, 10, 15, 10, 7, 7, 4, 4, 3, 3, 3, 1, 1, 15, 14, 3, 1, 1, 10, 14, 10, 7, 7, 4, 12, 10, 16, 16, 15, 12, 15, 16, 4, 11, 11, 7, 4, 3, 16, 15, 12, 3, 15, 12, 15, 1, 10, 1, 5, 4, 5, 8, 2, 1, 16, 14, 19, 19, 19, 19, 6, 2, 12, 8, 12, 3, 5, 5, 8, 19, 5, 5, 12, 8, 19, 5, 12, 6, 6, 19, 19, 19, 20, 8, 19, 8, 11, 11, 13, 6, 18, 6, 2, 8, 20, 18, 15, 20, 20, 10, 8, 8, 18, 18, 13, 2, 20, 20, 3, 12, 3, 13, 15, 14, 20, 14, 13, 5, 11, 11, 17, 17, 17, 18, 1, 17, 18, 13, 9, 20, 17, 17, 11, 11, 1, 14, 18, 13, 2, 9, 20, 14, 1, 6, 17, 18, 7, 4, 14, 17, 18, 7, 4, 3, 9, 20, 5, 5, 8, 14, 9, 9, 9, 9, 6, 9, 17, 6, 17, 13, 6, 9, 13, 2, 9, 2, 6, 11, 13, 13, 2, 11, 16, 2, 18, 2]
bestever    2215    in generation 214
[14, 16, 10, 7, 7, 12, 15, 7, 16, 4, 10, 4, 16, 16, 10, 10, 15, 10, 7, 7, 4, 4, 3, 3, 3, 1, 1, 15, 14, 3, 1, 1, 10, 14, 10, 7, 7, 4, 12, 10, 16, 16, 15, 12, 15, 16, 4, 11, 11, 7, 4, 3, 16, 15, 12, 3, 15, 12, 15, 1, 10, 1, 5, 4, 5, 8, 2, 1, 16, 14, 19, 19, 19, 19, 6, 2, 12, 8, 12, 3, 5, 5, 8, 19, 5, 5, 12, 8, 19, 5, 12, 6, 6, 19, 19, 19, 20, 8, 19, 8, 11, 11, 13, 6, 18, 2, 8, 20, 18, 15, 20, 20, 10, 8, 8, 18, 18, 13, 2, 20, 20, 3, 12, 3, 13, 15, 14, 20, 14, 13, 5, 11, 11, 17, 17, 17, 18, 1, 17, 18, 13, 20, 17, 17, 11, 11, 1, 14, 18, 13, 2, 20, 14, 1, 17, 7, 18, 9, 6, 9, 6, 4, 14, 17, 18, 7, 4, 3, 9, 20, 5, 5, 8, 14, 9, 9, 9, 9, 6, 9, 17, 6, 17, 13, 6, 9, 13, 2, 9, 2, 6, 11, 13, 13, 2, 11, 16, 2, 18, 2]
bestever    2200    in generation 217
[16, 10, 7, 7, 12, 15, 7, 16, 4, 10, 4, 16, 16, 10, 10, 15, 10, 7, 7, 4, 4, 3, 3, 3, 1, 1, 15, 14, 3, 1, 1, 10, 14, 10, 7, 4, 12, 10, 16, 16, 15, 12, 15, 16, 4, 11, 11, 4, 3, 16, 15, 12, 3, 15, 12, 15, 1, 10, 1, 5, 4, 5, 8, 2, 1, 16, 14, 19, 19, 19, 19, 6, 2, 12, 8, 12, 3, 5, 5, 8, 19, 5, 5, 12, 8, 19, 5, 12, 6, 19, 19, 19, 20, 8, 19, 8, 11, 11, 13, 18, 8, 20, 18, 15, 20, 20, 10, 8, 8, 18, 13, 20, 20, 3, 12, 3, 15, 20, 5, 11, 17, 11, 7, 7, 14, 6, 13, 2, 18, 14, 9, 9, 6, 13, 17, 17, 18, 1, 17, 18, 13, 9, 20, 17, 17, 11, 11, 1, 14, 18, 13, 2, 9, 20, 14, 1, 6, 17, 18, 7, 4, 14, 17, 18, 7, 9, 4, 3, 9, 20, 5, 5, 8, 14, 9, 9, 9, 6, 9, 17, 6, 17, 13, 6, 6, 13, 2, 2, 2, 6, 11, 13, 13, 2, 11, 16, 2, 18, 2, 14]
bestever    2184    in generation 220
[16, 10, 7, 7, 12, 15, 7, 16, 4, 10, 4, 16, 16, 10, 10, 15, 10, 7, 7, 4, 4, 3, 3, 3, 1, 1, 15, 14, 3, 1, 1, 10, 14, 10, 7, 4, 12, 10, 16, 16, 15, 12, 15, 16, 4, 11, 11, 4, 3, 16, 15, 12, 3, 15, 12, 15, 1, 10, 1, 5, 4, 5, 8, 2, 1, 16, 14, 19, 19, 19, 19, 6, 12, 8, 12, 3, 5, 5, 8, 19, 5, 5, 12, 8, 19, 5, 12, 6, 19, 19, 19, 20, 8, 19, 8, 11, 11, 13, 18, 8, 20, 18, 15, 20, 20, 10, 8, 8, 18, 13, 20, 20, 3, 12, 3, 15, 20, 5, 17, 14, 13, 9, 9, 17, 17, 7, 18, 7, 14, 18, 1, 17, 18, 13, 9, 20, 17, 17, 11, 11, 1, 14, 18, 13, 2, 9, 20, 14, 1, 6, 17, 18, 7, 4, 14, 17, 18, 7, 9, 4, 3, 9, 20, 5, 5, 8, 14, 9, 9, 9, 6, 9, 17, 6, 17, 13, 6, 6, 13, 2, 2, 2, 6, 11, 6, 13, 2, 2, 6, 11, 13, 11, 13, 2, 11, 16, 2, 18, 2, 14]
bestever    2135    in generation 335
[16, 10, 7, 7, 12, 15, 7, 16, 4, 10, 4, 16, 16, 10, 10, 15, 10, 7, 7, 4, 4, 3, 3, 3, 1, 1, 15, 14, 3, 1, 1, 10, 14, 10, 7, 4, 12, 10, 16, 15, 12, 16, 16, 4, 4, 3, 16, 15, 12, 3, 15, 12, 15, 1, 10, 1, 5, 4, 5, 8, 2, 1, 16, 14, 19, 19, 19, 19, 6, 12, 8, 12, 3, 5, 8, 19, 5, 5, 12, 8, 19, 5, 12, 6, 19, 19, 19, 20, 8, 19, 8, 11, 11, 15, 5, 13, 18, 8, 20, 18, 15, 20, 20, 10, 8, 8, 18, 13, 20, 3, 12, 3, 15, 20, 5, 14, 14, 13, 7, 18, 7, 17, 9, 9, 18, 1, 17, 18, 13, 9, 20, 17, 17, 11, 11, 20, 17, 17, 11, 11, 1, 14, 18, 13, 2, 9, 20, 14, 1, 6, 17, 18, 7, 4, 14, 17, 18, 7, 9, 4, 3, 9, 20, 5, 5, 8, 14, 9, 9, 9, 6, 9, 17, 6, 17, 13, 6, 6, 13, 2, 2, 2, 6, 11, 6, 13, 2, 2, 6, 11, 13, 11, 13, 2, 11, 16, 2, 18, 2, 14]
bestever    2114    in generation 369
[16, 10, 7, 7, 12, 15, 7, 16, 4, 10, 4, 16, 16, 10, 10, 15, 10, 7, 7, 4, 4, 3, 3, 3, 1, 1, 15, 14, 3, 1, 1, 10, 14, 10, 7, 4, 12, 10, 16, 15, 12, 16, 16, 4, 4, 3, 16, 15, 12, 3, 15, 12, 15, 1, 10, 1, 5, 4, 5, 8, 1, 16, 14, 19, 19, 19, 19, 12, 8, 12, 3, 5, 8, 19, 5, 5, 12, 8, 19, 5, 12, 19, 19, 19, 20, 8, 19, 8, 11, 11, 15, 5, 13, 18, 8, 20, 18, 15, 20, 20, 10, 8, 8, 18, 13, 20, 3, 12, 3, 15, 20, 5, 14, 14, 7, 18, 7, 17, 9, 9, 18, 1, 17, 18, 9, 20, 17, 17, 17, 17, 11, 1, 14, 18, 13, 9, 14, 1, 17, 7, 4, 17, 7, 9, 14, 6, 6, 6, 2, 2, 4, 3, 9, 20, 5, 5, 8, 14, 9, 9, 9, 6, 9, 6, 17, 13, 6, 6, 13, 2, 2, 11, 11, 6, 13, 2, 18, 17, 18, 13, 20, 11, 11, 20, 6, 13, 2, 2, 6, 11, 13, 11, 13, 2, 11, 16, 2, 18, 2, 14]
bestever    2098    in generation 389
[16, 4, 10, 4, 16, 16, 10, 15, 7, 7, 7, 12, 16, 10, 10, 15, 10, 7, 7, 4, 4, 3, 3, 3, 1, 1, 15, 14, 3, 1, 1, 10, 14, 10, 7, 4, 12, 10, 16, 15, 12, 16, 16, 4, 4, 3, 16, 15, 12, 3, 15, 12, 15, 1, 10, 1, 5, 4, 5, 8, 1, 16, 14, 19, 19, 19, 19, 12, 8, 12, 3, 5, 8, 19, 5, 5, 12, 8, 19, 5, 12, 19, 19, 19, 20, 8, 19, 8, 11, 11, 15, 5, 13, 18, 8, 20, 18, 15, 20, 20, 10, 8, 8, 18, 13, 20, 3, 12, 3, 15, 20, 5, 14, 14, 7, 18, 7, 17, 9, 9, 18, 1, 17, 18, 9, 20, 17, 17, 17, 17, 11, 1, 14, 18, 13, 9, 14, 1, 17, 7, 4, 17, 7, 9, 14, 6, 6, 6, 2, 2, 4, 3, 9, 20, 5, 5, 8, 14, 9, 9, 9, 6, 9, 6, 17, 13, 6, 6, 13, 2, 2, 11, 11, 6, 13, 2, 18, 17, 18, 13, 20, 11, 11, 20, 6, 13, 2, 2, 6, 11, 13, 11, 13, 2, 11, 16, 2, 18, 2, 14]
bestever    2082    in generation 523
[16, 4, 10, 4, 16, 16, 10, 15, 7, 7, 7, 12, 16, 10, 10, 15, 10, 7, 7, 4, 4, 3, 3, 3, 1, 1, 15, 14, 3, 1, 1, 10, 14, 10, 7, 4, 12, 10, 16, 15, 12, 16, 16, 4, 4, 3, 16, 15, 12, 3, 15, 12, 15, 1, 10, 1, 5, 4, 5, 8, 1, 16, 14, 19, 19, 19, 19, 12, 8, 12, 3, 5, 8, 19, 5, 12, 8, 19, 5, 12, 19, 19, 19, 20, 8, 19, 8, 11, 15, 5, 13, 18, 8, 18, 15, 20, 20, 10, 8, 20, 5, 8, 18, 13, 20, 3, 12, 3, 15, 20, 5, 14, 14, 7, 18, 7, 17, 9, 9, 18, 1, 17, 18, 9, 20, 17, 17, 17, 17, 1, 14, 18, 9, 14, 1, 17, 7, 4, 17, 7, 9, 14, 6, 6, 6, 4, 3, 9, 20, 5, 5, 8, 14, 9, 9, 9, 6, 9, 6, 17, 6, 6, 18, 17, 18, 13, 11, 11, 2, 13, 2, 13, 11, 2, 13, 20, 11, 11, 20, 6, 2, 13, 2, 2, 6, 11, 13, 2, 6, 11, 13, 11, 13, 2, 11, 16, 2, 18, 2, 14]
bestever    2072    in generation 530
[16, 4, 10, 4, 16, 16, 10, 15, 7, 7, 7, 12, 16, 10, 10, 15, 10, 7, 7, 4, 4, 3, 3, 3, 1, 1, 15, 14, 3, 1, 1, 10, 14, 10, 7, 4, 12, 10, 16, 15, 12, 16, 16, 4, 4, 3, 16, 15, 12, 3, 15, 12, 15, 1, 10, 1, 5, 4, 5, 8, 1, 16, 14, 19, 19, 19, 19, 12, 8, 12, 3, 5, 8, 19, 5, 12, 8, 19, 5, 12, 19, 19, 19, 20, 8, 19, 8, 11, 15, 5, 13, 18, 8, 18, 15, 20, 20, 10, 8, 20, 5, 8, 18, 13, 20, 3, 12, 3, 15, 20, 5, 14, 14, 7, 18, 7, 17, 9, 9, 18, 1, 17, 18, 9, 20, 17, 17, 17, 17, 1, 14, 18, 9, 14, 1, 17, 7, 4, 17, 7, 9, 14, 6, 6, 6, 4, 3, 9, 20, 5, 5, 8, 14, 9, 9, 9, 6, 9, 6, 17, 6, 6, 18, 17, 18, 13, 11, 11, 2, 13, 2, 13, 11, 2, 13, 20, 11, 11, 20, 6, 2, 13, 2, 2, 6, 11, 13, 2, 6, 11, 13, 11, 13, 2, 11, 16, 2, 18, 14, 2]
bestever    2064    in generation 540
[16, 4, 10, 4, 16, 16, 10, 15, 7, 7, 7, 12, 16, 10, 10, 15, 10, 7, 7, 4, 4, 3, 3, 3, 1, 1, 15, 14, 3, 1, 1, 10, 14, 10, 7, 4, 12, 10, 16, 15, 12, 16, 16, 4, 4, 3, 16, 15, 12, 3, 15, 12, 15, 1, 10, 1, 5, 4, 5, 8, 1, 16, 14, 19, 19, 19, 19, 12, 8, 12, 3, 5, 8, 19, 5, 12, 8, 19, 5, 12, 19, 19, 19, 20, 8, 19, 8, 11, 15, 5, 13, 18, 8, 18, 15, 20, 20, 10, 8, 20, 5, 8, 18, 13, 20, 3, 12, 3, 15, 5, 14, 14, 7, 18, 7, 17, 9, 9, 18, 1, 17, 9, 20, 17, 17, 17, 17, 1, 14, 18, 9, 14, 1, 17, 7, 4, 17, 7, 9, 4, 3, 9, 20, 14, 6, 6, 6, 18, 20, 5, 5, 8, 14, 9, 9, 9, 6, 9, 6, 17, 6, 6, 18, 17, 18, 13, 11, 11, 2, 13, 2, 13, 11, 2, 13, 20, 11, 11, 20, 6, 2, 13, 2, 2, 6, 11, 13, 2, 6, 11, 13, 11, 13, 2, 11, 16, 2, 18, 14, 2]
bestever    2061    in generation 668
[16, 4, 10, 4, 16, 16, 10, 15, 7, 7, 7, 12, 16, 10, 10, 15, 10, 7, 7, 4, 4, 3, 3, 3, 1, 1, 15, 14, 3, 1, 1, 10, 14, 10, 7, 4, 12, 10, 16, 15, 12, 16, 16, 4, 4, 3, 16, 15, 12, 3, 15, 12, 15, 1, 10, 1, 5, 4, 5, 8, 1, 16, 14, 19, 19, 19, 19, 12, 8, 12, 3, 5, 8, 19, 5, 12, 8, 19, 5, 12, 19, 19, 19, 20, 8, 19, 8, 11, 15, 5, 13, 18, 8, 15, 20, 20, 10, 8, 5, 8, 13, 20, 3, 12, 3, 15, 5, 14, 14, 7, 18, 7, 17, 18, 1, 17, 9, 20, 17, 17, 17, 1, 14, 18, 9, 14, 1, 17, 17, 9, 9, 18, 7, 4, 17, 7, 9, 4, 3, 9, 20, 20, 14, 6, 6, 18, 20, 5, 5, 8, 14, 9, 9, 9, 9, 6, 17, 6, 6, 18, 6, 6, 18, 17, 18, 13, 11, 11, 2, 13, 2, 13, 11, 2, 13, 20, 11, 11, 20, 6, 2, 13, 16, 2, 2, 6, 11, 13, 2, 6, 11, 13, 11, 13, 2, 11, 2, 18, 14, 2]
bestever    2001    in generation 775
[10, 4, 16, 10, 7, 4, 16, 15, 16, 7, 7, 12, 16, 10, 10, 15, 10, 7, 7, 4, 4, 3, 3, 3, 1, 1, 15, 14, 3, 1, 1, 10, 14, 10, 7, 4, 12, 10, 16, 15, 12, 16, 16, 4, 4, 3, 16, 15, 12, 3, 15, 12, 15, 1, 10, 1, 5, 4, 5, 8, 1, 16, 19, 19, 19, 19, 12, 8, 12, 5, 8, 19, 5, 8, 19, 5, 12, 19, 19, 19, 8, 19, 8, 11, 15, 5, 13, 18, 8, 15, 20, 10, 8, 5, 8, 20, 3, 12, 3, 15, 5, 14, 13, 20, 20, 14, 14, 7, 18, 7, 17, 18, 1, 17, 12, 3, 9, 20, 17, 17, 17, 1, 14, 18, 9, 14, 1, 17, 17, 9, 9, 18, 7, 4, 17, 7, 9, 4, 3, 9, 20, 20, 14, 6, 6, 18, 20, 5, 5, 8, 14, 9, 9, 9, 9, 6, 17, 6, 6, 18, 6, 6, 18, 17, 18, 13, 11, 11, 2, 13, 2, 13, 11, 2, 13, 20, 11, 11, 20, 6, 2, 13, 16, 2, 2, 6, 11, 13, 2, 6, 11, 13, 11, 13, 2, 11, 2, 18, 14, 2]
bestever    2000    in generation 805
[7, 16, 10, 10, 15, 10, 7, 4, 4, 15, 10, 12, 16, 16, 16, 10, 7, 7, 4, 4, 3, 3, 3, 1, 1, 15, 14, 3, 1, 1, 10, 14, 10, 7, 4, 12, 10, 16, 15, 12, 16, 16, 4, 4, 3, 16, 15, 12, 3, 15, 12, 15, 1, 10, 1, 5, 4, 5, 8, 1, 16, 19, 19, 19, 19, 12, 8, 12, 5, 8, 5, 8, 19, 8, 19, 5, 12, 19, 19, 19, 8, 19, 8, 11, 15, 5, 13, 18, 8, 15, 20, 10, 8, 5, 20, 3, 12, 3, 15, 5, 14, 13, 20, 20, 14, 14, 7, 18, 7, 17, 18, 1, 17, 12, 3, 9, 20, 17, 17, 17, 1, 14, 18, 9, 14, 1, 17, 17, 9, 9, 18, 7, 4, 17, 7, 9, 4, 3, 9, 20, 20, 14, 6, 6, 18, 20, 5, 5, 8, 14, 9, 9, 9, 9, 6, 17, 6, 6, 18, 6, 6, 18, 17, 18, 13, 11, 11, 2, 13, 2, 13, 11, 2, 13, 20, 11, 11, 20, 6, 2, 13, 16, 2, 2, 6, 11, 13, 2, 6, 11, 13, 11, 13, 2, 11, 2, 18, 14, 2, 7]
bestever    1999    in generation 824
[16, 7, 10, 10, 15, 10, 7, 4, 4, 15, 10, 12, 16, 16, 16, 10, 7, 7, 4, 4, 3, 3, 3, 1, 1, 15, 14, 3, 1, 1, 10, 14, 10, 7, 4, 12, 10, 16, 15, 12, 16, 16, 4, 4, 3, 16, 15, 12, 3, 15, 12, 15, 1, 10, 1, 5, 4, 5, 8, 1, 16, 19, 19, 19, 19, 12, 8, 12, 5, 8, 5, 8, 19, 8, 19, 5, 12, 19, 19, 19, 8, 19, 8, 11, 15, 5, 13, 18, 8, 15, 20, 10, 8, 5, 20, 3, 12, 3, 15, 5, 14, 13, 20, 20, 14, 14, 7, 18, 7, 17, 18, 1, 17, 12, 3, 9, 20, 17, 17, 17, 1, 14, 18, 9, 14, 1, 17, 17, 9, 9, 18, 7, 4, 17, 7, 9, 4, 3, 9, 20, 20, 14, 6, 6, 18, 20, 5, 5, 8, 14, 9, 9, 9, 9, 6, 17, 6, 6, 18, 6, 6, 18, 17, 18, 13, 11, 11, 2, 13, 2, 13, 11, 2, 13, 20, 16, 7, 20, 13, 11, 13, 11, 11, 6, 2, 13, 2, 2, 6, 2, 6, 11, 11, 13, 2, 11, 2, 18, 14, 2]
bestever    1985    in generation 889
[16, 7, 10, 10, 15, 10, 7, 4, 4, 15, 10, 16, 16, 16, 10, 7, 7, 4, 4, 3, 3, 3, 1, 15, 14, 3, 1, 1, 10, 14, 10, 7, 4, 12, 10, 16, 15, 12, 16, 16, 4, 4, 3, 16, 15, 12, 3, 15, 1, 12, 12, 15, 1, 10, 1, 5, 4, 5, 8, 1, 16, 19, 19, 19, 19, 12, 8, 12, 5, 8, 5, 8, 19, 8, 19, 5, 12, 19, 19, 19, 8, 19, 8, 15, 5, 13, 18, 8, 15, 20, 10, 8, 5, 20, 3, 12, 3, 15, 5, 14, 13, 20, 20, 14, 14, 7, 18, 7, 17, 18, 1, 17, 12, 3, 9, 20, 17, 17, 17, 1, 14, 18, 9, 14, 1, 17, 17, 9, 9, 18, 7, 4, 17, 7, 9, 4, 3, 9, 20, 20, 14, 6, 18, 20, 5, 6, 11, 5, 8, 14, 9, 9, 9, 9, 6, 17, 6, 6, 18, 6, 6, 18, 17, 18, 13, 11, 11, 2, 13, 13, 11, 13, 20, 16, 20, 13, 11, 6, 2, 2, 2, 11, 2, 2, 6, 11, 13, 2, 6, 11, 13, 11, 13, 2, 11, 2, 18, 14, 7, 2]
bestever    1974    in generation 959
[15, 10, 10, 4, 16, 15, 4, 7, 7, 10, 10, 16, 16, 16, 10, 7, 7, 4, 4, 3, 3, 3, 1, 15, 14, 3, 1, 1, 10, 14, 10, 7, 4, 12, 10, 16, 15, 12, 16, 16, 4, 4, 3, 16, 15, 12, 3, 15, 1, 12, 12, 15, 1, 10, 1, 5, 4, 5, 8, 1, 16, 19, 19, 19, 19, 12, 8, 12, 5, 8, 5, 8, 19, 8, 19, 5, 12, 19, 19, 19, 8, 19, 8, 15, 5, 13, 18, 8, 15, 20, 10, 8, 5, 20, 3, 12, 3, 15, 5, 14, 13, 20, 20, 14, 14, 7, 18, 7, 17, 18, 1, 17, 12, 3, 9, 20, 17, 17, 17, 1, 14, 18, 14, 1, 17, 17, 18, 7, 4, 17, 7, 4, 9, 9, 9, 9, 3, 9, 20, 20, 14, 6, 18, 20, 5, 6, 11, 5, 8, 14, 9, 9, 9, 9, 6, 17, 6, 6, 18, 6, 6, 18, 17, 18, 13, 11, 11, 2, 13, 13, 11, 13, 20, 16, 20, 13, 11, 6, 2, 2, 2, 11, 2, 2, 6, 11, 13, 2, 6, 11, 13, 11, 13, 2, 11, 2, 18, 14, 7, 2]
bestever    1971    in generation 961
[15, 10, 10, 4, 16, 15, 4, 7, 7, 10, 10, 16, 16, 16, 10, 7, 7, 4, 4, 3, 3, 3, 1, 15, 14, 3, 1, 1, 10, 14, 10, 7, 4, 12, 10, 16, 12, 16, 16, 4, 4, 3, 16, 15, 12, 3, 15, 1, 12, 12, 15, 1, 10, 1, 4, 5, 1, 16, 19, 19, 19, 19, 12, 12, 5, 8, 5, 8, 19, 8, 5, 8, 19, 8, 15, 5, 12, 19, 19, 19, 8, 19, 8, 15, 5, 13, 18, 8, 15, 20, 10, 8, 5, 20, 3, 12, 3, 15, 5, 14, 13, 20, 20, 14, 14, 7, 18, 7, 17, 18, 1, 17, 12, 3, 9, 20, 17, 17, 17, 1, 14, 18, 14, 1, 17, 17, 18, 7, 4, 17, 7, 4, 9, 9, 9, 9, 3, 9, 20, 20, 14, 6, 18, 20, 5, 6, 11, 5, 8, 14, 9, 9, 9, 9, 6, 17, 6, 6, 18, 6, 6, 18, 17, 18, 13, 11, 11, 2, 13, 13, 11, 13, 20, 16, 20, 13, 11, 6, 2, 2, 2, 11, 2, 2, 6, 11, 13, 2, 6, 11, 13, 11, 13, 2, 11, 2, 18, 14, 7, 2]
bestever    1962    in generation 993
[10, 10, 4, 16, 15, 4, 7, 7, 10, 10, 16, 16, 16, 10, 7, 7, 15, 4, 4, 3, 3, 3, 1, 15, 14, 3, 1, 1, 10, 14, 10, 7, 4, 12, 10, 16, 12, 16, 16, 4, 4, 3, 16, 15, 12, 3, 15, 1, 12, 12, 15, 1, 10, 1, 4, 5, 1, 16, 19, 19, 19, 19, 12, 12, 5, 8, 5, 8, 19, 8, 5, 8, 19, 8, 15, 5, 12, 19, 19, 19, 8, 19, 8, 15, 5, 13, 18, 8, 15, 20, 10, 8, 5, 20, 3, 12, 3, 15, 5, 14, 13, 20, 20, 14, 14, 7, 18, 7, 17, 18, 1, 17, 12, 3, 9, 20, 17, 17, 17, 1, 14, 18, 14, 1, 17, 17, 18, 7, 4, 17, 7, 4, 9, 9, 9, 9, 3, 9, 20, 20, 14, 6, 18, 5, 6, 11, 5, 8, 14, 9, 9, 9, 9, 6, 17, 6, 6, 18, 6, 18, 17, 18, 13, 11, 13, 20, 13, 20, 16, 20, 11, 2, 2, 6, 11, 13, 2, 6, 11, 13, 2, 11, 2, 2, 6, 11, 13, 2, 6, 11, 13, 11, 13, 2, 11, 2, 18, 14, 7, 2]
bestever    1952    in generation 1344
[10, 10, 4, 16, 15, 4, 7, 7, 10, 10, 16, 16, 16, 10, 7, 7, 15, 4, 4, 3, 3, 3, 1, 15, 14, 3, 1, 1, 10, 14, 10, 7, 4, 12, 10, 16, 12, 16, 16, 4, 4, 3, 16, 15, 12, 3, 15, 1, 12, 12, 15, 1, 10, 1, 4, 5, 1, 16, 19, 19, 19, 19, 12, 12, 5, 13, 8, 5, 8, 19, 8, 8, 8, 19, 5, 15, 5, 12, 19, 19, 19, 13, 19, 8, 15, 5, 8, 18, 8, 15, 20, 10, 8, 5, 20, 3, 12, 9, 15, 5, 14, 18, 14, 14, 7, 7, 17, 1, 17, 12, 3, 20, 17, 17, 17, 1, 14, 18, 9, 1, 17, 17, 18, 7, 4, 7, 18, 17, 4, 9, 9, 20, 20, 3, 20, 20, 14, 6, 18, 5, 6, 11, 5, 8, 14, 14, 9, 9, 3, 9, 9, 9, 9, 6, 17, 6, 6, 18, 6, 18, 17, 18, 13, 11, 13, 20, 13, 20, 16, 20, 2, 6, 11, 13, 11, 2, 2, 6, 11, 13, 2, 11, 2, 2, 6, 11, 2, 6, 13, 11, 13, 11, 13, 2, 11, 2, 18, 14, 7, 2]
bestever    1947    in generation 1434
[4, 4, 10, 10, 16, 15, 7, 10, 10, 16, 16, 16, 10, 7, 7, 15, 4, 4, 3, 3, 3, 1, 15, 14, 3, 1, 1, 10, 14, 10, 7, 4, 12, 10, 16, 12, 16, 16, 4, 4, 3, 16, 15, 12, 3, 15, 1, 12, 12, 15, 1, 10, 1, 4, 5, 1, 16, 19, 12, 12, 5, 19, 19, 19, 13, 8, 5, 8, 19, 8, 8, 8, 19, 5, 15, 5, 12, 19, 19, 19, 13, 19, 8, 15, 5, 8, 8, 15, 20, 10, 8, 5, 20, 3, 12, 15, 5, 14, 18, 14, 14, 7, 17, 1, 17, 12, 3, 20, 17, 17, 17, 1, 14, 18, 1, 17, 17, 18, 7, 18, 7, 7, 4, 7, 18, 17, 4, 20, 20, 3, 20, 20, 14, 6, 9, 9, 9, 9, 18, 5, 6, 11, 5, 8, 14, 14, 3, 9, 9, 9, 9, 9, 9, 6, 17, 6, 6, 18, 6, 18, 17, 18, 13, 11, 13, 20, 20, 16, 20, 2, 13, 2, 2, 13, 11, 6, 11, 6, 11, 13, 2, 11, 2, 2, 7, 14, 18, 13, 13, 11, 6, 11, 13, 2, 11, 2, 6, 2, 11, 2]
bestever    1930    in generation 1492
[4, 4, 10, 10, 16, 15, 7, 10, 10, 16, 16, 16, 10, 7, 7, 15, 4, 4, 3, 3, 3, 1, 15, 14, 3, 1, 10, 14, 10, 7, 4, 12, 10, 16, 12, 16, 16, 4, 3, 16, 15, 12, 3, 15, 1, 12, 12, 15, 1, 10, 1, 4, 1, 4, 5, 1, 16, 19, 12, 12, 5, 19, 19, 19, 13, 8, 5, 8, 19, 8, 8, 8, 19, 5, 15, 5, 12, 19, 19, 19, 13, 19, 8, 15, 5, 8, 8, 15, 20, 10, 8, 5, 20, 3, 12, 15, 5, 14, 18, 14, 14, 7, 17, 1, 17, 12, 3, 20, 17, 17, 17, 1, 14, 18, 1, 17, 17, 18, 7, 18, 7, 7, 4, 7, 18, 17, 4, 20, 20, 3, 11, 20, 14, 6, 9, 9, 9, 9, 18, 5, 6, 11, 5, 8, 14, 14, 3, 9, 9, 9, 9, 9, 9, 6, 17, 6, 6, 18, 6, 18, 17, 18, 13, 11, 13, 20, 20, 16, 20, 2, 13, 2, 13, 6, 11, 6, 20, 13, 2, 11, 2, 2, 7, 14, 18, 13, 13, 11, 6, 11, 13, 2, 11, 6, 2, 2, 11, 11, 2, 2]
bestever    1923    in generation 2041
[10, 4, 10, 4, 16, 15, 7, 10, 10, 16, 16, 16, 10, 7, 7, 15, 4, 4, 3, 3, 3, 1, 15, 14, 3, 1, 10, 14, 7, 4, 12, 10, 16, 12, 16, 16, 4, 3, 16, 15, 12, 3, 15, 1, 12, 12, 15, 1, 10, 1, 4, 1, 5, 1, 19, 12, 5, 19, 13, 19, 19, 8, 5, 8, 19, 8, 10, 8, 8, 5, 15, 10, 4, 16, 5, 12, 19, 12, 19, 19, 19, 13, 19, 8, 15, 5, 8, 8, 15, 20, 8, 5, 20, 3, 12, 15, 5, 14, 18, 17, 14, 14, 7, 17, 1, 17, 12, 3, 20, 17, 1, 14, 18, 17, 1, 17, 17, 18, 7, 18, 7, 7, 4, 7, 17, 4, 20, 20, 3, 11, 20, 5, 11, 5, 8, 14, 9, 14, 9, 14, 3, 9, 9, 9, 9, 9, 9, 9, 9, 6, 6, 18, 6, 6, 18, 6, 18, 6, 18, 17, 17, 18, 13, 11, 13, 20, 20, 20, 13, 13, 6, 11, 6, 7, 14, 13, 6, 13, 6, 2, 18, 11, 2, 16, 2, 2, 20, 13, 2, 11, 11, 13, 2, 11, 11, 2, 11, 2, 2, 2]
bestever    1885    in generation 2149
[10, 4, 10, 4, 16, 15, 7, 10, 10, 16, 16, 16, 10, 7, 7, 15, 4, 4, 3, 3, 3, 1, 15, 14, 3, 1, 10, 14, 7, 4, 12, 10, 16, 12, 16, 16, 4, 3, 16, 19, 15, 12, 3, 15, 1, 12, 12, 15, 1, 10, 1, 4, 1, 5, 1, 19, 12, 5, 19, 13, 19, 19, 8, 5, 8, 19, 8, 10, 8, 8, 5, 15, 10, 4, 16, 5, 12, 12, 19, 19, 19, 13, 19, 8, 15, 5, 8, 8, 15, 20, 5, 20, 3, 12, 15, 5, 14, 17, 14, 14, 7, 17, 1, 17, 12, 3, 20, 17, 1, 14, 17, 1, 17, 17, 18, 7, 18, 7, 7, 4, 7, 17, 4, 20, 20, 3, 20, 11, 5, 8, 5, 8, 14, 9, 14, 9, 14, 3, 9, 9, 9, 9, 9, 9, 9, 9, 18, 6, 18, 6, 6, 18, 6, 18, 6, 18, 6, 18, 17, 17, 18, 13, 11, 13, 20, 20, 20, 13, 13, 6, 6, 7, 14, 13, 6, 13, 6, 18, 16, 20, 2, 2, 11, 11, 11, 13, 13, 2, 11, 11, 2, 11, 2, 2, 11, 2, 11, 2, 2, 2]
bestever    1869    in generation 2151
[10, 4, 10, 4, 16, 15, 7, 10, 10, 16, 16, 16, 10, 7, 7, 15, 4, 4, 3, 3, 3, 1, 15, 14, 3, 1, 10, 14, 7, 4, 12, 10, 16, 12, 16, 16, 4, 3, 16, 19, 15, 12, 3, 15, 1, 12, 12, 15, 1, 10, 1, 4, 1, 5, 1, 19, 12, 5, 19, 13, 19, 19, 8, 5, 8, 19, 8, 10, 8, 8, 5, 15, 10, 4, 16, 5, 12, 12, 19, 19, 19, 13, 19, 8, 15, 5, 8, 8, 15, 20, 5, 20, 3, 12, 15, 5, 14, 14, 14, 7, 1, 17, 12, 3, 20, 17, 1, 14, 17, 17, 17, 1, 17, 17, 18, 7, 18, 7, 7, 4, 7, 17, 4, 20, 20, 3, 20, 11, 5, 8, 5, 8, 14, 9, 14, 9, 14, 3, 9, 9, 9, 9, 9, 9, 9, 9, 18, 6, 18, 6, 6, 18, 6, 18, 6, 18, 6, 18, 17, 17, 18, 13, 11, 13, 20, 20, 20, 13, 13, 6, 6, 7, 14, 13, 6, 13, 6, 18, 16, 20, 2, 2, 11, 11, 11, 13, 13, 2, 11, 11, 2, 11, 2, 2, 11, 2, 11, 2, 2, 2]
bestever    1858    in generation 2157
[10, 4, 10, 4, 16, 15, 7, 10, 10, 16, 16, 16, 10, 7, 7, 15, 4, 4, 3, 3, 3, 1, 15, 14, 3, 1, 10, 14, 7, 4, 12, 10, 16, 12, 16, 16, 4, 3, 16, 19, 15, 12, 3, 15, 1, 12, 12, 15, 1, 10, 1, 4, 1, 5, 1, 19, 12, 5, 19, 13, 19, 19, 8, 5, 8, 19, 8, 10, 8, 8, 5, 15, 10, 4, 16, 5, 12, 12, 19, 19, 19, 13, 19, 8, 15, 5, 8, 8, 15, 20, 5, 20, 3, 12, 15, 5, 14, 14, 14, 7, 1, 17, 12, 3, 20, 17, 1, 14, 17, 17, 17, 1, 17, 17, 18, 7, 18, 7, 7, 4, 7, 17, 4, 20, 20, 3, 20, 11, 5, 8, 5, 8, 14, 9, 14, 9, 14, 3, 9, 9, 9, 9, 9, 9, 9, 9, 18, 6, 18, 6, 6, 18, 6, 18, 6, 18, 6, 18, 17, 17, 18, 13, 11, 13, 20, 20, 20, 13, 13, 6, 6, 7, 14, 13, 6, 2, 2, 2, 2, 2, 2, 11, 2, 11, 11, 16, 2, 2, 11, 18, 11, 20, 13, 13, 6, 11, 13, 2, 11, 11]
bestever    1857    in generation 2254
[10, 4, 10, 4, 16, 15, 7, 10, 10, 16, 16, 16, 10, 7, 7, 15, 4, 4, 3, 3, 3, 1, 15, 14, 3, 1, 10, 14, 7, 4, 12, 10, 16, 12, 16, 16, 4, 3, 16, 19, 15, 12, 3, 15, 1, 12, 12, 15, 1, 10, 1, 4, 1, 5, 1, 19, 12, 5, 19, 13, 19, 19, 8, 5, 8, 19, 8, 10, 8, 8, 5, 15, 10, 4, 16, 5, 12, 12, 19, 19, 19, 13, 19, 8, 15, 5, 15, 20, 20, 3, 12, 15, 14, 14, 14, 7, 1, 17, 12, 3, 20, 17, 1, 14, 17, 17, 17, 1, 17, 5, 8, 5, 8, 17, 18, 7, 18, 7, 7, 4, 7, 17, 4, 20, 20, 3, 20, 11, 5, 8, 5, 8, 14, 9, 9, 14, 14, 3, 9, 9, 9, 9, 9, 9, 9, 9, 18, 6, 18, 6, 6, 18, 6, 18, 6, 18, 6, 18, 17, 17, 18, 13, 13, 20, 20, 20, 13, 13, 6, 6, 7, 14, 13, 6, 2, 2, 2, 2, 2, 11, 2, 11, 16, 2, 2, 11, 11, 18, 11, 20, 2, 11, 13, 13, 6, 11, 13, 2, 11, 11]
bestever    1855    in generation 2578
[10, 10, 16, 15, 7, 10, 10, 16, 7, 7, 15, 4, 4, 10, 16, 16, 4, 4, 3, 3, 3, 1, 15, 14, 3, 1, 10, 14, 7, 4, 12, 10, 16, 12, 16, 16, 4, 3, 16, 19, 15, 12, 3, 15, 1, 12, 12, 15, 1, 10, 1, 4, 1, 5, 1, 19, 12, 5, 19, 13, 8, 5, 8, 19, 8, 10, 8, 15, 10, 4, 16, 5, 12, 19, 19, 12, 19, 19, 19, 19, 8, 15, 5, 15, 20, 20, 3, 12, 15, 14, 14, 14, 7, 1, 17, 12, 3, 5, 8, 17, 1, 14, 17, 17, 1, 17, 11, 5, 8, 5, 8, 18, 7, 18, 7, 7, 4, 7, 4, 3, 20, 5, 8, 5, 8, 14, 9, 9, 14, 14, 3, 9, 9, 9, 9, 9, 9, 9, 9, 18, 18, 6, 6, 18, 6, 18, 6, 18, 13, 20, 20, 6, 17, 17, 20, 17, 20, 20, 20, 13, 6, 17, 17, 6, 6, 2, 13, 7, 14, 2, 2, 13, 13, 6, 11, 2, 2, 2, 18, 18, 11, 11, 16, 2, 11, 18, 20, 2, 11, 13, 11, 2, 13, 13, 6, 11, 2, 11, 13, 11]
bestever    1842    in generation 2588
[10, 10, 16, 15, 7, 10, 10, 16, 7, 7, 15, 4, 4, 10, 16, 16, 4, 4, 3, 3, 3, 1, 15, 14, 3, 1, 10, 14, 7, 4, 12, 10, 16, 12, 16, 16, 4, 3, 16, 19, 15, 12, 3, 15, 1, 12, 15, 1, 10, 1, 4, 1, 5, 1, 19, 5, 19, 13, 8, 5, 8, 19, 8, 10, 8, 15, 10, 4, 16, 5, 12, 12, 12, 19, 19, 12, 19, 19, 19, 19, 8, 15, 5, 15, 20, 20, 3, 12, 15, 14, 14, 14, 7, 1, 17, 12, 3, 5, 8, 17, 1, 14, 17, 17, 1, 17, 11, 5, 8, 5, 8, 18, 7, 18, 7, 7, 4, 7, 4, 3, 20, 5, 8, 5, 8, 14, 9, 9, 14, 14, 3, 9, 9, 9, 9, 9, 9, 9, 9, 18, 18, 6, 6, 18, 6, 18, 6, 18, 13, 20, 20, 6, 17, 17, 20, 17, 20, 20, 20, 13, 6, 17, 17, 6, 6, 2, 13, 7, 14, 2, 2, 13, 13, 6, 11, 2, 2, 2, 18, 18, 11, 11, 16, 2, 11, 18, 20, 2, 11, 13, 11, 2, 13, 13, 6, 11, 2, 11, 13, 11]
bestever    1840    in generation 2595
[10, 10, 16, 15, 7, 10, 10, 16, 7, 7, 15, 4, 4, 10, 16, 16, 4, 4, 3, 3, 3, 1, 15, 14, 3, 1, 10, 14, 7, 4, 12, 10, 16, 12, 16, 16, 4, 3, 16, 19, 15, 12, 3, 15, 1, 12, 15, 1, 10, 1, 4, 1, 5, 1, 19, 5, 19, 8, 5, 8, 19, 8, 10, 8, 15, 10, 4, 16, 5, 12, 12, 12, 19, 19, 12, 19, 19, 19, 19, 8, 15, 5, 15, 20, 20, 3, 12, 15, 14, 14, 14, 7, 1, 17, 12, 3, 5, 8, 17, 1, 14, 17, 17, 1, 17, 5, 8, 5, 8, 18, 7, 18, 7, 7, 4, 7, 4, 3, 20, 5, 8, 5, 8, 14, 9, 9, 14, 14, 3, 9, 9, 9, 9, 9, 9, 9, 9, 18, 18, 6, 13, 11, 6, 18, 6, 18, 6, 18, 13, 20, 20, 6, 17, 17, 20, 17, 20, 20, 20, 13, 6, 17, 17, 6, 6, 2, 13, 7, 14, 2, 2, 13, 13, 6, 11, 2, 2, 2, 18, 18, 11, 11, 16, 2, 11, 18, 20, 2, 11, 13, 11, 2, 13, 13, 6, 11, 2, 11, 13, 11]
bestever    1835    in generation 2861
[10, 10, 16, 15, 10, 10, 16, 15, 4, 4, 10, 16, 16, 4, 4, 3, 3, 3, 1, 15, 14, 3, 1, 10, 14, 7, 4, 12, 10, 16, 12, 16, 16, 3, 16, 19, 15, 12, 3, 15, 1, 12, 15, 1, 10, 1, 4, 7, 7, 7, 4, 1, 5, 1, 19, 5, 19, 8, 5, 8, 19, 8, 10, 8, 15, 10, 4, 16, 5, 12, 12, 12, 19, 19, 12, 19, 19, 19, 19, 8, 15, 5, 15, 20, 20, 3, 12, 15, 14, 14, 14, 7, 1, 17, 12, 3, 5, 8, 17, 1, 14, 17, 17, 1, 17, 5, 8, 5, 8, 18, 7, 18, 7, 7, 4, 7, 4, 3, 20, 5, 8, 5, 8, 14, 9, 9, 14, 14, 3, 9, 6, 9, 9, 9, 9, 9, 9, 9, 18, 18, 13, 6, 18, 6, 18, 6, 18, 13, 20, 20, 6, 17, 17, 20, 17, 20, 20, 20, 13, 6, 17, 17, 6, 6, 2, 13, 7, 14, 11, 2, 2, 13, 6, 2, 18, 18, 16, 11, 11, 11, 2, 13, 2, 18, 2, 11, 20, 2, 11, 13, 11, 2, 13, 13, 6, 11, 2, 11, 13, 11]
bestever    1831    in generation 3111
[10, 15, 10, 4, 16, 10, 16, 15, 10, 4, 10, 16, 16, 4, 4, 3, 3, 3, 1, 15, 14, 3, 1, 10, 7, 4, 12, 10, 16, 12, 16, 16, 3, 16, 19, 15, 12, 3, 15, 1, 3, 12, 15, 1, 10, 1, 4, 7, 7, 7, 4, 1, 5, 1, 19, 5, 19, 8, 5, 8, 19, 8, 10, 8, 15, 17, 10, 4, 16, 5, 12, 12, 12, 19, 19, 12, 19, 19, 19, 19, 8, 15, 5, 15, 20, 20, 3, 12, 15, 14, 14, 14, 7, 17, 12, 3, 5, 8, 1, 14, 1, 14, 17, 17, 1, 5, 8, 5, 8, 18, 7, 18, 7, 7, 4, 7, 4, 5, 8, 5, 8, 14, 9, 9, 14, 14, 3, 9, 6, 9, 9, 9, 9, 9, 9, 9, 18, 18, 13, 6, 18, 6, 18, 6, 18, 13, 6, 17, 17, 20, 20, 17, 20, 20, 17, 20, 20, 20, 13, 6, 17, 17, 6, 6, 2, 14, 2, 2, 2, 18, 18, 16, 11, 11, 11, 2, 13, 18, 2, 11, 2, 13, 13, 6, 11, 20, 2, 11, 13, 11, 2, 13, 13, 6, 11, 2, 11, 13, 7, 11]
bestever    1814    in generation 3375
[4, 15, 10, 10, 16, 10, 16, 15, 10, 4, 10, 16, 16, 4, 4, 3, 3, 3, 1, 15, 14, 3, 1, 10, 4, 12, 10, 16, 12, 16, 3, 19, 15, 12, 3, 15, 1, 3, 12, 15, 1, 10, 1, 4, 7, 7, 7, 4, 16, 16, 1, 5, 1, 19, 5, 19, 8, 5, 8, 19, 8, 10, 8, 15, 17, 10, 16, 5, 12, 12, 12, 19, 19, 12, 19, 19, 19, 19, 8, 15, 5, 15, 20, 20, 3, 12, 15, 14, 14, 14, 7, 17, 12, 7, 4, 3, 5, 8, 1, 1, 17, 17, 1, 5, 8, 5, 8, 18, 7, 9, 7, 7, 4, 7, 4, 9, 14, 5, 8, 5, 8, 14, 14, 14, 14, 3, 6, 9, 9, 9, 9, 9, 18, 9, 9, 9, 18, 18, 6, 18, 18, 6, 18, 13, 6, 17, 17, 20, 20, 17, 20, 20, 17, 20, 20, 20, 13, 6, 17, 17, 6, 2, 2, 2, 18, 18, 16, 11, 2, 13, 6, 2, 14, 18, 2, 20, 11, 2, 13, 6, 11, 11, 13, 11, 2, 13, 13, 6, 11, 2, 11, 13, 13, 6, 11, 2, 11, 13, 7, 11]
bestever    1790    in generation 3416
[15, 10, 4, 10, 16, 10, 16, 15, 10, 4, 10, 16, 16, 4, 4, 3, 3, 3, 1, 15, 14, 3, 1, 10, 4, 12, 10, 16, 12, 16, 3, 19, 15, 12, 3, 15, 1, 3, 12, 15, 1, 10, 1, 4, 7, 7, 7, 4, 16, 16, 1, 5, 1, 19, 5, 19, 8, 5, 8, 19, 8, 10, 8, 15, 17, 10, 16, 5, 12, 12, 12, 19, 19, 12, 19, 19, 19, 19, 8, 15, 5, 15, 20, 20, 3, 12, 15, 14, 14, 14, 7, 17, 12, 7, 4, 3, 5, 8, 1, 1, 17, 17, 1, 5, 8, 5, 8, 18, 7, 9, 7, 7, 4, 7, 4, 9, 14, 5, 8, 5, 8, 14, 14, 14, 14, 3, 6, 9, 9, 9, 9, 9, 18, 9, 9, 9, 18, 18, 6, 18, 18, 6, 18, 13, 6, 17, 17, 20, 20, 17, 20, 20, 17, 20, 20, 20, 13, 6, 17, 17, 6, 2, 2, 2, 18, 18, 16, 11, 2, 13, 6, 2, 14, 18, 2, 20, 11, 2, 13, 6, 11, 11, 13, 11, 2, 13, 13, 6, 11, 2, 11, 13, 13, 6, 11, 2, 11, 13, 7, 11]
bestever    1786    in generation 3801
[15, 10, 4, 10, 16, 10, 16, 15, 10, 4, 10, 16, 16, 4, 4, 3, 3, 3, 1, 15, 14, 3, 1, 10, 4, 12, 16, 12, 16, 3, 16, 15, 12, 3, 15, 3, 12, 15, 10, 1, 4, 7, 7, 7, 19, 1, 5, 1, 1, 19, 5, 19, 8, 5, 8, 19, 8, 10, 10, 16, 8, 15, 17, 10, 16, 5, 12, 12, 12, 19, 19, 12, 19, 19, 19, 19, 15, 5, 15, 20, 20, 3, 8, 1, 12, 15, 14, 14, 14, 4, 7, 17, 12, 4, 3, 5, 8, 1, 1, 17, 7, 17, 1, 5, 8, 5, 8, 18, 7, 9, 7, 7, 4, 7, 4, 9, 14, 5, 8, 5, 8, 14, 14, 14, 14, 3, 6, 9, 9, 9, 9, 9, 18, 9, 9, 9, 18, 18, 6, 18, 18, 6, 18, 13, 6, 17, 17, 20, 20, 17, 20, 20, 17, 20, 20, 20, 13, 6, 17, 17, 6, 2, 2, 2, 18, 18, 16, 13, 6, 2, 14, 18, 2, 2, 11, 20, 11, 2, 13, 11, 13, 13, 6, 2, 6, 2, 6, 11, 13, 11, 13, 11, 11, 2, 11, 13, 11, 13, 7, 11]
bestever    1784    in generation 4363
[10, 10, 10, 16, 15, 15, 4, 16, 16, 10, 4, 10, 4, 4, 16, 3, 3, 3, 1, 15, 3, 1, 10, 4, 12, 16, 12, 16, 3, 16, 15, 12, 3, 15, 3, 12, 15, 10, 1, 4, 7, 7, 7, 19, 1, 5, 1, 1, 19, 5, 19, 8, 5, 8, 19, 8, 10, 10, 16, 8, 15, 17, 10, 16, 5, 12, 12, 12, 12, 19, 19, 19, 19, 19, 19, 15, 5, 15, 20, 20, 3, 8, 1, 12, 15, 14, 4, 7, 17, 12, 4, 3, 5, 9, 1, 1, 17, 4, 17, 1, 8, 5, 8, 14, 14, 14, 5, 8, 18, 7, 9, 7, 7, 4, 7, 7, 9, 14, 5, 8, 5, 8, 14, 14, 14, 14, 3, 6, 16, 9, 9, 9, 9, 18, 18, 18, 6, 18, 6, 18, 13, 6, 18, 9, 9, 9, 17, 17, 20, 20, 17, 17, 20, 20, 20, 20, 20, 13, 6, 17, 17, 2, 2, 2, 18, 18, 2, 14, 18, 2, 20, 2, 13, 13, 13, 6, 11, 2, 6, 13, 6, 2, 6, 2, 6, 11, 11, 11, 11, 2, 7, 11, 13, 11, 13, 11, 13, 11, 13, 11]
bestever    1778    in generation 4613
[15, 10, 4, 10, 10, 15, 4, 10, 4, 4, 10, 16, 16, 16, 16, 3, 3, 3, 1, 15, 3, 1, 10, 12, 16, 12, 16, 3, 15, 3, 15, 3, 15, 10, 1, 4, 7, 7, 7, 19, 1, 5, 1, 1, 19, 8, 5, 10, 10, 8, 15, 17, 16, 12, 12, 19, 19, 16, 10, 16, 12, 12, 12, 12, 19, 19, 19, 19, 19, 19, 15, 5, 15, 20, 20, 3, 8, 1, 12, 15, 14, 4, 7, 17, 12, 4, 3, 5, 9, 1, 1, 17, 4, 17, 8, 5, 8, 5, 1, 8, 5, 8, 14, 5, 8, 18, 7, 9, 14, 14, 7, 4, 7, 4, 7, 7, 9, 14, 5, 8, 5, 8, 14, 14, 14, 14, 3, 6, 9, 9, 9, 9, 18, 18, 18, 6, 18, 6, 18, 13, 6, 18, 9, 9, 9, 17, 17, 20, 20, 17, 17, 20, 20, 20, 20, 20, 13, 6, 17, 17, 2, 18, 18, 2, 14, 2, 2, 18, 2, 20, 13, 13, 13, 6, 11, 6, 13, 6, 2, 6, 2, 6, 11, 11, 11, 11, 16, 2, 2, 2, 7, 11, 13, 13, 13, 13, 11, 11, 11, 11]
bestever    1777    in generation 4713
[15, 10, 4, 10, 10, 15, 4, 10, 4, 4, 10, 16, 16, 16, 16, 3, 3, 3, 1, 15, 3, 1, 10, 12, 16, 12, 16, 3, 15, 3, 15, 3, 15, 10, 1, 4, 7, 7, 7, 19, 1, 5, 1, 1, 19, 8, 5, 10, 10, 8, 15, 17, 16, 12, 12, 19, 19, 16, 10, 16, 12, 12, 12, 12, 19, 19, 19, 19, 19, 19, 15, 5, 15, 3, 8, 1, 12, 15, 14, 4, 7, 17, 12, 4, 3, 5, 9, 1, 1, 4, 8, 5, 8, 5, 1, 8, 5, 8, 14, 5, 8, 18, 7, 9, 14, 14, 7, 4, 7, 4, 7, 7, 9, 14, 5, 8, 5, 8, 14, 14, 14, 14, 3, 6, 9, 9, 9, 9, 18, 18, 18, 6, 18, 6, 18, 13, 6, 18, 9, 9, 17, 17, 20, 20, 9, 17, 17, 20, 20, 17, 17, 20, 20, 20, 20, 20, 13, 6, 17, 17, 2, 18, 18, 2, 14, 2, 2, 18, 2, 20, 13, 13, 13, 6, 11, 6, 13, 6, 2, 6, 2, 6, 11, 11, 11, 16, 2, 11, 2, 2, 7, 11, 13, 13, 13, 13, 11, 11, 11, 11]
bestever    1773    in generation 4780
[15, 10, 15, 4, 10, 10, 4, 10, 4, 4, 10, 16, 16, 16, 16, 3, 3, 3, 1, 15, 3, 1, 10, 12, 16, 12, 16, 3, 15, 3, 15, 3, 15, 10, 1, 4, 7, 7, 7, 19, 1, 5, 1, 1, 19, 5, 10, 10, 8, 15, 17, 16, 12, 12, 19, 19, 16, 10, 16, 12, 12, 12, 12, 19, 19, 19, 19, 19, 19, 15, 15, 3, 8, 1, 12, 15, 14, 4, 7, 17, 12, 4, 3, 5, 9, 1, 1, 4, 8, 5, 5, 8, 8, 5, 1, 8, 5, 8, 14, 5, 8, 18, 7, 9, 14, 7, 4, 7, 4, 7, 7, 9, 14, 14, 5, 8, 5, 8, 14, 14, 14, 14, 3, 6, 9, 9, 9, 9, 18, 18, 18, 6, 18, 6, 18, 13, 6, 18, 9, 9, 17, 17, 20, 9, 17, 17, 17, 20, 17, 20, 20, 20, 20, 20, 20, 20, 13, 6, 17, 17, 2, 18, 18, 2, 14, 2, 2, 18, 2, 20, 13, 13, 13, 6, 11, 6, 13, 6, 2, 6, 2, 6, 11, 11, 11, 16, 2, 11, 2, 2, 7, 11, 13, 13, 13, 13, 11, 11, 11, 11]
bestever    1769    in generation 4906
[15, 10, 15, 4, 10, 10, 4, 10, 4, 4, 10, 16, 16, 16, 16, 3, 3, 3, 1, 15, 3, 1, 10, 12, 16, 12, 16, 3, 15, 3, 15, 3, 15, 10, 1, 4, 7, 7, 7, 19, 1, 5, 1, 1, 19, 5, 10, 10, 8, 15, 17, 16, 12, 12, 19, 19, 16, 10, 16, 12, 12, 12, 12, 19, 19, 19, 19, 19, 19, 15, 15, 3, 8, 1, 12, 15, 14, 4, 7, 17, 12, 4, 3, 5, 9, 1, 1, 4, 8, 5, 5, 8, 8, 5, 1, 8, 5, 8, 14, 5, 18, 7, 9, 14, 7, 4, 7, 4, 7, 7, 9, 14, 5, 8, 14, 8, 5, 8, 14, 14, 14, 14, 3, 6, 9, 9, 9, 9, 18, 18, 18, 6, 18, 6, 18, 6, 18, 9, 9, 17, 17, 20, 9, 17, 17, 17, 20, 17, 20, 20, 20, 20, 20, 20, 20, 6, 17, 17, 2, 18, 18, 2, 14, 2, 2, 18, 2, 13, 13, 20, 13, 13, 6, 11, 6, 6, 2, 6, 2, 6, 16, 2, 11, 11, 2, 2, 7, 11, 13, 13, 13, 13, 11, 11, 13, 13, 11, 11, 11, 11]
bestever    1762    in generation 5184
[15, 10, 15, 4, 10, 10, 4, 10, 4, 4, 10, 16, 16, 16, 16, 3, 3, 3, 1, 15, 3, 1, 10, 12, 16, 12, 16, 3, 15, 3, 15, 3, 15, 10, 1, 4, 7, 7, 7, 19, 1, 5, 1, 1, 19, 5, 10, 10, 8, 15, 17, 12, 12, 16, 16, 10, 16, 12, 12, 12, 12, 19, 19, 19, 19, 19, 19, 19, 19, 15, 15, 3, 8, 1, 12, 15, 14, 4, 7, 17, 12, 4, 3, 5, 9, 1, 1, 4, 8, 5, 5, 8, 5, 1, 8, 8, 14, 5, 18, 7, 9, 14, 7, 4, 7, 4, 7, 7, 9, 5, 8, 14, 5, 8, 14, 8, 5, 8, 14, 14, 14, 14, 3, 6, 9, 9, 9, 9, 18, 18, 18, 6, 18, 6, 18, 6, 18, 9, 9, 20, 9, 17, 17, 17, 17, 17, 20, 17, 20, 20, 20, 20, 20, 20, 20, 6, 17, 17, 2, 18, 18, 2, 14, 2, 2, 18, 2, 13, 13, 20, 13, 6, 6, 6, 2, 11, 11, 2, 6, 2, 2, 2, 7, 16, 6, 13, 13, 13, 11, 11, 13, 11, 11, 11, 13, 13, 13, 11, 11, 11]
bestever    1759    in generation 5854
[15, 10, 15, 4, 10, 10, 4, 10, 4, 4, 10, 16, 16, 16, 16, 3, 3, 3, 1, 15, 3, 1, 10, 12, 16, 12, 16, 3, 15, 3, 15, 3, 15, 10, 1, 4, 12, 7, 19, 1, 5, 1, 1, 19, 5, 10, 10, 8, 16, 16, 10, 16, 12, 12, 15, 12, 12, 12, 12, 19, 19, 19, 19, 19, 19, 19, 19, 15, 15, 3, 8, 1, 7, 15, 14, 4, 12, 4, 5, 9, 1, 1, 4, 8, 5, 5, 8, 5, 1, 8, 8, 14, 5, 18, 7, 9, 14, 7, 7, 7, 4, 7, 4, 7, 7, 9, 5, 8, 5, 8, 8, 5, 8, 14, 14, 14, 14, 14, 3, 14, 3, 6, 9, 9, 9, 9, 18, 18, 18, 6, 18, 6, 18, 6, 17, 17, 18, 9, 9, 9, 17, 17, 17, 17, 17, 17, 20, 20, 20, 20, 20, 20, 20, 20, 20, 6, 17, 17, 2, 18, 18, 2, 14, 2, 2, 6, 13, 13, 6, 6, 6, 18, 6, 20, 13, 13, 2, 13, 2, 2, 2, 2, 2, 7, 11, 11, 11, 13, 13, 13, 11, 11, 11, 11, 13, 11, 11, 16, 13, 11]
bestever    1753    in generation 6074
[15, 15, 10, 4, 10, 10, 4, 10, 4, 4, 10, 16, 16, 16, 16, 3, 3, 3, 1, 15, 3, 1, 10, 12, 16, 12, 16, 3, 15, 3, 15, 3, 15, 10, 1, 4, 12, 7, 19, 1, 5, 1, 1, 19, 5, 10, 19, 10, 8, 16, 16, 10, 16, 12, 12, 15, 12, 12, 12, 12, 19, 19, 19, 19, 19, 19, 19, 15, 15, 3, 8, 1, 7, 15, 14, 4, 12, 4, 5, 9, 1, 1, 4, 8, 5, 5, 8, 5, 1, 8, 8, 14, 5, 18, 7, 9, 14, 13, 7, 7, 7, 4, 7, 4, 7, 7, 9, 5, 8, 5, 8, 8, 5, 8, 14, 14, 14, 14, 14, 3, 14, 3, 6, 9, 9, 9, 9, 18, 18, 18, 6, 18, 6, 18, 6, 17, 18, 9, 9, 9, 17, 17, 20, 17, 17, 17, 17, 17, 20, 20, 20, 20, 20, 20, 20, 20, 6, 17, 17, 2, 18, 18, 2, 14, 2, 2, 6, 13, 13, 18, 6, 20, 13, 13, 2, 13, 2, 2, 2, 2, 2, 7, 11, 16, 11, 13, 11, 11, 6, 6, 6, 11, 13, 13, 13, 11, 11, 11, 11, 11]
bestever    1751    in generation 6378
[15, 15, 10, 4, 10, 10, 4, 10, 4, 4, 10, 16, 16, 16, 16, 3, 3, 3, 1, 15, 4, 3, 1, 10, 12, 16, 12, 16, 3, 15, 3, 15, 3, 15, 10, 1, 12, 7, 19, 1, 5, 1, 1, 19, 5, 10, 19, 10, 8, 16, 16, 10, 16, 12, 12, 15, 12, 12, 12, 12, 19, 19, 19, 19, 19, 19, 19, 7, 15, 15, 3, 15, 14, 4, 12, 4, 5, 1, 1, 4, 8, 5, 5, 8, 5, 1, 14, 18, 7, 14, 13, 7, 7, 4, 7, 4, 7, 7, 8, 1, 7, 8, 5, 8, 5, 8, 5, 8, 8, 9, 9, 9, 5, 8, 14, 14, 14, 14, 14, 3, 14, 3, 6, 9, 9, 9, 9, 18, 18, 18, 6, 18, 6, 18, 6, 18, 9, 9, 9, 17, 20, 17, 17, 17, 17, 17, 17, 17, 20, 20, 20, 20, 20, 20, 20, 20, 6, 17, 17, 2, 18, 18, 2, 14, 2, 2, 6, 13, 13, 18, 6, 20, 13, 13, 2, 13, 2, 2, 2, 2, 2, 7, 11, 16, 11, 13, 6, 6, 6, 11, 13, 11, 11, 13, 11, 11, 13, 11, 11, 11]
bestever    1750    in generation 6397
[15, 15, 10, 4, 10, 10, 4, 10, 4, 4, 10, 16, 16, 16, 16, 3, 3, 3, 1, 15, 4, 3, 1, 10, 12, 16, 12, 16, 3, 15, 3, 15, 3, 15, 10, 1, 12, 7, 19, 1, 5, 1, 1, 19, 5, 10, 10, 8, 16, 16, 10, 16, 12, 12, 15, 12, 12, 12, 12, 19, 19, 19, 19, 19, 19, 19, 19, 7, 15, 15, 3, 15, 14, 4, 12, 4, 5, 1, 1, 4, 5, 8, 5, 1, 14, 18, 7, 14, 13, 7, 7, 4, 7, 4, 7, 7, 8, 1, 7, 8, 5, 8, 5, 8, 5, 8, 5, 8, 8, 9, 9, 9, 5, 8, 14, 14, 14, 14, 14, 3, 14, 3, 6, 9, 9, 9, 9, 18, 18, 18, 6, 18, 6, 18, 6, 18, 9, 9, 9, 17, 20, 17, 17, 17, 17, 17, 17, 17, 20, 20, 20, 20, 20, 20, 20, 20, 6, 17, 17, 2, 18, 18, 2, 14, 2, 2, 6, 13, 13, 18, 6, 20, 13, 13, 2, 13, 2, 2, 2, 2, 2, 7, 11, 16, 11, 13, 6, 6, 6, 11, 13, 11, 11, 13, 11, 11, 13, 11, 11, 11]
bestever    1742    in generation 6981
[15, 10, 15, 10, 10, 10, 4, 4, 4, 4, 10, 16, 16, 16, 16, 3, 3, 3, 1, 15, 4, 3, 1, 10, 12, 16, 12, 16, 3, 3, 15, 3, 15, 10, 1, 7, 19, 1, 5, 1, 1, 19, 5, 10, 10, 8, 16, 16, 10, 16, 12, 15, 12, 12, 15, 12, 12, 12, 12, 19, 19, 19, 19, 19, 19, 19, 19, 7, 1, 15, 15, 15, 4, 12, 4, 5, 1, 1, 4, 5, 8, 5, 1, 14, 18, 7, 14, 13, 7, 7, 4, 3, 7, 4, 7, 7, 7, 5, 8, 8, 5, 8, 5, 8, 5, 14, 8, 8, 8, 5, 8, 14, 14, 14, 14, 3, 9, 9, 9, 14, 14, 3, 6, 9, 9, 9, 9, 18, 18, 18, 6, 6, 18, 9, 9, 9, 17, 20, 17, 17, 6, 17, 17, 17, 2, 17, 20, 20, 20, 20, 20, 6, 17, 18, 18, 20, 20, 20, 6, 17, 17, 2, 18, 18, 2, 14, 2, 6, 13, 13, 18, 6, 20, 13, 13, 13, 2, 2, 11, 6, 6, 2, 2, 16, 13, 2, 2, 7, 13, 11, 11, 11, 13, 13, 11, 11, 11, 11, 11, 11]
bestever    1739    in generation 6999
[15, 10, 15, 10, 10, 10, 4, 4, 4, 4, 10, 16, 16, 16, 16, 3, 3, 3, 1, 15, 4, 3, 1, 10, 12, 16, 12, 16, 3, 3, 15, 3, 15, 10, 1, 7, 19, 1, 5, 1, 1, 19, 5, 10, 10, 8, 16, 16, 10, 16, 12, 15, 12, 12, 15, 12, 12, 12, 12, 19, 19, 19, 19, 19, 19, 19, 19, 7, 1, 15, 15, 15, 4, 12, 4, 5, 1, 1, 4, 5, 8, 5, 1, 14, 18, 7, 14, 7, 7, 4, 3, 7, 4, 7, 7, 7, 5, 8, 8, 5, 8, 5, 8, 5, 14, 8, 8, 8, 5, 8, 14, 14, 14, 14, 3, 9, 9, 9, 14, 3, 6, 9, 9, 9, 18, 18, 18, 6, 18, 9, 9, 14, 6, 13, 9, 9, 17, 20, 17, 17, 6, 17, 17, 17, 2, 17, 20, 20, 20, 20, 20, 6, 17, 18, 18, 20, 20, 20, 6, 17, 17, 2, 18, 18, 2, 14, 2, 6, 13, 13, 18, 6, 20, 13, 13, 13, 2, 2, 11, 6, 6, 2, 2, 16, 13, 2, 2, 7, 13, 11, 11, 11, 13, 13, 11, 11, 11, 11, 11, 11]
bestever    1737    in generation 7036
[15, 10, 15, 10, 10, 10, 4, 4, 4, 4, 10, 16, 16, 16, 16, 3, 3, 3, 1, 15, 4, 3, 1, 10, 12, 16, 12, 16, 3, 3, 15, 3, 15, 10, 1, 7, 19, 1, 5, 1, 1, 19, 5, 10, 10, 8, 16, 16, 10, 16, 12, 15, 12, 12, 15, 12, 12, 12, 12, 19, 19, 19, 19, 19, 19, 19, 19, 7, 1, 15, 15, 15, 4, 12, 4, 5, 1, 1, 4, 5, 8, 5, 1, 14, 18, 7, 14, 7, 7, 4, 3, 7, 4, 7, 7, 7, 5, 8, 8, 5, 8, 5, 8, 5, 14, 8, 8, 8, 5, 8, 14, 14, 14, 14, 3, 9, 9, 9, 14, 3, 6, 9, 9, 9, 18, 18, 18, 6, 9, 9, 18, 14, 6, 13, 9, 9, 17, 20, 17, 17, 6, 17, 17, 17, 2, 17, 20, 20, 20, 20, 20, 6, 17, 18, 18, 20, 20, 20, 6, 17, 17, 2, 18, 18, 2, 14, 2, 6, 13, 13, 18, 6, 20, 13, 2, 2, 11, 13, 13, 6, 6, 2, 2, 16, 13, 2, 2, 7, 13, 11, 11, 11, 13, 13, 11, 11, 11, 11, 11, 11]
bestever    1736    in generation 7109
[15, 10, 15, 10, 10, 10, 4, 4, 4, 4, 10, 16, 16, 16, 16, 3, 3, 3, 1, 15, 4, 3, 1, 10, 12, 16, 12, 16, 3, 3, 15, 3, 15, 10, 1, 7, 19, 1, 5, 1, 1, 19, 10, 10, 8, 16, 16, 10, 16, 12, 15, 12, 12, 15, 12, 12, 12, 12, 19, 19, 19, 19, 19, 19, 19, 19, 7, 1, 15, 15, 15, 4, 12, 4, 5, 1, 1, 4, 5, 1, 14, 18, 8, 5, 7, 14, 7, 4, 3, 7, 5, 7, 4, 7, 7, 7, 5, 8, 8, 5, 8, 5, 8, 5, 14, 8, 8, 8, 5, 8, 14, 14, 14, 14, 3, 9, 9, 9, 14, 3, 6, 9, 9, 9, 18, 18, 18, 6, 9, 9, 18, 14, 6, 13, 9, 9, 17, 20, 17, 17, 6, 17, 17, 17, 2, 17, 20, 20, 20, 20, 20, 6, 17, 18, 18, 20, 20, 20, 6, 17, 17, 2, 18, 18, 2, 14, 2, 6, 13, 13, 18, 6, 20, 13, 2, 2, 11, 13, 13, 6, 6, 2, 2, 16, 13, 2, 2, 7, 13, 11, 11, 11, 13, 13, 11, 11, 11, 11, 11, 11]
bestever    1733    in generation 8734
[15, 15, 10, 10, 4, 4, 4, 4, 16, 16, 10, 10, 10, 16, 16, 3, 3, 3, 1, 15, 4, 3, 1, 10, 12, 16, 12, 16, 3, 3, 15, 3, 15, 10, 1, 7, 19, 1, 10, 1, 1, 10, 5, 8, 16, 16, 10, 16, 15, 15, 18, 12, 12, 12, 12, 19, 19, 7, 1, 15, 15, 15, 4, 12, 4, 5, 12, 12, 12, 19, 19, 19, 19, 19, 19, 19, 5, 1, 4, 5, 1, 9, 5, 7, 7, 4, 3, 7, 5, 7, 4, 7, 7, 7, 1, 8, 8, 5, 8, 5, 8, 5, 8, 14, 14, 14, 8, 8, 5, 9, 8, 14, 14, 2, 14, 14, 3, 9, 9, 9, 14, 3, 18, 6, 18, 9, 9, 18, 6, 8, 9, 18, 14, 6, 9, 9, 17, 20, 6, 18, 17, 20, 17, 17, 17, 20, 20, 20, 17, 20, 17, 17, 20, 20, 20, 17, 17, 6, 18, 2, 18, 18, 14, 6, 20, 2, 18, 6, 2, 6, 2, 2, 13, 13, 7, 6, 13, 13, 6, 13, 2, 2, 16, 2, 2, 13, 13, 13, 13, 11, 11, 11, 11, 11, 13, 11, 11, 11, 11, 11]
