bestever    3344    in generation 0
[19, 15, 19, 15, 11, 11, 11, 7, 10, 11, 10, 20, 10, 6, 4, 19, 5, 17, 19, 16, 4, 18, 4, 20, 19, 20, 13, 20, 13, 16, 17, 1, 5, 18, 11, 4, 10, 11, 15, 9, 8, 1, 1, 19, 8, 17, 11, 2, 3, 2, 5, 8, 11, 16, 17, 11, 12, 5, 16, 12, 7, 14, 20, 15, 4, 8, 12, 2, 1, 8, 2, 20, 4, 11, 13, 14, 10, 1, 9, 12, 12, 16, 16, 8, 19, 3, 6, 5, 2, 20, 2, 1, 3, 18, 16, 2, 5, 9, 4, 15, 10, 17, 14, 3, 3, 7, 9, 16, 16, 9, 18, 3, 18, 3, 13, 2, 5, 6, 14, 8, 7, 5, 20, 1, 18, 6, 12, 7, 9, 15, 15, 13, 18, 12, 13, 6, 15, 3, 16, 15, 13, 2, 1, 6, 15, 8, 18, 8, 14, 5, 10, 10, 7, 7, 12, 19, 10, 17, 5, 14, 12, 10, 3, 1, 7, 6, 13, 19, 4, 18, 9, 1, 20, 2, 7, 17, 8, 17, 6, 20, 9, 3, 9, 4, 14, 4, 14, 17, 14, 6, 13, 6, 17, 7, 19, 13, 14, 12, 18, 9]
bestever    3097    in generation 1
[19, 15, 19, 15, 11, 11, 11, 7, 10, 11, 10, 20, 4, 19, 5, 17, 16, 18, 4, 20, 19, 20, 13, 20, 13, 16, 1, 5, 18, 11, 4, 10, 11, 15, 9, 8, 1, 19, 8, 11, 2, 3, 2, 5, 8, 11, 16, 17, 11, 12, 5, 16, 14, 20, 15, 4, 8, 2, 1, 8, 2, 20, 4, 14, 10, 1, 9, 12, 12, 16, 8, 19, 3, 6, 5, 2, 20, 2, 1, 3, 5, 9, 4, 15, 10, 17, 14, 3, 7, 16, 16, 3, 18, 3, 5, 6, 14, 8, 7, 20, 1, 18, 6, 12, 7, 9, 15, 15, 18, 12, 6, 3, 16, 15, 13, 2, 1, 6, 15, 8, 16, 9, 18, 9, 6, 3, 16, 18, 2, 17, 13, 5, 13, 13, 1, 12, 19, 7, 17, 13, 12, 10, 2, 15, 11, 4, 18, 8, 14, 5, 10, 10, 7, 7, 12, 19, 10, 17, 5, 14, 12, 10, 3, 1, 7, 6, 13, 19, 4, 18, 9, 1, 20, 2, 7, 17, 8, 17, 6, 20, 9, 3, 9, 4, 14, 4, 14, 17, 14, 6, 13, 6, 17, 7, 19, 13, 14, 12, 18, 9]
bestever    2945    in generation 2
[11, 10, 20, 10, 4, 19, 5, 17, 19, 16, 4, 20, 19, 20, 13, 20, 16, 17, 1, 5, 11, 10, 11, 15, 8, 1, 1, 8, 11, 2, 3, 2, 5, 8, 11, 16, 11, 12, 5, 12, 20, 8, 12, 2, 1, 8, 2, 20, 14, 10, 12, 8, 5, 2, 20, 17, 9, 7, 9, 13, 7, 17, 14, 13, 19, 9, 2, 17, 9, 11, 6, 17, 14, 1, 4, 20, 8, 14, 20, 4, 12, 19, 3, 6, 18, 2, 1, 3, 18, 16, 2, 5, 4, 15, 10, 17, 14, 3, 7, 16, 16, 9, 18, 3, 18, 3, 13, 2, 5, 6, 14, 8, 7, 5, 20, 1, 18, 6, 12, 9, 16, 9, 18, 9, 6, 3, 16, 7, 9, 15, 15, 13, 18, 12, 13, 6, 15, 3, 16, 15, 13, 2, 1, 6, 15, 8, 18, 8, 14, 5, 10, 10, 7, 7, 12, 19, 10, 17, 5, 14, 12, 10, 3, 1, 7, 6, 13, 19, 4, 18, 1, 4, 4, 16, 3, 14, 7, 7, 6, 18, 9, 15, 4, 14, 4, 17, 6, 13, 17, 19, 13, 12, 19, 15, 19, 15, 11, 11, 11, 10]
bestever    2935    in generation 8
[11, 11, 10, 11, 10, 20, 10, 5, 16, 4, 4, 20, 20, 12, 18, 7, 6, 9, 14, 13, 20, 16, 1, 5, 11, 4, 15, 8, 1, 1, 8, 11, 2, 3, 2, 5, 8, 16, 11, 12, 5, 16, 12, 7, 20, 8, 12, 2, 1, 8, 2, 4, 12, 12, 8, 3, 5, 2, 2, 1, 3, 18, 16, 2, 5, 4, 3, 16, 16, 18, 3, 18, 3, 5, 20, 12, 9, 9, 13, 18, 2, 8, 20, 11, 19, 1, 12, 15, 8, 8, 15, 11, 16, 10, 19, 10, 5, 10, 19, 7, 17, 20, 9, 19, 17, 3, 1, 7, 6, 15, 15, 13, 18, 13, 6, 3, 16, 15, 13, 1, 6, 15, 18, 8, 14, 5, 9, 2, 17, 6, 20, 9, 15, 11, 4, 6, 10, 16, 6, 10, 7, 7, 19, 10, 17, 5, 14, 12, 10, 3, 1, 7, 6, 13, 19, 18, 9, 1, 20, 2, 7, 17, 17, 6, 9, 3, 9, 4, 14, 4, 14, 17, 14, 13, 6, 17, 7, 19, 13, 14, 12, 18, 9, 4, 14, 4, 14, 17, 14, 13, 17, 7, 19, 13, 18, 19, 15, 19, 15, 11]
bestever    2857    in generation 9
[11, 10, 20, 10, 5, 16, 4, 4, 20, 20, 12, 18, 7, 14, 20, 16, 1, 5, 4, 8, 1, 1, 8, 11, 2, 3, 2, 5, 8, 16, 11, 12, 5, 16, 12, 14, 20, 8, 12, 2, 1, 8, 2, 4, 12, 12, 8, 3, 5, 2, 2, 1, 3, 16, 2, 5, 4, 12, 2, 8, 11, 4, 1, 12, 8, 15, 11, 16, 10, 10, 5, 10, 19, 7, 17, 20, 3, 7, 16, 16, 18, 3, 18, 3, 5, 20, 6, 9, 9, 13, 18, 13, 13, 15, 18, 9, 8, 17, 20, 9, 15, 11, 4, 19, 17, 3, 1, 7, 6, 15, 15, 13, 18, 13, 6, 3, 16, 15, 13, 1, 6, 15, 18, 8, 14, 5, 9, 2, 17, 6, 20, 9, 15, 11, 4, 6, 10, 16, 6, 10, 7, 7, 19, 10, 17, 5, 14, 12, 10, 3, 1, 7, 6, 13, 19, 18, 9, 1, 20, 2, 7, 17, 17, 6, 9, 3, 9, 4, 14, 4, 14, 17, 14, 13, 6, 17, 7, 19, 13, 14, 12, 18, 9, 19, 15, 19, 14, 17, 14, 13, 7, 19, 18, 19, 15, 19, 11, 11, 11, 10]
bestever    2817    in generation 12
[15, 11, 4, 6, 7, 7, 12, 10, 16, 1, 5, 4, 8, 1, 1, 8, 11, 2, 3, 2, 5, 8, 16, 11, 12, 5, 16, 12, 20, 8, 12, 2, 1, 8, 2, 4, 12, 12, 8, 3, 5, 2, 2, 1, 3, 16, 2, 5, 4, 12, 8, 11, 4, 1, 12, 8, 15, 11, 16, 10, 10, 5, 10, 20, 3, 16, 16, 18, 3, 18, 3, 5, 20, 9, 18, 8, 20, 4, 1, 16, 15, 5, 20, 15, 11, 10, 19, 17, 14, 13, 19, 18, 9, 20, 14, 12, 7, 18, 20, 20, 11, 10, 19, 19, 14, 19, 11, 7, 6, 15, 15, 13, 18, 13, 6, 3, 16, 15, 13, 1, 6, 15, 18, 8, 14, 5, 9, 2, 17, 6, 20, 9, 15, 11, 4, 6, 10, 16, 6, 10, 7, 7, 19, 10, 17, 5, 14, 12, 10, 3, 1, 7, 6, 13, 19, 18, 9, 1, 20, 2, 7, 17, 17, 6, 9, 3, 9, 4, 14, 4, 14, 17, 14, 13, 6, 17, 7, 19, 13, 14, 14, 19, 17, 17, 9, 11, 4, 19, 17, 7, 13, 18, 13, 3, 13, 15, 18, 9, 2, 9]
bestever    2689    in generation 15
[10, 20, 10, 5, 16, 4, 4, 20, 20, 12, 18, 7, 14, 20, 16, 1, 5, 4, 8, 1, 1, 8, 11, 2, 3, 2, 5, 8, 16, 11, 12, 5, 16, 12, 20, 8, 12, 2, 1, 8, 2, 4, 12, 12, 8, 3, 5, 2, 2, 1, 3, 16, 2, 5, 4, 12, 2, 8, 4, 1, 12, 8, 15, 11, 16, 10, 10, 5, 7, 17, 20, 3, 7, 16, 16, 18, 3, 18, 3, 5, 20, 6, 9, 11, 10, 19, 14, 10, 9, 13, 18, 13, 13, 15, 18, 9, 8, 17, 20, 9, 15, 11, 4, 19, 17, 3, 1, 7, 6, 15, 15, 13, 18, 13, 6, 3, 16, 15, 13, 1, 6, 15, 18, 8, 14, 5, 9, 2, 17, 6, 20, 9, 15, 11, 4, 6, 10, 16, 6, 10, 7, 7, 19, 10, 17, 5, 14, 12, 10, 3, 1, 7, 6, 13, 19, 18, 9, 1, 20, 2, 7, 17, 17, 6, 9, 3, 9, 4, 14, 4, 14, 17, 14, 13, 6, 17, 7, 19, 13, 14, 12, 18, 9, 19, 15, 19, 14, 17, 14, 13, 7, 19, 18, 19, 15, 19, 11, 11, 11, 11]
bestever    2663    in generation 28
[10, 20, 10, 5, 16, 4, 4, 20, 20, 12, 18, 7, 14, 20, 16, 1, 5, 4, 8, 1, 1, 8, 2, 3, 2, 5, 8, 16, 12, 5, 16, 12, 8, 12, 2, 1, 8, 2, 4, 12, 12, 8, 3, 5, 2, 2, 1, 3, 16, 2, 5, 4, 12, 8, 4, 12, 8, 16, 10, 10, 5, 7, 17, 3, 7, 16, 18, 3, 3, 6, 9, 14, 9, 13, 9, 11, 16, 10, 5, 10, 20, 18, 4, 13, 15, 18, 20, 8, 17, 20, 9, 15, 11, 13, 19, 17, 3, 1, 15, 18, 14, 9, 2, 17, 6, 20, 1, 7, 15, 15, 13, 18, 13, 6, 3, 16, 15, 13, 1, 6, 15, 18, 8, 14, 5, 9, 2, 17, 6, 20, 9, 11, 4, 6, 10, 16, 6, 10, 7, 7, 19, 10, 17, 5, 14, 12, 10, 3, 1, 7, 6, 13, 19, 18, 1, 20, 2, 7, 17, 6, 9, 3, 9, 4, 4, 14, 17, 14, 13, 6, 17, 7, 19, 13, 14, 12, 18, 9, 19, 15, 19, 14, 17, 14, 13, 7, 19, 18, 19, 15, 19, 11, 11, 11, 15, 19, 11, 11, 11, 11]
bestever    2502    in generation 36
[8, 1, 8, 2, 3, 2, 5, 8, 16, 12, 5, 16, 12, 8, 12, 2, 8, 2, 4, 12, 12, 8, 3, 5, 2, 1, 3, 16, 2, 2, 4, 12, 4, 16, 10, 10, 5, 7, 16, 14, 5, 18, 4, 20, 1, 5, 20, 1, 20, 1, 20, 4, 12, 8, 4, 12, 8, 16, 10, 10, 5, 7, 17, 3, 7, 16, 18, 3, 3, 6, 9, 14, 9, 13, 9, 11, 16, 10, 5, 10, 20, 18, 4, 13, 15, 18, 20, 8, 17, 20, 9, 15, 11, 13, 19, 17, 3, 1, 15, 18, 14, 9, 2, 17, 6, 20, 1, 7, 15, 15, 13, 18, 13, 6, 3, 16, 15, 13, 1, 6, 15, 18, 8, 14, 5, 9, 2, 17, 6, 20, 9, 11, 4, 6, 10, 16, 6, 10, 7, 7, 19, 10, 17, 5, 14, 12, 10, 3, 1, 7, 6, 13, 19, 18, 1, 20, 2, 7, 17, 6, 9, 3, 9, 4, 4, 14, 17, 14, 13, 6, 17, 7, 19, 13, 14, 12, 18, 9, 19, 15, 19, 14, 17, 14, 13, 7, 19, 18, 19, 15, 19, 11, 11, 11, 15, 19, 11, 11, 11, 11]
bestever    2476    in generation 40
[8, 1, 8, 2, 3, 2, 5, 8, 16, 12, 5, 16, 12, 8, 12, 2, 10, 2, 4, 12, 12, 8, 3, 5, 2, 1, 3, 16, 2, 2, 4, 12, 4, 16, 10, 10, 5, 7, 16, 14, 5, 18, 4, 20, 1, 5, 20, 1, 20, 1, 20, 4, 12, 8, 4, 12, 8, 16, 10, 10, 5, 7, 17, 3, 7, 16, 18, 3, 3, 6, 9, 14, 9, 13, 9, 11, 16, 10, 5, 10, 20, 18, 4, 13, 15, 18, 20, 8, 17, 20, 9, 15, 11, 13, 19, 17, 3, 1, 15, 18, 14, 9, 2, 17, 6, 20, 1, 7, 15, 15, 13, 18, 13, 6, 3, 16, 15, 13, 1, 6, 15, 18, 8, 14, 5, 9, 2, 17, 6, 20, 9, 11, 4, 6, 10, 16, 6, 10, 7, 7, 19, 10, 17, 5, 14, 12, 8, 3, 1, 7, 6, 13, 19, 18, 1, 20, 2, 7, 17, 6, 9, 3, 9, 4, 4, 14, 17, 14, 13, 6, 17, 7, 19, 13, 14, 12, 18, 9, 19, 15, 19, 14, 17, 14, 13, 7, 19, 18, 19, 15, 19, 11, 11, 11, 15, 19, 11, 11, 11, 11]
bestever    2457    in generation 46
[8, 1, 8, 2, 3, 2, 5, 8, 16, 12, 5, 16, 12, 8, 12, 2, 10, 2, 4, 12, 12, 8, 3, 5, 2, 1, 3, 16, 2, 2, 4, 12, 4, 16, 10, 10, 5, 7, 16, 14, 5, 18, 4, 20, 1, 5, 20, 1, 20, 1, 20, 12, 8, 4, 12, 8, 16, 10, 5, 7, 17, 3, 7, 16, 18, 3, 3, 9, 14, 9, 13, 9, 11, 10, 5, 10, 20, 18, 4, 13, 15, 18, 20, 8, 17, 20, 9, 15, 11, 13, 19, 17, 3, 1, 15, 18, 14, 9, 2, 17, 6, 1, 7, 15, 15, 13, 18, 13, 6, 3, 16, 15, 13, 1, 6, 15, 18, 8, 14, 5, 9, 2, 17, 6, 20, 20, 4, 6, 10, 16, 9, 11, 4, 6, 10, 16, 6, 10, 7, 7, 19, 10, 17, 5, 14, 12, 8, 3, 1, 7, 6, 13, 19, 18, 1, 20, 2, 7, 17, 6, 9, 3, 9, 4, 4, 14, 17, 14, 13, 6, 17, 7, 19, 13, 14, 12, 18, 9, 19, 15, 19, 14, 17, 14, 13, 7, 19, 18, 19, 15, 19, 11, 11, 11, 15, 19, 11, 11, 11, 11]
bestever    2436    in generation 47
[8, 1, 8, 2, 3, 2, 5, 8, 16, 12, 5, 16, 12, 8, 12, 2, 10, 2, 4, 12, 12, 8, 3, 5, 2, 1, 3, 16, 2, 2, 4, 12, 4, 16, 10, 10, 5, 7, 16, 14, 5, 18, 4, 20, 1, 5, 20, 1, 20, 1, 20, 4, 12, 8, 4, 12, 8, 16, 10, 10, 5, 7, 17, 3, 7, 16, 18, 3, 3, 6, 9, 14, 9, 13, 9, 11, 16, 10, 5, 10, 20, 18, 4, 13, 15, 18, 20, 8, 17, 20, 9, 15, 11, 13, 19, 17, 3, 1, 15, 18, 14, 9, 2, 17, 6, 20, 1, 7, 15, 15, 13, 18, 13, 6, 3, 16, 15, 13, 1, 7, 15, 18, 8, 14, 5, 9, 2, 17, 6, 20, 9, 11, 4, 6, 10, 16, 6, 10, 6, 7, 19, 10, 17, 5, 14, 12, 8, 3, 1, 7, 6, 13, 19, 18, 1, 20, 2, 7, 17, 6, 9, 3, 9, 4, 4, 14, 17, 14, 13, 6, 17, 7, 19, 13, 14, 12, 18, 9, 19, 15, 19, 14, 17, 14, 13, 7, 19, 18, 19, 15, 19, 11, 11, 11, 15, 19, 11, 11, 11, 11]
bestever    2417    in generation 52
[8, 1, 8, 2, 3, 2, 5, 8, 16, 12, 5, 16, 12, 8, 12, 2, 10, 2, 4, 12, 12, 8, 3, 5, 2, 1, 3, 16, 2, 2, 4, 12, 4, 16, 10, 10, 5, 7, 16, 14, 5, 18, 4, 20, 1, 5, 20, 1, 20, 1, 20, 4, 12, 8, 4, 12, 8, 16, 10, 10, 5, 7, 17, 3, 7, 16, 18, 3, 3, 6, 9, 14, 9, 13, 9, 11, 16, 10, 5, 10, 20, 18, 4, 13, 15, 18, 20, 8, 17, 20, 9, 15, 11, 13, 19, 17, 3, 1, 15, 18, 14, 9, 2, 17, 6, 20, 1, 7, 15, 15, 13, 18, 13, 6, 4, 16, 15, 13, 1, 7, 15, 18, 8, 14, 5, 9, 2, 17, 6, 20, 9, 11, 4, 6, 10, 16, 6, 10, 6, 7, 19, 10, 17, 5, 14, 12, 8, 3, 1, 7, 6, 13, 19, 18, 1, 20, 2, 7, 17, 6, 9, 3, 9, 4, 3, 14, 17, 14, 13, 6, 17, 7, 19, 13, 14, 12, 18, 9, 19, 15, 19, 14, 17, 14, 13, 7, 19, 18, 19, 15, 19, 11, 11, 11, 15, 19, 11, 11, 11, 11]
bestever    2407    in generation 56
[8, 1, 8, 2, 3, 2, 5, 8, 16, 12, 5, 16, 12, 8, 12, 2, 10, 14, 4, 12, 12, 8, 3, 5, 2, 1, 3, 16, 2, 2, 4, 12, 4, 16, 10, 10, 5, 7, 16, 2, 5, 18, 4, 20, 1, 5, 20, 1, 20, 1, 20, 4, 12, 8, 4, 12, 8, 16, 10, 10, 5, 7, 17, 3, 7, 16, 18, 3, 3, 6, 9, 14, 9, 13, 9, 11, 16, 10, 5, 10, 20, 18, 4, 13, 15, 18, 20, 8, 17, 20, 9, 15, 11, 13, 19, 17, 3, 1, 15, 18, 14, 9, 2, 17, 6, 20, 1, 7, 15, 15, 13, 18, 13, 6, 4, 16, 15, 13, 1, 7, 15, 18, 8, 14, 5, 9, 2, 17, 6, 20, 9, 11, 4, 6, 10, 16, 6, 10, 6, 7, 19, 10, 17, 5, 14, 12, 8, 3, 1, 7, 6, 13, 19, 18, 1, 20, 2, 7, 17, 6, 9, 3, 9, 4, 3, 14, 17, 14, 13, 6, 17, 7, 19, 13, 14, 12, 18, 9, 19, 15, 19, 14, 17, 14, 13, 7, 19, 18, 19, 15, 19, 11, 11, 11, 15, 19, 11, 11, 11, 11]
bestever    2402    in generation 61
[8, 1, 8, 2, 3, 2, 5, 8, 16, 12, 5, 16, 12, 8, 12, 2, 10, 14, 4, 12, 12, 8, 3, 5, 2, 1, 3, 16, 2, 2, 4, 12, 4, 16, 10, 10, 5, 7, 16, 2, 5, 18, 4, 20, 1, 5, 20, 1, 20, 1, 20, 4, 12, 8, 4, 12, 8, 16, 10, 10, 5, 7, 17, 3, 7, 16, 18, 3, 3, 6, 9, 9, 13, 9, 11, 16, 10, 5, 10, 20, 18, 4, 13, 15, 18, 20, 8, 17, 20, 9, 15, 11, 13, 19, 17, 3, 1, 15, 18, 14, 9, 2, 17, 6, 20, 1, 7, 15, 15, 13, 18, 13, 6, 4, 16, 15, 13, 1, 7, 15, 18, 8, 14, 5, 9, 2, 17, 6, 20, 9, 11, 4, 6, 10, 16, 6, 10, 6, 7, 19, 10, 5, 14, 12, 8, 3, 1, 7, 6, 13, 19, 18, 1, 20, 2, 7, 17, 6, 3, 9, 14, 17, 9, 4, 3, 14, 17, 14, 13, 6, 17, 7, 19, 13, 14, 12, 18, 9, 19, 15, 19, 14, 17, 14, 13, 7, 19, 18, 19, 15, 19, 11, 11, 11, 15, 19, 11, 11, 11, 11]
bestever    2356    in generation 64
[8, 1, 8, 2, 3, 2, 5, 8, 16, 12, 5, 16, 12, 8, 12, 2, 10, 14, 4, 12, 12, 8, 3, 5, 2, 1, 3, 16, 2, 2, 4, 12, 4, 16, 10, 10, 5, 7, 16, 2, 5, 18, 4, 20, 1, 5, 20, 1, 20, 1, 20, 4, 12, 8, 4, 12, 8, 16, 10, 10, 5, 7, 17, 3, 7, 16, 18, 3, 3, 6, 9, 9, 13, 9, 11, 16, 10, 5, 10, 20, 18, 4, 13, 15, 18, 20, 8, 17, 20, 9, 15, 11, 13, 19, 17, 3, 1, 15, 18, 14, 9, 2, 17, 6, 20, 1, 7, 15, 15, 13, 18, 13, 6, 4, 16, 15, 13, 1, 7, 15, 18, 8, 14, 5, 9, 2, 17, 6, 20, 9, 11, 4, 6, 10, 16, 6, 10, 6, 7, 19, 10, 5, 14, 12, 8, 3, 1, 7, 6, 13, 19, 19, 1, 20, 2, 7, 17, 6, 3, 9, 14, 17, 9, 4, 3, 14, 17, 14, 13, 6, 17, 7, 19, 13, 14, 12, 18, 9, 19, 15, 19, 14, 17, 14, 13, 7, 19, 18, 19, 15, 19, 11, 11, 11, 15, 18, 11, 11, 11, 11]
bestever    2352    in generation 89
[8, 1, 8, 2, 3, 2, 5, 8, 16, 12, 5, 16, 12, 8, 12, 2, 10, 14, 4, 12, 12, 8, 3, 5, 2, 1, 3, 16, 2, 2, 4, 12, 4, 16, 10, 10, 5, 7, 16, 2, 5, 18, 4, 20, 1, 5, 20, 1, 20, 1, 20, 4, 12, 8, 4, 12, 8, 16, 10, 10, 5, 7, 17, 3, 7, 16, 18, 3, 3, 6, 9, 9, 13, 9, 11, 16, 10, 5, 10, 20, 18, 4, 13, 15, 18, 20, 8, 17, 20, 9, 15, 11, 13, 19, 17, 3, 1, 15, 18, 14, 9, 2, 17, 6, 20, 9, 7, 15, 15, 13, 18, 13, 6, 4, 16, 15, 13, 1, 7, 15, 18, 8, 14, 5, 9, 2, 17, 6, 20, 1, 11, 4, 6, 10, 16, 6, 10, 6, 7, 19, 10, 5, 14, 12, 8, 3, 1, 7, 6, 13, 19, 19, 1, 20, 2, 7, 17, 6, 3, 9, 14, 17, 9, 4, 3, 14, 17, 14, 13, 6, 17, 7, 19, 13, 14, 12, 18, 9, 19, 15, 19, 14, 17, 14, 13, 7, 19, 18, 19, 15, 19, 11, 11, 11, 15, 18, 11, 11, 11, 11]
bestever    2340    in generation 91
[8, 1, 8, 2, 3, 2, 5, 8, 16, 12, 5, 16, 12, 8, 12, 2, 10, 14, 4, 12, 17, 8, 3, 5, 2, 1, 3, 16, 2, 2, 4, 12, 4, 16, 10, 10, 5, 7, 16, 2, 5, 18, 4, 20, 1, 5, 20, 1, 20, 1, 20, 4, 12, 8, 4, 12, 8, 16, 10, 10, 5, 7, 17, 3, 7, 16, 18, 3, 3, 6, 9, 9, 13, 9, 11, 16, 10, 5, 10, 20, 18, 4, 13, 15, 18, 20, 8, 17, 20, 9, 15, 11, 13, 19, 17, 3, 1, 15, 18, 14, 9, 2, 17, 6, 20, 1, 7, 15, 15, 13, 18, 13, 6, 4, 16, 15, 13, 1, 7, 15, 18, 8, 14, 5, 9, 2, 17, 6, 20, 9, 11, 4, 6, 10, 16, 6, 10, 6, 7, 19, 10, 5, 14, 12, 8, 3, 1, 7, 6, 13, 19, 19, 1, 20, 2, 7, 17, 6, 3, 9, 14, 12, 9, 4, 3, 14, 17, 14, 13, 6, 17, 7, 19, 13, 14, 12, 18, 9, 19, 15, 19, 14, 17, 14, 13, 7, 19, 18, 19, 15, 19, 11, 11, 11, 15, 18, 11, 11, 11, 11]
bestever    2335    in generation 102
[8, 1, 8, 2, 3, 2, 5, 8, 16, 12, 5, 16, 12, 8, 12, 2, 10, 14, 4, 12, 17, 8, 3, 5, 2, 1, 3, 16, 2, 2, 4, 12, 4, 16, 10, 10, 5, 7, 16, 2, 5, 18, 4, 20, 1, 5, 20, 1, 20, 1, 20, 4, 12, 8, 4, 12, 8, 16, 10, 10, 5, 7, 17, 3, 7, 16, 18, 3, 3, 6, 9, 9, 13, 9, 11, 16, 10, 5, 10, 20, 18, 4, 13, 15, 18, 20, 8, 17, 20, 9, 15, 11, 13, 19, 17, 3, 1, 15, 18, 14, 9, 2, 17, 6, 20, 1, 7, 15, 15, 13, 18, 13, 6, 4, 16, 9, 13, 1, 7, 15, 18, 8, 14, 5, 9, 2, 17, 6, 20, 15, 11, 4, 6, 10, 16, 6, 10, 6, 7, 19, 10, 5, 14, 12, 8, 3, 1, 7, 6, 13, 19, 19, 1, 20, 2, 7, 17, 6, 3, 9, 14, 12, 9, 4, 3, 14, 17, 14, 13, 6, 17, 7, 19, 13, 14, 12, 18, 9, 19, 15, 19, 14, 17, 14, 13, 7, 19, 18, 19, 15, 19, 11, 11, 11, 15, 18, 11, 11, 11, 11]
bestever    2311    in generation 115
[8, 1, 8, 2, 3, 2, 5, 8, 16, 12, 5, 16, 12, 8, 12, 2, 10, 14, 4, 12, 17, 8, 3, 5, 2, 1, 3, 16, 2, 2, 4, 12, 4, 16, 10, 10, 5, 7, 16, 2, 5, 18, 4, 20, 1, 5, 20, 1, 20, 1, 20, 4, 12, 8, 4, 12, 8, 16, 10, 10, 5, 7, 9, 3, 7, 16, 18, 3, 3, 6, 9, 9, 13, 9, 11, 16, 10, 5, 10, 20, 18, 4, 13, 15, 18, 20, 8, 17, 20, 9, 15, 11, 13, 17, 3, 1, 15, 18, 14, 17, 2, 17, 6, 20, 1, 7, 15, 15, 13, 13, 6, 4, 16, 15, 13, 1, 7, 15, 18, 8, 5, 9, 2, 17, 6, 20, 9, 11, 4, 6, 10, 16, 6, 10, 6, 7, 10, 5, 12, 8, 3, 1, 7, 6, 19, 19, 1, 20, 2, 6, 14, 17, 7, 19, 13, 14, 18, 19, 3, 9, 14, 12, 9, 4, 3, 14, 17, 14, 13, 6, 17, 7, 19, 13, 14, 12, 18, 9, 19, 15, 19, 14, 17, 14, 13, 7, 19, 18, 19, 15, 19, 11, 11, 11, 15, 18, 11, 11, 11, 11]
bestever    2291    in generation 124
[8, 1, 8, 2, 3, 2, 12, 8, 16, 12, 5, 16, 12, 8, 12, 2, 10, 14, 4, 12, 17, 8, 3, 5, 2, 1, 3, 16, 2, 2, 4, 5, 4, 16, 10, 10, 5, 7, 16, 20, 5, 18, 4, 20, 1, 5, 20, 1, 20, 1, 2, 4, 12, 8, 4, 12, 8, 16, 10, 10, 5, 7, 9, 3, 7, 16, 18, 3, 3, 6, 9, 9, 13, 9, 11, 16, 10, 5, 10, 20, 18, 4, 13, 15, 18, 20, 8, 17, 20, 9, 15, 11, 13, 19, 17, 3, 1, 15, 18, 14, 17, 2, 17, 6, 20, 1, 7, 15, 15, 13, 18, 13, 6, 4, 16, 15, 13, 1, 7, 15, 18, 8, 14, 5, 9, 2, 17, 6, 20, 9, 11, 4, 6, 10, 16, 6, 10, 6, 7, 19, 10, 5, 14, 12, 8, 3, 1, 7, 6, 13, 19, 19, 1, 20, 2, 7, 17, 6, 3, 9, 14, 12, 9, 4, 3, 14, 17, 14, 13, 6, 17, 7, 19, 13, 14, 12, 18, 9, 19, 15, 19, 14, 17, 14, 13, 7, 19, 18, 19, 15, 19, 11, 11, 11, 15, 18, 11, 11, 11, 11]
bestever    2275    in generation 131
[8, 1, 8, 2, 3, 2, 12, 8, 16, 12, 5, 16, 12, 8, 12, 2, 10, 14, 4, 12, 17, 8, 3, 5, 2, 1, 3, 16, 2, 2, 4, 5, 4, 16, 10, 10, 5, 7, 16, 20, 5, 18, 4, 20, 1, 5, 3, 1, 20, 1, 2, 4, 12, 8, 4, 12, 8, 16, 10, 10, 5, 7, 9, 3, 7, 16, 18, 3, 3, 6, 9, 9, 13, 9, 11, 16, 10, 5, 10, 20, 18, 4, 13, 15, 18, 20, 8, 17, 20, 9, 15, 11, 13, 19, 17, 3, 1, 15, 18, 14, 17, 2, 17, 6, 20, 1, 7, 15, 15, 13, 18, 13, 6, 4, 16, 15, 13, 1, 7, 15, 18, 8, 14, 5, 9, 2, 17, 6, 20, 9, 11, 4, 6, 10, 16, 6, 10, 6, 7, 19, 10, 5, 14, 12, 8, 3, 1, 7, 6, 13, 19, 19, 1, 20, 2, 7, 17, 6, 20, 9, 14, 12, 9, 4, 3, 14, 17, 14, 13, 6, 17, 7, 19, 13, 14, 12, 18, 9, 19, 15, 19, 14, 17, 14, 13, 7, 19, 18, 19, 15, 19, 11, 11, 11, 15, 18, 11, 11, 11, 11]
bestever    2267    in generation 134
[8, 1, 8, 2, 3, 2, 12, 8, 16, 12, 5, 16, 12, 8, 12, 2, 10, 14, 4, 12, 17, 8, 3, 5, 2, 1, 3, 16, 2, 2, 4, 5, 4, 16, 10, 10, 5, 7, 16, 20, 5, 18, 4, 20, 1, 5, 20, 1, 20, 1, 2, 4, 12, 8, 4, 12, 8, 16, 10, 10, 5, 7, 9, 3, 7, 16, 18, 3, 3, 6, 9, 9, 13, 9, 11, 16, 10, 5, 10, 20, 18, 4, 13, 15, 18, 20, 8, 17, 20, 9, 15, 11, 13, 19, 17, 3, 1, 15, 18, 14, 17, 2, 17, 6, 20, 1, 7, 15, 15, 13, 18, 13, 6, 4, 16, 15, 1, 7, 15, 18, 8, 14, 5, 9, 2, 17, 6, 20, 9, 11, 4, 6, 10, 16, 6, 10, 6, 7, 19, 10, 5, 14, 12, 8, 3, 1, 7, 6, 13, 19, 19, 1, 20, 2, 7, 17, 6, 3, 9, 14, 12, 9, 4, 3, 14, 17, 14, 13, 13, 6, 17, 7, 19, 13, 14, 12, 18, 9, 19, 15, 19, 14, 17, 14, 13, 7, 19, 18, 19, 15, 19, 11, 11, 11, 15, 18, 11, 11, 11, 11]
bestever    2256    in generation 171
[8, 1, 8, 2, 3, 2, 12, 8, 16, 12, 5, 16, 12, 8, 12, 2, 10, 14, 4, 12, 17, 8, 3, 5, 2, 1, 3, 16, 2, 2, 4, 5, 4, 16, 10, 10, 5, 7, 16, 20, 5, 18, 4, 20, 1, 5, 20, 1, 20, 1, 2, 4, 12, 8, 4, 12, 8, 16, 10, 10, 5, 7, 9, 3, 7, 16, 18, 7, 3, 6, 9, 9, 13, 9, 16, 10, 5, 10, 20, 18, 4, 13, 15, 18, 20, 8, 17, 20, 9, 15, 13, 19, 17, 3, 1, 15, 18, 14, 17, 2, 17, 6, 20, 1, 3, 15, 15, 13, 11, 18, 13, 6, 4, 16, 15, 1, 7, 15, 18, 8, 14, 5, 9, 2, 17, 6, 20, 9, 4, 6, 10, 16, 6, 10, 6, 7, 19, 10, 5, 14, 12, 8, 3, 1, 7, 6, 13, 19, 19, 1, 20, 2, 7, 11, 11, 17, 6, 3, 9, 14, 12, 9, 4, 3, 14, 17, 14, 13, 13, 6, 17, 7, 19, 13, 14, 12, 18, 9, 19, 15, 19, 14, 17, 14, 13, 7, 19, 18, 19, 15, 19, 11, 11, 11, 15, 18, 11, 11, 11, 11]
bestever    2200    in generation 187
[8, 1, 8, 2, 3, 2, 12, 8, 16, 12, 5, 16, 12, 8, 12, 2, 10, 14, 4, 12, 17, 8, 3, 5, 2, 1, 3, 16, 2, 2, 4, 5, 4, 16, 10, 10, 5, 7, 16, 20, 5, 18, 4, 20, 1, 5, 20, 1, 20, 1, 2, 4, 12, 8, 4, 12, 8, 16, 10, 10, 5, 7, 9, 3, 7, 16, 18, 7, 3, 6, 9, 9, 13, 9, 16, 10, 5, 10, 20, 18, 4, 13, 15, 18, 20, 8, 17, 20, 9, 15, 13, 19, 17, 3, 1, 15, 18, 14, 17, 2, 17, 6, 20, 1, 3, 15, 15, 13, 11, 13, 6, 4, 16, 1, 7, 15, 18, 8, 14, 5, 9, 2, 17, 6, 20, 9, 4, 6, 10, 16, 6, 10, 6, 7, 10, 5, 14, 12, 8, 3, 1, 7, 6, 13, 1, 20, 2, 11, 11, 17, 6, 3, 9, 14, 12, 9, 4, 3, 14, 13, 6, 17, 7, 19, 13, 14, 18, 19, 15, 19, 17, 7, 19, 13, 14, 12, 18, 9, 19, 15, 19, 14, 17, 14, 13, 7, 19, 18, 19, 15, 19, 11, 11, 11, 15, 18, 11, 11, 11, 11]
bestever    2196    in generation 215
[8, 1, 8, 2, 3, 2, 12, 8, 16, 12, 5, 16, 12, 8, 12, 2, 10, 14, 4, 12, 17, 8, 3, 5, 2, 1, 3, 16, 2, 2, 4, 5, 4, 16, 10, 10, 5, 7, 16, 20, 5, 18, 4, 20, 1, 5, 20, 1, 20, 1, 2, 4, 12, 8, 4, 12, 8, 16, 10, 10, 5, 7, 9, 3, 7, 16, 18, 7, 3, 6, 9, 9, 13, 9, 16, 10, 5, 10, 20, 18, 4, 13, 15, 18, 20, 8, 17, 20, 9, 15, 13, 19, 17, 3, 1, 15, 18, 14, 17, 2, 17, 6, 20, 1, 3, 15, 15, 13, 11, 13, 6, 4, 16, 1, 7, 15, 18, 8, 14, 5, 9, 2, 17, 6, 20, 9, 4, 6, 10, 16, 6, 10, 6, 7, 10, 5, 14, 12, 8, 3, 1, 7, 6, 13, 1, 20, 2, 11, 11, 17, 6, 3, 9, 14, 12, 9, 4, 3, 14, 13, 6, 7, 17, 19, 13, 14, 18, 19, 15, 19, 17, 7, 19, 13, 14, 12, 18, 9, 19, 15, 19, 14, 17, 14, 13, 7, 19, 18, 19, 15, 19, 11, 11, 11, 15, 18, 11, 11, 11, 11]
bestever    2193    in generation 221
[8, 1, 8, 2, 3, 2, 12, 8, 13, 12, 5, 16, 12, 8, 12, 2, 10, 14, 4, 12, 17, 8, 3, 5, 2, 1, 3, 16, 2, 2, 4, 5, 4, 16, 10, 10, 5, 7, 16, 17, 5, 18, 4, 20, 1, 5, 20, 1, 20, 1, 2, 4, 12, 8, 4, 12, 8, 16, 10, 10, 5, 7, 9, 3, 7, 16, 18, 7, 3, 6, 9, 9, 13, 9, 16, 10, 5, 10, 20, 18, 4, 13, 15, 18, 20, 8, 17, 20, 9, 15, 13, 19, 17, 3, 1, 15, 18, 14, 17, 2, 17, 6, 20, 1, 3, 15, 15, 16, 11, 13, 6, 4, 16, 1, 7, 15, 18, 8, 14, 5, 9, 2, 17, 6, 20, 9, 4, 6, 10, 16, 6, 10, 6, 7, 10, 5, 14, 12, 8, 3, 1, 7, 6, 13, 1, 20, 2, 11, 11, 20, 6, 3, 9, 14, 12, 9, 4, 3, 14, 13, 6, 17, 7, 19, 13, 14, 18, 19, 15, 19, 17, 7, 19, 13, 14, 12, 18, 9, 19, 15, 19, 14, 17, 14, 13, 7, 19, 18, 19, 15, 19, 11, 11, 11, 15, 18, 11, 11, 11, 11]
bestever    2188    in generation 222
[8, 1, 8, 2, 3, 2, 12, 8, 16, 12, 5, 16, 12, 8, 12, 2, 10, 14, 4, 12, 17, 8, 3, 5, 2, 1, 3, 16, 2, 2, 4, 5, 4, 16, 10, 10, 5, 7, 16, 20, 5, 18, 4, 20, 1, 5, 20, 1, 20, 1, 2, 4, 12, 8, 4, 12, 9, 16, 10, 10, 5, 7, 8, 3, 7, 16, 18, 7, 3, 6, 9, 9, 13, 9, 16, 10, 5, 10, 20, 18, 4, 13, 15, 18, 20, 8, 17, 20, 9, 15, 13, 19, 17, 3, 1, 15, 18, 14, 17, 2, 17, 6, 20, 1, 3, 15, 15, 13, 11, 13, 6, 4, 16, 1, 7, 15, 18, 8, 14, 5, 9, 2, 17, 6, 20, 9, 4, 6, 10, 16, 6, 10, 6, 7, 10, 5, 14, 12, 8, 3, 1, 7, 6, 13, 1, 20, 2, 11, 11, 17, 6, 3, 9, 14, 12, 9, 4, 3, 14, 13, 6, 7, 17, 19, 13, 14, 18, 19, 15, 19, 17, 7, 19, 13, 14, 12, 18, 9, 19, 15, 19, 14, 17, 14, 13, 7, 19, 18, 19, 15, 19, 11, 11, 11, 15, 18, 11, 11, 11, 11]
bestever    2172    in generation 253
[8, 1, 8, 2, 3, 2, 12, 8, 16, 12, 5, 16, 12, 8, 12, 2, 10, 14, 4, 12, 17, 8, 3, 5, 2, 1, 3, 16, 2, 2, 4, 5, 4, 16, 10, 10, 5, 7, 10, 20, 5, 18, 4, 20, 1, 5, 20, 1, 20, 1, 2, 4, 12, 8, 4, 12, 9, 16, 10, 17, 5, 7, 8, 3, 7, 16, 18, 7, 3, 6, 9, 9, 13, 9, 16, 10, 5, 10, 20, 18, 4, 13, 15, 18, 20, 8, 10, 20, 9, 15, 13, 19, 17, 3, 1, 15, 18, 14, 17, 2, 17, 6, 20, 1, 3, 15, 15, 13, 11, 13, 6, 4, 16, 1, 7, 15, 18, 8, 14, 5, 9, 2, 17, 6, 20, 9, 4, 6, 10, 16, 6, 10, 6, 7, 16, 5, 14, 12, 8, 3, 1, 7, 6, 13, 1, 20, 2, 11, 11, 17, 6, 3, 9, 14, 12, 9, 4, 3, 14, 13, 6, 7, 17, 19, 13, 14, 18, 19, 15, 19, 17, 7, 19, 13, 14, 12, 18, 9, 19, 15, 19, 14, 17, 14, 13, 7, 19, 18, 19, 15, 19, 11, 11, 11, 15, 18, 11, 11, 11, 11]
bestever    2171    in generation 263
[8, 1, 8, 2, 3, 2, 12, 8, 16, 12, 5, 16, 12, 8, 12, 2, 10, 14, 4, 12, 17, 8, 3, 5, 2, 1, 3, 16, 2, 2, 4, 5, 4, 16, 10, 10, 5, 7, 10, 20, 5, 18, 4, 20, 1, 5, 20, 1, 20, 1, 2, 4, 12, 8, 4, 12, 9, 16, 10, 17, 5, 7, 8, 3, 7, 16, 18, 18, 3, 6, 9, 9, 13, 9, 16, 10, 5, 10, 20, 18, 4, 13, 15, 18, 20, 8, 10, 20, 9, 15, 13, 19, 17, 3, 1, 15, 7, 14, 17, 2, 17, 6, 20, 1, 3, 15, 15, 13, 11, 13, 6, 4, 16, 1, 7, 15, 18, 8, 14, 5, 9, 2, 17, 6, 20, 9, 4, 6, 10, 16, 6, 10, 6, 7, 16, 5, 14, 12, 8, 3, 1, 7, 6, 13, 1, 20, 2, 11, 11, 17, 6, 3, 9, 14, 12, 9, 4, 3, 14, 13, 6, 7, 17, 19, 13, 14, 18, 19, 15, 19, 17, 7, 19, 13, 14, 12, 18, 9, 19, 15, 19, 14, 17, 14, 13, 7, 19, 18, 19, 15, 19, 11, 11, 11, 15, 18, 11, 11, 11, 11]
bestever    2146    in generation 274
[8, 17, 8, 2, 3, 2, 12, 8, 16, 12, 5, 16, 12, 8, 12, 2, 10, 14, 4, 12, 17, 8, 3, 5, 2, 1, 3, 16, 2, 2, 4, 5, 4, 16, 10, 10, 5, 7, 10, 20, 5, 18, 4, 20, 1, 5, 20, 1, 20, 1, 2, 4, 12, 8, 4, 12, 9, 16, 10, 17, 5, 7, 8, 3, 7, 16, 18, 18, 3, 6, 9, 9, 13, 9, 16, 10, 5, 10, 20, 18, 4, 13, 15, 18, 20, 8, 10, 20, 9, 15, 13, 19, 1, 3, 1, 15, 7, 14, 17, 2, 17, 6, 20, 1, 3, 15, 15, 13, 11, 13, 6, 4, 16, 1, 7, 15, 18, 8, 14, 5, 9, 2, 17, 6, 20, 9, 4, 6, 10, 16, 6, 10, 6, 7, 16, 5, 14, 12, 8, 3, 1, 7, 6, 13, 1, 20, 2, 11, 11, 17, 6, 3, 9, 14, 12, 9, 4, 3, 14, 13, 6, 7, 17, 19, 13, 14, 18, 19, 15, 19, 17, 7, 19, 13, 14, 12, 18, 9, 19, 15, 19, 14, 17, 14, 13, 7, 19, 18, 19, 15, 19, 11, 11, 11, 15, 18, 11, 11, 11, 11]
bestever    2144    in generation 290
[8, 17, 8, 2, 3, 2, 12, 8, 16, 12, 5, 16, 12, 8, 12, 2, 10, 14, 4, 12, 17, 8, 3, 5, 2, 1, 3, 16, 2, 2, 4, 5, 4, 16, 10, 10, 5, 7, 10, 20, 5, 18, 4, 20, 1, 5, 20, 1, 20, 1, 2, 4, 12, 8, 4, 12, 9, 16, 10, 17, 5, 7, 8, 3, 7, 16, 13, 18, 3, 6, 9, 9, 13, 9, 16, 10, 5, 10, 20, 18, 4, 18, 15, 18, 20, 8, 10, 20, 9, 15, 13, 19, 1, 3, 1, 15, 7, 14, 17, 2, 17, 6, 20, 1, 3, 15, 15, 13, 11, 13, 6, 4, 16, 1, 7, 15, 18, 8, 14, 5, 9, 2, 17, 6, 20, 9, 4, 6, 10, 16, 6, 10, 6, 7, 16, 5, 14, 12, 8, 3, 1, 7, 6, 13, 1, 20, 2, 11, 11, 17, 6, 3, 9, 14, 12, 9, 4, 3, 14, 13, 6, 7, 17, 19, 13, 14, 18, 19, 15, 19, 17, 7, 19, 13, 14, 12, 18, 9, 19, 15, 19, 14, 17, 14, 13, 7, 19, 18, 19, 15, 19, 11, 11, 11, 15, 18, 11, 11, 11, 11]
bestever    2133    in generation 293
[8, 17, 8, 2, 3, 2, 12, 8, 16, 12, 5, 16, 12, 8, 12, 2, 10, 14, 4, 12, 17, 8, 3, 5, 2, 1, 3, 16, 2, 2, 4, 5, 4, 16, 10, 10, 5, 7, 10, 20, 5, 18, 4, 20, 1, 5, 20, 1, 20, 1, 2, 4, 12, 8, 4, 12, 9, 16, 10, 17, 5, 7, 8, 3, 7, 16, 18, 18, 3, 6, 9, 2, 13, 9, 16, 10, 5, 10, 20, 18, 4, 13, 15, 18, 20, 8, 10, 20, 9, 15, 13, 19, 1, 3, 1, 15, 7, 14, 17, 9, 17, 6, 20, 1, 3, 15, 15, 13, 11, 13, 6, 4, 16, 1, 7, 15, 18, 8, 14, 5, 9, 2, 17, 6, 20, 9, 4, 6, 10, 16, 6, 10, 6, 7, 16, 5, 14, 12, 8, 3, 1, 7, 6, 13, 1, 20, 2, 11, 11, 17, 6, 3, 9, 14, 12, 9, 4, 3, 14, 13, 6, 7, 17, 19, 13, 14, 18, 19, 15, 19, 17, 7, 19, 13, 14, 12, 18, 9, 19, 15, 19, 14, 17, 14, 13, 7, 19, 18, 19, 15, 19, 11, 11, 11, 15, 18, 11, 11, 11, 11]
bestever    2131    in generation 337
[8, 17, 8, 2, 3, 2, 12, 8, 16, 12, 5, 16, 12, 8, 12, 2, 10, 14, 4, 12, 17, 8, 3, 5, 2, 1, 3, 16, 2, 2, 4, 5, 4, 16, 10, 10, 5, 7, 10, 20, 5, 18, 4, 20, 1, 5, 20, 1, 20, 1, 2, 4, 12, 8, 4, 12, 9, 16, 10, 17, 5, 7, 8, 3, 7, 16, 18, 18, 3, 15, 9, 2, 13, 9, 16, 10, 5, 10, 20, 18, 4, 13, 6, 18, 20, 8, 10, 20, 9, 15, 13, 19, 1, 3, 1, 15, 7, 14, 17, 9, 17, 6, 20, 1, 3, 15, 15, 13, 11, 13, 6, 4, 16, 1, 7, 15, 18, 8, 14, 5, 9, 2, 17, 6, 20, 9, 4, 6, 10, 16, 6, 10, 6, 7, 16, 5, 14, 12, 8, 3, 1, 7, 6, 13, 1, 20, 2, 11, 11, 17, 6, 3, 9, 14, 12, 9, 4, 3, 14, 13, 6, 7, 17, 19, 13, 14, 18, 19, 15, 19, 17, 7, 19, 13, 14, 12, 18, 9, 19, 15, 19, 14, 17, 14, 13, 7, 19, 18, 19, 15, 19, 11, 11, 11, 15, 18, 11, 11, 11, 11]
bestever    2125    in generation 385
[8, 17, 8, 2, 3, 2, 12, 8, 16, 12, 5, 16, 12, 8, 12, 2, 10, 14, 4, 12, 17, 8, 3, 5, 2, 1, 3, 16, 2, 2, 4, 5, 4, 16, 10, 10, 5, 7, 10, 20, 5, 18, 4, 20, 1, 5, 20, 1, 20, 1, 2, 4, 12, 8, 4, 12, 9, 16, 10, 17, 5, 7, 8, 3, 7, 16, 18, 18, 3, 15, 9, 2, 13, 9, 16, 10, 5, 10, 20, 18, 4, 20, 6, 18, 20, 8, 10, 20, 9, 15, 13, 19, 1, 3, 1, 15, 7, 14, 17, 9, 17, 6, 13, 1, 3, 15, 15, 13, 11, 13, 6, 4, 16, 1, 7, 15, 18, 8, 14, 5, 9, 2, 17, 6, 20, 9, 4, 6, 10, 16, 6, 10, 6, 7, 16, 5, 14, 12, 8, 3, 1, 7, 6, 13, 1, 20, 2, 11, 11, 17, 6, 3, 9, 14, 12, 9, 4, 3, 14, 13, 6, 7, 17, 19, 13, 14, 18, 19, 15, 19, 17, 7, 19, 13, 14, 12, 18, 9, 19, 15, 19, 14, 17, 14, 13, 7, 19, 18, 19, 15, 19, 11, 11, 11, 15, 18, 11, 11, 11, 11]
bestever    2121    in generation 395
[8, 17, 8, 2, 3, 2, 12, 8, 16, 12, 5, 16, 12, 8, 12, 2, 10, 14, 4, 12, 2, 8, 3, 5, 2, 1, 3, 16, 2, 17, 4, 5, 4, 16, 10, 10, 5, 7, 10, 20, 5, 18, 4, 20, 1, 5, 20, 1, 20, 1, 2, 4, 12, 8, 4, 12, 9, 16, 10, 17, 5, 7, 8, 3, 7, 16, 18, 18, 3, 15, 9, 2, 13, 9, 16, 10, 5, 10, 20, 18, 4, 20, 6, 18, 20, 8, 10, 20, 9, 15, 13, 19, 1, 3, 1, 15, 7, 14, 17, 9, 17, 6, 13, 1, 3, 15, 15, 13, 11, 13, 6, 4, 16, 1, 7, 15, 18, 8, 14, 5, 9, 2, 17, 6, 20, 9, 4, 6, 10, 16, 6, 10, 6, 7, 16, 5, 14, 12, 8, 3, 1, 7, 6, 13, 1, 20, 2, 11, 11, 17, 6, 3, 9, 14, 12, 9, 4, 3, 14, 13, 6, 7, 17, 19, 13, 14, 18, 19, 15, 19, 17, 7, 19, 13, 14, 12, 18, 9, 19, 15, 19, 14, 17, 14, 13, 7, 19, 18, 19, 15, 19, 11, 11, 11, 15, 18, 11, 11, 11, 11]
bestever    2109    in generation 413
[8, 17, 8, 2, 3, 2, 12, 8, 16, 12, 5, 16, 12, 8, 12, 2, 10, 14, 4, 12, 2, 8, 3, 5, 2, 1, 3, 16, 2, 17, 4, 5, 4, 16, 10, 10, 5, 7, 10, 20, 5, 18, 4, 20, 1, 5, 20, 1, 20, 1, 2, 4, 12, 8, 4, 12, 9, 16, 10, 17, 5, 7, 8, 3, 7, 16, 18, 18, 3, 15, 9, 2, 13, 9, 16, 10, 5, 10, 20, 18, 4, 20, 6, 18, 20, 8, 10, 20, 9, 15, 13, 19, 1, 3, 1, 15, 7, 14, 17, 9, 17, 6, 13, 1, 3, 15, 15, 13, 11, 13, 6, 4, 16, 1, 7, 15, 18, 8, 14, 5, 9, 2, 17, 6, 7, 9, 4, 6, 10, 16, 6, 10, 6, 20, 16, 5, 14, 12, 8, 3, 1, 7, 6, 13, 1, 20, 2, 11, 11, 17, 6, 3, 9, 14, 12, 9, 4, 3, 14, 13, 6, 7, 17, 19, 13, 14, 18, 19, 15, 19, 17, 7, 19, 13, 14, 12, 18, 9, 19, 15, 19, 14, 17, 14, 13, 7, 19, 18, 19, 15, 19, 11, 11, 11, 15, 18, 11, 11, 11, 11]
bestever    2108    in generation 439
[8, 17, 8, 2, 3, 2, 12, 8, 16, 12, 5, 16, 12, 8, 12, 8, 10, 14, 4, 12, 2, 2, 3, 5, 2, 1, 3, 16, 2, 17, 4, 5, 4, 16, 10, 10, 5, 7, 10, 20, 5, 18, 4, 20, 1, 5, 20, 1, 20, 1, 2, 4, 12, 8, 4, 12, 9, 16, 10, 17, 5, 7, 8, 3, 7, 16, 18, 18, 3, 15, 9, 2, 13, 9, 16, 10, 5, 10, 20, 18, 4, 20, 6, 18, 20, 8, 10, 20, 9, 15, 13, 19, 1, 3, 1, 15, 7, 17, 9, 17, 6, 13, 1, 3, 15, 15, 11, 13, 6, 4, 16, 1, 7, 15, 18, 8, 14, 5, 9, 2, 17, 6, 7, 9, 4, 6, 10, 16, 6, 10, 6, 20, 16, 5, 14, 12, 8, 3, 1, 7, 6, 13, 1, 20, 2, 11, 11, 17, 6, 3, 9, 14, 12, 9, 4, 14, 13, 3, 14, 13, 6, 7, 17, 19, 13, 14, 18, 19, 15, 19, 17, 7, 19, 13, 14, 12, 9, 19, 19, 14, 17, 14, 18, 15, 13, 7, 19, 18, 19, 15, 19, 11, 11, 11, 15, 18, 11, 11, 11, 11]
bestever    2103    in generation 470
[8, 17, 8, 2, 3, 2, 12, 8, 16, 12, 5, 16, 12, 8, 12, 8, 10, 14, 4, 12, 2, 2, 3, 5, 2, 1, 3, 16, 2, 17, 4, 5, 4, 16, 10, 10, 5, 7, 10, 17, 5, 18, 4, 20, 1, 5, 20, 1, 20, 1, 2, 4, 12, 8, 4, 12, 9, 16, 10, 17, 5, 7, 8, 3, 7, 16, 18, 18, 3, 15, 9, 2, 13, 9, 16, 10, 5, 10, 20, 18, 4, 20, 6, 18, 20, 8, 10, 20, 9, 15, 13, 19, 1, 3, 1, 15, 7, 17, 9, 17, 6, 13, 1, 3, 15, 15, 11, 13, 6, 4, 16, 1, 7, 15, 18, 8, 14, 5, 9, 2, 17, 6, 7, 9, 4, 6, 10, 16, 6, 10, 6, 20, 16, 5, 14, 12, 8, 3, 1, 7, 6, 13, 1, 20, 2, 11, 11, 20, 6, 3, 9, 14, 12, 9, 4, 14, 13, 3, 14, 13, 6, 7, 17, 19, 13, 14, 18, 19, 15, 19, 17, 7, 19, 13, 14, 12, 9, 19, 19, 14, 17, 14, 18, 15, 13, 7, 19, 18, 19, 15, 19, 11, 11, 11, 15, 18, 11, 11, 11, 11]
bestever    2087    in generation 479
[8, 17, 8, 2, 3, 2, 12, 8, 16, 12, 5, 16, 12, 8, 12, 8, 10, 14, 4, 12, 2, 2, 3, 5, 2, 1, 3, 16, 2, 17, 4, 5, 4, 16, 10, 10, 5, 7, 10, 17, 5, 18, 4, 20, 1, 5, 20, 1, 20, 1, 2, 4, 12, 8, 4, 12, 9, 16, 10, 17, 5, 7, 8, 3, 7, 16, 18, 18, 3, 15, 9, 2, 13, 9, 16, 10, 5, 10, 20, 18, 4, 20, 6, 18, 20, 8, 10, 20, 9, 15, 13, 19, 1, 3, 1, 15, 7, 17, 9, 6, 13, 1, 3, 15, 15, 11, 6, 4, 16, 1, 7, 15, 18, 8, 5, 9, 2, 17, 6, 9, 4, 6, 10, 16, 6, 10, 6, 20, 16, 5, 14, 12, 8, 3, 1, 7, 6, 13, 1, 20, 2, 11, 11, 20, 6, 3, 9, 14, 12, 9, 4, 14, 13, 3, 14, 13, 7, 17, 14, 13, 6, 7, 17, 19, 13, 14, 18, 19, 15, 19, 17, 7, 19, 13, 14, 12, 9, 19, 19, 14, 17, 14, 18, 15, 13, 7, 19, 18, 19, 15, 19, 11, 11, 11, 15, 18, 11, 11, 11, 11]
bestever    2083    in generation 486
[8, 17, 8, 2, 3, 2, 12, 8, 16, 12, 5, 16, 12, 8, 12, 8, 10, 14, 4, 12, 2, 2, 3, 5, 2, 1, 3, 16, 2, 17, 4, 5, 4, 16, 10, 10, 5, 20, 10, 17, 5, 18, 4, 7, 1, 5, 20, 1, 20, 1, 2, 4, 12, 8, 4, 12, 9, 16, 10, 17, 5, 7, 8, 3, 7, 16, 18, 18, 3, 15, 9, 2, 13, 9, 16, 10, 5, 10, 20, 18, 4, 20, 6, 18, 20, 8, 10, 20, 9, 15, 13, 19, 1, 3, 1, 15, 7, 17, 9, 6, 13, 1, 3, 15, 15, 11, 6, 4, 16, 1, 7, 15, 18, 8, 5, 9, 2, 17, 6, 9, 4, 6, 10, 16, 6, 10, 6, 20, 16, 5, 14, 12, 8, 3, 1, 7, 6, 13, 1, 20, 2, 11, 11, 20, 6, 3, 9, 14, 12, 9, 4, 14, 13, 3, 14, 13, 7, 17, 14, 13, 6, 7, 17, 19, 13, 14, 18, 19, 15, 19, 17, 7, 19, 13, 14, 12, 9, 19, 19, 14, 17, 14, 18, 15, 13, 7, 19, 18, 19, 15, 19, 11, 11, 11, 15, 18, 11, 11, 11, 11]
bestever    2061    in generation 495
[8, 17, 8, 2, 3, 2, 12, 8, 16, 12, 5, 16, 12, 8, 12, 8, 10, 4, 12, 2, 2, 3, 5, 2, 1, 3, 16, 2, 17, 4, 5, 4, 16, 10, 10, 5, 20, 10, 17, 5, 18, 4, 7, 1, 5, 20, 1, 20, 1, 2, 4, 12, 8, 4, 12, 9, 16, 10, 17, 5, 7, 8, 3, 7, 16, 18, 18, 3, 15, 9, 2, 13, 9, 16, 10, 5, 10, 20, 18, 4, 20, 6, 18, 20, 8, 10, 20, 9, 15, 19, 1, 3, 1, 15, 7, 9, 6, 1, 3, 15, 15, 11, 6, 4, 16, 1, 15, 18, 8, 5, 9, 2, 6, 9, 4, 6, 10, 16, 6, 10, 6, 20, 16, 5, 12, 8, 3, 1, 6, 1, 20, 2, 11, 11, 20, 6, 3, 9, 14, 12, 9, 4, 14, 13, 14, 13, 7, 17, 14, 13, 7, 17, 13, 3, 14, 13, 7, 17, 14, 13, 6, 7, 17, 19, 13, 14, 18, 19, 15, 19, 17, 7, 19, 13, 14, 12, 9, 19, 19, 14, 17, 14, 18, 15, 13, 7, 19, 18, 19, 15, 19, 11, 11, 11, 15, 18, 11, 11, 11, 11]
bestever    2052    in generation 525
[8, 17, 8, 2, 3, 2, 12, 8, 16, 12, 5, 16, 12, 8, 12, 8, 10, 4, 12, 2, 2, 3, 5, 2, 1, 3, 16, 2, 17, 4, 5, 4, 16, 10, 10, 5, 20, 10, 17, 5, 18, 4, 7, 1, 5, 20, 1, 20, 1, 2, 4, 12, 8, 4, 12, 9, 16, 10, 17, 5, 7, 8, 3, 7, 16, 18, 18, 3, 15, 9, 2, 13, 9, 16, 10, 5, 10, 20, 18, 4, 20, 6, 18, 20, 8, 10, 20, 9, 15, 19, 1, 3, 1, 15, 7, 9, 6, 1, 3, 15, 7, 11, 6, 4, 16, 1, 15, 18, 8, 5, 9, 2, 6, 9, 4, 6, 10, 16, 6, 10, 6, 20, 16, 5, 12, 8, 3, 1, 6, 1, 20, 2, 11, 11, 20, 13, 3, 9, 14, 12, 9, 4, 14, 13, 14, 13, 7, 17, 14, 13, 15, 17, 6, 3, 14, 13, 7, 17, 14, 13, 6, 7, 17, 19, 13, 14, 18, 19, 15, 19, 17, 7, 19, 13, 14, 12, 9, 19, 19, 14, 17, 14, 18, 15, 13, 7, 19, 18, 19, 15, 19, 11, 11, 11, 15, 18, 11, 11, 11, 11]
bestever    2041    in generation 543
[8, 17, 8, 2, 3, 2, 12, 8, 16, 12, 5, 16, 12, 8, 12, 8, 10, 4, 12, 2, 2, 3, 5, 2, 1, 3, 16, 2, 17, 4, 5, 4, 16, 10, 10, 5, 20, 10, 17, 5, 18, 4, 7, 1, 5, 20, 1, 20, 1, 2, 4, 12, 8, 4, 12, 9, 16, 10, 18, 5, 7, 8, 3, 7, 16, 18, 17, 3, 15, 9, 2, 13, 9, 16, 10, 5, 10, 20, 18, 4, 20, 6, 18, 20, 8, 10, 20, 9, 15, 19, 1, 3, 1, 15, 7, 9, 6, 1, 3, 15, 7, 11, 6, 4, 16, 1, 15, 18, 8, 5, 9, 2, 6, 9, 4, 6, 10, 16, 6, 10, 6, 20, 16, 5, 12, 8, 3, 1, 6, 1, 20, 2, 11, 11, 20, 13, 3, 9, 14, 12, 9, 4, 14, 13, 14, 13, 7, 17, 14, 13, 15, 17, 6, 3, 14, 13, 7, 17, 14, 13, 6, 7, 17, 19, 13, 14, 18, 19, 15, 19, 17, 7, 19, 13, 14, 12, 9, 19, 19, 14, 17, 14, 18, 15, 13, 7, 19, 18, 19, 15, 19, 11, 11, 11, 15, 18, 11, 11, 11, 11]
bestever    2031    in generation 682
[8, 17, 8, 2, 3, 2, 12, 8, 16, 12, 5, 16, 12, 8, 12, 8, 10, 4, 12, 2, 2, 3, 5, 2, 1, 3, 16, 2, 5, 4, 5, 4, 16, 10, 10, 5, 20, 10, 17, 5, 18, 4, 7, 1, 5, 20, 1, 20, 1, 2, 4, 12, 8, 4, 12, 9, 16, 10, 18, 5, 7, 8, 3, 7, 16, 18, 17, 3, 15, 9, 2, 13, 9, 16, 10, 5, 10, 20, 18, 4, 20, 6, 18, 20, 8, 10, 20, 9, 15, 19, 1, 3, 1, 15, 7, 9, 6, 1, 3, 15, 7, 6, 4, 16, 1, 15, 18, 8, 5, 9, 2, 6, 9, 4, 6, 10, 16, 6, 10, 6, 20, 16, 17, 12, 8, 3, 1, 6, 1, 20, 2, 20, 13, 3, 9, 14, 11, 11, 11, 12, 9, 4, 14, 13, 14, 13, 7, 17, 14, 13, 15, 17, 6, 3, 14, 13, 7, 17, 14, 13, 6, 7, 17, 19, 13, 14, 18, 19, 15, 19, 17, 7, 19, 13, 14, 12, 9, 19, 19, 14, 17, 14, 18, 15, 13, 7, 19, 18, 19, 15, 19, 11, 11, 11, 15, 18, 11, 11, 11, 11]
bestever    2023    in generation 703
[8, 17, 8, 2, 3, 2, 12, 8, 16, 12, 5, 16, 12, 8, 12, 8, 10, 4, 12, 2, 2, 3, 5, 2, 1, 3, 16, 2, 5, 4, 5, 4, 16, 10, 10, 5, 20, 10, 17, 5, 18, 4, 7, 1, 5, 20, 1, 20, 1, 2, 4, 12, 8, 4, 12, 9, 16, 10, 18, 5, 7, 8, 3, 7, 16, 18, 17, 3, 15, 9, 2, 13, 9, 16, 10, 5, 10, 20, 18, 4, 20, 6, 18, 20, 8, 10, 20, 9, 15, 1, 3, 1, 15, 7, 9, 6, 1, 3, 15, 7, 6, 4, 16, 1, 8, 5, 9, 2, 6, 9, 4, 6, 10, 16, 6, 10, 6, 20, 16, 17, 12, 8, 3, 1, 6, 1, 20, 2, 20, 13, 3, 9, 14, 11, 11, 11, 12, 9, 4, 14, 13, 14, 13, 7, 17, 14, 13, 17, 6, 3, 14, 13, 7, 17, 14, 15, 15, 18, 19, 13, 6, 7, 17, 19, 13, 14, 18, 19, 15, 19, 17, 7, 19, 13, 14, 12, 9, 19, 19, 14, 17, 14, 18, 15, 13, 7, 19, 18, 19, 15, 19, 11, 11, 11, 15, 18, 11, 11, 11, 11]
bestever    2019    in generation 748
[8, 17, 8, 2, 3, 2, 12, 8, 16, 12, 5, 16, 12, 8, 12, 8, 10, 4, 12, 2, 2, 3, 5, 2, 1, 3, 16, 2, 5, 4, 5, 4, 16, 10, 10, 8, 20, 10, 17, 5, 18, 4, 7, 1, 5, 20, 1, 20, 1, 2, 4, 12, 5, 4, 12, 9, 16, 10, 18, 5, 7, 8, 3, 7, 16, 18, 17, 3, 15, 9, 2, 13, 9, 16, 10, 5, 10, 20, 18, 4, 20, 6, 18, 20, 8, 10, 20, 9, 15, 1, 3, 1, 15, 7, 9, 6, 1, 3, 15, 7, 6, 4, 16, 1, 8, 5, 9, 2, 6, 9, 4, 6, 10, 16, 6, 10, 6, 20, 16, 17, 12, 8, 3, 1, 6, 1, 20, 2, 20, 13, 3, 9, 14, 11, 11, 11, 12, 9, 4, 14, 13, 14, 13, 7, 17, 14, 13, 17, 6, 3, 14, 13, 7, 17, 14, 15, 15, 18, 19, 13, 6, 7, 17, 19, 13, 14, 18, 19, 15, 19, 17, 7, 19, 13, 14, 12, 9, 19, 19, 14, 17, 14, 18, 15, 13, 7, 19, 18, 19, 15, 19, 11, 11, 11, 15, 18, 11, 11, 11, 11]
bestever    2016    in generation 765
[8, 7, 8, 2, 3, 2, 12, 8, 16, 12, 5, 16, 12, 8, 12, 8, 10, 4, 12, 2, 2, 3, 5, 2, 1, 3, 16, 2, 5, 4, 5, 4, 16, 10, 10, 8, 20, 10, 17, 5, 18, 4, 7, 1, 5, 20, 1, 20, 1, 2, 4, 12, 5, 4, 12, 9, 16, 10, 18, 5, 7, 8, 3, 17, 16, 18, 17, 3, 15, 9, 2, 13, 9, 16, 10, 5, 10, 20, 18, 4, 20, 6, 18, 20, 8, 10, 20, 9, 15, 1, 3, 1, 15, 7, 9, 6, 1, 3, 15, 7, 6, 4, 16, 1, 8, 5, 9, 2, 6, 9, 4, 6, 10, 16, 6, 10, 6, 20, 16, 17, 12, 8, 3, 1, 6, 1, 20, 2, 20, 13, 3, 9, 14, 11, 11, 11, 12, 9, 4, 14, 13, 14, 13, 7, 17, 14, 13, 17, 6, 3, 14, 13, 7, 17, 14, 15, 15, 18, 19, 13, 6, 7, 17, 19, 13, 14, 18, 19, 15, 19, 17, 7, 19, 13, 14, 12, 9, 19, 19, 14, 17, 14, 18, 15, 13, 7, 19, 18, 19, 15, 19, 11, 11, 11, 15, 18, 11, 11, 11, 11]
bestever    2012    in generation 793
[8, 7, 8, 2, 3, 2, 12, 8, 16, 12, 5, 16, 1, 8, 12, 8, 10, 4, 12, 2, 2, 3, 5, 2, 1, 3, 16, 2, 5, 4, 5, 4, 16, 10, 10, 8, 20, 10, 2, 5, 18, 4, 7, 12, 5, 20, 1, 20, 1, 17, 4, 12, 5, 4, 12, 9, 16, 10, 18, 5, 7, 8, 3, 17, 16, 18, 17, 3, 15, 1, 2, 13, 9, 16, 10, 5, 10, 20, 18, 4, 20, 6, 18, 20, 8, 10, 20, 9, 15, 1, 3, 1, 15, 7, 9, 6, 9, 3, 15, 7, 6, 4, 16, 1, 8, 5, 9, 2, 6, 9, 4, 6, 10, 16, 6, 10, 6, 20, 16, 17, 12, 8, 3, 1, 6, 1, 20, 2, 20, 13, 3, 9, 14, 11, 11, 11, 12, 9, 4, 14, 13, 14, 13, 7, 17, 14, 13, 17, 6, 3, 14, 13, 7, 17, 14, 15, 15, 18, 19, 13, 6, 7, 17, 19, 13, 14, 18, 19, 15, 19, 17, 7, 19, 13, 14, 12, 9, 19, 19, 14, 17, 14, 18, 15, 13, 7, 19, 18, 19, 15, 19, 11, 11, 11, 15, 18, 11, 11, 11, 11]
bestever    2010    in generation 1022
[8, 7, 8, 2, 3, 2, 12, 8, 16, 12, 5, 16, 1, 8, 12, 8, 10, 4, 12, 7, 2, 2, 3, 8, 5, 2, 1, 3, 16, 2, 5, 4, 5, 4, 16, 10, 10, 8, 20, 10, 2, 5, 18, 4, 12, 5, 20, 16, 1, 20, 1, 17, 4, 12, 5, 4, 12, 9, 16, 10, 18, 5, 7, 8, 3, 17, 16, 18, 17, 3, 15, 1, 2, 13, 9, 10, 7, 10, 20, 18, 4, 20, 6, 18, 20, 10, 20, 9, 15, 1, 3, 1, 15, 7, 9, 6, 9, 3, 15, 7, 6, 4, 16, 1, 8, 5, 9, 2, 6, 9, 4, 6, 10, 16, 6, 10, 6, 20, 16, 17, 12, 8, 3, 1, 6, 1, 20, 2, 20, 13, 3, 9, 14, 11, 13, 11, 12, 9, 4, 14, 13, 14, 11, 7, 17, 14, 13, 17, 6, 3, 14, 13, 7, 17, 14, 15, 19, 13, 6, 7, 17, 19, 13, 14, 18, 15, 17, 7, 19, 13, 14, 19, 19, 18, 15, 12, 9, 19, 19, 14, 17, 14, 18, 15, 13, 5, 19, 18, 19, 11, 19, 11, 11, 11, 15, 18, 11, 11, 15, 11]
bestever    2000    in generation 1051
[8, 7, 8, 2, 3, 2, 12, 8, 16, 12, 5, 16, 1, 8, 12, 8, 10, 4, 12, 17, 2, 2, 3, 8, 5, 2, 1, 3, 16, 2, 5, 4, 5, 4, 16, 10, 10, 8, 20, 10, 2, 5, 18, 4, 12, 5, 20, 16, 1, 20, 1, 17, 4, 12, 5, 4, 12, 9, 16, 10, 18, 5, 7, 8, 3, 17, 16, 18, 17, 3, 15, 1, 2, 13, 9, 10, 7, 10, 20, 18, 4, 20, 6, 18, 20, 10, 20, 9, 15, 1, 3, 1, 15, 7, 9, 6, 9, 3, 15, 7, 6, 4, 16, 1, 8, 5, 9, 2, 6, 9, 4, 6, 10, 16, 6, 10, 6, 20, 16, 7, 12, 8, 3, 1, 6, 1, 20, 2, 20, 13, 3, 9, 14, 11, 13, 11, 12, 9, 4, 14, 13, 14, 7, 17, 14, 13, 17, 6, 3, 14, 13, 7, 17, 14, 15, 19, 13, 6, 7, 17, 19, 13, 11, 14, 18, 15, 17, 7, 19, 13, 14, 19, 19, 18, 15, 12, 9, 19, 19, 14, 17, 14, 18, 15, 13, 5, 19, 18, 19, 11, 19, 11, 11, 11, 15, 18, 11, 11, 15, 11]
bestever    1997    in generation 1083
[8, 7, 8, 2, 3, 2, 12, 8, 16, 12, 5, 16, 1, 8, 12, 8, 10, 4, 12, 17, 2, 2, 3, 8, 5, 2, 1, 3, 16, 2, 5, 10, 5, 4, 16, 10, 10, 8, 20, 4, 2, 5, 18, 4, 12, 5, 20, 16, 1, 20, 1, 17, 4, 12, 5, 4, 12, 9, 16, 10, 18, 5, 7, 8, 3, 17, 16, 18, 17, 3, 15, 1, 2, 13, 9, 10, 7, 10, 20, 18, 4, 20, 6, 18, 20, 10, 20, 9, 15, 1, 3, 1, 15, 7, 9, 6, 9, 3, 15, 7, 6, 4, 16, 1, 8, 5, 9, 2, 6, 9, 4, 6, 10, 16, 6, 10, 6, 20, 16, 7, 12, 8, 3, 1, 6, 1, 20, 2, 20, 13, 3, 9, 14, 11, 13, 11, 12, 9, 4, 14, 13, 14, 7, 17, 14, 13, 17, 6, 3, 14, 13, 7, 17, 14, 15, 19, 13, 6, 7, 17, 19, 13, 11, 14, 18, 15, 17, 7, 19, 13, 14, 19, 19, 18, 15, 12, 9, 19, 19, 14, 17, 14, 18, 15, 13, 5, 19, 18, 19, 11, 19, 11, 11, 11, 15, 18, 11, 11, 15, 11]
bestever    1993    in generation 1175
[8, 7, 8, 2, 3, 2, 12, 8, 16, 12, 5, 16, 1, 8, 12, 8, 10, 4, 12, 17, 2, 2, 3, 8, 5, 2, 1, 3, 16, 2, 5, 10, 5, 4, 16, 10, 10, 8, 20, 4, 2, 5, 18, 4, 12, 5, 20, 16, 1, 20, 1, 17, 4, 12, 5, 4, 12, 9, 16, 10, 18, 5, 7, 8, 3, 17, 16, 18, 17, 3, 15, 1, 2, 13, 9, 10, 7, 10, 20, 4, 20, 6, 20, 10, 20, 9, 15, 1, 3, 1, 7, 9, 6, 9, 3, 7, 6, 4, 16, 1, 8, 5, 9, 2, 6, 9, 4, 6, 10, 16, 6, 10, 6, 20, 16, 7, 12, 8, 3, 1, 6, 1, 20, 2, 20, 13, 3, 9, 14, 13, 12, 9, 4, 14, 13, 14, 17, 14, 13, 17, 7, 6, 3, 14, 13, 7, 17, 14, 13, 6, 7, 17, 13, 14, 17, 18, 15, 19, 18, 11, 15, 11, 19, 7, 19, 13, 14, 18, 15, 19, 18, 15, 19, 12, 9, 19, 19, 14, 17, 14, 18, 11, 15, 11, 13, 5, 19, 18, 19, 11, 19, 11, 15, 18, 11, 11, 15, 11, 15, 11]
bestever    1986    in generation 1231
[8, 2, 3, 2, 12, 8, 16, 12, 5, 16, 1, 8, 12, 8, 10, 4, 12, 17, 2, 2, 3, 8, 5, 2, 1, 3, 16, 2, 5, 10, 5, 4, 16, 10, 10, 8, 20, 4, 2, 5, 18, 4, 12, 8, 7, 5, 20, 16, 1, 20, 1, 17, 4, 12, 5, 4, 12, 9, 16, 10, 18, 5, 7, 8, 3, 17, 16, 18, 17, 3, 15, 1, 2, 13, 9, 10, 7, 10, 20, 4, 20, 6, 20, 10, 20, 9, 15, 1, 3, 1, 7, 9, 6, 9, 3, 7, 6, 4, 16, 1, 8, 5, 9, 2, 6, 9, 4, 6, 10, 16, 6, 10, 6, 20, 16, 7, 12, 8, 3, 1, 6, 1, 20, 2, 20, 13, 3, 9, 14, 13, 12, 9, 4, 14, 13, 14, 17, 14, 13, 17, 7, 6, 3, 14, 13, 7, 17, 14, 13, 6, 7, 17, 13, 14, 17, 18, 15, 19, 18, 11, 15, 11, 19, 7, 19, 13, 14, 18, 15, 19, 18, 15, 19, 12, 9, 19, 19, 14, 17, 14, 18, 11, 15, 11, 13, 5, 19, 18, 19, 11, 19, 11, 15, 18, 11, 11, 15, 11, 15, 11]
bestever    1955    in generation 1237
[8, 2, 3, 2, 12, 8, 16, 12, 5, 16, 1, 8, 12, 8, 10, 4, 12, 17, 2, 2, 3, 8, 5, 2, 1, 3, 16, 2, 5, 10, 5, 4, 16, 10, 10, 8, 20, 4, 2, 5, 18, 4, 12, 8, 7, 5, 20, 16, 1, 20, 1, 17, 4, 12, 5, 4, 12, 9, 16, 10, 18, 5, 7, 8, 3, 17, 16, 18, 17, 3, 15, 1, 2, 13, 9, 10, 7, 10, 20, 4, 20, 6, 20, 10, 20, 9, 1, 3, 1, 7, 9, 6, 9, 3, 7, 6, 4, 16, 1, 8, 5, 9, 2, 6, 9, 4, 6, 10, 16, 6, 10, 6, 20, 16, 7, 12, 8, 3, 1, 6, 1, 20, 2, 20, 13, 3, 9, 14, 13, 12, 9, 4, 14, 13, 14, 17, 14, 13, 17, 7, 6, 3, 14, 13, 7, 17, 14, 13, 6, 7, 17, 13, 15, 18, 11, 15, 11, 7, 13, 14, 18, 15, 18, 15, 19, 19, 19, 19, 18, 15, 19, 12, 9, 19, 19, 14, 17, 14, 17, 14, 18, 11, 15, 11, 13, 5, 19, 18, 19, 11, 19, 11, 15, 18, 11, 11, 15, 11, 15, 11]
bestever    1941    in generation 1254
[8, 2, 3, 2, 12, 8, 16, 12, 5, 16, 1, 8, 12, 8, 10, 4, 12, 17, 2, 2, 3, 8, 5, 2, 1, 3, 16, 2, 5, 10, 5, 4, 16, 10, 10, 8, 20, 4, 2, 5, 18, 4, 12, 8, 7, 5, 20, 16, 1, 20, 1, 17, 4, 12, 5, 4, 12, 9, 16, 10, 18, 5, 7, 8, 3, 17, 16, 18, 17, 3, 15, 1, 2, 13, 9, 10, 16, 10, 20, 4, 20, 6, 20, 10, 20, 9, 1, 3, 1, 7, 9, 6, 9, 3, 7, 6, 4, 7, 1, 8, 5, 9, 2, 6, 9, 4, 6, 10, 16, 6, 10, 6, 20, 16, 7, 12, 8, 3, 1, 6, 1, 20, 2, 20, 13, 3, 9, 14, 13, 12, 9, 4, 14, 13, 14, 17, 14, 13, 17, 7, 6, 3, 14, 13, 7, 17, 14, 13, 6, 7, 17, 13, 15, 18, 11, 15, 11, 7, 13, 14, 18, 15, 18, 15, 19, 19, 19, 19, 18, 15, 19, 12, 9, 19, 19, 14, 17, 14, 17, 14, 18, 11, 15, 11, 13, 5, 19, 18, 19, 11, 19, 11, 15, 18, 11, 11, 15, 11, 15, 11]
bestever    1940    in generation 1259
[8, 2, 3, 2, 12, 8, 16, 12, 5, 16, 1, 8, 12, 8, 10, 4, 12, 17, 2, 2, 3, 8, 5, 2, 1, 3, 16, 2, 5, 10, 5, 4, 16, 10, 10, 8, 20, 4, 2, 5, 18, 4, 12, 8, 7, 5, 20, 16, 1, 20, 1, 17, 4, 12, 5, 4, 12, 9, 16, 10, 18, 5, 7, 8, 3, 17, 16, 18, 17, 3, 15, 1, 2, 13, 9, 20, 16, 10, 20, 4, 20, 6, 10, 10, 20, 9, 1, 3, 1, 7, 9, 6, 9, 3, 7, 6, 4, 7, 1, 8, 5, 9, 2, 6, 9, 4, 6, 10, 16, 6, 10, 6, 20, 16, 7, 12, 8, 3, 1, 6, 1, 20, 2, 20, 13, 3, 9, 14, 13, 12, 9, 4, 14, 13, 14, 17, 14, 13, 17, 7, 6, 3, 14, 13, 7, 17, 14, 13, 6, 7, 17, 13, 15, 18, 11, 15, 11, 7, 13, 14, 18, 15, 18, 15, 19, 19, 19, 19, 18, 15, 19, 12, 9, 19, 19, 14, 17, 14, 17, 14, 18, 11, 15, 11, 13, 5, 19, 18, 19, 11, 19, 11, 15, 18, 11, 11, 15, 11, 15, 11]
bestever    1936    in generation 1292
[8, 2, 3, 2, 12, 8, 16, 12, 5, 16, 1, 8, 12, 8, 10, 4, 12, 17, 2, 2, 3, 8, 5, 2, 1, 3, 16, 2, 5, 10, 5, 4, 16, 10, 10, 8, 20, 4, 2, 5, 18, 4, 12, 8, 7, 5, 20, 16, 1, 20, 1, 17, 4, 12, 5, 4, 12, 9, 16, 10, 18, 5, 7, 8, 3, 17, 16, 18, 17, 3, 15, 1, 2, 13, 9, 20, 16, 10, 20, 4, 20, 6, 10, 10, 20, 9, 1, 3, 1, 7, 9, 6, 9, 3, 7, 6, 4, 7, 1, 8, 5, 9, 2, 6, 9, 4, 6, 10, 16, 6, 10, 6, 20, 16, 7, 12, 8, 3, 1, 6, 1, 20, 2, 20, 13, 3, 9, 14, 13, 12, 9, 4, 14, 13, 14, 17, 14, 13, 17, 7, 6, 3, 14, 13, 7, 17, 14, 13, 6, 7, 17, 13, 15, 18, 15, 7, 13, 14, 18, 15, 18, 19, 19, 19, 19, 18, 19, 12, 9, 19, 19, 14, 17, 14, 17, 14, 18, 15, 15, 11, 11, 11, 15, 11, 13, 5, 19, 18, 19, 11, 19, 11, 15, 18, 11, 11, 15, 11, 15, 11]
bestever    1933    in generation 1342
[8, 2, 3, 2, 12, 8, 16, 12, 5, 16, 1, 8, 12, 8, 10, 4, 12, 17, 2, 2, 3, 8, 5, 2, 1, 3, 16, 2, 5, 10, 5, 4, 16, 10, 10, 8, 20, 4, 2, 5, 18, 4, 12, 8, 7, 5, 20, 16, 1, 20, 1, 17, 4, 12, 5, 4, 12, 9, 16, 10, 18, 5, 7, 8, 3, 17, 16, 18, 17, 3, 1, 2, 13, 9, 20, 16, 10, 20, 4, 20, 6, 10, 10, 20, 9, 1, 3, 1, 7, 9, 6, 9, 3, 7, 6, 4, 7, 1, 8, 5, 9, 2, 6, 9, 4, 6, 10, 16, 6, 10, 14, 20, 16, 7, 12, 8, 3, 1, 6, 1, 20, 2, 20, 13, 3, 9, 6, 13, 12, 9, 4, 14, 13, 14, 17, 14, 13, 17, 7, 6, 3, 14, 13, 7, 17, 14, 13, 6, 7, 17, 13, 18, 15, 7, 13, 14, 18, 15, 19, 19, 18, 19, 19, 19, 18, 15, 15, 12, 9, 19, 19, 14, 17, 14, 17, 14, 18, 15, 15, 11, 11, 11, 5, 15, 11, 13, 19, 18, 19, 11, 19, 11, 15, 18, 11, 11, 15, 11, 15, 11]
bestever    1931    in generation 1368
[8, 2, 3, 2, 12, 8, 16, 12, 5, 16, 1, 8, 12, 8, 10, 4, 12, 17, 2, 2, 3, 8, 5, 2, 1, 3, 12, 2, 5, 10, 5, 4, 16, 10, 10, 8, 20, 4, 2, 5, 18, 4, 12, 8, 7, 5, 20, 16, 1, 20, 1, 17, 4, 16, 5, 4, 12, 9, 16, 10, 18, 5, 7, 8, 3, 17, 16, 18, 17, 3, 1, 2, 13, 9, 20, 16, 10, 20, 4, 20, 6, 10, 10, 20, 9, 1, 3, 1, 7, 9, 6, 9, 3, 7, 6, 4, 7, 1, 8, 5, 9, 2, 6, 9, 4, 6, 10, 16, 6, 10, 14, 20, 16, 7, 12, 8, 3, 1, 6, 1, 20, 2, 20, 13, 3, 9, 6, 13, 12, 9, 4, 14, 13, 14, 17, 14, 13, 17, 7, 6, 3, 14, 13, 7, 17, 14, 13, 6, 7, 17, 13, 18, 15, 7, 13, 14, 18, 15, 19, 19, 18, 19, 19, 19, 18, 15, 15, 12, 9, 19, 19, 14, 17, 14, 17, 14, 18, 15, 15, 11, 11, 11, 5, 15, 11, 13, 19, 18, 19, 11, 19, 11, 15, 18, 11, 11, 15, 11, 15, 11]
bestever    1923    in generation 1401
[8, 2, 3, 2, 12, 8, 16, 12, 5, 16, 1, 8, 12, 8, 10, 4, 12, 17, 2, 2, 3, 8, 5, 2, 1, 3, 12, 2, 5, 10, 5, 4, 16, 10, 10, 8, 20, 4, 2, 5, 18, 4, 12, 8, 7, 5, 20, 16, 1, 20, 1, 17, 4, 16, 5, 4, 12, 9, 16, 10, 18, 5, 7, 8, 3, 17, 16, 18, 17, 3, 1, 2, 13, 9, 20, 16, 10, 20, 4, 20, 6, 10, 10, 20, 9, 1, 3, 1, 7, 9, 6, 9, 3, 7, 6, 4, 7, 1, 8, 5, 9, 2, 6, 9, 4, 6, 10, 16, 6, 10, 14, 20, 16, 7, 12, 8, 3, 1, 6, 1, 17, 2, 20, 13, 3, 9, 6, 13, 12, 9, 4, 14, 13, 14, 17, 14, 13, 17, 7, 6, 3, 14, 13, 7, 17, 14, 13, 6, 7, 17, 13, 18, 15, 7, 13, 14, 18, 15, 19, 19, 18, 19, 19, 19, 18, 15, 15, 12, 9, 19, 19, 14, 17, 14, 20, 14, 18, 15, 15, 11, 11, 11, 5, 15, 11, 13, 19, 18, 19, 11, 19, 11, 15, 18, 11, 11, 15, 11, 15, 11]
bestever    1911    in generation 1426
[8, 2, 3, 2, 12, 8, 16, 12, 5, 16, 1, 8, 12, 8, 10, 4, 12, 17, 2, 2, 3, 8, 5, 2, 1, 3, 12, 2, 5, 10, 5, 4, 16, 10, 10, 8, 20, 4, 2, 5, 18, 4, 12, 8, 7, 5, 20, 16, 1, 20, 1, 17, 4, 16, 2, 4, 12, 9, 16, 10, 18, 5, 7, 8, 3, 17, 16, 18, 17, 3, 1, 5, 13, 9, 20, 16, 10, 20, 4, 20, 6, 10, 10, 20, 9, 1, 3, 1, 7, 9, 6, 9, 3, 7, 6, 4, 7, 1, 8, 5, 9, 2, 6, 9, 4, 6, 10, 16, 6, 10, 14, 20, 16, 7, 12, 8, 3, 1, 6, 1, 17, 2, 20, 13, 3, 9, 6, 13, 12, 9, 4, 14, 13, 14, 17, 14, 13, 17, 7, 6, 3, 14, 13, 7, 17, 14, 13, 6, 7, 17, 13, 18, 15, 7, 13, 14, 18, 15, 19, 19, 18, 19, 19, 19, 18, 15, 15, 12, 9, 19, 19, 14, 17, 14, 20, 14, 18, 15, 15, 11, 11, 11, 5, 15, 11, 13, 19, 18, 19, 11, 19, 11, 15, 18, 11, 11, 15, 11, 15, 11]
bestever    1907    in generation 1508
[8, 2, 3, 2, 12, 8, 16, 12, 5, 16, 1, 8, 12, 8, 10, 4, 12, 17, 2, 2, 3, 8, 5, 2, 1, 3, 12, 2, 5, 10, 5, 4, 16, 10, 10, 8, 20, 4, 2, 5, 18, 4, 12, 8, 7, 5, 20, 16, 1, 20, 1, 17, 4, 16, 2, 4, 12, 9, 16, 10, 18, 5, 7, 8, 3, 17, 16, 18, 17, 3, 1, 5, 13, 9, 20, 16, 10, 20, 4, 20, 6, 10, 10, 20, 9, 1, 3, 1, 7, 9, 6, 9, 3, 7, 6, 4, 7, 1, 8, 5, 9, 2, 6, 9, 4, 6, 10, 16, 6, 10, 14, 20, 16, 7, 12, 8, 3, 1, 6, 1, 17, 2, 20, 13, 3, 9, 6, 13, 12, 9, 4, 14, 13, 14, 17, 14, 13, 17, 7, 6, 3, 14, 13, 17, 14, 13, 7, 6, 7, 17, 13, 18, 15, 7, 13, 14, 18, 15, 19, 19, 18, 19, 19, 19, 18, 15, 15, 12, 9, 19, 19, 14, 17, 14, 20, 14, 18, 15, 15, 11, 11, 11, 5, 13, 19, 18, 19, 15, 11, 11, 19, 11, 15, 18, 11, 11, 15, 11, 15, 11]
bestever    1904    in generation 1518
[8, 2, 3, 2, 12, 8, 16, 12, 5, 16, 1, 8, 12, 8, 10, 4, 12, 17, 2, 2, 3, 8, 5, 2, 1, 3, 12, 2, 5, 10, 5, 4, 16, 10, 10, 8, 20, 4, 2, 5, 18, 4, 12, 8, 7, 5, 20, 16, 1, 20, 1, 17, 4, 16, 2, 4, 12, 9, 16, 10, 18, 5, 7, 8, 3, 17, 16, 18, 17, 3, 1, 5, 13, 9, 20, 16, 10, 20, 4, 20, 6, 10, 10, 20, 9, 1, 3, 1, 7, 9, 6, 9, 3, 7, 6, 4, 7, 1, 8, 5, 9, 2, 7, 9, 4, 6, 10, 16, 6, 10, 14, 20, 16, 7, 12, 8, 3, 1, 6, 1, 17, 2, 20, 13, 3, 9, 6, 13, 12, 9, 4, 14, 13, 14, 17, 14, 13, 17, 7, 6, 3, 14, 13, 7, 17, 14, 13, 6, 6, 17, 13, 18, 15, 7, 13, 14, 18, 15, 19, 19, 18, 19, 19, 19, 18, 15, 15, 12, 9, 19, 19, 14, 17, 14, 20, 14, 18, 15, 15, 11, 11, 11, 5, 13, 19, 18, 19, 15, 11, 11, 19, 11, 15, 18, 11, 11, 15, 11, 15, 11]
bestever    1901    in generation 1524
[8, 2, 3, 2, 12, 8, 16, 12, 5, 16, 1, 8, 12, 8, 10, 4, 12, 17, 2, 2, 3, 8, 5, 2, 1, 3, 12, 2, 5, 10, 5, 4, 16, 10, 10, 8, 20, 4, 2, 5, 18, 4, 12, 8, 7, 5, 20, 16, 1, 20, 1, 17, 4, 16, 2, 4, 12, 9, 16, 10, 18, 5, 7, 8, 3, 17, 16, 18, 17, 3, 1, 5, 13, 9, 20, 16, 10, 20, 4, 20, 6, 10, 10, 20, 9, 1, 3, 1, 7, 9, 6, 9, 3, 7, 6, 4, 7, 1, 8, 5, 9, 2, 7, 9, 4, 6, 10, 16, 6, 10, 14, 20, 16, 7, 12, 8, 3, 1, 6, 1, 17, 2, 20, 13, 3, 9, 19, 13, 12, 9, 4, 14, 13, 14, 17, 14, 13, 17, 7, 6, 3, 14, 13, 7, 17, 14, 13, 6, 6, 17, 13, 18, 15, 7, 13, 14, 18, 15, 19, 19, 18, 19, 19, 19, 18, 15, 15, 12, 9, 19, 6, 14, 17, 14, 20, 14, 18, 15, 15, 11, 11, 11, 5, 13, 19, 18, 19, 15, 11, 11, 19, 11, 15, 18, 11, 11, 15, 11, 15, 11]
bestever    1899    in generation 1810
[8, 8, 2, 3, 2, 12, 8, 16, 12, 5, 16, 1, 8, 12, 8, 10, 4, 12, 17, 2, 2, 3, 5, 2, 1, 3, 12, 2, 5, 10, 5, 4, 16, 10, 10, 8, 20, 4, 2, 5, 18, 4, 12, 8, 7, 5, 20, 16, 1, 20, 1, 17, 4, 16, 2, 4, 12, 9, 16, 10, 18, 5, 7, 8, 3, 17, 16, 18, 17, 3, 1, 5, 13, 9, 20, 16, 10, 20, 4, 20, 6, 10, 10, 20, 9, 1, 3, 1, 7, 9, 6, 9, 3, 7, 6, 4, 11, 11, 7, 1, 8, 5, 9, 2, 7, 9, 4, 6, 10, 16, 6, 10, 14, 20, 16, 7, 12, 11, 8, 3, 1, 6, 1, 17, 2, 20, 13, 3, 9, 19, 13, 12, 9, 4, 14, 13, 14, 17, 14, 13, 17, 7, 6, 3, 14, 13, 7, 17, 14, 13, 6, 6, 19, 17, 13, 18, 15, 7, 13, 14, 18, 15, 19, 19, 18, 19, 19, 18, 15, 15, 12, 9, 19, 6, 14, 17, 14, 20, 14, 18, 15, 15, 5, 13, 19, 18, 19, 15, 11, 11, 19, 11, 15, 18, 11, 15, 11, 11, 15, 11]
bestever    1896    in generation 1904
[8, 8, 2, 3, 2, 12, 8, 16, 12, 5, 16, 8, 8, 12, 8, 10, 4, 12, 17, 2, 2, 3, 5, 2, 1, 3, 12, 2, 5, 10, 5, 4, 16, 10, 10, 1, 20, 4, 2, 5, 18, 4, 12, 8, 7, 5, 20, 16, 1, 20, 1, 17, 4, 16, 2, 4, 12, 9, 16, 10, 18, 5, 7, 8, 3, 17, 16, 18, 17, 3, 1, 5, 13, 9, 20, 16, 10, 20, 4, 20, 6, 10, 10, 20, 9, 1, 3, 1, 7, 9, 6, 9, 3, 7, 6, 4, 11, 11, 11, 7, 1, 8, 5, 9, 2, 7, 9, 4, 6, 10, 16, 6, 10, 14, 20, 16, 7, 12, 8, 3, 1, 6, 1, 17, 2, 20, 13, 3, 9, 19, 13, 12, 9, 4, 14, 13, 14, 17, 14, 13, 17, 7, 6, 3, 14, 13, 7, 17, 14, 13, 6, 6, 19, 17, 13, 18, 7, 13, 14, 18, 19, 19, 18, 19, 18, 15, 15, 12, 9, 19, 6, 14, 17, 14, 20, 14, 15, 15, 19, 18, 15, 15, 5, 13, 19, 18, 19, 15, 11, 11, 19, 11, 15, 18, 11, 15, 11, 11, 15, 11]
bestever    1887    in generation 1918
[8, 8, 2, 3, 2, 12, 8, 16, 12, 5, 16, 1, 8, 12, 8, 10, 4, 12, 17, 2, 2, 3, 5, 2, 3, 12, 2, 8, 5, 10, 5, 4, 16, 10, 10, 1, 20, 4, 2, 5, 18, 4, 12, 8, 7, 5, 20, 16, 1, 20, 1, 17, 4, 16, 2, 4, 12, 9, 16, 10, 18, 5, 7, 8, 3, 17, 16, 18, 17, 3, 1, 5, 13, 9, 20, 16, 10, 20, 4, 20, 6, 10, 10, 20, 9, 1, 3, 1, 7, 9, 6, 9, 3, 7, 6, 4, 11, 11, 11, 7, 1, 8, 5, 9, 2, 7, 9, 4, 6, 10, 16, 6, 10, 14, 20, 16, 7, 12, 8, 3, 1, 6, 1, 17, 2, 20, 13, 3, 9, 19, 13, 12, 9, 4, 14, 13, 14, 17, 14, 13, 17, 7, 6, 3, 14, 13, 7, 17, 14, 13, 6, 6, 19, 17, 13, 18, 7, 13, 14, 18, 19, 19, 18, 19, 18, 15, 15, 12, 9, 19, 6, 14, 17, 14, 20, 14, 15, 15, 19, 18, 15, 15, 5, 13, 19, 18, 19, 15, 11, 11, 19, 11, 15, 18, 11, 15, 11, 11, 15, 11]
bestever    1879    in generation 1989
[8, 8, 2, 3, 2, 12, 8, 16, 12, 5, 16, 1, 8, 12, 8, 10, 4, 12, 17, 2, 2, 3, 5, 2, 3, 12, 2, 8, 5, 10, 5, 4, 16, 10, 8, 1, 20, 4, 2, 5, 18, 4, 12, 10, 7, 5, 20, 16, 1, 20, 1, 17, 4, 16, 2, 4, 12, 9, 16, 10, 18, 5, 7, 8, 3, 17, 16, 18, 17, 3, 1, 5, 13, 9, 20, 16, 10, 20, 4, 20, 6, 10, 10, 20, 9, 1, 3, 1, 7, 9, 6, 9, 3, 7, 6, 4, 11, 11, 11, 7, 1, 8, 5, 9, 2, 7, 9, 4, 6, 10, 16, 6, 10, 14, 20, 16, 7, 12, 8, 3, 1, 6, 1, 17, 2, 20, 13, 3, 9, 19, 13, 12, 9, 4, 14, 13, 14, 17, 14, 13, 17, 7, 6, 3, 14, 13, 7, 17, 14, 13, 6, 6, 19, 17, 13, 18, 7, 13, 14, 18, 19, 19, 18, 19, 18, 15, 15, 12, 9, 19, 6, 14, 17, 14, 20, 14, 15, 15, 19, 18, 15, 15, 5, 13, 19, 18, 19, 15, 11, 11, 19, 11, 15, 18, 11, 15, 11, 11, 15, 11]
bestever    1877    in generation 2158
[8, 8, 2, 3, 2, 12, 8, 16, 12, 5, 16, 1, 8, 12, 8, 10, 4, 12, 17, 2, 2, 3, 5, 2, 3, 10, 5, 4, 16, 10, 8, 1, 20, 4, 2, 5, 18, 4, 12, 10, 7, 5, 20, 16, 1, 20, 1, 17, 12, 2, 8, 5, 4, 16, 2, 4, 12, 9, 16, 10, 18, 5, 7, 8, 3, 17, 16, 18, 17, 3, 1, 5, 13, 9, 20, 16, 10, 20, 4, 20, 6, 10, 10, 20, 9, 1, 3, 1, 7, 9, 6, 9, 3, 7, 6, 4, 11, 11, 11, 7, 1, 8, 5, 9, 2, 7, 9, 4, 6, 10, 16, 6, 10, 14, 20, 16, 7, 12, 8, 3, 1, 6, 1, 17, 2, 20, 13, 3, 9, 19, 13, 12, 9, 4, 14, 13, 14, 17, 14, 13, 17, 7, 6, 3, 14, 13, 7, 17, 14, 13, 6, 6, 19, 17, 13, 18, 7, 13, 14, 18, 19, 19, 18, 19, 18, 15, 15, 12, 9, 19, 6, 14, 17, 14, 20, 14, 15, 15, 19, 18, 15, 15, 5, 13, 19, 18, 19, 15, 11, 11, 19, 11, 15, 18, 11, 15, 11, 11, 15, 11]
bestever    1868    in generation 2231
[8, 8, 2, 3, 2, 12, 8, 16, 12, 5, 1, 8, 12, 8, 10, 4, 12, 17, 2, 2, 3, 5, 2, 3, 10, 5, 4, 16, 10, 8, 1, 20, 4, 2, 16, 5, 18, 4, 12, 10, 7, 5, 20, 16, 1, 20, 1, 17, 12, 2, 8, 5, 4, 16, 2, 4, 12, 9, 16, 10, 18, 5, 7, 8, 3, 17, 16, 18, 17, 5, 1, 5, 13, 9, 20, 16, 10, 20, 4, 20, 6, 10, 10, 20, 9, 1, 3, 1, 7, 9, 6, 9, 3, 7, 6, 4, 11, 11, 11, 7, 1, 8, 3, 9, 2, 7, 9, 4, 6, 10, 16, 6, 10, 14, 20, 16, 7, 12, 8, 3, 1, 6, 1, 17, 2, 20, 13, 3, 9, 19, 13, 12, 9, 4, 14, 13, 14, 17, 14, 13, 17, 7, 6, 3, 14, 13, 7, 17, 14, 13, 6, 6, 19, 17, 13, 18, 7, 13, 14, 18, 19, 19, 18, 19, 18, 15, 15, 12, 9, 19, 6, 14, 17, 14, 20, 14, 15, 15, 19, 18, 15, 15, 5, 13, 19, 18, 19, 15, 11, 11, 19, 11, 15, 18, 11, 15, 11, 11, 15, 11]
bestever    1864    in generation 2386
[8, 8, 2, 3, 2, 12, 8, 16, 12, 5, 1, 8, 12, 8, 10, 4, 12, 17, 2, 2, 3, 5, 2, 3, 10, 5, 4, 16, 10, 8, 1, 20, 4, 20, 2, 16, 5, 18, 4, 12, 10, 7, 5, 20, 16, 1, 20, 1, 17, 12, 2, 8, 5, 4, 16, 2, 4, 12, 9, 16, 10, 18, 5, 7, 8, 3, 17, 16, 18, 17, 5, 1, 5, 13, 9, 20, 16, 10, 4, 20, 6, 10, 10, 20, 9, 1, 3, 1, 7, 9, 6, 9, 3, 7, 6, 4, 11, 11, 7, 1, 8, 3, 9, 2, 7, 9, 4, 6, 10, 16, 6, 10, 11, 14, 20, 16, 7, 12, 8, 3, 1, 6, 1, 17, 2, 20, 13, 3, 9, 19, 13, 12, 9, 4, 14, 13, 17, 17, 14, 13, 14, 7, 6, 3, 14, 13, 7, 17, 14, 13, 6, 6, 19, 17, 13, 18, 7, 13, 14, 18, 19, 19, 18, 19, 18, 15, 15, 12, 9, 19, 6, 14, 17, 14, 20, 14, 15, 15, 19, 18, 15, 15, 5, 13, 19, 18, 19, 15, 11, 11, 19, 11, 15, 18, 11, 15, 11, 11, 15, 11]
bestever    1857    in generation 2427
[8, 8, 2, 3, 2, 12, 8, 16, 12, 5, 1, 8, 12, 8, 10, 4, 12, 17, 2, 2, 3, 5, 2, 3, 10, 5, 4, 16, 10, 8, 1, 20, 4, 20, 2, 16, 5, 18, 4, 12, 10, 7, 5, 20, 16, 1, 20, 1, 17, 12, 2, 8, 5, 4, 16, 2, 4, 12, 9, 16, 10, 18, 5, 7, 8, 3, 17, 16, 18, 17, 5, 1, 5, 13, 9, 20, 16, 10, 4, 20, 6, 10, 10, 20, 9, 1, 3, 1, 7, 9, 6, 9, 3, 7, 6, 4, 7, 1, 8, 3, 9, 2, 7, 9, 4, 6, 10, 16, 6, 10, 14, 20, 16, 7, 12, 8, 3, 1, 6, 1, 17, 2, 20, 13, 3, 9, 19, 13, 12, 9, 4, 14, 13, 17, 17, 14, 13, 14, 7, 6, 3, 14, 13, 7, 17, 14, 13, 6, 6, 19, 17, 13, 18, 7, 13, 14, 18, 19, 19, 18, 19, 18, 15, 12, 9, 19, 6, 14, 17, 11, 11, 11, 15, 14, 20, 14, 15, 15, 19, 18, 15, 15, 5, 13, 19, 18, 19, 15, 11, 11, 19, 11, 15, 18, 11, 15, 11, 11, 15, 11]
bestever    1855    in generation 2725
[8, 8, 2, 3, 2, 12, 8, 16, 12, 5, 1, 8, 12, 8, 10, 4, 12, 17, 2, 2, 3, 5, 2, 3, 10, 5, 4, 16, 10, 8, 1, 20, 4, 20, 2, 16, 5, 18, 4, 12, 10, 7, 5, 20, 16, 1, 20, 1, 17, 12, 2, 8, 5, 4, 16, 2, 4, 12, 9, 16, 10, 18, 5, 7, 8, 3, 17, 16, 18, 17, 20, 6, 10, 10, 20, 5, 1, 5, 13, 9, 20, 16, 10, 4, 9, 1, 3, 1, 7, 9, 6, 9, 3, 7, 6, 4, 7, 1, 8, 3, 9, 2, 7, 9, 4, 6, 10, 16, 6, 10, 14, 20, 16, 7, 12, 8, 3, 1, 6, 1, 17, 2, 20, 13, 3, 9, 19, 13, 12, 9, 4, 14, 13, 17, 17, 14, 13, 14, 17, 6, 3, 14, 13, 7, 17, 14, 13, 6, 6, 19, 17, 13, 18, 7, 13, 14, 18, 19, 19, 18, 19, 18, 15, 12, 9, 19, 6, 14, 7, 11, 11, 11, 15, 14, 20, 14, 15, 15, 19, 18, 15, 15, 5, 13, 19, 18, 19, 15, 11, 11, 19, 11, 15, 18, 11, 15, 11, 11, 15, 11]
bestever    1852    in generation 2749
[8, 8, 2, 3, 2, 12, 8, 16, 12, 5, 1, 8, 12, 8, 10, 4, 12, 17, 2, 2, 3, 5, 2, 3, 10, 5, 4, 16, 10, 8, 1, 20, 4, 20, 2, 16, 5, 18, 4, 12, 10, 7, 5, 20, 16, 1, 20, 1, 17, 12, 2, 8, 5, 4, 16, 2, 4, 12, 9, 16, 10, 18, 5, 7, 8, 3, 17, 16, 18, 17, 20, 6, 10, 10, 20, 5, 1, 5, 13, 9, 20, 16, 10, 4, 9, 1, 3, 1, 7, 9, 6, 9, 3, 7, 6, 4, 7, 1, 8, 3, 9, 2, 7, 9, 17, 6, 10, 16, 6, 10, 14, 20, 16, 7, 12, 8, 3, 1, 6, 1, 4, 2, 20, 13, 3, 9, 19, 13, 12, 9, 4, 14, 13, 17, 17, 14, 13, 14, 17, 6, 3, 14, 13, 7, 17, 14, 13, 6, 6, 19, 17, 13, 18, 7, 13, 14, 18, 19, 19, 18, 19, 18, 15, 12, 9, 19, 6, 14, 7, 11, 11, 11, 15, 14, 20, 14, 15, 15, 19, 18, 15, 15, 5, 13, 19, 18, 19, 15, 11, 11, 19, 11, 15, 18, 11, 15, 11, 11, 15, 11]
bestever    1851    in generation 3022
[8, 8, 2, 3, 2, 12, 8, 16, 12, 5, 1, 8, 12, 8, 10, 4, 12, 17, 2, 2, 3, 5, 2, 3, 10, 5, 4, 16, 10, 8, 1, 20, 4, 20, 2, 16, 5, 18, 4, 12, 10, 7, 5, 20, 16, 1, 20, 1, 17, 12, 2, 8, 5, 4, 16, 2, 4, 12, 10, 9, 16, 10, 18, 5, 7, 8, 3, 17, 16, 18, 17, 20, 6, 10, 20, 5, 1, 5, 12, 9, 20, 16, 10, 4, 9, 1, 3, 1, 7, 9, 6, 9, 3, 7, 6, 4, 7, 1, 8, 3, 9, 2, 7, 9, 17, 6, 10, 16, 6, 10, 14, 20, 16, 7, 13, 8, 3, 1, 6, 1, 4, 2, 20, 13, 3, 9, 19, 13, 12, 9, 4, 14, 13, 17, 17, 14, 13, 14, 17, 6, 3, 14, 13, 7, 17, 14, 13, 6, 6, 19, 17, 13, 11, 7, 13, 14, 18, 19, 19, 18, 19, 18, 15, 12, 9, 19, 6, 14, 7, 11, 11, 18, 15, 14, 20, 14, 15, 15, 19, 18, 15, 15, 5, 13, 19, 18, 19, 15, 11, 11, 19, 11, 15, 18, 11, 15, 11, 11, 15, 11]
bestever    1849    in generation 3731
[8, 8, 2, 3, 2, 12, 8, 16, 12, 5, 1, 8, 12, 8, 10, 4, 12, 17, 2, 2, 3, 5, 2, 3, 10, 5, 4, 16, 10, 8, 1, 20, 4, 20, 2, 16, 5, 9, 4, 12, 16, 7, 5, 20, 10, 1, 20, 1, 17, 12, 2, 8, 5, 4, 16, 2, 4, 12, 10, 9, 16, 2, 10, 18, 5, 7, 8, 3, 17, 16, 18, 17, 20, 6, 10, 20, 5, 1, 5, 12, 18, 20, 16, 10, 4, 9, 1, 3, 1, 7, 9, 6, 9, 7, 3, 7, 6, 4, 8, 1, 8, 3, 9, 7, 3, 9, 17, 6, 10, 16, 10, 14, 20, 18, 16, 13, 7, 6, 1, 6, 9, 1, 4, 2, 20, 13, 3, 9, 19, 13, 12, 4, 14, 13, 17, 17, 14, 13, 14, 17, 6, 3, 14, 13, 7, 17, 14, 13, 6, 6, 19, 17, 13, 7, 13, 14, 18, 19, 19, 18, 19, 18, 9, 12, 15, 19, 6, 14, 7, 14, 20, 14, 15, 15, 19, 15, 18, 5, 13, 19, 18, 15, 11, 11, 19, 15, 11, 11, 11, 15, 19, 11, 15, 18, 11, 15, 11, 11, 15, 11]
bestever    1848    in generation 8904
[8, 2, 8, 3, 2, 12, 8, 16, 12, 8, 5, 1, 8, 12, 8, 10, 4, 12, 7, 2, 8, 20, 2, 3, 5, 2, 3, 10, 5, 4, 16, 8, 10, 1, 5, 9, 4, 12, 16, 17, 20, 4, 7, 2, 16, 2, 6, 5, 20, 10, 7, 20, 1, 12, 2, 5, 4, 16, 3, 4, 12, 10, 9, 2, 16, 18, 17, 9, 5, 1, 10, 17, 9, 2, 16, 17, 20, 6, 10, 20, 5, 1, 5, 12, 18, 3, 4, 16, 1, 20, 7, 15, 3, 13, 1, 7, 8, 18, 9, 17, 6, 19, 4, 10, 12, 1, 20, 9, 3, 9, 7, 3, 6, 17, 10, 16, 10, 14, 6, 13, 16, 13, 9, 7, 1, 18, 13, 4, 1, 20, 3, 9, 6, 13, 12, 4, 14, 14, 17, 6, 19, 17, 6, 14, 3, 14, 13, 13, 7, 15, 13, 6, 19, 17, 7, 18, 14, 8, 13, 15, 14, 19, 18, 14, 19, 18, 9, 14, 7, 20, 6, 18, 17, 15, 5, 19, 14, 13, 19, 18, 15, 11, 11, 11, 15, 19, 19, 11, 11, 15, 11, 11, 19, 15, 18, 15, 11, 11, 15, 11]
bestever    1847    in generation 8948
[8, 2, 8, 3, 2, 12, 8, 16, 12, 8, 5, 1, 8, 12, 8, 10, 4, 12, 7, 2, 8, 20, 2, 3, 5, 2, 3, 10, 5, 4, 16, 8, 10, 1, 5, 9, 4, 12, 16, 17, 20, 4, 7, 2, 16, 2, 6, 5, 20, 10, 7, 20, 1, 12, 2, 5, 4, 16, 3, 4, 12, 10, 9, 2, 16, 18, 17, 9, 5, 1, 10, 17, 9, 2, 16, 17, 20, 6, 10, 20, 5, 1, 5, 12, 18, 3, 4, 16, 1, 20, 7, 10, 3, 13, 1, 7, 8, 18, 9, 17, 6, 19, 4, 10, 12, 1, 20, 9, 3, 9, 7, 3, 6, 17, 10, 16, 15, 14, 6, 13, 16, 13, 9, 7, 1, 18, 13, 4, 1, 20, 3, 9, 6, 13, 12, 4, 14, 14, 17, 6, 19, 17, 6, 14, 3, 14, 13, 13, 7, 15, 13, 6, 19, 17, 7, 18, 14, 8, 13, 15, 14, 19, 18, 14, 19, 18, 9, 14, 7, 20, 6, 18, 17, 15, 5, 19, 14, 13, 19, 18, 15, 11, 11, 11, 15, 19, 19, 11, 11, 15, 11, 11, 19, 15, 18, 15, 11, 11, 15, 11]
bestever    1844    in generation 9102
[8, 2, 8, 3, 2, 12, 8, 16, 12, 8, 5, 4, 8, 12, 8, 10, 1, 12, 7, 2, 8, 20, 2, 3, 5, 2, 3, 10, 5, 4, 16, 8, 10, 1, 5, 9, 4, 12, 16, 17, 20, 4, 7, 2, 16, 2, 6, 5, 20, 10, 7, 20, 1, 12, 2, 5, 4, 16, 3, 4, 12, 10, 9, 2, 16, 18, 17, 9, 5, 1, 10, 17, 9, 2, 16, 17, 20, 6, 10, 20, 5, 1, 5, 12, 18, 3, 4, 16, 1, 20, 7, 10, 3, 13, 1, 7, 8, 18, 9, 17, 6, 19, 4, 10, 12, 1, 20, 9, 3, 9, 7, 3, 6, 17, 10, 16, 15, 14, 6, 13, 16, 13, 9, 7, 1, 18, 13, 4, 1, 20, 3, 9, 6, 13, 12, 4, 14, 14, 17, 6, 19, 17, 6, 14, 3, 14, 13, 13, 7, 15, 13, 6, 19, 17, 7, 18, 14, 8, 13, 15, 14, 19, 18, 14, 19, 18, 9, 14, 7, 20, 6, 18, 17, 15, 5, 19, 14, 13, 19, 18, 15, 11, 11, 11, 15, 19, 19, 11, 11, 15, 11, 11, 19, 15, 18, 15, 11, 11, 15, 11]
bestever    1842    in generation 9191
[12, 2, 8, 3, 2, 12, 8, 16, 12, 8, 5, 4, 8, 12, 8, 10, 1, 8, 7, 2, 8, 20, 2, 3, 5, 2, 3, 10, 5, 4, 16, 8, 10, 1, 5, 9, 4, 12, 16, 17, 20, 4, 7, 2, 16, 2, 6, 5, 20, 10, 7, 20, 1, 12, 2, 5, 4, 16, 3, 4, 12, 10, 9, 2, 16, 18, 17, 9, 5, 1, 10, 17, 9, 2, 16, 17, 20, 6, 10, 20, 5, 1, 5, 12, 18, 3, 4, 16, 1, 20, 7, 10, 3, 13, 1, 7, 19, 18, 9, 17, 6, 13, 4, 10, 12, 1, 20, 9, 3, 9, 7, 3, 6, 17, 10, 16, 15, 14, 6, 13, 16, 13, 9, 7, 1, 18, 13, 4, 1, 20, 3, 9, 6, 8, 12, 4, 14, 14, 17, 6, 19, 17, 6, 14, 3, 14, 13, 13, 7, 15, 13, 6, 19, 17, 7, 18, 14, 8, 13, 15, 14, 19, 18, 14, 19, 18, 9, 14, 7, 20, 6, 18, 17, 15, 5, 19, 14, 13, 19, 18, 15, 11, 11, 11, 15, 19, 19, 11, 11, 15, 11, 11, 19, 15, 18, 15, 11, 11, 15, 11]
bestever    1823    in generation 9248
[12, 2, 8, 3, 2, 12, 8, 16, 12, 8, 5, 4, 8, 12, 8, 10, 1, 8, 7, 2, 8, 20, 2, 3, 5, 2, 3, 10, 5, 4, 16, 8, 10, 1, 5, 9, 4, 12, 16, 17, 20, 4, 7, 2, 16, 2, 6, 5, 20, 10, 7, 20, 1, 12, 2, 5, 4, 16, 3, 4, 12, 10, 9, 2, 16, 18, 17, 9, 5, 1, 10, 17, 9, 2, 16, 17, 20, 6, 10, 20, 5, 1, 5, 12, 18, 3, 4, 16, 1, 20, 14, 10, 3, 13, 1, 7, 19, 18, 9, 17, 6, 13, 4, 10, 12, 1, 20, 9, 3, 9, 7, 3, 6, 17, 10, 16, 15, 14, 6, 13, 16, 13, 9, 7, 1, 18, 13, 4, 1, 20, 3, 9, 6, 8, 12, 4, 14, 7, 17, 6, 19, 17, 6, 14, 3, 14, 13, 13, 7, 15, 13, 6, 19, 17, 7, 18, 14, 8, 13, 15, 14, 19, 18, 14, 19, 18, 9, 14, 7, 20, 6, 18, 17, 15, 5, 19, 14, 13, 19, 18, 15, 11, 11, 11, 15, 19, 19, 11, 11, 15, 11, 11, 19, 15, 18, 15, 11, 11, 15, 11]
bestever    1819    in generation 9500
[12, 2, 8, 3, 2, 12, 8, 16, 12, 8, 5, 4, 8, 12, 8, 10, 1, 8, 7, 2, 8, 20, 2, 3, 5, 2, 3, 10, 5, 4, 16, 8, 10, 1, 5, 9, 4, 12, 16, 17, 2, 4, 7, 2, 16, 2, 6, 5, 20, 10, 7, 20, 1, 12, 2, 5, 4, 16, 3, 4, 12, 10, 9, 20, 16, 18, 17, 9, 5, 1, 10, 17, 9, 2, 16, 17, 20, 6, 10, 20, 13, 1, 5, 12, 18, 3, 4, 16, 1, 20, 14, 10, 3, 5, 1, 7, 19, 18, 9, 17, 6, 13, 4, 10, 12, 1, 20, 9, 3, 9, 7, 3, 6, 17, 10, 16, 15, 14, 6, 13, 16, 13, 9, 7, 1, 18, 13, 4, 1, 20, 3, 9, 6, 8, 12, 4, 14, 7, 17, 6, 19, 17, 6, 14, 3, 14, 7, 13, 7, 15, 13, 6, 19, 17, 13, 18, 14, 8, 13, 15, 14, 19, 18, 14, 19, 18, 9, 14, 7, 20, 6, 18, 17, 15, 5, 19, 14, 13, 19, 18, 15, 11, 11, 11, 15, 19, 19, 11, 11, 15, 11, 11, 19, 15, 18, 15, 11, 11, 15, 11]
bestever    1816    in generation 9635
[12, 2, 8, 3, 2, 12, 8, 16, 12, 8, 5, 4, 8, 12, 8, 10, 1, 8, 7, 2, 8, 20, 2, 3, 5, 2, 3, 16, 5, 4, 16, 8, 10, 1, 5, 9, 4, 12, 16, 17, 2, 4, 7, 2, 10, 2, 6, 5, 20, 10, 7, 20, 1, 12, 2, 5, 4, 16, 3, 4, 12, 10, 9, 20, 16, 18, 17, 9, 5, 1, 10, 17, 9, 2, 16, 17, 20, 6, 10, 1, 13, 20, 5, 12, 18, 3, 4, 16, 1, 20, 14, 10, 3, 5, 1, 7, 19, 18, 9, 17, 6, 13, 4, 10, 12, 1, 20, 9, 3, 9, 7, 3, 6, 17, 10, 16, 15, 14, 6, 13, 16, 13, 9, 7, 1, 18, 13, 4, 1, 20, 3, 9, 6, 8, 12, 4, 14, 7, 17, 6, 19, 17, 6, 14, 3, 14, 7, 13, 7, 15, 13, 6, 19, 17, 13, 18, 14, 8, 13, 15, 14, 19, 18, 14, 19, 18, 9, 14, 7, 20, 6, 18, 17, 15, 5, 19, 14, 13, 19, 18, 15, 11, 11, 11, 15, 19, 19, 11, 11, 15, 11, 11, 19, 15, 18, 15, 11, 11, 15, 11]
bestever    1814    in generation 9675
[12, 2, 8, 3, 2, 12, 8, 16, 12, 8, 5, 4, 8, 12, 8, 10, 1, 8, 7, 2, 8, 20, 2, 3, 5, 2, 3, 16, 5, 4, 16, 8, 10, 1, 5, 9, 4, 12, 16, 17, 2, 4, 7, 2, 10, 2, 6, 5, 20, 10, 7, 20, 1, 12, 2, 5, 4, 16, 3, 4, 12, 10, 9, 20, 16, 18, 17, 9, 5, 1, 10, 17, 9, 2, 16, 17, 20, 6, 10, 1, 13, 20, 5, 12, 18, 3, 4, 16, 1, 20, 14, 10, 3, 5, 1, 7, 19, 18, 9, 17, 6, 13, 4, 10, 12, 1, 20, 9, 3, 9, 7, 3, 6, 17, 10, 16, 15, 14, 6, 13, 16, 13, 9, 7, 1, 18, 13, 4, 1, 20, 3, 9, 6, 8, 12, 4, 14, 7, 17, 6, 19, 17, 6, 20, 3, 14, 7, 13, 7, 15, 13, 6, 19, 17, 13, 18, 14, 8, 13, 15, 14, 19, 18, 14, 19, 18, 9, 14, 7, 14, 6, 18, 17, 15, 5, 19, 14, 13, 19, 18, 15, 11, 11, 11, 15, 19, 19, 11, 11, 15, 11, 11, 19, 15, 18, 15, 11, 11, 15, 11]
bestever    1813    in generation 9741
[12, 2, 8, 3, 2, 12, 8, 16, 12, 8, 5, 4, 8, 12, 8, 10, 1, 8, 7, 2, 8, 20, 2, 3, 5, 2, 3, 2, 5, 4, 16, 8, 10, 1, 5, 9, 4, 12, 16, 17, 2, 4, 7, 16, 10, 2, 6, 5, 20, 10, 7, 20, 1, 12, 2, 5, 4, 16, 3, 4, 12, 10, 9, 20, 16, 18, 17, 9, 5, 1, 10, 17, 9, 2, 16, 17, 20, 6, 10, 1, 13, 20, 5, 12, 18, 3, 4, 16, 1, 20, 14, 10, 3, 5, 1, 7, 19, 18, 9, 17, 6, 13, 4, 10, 12, 1, 20, 9, 3, 9, 7, 3, 6, 17, 10, 16, 15, 14, 6, 13, 16, 13, 9, 7, 1, 18, 13, 4, 1, 20, 3, 9, 6, 8, 12, 4, 14, 7, 17, 6, 19, 17, 6, 20, 3, 14, 7, 13, 7, 15, 13, 6, 19, 17, 13, 18, 14, 8, 13, 15, 14, 19, 18, 14, 19, 18, 9, 14, 7, 14, 6, 18, 17, 15, 5, 19, 14, 13, 19, 18, 15, 11, 11, 11, 15, 19, 19, 11, 11, 15, 11, 11, 19, 15, 18, 15, 11, 11, 15, 11]
bestever    1806    in generation 9855
[12, 2, 8, 3, 2, 12, 8, 16, 12, 8, 5, 4, 8, 12, 8, 10, 1, 8, 7, 2, 8, 20, 2, 3, 5, 2, 3, 2, 5, 4, 16, 8, 10, 1, 5, 9, 4, 12, 16, 17, 2, 4, 7, 16, 10, 2, 6, 5, 20, 10, 7, 20, 1, 12, 2, 5, 4, 16, 3, 4, 12, 10, 9, 20, 16, 18, 17, 9, 5, 1, 10, 17, 9, 2, 16, 17, 20, 6, 10, 1, 13, 20, 5, 12, 18, 3, 4, 16, 1, 20, 14, 10, 3, 5, 6, 7, 19, 18, 9, 17, 1, 13, 4, 10, 12, 1, 20, 9, 3, 9, 7, 3, 6, 17, 10, 16, 15, 14, 6, 13, 16, 13, 9, 7, 1, 18, 13, 4, 1, 20, 3, 9, 6, 8, 12, 4, 14, 7, 17, 6, 19, 17, 6, 20, 3, 14, 7, 13, 7, 11, 13, 6, 19, 17, 13, 18, 14, 8, 13, 15, 14, 19, 18, 14, 19, 18, 9, 14, 7, 14, 6, 18, 17, 15, 5, 19, 14, 13, 19, 18, 15, 11, 11, 11, 15, 19, 19, 15, 11, 11, 19, 15, 11, 15, 18, 15, 11, 11, 15, 11]
bestever    1799    in generation 9903
[12, 2, 8, 3, 2, 12, 8, 16, 12, 2, 5, 4, 8, 12, 8, 10, 1, 8, 7, 8, 8, 20, 2, 3, 5, 2, 3, 2, 5, 4, 16, 8, 10, 1, 5, 9, 4, 12, 16, 17, 2, 4, 7, 16, 10, 2, 6, 5, 20, 10, 7, 20, 1, 12, 2, 5, 4, 16, 3, 4, 12, 10, 9, 20, 16, 18, 17, 9, 5, 1, 10, 17, 9, 2, 16, 17, 20, 6, 10, 1, 13, 20, 5, 12, 18, 3, 4, 16, 1, 20, 14, 10, 3, 5, 6, 7, 19, 18, 9, 17, 1, 13, 4, 10, 12, 1, 20, 9, 3, 9, 7, 3, 6, 17, 10, 16, 15, 14, 6, 13, 16, 13, 9, 7, 1, 18, 13, 4, 15, 20, 3, 9, 6, 8, 12, 4, 14, 7, 17, 6, 19, 17, 6, 20, 3, 14, 7, 13, 7, 11, 13, 6, 19, 17, 13, 18, 14, 8, 13, 15, 14, 19, 18, 14, 19, 18, 9, 14, 7, 14, 6, 18, 17, 15, 5, 19, 14, 13, 19, 18, 15, 11, 11, 11, 15, 19, 19, 1, 11, 11, 19, 15, 11, 15, 18, 15, 11, 11, 15, 11]
