bestever    3188    in generation 0
[13, 7, 13, 19, 20, 15, 11, 20, 5, 9, 14, 16, 2, 13, 1, 8, 14, 16, 15, 3, 16, 18, 20, 20, 12, 11, 19, 14, 16, 19, 18, 14, 9, 16, 11, 3, 7, 18, 13, 10, 9, 4, 4, 11, 13, 6, 7, 13, 19, 7, 9, 8, 11, 7, 17, 4, 17, 7, 8, 1, 18, 2, 3, 2, 20, 9, 3, 2, 1, 12, 16, 12, 16, 4, 19, 17, 8, 16, 6, 1, 18, 11, 17, 14, 3, 20, 1, 16, 8, 6, 19, 5, 17, 15, 17, 19, 11, 2, 7, 3, 9, 3, 4, 8, 18, 10, 12, 9, 9, 9, 15, 15, 11, 17, 4, 3, 10, 14, 13, 8, 18, 13, 4, 12, 14, 11, 5, 12, 18, 17, 19, 18, 5, 1, 3, 5, 5, 12, 1, 8, 14, 19, 20, 2, 15, 4, 7, 5, 4, 5, 15, 7, 6, 14, 15, 10, 20, 11, 5, 14, 10, 10, 6, 2, 10, 20, 13, 1, 19, 6, 16, 10, 18, 12, 15, 8, 10, 5, 6, 3, 6, 17, 9, 4, 10, 6, 17, 20, 12, 15, 2, 1, 13, 6, 2, 12, 7, 2, 1, 8]
bestever    3003    in generation 1
[18, 1, 6, 9, 3, 6, 19, 1, 15, 6, 13, 2, 6, 5, 8, 12, 6, 4, 3, 19, 13, 18, 18, 8, 1, 3, 18, 8, 15, 3, 15, 20, 3, 20, 16, 5, 17, 14, 13, 12, 20, 7, 4, 3, 17, 16, 4, 10, 15, 19, 14, 7, 10, 7, 15, 7, 7, 20, 4, 20, 4, 5, 17, 3, 13, 14, 15, 15, 13, 20, 13, 17, 5, 18, 3, 4, 13, 1, 11, 18, 5, 20, 1, 9, 3, 15, 13, 16, 4, 19, 5, 17, 5, 5, 13, 8, 7, 17, 14, 17, 18, 4, 9, 11, 9, 7, 4, 14, 19, 2, 20, 6, 10, 13, 1, 11, 8, 16, 18, 1, 1, 15, 5, 14, 19, 11, 7, 2, 9, 8, 16, 6, 9, 12, 8, 9, 12, 15, 18, 17, 10, 10, 2, 8, 8, 5, 16, 12, 1, 17, 16, 1, 6, 2, 4, 12, 12, 7, 10, 19, 12, 6, 8, 10, 9, 16, 12, 20, 11, 9, 14, 2, 10, 20, 17, 19, 18, 19, 6, 7, 2, 16, 2, 10, 14, 9, 16, 19, 11, 2, 11, 14, 10, 14, 11, 11, 3, 12, 11, 2]
bestever    2996    in generation 2
[18, 1, 6, 9, 3, 6, 19, 1, 15, 6, 13, 2, 9, 6, 5, 8, 11, 12, 6, 4, 3, 19, 13, 18, 18, 8, 1, 3, 18, 8, 15, 18, 3, 15, 20, 1, 3, 20, 16, 5, 17, 14, 13, 20, 7, 4, 6, 18, 1, 8, 3, 17, 16, 4, 6, 10, 15, 19, 1, 9, 14, 7, 10, 7, 1, 16, 15, 7, 7, 20, 11, 4, 7, 18, 20, 4, 11, 9, 5, 20, 17, 3, 13, 20, 14, 7, 16, 20, 15, 15, 13, 19, 8, 8, 19, 15, 16, 13, 17, 5, 3, 4, 13, 13, 14, 17, 5, 5, 11, 18, 13, 1, 17, 4, 17, 7, 9, 14, 2, 10, 4, 3, 15, 13, 12, 4, 19, 5, 5, 14, 5, 2, 9, 12, 8, 9, 12, 15, 18, 17, 10, 10, 2, 8, 8, 5, 16, 12, 1, 17, 16, 1, 6, 2, 4, 12, 12, 7, 10, 19, 12, 6, 8, 10, 9, 16, 12, 20, 11, 9, 14, 2, 10, 20, 17, 19, 18, 19, 6, 7, 2, 16, 2, 10, 14, 9, 16, 19, 11, 2, 11, 14, 10, 14, 11, 11, 3, 12, 11, 2]
bestever    2940    in generation 7
[18, 1, 6, 9, 3, 6, 19, 1, 15, 6, 13, 2, 9, 6, 5, 8, 12, 6, 4, 3, 13, 18, 18, 8, 1, 3, 18, 8, 15, 18, 3, 15, 20, 1, 20, 16, 5, 17, 14, 13, 20, 7, 4, 18, 1, 8, 3, 17, 16, 4, 6, 10, 15, 19, 1, 9, 14, 7, 10, 7, 1, 16, 15, 7, 7, 20, 11, 4, 7, 18, 20, 4, 11, 9, 5, 17, 3, 13, 14, 7, 16, 20, 15, 13, 19, 8, 8, 19, 16, 13, 17, 5, 3, 4, 13, 17, 5, 5, 11, 18, 13, 2, 10, 3, 15, 13, 12, 4, 19, 5, 5, 14, 5, 2, 12, 8, 9, 12, 15, 18, 10, 2, 8, 8, 5, 16, 12, 1, 17, 16, 1, 6, 2, 4, 12, 7, 10, 19, 6, 8, 10, 9, 14, 20, 1, 17, 12, 4, 19, 15, 17, 7, 12, 9, 17, 14, 6, 10, 4, 3, 15, 13, 16, 12, 20, 11, 9, 20, 11, 9, 14, 2, 10, 20, 17, 19, 18, 19, 6, 7, 2, 16, 2, 10, 14, 9, 16, 19, 11, 2, 11, 14, 10, 14, 11, 11, 3, 12, 11, 2]
bestever    2819    in generation 27
[20, 14, 7, 16, 19, 19, 16, 17, 13, 17, 2, 10, 15, 4, 19, 14, 2, 9, 15, 16, 17, 16, 4, 7, 10, 19, 8, 10, 9, 14, 17, 12, 4, 19, 17, 12, 9, 4, 6, 10, 15, 19, 1, 9, 14, 7, 10, 7, 1, 16, 15, 7, 7, 20, 11, 4, 7, 18, 20, 4, 11, 9, 5, 17, 3, 13, 14, 7, 16, 20, 13, 19, 19, 16, 13, 17, 5, 3, 4, 13, 17, 5, 5, 11, 18, 13, 2, 10, 3, 13, 12, 4, 19, 5, 14, 2, 12, 9, 12, 15, 12, 8, 9, 12, 15, 10, 8, 5, 16, 5, 2, 12, 8, 9, 15, 18, 1, 1, 6, 18, 10, 2, 8, 8, 5, 16, 12, 1, 12, 18, 2, 1, 15, 6, 13, 9, 20, 9, 14, 20, 17, 19, 7, 16, 2, 11, 11, 20, 17, 18, 6, 3, 1, 3, 1, 15, 13, 5, 8, 6, 4, 6, 11, 18, 11, 3, 11, 3, 13, 14, 11, 11, 3, 2, 18, 1, 6, 15, 6, 2, 6, 5, 8, 6, 4, 18, 8, 8, 3, 20, 14, 20, 18, 3, 10, 14, 10, 1, 20, 7]
bestever    2677    in generation 28
[14, 7, 16, 19, 19, 16, 17, 13, 17, 2, 10, 15, 4, 19, 14, 2, 9, 12, 15, 10, 16, 12, 17, 16, 4, 12, 7, 10, 19, 8, 10, 9, 17, 12, 4, 19, 17, 12, 9, 16, 4, 10, 15, 19, 9, 7, 10, 7, 16, 15, 7, 7, 4, 7, 4, 5, 17, 13, 14, 7, 16, 20, 15, 13, 19, 16, 13, 17, 5, 4, 13, 17, 5, 5, 13, 10, 3, 15, 12, 4, 19, 5, 5, 14, 12, 12, 15, 18, 10, 8, 8, 18, 1, 6, 9, 20, 9, 14, 20, 19, 7, 16, 2, 2, 20, 18, 6, 3, 1, 3, 1, 15, 5, 8, 6, 4, 6, 11, 2, 8, 8, 5, 16, 12, 1, 12, 18, 2, 6, 1, 15, 6, 13, 9, 20, 9, 14, 17, 19, 2, 11, 2, 11, 20, 17, 18, 6, 3, 1, 3, 13, 5, 8, 6, 6, 11, 18, 11, 3, 11, 18, 3, 13, 14, 11, 18, 11, 3, 11, 18, 3, 13, 14, 11, 3, 2, 18, 1, 6, 1, 15, 2, 5, 8, 4, 8, 8, 20, 14, 20, 10, 1, 9, 14, 10, 1, 20, 7, 20, 9]
bestever    2640    in generation 31
[14, 7, 16, 19, 19, 16, 17, 13, 17, 2, 10, 15, 4, 19, 14, 2, 9, 12, 15, 10, 16, 12, 17, 16, 4, 12, 7, 10, 19, 8, 10, 9, 17, 12, 4, 19, 17, 12, 9, 16, 4, 10, 15, 19, 9, 7, 10, 7, 16, 15, 7, 7, 4, 7, 4, 5, 17, 13, 14, 7, 16, 20, 15, 13, 19, 16, 13, 17, 5, 4, 13, 17, 5, 5, 13, 10, 3, 15, 12, 4, 19, 5, 5, 14, 12, 12, 15, 18, 10, 8, 8, 18, 1, 6, 9, 20, 9, 14, 20, 19, 7, 16, 2, 2, 18, 6, 3, 1, 3, 1, 15, 5, 8, 6, 4, 6, 11, 2, 8, 8, 5, 16, 12, 1, 12, 18, 2, 6, 1, 15, 6, 13, 9, 9, 17, 19, 2, 11, 2, 11, 20, 17, 18, 6, 3, 1, 3, 13, 5, 8, 6, 6, 11, 18, 11, 3, 11, 18, 3, 13, 14, 11, 18, 11, 3, 11, 18, 13, 14, 11, 2, 1, 6, 1, 15, 2, 5, 8, 4, 8, 8, 20, 3, 20, 14, 20, 18, 3, 14, 20, 10, 1, 9, 14, 10, 1, 20, 7, 20, 9]
bestever    2600    in generation 38
[7, 16, 19, 19, 16, 17, 13, 17, 2, 10, 15, 4, 19, 14, 2, 9, 12, 15, 10, 16, 12, 17, 16, 4, 12, 7, 10, 19, 8, 10, 9, 17, 12, 4, 19, 17, 12, 9, 16, 4, 10, 15, 19, 9, 7, 10, 7, 16, 15, 7, 7, 4, 7, 4, 5, 17, 13, 7, 16, 20, 15, 13, 19, 16, 13, 17, 5, 4, 13, 17, 5, 5, 13, 10, 3, 15, 12, 4, 19, 5, 5, 12, 12, 15, 18, 10, 8, 8, 18, 1, 6, 20, 14, 20, 19, 7, 16, 2, 2, 6, 1, 5, 6, 4, 6, 11, 8, 8, 16, 12, 12, 15, 9, 9, 20, 5, 8, 3, 14, 3, 18, 14, 2, 1, 1, 18, 2, 6, 1, 15, 6, 13, 9, 9, 17, 19, 2, 11, 2, 11, 20, 17, 18, 6, 3, 1, 3, 13, 5, 8, 6, 6, 11, 18, 11, 3, 11, 18, 3, 13, 14, 11, 18, 11, 3, 11, 18, 13, 14, 11, 2, 1, 6, 1, 15, 2, 5, 8, 4, 8, 8, 20, 3, 20, 14, 20, 18, 3, 14, 10, 1, 9, 14, 10, 1, 20, 7, 20, 9, 14]
bestever    2587    in generation 39
[16, 19, 19, 16, 17, 13, 17, 2, 10, 15, 4, 19, 2, 9, 12, 15, 10, 16, 12, 17, 16, 4, 12, 7, 10, 19, 8, 10, 9, 17, 12, 4, 19, 17, 12, 9, 16, 4, 10, 15, 19, 9, 7, 10, 7, 16, 15, 7, 7, 4, 7, 4, 5, 17, 13, 7, 16, 15, 13, 19, 16, 13, 5, 4, 13, 5, 5, 13, 10, 3, 15, 12, 4, 5, 5, 12, 12, 15, 18, 10, 8, 8, 18, 1, 6, 9, 9, 14, 20, 19, 7, 16, 2, 2, 18, 6, 1, 1, 15, 5, 8, 6, 4, 6, 11, 2, 8, 8, 5, 16, 12, 1, 12, 18, 6, 1, 15, 6, 9, 17, 19, 11, 11, 17, 6, 8, 6, 11, 14, 3, 13, 14, 2, 20, 17, 19, 2, 11, 2, 11, 20, 17, 18, 6, 3, 1, 3, 13, 5, 8, 6, 18, 3, 18, 3, 13, 14, 11, 11, 3, 11, 18, 13, 14, 11, 2, 1, 1, 15, 2, 5, 8, 4, 8, 20, 3, 20, 14, 20, 18, 20, 9, 3, 20, 14, 20, 18, 3, 14, 20, 10, 1, 9, 14, 10, 1, 7, 9, 14, 7]
bestever    2547    in generation 40
[16, 19, 19, 16, 17, 13, 17, 2, 10, 15, 4, 19, 2, 9, 12, 15, 10, 16, 12, 17, 16, 4, 12, 7, 10, 19, 8, 10, 9, 17, 12, 4, 19, 17, 12, 9, 16, 4, 10, 15, 19, 7, 10, 7, 16, 15, 7, 7, 4, 7, 4, 5, 17, 13, 7, 16, 20, 15, 13, 19, 16, 13, 5, 4, 13, 5, 5, 10, 3, 15, 12, 4, 5, 5, 12, 12, 15, 18, 10, 8, 8, 18, 1, 6, 20, 9, 20, 19, 7, 16, 18, 6, 1, 5, 8, 6, 4, 6, 11, 16, 12, 6, 9, 17, 19, 2, 11, 2, 11, 1, 14, 12, 2, 6, 15, 6, 9, 9, 17, 19, 2, 11, 2, 11, 20, 17, 8, 3, 14, 11, 11, 3, 11, 18, 13, 14, 11, 2, 1, 11, 20, 17, 18, 6, 3, 1, 3, 13, 5, 8, 6, 18, 3, 18, 3, 13, 14, 13, 14, 18, 3, 18, 13, 14, 2, 1, 1, 15, 5, 8, 6, 1, 15, 2, 5, 8, 4, 8, 8, 20, 20, 9, 3, 20, 14, 20, 18, 3, 14, 10, 1, 9, 14, 10, 1, 7, 20, 9, 14, 7]
bestever    2516    in generation 42
[7, 16, 19, 19, 16, 17, 13, 17, 2, 10, 15, 4, 19, 2, 9, 12, 15, 10, 16, 12, 17, 16, 4, 12, 7, 10, 19, 8, 10, 9, 17, 12, 4, 19, 17, 12, 9, 16, 4, 10, 15, 19, 7, 10, 7, 16, 15, 7, 7, 4, 7, 4, 5, 17, 13, 7, 16, 20, 15, 13, 19, 16, 13, 5, 4, 13, 5, 5, 10, 3, 15, 12, 4, 5, 5, 14, 12, 12, 15, 18, 10, 8, 8, 18, 1, 6, 20, 9, 14, 19, 7, 16, 18, 6, 1, 5, 8, 6, 4, 6, 11, 8, 16, 12, 6, 15, 9, 17, 19, 2, 11, 2, 11, 17, 1, 5, 8, 3, 14, 3, 18, 13, 12, 18, 2, 6, 1, 15, 6, 13, 9, 17, 19, 2, 11, 2, 11, 17, 18, 6, 3, 1, 3, 13, 5, 8, 6, 18, 3, 18, 3, 13, 14, 11, 11, 3, 11, 18, 13, 14, 11, 2, 1, 11, 2, 1, 6, 1, 9, 20, 14, 20, 15, 2, 5, 8, 4, 8, 8, 20, 20, 9, 3, 20, 14, 20, 18, 3, 14, 10, 1, 9, 14, 10, 1, 20, 7, 20, 9, 14]
bestever    2473    in generation 59
[16, 19, 19, 16, 17, 13, 17, 2, 10, 15, 4, 19, 2, 9, 12, 15, 10, 16, 12, 17, 16, 4, 12, 7, 10, 19, 8, 10, 9, 17, 12, 4, 19, 17, 12, 16, 4, 10, 15, 19, 7, 10, 7, 16, 15, 7, 7, 4, 7, 4, 5, 17, 13, 7, 16, 15, 13, 19, 16, 13, 5, 4, 13, 5, 5, 10, 3, 15, 12, 4, 5, 5, 14, 12, 12, 15, 18, 10, 8, 8, 18, 1, 6, 19, 7, 16, 18, 6, 5, 8, 6, 4, 6, 1, 9, 14, 11, 8, 16, 12, 6, 15, 9, 17, 19, 2, 11, 2, 11, 17, 1, 5, 8, 3, 14, 3, 18, 13, 12, 18, 15, 1, 6, 6, 13, 9, 17, 19, 2, 11, 2, 11, 17, 18, 6, 3, 3, 13, 5, 8, 6, 18, 3, 18, 3, 13, 14, 11, 11, 3, 11, 18, 13, 11, 2, 14, 9, 1, 20, 20, 20, 2, 1, 11, 2, 1, 6, 1, 9, 20, 14, 20, 15, 2, 5, 8, 4, 8, 8, 20, 20, 9, 3, 20, 14, 20, 18, 3, 14, 10, 1, 9, 14, 10, 1, 20, 7, 9, 14, 7]
bestever    2461    in generation 83
[16, 19, 19, 16, 17, 13, 17, 2, 10, 15, 4, 19, 2, 9, 12, 15, 10, 16, 12, 17, 16, 4, 12, 7, 10, 19, 8, 10, 9, 17, 12, 4, 19, 17, 12, 16, 4, 10, 7, 19, 7, 10, 7, 16, 15, 7, 7, 4, 7, 4, 5, 17, 13, 7, 16, 15, 13, 19, 16, 13, 5, 4, 13, 5, 5, 10, 3, 15, 12, 4, 5, 5, 14, 12, 12, 15, 18, 10, 8, 8, 18, 1, 6, 19, 15, 16, 18, 6, 5, 8, 6, 4, 6, 1, 9, 14, 11, 8, 16, 12, 6, 15, 9, 17, 19, 2, 11, 2, 11, 17, 1, 5, 8, 3, 14, 3, 18, 13, 12, 18, 15, 1, 6, 6, 13, 9, 17, 19, 2, 11, 2, 11, 17, 18, 6, 3, 3, 13, 5, 8, 6, 18, 3, 18, 3, 13, 14, 11, 11, 3, 11, 18, 13, 11, 2, 14, 9, 1, 20, 20, 20, 2, 1, 11, 2, 1, 6, 1, 9, 20, 14, 20, 15, 2, 5, 8, 4, 8, 8, 20, 20, 9, 3, 20, 14, 20, 18, 3, 14, 10, 1, 9, 14, 10, 1, 20, 7, 9, 14, 7]
bestever    2447    in generation 87
[16, 19, 19, 16, 17, 13, 17, 2, 10, 15, 4, 19, 2, 9, 12, 15, 10, 16, 12, 17, 16, 4, 12, 7, 10, 19, 8, 10, 9, 17, 12, 4, 19, 17, 12, 16, 4, 10, 7, 19, 7, 10, 7, 16, 15, 7, 7, 4, 7, 4, 5, 17, 13, 7, 16, 15, 13, 19, 16, 13, 5, 4, 13, 5, 5, 10, 3, 15, 12, 4, 5, 5, 14, 12, 12, 15, 18, 10, 8, 8, 18, 1, 6, 19, 15, 16, 18, 6, 5, 8, 6, 4, 6, 1, 11, 8, 16, 12, 6, 15, 9, 17, 19, 2, 11, 2, 11, 17, 1, 5, 8, 3, 14, 3, 18, 13, 12, 18, 15, 1, 6, 6, 13, 9, 17, 19, 2, 11, 2, 11, 17, 18, 6, 3, 3, 13, 5, 8, 6, 18, 3, 18, 13, 14, 11, 11, 3, 11, 18, 13, 11, 2, 14, 9, 1, 20, 20, 2, 1, 11, 2, 1, 6, 1, 9, 20, 9, 3, 20, 14, 14, 20, 15, 2, 5, 8, 4, 8, 8, 20, 20, 9, 3, 20, 14, 20, 18, 3, 14, 10, 1, 9, 14, 10, 1, 20, 7, 9, 14, 7]
bestever    2413    in generation 119
[19, 19, 16, 17, 13, 17, 2, 10, 15, 4, 19, 2, 9, 12, 15, 10, 16, 12, 17, 16, 4, 12, 7, 10, 19, 8, 10, 17, 12, 4, 19, 17, 12, 16, 4, 10, 7, 19, 7, 7, 16, 15, 7, 7, 4, 4, 5, 13, 16, 15, 13, 19, 16, 13, 5, 4, 5, 5, 15, 12, 4, 5, 5, 12, 12, 15, 18, 10, 8, 8, 18, 1, 6, 19, 15, 16, 18, 6, 5, 8, 6, 6, 1, 11, 8, 16, 6, 15, 11, 11, 17, 1, 5, 8, 12, 17, 19, 17, 8, 13, 2, 2, 8, 4, 9, 3, 3, 13, 12, 18, 15, 6, 6, 13, 9, 17, 19, 2, 11, 2, 11, 17, 18, 6, 3, 3, 13, 5, 6, 18, 3, 18, 13, 14, 11, 11, 3, 11, 18, 13, 11, 2, 14, 9, 2, 1, 11, 2, 1, 6, 1, 9, 14, 20, 3, 20, 20, 20, 15, 2, 5, 8, 4, 8, 20, 20, 9, 3, 20, 14, 20, 18, 3, 14, 10, 1, 9, 14, 10, 1, 20, 7, 9, 14, 7, 20, 18, 3, 14, 10, 1, 9, 14, 10, 1, 7, 9, 14, 7, 16]
bestever    2390    in generation 128
[19, 19, 16, 17, 13, 17, 2, 10, 15, 4, 19, 2, 9, 12, 15, 10, 16, 12, 17, 16, 4, 12, 7, 10, 19, 8, 10, 17, 12, 4, 19, 17, 12, 16, 4, 10, 7, 19, 7, 16, 15, 7, 7, 4, 4, 5, 13, 16, 15, 13, 19, 16, 13, 5, 4, 5, 5, 15, 12, 4, 5, 5, 12, 12, 15, 18, 8, 8, 18, 1, 6, 19, 15, 16, 18, 6, 5, 8, 6, 6, 1, 11, 8, 16, 6, 15, 11, 11, 17, 1, 5, 8, 12, 17, 19, 17, 8, 13, 2, 2, 8, 4, 9, 3, 3, 13, 12, 18, 15, 6, 6, 13, 9, 17, 19, 2, 11, 2, 11, 17, 18, 6, 3, 3, 13, 5, 6, 18, 3, 18, 13, 14, 11, 11, 3, 11, 18, 13, 11, 2, 9, 2, 1, 11, 2, 1, 6, 1, 9, 20, 3, 20, 20, 20, 15, 2, 5, 8, 4, 8, 20, 20, 3, 20, 18, 3, 14, 14, 10, 20, 7, 14, 10, 1, 9, 14, 10, 1, 20, 7, 9, 14, 9, 14, 7, 20, 18, 3, 14, 10, 1, 9, 14, 10, 1, 7, 9, 14, 7, 16]
bestever    2376    in generation 154
[19, 19, 16, 17, 13, 17, 2, 10, 15, 4, 19, 2, 9, 12, 15, 16, 12, 17, 16, 4, 12, 7, 10, 19, 8, 10, 17, 12, 4, 19, 17, 12, 16, 4, 10, 7, 19, 7, 16, 15, 7, 7, 4, 4, 5, 13, 16, 15, 13, 19, 16, 13, 5, 4, 5, 5, 15, 12, 4, 5, 5, 12, 12, 15, 18, 8, 8, 18, 1, 6, 19, 15, 16, 18, 6, 5, 8, 6, 6, 1, 11, 8, 16, 6, 15, 11, 11, 17, 1, 5, 8, 12, 17, 19, 17, 8, 13, 2, 2, 8, 4, 9, 3, 3, 13, 12, 18, 15, 6, 6, 13, 9, 17, 19, 2, 11, 2, 11, 17, 18, 6, 3, 3, 13, 5, 6, 18, 3, 18, 13, 14, 11, 11, 3, 11, 18, 13, 11, 2, 9, 2, 1, 11, 2, 1, 6, 1, 9, 20, 3, 20, 20, 20, 15, 2, 5, 8, 4, 8, 20, 3, 20, 18, 3, 14, 14, 10, 20, 10, 20, 7, 14, 10, 1, 9, 14, 10, 1, 20, 7, 9, 14, 9, 14, 7, 20, 18, 3, 14, 10, 1, 9, 14, 10, 1, 7, 9, 14, 7, 16]
bestever    2320    in generation 159
[19, 19, 16, 17, 13, 17, 2, 10, 15, 4, 19, 2, 9, 12, 15, 10, 16, 12, 17, 16, 4, 12, 7, 10, 19, 8, 17, 12, 4, 19, 17, 12, 16, 4, 7, 19, 7, 16, 15, 4, 4, 5, 13, 16, 15, 13, 19, 16, 13, 5, 4, 5, 5, 15, 12, 4, 5, 5, 12, 12, 15, 18, 8, 8, 18, 1, 6, 19, 15, 16, 18, 6, 5, 8, 6, 6, 1, 11, 8, 16, 6, 15, 11, 11, 17, 1, 5, 8, 12, 17, 19, 17, 8, 13, 2, 2, 8, 9, 3, 3, 13, 12, 18, 15, 6, 6, 13, 9, 17, 19, 2, 11, 2, 11, 17, 18, 6, 3, 3, 13, 5, 6, 18, 3, 18, 13, 14, 11, 11, 3, 11, 13, 11, 2, 2, 1, 11, 2, 6, 20, 3, 20, 20, 20, 15, 2, 4, 3, 20, 18, 3, 14, 10, 1, 10, 1, 5, 8, 4, 8, 20, 20, 18, 7, 9, 9, 14, 7, 10, 20, 7, 14, 10, 1, 9, 14, 10, 1, 20, 7, 9, 14, 9, 14, 7, 20, 18, 3, 14, 10, 1, 9, 14, 10, 1, 7, 9, 14, 7, 16]
bestever    2254    in generation 162
[19, 19, 16, 17, 13, 17, 2, 15, 4, 19, 2, 9, 12, 15, 16, 12, 17, 16, 4, 12, 19, 8, 17, 12, 4, 17, 12, 16, 4, 15, 4, 19, 19, 4, 5, 13, 16, 15, 13, 19, 16, 13, 5, 4, 5, 5, 15, 12, 4, 5, 5, 12, 12, 15, 18, 8, 8, 18, 1, 6, 19, 15, 16, 18, 6, 5, 8, 6, 6, 1, 11, 8, 16, 6, 15, 11, 11, 17, 5, 8, 12, 17, 19, 17, 8, 13, 2, 2, 8, 4, 3, 3, 13, 12, 18, 15, 6, 6, 13, 17, 19, 2, 11, 2, 11, 17, 18, 6, 3, 3, 13, 5, 6, 18, 3, 18, 13, 11, 11, 3, 11, 18, 13, 11, 2, 2, 11, 2, 6, 20, 3, 20, 20, 20, 15, 2, 5, 8, 4, 8, 20, 20, 3, 20, 18, 3, 10, 14, 7, 14, 10, 1, 10, 1, 7, 9, 9, 14, 7, 10, 20, 7, 14, 10, 1, 9, 14, 10, 1, 20, 7, 9, 14, 9, 14, 7, 20, 18, 3, 14, 10, 1, 9, 14, 10, 1, 7, 9, 14, 10, 1, 9, 10, 1, 7, 9, 7, 16, 7, 16]
bestever    2249    in generation 171
[19, 19, 16, 17, 13, 17, 2, 15, 4, 19, 2, 12, 15, 16, 12, 17, 16, 4, 12, 19, 8, 17, 12, 4, 17, 12, 16, 4, 15, 4, 19, 19, 4, 5, 13, 16, 15, 13, 19, 16, 13, 5, 4, 5, 5, 15, 12, 4, 5, 5, 12, 12, 15, 18, 8, 8, 18, 1, 6, 19, 15, 16, 18, 6, 5, 8, 6, 6, 1, 11, 8, 16, 6, 15, 11, 11, 17, 5, 8, 12, 17, 19, 17, 8, 13, 2, 2, 8, 4, 3, 3, 13, 12, 18, 15, 6, 6, 13, 17, 19, 2, 11, 2, 11, 17, 18, 6, 3, 3, 13, 5, 6, 18, 3, 18, 13, 11, 11, 3, 11, 18, 13, 11, 2, 2, 11, 2, 6, 20, 3, 20, 20, 20, 15, 2, 5, 8, 4, 8, 20, 20, 3, 20, 18, 10, 14, 7, 14, 10, 10, 7, 14, 20, 7, 1, 9, 1, 9, 14, 10, 1, 7, 9, 14, 10, 3, 10, 1, 9, 20, 7, 9, 14, 9, 14, 7, 20, 18, 3, 14, 10, 1, 9, 14, 10, 1, 7, 9, 14, 10, 1, 9, 10, 1, 7, 9, 7, 16, 7, 16]
bestever    2243    in generation 199
[19, 19, 16, 17, 13, 17, 2, 15, 4, 19, 2, 12, 15, 16, 12, 17, 4, 12, 19, 8, 17, 12, 4, 17, 12, 16, 4, 15, 4, 19, 19, 4, 5, 13, 16, 15, 13, 19, 16, 13, 5, 4, 5, 5, 15, 12, 4, 5, 5, 12, 12, 15, 18, 8, 8, 18, 6, 19, 15, 16, 18, 6, 5, 8, 6, 6, 11, 8, 16, 6, 15, 11, 11, 17, 5, 8, 12, 17, 19, 17, 8, 13, 2, 2, 8, 4, 3, 3, 13, 12, 18, 15, 6, 6, 13, 17, 19, 2, 11, 2, 11, 17, 18, 6, 3, 3, 13, 5, 6, 18, 3, 18, 13, 11, 11, 3, 11, 18, 13, 11, 2, 2, 11, 2, 6, 20, 3, 20, 20, 20, 15, 2, 5, 8, 4, 8, 20, 20, 3, 20, 18, 14, 14, 1, 9, 7, 10, 20, 7, 10, 1, 9, 10, 1, 20, 7, 9, 7, 7, 9, 14, 9, 14, 7, 20, 16, 18, 14, 10, 1, 3, 14, 10, 1, 9, 14, 10, 1, 3, 14, 10, 1, 9, 14, 10, 1, 7, 9, 14, 10, 1, 9, 10, 1, 7, 9, 7, 16, 7, 16]
bestever    2239    in generation 208
[19, 19, 17, 13, 17, 2, 15, 4, 19, 2, 12, 15, 16, 12, 17, 4, 12, 19, 8, 17, 12, 4, 17, 12, 16, 4, 15, 4, 19, 19, 4, 5, 13, 16, 15, 13, 19, 16, 13, 5, 4, 5, 5, 15, 12, 4, 5, 5, 12, 12, 15, 18, 8, 8, 18, 6, 19, 15, 16, 18, 6, 5, 8, 6, 6, 11, 8, 16, 6, 15, 11, 11, 17, 5, 8, 12, 17, 19, 17, 8, 13, 2, 2, 8, 4, 3, 3, 13, 12, 18, 15, 6, 6, 13, 17, 19, 2, 11, 2, 11, 17, 18, 6, 3, 3, 13, 5, 6, 18, 3, 18, 13, 11, 11, 3, 11, 18, 13, 11, 2, 2, 11, 2, 6, 20, 3, 20, 20, 20, 15, 2, 5, 8, 4, 8, 20, 20, 3, 20, 18, 14, 14, 1, 9, 10, 20, 10, 1, 9, 10, 1, 20, 9, 7, 7, 14, 9, 14, 7, 20, 16, 18, 14, 7, 9, 7, 16, 7, 10, 1, 3, 14, 10, 1, 9, 14, 10, 1, 3, 14, 10, 1, 9, 14, 10, 1, 7, 9, 14, 10, 1, 9, 10, 1, 7, 9, 7, 16, 7, 16]
bestever    2214    in generation 210
[19, 19, 16, 17, 13, 17, 2, 15, 4, 19, 2, 12, 15, 16, 12, 17, 4, 12, 19, 8, 17, 12, 4, 17, 12, 16, 4, 15, 4, 19, 19, 4, 5, 13, 16, 15, 13, 19, 16, 13, 5, 4, 5, 5, 15, 12, 4, 5, 5, 12, 12, 15, 18, 8, 8, 18, 6, 19, 15, 16, 18, 6, 5, 8, 6, 6, 11, 8, 16, 6, 15, 11, 11, 17, 5, 8, 12, 17, 19, 17, 13, 2, 2, 8, 3, 3, 13, 12, 18, 15, 6, 6, 13, 17, 19, 2, 11, 2, 11, 17, 18, 6, 3, 3, 13, 5, 6, 18, 3, 18, 13, 11, 11, 3, 11, 18, 13, 11, 2, 2, 11, 2, 6, 20, 3, 20, 20, 20, 15, 2, 8, 4, 5, 8, 4, 8, 20, 20, 3, 20, 18, 14, 14, 1, 9, 7, 10, 20, 7, 10, 1, 9, 10, 1, 20, 7, 9, 7, 7, 9, 14, 9, 14, 7, 20, 16, 18, 14, 10, 1, 3, 14, 10, 1, 9, 14, 10, 1, 3, 14, 10, 1, 9, 14, 10, 1, 7, 9, 14, 10, 1, 9, 10, 1, 7, 9, 7, 16, 7, 16]
bestever    2135    in generation 211
[19, 19, 17, 13, 17, 2, 15, 4, 19, 14, 12, 15, 16, 12, 17, 4, 12, 19, 8, 17, 12, 4, 17, 12, 16, 4, 15, 4, 19, 19, 4, 5, 13, 16, 15, 13, 19, 16, 13, 5, 4, 5, 5, 15, 12, 4, 5, 5, 12, 12, 15, 18, 8, 8, 18, 6, 19, 15, 16, 18, 6, 5, 8, 6, 6, 11, 8, 16, 6, 15, 11, 11, 17, 5, 8, 12, 17, 19, 17, 8, 13, 2, 2, 8, 4, 3, 3, 13, 12, 18, 15, 6, 6, 13, 17, 19, 2, 11, 2, 11, 17, 18, 6, 3, 3, 13, 5, 6, 18, 3, 18, 13, 11, 11, 3, 11, 18, 13, 11, 2, 2, 11, 2, 6, 20, 3, 20, 20, 20, 15, 2, 5, 8, 4, 8, 20, 20, 3, 20, 18, 14, 14, 1, 9, 10, 20, 10, 1, 9, 10, 1, 20, 9, 7, 7, 14, 9, 14, 7, 20, 16, 18, 14, 7, 9, 7, 16, 7, 10, 1, 3, 14, 10, 1, 9, 2, 10, 1, 3, 14, 10, 1, 9, 14, 10, 1, 7, 9, 14, 10, 1, 9, 10, 1, 7, 9, 7, 16, 7, 16]
bestever    2110    in generation 229
[19, 19, 17, 13, 17, 2, 15, 4, 19, 14, 12, 15, 16, 12, 17, 4, 12, 19, 8, 17, 12, 4, 17, 12, 16, 4, 15, 4, 19, 19, 4, 5, 13, 16, 15, 13, 19, 16, 13, 5, 4, 5, 5, 15, 12, 4, 5, 5, 12, 12, 15, 18, 8, 8, 18, 6, 19, 15, 16, 18, 6, 5, 8, 6, 6, 11, 8, 16, 6, 15, 11, 11, 17, 5, 8, 12, 17, 19, 17, 8, 13, 2, 2, 8, 4, 3, 3, 13, 12, 15, 6, 6, 13, 17, 19, 2, 11, 2, 17, 13, 5, 6, 3, 18, 3, 18, 11, 6, 18, 3, 18, 13, 11, 11, 3, 11, 18, 13, 11, 2, 2, 11, 2, 6, 20, 3, 20, 20, 20, 15, 2, 5, 8, 4, 8, 20, 20, 3, 20, 18, 14, 14, 1, 9, 10, 20, 10, 1, 9, 10, 1, 20, 9, 7, 7, 14, 9, 14, 7, 20, 16, 18, 14, 7, 9, 7, 16, 7, 10, 1, 3, 14, 10, 1, 9, 2, 10, 1, 3, 14, 10, 1, 9, 14, 10, 1, 7, 9, 14, 10, 1, 9, 10, 1, 7, 9, 7, 16, 7, 16]
bestever    2093    in generation 236
[19, 19, 17, 13, 17, 15, 4, 19, 14, 12, 15, 16, 12, 17, 4, 12, 19, 8, 17, 12, 4, 17, 12, 16, 4, 15, 4, 19, 19, 4, 5, 13, 16, 15, 13, 19, 16, 13, 5, 4, 5, 5, 15, 12, 4, 5, 5, 12, 12, 15, 18, 8, 8, 18, 6, 19, 15, 16, 18, 6, 5, 8, 6, 6, 11, 8, 16, 6, 15, 11, 11, 17, 5, 8, 12, 17, 19, 17, 8, 13, 2, 2, 8, 4, 13, 12, 15, 6, 6, 13, 17, 19, 2, 11, 2, 17, 13, 5, 3, 3, 6, 3, 18, 3, 18, 11, 2, 6, 18, 3, 18, 13, 11, 11, 3, 11, 18, 13, 11, 2, 2, 11, 2, 6, 20, 3, 20, 20, 20, 15, 2, 5, 8, 4, 8, 20, 20, 3, 20, 18, 14, 14, 1, 9, 10, 20, 10, 1, 9, 10, 1, 20, 9, 7, 7, 14, 9, 14, 7, 20, 16, 18, 14, 7, 9, 7, 16, 7, 10, 1, 3, 14, 10, 1, 9, 2, 10, 1, 3, 14, 10, 1, 9, 14, 10, 1, 7, 9, 14, 10, 1, 9, 10, 1, 7, 9, 7, 16, 7, 16]
bestever    2079    in generation 237
[19, 19, 17, 13, 17, 2, 15, 4, 19, 14, 12, 15, 16, 12, 17, 4, 12, 19, 8, 17, 12, 4, 17, 12, 16, 4, 15, 4, 19, 19, 4, 5, 13, 16, 15, 13, 19, 16, 13, 5, 4, 5, 5, 15, 12, 4, 18, 5, 12, 12, 15, 18, 8, 8, 18, 6, 19, 15, 16, 18, 6, 5, 8, 6, 6, 11, 8, 16, 6, 15, 11, 11, 17, 5, 8, 12, 17, 19, 17, 8, 13, 2, 2, 8, 4, 3, 3, 13, 12, 15, 6, 6, 13, 17, 19, 2, 11, 2, 17, 13, 5, 6, 3, 18, 3, 5, 11, 6, 18, 3, 18, 13, 11, 11, 3, 11, 18, 13, 11, 2, 2, 11, 2, 6, 20, 3, 20, 20, 20, 15, 2, 5, 8, 4, 8, 20, 20, 3, 20, 18, 14, 14, 1, 9, 10, 20, 10, 1, 9, 10, 1, 20, 9, 7, 7, 14, 9, 14, 7, 20, 16, 18, 14, 7, 9, 7, 16, 7, 10, 1, 3, 14, 10, 1, 9, 2, 10, 1, 3, 14, 10, 1, 9, 14, 10, 1, 7, 9, 14, 10, 1, 9, 10, 1, 7, 9, 7, 16, 7, 16]
bestever    2075    in generation 244
[19, 19, 17, 13, 17, 2, 15, 4, 19, 14, 12, 15, 16, 12, 17, 4, 12, 19, 8, 17, 12, 4, 17, 12, 16, 4, 15, 4, 19, 19, 4, 5, 13, 15, 13, 19, 16, 13, 5, 4, 5, 5, 15, 12, 4, 18, 5, 12, 12, 15, 18, 8, 8, 18, 6, 19, 15, 16, 18, 6, 5, 8, 6, 6, 11, 8, 16, 6, 15, 11, 11, 17, 5, 8, 12, 17, 19, 17, 8, 13, 2, 2, 8, 4, 3, 3, 13, 12, 15, 6, 6, 13, 17, 19, 2, 11, 2, 17, 13, 5, 6, 3, 18, 3, 5, 11, 6, 18, 3, 18, 13, 11, 11, 3, 11, 18, 13, 11, 2, 2, 11, 2, 6, 20, 3, 20, 20, 20, 15, 2, 5, 8, 4, 8, 20, 20, 3, 20, 18, 14, 1, 9, 20, 10, 20, 9, 16, 18, 7, 7, 14, 14, 7, 20, 16, 14, 7, 9, 7, 16, 7, 3, 14, 10, 1, 9, 10, 1, 14, 10, 1, 9, 10, 1, 9, 2, 10, 1, 3, 14, 10, 1, 9, 14, 10, 1, 7, 9, 14, 10, 1, 9, 10, 1, 7, 9, 7, 16, 7, 16]
bestever    2069    in generation 247
[19, 19, 17, 13, 17, 2, 15, 4, 19, 14, 12, 15, 16, 12, 17, 4, 12, 19, 8, 17, 12, 4, 17, 12, 16, 4, 15, 4, 19, 19, 4, 5, 13, 15, 13, 19, 16, 13, 5, 4, 5, 5, 15, 12, 4, 18, 5, 12, 12, 15, 18, 8, 8, 18, 6, 19, 15, 16, 18, 6, 5, 8, 6, 6, 11, 8, 16, 3, 15, 11, 11, 17, 5, 8, 12, 17, 19, 17, 8, 13, 2, 2, 8, 4, 3, 3, 13, 12, 15, 6, 6, 13, 17, 19, 2, 11, 2, 17, 13, 5, 6, 3, 18, 6, 5, 11, 6, 18, 3, 18, 13, 11, 11, 3, 11, 18, 13, 11, 2, 2, 11, 2, 6, 20, 3, 20, 20, 20, 15, 2, 5, 8, 4, 8, 20, 20, 3, 20, 18, 14, 20, 10, 20, 16, 18, 7, 7, 14, 14, 7, 20, 16, 14, 7, 9, 7, 16, 7, 3, 14, 10, 1, 14, 10, 1, 9, 10, 1, 9, 10, 1, 9, 1, 9, 2, 10, 1, 3, 9, 14, 10, 1, 9, 14, 10, 1, 7, 9, 14, 10, 1, 9, 10, 1, 7, 9, 7, 16, 7, 16]
bestever    2056    in generation 264
[19, 19, 17, 13, 17, 2, 15, 4, 19, 14, 12, 15, 16, 12, 17, 4, 12, 19, 8, 17, 12, 4, 17, 12, 16, 4, 15, 4, 19, 19, 4, 5, 13, 15, 13, 19, 16, 13, 5, 4, 5, 5, 15, 12, 4, 5, 12, 12, 15, 8, 8, 6, 19, 15, 16, 6, 5, 8, 6, 6, 11, 8, 16, 3, 15, 17, 5, 8, 12, 17, 19, 17, 8, 2, 2, 8, 4, 3, 12, 15, 6, 6, 17, 19, 2, 17, 13, 18, 5, 6, 18, 18, 13, 6, 5, 11, 6, 18, 3, 18, 13, 11, 11, 3, 11, 18, 13, 11, 2, 18, 13, 11, 3, 3, 11, 18, 13, 11, 2, 2, 11, 2, 6, 20, 3, 20, 20, 20, 15, 2, 5, 8, 4, 8, 20, 20, 3, 20, 18, 14, 20, 10, 20, 16, 18, 7, 7, 14, 14, 7, 20, 16, 14, 7, 9, 7, 16, 7, 3, 14, 10, 1, 14, 10, 1, 9, 10, 1, 9, 10, 1, 9, 1, 9, 2, 10, 1, 3, 9, 14, 10, 1, 9, 14, 10, 1, 7, 9, 14, 10, 1, 9, 10, 1, 7, 9, 7, 16, 7, 16]
bestever    2025    in generation 265
[19, 19, 17, 13, 17, 2, 15, 4, 19, 14, 12, 15, 16, 12, 17, 4, 12, 19, 8, 17, 12, 4, 17, 12, 16, 4, 15, 4, 19, 19, 4, 5, 13, 15, 13, 19, 16, 13, 5, 4, 5, 5, 15, 12, 4, 5, 12, 12, 15, 8, 8, 6, 19, 15, 16, 6, 5, 8, 6, 6, 11, 8, 16, 3, 15, 17, 5, 8, 12, 17, 19, 17, 8, 4, 2, 8, 4, 3, 12, 15, 6, 6, 17, 19, 2, 17, 13, 18, 5, 6, 18, 18, 13, 6, 5, 11, 6, 18, 3, 18, 13, 11, 11, 3, 11, 18, 13, 11, 2, 18, 13, 11, 3, 3, 11, 18, 13, 11, 2, 2, 11, 2, 6, 20, 3, 20, 20, 20, 15, 2, 5, 8, 2, 8, 20, 20, 3, 20, 18, 14, 20, 10, 20, 16, 18, 7, 7, 14, 14, 7, 20, 16, 14, 7, 9, 7, 16, 7, 3, 14, 10, 1, 14, 10, 1, 9, 10, 1, 9, 10, 1, 9, 1, 9, 2, 10, 1, 3, 9, 14, 10, 1, 9, 14, 10, 1, 7, 9, 14, 10, 1, 9, 10, 1, 7, 9, 7, 16, 7, 16]
bestever    2024    in generation 281
[19, 19, 17, 13, 17, 2, 15, 4, 19, 14, 12, 15, 16, 12, 17, 4, 12, 19, 8, 17, 12, 4, 17, 12, 16, 4, 15, 4, 19, 19, 4, 5, 13, 15, 13, 19, 16, 13, 5, 4, 5, 5, 15, 12, 4, 5, 12, 12, 15, 8, 8, 6, 19, 15, 16, 6, 5, 8, 6, 6, 11, 8, 16, 3, 15, 17, 5, 8, 12, 17, 19, 17, 8, 4, 2, 8, 4, 3, 12, 15, 6, 6, 17, 19, 2, 17, 13, 18, 5, 6, 18, 18, 13, 6, 5, 11, 6, 18, 3, 18, 13, 11, 11, 3, 11, 18, 13, 11, 2, 18, 13, 11, 3, 3, 11, 18, 13, 11, 2, 2, 11, 2, 6, 20, 3, 20, 20, 20, 15, 2, 5, 8, 2, 8, 20, 20, 3, 20, 18, 14, 20, 10, 20, 16, 18, 7, 7, 14, 14, 7, 20, 16, 14, 7, 9, 7, 16, 3, 10, 1, 10, 1, 9, 10, 1, 9, 1, 9, 1, 2, 10, 14, 10, 1, 7, 9, 14, 3, 9, 14, 10, 1, 9, 14, 10, 1, 7, 9, 14, 10, 1, 9, 10, 1, 7, 9, 7, 16, 7, 16]
bestever    2023    in generation 394
[19, 19, 17, 13, 17, 2, 15, 4, 19, 14, 12, 15, 16, 12, 17, 4, 12, 19, 8, 17, 12, 4, 17, 12, 16, 4, 15, 4, 19, 19, 4, 5, 13, 15, 16, 19, 14, 13, 5, 4, 5, 5, 15, 12, 4, 11, 12, 12, 15, 8, 8, 6, 19, 15, 13, 6, 5, 8, 1, 6, 6, 11, 8, 16, 3, 15, 17, 5, 8, 12, 17, 19, 17, 8, 4, 2, 8, 4, 3, 12, 15, 6, 6, 17, 19, 2, 17, 13, 18, 5, 6, 18, 18, 13, 6, 5, 11, 6, 18, 3, 18, 13, 11, 11, 3, 5, 18, 13, 11, 2, 18, 13, 11, 3, 3, 2, 11, 18, 13, 11, 2, 2, 11, 6, 20, 3, 20, 20, 20, 15, 2, 5, 8, 2, 8, 20, 20, 3, 20, 18, 14, 20, 10, 20, 16, 18, 7, 14, 14, 20, 14, 9, 7, 16, 7, 14, 1, 9, 7, 9, 10, 1, 2, 10, 3, 9, 1, 9, 10, 16, 10, 7, 1, 10, 1, 3, 9, 14, 10, 1, 9, 14, 10, 14, 10, 1, 9, 10, 1, 9, 7, 16, 7, 1, 7, 9, 7, 16, 7, 16]
bestever    2021    in generation 400
[19, 19, 17, 13, 17, 2, 15, 4, 19, 14, 12, 15, 16, 12, 17, 4, 12, 19, 8, 17, 12, 4, 17, 12, 16, 4, 15, 4, 19, 19, 4, 5, 13, 15, 16, 19, 14, 13, 5, 4, 5, 5, 15, 12, 4, 11, 12, 12, 15, 8, 8, 6, 19, 15, 13, 6, 5, 8, 1, 6, 6, 11, 8, 16, 3, 15, 17, 5, 8, 12, 17, 19, 17, 8, 4, 2, 8, 4, 3, 12, 15, 6, 6, 17, 19, 2, 17, 13, 18, 5, 6, 18, 18, 13, 6, 5, 11, 6, 18, 3, 18, 13, 11, 11, 3, 5, 18, 13, 11, 2, 18, 13, 11, 3, 3, 2, 11, 18, 13, 11, 2, 2, 11, 6, 20, 3, 20, 20, 20, 15, 2, 5, 8, 2, 8, 20, 20, 3, 20, 18, 14, 20, 10, 20, 18, 7, 14, 14, 20, 14, 9, 7, 14, 1, 9, 16, 9, 10, 1, 2, 10, 3, 9, 1, 9, 10, 16, 10, 7, 1, 10, 1, 3, 9, 14, 10, 14, 10, 1, 9, 7, 16, 7, 14, 10, 1, 9, 10, 1, 9, 7, 16, 7, 1, 7, 9, 7, 16, 7, 16]
bestever    1996    in generation 433
[19, 19, 17, 13, 17, 12, 15, 4, 19, 14, 12, 15, 16, 12, 17, 4, 12, 19, 8, 17, 12, 4, 17, 12, 16, 4, 15, 4, 19, 19, 4, 5, 13, 15, 16, 19, 14, 13, 5, 4, 5, 5, 15, 12, 4, 11, 12, 12, 15, 8, 8, 6, 19, 15, 13, 6, 5, 8, 1, 6, 6, 11, 8, 16, 3, 15, 17, 5, 8, 12, 17, 19, 17, 8, 4, 2, 8, 4, 3, 2, 15, 6, 6, 17, 19, 2, 17, 13, 18, 5, 6, 18, 18, 13, 6, 5, 11, 6, 18, 3, 18, 13, 11, 11, 3, 5, 18, 13, 11, 2, 18, 13, 11, 3, 3, 2, 11, 18, 13, 11, 2, 2, 11, 6, 20, 3, 20, 20, 20, 15, 2, 5, 8, 2, 8, 20, 20, 3, 20, 18, 14, 20, 10, 20, 18, 7, 14, 14, 20, 14, 9, 7, 14, 1, 9, 16, 9, 10, 1, 2, 10, 3, 9, 1, 9, 10, 16, 10, 7, 1, 10, 1, 3, 9, 14, 10, 14, 10, 1, 9, 7, 7, 14, 10, 1, 9, 10, 1, 9, 7, 16, 16, 7, 1, 7, 9, 7, 16, 7, 16]
bestever    1975    in generation 447
[19, 19, 17, 13, 17, 12, 15, 4, 19, 14, 12, 15, 16, 12, 17, 4, 12, 19, 8, 17, 12, 4, 17, 12, 16, 4, 15, 4, 19, 19, 4, 5, 13, 15, 16, 19, 14, 13, 5, 4, 5, 5, 15, 12, 4, 11, 12, 12, 15, 8, 8, 6, 19, 15, 13, 6, 5, 8, 1, 6, 6, 11, 8, 16, 3, 15, 17, 5, 8, 12, 17, 19, 17, 8, 4, 2, 8, 4, 3, 2, 15, 6, 6, 17, 19, 2, 17, 13, 18, 5, 6, 18, 18, 13, 6, 5, 11, 6, 18, 3, 18, 13, 11, 11, 3, 5, 18, 13, 11, 2, 18, 13, 11, 3, 3, 2, 11, 18, 13, 11, 2, 2, 11, 6, 20, 3, 20, 20, 20, 15, 5, 8, 2, 2, 8, 20, 20, 3, 20, 18, 14, 20, 20, 18, 14, 20, 9, 7, 14, 9, 16, 2, 3, 9, 1, 9, 16, 10, 7, 1, 10, 1, 9, 14, 10, 7, 1, 10, 1, 3, 9, 14, 10, 14, 10, 10, 14, 10, 1, 9, 7, 7, 14, 10, 1, 9, 10, 1, 9, 7, 16, 16, 7, 1, 7, 9, 7, 16, 7, 16]
bestever    1970    in generation 459
[19, 19, 17, 13, 17, 12, 15, 4, 19, 14, 12, 15, 16, 12, 17, 4, 12, 19, 8, 17, 12, 4, 17, 12, 16, 4, 15, 4, 19, 19, 4, 5, 13, 15, 16, 19, 14, 13, 5, 4, 5, 5, 15, 12, 4, 11, 12, 12, 15, 8, 8, 6, 19, 15, 13, 6, 5, 8, 1, 6, 6, 11, 8, 16, 3, 15, 17, 5, 8, 12, 17, 19, 17, 8, 4, 2, 8, 4, 3, 2, 15, 6, 6, 17, 19, 2, 17, 13, 18, 5, 6, 18, 18, 13, 6, 5, 11, 6, 18, 3, 18, 13, 11, 11, 3, 5, 18, 13, 11, 2, 18, 13, 11, 3, 3, 2, 11, 18, 13, 11, 2, 11, 6, 3, 20, 20, 15, 2, 20, 20, 5, 8, 2, 2, 8, 20, 20, 3, 20, 18, 14, 20, 20, 18, 14, 20, 9, 7, 14, 9, 16, 2, 3, 9, 1, 9, 16, 10, 7, 1, 10, 1, 9, 14, 10, 7, 1, 10, 1, 3, 9, 14, 10, 14, 10, 10, 14, 10, 1, 9, 7, 7, 14, 10, 1, 9, 10, 1, 9, 7, 16, 16, 7, 1, 7, 9, 7, 16, 7, 16]
bestever    1969    in generation 460
[19, 19, 17, 13, 17, 12, 15, 4, 19, 14, 12, 15, 16, 12, 17, 4, 12, 19, 8, 17, 12, 4, 17, 12, 16, 4, 15, 4, 19, 19, 4, 5, 13, 15, 16, 19, 14, 13, 5, 4, 5, 5, 15, 12, 4, 11, 12, 12, 15, 8, 8, 6, 19, 15, 13, 6, 5, 8, 1, 6, 6, 11, 8, 16, 3, 15, 17, 5, 8, 12, 17, 19, 17, 8, 4, 2, 8, 4, 3, 2, 15, 6, 6, 17, 19, 2, 17, 13, 18, 5, 6, 18, 18, 13, 6, 5, 11, 6, 18, 3, 18, 13, 11, 11, 3, 5, 18, 13, 11, 2, 18, 13, 11, 3, 3, 2, 11, 18, 13, 11, 2, 11, 6, 3, 20, 20, 15, 2, 20, 20, 5, 8, 2, 2, 8, 20, 20, 3, 20, 18, 14, 20, 20, 18, 14, 20, 9, 7, 14, 9, 2, 3, 9, 1, 9, 10, 1, 10, 1, 9, 14, 10, 1, 10, 1, 3, 9, 14, 10, 14, 16, 16, 7, 7, 10, 10, 14, 10, 1, 9, 7, 7, 14, 10, 1, 9, 10, 1, 9, 7, 16, 16, 7, 1, 7, 9, 7, 16, 7, 16]
bestever    1967    in generation 469
[19, 19, 17, 13, 17, 12, 15, 4, 19, 14, 12, 15, 16, 12, 17, 4, 12, 19, 8, 17, 12, 4, 17, 12, 16, 4, 15, 4, 19, 19, 4, 5, 13, 15, 16, 19, 14, 13, 5, 4, 5, 5, 15, 12, 4, 11, 12, 12, 15, 8, 8, 6, 19, 15, 13, 6, 5, 8, 1, 6, 6, 11, 8, 16, 3, 15, 17, 5, 8, 12, 17, 19, 17, 8, 4, 2, 8, 4, 3, 2, 15, 6, 6, 17, 19, 2, 17, 13, 18, 5, 6, 18, 18, 13, 6, 5, 11, 6, 18, 3, 18, 13, 11, 11, 3, 5, 18, 13, 11, 2, 18, 13, 11, 3, 3, 2, 11, 18, 13, 11, 2, 11, 6, 3, 20, 20, 15, 2, 20, 20, 5, 8, 2, 2, 8, 20, 20, 3, 20, 18, 14, 20, 20, 18, 14, 20, 1, 7, 14, 9, 2, 3, 9, 1, 9, 10, 1, 10, 1, 9, 14, 10, 1, 10, 1, 3, 9, 14, 10, 14, 16, 16, 7, 7, 10, 10, 14, 10, 1, 9, 7, 7, 14, 10, 1, 9, 10, 1, 9, 7, 16, 16, 7, 9, 7, 9, 7, 16, 7, 16]
bestever    1943    in generation 609
[19, 19, 17, 13, 17, 12, 15, 4, 16, 19, 14, 12, 15, 12, 17, 4, 12, 19, 8, 17, 12, 4, 17, 12, 4, 15, 4, 19, 19, 4, 5, 13, 11, 16, 19, 14, 13, 5, 4, 5, 5, 15, 12, 4, 15, 12, 12, 15, 8, 8, 6, 19, 15, 13, 6, 5, 8, 1, 6, 6, 11, 8, 3, 15, 17, 5, 8, 12, 17, 19, 17, 8, 4, 2, 8, 4, 3, 18, 15, 6, 6, 17, 19, 2, 17, 13, 18, 5, 6, 11, 18, 18, 13, 9, 6, 5, 11, 6, 18, 3, 2, 13, 11, 3, 5, 18, 13, 11, 2, 18, 13, 11, 3, 3, 2, 11, 18, 13, 11, 2, 11, 6, 3, 20, 20, 15, 2, 20, 5, 8, 2, 2, 8, 20, 20, 3, 20, 18, 14, 20, 20, 18, 14, 20, 1, 14, 9, 2, 3, 9, 1, 9, 10, 1, 10, 1, 14, 10, 1, 1, 1, 3, 14, 10, 14, 16, 16, 16, 7, 7, 10, 10, 7, 9, 7, 16, 14, 10, 10, 9, 7, 20, 14, 10, 1, 9, 10, 1, 9, 7, 16, 9, 7, 16, 7, 9, 7, 16, 7, 16]
bestever    1940    in generation 671
[19, 19, 17, 13, 17, 12, 15, 4, 19, 14, 12, 15, 12, 17, 4, 12, 19, 8, 17, 12, 4, 17, 12, 4, 15, 4, 19, 19, 4, 5, 13, 11, 19, 14, 13, 5, 4, 5, 5, 15, 12, 4, 15, 12, 12, 15, 8, 8, 6, 19, 15, 13, 6, 5, 8, 1, 6, 6, 11, 8, 3, 15, 17, 5, 8, 12, 17, 19, 17, 8, 4, 2, 8, 4, 3, 18, 15, 6, 6, 17, 19, 2, 17, 13, 18, 5, 6, 11, 18, 18, 13, 9, 6, 5, 11, 6, 18, 3, 2, 13, 11, 3, 5, 18, 13, 11, 2, 18, 13, 11, 3, 3, 2, 11, 18, 13, 11, 2, 11, 6, 3, 20, 20, 15, 2, 20, 5, 8, 2, 2, 8, 20, 20, 3, 20, 18, 14, 20, 16, 20, 18, 14, 20, 1, 14, 9, 2, 3, 9, 1, 9, 10, 1, 10, 1, 16, 14, 10, 1, 1, 1, 3, 14, 10, 14, 16, 16, 16, 7, 7, 10, 10, 7, 9, 7, 16, 14, 10, 10, 9, 7, 20, 14, 10, 1, 9, 10, 1, 9, 7, 16, 9, 7, 16, 7, 9, 7, 16, 7, 16]
bestever    1928    in generation 730
[19, 19, 17, 13, 17, 12, 15, 4, 19, 14, 12, 15, 12, 17, 4, 12, 19, 8, 17, 12, 4, 17, 12, 15, 15, 4, 19, 19, 4, 5, 13, 11, 19, 14, 13, 5, 4, 5, 5, 15, 12, 4, 15, 12, 12, 15, 8, 8, 6, 19, 15, 13, 6, 5, 8, 1, 6, 6, 11, 8, 3, 4, 17, 5, 8, 12, 17, 19, 17, 8, 4, 2, 8, 4, 3, 18, 15, 6, 6, 17, 19, 2, 17, 13, 18, 5, 6, 11, 18, 18, 13, 9, 6, 5, 11, 6, 18, 3, 2, 13, 11, 3, 5, 18, 13, 11, 2, 18, 13, 11, 3, 3, 2, 11, 18, 13, 11, 2, 11, 6, 3, 20, 20, 15, 2, 20, 5, 8, 2, 2, 8, 20, 20, 3, 20, 18, 14, 20, 16, 20, 18, 14, 20, 1, 14, 9, 2, 3, 9, 1, 9, 10, 1, 10, 1, 16, 14, 10, 1, 1, 1, 3, 14, 10, 14, 16, 16, 16, 7, 7, 10, 10, 7, 9, 7, 16, 14, 10, 10, 9, 7, 20, 14, 10, 1, 9, 10, 1, 9, 7, 16, 9, 7, 16, 7, 9, 7, 16, 7, 16]
bestever    1927    in generation 759
[19, 19, 17, 13, 17, 12, 15, 4, 19, 14, 12, 15, 12, 17, 4, 12, 19, 8, 17, 12, 4, 17, 12, 15, 15, 4, 19, 19, 4, 5, 13, 11, 19, 14, 13, 5, 4, 5, 5, 15, 12, 4, 15, 12, 12, 15, 8, 8, 6, 19, 15, 13, 6, 5, 8, 1, 6, 6, 11, 8, 3, 4, 17, 5, 8, 12, 17, 19, 17, 8, 4, 8, 4, 3, 18, 15, 6, 6, 17, 19, 17, 13, 18, 5, 6, 11, 18, 18, 13, 9, 6, 5, 11, 6, 18, 3, 2, 13, 11, 5, 13, 11, 2, 18, 13, 11, 3, 3, 2, 18, 2, 3, 2, 11, 18, 13, 11, 2, 11, 6, 3, 20, 20, 15, 2, 20, 5, 8, 2, 2, 8, 20, 20, 3, 20, 18, 14, 20, 16, 20, 18, 14, 20, 1, 14, 9, 2, 3, 9, 1, 9, 10, 1, 10, 1, 16, 14, 10, 1, 1, 1, 3, 14, 10, 14, 16, 16, 16, 7, 7, 10, 10, 7, 9, 7, 16, 14, 10, 10, 9, 7, 20, 14, 10, 1, 9, 10, 1, 9, 7, 16, 9, 7, 16, 7, 9, 7, 16, 7, 16]
bestever    1915    in generation 767
[19, 19, 17, 13, 17, 12, 15, 4, 19, 14, 12, 15, 12, 17, 4, 12, 19, 8, 17, 12, 4, 17, 12, 15, 15, 4, 19, 19, 4, 5, 13, 11, 19, 14, 13, 5, 4, 5, 5, 15, 12, 4, 15, 12, 12, 15, 8, 8, 6, 19, 15, 13, 6, 5, 8, 1, 6, 6, 11, 8, 3, 4, 17, 5, 8, 12, 17, 19, 17, 8, 4, 8, 4, 3, 18, 15, 6, 6, 17, 19, 17, 13, 18, 5, 6, 11, 18, 18, 13, 9, 6, 5, 11, 6, 18, 3, 2, 13, 11, 5, 13, 11, 2, 18, 13, 11, 3, 3, 2, 18, 2, 3, 2, 11, 18, 13, 11, 2, 11, 6, 3, 20, 20, 15, 2, 20, 5, 8, 2, 2, 8, 20, 20, 3, 20, 18, 14, 20, 20, 18, 14, 20, 1, 9, 2, 3, 1, 10, 1, 10, 1, 10, 1, 1, 1, 10, 14, 16, 9, 7, 3, 14, 10, 14, 16, 16, 16, 7, 7, 10, 7, 9, 16, 14, 9, 16, 14, 10, 10, 9, 7, 20, 14, 10, 1, 9, 10, 1, 9, 7, 16, 9, 7, 16, 7, 9, 7, 16, 7, 16]
bestever    1905    in generation 787
[19, 19, 17, 13, 17, 12, 15, 4, 19, 14, 12, 15, 12, 17, 4, 12, 19, 8, 17, 12, 4, 17, 12, 15, 15, 4, 19, 19, 4, 5, 13, 11, 19, 14, 13, 5, 4, 5, 5, 15, 12, 4, 15, 12, 12, 15, 8, 8, 6, 19, 15, 13, 6, 5, 8, 1, 6, 6, 11, 8, 3, 4, 17, 5, 8, 12, 17, 19, 17, 8, 4, 8, 4, 3, 18, 15, 6, 6, 17, 19, 17, 13, 18, 5, 6, 11, 18, 18, 13, 9, 6, 5, 11, 6, 18, 3, 2, 13, 20, 5, 13, 11, 2, 18, 13, 11, 3, 3, 2, 18, 2, 3, 2, 11, 18, 13, 11, 2, 11, 6, 3, 11, 20, 15, 2, 20, 5, 8, 2, 2, 8, 20, 20, 3, 20, 18, 14, 20, 20, 18, 14, 20, 1, 9, 2, 3, 1, 10, 1, 10, 1, 10, 1, 1, 1, 10, 14, 16, 9, 7, 3, 14, 10, 14, 16, 16, 7, 7, 10, 9, 16, 14, 9, 14, 10, 10, 20, 14, 16, 9, 10, 1, 9, 7, 16, 7, 10, 1, 9, 7, 16, 9, 7, 16, 7, 9, 7, 16, 7, 16]
bestever    1887    in generation 852
[19, 19, 17, 13, 17, 12, 15, 4, 19, 14, 12, 15, 12, 17, 4, 12, 19, 8, 17, 12, 4, 17, 12, 15, 15, 4, 19, 19, 4, 5, 13, 11, 19, 14, 13, 5, 4, 5, 5, 15, 12, 4, 15, 12, 12, 15, 8, 8, 6, 19, 15, 13, 6, 5, 8, 1, 6, 6, 11, 8, 3, 4, 17, 5, 8, 12, 17, 19, 17, 8, 4, 8, 4, 3, 18, 15, 6, 6, 17, 19, 17, 13, 18, 5, 6, 11, 18, 18, 13, 6, 5, 11, 6, 18, 3, 2, 13, 20, 5, 13, 11, 2, 18, 13, 11, 3, 3, 2, 18, 2, 3, 2, 11, 18, 13, 11, 2, 11, 6, 3, 11, 20, 15, 2, 20, 5, 8, 2, 2, 8, 20, 20, 3, 20, 18, 14, 20, 20, 18, 14, 1, 9, 2, 3, 1, 10, 1, 10, 1, 10, 1, 1, 1, 14, 16, 9, 7, 3, 14, 14, 16, 16, 10, 10, 20, 9, 7, 7, 10, 9, 16, 14, 9, 14, 10, 10, 20, 14, 16, 9, 10, 1, 9, 7, 16, 7, 10, 1, 9, 7, 16, 9, 7, 16, 7, 9, 7, 16, 7, 16]
bestever    1884    in generation 985
[19, 19, 17, 13, 17, 12, 15, 4, 19, 14, 12, 15, 12, 17, 4, 12, 19, 8, 17, 12, 4, 17, 12, 15, 15, 4, 19, 19, 4, 5, 13, 12, 11, 19, 16, 13, 5, 4, 5, 5, 15, 12, 4, 12, 15, 12, 15, 8, 8, 6, 19, 15, 13, 6, 5, 8, 1, 6, 6, 11, 8, 3, 4, 17, 5, 8, 15, 19, 17, 8, 4, 8, 4, 3, 18, 17, 6, 6, 17, 19, 17, 13, 18, 5, 6, 11, 18, 18, 13, 6, 2, 5, 11, 6, 18, 3, 2, 13, 20, 5, 13, 11, 2, 18, 13, 11, 3, 3, 2, 18, 3, 2, 11, 18, 13, 11, 2, 11, 6, 3, 11, 20, 15, 2, 20, 5, 8, 2, 2, 8, 20, 20, 3, 20, 18, 14, 20, 20, 18, 14, 1, 9, 2, 3, 1, 10, 1, 10, 1, 10, 1, 1, 1, 14, 16, 9, 7, 3, 14, 14, 16, 10, 10, 20, 9, 7, 10, 9, 14, 9, 14, 10, 10, 20, 14, 14, 9, 10, 1, 16, 9, 7, 16, 7, 16, 7, 10, 1, 9, 7, 16, 9, 7, 16, 7, 9, 7, 16, 7, 16]
bestever    1878    in generation 1004
[19, 19, 17, 13, 17, 12, 15, 4, 19, 14, 12, 15, 12, 17, 4, 12, 19, 8, 17, 12, 4, 17, 12, 15, 15, 4, 19, 19, 4, 5, 13, 12, 11, 19, 16, 13, 5, 4, 5, 5, 15, 12, 4, 12, 15, 12, 15, 8, 8, 6, 19, 15, 13, 6, 5, 8, 1, 6, 6, 11, 8, 3, 4, 17, 5, 8, 15, 13, 17, 8, 4, 8, 4, 3, 18, 17, 6, 6, 17, 19, 17, 13, 18, 5, 6, 11, 18, 18, 19, 6, 2, 5, 11, 6, 18, 3, 2, 13, 20, 5, 13, 11, 2, 18, 13, 11, 3, 3, 2, 18, 3, 2, 11, 18, 13, 11, 2, 11, 6, 3, 11, 20, 15, 2, 20, 5, 8, 2, 2, 8, 20, 20, 3, 20, 18, 14, 20, 20, 18, 14, 1, 9, 2, 3, 1, 10, 1, 10, 1, 10, 1, 1, 1, 14, 16, 9, 7, 3, 14, 14, 16, 10, 10, 20, 9, 7, 10, 9, 14, 9, 14, 10, 10, 20, 14, 14, 9, 10, 1, 16, 9, 7, 16, 7, 16, 7, 10, 1, 9, 7, 16, 9, 7, 16, 7, 9, 7, 16, 7, 16]
bestever    1877    in generation 1047
[19, 19, 17, 13, 17, 12, 15, 4, 19, 14, 12, 15, 12, 17, 4, 12, 19, 8, 17, 12, 4, 17, 12, 15, 15, 4, 19, 19, 4, 5, 13, 12, 11, 19, 16, 13, 5, 4, 5, 5, 15, 12, 4, 12, 15, 12, 15, 8, 8, 6, 19, 15, 13, 6, 5, 8, 1, 6, 6, 11, 8, 3, 4, 17, 5, 8, 15, 13, 17, 8, 4, 8, 4, 3, 18, 17, 6, 6, 17, 19, 17, 13, 18, 5, 6, 11, 18, 18, 19, 6, 2, 5, 11, 6, 18, 3, 2, 13, 20, 5, 13, 11, 2, 18, 13, 11, 3, 3, 2, 18, 3, 2, 11, 18, 13, 11, 2, 14, 6, 3, 11, 20, 15, 2, 20, 5, 8, 2, 2, 8, 20, 20, 3, 20, 18, 14, 20, 20, 18, 11, 1, 9, 2, 3, 1, 10, 1, 10, 1, 10, 1, 1, 1, 14, 16, 9, 7, 3, 14, 14, 16, 10, 10, 20, 9, 7, 10, 9, 14, 9, 14, 10, 10, 20, 14, 14, 9, 10, 1, 16, 9, 7, 16, 7, 16, 7, 10, 1, 9, 7, 16, 9, 7, 16, 7, 9, 7, 16, 7, 16]
bestever    1869    in generation 1055
[19, 19, 17, 13, 17, 12, 15, 4, 19, 12, 15, 12, 17, 4, 12, 19, 8, 17, 12, 4, 17, 12, 15, 15, 4, 19, 19, 4, 5, 13, 12, 11, 19, 16, 13, 5, 4, 5, 5, 15, 12, 4, 12, 15, 12, 15, 8, 8, 6, 19, 15, 13, 6, 5, 8, 1, 6, 6, 11, 8, 3, 4, 17, 5, 8, 15, 13, 17, 8, 4, 8, 4, 3, 18, 17, 6, 6, 17, 19, 17, 13, 18, 5, 6, 11, 18, 18, 19, 6, 2, 5, 11, 6, 18, 3, 2, 13, 20, 5, 13, 11, 2, 18, 13, 11, 3, 3, 2, 18, 3, 2, 11, 18, 13, 11, 2, 14, 6, 3, 11, 20, 15, 2, 20, 5, 8, 2, 2, 8, 20, 20, 3, 20, 18, 14, 20, 18, 11, 1, 9, 2, 3, 1, 10, 1, 10, 1, 10, 1, 1, 1, 20, 14, 14, 16, 9, 7, 3, 14, 14, 16, 10, 10, 20, 9, 7, 10, 9, 14, 9, 14, 10, 10, 20, 14, 14, 9, 10, 1, 16, 9, 7, 16, 7, 16, 7, 10, 1, 9, 7, 16, 9, 7, 16, 7, 9, 7, 16, 7, 16]
bestever    1868    in generation 1090
[19, 19, 17, 13, 17, 12, 15, 4, 19, 12, 15, 12, 17, 4, 12, 19, 8, 17, 12, 4, 17, 12, 15, 15, 4, 19, 19, 4, 5, 13, 12, 11, 19, 16, 13, 5, 4, 5, 5, 15, 12, 4, 12, 15, 12, 15, 8, 8, 6, 19, 15, 13, 6, 5, 8, 1, 6, 6, 11, 8, 3, 4, 17, 5, 8, 15, 13, 17, 8, 4, 8, 4, 3, 18, 17, 6, 6, 17, 19, 17, 13, 18, 5, 6, 11, 18, 18, 19, 6, 2, 5, 11, 6, 18, 3, 2, 13, 20, 5, 13, 11, 2, 18, 13, 11, 3, 3, 2, 18, 3, 2, 11, 18, 13, 11, 2, 14, 6, 3, 11, 20, 15, 2, 20, 5, 8, 2, 2, 8, 20, 20, 3, 20, 18, 14, 20, 1, 11, 1, 9, 2, 3, 1, 10, 1, 10, 1, 10, 1, 1, 18, 20, 14, 14, 9, 16, 7, 3, 14, 14, 16, 10, 10, 20, 9, 7, 10, 9, 14, 9, 14, 10, 10, 20, 14, 14, 9, 10, 1, 16, 9, 7, 16, 7, 7, 10, 1, 9, 7, 16, 9, 16, 7, 16, 7, 9, 7, 16, 7, 16]
bestever    1867    in generation 1096
[19, 19, 17, 13, 17, 12, 15, 4, 19, 12, 15, 12, 17, 4, 12, 19, 8, 17, 12, 4, 17, 12, 15, 15, 4, 19, 19, 4, 5, 13, 12, 11, 19, 16, 13, 5, 4, 5, 5, 15, 12, 4, 12, 15, 12, 15, 8, 8, 6, 19, 15, 13, 6, 5, 8, 1, 16, 6, 11, 8, 3, 4, 17, 5, 8, 15, 13, 17, 8, 4, 8, 4, 3, 18, 17, 6, 6, 17, 19, 17, 13, 18, 5, 6, 11, 18, 18, 19, 6, 2, 5, 11, 6, 18, 3, 2, 13, 20, 5, 13, 11, 2, 18, 13, 11, 3, 3, 2, 18, 3, 2, 11, 18, 13, 11, 2, 14, 6, 3, 11, 20, 15, 2, 20, 5, 8, 2, 2, 8, 20, 20, 3, 20, 18, 14, 20, 1, 11, 1, 9, 2, 3, 1, 10, 1, 10, 1, 10, 1, 1, 18, 20, 14, 14, 9, 16, 7, 3, 14, 14, 16, 10, 10, 20, 9, 7, 10, 9, 14, 9, 14, 10, 10, 20, 14, 14, 9, 10, 1, 16, 9, 7, 16, 7, 7, 10, 1, 9, 7, 16, 9, 16, 7, 16, 7, 9, 7, 16, 7, 6]
bestever    1847    in generation 1200
[19, 19, 17, 13, 17, 12, 15, 19, 19, 12, 15, 12, 17, 4, 12, 19, 8, 17, 12, 4, 17, 12, 15, 15, 4, 19, 4, 4, 5, 13, 12, 11, 19, 16, 13, 5, 4, 5, 5, 15, 12, 4, 12, 15, 12, 15, 8, 8, 6, 19, 15, 13, 6, 5, 8, 1, 16, 6, 11, 8, 3, 4, 17, 5, 8, 15, 13, 17, 8, 4, 8, 4, 3, 18, 17, 6, 6, 17, 19, 17, 13, 18, 5, 6, 11, 18, 18, 19, 6, 2, 5, 11, 6, 18, 3, 2, 13, 20, 5, 13, 11, 2, 18, 13, 11, 3, 3, 2, 18, 3, 2, 11, 18, 13, 11, 2, 14, 6, 3, 11, 20, 15, 2, 20, 5, 8, 2, 2, 8, 20, 20, 3, 20, 18, 14, 20, 1, 11, 1, 9, 2, 3, 1, 10, 1, 10, 1, 10, 14, 1, 18, 20, 14, 14, 9, 16, 7, 3, 14, 1, 16, 10, 10, 20, 9, 7, 9, 10, 9, 14, 9, 14, 10, 10, 20, 14, 14, 9, 10, 1, 16, 7, 16, 7, 7, 10, 1, 9, 7, 16, 9, 16, 7, 16, 7, 9, 7, 16, 7, 6]
bestever    1841    in generation 1435
[19, 19, 17, 13, 17, 12, 15, 19, 19, 12, 15, 12, 17, 4, 12, 19, 8, 17, 12, 4, 17, 12, 15, 15, 4, 19, 4, 4, 5, 13, 12, 11, 19, 16, 13, 5, 4, 5, 5, 15, 12, 4, 12, 15, 12, 15, 8, 8, 5, 19, 15, 13, 6, 5, 8, 1, 16, 6, 11, 8, 3, 4, 17, 6, 8, 15, 13, 17, 8, 4, 8, 4, 3, 18, 17, 6, 6, 17, 19, 17, 13, 18, 5, 6, 11, 18, 18, 19, 6, 2, 5, 11, 6, 18, 3, 13, 13, 20, 5, 2, 11, 2, 18, 13, 11, 3, 3, 2, 18, 3, 8, 11, 18, 13, 11, 2, 14, 6, 3, 11, 20, 15, 2, 1, 5, 2, 2, 2, 8, 20, 20, 3, 20, 18, 14, 20, 1, 11, 20, 14, 2, 3, 1, 10, 1, 10, 1, 10, 14, 1, 18, 20, 14, 14, 9, 16, 7, 3, 14, 1, 16, 10, 10, 20, 9, 7, 9, 10, 9, 14, 7, 9, 14, 10, 10, 20, 14, 9, 9, 10, 1, 16, 7, 16, 7, 7, 10, 1, 9, 16, 9, 16, 7, 16, 7, 9, 7, 16, 7, 6]
bestever    1827    in generation 1523
[19, 19, 17, 13, 17, 12, 15, 19, 19, 12, 15, 12, 17, 4, 12, 19, 8, 17, 12, 4, 12, 15, 15, 4, 19, 4, 4, 5, 13, 12, 6, 11, 19, 16, 13, 5, 4, 5, 5, 15, 12, 4, 12, 15, 12, 15, 8, 8, 5, 19, 15, 13, 6, 5, 8, 1, 6, 11, 8, 3, 4, 17, 6, 8, 15, 13, 17, 8, 4, 8, 4, 3, 18, 17, 6, 6, 17, 19, 17, 13, 18, 5, 6, 11, 18, 18, 19, 6, 2, 5, 11, 6, 18, 3, 13, 13, 20, 5, 2, 11, 2, 18, 13, 11, 3, 3, 2, 18, 3, 8, 11, 18, 13, 11, 2, 14, 6, 3, 11, 20, 15, 2, 1, 5, 2, 2, 2, 8, 20, 20, 3, 20, 18, 14, 20, 1, 11, 20, 14, 2, 3, 1, 16, 10, 1, 10, 1, 10, 14, 1, 18, 20, 14, 14, 9, 16, 7, 3, 14, 1, 16, 10, 10, 20, 9, 7, 9, 10, 9, 14, 7, 9, 14, 10, 10, 20, 14, 9, 9, 10, 1, 16, 7, 16, 7, 7, 10, 1, 9, 16, 9, 16, 7, 16, 7, 9, 7, 16, 17, 7]
bestever    1826    in generation 1554
[19, 19, 17, 13, 17, 12, 15, 19, 19, 12, 15, 12, 17, 4, 12, 19, 8, 17, 12, 4, 12, 15, 15, 4, 19, 4, 4, 5, 13, 12, 6, 11, 19, 13, 5, 4, 5, 5, 15, 12, 4, 12, 15, 12, 15, 8, 8, 5, 19, 15, 13, 6, 5, 8, 1, 6, 11, 8, 3, 4, 17, 6, 8, 15, 13, 17, 8, 4, 8, 4, 3, 18, 17, 6, 6, 17, 19, 17, 13, 18, 5, 6, 11, 18, 18, 19, 6, 2, 5, 11, 6, 18, 3, 13, 13, 20, 5, 2, 11, 2, 18, 13, 11, 3, 3, 2, 18, 3, 8, 11, 18, 13, 11, 2, 14, 6, 3, 11, 20, 15, 2, 1, 5, 2, 2, 2, 8, 20, 20, 3, 20, 18, 14, 20, 1, 11, 20, 14, 2, 3, 1, 10, 1, 10, 1, 10, 14, 1, 18, 20, 14, 14, 9, 16, 3, 14, 1, 16, 10, 10, 20, 9, 9, 10, 9, 14, 9, 14, 10, 10, 20, 14, 9, 16, 7, 16, 7, 7, 9, 10, 1, 16, 7, 16, 7, 7, 10, 1, 9, 16, 9, 16, 7, 16, 7, 9, 7, 16, 17, 7]
bestever    1817    in generation 1747
[19, 19, 17, 13, 17, 12, 15, 19, 19, 12, 15, 12, 17, 4, 12, 19, 8, 13, 17, 12, 4, 12, 15, 15, 4, 19, 13, 4, 4, 5, 13, 12, 6, 11, 19, 5, 4, 5, 5, 15, 12, 12, 4, 15, 12, 15, 8, 8, 5, 19, 15, 13, 6, 5, 8, 1, 6, 11, 8, 3, 4, 17, 6, 8, 15, 17, 8, 8, 8, 13, 4, 3, 18, 17, 6, 6, 17, 19, 17, 18, 20, 5, 6, 11, 18, 18, 19, 6, 2, 5, 11, 6, 18, 3, 13, 13, 7, 20, 5, 2, 11, 2, 18, 13, 11, 3, 3, 2, 8, 18, 3, 11, 18, 13, 11, 2, 14, 6, 3, 11, 20, 15, 2, 1, 5, 2, 2, 2, 4, 20, 3, 20, 18, 14, 20, 1, 11, 20, 14, 2, 3, 1, 10, 1, 10, 1, 10, 14, 1, 18, 20, 14, 14, 9, 3, 20, 20, 10, 10, 1, 9, 9, 10, 14, 9, 16, 9, 14, 10, 10, 14, 14, 9, 16, 7, 16, 7, 7, 10, 1, 16, 7, 16, 10, 7, 1, 9, 16, 9, 16, 9, 16, 7, 16, 7, 9, 7, 16, 17, 7]
bestever    1814    in generation 1877
[19, 19, 17, 13, 17, 12, 15, 19, 19, 12, 15, 12, 17, 4, 12, 19, 8, 13, 17, 12, 4, 12, 15, 15, 4, 19, 13, 4, 4, 2, 5, 13, 12, 6, 11, 19, 5, 4, 5, 5, 15, 12, 12, 4, 15, 12, 15, 8, 8, 5, 19, 15, 13, 6, 5, 8, 16, 6, 11, 8, 3, 4, 17, 6, 8, 15, 17, 8, 8, 8, 13, 2, 4, 3, 18, 17, 6, 6, 17, 19, 17, 18, 20, 5, 6, 11, 18, 18, 19, 6, 2, 5, 11, 6, 18, 3, 13, 13, 7, 20, 5, 2, 11, 2, 18, 13, 11, 3, 3, 2, 8, 18, 3, 11, 18, 13, 11, 2, 14, 6, 3, 11, 20, 15, 1, 5, 2, 2, 4, 20, 3, 20, 18, 14, 20, 1, 11, 20, 14, 2, 3, 1, 10, 1, 10, 1, 10, 14, 1, 18, 20, 14, 14, 9, 3, 20, 20, 10, 1, 9, 14, 9, 16, 9, 14, 10, 10, 9, 10, 10, 14, 14, 9, 16, 7, 16, 7, 7, 10, 1, 16, 7, 1, 10, 7, 1, 9, 16, 9, 16, 9, 16, 7, 16, 7, 9, 7, 16, 17, 7]
bestever    1806    in generation 1976
[19, 19, 17, 13, 17, 12, 15, 19, 19, 12, 15, 12, 17, 4, 12, 19, 8, 13, 17, 12, 4, 12, 15, 15, 4, 19, 13, 4, 4, 5, 13, 12, 6, 11, 19, 5, 4, 5, 5, 15, 12, 12, 4, 15, 12, 15, 8, 8, 5, 19, 15, 13, 6, 5, 8, 16, 6, 11, 8, 3, 4, 17, 6, 8, 15, 17, 8, 8, 8, 13, 2, 4, 3, 18, 17, 6, 6, 17, 19, 17, 18, 20, 5, 6, 18, 18, 19, 6, 2, 5, 11, 6, 18, 3, 13, 13, 20, 5, 2, 11, 11, 2, 2, 18, 13, 11, 3, 3, 2, 8, 18, 3, 11, 18, 13, 11, 2, 14, 6, 3, 11, 20, 15, 1, 5, 2, 2, 4, 20, 3, 20, 18, 14, 20, 1, 11, 20, 14, 2, 3, 1, 10, 1, 10, 1, 10, 14, 1, 18, 20, 14, 14, 9, 3, 20, 20, 7, 10, 1, 9, 14, 9, 16, 9, 14, 10, 10, 9, 10, 10, 14, 14, 9, 16, 7, 1, 7, 7, 10, 16, 16, 7, 1, 10, 7, 1, 9, 16, 9, 16, 9, 16, 7, 16, 7, 9, 7, 16, 17, 7]
bestever    1805    in generation 2004
[19, 19, 17, 13, 17, 12, 15, 19, 19, 12, 15, 12, 17, 4, 12, 19, 8, 13, 17, 12, 4, 12, 15, 15, 4, 19, 13, 4, 4, 5, 13, 12, 6, 11, 19, 5, 4, 5, 5, 15, 12, 12, 4, 15, 12, 15, 8, 8, 5, 19, 15, 13, 6, 5, 8, 16, 6, 11, 8, 3, 4, 17, 6, 8, 15, 17, 8, 8, 8, 13, 2, 4, 3, 18, 17, 6, 6, 17, 19, 17, 18, 20, 5, 6, 18, 18, 19, 6, 2, 5, 11, 6, 18, 3, 13, 13, 20, 5, 2, 11, 11, 2, 2, 18, 13, 11, 3, 3, 2, 8, 18, 3, 11, 18, 13, 11, 2, 14, 6, 3, 11, 20, 15, 1, 5, 2, 2, 4, 20, 3, 20, 18, 14, 20, 1, 11, 20, 14, 2, 3, 1, 10, 1, 10, 1, 10, 14, 1, 18, 20, 14, 14, 3, 20, 20, 10, 9, 14, 9, 16, 9, 14, 1, 9, 10, 7, 10, 9, 10, 10, 14, 14, 9, 16, 7, 1, 7, 7, 10, 16, 16, 7, 1, 10, 7, 1, 9, 16, 9, 16, 9, 16, 7, 16, 7, 9, 7, 16, 17, 7]
bestever    1802    in generation 2260
[19, 19, 17, 13, 17, 12, 15, 19, 19, 12, 15, 12, 17, 4, 12, 19, 8, 13, 17, 12, 4, 5, 12, 15, 15, 4, 19, 13, 4, 4, 5, 12, 13, 7, 6, 5, 5, 15, 3, 12, 12, 4, 15, 12, 11, 19, 2, 4, 15, 8, 8, 5, 19, 15, 19, 6, 3, 5, 8, 6, 11, 18, 3, 4, 17, 6, 8, 15, 17, 8, 8, 8, 13, 2, 4, 18, 20, 6, 6, 17, 5, 16, 17, 18, 20, 5, 13, 6, 18, 18, 11, 6, 2, 5, 11, 18, 13, 13, 13, 20, 6, 2, 11, 11, 5, 2, 18, 3, 11, 3, 10, 2, 8, 18, 3, 11, 18, 14, 11, 2, 20, 14, 7, 1, 14, 19, 10, 15, 16, 2, 2, 4, 3, 17, 8, 9, 14, 20, 6, 11, 14, 20, 14, 2, 3, 1, 10, 1, 10, 1, 10, 20, 1, 18, 20, 14, 3, 20, 10, 3, 14, 9, 9, 14, 1, 9, 10, 10, 20, 13, 7, 14, 16, 10, 16, 1, 10, 9, 1, 9, 16, 1, 9, 16, 16, 7, 1, 9, 7, 7, 9, 16, 7, 16, 7, 9, 7, 16, 17, 7]
bestever    1801    in generation 2549
[19, 19, 17, 13, 17, 12, 15, 19, 19, 12, 15, 12, 17, 4, 12, 19, 8, 13, 17, 12, 4, 5, 19, 15, 15, 4, 12, 13, 4, 4, 5, 12, 13, 6, 5, 5, 15, 3, 12, 12, 4, 15, 14, 11, 19, 2, 4, 12, 15, 8, 8, 5, 19, 15, 19, 6, 3, 5, 8, 6, 11, 18, 3, 4, 17, 6, 8, 15, 14, 17, 8, 8, 8, 13, 2, 4, 18, 20, 6, 6, 17, 5, 16, 17, 18, 20, 5, 13, 7, 6, 18, 17, 11, 18, 11, 6, 2, 5, 11, 18, 13, 13, 13, 20, 6, 2, 5, 11, 2, 18, 3, 11, 3, 20, 10, 2, 9, 18, 18, 3, 11, 8, 11, 2, 3, 10, 14, 19, 1, 15, 16, 2, 2, 4, 3, 16, 8, 10, 9, 14, 20, 7, 6, 11, 14, 20, 14, 2, 3, 1, 10, 1, 1, 10, 1, 18, 20, 14, 10, 20, 20, 3, 14, 9, 14, 1, 9, 10, 10, 20, 13, 7, 14, 16, 10, 17, 1, 1, 9, 1, 9, 16, 10, 9, 16, 7, 1, 7, 7, 9, 16, 7, 9, 16, 7, 16, 9, 7, 16, 7]
bestever    1794    in generation 3069
[19, 19, 17, 13, 17, 12, 15, 19, 19, 12, 15, 12, 17, 4, 12, 19, 8, 13, 17, 15, 12, 4, 5, 19, 15, 15, 4, 12, 6, 4, 4, 5, 13, 19, 15, 13, 6, 5, 5, 15, 8, 3, 12, 6, 12, 19, 4, 15, 14, 11, 4, 8, 2, 4, 12, 15, 8, 5, 18, 15, 13, 12, 3, 3, 6, 11, 8, 5, 17, 8, 4, 2, 14, 8, 8, 17, 18, 2, 18, 20, 6, 6, 17, 5, 9, 5, 17, 18, 20, 5, 11, 13, 6, 16, 19, 11, 18, 6, 20, 2, 11, 18, 13, 13, 10, 13, 6, 2, 5, 11, 2, 18, 3, 11, 3, 20, 2, 9, 18, 18, 3, 11, 8, 11, 3, 9, 14, 19, 1, 2, 2, 4, 3, 8, 10, 3, 20, 6, 10, 14, 1, 20, 11, 18, 14, 20, 2, 14, 1, 10, 7, 7, 10, 16, 7, 1, 1, 14, 10, 17, 16, 20, 3, 7, 14, 9, 1, 20, 16, 9, 10, 10, 20, 13, 14, 7, 10, 17, 1, 1, 9, 1, 9, 16, 14, 10, 1, 9, 7, 16, 7, 9, 16, 16, 7, 16, 9, 16, 7, 7]
bestever    1793    in generation 3183
[19, 19, 17, 13, 17, 12, 15, 19, 19, 12, 15, 12, 17, 4, 12, 19, 8, 13, 17, 15, 12, 4, 5, 19, 15, 15, 4, 12, 6, 4, 4, 5, 13, 19, 15, 13, 6, 5, 5, 15, 8, 3, 12, 6, 12, 19, 4, 15, 14, 11, 4, 8, 2, 4, 12, 15, 8, 5, 18, 15, 13, 12, 3, 3, 6, 11, 8, 5, 17, 8, 4, 2, 14, 8, 8, 17, 18, 2, 18, 20, 6, 6, 17, 5, 9, 5, 17, 18, 20, 5, 11, 13, 6, 17, 19, 11, 18, 6, 20, 2, 11, 18, 13, 13, 10, 13, 6, 2, 5, 11, 2, 18, 3, 11, 3, 20, 2, 9, 18, 18, 3, 11, 8, 11, 3, 9, 14, 19, 1, 2, 2, 4, 3, 8, 10, 3, 20, 6, 10, 14, 1, 20, 11, 18, 14, 20, 2, 14, 1, 10, 7, 7, 10, 16, 1, 1, 14, 10, 17, 16, 20, 3, 14, 9, 1, 20, 9, 10, 10, 20, 13, 14, 7, 10, 16, 1, 1, 9, 1, 7, 7, 9, 16, 16, 14, 10, 1, 9, 7, 16, 7, 9, 16, 16, 7, 16, 9, 16, 7, 7]
bestever    1789    in generation 3278
[19, 19, 17, 13, 17, 12, 15, 19, 19, 12, 15, 12, 17, 4, 12, 19, 8, 13, 17, 15, 12, 4, 5, 19, 15, 15, 4, 12, 6, 4, 4, 5, 13, 19, 15, 13, 6, 5, 5, 8, 3, 6, 12, 19, 15, 14, 11, 4, 8, 2, 4, 12, 15, 4, 12, 15, 8, 5, 18, 15, 13, 12, 3, 3, 6, 11, 8, 5, 17, 8, 4, 2, 14, 8, 8, 17, 18, 2, 18, 20, 6, 6, 17, 5, 9, 5, 17, 18, 20, 5, 11, 13, 6, 17, 19, 11, 18, 6, 20, 2, 11, 18, 13, 13, 10, 13, 6, 2, 5, 11, 2, 18, 3, 11, 3, 20, 2, 9, 18, 18, 3, 11, 8, 11, 3, 9, 14, 19, 1, 2, 2, 4, 3, 8, 10, 3, 20, 6, 10, 14, 1, 20, 11, 18, 14, 20, 2, 14, 1, 10, 7, 7, 10, 16, 1, 1, 14, 10, 17, 16, 20, 3, 14, 9, 1, 20, 9, 10, 10, 20, 13, 14, 7, 10, 16, 1, 1, 9, 1, 7, 7, 9, 16, 16, 14, 10, 1, 9, 7, 16, 7, 9, 16, 16, 7, 16, 9, 16, 7, 7]
bestever    1783    in generation 5280
[19, 19, 19, 19, 17, 13, 17, 17, 12, 19, 15, 12, 15, 12, 12, 19, 8, 15, 19, 13, 4, 17, 15, 12, 12, 15, 4, 5, 19, 15, 4, 13, 4, 12, 6, 4, 3, 5, 18, 14, 13, 6, 5, 5, 8, 4, 6, 14, 2, 12, 8, 18, 18, 8, 15, 11, 4, 15, 17, 15, 5, 20, 13, 12, 10, 3, 6, 4, 18, 8, 5, 16, 8, 4, 6, 8, 17, 8, 6, 2, 19, 11, 1, 12, 15, 13, 11, 5, 3, 5, 17, 14, 16, 20, 5, 18, 1, 10, 13, 6, 11, 7, 18, 2, 3, 17, 18, 11, 19, 11, 20, 13, 11, 2, 16, 7, 6, 9, 13, 20, 2, 18, 8, 2, 5, 9, 6, 10, 17, 14, 3, 11, 2, 16, 3, 20, 10, 2, 7, 18, 4, 20, 11, 14, 3, 13, 20, 11, 1, 2, 10, 18, 3, 8, 9, 14, 6, 2, 14, 1, 20, 7, 3, 1, 14, 10, 9, 9, 20, 3, 20, 1, 10, 10, 7, 1, 14, 10, 1, 9, 9, 1, 14, 10, 1, 17, 7, 7, 9, 7, 16, 9, 16, 9, 16, 16, 16, 16, 7, 7]
bestever    1781    in generation 5452
[19, 19, 19, 19, 17, 13, 17, 17, 12, 19, 15, 12, 15, 12, 12, 19, 8, 15, 19, 13, 4, 17, 15, 12, 12, 15, 15, 4, 5, 19, 4, 13, 4, 12, 6, 4, 3, 5, 18, 14, 13, 6, 5, 5, 8, 4, 6, 14, 2, 12, 8, 18, 18, 8, 15, 11, 4, 15, 17, 15, 5, 20, 13, 12, 10, 3, 6, 4, 18, 8, 5, 16, 8, 4, 6, 8, 17, 8, 6, 2, 19, 11, 1, 12, 15, 13, 11, 5, 3, 5, 17, 14, 16, 20, 5, 18, 1, 10, 13, 6, 11, 18, 2, 3, 17, 18, 11, 19, 11, 20, 13, 11, 2, 16, 6, 13, 20, 2, 18, 8, 2, 5, 6, 10, 17, 14, 3, 10, 2, 18, 4, 20, 11, 14, 3, 13, 20, 11, 1, 2, 10, 18, 3, 8, 14, 6, 2, 7, 9, 9, 9, 7, 14, 1, 20, 3, 1, 11, 2, 16, 3, 20, 14, 10, 9, 9, 20, 3, 20, 1, 7, 7, 10, 10, 7, 1, 14, 10, 1, 9, 9, 1, 14, 10, 1, 17, 7, 7, 9, 7, 16, 9, 16, 9, 16, 16, 16, 16, 7, 7]
bestever    1767    in generation 8333
[19, 19, 19, 17, 17, 19, 17, 17, 15, 19, 12, 13, 12, 12, 17, 12, 13, 17, 4, 6, 13, 8, 15, 15, 19, 4, 13, 12, 17, 12, 4, 12, 17, 5, 15, 6, 15, 5, 4, 4, 3, 19, 17, 19, 12, 4, 6, 18, 5, 11, 8, 15, 13, 12, 6, 5, 8, 18, 3, 4, 14, 2, 8, 11, 15, 20, 15, 17, 10, 12, 18, 5, 5, 8, 15, 4, 6, 5, 8, 2, 8, 16, 18, 5, 7, 11, 4, 6, 2, 19, 9, 3, 6, 13, 5, 14, 11, 15, 14, 8, 20, 5, 18, 8, 1, 10, 6, 13, 9, 11, 18, 18, 1, 13, 20, 11, 3, 2, 11, 19, 4, 13, 2, 6, 20, 18, 3, 8, 10, 2, 14, 9, 14, 3, 10, 2, 6, 11, 18, 3, 14, 11, 20, 1, 2, 1, 10, 2, 3, 11, 2, 18, 14, 1, 20, 20, 3, 10, 20, 14, 7, 16, 16, 7, 7, 1, 16, 10, 10, 9, 20, 3, 14, 1, 10, 7, 9, 20, 13, 9, 16, 16, 9, 1, 1, 14, 10, 1, 7, 9, 7, 9, 16, 9, 16, 16, 16, 7, 7, 7]
bestever    1756    in generation 8349
[19, 19, 19, 17, 17, 19, 17, 17, 15, 19, 12, 13, 12, 12, 17, 12, 13, 17, 4, 6, 13, 8, 15, 15, 19, 4, 13, 12, 17, 12, 4, 12, 17, 5, 15, 6, 15, 5, 4, 4, 3, 19, 17, 19, 12, 4, 6, 18, 5, 11, 8, 15, 13, 12, 6, 5, 8, 18, 3, 4, 14, 2, 8, 11, 15, 20, 15, 17, 10, 12, 18, 5, 5, 8, 15, 4, 6, 5, 8, 2, 8, 18, 5, 11, 4, 6, 2, 19, 3, 6, 13, 5, 14, 11, 15, 14, 8, 20, 5, 18, 8, 1, 10, 6, 13, 11, 18, 18, 1, 13, 20, 11, 3, 2, 11, 19, 4, 13, 2, 6, 20, 18, 3, 8, 10, 2, 14, 14, 3, 10, 2, 6, 11, 18, 3, 14, 11, 20, 1, 2, 1, 10, 2, 3, 11, 2, 18, 14, 1, 20, 20, 3, 10, 20, 14, 16, 7, 7, 1, 16, 10, 10, 7, 9, 9, 16, 16, 9, 7, 9, 20, 3, 14, 1, 10, 7, 9, 20, 13, 9, 16, 16, 9, 1, 1, 14, 10, 1, 7, 9, 7, 9, 16, 9, 16, 16, 16, 7, 7, 7]
bestever    1752    in generation 8633
[19, 19, 19, 17, 17, 19, 17, 17, 15, 19, 12, 13, 12, 12, 17, 12, 13, 17, 4, 6, 13, 8, 15, 15, 19, 4, 13, 12, 17, 12, 4, 12, 17, 5, 15, 6, 15, 5, 15, 4, 3, 19, 17, 19, 2, 4, 6, 18, 5, 11, 8, 15, 13, 12, 6, 5, 8, 18, 3, 4, 14, 12, 8, 11, 4, 20, 15, 17, 10, 12, 18, 5, 5, 8, 15, 4, 6, 5, 8, 2, 8, 18, 5, 11, 4, 6, 2, 19, 3, 6, 13, 5, 14, 11, 15, 14, 8, 20, 5, 18, 8, 1, 10, 6, 13, 11, 18, 18, 1, 13, 20, 11, 3, 2, 11, 19, 4, 13, 2, 6, 20, 18, 3, 8, 10, 2, 14, 14, 10, 3, 2, 6, 11, 18, 11, 14, 3, 20, 1, 2, 1, 10, 2, 3, 11, 2, 18, 14, 1, 20, 20, 3, 10, 20, 14, 9, 7, 7, 1, 10, 10, 7, 9, 16, 16, 7, 20, 3, 14, 10, 9, 9, 16, 16, 9, 1, 9, 20, 13, 9, 16, 16, 1, 1, 7, 14, 10, 1, 7, 9, 7, 9, 16, 9, 16, 16, 16, 7, 7, 7]
bestever    1750    in generation 8944
[19, 19, 19, 17, 17, 19, 17, 12, 15, 19, 12, 13, 12, 12, 17, 5, 12, 13, 17, 4, 6, 13, 8, 15, 15, 19, 4, 12, 4, 12, 17, 13, 12, 17, 15, 6, 15, 19, 5, 15, 4, 3, 19, 17, 2, 4, 6, 18, 5, 11, 8, 15, 13, 17, 6, 5, 8, 18, 3, 4, 20, 5, 12, 8, 11, 4, 14, 9, 15, 17, 10, 12, 18, 5, 15, 8, 4, 6, 5, 8, 2, 8, 18, 5, 11, 20, 6, 2, 19, 3, 4, 6, 13, 5, 11, 15, 14, 8, 20, 5, 18, 8, 1, 10, 6, 13, 7, 11, 9, 13, 18, 18, 1, 4, 11, 3, 2, 11, 19, 14, 13, 2, 6, 20, 18, 3, 8, 10, 2, 14, 14, 10, 3, 2, 6, 11, 18, 11, 14, 16, 3, 20, 1, 2, 9, 10, 2, 3, 11, 2, 18, 3, 1, 20, 20, 14, 10, 20, 14, 1, 7, 7, 1, 10, 10, 7, 16, 16, 20, 3, 14, 10, 9, 9, 16, 16, 9, 1, 20, 13, 9, 1, 1, 7, 14, 10, 7, 1, 16, 16, 9, 7, 9, 16, 9, 16, 16, 7, 7, 7]
