bestever    3372    in generation 0
[14, 3, 1, 5, 15, 16, 10, 13, 19, 5, 4, 6, 8, 11, 8, 12, 11, 15, 14, 11, 16, 19, 10, 15, 1, 12, 15, 4, 14, 1, 16, 5, 2, 4, 17, 7, 6, 11, 4, 14, 7, 18, 15, 12, 17, 7, 4, 14, 6, 16, 15, 12, 20, 7, 3, 3, 14, 6, 11, 9, 17, 5, 14, 2, 8, 12, 9, 7, 19, 11, 17, 17, 6, 15, 3, 12, 18, 20, 13, 19, 14, 5, 4, 6, 20, 19, 16, 18, 17, 8, 9, 2, 7, 13, 9, 15, 2, 18, 3, 9, 9, 5, 4, 12, 2, 10, 9, 16, 16, 19, 8, 5, 8, 3, 19, 14, 16, 12, 3, 13, 4, 2, 19, 17, 16, 10, 9, 4, 7, 17, 2, 18, 10, 17, 20, 13, 3, 6, 20, 12, 11, 1, 15, 2, 13, 5, 4, 13, 12, 3, 5, 14, 10, 11, 6, 1, 1, 8, 13, 6, 15, 19, 7, 5, 10, 8, 9, 3, 20, 8, 20, 2, 9, 6, 13, 10, 7, 19, 1, 1, 18, 18, 18, 11, 10, 1, 18, 11, 10, 7, 18, 1, 20, 13, 20, 16, 20, 8, 2, 17]
bestever    3234    in generation 1
[9, 4, 7, 3, 13, 19, 2, 13, 11, 9, 15, 6, 14, 10, 14, 3, 11, 6, 5, 13, 16, 9, 2, 5, 18, 20, 9, 7, 4, 20, 13, 9, 6, 15, 7, 14, 5, 15, 5, 15, 18, 15, 8, 7, 7, 20, 7, 20, 3, 3, 8, 13, 11, 20, 8, 16, 18, 8, 13, 19, 20, 13, 10, 1, 18, 10, 11, 10, 9, 2, 12, 2, 5, 8, 3, 3, 8, 15, 16, 16, 4, 11, 11, 17, 17, 7, 5, 14, 9, 16, 10, 1, 1, 4, 12, 12, 12, 1, 12, 12, 10, 12, 4, 12, 11, 9, 10, 1, 17, 5, 6, 19, 17, 10, 6, 5, 10, 1, 8, 2, 2, 4, 10, 12, 5, 20, 19, 12, 18, 18, 17, 4, 17, 15, 18, 9, 19, 19, 20, 11, 8, 9, 18, 18, 11, 14, 2, 20, 17, 14, 17, 2, 16, 3, 6, 6, 14, 18, 19, 1, 19, 6, 3, 15, 3, 11, 2, 19, 4, 13, 6, 5, 19, 1, 20, 6, 3, 7, 15, 1, 17, 1, 8, 2, 7, 16, 16, 14, 16, 14, 14, 13, 17, 15, 4, 13, 7, 4, 8, 16]
bestever    3228    in generation 2
[9, 14, 5, 1, 12, 12, 4, 5, 13, 10, 18, 10, 12, 4, 20, 8, 16, 17, 8, 13, 16, 9, 2, 5, 18, 20, 9, 7, 4, 20, 13, 9, 6, 15, 7, 14, 5, 15, 5, 15, 18, 15, 8, 7, 7, 20, 7, 20, 1, 3, 8, 13, 11, 20, 8, 16, 18, 8, 13, 19, 20, 13, 10, 1, 18, 10, 11, 10, 9, 2, 12, 2, 5, 8, 3, 3, 8, 15, 16, 16, 4, 11, 11, 17, 17, 7, 5, 14, 9, 16, 15, 6, 17, 15, 10, 17, 2, 5, 9, 14, 9, 18, 19, 12, 16, 19, 6, 3, 4, 17, 1, 12, 19, 2, 16, 17, 3, 12, 16, 1, 14, 18, 11, 6, 6, 3, 12, 13, 1, 4, 13, 20, 10, 5, 4, 1, 18, 4, 2, 9, 12, 19, 3, 7, 1, 8, 10, 20, 7, 1, 1, 8, 20, 11, 15, 19, 4, 6, 16, 3, 18, 17, 11, 12, 2, 19, 15, 19, 11, 9, 13, 2, 11, 11, 10, 3, 5, 6, 19, 3, 10, 6, 7, 4, 15, 14, 13, 14, 17, 17, 14, 19, 2, 6, 14, 14, 2, 18, 6, 7]
bestever    2924    in generation 4
[20, 8, 16, 8, 13, 16, 9, 2, 5, 18, 20, 9, 7, 4, 20, 13, 9, 6, 15, 7, 9, 18, 18, 11, 3, 16, 2, 20, 13, 14, 5, 15, 5, 15, 18, 15, 8, 7, 7, 20, 7, 20, 3, 8, 11, 20, 8, 16, 8, 13, 19, 10, 1, 10, 10, 9, 12, 2, 5, 8, 3, 8, 15, 5, 1, 14, 2, 14, 2, 6, 19, 14, 14, 13, 17, 18, 17, 6, 7, 16, 4, 11, 11, 17, 17, 7, 5, 14, 9, 16, 15, 6, 17, 15, 10, 17, 2, 5, 9, 14, 9, 18, 19, 12, 16, 19, 6, 3, 4, 17, 1, 12, 19, 2, 16, 17, 3, 12, 16, 1, 14, 18, 11, 6, 6, 3, 12, 13, 1, 4, 13, 20, 10, 5, 4, 1, 18, 4, 2, 9, 12, 19, 3, 7, 1, 8, 10, 20, 7, 1, 1, 8, 20, 11, 15, 19, 4, 6, 16, 3, 18, 17, 11, 12, 2, 19, 15, 19, 11, 9, 13, 2, 11, 11, 10, 3, 5, 6, 19, 3, 10, 6, 7, 4, 15, 14, 13, 14, 17, 1, 12, 12, 4, 5, 13, 10, 18, 10, 12, 4]
bestever    2807    in generation 8
[20, 8, 16, 8, 13, 16, 9, 2, 5, 18, 20, 9, 7, 4, 20, 13, 9, 6, 15, 7, 9, 18, 18, 11, 3, 16, 2, 20, 13, 14, 5, 15, 5, 15, 18, 15, 8, 7, 7, 20, 7, 20, 3, 8, 11, 20, 8, 16, 8, 13, 19, 10, 1, 10, 9, 12, 2, 5, 8, 3, 15, 5, 1, 14, 2, 14, 2, 6, 19, 14, 14, 13, 17, 18, 17, 6, 7, 16, 4, 11, 17, 17, 7, 5, 14, 9, 16, 15, 6, 17, 10, 17, 2, 5, 9, 14, 9, 18, 19, 12, 16, 19, 6, 3, 4, 17, 1, 12, 19, 2, 16, 3, 12, 1, 14, 18, 6, 12, 13, 1, 4, 13, 10, 5, 1, 4, 9, 3, 10, 7, 1, 8, 20, 4, 6, 16, 3, 18, 17, 11, 12, 2, 15, 19, 11, 8, 10, 20, 7, 1, 1, 8, 20, 11, 15, 19, 4, 6, 16, 3, 18, 17, 11, 12, 2, 19, 15, 19, 11, 9, 13, 2, 11, 11, 10, 3, 5, 6, 19, 3, 10, 6, 7, 4, 15, 14, 13, 14, 17, 1, 12, 12, 4, 5, 13, 10, 18, 10, 12, 4]
bestever    2777    in generation 15
[20, 8, 16, 8, 13, 16, 9, 2, 5, 18, 20, 9, 7, 4, 20, 13, 9, 6, 15, 7, 9, 18, 18, 3, 16, 2, 20, 13, 14, 5, 15, 5, 15, 18, 15, 8, 7, 7, 20, 7, 20, 3, 8, 20, 8, 16, 8, 13, 19, 10, 1, 10, 9, 12, 2, 5, 8, 3, 5, 1, 14, 2, 14, 2, 6, 19, 14, 14, 17, 18, 17, 6, 7, 16, 4, 17, 17, 7, 5, 14, 9, 16, 6, 17, 10, 17, 2, 9, 14, 9, 12, 16, 6, 3, 4, 1, 2, 16, 3, 1, 14, 6, 1, 4, 9, 3, 8, 20, 18, 5, 10, 13, 12, 11, 12, 2, 19, 11, 8, 10, 7, 1, 1, 8, 20, 11, 15, 18, 17, 12, 15, 13, 5, 10, 4, 7, 1, 1, 20, 11, 15, 19, 4, 6, 16, 3, 18, 17, 11, 12, 19, 15, 19, 11, 13, 19, 4, 6, 16, 3, 18, 17, 11, 12, 2, 19, 15, 19, 11, 9, 13, 2, 11, 11, 10, 3, 5, 6, 19, 3, 10, 6, 7, 4, 15, 14, 13, 14, 17, 1, 12, 12, 4, 5, 13, 10, 18, 10, 12, 4]
bestever    2765    in generation 21
[20, 8, 16, 8, 13, 16, 9, 2, 5, 18, 20, 9, 7, 4, 20, 13, 9, 6, 15, 7, 9, 18, 18, 3, 16, 2, 20, 13, 14, 5, 15, 5, 15, 18, 15, 8, 7, 7, 20, 7, 20, 3, 8, 20, 8, 16, 8, 13, 19, 10, 1, 10, 9, 12, 2, 5, 8, 3, 5, 1, 14, 2, 14, 2, 6, 19, 14, 14, 17, 18, 17, 6, 7, 16, 4, 17, 17, 7, 5, 14, 9, 16, 6, 17, 10, 17, 2, 9, 14, 9, 12, 16, 6, 3, 4, 1, 2, 3, 1, 6, 1, 4, 9, 3, 8, 20, 18, 5, 10, 12, 11, 2, 19, 11, 8, 7, 1, 8, 11, 15, 15, 7, 1, 20, 12, 16, 18, 17, 12, 13, 10, 5, 10, 4, 14, 1, 1, 20, 11, 15, 19, 4, 6, 16, 3, 18, 17, 11, 12, 19, 15, 19, 11, 13, 19, 4, 6, 16, 3, 18, 17, 11, 12, 2, 19, 15, 19, 11, 9, 13, 2, 11, 11, 10, 3, 5, 6, 19, 3, 10, 6, 7, 4, 15, 14, 13, 13, 14, 17, 1, 12, 12, 4, 5, 13, 10, 18, 10, 12, 4]
bestever    2713    in generation 34
[20, 8, 16, 8, 13, 16, 9, 2, 5, 18, 20, 9, 7, 4, 20, 13, 9, 6, 15, 7, 9, 18, 18, 3, 16, 2, 20, 13, 14, 5, 15, 5, 15, 18, 15, 8, 7, 7, 20, 7, 20, 3, 8, 20, 8, 16, 8, 7, 19, 1, 9, 12, 2, 5, 8, 3, 5, 1, 14, 2, 14, 2, 6, 19, 14, 14, 17, 18, 17, 6, 13, 16, 4, 17, 17, 7, 5, 14, 9, 16, 6, 17, 10, 17, 9, 14, 9, 12, 16, 6, 3, 4, 1, 2, 3, 1, 6, 1, 4, 9, 3, 8, 20, 18, 5, 10, 12, 11, 2, 19, 11, 8, 7, 1, 8, 11, 15, 15, 7, 1, 20, 12, 16, 18, 17, 12, 13, 10, 5, 10, 4, 14, 1, 1, 20, 11, 15, 19, 4, 6, 16, 3, 18, 2, 10, 10, 17, 11, 12, 19, 15, 19, 11, 13, 19, 4, 6, 16, 3, 18, 17, 11, 12, 2, 19, 15, 19, 11, 9, 13, 2, 11, 11, 10, 3, 5, 6, 19, 3, 10, 6, 7, 4, 15, 14, 13, 13, 14, 17, 1, 12, 12, 4, 5, 13, 10, 18, 10, 12, 4]
bestever    2686    in generation 41
[20, 8, 16, 8, 13, 16, 9, 2, 5, 18, 20, 9, 7, 4, 20, 13, 9, 6, 15, 7, 9, 18, 18, 3, 16, 2, 20, 13, 14, 5, 15, 5, 15, 18, 15, 8, 7, 7, 20, 7, 20, 3, 8, 20, 8, 16, 8, 7, 19, 1, 9, 12, 2, 5, 8, 3, 5, 1, 14, 2, 14, 2, 6, 19, 14, 14, 17, 18, 17, 6, 13, 16, 4, 17, 17, 7, 5, 9, 16, 6, 17, 10, 17, 9, 14, 9, 12, 16, 6, 3, 1, 2, 3, 1, 6, 1, 9, 3, 8, 20, 18, 5, 10, 12, 11, 2, 19, 11, 8, 7, 1, 8, 11, 15, 15, 7, 20, 16, 17, 12, 13, 10, 4, 14, 1, 20, 11, 15, 19, 4, 6, 16, 3, 2, 10, 11, 12, 19, 15, 19, 11, 13, 19, 4, 16, 3, 18, 17, 11, 12, 2, 19, 15, 19, 11, 9, 13, 2, 11, 11, 10, 3, 5, 6, 19, 3, 1, 14, 6, 18, 17, 1, 12, 4, 5, 10, 18, 10, 4, 10, 6, 7, 4, 15, 14, 13, 13, 14, 17, 1, 12, 12, 4, 5, 13, 10, 18, 10, 12, 4]
bestever    2666    in generation 44
[20, 8, 16, 8, 13, 16, 9, 2, 5, 18, 20, 9, 7, 4, 20, 13, 9, 6, 15, 7, 9, 18, 18, 3, 16, 2, 20, 13, 14, 5, 15, 5, 15, 18, 15, 8, 7, 7, 20, 7, 20, 3, 8, 20, 8, 16, 8, 7, 19, 1, 9, 12, 2, 5, 8, 3, 5, 1, 14, 2, 14, 2, 6, 19, 14, 14, 17, 18, 17, 6, 13, 16, 17, 17, 7, 5, 9, 16, 6, 17, 10, 17, 9, 9, 12, 16, 6, 3, 1, 2, 3, 1, 6, 1, 9, 3, 8, 20, 5, 10, 11, 2, 19, 11, 8, 7, 1, 8, 11, 15, 15, 7, 20, 16, 13, 4, 14, 20, 11, 15, 19, 4, 6, 16, 3, 2, 11, 12, 19, 15, 19, 11, 13, 19, 4, 3, 11, 12, 2, 19, 15, 19, 11, 9, 13, 11, 10, 14, 6, 17, 1, 12, 4, 5, 10, 18, 10, 16, 3, 18, 17, 11, 12, 2, 19, 3, 1, 14, 6, 18, 17, 1, 12, 4, 5, 10, 18, 10, 4, 10, 6, 7, 4, 15, 14, 13, 13, 14, 17, 1, 12, 12, 4, 5, 13, 10, 18, 10, 12, 4]
bestever    2626    in generation 63
[20, 8, 16, 8, 13, 16, 9, 2, 5, 18, 20, 9, 7, 4, 20, 13, 9, 6, 15, 7, 9, 18, 18, 3, 16, 2, 20, 13, 14, 5, 15, 5, 15, 18, 15, 8, 7, 7, 20, 7, 20, 3, 8, 20, 8, 16, 8, 7, 19, 1, 9, 12, 2, 5, 8, 3, 5, 1, 14, 2, 14, 2, 6, 19, 14, 14, 17, 18, 17, 6, 13, 16, 17, 17, 7, 5, 9, 16, 6, 17, 10, 17, 9, 9, 12, 16, 6, 3, 1, 2, 3, 1, 6, 1, 9, 3, 8, 20, 5, 10, 11, 2, 19, 11, 8, 7, 1, 8, 11, 15, 15, 7, 20, 16, 13, 4, 14, 20, 11, 15, 19, 4, 6, 16, 3, 2, 11, 12, 19, 15, 19, 11, 13, 19, 4, 3, 11, 12, 2, 19, 15, 19, 11, 9, 11, 10, 14, 6, 17, 1, 12, 4, 5, 10, 18, 10, 16, 3, 18, 17, 11, 12, 2, 19, 3, 1, 14, 6, 18, 17, 1, 12, 4, 5, 10, 10, 4, 10, 6, 18, 13, 7, 4, 15, 14, 13, 13, 14, 17, 1, 12, 12, 4, 5, 13, 10, 18, 10, 12, 4]
bestever    2594    in generation 71
[20, 8, 16, 8, 13, 16, 9, 2, 5, 18, 20, 9, 7, 4, 20, 13, 9, 6, 15, 7, 9, 18, 18, 3, 16, 2, 20, 13, 14, 5, 15, 5, 15, 18, 15, 8, 7, 7, 20, 7, 20, 3, 8, 20, 8, 16, 8, 7, 19, 1, 9, 12, 2, 5, 8, 3, 5, 1, 14, 2, 14, 2, 6, 19, 14, 14, 17, 18, 17, 6, 16, 17, 17, 7, 5, 9, 16, 6, 17, 10, 17, 9, 9, 12, 16, 6, 3, 1, 2, 3, 1, 6, 1, 9, 3, 8, 20, 5, 10, 11, 2, 19, 11, 8, 7, 1, 8, 11, 15, 15, 7, 20, 16, 4, 14, 11, 15, 19, 4, 6, 16, 3, 2, 11, 12, 19, 15, 19, 11, 19, 3, 11, 12, 2, 19, 15, 19, 11, 9, 11, 10, 14, 6, 17, 1, 12, 5, 18, 16, 3, 17, 11, 12, 2, 19, 3, 1, 14, 6, 17, 1, 12, 5, 18, 13, 18, 4, 10, 6, 4, 15, 14, 10, 10, 4, 20, 4, 13, 18, 13, 10, 10, 7, 13, 4, 13, 13, 14, 17, 1, 12, 12, 4, 5, 13, 10, 18, 10, 12, 4]
bestever    2586    in generation 72
[20, 8, 16, 8, 16, 9, 2, 5, 18, 20, 9, 7, 4, 20, 9, 6, 15, 7, 9, 18, 18, 3, 16, 2, 20, 14, 5, 15, 5, 15, 18, 15, 8, 7, 7, 20, 7, 20, 3, 8, 20, 8, 16, 8, 7, 19, 1, 9, 12, 2, 5, 8, 3, 5, 1, 14, 2, 14, 2, 6, 19, 14, 14, 17, 18, 17, 6, 16, 17, 17, 7, 5, 9, 16, 6, 17, 10, 17, 9, 9, 12, 16, 6, 3, 1, 2, 3, 1, 6, 1, 9, 3, 8, 20, 5, 10, 11, 2, 19, 11, 8, 7, 1, 8, 11, 15, 15, 7, 20, 16, 4, 14, 11, 15, 19, 4, 6, 16, 3, 2, 11, 12, 19, 15, 19, 11, 19, 3, 11, 12, 2, 19, 15, 19, 11, 9, 11, 10, 14, 6, 17, 1, 5, 18, 16, 3, 17, 11, 2, 19, 3, 1, 6, 17, 1, 12, 5, 10, 6, 14, 10, 20, 4, 13, 18, 13, 7, 13, 13, 10, 10, 13, 4, 4, 13, 4, 15, 10, 14, 12, 18, 18, 12, 13, 4, 13, 13, 14, 17, 1, 12, 12, 4, 5, 13, 10, 18, 10, 12, 4]
bestever    2528    in generation 76
[20, 8, 16, 8, 16, 9, 2, 5, 18, 20, 9, 7, 4, 20, 9, 6, 15, 7, 9, 18, 18, 3, 16, 2, 20, 14, 5, 15, 5, 15, 18, 15, 8, 7, 7, 20, 7, 20, 3, 8, 20, 8, 16, 8, 7, 19, 1, 9, 12, 2, 5, 8, 3, 5, 1, 14, 2, 14, 2, 6, 14, 14, 17, 18, 17, 6, 16, 17, 17, 7, 5, 9, 16, 6, 17, 10, 17, 9, 9, 12, 16, 6, 3, 1, 2, 3, 1, 6, 1, 9, 3, 8, 20, 5, 10, 11, 2, 11, 8, 7, 1, 8, 11, 15, 7, 20, 16, 4, 14, 11, 15, 19, 4, 6, 16, 3, 19, 15, 19, 2, 11, 12, 19, 15, 19, 11, 19, 3, 11, 12, 2, 19, 15, 19, 11, 9, 11, 10, 14, 6, 17, 1, 5, 18, 16, 3, 17, 11, 2, 19, 3, 1, 6, 17, 1, 12, 5, 10, 6, 14, 10, 20, 4, 13, 18, 13, 7, 13, 13, 10, 10, 13, 4, 4, 13, 4, 15, 10, 14, 12, 18, 18, 12, 13, 4, 13, 13, 14, 17, 1, 12, 12, 4, 5, 13, 10, 18, 10, 12, 4]
bestever    2516    in generation 94
[4, 15, 4, 3, 2, 11, 19, 19, 11, 3, 11, 1, 18, 18, 4, 2, 3, 2, 18, 3, 2, 3, 13, 4, 4, 4, 3, 11, 2, 11, 11, 10, 12, 1, 1, 3, 2, 1, 18, 5, 12, 12, 18, 18, 18, 3, 16, 20, 19, 15, 11, 15, 2, 19, 18, 16, 19, 1, 3, 2, 19, 1, 18, 16, 19, 5, 12, 13, 11, 10, 14, 12, 18, 5, 16, 6, 10, 6, 17, 17, 6, 17, 17, 6, 17, 17, 17, 17, 17, 20, 2, 20, 4, 6, 6, 6, 16, 1, 16, 1, 9, 5, 5, 15, 11, 14, 5, 14, 14, 5, 14, 1, 14, 1, 5, 14, 5, 16, 19, 4, 13, 20, 13, 7, 7, 8, 15, 12, 16, 9, 14, 5, 12, 9, 12, 15, 19, 15, 19, 10, 14, 10, 10, 20, 7, 20, 3, 2, 10, 17, 10, 9, 9, 16, 20, 16, 7, 8, 9, 20, 4, 7, 8, 9, 8, 13, 9, 20, 13, 7, 8, 7, 9, 8, 6, 6, 6, 15, 10, 10, 12, 12, 14, 13, 8, 11, 15, 15, 9, 13, 8, 8, 13, 7, 7, 7, 4, 13, 8, 20]
bestever    2496    in generation 101
[4, 15, 4, 3, 2, 11, 19, 19, 11, 3, 11, 1, 18, 18, 4, 2, 3, 2, 18, 3, 2, 3, 13, 4, 4, 4, 3, 11, 2, 11, 11, 10, 12, 1, 1, 3, 2, 1, 18, 5, 12, 12, 18, 18, 18, 3, 16, 20, 19, 15, 11, 15, 2, 19, 18, 16, 19, 1, 3, 2, 19, 1, 18, 16, 19, 5, 12, 13, 11, 10, 14, 12, 18, 5, 16, 6, 10, 6, 17, 17, 6, 4, 17, 6, 17, 17, 17, 17, 17, 20, 2, 20, 4, 6, 6, 6, 16, 1, 16, 1, 9, 5, 5, 15, 11, 14, 5, 14, 14, 5, 14, 1, 14, 1, 5, 14, 5, 16, 19, 4, 13, 20, 13, 7, 7, 8, 15, 12, 16, 9, 14, 5, 12, 9, 12, 15, 19, 15, 19, 10, 14, 10, 10, 20, 7, 20, 3, 2, 10, 17, 10, 9, 9, 16, 20, 16, 7, 8, 9, 20, 17, 7, 8, 9, 8, 13, 9, 20, 13, 7, 8, 7, 9, 8, 6, 6, 6, 15, 10, 10, 12, 12, 14, 13, 8, 11, 15, 15, 9, 13, 8, 8, 13, 7, 7, 7, 4, 13, 8, 20]
bestever    2407    in generation 121
[4, 15, 4, 3, 2, 11, 19, 19, 11, 3, 11, 1, 18, 18, 4, 2, 3, 2, 18, 3, 2, 3, 13, 4, 4, 4, 3, 11, 2, 11, 11, 10, 12, 1, 1, 3, 2, 1, 18, 5, 12, 12, 18, 18, 18, 3, 16, 20, 19, 15, 11, 15, 2, 19, 18, 16, 19, 1, 3, 2, 19, 1, 18, 16, 19, 5, 12, 13, 11, 10, 14, 12, 18, 5, 16, 6, 10, 6, 17, 17, 6, 4, 17, 6, 17, 17, 17, 17, 17, 20, 2, 20, 4, 6, 6, 6, 16, 1, 16, 1, 9, 5, 5, 15, 11, 14, 5, 14, 14, 5, 14, 1, 14, 1, 5, 14, 5, 16, 19, 4, 13, 20, 13, 7, 7, 8, 15, 12, 16, 9, 14, 5, 12, 9, 12, 15, 19, 15, 19, 10, 14, 10, 10, 20, 7, 20, 3, 2, 10, 17, 10, 9, 9, 16, 20, 16, 7, 8, 9, 20, 17, 7, 8, 8, 8, 8, 8, 10, 9, 9, 20, 9, 20, 9, 15, 8, 15, 13, 15, 14, 8, 7, 7, 6, 6, 6, 10, 8, 12, 12, 11, 13, 13, 7, 4, 13, 7, 13, 13, 7]
bestever    2389    in generation 139
[4, 3, 2, 11, 19, 19, 11, 3, 11, 1, 18, 18, 4, 2, 3, 2, 18, 3, 2, 3, 13, 4, 4, 4, 3, 11, 2, 11, 11, 10, 12, 1, 1, 3, 2, 1, 18, 5, 12, 12, 18, 18, 18, 3, 16, 20, 19, 15, 11, 2, 19, 18, 16, 19, 1, 3, 2, 19, 1, 18, 16, 19, 5, 12, 13, 11, 10, 14, 18, 5, 16, 6, 10, 6, 17, 17, 6, 4, 17, 6, 17, 17, 17, 17, 17, 20, 2, 20, 4, 6, 6, 6, 16, 1, 16, 1, 9, 5, 5, 11, 14, 5, 14, 14, 5, 14, 1, 14, 1, 5, 5, 16, 19, 4, 20, 7, 7, 8, 15, 16, 9, 14, 12, 9, 12, 15, 15, 5, 12, 9, 12, 15, 19, 15, 19, 10, 14, 10, 14, 10, 10, 20, 7, 20, 3, 2, 17, 10, 9, 9, 16, 20, 16, 8, 20, 17, 8, 8, 8, 7, 13, 7, 13, 8, 8, 10, 9, 9, 20, 9, 20, 9, 15, 8, 15, 13, 15, 14, 8, 7, 7, 6, 6, 6, 10, 8, 12, 12, 11, 13, 13, 7, 4, 13, 7, 13, 13, 7, 4, 15]
bestever    2380    in generation 141
[11, 19, 19, 11, 3, 11, 1, 18, 18, 4, 2, 3, 2, 18, 3, 2, 3, 4, 4, 4, 3, 11, 2, 11, 11, 12, 1, 1, 3, 2, 1, 18, 5, 12, 12, 18, 18, 18, 3, 16, 20, 19, 11, 2, 19, 18, 16, 19, 1, 3, 2, 19, 1, 18, 16, 19, 5, 12, 11, 14, 18, 5, 16, 6, 10, 6, 17, 17, 6, 4, 17, 6, 17, 17, 17, 17, 17, 20, 2, 20, 6, 7, 4, 13, 6, 6, 16, 1, 16, 1, 9, 5, 5, 11, 14, 5, 14, 14, 5, 14, 1, 14, 1, 5, 5, 16, 19, 4, 20, 7, 7, 8, 16, 9, 14, 9, 15, 15, 12, 9, 12, 15, 15, 10, 10, 14, 10, 5, 12, 9, 12, 15, 19, 15, 19, 10, 14, 10, 10, 7, 10, 20, 20, 3, 2, 17, 10, 9, 9, 16, 20, 16, 8, 20, 17, 8, 8, 8, 7, 13, 7, 13, 8, 8, 10, 9, 20, 9, 20, 9, 15, 8, 15, 13, 15, 14, 8, 7, 7, 6, 6, 6, 8, 12, 12, 11, 13, 13, 7, 4, 13, 7, 13, 13, 13, 4, 15, 4, 3, 2]
bestever    2368    in generation 165
[11, 19, 19, 11, 3, 11, 1, 18, 18, 4, 2, 3, 2, 18, 3, 2, 3, 4, 4, 4, 3, 11, 2, 11, 11, 12, 1, 1, 3, 2, 1, 18, 5, 12, 12, 18, 18, 18, 3, 16, 20, 19, 20, 2, 19, 18, 16, 19, 1, 3, 2, 19, 1, 18, 16, 19, 5, 12, 11, 14, 18, 5, 16, 6, 10, 6, 17, 17, 6, 4, 17, 6, 17, 17, 17, 17, 17, 20, 2, 20, 6, 7, 4, 13, 6, 6, 16, 1, 16, 1, 9, 5, 5, 11, 14, 5, 14, 14, 5, 14, 1, 14, 1, 5, 5, 16, 19, 4, 20, 7, 7, 8, 16, 9, 14, 9, 15, 15, 12, 9, 12, 15, 15, 10, 10, 14, 10, 5, 12, 9, 12, 15, 19, 15, 19, 10, 14, 10, 10, 7, 10, 20, 20, 3, 2, 17, 10, 9, 9, 16, 20, 16, 8, 11, 17, 8, 8, 8, 7, 13, 7, 13, 8, 8, 10, 9, 20, 9, 20, 9, 15, 8, 15, 13, 15, 14, 8, 7, 7, 6, 6, 6, 8, 12, 12, 11, 13, 13, 7, 4, 13, 7, 13, 13, 13, 4, 15, 4, 3, 2]
bestever    2364    in generation 178
[11, 19, 19, 11, 3, 11, 1, 18, 18, 4, 2, 3, 2, 18, 3, 2, 3, 4, 4, 4, 3, 11, 2, 11, 11, 12, 1, 1, 3, 2, 1, 18, 5, 12, 12, 18, 18, 18, 3, 16, 20, 19, 20, 2, 19, 18, 16, 19, 1, 3, 2, 19, 1, 18, 16, 19, 5, 12, 11, 14, 18, 5, 16, 6, 10, 6, 17, 17, 6, 4, 17, 6, 17, 17, 17, 17, 17, 20, 2, 20, 7, 16, 1, 16, 1, 9, 5, 5, 14, 5, 14, 14, 5, 14, 1, 14, 1, 5, 5, 16, 19, 20, 8, 16, 9, 14, 9, 15, 15, 12, 9, 12, 15, 10, 10, 14, 10, 5, 9, 19, 19, 10, 10, 10, 7, 10, 20, 20, 3, 2, 17, 10, 9, 9, 16, 20, 16, 8, 11, 17, 8, 8, 8, 7, 7, 10, 9, 8, 15, 12, 11, 15, 13, 15, 14, 13, 6, 4, 13, 6, 6, 13, 4, 12, 7, 13, 20, 9, 20, 9, 15, 8, 15, 13, 15, 14, 13, 4, 6, 4, 6, 6, 4, 12, 11, 7, 8, 7, 13, 8, 12, 3, 2, 7, 13, 8, 13, 15, 7, 7]
bestever    2345    in generation 180
[19, 19, 11, 3, 11, 1, 18, 18, 4, 2, 3, 2, 18, 3, 2, 3, 4, 4, 3, 11, 2, 11, 11, 12, 1, 1, 3, 2, 1, 18, 5, 12, 12, 18, 18, 18, 3, 16, 20, 19, 20, 2, 19, 18, 16, 19, 1, 3, 2, 19, 1, 18, 16, 19, 5, 12, 11, 14, 18, 5, 16, 6, 10, 6, 17, 17, 6, 4, 17, 6, 17, 17, 17, 17, 17, 20, 2, 20, 7, 16, 1, 16, 1, 9, 5, 5, 14, 5, 14, 14, 5, 14, 1, 14, 1, 5, 5, 16, 19, 20, 8, 16, 9, 14, 9, 15, 15, 12, 9, 15, 10, 10, 14, 10, 5, 9, 19, 19, 10, 10, 10, 7, 10, 20, 20, 3, 2, 17, 10, 9, 9, 16, 20, 16, 8, 11, 17, 8, 8, 7, 7, 10, 9, 8, 15, 12, 11, 15, 14, 6, 4, 6, 6, 4, 12, 7, 13, 8, 13, 15, 13, 13, 4, 12, 7, 13, 20, 9, 20, 9, 15, 8, 15, 13, 15, 14, 13, 4, 6, 4, 6, 6, 4, 12, 11, 7, 8, 7, 13, 8, 12, 3, 2, 7, 13, 8, 13, 15, 7, 11]
bestever    2304    in generation 182
[19, 19, 11, 3, 11, 1, 18, 18, 4, 2, 3, 2, 18, 3, 2, 3, 4, 4, 3, 11, 2, 11, 11, 12, 1, 1, 3, 2, 1, 18, 5, 12, 12, 18, 18, 18, 3, 16, 20, 19, 20, 2, 19, 18, 16, 19, 1, 3, 2, 19, 1, 18, 16, 19, 5, 12, 14, 18, 5, 16, 6, 10, 6, 17, 17, 6, 4, 17, 6, 17, 17, 17, 17, 17, 20, 2, 20, 7, 11, 16, 1, 16, 1, 9, 5, 5, 14, 5, 14, 14, 5, 14, 1, 14, 1, 5, 5, 16, 19, 20, 8, 16, 9, 14, 9, 15, 15, 12, 9, 15, 10, 10, 14, 10, 5, 9, 19, 19, 10, 10, 10, 7, 10, 20, 20, 3, 2, 17, 10, 9, 9, 16, 20, 16, 8, 11, 17, 8, 8, 7, 7, 10, 9, 8, 15, 12, 11, 15, 14, 6, 4, 6, 6, 4, 12, 7, 13, 8, 13, 15, 13, 13, 4, 12, 7, 13, 20, 9, 20, 9, 15, 8, 15, 13, 15, 14, 13, 4, 6, 4, 6, 6, 4, 12, 11, 7, 8, 7, 13, 8, 12, 3, 2, 7, 13, 8, 13, 15, 7, 11]
bestever    2294    in generation 244
[19, 19, 11, 3, 11, 1, 18, 18, 4, 2, 3, 2, 18, 3, 2, 3, 4, 4, 3, 11, 2, 11, 11, 12, 1, 1, 3, 2, 1, 18, 5, 12, 12, 18, 18, 18, 3, 16, 20, 19, 20, 2, 19, 18, 16, 19, 1, 3, 2, 19, 1, 18, 16, 19, 5, 12, 14, 18, 5, 16, 6, 10, 6, 17, 17, 6, 4, 17, 6, 17, 17, 17, 17, 17, 20, 2, 20, 7, 11, 16, 1, 16, 1, 9, 5, 5, 14, 5, 14, 14, 5, 14, 1, 14, 1, 5, 5, 16, 19, 20, 8, 16, 9, 14, 9, 15, 15, 12, 9, 10, 10, 14, 10, 5, 9, 19, 19, 10, 10, 10, 7, 10, 20, 20, 3, 2, 17, 10, 9, 9, 16, 20, 16, 8, 17, 8, 8, 7, 10, 9, 8, 15, 11, 7, 15, 12, 11, 15, 14, 6, 4, 6, 6, 4, 12, 7, 13, 8, 13, 15, 13, 13, 4, 12, 7, 13, 20, 9, 20, 9, 15, 8, 15, 13, 15, 14, 13, 4, 6, 4, 6, 6, 4, 12, 11, 7, 8, 7, 13, 8, 12, 3, 2, 7, 13, 8, 13, 15, 7, 11]
bestever    2257    in generation 259
[19, 19, 11, 3, 11, 1, 18, 18, 4, 2, 3, 2, 18, 3, 2, 3, 4, 4, 3, 11, 2, 11, 12, 1, 1, 3, 2, 1, 18, 5, 12, 12, 18, 18, 18, 3, 16, 20, 19, 20, 2, 19, 18, 16, 19, 1, 11, 3, 2, 19, 1, 18, 10, 19, 5, 12, 14, 18, 5, 16, 6, 10, 6, 17, 17, 6, 4, 17, 6, 17, 17, 17, 17, 17, 20, 2, 20, 7, 11, 16, 1, 16, 1, 9, 5, 5, 14, 5, 14, 14, 5, 14, 1, 14, 1, 5, 5, 16, 19, 20, 8, 16, 9, 14, 9, 15, 15, 12, 9, 10, 10, 14, 10, 5, 9, 19, 19, 10, 16, 10, 7, 10, 20, 20, 3, 2, 17, 10, 9, 9, 16, 20, 16, 8, 17, 8, 8, 7, 10, 9, 8, 15, 11, 7, 15, 12, 11, 15, 14, 6, 4, 6, 6, 4, 12, 7, 13, 8, 13, 15, 13, 13, 4, 12, 7, 13, 20, 9, 20, 9, 15, 8, 15, 13, 15, 14, 13, 4, 6, 4, 6, 6, 4, 12, 11, 7, 8, 7, 13, 8, 12, 3, 2, 7, 13, 8, 13, 15, 7, 11]
bestever    2245    in generation 275
[19, 19, 11, 3, 11, 1, 18, 18, 4, 2, 3, 2, 18, 3, 2, 3, 4, 4, 3, 11, 2, 11, 12, 1, 1, 3, 2, 1, 18, 5, 12, 12, 18, 18, 18, 3, 16, 20, 19, 20, 2, 19, 18, 16, 19, 1, 11, 3, 2, 19, 1, 18, 10, 19, 5, 12, 14, 2, 5, 16, 6, 10, 6, 17, 17, 6, 4, 17, 6, 17, 17, 17, 17, 17, 20, 2, 20, 7, 16, 1, 16, 1, 9, 5, 5, 14, 5, 14, 14, 5, 14, 1, 14, 1, 5, 5, 16, 19, 11, 20, 8, 16, 9, 14, 9, 15, 15, 12, 9, 10, 10, 14, 10, 5, 9, 19, 19, 10, 16, 10, 7, 10, 20, 20, 3, 2, 17, 10, 9, 9, 16, 20, 16, 8, 17, 8, 8, 7, 10, 9, 8, 15, 11, 7, 15, 12, 11, 15, 14, 6, 4, 6, 6, 4, 12, 7, 13, 8, 13, 15, 13, 13, 4, 12, 7, 13, 20, 9, 20, 9, 15, 8, 15, 13, 15, 14, 13, 4, 6, 4, 6, 6, 4, 12, 11, 7, 8, 7, 13, 8, 12, 3, 18, 7, 13, 8, 13, 15, 7, 11]
bestever    2239    in generation 286
[19, 19, 3, 1, 18, 18, 2, 3, 2, 18, 3, 2, 3, 3, 2, 12, 1, 1, 3, 2, 1, 18, 5, 12, 18, 18, 18, 3, 16, 20, 19, 20, 19, 18, 16, 19, 1, 11, 3, 2, 19, 1, 18, 10, 19, 5, 14, 2, 5, 16, 10, 17, 17, 17, 17, 17, 17, 17, 17, 20, 2, 20, 7, 16, 1, 16, 1, 9, 5, 5, 14, 5, 14, 14, 5, 14, 1, 14, 1, 5, 5, 16, 19, 11, 20, 8, 16, 9, 14, 9, 15, 9, 10, 10, 14, 10, 5, 9, 19, 19, 10, 16, 10, 7, 10, 20, 20, 3, 2, 17, 10, 9, 9, 16, 20, 16, 8, 17, 8, 10, 11, 12, 11, 6, 6, 12, 7, 13, 4, 12, 7, 20, 8, 14, 2, 11, 11, 4, 12, 9, 8, 15, 11, 7, 15, 12, 11, 15, 6, 4, 6, 6, 4, 12, 7, 13, 8, 13, 15, 9, 20, 9, 15, 8, 15, 13, 15, 13, 4, 4, 6, 4, 6, 13, 15, 14, 13, 4, 6, 4, 6, 6, 4, 12, 11, 7, 8, 7, 13, 8, 12, 3, 18, 7, 13, 8, 13, 15, 7, 11]
bestever    2199    in generation 288
[19, 19, 3, 1, 18, 18, 2, 3, 2, 18, 3, 2, 3, 3, 2, 12, 1, 1, 3, 2, 1, 18, 5, 12, 18, 18, 18, 3, 16, 20, 19, 20, 19, 18, 16, 19, 1, 11, 3, 2, 19, 1, 18, 10, 19, 5, 14, 2, 5, 16, 10, 17, 17, 17, 17, 17, 17, 17, 17, 20, 2, 20, 7, 16, 1, 16, 1, 9, 5, 5, 14, 5, 14, 14, 5, 14, 1, 14, 1, 5, 5, 16, 19, 11, 20, 8, 16, 9, 14, 9, 9, 10, 10, 14, 10, 5, 9, 19, 19, 10, 16, 10, 7, 10, 20, 20, 3, 2, 17, 10, 9, 9, 16, 20, 16, 8, 17, 8, 10, 11, 12, 6, 6, 12, 13, 4, 12, 15, 11, 7, 7, 20, 8, 14, 2, 11, 11, 4, 12, 9, 8, 15, 11, 7, 15, 12, 11, 15, 6, 4, 6, 6, 4, 12, 7, 13, 8, 13, 15, 9, 20, 9, 15, 8, 15, 13, 15, 13, 4, 4, 6, 4, 6, 13, 15, 14, 13, 4, 6, 4, 6, 6, 4, 12, 11, 7, 8, 7, 13, 8, 12, 3, 18, 7, 13, 8, 13, 15, 7, 11]
bestever    2190    in generation 291
[19, 19, 3, 1, 18, 18, 2, 3, 2, 18, 3, 2, 3, 3, 2, 12, 1, 1, 3, 2, 1, 18, 5, 12, 18, 18, 18, 3, 16, 20, 19, 20, 19, 18, 16, 19, 1, 11, 3, 2, 19, 1, 18, 10, 19, 5, 14, 2, 5, 16, 10, 17, 17, 17, 17, 17, 17, 17, 17, 20, 2, 20, 7, 16, 1, 16, 1, 9, 5, 5, 14, 5, 14, 14, 5, 14, 1, 14, 1, 5, 5, 16, 19, 11, 20, 8, 16, 9, 14, 9, 15, 9, 10, 10, 14, 10, 5, 9, 19, 19, 10, 16, 10, 7, 10, 20, 20, 3, 2, 17, 10, 9, 9, 16, 20, 16, 8, 17, 8, 10, 11, 12, 11, 6, 6, 12, 7, 13, 4, 12, 20, 14, 2, 11, 12, 7, 8, 4, 11, 9, 8, 15, 11, 7, 15, 12, 11, 15, 6, 4, 6, 4, 12, 7, 13, 8, 13, 15, 9, 20, 9, 15, 8, 15, 13, 15, 13, 4, 6, 4, 6, 4, 6, 13, 15, 14, 13, 4, 6, 4, 6, 6, 4, 12, 11, 7, 8, 7, 13, 8, 12, 3, 18, 7, 13, 8, 13, 15, 7, 11]
bestever    2162    in generation 298
[19, 19, 3, 1, 18, 18, 2, 3, 2, 18, 3, 2, 3, 3, 2, 12, 1, 1, 3, 2, 1, 18, 5, 12, 18, 18, 18, 3, 16, 20, 19, 20, 19, 18, 16, 19, 1, 1, 3, 2, 19, 1, 18, 10, 19, 5, 14, 2, 5, 16, 10, 17, 17, 17, 17, 17, 17, 17, 17, 20, 2, 20, 7, 16, 1, 16, 1, 9, 5, 5, 14, 5, 14, 14, 5, 14, 11, 14, 1, 5, 5, 16, 19, 11, 20, 8, 16, 9, 14, 9, 15, 9, 10, 10, 14, 10, 5, 9, 19, 19, 10, 16, 10, 7, 10, 20, 20, 3, 2, 17, 10, 9, 9, 16, 20, 16, 8, 17, 8, 10, 11, 12, 11, 6, 6, 12, 7, 13, 4, 12, 20, 14, 2, 11, 12, 7, 8, 4, 11, 9, 8, 15, 11, 7, 15, 12, 11, 15, 4, 12, 7, 13, 8, 15, 9, 20, 9, 15, 8, 15, 13, 4, 6, 4, 6, 4, 6, 13, 15, 13, 6, 4, 6, 13, 15, 14, 13, 4, 6, 4, 6, 6, 4, 12, 11, 7, 8, 7, 13, 8, 12, 3, 18, 7, 13, 8, 13, 15, 7, 11]
bestever    2139    in generation 319
[19, 19, 3, 1, 18, 18, 2, 3, 2, 18, 3, 2, 3, 3, 2, 12, 20, 1, 3, 2, 1, 18, 5, 12, 18, 18, 18, 3, 16, 20, 19, 20, 19, 18, 16, 19, 1, 1, 3, 2, 19, 1, 18, 10, 19, 5, 14, 2, 5, 16, 10, 17, 17, 17, 17, 17, 17, 17, 17, 20, 2, 20, 7, 16, 1, 16, 1, 9, 5, 5, 14, 5, 14, 14, 5, 14, 11, 14, 1, 5, 5, 16, 19, 11, 20, 8, 16, 9, 14, 9, 15, 9, 10, 10, 14, 10, 5, 9, 19, 19, 10, 16, 10, 7, 10, 20, 1, 3, 2, 17, 10, 9, 9, 16, 20, 16, 8, 17, 8, 10, 11, 12, 11, 6, 6, 12, 7, 13, 4, 12, 20, 14, 2, 11, 12, 7, 8, 4, 11, 9, 8, 15, 11, 7, 15, 12, 11, 15, 4, 12, 7, 13, 8, 15, 9, 20, 9, 15, 8, 15, 13, 4, 6, 4, 6, 4, 6, 13, 15, 13, 6, 4, 6, 13, 15, 14, 13, 4, 6, 4, 6, 6, 4, 12, 11, 7, 8, 7, 13, 8, 12, 3, 18, 7, 13, 8, 13, 15, 7, 11]
bestever    2134    in generation 325
[19, 19, 3, 1, 18, 18, 2, 3, 2, 18, 3, 2, 3, 3, 2, 12, 20, 1, 3, 2, 1, 18, 5, 12, 18, 18, 18, 3, 16, 20, 19, 20, 19, 18, 16, 19, 1, 1, 3, 2, 19, 1, 18, 10, 19, 5, 14, 2, 5, 16, 10, 17, 17, 17, 17, 17, 17, 17, 17, 20, 2, 20, 7, 16, 1, 16, 1, 9, 5, 5, 14, 5, 14, 14, 5, 14, 11, 14, 1, 5, 5, 16, 19, 11, 20, 8, 16, 9, 14, 9, 15, 9, 10, 10, 14, 10, 5, 9, 19, 19, 10, 16, 10, 7, 10, 20, 1, 3, 2, 17, 10, 9, 9, 16, 20, 16, 8, 17, 8, 10, 11, 12, 11, 6, 6, 12, 7, 13, 4, 12, 20, 14, 2, 11, 12, 8, 4, 11, 9, 15, 11, 15, 12, 11, 15, 4, 7, 13, 8, 15, 9, 20, 9, 15, 8, 15, 13, 4, 6, 4, 6, 4, 6, 13, 15, 6, 4, 6, 13, 15, 14, 13, 4, 6, 4, 12, 7, 6, 6, 4, 12, 11, 7, 8, 7, 13, 8, 7, 13, 8, 12, 3, 18, 7, 13, 8, 13, 15, 7, 11]
bestever    2103    in generation 331
[19, 19, 3, 1, 18, 18, 2, 3, 2, 18, 3, 2, 3, 3, 2, 12, 20, 1, 3, 2, 1, 18, 5, 12, 18, 18, 18, 3, 16, 20, 19, 20, 19, 18, 16, 19, 1, 1, 3, 2, 19, 1, 18, 10, 19, 5, 14, 2, 5, 16, 10, 17, 17, 17, 17, 17, 17, 17, 17, 20, 2, 20, 7, 16, 1, 16, 1, 9, 5, 5, 14, 5, 14, 14, 5, 14, 11, 14, 1, 5, 5, 16, 19, 11, 20, 8, 16, 9, 14, 9, 9, 10, 10, 14, 10, 5, 9, 19, 19, 10, 16, 10, 7, 10, 20, 1, 3, 2, 17, 10, 9, 9, 16, 20, 16, 17, 8, 10, 11, 12, 11, 6, 6, 12, 7, 13, 4, 12, 20, 14, 2, 11, 12, 8, 4, 11, 9, 11, 15, 12, 11, 15, 4, 7, 13, 8, 15, 15, 8, 15, 9, 20, 9, 15, 8, 15, 13, 4, 6, 4, 6, 4, 6, 13, 15, 6, 4, 6, 13, 15, 14, 13, 4, 6, 4, 12, 7, 6, 6, 4, 12, 11, 7, 8, 7, 13, 8, 7, 13, 8, 12, 3, 18, 7, 13, 8, 13, 15, 7, 11]
bestever    2062    in generation 341
[19, 19, 2, 1, 18, 18, 18, 2, 3, 3, 3, 2, 3, 3, 2, 12, 20, 1, 3, 2, 1, 18, 5, 12, 18, 18, 18, 3, 16, 20, 19, 20, 19, 18, 16, 19, 1, 1, 3, 2, 19, 1, 18, 10, 19, 5, 14, 2, 5, 16, 10, 17, 17, 17, 17, 17, 17, 17, 17, 20, 2, 20, 7, 16, 1, 16, 1, 9, 5, 5, 15, 5, 14, 14, 5, 14, 11, 14, 1, 5, 5, 16, 19, 11, 20, 8, 16, 9, 14, 9, 9, 10, 10, 14, 10, 5, 9, 19, 19, 10, 16, 10, 7, 10, 20, 1, 3, 2, 17, 10, 9, 9, 16, 20, 16, 17, 8, 10, 11, 12, 11, 6, 6, 12, 7, 13, 4, 12, 20, 14, 2, 11, 12, 8, 4, 11, 9, 11, 15, 12, 11, 15, 4, 7, 13, 8, 15, 15, 8, 15, 9, 20, 9, 15, 8, 15, 13, 4, 6, 4, 6, 4, 6, 13, 15, 6, 4, 6, 13, 15, 14, 13, 4, 6, 4, 12, 7, 6, 6, 4, 12, 11, 7, 8, 7, 13, 8, 7, 13, 8, 12, 3, 18, 7, 13, 8, 13, 14, 7, 11]
bestever    2038    in generation 360
[19, 19, 2, 1, 18, 18, 18, 2, 3, 3, 3, 2, 3, 3, 2, 12, 20, 1, 3, 2, 1, 18, 5, 12, 18, 18, 18, 3, 16, 20, 19, 20, 19, 18, 16, 19, 1, 1, 3, 2, 19, 1, 18, 10, 19, 5, 14, 2, 5, 16, 10, 17, 17, 17, 17, 17, 17, 17, 17, 20, 2, 20, 7, 16, 1, 16, 1, 9, 5, 5, 15, 5, 14, 14, 5, 14, 11, 14, 1, 5, 5, 16, 19, 11, 20, 8, 16, 9, 14, 9, 9, 10, 10, 14, 10, 5, 9, 19, 19, 10, 16, 10, 12, 10, 20, 1, 3, 2, 17, 10, 9, 9, 16, 20, 16, 17, 8, 10, 11, 12, 11, 6, 6, 12, 7, 13, 4, 12, 20, 14, 2, 11, 7, 8, 4, 11, 9, 11, 15, 12, 11, 15, 4, 7, 13, 8, 15, 15, 8, 15, 9, 20, 9, 15, 8, 15, 13, 4, 6, 4, 6, 4, 6, 13, 15, 6, 4, 6, 13, 15, 14, 13, 4, 6, 4, 12, 7, 6, 6, 4, 12, 11, 7, 8, 7, 13, 8, 7, 13, 8, 12, 3, 18, 7, 13, 8, 13, 14, 7, 11]
bestever    2030    in generation 465
[19, 19, 2, 1, 18, 18, 18, 2, 3, 3, 3, 2, 3, 3, 2, 12, 20, 1, 3, 2, 1, 18, 5, 12, 18, 18, 18, 3, 16, 20, 19, 20, 19, 18, 16, 19, 1, 1, 3, 2, 19, 1, 18, 10, 19, 5, 14, 2, 5, 16, 10, 17, 17, 17, 17, 17, 17, 17, 17, 20, 2, 20, 7, 16, 1, 16, 1, 9, 5, 5, 15, 5, 14, 14, 5, 14, 11, 14, 1, 5, 5, 16, 19, 11, 20, 8, 16, 9, 14, 9, 9, 10, 10, 14, 10, 5, 9, 19, 19, 10, 16, 10, 12, 10, 20, 1, 3, 2, 17, 10, 9, 9, 16, 20, 16, 17, 8, 10, 11, 12, 11, 6, 6, 12, 7, 4, 12, 20, 2, 11, 4, 14, 11, 8, 7, 13, 9, 11, 15, 12, 11, 15, 4, 7, 13, 8, 15, 15, 8, 15, 9, 20, 9, 15, 8, 15, 3, 18, 14, 13, 12, 11, 7, 13, 8, 13, 4, 6, 13, 4, 6, 4, 6, 4, 13, 15, 6, 6, 15, 14, 13, 4, 6, 4, 12, 7, 6, 6, 4, 12, 11, 7, 8, 7, 13, 8, 7, 13, 8, 7]
bestever    2029    in generation 537
[19, 19, 2, 1, 18, 18, 18, 2, 3, 3, 3, 2, 3, 3, 2, 12, 20, 1, 3, 2, 1, 18, 5, 12, 18, 18, 18, 3, 16, 20, 19, 20, 19, 18, 16, 19, 1, 1, 3, 2, 19, 1, 18, 10, 19, 5, 14, 2, 5, 16, 10, 17, 17, 17, 17, 17, 17, 17, 17, 20, 2, 20, 16, 1, 16, 16, 9, 5, 5, 15, 5, 14, 14, 5, 14, 11, 14, 1, 5, 5, 16, 19, 11, 20, 8, 16, 9, 14, 9, 9, 10, 10, 14, 10, 5, 9, 19, 19, 10, 16, 10, 12, 10, 20, 1, 3, 2, 17, 10, 9, 9, 16, 20, 1, 17, 8, 10, 11, 12, 11, 6, 12, 7, 4, 12, 20, 2, 11, 4, 14, 11, 8, 13, 9, 11, 15, 12, 11, 15, 13, 8, 15, 15, 8, 15, 9, 20, 9, 15, 8, 15, 3, 18, 14, 11, 7, 7, 13, 8, 7, 13, 6, 4, 12, 13, 4, 6, 13, 4, 6, 4, 6, 4, 13, 15, 6, 6, 15, 14, 13, 4, 4, 7, 6, 12, 7, 6, 6, 4, 12, 11, 7, 8, 7, 13, 8, 7, 13, 8, 7]
bestever    2027    in generation 581
[19, 19, 2, 1, 18, 18, 18, 2, 3, 3, 3, 2, 3, 3, 2, 12, 20, 1, 3, 2, 1, 18, 5, 12, 18, 18, 18, 3, 16, 20, 19, 20, 19, 18, 16, 19, 1, 1, 3, 2, 19, 1, 18, 10, 19, 5, 14, 2, 5, 16, 10, 17, 17, 17, 17, 17, 17, 17, 17, 20, 2, 20, 16, 1, 16, 16, 9, 5, 5, 15, 5, 14, 14, 5, 14, 11, 14, 1, 5, 5, 16, 19, 11, 20, 8, 16, 9, 14, 9, 9, 10, 10, 14, 10, 5, 9, 19, 19, 10, 16, 10, 12, 10, 20, 1, 3, 2, 17, 10, 9, 9, 16, 20, 1, 17, 8, 10, 11, 12, 11, 6, 12, 4, 12, 20, 2, 11, 4, 14, 11, 8, 13, 9, 11, 15, 12, 11, 15, 13, 8, 15, 15, 8, 15, 9, 20, 9, 15, 8, 15, 3, 18, 14, 13, 13, 6, 4, 13, 4, 6, 13, 4, 6, 4, 6, 4, 15, 15, 14, 4, 7, 6, 12, 7, 6, 6, 4, 12, 11, 7, 7, 13, 7, 13, 8, 7, 6, 6, 4, 12, 11, 7, 8, 7, 13, 8, 7, 13, 8, 7]
bestever    2023    in generation 601
[19, 19, 2, 1, 18, 18, 18, 2, 3, 3, 3, 2, 3, 3, 2, 12, 20, 1, 3, 2, 1, 18, 5, 12, 18, 18, 18, 3, 16, 20, 19, 20, 19, 18, 16, 19, 1, 1, 3, 2, 19, 1, 18, 10, 19, 5, 14, 2, 5, 16, 10, 17, 17, 17, 17, 17, 17, 17, 17, 20, 2, 20, 16, 1, 16, 16, 9, 5, 5, 15, 5, 14, 14, 5, 14, 11, 14, 1, 5, 5, 16, 19, 11, 20, 8, 16, 9, 14, 9, 9, 10, 10, 14, 10, 5, 9, 19, 19, 10, 16, 10, 12, 10, 20, 1, 3, 2, 17, 10, 9, 9, 16, 20, 1, 17, 10, 11, 12, 11, 6, 12, 4, 12, 20, 2, 11, 4, 14, 11, 13, 9, 11, 15, 12, 15, 15, 15, 15, 9, 20, 9, 15, 8, 15, 3, 18, 14, 6, 4, 4, 6, 4, 6, 4, 6, 4, 15, 15, 14, 7, 6, 12, 7, 6, 6, 7, 13, 8, 7, 12, 11, 13, 8, 8, 8, 13, 13, 6, 4, 13, 4, 6, 13, 4, 12, 11, 7, 8, 7, 13, 11, 7, 8, 7, 13, 8, 7, 13, 8, 7]
bestever    2004    in generation 621
[19, 19, 2, 1, 18, 18, 18, 2, 3, 3, 3, 2, 3, 3, 2, 12, 20, 1, 3, 2, 1, 18, 5, 12, 18, 18, 18, 3, 16, 20, 19, 20, 19, 18, 16, 19, 1, 1, 3, 2, 19, 1, 18, 10, 19, 5, 14, 2, 5, 10, 17, 17, 17, 17, 17, 17, 17, 17, 20, 2, 20, 16, 1, 16, 16, 9, 5, 15, 14, 14, 5, 14, 11, 14, 1, 5, 5, 16, 5, 5, 16, 19, 11, 20, 8, 16, 9, 14, 9, 9, 10, 10, 14, 10, 5, 9, 19, 19, 10, 16, 10, 12, 10, 20, 1, 3, 2, 17, 10, 9, 9, 16, 20, 1, 17, 10, 11, 12, 11, 6, 12, 4, 12, 20, 2, 11, 4, 14, 11, 13, 9, 11, 15, 12, 15, 15, 15, 15, 9, 20, 9, 15, 8, 15, 3, 18, 14, 6, 4, 4, 6, 4, 6, 4, 6, 4, 15, 15, 14, 7, 6, 12, 6, 6, 7, 13, 8, 7, 12, 11, 13, 8, 8, 13, 13, 6, 4, 13, 4, 6, 8, 13, 4, 12, 7, 11, 7, 8, 7, 13, 11, 7, 8, 7, 13, 8, 7, 13, 8, 7]
bestever    1985    in generation 628
[19, 19, 2, 1, 18, 18, 18, 2, 3, 3, 3, 2, 3, 3, 2, 12, 20, 1, 3, 2, 1, 18, 5, 12, 18, 18, 18, 3, 16, 20, 19, 20, 19, 18, 16, 19, 1, 1, 3, 2, 19, 1, 18, 3, 19, 5, 14, 2, 5, 10, 17, 17, 17, 17, 17, 17, 17, 17, 20, 2, 20, 16, 1, 16, 16, 9, 5, 15, 14, 14, 5, 14, 11, 14, 1, 5, 5, 16, 5, 5, 16, 19, 11, 20, 8, 16, 9, 14, 9, 9, 10, 10, 14, 10, 5, 9, 19, 19, 10, 16, 10, 12, 10, 20, 1, 3, 2, 17, 10, 9, 9, 16, 20, 1, 17, 10, 11, 12, 11, 6, 12, 4, 12, 20, 2, 11, 4, 14, 11, 13, 9, 11, 15, 12, 15, 15, 15, 15, 9, 20, 9, 15, 8, 15, 10, 18, 14, 6, 4, 4, 6, 4, 6, 4, 6, 4, 15, 15, 14, 7, 6, 12, 6, 6, 7, 13, 8, 7, 12, 11, 13, 8, 8, 13, 13, 6, 4, 13, 4, 6, 8, 13, 4, 12, 7, 11, 7, 8, 7, 13, 11, 7, 8, 7, 13, 8, 7, 13, 8, 7]
bestever    1956    in generation 630
[19, 19, 2, 16, 18, 18, 18, 2, 3, 3, 3, 2, 3, 3, 2, 12, 20, 16, 3, 2, 1, 18, 5, 12, 18, 18, 18, 3, 16, 20, 19, 20, 19, 18, 1, 19, 1, 1, 3, 2, 19, 1, 18, 10, 19, 5, 14, 2, 5, 10, 17, 17, 17, 17, 17, 17, 17, 17, 20, 2, 20, 16, 1, 1, 16, 9, 5, 15, 14, 14, 5, 14, 11, 14, 1, 5, 5, 16, 5, 5, 16, 19, 11, 20, 8, 16, 9, 14, 9, 9, 10, 10, 14, 10, 5, 9, 19, 19, 10, 16, 10, 12, 10, 20, 1, 3, 2, 17, 10, 9, 9, 16, 20, 1, 17, 10, 11, 12, 11, 6, 12, 4, 12, 20, 2, 11, 4, 14, 11, 13, 9, 11, 15, 12, 15, 15, 15, 15, 9, 20, 9, 15, 8, 15, 3, 18, 14, 6, 4, 4, 6, 4, 6, 4, 6, 4, 15, 15, 14, 7, 6, 12, 6, 6, 7, 13, 8, 7, 12, 11, 13, 8, 8, 13, 13, 6, 4, 13, 4, 6, 8, 13, 4, 12, 7, 11, 7, 8, 7, 13, 11, 7, 8, 7, 13, 8, 7, 13, 8, 7]
bestever    1936    in generation 663
[19, 19, 2, 16, 18, 18, 18, 2, 3, 3, 3, 2, 3, 3, 2, 12, 20, 16, 3, 2, 1, 18, 5, 12, 18, 18, 18, 3, 16, 20, 19, 20, 19, 18, 1, 19, 1, 1, 3, 2, 19, 1, 18, 10, 19, 5, 14, 2, 5, 10, 17, 17, 17, 17, 17, 17, 17, 17, 20, 20, 16, 1, 1, 16, 3, 5, 15, 14, 14, 5, 14, 11, 14, 1, 5, 5, 16, 5, 5, 16, 19, 11, 8, 16, 9, 14, 10, 10, 14, 10, 5, 9, 19, 19, 10, 16, 10, 12, 20, 1, 9, 2, 10, 9, 9, 20, 2, 17, 10, 9, 9, 16, 20, 1, 17, 10, 11, 12, 11, 6, 12, 4, 12, 20, 2, 11, 4, 14, 11, 13, 9, 11, 15, 12, 15, 15, 15, 15, 9, 20, 9, 15, 8, 15, 3, 18, 14, 6, 4, 4, 6, 4, 6, 4, 6, 4, 15, 15, 14, 7, 6, 12, 6, 6, 13, 8, 12, 11, 13, 8, 13, 13, 6, 7, 4, 13, 4, 6, 4, 12, 8, 7, 13, 7, 8, 7, 13, 11, 7, 8, 11, 7, 8, 7, 13, 8, 7, 13, 8, 7]
bestever    1929    in generation 780
[19, 19, 2, 16, 18, 18, 18, 2, 3, 3, 3, 2, 3, 3, 2, 12, 20, 16, 3, 2, 1, 18, 5, 12, 18, 18, 18, 3, 16, 20, 19, 20, 19, 18, 1, 19, 1, 1, 3, 2, 19, 1, 18, 10, 19, 5, 14, 2, 5, 10, 17, 17, 17, 17, 17, 17, 17, 17, 20, 20, 16, 1, 1, 16, 3, 5, 15, 14, 14, 5, 14, 11, 14, 1, 5, 5, 16, 5, 5, 16, 19, 11, 8, 16, 14, 10, 10, 14, 10, 5, 19, 19, 10, 16, 10, 12, 20, 1, 9, 2, 10, 9, 12, 20, 2, 17, 10, 9, 9, 9, 9, 16, 20, 1, 17, 10, 11, 12, 11, 6, 12, 4, 9, 20, 2, 11, 4, 14, 11, 13, 9, 15, 12, 15, 15, 15, 15, 9, 20, 9, 15, 8, 15, 3, 18, 14, 6, 4, 4, 6, 4, 6, 4, 6, 4, 15, 15, 14, 6, 12, 6, 6, 8, 11, 13, 7, 12, 11, 13, 8, 13, 13, 6, 7, 4, 13, 4, 6, 4, 12, 8, 7, 13, 7, 8, 7, 13, 11, 7, 8, 11, 7, 8, 7, 13, 8, 7, 13, 8, 7]
bestever    1908    in generation 912
[19, 19, 2, 16, 18, 18, 18, 2, 3, 3, 3, 2, 3, 3, 2, 12, 20, 16, 3, 2, 1, 18, 5, 12, 18, 18, 18, 3, 16, 20, 19, 20, 19, 18, 1, 19, 1, 1, 1, 2, 19, 1, 18, 10, 19, 5, 14, 2, 5, 10, 17, 17, 17, 17, 17, 17, 17, 17, 20, 20, 16, 1, 1, 16, 3, 5, 15, 14, 14, 5, 14, 11, 14, 1, 5, 5, 16, 5, 5, 16, 19, 11, 8, 16, 14, 10, 10, 14, 10, 5, 19, 19, 10, 16, 10, 20, 3, 9, 2, 10, 9, 12, 20, 2, 17, 10, 9, 9, 9, 9, 16, 20, 1, 17, 10, 11, 12, 6, 12, 4, 9, 20, 2, 11, 4, 14, 11, 13, 9, 15, 12, 11, 12, 15, 15, 15, 15, 9, 20, 9, 15, 8, 15, 3, 18, 14, 6, 4, 4, 6, 4, 6, 4, 6, 4, 15, 15, 14, 6, 12, 6, 6, 11, 13, 12, 11, 13, 13, 6, 4, 8, 7, 8, 7, 13, 13, 4, 6, 4, 12, 8, 7, 13, 7, 8, 7, 13, 11, 7, 8, 11, 7, 8, 7, 13, 8, 7, 13, 8, 7]
bestever    1907    in generation 991
[2, 2, 16, 19, 19, 18, 18, 18, 3, 3, 3, 2, 3, 3, 2, 12, 20, 16, 3, 2, 1, 18, 5, 12, 18, 18, 18, 3, 16, 20, 19, 20, 19, 18, 1, 19, 1, 1, 1, 2, 19, 1, 18, 10, 19, 5, 14, 2, 5, 17, 17, 17, 17, 17, 17, 17, 17, 20, 20, 16, 1, 1, 16, 3, 5, 15, 14, 14, 5, 14, 11, 14, 1, 5, 5, 16, 5, 5, 16, 19, 11, 8, 16, 14, 10, 10, 14, 10, 5, 19, 10, 19, 10, 16, 10, 20, 3, 9, 2, 10, 9, 12, 20, 2, 17, 10, 9, 9, 9, 9, 16, 20, 1, 17, 10, 11, 12, 6, 12, 4, 9, 20, 2, 11, 4, 14, 11, 13, 9, 15, 12, 11, 12, 15, 15, 15, 15, 9, 20, 9, 15, 8, 15, 3, 18, 14, 6, 4, 4, 6, 8, 6, 4, 6, 4, 15, 15, 14, 6, 12, 6, 6, 11, 13, 12, 11, 13, 13, 6, 4, 8, 7, 7, 13, 4, 6, 4, 12, 8, 13, 8, 7, 13, 7, 8, 7, 13, 11, 7, 8, 11, 7, 4, 7, 13, 8, 7, 13, 8, 7]
bestever    1894    in generation 1011
[2, 2, 16, 19, 19, 18, 18, 18, 3, 3, 3, 2, 3, 3, 2, 12, 20, 16, 3, 2, 1, 18, 5, 12, 18, 18, 18, 3, 16, 20, 19, 20, 19, 18, 1, 19, 1, 1, 1, 2, 19, 1, 18, 10, 19, 5, 14, 2, 5, 17, 17, 17, 17, 17, 17, 17, 17, 20, 20, 16, 1, 1, 16, 3, 5, 15, 14, 14, 5, 14, 11, 14, 1, 5, 5, 16, 5, 5, 16, 19, 11, 16, 14, 10, 10, 14, 10, 5, 19, 10, 19, 10, 16, 10, 20, 3, 9, 2, 10, 9, 12, 20, 2, 17, 10, 9, 9, 9, 9, 16, 20, 1, 17, 10, 11, 12, 6, 12, 4, 9, 20, 2, 11, 4, 14, 11, 13, 9, 15, 12, 11, 12, 15, 15, 15, 15, 9, 20, 9, 15, 15, 3, 18, 14, 6, 4, 4, 6, 8, 6, 4, 6, 4, 15, 15, 14, 6, 12, 6, 6, 11, 13, 12, 11, 13, 6, 4, 8, 7, 7, 13, 4, 6, 4, 12, 8, 13, 8, 8, 13, 8, 7, 13, 7, 8, 7, 13, 11, 7, 8, 11, 7, 4, 7, 13, 8, 7, 13, 8, 7]
bestever    1881    in generation 2223
[2, 2, 16, 19, 19, 18, 18, 18, 3, 3, 3, 1, 2, 3, 3, 2, 12, 20, 16, 3, 2, 1, 18, 5, 12, 18, 18, 18, 3, 16, 20, 19, 20, 19, 18, 3, 1, 19, 1, 1, 2, 19, 1, 18, 19, 5, 15, 14, 2, 5, 17, 14, 17, 17, 17, 17, 17, 4, 17, 17, 20, 20, 16, 1, 1, 16, 3, 5, 14, 14, 19, 5, 11, 14, 1, 5, 5, 16, 5, 5, 16, 19, 11, 10, 10, 14, 10, 14, 10, 16, 5, 19, 10, 10, 16, 10, 20, 9, 2, 10, 12, 20, 2, 17, 9, 10, 14, 9, 9, 4, 9, 16, 20, 1, 17, 10, 11, 12, 6, 12, 4, 9, 20, 2, 11, 4, 14, 6, 11, 13, 9, 12, 11, 12, 15, 15, 15, 15, 15, 9, 15, 20, 9, 15, 3, 18, 9, 6, 4, 4, 6, 6, 6, 4, 15, 11, 13, 15, 14, 12, 6, 11, 13, 12, 8, 4, 4, 8, 11, 8, 7, 7, 8, 13, 13, 6, 13, 6, 13, 8, 7, 13, 8, 7, 8, 7, 11, 12, 6, 4, 7, 13, 13, 8, 7, 8, 7, 7, 8, 7]
bestever    1875    in generation 2284
[2, 2, 16, 19, 19, 18, 18, 18, 3, 3, 3, 1, 2, 3, 3, 2, 12, 20, 16, 3, 2, 1, 18, 5, 12, 18, 18, 18, 3, 16, 20, 19, 20, 19, 18, 3, 1, 19, 1, 1, 2, 19, 1, 18, 19, 5, 15, 14, 2, 5, 17, 20, 17, 17, 17, 17, 17, 4, 17, 17, 20, 20, 16, 1, 1, 16, 3, 5, 14, 14, 19, 5, 11, 14, 1, 5, 5, 16, 5, 5, 16, 19, 11, 10, 10, 14, 10, 14, 10, 16, 5, 19, 10, 10, 16, 10, 14, 9, 2, 10, 12, 20, 2, 17, 9, 10, 14, 9, 9, 4, 9, 16, 20, 1, 17, 10, 11, 12, 6, 12, 4, 9, 20, 2, 11, 4, 14, 6, 11, 13, 9, 12, 11, 12, 15, 15, 15, 15, 15, 9, 15, 20, 9, 15, 3, 18, 9, 6, 4, 4, 6, 6, 6, 4, 15, 11, 13, 15, 14, 12, 6, 11, 13, 12, 8, 4, 4, 8, 11, 8, 7, 7, 8, 13, 13, 6, 13, 6, 13, 8, 7, 13, 8, 7, 8, 7, 11, 12, 6, 4, 7, 13, 13, 8, 7, 8, 7, 7, 8, 7]
bestever    1870    in generation 2313
[2, 2, 16, 19, 19, 18, 18, 18, 3, 3, 3, 1, 2, 3, 3, 2, 12, 20, 16, 3, 2, 1, 18, 5, 12, 18, 18, 18, 3, 16, 20, 19, 20, 19, 18, 3, 1, 19, 1, 1, 2, 19, 1, 18, 19, 5, 15, 14, 2, 5, 17, 20, 17, 17, 17, 17, 17, 10, 17, 17, 20, 20, 16, 1, 1, 16, 3, 5, 14, 14, 19, 5, 11, 14, 1, 5, 5, 16, 5, 5, 16, 19, 11, 4, 10, 14, 10, 14, 10, 16, 5, 19, 10, 10, 16, 10, 14, 9, 2, 10, 12, 20, 2, 17, 9, 10, 14, 9, 9, 4, 9, 16, 20, 1, 17, 10, 11, 12, 6, 12, 4, 9, 20, 2, 11, 4, 14, 6, 11, 13, 9, 12, 11, 12, 15, 15, 15, 15, 15, 9, 15, 20, 9, 15, 3, 18, 9, 6, 4, 4, 6, 6, 6, 4, 15, 11, 13, 15, 14, 12, 6, 11, 13, 12, 8, 4, 4, 8, 11, 8, 7, 7, 8, 13, 13, 6, 13, 6, 13, 8, 7, 13, 8, 7, 8, 7, 11, 12, 6, 4, 7, 13, 13, 8, 7, 8, 7, 7, 8, 7]
bestever    1862    in generation 2529
[2, 2, 16, 19, 19, 18, 18, 18, 3, 3, 3, 1, 2, 3, 3, 2, 12, 20, 16, 3, 2, 1, 18, 5, 12, 18, 18, 18, 3, 16, 20, 19, 20, 19, 18, 3, 1, 19, 1, 1, 2, 19, 1, 18, 19, 5, 15, 14, 2, 5, 17, 20, 17, 17, 1, 17, 17, 10, 17, 17, 20, 20, 16, 1, 17, 16, 3, 5, 14, 14, 19, 5, 11, 14, 1, 5, 5, 16, 5, 5, 16, 19, 11, 4, 10, 14, 10, 14, 10, 16, 5, 19, 10, 10, 16, 10, 14, 9, 2, 10, 12, 20, 2, 17, 9, 10, 14, 9, 9, 4, 9, 16, 20, 1, 17, 10, 11, 12, 6, 12, 4, 9, 20, 2, 11, 4, 14, 6, 11, 9, 12, 11, 12, 15, 15, 15, 15, 15, 9, 15, 20, 9, 15, 3, 18, 9, 6, 4, 4, 6, 6, 6, 13, 4, 15, 11, 13, 15, 14, 12, 6, 11, 13, 12, 8, 4, 4, 8, 7, 8, 7, 7, 8, 13, 13, 6, 13, 6, 13, 8, 7, 13, 8, 7, 8, 7, 11, 12, 6, 4, 7, 13, 13, 8, 11, 8, 7, 7, 8, 7]
bestever    1852    in generation 3221
[2, 2, 16, 19, 19, 18, 18, 18, 3, 3, 3, 1, 2, 3, 3, 2, 12, 20, 16, 3, 2, 1, 18, 5, 12, 18, 18, 18, 3, 16, 20, 19, 20, 19, 18, 3, 1, 19, 1, 1, 2, 19, 1, 18, 19, 5, 15, 14, 2, 5, 17, 20, 17, 17, 1, 17, 17, 10, 17, 17, 20, 20, 2, 1, 17, 16, 3, 5, 14, 14, 19, 5, 1, 5, 5, 16, 5, 5, 19, 10, 14, 14, 16, 5, 19, 10, 10, 16, 10, 14, 10, 16, 10, 3, 14, 9, 16, 10, 20, 2, 17, 1, 10, 9, 9, 4, 16, 20, 11, 17, 10, 6, 4, 6, 9, 20, 2, 4, 9, 11, 12, 4, 14, 11, 9, 12, 11, 12, 14, 11, 9, 12, 11, 12, 15, 15, 15, 9, 9, 15, 15, 15, 20, 15, 18, 9, 6, 4, 4, 6, 6, 6, 13, 4, 15, 13, 15, 14, 12, 12, 4, 11, 13, 4, 8, 8, 7, 6, 13, 13, 7, 7, 11, 8, 13, 6, 8, 6, 13, 8, 13, 7, 8, 7, 11, 8, 12, 6, 4, 13, 13, 7, 11, 8, 7, 7, 8, 7, 8, 7]
bestever    1848    in generation 3346
[2, 2, 16, 19, 19, 18, 18, 18, 3, 3, 3, 1, 2, 3, 3, 2, 12, 20, 16, 3, 2, 1, 18, 5, 12, 18, 18, 18, 3, 16, 20, 19, 20, 19, 18, 3, 1, 19, 1, 1, 2, 19, 1, 18, 19, 5, 15, 14, 2, 5, 17, 20, 17, 17, 1, 5, 17, 17, 10, 17, 17, 20, 20, 2, 1, 17, 16, 3, 5, 14, 14, 19, 1, 5, 5, 16, 5, 5, 19, 10, 14, 14, 16, 5, 19, 10, 10, 16, 10, 14, 10, 16, 10, 3, 14, 9, 16, 10, 20, 2, 17, 1, 10, 9, 9, 4, 16, 20, 11, 17, 10, 6, 4, 6, 9, 20, 2, 4, 9, 11, 12, 4, 14, 11, 9, 12, 11, 12, 14, 11, 9, 12, 11, 12, 15, 15, 15, 9, 9, 15, 15, 15, 20, 15, 18, 9, 6, 4, 4, 6, 6, 6, 13, 4, 15, 13, 15, 14, 12, 12, 4, 11, 13, 4, 8, 8, 7, 6, 13, 13, 7, 7, 11, 8, 13, 6, 6, 13, 8, 13, 7, 8, 7, 11, 8, 8, 12, 6, 4, 13, 13, 7, 11, 8, 7, 7, 8, 7, 8, 7]
bestever    1830    in generation 3589
[2, 2, 16, 19, 19, 18, 18, 18, 3, 3, 3, 1, 2, 3, 3, 2, 12, 20, 16, 3, 2, 1, 18, 5, 12, 18, 18, 18, 3, 16, 20, 19, 20, 19, 18, 3, 1, 19, 1, 1, 2, 19, 1, 18, 19, 5, 15, 14, 2, 5, 17, 20, 17, 17, 1, 5, 17, 17, 10, 17, 17, 20, 20, 2, 1, 17, 16, 3, 5, 14, 14, 19, 1, 5, 5, 16, 5, 5, 19, 10, 14, 14, 16, 5, 19, 10, 9, 16, 10, 14, 10, 16, 10, 3, 14, 9, 16, 10, 20, 2, 17, 1, 10, 9, 9, 4, 16, 20, 11, 17, 10, 4, 6, 9, 20, 2, 9, 11, 12, 8, 4, 14, 11, 9, 12, 11, 12, 14, 11, 10, 12, 11, 12, 15, 15, 15, 9, 9, 15, 15, 15, 20, 15, 18, 6, 4, 4, 6, 6, 9, 6, 4, 6, 13, 4, 15, 13, 15, 14, 12, 12, 4, 11, 13, 4, 6, 13, 13, 11, 6, 6, 7, 8, 7, 13, 8, 7, 13, 8, 13, 7, 8, 7, 11, 8, 8, 12, 6, 4, 13, 13, 7, 11, 8, 7, 7, 8, 7, 8, 7]
bestever    1823    in generation 4270
[2, 2, 16, 19, 19, 18, 18, 18, 3, 3, 3, 3, 1, 2, 3, 3, 2, 12, 20, 16, 3, 2, 1, 18, 5, 12, 18, 18, 18, 3, 16, 20, 19, 20, 19, 18, 3, 1, 19, 1, 1, 2, 19, 1, 18, 19, 5, 15, 14, 2, 5, 17, 20, 13, 17, 17, 1, 5, 17, 17, 10, 17, 19, 17, 20, 20, 2, 1, 17, 16, 5, 14, 14, 19, 1, 5, 5, 16, 5, 5, 10, 14, 14, 16, 5, 19, 10, 9, 16, 6, 14, 10, 16, 10, 3, 14, 9, 16, 10, 20, 2, 14, 1, 10, 9, 9, 4, 16, 20, 11, 17, 10, 4, 6, 17, 9, 20, 9, 9, 11, 12, 8, 4, 11, 2, 12, 11, 12, 14, 11, 10, 12, 11, 12, 15, 9, 9, 15, 12, 15, 15, 15, 20, 15, 18, 6, 4, 4, 10, 6, 9, 6, 4, 6, 13, 4, 15, 13, 15, 14, 12, 7, 8, 7, 8, 7, 8, 15, 4, 11, 13, 4, 6, 13, 11, 6, 6, 7, 8, 13, 13, 13, 8, 11, 8, 12, 6, 4, 11, 13, 7, 7, 8, 13, 7, 8, 7, 7, 8, 7]
bestever    1808    in generation 4413
[3, 2, 3, 2, 16, 18, 18, 18, 19, 19, 3, 3, 1, 2, 3, 3, 2, 12, 20, 16, 3, 2, 1, 18, 5, 12, 18, 18, 18, 3, 16, 20, 19, 20, 19, 18, 3, 1, 19, 1, 1, 2, 19, 1, 18, 19, 5, 15, 14, 2, 5, 17, 20, 13, 17, 17, 1, 5, 17, 17, 10, 17, 19, 17, 20, 20, 2, 1, 17, 16, 5, 14, 14, 19, 1, 5, 5, 16, 5, 5, 10, 14, 14, 16, 5, 19, 10, 9, 16, 6, 14, 10, 16, 10, 3, 14, 9, 16, 10, 20, 2, 14, 1, 10, 9, 9, 4, 16, 20, 11, 17, 4, 6, 17, 9, 20, 9, 11, 12, 8, 4, 11, 2, 12, 11, 12, 14, 11, 10, 10, 9, 12, 11, 12, 15, 9, 9, 15, 12, 15, 15, 15, 20, 15, 18, 6, 4, 4, 10, 6, 9, 6, 4, 6, 13, 4, 15, 13, 15, 14, 12, 7, 8, 7, 8, 7, 8, 15, 4, 11, 13, 4, 6, 13, 11, 6, 6, 7, 8, 13, 13, 13, 8, 11, 8, 12, 6, 4, 11, 13, 7, 7, 8, 13, 7, 8, 7, 7, 8, 7]
bestever    1788    in generation 4511
[3, 2, 3, 2, 16, 18, 18, 18, 19, 19, 3, 3, 1, 2, 3, 3, 2, 12, 20, 16, 3, 2, 1, 18, 5, 12, 18, 18, 18, 3, 16, 20, 19, 20, 19, 18, 3, 1, 19, 1, 1, 2, 19, 1, 18, 19, 5, 15, 14, 2, 5, 17, 5, 13, 17, 17, 1, 5, 17, 17, 10, 17, 19, 17, 20, 20, 2, 1, 17, 16, 5, 14, 14, 19, 1, 20, 5, 16, 5, 5, 10, 14, 14, 16, 5, 19, 10, 9, 16, 6, 14, 10, 16, 10, 3, 14, 9, 16, 10, 20, 2, 14, 1, 10, 9, 9, 4, 16, 20, 11, 17, 4, 6, 17, 9, 20, 9, 11, 12, 8, 4, 11, 2, 12, 11, 12, 14, 11, 10, 10, 9, 12, 11, 12, 15, 9, 9, 15, 12, 15, 15, 15, 20, 15, 18, 6, 4, 4, 10, 6, 9, 6, 4, 6, 13, 4, 15, 13, 15, 14, 12, 7, 8, 7, 8, 7, 8, 15, 4, 11, 13, 4, 6, 13, 11, 6, 6, 7, 8, 13, 13, 13, 8, 11, 8, 12, 6, 4, 11, 13, 7, 7, 8, 13, 7, 8, 7, 7, 8, 7]
bestever    1786    in generation 4689
[3, 2, 3, 2, 16, 18, 18, 19, 19, 3, 1, 2, 3, 3, 2, 12, 20, 16, 3, 2, 1, 18, 5, 12, 18, 18, 18, 3, 18, 3, 16, 20, 19, 20, 19, 18, 3, 1, 19, 1, 1, 2, 19, 1, 18, 19, 5, 15, 14, 2, 5, 17, 5, 13, 17, 17, 1, 5, 17, 17, 10, 17, 19, 17, 20, 20, 2, 1, 17, 16, 5, 14, 14, 19, 1, 20, 5, 16, 5, 5, 10, 14, 14, 16, 5, 19, 10, 9, 16, 6, 14, 10, 16, 10, 3, 14, 9, 16, 10, 20, 2, 14, 1, 10, 9, 9, 4, 16, 20, 11, 17, 4, 6, 17, 9, 20, 9, 11, 12, 8, 4, 11, 2, 12, 11, 12, 14, 11, 10, 10, 9, 12, 11, 12, 15, 9, 9, 15, 12, 15, 15, 15, 20, 15, 18, 6, 4, 4, 10, 6, 9, 6, 4, 6, 13, 4, 15, 13, 15, 14, 12, 7, 4, 8, 7, 8, 7, 8, 15, 11, 13, 4, 6, 13, 11, 6, 6, 7, 8, 13, 13, 13, 8, 11, 8, 12, 6, 4, 11, 13, 7, 7, 8, 13, 7, 8, 7, 7, 8, 7]
bestever    1777    in generation 4704
[3, 2, 3, 2, 16, 18, 18, 19, 19, 3, 1, 2, 3, 3, 2, 12, 20, 16, 3, 2, 1, 18, 5, 17, 18, 18, 18, 3, 18, 3, 16, 20, 19, 20, 19, 18, 3, 1, 19, 1, 1, 2, 19, 1, 18, 19, 5, 15, 14, 2, 5, 17, 5, 13, 17, 17, 1, 5, 17, 12, 10, 17, 19, 17, 20, 20, 2, 1, 17, 16, 5, 14, 14, 19, 1, 20, 5, 16, 5, 5, 10, 14, 14, 16, 5, 19, 10, 9, 16, 6, 14, 10, 16, 10, 3, 14, 9, 16, 10, 20, 2, 14, 1, 10, 9, 9, 4, 16, 20, 11, 17, 4, 6, 17, 9, 20, 9, 11, 12, 8, 4, 11, 2, 12, 11, 12, 14, 11, 10, 10, 9, 12, 11, 12, 15, 9, 9, 15, 12, 15, 15, 15, 20, 15, 18, 6, 4, 4, 10, 6, 9, 6, 4, 6, 13, 4, 15, 13, 15, 14, 12, 7, 4, 8, 7, 8, 7, 8, 15, 11, 13, 4, 6, 13, 11, 6, 6, 7, 8, 13, 13, 13, 8, 11, 8, 12, 6, 4, 11, 13, 7, 7, 8, 13, 7, 8, 7, 7, 8, 7]
bestever    1775    in generation 5591
[3, 2, 3, 2, 16, 18, 18, 19, 19, 3, 1, 2, 3, 2, 12, 20, 16, 3, 2, 1, 18, 5, 17, 18, 18, 18, 3, 18, 3, 16, 19, 20, 19, 18, 3, 1, 19, 15, 1, 1, 2, 19, 1, 20, 18, 19, 5, 14, 5, 17, 5, 13, 17, 17, 1, 5, 17, 12, 10, 17, 19, 17, 20, 2, 1, 17, 16, 5, 14, 14, 5, 19, 1, 10, 5, 16, 5, 1, 14, 16, 5, 19, 7, 10, 9, 14, 10, 3, 9, 16, 3, 14, 2, 10, 20, 16, 14, 10, 2, 10, 20, 16, 14, 10, 9, 9, 4, 13, 20, 11, 17, 6, 17, 9, 20, 9, 11, 12, 11, 2, 12, 11, 12, 14, 11, 10, 9, 12, 11, 12, 15, 9, 15, 12, 15, 15, 15, 20, 15, 18, 4, 10, 4, 6, 4, 9, 4, 20, 6, 9, 6, 4, 6, 6, 13, 4, 15, 13, 15, 14, 4, 15, 4, 6, 6, 6, 8, 13, 13, 8, 11, 11, 12, 13, 8, 7, 7, 8, 11, 8, 12, 6, 4, 13, 11, 13, 7, 7, 8, 16, 8, 7, 8, 13, 7, 7, 8, 7, 8, 7]
bestever    1771    in generation 5838
[3, 2, 3, 2, 16, 18, 18, 19, 19, 3, 1, 2, 3, 2, 12, 20, 16, 3, 2, 1, 18, 5, 17, 18, 18, 18, 3, 18, 3, 16, 19, 20, 2, 18, 3, 1, 19, 15, 1, 1, 2, 19, 1, 20, 18, 19, 5, 14, 5, 17, 5, 13, 17, 17, 1, 5, 17, 12, 10, 17, 19, 17, 20, 19, 1, 17, 16, 5, 14, 14, 5, 19, 1, 10, 5, 16, 5, 1, 14, 16, 5, 19, 10, 9, 14, 10, 3, 9, 16, 3, 14, 2, 10, 20, 16, 14, 10, 2, 10, 20, 16, 14, 10, 9, 9, 4, 13, 20, 11, 17, 6, 17, 9, 20, 9, 11, 12, 11, 2, 12, 11, 12, 14, 11, 10, 9, 12, 11, 12, 15, 9, 15, 12, 15, 15, 15, 20, 15, 18, 4, 10, 4, 6, 4, 9, 4, 20, 6, 9, 6, 4, 6, 6, 13, 4, 15, 13, 15, 14, 4, 15, 6, 6, 8, 13, 13, 8, 11, 12, 8, 7, 13, 8, 7, 7, 8, 11, 6, 4, 8, 12, 6, 4, 13, 11, 13, 7, 7, 11, 16, 8, 7, 8, 13, 7, 7, 8, 7, 8, 7]
bestever    1762    in generation 7466
[3, 2, 3, 2, 16, 18, 18, 3, 19, 19, 1, 2, 3, 2, 3, 20, 16, 3, 2, 1, 18, 5, 18, 17, 18, 18, 3, 18, 12, 16, 19, 20, 2, 18, 3, 1, 19, 15, 1, 1, 2, 19, 1, 20, 18, 19, 5, 14, 5, 17, 5, 13, 17, 17, 1, 5, 17, 12, 10, 7, 17, 19, 17, 20, 19, 20, 1, 17, 16, 5, 14, 14, 14, 19, 1, 5, 10, 16, 5, 1, 14, 16, 5, 19, 5, 10, 3, 16, 3, 14, 2, 10, 14, 10, 10, 16, 10, 16, 14, 9, 10, 9, 9, 4, 11, 2, 11, 17, 6, 9, 20, 9, 17, 20, 9, 20, 12, 11, 2, 12, 4, 12, 14, 11, 10, 9, 12, 11, 12, 15, 9, 12, 15, 15, 15, 20, 15, 18, 10, 4, 6, 4, 9, 4, 20, 6, 11, 15, 11, 8, 13, 12, 9, 6, 4, 6, 6, 13, 4, 15, 13, 15, 14, 4, 15, 13, 6, 6, 13, 6, 4, 12, 6, 11, 13, 4, 13, 11, 13, 11, 16, 13, 7, 8, 8, 8, 8, 8, 8, 7, 7, 7, 8, 7, 8, 7, 7, 7, 8, 7]
bestever    1757    in generation 7648
[3, 2, 3, 2, 3, 16, 18, 18, 19, 19, 1, 2, 3, 2, 3, 20, 16, 3, 2, 1, 18, 5, 18, 17, 18, 18, 3, 18, 19, 16, 19, 20, 2, 18, 3, 1, 19, 15, 1, 1, 2, 19, 1, 20, 18, 19, 5, 14, 5, 17, 5, 13, 17, 14, 1, 5, 17, 12, 10, 17, 19, 17, 20, 12, 20, 10, 1, 17, 16, 5, 14, 14, 17, 19, 1, 5, 16, 5, 1, 14, 16, 5, 19, 5, 10, 3, 16, 3, 14, 2, 10, 14, 10, 10, 16, 10, 16, 14, 9, 10, 9, 9, 4, 11, 2, 11, 17, 6, 9, 20, 9, 17, 20, 9, 20, 12, 11, 2, 12, 4, 12, 14, 11, 10, 9, 12, 11, 12, 15, 9, 12, 15, 15, 20, 15, 18, 10, 6, 4, 9, 4, 20, 6, 11, 15, 11, 8, 13, 12, 9, 6, 4, 4, 15, 6, 6, 13, 4, 15, 13, 15, 14, 4, 15, 13, 6, 6, 13, 6, 11, 7, 12, 6, 13, 4, 13, 11, 13, 11, 16, 13, 7, 7, 8, 8, 8, 8, 8, 8, 7, 7, 7, 8, 7, 8, 7, 4, 7, 8, 7]
bestever    1730    in generation 7869
[2, 3, 2, 3, 16, 16, 3, 18, 18, 19, 19, 1, 2, 3, 2, 20, 16, 3, 2, 1, 18, 5, 18, 17, 18, 3, 18, 19, 16, 18, 3, 19, 20, 2, 18, 3, 1, 19, 15, 1, 5, 2, 19, 1, 20, 18, 19, 5, 14, 1, 17, 5, 13, 17, 14, 1, 5, 17, 12, 10, 17, 19, 17, 20, 12, 20, 10, 1, 17, 16, 5, 14, 14, 17, 19, 1, 5, 16, 5, 1, 14, 5, 19, 5, 10, 3, 16, 3, 14, 2, 10, 14, 10, 10, 16, 10, 16, 14, 9, 10, 9, 9, 4, 11, 2, 17, 6, 9, 20, 9, 17, 20, 9, 20, 12, 12, 11, 2, 12, 4, 12, 14, 11, 10, 9, 11, 12, 9, 12, 15, 15, 20, 15, 18, 10, 6, 4, 9, 4, 20, 6, 11, 15, 11, 15, 11, 8, 13, 12, 9, 6, 4, 15, 13, 4, 15, 15, 4, 6, 6, 14, 4, 15, 6, 6, 13, 6, 13, 13, 11, 7, 12, 6, 13, 4, 13, 11, 13, 11, 16, 13, 7, 7, 8, 8, 8, 8, 8, 8, 7, 7, 7, 8, 7, 8, 7, 4, 7, 8, 7]
