bestever    3336    in generation 0
[20, 3, 11, 2, 9, 16, 17, 13, 9, 2, 4, 19, 19, 6, 17, 13, 15, 16, 2, 4, 16, 14, 4, 20, 20, 1, 20, 4, 19, 12, 13, 19, 2, 4, 20, 14, 15, 3, 17, 6, 17, 7, 7, 13, 2, 12, 16, 6, 11, 4, 3, 16, 11, 1, 15, 9, 15, 3, 1, 18, 17, 7, 19, 18, 13, 8, 10, 7, 6, 15, 9, 13, 10, 5, 5, 18, 2, 8, 5, 8, 7, 12, 8, 7, 7, 10, 8, 16, 3, 1, 11, 13, 6, 3, 17, 10, 11, 9, 18, 10, 7, 5, 11, 11, 2, 11, 10, 2, 1, 3, 13, 17, 5, 4, 14, 4, 19, 5, 17, 12, 3, 14, 17, 15, 20, 18, 15, 1, 6, 11, 6, 8, 12, 2, 9, 14, 1, 6, 19, 12, 19, 3, 8, 18, 19, 16, 13, 20, 8, 5, 13, 1, 9, 5, 4, 1, 3, 5, 16, 16, 14, 12, 12, 10, 5, 4, 10, 7, 12, 8, 10, 20, 14, 18, 9, 2, 20, 1, 15, 9, 11, 10, 18, 12, 8, 15, 20, 18, 14, 17, 6, 6, 18, 9, 7, 14, 19, 14, 15, 16]
bestever    3171    in generation 1
[1, 3, 11, 17, 3, 14, 12, 14, 13, 19, 14, 2, 4, 12, 16, 15, 10, 7, 7, 14, 1, 14, 16, 4, 7, 15, 9, 4, 20, 4, 12, 18, 14, 10, 16, 3, 8, 2, 15, 18, 4, 5, 11, 6, 3, 1, 13, 1, 15, 2, 15, 20, 12, 1, 11, 9, 12, 2, 5, 6, 2, 18, 3, 18, 16, 12, 13, 1, 20, 19, 20, 13, 17, 8, 1, 15, 4, 18, 11, 3, 5, 9, 4, 11, 1, 6, 1, 4, 16, 6, 8, 11, 20, 19, 9, 19, 8, 9, 19, 5, 17, 15, 18, 5, 14, 15, 18, 8, 10, 19, 13, 9, 3, 3, 12, 4, 7, 8, 20, 17, 7, 11, 6, 20, 18, 17, 19, 9, 20, 6, 2, 6, 17, 20, 18, 19, 5, 14, 12, 19, 3, 2, 2, 19, 10, 2, 5, 1, 4, 16, 7, 16, 7, 11, 10, 9, 9, 10, 16, 7, 5, 11, 8, 6, 10, 6, 5, 8, 17, 7, 17, 10, 14, 5, 17, 16, 13, 8, 12, 13, 6, 20, 7, 12, 13, 9, 13, 10, 11, 10, 3, 17, 15, 16, 2, 8, 13, 14, 18, 15]
bestever    3137    in generation 2
[20, 12, 16, 12, 13, 20, 13, 1, 4, 11, 1, 1, 4, 16, 11, 9, 5, 15, 5, 14, 15, 10, 13, 9, 3, 3, 12, 4, 7, 8, 7, 11, 9, 6, 20, 5, 14, 12, 3, 2, 17, 8, 1, 15, 18, 11, 3, 5, 9, 11, 1, 6, 1, 4, 16, 6, 8, 11, 20, 19, 9, 19, 8, 9, 19, 5, 17, 15, 18, 5, 14, 15, 18, 8, 10, 19, 13, 9, 3, 3, 8, 11, 1, 19, 6, 8, 4, 13, 6, 19, 15, 10, 6, 17, 20, 17, 18, 5, 18, 8, 17, 4, 7, 17, 10, 14, 4, 5, 18, 2, 17, 2, 16, 13, 12, 4, 7, 8, 20, 17, 7, 11, 6, 18, 17, 19, 9, 20, 6, 2, 6, 17, 20, 18, 19, 5, 14, 12, 19, 3, 2, 2, 19, 10, 10, 2, 5, 20, 13, 16, 11, 8, 13, 15, 7, 14, 3, 13, 6, 16, 10, 12, 1, 7, 11, 15, 9, 9, 16, 2, 18, 10, 3, 12, 1, 4, 3, 12, 14, 2, 4, 12, 16, 15, 10, 7, 7, 14, 1, 14, 16, 7, 15, 20, 18, 14, 10, 16, 2, 13]
bestever    3014    in generation 3
[9, 10, 3, 9, 3, 14, 12, 14, 13, 19, 14, 2, 4, 12, 16, 15, 10, 7, 7, 14, 1, 14, 16, 4, 7, 15, 9, 4, 20, 4, 12, 18, 14, 10, 16, 3, 8, 2, 15, 18, 4, 5, 11, 6, 3, 1, 13, 1, 15, 2, 15, 20, 12, 1, 11, 9, 12, 2, 5, 6, 2, 18, 3, 18, 16, 12, 13, 1, 20, 19, 20, 13, 17, 8, 1, 15, 4, 18, 11, 3, 5, 9, 4, 11, 1, 6, 1, 4, 16, 6, 8, 11, 20, 19, 9, 19, 8, 9, 19, 5, 17, 15, 18, 5, 14, 15, 18, 8, 10, 19, 13, 9, 3, 3, 12, 4, 7, 8, 20, 17, 7, 11, 6, 20, 18, 17, 19, 9, 20, 6, 2, 6, 17, 20, 18, 19, 5, 14, 12, 19, 3, 2, 2, 19, 10, 2, 5, 7, 20, 17, 13, 16, 11, 8, 8, 10, 5, 5, 10, 7, 7, 5, 10, 13, 8, 10, 17, 15, 7, 14, 3, 13, 17, 17, 6, 16, 10, 16, 11, 1, 4, 17, 6, 18, 12, 2, 11, 8, 14, 13, 6, 16, 12, 16, 13, 1, 7, 11, 15, 9]
bestever    2957    in generation 5
[9, 10, 3, 9, 3, 14, 12, 14, 13, 19, 14, 2, 4, 12, 16, 15, 10, 7, 7, 14, 1, 14, 16, 4, 7, 15, 9, 4, 20, 4, 12, 18, 14, 10, 16, 3, 8, 2, 15, 18, 4, 5, 11, 6, 3, 1, 13, 1, 15, 2, 15, 20, 12, 1, 11, 9, 12, 2, 5, 6, 2, 18, 3, 18, 16, 12, 13, 1, 20, 19, 20, 13, 17, 8, 1, 15, 4, 18, 11, 3, 5, 9, 4, 11, 1, 6, 1, 4, 16, 6, 8, 11, 20, 19, 9, 19, 8, 19, 5, 17, 15, 18, 5, 14, 18, 8, 10, 19, 13, 3, 3, 12, 4, 7, 8, 20, 17, 7, 11, 6, 20, 18, 17, 19, 20, 6, 2, 6, 17, 20, 18, 19, 5, 14, 12, 19, 2, 2, 19, 10, 2, 5, 7, 20, 17, 13, 16, 11, 8, 8, 10, 5, 5, 7, 17, 1, 4, 11, 14, 12, 7, 5, 10, 13, 8, 10, 17, 15, 7, 14, 3, 13, 17, 17, 6, 16, 10, 16, 6, 12, 8, 16, 13, 1, 13, 7, 11, 15, 9, 9, 16, 2, 18, 10, 3, 6, 9, 11, 15, 9]
bestever    2946    in generation 6
[9, 10, 3, 9, 3, 14, 12, 14, 13, 19, 14, 2, 4, 12, 16, 15, 10, 7, 7, 14, 1, 14, 16, 4, 7, 15, 9, 4, 20, 4, 12, 18, 14, 10, 16, 3, 8, 2, 15, 18, 4, 5, 11, 6, 3, 1, 13, 1, 15, 2, 15, 20, 12, 1, 11, 9, 12, 2, 5, 6, 2, 18, 3, 18, 16, 12, 13, 1, 20, 19, 20, 13, 17, 8, 1, 15, 4, 18, 11, 3, 5, 9, 4, 11, 1, 6, 1, 4, 6, 8, 11, 20, 19, 9, 19, 8, 9, 19, 5, 17, 15, 18, 5, 14, 15, 18, 8, 10, 19, 13, 9, 3, 3, 4, 7, 8, 20, 17, 7, 11, 6, 20, 18, 17, 19, 9, 20, 2, 17, 20, 18, 19, 5, 12, 19, 2, 2, 19, 10, 2, 5, 7, 20, 17, 11, 8, 8, 10, 5, 5, 10, 7, 5, 10, 13, 17, 15, 7, 14, 3, 13, 17, 6, 10, 16, 11, 1, 4, 7, 14, 3, 13, 17, 17, 6, 16, 10, 16, 6, 12, 8, 16, 6, 18, 12, 2, 11, 8, 14, 13, 6, 16, 12, 16, 13, 1, 7, 11, 15, 9]
bestever    2879    in generation 12
[9, 10, 3, 9, 3, 14, 12, 14, 13, 19, 14, 2, 4, 12, 16, 15, 10, 7, 7, 14, 1, 14, 16, 4, 7, 15, 9, 4, 20, 4, 12, 18, 14, 10, 3, 8, 2, 15, 18, 4, 5, 11, 6, 3, 1, 13, 1, 15, 2, 15, 20, 12, 1, 11, 9, 12, 2, 5, 6, 2, 18, 3, 18, 12, 13, 1, 20, 19, 20, 13, 17, 8, 1, 15, 4, 18, 11, 3, 5, 9, 4, 11, 1, 6, 4, 6, 8, 11, 20, 19, 9, 19, 8, 9, 19, 5, 17, 15, 18, 5, 14, 15, 18, 8, 10, 19, 13, 9, 3, 3, 4, 7, 8, 20, 17, 7, 11, 6, 20, 18, 17, 19, 9, 20, 2, 17, 20, 18, 19, 5, 19, 2, 2, 19, 10, 2, 5, 7, 20, 17, 8, 8, 10, 5, 5, 10, 7, 5, 10, 17, 15, 1, 7, 16, 16, 12, 11, 13, 14, 3, 13, 17, 6, 10, 16, 11, 1, 4, 7, 14, 3, 13, 17, 17, 6, 16, 10, 16, 6, 12, 8, 16, 6, 18, 12, 2, 11, 8, 14, 13, 6, 16, 12, 16, 13, 1, 7, 11, 15, 9]
bestever    2864    in generation 15
[9, 10, 3, 9, 3, 14, 12, 14, 13, 19, 14, 2, 4, 12, 15, 10, 7, 7, 14, 1, 14, 4, 15, 9, 4, 20, 4, 12, 18, 14, 10, 3, 8, 2, 15, 18, 4, 5, 11, 6, 3, 1, 13, 1, 15, 2, 15, 20, 12, 1, 11, 9, 12, 2, 5, 6, 2, 18, 3, 18, 13, 1, 20, 19, 20, 17, 8, 1, 15, 4, 18, 11, 3, 5, 9, 4, 11, 6, 4, 6, 8, 11, 20, 19, 19, 8, 19, 5, 17, 15, 18, 5, 14, 18, 9, 9, 15, 1, 7, 16, 16, 12, 13, 8, 10, 19, 13, 9, 3, 3, 4, 7, 8, 20, 17, 7, 11, 6, 20, 18, 17, 19, 9, 20, 2, 17, 20, 18, 19, 5, 19, 2, 2, 19, 10, 2, 5, 7, 20, 17, 8, 8, 10, 5, 5, 10, 7, 5, 10, 17, 15, 1, 7, 16, 16, 12, 11, 13, 14, 3, 13, 17, 6, 10, 16, 11, 1, 4, 7, 14, 3, 13, 17, 17, 6, 16, 10, 16, 6, 12, 8, 16, 6, 18, 12, 2, 11, 8, 14, 13, 6, 16, 12, 16, 13, 1, 7, 11, 15, 9]
bestever    2817    in generation 16
[9, 10, 3, 9, 3, 14, 12, 14, 13, 19, 14, 2, 4, 12, 16, 15, 10, 7, 7, 14, 1, 14, 16, 4, 7, 15, 9, 4, 20, 4, 12, 18, 14, 10, 3, 8, 2, 15, 18, 4, 5, 11, 6, 3, 1, 13, 1, 15, 2, 15, 20, 12, 1, 11, 9, 12, 2, 5, 6, 2, 18, 3, 18, 12, 13, 1, 20, 19, 20, 13, 17, 8, 1, 15, 4, 18, 11, 3, 5, 9, 4, 11, 1, 6, 4, 6, 8, 11, 20, 19, 9, 19, 8, 9, 19, 5, 17, 15, 18, 5, 14, 15, 1, 8, 10, 19, 13, 9, 3, 3, 4, 7, 8, 20, 17, 7, 11, 6, 20, 18, 17, 19, 9, 20, 2, 17, 20, 18, 19, 5, 19, 2, 2, 19, 10, 2, 5, 7, 20, 17, 8, 8, 10, 5, 5, 10, 7, 5, 10, 17, 15, 1, 7, 16, 16, 12, 11, 13, 14, 3, 13, 17, 6, 10, 16, 11, 1, 4, 7, 14, 3, 13, 17, 17, 6, 16, 10, 16, 6, 12, 8, 16, 6, 18, 12, 2, 11, 8, 14, 13, 6, 16, 12, 16, 13, 18, 7, 11, 15, 9]
bestever    2784    in generation 19
[9, 3, 9, 3, 14, 12, 14, 13, 19, 14, 2, 4, 12, 16, 15, 14, 1, 14, 16, 4, 18, 15, 9, 4, 20, 4, 12, 18, 14, 10, 3, 8, 2, 15, 18, 4, 5, 11, 6, 3, 1, 13, 1, 15, 2, 15, 20, 12, 1, 11, 9, 12, 2, 5, 6, 2, 18, 3, 18, 12, 13, 1, 20, 19, 20, 13, 17, 8, 1, 15, 4, 18, 11, 3, 5, 9, 4, 11, 1, 6, 4, 6, 8, 11, 20, 19, 9, 19, 8, 9, 19, 5, 15, 18, 14, 15, 18, 10, 19, 13, 9, 3, 3, 4, 7, 20, 17, 7, 11, 6, 20, 18, 17, 19, 9, 20, 17, 20, 7, 10, 2, 7, 17, 8, 8, 10, 5, 7, 19, 5, 19, 2, 2, 19, 10, 2, 5, 7, 20, 17, 8, 8, 10, 5, 5, 10, 7, 5, 10, 17, 15, 1, 7, 16, 16, 12, 11, 13, 14, 3, 13, 17, 6, 10, 16, 11, 1, 4, 7, 14, 3, 13, 17, 17, 6, 16, 10, 16, 6, 12, 8, 16, 6, 18, 12, 2, 11, 8, 14, 13, 6, 16, 12, 16, 13, 1, 7, 11, 15, 9]
bestever    2775    in generation 24
[3, 9, 3, 12, 14, 13, 19, 14, 2, 4, 12, 16, 15, 14, 1, 14, 16, 4, 18, 15, 9, 4, 20, 4, 12, 18, 14, 10, 3, 8, 2, 15, 18, 4, 5, 11, 6, 3, 1, 13, 1, 15, 2, 15, 20, 12, 1, 11, 9, 12, 2, 5, 6, 2, 18, 3, 18, 12, 13, 1, 20, 19, 20, 13, 17, 8, 1, 15, 4, 18, 11, 3, 5, 9, 4, 11, 1, 6, 4, 6, 8, 11, 20, 19, 9, 19, 8, 9, 19, 5, 15, 18, 14, 15, 18, 10, 19, 13, 9, 3, 3, 4, 7, 20, 17, 7, 11, 6, 20, 18, 17, 19, 9, 20, 17, 20, 7, 10, 2, 7, 17, 8, 8, 10, 5, 7, 19, 5, 19, 2, 2, 19, 10, 2, 5, 7, 20, 14, 10, 17, 8, 8, 10, 5, 5, 10, 7, 5, 10, 17, 15, 1, 7, 16, 16, 12, 11, 13, 14, 3, 13, 17, 6, 10, 16, 11, 1, 4, 7, 14, 3, 13, 17, 17, 6, 16, 16, 6, 12, 8, 16, 6, 18, 12, 2, 11, 8, 14, 13, 6, 16, 12, 16, 13, 1, 7, 11, 15, 9, 9]
bestever    2733    in generation 30
[9, 3, 9, 3, 14, 12, 14, 13, 19, 14, 2, 4, 12, 16, 15, 14, 1, 14, 16, 4, 18, 15, 9, 4, 20, 4, 12, 18, 14, 10, 3, 8, 2, 15, 18, 4, 5, 11, 6, 3, 1, 13, 1, 15, 2, 20, 12, 1, 11, 9, 12, 2, 5, 6, 2, 18, 3, 18, 12, 13, 1, 20, 19, 20, 13, 8, 1, 15, 4, 18, 11, 3, 9, 4, 11, 1, 6, 4, 6, 11, 20, 19, 9, 19, 9, 19, 15, 18, 14, 15, 18, 10, 19, 13, 9, 3, 3, 4, 7, 20, 7, 11, 6, 20, 18, 17, 19, 9, 20, 17, 20, 7, 10, 2, 7, 17, 8, 8, 10, 7, 19, 17, 8, 8, 5, 5, 5, 17, 15, 5, 19, 2, 2, 19, 10, 2, 5, 7, 20, 17, 8, 8, 10, 5, 5, 10, 7, 5, 10, 17, 15, 1, 7, 16, 16, 12, 11, 13, 14, 3, 13, 17, 6, 10, 16, 11, 1, 4, 7, 14, 3, 13, 17, 17, 6, 16, 10, 16, 6, 12, 8, 16, 6, 18, 12, 2, 11, 8, 14, 13, 6, 16, 12, 16, 13, 1, 7, 11, 15, 9]
bestever    2683    in generation 33
[9, 3, 9, 3, 14, 12, 14, 13, 2, 14, 2, 4, 12, 16, 15, 14, 1, 14, 16, 4, 18, 15, 9, 4, 20, 4, 12, 18, 14, 10, 3, 8, 2, 15, 18, 4, 5, 11, 6, 3, 1, 13, 1, 15, 19, 20, 12, 1, 11, 9, 12, 2, 5, 6, 2, 18, 3, 18, 12, 13, 1, 20, 19, 20, 13, 8, 1, 15, 4, 18, 11, 3, 9, 4, 11, 1, 6, 4, 6, 11, 20, 19, 9, 19, 9, 19, 15, 18, 14, 15, 18, 10, 19, 13, 9, 3, 3, 4, 7, 20, 7, 11, 6, 20, 18, 17, 19, 9, 20, 17, 20, 7, 10, 2, 7, 17, 8, 8, 10, 7, 19, 17, 8, 8, 5, 5, 5, 17, 15, 5, 19, 2, 2, 19, 10, 2, 5, 7, 20, 17, 8, 8, 10, 5, 5, 10, 7, 5, 10, 17, 15, 1, 7, 16, 16, 12, 11, 13, 14, 3, 13, 17, 6, 10, 16, 11, 1, 4, 7, 14, 3, 13, 17, 17, 6, 16, 10, 16, 6, 12, 8, 16, 6, 18, 12, 2, 11, 8, 14, 13, 6, 16, 12, 16, 13, 1, 7, 11, 15, 9]
bestever    2646    in generation 38
[9, 3, 9, 3, 14, 12, 14, 13, 2, 14, 2, 4, 12, 16, 15, 14, 1, 14, 16, 4, 18, 15, 9, 4, 20, 4, 12, 18, 14, 10, 3, 8, 2, 15, 18, 4, 5, 11, 6, 3, 1, 13, 1, 15, 19, 20, 12, 1, 11, 9, 12, 2, 5, 6, 2, 18, 3, 18, 12, 13, 1, 20, 19, 20, 13, 8, 1, 15, 4, 18, 11, 3, 9, 4, 11, 1, 6, 4, 6, 11, 20, 19, 9, 19, 9, 19, 15, 18, 14, 15, 18, 10, 19, 13, 9, 3, 3, 4, 7, 20, 7, 11, 6, 20, 18, 17, 14, 9, 20, 17, 20, 7, 10, 2, 7, 17, 8, 8, 10, 7, 19, 17, 8, 8, 5, 5, 5, 17, 15, 5, 19, 2, 2, 19, 10, 2, 5, 7, 20, 17, 8, 8, 10, 5, 5, 10, 7, 5, 10, 17, 15, 1, 7, 16, 16, 12, 11, 13, 14, 3, 13, 17, 6, 10, 16, 11, 1, 4, 7, 19, 3, 13, 17, 17, 6, 16, 10, 16, 6, 12, 8, 16, 6, 18, 12, 2, 11, 8, 14, 13, 6, 16, 12, 16, 13, 1, 7, 11, 15, 9]
bestever    2628    in generation 53
[9, 3, 9, 3, 14, 12, 14, 13, 2, 14, 2, 4, 12, 16, 15, 14, 1, 14, 16, 4, 18, 15, 9, 4, 20, 4, 12, 13, 14, 10, 3, 8, 2, 15, 18, 4, 5, 11, 6, 3, 1, 13, 1, 15, 19, 20, 12, 1, 11, 9, 12, 2, 5, 6, 2, 18, 3, 18, 12, 13, 1, 20, 19, 20, 18, 8, 1, 15, 4, 18, 11, 3, 9, 4, 11, 1, 6, 4, 6, 11, 20, 19, 9, 19, 9, 19, 15, 18, 14, 15, 18, 10, 19, 13, 9, 3, 3, 4, 7, 20, 7, 11, 6, 20, 18, 17, 14, 9, 20, 17, 20, 7, 10, 2, 7, 17, 8, 8, 10, 7, 19, 17, 8, 8, 5, 5, 5, 17, 15, 5, 19, 2, 2, 19, 10, 2, 5, 7, 20, 17, 8, 8, 10, 5, 5, 10, 7, 5, 10, 17, 15, 1, 7, 16, 16, 12, 11, 13, 14, 3, 13, 17, 6, 10, 16, 11, 1, 4, 7, 19, 3, 13, 17, 17, 6, 16, 10, 16, 6, 12, 8, 16, 6, 18, 12, 2, 11, 8, 14, 13, 6, 16, 12, 16, 13, 1, 7, 11, 15, 9]
bestever    2621    in generation 54
[9, 3, 9, 3, 14, 12, 14, 13, 2, 14, 2, 4, 12, 16, 15, 14, 1, 14, 16, 4, 18, 15, 9, 4, 20, 4, 12, 18, 14, 10, 3, 8, 2, 15, 18, 4, 5, 11, 6, 3, 1, 13, 1, 15, 19, 20, 12, 1, 11, 9, 12, 2, 5, 6, 2, 18, 3, 18, 12, 13, 1, 20, 19, 20, 13, 8, 1, 15, 4, 18, 11, 3, 9, 4, 11, 1, 6, 4, 6, 11, 20, 19, 9, 19, 9, 19, 15, 18, 14, 15, 18, 10, 19, 13, 9, 3, 3, 4, 7, 20, 7, 11, 6, 20, 18, 17, 14, 9, 20, 17, 20, 7, 10, 2, 7, 17, 8, 8, 10, 7, 19, 17, 8, 8, 5, 5, 5, 17, 15, 5, 19, 2, 2, 19, 10, 2, 5, 7, 20, 17, 8, 8, 10, 5, 5, 10, 7, 5, 10, 17, 15, 1, 7, 16, 16, 12, 11, 13, 14, 3, 13, 17, 6, 10, 16, 11, 1, 4, 7, 19, 3, 13, 15, 17, 6, 16, 10, 16, 6, 12, 8, 16, 6, 18, 12, 2, 11, 8, 14, 13, 6, 16, 12, 16, 13, 1, 7, 11, 17, 9]
bestever    2615    in generation 66
[9, 3, 9, 3, 14, 12, 14, 13, 2, 14, 2, 4, 12, 16, 15, 14, 1, 14, 16, 4, 18, 15, 9, 4, 20, 4, 12, 18, 14, 10, 3, 8, 2, 15, 18, 4, 5, 11, 6, 3, 1, 13, 1, 15, 19, 20, 12, 1, 11, 9, 12, 2, 5, 6, 2, 18, 3, 18, 12, 13, 1, 20, 19, 20, 13, 8, 1, 15, 4, 18, 11, 3, 9, 4, 11, 1, 6, 4, 6, 11, 20, 19, 9, 19, 9, 19, 18, 14, 15, 18, 19, 13, 9, 3, 3, 4, 7, 20, 7, 11, 6, 20, 18, 17, 14, 9, 20, 20, 7, 17, 8, 8, 17, 5, 5, 15, 19, 10, 2, 7, 17, 8, 8, 10, 10, 7, 5, 19, 2, 2, 19, 10, 2, 5, 7, 20, 17, 8, 8, 5, 5, 10, 7, 5, 5, 10, 17, 15, 10, 17, 15, 1, 7, 16, 16, 12, 11, 13, 14, 3, 13, 17, 6, 10, 16, 11, 1, 4, 7, 19, 3, 13, 15, 17, 6, 16, 10, 16, 6, 12, 8, 16, 6, 18, 12, 2, 11, 8, 14, 13, 6, 16, 12, 16, 13, 1, 7, 11, 17, 9]
bestever    2567    in generation 71
[3, 9, 3, 14, 12, 14, 13, 2, 14, 2, 4, 12, 15, 14, 1, 14, 4, 18, 15, 9, 4, 20, 4, 12, 18, 14, 10, 3, 2, 15, 18, 4, 5, 11, 6, 3, 1, 13, 1, 15, 19, 20, 1, 11, 9, 12, 2, 5, 6, 18, 3, 18, 12, 13, 1, 20, 19, 20, 1, 15, 4, 18, 11, 3, 9, 4, 11, 6, 4, 20, 19, 9, 19, 9, 19, 18, 14, 15, 18, 19, 9, 3, 3, 4, 7, 20, 7, 20, 18, 9, 20, 20, 2, 8, 8, 12, 11, 14, 13, 16, 11, 1, 7, 13, 17, 6, 16, 16, 6, 17, 8, 8, 17, 5, 5, 15, 19, 10, 2, 7, 17, 8, 8, 10, 10, 7, 5, 19, 2, 2, 19, 10, 2, 5, 7, 20, 17, 8, 8, 5, 5, 10, 7, 5, 5, 10, 17, 15, 10, 17, 15, 1, 7, 16, 16, 12, 11, 13, 14, 3, 13, 17, 6, 10, 16, 11, 1, 4, 7, 19, 3, 13, 15, 17, 6, 16, 10, 16, 6, 12, 8, 16, 6, 18, 12, 2, 11, 8, 14, 13, 6, 16, 12, 13, 1, 7, 11, 17, 9, 9]
bestever    2543    in generation 72
[9, 3, 9, 3, 14, 12, 14, 13, 2, 14, 2, 4, 12, 16, 15, 14, 1, 14, 16, 4, 18, 15, 9, 4, 20, 4, 12, 18, 14, 10, 3, 8, 2, 15, 18, 4, 5, 11, 6, 3, 1, 13, 1, 15, 19, 20, 12, 1, 11, 9, 12, 2, 5, 6, 2, 18, 3, 18, 12, 13, 1, 20, 19, 20, 13, 8, 1, 15, 4, 18, 11, 3, 9, 4, 11, 1, 6, 4, 6, 11, 20, 19, 9, 19, 9, 19, 18, 14, 15, 18, 19, 13, 9, 3, 3, 4, 7, 20, 7, 11, 6, 20, 18, 17, 14, 9, 20, 20, 7, 17, 8, 8, 17, 5, 5, 15, 19, 10, 2, 7, 17, 8, 8, 10, 10, 7, 5, 19, 2, 2, 19, 10, 2, 5, 7, 20, 17, 8, 8, 5, 5, 10, 7, 5, 5, 10, 17, 15, 10, 17, 15, 1, 7, 16, 16, 12, 11, 13, 14, 3, 13, 6, 10, 16, 17, 16, 1, 4, 7, 19, 3, 13, 15, 17, 6, 16, 10, 16, 6, 12, 8, 16, 6, 18, 12, 2, 11, 8, 14, 13, 6, 16, 12, 13, 1, 7, 11, 11, 17, 9]
bestever    2488    in generation 77
[9, 3, 9, 3, 14, 12, 14, 13, 2, 14, 2, 4, 12, 16, 15, 14, 1, 14, 16, 4, 18, 15, 9, 4, 20, 4, 12, 18, 14, 10, 3, 8, 2, 15, 18, 4, 5, 11, 6, 3, 1, 13, 1, 15, 19, 20, 12, 1, 11, 9, 12, 2, 5, 6, 2, 18, 3, 18, 12, 13, 7, 20, 19, 20, 13, 8, 1, 15, 4, 18, 11, 3, 9, 4, 11, 1, 6, 4, 6, 11, 20, 19, 9, 19, 9, 19, 18, 14, 15, 18, 19, 13, 9, 3, 3, 4, 7, 20, 7, 11, 6, 20, 18, 17, 14, 9, 20, 20, 7, 17, 8, 8, 17, 5, 5, 15, 19, 10, 2, 1, 17, 8, 8, 10, 10, 7, 5, 19, 2, 2, 19, 10, 2, 5, 7, 20, 17, 8, 8, 5, 5, 10, 7, 5, 5, 10, 17, 15, 10, 17, 15, 1, 7, 16, 16, 12, 11, 13, 14, 3, 13, 6, 10, 16, 17, 16, 1, 4, 7, 19, 3, 13, 15, 17, 6, 16, 10, 16, 6, 12, 8, 16, 6, 18, 12, 2, 11, 8, 14, 13, 6, 16, 12, 13, 1, 7, 11, 11, 17, 9]
bestever    2476    in generation 88
[9, 3, 9, 3, 14, 12, 14, 13, 2, 14, 2, 4, 12, 16, 15, 14, 1, 14, 16, 4, 18, 15, 9, 4, 20, 4, 12, 18, 14, 10, 3, 8, 2, 15, 18, 4, 5, 11, 6, 3, 1, 13, 1, 15, 19, 20, 12, 1, 11, 9, 12, 2, 5, 6, 2, 18, 3, 18, 12, 13, 7, 20, 19, 20, 13, 8, 1, 15, 4, 18, 11, 3, 9, 4, 11, 1, 6, 4, 6, 11, 20, 19, 9, 14, 9, 19, 18, 14, 15, 18, 19, 13, 9, 3, 3, 4, 7, 20, 7, 11, 6, 20, 18, 17, 19, 9, 20, 20, 7, 17, 8, 8, 17, 5, 5, 15, 19, 10, 2, 1, 17, 8, 8, 10, 10, 7, 5, 19, 2, 2, 19, 10, 2, 5, 7, 20, 17, 8, 8, 5, 5, 10, 7, 5, 5, 10, 17, 15, 10, 17, 15, 1, 7, 16, 16, 12, 11, 13, 14, 3, 13, 6, 10, 16, 17, 16, 1, 4, 7, 19, 3, 13, 15, 17, 6, 16, 10, 16, 6, 12, 8, 16, 6, 18, 12, 2, 11, 8, 14, 13, 6, 16, 12, 13, 1, 7, 11, 11, 17, 9]
bestever    2463    in generation 93
[9, 3, 9, 3, 14, 12, 14, 13, 2, 14, 2, 4, 12, 16, 15, 14, 1, 14, 16, 4, 18, 15, 9, 4, 20, 4, 12, 18, 14, 10, 3, 8, 2, 15, 18, 4, 5, 11, 6, 3, 1, 13, 1, 15, 19, 20, 12, 1, 11, 9, 12, 2, 5, 6, 2, 18, 3, 18, 12, 13, 7, 20, 19, 20, 13, 8, 1, 15, 4, 18, 11, 3, 9, 4, 11, 1, 6, 4, 6, 11, 20, 19, 9, 14, 9, 19, 18, 14, 15, 18, 19, 13, 9, 3, 3, 4, 7, 20, 7, 11, 6, 20, 18, 17, 19, 9, 20, 20, 7, 17, 8, 8, 17, 5, 5, 15, 19, 10, 2, 1, 17, 8, 8, 10, 10, 7, 5, 19, 2, 2, 19, 10, 2, 5, 7, 20, 17, 8, 8, 5, 5, 10, 7, 5, 5, 10, 17, 15, 10, 17, 15, 1, 7, 16, 16, 12, 11, 13, 14, 3, 13, 6, 10, 16, 17, 16, 1, 4, 7, 19, 3, 13, 15, 17, 6, 16, 10, 16, 6, 12, 8, 16, 6, 18, 12, 2, 1, 8, 14, 13, 6, 16, 12, 13, 11, 7, 11, 11, 17, 9]
bestever    2440    in generation 99
[9, 3, 9, 3, 14, 12, 14, 13, 2, 14, 2, 4, 12, 16, 15, 14, 1, 14, 16, 4, 18, 15, 9, 4, 20, 4, 12, 18, 14, 10, 3, 8, 2, 15, 18, 4, 5, 11, 6, 3, 1, 13, 1, 15, 19, 20, 12, 1, 11, 9, 12, 2, 5, 6, 2, 18, 3, 18, 12, 13, 7, 20, 19, 20, 13, 8, 1, 15, 4, 18, 11, 3, 9, 4, 11, 1, 6, 4, 6, 11, 20, 19, 9, 14, 9, 19, 18, 14, 15, 18, 19, 13, 9, 3, 3, 4, 7, 20, 7, 11, 6, 20, 18, 17, 19, 9, 20, 20, 7, 17, 8, 8, 17, 5, 5, 15, 19, 10, 2, 1, 17, 8, 8, 10, 10, 7, 5, 19, 2, 2, 19, 10, 2, 5, 7, 20, 17, 8, 8, 5, 5, 10, 7, 5, 5, 10, 17, 15, 10, 17, 15, 1, 7, 16, 16, 12, 11, 13, 16, 3, 13, 6, 10, 16, 17, 16, 1, 4, 7, 19, 3, 13, 15, 17, 6, 16, 10, 14, 6, 12, 8, 16, 6, 18, 12, 2, 1, 8, 14, 13, 6, 16, 12, 13, 11, 7, 11, 11, 17, 9]
bestever    2429    in generation 122
[9, 3, 9, 3, 14, 12, 14, 13, 2, 14, 2, 4, 12, 16, 15, 14, 1, 14, 16, 4, 18, 15, 9, 4, 20, 4, 12, 18, 14, 10, 3, 8, 2, 15, 18, 4, 5, 11, 6, 3, 1, 13, 1, 15, 19, 20, 12, 1, 11, 9, 12, 2, 5, 6, 2, 18, 3, 18, 12, 13, 7, 20, 19, 20, 13, 8, 1, 15, 4, 18, 11, 3, 9, 4, 11, 1, 6, 4, 6, 11, 20, 19, 9, 14, 9, 19, 18, 14, 15, 18, 19, 13, 9, 3, 3, 4, 7, 20, 7, 11, 6, 20, 18, 17, 19, 9, 20, 20, 7, 17, 8, 8, 17, 5, 5, 15, 19, 10, 2, 1, 17, 8, 8, 10, 18, 7, 5, 19, 2, 2, 19, 10, 2, 5, 7, 20, 17, 8, 8, 5, 5, 10, 7, 5, 5, 10, 17, 15, 10, 17, 15, 1, 7, 16, 16, 12, 11, 13, 16, 3, 13, 6, 10, 16, 17, 16, 1, 4, 7, 19, 3, 13, 15, 17, 6, 16, 10, 14, 6, 12, 8, 16, 6, 10, 12, 2, 1, 8, 14, 13, 6, 16, 12, 13, 11, 7, 11, 11, 17, 9]
bestever    2408    in generation 127
[9, 3, 9, 3, 14, 12, 14, 13, 2, 14, 2, 4, 12, 16, 15, 14, 1, 14, 16, 4, 18, 15, 9, 4, 20, 4, 12, 18, 14, 10, 3, 8, 2, 15, 18, 4, 5, 11, 6, 3, 1, 13, 1, 15, 19, 20, 12, 1, 11, 9, 12, 2, 5, 6, 2, 18, 3, 18, 12, 13, 7, 20, 19, 20, 13, 8, 1, 15, 4, 11, 11, 3, 9, 4, 11, 1, 6, 4, 6, 18, 20, 19, 9, 14, 9, 19, 18, 14, 15, 18, 19, 13, 9, 3, 3, 4, 7, 20, 7, 11, 6, 20, 18, 17, 19, 9, 20, 20, 7, 17, 8, 8, 17, 5, 5, 15, 19, 10, 2, 1, 17, 8, 8, 10, 18, 7, 5, 19, 2, 2, 19, 10, 2, 5, 7, 20, 17, 8, 8, 5, 5, 10, 7, 5, 5, 10, 17, 15, 10, 17, 15, 1, 7, 16, 16, 12, 11, 13, 16, 3, 13, 6, 10, 16, 17, 16, 1, 4, 7, 19, 3, 13, 15, 17, 6, 16, 10, 14, 6, 12, 8, 16, 6, 10, 12, 2, 1, 8, 14, 13, 6, 16, 12, 13, 11, 7, 11, 11, 17, 9]
bestever    2399    in generation 158
[9, 3, 9, 3, 14, 12, 14, 13, 2, 14, 2, 4, 12, 16, 15, 14, 1, 14, 16, 4, 18, 15, 9, 4, 20, 4, 12, 18, 14, 10, 3, 8, 2, 15, 18, 4, 5, 11, 6, 3, 1, 13, 1, 15, 19, 20, 12, 1, 11, 9, 12, 2, 5, 6, 2, 18, 3, 18, 12, 13, 7, 20, 19, 20, 13, 8, 1, 15, 4, 11, 11, 3, 9, 4, 11, 1, 6, 4, 6, 18, 20, 19, 9, 14, 18, 19, 9, 14, 15, 18, 19, 13, 9, 3, 3, 4, 7, 20, 7, 6, 20, 18, 17, 19, 9, 20, 20, 7, 17, 8, 8, 17, 5, 5, 15, 19, 10, 2, 1, 17, 8, 8, 10, 18, 7, 5, 19, 2, 2, 19, 10, 2, 5, 7, 20, 17, 8, 8, 5, 5, 10, 7, 5, 5, 10, 17, 15, 10, 15, 1, 7, 16, 16, 12, 11, 13, 17, 11, 16, 3, 13, 6, 10, 16, 17, 16, 1, 4, 7, 19, 3, 13, 15, 17, 6, 16, 10, 14, 6, 12, 8, 16, 6, 10, 12, 2, 1, 8, 14, 9, 6, 16, 12, 13, 11, 7, 11, 11, 17, 13]
bestever    2392    in generation 166
[9, 3, 9, 3, 14, 12, 14, 13, 2, 14, 2, 4, 12, 16, 15, 14, 1, 14, 16, 4, 18, 15, 9, 4, 20, 4, 12, 18, 14, 10, 3, 8, 2, 15, 18, 4, 5, 11, 6, 3, 1, 13, 1, 15, 19, 20, 12, 1, 11, 9, 12, 2, 5, 6, 2, 18, 3, 18, 12, 13, 7, 20, 19, 20, 13, 8, 1, 15, 4, 11, 11, 3, 9, 4, 11, 1, 6, 4, 6, 18, 20, 19, 9, 14, 18, 19, 9, 14, 15, 18, 19, 13, 9, 3, 3, 4, 7, 20, 7, 6, 20, 18, 17, 19, 9, 20, 20, 7, 17, 8, 8, 17, 5, 5, 15, 19, 10, 2, 1, 17, 8, 8, 10, 18, 7, 5, 19, 2, 2, 19, 10, 2, 5, 7, 20, 17, 8, 8, 5, 5, 10, 7, 7, 5, 10, 17, 15, 10, 15, 1, 7, 16, 16, 12, 11, 13, 17, 11, 16, 3, 13, 6, 10, 16, 17, 16, 1, 4, 5, 19, 3, 13, 15, 17, 6, 16, 10, 14, 6, 12, 8, 16, 6, 10, 12, 2, 1, 8, 14, 9, 6, 16, 12, 13, 11, 7, 11, 11, 17, 13]
bestever    2384    in generation 201
[9, 3, 9, 3, 14, 12, 14, 13, 2, 14, 2, 4, 12, 16, 15, 14, 1, 14, 16, 4, 18, 15, 9, 4, 20, 4, 12, 18, 14, 10, 3, 8, 2, 15, 18, 4, 5, 11, 6, 3, 1, 13, 1, 15, 19, 20, 12, 1, 11, 9, 12, 2, 5, 6, 2, 18, 3, 18, 12, 13, 7, 20, 19, 20, 13, 8, 1, 15, 4, 11, 11, 3, 9, 4, 11, 1, 6, 4, 6, 18, 20, 19, 9, 14, 18, 19, 9, 14, 15, 18, 19, 13, 9, 3, 3, 4, 7, 20, 7, 6, 20, 18, 17, 19, 9, 20, 20, 7, 9, 8, 8, 17, 5, 5, 15, 19, 10, 2, 1, 17, 8, 8, 10, 18, 7, 5, 19, 2, 2, 19, 10, 2, 5, 7, 20, 17, 8, 8, 5, 5, 10, 7, 7, 5, 10, 17, 15, 10, 15, 1, 7, 16, 16, 12, 11, 13, 17, 11, 16, 3, 13, 6, 10, 16, 17, 16, 1, 4, 5, 19, 3, 13, 15, 17, 6, 16, 10, 14, 6, 12, 8, 16, 6, 10, 12, 2, 1, 8, 14, 17, 6, 16, 12, 13, 11, 7, 11, 11, 17, 13]
bestever    2380    in generation 202
[9, 3, 9, 3, 14, 12, 14, 13, 2, 14, 2, 4, 12, 16, 15, 14, 1, 14, 16, 4, 18, 15, 9, 4, 20, 4, 12, 18, 14, 10, 3, 8, 2, 15, 18, 4, 5, 11, 6, 3, 1, 13, 1, 15, 19, 20, 12, 1, 11, 9, 12, 2, 5, 6, 2, 18, 3, 18, 12, 13, 7, 20, 19, 20, 13, 8, 1, 15, 4, 11, 3, 9, 4, 11, 1, 6, 4, 6, 18, 20, 19, 9, 14, 18, 19, 9, 14, 15, 18, 19, 9, 3, 3, 4, 7, 20, 7, 6, 20, 18, 17, 19, 9, 20, 20, 7, 17, 8, 8, 17, 5, 5, 15, 19, 10, 2, 1, 17, 8, 8, 10, 18, 7, 5, 19, 2, 2, 19, 10, 2, 5, 7, 20, 17, 8, 8, 5, 5, 10, 7, 7, 5, 10, 17, 15, 10, 15, 1, 7, 16, 16, 11, 11, 13, 13, 17, 12, 11, 16, 3, 13, 6, 10, 16, 17, 16, 1, 4, 5, 19, 3, 13, 15, 17, 6, 16, 10, 14, 6, 12, 8, 16, 6, 10, 12, 2, 1, 8, 14, 9, 6, 16, 12, 13, 11, 7, 11, 11, 17, 13]
bestever    2378    in generation 250
[9, 3, 9, 3, 14, 12, 14, 13, 2, 14, 2, 4, 12, 16, 15, 14, 1, 14, 16, 4, 18, 15, 9, 4, 20, 4, 12, 18, 14, 10, 3, 8, 2, 15, 18, 4, 5, 11, 6, 3, 1, 13, 1, 15, 19, 20, 12, 1, 11, 20, 12, 2, 5, 6, 2, 18, 3, 18, 12, 13, 7, 9, 19, 20, 13, 8, 1, 15, 4, 11, 3, 9, 4, 11, 1, 6, 4, 6, 18, 20, 19, 9, 14, 18, 19, 9, 14, 15, 18, 19, 9, 3, 3, 4, 7, 20, 7, 6, 20, 18, 17, 19, 9, 20, 20, 7, 17, 8, 8, 17, 5, 5, 15, 19, 10, 2, 1, 17, 8, 8, 10, 18, 7, 5, 19, 2, 2, 19, 10, 2, 5, 7, 20, 17, 8, 8, 5, 5, 10, 7, 7, 5, 10, 17, 15, 10, 15, 1, 7, 16, 16, 11, 11, 13, 13, 17, 12, 11, 16, 3, 13, 6, 10, 16, 17, 16, 1, 4, 5, 19, 3, 13, 15, 17, 6, 16, 10, 14, 6, 12, 8, 16, 6, 10, 12, 2, 1, 8, 14, 9, 6, 16, 12, 13, 11, 7, 11, 11, 17, 13]
bestever    2368    in generation 252
[9, 3, 9, 3, 14, 12, 14, 13, 2, 14, 2, 4, 12, 16, 15, 14, 1, 14, 16, 4, 18, 15, 9, 4, 20, 4, 12, 18, 14, 10, 3, 8, 2, 15, 18, 4, 5, 11, 6, 3, 1, 13, 1, 15, 19, 20, 12, 1, 9, 12, 2, 5, 6, 2, 18, 3, 18, 12, 13, 7, 20, 19, 20, 8, 1, 15, 4, 3, 9, 4, 1, 6, 4, 6, 18, 20, 19, 9, 14, 18, 19, 9, 14, 15, 18, 19, 9, 3, 3, 4, 7, 20, 7, 6, 20, 18, 17, 19, 9, 20, 20, 7, 17, 8, 8, 17, 5, 5, 15, 19, 10, 2, 1, 17, 8, 8, 10, 18, 7, 5, 19, 2, 2, 19, 10, 2, 5, 7, 20, 17, 8, 8, 5, 5, 10, 7, 5, 10, 15, 10, 15, 7, 11, 11, 11, 17, 13, 1, 7, 16, 16, 11, 11, 13, 13, 17, 12, 11, 16, 3, 13, 6, 10, 16, 17, 16, 1, 4, 5, 19, 3, 13, 15, 17, 6, 16, 10, 14, 6, 12, 8, 16, 6, 10, 12, 2, 1, 8, 14, 9, 6, 16, 12, 13, 11, 7, 11, 11, 17, 13]
bestever    2356    in generation 256
[9, 3, 9, 3, 14, 12, 14, 13, 2, 14, 2, 4, 12, 16, 15, 14, 1, 14, 16, 4, 18, 15, 9, 4, 20, 4, 12, 18, 14, 10, 3, 8, 2, 15, 18, 4, 5, 11, 6, 3, 1, 13, 1, 15, 19, 20, 12, 1, 11, 9, 12, 2, 5, 6, 2, 18, 3, 18, 12, 13, 7, 20, 19, 20, 13, 8, 1, 15, 4, 11, 3, 9, 4, 11, 1, 6, 4, 6, 18, 20, 19, 9, 14, 18, 19, 9, 14, 15, 18, 19, 9, 3, 3, 4, 7, 20, 7, 6, 20, 18, 17, 19, 9, 20, 20, 15, 17, 8, 8, 17, 5, 5, 15, 19, 10, 2, 1, 17, 8, 8, 10, 18, 7, 5, 19, 2, 2, 19, 10, 2, 5, 7, 20, 17, 8, 8, 5, 5, 10, 7, 7, 5, 10, 17, 15, 10, 7, 1, 7, 16, 16, 11, 11, 13, 13, 17, 12, 11, 16, 3, 13, 6, 10, 16, 17, 16, 1, 4, 5, 19, 3, 13, 15, 17, 6, 16, 10, 14, 6, 12, 8, 16, 6, 10, 12, 2, 1, 8, 14, 9, 6, 16, 12, 13, 11, 7, 11, 11, 17, 13]
bestever    2346    in generation 268
[9, 3, 9, 3, 14, 12, 14, 13, 2, 14, 2, 4, 12, 16, 15, 14, 1, 14, 16, 4, 18, 15, 9, 4, 20, 4, 12, 18, 14, 10, 3, 8, 2, 15, 16, 4, 5, 11, 6, 3, 1, 13, 1, 15, 19, 20, 12, 1, 11, 9, 12, 2, 5, 6, 2, 18, 3, 18, 12, 13, 7, 20, 19, 20, 13, 8, 1, 15, 4, 11, 3, 9, 4, 11, 1, 6, 4, 6, 18, 20, 19, 9, 14, 18, 19, 9, 14, 15, 18, 19, 9, 3, 3, 4, 7, 20, 7, 6, 20, 18, 17, 19, 9, 20, 20, 15, 17, 8, 8, 17, 5, 5, 15, 19, 10, 2, 1, 17, 8, 8, 10, 18, 7, 5, 19, 2, 2, 19, 10, 2, 5, 7, 20, 17, 8, 8, 5, 5, 10, 7, 7, 5, 10, 17, 15, 10, 7, 1, 7, 16, 18, 11, 11, 13, 13, 17, 12, 11, 16, 3, 13, 6, 10, 16, 17, 16, 1, 4, 5, 19, 3, 13, 15, 17, 6, 16, 10, 14, 6, 12, 8, 16, 6, 10, 12, 2, 1, 8, 14, 9, 6, 16, 12, 13, 11, 7, 11, 11, 17, 13]
bestever    2342    in generation 280
[9, 3, 9, 3, 14, 12, 14, 13, 2, 14, 2, 4, 12, 16, 15, 14, 1, 14, 16, 4, 18, 15, 9, 4, 20, 4, 12, 18, 14, 10, 3, 8, 2, 15, 16, 4, 5, 11, 6, 3, 1, 13, 1, 15, 19, 20, 12, 1, 11, 9, 12, 2, 5, 6, 2, 18, 3, 18, 12, 13, 7, 20, 19, 20, 13, 8, 1, 15, 4, 11, 3, 9, 4, 11, 1, 6, 4, 6, 18, 20, 19, 9, 14, 18, 19, 9, 14, 15, 18, 19, 9, 3, 3, 4, 7, 20, 7, 6, 20, 18, 17, 19, 9, 20, 20, 15, 8, 8, 17, 5, 5, 19, 10, 2, 1, 17, 8, 8, 18, 5, 19, 2, 2, 19, 2, 5, 20, 17, 8, 8, 7, 5, 10, 17, 15, 10, 7, 5, 10, 7, 7, 5, 10, 17, 15, 10, 7, 1, 7, 16, 18, 11, 11, 13, 13, 17, 12, 11, 16, 3, 13, 6, 10, 16, 17, 16, 1, 4, 5, 19, 3, 13, 15, 17, 6, 16, 10, 14, 6, 12, 8, 16, 6, 10, 12, 2, 1, 8, 14, 9, 6, 16, 12, 13, 11, 7, 11, 11, 17, 13]
bestever    2335    in generation 282
[9, 3, 9, 3, 14, 12, 14, 13, 2, 14, 2, 4, 12, 16, 15, 14, 1, 14, 16, 4, 18, 15, 9, 4, 20, 4, 12, 18, 14, 10, 3, 8, 2, 15, 16, 4, 5, 11, 6, 3, 1, 13, 1, 15, 19, 20, 12, 1, 11, 9, 12, 2, 5, 6, 2, 18, 3, 18, 12, 13, 7, 20, 19, 20, 8, 1, 15, 4, 11, 3, 9, 4, 11, 1, 6, 4, 6, 18, 20, 19, 9, 14, 18, 19, 9, 14, 15, 18, 19, 9, 3, 3, 4, 7, 20, 7, 6, 20, 18, 17, 19, 9, 20, 20, 15, 17, 8, 8, 17, 5, 5, 15, 19, 10, 2, 1, 17, 8, 8, 10, 18, 7, 5, 19, 2, 2, 19, 10, 2, 5, 7, 20, 8, 8, 5, 5, 10, 7, 7, 5, 17, 13, 10, 17, 15, 10, 7, 1, 7, 16, 18, 11, 11, 13, 13, 17, 12, 11, 16, 3, 13, 6, 10, 16, 17, 16, 1, 4, 5, 19, 3, 13, 15, 17, 6, 16, 10, 14, 6, 12, 8, 16, 6, 10, 12, 2, 1, 8, 14, 9, 6, 16, 12, 13, 11, 7, 11, 11, 17, 13]
bestever    2316    in generation 296
[9, 3, 9, 3, 14, 12, 14, 13, 2, 14, 2, 4, 12, 16, 15, 14, 1, 14, 16, 4, 18, 15, 9, 4, 20, 4, 12, 18, 14, 10, 3, 8, 2, 15, 16, 4, 5, 11, 6, 3, 1, 13, 1, 15, 19, 20, 12, 1, 11, 9, 12, 2, 5, 6, 2, 18, 3, 18, 12, 13, 7, 20, 19, 20, 8, 1, 15, 4, 11, 3, 9, 4, 11, 1, 6, 4, 6, 18, 20, 19, 9, 14, 18, 19, 9, 14, 15, 18, 19, 9, 3, 3, 4, 7, 20, 7, 6, 20, 18, 17, 19, 9, 20, 20, 15, 17, 8, 8, 17, 5, 5, 15, 19, 10, 2, 1, 10, 8, 8, 10, 18, 7, 5, 19, 2, 2, 19, 10, 2, 5, 7, 20, 8, 8, 5, 5, 10, 7, 7, 5, 17, 13, 10, 17, 15, 17, 7, 1, 7, 16, 18, 11, 11, 13, 13, 17, 12, 11, 16, 3, 13, 6, 10, 16, 17, 16, 1, 4, 5, 19, 3, 13, 15, 17, 6, 16, 10, 14, 6, 12, 8, 16, 6, 10, 12, 2, 1, 8, 14, 9, 6, 16, 12, 13, 11, 7, 11, 11, 17, 13]
bestever    2302    in generation 314
[9, 3, 9, 3, 14, 12, 14, 13, 2, 14, 2, 4, 12, 16, 15, 14, 1, 14, 16, 4, 18, 15, 9, 4, 20, 4, 12, 18, 14, 10, 3, 8, 2, 15, 16, 4, 5, 11, 6, 3, 1, 13, 1, 15, 19, 20, 12, 1, 9, 12, 2, 5, 6, 2, 18, 3, 18, 12, 7, 20, 19, 20, 8, 1, 15, 4, 3, 9, 4, 1, 6, 4, 6, 18, 20, 19, 9, 14, 18, 19, 9, 14, 15, 18, 19, 9, 3, 3, 4, 7, 20, 7, 6, 20, 18, 17, 19, 9, 20, 20, 15, 17, 8, 8, 5, 5, 15, 19, 10, 2, 1, 10, 8, 8, 10, 18, 5, 19, 2, 2, 19, 10, 2, 7, 11, 11, 11, 17, 13, 5, 7, 20, 8, 8, 5, 5, 10, 7, 7, 5, 17, 13, 10, 17, 15, 17, 7, 1, 7, 16, 18, 11, 11, 13, 13, 17, 12, 11, 16, 3, 13, 6, 10, 16, 17, 16, 1, 4, 5, 19, 3, 13, 15, 17, 6, 16, 10, 14, 6, 12, 8, 16, 6, 10, 12, 2, 1, 8, 14, 9, 6, 16, 12, 13, 11, 7, 11, 11, 17, 13]
bestever    2281    in generation 335
[9, 3, 9, 3, 14, 12, 14, 13, 2, 14, 2, 4, 12, 16, 15, 14, 1, 14, 16, 4, 18, 15, 9, 4, 20, 4, 12, 18, 14, 10, 3, 8, 2, 15, 16, 4, 5, 11, 6, 3, 1, 13, 1, 15, 19, 20, 12, 1, 9, 12, 2, 5, 6, 2, 18, 3, 18, 12, 7, 20, 19, 20, 8, 1, 15, 4, 3, 9, 4, 1, 6, 4, 6, 18, 20, 19, 9, 14, 18, 19, 9, 14, 15, 18, 19, 9, 3, 3, 4, 7, 20, 7, 6, 20, 18, 17, 19, 9, 20, 20, 15, 17, 8, 8, 5, 5, 15, 19, 10, 2, 1, 10, 8, 8, 10, 18, 5, 19, 2, 2, 19, 10, 2, 7, 11, 11, 11, 17, 13, 5, 7, 20, 8, 8, 5, 5, 10, 7, 7, 5, 17, 13, 10, 17, 15, 17, 7, 1, 7, 16, 18, 11, 11, 13, 13, 17, 12, 11, 16, 3, 13, 6, 10, 16, 17, 16, 1, 4, 5, 19, 3, 13, 15, 17, 6, 16, 10, 14, 6, 12, 8, 16, 6, 2, 12, 10, 1, 8, 14, 9, 6, 16, 12, 13, 11, 7, 11, 11, 17, 13]
bestever    2274    in generation 345
[9, 3, 9, 3, 14, 12, 14, 2, 14, 2, 4, 12, 16, 15, 14, 1, 14, 16, 4, 18, 15, 9, 4, 20, 4, 12, 18, 14, 10, 3, 8, 2, 15, 4, 5, 6, 3, 1, 1, 15, 19, 20, 12, 1, 9, 12, 2, 5, 6, 2, 18, 3, 18, 7, 20, 19, 20, 8, 1, 15, 4, 3, 9, 4, 1, 6, 4, 6, 18, 20, 19, 9, 14, 18, 19, 9, 15, 18, 19, 9, 3, 3, 4, 7, 20, 7, 20, 18, 17, 19, 9, 20, 20, 15, 8, 8, 5, 13, 5, 15, 19, 10, 2, 1, 10, 8, 8, 17, 13, 11, 10, 18, 5, 19, 2, 2, 19, 10, 2, 7, 17, 5, 7, 20, 8, 5, 5, 10, 7, 5, 17, 10, 15, 7, 11, 11, 11, 13, 13, 17, 14, 8, 16, 6, 12, 17, 7, 1, 7, 16, 18, 11, 11, 13, 13, 17, 12, 11, 16, 3, 13, 6, 10, 16, 17, 16, 1, 4, 5, 19, 3, 13, 15, 17, 6, 16, 10, 14, 6, 12, 8, 16, 6, 2, 12, 10, 1, 8, 14, 9, 6, 16, 12, 13, 11, 7, 11, 11, 17, 13]
bestever    2260    in generation 348
[9, 3, 9, 3, 14, 12, 14, 2, 14, 2, 4, 12, 9, 15, 14, 1, 14, 16, 4, 18, 15, 9, 4, 20, 4, 12, 18, 14, 10, 3, 8, 2, 15, 4, 5, 6, 3, 1, 1, 15, 19, 20, 12, 1, 9, 12, 2, 5, 6, 2, 18, 3, 18, 7, 20, 19, 20, 8, 1, 15, 4, 3, 9, 4, 1, 6, 4, 6, 18, 20, 19, 9, 14, 18, 19, 9, 15, 18, 19, 9, 3, 3, 4, 7, 20, 7, 20, 18, 17, 19, 16, 20, 20, 15, 8, 8, 5, 13, 5, 15, 19, 10, 2, 1, 10, 8, 8, 17, 13, 11, 10, 18, 5, 19, 2, 2, 19, 10, 2, 7, 17, 5, 7, 20, 8, 5, 5, 10, 7, 5, 17, 10, 15, 7, 11, 11, 11, 13, 13, 17, 14, 8, 16, 6, 12, 17, 7, 1, 7, 16, 18, 11, 11, 13, 13, 17, 12, 11, 16, 3, 13, 6, 10, 16, 17, 16, 1, 4, 5, 19, 3, 13, 15, 17, 6, 16, 10, 14, 6, 12, 8, 16, 6, 2, 12, 10, 1, 8, 14, 9, 6, 16, 12, 13, 11, 7, 11, 11, 17, 13]
bestever    2245    in generation 355
[9, 3, 9, 3, 14, 12, 14, 2, 14, 2, 4, 12, 9, 15, 14, 1, 14, 2, 4, 18, 15, 9, 4, 20, 4, 12, 18, 14, 10, 3, 8, 2, 15, 4, 5, 6, 3, 1, 1, 15, 19, 20, 12, 1, 9, 12, 2, 5, 6, 16, 18, 3, 18, 7, 20, 19, 20, 8, 1, 15, 4, 3, 9, 4, 1, 6, 4, 6, 18, 20, 19, 9, 14, 18, 19, 9, 15, 18, 19, 9, 3, 3, 4, 7, 20, 7, 20, 18, 17, 19, 16, 20, 20, 15, 8, 8, 5, 13, 5, 15, 19, 10, 2, 1, 10, 8, 8, 17, 13, 11, 10, 18, 5, 19, 2, 2, 19, 10, 2, 7, 17, 5, 7, 20, 8, 5, 5, 10, 7, 5, 17, 10, 15, 7, 11, 11, 11, 13, 13, 17, 14, 8, 16, 6, 12, 17, 7, 1, 7, 16, 18, 11, 11, 13, 13, 17, 12, 11, 16, 3, 13, 6, 10, 16, 17, 16, 1, 4, 5, 19, 3, 13, 15, 17, 6, 16, 10, 14, 6, 12, 8, 16, 6, 2, 12, 10, 1, 8, 14, 9, 6, 16, 12, 13, 11, 7, 11, 11, 17, 13]
bestever    2225    in generation 361
[9, 3, 9, 3, 14, 12, 14, 2, 14, 2, 4, 12, 9, 15, 14, 1, 14, 2, 4, 18, 15, 9, 4, 20, 4, 12, 18, 14, 10, 3, 8, 2, 15, 4, 5, 6, 3, 1, 1, 15, 19, 20, 12, 1, 9, 12, 2, 5, 6, 16, 18, 3, 18, 7, 20, 19, 20, 8, 1, 15, 4, 3, 9, 4, 1, 6, 4, 6, 18, 20, 19, 9, 14, 18, 19, 9, 15, 18, 19, 9, 3, 3, 4, 7, 20, 7, 20, 18, 17, 19, 16, 20, 20, 15, 8, 8, 5, 13, 5, 15, 19, 10, 2, 1, 10, 8, 8, 17, 13, 11, 10, 18, 5, 19, 2, 2, 19, 10, 2, 7, 17, 5, 7, 20, 8, 5, 5, 10, 7, 5, 17, 10, 15, 7, 11, 11, 11, 13, 13, 17, 14, 8, 16, 6, 12, 17, 7, 1, 7, 16, 18, 11, 13, 13, 17, 12, 11, 16, 3, 13, 6, 10, 16, 17, 16, 1, 4, 5, 19, 3, 15, 17, 6, 16, 10, 14, 6, 12, 8, 16, 6, 2, 12, 10, 1, 8, 14, 9, 6, 16, 13, 11, 12, 13, 11, 7, 11, 11, 17, 13]
bestever    2217    in generation 371
[9, 3, 9, 3, 14, 12, 14, 2, 14, 2, 4, 12, 9, 15, 14, 1, 14, 2, 4, 18, 15, 9, 4, 20, 4, 12, 18, 14, 10, 3, 8, 2, 15, 4, 5, 6, 3, 1, 1, 15, 19, 20, 12, 1, 9, 12, 2, 5, 6, 16, 18, 3, 18, 7, 20, 19, 20, 8, 1, 15, 4, 3, 9, 4, 1, 6, 4, 6, 18, 20, 19, 9, 14, 18, 19, 9, 15, 18, 19, 9, 3, 3, 4, 7, 20, 7, 20, 18, 17, 19, 16, 20, 20, 15, 8, 8, 5, 13, 5, 15, 19, 10, 2, 1, 10, 8, 8, 17, 13, 11, 10, 18, 5, 19, 2, 2, 19, 10, 2, 7, 17, 5, 7, 20, 8, 5, 5, 10, 7, 5, 17, 10, 15, 7, 11, 11, 11, 13, 13, 17, 14, 8, 16, 6, 12, 17, 7, 1, 7, 16, 18, 11, 13, 13, 17, 12, 16, 3, 6, 10, 16, 16, 1, 4, 5, 19, 17, 13, 11, 3, 15, 17, 6, 16, 10, 14, 6, 12, 8, 16, 6, 2, 12, 10, 1, 8, 14, 9, 6, 16, 13, 11, 12, 13, 11, 7, 11, 11, 17, 13]
bestever    2214    in generation 384
[9, 3, 9, 3, 14, 12, 14, 2, 14, 2, 4, 12, 9, 15, 14, 1, 14, 2, 4, 18, 15, 9, 4, 20, 4, 12, 18, 14, 10, 3, 8, 2, 15, 4, 5, 6, 3, 1, 1, 15, 19, 20, 12, 1, 9, 12, 2, 5, 6, 16, 18, 3, 18, 7, 20, 19, 20, 8, 1, 15, 4, 3, 9, 4, 1, 6, 4, 6, 18, 20, 19, 9, 14, 18, 19, 9, 15, 18, 19, 9, 3, 3, 4, 7, 20, 14, 20, 18, 17, 19, 16, 20, 20, 15, 8, 8, 5, 13, 5, 15, 19, 10, 2, 1, 10, 8, 8, 17, 13, 11, 10, 18, 5, 19, 2, 2, 19, 10, 2, 7, 17, 7, 5, 20, 8, 5, 5, 10, 7, 5, 17, 10, 15, 7, 11, 11, 11, 13, 13, 17, 7, 8, 16, 6, 12, 17, 7, 1, 7, 16, 18, 11, 13, 13, 17, 12, 16, 3, 6, 10, 16, 16, 1, 4, 5, 19, 17, 13, 11, 3, 15, 17, 6, 16, 10, 14, 6, 12, 8, 16, 6, 2, 12, 10, 1, 8, 14, 9, 6, 16, 13, 11, 12, 13, 11, 7, 11, 11, 17, 13]
bestever    2185    in generation 396
[9, 3, 9, 3, 14, 12, 14, 2, 14, 2, 4, 12, 9, 15, 14, 1, 14, 2, 4, 18, 15, 9, 4, 20, 4, 12, 18, 10, 3, 6, 2, 15, 4, 5, 8, 3, 1, 1, 15, 19, 20, 1, 9, 12, 2, 5, 16, 18, 3, 18, 7, 20, 19, 20, 8, 1, 15, 4, 3, 9, 4, 1, 4, 18, 20, 19, 9, 14, 18, 19, 9, 15, 18, 19, 9, 3, 3, 4, 7, 20, 7, 20, 18, 17, 19, 16, 20, 20, 15, 8, 8, 5, 13, 5, 15, 19, 10, 2, 1, 10, 8, 8, 17, 13, 10, 18, 5, 19, 2, 2, 19, 10, 2, 7, 17, 7, 5, 20, 8, 5, 5, 7, 5, 17, 10, 15, 7, 11, 13, 17, 8, 16, 17, 7, 1, 7, 16, 18, 11, 13, 13, 12, 3, 1, 4, 5, 19, 13, 11, 6, 16, 10, 14, 6, 12, 11, 17, 6, 16, 13, 11, 17, 6, 16, 10, 14, 6, 12, 11, 3, 15, 17, 6, 16, 10, 14, 6, 12, 8, 16, 6, 2, 12, 10, 1, 8, 14, 9, 6, 16, 13, 11, 12, 13, 11, 7, 11, 11, 17, 13]
bestever    2177    in generation 401
[9, 3, 9, 3, 14, 12, 14, 2, 14, 2, 4, 12, 9, 15, 14, 1, 14, 2, 4, 18, 15, 9, 4, 20, 4, 12, 18, 10, 3, 8, 2, 15, 4, 5, 6, 3, 1, 1, 15, 19, 20, 1, 9, 12, 2, 5, 16, 18, 3, 18, 7, 20, 19, 20, 8, 1, 15, 4, 3, 9, 4, 1, 4, 18, 20, 19, 9, 14, 18, 19, 9, 15, 18, 19, 9, 3, 3, 4, 7, 20, 7, 20, 18, 17, 19, 16, 20, 20, 15, 8, 8, 5, 13, 5, 15, 19, 10, 2, 1, 10, 8, 8, 17, 13, 10, 18, 5, 19, 14, 2, 19, 10, 2, 7, 17, 7, 5, 20, 8, 5, 5, 7, 5, 17, 10, 15, 7, 11, 13, 17, 8, 16, 17, 7, 1, 7, 16, 18, 11, 13, 13, 12, 3, 1, 4, 5, 19, 13, 11, 6, 16, 10, 14, 6, 12, 11, 17, 6, 16, 13, 11, 17, 6, 16, 10, 14, 6, 12, 11, 3, 15, 17, 6, 16, 10, 14, 6, 12, 8, 16, 6, 2, 12, 10, 1, 8, 2, 9, 6, 16, 13, 11, 12, 13, 11, 7, 11, 11, 17, 13]
bestever    2157    in generation 407
[9, 3, 9, 3, 14, 12, 14, 2, 14, 2, 4, 12, 9, 15, 14, 1, 14, 2, 4, 18, 15, 9, 4, 20, 4, 12, 18, 10, 3, 8, 2, 15, 4, 5, 6, 3, 1, 1, 15, 19, 20, 1, 9, 12, 2, 5, 16, 18, 3, 18, 7, 20, 19, 20, 8, 1, 15, 4, 3, 9, 4, 1, 4, 18, 20, 19, 9, 14, 18, 19, 9, 15, 18, 19, 9, 3, 3, 17, 7, 20, 7, 20, 18, 17, 19, 16, 20, 20, 15, 8, 8, 5, 13, 5, 15, 19, 10, 2, 1, 10, 8, 8, 17, 13, 10, 18, 5, 19, 2, 2, 19, 10, 2, 7, 17, 7, 5, 20, 8, 5, 5, 7, 5, 17, 10, 15, 7, 11, 13, 17, 8, 16, 17, 7, 1, 7, 16, 18, 11, 13, 13, 12, 3, 1, 4, 5, 19, 13, 11, 6, 16, 10, 14, 6, 12, 11, 17, 6, 16, 13, 11, 17, 6, 16, 10, 14, 6, 12, 11, 3, 15, 4, 6, 16, 10, 14, 6, 12, 8, 16, 6, 2, 12, 10, 1, 8, 14, 9, 6, 16, 13, 11, 12, 13, 11, 7, 11, 11, 17, 13]
bestever    2102    in generation 414
[9, 3, 9, 3, 14, 12, 14, 2, 14, 2, 4, 12, 9, 15, 14, 1, 14, 2, 4, 18, 15, 9, 4, 20, 4, 12, 18, 19, 3, 8, 2, 15, 4, 5, 6, 3, 1, 1, 15, 19, 20, 1, 9, 12, 2, 5, 16, 18, 3, 18, 7, 20, 10, 20, 8, 1, 15, 4, 3, 9, 4, 1, 4, 18, 20, 19, 9, 14, 18, 19, 9, 15, 18, 19, 9, 3, 3, 17, 7, 20, 7, 20, 18, 17, 19, 16, 20, 20, 15, 8, 8, 5, 13, 5, 15, 19, 10, 2, 1, 10, 8, 8, 17, 13, 10, 18, 5, 19, 2, 2, 19, 10, 2, 7, 17, 7, 5, 20, 8, 5, 5, 7, 5, 17, 10, 15, 7, 11, 13, 17, 8, 16, 17, 7, 1, 7, 16, 18, 11, 13, 13, 12, 3, 1, 4, 5, 19, 13, 11, 6, 16, 10, 14, 6, 12, 11, 17, 6, 16, 13, 11, 17, 6, 16, 10, 14, 6, 12, 11, 3, 15, 4, 6, 16, 10, 14, 6, 12, 8, 16, 6, 2, 12, 10, 1, 8, 14, 9, 6, 16, 13, 11, 12, 13, 11, 7, 11, 11, 17, 13]
bestever    2074    in generation 438
[9, 3, 9, 3, 14, 12, 14, 2, 14, 2, 4, 12, 9, 15, 14, 1, 14, 2, 4, 18, 15, 9, 4, 20, 4, 12, 18, 19, 3, 8, 2, 15, 4, 5, 6, 3, 1, 1, 15, 19, 20, 1, 9, 12, 2, 5, 16, 18, 3, 18, 7, 20, 10, 20, 8, 1, 15, 4, 3, 9, 4, 1, 4, 18, 20, 19, 9, 14, 18, 19, 9, 15, 18, 19, 9, 3, 3, 17, 7, 20, 7, 20, 18, 17, 19, 16, 20, 20, 15, 8, 8, 5, 13, 5, 15, 19, 10, 2, 1, 10, 8, 8, 17, 13, 10, 18, 5, 19, 15, 2, 19, 10, 2, 7, 17, 7, 5, 20, 8, 5, 5, 7, 5, 17, 10, 15, 7, 11, 13, 17, 8, 16, 17, 7, 1, 7, 16, 18, 11, 13, 13, 12, 3, 1, 4, 5, 19, 13, 11, 6, 16, 10, 14, 6, 12, 11, 17, 6, 16, 13, 11, 17, 6, 16, 10, 14, 6, 12, 11, 3, 2, 4, 6, 16, 10, 14, 6, 12, 8, 16, 6, 2, 12, 10, 1, 8, 14, 9, 6, 16, 13, 11, 12, 13, 11, 7, 11, 11, 17, 13]
bestever    2066    in generation 450
[9, 3, 9, 3, 14, 12, 14, 2, 14, 2, 4, 12, 9, 15, 14, 1, 14, 2, 4, 18, 15, 9, 4, 20, 4, 18, 19, 3, 8, 2, 15, 4, 5, 3, 1, 1, 15, 19, 20, 1, 9, 2, 5, 16, 18, 3, 18, 7, 20, 10, 20, 8, 1, 15, 4, 3, 9, 4, 1, 4, 18, 20, 19, 9, 18, 19, 9, 15, 18, 19, 9, 3, 3, 17, 7, 20, 7, 20, 18, 17, 19, 16, 20, 20, 15, 8, 8, 5, 13, 5, 15, 19, 10, 2, 1, 10, 8, 8, 17, 13, 10, 18, 5, 19, 15, 2, 19, 10, 7, 17, 7, 5, 20, 8, 5, 5, 7, 5, 17, 15, 7, 13, 17, 7, 1, 7, 18, 13, 12, 3, 1, 4, 5, 19, 13, 11, 16, 10, 14, 11, 16, 13, 11, 17, 6, 16, 12, 11, 2, 6, 10, 14, 6, 12, 17, 6, 16, 13, 11, 17, 6, 16, 12, 11, 3, 2, 4, 6, 10, 14, 6, 12, 8, 16, 10, 14, 6, 12, 8, 16, 6, 2, 12, 10, 1, 8, 14, 9, 6, 16, 13, 11, 12, 13, 11, 7, 11, 11, 17, 13]
bestever    2058    in generation 461
[9, 3, 9, 3, 14, 12, 14, 2, 14, 2, 4, 12, 9, 15, 14, 1, 14, 2, 4, 18, 15, 9, 4, 20, 4, 18, 19, 3, 8, 2, 15, 4, 5, 3, 1, 1, 15, 19, 20, 1, 9, 2, 5, 16, 18, 3, 18, 7, 20, 10, 20, 8, 1, 15, 4, 3, 9, 4, 1, 4, 18, 20, 19, 9, 18, 19, 9, 15, 18, 19, 9, 3, 3, 17, 7, 20, 7, 20, 18, 17, 19, 16, 20, 20, 15, 8, 8, 5, 13, 5, 15, 19, 10, 2, 1, 10, 8, 8, 17, 13, 10, 18, 5, 19, 15, 2, 19, 10, 7, 17, 7, 5, 20, 8, 5, 5, 7, 5, 17, 15, 7, 13, 17, 7, 1, 7, 18, 13, 12, 3, 1, 4, 19, 5, 13, 11, 16, 10, 14, 11, 16, 13, 11, 17, 6, 16, 12, 11, 2, 6, 10, 14, 6, 12, 17, 6, 16, 13, 11, 17, 6, 16, 12, 11, 3, 2, 4, 6, 10, 14, 6, 12, 8, 16, 10, 14, 6, 12, 8, 16, 6, 2, 12, 10, 1, 8, 14, 9, 6, 16, 13, 11, 12, 13, 11, 7, 11, 11, 17, 13]
bestever    2054    in generation 474
[9, 3, 9, 3, 14, 12, 14, 2, 14, 2, 4, 12, 9, 15, 14, 1, 14, 2, 4, 18, 15, 9, 4, 20, 4, 18, 19, 3, 8, 2, 15, 4, 5, 3, 1, 1, 15, 19, 20, 1, 9, 2, 5, 16, 18, 3, 18, 7, 20, 10, 20, 8, 1, 15, 4, 3, 9, 4, 1, 4, 18, 20, 19, 9, 18, 19, 9, 15, 18, 19, 9, 3, 3, 17, 7, 20, 7, 20, 18, 17, 19, 16, 20, 20, 15, 8, 8, 5, 13, 5, 15, 19, 10, 2, 1, 10, 8, 8, 17, 13, 10, 18, 5, 19, 15, 2, 19, 10, 7, 17, 3, 5, 20, 8, 5, 5, 7, 5, 17, 15, 7, 13, 17, 7, 1, 7, 18, 13, 12, 7, 1, 4, 19, 5, 13, 11, 16, 10, 14, 11, 16, 13, 11, 17, 6, 16, 12, 11, 2, 6, 10, 14, 6, 12, 17, 6, 16, 13, 11, 17, 6, 16, 12, 11, 3, 2, 4, 6, 10, 14, 6, 12, 8, 16, 10, 14, 6, 12, 8, 16, 6, 2, 12, 10, 1, 8, 14, 9, 6, 16, 13, 11, 12, 13, 11, 7, 11, 11, 17, 13]
bestever    2051    in generation 487
[9, 3, 9, 3, 14, 12, 14, 2, 14, 2, 4, 12, 9, 15, 14, 1, 14, 2, 4, 18, 15, 9, 4, 20, 4, 18, 19, 3, 8, 2, 15, 4, 5, 3, 1, 1, 15, 19, 20, 1, 9, 2, 5, 16, 18, 3, 18, 7, 20, 10, 20, 8, 1, 15, 4, 3, 9, 4, 1, 4, 18, 20, 19, 9, 18, 19, 9, 15, 18, 19, 9, 3, 3, 17, 7, 20, 7, 20, 18, 17, 19, 16, 20, 20, 15, 8, 8, 5, 13, 5, 15, 19, 10, 2, 1, 10, 8, 8, 17, 13, 10, 18, 5, 19, 15, 2, 19, 10, 7, 17, 3, 5, 20, 5, 5, 7, 5, 17, 15, 7, 13, 17, 7, 1, 7, 18, 7, 1, 4, 19, 5, 13, 16, 10, 14, 13, 11, 6, 11, 13, 11, 17, 16, 11, 2, 6, 12, 16, 10, 14, 6, 12, 8, 12, 17, 6, 16, 13, 11, 17, 6, 16, 12, 11, 3, 2, 4, 6, 10, 14, 6, 12, 8, 16, 10, 14, 6, 12, 8, 16, 6, 2, 12, 10, 1, 8, 14, 9, 6, 16, 13, 11, 12, 13, 11, 7, 11, 11, 17, 13]
bestever    2049    in generation 495
[9, 3, 9, 3, 14, 12, 14, 2, 14, 2, 4, 12, 9, 15, 14, 1, 14, 2, 4, 18, 15, 9, 4, 20, 4, 18, 19, 3, 8, 2, 15, 4, 5, 3, 1, 1, 15, 19, 20, 1, 9, 2, 5, 16, 18, 3, 18, 7, 20, 10, 20, 8, 1, 15, 4, 3, 9, 4, 1, 4, 18, 20, 19, 9, 18, 19, 9, 15, 18, 19, 9, 3, 3, 17, 7, 20, 7, 20, 18, 17, 19, 16, 20, 20, 15, 8, 8, 5, 13, 5, 15, 19, 10, 2, 1, 10, 8, 8, 17, 13, 10, 18, 5, 19, 15, 2, 19, 10, 7, 17, 3, 5, 20, 5, 5, 7, 5, 17, 15, 7, 13, 17, 7, 1, 7, 18, 7, 1, 4, 19, 5, 13, 16, 10, 14, 13, 11, 6, 11, 13, 11, 17, 16, 11, 2, 6, 12, 16, 10, 14, 6, 12, 8, 12, 17, 6, 16, 17, 6, 16, 12, 3, 2, 4, 6, 10, 14, 6, 12, 8, 16, 10, 14, 6, 12, 11, 13, 11, 8, 16, 6, 2, 12, 10, 1, 8, 14, 9, 6, 16, 13, 11, 12, 13, 11, 7, 11, 11, 17, 13]
bestever    2039    in generation 501
[9, 3, 9, 3, 14, 12, 14, 2, 14, 2, 4, 12, 9, 15, 14, 1, 14, 2, 4, 18, 15, 9, 4, 20, 4, 18, 19, 3, 8, 2, 15, 4, 5, 3, 1, 1, 15, 19, 20, 1, 9, 2, 5, 16, 18, 3, 18, 7, 20, 10, 20, 8, 1, 15, 4, 15, 9, 4, 1, 4, 18, 20, 19, 9, 18, 19, 9, 15, 18, 19, 9, 3, 3, 17, 7, 20, 7, 20, 18, 17, 19, 16, 20, 20, 15, 8, 8, 5, 13, 5, 3, 19, 10, 2, 1, 10, 8, 8, 17, 13, 10, 18, 5, 19, 15, 2, 19, 10, 7, 17, 3, 5, 20, 5, 5, 7, 5, 17, 15, 7, 13, 17, 7, 1, 7, 18, 7, 1, 4, 19, 5, 16, 10, 14, 13, 6, 13, 11, 17, 16, 11, 2, 6, 12, 16, 6, 12, 17, 6, 16, 17, 3, 2, 12, 10, 14, 12, 11, 13, 11, 8, 16, 6, 4, 6, 10, 14, 6, 12, 8, 16, 10, 14, 6, 12, 11, 13, 11, 8, 16, 6, 2, 12, 10, 1, 8, 14, 9, 6, 16, 13, 11, 12, 13, 11, 7, 11, 11, 17, 13]
bestever    2034    in generation 519
[9, 3, 9, 3, 14, 12, 14, 2, 14, 2, 4, 12, 9, 15, 14, 1, 14, 2, 4, 18, 15, 9, 4, 20, 4, 18, 19, 3, 8, 2, 15, 4, 5, 3, 18, 1, 15, 19, 20, 1, 9, 2, 5, 16, 18, 3, 18, 7, 20, 10, 20, 8, 1, 15, 4, 15, 9, 4, 1, 4, 18, 20, 19, 9, 18, 19, 9, 15, 18, 19, 9, 3, 3, 17, 7, 20, 7, 20, 1, 17, 19, 16, 20, 20, 15, 8, 8, 5, 13, 5, 3, 19, 10, 2, 1, 10, 8, 8, 17, 13, 10, 18, 5, 19, 15, 2, 19, 10, 7, 17, 3, 5, 20, 5, 5, 7, 5, 17, 15, 7, 13, 17, 7, 1, 7, 18, 7, 1, 4, 19, 5, 16, 10, 14, 13, 6, 13, 11, 17, 16, 11, 2, 6, 12, 16, 6, 12, 17, 6, 16, 17, 3, 2, 12, 10, 14, 12, 11, 13, 11, 8, 16, 6, 4, 6, 10, 14, 6, 12, 8, 16, 10, 14, 6, 12, 11, 13, 11, 8, 16, 6, 2, 12, 10, 1, 8, 14, 9, 6, 16, 13, 11, 12, 13, 11, 7, 11, 11, 17, 13]
bestever    2004    in generation 539
[9, 3, 9, 3, 14, 12, 14, 2, 14, 2, 4, 12, 9, 15, 14, 1, 14, 2, 4, 18, 15, 9, 4, 20, 4, 18, 19, 3, 8, 2, 15, 4, 15, 3, 18, 1, 15, 19, 20, 1, 9, 2, 5, 16, 18, 3, 18, 7, 20, 10, 20, 8, 1, 15, 4, 15, 9, 4, 1, 4, 18, 20, 19, 9, 18, 19, 9, 5, 18, 19, 9, 3, 3, 17, 7, 20, 7, 20, 1, 17, 19, 16, 20, 20, 15, 8, 8, 5, 13, 5, 3, 19, 10, 2, 1, 10, 8, 8, 17, 13, 10, 18, 5, 19, 15, 2, 19, 10, 7, 17, 3, 5, 20, 5, 5, 7, 5, 17, 15, 7, 13, 17, 7, 1, 7, 18, 7, 1, 4, 19, 5, 16, 10, 14, 13, 6, 13, 11, 17, 16, 11, 2, 6, 12, 16, 6, 12, 17, 6, 16, 17, 3, 2, 12, 10, 14, 12, 11, 13, 11, 8, 16, 6, 4, 6, 10, 14, 6, 12, 8, 16, 10, 14, 6, 12, 11, 13, 11, 8, 16, 6, 2, 12, 10, 1, 8, 14, 9, 6, 16, 13, 11, 12, 13, 11, 7, 11, 11, 17, 13]
bestever    1978    in generation 558
[9, 3, 9, 3, 14, 12, 14, 2, 14, 2, 4, 12, 9, 15, 14, 1, 14, 2, 4, 18, 15, 9, 4, 20, 4, 18, 19, 3, 8, 2, 15, 4, 15, 3, 18, 1, 15, 19, 20, 1, 9, 2, 5, 16, 18, 3, 18, 7, 20, 10, 20, 8, 1, 15, 4, 15, 9, 4, 1, 4, 18, 20, 19, 9, 18, 9, 5, 18, 19, 9, 3, 3, 17, 7, 20, 7, 20, 1, 17, 19, 16, 20, 20, 15, 8, 8, 5, 13, 5, 3, 19, 10, 2, 1, 7, 8, 8, 17, 13, 10, 18, 5, 19, 15, 2, 19, 10, 7, 17, 3, 5, 20, 5, 5, 7, 5, 17, 15, 10, 13, 17, 7, 1, 7, 18, 7, 1, 4, 19, 5, 16, 10, 14, 6, 13, 17, 16, 11, 2, 6, 12, 16, 6, 12, 17, 6, 16, 17, 3, 2, 12, 10, 14, 12, 11, 13, 11, 8, 16, 6, 4, 6, 10, 14, 6, 12, 10, 14, 19, 13, 11, 8, 16, 6, 12, 11, 13, 11, 8, 16, 6, 2, 12, 10, 1, 8, 14, 9, 6, 16, 13, 11, 12, 13, 11, 7, 11, 11, 17, 13]
bestever    1939    in generation 619
[9, 3, 9, 3, 14, 12, 14, 2, 14, 2, 4, 12, 9, 15, 14, 1, 14, 2, 4, 18, 15, 9, 4, 20, 4, 18, 19, 3, 8, 2, 15, 4, 15, 3, 18, 1, 15, 19, 20, 1, 9, 2, 5, 16, 18, 3, 18, 7, 20, 10, 20, 8, 1, 15, 4, 15, 9, 2, 1, 4, 18, 20, 19, 9, 18, 9, 5, 18, 19, 9, 3, 3, 17, 7, 20, 7, 20, 1, 17, 19, 16, 20, 20, 15, 8, 8, 5, 13, 5, 3, 19, 10, 2, 1, 7, 8, 8, 17, 13, 10, 18, 5, 19, 15, 4, 19, 10, 7, 17, 3, 5, 20, 5, 5, 7, 5, 17, 15, 10, 13, 17, 7, 1, 7, 18, 7, 1, 4, 19, 5, 16, 10, 14, 6, 13, 17, 16, 11, 2, 6, 12, 16, 6, 12, 17, 6, 16, 17, 3, 2, 12, 10, 14, 12, 11, 13, 11, 8, 16, 6, 4, 6, 10, 14, 6, 12, 10, 14, 19, 13, 11, 8, 16, 6, 12, 11, 13, 11, 8, 16, 6, 2, 12, 10, 1, 8, 14, 9, 6, 16, 13, 11, 12, 13, 11, 7, 11, 11, 17, 13]
bestever    1937    in generation 681
[9, 3, 9, 3, 14, 12, 14, 2, 14, 2, 4, 12, 9, 15, 14, 1, 14, 2, 4, 18, 15, 9, 4, 20, 4, 18, 19, 3, 8, 2, 15, 4, 2, 3, 18, 1, 15, 19, 20, 1, 9, 15, 5, 16, 18, 3, 18, 7, 20, 10, 20, 8, 1, 15, 4, 15, 9, 2, 1, 4, 18, 20, 19, 9, 18, 9, 5, 18, 19, 9, 3, 3, 17, 7, 20, 7, 20, 1, 17, 19, 16, 20, 20, 15, 8, 8, 5, 13, 5, 3, 19, 10, 2, 1, 7, 8, 8, 17, 13, 10, 18, 5, 19, 15, 4, 19, 10, 7, 17, 3, 5, 20, 5, 5, 7, 5, 17, 15, 10, 13, 17, 7, 1, 7, 18, 7, 1, 4, 19, 5, 16, 10, 14, 6, 13, 17, 16, 11, 2, 6, 12, 16, 6, 12, 17, 6, 16, 17, 3, 2, 12, 10, 14, 12, 11, 13, 11, 8, 16, 6, 4, 6, 10, 14, 6, 12, 10, 14, 19, 13, 8, 16, 6, 12, 11, 11, 8, 16, 6, 2, 12, 10, 1, 8, 11, 13, 14, 9, 6, 16, 13, 11, 12, 13, 11, 7, 11, 11, 17, 13]
bestever    1935    in generation 714
[9, 3, 9, 3, 14, 12, 14, 2, 14, 2, 4, 12, 9, 15, 14, 1, 14, 2, 4, 18, 15, 9, 4, 20, 4, 18, 19, 3, 8, 2, 15, 4, 2, 3, 18, 1, 15, 19, 20, 1, 9, 15, 5, 16, 18, 3, 18, 7, 20, 10, 20, 8, 1, 15, 4, 15, 9, 2, 1, 4, 18, 20, 19, 9, 18, 9, 5, 18, 19, 9, 3, 3, 17, 7, 20, 7, 20, 1, 17, 19, 16, 20, 20, 15, 8, 8, 5, 13, 5, 3, 19, 10, 2, 1, 7, 8, 8, 17, 13, 10, 18, 5, 19, 15, 4, 19, 10, 7, 17, 3, 5, 20, 5, 5, 7, 5, 17, 15, 10, 13, 17, 7, 1, 7, 18, 11, 1, 4, 19, 5, 16, 10, 14, 6, 13, 17, 16, 11, 2, 6, 12, 16, 6, 12, 17, 6, 16, 17, 3, 2, 12, 10, 14, 12, 11, 13, 11, 8, 16, 6, 4, 6, 10, 14, 6, 12, 10, 14, 19, 13, 8, 16, 6, 12, 7, 11, 8, 16, 6, 2, 12, 10, 1, 8, 11, 13, 14, 9, 6, 16, 13, 11, 12, 13, 11, 7, 11, 11, 17, 13]
bestever    1931    in generation 776
[9, 3, 9, 3, 14, 12, 14, 2, 14, 2, 4, 12, 9, 15, 14, 1, 14, 2, 4, 18, 15, 9, 4, 20, 4, 18, 19, 3, 8, 2, 15, 4, 2, 3, 18, 1, 15, 19, 20, 1, 9, 15, 5, 16, 18, 3, 18, 7, 20, 10, 20, 8, 1, 15, 4, 15, 9, 2, 1, 4, 18, 20, 19, 9, 18, 9, 5, 18, 19, 9, 3, 3, 17, 7, 20, 7, 20, 1, 17, 19, 16, 20, 20, 15, 8, 8, 5, 13, 5, 3, 19, 10, 2, 1, 7, 8, 8, 17, 13, 10, 18, 5, 19, 15, 4, 19, 10, 7, 17, 3, 5, 20, 5, 5, 7, 5, 17, 15, 10, 13, 17, 7, 1, 7, 18, 11, 1, 4, 19, 5, 16, 10, 14, 6, 13, 17, 16, 11, 2, 6, 12, 16, 6, 12, 17, 6, 16, 17, 3, 2, 12, 10, 14, 12, 11, 13, 11, 8, 16, 6, 4, 6, 10, 14, 6, 12, 10, 14, 19, 13, 8, 16, 6, 12, 7, 11, 8, 16, 6, 2, 12, 10, 1, 8, 11, 13, 14, 9, 6, 16, 13, 11, 12, 13, 11, 7, 17, 11, 13, 11]
bestever    1930    in generation 799
[9, 3, 9, 3, 14, 12, 14, 2, 14, 2, 4, 12, 9, 15, 14, 1, 14, 2, 4, 18, 15, 9, 4, 20, 4, 18, 19, 3, 8, 2, 15, 4, 2, 3, 18, 1, 15, 19, 20, 1, 9, 15, 5, 16, 18, 3, 18, 7, 20, 10, 4, 8, 1, 15, 20, 15, 9, 2, 1, 4, 18, 20, 19, 9, 18, 9, 5, 18, 19, 9, 3, 3, 17, 7, 20, 7, 20, 1, 17, 19, 16, 20, 20, 15, 8, 8, 5, 13, 5, 3, 19, 10, 2, 1, 7, 8, 8, 17, 13, 10, 18, 5, 19, 15, 4, 19, 10, 7, 17, 3, 5, 20, 5, 5, 7, 5, 17, 15, 10, 13, 17, 7, 1, 7, 18, 11, 1, 4, 19, 5, 16, 10, 14, 6, 13, 17, 16, 11, 2, 6, 12, 16, 6, 12, 17, 6, 16, 17, 3, 2, 12, 10, 14, 12, 11, 13, 11, 8, 16, 6, 4, 6, 10, 14, 6, 12, 10, 14, 19, 13, 8, 16, 6, 12, 7, 11, 8, 16, 6, 2, 12, 10, 1, 8, 11, 13, 14, 9, 6, 16, 13, 11, 12, 13, 11, 7, 17, 11, 13, 11]
bestever    1918    in generation 1000
[9, 3, 9, 3, 14, 12, 14, 2, 14, 2, 20, 4, 12, 9, 15, 14, 1, 14, 2, 4, 9, 18, 15, 9, 4, 1, 20, 4, 18, 19, 3, 8, 2, 15, 4, 2, 3, 18, 1, 15, 5, 19, 20, 15, 5, 16, 18, 3, 18, 7, 1, 10, 4, 8, 15, 20, 15, 9, 2, 1, 4, 18, 20, 19, 9, 18, 9, 5, 18, 19, 9, 3, 3, 17, 7, 20, 7, 20, 1, 17, 19, 16, 20, 20, 15, 8, 8, 13, 5, 3, 19, 10, 2, 1, 7, 8, 8, 17, 13, 10, 18, 5, 19, 15, 4, 19, 10, 7, 17, 3, 5, 20, 5, 5, 7, 5, 17, 15, 10, 13, 17, 7, 1, 7, 18, 11, 1, 4, 19, 5, 16, 10, 14, 6, 13, 17, 16, 11, 2, 6, 12, 16, 6, 12, 17, 6, 16, 17, 3, 2, 12, 10, 14, 12, 11, 13, 11, 8, 16, 6, 4, 6, 10, 14, 6, 12, 10, 14, 19, 13, 8, 16, 6, 12, 7, 11, 8, 16, 6, 2, 12, 10, 1, 8, 11, 13, 14, 9, 6, 16, 13, 11, 12, 13, 11, 7, 17, 11, 13, 11]
bestever    1906    in generation 1505
[9, 3, 9, 3, 14, 9, 12, 9, 2, 14, 2, 20, 4, 12, 9, 15, 14, 1, 14, 2, 4, 18, 15, 9, 4, 1, 20, 4, 18, 19, 3, 8, 2, 15, 4, 2, 3, 18, 1, 15, 5, 19, 20, 9, 14, 3, 3, 7, 17, 15, 5, 16, 18, 3, 18, 7, 1, 10, 4, 8, 15, 20, 15, 2, 1, 20, 4, 18, 20, 19, 9, 18, 9, 5, 18, 19, 7, 20, 1, 17, 19, 16, 20, 20, 15, 8, 8, 13, 5, 3, 19, 10, 2, 1, 7, 8, 8, 5, 17, 13, 10, 18, 5, 19, 15, 4, 19, 10, 7, 17, 3, 20, 5, 5, 7, 5, 17, 15, 10, 13, 17, 7, 1, 7, 18, 11, 1, 4, 11, 19, 5, 16, 10, 14, 6, 13, 17, 16, 2, 6, 12, 16, 12, 12, 17, 6, 16, 17, 3, 2, 12, 10, 14, 6, 13, 8, 16, 6, 4, 6, 10, 14, 6, 12, 10, 14, 19, 8, 16, 6, 12, 7, 17, 11, 8, 16, 6, 11, 11, 13, 2, 12, 10, 1, 8, 14, 13, 11, 9, 6, 16, 13, 11, 12, 13, 11, 7, 11, 13, 11]
bestever    1851    in generation 1644
[9, 3, 9, 3, 14, 9, 9, 2, 14, 2, 20, 4, 9, 15, 14, 1, 14, 2, 4, 18, 15, 9, 4, 1, 20, 4, 18, 19, 3, 8, 2, 15, 4, 2, 3, 18, 1, 15, 5, 19, 20, 9, 14, 3, 3, 7, 17, 15, 5, 16, 18, 3, 18, 7, 1, 10, 4, 8, 15, 20, 15, 2, 1, 20, 4, 18, 20, 19, 9, 18, 9, 5, 18, 19, 7, 20, 1, 17, 19, 16, 20, 20, 15, 8, 8, 13, 5, 3, 19, 10, 2, 1, 7, 5, 17, 13, 10, 18, 5, 19, 15, 4, 19, 10, 7, 17, 3, 20, 5, 5, 7, 5, 17, 15, 10, 13, 17, 7, 1, 18, 11, 1, 4, 19, 5, 7, 11, 13, 17, 2, 8, 16, 6, 12, 10, 14, 8, 16, 6, 12, 12, 16, 12, 12, 17, 6, 16, 17, 3, 2, 12, 10, 14, 6, 8, 16, 6, 4, 6, 10, 14, 6, 12, 10, 14, 19, 8, 16, 6, 12, 7, 17, 8, 16, 13, 11, 6, 11, 11, 13, 2, 12, 10, 1, 8, 14, 13, 11, 9, 6, 16, 13, 11, 12, 13, 11, 7, 11, 13, 11]
bestever    1849    in generation 1690
[9, 3, 2, 9, 14, 9, 9, 2, 14, 2, 20, 4, 3, 15, 14, 1, 14, 9, 4, 18, 15, 9, 4, 1, 20, 4, 18, 19, 3, 8, 2, 15, 4, 2, 3, 18, 1, 15, 5, 19, 20, 9, 14, 3, 3, 7, 17, 15, 8, 16, 18, 3, 18, 7, 1, 10, 4, 8, 15, 20, 15, 2, 1, 20, 4, 18, 20, 19, 9, 18, 9, 5, 18, 19, 7, 20, 1, 17, 19, 16, 20, 20, 15, 8, 5, 13, 5, 3, 19, 10, 2, 1, 7, 5, 17, 13, 10, 18, 5, 19, 15, 4, 19, 10, 7, 17, 3, 20, 5, 5, 7, 5, 17, 15, 10, 13, 17, 7, 1, 18, 11, 1, 4, 19, 5, 7, 11, 13, 17, 2, 8, 16, 6, 12, 10, 14, 8, 16, 6, 12, 12, 16, 12, 12, 17, 6, 16, 17, 3, 2, 12, 10, 14, 6, 8, 16, 6, 4, 6, 10, 14, 6, 12, 10, 14, 19, 8, 16, 6, 12, 7, 17, 8, 16, 13, 11, 6, 11, 11, 13, 2, 12, 10, 1, 8, 14, 13, 11, 9, 6, 16, 13, 11, 12, 13, 11, 7, 11, 13, 11]
bestever    1840    in generation 1691
[9, 3, 2, 9, 14, 9, 9, 2, 14, 2, 20, 4, 3, 15, 14, 1, 14, 9, 4, 18, 15, 9, 4, 1, 20, 4, 18, 19, 3, 8, 2, 15, 4, 2, 3, 18, 1, 15, 5, 19, 20, 9, 14, 3, 3, 7, 17, 15, 5, 16, 18, 3, 18, 7, 1, 10, 4, 8, 15, 20, 15, 2, 1, 20, 4, 18, 20, 19, 9, 18, 9, 5, 18, 19, 7, 20, 1, 17, 19, 16, 20, 20, 15, 8, 5, 13, 5, 3, 19, 10, 2, 1, 7, 5, 17, 13, 10, 18, 8, 19, 15, 4, 19, 10, 7, 17, 3, 20, 5, 5, 7, 5, 17, 15, 10, 13, 17, 7, 1, 18, 11, 1, 4, 19, 5, 7, 11, 13, 17, 2, 8, 16, 6, 12, 10, 14, 8, 16, 6, 12, 12, 16, 12, 12, 17, 6, 16, 17, 3, 2, 12, 10, 14, 6, 8, 16, 6, 4, 6, 10, 14, 6, 12, 10, 14, 19, 8, 16, 6, 12, 7, 17, 8, 16, 13, 11, 6, 11, 11, 13, 2, 12, 10, 1, 8, 14, 13, 11, 9, 6, 16, 13, 11, 12, 13, 11, 7, 11, 13, 11]
bestever    1832    in generation 1694
[9, 3, 2, 9, 14, 9, 9, 2, 14, 2, 20, 4, 3, 15, 14, 1, 14, 9, 4, 18, 15, 9, 4, 1, 20, 4, 18, 19, 3, 8, 2, 15, 4, 2, 3, 18, 1, 15, 5, 19, 20, 9, 14, 3, 3, 7, 17, 15, 5, 16, 18, 3, 18, 7, 1, 10, 4, 8, 15, 20, 15, 2, 1, 20, 4, 18, 20, 19, 9, 18, 9, 5, 18, 19, 7, 20, 1, 17, 19, 16, 20, 20, 15, 8, 5, 13, 5, 3, 19, 10, 2, 1, 7, 5, 17, 13, 10, 18, 8, 19, 15, 4, 19, 10, 7, 17, 3, 20, 5, 5, 7, 5, 3, 15, 10, 13, 17, 7, 1, 18, 11, 1, 4, 19, 5, 7, 11, 13, 17, 2, 8, 16, 6, 12, 10, 14, 8, 16, 6, 12, 12, 16, 12, 12, 17, 6, 16, 17, 17, 2, 12, 10, 14, 6, 8, 16, 6, 4, 6, 10, 14, 6, 12, 10, 14, 19, 8, 16, 6, 12, 7, 17, 8, 16, 13, 11, 6, 11, 11, 13, 2, 12, 10, 1, 8, 14, 13, 11, 9, 6, 16, 13, 11, 12, 13, 11, 7, 11, 13, 11]
bestever    1821    in generation 1759
[9, 3, 2, 9, 14, 9, 9, 2, 14, 2, 20, 4, 3, 15, 14, 1, 14, 9, 4, 18, 15, 9, 4, 1, 20, 4, 18, 19, 3, 8, 2, 15, 4, 2, 3, 18, 1, 15, 5, 19, 20, 9, 14, 3, 3, 7, 17, 15, 5, 16, 18, 3, 18, 7, 1, 10, 4, 8, 15, 20, 15, 2, 1, 20, 4, 18, 20, 19, 9, 18, 9, 5, 18, 19, 7, 20, 1, 6, 19, 16, 20, 20, 15, 8, 5, 13, 5, 3, 19, 10, 2, 1, 7, 5, 17, 13, 10, 18, 8, 19, 15, 4, 19, 10, 7, 17, 3, 20, 5, 5, 7, 5, 3, 15, 10, 13, 17, 7, 1, 18, 11, 1, 4, 19, 5, 7, 11, 13, 17, 2, 16, 6, 12, 16, 12, 12, 17, 17, 17, 2, 8, 16, 6, 12, 10, 14, 8, 16, 6, 12, 12, 10, 14, 17, 8, 16, 6, 4, 6, 10, 14, 6, 12, 10, 14, 19, 8, 16, 6, 12, 7, 17, 8, 16, 13, 11, 6, 11, 11, 13, 2, 12, 10, 1, 8, 14, 13, 11, 9, 6, 16, 13, 11, 12, 13, 11, 7, 11, 13, 11]
bestever    1819    in generation 1816
[9, 3, 14, 9, 14, 9, 9, 2, 14, 2, 20, 4, 3, 15, 2, 1, 14, 9, 4, 18, 15, 9, 4, 1, 20, 4, 18, 19, 3, 8, 2, 15, 4, 2, 3, 18, 1, 15, 5, 19, 20, 9, 14, 3, 3, 7, 17, 15, 5, 16, 18, 3, 18, 7, 1, 10, 4, 8, 15, 20, 15, 2, 1, 20, 4, 18, 20, 19, 9, 18, 9, 5, 18, 19, 7, 20, 1, 6, 19, 16, 20, 20, 15, 8, 5, 13, 5, 3, 19, 10, 2, 1, 7, 5, 17, 13, 10, 18, 8, 19, 15, 4, 19, 10, 7, 17, 3, 20, 5, 5, 7, 5, 3, 15, 10, 13, 17, 7, 1, 18, 11, 1, 4, 19, 5, 7, 11, 13, 17, 2, 16, 6, 12, 16, 12, 12, 17, 17, 17, 2, 8, 16, 6, 12, 10, 14, 8, 16, 6, 12, 12, 10, 14, 17, 8, 16, 6, 4, 6, 10, 14, 6, 12, 10, 14, 19, 8, 16, 6, 12, 7, 17, 8, 16, 13, 11, 6, 11, 11, 13, 2, 12, 10, 1, 8, 14, 13, 11, 9, 6, 16, 13, 11, 12, 13, 11, 7, 11, 13, 11]
bestever    1818    in generation 2039
[9, 15, 14, 9, 14, 9, 9, 2, 14, 2, 20, 4, 3, 15, 2, 1, 14, 9, 4, 18, 3, 9, 4, 1, 20, 4, 18, 19, 3, 8, 2, 15, 4, 2, 3, 18, 1, 15, 5, 19, 20, 9, 14, 3, 3, 7, 17, 15, 5, 16, 18, 3, 18, 7, 1, 10, 4, 8, 15, 20, 15, 2, 1, 20, 4, 18, 20, 19, 9, 18, 9, 5, 18, 19, 7, 20, 1, 6, 19, 16, 5, 20, 20, 15, 8, 5, 13, 3, 19, 10, 2, 1, 7, 5, 17, 13, 10, 18, 8, 19, 15, 4, 19, 10, 5, 17, 3, 20, 5, 5, 7, 7, 3, 15, 10, 13, 17, 7, 1, 18, 11, 1, 4, 19, 5, 7, 11, 13, 17, 2, 16, 13, 12, 16, 12, 12, 17, 17, 17, 2, 8, 16, 11, 12, 10, 14, 8, 16, 6, 12, 12, 10, 14, 17, 8, 16, 6, 4, 6, 10, 14, 6, 12, 10, 14, 19, 8, 16, 6, 12, 7, 17, 8, 16, 13, 11, 6, 11, 11, 6, 2, 12, 10, 1, 8, 14, 13, 6, 9, 6, 16, 13, 11, 12, 13, 11, 7, 11, 13, 11]
bestever    1810    in generation 2360
[9, 15, 14, 9, 14, 9, 9, 2, 14, 2, 20, 4, 20, 3, 15, 2, 1, 14, 9, 4, 18, 3, 9, 4, 1, 19, 20, 4, 18, 19, 3, 8, 2, 15, 4, 2, 3, 18, 1, 15, 5, 20, 9, 14, 3, 3, 7, 17, 15, 5, 16, 19, 18, 3, 18, 7, 1, 10, 4, 8, 15, 20, 15, 2, 1, 20, 4, 18, 19, 9, 18, 9, 5, 18, 19, 7, 20, 1, 6, 19, 16, 5, 20, 20, 15, 8, 5, 13, 3, 10, 2, 1, 7, 5, 17, 13, 10, 18, 8, 19, 15, 4, 19, 18, 5, 17, 3, 20, 5, 5, 7, 7, 3, 15, 10, 13, 17, 7, 1, 10, 11, 1, 4, 19, 5, 7, 11, 13, 17, 2, 16, 13, 12, 16, 12, 12, 17, 17, 17, 2, 8, 16, 11, 10, 14, 6, 12, 12, 10, 14, 17, 8, 16, 6, 4, 6, 6, 12, 10, 14, 8, 16, 12, 10, 14, 19, 8, 16, 6, 12, 7, 17, 8, 16, 13, 11, 6, 11, 11, 6, 2, 12, 10, 1, 8, 14, 13, 6, 9, 6, 16, 13, 11, 12, 13, 11, 7, 11, 13, 11]
bestever    1808    in generation 2732
[9, 15, 14, 9, 14, 9, 9, 2, 14, 2, 20, 4, 20, 3, 15, 2, 1, 14, 9, 4, 18, 3, 9, 4, 1, 19, 20, 4, 18, 4, 19, 3, 8, 2, 15, 4, 2, 18, 3, 1, 15, 5, 20, 9, 14, 3, 3, 7, 17, 15, 5, 16, 19, 18, 3, 18, 7, 1, 7, 10, 4, 8, 15, 20, 15, 2, 1, 20, 18, 19, 9, 18, 9, 5, 18, 19, 20, 1, 6, 19, 16, 5, 20, 20, 15, 8, 5, 13, 3, 10, 2, 1, 7, 5, 17, 13, 10, 18, 8, 19, 15, 4, 19, 18, 5, 17, 3, 20, 5, 5, 7, 7, 3, 15, 10, 13, 17, 7, 1, 10, 11, 1, 4, 19, 5, 7, 11, 13, 17, 2, 16, 12, 16, 2, 12, 12, 17, 17, 17, 8, 16, 10, 14, 6, 12, 12, 10, 14, 17, 8, 16, 6, 4, 6, 6, 12, 10, 14, 8, 16, 12, 10, 14, 19, 8, 16, 6, 11, 13, 11, 12, 7, 17, 8, 16, 13, 6, 11, 11, 6, 2, 12, 10, 1, 8, 14, 13, 6, 9, 6, 16, 13, 11, 12, 13, 11, 7, 11, 13, 11]
bestever    1804    in generation 2887
[9, 15, 14, 9, 14, 9, 9, 2, 2, 2, 20, 4, 20, 3, 15, 2, 1, 14, 9, 4, 18, 3, 9, 4, 1, 19, 20, 4, 18, 4, 19, 3, 8, 2, 15, 4, 14, 18, 3, 1, 15, 5, 20, 9, 14, 3, 3, 7, 17, 15, 5, 16, 19, 18, 3, 18, 7, 1, 7, 10, 4, 8, 15, 20, 15, 2, 1, 20, 18, 19, 9, 18, 9, 5, 18, 19, 20, 17, 1, 6, 19, 16, 5, 20, 20, 15, 8, 5, 13, 3, 10, 2, 1, 7, 5, 17, 13, 10, 18, 8, 19, 15, 4, 19, 18, 5, 17, 3, 20, 5, 5, 7, 7, 3, 15, 10, 13, 17, 7, 1, 10, 11, 1, 4, 19, 5, 7, 13, 17, 2, 16, 12, 16, 2, 12, 12, 17, 17, 8, 16, 10, 14, 6, 12, 12, 10, 14, 17, 8, 16, 6, 4, 6, 6, 12, 10, 11, 14, 8, 16, 12, 10, 14, 19, 8, 16, 6, 11, 13, 11, 12, 1, 7, 17, 8, 16, 13, 6, 11, 11, 6, 2, 12, 10, 8, 14, 13, 6, 9, 6, 16, 13, 11, 12, 13, 11, 7, 11, 13, 11]
bestever    1801    in generation 2904
[9, 15, 14, 9, 14, 9, 9, 2, 2, 2, 20, 4, 20, 3, 15, 2, 1, 14, 9, 4, 18, 3, 9, 4, 1, 19, 20, 4, 18, 4, 19, 3, 8, 2, 15, 4, 14, 18, 3, 1, 15, 5, 20, 9, 14, 3, 3, 7, 17, 15, 5, 16, 19, 18, 3, 18, 7, 1, 7, 10, 4, 8, 15, 20, 15, 2, 1, 20, 18, 19, 9, 18, 9, 5, 18, 19, 20, 17, 1, 6, 19, 7, 5, 20, 20, 15, 8, 5, 13, 3, 10, 2, 1, 7, 5, 17, 13, 10, 18, 8, 19, 15, 4, 19, 18, 5, 17, 3, 20, 5, 5, 7, 7, 3, 15, 10, 13, 17, 7, 1, 10, 11, 1, 4, 19, 5, 16, 13, 17, 2, 16, 12, 16, 2, 12, 12, 17, 17, 8, 16, 10, 14, 6, 12, 12, 10, 14, 17, 8, 16, 6, 4, 6, 6, 12, 10, 11, 14, 8, 16, 12, 10, 14, 19, 8, 16, 6, 11, 13, 11, 12, 1, 7, 17, 8, 16, 13, 6, 11, 11, 6, 2, 12, 10, 8, 14, 13, 6, 9, 6, 16, 13, 11, 12, 13, 11, 7, 11, 13, 11]
bestever    1793    in generation 2961
[9, 15, 14, 9, 14, 9, 9, 2, 2, 2, 20, 4, 20, 3, 15, 2, 1, 14, 9, 4, 18, 3, 9, 4, 1, 19, 20, 4, 18, 4, 19, 3, 8, 2, 15, 4, 14, 18, 3, 1, 15, 5, 20, 9, 14, 3, 3, 7, 17, 15, 5, 16, 19, 18, 3, 18, 1, 7, 10, 4, 8, 15, 20, 15, 2, 1, 20, 18, 19, 9, 18, 9, 5, 18, 19, 20, 17, 1, 6, 19, 7, 5, 20, 20, 8, 5, 13, 3, 10, 2, 1, 7, 17, 13, 10, 18, 8, 19, 15, 4, 19, 18, 5, 17, 20, 5, 7, 3, 15, 5, 5, 7, 7, 3, 15, 10, 13, 17, 7, 1, 10, 11, 1, 4, 19, 5, 16, 13, 17, 2, 16, 12, 16, 2, 12, 12, 17, 17, 8, 16, 10, 14, 6, 12, 12, 10, 14, 17, 8, 16, 6, 4, 6, 6, 12, 10, 11, 14, 8, 16, 12, 10, 14, 19, 8, 16, 6, 11, 13, 11, 12, 1, 7, 17, 8, 16, 13, 6, 11, 11, 6, 2, 12, 10, 8, 14, 13, 6, 9, 6, 16, 13, 11, 12, 13, 11, 7, 11, 13, 11]
bestever    1775    in generation 3344
[9, 15, 14, 9, 14, 9, 9, 2, 2, 2, 20, 4, 20, 3, 15, 2, 1, 14, 9, 4, 18, 3, 9, 4, 1, 19, 20, 4, 18, 4, 19, 3, 10, 2, 15, 4, 14, 18, 3, 1, 15, 5, 4, 9, 14, 3, 14, 3, 7, 17, 15, 5, 16, 19, 18, 3, 18, 1, 7, 10, 4, 8, 15, 20, 15, 2, 1, 20, 18, 19, 9, 18, 9, 5, 18, 19, 20, 17, 1, 6, 19, 7, 5, 20, 20, 8, 5, 13, 3, 10, 2, 1, 7, 17, 13, 10, 18, 8, 19, 15, 4, 19, 18, 5, 17, 20, 5, 7, 3, 15, 5, 5, 7, 7, 3, 15, 10, 13, 17, 7, 1, 8, 11, 1, 20, 19, 5, 16, 13, 17, 2, 16, 12, 16, 2, 12, 12, 17, 17, 8, 16, 10, 14, 6, 12, 12, 10, 14, 17, 8, 16, 6, 4, 6, 6, 12, 10, 11, 14, 8, 16, 12, 10, 19, 8, 16, 6, 11, 13, 11, 12, 1, 7, 17, 8, 16, 13, 6, 11, 11, 6, 2, 12, 10, 8, 14, 13, 6, 9, 6, 16, 13, 11, 12, 13, 11, 7, 11, 13, 11]
bestever    1767    in generation 3369
[9, 15, 14, 9, 14, 9, 9, 2, 2, 2, 20, 4, 20, 3, 15, 2, 1, 14, 9, 4, 18, 3, 9, 4, 1, 2, 20, 4, 18, 4, 19, 3, 10, 19, 15, 4, 14, 18, 3, 1, 15, 5, 4, 9, 14, 3, 14, 3, 7, 17, 15, 5, 16, 19, 18, 3, 18, 1, 7, 10, 4, 8, 15, 20, 15, 2, 1, 20, 18, 19, 9, 18, 9, 5, 18, 19, 20, 17, 1, 6, 19, 7, 5, 20, 20, 8, 5, 13, 3, 10, 2, 1, 7, 17, 13, 10, 18, 8, 19, 15, 4, 19, 18, 5, 17, 20, 5, 7, 3, 15, 5, 5, 7, 7, 3, 15, 10, 13, 17, 7, 1, 8, 11, 1, 20, 19, 5, 16, 13, 17, 2, 16, 12, 16, 2, 12, 12, 17, 17, 8, 16, 10, 14, 6, 12, 12, 10, 14, 17, 8, 16, 6, 4, 6, 6, 12, 10, 11, 14, 8, 16, 12, 10, 19, 8, 16, 6, 11, 13, 11, 12, 1, 7, 17, 8, 16, 13, 6, 11, 11, 6, 2, 12, 10, 8, 14, 13, 6, 9, 6, 16, 13, 11, 12, 13, 11, 7, 11, 13, 11]
bestever    1760    in generation 3651
[9, 15, 14, 9, 14, 9, 9, 2, 2, 2, 20, 4, 20, 3, 15, 2, 1, 14, 9, 4, 18, 3, 9, 4, 1, 2, 20, 4, 18, 4, 14, 19, 3, 10, 19, 15, 4, 14, 18, 3, 1, 15, 5, 4, 9, 14, 3, 14, 3, 7, 17, 15, 5, 7, 19, 18, 3, 18, 1, 7, 10, 4, 8, 15, 20, 15, 2, 1, 20, 18, 19, 9, 18, 9, 5, 18, 19, 20, 17, 1, 6, 19, 7, 5, 20, 20, 8, 5, 13, 3, 10, 2, 1, 7, 17, 13, 10, 18, 8, 19, 15, 4, 19, 18, 5, 17, 20, 5, 7, 12, 3, 15, 20, 5, 5, 7, 16, 3, 15, 10, 13, 7, 1, 16, 8, 11, 1, 19, 5, 13, 2, 16, 12, 16, 2, 12, 12, 17, 17, 8, 16, 17, 17, 8, 10, 14, 6, 12, 10, 14, 17, 16, 6, 4, 6, 6, 12, 10, 11, 8, 16, 12, 10, 19, 8, 16, 6, 11, 13, 11, 12, 1, 7, 17, 8, 16, 13, 6, 11, 11, 6, 2, 12, 10, 8, 14, 13, 6, 9, 6, 16, 13, 11, 12, 13, 11, 7, 11, 13, 11]
bestever    1758    in generation 3676
[9, 15, 14, 9, 14, 9, 9, 2, 2, 2, 20, 4, 20, 3, 15, 2, 1, 14, 9, 4, 18, 3, 9, 4, 1, 2, 20, 4, 18, 4, 14, 19, 3, 10, 19, 15, 4, 14, 18, 3, 1, 15, 5, 4, 9, 14, 3, 14, 3, 7, 17, 15, 5, 7, 19, 18, 3, 18, 1, 7, 10, 4, 8, 15, 20, 15, 2, 1, 20, 18, 19, 9, 18, 9, 5, 18, 19, 20, 17, 1, 6, 19, 7, 5, 20, 20, 8, 5, 3, 10, 2, 1, 7, 17, 13, 10, 18, 8, 19, 15, 4, 19, 13, 18, 5, 17, 20, 5, 12, 12, 3, 15, 20, 5, 5, 7, 16, 3, 15, 10, 13, 7, 1, 16, 8, 11, 1, 19, 5, 13, 2, 16, 7, 16, 2, 12, 12, 17, 17, 8, 16, 17, 17, 8, 10, 14, 6, 12, 10, 14, 17, 16, 6, 4, 6, 6, 12, 10, 11, 8, 16, 12, 10, 19, 8, 16, 6, 11, 13, 11, 12, 1, 7, 17, 8, 16, 13, 6, 11, 11, 6, 2, 12, 10, 8, 14, 13, 6, 9, 6, 16, 13, 11, 12, 13, 11, 7, 11, 13, 11]
bestever    1756    in generation 3746
[9, 15, 14, 9, 14, 9, 9, 2, 2, 2, 20, 4, 20, 3, 15, 2, 1, 14, 9, 4, 18, 3, 9, 4, 1, 2, 20, 4, 18, 4, 14, 19, 3, 10, 19, 15, 4, 14, 18, 3, 1, 15, 5, 4, 9, 14, 3, 14, 3, 7, 17, 15, 5, 7, 19, 18, 3, 18, 1, 7, 10, 4, 8, 15, 20, 15, 2, 1, 20, 18, 19, 9, 18, 9, 5, 18, 19, 20, 17, 1, 6, 19, 7, 5, 20, 20, 8, 5, 3, 10, 2, 1, 7, 17, 13, 10, 18, 8, 19, 15, 4, 19, 13, 18, 5, 17, 20, 5, 12, 12, 3, 15, 20, 5, 5, 7, 16, 14, 15, 10, 13, 7, 1, 16, 8, 11, 1, 19, 5, 13, 2, 16, 7, 16, 2, 12, 12, 17, 17, 8, 16, 17, 17, 8, 10, 14, 6, 12, 10, 3, 17, 16, 6, 4, 6, 6, 12, 10, 11, 8, 16, 12, 10, 19, 8, 16, 6, 11, 13, 11, 12, 1, 7, 17, 8, 16, 13, 6, 11, 11, 6, 2, 12, 10, 8, 14, 13, 6, 9, 6, 16, 13, 11, 12, 13, 11, 7, 11, 13, 11]
bestever    1754    in generation 3858
[9, 15, 14, 9, 14, 9, 9, 2, 2, 2, 20, 4, 20, 3, 15, 2, 1, 14, 9, 4, 18, 3, 9, 4, 1, 2, 20, 4, 18, 4, 14, 19, 3, 10, 19, 15, 4, 14, 18, 3, 1, 15, 5, 4, 9, 14, 3, 14, 3, 7, 17, 15, 5, 7, 19, 18, 3, 18, 1, 7, 10, 4, 8, 15, 20, 15, 2, 1, 20, 18, 19, 9, 18, 9, 5, 18, 19, 20, 17, 1, 6, 19, 7, 5, 20, 20, 8, 5, 3, 10, 2, 1, 7, 17, 13, 10, 18, 8, 19, 15, 4, 19, 13, 18, 5, 17, 20, 5, 12, 12, 3, 15, 20, 5, 5, 7, 16, 14, 15, 10, 10, 13, 7, 1, 16, 8, 11, 1, 19, 5, 13, 2, 16, 7, 16, 2, 12, 12, 17, 17, 8, 16, 17, 17, 8, 10, 14, 6, 12, 10, 3, 17, 16, 6, 4, 6, 6, 12, 11, 8, 16, 12, 10, 19, 8, 16, 6, 11, 13, 12, 1, 7, 11, 17, 8, 16, 13, 6, 11, 11, 6, 2, 12, 10, 8, 14, 13, 6, 9, 6, 16, 13, 11, 12, 13, 11, 7, 11, 13, 11]
bestever    1752    in generation 3933
[9, 15, 14, 9, 14, 9, 9, 2, 2, 2, 20, 4, 20, 3, 15, 2, 1, 14, 9, 4, 18, 3, 9, 4, 1, 2, 20, 4, 18, 4, 14, 19, 3, 10, 19, 15, 4, 14, 18, 3, 1, 15, 5, 4, 9, 14, 3, 14, 3, 7, 17, 15, 5, 7, 19, 18, 3, 18, 1, 5, 10, 4, 8, 15, 20, 15, 2, 1, 20, 18, 19, 9, 18, 9, 5, 18, 19, 20, 17, 1, 6, 19, 7, 5, 20, 20, 8, 5, 3, 10, 2, 1, 7, 17, 13, 10, 18, 8, 19, 15, 4, 19, 13, 18, 5, 17, 20, 5, 12, 12, 3, 15, 20, 7, 5, 7, 16, 14, 15, 10, 10, 13, 7, 1, 16, 8, 11, 1, 19, 5, 13, 2, 16, 7, 16, 2, 12, 12, 17, 17, 8, 16, 17, 17, 8, 10, 14, 6, 12, 10, 3, 17, 16, 6, 4, 6, 6, 12, 11, 8, 16, 12, 10, 19, 8, 16, 6, 11, 13, 12, 1, 7, 11, 17, 8, 16, 13, 6, 11, 11, 6, 2, 12, 10, 8, 14, 13, 6, 9, 6, 16, 13, 11, 12, 13, 11, 7, 11, 13, 11]
bestever    1747    in generation 4014
[9, 15, 14, 9, 14, 9, 9, 2, 2, 2, 20, 4, 20, 3, 15, 2, 1, 14, 9, 4, 18, 3, 9, 4, 1, 2, 20, 4, 18, 4, 14, 19, 3, 10, 19, 15, 4, 14, 18, 3, 1, 15, 5, 4, 9, 14, 3, 14, 3, 7, 17, 15, 5, 7, 19, 18, 3, 18, 1, 5, 10, 4, 8, 15, 20, 15, 2, 1, 20, 18, 19, 9, 18, 9, 5, 18, 19, 20, 17, 1, 6, 19, 7, 5, 20, 20, 8, 5, 3, 10, 2, 1, 7, 17, 13, 10, 18, 8, 19, 15, 4, 19, 13, 18, 5, 17, 20, 5, 12, 12, 3, 15, 20, 7, 5, 7, 4, 14, 15, 10, 10, 13, 7, 1, 16, 8, 11, 1, 19, 5, 13, 2, 16, 7, 16, 2, 12, 12, 17, 17, 8, 16, 17, 17, 8, 10, 14, 6, 12, 10, 3, 17, 16, 6, 16, 6, 6, 12, 11, 8, 16, 12, 10, 19, 8, 16, 6, 11, 13, 12, 1, 7, 11, 17, 8, 16, 13, 6, 11, 11, 6, 2, 12, 10, 8, 14, 13, 6, 9, 6, 16, 13, 11, 12, 13, 11, 7, 11, 13, 11]
bestever    1746    in generation 4047
[9, 15, 14, 9, 14, 9, 9, 2, 2, 2, 20, 4, 20, 3, 15, 2, 1, 14, 9, 4, 18, 3, 9, 4, 1, 2, 20, 4, 18, 4, 14, 19, 3, 10, 19, 15, 4, 14, 18, 3, 1, 15, 5, 4, 9, 14, 3, 14, 3, 7, 17, 15, 5, 7, 19, 18, 3, 18, 1, 5, 10, 4, 8, 15, 20, 15, 2, 1, 20, 18, 19, 9, 18, 9, 5, 18, 19, 20, 17, 1, 6, 19, 7, 5, 20, 20, 8, 5, 3, 10, 2, 1, 7, 17, 13, 10, 18, 8, 19, 15, 4, 19, 13, 9, 5, 17, 20, 5, 12, 12, 3, 15, 20, 7, 5, 7, 4, 14, 15, 10, 10, 13, 7, 1, 16, 8, 11, 1, 19, 5, 13, 2, 16, 7, 16, 2, 12, 12, 17, 17, 8, 16, 17, 17, 8, 10, 14, 6, 12, 10, 3, 17, 16, 6, 16, 6, 6, 12, 11, 8, 16, 12, 10, 19, 8, 16, 6, 11, 13, 12, 1, 7, 11, 17, 8, 16, 13, 6, 11, 11, 6, 2, 12, 10, 8, 14, 13, 6, 18, 6, 16, 13, 11, 12, 13, 11, 7, 11, 13, 11]
bestever    1744    in generation 4900
[9, 15, 14, 9, 14, 9, 9, 2, 2, 2, 2, 2, 20, 4, 20, 3, 15, 1, 14, 9, 4, 18, 3, 9, 4, 1, 19, 20, 4, 18, 4, 14, 2, 3, 10, 19, 15, 4, 14, 18, 1, 3, 15, 5, 4, 9, 14, 3, 14, 7, 3, 17, 15, 5, 7, 19, 18, 15, 18, 1, 5, 10, 4, 13, 3, 20, 15, 1, 20, 18, 19, 9, 18, 9, 5, 18, 19, 20, 17, 1, 6, 19, 7, 5, 20, 20, 8, 5, 3, 10, 2, 1, 7, 17, 13, 10, 18, 8, 19, 15, 4, 19, 13, 9, 5, 17, 20, 5, 12, 12, 3, 15, 20, 7, 5, 7, 4, 14, 15, 10, 10, 7, 1, 16, 8, 1, 19, 5, 13, 11, 8, 2, 16, 7, 16, 2, 12, 12, 17, 17, 8, 16, 17, 17, 8, 10, 14, 6, 12, 10, 3, 17, 16, 6, 16, 6, 6, 12, 6, 11, 8, 16, 12, 10, 2, 8, 16, 6, 11, 13, 12, 1, 7, 17, 8, 16, 6, 6, 19, 11, 13, 11, 12, 10, 8, 14, 6, 13, 18, 16, 13, 11, 12, 13, 11, 11, 7, 11, 13, 11]
bestever    1743    in generation 4912
[9, 15, 14, 9, 14, 9, 9, 2, 2, 2, 2, 2, 20, 4, 20, 3, 15, 1, 14, 9, 4, 4, 3, 9, 18, 1, 19, 20, 4, 18, 4, 14, 2, 3, 10, 19, 15, 4, 14, 18, 1, 3, 15, 5, 4, 9, 14, 3, 14, 7, 20, 17, 15, 5, 7, 19, 18, 15, 18, 1, 5, 10, 4, 13, 3, 20, 15, 1, 3, 18, 19, 9, 18, 9, 5, 18, 19, 20, 17, 1, 6, 19, 7, 5, 20, 20, 8, 5, 3, 10, 2, 1, 7, 17, 13, 10, 18, 8, 19, 15, 4, 19, 13, 9, 5, 17, 20, 5, 12, 12, 3, 15, 20, 7, 5, 7, 4, 14, 15, 10, 10, 7, 1, 16, 8, 1, 19, 5, 13, 11, 8, 2, 16, 7, 16, 2, 12, 12, 17, 17, 8, 16, 17, 17, 8, 10, 14, 6, 12, 10, 3, 17, 16, 6, 16, 6, 6, 12, 6, 11, 8, 16, 12, 10, 2, 8, 16, 6, 11, 13, 12, 1, 7, 17, 8, 16, 6, 6, 19, 11, 13, 11, 12, 10, 8, 14, 6, 13, 18, 16, 13, 11, 12, 13, 11, 11, 7, 11, 13, 11]
bestever    1740    in generation 5715
[9, 15, 14, 9, 14, 9, 9, 2, 2, 2, 2, 2, 20, 4, 9, 3, 15, 1, 14, 20, 4, 4, 3, 9, 18, 1, 19, 20, 4, 18, 4, 14, 2, 3, 10, 19, 15, 4, 14, 18, 1, 3, 15, 5, 4, 9, 14, 3, 14, 7, 20, 17, 15, 5, 7, 19, 18, 15, 18, 1, 5, 4, 4, 13, 3, 1, 15, 20, 3, 18, 19, 9, 18, 9, 5, 18, 19, 20, 17, 1, 6, 19, 7, 5, 20, 20, 8, 5, 3, 10, 2, 1, 7, 19, 13, 10, 10, 18, 8, 17, 15, 12, 19, 13, 9, 5, 20, 17, 5, 4, 12, 3, 15, 20, 7, 5, 7, 10, 14, 15, 10, 7, 1, 16, 8, 1, 19, 5, 13, 8, 2, 11, 16, 7, 6, 2, 12, 12, 17, 17, 8, 16, 17, 17, 8, 10, 14, 6, 12, 10, 3, 17, 16, 6, 16, 6, 16, 12, 6, 8, 16, 12, 10, 2, 8, 16, 6, 11, 1, 7, 17, 8, 16, 6, 6, 11, 12, 11, 13, 19, 11, 13, 18, 13, 13, 14, 12, 10, 7, 8, 16, 6, 11, 11, 13, 11, 13, 12, 11, 11]
bestever    1730    in generation 5828
[9, 15, 14, 9, 14, 9, 9, 2, 2, 2, 2, 2, 20, 4, 9, 3, 15, 1, 14, 20, 4, 4, 3, 9, 18, 1, 19, 20, 4, 18, 4, 14, 2, 3, 10, 19, 15, 4, 14, 18, 1, 3, 15, 5, 4, 9, 14, 3, 7, 20, 17, 15, 5, 7, 19, 18, 15, 18, 1, 5, 4, 4, 13, 3, 1, 15, 20, 3, 18, 19, 9, 18, 9, 5, 18, 19, 20, 17, 1, 19, 7, 5, 20, 20, 8, 5, 3, 10, 2, 1, 7, 19, 13, 10, 10, 18, 8, 17, 15, 12, 19, 13, 9, 5, 20, 17, 5, 4, 3, 15, 20, 7, 5, 7, 10, 14, 15, 7, 1, 16, 8, 1, 19, 5, 13, 8, 2, 16, 2, 12, 17, 17, 14, 12, 12, 6, 10, 6, 7, 8, 16, 17, 17, 8, 10, 14, 6, 12, 10, 3, 17, 16, 6, 16, 6, 16, 12, 6, 8, 16, 10, 2, 8, 16, 6, 1, 7, 17, 8, 16, 6, 6, 12, 11, 11, 11, 12, 11, 13, 19, 11, 13, 18, 13, 13, 14, 12, 10, 7, 8, 16, 6, 11, 11, 13, 11, 13, 12, 11, 11]
bestever    1729    in generation 5865
[9, 15, 14, 9, 14, 9, 9, 2, 2, 2, 2, 4, 20, 4, 9, 3, 15, 1, 14, 20, 4, 4, 3, 9, 18, 1, 19, 20, 2, 18, 4, 14, 2, 3, 10, 19, 15, 4, 14, 18, 1, 3, 15, 5, 4, 9, 14, 3, 7, 20, 17, 15, 5, 7, 19, 18, 15, 18, 1, 5, 4, 4, 13, 3, 1, 15, 20, 3, 18, 9, 9, 18, 19, 5, 18, 19, 20, 17, 1, 19, 7, 5, 20, 20, 8, 5, 3, 10, 2, 1, 7, 19, 13, 10, 10, 18, 8, 17, 15, 12, 19, 13, 9, 5, 20, 17, 5, 4, 3, 15, 20, 7, 5, 7, 10, 14, 15, 7, 1, 16, 8, 1, 19, 5, 13, 8, 2, 16, 2, 12, 17, 17, 14, 12, 12, 6, 10, 6, 7, 8, 16, 17, 17, 8, 10, 14, 6, 12, 10, 3, 17, 16, 6, 16, 6, 16, 12, 6, 8, 16, 10, 2, 8, 16, 6, 1, 7, 17, 8, 16, 6, 6, 12, 11, 11, 11, 12, 11, 13, 19, 11, 13, 18, 13, 13, 14, 12, 10, 7, 8, 16, 6, 11, 11, 13, 11, 13, 12, 11, 11]
bestever    1727    in generation 5914
[9, 15, 14, 9, 14, 9, 9, 2, 2, 2, 2, 4, 20, 4, 9, 3, 15, 1, 14, 20, 4, 4, 3, 9, 18, 1, 19, 20, 2, 18, 4, 14, 2, 3, 10, 19, 15, 4, 14, 18, 1, 3, 15, 5, 4, 9, 14, 3, 7, 20, 17, 15, 5, 7, 19, 18, 15, 18, 1, 15, 4, 4, 13, 3, 1, 15, 20, 3, 18, 9, 9, 18, 19, 5, 18, 19, 20, 17, 1, 19, 7, 5, 20, 20, 8, 5, 3, 10, 2, 1, 7, 19, 13, 10, 10, 18, 8, 17, 5, 12, 19, 13, 9, 5, 20, 17, 5, 4, 3, 15, 20, 7, 5, 7, 10, 14, 15, 7, 1, 16, 8, 1, 19, 5, 13, 8, 2, 16, 2, 12, 17, 17, 14, 12, 12, 6, 10, 6, 7, 8, 16, 17, 17, 8, 10, 14, 6, 12, 10, 3, 17, 16, 6, 16, 6, 16, 12, 6, 8, 16, 10, 2, 8, 16, 6, 1, 7, 17, 8, 16, 6, 6, 12, 11, 11, 12, 13, 19, 13, 18, 13, 13, 14, 12, 10, 7, 8, 11, 16, 11, 11, 6, 11, 11, 13, 11, 13, 12, 11, 11]
bestever    1721    in generation 6008
[9, 15, 14, 9, 14, 9, 9, 2, 2, 2, 2, 4, 20, 4, 9, 3, 15, 1, 14, 20, 4, 4, 3, 9, 18, 1, 19, 20, 2, 18, 4, 14, 2, 3, 10, 19, 15, 4, 14, 18, 1, 3, 15, 5, 4, 9, 14, 3, 7, 20, 17, 15, 5, 7, 19, 18, 15, 18, 1, 15, 4, 4, 13, 3, 1, 15, 20, 3, 18, 9, 9, 18, 19, 5, 18, 19, 20, 17, 1, 19, 7, 5, 20, 20, 8, 15, 3, 10, 2, 1, 7, 19, 13, 10, 10, 18, 8, 17, 5, 12, 19, 13, 9, 5, 20, 17, 5, 4, 3, 15, 20, 7, 5, 7, 10, 14, 5, 7, 1, 16, 8, 1, 19, 5, 13, 8, 2, 16, 2, 12, 17, 17, 14, 12, 12, 6, 10, 6, 7, 8, 16, 17, 17, 8, 10, 14, 6, 12, 10, 3, 17, 16, 6, 16, 6, 16, 12, 6, 8, 16, 10, 2, 8, 16, 6, 1, 7, 17, 8, 16, 6, 6, 12, 11, 11, 12, 13, 19, 13, 18, 13, 13, 14, 12, 10, 7, 8, 11, 16, 11, 11, 6, 11, 11, 13, 11, 13, 12, 11, 11]
bestever    1717    in generation 6236
[9, 15, 14, 9, 14, 9, 9, 2, 2, 4, 2, 4, 20, 4, 9, 3, 15, 1, 14, 20, 4, 4, 3, 9, 18, 1, 19, 20, 3, 15, 5, 2, 9, 14, 3, 7, 20, 17, 15, 2, 18, 4, 14, 2, 3, 10, 19, 15, 4, 14, 18, 1, 5, 7, 19, 18, 15, 18, 1, 15, 4, 4, 13, 3, 1, 15, 20, 3, 18, 9, 9, 18, 19, 5, 18, 19, 20, 17, 1, 19, 7, 5, 20, 20, 8, 15, 3, 10, 2, 1, 7, 19, 13, 10, 10, 18, 8, 17, 5, 12, 19, 13, 9, 5, 20, 17, 5, 4, 3, 15, 20, 7, 5, 7, 10, 14, 5, 7, 1, 16, 8, 1, 19, 5, 13, 8, 2, 16, 2, 12, 17, 17, 14, 12, 12, 6, 18, 10, 6, 7, 8, 16, 17, 17, 8, 10, 14, 6, 12, 10, 3, 17, 16, 6, 16, 6, 16, 12, 6, 8, 16, 10, 2, 8, 16, 6, 1, 7, 17, 12, 8, 16, 6, 6, 11, 11, 12, 13, 19, 13, 13, 13, 14, 12, 10, 7, 8, 11, 16, 11, 11, 6, 11, 11, 13, 11, 13, 12, 11, 11]
bestever    1702    in generation 6315
[9, 15, 14, 9, 14, 9, 9, 2, 2, 4, 2, 4, 20, 4, 9, 3, 15, 1, 14, 20, 4, 4, 3, 9, 18, 1, 19, 20, 3, 15, 5, 2, 9, 14, 3, 7, 20, 17, 15, 2, 18, 4, 14, 2, 3, 10, 19, 15, 4, 14, 18, 1, 5, 7, 19, 18, 15, 18, 1, 15, 4, 4, 13, 3, 1, 15, 20, 3, 18, 9, 9, 18, 19, 5, 18, 19, 20, 17, 1, 19, 7, 5, 20, 20, 8, 15, 3, 10, 2, 1, 7, 19, 13, 10, 10, 18, 8, 17, 5, 12, 2, 13, 9, 5, 20, 17, 5, 4, 3, 15, 20, 7, 5, 7, 10, 14, 5, 7, 1, 16, 8, 1, 19, 5, 13, 8, 19, 16, 2, 12, 17, 17, 14, 12, 12, 6, 18, 10, 6, 7, 8, 16, 17, 17, 8, 10, 14, 6, 12, 10, 3, 17, 16, 6, 16, 6, 16, 12, 6, 8, 16, 10, 2, 8, 16, 6, 1, 7, 17, 12, 8, 16, 6, 6, 11, 11, 12, 13, 19, 13, 13, 13, 14, 12, 10, 7, 8, 11, 16, 11, 11, 6, 11, 11, 13, 11, 13, 12, 11, 11]
bestever    1699    in generation 6376
[9, 15, 14, 9, 14, 9, 9, 2, 2, 4, 2, 4, 20, 4, 9, 3, 15, 1, 14, 20, 4, 4, 3, 9, 18, 1, 19, 20, 3, 15, 5, 2, 9, 14, 3, 7, 20, 17, 15, 2, 18, 4, 14, 2, 3, 10, 19, 15, 4, 14, 18, 1, 5, 7, 19, 18, 15, 18, 1, 17, 4, 4, 13, 3, 1, 15, 20, 3, 18, 9, 9, 18, 19, 5, 18, 19, 20, 17, 1, 19, 7, 5, 20, 20, 8, 15, 3, 10, 2, 1, 7, 19, 13, 10, 10, 18, 8, 17, 5, 12, 2, 13, 9, 5, 20, 15, 5, 4, 3, 15, 20, 7, 5, 7, 10, 14, 5, 7, 1, 16, 8, 1, 19, 5, 13, 8, 19, 16, 2, 12, 17, 17, 14, 12, 12, 6, 18, 10, 6, 7, 8, 16, 17, 17, 8, 10, 14, 6, 12, 10, 3, 17, 16, 6, 16, 6, 16, 12, 6, 8, 16, 10, 2, 8, 16, 6, 1, 7, 17, 12, 8, 16, 6, 6, 11, 11, 12, 13, 19, 13, 13, 13, 14, 12, 10, 7, 8, 11, 16, 11, 11, 6, 11, 11, 13, 11, 13, 12, 11, 11]
bestever    1694    in generation 6499
[9, 15, 14, 9, 14, 9, 9, 2, 2, 4, 2, 4, 20, 4, 9, 3, 15, 1, 14, 20, 4, 4, 3, 9, 18, 1, 19, 20, 3, 15, 5, 2, 9, 14, 3, 7, 2, 20, 17, 15, 2, 18, 4, 14, 2, 3, 10, 19, 15, 4, 14, 18, 1, 5, 7, 19, 18, 15, 18, 1, 17, 4, 4, 13, 3, 1, 15, 20, 3, 18, 9, 9, 18, 19, 5, 18, 19, 20, 17, 1, 19, 7, 5, 20, 20, 8, 15, 3, 10, 1, 7, 19, 13, 10, 10, 18, 8, 17, 5, 12, 2, 13, 9, 5, 20, 15, 5, 4, 3, 15, 20, 7, 5, 7, 10, 14, 5, 7, 1, 16, 8, 1, 19, 5, 13, 8, 19, 2, 17, 17, 14, 12, 12, 18, 10, 7, 17, 17, 8, 14, 12, 10, 3, 17, 6, 16, 6, 16, 12, 6, 8, 16, 10, 6, 16, 6, 16, 12, 6, 8, 16, 10, 2, 8, 16, 6, 1, 7, 17, 12, 8, 16, 6, 6, 11, 11, 12, 13, 19, 13, 13, 13, 14, 12, 10, 7, 8, 11, 16, 11, 11, 6, 11, 11, 13, 11, 13, 12, 11, 11]
bestever    1689    in generation 6505
[9, 15, 14, 9, 14, 9, 9, 2, 2, 4, 2, 4, 20, 4, 9, 3, 15, 1, 14, 20, 4, 4, 3, 9, 18, 1, 19, 20, 3, 15, 5, 2, 9, 14, 3, 7, 2, 20, 17, 15, 2, 18, 4, 14, 2, 3, 10, 19, 15, 4, 14, 18, 1, 5, 7, 19, 18, 15, 18, 1, 17, 4, 4, 13, 3, 1, 15, 20, 3, 18, 9, 15, 18, 19, 5, 18, 19, 20, 17, 1, 19, 7, 5, 20, 20, 8, 15, 3, 10, 1, 7, 19, 13, 10, 10, 18, 8, 17, 5, 12, 2, 13, 9, 5, 20, 15, 5, 4, 3, 9, 20, 7, 5, 7, 10, 14, 5, 7, 1, 16, 8, 1, 19, 5, 13, 8, 19, 2, 17, 17, 14, 12, 12, 18, 10, 7, 17, 17, 8, 14, 12, 10, 3, 17, 6, 16, 6, 16, 12, 6, 8, 16, 10, 6, 16, 6, 16, 12, 6, 8, 16, 10, 2, 8, 16, 6, 1, 7, 17, 12, 8, 16, 6, 6, 11, 11, 12, 13, 19, 13, 13, 13, 14, 12, 10, 7, 8, 11, 16, 11, 11, 6, 11, 11, 13, 11, 13, 12, 11, 11]
bestever    1688    in generation 6535
[9, 15, 14, 9, 14, 9, 9, 2, 2, 4, 2, 4, 20, 4, 9, 3, 15, 1, 14, 20, 4, 4, 3, 9, 18, 1, 19, 20, 3, 15, 5, 2, 9, 14, 3, 7, 2, 20, 17, 15, 2, 18, 4, 14, 2, 3, 10, 19, 15, 4, 14, 18, 1, 5, 7, 19, 18, 15, 18, 1, 17, 4, 4, 13, 3, 1, 15, 20, 3, 18, 9, 15, 3, 19, 5, 18, 19, 20, 17, 1, 19, 7, 5, 20, 20, 8, 15, 3, 10, 1, 7, 19, 13, 10, 10, 18, 8, 17, 5, 12, 2, 13, 9, 5, 20, 15, 5, 4, 18, 9, 20, 7, 5, 7, 10, 14, 5, 7, 1, 16, 8, 1, 19, 5, 13, 8, 19, 2, 17, 17, 14, 12, 12, 18, 10, 7, 17, 17, 8, 14, 12, 10, 3, 17, 6, 16, 6, 16, 12, 6, 8, 16, 10, 6, 16, 6, 16, 12, 6, 8, 16, 10, 2, 8, 16, 6, 1, 7, 17, 12, 8, 16, 6, 6, 11, 11, 12, 13, 19, 13, 13, 13, 14, 12, 10, 7, 8, 11, 16, 11, 11, 6, 11, 11, 13, 11, 13, 12, 11, 11]
bestever    1687    in generation 6555
[9, 15, 14, 9, 14, 9, 9, 2, 2, 4, 2, 4, 20, 4, 9, 3, 15, 1, 14, 20, 4, 4, 3, 9, 18, 1, 19, 20, 3, 15, 5, 2, 9, 14, 3, 7, 2, 20, 17, 15, 2, 18, 4, 14, 2, 3, 10, 19, 15, 4, 14, 18, 1, 5, 7, 19, 18, 15, 18, 1, 17, 4, 4, 13, 3, 1, 15, 20, 3, 18, 9, 15, 3, 19, 5, 18, 19, 20, 17, 1, 19, 7, 5, 20, 20, 8, 15, 3, 10, 1, 7, 19, 13, 10, 16, 18, 8, 17, 5, 12, 2, 13, 9, 5, 20, 15, 5, 4, 18, 9, 20, 7, 5, 7, 10, 14, 5, 7, 1, 16, 8, 1, 19, 5, 13, 8, 19, 2, 17, 17, 14, 12, 12, 18, 10, 7, 17, 17, 8, 14, 12, 10, 3, 17, 6, 16, 6, 16, 12, 6, 8, 16, 10, 6, 16, 6, 10, 12, 6, 8, 16, 10, 2, 8, 16, 6, 1, 7, 17, 12, 8, 16, 6, 6, 11, 11, 12, 13, 19, 13, 13, 13, 14, 12, 10, 7, 8, 11, 16, 11, 11, 6, 11, 11, 13, 11, 13, 12, 11, 11]
bestever    1686    in generation 6596
[9, 15, 14, 9, 14, 9, 9, 2, 2, 4, 2, 4, 20, 4, 9, 3, 15, 1, 14, 20, 4, 4, 3, 9, 18, 1, 19, 20, 3, 15, 5, 2, 9, 14, 3, 7, 2, 20, 17, 15, 2, 18, 4, 14, 2, 3, 10, 19, 15, 4, 14, 18, 1, 5, 7, 19, 18, 15, 18, 1, 17, 4, 4, 13, 3, 1, 15, 20, 3, 18, 9, 15, 3, 19, 5, 18, 19, 20, 17, 1, 19, 7, 5, 20, 20, 8, 15, 3, 10, 1, 7, 19, 13, 10, 16, 18, 8, 17, 5, 12, 2, 13, 9, 5, 20, 15, 5, 4, 18, 9, 20, 7, 5, 7, 10, 14, 5, 7, 1, 16, 8, 1, 19, 5, 13, 8, 19, 2, 17, 17, 14, 12, 12, 18, 10, 7, 17, 17, 8, 14, 12, 10, 3, 17, 6, 16, 6, 16, 12, 6, 8, 16, 10, 6, 16, 6, 10, 12, 6, 8, 16, 10, 2, 8, 16, 1, 7, 17, 12, 8, 16, 6, 6, 6, 11, 11, 12, 13, 19, 13, 13, 13, 14, 12, 10, 7, 8, 11, 16, 11, 11, 6, 11, 11, 13, 11, 13, 12, 11, 11]
bestever    1685    in generation 7297
[9, 15, 14, 9, 14, 9, 9, 2, 2, 4, 2, 4, 20, 4, 9, 3, 15, 1, 14, 20, 4, 4, 3, 9, 4, 18, 1, 19, 20, 3, 15, 14, 5, 2, 9, 4, 14, 3, 7, 2, 20, 17, 15, 2, 18, 14, 2, 3, 10, 19, 15, 4, 14, 18, 1, 5, 7, 19, 18, 15, 18, 1, 17, 4, 13, 3, 1, 15, 20, 3, 18, 9, 15, 3, 19, 5, 14, 7, 18, 5, 20, 17, 1, 19, 7, 19, 5, 20, 20, 8, 15, 3, 10, 1, 7, 19, 13, 10, 16, 18, 10, 17, 5, 12, 2, 13, 9, 20, 5, 15, 5, 4, 18, 9, 20, 6, 7, 8, 5, 7, 1, 16, 8, 1, 19, 2, 13, 8, 19, 5, 17, 17, 14, 12, 12, 18, 10, 7, 17, 17, 8, 12, 10, 3, 17, 6, 16, 6, 16, 12, 6, 8, 16, 10, 16, 6, 12, 6, 8, 16, 10, 10, 2, 8, 16, 1, 7, 17, 12, 8, 16, 6, 6, 6, 12, 13, 19, 13, 11, 11, 13, 13, 14, 12, 10, 11, 8, 11, 16, 11, 6, 11, 7, 13, 11, 11, 13, 12, 11, 11]
