bestever    3375    in generation 0
[11, 20, 9, 7, 13, 18, 19, 14, 11, 10, 18, 5, 7, 14, 2, 15, 15, 18, 5, 5, 13, 5, 16, 7, 14, 11, 1, 12, 11, 13, 14, 1, 10, 5, 14, 20, 20, 16, 18, 11, 3, 18, 16, 19, 16, 8, 9, 8, 13, 13, 3, 7, 18, 19, 6, 2, 12, 7, 5, 5, 11, 1, 3, 13, 4, 8, 19, 6, 18, 4, 13, 19, 2, 8, 19, 8, 10, 11, 10, 17, 9, 3, 6, 18, 16, 17, 6, 10, 20, 1, 19, 19, 16, 16, 7, 9, 7, 9, 1, 2, 16, 9, 3, 17, 4, 6, 5, 4, 20, 6, 20, 4, 13, 10, 20, 9, 1, 20, 4, 2, 14, 5, 17, 3, 19, 11, 16, 2, 14, 1, 12, 17, 1, 9, 2, 14, 7, 2, 15, 19, 15, 9, 10, 3, 6, 1, 7, 11, 15, 11, 6, 20, 12, 20, 17, 17, 10, 10, 15, 2, 15, 12, 6, 14, 17, 12, 12, 16, 14, 8, 10, 8, 8, 17, 7, 17, 12, 13, 4, 13, 4, 15, 12, 18, 18, 8, 1, 4, 3, 3, 15, 3, 6, 9, 8, 4, 15, 5, 12, 2]
bestever    3244    in generation 2
[6, 7, 13, 13, 3, 8, 4, 19, 3, 6, 14, 1, 5, 2, 8, 14, 3, 7, 19, 14, 1, 15, 18, 5, 1, 4, 4, 19, 15, 19, 8, 4, 8, 4, 8, 16, 8, 2, 1, 16, 18, 1, 18, 7, 16, 16, 2, 4, 2, 7, 1, 7, 7, 4, 10, 10, 9, 9, 4, 19, 20, 20, 17, 15, 12, 11, 12, 2, 2, 18, 11, 15, 3, 20, 12, 5, 16, 9, 19, 16, 12, 18, 3, 20, 15, 16, 17, 11, 16, 17, 5, 5, 16, 6, 14, 9, 20, 11, 15, 11, 13, 2, 10, 8, 11, 15, 17, 5, 19, 19, 6, 10, 13, 14, 17, 12, 9, 20, 2, 18, 6, 16, 1, 6, 7, 20, 5, 8, 20, 12, 18, 4, 15, 15, 5, 12, 10, 2, 7, 11, 10, 20, 3, 6, 14, 9, 10, 11, 17, 17, 13, 18, 6, 7, 13, 13, 3, 8, 12, 13, 4, 19, 3, 6, 14, 1, 12, 5, 10, 13, 2, 8, 11, 14, 9, 3, 10, 7, 19, 14, 1, 15, 18, 5, 9, 9, 1, 17, 12, 20, 3, 6, 14, 9, 10, 11, 17, 17, 13, 18]
bestever    2999    in generation 3
[19, 14, 1, 5, 11, 14, 9, 19, 14, 1, 18, 5, 20, 19, 8, 8, 16, 8, 16, 18, 18, 5, 16, 16, 5, 5, 18, 18, 4, 4, 15, 8, 18, 4, 15, 15, 12, 2, 3, 9, 10, 17, 17, 18, 7, 13, 3, 8, 12, 13, 4, 3, 6, 14, 1, 12, 5, 7, 5, 5, 11, 1, 3, 13, 4, 8, 19, 6, 18, 4, 13, 19, 2, 8, 19, 8, 10, 11, 10, 17, 9, 3, 6, 18, 16, 17, 6, 10, 20, 1, 19, 19, 16, 16, 7, 9, 7, 9, 1, 2, 16, 9, 3, 17, 4, 6, 5, 4, 20, 6, 20, 4, 13, 10, 20, 9, 1, 20, 4, 2, 14, 5, 17, 3, 19, 11, 16, 2, 14, 1, 12, 17, 1, 9, 2, 14, 7, 2, 15, 19, 15, 9, 10, 3, 6, 1, 7, 11, 15, 11, 6, 20, 12, 20, 17, 17, 10, 10, 15, 2, 15, 12, 6, 14, 17, 12, 12, 16, 10, 13, 2, 8, 7, 11, 8, 20, 10, 15, 11, 14, 15, 7, 12, 2, 7, 11, 20, 3, 6, 14, 9, 11, 13, 18, 7, 13, 13, 3, 12, 13]
bestever    2978    in generation 5
[4, 19, 3, 14, 1, 5, 2, 8, 14, 9, 3, 19, 1, 15, 18, 5, 9, 1, 4, 4, 20, 20, 19, 6, 19, 8, 4, 8, 4, 16, 20, 2, 1, 3, 16, 18, 1, 18, 7, 5, 16, 16, 19, 5, 5, 18, 18, 2, 19, 4, 2, 17, 2, 2, 6, 1, 19, 6, 4, 15, 1, 20, 18, 4, 15, 18, 13, 13, 4, 3, 18, 10, 3, 6, 13, 8, 8, 9, 10, 3, 1, 7, 11, 17, 17, 15, 15, 17, 12, 12, 14, 8, 8, 16, 12, 3, 10, 5, 16, 9, 14, 9, 9, 9, 19, 16, 5, 9, 11, 16, 19, 16, 1, 14, 11, 20, 10, 5, 18, 1, 20, 5, 10, 2, 7, 11, 10, 20, 3, 6, 14, 9, 10, 11, 13, 6, 7, 13, 13, 4, 19, 5, 10, 7, 11, 8, 20, 11, 15, 7, 12, 2, 11, 20, 6, 17, 10, 10, 15, 2, 15, 12, 6, 14, 17, 12, 12, 16, 14, 8, 17, 7, 17, 12, 13, 15, 11, 14, 15, 7, 12, 2, 7, 11, 20, 3, 6, 14, 9, 17, 17, 13, 18, 6, 7, 13, 13, 3, 8, 12]
bestever    2938    in generation 7
[19, 14, 1, 5, 11, 14, 9, 19, 14, 1, 18, 5, 20, 19, 8, 8, 16, 8, 16, 18, 18, 5, 16, 16, 5, 5, 18, 18, 4, 4, 15, 8, 18, 4, 15, 15, 12, 2, 3, 9, 10, 17, 17, 18, 7, 13, 3, 8, 12, 13, 4, 3, 6, 14, 1, 12, 5, 7, 5, 5, 11, 1, 3, 13, 4, 8, 19, 6, 18, 4, 13, 19, 2, 8, 19, 8, 10, 11, 10, 17, 9, 3, 6, 18, 16, 17, 6, 10, 20, 1, 19, 19, 16, 16, 7, 9, 7, 9, 1, 2, 16, 9, 3, 17, 4, 6, 5, 4, 20, 6, 20, 4, 13, 10, 20, 9, 1, 20, 4, 2, 14, 5, 17, 3, 19, 11, 16, 2, 14, 1, 12, 17, 1, 9, 2, 14, 7, 2, 15, 19, 15, 9, 10, 3, 6, 1, 7, 11, 15, 11, 6, 20, 12, 20, 17, 17, 10, 15, 2, 15, 12, 6, 17, 12, 16, 13, 2, 8, 8, 20, 10, 14, 12, 10, 7, 11, 10, 15, 11, 14, 15, 7, 12, 2, 7, 11, 20, 3, 6, 14, 9, 11, 13, 18, 7, 13, 13, 3, 12, 13]
bestever    2889    in generation 8
[1, 5, 14, 9, 19, 1, 18, 5, 20, 19, 8, 8, 16, 8, 16, 18, 18, 5, 16, 16, 5, 5, 18, 18, 4, 4, 15, 18, 4, 2, 3, 9, 17, 18, 7, 3, 4, 3, 6, 1, 1, 4, 19, 6, 4, 19, 2, 19, 6, 20, 1, 19, 1, 2, 4, 4, 20, 20, 1, 15, 15, 2, 2, 2, 8, 12, 13, 13, 4, 3, 18, 10, 3, 6, 13, 8, 8, 9, 10, 3, 1, 7, 11, 17, 17, 15, 15, 17, 12, 12, 14, 8, 8, 16, 12, 3, 10, 5, 16, 9, 14, 9, 9, 9, 19, 16, 5, 9, 11, 16, 19, 16, 1, 14, 11, 20, 10, 5, 18, 1, 20, 5, 10, 2, 7, 11, 10, 20, 3, 6, 14, 9, 10, 11, 13, 6, 7, 13, 13, 4, 19, 5, 10, 7, 11, 8, 20, 11, 15, 7, 12, 2, 11, 20, 6, 17, 10, 10, 15, 2, 15, 12, 6, 14, 17, 12, 12, 16, 14, 8, 17, 7, 17, 12, 13, 15, 11, 14, 15, 7, 12, 2, 7, 11, 20, 3, 6, 14, 9, 17, 17, 13, 18, 6, 7, 13, 13, 3, 19, 14]
bestever    2874    in generation 9
[4, 19, 3, 14, 1, 5, 2, 8, 14, 9, 3, 19, 1, 15, 18, 5, 9, 1, 4, 4, 20, 20, 19, 6, 19, 8, 4, 8, 4, 16, 20, 2, 1, 3, 16, 18, 1, 18, 7, 5, 16, 16, 19, 5, 5, 18, 18, 2, 19, 4, 2, 17, 2, 6, 1, 19, 6, 4, 15, 1, 20, 18, 4, 15, 18, 13, 13, 4, 3, 18, 10, 6, 8, 8, 9, 10, 1, 7, 11, 17, 17, 15, 17, 12, 8, 8, 16, 3, 10, 5, 16, 9, 9, 9, 9, 19, 16, 5, 11, 16, 19, 16, 1, 14, 11, 20, 10, 5, 20, 5, 10, 7, 11, 10, 20, 3, 6, 14, 9, 10, 11, 6, 13, 10, 7, 11, 15, 7, 2, 6, 17, 15, 15, 12, 14, 17, 14, 7, 6, 17, 17, 12, 12, 16, 13, 2, 11, 20, 15, 7, 12, 2, 11, 20, 6, 17, 10, 2, 8, 14, 3, 14, 9, 3, 12, 19, 1, 5, 4, 12, 13, 8, 13, 8, 18, 17, 10, 15, 11, 14, 15, 7, 12, 2, 7, 11, 20, 3, 6, 14, 9, 13, 18, 7, 13, 13, 3, 12, 13, 12]
bestever    2826    in generation 15
[4, 19, 3, 14, 1, 5, 2, 8, 14, 9, 3, 19, 1, 15, 18, 5, 9, 1, 4, 4, 20, 20, 19, 6, 19, 8, 4, 8, 4, 16, 20, 2, 1, 3, 16, 18, 1, 18, 7, 5, 16, 16, 19, 5, 5, 18, 18, 2, 19, 4, 2, 17, 2, 6, 1, 19, 6, 4, 15, 1, 20, 18, 4, 15, 18, 13, 13, 4, 3, 10, 6, 8, 8, 9, 10, 1, 11, 17, 17, 15, 17, 8, 8, 16, 10, 5, 16, 9, 19, 16, 5, 11, 16, 19, 16, 11, 10, 5, 20, 5, 10, 10, 20, 6, 9, 10, 6, 10, 11, 15, 2, 17, 14, 16, 11, 20, 7, 11, 20, 6, 10, 2, 8, 14, 3, 14, 9, 3, 1, 12, 8, 18, 15, 2, 20, 14, 3, 9, 19, 1, 5, 4, 18, 13, 7, 13, 9, 7, 2, 6, 6, 13, 3, 11, 14, 11, 12, 12, 13, 7, 12, 9, 7, 12, 17, 17, 7, 17, 17, 15, 15, 17, 12, 12, 14, 8, 10, 15, 11, 14, 15, 7, 12, 2, 7, 11, 20, 3, 6, 14, 9, 13, 18, 7, 13, 13, 3, 12, 13, 12]
bestever    2730    in generation 26
[4, 19, 3, 14, 1, 5, 2, 8, 14, 9, 3, 19, 1, 15, 18, 5, 9, 1, 4, 4, 20, 20, 19, 6, 19, 8, 4, 8, 4, 16, 20, 2, 1, 3, 16, 18, 1, 18, 7, 5, 16, 16, 19, 5, 5, 18, 18, 2, 19, 4, 2, 17, 2, 6, 1, 19, 6, 4, 15, 1, 20, 18, 4, 15, 18, 13, 13, 4, 3, 10, 6, 8, 8, 9, 10, 1, 11, 17, 17, 15, 17, 8, 8, 16, 10, 5, 16, 9, 19, 16, 5, 11, 16, 19, 16, 11, 10, 5, 20, 5, 10, 10, 20, 6, 9, 10, 6, 10, 11, 15, 2, 17, 14, 16, 11, 20, 7, 11, 20, 6, 10, 2, 8, 14, 3, 14, 9, 3, 1, 12, 8, 18, 15, 2, 20, 14, 9, 19, 1, 5, 4, 18, 13, 7, 13, 9, 7, 2, 6, 6, 13, 3, 11, 14, 11, 12, 12, 7, 12, 9, 7, 12, 17, 17, 7, 17, 17, 15, 15, 17, 12, 14, 8, 10, 15, 11, 14, 15, 7, 2, 7, 11, 20, 3, 3, 12, 13, 12, 6, 14, 9, 13, 18, 7, 13, 13, 3, 12, 13, 12]
bestever    2723    in generation 36
[4, 19, 3, 14, 1, 5, 2, 8, 14, 9, 3, 19, 1, 15, 18, 5, 9, 1, 4, 4, 20, 20, 19, 6, 19, 8, 4, 8, 4, 16, 18, 2, 1, 3, 16, 18, 1, 18, 7, 5, 16, 16, 19, 5, 5, 18, 18, 2, 19, 4, 2, 17, 2, 6, 1, 19, 6, 4, 15, 1, 20, 18, 4, 15, 20, 13, 13, 4, 3, 10, 6, 8, 8, 9, 10, 1, 11, 17, 17, 15, 17, 8, 8, 16, 10, 5, 16, 9, 19, 16, 5, 11, 16, 19, 16, 11, 10, 5, 20, 5, 10, 10, 20, 6, 9, 10, 6, 10, 11, 15, 2, 17, 14, 16, 11, 20, 7, 11, 20, 6, 10, 2, 8, 14, 3, 14, 9, 3, 1, 12, 8, 18, 15, 2, 20, 14, 9, 19, 1, 5, 4, 18, 13, 7, 13, 9, 7, 2, 6, 6, 13, 3, 11, 14, 11, 12, 12, 7, 12, 9, 7, 12, 17, 17, 7, 17, 17, 15, 15, 17, 12, 14, 8, 10, 15, 11, 14, 15, 7, 2, 7, 11, 20, 3, 3, 12, 13, 12, 6, 14, 9, 13, 18, 7, 13, 13, 3, 12, 13, 12]
bestever    2714    in generation 41
[4, 19, 3, 14, 1, 5, 2, 8, 14, 9, 3, 19, 1, 15, 18, 5, 9, 1, 4, 4, 20, 20, 19, 6, 19, 8, 4, 8, 4, 16, 18, 2, 1, 3, 16, 17, 1, 18, 7, 5, 16, 16, 19, 5, 5, 18, 18, 2, 19, 4, 2, 17, 2, 6, 1, 19, 6, 4, 15, 1, 20, 18, 4, 15, 20, 13, 13, 4, 3, 10, 6, 8, 8, 9, 10, 1, 11, 17, 17, 15, 17, 8, 8, 16, 10, 5, 16, 9, 19, 16, 5, 11, 16, 19, 16, 11, 10, 5, 20, 5, 10, 10, 20, 6, 9, 10, 6, 10, 11, 15, 2, 18, 14, 16, 11, 20, 7, 11, 20, 6, 10, 2, 8, 14, 3, 14, 9, 3, 1, 12, 8, 18, 15, 2, 20, 14, 9, 19, 1, 5, 4, 18, 13, 7, 13, 9, 7, 2, 6, 6, 13, 3, 11, 14, 11, 12, 12, 7, 12, 9, 7, 12, 17, 17, 7, 17, 17, 15, 15, 17, 12, 14, 8, 10, 15, 11, 14, 15, 7, 2, 7, 11, 20, 3, 3, 12, 13, 12, 6, 14, 9, 13, 18, 7, 13, 13, 3, 12, 13, 12]
bestever    2676    in generation 50
[9, 19, 3, 14, 1, 5, 2, 8, 14, 9, 3, 19, 1, 15, 18, 5, 9, 1, 4, 4, 20, 20, 19, 6, 19, 8, 4, 8, 4, 16, 18, 2, 1, 3, 16, 17, 1, 18, 7, 5, 16, 16, 19, 5, 5, 18, 18, 2, 19, 4, 2, 17, 2, 6, 1, 19, 6, 4, 15, 1, 20, 18, 4, 15, 20, 13, 13, 4, 3, 10, 6, 8, 8, 9, 10, 1, 11, 17, 17, 15, 17, 8, 8, 16, 10, 5, 16, 9, 19, 16, 5, 11, 16, 19, 16, 11, 10, 5, 20, 5, 10, 10, 20, 6, 9, 10, 6, 10, 11, 15, 2, 18, 14, 16, 11, 20, 7, 11, 20, 6, 10, 2, 8, 14, 3, 14, 9, 3, 1, 12, 8, 18, 15, 2, 20, 14, 9, 19, 1, 5, 4, 18, 13, 7, 13, 9, 7, 2, 6, 6, 13, 3, 11, 14, 11, 12, 12, 7, 12, 9, 4, 12, 15, 15, 15, 10, 3, 14, 8, 15, 20, 14, 13, 13, 2, 13, 3, 12, 13, 13, 3, 11, 14, 11, 7, 7, 12, 17, 17, 17, 7, 12, 7, 12, 6, 17, 17, 18, 7, 12]
bestever    2669    in generation 58
[9, 19, 3, 14, 1, 5, 2, 8, 14, 9, 3, 19, 1, 15, 18, 5, 9, 1, 4, 4, 20, 20, 19, 6, 19, 8, 4, 8, 4, 16, 18, 2, 1, 3, 16, 1, 18, 7, 5, 16, 16, 19, 5, 5, 18, 18, 2, 19, 4, 2, 17, 2, 6, 1, 19, 6, 4, 15, 1, 20, 18, 4, 15, 20, 13, 13, 4, 3, 10, 6, 8, 8, 9, 10, 1, 11, 17, 17, 15, 17, 8, 8, 16, 10, 5, 16, 9, 19, 16, 5, 11, 16, 19, 16, 11, 10, 5, 20, 5, 10, 10, 20, 6, 9, 10, 6, 10, 11, 15, 2, 18, 14, 16, 11, 20, 7, 11, 20, 6, 10, 2, 8, 14, 3, 9, 3, 1, 18, 15, 2, 20, 14, 9, 19, 1, 5, 4, 18, 13, 13, 9, 2, 6, 6, 13, 3, 11, 14, 11, 12, 7, 9, 4, 12, 15, 15, 15, 10, 3, 14, 8, 12, 14, 8, 15, 20, 14, 13, 13, 2, 12, 7, 7, 13, 3, 12, 13, 13, 3, 11, 14, 11, 7, 7, 12, 17, 12, 17, 17, 17, 7, 12, 7, 12, 6, 17, 17, 18, 7, 12]
bestever    2600    in generation 59
[9, 19, 3, 14, 1, 5, 2, 8, 14, 9, 3, 19, 1, 15, 1, 5, 9, 1, 4, 4, 20, 20, 19, 6, 19, 8, 4, 8, 4, 16, 18, 2, 1, 3, 16, 17, 1, 18, 7, 5, 16, 16, 19, 5, 5, 18, 18, 2, 19, 4, 2, 17, 2, 6, 1, 19, 6, 4, 15, 18, 20, 18, 4, 15, 20, 13, 13, 4, 3, 10, 6, 8, 8, 9, 10, 1, 11, 17, 15, 8, 8, 16, 10, 5, 16, 9, 19, 16, 5, 11, 16, 19, 16, 11, 10, 5, 20, 5, 10, 10, 20, 6, 9, 10, 6, 10, 11, 15, 2, 18, 14, 16, 11, 20, 7, 11, 20, 6, 10, 2, 8, 14, 3, 14, 9, 3, 1, 12, 18, 15, 2, 20, 14, 9, 19, 1, 5, 4, 18, 13, 13, 9, 2, 6, 6, 13, 3, 11, 11, 7, 9, 4, 12, 12, 7, 7, 12, 17, 17, 15, 15, 15, 10, 3, 14, 8, 12, 14, 8, 15, 20, 14, 13, 13, 2, 13, 3, 12, 13, 13, 3, 11, 14, 11, 7, 7, 12, 17, 17, 17, 7, 12, 7, 12, 6, 17, 17, 18, 7, 12]
bestever    2587    in generation 70
[9, 19, 3, 14, 1, 5, 2, 8, 14, 9, 3, 19, 1, 15, 1, 5, 9, 1, 4, 4, 20, 20, 19, 6, 19, 8, 4, 8, 4, 16, 18, 2, 1, 3, 16, 17, 1, 18, 7, 5, 16, 16, 19, 5, 5, 18, 18, 2, 19, 4, 2, 2, 6, 1, 19, 6, 4, 15, 18, 20, 18, 4, 15, 20, 13, 13, 4, 3, 10, 6, 8, 8, 9, 10, 1, 11, 15, 8, 8, 16, 10, 5, 16, 9, 19, 16, 5, 11, 16, 19, 16, 11, 10, 5, 20, 5, 10, 10, 20, 6, 9, 10, 6, 10, 11, 15, 2, 18, 14, 16, 11, 20, 7, 11, 20, 6, 10, 2, 8, 14, 3, 14, 9, 3, 1, 12, 18, 15, 2, 20, 14, 9, 19, 1, 5, 4, 18, 13, 13, 9, 2, 6, 13, 3, 11, 11, 7, 9, 4, 20, 17, 17, 12, 7, 7, 12, 17, 17, 15, 15, 15, 10, 3, 14, 8, 12, 14, 8, 15, 14, 13, 13, 2, 13, 3, 12, 13, 13, 3, 11, 14, 11, 7, 7, 12, 17, 17, 17, 7, 12, 7, 12, 6, 12, 6, 17, 17, 18, 7, 12]
bestever    2532    in generation 72
[9, 19, 3, 14, 1, 5, 2, 8, 14, 9, 3, 19, 1, 15, 1, 5, 9, 1, 4, 4, 20, 20, 19, 6, 19, 8, 4, 8, 4, 16, 18, 2, 1, 3, 16, 17, 1, 18, 7, 5, 16, 16, 19, 5, 5, 18, 18, 2, 19, 4, 2, 2, 6, 1, 19, 6, 4, 15, 18, 18, 4, 15, 13, 13, 4, 3, 10, 6, 8, 8, 9, 10, 1, 15, 8, 8, 16, 10, 5, 16, 9, 19, 16, 5, 11, 16, 19, 16, 11, 10, 5, 20, 5, 10, 10, 20, 6, 9, 10, 6, 10, 11, 15, 2, 18, 14, 16, 11, 20, 11, 20, 20, 7, 11, 20, 6, 10, 2, 8, 14, 3, 14, 9, 3, 1, 12, 18, 15, 2, 20, 14, 9, 19, 1, 5, 4, 18, 13, 13, 9, 2, 6, 13, 3, 11, 11, 7, 9, 4, 20, 17, 17, 12, 7, 7, 12, 17, 17, 15, 15, 15, 10, 3, 14, 8, 12, 14, 8, 15, 14, 13, 13, 2, 13, 3, 12, 13, 13, 3, 11, 14, 11, 7, 7, 12, 17, 17, 17, 7, 12, 7, 12, 6, 12, 6, 17, 17, 18, 7, 12]
bestever    2525    in generation 87
[14, 19, 3, 14, 1, 5, 2, 8, 14, 9, 3, 19, 1, 15, 1, 5, 9, 1, 4, 4, 20, 20, 19, 6, 19, 8, 4, 8, 4, 16, 18, 2, 1, 3, 16, 17, 1, 18, 7, 5, 16, 16, 19, 5, 5, 18, 18, 2, 19, 4, 2, 2, 6, 1, 19, 6, 4, 15, 18, 18, 4, 15, 13, 13, 4, 3, 10, 6, 8, 8, 9, 10, 1, 15, 8, 8, 16, 10, 5, 16, 9, 19, 16, 5, 11, 16, 19, 16, 11, 10, 5, 20, 5, 10, 10, 20, 6, 9, 10, 6, 10, 11, 15, 2, 18, 14, 16, 11, 20, 11, 20, 20, 7, 11, 20, 6, 10, 2, 8, 14, 3, 14, 9, 3, 1, 12, 18, 15, 2, 20, 14, 9, 19, 1, 5, 4, 18, 13, 13, 9, 2, 6, 13, 3, 11, 11, 7, 9, 4, 20, 17, 17, 12, 9, 15, 6, 15, 11, 11, 15, 6, 15, 10, 2, 17, 17, 7, 12, 17, 17, 12, 12, 7, 7, 18, 12, 17, 17, 12, 8, 13, 13, 13, 12, 13, 13, 7, 7, 12, 17, 8, 14, 7, 12, 3, 14, 14, 3, 7, 3]
bestever    2520    in generation 88
[9, 19, 3, 14, 1, 5, 2, 8, 14, 9, 3, 19, 1, 15, 1, 5, 9, 1, 4, 4, 16, 20, 19, 6, 19, 8, 4, 8, 4, 16, 18, 2, 1, 3, 20, 17, 1, 18, 7, 5, 16, 16, 19, 5, 5, 18, 18, 2, 19, 4, 2, 2, 6, 1, 19, 6, 4, 15, 18, 18, 4, 15, 13, 13, 4, 3, 10, 6, 8, 8, 9, 10, 1, 15, 8, 8, 16, 10, 5, 16, 9, 19, 16, 5, 11, 16, 19, 16, 11, 10, 5, 20, 5, 10, 10, 20, 6, 9, 10, 6, 10, 11, 15, 2, 18, 14, 16, 11, 20, 11, 20, 20, 7, 11, 20, 6, 10, 2, 8, 14, 3, 14, 9, 3, 1, 12, 18, 15, 2, 20, 14, 9, 19, 1, 5, 4, 18, 13, 13, 9, 2, 6, 13, 3, 11, 11, 7, 9, 4, 20, 17, 17, 12, 7, 7, 12, 17, 17, 15, 15, 15, 10, 3, 14, 8, 12, 14, 8, 15, 14, 13, 13, 2, 13, 3, 12, 13, 13, 3, 11, 14, 11, 7, 7, 12, 17, 17, 17, 7, 12, 7, 12, 6, 12, 6, 17, 17, 18, 7, 12]
bestever    2461    in generation 92
[9, 19, 3, 14, 1, 5, 2, 8, 14, 9, 3, 19, 1, 15, 1, 5, 9, 1, 4, 4, 16, 20, 19, 6, 19, 8, 4, 8, 4, 16, 18, 2, 1, 3, 20, 17, 1, 18, 7, 5, 16, 16, 19, 5, 5, 18, 18, 2, 19, 4, 2, 2, 6, 1, 19, 6, 4, 15, 18, 18, 4, 15, 13, 13, 4, 3, 10, 6, 8, 9, 10, 1, 15, 16, 10, 5, 16, 9, 19, 16, 5, 11, 16, 19, 16, 11, 10, 5, 20, 5, 10, 10, 20, 6, 9, 10, 10, 11, 15, 2, 18, 14, 16, 11, 20, 11, 20, 20, 7, 11, 20, 10, 2, 8, 14, 3, 14, 9, 3, 1, 12, 18, 15, 20, 14, 9, 19, 1, 5, 4, 18, 13, 13, 9, 6, 11, 11, 9, 4, 20, 17, 17, 12, 17, 14, 8, 14, 8, 15, 2, 15, 15, 15, 10, 14, 8, 12, 8, 13, 13, 2, 13, 3, 12, 8, 13, 13, 2, 3, 12, 7, 7, 17, 3, 7, 6, 6, 13, 3, 11, 14, 11, 7, 7, 12, 17, 17, 17, 7, 12, 7, 12, 6, 12, 6, 17, 17, 18, 7, 12]
bestever    2432    in generation 112
[9, 19, 3, 14, 1, 5, 2, 8, 14, 9, 3, 19, 1, 15, 1, 5, 9, 1, 4, 4, 16, 20, 19, 6, 19, 8, 4, 8, 4, 16, 18, 2, 1, 3, 20, 17, 1, 18, 7, 5, 16, 16, 19, 5, 5, 18, 18, 2, 19, 4, 2, 2, 6, 1, 19, 6, 4, 15, 18, 18, 4, 15, 13, 13, 4, 3, 10, 6, 8, 9, 10, 1, 15, 16, 10, 5, 16, 9, 19, 16, 5, 11, 16, 19, 16, 11, 10, 5, 20, 5, 10, 10, 20, 6, 9, 10, 10, 11, 15, 2, 18, 14, 16, 11, 20, 11, 20, 20, 7, 11, 20, 10, 2, 14, 3, 14, 9, 3, 1, 12, 18, 15, 20, 14, 9, 19, 1, 5, 4, 18, 13, 13, 9, 6, 11, 11, 9, 4, 20, 17, 17, 17, 7, 18, 12, 8, 14, 8, 15, 2, 15, 15, 15, 10, 14, 8, 12, 8, 13, 13, 2, 3, 12, 8, 13, 2, 3, 12, 7, 7, 17, 3, 7, 6, 6, 13, 3, 11, 14, 11, 7, 7, 12, 17, 17, 17, 7, 12, 7, 12, 6, 12, 6, 17, 17, 14, 12, 8, 13, 13]
bestever    2370    in generation 116
[9, 19, 3, 14, 1, 5, 2, 8, 14, 9, 3, 19, 1, 15, 1, 5, 9, 1, 4, 4, 16, 20, 19, 6, 19, 8, 4, 8, 4, 16, 18, 2, 1, 3, 20, 17, 1, 18, 7, 5, 5, 16, 19, 5, 16, 18, 18, 2, 19, 4, 2, 2, 6, 1, 19, 6, 4, 15, 18, 18, 4, 15, 4, 3, 10, 6, 8, 9, 10, 1, 15, 16, 10, 5, 16, 9, 19, 16, 5, 11, 16, 19, 16, 11, 10, 5, 20, 5, 10, 10, 20, 6, 9, 10, 10, 11, 15, 2, 18, 14, 16, 11, 20, 11, 20, 20, 7, 11, 20, 10, 2, 14, 3, 14, 3, 1, 15, 20, 19, 1, 5, 9, 7, 18, 12, 4, 18, 13, 13, 9, 18, 13, 13, 9, 6, 11, 11, 9, 4, 20, 17, 17, 12, 17, 14, 8, 14, 8, 15, 2, 15, 15, 15, 10, 14, 8, 12, 8, 13, 13, 2, 3, 12, 8, 13, 2, 3, 12, 7, 7, 17, 3, 7, 6, 6, 13, 3, 11, 14, 11, 7, 7, 12, 17, 17, 17, 7, 12, 7, 12, 6, 12, 6, 17, 17, 14, 12, 8, 13, 13]
bestever    2278    in generation 134
[9, 19, 3, 1, 5, 2, 8, 9, 3, 19, 1, 15, 1, 5, 9, 1, 4, 4, 16, 20, 19, 6, 19, 8, 4, 8, 4, 16, 18, 2, 1, 3, 20, 17, 1, 18, 7, 5, 5, 16, 19, 5, 16, 18, 18, 2, 19, 4, 2, 2, 6, 1, 19, 6, 4, 15, 18, 18, 4, 15, 4, 10, 6, 9, 10, 15, 16, 10, 5, 16, 19, 16, 5, 11, 16, 16, 11, 10, 5, 20, 5, 10, 10, 19, 1, 9, 8, 3, 14, 14, 20, 6, 9, 10, 10, 11, 15, 2, 18, 14, 16, 11, 20, 11, 20, 20, 7, 11, 20, 10, 2, 14, 3, 14, 3, 1, 15, 20, 19, 1, 5, 9, 7, 18, 12, 4, 18, 13, 13, 9, 18, 13, 13, 9, 6, 11, 11, 9, 4, 20, 17, 17, 12, 17, 14, 8, 14, 8, 15, 2, 15, 15, 15, 10, 8, 12, 8, 13, 13, 2, 3, 12, 8, 13, 2, 3, 12, 7, 7, 17, 3, 7, 6, 13, 3, 11, 14, 11, 7, 7, 12, 17, 7, 12, 7, 6, 17, 17, 14, 12, 6, 12, 6, 17, 17, 14, 12, 8, 13, 13]
bestever    2261    in generation 144
[9, 19, 3, 1, 5, 2, 8, 9, 3, 19, 1, 15, 1, 5, 9, 1, 4, 4, 16, 20, 19, 6, 19, 8, 4, 8, 4, 16, 18, 2, 1, 3, 20, 1, 18, 7, 5, 5, 16, 19, 5, 16, 18, 18, 2, 19, 4, 2, 2, 6, 1, 19, 6, 4, 15, 18, 18, 4, 15, 4, 10, 6, 9, 10, 15, 16, 10, 5, 16, 19, 16, 5, 11, 16, 16, 11, 10, 5, 20, 5, 10, 10, 19, 1, 9, 8, 3, 14, 14, 20, 9, 10, 10, 11, 15, 2, 18, 14, 16, 11, 20, 11, 20, 20, 7, 11, 20, 10, 2, 14, 3, 14, 3, 1, 15, 20, 19, 1, 5, 9, 7, 18, 4, 18, 13, 13, 9, 18, 13, 13, 9, 6, 11, 11, 9, 4, 20, 17, 17, 8, 14, 8, 15, 2, 15, 15, 15, 10, 8, 12, 8, 13, 13, 2, 3, 12, 8, 13, 2, 3, 7, 13, 3, 14, 3, 11, 11, 7, 7, 7, 14, 12, 17, 12, 7, 6, 12, 17, 7, 12, 7, 6, 17, 17, 14, 12, 6, 12, 6, 17, 17, 12, 6, 17, 17, 14, 12, 8, 13, 13]
bestever    2223    in generation 155
[9, 19, 3, 1, 5, 2, 8, 9, 3, 19, 1, 15, 1, 5, 9, 1, 4, 4, 16, 20, 19, 6, 19, 8, 4, 8, 4, 16, 18, 1, 3, 20, 1, 18, 7, 5, 5, 16, 19, 5, 16, 18, 18, 2, 19, 4, 2, 2, 6, 1, 19, 6, 4, 15, 18, 18, 4, 4, 10, 6, 9, 10, 16, 10, 5, 16, 19, 16, 5, 11, 16, 16, 11, 10, 5, 20, 5, 10, 10, 19, 1, 9, 8, 3, 14, 14, 20, 9, 10, 10, 11, 15, 2, 18, 14, 16, 11, 20, 11, 20, 20, 7, 11, 20, 10, 2, 14, 3, 14, 3, 1, 15, 20, 19, 1, 5, 9, 7, 18, 4, 18, 15, 2, 15, 13, 13, 9, 18, 13, 13, 9, 6, 11, 11, 9, 4, 20, 17, 17, 8, 14, 8, 15, 2, 15, 15, 15, 10, 8, 12, 8, 13, 13, 2, 3, 12, 8, 13, 2, 3, 7, 13, 3, 14, 3, 11, 11, 7, 7, 7, 14, 12, 17, 12, 7, 6, 12, 17, 7, 12, 7, 6, 17, 17, 14, 12, 6, 12, 6, 17, 17, 12, 6, 17, 17, 14, 12, 8, 13, 13]
bestever    2215    in generation 167
[9, 19, 3, 1, 5, 2, 8, 9, 3, 19, 1, 15, 1, 5, 9, 1, 4, 4, 16, 20, 19, 6, 19, 8, 4, 8, 4, 16, 18, 1, 3, 20, 1, 18, 7, 5, 5, 16, 19, 5, 16, 18, 18, 2, 19, 4, 2, 2, 6, 1, 19, 6, 4, 15, 18, 18, 4, 4, 10, 6, 9, 10, 16, 10, 5, 16, 19, 16, 5, 11, 16, 16, 11, 10, 5, 20, 5, 10, 10, 19, 1, 9, 8, 3, 14, 14, 20, 9, 10, 10, 11, 15, 2, 18, 14, 16, 11, 20, 11, 20, 20, 7, 11, 20, 10, 2, 14, 3, 14, 3, 1, 15, 20, 19, 1, 5, 9, 7, 18, 4, 18, 15, 2, 15, 13, 13, 9, 18, 13, 13, 9, 6, 11, 11, 9, 4, 20, 17, 17, 8, 14, 8, 15, 2, 15, 15, 15, 10, 8, 12, 8, 13, 13, 2, 3, 12, 8, 13, 2, 3, 7, 13, 3, 14, 3, 11, 11, 7, 7, 7, 14, 12, 17, 12, 7, 6, 12, 17, 7, 12, 7, 6, 17, 17, 14, 12, 6, 12, 6, 17, 17, 8, 13, 13, 14, 12, 12, 6, 17, 17]
bestever    2209    in generation 179
[9, 19, 3, 1, 5, 2, 8, 9, 3, 19, 1, 15, 1, 5, 9, 1, 4, 4, 16, 20, 19, 6, 19, 8, 4, 8, 4, 16, 18, 1, 3, 20, 1, 18, 7, 5, 5, 16, 19, 5, 16, 18, 18, 2, 19, 4, 2, 2, 6, 1, 19, 6, 4, 15, 18, 18, 4, 4, 10, 6, 9, 10, 16, 10, 5, 16, 19, 16, 5, 11, 16, 16, 11, 10, 5, 20, 5, 10, 10, 19, 1, 9, 8, 3, 14, 14, 20, 9, 10, 10, 11, 15, 2, 18, 14, 16, 11, 20, 11, 20, 20, 7, 11, 20, 10, 2, 14, 3, 14, 3, 1, 15, 20, 19, 1, 5, 9, 7, 18, 4, 18, 15, 2, 15, 13, 13, 9, 18, 13, 13, 9, 6, 11, 11, 9, 4, 20, 17, 17, 8, 14, 8, 15, 2, 15, 15, 15, 10, 8, 12, 8, 13, 13, 2, 3, 12, 8, 13, 2, 3, 7, 13, 3, 14, 3, 11, 11, 7, 7, 7, 14, 12, 17, 12, 7, 6, 12, 17, 7, 12, 7, 6, 17, 17, 14, 12, 6, 12, 17, 17, 8, 13, 13, 14, 12, 6, 12, 6, 17, 17]
bestever    2173    in generation 189
[9, 19, 3, 1, 5, 2, 8, 9, 3, 19, 1, 15, 1, 5, 9, 1, 4, 4, 16, 20, 19, 6, 19, 8, 4, 8, 4, 16, 18, 1, 3, 20, 1, 18, 7, 5, 5, 16, 19, 5, 16, 18, 18, 2, 19, 4, 2, 2, 6, 1, 19, 6, 4, 15, 18, 18, 4, 4, 10, 9, 10, 16, 10, 5, 16, 19, 16, 5, 11, 16, 16, 11, 10, 5, 20, 5, 10, 10, 19, 1, 9, 8, 3, 14, 14, 20, 9, 10, 10, 11, 15, 2, 18, 14, 16, 11, 20, 11, 20, 20, 7, 11, 20, 10, 2, 14, 3, 14, 3, 1, 15, 20, 19, 1, 5, 9, 7, 18, 4, 18, 15, 2, 15, 13, 13, 9, 18, 13, 13, 9, 11, 11, 9, 4, 20, 17, 8, 14, 8, 15, 2, 15, 15, 15, 10, 8, 12, 8, 13, 13, 2, 3, 12, 8, 13, 2, 3, 7, 13, 3, 14, 3, 11, 11, 7, 7, 7, 6, 12, 6, 12, 17, 17, 7, 6, 12, 17, 7, 12, 7, 6, 17, 17, 14, 12, 6, 12, 17, 17, 8, 13, 13, 14, 14, 12, 6, 12, 6, 17, 17]
bestever    2171    in generation 196
[9, 19, 3, 1, 5, 2, 8, 9, 3, 19, 1, 15, 1, 5, 9, 1, 4, 4, 16, 20, 19, 6, 19, 8, 4, 8, 4, 16, 18, 1, 3, 20, 1, 18, 7, 5, 5, 16, 19, 5, 16, 18, 18, 2, 19, 4, 2, 2, 1, 19, 4, 15, 18, 18, 4, 4, 10, 9, 10, 16, 10, 5, 16, 19, 16, 5, 11, 16, 16, 11, 10, 5, 20, 5, 10, 10, 19, 1, 9, 8, 3, 14, 14, 20, 9, 10, 10, 11, 15, 2, 18, 14, 16, 11, 20, 11, 20, 20, 7, 11, 20, 10, 2, 14, 3, 14, 3, 1, 15, 20, 19, 1, 5, 9, 7, 18, 4, 18, 15, 2, 15, 13, 13, 9, 18, 13, 13, 9, 11, 11, 9, 4, 20, 8, 8, 15, 2, 15, 15, 15, 10, 8, 8, 13, 13, 2, 3, 8, 13, 2, 3, 7, 3, 14, 3, 11, 11, 7, 7, 7, 6, 14, 12, 6, 12, 17, 13, 6, 12, 6, 12, 17, 17, 7, 6, 12, 17, 7, 12, 7, 6, 17, 17, 14, 12, 6, 12, 17, 17, 8, 13, 13, 14, 14, 12, 6, 12, 6, 17, 17]
bestever    2163    in generation 243
[9, 19, 3, 1, 5, 2, 8, 9, 3, 19, 1, 15, 1, 5, 9, 1, 4, 4, 16, 20, 19, 6, 19, 8, 4, 8, 4, 16, 18, 1, 3, 20, 1, 18, 7, 5, 5, 16, 19, 5, 16, 4, 18, 2, 19, 4, 2, 2, 1, 19, 4, 15, 18, 18, 4, 4, 10, 9, 10, 16, 10, 5, 16, 19, 16, 5, 11, 16, 16, 11, 10, 5, 20, 5, 10, 10, 19, 1, 9, 8, 3, 14, 14, 20, 9, 10, 10, 11, 15, 2, 18, 14, 16, 11, 20, 11, 20, 20, 7, 11, 20, 10, 2, 14, 3, 14, 3, 1, 15, 20, 19, 1, 5, 9, 7, 18, 18, 18, 15, 2, 15, 13, 13, 9, 18, 13, 13, 9, 11, 11, 9, 4, 20, 8, 8, 15, 2, 15, 15, 15, 10, 8, 8, 13, 13, 2, 3, 8, 13, 2, 3, 7, 3, 14, 3, 11, 11, 7, 7, 7, 6, 14, 12, 6, 12, 13, 6, 12, 6, 12, 17, 17, 17, 7, 6, 12, 17, 7, 12, 7, 6, 17, 17, 14, 12, 6, 12, 17, 17, 8, 13, 13, 14, 14, 12, 6, 12, 6, 17, 17]
bestever    2098    in generation 248
[9, 19, 3, 1, 5, 2, 8, 9, 3, 19, 1, 15, 1, 5, 9, 1, 4, 4, 16, 20, 19, 19, 8, 4, 4, 16, 18, 1, 20, 1, 18, 7, 5, 5, 16, 19, 5, 16, 4, 18, 2, 19, 4, 2, 1, 19, 4, 15, 18, 18, 4, 4, 10, 9, 10, 16, 10, 16, 19, 5, 2, 3, 6, 8, 16, 5, 11, 16, 16, 11, 10, 5, 20, 5, 10, 10, 19, 1, 9, 8, 3, 14, 14, 20, 9, 10, 10, 11, 15, 2, 18, 14, 16, 11, 20, 11, 20, 20, 7, 11, 20, 10, 2, 14, 3, 14, 3, 1, 15, 20, 19, 1, 5, 9, 7, 18, 18, 18, 15, 2, 15, 13, 13, 9, 18, 13, 13, 9, 11, 11, 9, 4, 20, 8, 8, 15, 2, 15, 15, 15, 10, 8, 8, 13, 13, 2, 3, 8, 13, 2, 3, 7, 3, 14, 3, 11, 11, 7, 7, 7, 6, 14, 12, 6, 12, 13, 6, 12, 6, 12, 17, 17, 17, 7, 6, 12, 17, 7, 12, 7, 6, 17, 17, 14, 12, 6, 12, 17, 17, 8, 13, 13, 14, 14, 12, 6, 12, 6, 17, 17]
bestever    2088    in generation 306
[9, 19, 3, 1, 5, 2, 9, 3, 19, 1, 15, 1, 5, 9, 1, 4, 4, 16, 20, 19, 19, 4, 4, 16, 18, 1, 20, 1, 18, 7, 5, 5, 16, 19, 5, 16, 4, 18, 2, 19, 4, 2, 1, 19, 4, 15, 18, 18, 4, 4, 10, 9, 10, 16, 10, 16, 19, 5, 2, 3, 6, 8, 16, 5, 11, 16, 16, 11, 10, 5, 20, 5, 10, 10, 19, 1, 9, 8, 3, 14, 14, 20, 9, 10, 10, 11, 15, 2, 18, 14, 16, 11, 20, 11, 20, 20, 7, 11, 20, 10, 14, 3, 14, 3, 1, 15, 20, 19, 1, 5, 9, 7, 18, 18, 18, 15, 2, 15, 13, 13, 9, 18, 13, 13, 9, 11, 11, 9, 4, 20, 8, 8, 2, 8, 8, 15, 2, 15, 15, 15, 10, 8, 8, 13, 13, 2, 3, 8, 13, 2, 3, 7, 3, 14, 3, 11, 11, 7, 7, 7, 6, 14, 12, 6, 12, 13, 6, 12, 6, 12, 17, 17, 17, 7, 6, 12, 17, 7, 12, 7, 6, 17, 17, 14, 12, 6, 12, 17, 17, 8, 13, 13, 14, 14, 12, 6, 12, 6, 17, 17]
bestever    2086    in generation 318
[9, 19, 3, 1, 5, 2, 9, 3, 19, 1, 15, 1, 5, 9, 1, 4, 4, 16, 20, 19, 19, 4, 4, 16, 18, 1, 20, 1, 18, 7, 5, 5, 16, 19, 5, 16, 4, 16, 2, 19, 4, 2, 1, 19, 4, 15, 18, 18, 4, 4, 10, 9, 10, 16, 10, 16, 19, 5, 2, 3, 6, 8, 18, 5, 11, 16, 16, 11, 10, 5, 20, 5, 10, 10, 19, 1, 9, 8, 3, 14, 14, 20, 9, 10, 10, 11, 15, 2, 18, 14, 16, 11, 20, 11, 20, 20, 7, 11, 20, 10, 14, 3, 14, 3, 1, 15, 20, 19, 1, 5, 9, 7, 18, 18, 18, 15, 2, 15, 13, 13, 9, 18, 13, 13, 9, 11, 11, 9, 4, 20, 8, 8, 2, 8, 8, 15, 2, 15, 15, 15, 10, 8, 8, 13, 13, 2, 3, 8, 13, 2, 3, 7, 3, 14, 3, 11, 11, 7, 7, 7, 6, 14, 12, 6, 12, 13, 6, 12, 6, 12, 17, 17, 17, 7, 6, 12, 17, 7, 12, 7, 6, 17, 17, 14, 12, 6, 12, 17, 17, 8, 13, 13, 14, 14, 12, 6, 12, 6, 17, 17]
bestever    2067    in generation 323
[19, 3, 1, 5, 2, 9, 3, 19, 1, 15, 1, 5, 9, 1, 4, 4, 16, 20, 19, 19, 4, 4, 16, 18, 1, 20, 1, 18, 7, 5, 5, 16, 19, 5, 16, 4, 16, 2, 19, 4, 2, 1, 19, 4, 15, 18, 18, 4, 4, 10, 9, 10, 16, 10, 16, 19, 5, 2, 3, 6, 8, 18, 5, 11, 16, 16, 11, 10, 5, 20, 5, 10, 10, 19, 1, 9, 8, 3, 14, 14, 20, 9, 10, 10, 11, 15, 2, 18, 14, 16, 11, 20, 11, 20, 20, 7, 11, 20, 10, 14, 3, 14, 3, 1, 15, 20, 19, 1, 5, 9, 7, 18, 18, 18, 15, 2, 15, 13, 13, 9, 18, 9, 13, 13, 9, 11, 11, 9, 4, 20, 8, 8, 2, 8, 8, 15, 2, 15, 15, 15, 10, 8, 8, 13, 13, 2, 3, 8, 13, 2, 3, 7, 3, 14, 3, 11, 11, 7, 7, 7, 6, 14, 12, 6, 12, 13, 6, 12, 6, 12, 17, 17, 17, 7, 6, 12, 17, 7, 12, 7, 6, 17, 17, 14, 12, 6, 12, 17, 17, 8, 13, 13, 14, 14, 12, 6, 12, 6, 17, 17]
bestever    2017    in generation 337
[19, 3, 1, 5, 2, 9, 3, 19, 1, 15, 1, 5, 9, 1, 4, 4, 16, 20, 19, 19, 4, 4, 16, 18, 1, 20, 1, 18, 7, 5, 5, 16, 19, 5, 16, 4, 16, 2, 19, 4, 2, 9, 19, 4, 15, 18, 18, 4, 4, 10, 9, 10, 16, 10, 16, 19, 5, 2, 3, 6, 8, 18, 5, 11, 16, 16, 11, 10, 5, 20, 5, 10, 10, 19, 1, 9, 8, 3, 14, 14, 20, 9, 10, 10, 11, 15, 2, 18, 14, 16, 11, 20, 11, 20, 20, 7, 11, 20, 10, 14, 3, 14, 3, 1, 15, 20, 19, 1, 5, 9, 7, 18, 18, 18, 15, 2, 15, 13, 13, 9, 18, 9, 13, 13, 9, 11, 11, 1, 4, 20, 8, 8, 2, 8, 8, 15, 2, 15, 15, 15, 10, 8, 8, 13, 13, 2, 3, 8, 13, 2, 3, 7, 3, 14, 3, 11, 11, 7, 7, 7, 6, 14, 12, 6, 12, 13, 6, 12, 6, 12, 17, 17, 17, 7, 6, 12, 17, 7, 12, 7, 6, 17, 17, 14, 12, 6, 12, 17, 17, 8, 13, 13, 14, 14, 12, 6, 12, 6, 17, 17]
bestever    1997    in generation 357
[3, 19, 1, 5, 2, 9, 3, 19, 1, 15, 1, 5, 9, 1, 4, 4, 16, 20, 19, 19, 4, 4, 16, 18, 1, 20, 1, 18, 7, 5, 5, 16, 19, 5, 16, 4, 16, 2, 19, 4, 2, 9, 19, 4, 15, 18, 18, 4, 4, 10, 9, 10, 16, 10, 16, 19, 5, 2, 3, 6, 8, 18, 5, 11, 16, 16, 11, 10, 5, 20, 5, 10, 10, 19, 1, 9, 8, 3, 14, 14, 20, 9, 10, 10, 11, 15, 2, 18, 14, 16, 11, 20, 11, 20, 20, 7, 11, 20, 10, 14, 3, 14, 3, 1, 15, 20, 19, 1, 5, 9, 7, 18, 18, 18, 15, 2, 15, 13, 13, 9, 18, 9, 13, 13, 9, 11, 11, 1, 4, 20, 8, 8, 2, 8, 8, 15, 2, 15, 15, 15, 10, 8, 8, 13, 13, 2, 3, 8, 13, 2, 3, 7, 3, 14, 3, 11, 11, 7, 7, 7, 6, 14, 12, 6, 12, 13, 6, 12, 6, 12, 17, 17, 17, 7, 6, 12, 17, 7, 12, 7, 6, 17, 17, 14, 12, 6, 12, 17, 17, 8, 13, 13, 14, 14, 12, 6, 12, 6, 17, 17]
bestever    1993    in generation 383
[3, 19, 1, 5, 2, 9, 3, 19, 1, 15, 1, 5, 9, 1, 16, 20, 19, 19, 4, 4, 16, 18, 1, 20, 1, 18, 7, 5, 5, 16, 19, 5, 4, 4, 16, 4, 16, 2, 19, 4, 2, 9, 19, 4, 15, 18, 18, 4, 4, 10, 9, 10, 16, 10, 16, 19, 5, 2, 3, 6, 8, 18, 5, 11, 16, 16, 11, 10, 5, 20, 5, 10, 10, 19, 1, 9, 8, 3, 14, 14, 20, 9, 10, 10, 11, 15, 2, 18, 14, 16, 11, 20, 11, 20, 20, 7, 11, 20, 10, 14, 3, 14, 3, 1, 15, 20, 19, 1, 5, 9, 7, 18, 18, 18, 15, 2, 15, 13, 13, 9, 18, 9, 13, 13, 9, 11, 11, 1, 4, 20, 8, 8, 2, 8, 8, 15, 2, 15, 15, 15, 10, 8, 8, 13, 13, 2, 3, 8, 13, 2, 3, 7, 3, 14, 3, 11, 11, 7, 7, 7, 6, 14, 12, 6, 12, 13, 6, 12, 6, 12, 17, 17, 17, 7, 6, 12, 17, 7, 12, 7, 6, 17, 17, 14, 12, 6, 12, 17, 17, 8, 13, 13, 14, 14, 12, 6, 12, 6, 17, 17]
bestever    1989    in generation 440
[3, 19, 1, 5, 2, 9, 3, 19, 1, 15, 1, 5, 9, 1, 16, 20, 19, 19, 4, 4, 16, 18, 1, 20, 1, 18, 7, 5, 5, 16, 19, 5, 4, 4, 16, 1, 16, 2, 19, 4, 2, 9, 19, 4, 15, 18, 18, 4, 4, 10, 9, 10, 16, 10, 16, 19, 5, 2, 3, 6, 8, 18, 5, 11, 16, 16, 11, 10, 5, 20, 5, 10, 10, 19, 1, 9, 8, 3, 14, 14, 20, 9, 10, 10, 11, 15, 2, 18, 14, 16, 11, 20, 11, 20, 20, 7, 11, 20, 10, 14, 3, 14, 3, 1, 15, 20, 19, 1, 5, 9, 7, 18, 18, 18, 15, 2, 15, 13, 13, 9, 18, 9, 13, 13, 9, 11, 11, 4, 4, 20, 8, 8, 2, 8, 8, 15, 2, 15, 15, 15, 10, 8, 8, 13, 13, 2, 3, 8, 13, 2, 3, 7, 3, 3, 11, 11, 7, 7, 7, 6, 14, 12, 6, 12, 13, 6, 12, 12, 17, 7, 7, 7, 6, 17, 17, 14, 12, 6, 12, 17, 6, 17, 17, 14, 12, 6, 12, 17, 17, 8, 13, 13, 14, 14, 12, 6, 12, 6, 17, 17]
bestever    1980    in generation 450
[3, 19, 1, 5, 2, 9, 3, 19, 1, 15, 1, 5, 9, 1, 16, 20, 19, 19, 4, 4, 16, 18, 1, 20, 1, 18, 7, 5, 5, 16, 19, 5, 4, 4, 16, 1, 16, 2, 19, 4, 2, 9, 19, 4, 15, 18, 18, 4, 4, 10, 9, 10, 16, 10, 16, 19, 5, 2, 3, 6, 8, 18, 5, 11, 16, 16, 11, 10, 5, 20, 5, 10, 10, 19, 1, 9, 8, 3, 14, 14, 20, 20, 10, 10, 11, 15, 2, 18, 14, 16, 11, 20, 11, 9, 20, 7, 11, 20, 10, 14, 3, 14, 3, 1, 15, 20, 19, 1, 5, 9, 7, 18, 18, 18, 15, 2, 15, 13, 13, 9, 18, 9, 13, 13, 9, 11, 11, 4, 4, 20, 8, 8, 2, 8, 8, 15, 2, 15, 15, 15, 10, 8, 8, 13, 13, 2, 3, 8, 13, 2, 3, 7, 3, 3, 11, 11, 7, 7, 7, 6, 14, 12, 6, 12, 13, 6, 12, 12, 17, 7, 7, 7, 6, 17, 17, 14, 12, 6, 12, 17, 6, 17, 17, 14, 12, 6, 12, 17, 17, 8, 13, 13, 14, 14, 12, 6, 12, 6, 17, 17]
bestever    1968    in generation 913
[3, 19, 1, 5, 2, 9, 3, 19, 1, 15, 1, 5, 9, 1, 16, 20, 19, 19, 4, 4, 16, 18, 1, 20, 1, 18, 7, 5, 5, 16, 19, 5, 4, 10, 4, 16, 1, 16, 2, 19, 4, 2, 9, 19, 4, 15, 18, 18, 4, 4, 10, 9, 10, 16, 16, 19, 5, 2, 3, 6, 8, 18, 5, 11, 16, 16, 11, 10, 5, 20, 5, 10, 10, 19, 1, 9, 8, 3, 14, 14, 20, 20, 10, 10, 11, 15, 2, 18, 14, 16, 11, 20, 11, 9, 20, 7, 11, 20, 10, 14, 3, 3, 1, 15, 20, 19, 1, 5, 9, 18, 18, 18, 15, 2, 15, 13, 13, 13, 9, 18, 9, 13, 13, 9, 11, 11, 8, 4, 20, 6, 8, 2, 4, 8, 15, 14, 15, 15, 15, 10, 8, 2, 8, 8, 13, 2, 3, 8, 13, 2, 7, 3, 7, 7, 3, 11, 11, 7, 7, 6, 12, 6, 12, 13, 6, 12, 7, 7, 7, 17, 17, 14, 12, 12, 6, 14, 6, 17, 17, 12, 14, 17, 17, 12, 6, 12, 17, 17, 8, 13, 13, 14, 3, 14, 12, 6, 12, 6, 17, 17]
bestever    1934    in generation 916
[19, 1, 5, 2, 9, 19, 1, 15, 1, 5, 9, 1, 16, 20, 19, 19, 4, 4, 16, 18, 1, 20, 1, 18, 7, 5, 5, 16, 19, 4, 10, 4, 16, 16, 2, 19, 4, 9, 19, 4, 15, 18, 18, 4, 4, 10, 10, 16, 16, 19, 1, 5, 9, 2, 3, 3, 5, 2, 3, 6, 8, 18, 5, 11, 16, 16, 11, 10, 5, 20, 5, 10, 10, 19, 1, 9, 8, 3, 14, 14, 20, 20, 10, 10, 11, 15, 2, 18, 14, 16, 11, 20, 11, 9, 20, 7, 11, 20, 10, 14, 3, 3, 1, 15, 20, 19, 1, 5, 9, 18, 18, 18, 15, 2, 15, 13, 13, 13, 9, 18, 9, 13, 13, 9, 11, 11, 8, 4, 20, 6, 8, 2, 4, 8, 15, 14, 15, 15, 15, 10, 8, 2, 8, 8, 13, 2, 3, 8, 13, 2, 7, 3, 7, 7, 3, 11, 11, 7, 7, 6, 12, 6, 12, 13, 6, 12, 7, 7, 7, 17, 17, 14, 12, 12, 6, 14, 6, 17, 17, 12, 14, 17, 17, 12, 6, 12, 17, 17, 8, 13, 13, 14, 3, 14, 12, 6, 12, 6, 17, 17]
bestever    1933    in generation 1274
[2, 19, 9, 19, 1, 5, 1, 15, 1, 5, 9, 1, 16, 20, 19, 19, 4, 4, 16, 18, 1, 20, 1, 18, 7, 5, 5, 16, 19, 4, 10, 4, 16, 16, 2, 19, 4, 9, 19, 4, 15, 18, 18, 4, 4, 10, 10, 16, 16, 19, 1, 5, 9, 2, 3, 3, 5, 2, 3, 8, 18, 5, 11, 16, 16, 11, 10, 14, 20, 5, 10, 10, 19, 1, 9, 8, 3, 14, 5, 20, 20, 10, 10, 11, 15, 2, 18, 14, 16, 11, 20, 11, 9, 20, 7, 11, 20, 10, 14, 3, 3, 1, 15, 20, 19, 1, 5, 9, 18, 18, 18, 15, 2, 15, 13, 13, 13, 9, 18, 9, 13, 13, 9, 11, 11, 8, 4, 20, 8, 2, 4, 8, 15, 14, 15, 15, 15, 10, 8, 2, 8, 8, 13, 2, 3, 8, 13, 2, 7, 3, 7, 7, 11, 11, 7, 7, 12, 7, 7, 7, 14, 17, 17, 17, 17, 8, 13, 13, 14, 3, 14, 6, 12, 6, 12, 6, 6, 6, 17, 17, 12, 17, 17, 12, 12, 12, 6, 12, 6, 13, 14, 3, 14, 6, 12, 6, 12, 6, 17, 17]
bestever    1927    in generation 1285
[2, 19, 9, 19, 1, 5, 1, 15, 1, 5, 9, 1, 16, 20, 19, 19, 4, 4, 16, 18, 1, 20, 1, 18, 7, 5, 5, 16, 19, 4, 10, 4, 16, 16, 2, 19, 4, 9, 19, 4, 15, 18, 18, 4, 4, 10, 10, 16, 16, 19, 1, 5, 9, 2, 3, 3, 5, 2, 3, 8, 18, 5, 11, 16, 16, 11, 10, 14, 20, 5, 10, 10, 19, 1, 9, 8, 3, 14, 5, 20, 20, 10, 10, 11, 15, 2, 18, 14, 16, 11, 20, 11, 9, 20, 7, 11, 20, 10, 14, 3, 3, 1, 15, 20, 19, 1, 5, 9, 18, 18, 18, 15, 2, 15, 13, 13, 13, 9, 18, 9, 13, 13, 9, 11, 11, 8, 4, 20, 8, 2, 4, 8, 15, 14, 15, 15, 15, 10, 8, 2, 8, 8, 13, 2, 3, 8, 13, 2, 7, 3, 7, 7, 11, 11, 7, 7, 12, 7, 7, 7, 14, 17, 17, 17, 17, 8, 13, 13, 14, 3, 14, 6, 12, 6, 12, 6, 6, 17, 17, 12, 17, 17, 12, 12, 12, 6, 6, 12, 6, 13, 14, 3, 14, 6, 12, 6, 12, 6, 17, 17]
bestever    1893    in generation 1337
[19, 9, 19, 1, 5, 1, 15, 1, 5, 9, 1, 16, 20, 19, 19, 4, 4, 16, 18, 1, 20, 1, 18, 7, 5, 5, 16, 19, 4, 10, 4, 16, 16, 2, 19, 4, 9, 19, 4, 15, 18, 18, 4, 4, 10, 10, 16, 16, 19, 1, 5, 9, 2, 3, 3, 5, 2, 3, 8, 2, 18, 5, 11, 16, 16, 11, 10, 14, 20, 5, 10, 10, 19, 1, 9, 8, 3, 14, 5, 20, 20, 10, 10, 11, 15, 2, 18, 14, 16, 11, 20, 11, 9, 20, 7, 11, 20, 10, 14, 3, 3, 1, 15, 20, 19, 1, 5, 9, 18, 13, 18, 15, 2, 15, 13, 18, 13, 9, 18, 9, 13, 13, 9, 11, 11, 8, 4, 20, 8, 2, 4, 8, 15, 14, 15, 15, 15, 10, 8, 2, 8, 8, 13, 2, 3, 8, 13, 2, 7, 3, 7, 7, 11, 11, 7, 7, 12, 7, 7, 7, 14, 17, 17, 17, 17, 8, 13, 13, 14, 3, 14, 6, 12, 6, 12, 6, 6, 17, 17, 12, 17, 17, 12, 12, 12, 6, 12, 6, 6, 13, 14, 3, 14, 6, 12, 6, 12, 6, 17, 17]
bestever    1891    in generation 1505
[19, 9, 19, 1, 5, 1, 15, 1, 5, 9, 1, 16, 20, 19, 19, 4, 4, 16, 18, 1, 20, 1, 18, 7, 5, 5, 16, 19, 4, 10, 4, 16, 2, 19, 4, 9, 19, 4, 15, 18, 18, 4, 4, 10, 10, 16, 19, 1, 5, 9, 2, 3, 3, 5, 2, 3, 8, 2, 18, 16, 16, 5, 11, 16, 16, 11, 10, 14, 20, 5, 10, 10, 19, 8, 9, 1, 3, 14, 5, 20, 20, 10, 10, 11, 15, 2, 18, 14, 16, 11, 20, 11, 9, 20, 7, 11, 20, 10, 14, 3, 3, 1, 15, 20, 19, 1, 5, 9, 18, 13, 18, 15, 2, 15, 13, 18, 13, 9, 18, 9, 13, 13, 9, 11, 11, 8, 4, 20, 8, 2, 4, 8, 15, 14, 15, 15, 15, 10, 8, 2, 8, 8, 13, 2, 3, 8, 13, 2, 7, 3, 7, 7, 11, 11, 7, 7, 12, 7, 7, 7, 14, 17, 17, 17, 13, 13, 14, 3, 14, 6, 12, 17, 17, 6, 17, 12, 17, 17, 12, 12, 8, 6, 12, 6, 6, 13, 14, 3, 14, 6, 12, 6, 12, 6, 12, 6, 12, 6, 17, 17]
bestever    1889    in generation 1637
[9, 19, 19, 1, 5, 1, 15, 1, 5, 9, 1, 16, 20, 19, 19, 4, 4, 16, 18, 1, 20, 1, 18, 7, 5, 5, 16, 4, 10, 4, 16, 2, 19, 9, 19, 15, 18, 18, 4, 4, 10, 10, 16, 19, 1, 5, 9, 4, 4, 19, 2, 3, 3, 5, 2, 3, 8, 2, 18, 16, 16, 5, 11, 16, 16, 11, 10, 14, 5, 10, 10, 19, 8, 9, 1, 3, 14, 5, 20, 20, 10, 11, 15, 2, 18, 20, 10, 14, 16, 11, 20, 11, 9, 20, 7, 11, 20, 10, 14, 3, 3, 1, 15, 20, 19, 1, 5, 9, 18, 13, 18, 15, 2, 15, 13, 18, 13, 9, 18, 9, 13, 13, 9, 11, 11, 8, 4, 20, 8, 2, 4, 8, 15, 14, 15, 15, 15, 8, 13, 2, 3, 8, 13, 2, 7, 3, 7, 7, 11, 11, 7, 10, 8, 2, 8, 7, 12, 7, 7, 7, 14, 17, 17, 17, 13, 13, 14, 3, 14, 6, 12, 17, 17, 17, 12, 17, 17, 12, 12, 8, 6, 12, 6, 6, 13, 6, 14, 3, 14, 6, 12, 6, 12, 6, 12, 6, 12, 6, 17, 17]
bestever    1884    in generation 1657
[9, 19, 19, 1, 5, 1, 15, 1, 5, 9, 1, 16, 20, 19, 19, 4, 4, 16, 18, 1, 20, 1, 18, 7, 5, 5, 16, 4, 10, 4, 16, 2, 19, 9, 19, 15, 18, 18, 4, 4, 10, 10, 16, 19, 1, 5, 9, 4, 4, 19, 2, 3, 3, 5, 2, 3, 8, 2, 18, 16, 16, 5, 11, 16, 16, 11, 10, 14, 5, 10, 10, 19, 8, 9, 1, 3, 14, 5, 20, 20, 10, 11, 15, 2, 18, 20, 10, 14, 16, 11, 20, 11, 9, 20, 7, 11, 20, 10, 14, 3, 3, 1, 15, 20, 19, 1, 5, 9, 18, 13, 18, 15, 2, 15, 13, 18, 13, 9, 18, 9, 13, 13, 9, 11, 11, 8, 4, 20, 8, 2, 4, 8, 15, 14, 15, 15, 15, 13, 2, 3, 8, 13, 7, 3, 7, 7, 11, 11, 2, 8, 7, 10, 8, 2, 8, 7, 12, 7, 7, 7, 14, 17, 17, 17, 13, 13, 14, 3, 14, 6, 12, 17, 17, 17, 12, 17, 17, 12, 12, 8, 6, 12, 6, 6, 13, 6, 14, 3, 14, 6, 12, 6, 12, 6, 12, 6, 12, 6, 17, 17]
bestever    1873    in generation 2018
[9, 19, 19, 1, 5, 1, 15, 1, 5, 9, 1, 16, 20, 19, 19, 4, 4, 16, 18, 1, 20, 1, 18, 7, 5, 5, 16, 4, 10, 4, 16, 2, 19, 9, 19, 15, 18, 18, 4, 4, 10, 10, 16, 19, 1, 5, 9, 4, 4, 19, 2, 3, 3, 5, 2, 3, 8, 2, 18, 16, 16, 5, 11, 16, 16, 11, 10, 14, 5, 10, 10, 19, 8, 9, 1, 3, 14, 5, 20, 20, 10, 11, 15, 2, 18, 20, 10, 14, 16, 11, 20, 11, 9, 20, 7, 11, 20, 10, 14, 3, 3, 1, 15, 20, 19, 1, 5, 9, 18, 13, 18, 15, 2, 15, 13, 18, 13, 9, 18, 9, 13, 13, 9, 11, 11, 8, 3, 7, 4, 20, 8, 2, 4, 8, 15, 14, 15, 15, 15, 13, 2, 3, 13, 7, 7, 11, 11, 2, 8, 7, 10, 8, 8, 2, 8, 7, 12, 7, 7, 12, 7, 14, 17, 17, 17, 13, 13, 14, 3, 14, 12, 17, 17, 6, 17, 12, 17, 17, 12, 8, 6, 12, 6, 6, 13, 6, 14, 3, 14, 6, 12, 6, 12, 6, 12, 6, 12, 6, 17, 17]
bestever    1870    in generation 2225
[9, 19, 19, 1, 5, 1, 15, 1, 5, 9, 1, 16, 20, 19, 19, 4, 4, 16, 18, 1, 20, 1, 18, 5, 5, 16, 4, 10, 4, 16, 2, 19, 9, 19, 15, 18, 18, 4, 4, 10, 10, 16, 19, 1, 5, 9, 4, 4, 19, 2, 3, 3, 5, 2, 16, 3, 8, 2, 18, 16, 16, 5, 11, 16, 16, 11, 5, 10, 14, 10, 10, 19, 8, 9, 1, 3, 14, 5, 20, 20, 10, 11, 15, 2, 18, 20, 10, 14, 11, 20, 11, 9, 20, 11, 20, 10, 14, 3, 3, 1, 15, 20, 19, 1, 5, 9, 18, 13, 18, 15, 2, 15, 13, 18, 13, 9, 18, 9, 13, 13, 9, 11, 11, 8, 3, 7, 4, 20, 2, 4, 15, 14, 15, 15, 15, 13, 2, 3, 13, 7, 7, 7, 8, 8, 7, 11, 11, 2, 8, 7, 10, 8, 8, 2, 8, 7, 12, 7, 7, 12, 7, 14, 17, 17, 17, 13, 13, 14, 3, 14, 17, 17, 17, 17, 17, 12, 12, 6, 12, 8, 6, 12, 6, 6, 13, 6, 14, 3, 14, 6, 12, 6, 12, 6, 12, 6, 12, 6, 17, 17]
bestever    1869    in generation 2444
[19, 19, 1, 5, 9, 1, 15, 1, 5, 9, 1, 16, 20, 19, 19, 4, 4, 16, 18, 1, 20, 1, 18, 5, 5, 16, 4, 10, 4, 16, 2, 19, 9, 19, 15, 18, 18, 4, 4, 10, 10, 16, 19, 1, 5, 9, 4, 4, 19, 2, 3, 3, 5, 2, 16, 3, 8, 2, 18, 16, 16, 5, 11, 16, 16, 11, 5, 10, 14, 10, 10, 19, 9, 1, 3, 14, 5, 20, 20, 10, 11, 15, 2, 18, 20, 10, 14, 11, 20, 11, 9, 20, 11, 20, 10, 14, 3, 3, 1, 15, 20, 19, 1, 5, 9, 18, 13, 18, 15, 2, 15, 13, 18, 13, 9, 18, 9, 13, 13, 9, 11, 11, 8, 3, 4, 20, 2, 4, 15, 14, 8, 15, 15, 15, 13, 3, 13, 7, 7, 8, 8, 7, 2, 8, 7, 7, 11, 11, 2, 7, 10, 8, 8, 2, 8, 7, 7, 7, 7, 17, 17, 13, 13, 14, 3, 14, 17, 12, 12, 14, 17, 17, 17, 12, 12, 8, 6, 17, 6, 12, 6, 12, 13, 6, 14, 3, 14, 6, 12, 6, 12, 12, 6, 6, 6, 12, 6, 17, 17, 17]
bestever    1867    in generation 2507
[19, 19, 1, 5, 9, 1, 15, 1, 5, 9, 1, 16, 20, 19, 19, 4, 4, 16, 18, 1, 20, 1, 18, 5, 5, 16, 4, 10, 4, 16, 2, 19, 9, 19, 15, 18, 18, 4, 4, 10, 10, 16, 19, 1, 5, 9, 4, 4, 19, 2, 3, 3, 5, 2, 16, 3, 8, 2, 18, 16, 16, 5, 11, 16, 16, 11, 5, 10, 14, 10, 10, 19, 9, 1, 3, 14, 5, 20, 20, 10, 11, 15, 2, 18, 20, 10, 14, 11, 20, 11, 9, 20, 11, 20, 10, 14, 3, 3, 1, 15, 20, 19, 1, 5, 9, 18, 18, 15, 2, 18, 13, 9, 18, 6, 13, 13, 9, 11, 11, 8, 3, 4, 20, 2, 4, 15, 14, 15, 13, 13, 8, 15, 15, 15, 13, 3, 13, 7, 7, 8, 8, 7, 2, 8, 7, 7, 11, 11, 2, 7, 10, 8, 8, 2, 8, 7, 7, 7, 7, 17, 17, 13, 13, 14, 3, 14, 17, 12, 12, 14, 17, 17, 17, 12, 12, 8, 6, 17, 6, 12, 6, 12, 13, 9, 14, 3, 14, 6, 12, 6, 12, 12, 6, 6, 6, 12, 6, 17, 17, 17]
bestever    1864    in generation 2553
[19, 19, 1, 5, 9, 1, 15, 1, 5, 9, 1, 16, 20, 19, 19, 4, 4, 16, 18, 1, 20, 1, 18, 5, 5, 16, 4, 10, 4, 16, 2, 19, 9, 19, 15, 18, 18, 4, 4, 10, 10, 16, 19, 1, 5, 9, 4, 4, 19, 2, 3, 3, 5, 2, 16, 3, 8, 2, 18, 16, 16, 5, 11, 16, 16, 11, 5, 10, 14, 10, 10, 19, 9, 1, 3, 14, 5, 20, 20, 10, 11, 15, 2, 18, 20, 10, 14, 11, 20, 11, 9, 20, 11, 20, 10, 14, 3, 3, 1, 15, 20, 19, 1, 5, 9, 18, 18, 15, 2, 18, 13, 9, 18, 6, 13, 13, 9, 11, 11, 8, 3, 4, 20, 2, 4, 15, 14, 15, 13, 13, 8, 15, 15, 15, 13, 3, 13, 7, 7, 8, 8, 7, 2, 8, 7, 7, 11, 11, 2, 7, 10, 8, 8, 2, 8, 7, 7, 7, 7, 17, 17, 13, 13, 14, 3, 14, 17, 12, 12, 14, 17, 12, 12, 8, 6, 17, 6, 12, 6, 12, 13, 9, 14, 3, 14, 12, 6, 17, 6, 12, 12, 6, 6, 6, 17, 12, 6, 17, 17, 17]
bestever    1851    in generation 2562
[19, 19, 1, 5, 9, 1, 15, 1, 5, 9, 1, 16, 20, 19, 19, 4, 4, 16, 18, 1, 20, 1, 18, 5, 5, 16, 4, 10, 4, 16, 2, 19, 9, 19, 15, 18, 18, 4, 4, 10, 10, 16, 19, 1, 5, 9, 4, 4, 19, 2, 3, 3, 5, 2, 16, 3, 8, 2, 18, 16, 16, 5, 11, 16, 16, 11, 5, 10, 14, 10, 10, 19, 9, 1, 3, 14, 5, 20, 20, 10, 11, 15, 2, 18, 20, 10, 14, 11, 20, 11, 9, 20, 11, 20, 10, 14, 18, 3, 1, 15, 20, 19, 1, 5, 9, 3, 18, 15, 2, 18, 13, 9, 18, 6, 13, 13, 9, 11, 11, 8, 3, 4, 20, 2, 4, 15, 14, 15, 13, 13, 15, 15, 15, 13, 3, 13, 8, 7, 7, 8, 8, 7, 2, 8, 7, 7, 11, 11, 2, 7, 10, 8, 8, 2, 8, 7, 7, 7, 7, 17, 17, 13, 13, 14, 3, 14, 17, 12, 12, 14, 17, 12, 12, 8, 6, 17, 6, 12, 6, 12, 13, 9, 14, 3, 14, 12, 6, 17, 6, 12, 12, 6, 6, 6, 17, 12, 6, 17, 17, 17]
bestever    1850    in generation 2620
[19, 1, 5, 19, 9, 1, 15, 1, 5, 9, 1, 16, 20, 19, 19, 4, 4, 16, 18, 1, 20, 1, 18, 5, 5, 16, 4, 10, 4, 16, 2, 19, 9, 19, 18, 18, 4, 4, 10, 10, 16, 19, 1, 5, 9, 4, 4, 19, 2, 3, 3, 2, 16, 3, 8, 2, 18, 16, 5, 11, 16, 16, 11, 5, 10, 14, 10, 10, 19, 9, 1, 5, 16, 17, 3, 14, 5, 20, 20, 10, 11, 15, 2, 18, 20, 10, 14, 11, 20, 11, 9, 20, 11, 20, 10, 14, 18, 3, 1, 15, 20, 19, 1, 5, 9, 3, 18, 15, 2, 18, 13, 9, 18, 6, 13, 13, 9, 11, 11, 8, 3, 4, 20, 2, 4, 15, 14, 15, 13, 13, 15, 15, 15, 13, 3, 13, 8, 7, 8, 7, 8, 7, 7, 2, 7, 8, 11, 11, 2, 7, 10, 8, 8, 2, 8, 7, 7, 7, 7, 17, 17, 13, 13, 14, 3, 14, 17, 12, 12, 14, 12, 12, 8, 6, 6, 12, 6, 12, 13, 9, 14, 3, 14, 12, 6, 17, 6, 12, 12, 17, 17, 6, 6, 6, 17, 12, 6, 17, 17, 15]
bestever    1822    in generation 2795
[19, 1, 5, 19, 9, 1, 1, 5, 9, 1, 16, 20, 19, 19, 4, 4, 16, 18, 1, 20, 1, 18, 5, 5, 16, 4, 10, 4, 16, 2, 19, 9, 19, 18, 18, 4, 4, 10, 10, 16, 19, 1, 5, 9, 4, 4, 19, 2, 3, 3, 2, 16, 3, 8, 2, 18, 16, 5, 15, 11, 16, 16, 11, 5, 10, 14, 10, 20, 19, 9, 1, 5, 16, 3, 14, 5, 20, 20, 10, 11, 15, 2, 18, 20, 10, 14, 11, 10, 11, 9, 20, 11, 20, 10, 14, 18, 3, 1, 15, 20, 19, 1, 5, 6, 9, 3, 18, 15, 2, 18, 13, 9, 18, 13, 13, 9, 11, 11, 8, 3, 4, 20, 2, 4, 15, 14, 15, 13, 13, 15, 15, 15, 13, 3, 13, 8, 7, 8, 7, 8, 7, 2, 7, 8, 11, 11, 2, 7, 10, 8, 8, 2, 8, 7, 7, 7, 7, 7, 13, 13, 14, 3, 14, 12, 12, 14, 12, 12, 8, 12, 17, 17, 6, 6, 13, 6, 17, 6, 12, 17, 9, 14, 3, 14, 12, 17, 6, 12, 12, 17, 17, 6, 6, 6, 17, 12, 6, 17, 17, 15]
bestever    1821    in generation 2862
[19, 1, 5, 19, 9, 1, 1, 5, 9, 1, 16, 20, 19, 19, 4, 4, 16, 10, 1, 20, 1, 18, 5, 5, 16, 4, 10, 4, 16, 2, 19, 9, 19, 18, 18, 4, 4, 10, 10, 16, 19, 1, 5, 9, 4, 4, 19, 2, 3, 3, 2, 16, 3, 8, 2, 18, 16, 5, 15, 11, 16, 16, 11, 5, 10, 14, 18, 20, 19, 9, 1, 5, 16, 3, 14, 5, 20, 20, 10, 11, 15, 2, 18, 20, 10, 14, 11, 10, 11, 9, 20, 11, 20, 10, 14, 18, 3, 1, 15, 20, 19, 1, 5, 6, 9, 3, 18, 15, 2, 18, 13, 9, 18, 13, 13, 9, 11, 11, 8, 3, 4, 20, 2, 4, 15, 14, 15, 13, 13, 15, 15, 15, 7, 3, 13, 8, 7, 8, 7, 8, 13, 2, 7, 11, 8, 11, 2, 7, 10, 8, 8, 2, 8, 7, 7, 7, 7, 7, 13, 13, 14, 3, 14, 12, 12, 12, 12, 8, 12, 17, 17, 6, 6, 13, 6, 17, 6, 12, 17, 9, 14, 14, 3, 14, 12, 17, 6, 12, 12, 17, 17, 6, 6, 6, 17, 12, 6, 17, 17, 15]
bestever    1802    in generation 2899
[19, 1, 5, 19, 9, 1, 1, 5, 9, 1, 16, 20, 19, 19, 4, 4, 16, 10, 1, 20, 1, 18, 5, 5, 16, 4, 10, 4, 16, 2, 19, 9, 19, 18, 18, 4, 4, 10, 10, 16, 19, 1, 5, 9, 4, 4, 19, 2, 3, 3, 2, 16, 3, 8, 2, 18, 16, 5, 15, 11, 16, 16, 11, 5, 10, 14, 18, 20, 19, 9, 1, 5, 3, 14, 5, 20, 20, 10, 11, 15, 2, 18, 20, 10, 14, 11, 10, 11, 9, 20, 11, 20, 10, 14, 18, 3, 1, 15, 20, 19, 1, 5, 6, 9, 3, 18, 15, 2, 18, 13, 20, 9, 18, 13, 13, 9, 11, 11, 8, 3, 4, 16, 2, 4, 15, 14, 15, 13, 13, 15, 15, 15, 7, 3, 13, 8, 7, 8, 7, 8, 13, 2, 7, 11, 8, 11, 2, 7, 10, 8, 8, 2, 8, 7, 7, 7, 7, 7, 13, 13, 14, 3, 14, 12, 12, 12, 17, 17, 17, 6, 17, 6, 9, 15, 14, 12, 12, 12, 8, 12, 17, 17, 6, 6, 13, 6, 17, 6, 12, 17, 14, 3, 14, 12, 17, 12, 6, 6, 6, 17]
bestever    1797    in generation 2918
[19, 1, 5, 19, 9, 1, 1, 5, 9, 1, 16, 20, 19, 19, 4, 4, 16, 10, 1, 20, 1, 18, 5, 5, 16, 4, 10, 4, 16, 2, 19, 9, 19, 18, 18, 4, 4, 10, 10, 16, 19, 1, 5, 9, 4, 4, 19, 2, 3, 3, 2, 16, 3, 2, 18, 16, 5, 15, 11, 16, 16, 11, 5, 10, 14, 18, 20, 19, 9, 1, 5, 3, 14, 5, 20, 20, 10, 11, 15, 2, 18, 20, 10, 14, 11, 10, 11, 9, 20, 11, 20, 10, 14, 18, 3, 1, 15, 20, 19, 1, 5, 6, 9, 3, 18, 15, 2, 18, 13, 20, 9, 18, 13, 13, 9, 11, 11, 3, 4, 16, 4, 15, 14, 15, 13, 15, 15, 15, 3, 13, 8, 13, 8, 2, 7, 8, 7, 8, 7, 8, 13, 2, 7, 11, 8, 11, 2, 7, 10, 8, 8, 2, 8, 7, 7, 7, 7, 7, 13, 13, 14, 3, 14, 12, 12, 12, 17, 17, 17, 6, 17, 6, 9, 15, 14, 12, 12, 12, 8, 12, 17, 17, 6, 6, 13, 6, 17, 6, 12, 17, 14, 3, 14, 12, 17, 12, 6, 6, 6, 17]
bestever    1792    in generation 3023
[19, 1, 5, 19, 9, 1, 1, 5, 9, 1, 16, 20, 19, 19, 4, 4, 16, 10, 1, 20, 1, 18, 5, 5, 16, 4, 10, 4, 16, 2, 19, 9, 19, 18, 18, 4, 4, 10, 10, 16, 19, 1, 5, 9, 4, 4, 19, 2, 3, 3, 2, 16, 3, 2, 18, 16, 5, 15, 11, 16, 16, 11, 5, 10, 14, 18, 20, 19, 9, 1, 5, 3, 14, 5, 20, 20, 10, 11, 15, 2, 18, 7, 10, 14, 11, 10, 11, 9, 20, 11, 20, 10, 14, 18, 3, 1, 15, 20, 19, 1, 5, 9, 3, 18, 15, 2, 18, 13, 20, 9, 18, 13, 13, 9, 11, 11, 3, 4, 16, 4, 15, 14, 15, 13, 15, 15, 15, 3, 8, 13, 8, 2, 20, 8, 7, 8, 7, 8, 13, 2, 7, 11, 8, 6, 11, 2, 7, 10, 8, 8, 2, 8, 7, 7, 7, 7, 7, 13, 13, 13, 14, 3, 14, 12, 12, 12, 17, 17, 17, 6, 6, 17, 9, 15, 14, 12, 12, 12, 8, 12, 17, 17, 6, 6, 13, 6, 17, 6, 12, 17, 14, 3, 14, 12, 17, 12, 6, 6, 6, 17]
bestever    1785    in generation 3032
[19, 1, 5, 19, 9, 1, 1, 5, 9, 1, 16, 20, 19, 19, 4, 4, 16, 10, 1, 20, 1, 18, 5, 5, 16, 4, 10, 4, 16, 2, 19, 9, 19, 18, 18, 4, 4, 10, 10, 16, 19, 1, 5, 9, 4, 4, 19, 2, 3, 3, 2, 16, 3, 2, 18, 16, 5, 15, 11, 16, 16, 11, 5, 10, 14, 18, 20, 19, 9, 1, 5, 3, 14, 5, 20, 20, 10, 11, 15, 2, 18, 7, 10, 11, 10, 11, 9, 20, 11, 20, 10, 18, 3, 1, 15, 20, 19, 1, 5, 9, 3, 18, 15, 2, 18, 13, 20, 9, 18, 13, 13, 9, 11, 11, 3, 4, 16, 4, 15, 14, 15, 13, 15, 15, 15, 8, 13, 8, 2, 20, 8, 7, 8, 7, 8, 2, 7, 11, 8, 11, 2, 7, 10, 8, 8, 13, 14, 3, 14, 12, 2, 8, 7, 7, 7, 7, 7, 13, 13, 13, 14, 3, 14, 12, 12, 17, 17, 17, 17, 9, 15, 14, 12, 12, 12, 8, 12, 6, 17, 17, 6, 6, 13, 6, 17, 6, 12, 17, 14, 3, 14, 12, 17, 12, 6, 6, 6, 6, 6, 17]
bestever    1768    in generation 3177
[19, 1, 5, 19, 9, 1, 1, 5, 9, 1, 16, 20, 19, 19, 4, 4, 16, 10, 1, 20, 1, 18, 5, 5, 16, 4, 10, 4, 16, 2, 19, 9, 19, 18, 18, 4, 4, 10, 10, 16, 19, 1, 5, 9, 4, 4, 19, 2, 3, 3, 2, 16, 2, 18, 16, 5, 15, 11, 16, 16, 11, 5, 10, 18, 20, 19, 9, 1, 5, 3, 14, 5, 20, 20, 10, 11, 15, 2, 18, 7, 10, 11, 10, 11, 9, 20, 11, 20, 10, 18, 3, 1, 15, 20, 19, 1, 5, 9, 3, 18, 15, 2, 18, 13, 20, 9, 18, 13, 13, 9, 11, 11, 3, 4, 16, 4, 15, 14, 15, 13, 15, 15, 15, 8, 13, 8, 2, 20, 8, 7, 8, 7, 8, 2, 7, 11, 8, 11, 2, 14, 3, 7, 10, 8, 8, 13, 14, 3, 14, 12, 2, 8, 7, 7, 7, 7, 7, 13, 13, 13, 14, 12, 12, 17, 17, 17, 17, 9, 15, 14, 12, 12, 12, 8, 12, 6, 17, 17, 6, 6, 13, 6, 17, 14, 3, 12, 14, 3, 14, 12, 17, 6, 17, 12, 6, 6, 6, 6, 6, 17]
bestever    1766    in generation 3355
[19, 1, 5, 19, 9, 1, 1, 5, 9, 1, 16, 20, 19, 19, 4, 4, 16, 10, 1, 20, 1, 18, 5, 5, 16, 4, 10, 4, 16, 2, 19, 9, 19, 18, 18, 4, 4, 10, 10, 16, 19, 1, 5, 9, 4, 4, 19, 2, 3, 3, 2, 16, 2, 18, 16, 5, 15, 11, 16, 16, 11, 5, 10, 18, 20, 19, 9, 1, 5, 3, 14, 5, 20, 20, 10, 11, 15, 2, 18, 7, 10, 11, 10, 11, 9, 20, 11, 20, 10, 18, 3, 1, 15, 20, 19, 1, 5, 9, 3, 18, 15, 18, 13, 20, 9, 18, 13, 13, 9, 11, 3, 4, 16, 4, 15, 14, 15, 13, 15, 15, 15, 8, 13, 8, 2, 20, 8, 7, 8, 7, 8, 2, 11, 2, 11, 8, 11, 2, 14, 3, 10, 8, 8, 13, 3, 14, 2, 8, 7, 7, 7, 7, 7, 7, 7, 13, 13, 13, 14, 17, 17, 17, 17, 9, 14, 12, 12, 12, 15, 14, 12, 12, 8, 12, 12, 6, 17, 17, 6, 6, 13, 6, 17, 14, 3, 12, 14, 3, 14, 12, 17, 6, 17, 12, 6, 6, 6, 6, 6, 17]
bestever    1765    in generation 3472
[19, 1, 5, 19, 9, 1, 1, 5, 9, 1, 16, 20, 19, 19, 4, 4, 16, 10, 1, 20, 1, 18, 5, 5, 16, 4, 10, 4, 16, 2, 19, 9, 19, 18, 18, 4, 4, 10, 10, 16, 19, 1, 5, 9, 4, 4, 19, 2, 3, 3, 2, 16, 2, 18, 16, 5, 15, 11, 16, 16, 11, 5, 10, 18, 20, 19, 9, 1, 5, 3, 14, 5, 20, 20, 10, 11, 15, 2, 18, 7, 10, 11, 10, 11, 9, 20, 11, 20, 10, 18, 3, 1, 15, 20, 19, 1, 5, 9, 3, 18, 15, 18, 13, 20, 9, 18, 13, 13, 9, 11, 3, 4, 16, 4, 15, 14, 15, 13, 15, 15, 15, 8, 13, 8, 2, 20, 8, 7, 8, 7, 8, 2, 11, 2, 11, 8, 11, 2, 14, 3, 10, 8, 8, 13, 3, 14, 2, 8, 7, 7, 7, 7, 7, 7, 7, 13, 13, 13, 14, 17, 17, 17, 17, 9, 14, 12, 12, 12, 15, 14, 12, 12, 8, 12, 12, 6, 17, 17, 6, 6, 13, 6, 17, 14, 3, 12, 14, 3, 14, 12, 17, 6, 17, 12, 6, 17, 6, 6, 6, 6]
bestever    1764    in generation 3713
[19, 1, 5, 19, 9, 1, 1, 5, 9, 1, 16, 20, 19, 19, 4, 18, 4, 16, 10, 1, 20, 1, 18, 5, 5, 16, 4, 10, 4, 16, 2, 19, 9, 19, 18, 18, 4, 10, 10, 16, 19, 1, 5, 9, 4, 4, 19, 2, 3, 3, 2, 16, 2, 16, 5, 15, 11, 16, 16, 11, 5, 10, 18, 20, 19, 9, 1, 5, 14, 5, 20, 20, 10, 11, 15, 2, 18, 8, 10, 10, 11, 9, 20, 11, 20, 10, 18, 3, 1, 15, 20, 19, 1, 5, 9, 3, 18, 15, 18, 13, 20, 9, 18, 13, 9, 11, 3, 4, 11, 3, 4, 16, 15, 4, 14, 15, 13, 15, 15, 15, 8, 13, 8, 2, 20, 8, 8, 2, 11, 2, 11, 11, 2, 14, 3, 10, 8, 17, 8, 13, 8, 13, 3, 14, 2, 8, 7, 7, 7, 7, 7, 7, 7, 7, 7, 7, 13, 13, 13, 14, 17, 17, 17, 9, 14, 12, 15, 14, 12, 12, 12, 12, 8, 12, 12, 6, 17, 17, 6, 6, 13, 6, 17, 14, 3, 12, 14, 3, 14, 12, 17, 6, 17, 12, 6, 17, 6, 6, 6, 6]
bestever    1750    in generation 3836
[19, 1, 5, 19, 9, 1, 1, 5, 9, 1, 16, 20, 19, 19, 4, 18, 4, 16, 10, 1, 20, 1, 18, 5, 5, 16, 4, 10, 4, 16, 2, 19, 9, 19, 18, 18, 4, 10, 10, 16, 19, 1, 5, 9, 4, 4, 19, 2, 3, 3, 2, 16, 2, 16, 5, 15, 11, 16, 16, 11, 5, 10, 18, 20, 19, 9, 1, 5, 14, 5, 20, 20, 10, 11, 15, 2, 18, 10, 10, 11, 9, 20, 11, 20, 10, 18, 3, 1, 15, 20, 19, 1, 5, 9, 3, 18, 15, 18, 13, 20, 9, 18, 13, 9, 11, 3, 4, 3, 4, 16, 15, 4, 14, 15, 13, 15, 15, 15, 13, 8, 20, 8, 8, 8, 11, 2, 8, 2, 8, 2, 11, 11, 2, 14, 3, 10, 8, 17, 8, 13, 11, 13, 3, 14, 2, 8, 7, 7, 7, 7, 7, 7, 7, 7, 7, 7, 13, 13, 13, 14, 17, 17, 17, 9, 14, 12, 15, 14, 12, 12, 12, 12, 8, 12, 12, 6, 17, 17, 13, 17, 14, 3, 6, 6, 6, 12, 14, 3, 14, 12, 17, 6, 17, 12, 6, 17, 6, 6, 6, 6]
bestever    1740    in generation 3945
[19, 1, 5, 19, 9, 1, 1, 5, 9, 1, 16, 20, 19, 19, 4, 18, 4, 16, 10, 1, 20, 1, 18, 5, 5, 16, 4, 10, 4, 16, 2, 19, 9, 19, 18, 18, 4, 10, 10, 16, 19, 1, 5, 9, 4, 19, 2, 2, 16, 2, 16, 5, 15, 11, 16, 16, 11, 5, 10, 18, 20, 19, 9, 1, 5, 14, 5, 20, 20, 10, 11, 15, 2, 18, 10, 10, 11, 9, 20, 11, 20, 10, 18, 3, 1, 15, 20, 19, 1, 5, 9, 3, 18, 15, 18, 13, 20, 9, 18, 13, 9, 11, 3, 3, 4, 3, 4, 3, 4, 16, 15, 4, 14, 15, 13, 15, 15, 15, 13, 20, 8, 8, 8, 8, 11, 2, 8, 2, 8, 2, 11, 11, 2, 14, 3, 10, 8, 17, 8, 13, 11, 13, 3, 14, 2, 8, 7, 7, 7, 7, 7, 7, 7, 7, 7, 7, 13, 13, 13, 14, 17, 17, 17, 9, 14, 12, 15, 14, 12, 12, 12, 12, 8, 12, 12, 6, 17, 17, 13, 17, 14, 3, 6, 6, 6, 12, 14, 3, 14, 12, 17, 6, 17, 12, 6, 17, 6, 6, 6, 6]
bestever    1737    in generation 4123
[19, 1, 5, 19, 9, 1, 1, 5, 9, 1, 16, 20, 19, 19, 4, 10, 4, 16, 10, 1, 20, 1, 18, 5, 5, 16, 4, 18, 4, 16, 2, 19, 9, 19, 18, 18, 4, 10, 10, 16, 19, 1, 5, 9, 4, 19, 2, 2, 16, 2, 16, 5, 15, 11, 16, 16, 11, 5, 10, 18, 20, 19, 9, 1, 5, 14, 5, 20, 20, 10, 11, 15, 2, 18, 10, 10, 11, 9, 20, 11, 20, 10, 18, 3, 1, 15, 20, 19, 1, 5, 9, 3, 18, 15, 18, 13, 20, 9, 18, 13, 9, 11, 3, 3, 4, 3, 4, 3, 4, 16, 15, 4, 14, 15, 13, 15, 15, 15, 13, 20, 8, 8, 8, 8, 11, 2, 8, 2, 8, 2, 11, 6, 11, 2, 14, 7, 10, 8, 8, 13, 11, 13, 3, 2, 8, 7, 3, 7, 7, 7, 7, 7, 7, 7, 7, 13, 13, 13, 14, 17, 14, 17, 17, 17, 9, 14, 12, 15, 14, 12, 12, 12, 12, 8, 12, 12, 6, 17, 17, 13, 17, 14, 3, 6, 6, 6, 12, 14, 3, 14, 12, 17, 6, 17, 12, 17, 6, 6, 6, 6]
bestever    1735    in generation 4229
[19, 1, 5, 19, 9, 1, 1, 5, 9, 1, 16, 20, 19, 19, 4, 10, 4, 16, 10, 1, 20, 1, 18, 5, 5, 16, 4, 18, 4, 16, 2, 19, 9, 19, 18, 18, 4, 10, 10, 16, 19, 1, 5, 9, 2, 19, 2, 2, 16, 4, 16, 5, 15, 11, 16, 16, 11, 5, 10, 18, 20, 19, 9, 1, 5, 14, 5, 20, 20, 10, 20, 11, 15, 2, 18, 10, 10, 11, 9, 11, 20, 10, 18, 3, 1, 15, 20, 19, 1, 5, 9, 3, 18, 15, 18, 13, 20, 9, 18, 13, 9, 11, 3, 3, 4, 3, 4, 3, 4, 16, 15, 4, 14, 15, 13, 15, 15, 15, 13, 20, 8, 8, 8, 8, 11, 2, 8, 2, 8, 2, 11, 11, 2, 14, 7, 10, 8, 8, 13, 11, 13, 3, 2, 8, 7, 3, 7, 7, 7, 7, 7, 7, 7, 7, 13, 13, 13, 14, 17, 14, 17, 17, 17, 9, 14, 12, 15, 14, 12, 12, 12, 12, 8, 12, 17, 13, 17, 6, 6, 14, 3, 12, 6, 6, 17, 6, 12, 14, 3, 14, 12, 17, 6, 17, 12, 17, 6, 6, 6, 6]
bestever    1723    in generation 4351
[19, 1, 5, 19, 9, 1, 1, 5, 9, 1, 16, 20, 19, 19, 4, 10, 4, 16, 10, 1, 20, 1, 18, 5, 5, 16, 4, 18, 4, 16, 2, 19, 9, 19, 18, 18, 4, 10, 10, 16, 19, 1, 5, 9, 2, 19, 2, 2, 16, 4, 16, 5, 15, 11, 16, 16, 11, 5, 10, 18, 20, 19, 9, 1, 5, 14, 5, 20, 20, 10, 20, 11, 15, 2, 18, 10, 10, 11, 9, 11, 20, 10, 18, 3, 1, 15, 20, 19, 1, 5, 9, 3, 18, 15, 18, 13, 20, 9, 18, 13, 9, 11, 3, 3, 4, 4, 4, 16, 15, 4, 14, 15, 13, 15, 15, 15, 20, 8, 8, 8, 8, 11, 2, 8, 2, 8, 2, 11, 11, 2, 14, 7, 10, 8, 3, 8, 3, 13, 13, 11, 13, 3, 2, 8, 7, 3, 7, 7, 7, 7, 7, 7, 7, 7, 13, 13, 13, 14, 17, 14, 17, 17, 9, 14, 12, 15, 14, 12, 12, 12, 12, 8, 17, 13, 17, 6, 6, 14, 3, 12, 6, 6, 6, 17, 6, 12, 17, 6, 12, 14, 3, 14, 12, 17, 6, 17, 12, 17, 6, 6]
bestever    1707    in generation 4623
[19, 19, 1, 1, 5, 5, 9, 1, 9, 1, 16, 20, 19, 19, 4, 10, 4, 16, 10, 1, 20, 1, 18, 5, 5, 16, 4, 18, 4, 16, 2, 19, 9, 19, 18, 18, 4, 10, 10, 16, 19, 1, 5, 9, 2, 19, 2, 2, 16, 4, 20, 5, 15, 11, 16, 16, 11, 5, 10, 18, 16, 19, 9, 1, 5, 14, 5, 20, 20, 10, 20, 11, 15, 2, 18, 10, 10, 11, 9, 20, 10, 18, 3, 1, 15, 20, 19, 1, 5, 9, 3, 18, 15, 18, 13, 20, 9, 18, 13, 9, 3, 3, 4, 4, 4, 16, 15, 4, 14, 15, 13, 15, 15, 15, 20, 8, 8, 8, 8, 11, 2, 8, 2, 11, 11, 8, 2, 11, 11, 2, 14, 7, 10, 8, 3, 8, 3, 13, 11, 13, 3, 2, 8, 7, 3, 13, 7, 7, 7, 7, 7, 7, 7, 7, 13, 13, 13, 14, 17, 14, 17, 9, 14, 12, 15, 14, 12, 12, 12, 12, 8, 13, 6, 14, 3, 6, 17, 6, 17, 12, 17, 14, 3, 12, 12, 6, 14, 6, 17, 6, 17, 12, 17, 6, 6, 17, 6, 12, 17, 6]
bestever    1703    in generation 4751
[19, 19, 1, 1, 5, 5, 9, 1, 9, 1, 16, 20, 19, 19, 4, 10, 4, 16, 10, 1, 20, 1, 18, 5, 5, 16, 4, 18, 4, 16, 1, 19, 9, 19, 18, 18, 4, 10, 10, 16, 19, 1, 5, 9, 2, 19, 2, 2, 16, 4, 20, 5, 15, 11, 16, 16, 11, 5, 10, 18, 16, 19, 9, 2, 5, 14, 5, 20, 20, 10, 20, 11, 15, 2, 18, 10, 10, 11, 9, 20, 10, 18, 3, 1, 15, 20, 19, 1, 5, 9, 3, 18, 15, 18, 13, 20, 9, 18, 13, 9, 3, 3, 4, 4, 4, 16, 15, 4, 14, 15, 13, 15, 15, 15, 20, 8, 8, 8, 8, 11, 2, 8, 2, 11, 11, 8, 2, 11, 11, 2, 14, 7, 10, 8, 3, 8, 11, 3, 2, 8, 3, 13, 13, 7, 3, 13, 7, 7, 7, 7, 7, 7, 7, 7, 13, 13, 14, 13, 14, 17, 14, 17, 9, 14, 12, 15, 12, 12, 12, 12, 8, 13, 6, 14, 3, 6, 17, 6, 17, 12, 17, 14, 3, 12, 12, 6, 14, 6, 17, 6, 17, 12, 17, 6, 6, 17, 6, 12, 17, 6]
bestever    1700    in generation 5303
[19, 19, 1, 1, 5, 5, 9, 1, 9, 1, 16, 20, 19, 19, 4, 10, 4, 16, 10, 1, 20, 1, 18, 5, 5, 16, 4, 18, 4, 16, 1, 19, 9, 19, 18, 18, 4, 10, 10, 16, 5, 1, 19, 9, 2, 19, 2, 2, 16, 4, 20, 5, 15, 11, 16, 16, 11, 5, 10, 18, 16, 19, 9, 2, 5, 14, 5, 20, 20, 10, 20, 11, 15, 2, 18, 10, 10, 11, 9, 20, 10, 18, 3, 1, 15, 20, 19, 1, 5, 9, 3, 18, 15, 18, 13, 20, 9, 18, 13, 9, 3, 3, 4, 4, 4, 16, 15, 4, 14, 15, 13, 15, 15, 15, 20, 8, 12, 8, 8, 8, 11, 2, 8, 2, 11, 11, 8, 2, 11, 11, 2, 14, 12, 10, 8, 3, 8, 11, 2, 8, 3, 6, 7, 3, 13, 13, 3, 7, 13, 7, 7, 7, 7, 7, 7, 7, 13, 13, 14, 13, 14, 14, 9, 14, 7, 15, 12, 12, 12, 12, 8, 13, 6, 14, 3, 14, 3, 12, 14, 12, 6, 6, 6, 17, 6, 6, 17, 17, 6, 6, 17, 17, 17, 17, 17, 6, 12, 17, 12, 17]
bestever    1690    in generation 5849
[19, 19, 1, 1, 5, 4, 5, 9, 1, 9, 1, 16, 20, 19, 19, 10, 4, 16, 10, 1, 20, 1, 18, 5, 5, 16, 4, 18, 4, 16, 1, 19, 9, 19, 18, 18, 4, 10, 10, 16, 5, 1, 19, 9, 2, 2, 2, 16, 4, 20, 5, 10, 11, 16, 11, 5, 15, 18, 16, 19, 16, 19, 9, 2, 5, 5, 20, 20, 10, 20, 11, 15, 2, 18, 10, 10, 11, 9, 20, 10, 18, 3, 1, 15, 20, 19, 1, 5, 9, 3, 18, 15, 18, 13, 20, 9, 2, 18, 13, 9, 3, 3, 4, 4, 4, 16, 15, 4, 13, 15, 15, 15, 15, 20, 8, 12, 8, 8, 8, 11, 8, 2, 11, 11, 8, 2, 11, 11, 2, 12, 10, 8, 3, 8, 11, 2, 8, 3, 14, 7, 3, 13, 13, 3, 7, 13, 7, 7, 7, 7, 7, 7, 7, 8, 13, 3, 14, 6, 14, 14, 13, 14, 14, 9, 14, 7, 15, 12, 12, 17, 12, 12, 13, 13, 6, 14, 14, 3, 12, 6, 6, 12, 6, 14, 12, 12, 17, 6, 6, 17, 17, 6, 6, 17, 17, 17, 17, 6, 17, 17]
bestever    1682    in generation 5862
[19, 19, 1, 1, 5, 4, 5, 9, 1, 9, 1, 16, 20, 19, 19, 10, 4, 16, 10, 1, 20, 1, 18, 5, 5, 16, 4, 18, 4, 16, 1, 19, 9, 19, 18, 18, 4, 10, 10, 16, 5, 1, 19, 9, 2, 2, 2, 16, 4, 20, 5, 10, 11, 16, 11, 5, 15, 18, 16, 19, 16, 19, 9, 2, 5, 5, 20, 20, 10, 20, 11, 15, 2, 18, 10, 10, 11, 9, 20, 10, 18, 3, 1, 15, 20, 19, 1, 5, 9, 3, 18, 15, 18, 13, 20, 9, 2, 18, 13, 9, 3, 3, 4, 4, 4, 16, 15, 4, 13, 15, 15, 15, 15, 20, 8, 12, 8, 8, 8, 11, 8, 2, 11, 11, 8, 2, 11, 11, 2, 3, 10, 8, 3, 8, 11, 2, 8, 3, 14, 7, 3, 13, 13, 3, 7, 13, 7, 7, 7, 7, 7, 7, 7, 8, 13, 3, 14, 6, 14, 14, 13, 14, 14, 9, 14, 7, 15, 12, 12, 17, 12, 12, 13, 13, 6, 14, 14, 12, 12, 6, 6, 12, 6, 14, 12, 12, 17, 6, 6, 17, 17, 6, 6, 17, 17, 17, 17, 6, 17, 17]
bestever    1669    in generation 7572
[19, 19, 1, 1, 5, 19, 4, 5, 9, 1, 9, 1, 16, 20, 19, 10, 4, 16, 10, 1, 20, 1, 18, 5, 5, 16, 4, 18, 4, 16, 1, 19, 9, 19, 18, 18, 4, 2, 10, 16, 5, 1, 19, 10, 2, 10, 2, 16, 4, 20, 5, 9, 11, 16, 11, 15, 15, 18, 16, 19, 16, 19, 19, 10, 2, 5, 5, 20, 20, 10, 20, 11, 15, 2, 18, 9, 10, 11, 9, 20, 10, 18, 3, 1, 5, 20, 1, 5, 9, 3, 18, 15, 18, 13, 15, 20, 9, 2, 18, 13, 9, 3, 15, 3, 4, 4, 4, 16, 4, 13, 15, 15, 15, 20, 8, 12, 8, 8, 8, 11, 8, 11, 8, 11, 2, 7, 11, 11, 3, 10, 7, 3, 2, 2, 8, 11, 8, 8, 3, 14, 17, 7, 3, 13, 13, 3, 7, 13, 7, 7, 7, 2, 7, 7, 8, 6, 14, 14, 14, 13, 14, 14, 9, 14, 7, 12, 12, 12, 12, 13, 13, 17, 17, 15, 14, 3, 12, 6, 14, 12, 6, 6, 13, 6, 6, 12, 6, 17, 14, 12, 6, 17, 17, 6, 12, 6, 17, 17, 17, 17]
bestever    1666    in generation 7987
[19, 19, 1, 1, 5, 19, 4, 5, 9, 1, 9, 1, 16, 20, 19, 10, 4, 16, 10, 1, 20, 1, 18, 5, 5, 16, 4, 18, 4, 16, 1, 19, 10, 19, 18, 18, 4, 2, 9, 16, 5, 1, 19, 10, 2, 10, 2, 16, 4, 20, 5, 9, 15, 16, 11, 11, 15, 18, 16, 19, 16, 19, 19, 10, 2, 5, 5, 20, 20, 10, 20, 11, 15, 2, 18, 10, 11, 9, 20, 10, 18, 3, 1, 5, 20, 1, 5, 9, 2, 3, 18, 15, 9, 18, 13, 15, 20, 9, 2, 18, 13, 9, 3, 15, 3, 4, 4, 4, 16, 4, 13, 15, 15, 15, 20, 8, 12, 8, 8, 11, 11, 11, 7, 11, 3, 10, 7, 3, 2, 8, 2, 8, 11, 8, 8, 11, 8, 8, 3, 14, 7, 3, 13, 12, 13, 3, 7, 13, 7, 7, 7, 2, 7, 7, 8, 6, 14, 14, 14, 13, 13, 14, 9, 14, 7, 12, 12, 12, 12, 13, 13, 15, 14, 3, 6, 14, 12, 6, 6, 14, 17, 6, 12, 6, 6, 14, 17, 17, 17, 6, 6, 6, 12, 12, 17, 17, 17, 17, 17, 17]
