bestever    7744    in generation 0
[3, 1, 7, 8, 6, 9, 4, 5, 10, 11, 2, 3, 1, 7, 8, 6, 9, 4, 5, 10, 11, 2, 3, 1, 7, 8, 6, 9, 4, 5, 10, 11, 2, 3, 1, 7, 8, 6, 9, 4, 5, 10, 11, 2, 3, 1, 7, 8, 6, 9, 4, 5, 10, 11, 2]
bestever    7720    in generation 102
[3, 1, 8, 7, 6, 9, 4, 5, 10, 11, 2, 3, 1, 8, 7, 6, 9, 4, 5, 10, 11, 2, 3, 1, 8, 7, 6, 9, 4, 5, 10, 11, 2, 3, 1, 8, 7, 6, 9, 4, 5, 10, 11, 2, 3, 1, 8, 7, 6, 9, 4, 5, 10, 11, 2]
bestever    7689    in generation 204
[3, 1, 8, 11, 7, 6, 9, 4, 5, 10, 2, 3, 1, 8, 11, 7, 6, 9, 4, 5, 10, 2, 3, 1, 8, 11, 7, 6, 9, 4, 5, 10, 2, 3, 1, 8, 11, 7, 6, 9, 4, 5, 10, 2, 3, 1, 8, 11, 7, 6, 9, 4, 5, 10, 2]
bestever    7652    in generation 306
[1, 3, 8, 11, 7, 6, 9, 4, 5, 10, 2, 1, 3, 8, 11, 7, 6, 9, 4, 5, 10, 2, 1, 3, 8, 11, 7, 6, 9, 4, 5, 10, 2, 1, 3, 8, 11, 7, 6, 9, 4, 5, 10, 2, 1, 3, 8, 11, 7, 6, 9, 4, 5, 10, 2]
bestever    7552    in generation 312
[3, 1, 8, 11, 7, 6, 9, 3, 1, 8, 11, 7, 4, 5, 6, 9, 4, 5, 10, 2, 10, 2, 1, 3, 8, 11, 7, 6, 9, 4, 5, 10, 2, 1, 3, 8, 11, 7, 6, 9, 4, 5, 10, 2, 1, 3, 8, 11, 7, 6, 9, 4, 5, 10, 2]
bestever    7184    in generation 415
[8, 3, 1, 11, 7, 6, 9, 4, 5, 10, 2, 8, 3, 1, 11, 7, 6, 9, 4, 5, 10, 2, 8, 1, 3, 11, 7, 6, 9, 4, 5, 10, 2, 8, 1, 3, 11, 7, 6, 9, 4, 5, 10, 2, 8, 1, 3, 11, 7, 6, 9, 4, 5, 10, 2]
bestever    7038    in generation 518
[8, 3, 1, 11, 7, 6, 9, 4, 5, 2, 10, 8, 3, 1, 11, 7, 6, 9, 4, 5, 2, 10, 8, 1, 3, 11, 7, 6, 9, 4, 5, 2, 10, 8, 1, 3, 11, 7, 6, 9, 4, 5, 2, 10, 8, 1, 3, 11, 7, 6, 9, 4, 5, 2, 10]
