bestever    3334    in generation 0
[2, 19, 4, 6, 9, 8, 9, 2, 12, 9, 19, 17, 7, 16, 7, 7, 10, 6, 17, 16, 10, 7, 1, 6, 18, 19, 16, 14, 3, 4, 19, 3, 8, 14, 17, 4, 2, 4, 15, 15, 13, 20, 3, 14, 16, 9, 7, 9, 7, 20, 4, 17, 12, 4, 5, 20, 15, 16, 18, 6, 14, 20, 7, 4, 18, 20, 19, 13, 8, 17, 8, 15, 18, 18, 10, 6, 17, 10, 5, 8, 13, 18, 8, 9, 13, 14, 13, 11, 3, 11, 8, 20, 16, 7, 10, 9, 14, 20, 18, 15, 6, 6, 13, 1, 16, 3, 16, 15, 12, 5, 2, 13, 1, 5, 11, 8, 14, 1, 18, 15, 3, 12, 17, 11, 9, 19, 5, 20, 7, 12, 17, 9, 2, 12, 17, 18, 16, 12, 3, 10, 5, 11, 1, 2, 11, 8, 1, 13, 4, 16, 2, 1, 6, 20, 2, 19, 7, 2, 12, 9, 6, 13, 13, 15, 20, 10, 4, 14, 12, 4, 15, 14, 5, 15, 11, 1, 3, 18, 3, 10, 10, 1, 19, 6, 14, 17, 11, 12, 11, 10, 5, 8, 1, 11, 19, 2, 5, 19, 3, 5]
bestever    3022    in generation 2
[13, 7, 1, 6, 14, 16, 19, 3, 20, 6, 9, 1, 14, 18, 7, 18, 12, 14, 13, 3, 15, 12, 10, 13, 19, 18, 12, 9, 1, 20, 13, 4, 11, 15, 19, 18, 8, 15, 3, 10, 12, 19, 8, 16, 4, 12, 9, 1, 20, 13, 4, 11, 15, 19, 18, 8, 15, 3, 10, 12, 19, 8, 16, 4, 12, 7, 17, 4, 16, 10, 17, 1, 8, 14, 7, 15, 4, 13, 20, 2, 13, 2, 7, 7, 6, 15, 18, 13, 11, 19, 12, 18, 1, 15, 17, 3, 1, 10, 17, 9, 2, 18, 7, 17, 10, 6, 16, 9, 10, 10, 14, 12, 2, 4, 5, 14, 2, 12, 11, 5, 11, 16, 9, 4, 1, 20, 13, 18, 5, 19, 15, 2, 13, 1, 5, 6, 6, 8, 9, 2, 4, 5, 6, 8, 7, 10, 7, 17, 9, 8, 20, 16, 20, 9, 19, 10, 20, 14, 5, 11, 2, 1, 17, 5, 3, 17, 5, 3, 4, 7, 2, 11, 9, 2, 8, 5, 20, 18, 6, 16, 14, 3, 11, 19, 17, 6, 6, 20, 5, 16, 3, 8, 3, 16, 17, 14, 11, 14, 11, 15]
bestever    2871    in generation 5
[13, 7, 1, 6, 14, 16, 19, 3, 20, 6, 9, 1, 14, 18, 7, 18, 12, 14, 13, 3, 15, 12, 10, 13, 19, 18, 12, 18, 1, 20, 13, 4, 11, 15, 19, 18, 8, 15, 3, 10, 12, 19, 8, 16, 4, 12, 9, 1, 20, 13, 4, 11, 15, 19, 18, 8, 15, 3, 10, 12, 19, 8, 16, 4, 12, 7, 17, 4, 16, 10, 17, 1, 8, 14, 7, 15, 4, 13, 20, 2, 13, 2, 7, 7, 6, 15, 18, 13, 11, 19, 12, 9, 1, 15, 17, 3, 1, 10, 17, 9, 2, 18, 7, 17, 10, 6, 16, 9, 10, 10, 14, 12, 2, 4, 5, 14, 2, 12, 11, 5, 11, 16, 9, 4, 1, 20, 13, 18, 5, 19, 15, 2, 13, 1, 5, 6, 6, 8, 9, 2, 4, 5, 6, 8, 7, 10, 7, 17, 9, 8, 20, 16, 20, 9, 19, 10, 20, 14, 5, 11, 2, 1, 17, 5, 3, 17, 5, 3, 4, 7, 2, 11, 9, 2, 8, 5, 20, 18, 6, 16, 14, 3, 11, 19, 17, 6, 6, 20, 5, 16, 3, 8, 3, 16, 17, 14, 11, 14, 11, 15]
bestever    2864    in generation 9
[13, 7, 1, 6, 14, 16, 19, 3, 20, 6, 9, 1, 14, 18, 7, 18, 12, 14, 13, 15, 12, 10, 13, 19, 18, 12, 9, 1, 20, 13, 4, 11, 15, 19, 18, 8, 15, 10, 12, 19, 8, 16, 4, 12, 9, 1, 20, 13, 4, 15, 19, 18, 8, 15, 10, 12, 19, 8, 16, 4, 12, 7, 17, 4, 10, 17, 1, 7, 15, 4, 13, 2, 13, 2, 7, 7, 6, 15, 18, 13, 19, 12, 18, 1, 15, 17, 3, 1, 10, 9, 2, 18, 10, 10, 10, 12, 2, 4, 5, 14, 12, 11, 5, 11, 16, 9, 1, 13, 18, 15, 2, 13, 1, 6, 6, 9, 4, 6, 8, 7, 16, 9, 14, 11, 2, 17, 3, 3, 4, 5, 6, 8, 7, 10, 7, 8, 16, 20, 9, 19, 20, 14, 5, 11, 2, 17, 5, 3, 17, 8, 20, 16, 20, 9, 19, 10, 20, 14, 5, 11, 2, 1, 17, 5, 3, 17, 5, 3, 4, 7, 2, 11, 9, 2, 8, 5, 20, 18, 6, 16, 14, 3, 11, 19, 17, 6, 6, 20, 5, 16, 3, 8, 3, 16, 17, 14, 11, 14, 11, 15]
bestever    2712    in generation 11
[13, 7, 1, 6, 14, 16, 19, 20, 6, 9, 1, 14, 18, 7, 18, 12, 13, 15, 12, 10, 13, 19, 18, 12, 18, 1, 20, 13, 4, 11, 15, 19, 18, 8, 15, 10, 12, 19, 8, 16, 4, 12, 9, 1, 20, 13, 4, 15, 19, 18, 8, 15, 10, 12, 19, 8, 16, 4, 12, 7, 17, 4, 10, 17, 1, 7, 15, 4, 13, 2, 13, 2, 7, 7, 6, 15, 18, 13, 19, 12, 9, 1, 15, 3, 1, 10, 9, 2, 18, 7, 10, 16, 9, 10, 10, 14, 12, 2, 4, 5, 14, 2, 12, 11, 16, 9, 4, 1, 13, 18, 15, 2, 13, 1, 6, 6, 9, 6, 8, 8, 16, 20, 19, 20, 14, 11, 17, 5, 3, 17, 5, 3, 11, 4, 6, 8, 7, 10, 7, 9, 8, 16, 20, 9, 19, 10, 20, 14, 11, 17, 5, 3, 17, 5, 3, 2, 20, 14, 5, 11, 2, 1, 17, 5, 3, 17, 5, 3, 4, 7, 2, 11, 9, 2, 8, 5, 20, 18, 6, 16, 14, 3, 11, 19, 17, 6, 6, 20, 5, 16, 3, 8, 3, 16, 17, 14, 11, 14, 11, 15]
bestever    2630    in generation 13
[7, 1, 14, 16, 19, 20, 9, 1, 14, 18, 7, 18, 12, 13, 15, 12, 10, 13, 19, 18, 12, 18, 1, 20, 13, 4, 11, 15, 19, 18, 15, 10, 12, 19, 16, 4, 12, 9, 1, 20, 13, 4, 15, 19, 18, 8, 15, 10, 12, 19, 8, 16, 4, 12, 7, 17, 4, 10, 17, 1, 7, 15, 4, 13, 2, 13, 2, 7, 7, 6, 15, 18, 13, 19, 12, 9, 1, 15, 3, 1, 10, 2, 18, 7, 10, 16, 9, 10, 10, 14, 12, 2, 4, 5, 14, 2, 12, 11, 16, 9, 4, 1, 13, 18, 15, 2, 13, 1, 6, 6, 9, 6, 8, 8, 6, 6, 9, 6, 8, 8, 16, 20, 19, 20, 14, 11, 17, 5, 3, 17, 5, 3, 11, 4, 6, 8, 7, 10, 7, 9, 8, 16, 20, 9, 19, 10, 20, 14, 11, 17, 5, 3, 17, 5, 3, 2, 20, 14, 5, 11, 2, 1, 17, 5, 3, 17, 5, 3, 4, 7, 2, 11, 9, 2, 8, 5, 20, 18, 6, 16, 14, 3, 11, 19, 17, 6, 20, 5, 16, 3, 8, 3, 16, 17, 14, 11, 14, 11, 15, 13]
bestever    2616    in generation 29
[19, 20, 9, 1, 18, 7, 18, 12, 13, 15, 12, 10, 13, 19, 18, 12, 18, 1, 13, 4, 15, 19, 18, 15, 10, 12, 19, 16, 4, 12, 9, 1, 13, 4, 15, 19, 18, 8, 15, 10, 12, 19, 8, 16, 4, 12, 7, 4, 10, 1, 7, 15, 4, 13, 2, 13, 2, 7, 7, 6, 15, 18, 13, 19, 12, 9, 1, 15, 10, 2, 18, 7, 10, 9, 10, 10, 12, 2, 4, 12, 9, 4, 13, 18, 15, 13, 1, 6, 6, 8, 8, 6, 8, 16, 14, 6, 10, 7, 8, 16, 19, 14, 20, 14, 11, 1, 17, 7, 11, 8, 5, 20, 9, 19, 20, 14, 11, 2, 20, 14, 5, 11, 2, 1, 17, 5, 3, 17, 9, 16, 20, 9, 10, 20, 17, 5, 3, 17, 5, 3, 2, 20, 14, 5, 2, 1, 17, 5, 3, 7, 11, 14, 11, 17, 8, 5, 3, 4, 5, 3, 4, 9, 2, 11, 9, 2, 8, 5, 20, 18, 6, 16, 14, 3, 11, 17, 6, 6, 6, 16, 14, 3, 11, 19, 17, 6, 20, 16, 3, 8, 3, 16, 17, 14, 11, 15, 13, 7, 1, 16]
bestever    2543    in generation 30
[12, 13, 15, 12, 10, 13, 19, 18, 12, 18, 1, 20, 13, 4, 11, 15, 19, 18, 15, 10, 12, 19, 16, 4, 12, 9, 20, 13, 4, 15, 19, 18, 8, 15, 10, 12, 19, 8, 16, 4, 12, 7, 17, 4, 10, 17, 1, 7, 15, 13, 2, 2, 7, 7, 6, 15, 18, 19, 12, 9, 1, 15, 3, 1, 10, 2, 7, 10, 16, 9, 10, 10, 14, 12, 2, 4, 5, 14, 2, 16, 9, 4, 1, 13, 18, 1, 13, 18, 14, 14, 1, 20, 19, 7, 15, 13, 12, 11, 16, 9, 4, 1, 13, 18, 15, 2, 13, 1, 6, 6, 9, 6, 8, 8, 6, 6, 9, 6, 8, 8, 16, 20, 19, 20, 14, 11, 17, 5, 3, 17, 5, 3, 11, 4, 6, 8, 7, 10, 7, 9, 8, 16, 20, 9, 19, 10, 20, 14, 11, 17, 5, 3, 17, 5, 3, 2, 20, 14, 5, 11, 2, 1, 17, 5, 3, 17, 5, 3, 4, 7, 2, 11, 9, 2, 8, 5, 20, 18, 6, 16, 14, 3, 11, 19, 17, 6, 20, 5, 16, 3, 8, 3, 16, 17, 14, 11, 14, 11, 7, 18]
bestever    2511    in generation 36
[12, 13, 15, 12, 10, 13, 19, 18, 12, 18, 1, 20, 13, 4, 15, 19, 18, 15, 10, 12, 19, 16, 4, 12, 9, 20, 13, 4, 15, 19, 18, 8, 15, 10, 12, 19, 8, 16, 4, 12, 7, 17, 4, 10, 17, 1, 7, 15, 13, 2, 2, 7, 7, 6, 15, 18, 19, 12, 9, 1, 15, 1, 10, 2, 7, 10, 16, 9, 10, 10, 14, 12, 2, 4, 5, 14, 16, 9, 4, 1, 13, 18, 1, 13, 18, 1, 20, 19, 7, 15, 13, 12, 16, 9, 4, 1, 13, 18, 15, 13, 1, 6, 6, 9, 6, 8, 8, 6, 6, 9, 6, 8, 8, 16, 14, 11, 11, 4, 6, 8, 7, 10, 7, 8, 16, 9, 19, 20, 14, 11, 3, 2, 20, 14, 11, 2, 17, 5, 3, 17, 5, 3, 20, 9, 19, 10, 20, 14, 11, 17, 5, 3, 17, 5, 3, 2, 20, 14, 5, 11, 2, 1, 17, 5, 3, 17, 5, 3, 4, 7, 2, 11, 9, 2, 8, 5, 20, 18, 6, 16, 14, 3, 11, 19, 17, 6, 20, 5, 16, 3, 8, 3, 16, 17, 14, 11, 14, 11, 7, 18]
bestever    2473    in generation 42
[12, 13, 15, 12, 10, 13, 19, 18, 12, 18, 1, 20, 13, 4, 15, 19, 18, 15, 10, 12, 19, 16, 4, 12, 9, 20, 13, 4, 15, 19, 18, 8, 15, 10, 12, 19, 8, 16, 4, 12, 7, 17, 4, 10, 17, 1, 7, 15, 13, 2, 2, 7, 7, 6, 15, 18, 19, 12, 9, 1, 15, 1, 10, 2, 7, 10, 16, 9, 10, 10, 14, 12, 2, 4, 5, 14, 16, 9, 4, 1, 13, 18, 1, 13, 18, 1, 20, 7, 15, 13, 12, 16, 9, 4, 1, 13, 18, 15, 13, 1, 6, 6, 9, 6, 8, 8, 6, 9, 8, 8, 16, 14, 11, 11, 4, 6, 8, 7, 10, 7, 8, 16, 9, 19, 20, 14, 3, 2, 14, 11, 2, 17, 5, 3, 17, 9, 19, 10, 20, 14, 11, 17, 3, 2, 20, 14, 5, 11, 2, 1, 17, 5, 20, 6, 3, 11, 19, 17, 6, 20, 5, 3, 5, 5, 3, 17, 5, 3, 4, 7, 2, 11, 9, 2, 8, 5, 20, 18, 6, 16, 14, 3, 11, 19, 17, 6, 20, 5, 16, 3, 8, 3, 16, 17, 14, 11, 14, 11, 7, 18]
bestever    2472    in generation 45
[12, 13, 15, 12, 10, 13, 19, 18, 12, 18, 1, 20, 13, 4, 15, 19, 18, 15, 10, 12, 19, 16, 4, 12, 9, 20, 13, 4, 15, 19, 18, 8, 15, 10, 12, 19, 8, 16, 4, 12, 7, 17, 4, 10, 17, 1, 7, 15, 13, 2, 2, 7, 7, 6, 15, 18, 19, 12, 9, 1, 15, 1, 10, 2, 7, 10, 16, 9, 10, 10, 14, 12, 2, 4, 5, 14, 16, 9, 4, 1, 13, 18, 1, 13, 18, 1, 20, 19, 7, 15, 13, 12, 16, 9, 4, 1, 13, 15, 13, 1, 6, 6, 9, 6, 8, 8, 6, 6, 9, 6, 8, 8, 16, 14, 11, 11, 4, 8, 7, 10, 16, 9, 19, 20, 14, 11, 3, 2, 20, 14, 2, 17, 5, 3, 17, 5, 3, 20, 9, 19, 10, 20, 14, 11, 17, 5, 3, 17, 5, 3, 2, 14, 5, 11, 2, 1, 17, 5, 3, 17, 3, 7, 11, 8, 5, 20, 18, 6, 4, 7, 2, 11, 9, 2, 8, 5, 20, 18, 6, 16, 14, 3, 11, 19, 17, 6, 20, 5, 16, 3, 8, 3, 16, 17, 14, 11, 14, 11, 7, 18]
bestever    2416    in generation 46
[12, 13, 15, 12, 10, 13, 19, 18, 12, 18, 1, 20, 13, 4, 15, 19, 18, 15, 10, 12, 19, 16, 4, 12, 9, 20, 13, 4, 15, 19, 18, 8, 15, 10, 12, 19, 8, 16, 4, 12, 7, 17, 4, 10, 17, 1, 7, 15, 13, 2, 2, 7, 7, 6, 15, 18, 19, 12, 9, 1, 15, 1, 10, 2, 7, 10, 16, 9, 10, 10, 14, 12, 2, 4, 5, 14, 16, 9, 4, 1, 13, 18, 1, 13, 18, 1, 20, 19, 7, 15, 13, 12, 16, 9, 4, 1, 13, 15, 13, 1, 6, 6, 9, 6, 8, 8, 6, 6, 9, 6, 8, 8, 14, 11, 11, 4, 8, 7, 10, 16, 9, 19, 20, 14, 11, 3, 2, 20, 14, 2, 17, 5, 3, 17, 5, 3, 20, 9, 19, 10, 20, 14, 11, 17, 5, 3, 17, 5, 3, 2, 5, 11, 2, 1, 17, 5, 3, 3, 7, 11, 5, 4, 7, 2, 8, 20, 18, 6, 16, 14, 17, 11, 9, 2, 8, 5, 20, 18, 6, 16, 14, 3, 11, 19, 17, 6, 20, 5, 16, 3, 8, 3, 16, 17, 14, 11, 14, 11, 7, 18]
bestever    2391    in generation 47
[12, 13, 15, 12, 10, 13, 19, 18, 12, 18, 1, 20, 13, 4, 15, 19, 18, 15, 10, 12, 19, 16, 4, 12, 9, 20, 13, 4, 15, 19, 18, 8, 15, 10, 12, 19, 8, 16, 4, 12, 7, 4, 10, 1, 7, 15, 13, 2, 2, 7, 7, 6, 15, 18, 19, 12, 9, 1, 15, 1, 10, 2, 7, 10, 16, 9, 10, 10, 14, 12, 2, 4, 5, 14, 16, 9, 4, 1, 13, 18, 1, 13, 18, 1, 19, 7, 15, 13, 12, 16, 9, 4, 1, 13, 15, 13, 1, 6, 6, 9, 6, 8, 8, 6, 6, 9, 6, 8, 8, 16, 11, 11, 4, 8, 7, 16, 9, 19, 10, 20, 14, 14, 17, 17, 3, 20, 18, 6, 7, 11, 8, 2, 20, 14, 11, 2, 17, 5, 3, 17, 5, 3, 20, 9, 19, 10, 20, 14, 11, 17, 5, 3, 17, 5, 3, 2, 20, 14, 5, 11, 2, 1, 17, 5, 3, 17, 5, 3, 4, 7, 2, 11, 9, 2, 8, 5, 20, 18, 6, 16, 14, 3, 11, 19, 17, 6, 20, 5, 16, 3, 8, 3, 16, 17, 14, 11, 14, 11, 7, 18]
bestever    2335    in generation 49
[12, 13, 15, 12, 10, 13, 19, 18, 12, 18, 1, 20, 13, 4, 15, 19, 18, 15, 10, 12, 19, 16, 4, 12, 9, 20, 13, 4, 15, 19, 18, 8, 15, 10, 12, 19, 8, 16, 4, 12, 7, 4, 10, 1, 7, 15, 13, 2, 2, 7, 7, 6, 15, 18, 19, 12, 9, 1, 15, 1, 10, 2, 7, 10, 16, 9, 10, 10, 14, 12, 2, 4, 5, 14, 16, 9, 4, 1, 13, 18, 1, 13, 1, 19, 7, 15, 13, 12, 16, 9, 4, 1, 13, 15, 13, 1, 6, 6, 9, 6, 8, 8, 6, 6, 9, 8, 8, 16, 11, 11, 4, 16, 9, 19, 10, 20, 14, 14, 17, 17, 3, 20, 2, 20, 14, 2, 17, 5, 3, 17, 5, 3, 20, 9, 19, 10, 14, 11, 17, 5, 5, 3, 2, 14, 5, 11, 2, 1, 17, 3, 17, 3, 7, 11, 8, 5, 20, 18, 6, 17, 3, 7, 11, 8, 5, 20, 18, 6, 4, 7, 2, 11, 9, 2, 8, 5, 20, 18, 6, 16, 14, 3, 11, 19, 17, 6, 20, 5, 16, 3, 8, 3, 16, 17, 14, 11, 14, 11, 7, 18]
bestever    2300    in generation 59
[12, 13, 15, 12, 10, 13, 19, 18, 12, 18, 1, 20, 13, 4, 15, 19, 18, 15, 10, 12, 19, 16, 4, 12, 9, 20, 13, 4, 15, 19, 18, 8, 15, 10, 12, 19, 8, 16, 4, 12, 7, 4, 10, 1, 7, 15, 13, 2, 2, 7, 7, 6, 15, 18, 19, 12, 9, 1, 15, 1, 10, 2, 7, 10, 16, 9, 10, 10, 14, 12, 2, 4, 5, 14, 16, 9, 4, 1, 13, 1, 13, 1, 19, 7, 15, 13, 12, 16, 9, 4, 1, 13, 15, 13, 1, 8, 6, 9, 6, 8, 8, 9, 6, 8, 16, 11, 11, 4, 16, 9, 19, 10, 20, 14, 14, 17, 17, 3, 20, 2, 20, 14, 2, 17, 5, 3, 17, 5, 3, 9, 19, 10, 14, 17, 5, 5, 2, 14, 5, 2, 1, 3, 17, 3, 11, 6, 17, 3, 11, 6, 7, 11, 8, 5, 20, 18, 20, 18, 6, 17, 3, 7, 11, 8, 5, 20, 18, 6, 4, 7, 2, 11, 9, 2, 8, 5, 20, 18, 6, 16, 14, 3, 11, 19, 17, 6, 20, 5, 16, 3, 8, 3, 16, 17, 14, 11, 14, 11, 7, 18]
bestever    2294    in generation 67
[12, 13, 15, 12, 10, 13, 19, 18, 12, 18, 1, 20, 13, 4, 15, 19, 18, 15, 10, 12, 19, 16, 4, 12, 9, 20, 13, 4, 15, 19, 18, 8, 15, 10, 12, 19, 8, 16, 4, 12, 7, 4, 10, 1, 7, 15, 13, 2, 2, 7, 7, 6, 15, 18, 19, 8, 9, 1, 15, 1, 10, 2, 7, 10, 16, 9, 10, 10, 14, 12, 2, 4, 5, 14, 16, 9, 4, 1, 13, 1, 13, 1, 19, 7, 15, 13, 12, 16, 9, 4, 1, 13, 15, 13, 1, 12, 6, 9, 6, 8, 8, 9, 6, 8, 16, 11, 11, 4, 16, 9, 19, 10, 20, 14, 14, 17, 17, 3, 20, 2, 20, 14, 2, 17, 5, 3, 17, 5, 3, 9, 19, 10, 14, 17, 5, 5, 2, 14, 5, 2, 1, 3, 17, 3, 11, 6, 17, 3, 11, 6, 7, 11, 8, 5, 20, 18, 20, 18, 6, 17, 3, 7, 11, 8, 5, 20, 18, 6, 4, 7, 2, 9, 2, 8, 5, 20, 18, 6, 16, 14, 11, 3, 11, 19, 17, 6, 20, 5, 16, 3, 8, 3, 16, 17, 14, 11, 14, 11, 7, 18]
bestever    2267    in generation 80
[12, 13, 15, 12, 10, 13, 19, 18, 12, 18, 1, 20, 13, 4, 15, 19, 18, 15, 10, 12, 19, 16, 4, 12, 9, 20, 13, 4, 15, 19, 18, 8, 15, 10, 12, 19, 8, 16, 4, 12, 7, 4, 10, 1, 7, 15, 13, 2, 2, 7, 7, 6, 15, 18, 19, 8, 9, 1, 15, 1, 10, 2, 7, 10, 16, 9, 10, 10, 14, 12, 2, 4, 5, 14, 16, 9, 4, 1, 13, 1, 13, 1, 19, 7, 15, 13, 12, 16, 9, 4, 1, 13, 15, 13, 1, 12, 6, 9, 6, 8, 8, 9, 6, 8, 16, 11, 11, 4, 16, 9, 19, 10, 20, 14, 14, 17, 17, 3, 20, 2, 20, 14, 2, 17, 5, 3, 17, 5, 3, 9, 19, 10, 14, 17, 5, 5, 2, 14, 5, 2, 1, 3, 17, 3, 11, 6, 17, 3, 11, 6, 7, 11, 8, 5, 20, 18, 20, 18, 6, 17, 3, 7, 11, 8, 5, 20, 18, 6, 4, 7, 2, 9, 2, 8, 5, 20, 18, 16, 16, 14, 11, 3, 11, 19, 17, 6, 20, 5, 16, 3, 8, 3, 6, 17, 14, 11, 14, 11, 7, 18]
bestever    2215    in generation 82
[12, 13, 15, 12, 10, 13, 19, 18, 12, 18, 1, 20, 13, 4, 15, 19, 18, 15, 10, 12, 19, 16, 4, 12, 9, 20, 13, 4, 15, 19, 18, 8, 15, 10, 12, 19, 8, 16, 4, 12, 7, 4, 10, 1, 7, 15, 13, 2, 2, 7, 7, 6, 15, 19, 8, 9, 1, 15, 1, 10, 2, 7, 10, 16, 9, 10, 10, 14, 12, 2, 4, 5, 14, 16, 9, 4, 1, 13, 1, 13, 1, 19, 15, 13, 12, 16, 9, 4, 1, 13, 15, 13, 1, 12, 6, 9, 6, 8, 8, 9, 6, 16, 11, 4, 9, 19, 10, 20, 14, 14, 17, 17, 3, 20, 2, 20, 14, 2, 17, 5, 3, 17, 5, 3, 9, 19, 10, 17, 5, 5, 2, 14, 2, 1, 3, 17, 3, 7, 8, 5, 18, 16, 16, 14, 11, 3, 11, 17, 11, 6, 7, 11, 8, 5, 20, 18, 20, 18, 6, 17, 3, 7, 11, 8, 5, 20, 18, 6, 4, 7, 2, 9, 2, 8, 5, 20, 18, 6, 16, 14, 11, 3, 11, 19, 17, 6, 20, 5, 16, 3, 8, 3, 6, 17, 14, 11, 14, 11, 7, 18]
bestever    2141    in generation 95
[12, 13, 15, 12, 10, 13, 19, 18, 12, 18, 1, 20, 13, 4, 15, 19, 18, 15, 10, 12, 19, 16, 4, 12, 9, 20, 13, 4, 15, 19, 18, 1, 15, 10, 12, 19, 8, 16, 4, 12, 7, 4, 10, 8, 7, 15, 13, 2, 2, 7, 7, 6, 15, 19, 8, 9, 1, 15, 1, 10, 2, 7, 10, 16, 9, 10, 10, 14, 12, 2, 4, 5, 14, 16, 9, 4, 1, 13, 1, 13, 1, 19, 15, 13, 12, 16, 9, 4, 1, 13, 15, 13, 1, 12, 6, 9, 6, 8, 8, 9, 6, 16, 11, 4, 9, 19, 10, 20, 14, 14, 17, 17, 3, 20, 2, 20, 14, 2, 17, 5, 3, 17, 5, 3, 9, 19, 10, 17, 5, 5, 2, 14, 2, 1, 3, 17, 3, 7, 8, 5, 18, 16, 16, 14, 11, 3, 11, 17, 11, 6, 7, 11, 8, 5, 20, 18, 20, 18, 6, 17, 3, 7, 11, 8, 5, 20, 18, 6, 4, 7, 2, 9, 2, 8, 5, 20, 18, 6, 16, 14, 11, 3, 11, 19, 17, 6, 20, 5, 16, 3, 8, 3, 6, 17, 14, 11, 14, 11, 7, 18]
bestever    2130    in generation 97
[12, 13, 15, 12, 10, 13, 19, 18, 12, 18, 1, 20, 13, 4, 15, 19, 18, 15, 10, 12, 19, 16, 4, 12, 9, 20, 13, 4, 15, 19, 18, 1, 15, 10, 12, 19, 8, 16, 4, 12, 7, 4, 10, 8, 7, 15, 13, 2, 2, 7, 7, 6, 15, 19, 8, 9, 1, 15, 1, 10, 2, 7, 10, 16, 9, 10, 10, 14, 12, 2, 4, 5, 14, 16, 9, 4, 2, 13, 1, 13, 1, 19, 15, 13, 12, 16, 9, 4, 1, 13, 15, 13, 1, 12, 6, 9, 6, 8, 8, 9, 6, 16, 11, 4, 9, 19, 10, 20, 14, 14, 17, 17, 3, 20, 2, 20, 14, 1, 17, 5, 3, 17, 5, 3, 9, 19, 10, 17, 5, 5, 2, 14, 2, 1, 3, 17, 3, 7, 8, 5, 18, 16, 16, 14, 11, 3, 11, 17, 11, 6, 7, 11, 8, 5, 20, 18, 20, 18, 6, 17, 3, 7, 11, 8, 5, 20, 18, 6, 4, 7, 2, 9, 2, 8, 5, 20, 18, 6, 16, 14, 11, 3, 11, 19, 17, 6, 20, 5, 16, 3, 8, 3, 6, 17, 14, 11, 14, 11, 7, 18]
bestever    2117    in generation 100
[12, 13, 15, 12, 10, 13, 19, 18, 12, 18, 1, 20, 13, 4, 15, 19, 18, 15, 10, 12, 19, 16, 4, 12, 9, 20, 13, 4, 15, 19, 18, 1, 15, 10, 12, 19, 8, 16, 4, 12, 7, 4, 10, 8, 7, 15, 13, 2, 2, 7, 7, 6, 15, 19, 8, 9, 1, 15, 1, 10, 2, 7, 10, 16, 9, 10, 10, 14, 12, 2, 4, 5, 14, 16, 9, 4, 2, 13, 1, 13, 1, 19, 15, 13, 12, 16, 9, 4, 1, 13, 15, 13, 1, 12, 6, 9, 6, 8, 8, 9, 6, 16, 11, 4, 9, 19, 10, 20, 14, 14, 17, 17, 3, 11, 2, 20, 14, 1, 17, 5, 3, 17, 5, 3, 9, 19, 10, 17, 5, 5, 2, 14, 2, 1, 3, 17, 3, 7, 8, 5, 18, 16, 16, 14, 11, 3, 20, 17, 11, 6, 7, 11, 8, 5, 20, 18, 20, 18, 6, 17, 3, 7, 11, 8, 5, 20, 18, 6, 4, 7, 2, 9, 2, 8, 5, 20, 18, 6, 16, 14, 11, 3, 11, 19, 17, 6, 20, 5, 16, 3, 8, 3, 6, 17, 14, 11, 14, 11, 7, 18]
bestever    2104    in generation 126
[12, 13, 15, 12, 10, 13, 19, 18, 12, 18, 1, 20, 13, 4, 15, 19, 18, 15, 10, 12, 19, 16, 4, 12, 9, 20, 13, 4, 15, 19, 18, 1, 15, 10, 12, 19, 8, 16, 4, 12, 7, 4, 10, 8, 7, 15, 13, 2, 2, 7, 7, 4, 15, 19, 8, 9, 1, 15, 1, 10, 2, 7, 10, 16, 9, 10, 10, 14, 12, 2, 4, 5, 14, 16, 9, 4, 2, 13, 1, 13, 1, 19, 15, 13, 12, 16, 9, 4, 1, 13, 15, 13, 1, 12, 6, 9, 6, 8, 8, 9, 6, 16, 11, 4, 9, 19, 10, 20, 14, 14, 17, 17, 3, 11, 2, 20, 14, 1, 17, 5, 3, 17, 5, 3, 9, 19, 10, 17, 5, 5, 2, 14, 2, 1, 3, 17, 3, 7, 8, 5, 18, 16, 16, 14, 11, 3, 20, 17, 11, 6, 7, 11, 8, 5, 20, 18, 20, 18, 6, 17, 3, 7, 11, 8, 5, 20, 18, 6, 6, 7, 2, 9, 2, 8, 5, 20, 18, 6, 16, 14, 11, 3, 11, 19, 17, 6, 20, 5, 16, 3, 8, 3, 6, 17, 14, 11, 14, 11, 7, 18]
bestever    2089    in generation 129
[12, 13, 15, 12, 10, 13, 19, 18, 12, 18, 1, 20, 13, 4, 15, 19, 18, 15, 10, 12, 19, 16, 4, 12, 9, 20, 13, 4, 15, 19, 1, 15, 10, 12, 19, 8, 16, 4, 12, 7, 4, 10, 8, 7, 15, 13, 2, 2, 7, 7, 4, 15, 19, 8, 9, 1, 15, 1, 10, 2, 10, 16, 9, 10, 10, 14, 12, 2, 4, 5, 14, 16, 9, 4, 2, 13, 1, 13, 1, 19, 15, 13, 12, 16, 9, 4, 1, 13, 15, 13, 1, 12, 6, 9, 6, 8, 9, 9, 19, 10, 20, 14, 17, 17, 3, 2, 1, 17, 5, 5, 9, 19, 10, 20, 16, 14, 3, 4, 7, 8, 18, 14, 11, 3, 11, 17, 6, 17, 5, 5, 2, 14, 2, 1, 3, 17, 3, 7, 8, 5, 18, 16, 16, 14, 11, 3, 20, 17, 11, 6, 7, 11, 8, 5, 20, 18, 20, 18, 6, 17, 3, 7, 11, 8, 5, 20, 18, 6, 6, 7, 2, 9, 2, 8, 5, 20, 18, 6, 16, 14, 11, 3, 11, 19, 17, 6, 20, 5, 16, 3, 8, 3, 6, 17, 14, 11, 14, 11, 7, 18]
bestever    2081    in generation 137
[12, 13, 15, 12, 10, 13, 19, 18, 12, 18, 1, 20, 13, 4, 15, 19, 18, 15, 10, 12, 19, 16, 4, 12, 9, 20, 13, 4, 15, 19, 1, 15, 10, 12, 19, 8, 16, 4, 12, 7, 4, 10, 8, 7, 15, 13, 2, 2, 7, 7, 4, 15, 19, 8, 9, 1, 15, 1, 10, 2, 10, 16, 9, 10, 10, 14, 12, 2, 4, 5, 14, 16, 9, 4, 2, 13, 1, 13, 1, 19, 15, 13, 12, 16, 9, 4, 1, 13, 15, 13, 1, 12, 6, 9, 6, 8, 9, 9, 19, 10, 20, 14, 17, 17, 3, 2, 1, 17, 5, 5, 9, 19, 10, 20, 16, 14, 3, 4, 7, 8, 18, 14, 11, 3, 11, 17, 6, 17, 5, 5, 2, 14, 2, 1, 3, 17, 3, 7, 8, 5, 18, 16, 16, 11, 3, 20, 17, 11, 6, 7, 11, 8, 5, 20, 18, 20, 18, 6, 17, 3, 7, 11, 8, 5, 20, 18, 6, 6, 2, 9, 2, 8, 5, 20, 18, 6, 16, 3, 19, 6, 20, 5, 16, 3, 8, 3, 6, 17, 14, 11, 14, 11, 7, 17, 14, 11, 14, 11, 7, 18]
bestever    2077    in generation 144
[12, 13, 15, 12, 10, 13, 19, 18, 12, 18, 1, 20, 13, 4, 15, 19, 18, 15, 10, 12, 19, 16, 4, 12, 9, 20, 13, 4, 15, 19, 1, 15, 10, 12, 19, 8, 16, 4, 12, 7, 4, 10, 8, 7, 15, 13, 2, 2, 7, 7, 4, 15, 19, 8, 9, 1, 15, 1, 10, 2, 10, 16, 9, 10, 10, 14, 12, 2, 4, 5, 14, 16, 9, 4, 2, 13, 1, 13, 1, 19, 15, 13, 12, 16, 9, 4, 1, 13, 15, 13, 1, 12, 6, 9, 6, 8, 9, 9, 19, 10, 20, 14, 17, 17, 3, 2, 1, 17, 5, 5, 9, 19, 10, 20, 16, 14, 3, 4, 7, 8, 18, 11, 3, 11, 17, 6, 17, 5, 5, 2, 2, 1, 3, 17, 3, 7, 8, 5, 18, 16, 16, 11, 3, 20, 17, 11, 6, 7, 8, 5, 20, 18, 20, 18, 6, 3, 8, 5, 20, 18, 14, 11, 7, 6, 6, 2, 9, 2, 8, 5, 20, 18, 6, 16, 3, 19, 6, 20, 5, 16, 3, 8, 3, 6, 17, 14, 11, 14, 11, 7, 17, 14, 11, 17, 14, 11, 14, 11, 7, 18]
bestever    2056    in generation 153
[12, 13, 15, 12, 10, 13, 19, 18, 12, 18, 1, 20, 13, 4, 15, 19, 18, 15, 10, 12, 19, 16, 4, 12, 9, 20, 13, 4, 15, 19, 1, 15, 10, 12, 19, 8, 16, 4, 12, 7, 4, 10, 8, 7, 15, 13, 2, 2, 7, 7, 4, 15, 19, 8, 9, 1, 15, 1, 10, 2, 10, 16, 9, 10, 10, 14, 12, 2, 4, 5, 14, 16, 9, 4, 2, 13, 1, 13, 1, 19, 15, 13, 12, 16, 9, 4, 1, 13, 15, 13, 1, 12, 6, 9, 6, 8, 9, 9, 19, 10, 20, 17, 17, 3, 2, 1, 17, 5, 5, 9, 19, 10, 20, 16, 3, 4, 7, 8, 18, 11, 3, 17, 6, 17, 5, 5, 2, 2, 1, 3, 3, 7, 8, 5, 18, 16, 16, 11, 3, 20, 17, 11, 6, 7, 8, 5, 20, 18, 20, 18, 6, 3, 8, 5, 20, 14, 11, 7, 6, 6, 18, 17, 14, 11, 14, 2, 9, 2, 8, 5, 20, 18, 6, 16, 3, 19, 6, 20, 5, 16, 3, 8, 3, 6, 17, 14, 11, 14, 11, 7, 17, 14, 11, 17, 14, 11, 14, 11, 7, 18]
bestever    2029    in generation 162
[12, 13, 15, 12, 10, 13, 19, 18, 12, 18, 1, 20, 13, 4, 15, 19, 18, 15, 10, 12, 19, 16, 4, 12, 9, 20, 13, 10, 15, 19, 1, 15, 10, 12, 19, 8, 16, 4, 12, 7, 4, 10, 8, 7, 15, 13, 2, 2, 7, 7, 4, 15, 19, 8, 9, 1, 15, 1, 10, 2, 10, 16, 9, 4, 10, 14, 12, 2, 4, 5, 14, 16, 9, 4, 2, 13, 1, 13, 1, 19, 15, 13, 12, 16, 9, 4, 1, 13, 15, 13, 1, 12, 6, 9, 6, 8, 9, 9, 19, 10, 20, 17, 17, 3, 2, 1, 17, 5, 5, 9, 19, 10, 20, 16, 3, 4, 7, 8, 18, 11, 3, 17, 6, 17, 5, 5, 2, 2, 1, 3, 3, 8, 5, 18, 16, 16, 3, 20, 11, 6, 7, 8, 5, 20, 18, 20, 18, 6, 3, 8, 5, 20, 18, 14, 11, 7, 6, 6, 2, 9, 2, 8, 5, 20, 18, 6, 16, 3, 19, 6, 20, 5, 16, 3, 8, 3, 6, 17, 14, 11, 14, 11, 7, 17, 14, 11, 17, 14, 11, 7, 17, 14, 11, 17, 14, 11, 14, 11, 7, 18]
bestever    1998    in generation 173
[12, 13, 15, 12, 10, 13, 19, 18, 12, 18, 1, 20, 13, 4, 15, 19, 18, 15, 10, 12, 19, 16, 4, 12, 9, 20, 13, 10, 15, 19, 1, 15, 10, 12, 19, 8, 16, 4, 12, 7, 4, 10, 8, 7, 15, 13, 2, 2, 7, 7, 4, 15, 19, 8, 9, 1, 15, 1, 10, 2, 10, 16, 9, 4, 10, 14, 12, 2, 4, 5, 14, 16, 9, 4, 2, 13, 1, 13, 1, 19, 15, 13, 12, 16, 9, 4, 1, 13, 15, 13, 1, 12, 6, 9, 6, 8, 9, 9, 19, 10, 20, 17, 17, 3, 2, 1, 17, 5, 5, 9, 19, 10, 20, 16, 3, 4, 7, 8, 18, 11, 3, 17, 6, 17, 5, 5, 2, 2, 1, 3, 3, 8, 5, 18, 16, 16, 3, 20, 6, 7, 8, 5, 20, 18, 20, 18, 6, 3, 8, 5, 20, 18, 6, 6, 2, 9, 2, 8, 5, 20, 18, 6, 16, 3, 11, 7, 11, 14, 19, 6, 20, 5, 16, 3, 8, 3, 6, 17, 14, 11, 14, 11, 7, 17, 14, 11, 17, 14, 11, 7, 17, 14, 11, 17, 14, 11, 14, 11, 7, 18]
bestever    1997    in generation 176
[12, 13, 15, 12, 10, 13, 19, 18, 12, 18, 1, 20, 13, 4, 15, 19, 18, 15, 10, 12, 19, 16, 4, 12, 9, 20, 13, 10, 15, 19, 1, 15, 10, 12, 19, 8, 16, 4, 12, 7, 4, 10, 8, 7, 15, 13, 2, 2, 7, 7, 4, 15, 19, 8, 9, 1, 15, 1, 10, 2, 10, 16, 9, 4, 10, 14, 12, 2, 4, 5, 14, 16, 9, 4, 2, 13, 1, 13, 1, 19, 15, 13, 12, 16, 9, 4, 1, 13, 15, 13, 1, 12, 6, 9, 6, 8, 9, 9, 19, 10, 20, 17, 17, 3, 2, 1, 17, 5, 5, 9, 19, 10, 20, 16, 3, 4, 7, 8, 18, 11, 3, 17, 6, 17, 5, 5, 2, 2, 1, 3, 3, 8, 5, 18, 16, 16, 3, 20, 6, 7, 8, 5, 20, 18, 20, 18, 6, 3, 8, 5, 20, 18, 6, 6, 2, 9, 2, 8, 5, 20, 18, 6, 16, 8, 11, 7, 11, 14, 19, 6, 20, 5, 16, 3, 3, 3, 6, 17, 14, 11, 14, 11, 7, 17, 14, 11, 17, 14, 11, 7, 17, 14, 11, 17, 14, 11, 14, 11, 7, 18]
bestever    1996    in generation 181
[12, 13, 15, 12, 10, 13, 19, 18, 12, 18, 1, 20, 13, 4, 15, 19, 18, 15, 10, 12, 19, 16, 4, 12, 9, 20, 13, 10, 15, 19, 1, 15, 10, 12, 19, 8, 16, 4, 8, 7, 4, 10, 8, 7, 15, 13, 2, 2, 7, 7, 4, 15, 19, 8, 9, 1, 15, 1, 10, 2, 10, 20, 9, 4, 10, 14, 12, 2, 4, 5, 14, 16, 9, 4, 2, 13, 1, 13, 1, 19, 15, 13, 12, 16, 9, 4, 1, 13, 15, 13, 1, 12, 6, 9, 6, 8, 9, 9, 19, 10, 20, 17, 17, 3, 2, 1, 17, 5, 5, 9, 19, 10, 20, 16, 3, 4, 7, 8, 18, 11, 3, 17, 6, 17, 5, 5, 2, 2, 1, 3, 3, 8, 5, 18, 16, 16, 3, 20, 6, 7, 12, 5, 16, 18, 20, 18, 6, 3, 8, 5, 20, 18, 6, 6, 2, 9, 2, 8, 5, 20, 18, 6, 16, 8, 11, 7, 11, 14, 19, 6, 20, 5, 16, 3, 3, 3, 6, 17, 14, 11, 14, 11, 7, 17, 14, 11, 17, 14, 11, 7, 17, 14, 11, 17, 14, 11, 14, 11, 7, 18]
bestever    1979    in generation 186
[12, 13, 15, 12, 10, 13, 19, 18, 12, 18, 1, 20, 13, 4, 15, 19, 18, 15, 10, 12, 19, 16, 4, 12, 9, 20, 13, 10, 15, 19, 1, 15, 10, 12, 19, 8, 16, 4, 8, 7, 4, 10, 8, 7, 15, 13, 2, 2, 7, 7, 4, 15, 19, 8, 9, 1, 15, 1, 10, 2, 10, 20, 9, 4, 10, 14, 12, 2, 4, 5, 14, 16, 9, 4, 2, 13, 1, 13, 1, 19, 15, 13, 12, 16, 9, 4, 1, 13, 15, 13, 1, 12, 6, 9, 6, 8, 9, 9, 19, 10, 20, 17, 17, 3, 2, 1, 17, 5, 5, 9, 19, 10, 20, 16, 3, 4, 7, 8, 18, 11, 3, 17, 6, 17, 5, 5, 2, 2, 1, 3, 3, 8, 5, 18, 16, 16, 3, 20, 6, 7, 12, 5, 16, 18, 20, 18, 6, 3, 8, 5, 20, 18, 6, 6, 2, 9, 2, 8, 5, 20, 18, 6, 16, 8, 11, 7, 11, 14, 19, 6, 20, 5, 16, 3, 3, 3, 6, 17, 14, 11, 14, 11, 7, 17, 14, 11, 17, 14, 11, 7, 14, 11, 7, 18, 17, 14, 11, 17, 14, 11]
bestever    1976    in generation 188
[12, 13, 15, 12, 10, 13, 19, 18, 12, 18, 1, 20, 13, 4, 15, 19, 18, 15, 10, 12, 19, 16, 4, 12, 9, 20, 13, 10, 15, 19, 1, 15, 10, 12, 19, 8, 16, 4, 8, 7, 4, 10, 8, 7, 15, 13, 2, 2, 7, 7, 4, 15, 19, 8, 9, 1, 15, 1, 10, 2, 10, 20, 9, 4, 10, 12, 2, 4, 5, 16, 9, 4, 2, 4, 1, 13, 1, 19, 15, 13, 12, 16, 9, 13, 1, 13, 15, 13, 1, 12, 6, 9, 6, 8, 9, 9, 19, 10, 20, 17, 17, 3, 2, 1, 17, 5, 5, 9, 19, 10, 20, 16, 3, 4, 7, 8, 18, 3, 6, 5, 5, 2, 2, 1, 3, 3, 8, 5, 18, 16, 16, 3, 20, 6, 12, 5, 16, 18, 20, 18, 6, 3, 8, 5, 20, 18, 6, 6, 2, 9, 2, 8, 5, 20, 18, 6, 16, 8, 7, 19, 6, 20, 5, 16, 3, 3, 3, 6, 14, 11, 7, 17, 14, 11, 17, 14, 11, 17, 14, 11, 14, 11, 7, 17, 14, 11, 17, 14, 11, 7, 17, 14, 11, 17, 14, 11, 14, 11, 7, 18]
bestever    1975    in generation 217
[12, 13, 15, 12, 10, 13, 19, 18, 12, 18, 1, 20, 13, 4, 15, 19, 18, 15, 10, 12, 19, 16, 4, 12, 9, 20, 13, 10, 15, 19, 1, 15, 10, 12, 19, 8, 16, 4, 8, 7, 4, 10, 8, 7, 15, 13, 2, 2, 7, 7, 4, 15, 19, 8, 9, 1, 15, 1, 10, 2, 10, 20, 9, 4, 10, 12, 2, 4, 5, 16, 9, 4, 2, 4, 1, 13, 1, 19, 15, 13, 12, 16, 9, 13, 1, 13, 15, 13, 1, 12, 6, 9, 6, 8, 9, 9, 19, 10, 20, 17, 17, 3, 2, 1, 17, 5, 5, 9, 19, 10, 20, 16, 3, 4, 7, 8, 18, 3, 6, 5, 5, 2, 2, 1, 3, 3, 8, 5, 18, 16, 16, 3, 20, 6, 12, 5, 16, 18, 20, 18, 6, 3, 8, 5, 20, 18, 6, 6, 2, 9, 2, 8, 5, 20, 18, 6, 16, 8, 7, 19, 6, 20, 5, 16, 3, 3, 3, 6, 14, 11, 7, 17, 14, 11, 17, 18, 14, 11, 11, 14, 7, 14, 11, 7, 7, 14, 17, 17, 11, 17, 14, 11, 17, 14, 11, 17, 14, 11, 14, 11]
bestever    1968    in generation 232
[12, 13, 15, 12, 10, 13, 19, 18, 12, 18, 1, 20, 13, 4, 15, 19, 18, 15, 10, 12, 19, 16, 4, 12, 9, 20, 13, 10, 15, 19, 1, 15, 10, 12, 19, 8, 16, 4, 8, 7, 4, 10, 8, 7, 15, 13, 2, 2, 7, 7, 4, 15, 19, 8, 9, 1, 15, 1, 10, 2, 10, 20, 9, 4, 10, 12, 2, 4, 5, 16, 9, 4, 2, 4, 1, 13, 1, 19, 15, 13, 12, 16, 9, 13, 1, 13, 15, 13, 1, 12, 6, 9, 6, 8, 9, 9, 19, 10, 20, 17, 17, 3, 2, 1, 17, 5, 5, 9, 19, 10, 20, 16, 3, 4, 7, 8, 18, 3, 6, 5, 5, 2, 2, 1, 3, 3, 8, 5, 18, 16, 16, 3, 20, 6, 12, 5, 16, 18, 20, 18, 6, 3, 8, 5, 20, 18, 6, 6, 2, 9, 2, 8, 5, 20, 18, 6, 16, 8, 7, 19, 6, 20, 5, 16, 3, 3, 3, 6, 14, 11, 7, 17, 14, 17, 18, 11, 11, 14, 7, 14, 11, 7, 7, 14, 17, 14, 11, 17, 11, 17, 14, 11, 17, 14, 11, 17, 14, 11, 14, 11]
bestever    1959    in generation 236
[12, 13, 15, 12, 10, 13, 19, 18, 12, 18, 1, 20, 13, 4, 15, 19, 18, 15, 10, 12, 19, 16, 4, 12, 9, 20, 13, 10, 15, 19, 1, 15, 10, 12, 19, 8, 16, 4, 8, 7, 4, 10, 8, 7, 15, 13, 2, 2, 7, 7, 4, 15, 19, 8, 9, 1, 15, 1, 10, 2, 10, 20, 9, 4, 10, 12, 2, 4, 5, 16, 9, 4, 2, 4, 1, 13, 1, 19, 15, 13, 12, 16, 9, 13, 1, 13, 15, 13, 1, 12, 6, 20, 6, 8, 9, 9, 19, 10, 20, 17, 17, 3, 2, 1, 17, 5, 5, 9, 19, 10, 20, 16, 3, 4, 7, 8, 18, 3, 6, 5, 5, 2, 2, 1, 3, 3, 8, 5, 18, 16, 16, 3, 20, 6, 12, 5, 16, 18, 9, 18, 6, 3, 8, 5, 20, 18, 6, 6, 2, 9, 2, 8, 5, 20, 18, 6, 16, 8, 7, 19, 6, 20, 5, 16, 3, 3, 3, 6, 14, 11, 7, 17, 14, 17, 18, 11, 11, 14, 7, 14, 11, 7, 7, 14, 17, 14, 11, 17, 11, 17, 14, 11, 17, 14, 11, 17, 14, 11, 14, 11]
bestever    1957    in generation 260
[12, 13, 15, 12, 10, 13, 19, 18, 12, 18, 1, 20, 13, 4, 15, 19, 18, 15, 10, 12, 19, 16, 4, 12, 9, 20, 13, 10, 15, 19, 1, 15, 10, 12, 19, 8, 16, 4, 8, 4, 10, 8, 15, 13, 2, 2, 7, 7, 4, 15, 19, 8, 9, 1, 15, 1, 10, 2, 10, 20, 9, 4, 10, 12, 2, 4, 5, 16, 9, 4, 2, 4, 1, 13, 1, 19, 15, 13, 12, 16, 9, 13, 1, 13, 15, 13, 1, 12, 6, 20, 6, 8, 9, 9, 19, 10, 20, 17, 17, 3, 2, 1, 17, 5, 5, 9, 19, 10, 20, 16, 3, 4, 7, 8, 5, 5, 2, 2, 1, 3, 8, 5, 3, 3, 18, 7, 6, 18, 16, 16, 3, 20, 6, 12, 5, 16, 18, 9, 18, 7, 6, 3, 8, 5, 20, 18, 6, 6, 2, 9, 2, 8, 5, 20, 18, 6, 16, 8, 7, 19, 6, 20, 5, 16, 3, 3, 3, 6, 14, 11, 7, 17, 14, 17, 18, 11, 11, 14, 7, 14, 11, 7, 7, 14, 17, 14, 11, 17, 11, 17, 14, 11, 17, 14, 11, 17, 14, 11, 14, 11]
bestever    1956    in generation 268
[12, 13, 15, 12, 10, 13, 19, 18, 12, 18, 1, 20, 13, 4, 15, 19, 18, 15, 10, 12, 19, 16, 4, 12, 9, 20, 13, 10, 15, 19, 1, 15, 10, 12, 19, 8, 16, 4, 8, 4, 10, 8, 15, 13, 2, 2, 7, 7, 4, 15, 19, 8, 9, 1, 15, 1, 10, 2, 10, 20, 9, 4, 10, 12, 2, 4, 5, 16, 9, 4, 2, 4, 1, 13, 1, 19, 15, 13, 12, 16, 9, 13, 1, 13, 15, 13, 1, 12, 6, 20, 8, 9, 9, 19, 10, 20, 17, 17, 3, 2, 1, 17, 5, 5, 9, 19, 10, 16, 3, 4, 7, 5, 5, 2, 1, 3, 8, 3, 18, 7, 16, 16, 3, 20, 12, 5, 16, 9, 18, 7, 6, 3, 8, 5, 20, 18, 6, 6, 2, 18, 6, 3, 8, 5, 20, 18, 6, 6, 2, 9, 2, 8, 5, 20, 18, 6, 16, 8, 7, 19, 6, 20, 5, 16, 3, 3, 3, 6, 14, 11, 7, 17, 14, 17, 18, 11, 11, 14, 7, 14, 11, 7, 7, 14, 17, 14, 11, 17, 11, 17, 14, 11, 17, 14, 11, 17, 14, 11, 14, 11]
bestever    1949    in generation 285
[12, 13, 15, 12, 10, 13, 19, 18, 12, 18, 1, 20, 13, 4, 15, 19, 18, 15, 10, 12, 19, 16, 4, 12, 9, 20, 13, 10, 15, 19, 1, 15, 10, 12, 19, 8, 16, 4, 8, 4, 10, 8, 15, 13, 2, 2, 7, 7, 4, 15, 19, 8, 12, 1, 15, 1, 10, 2, 10, 20, 9, 4, 10, 9, 2, 4, 5, 16, 9, 4, 2, 4, 1, 13, 1, 19, 15, 13, 12, 16, 9, 13, 1, 13, 15, 13, 1, 12, 6, 20, 8, 9, 9, 19, 10, 20, 17, 17, 3, 2, 1, 17, 5, 5, 9, 19, 10, 16, 3, 4, 7, 5, 5, 2, 1, 3, 8, 3, 18, 7, 16, 16, 3, 20, 12, 5, 16, 9, 18, 7, 6, 3, 8, 5, 20, 18, 6, 6, 2, 18, 6, 3, 8, 5, 20, 18, 6, 6, 2, 9, 2, 8, 5, 20, 18, 6, 16, 8, 7, 19, 6, 20, 5, 16, 3, 3, 3, 6, 14, 11, 7, 17, 14, 17, 18, 11, 11, 14, 7, 14, 11, 7, 7, 14, 17, 14, 11, 17, 11, 17, 14, 11, 17, 14, 11, 17, 14, 11, 14, 11]
bestever    1930    in generation 513
[12, 13, 15, 12, 10, 13, 19, 18, 12, 18, 1, 20, 13, 4, 15, 19, 18, 15, 10, 12, 19, 16, 4, 12, 9, 20, 13, 10, 15, 19, 1, 15, 10, 12, 19, 8, 16, 4, 8, 4, 10, 8, 15, 13, 2, 2, 7, 4, 15, 19, 8, 12, 1, 15, 1, 10, 2, 10, 20, 9, 4, 10, 9, 2, 4, 5, 16, 9, 4, 2, 4, 10, 13, 1, 19, 15, 13, 12, 16, 9, 13, 1, 13, 15, 13, 1, 12, 6, 20, 8, 9, 9, 19, 1, 20, 17, 17, 17, 3, 2, 1, 17, 5, 5, 9, 19, 10, 16, 3, 4, 7, 5, 5, 2, 1, 3, 8, 3, 18, 7, 16, 16, 3, 20, 12, 5, 16, 9, 18, 7, 6, 3, 8, 5, 20, 6, 18, 7, 6, 2, 18, 6, 3, 8, 5, 20, 18, 6, 6, 2, 9, 2, 8, 5, 20, 18, 6, 16, 8, 7, 19, 6, 20, 5, 16, 3, 3, 3, 6, 14, 7, 18, 11, 7, 11, 7, 14, 14, 11, 17, 11, 17, 14, 7, 14, 17, 14, 11, 17, 11, 14, 11, 17, 14, 11, 17, 14, 11, 14, 11]
bestever    1920    in generation 558
[12, 13, 15, 12, 10, 13, 19, 18, 12, 18, 1, 20, 13, 4, 15, 19, 18, 15, 10, 12, 19, 16, 13, 12, 9, 20, 13, 10, 15, 19, 1, 15, 10, 12, 19, 8, 16, 4, 8, 4, 10, 8, 15, 13, 2, 2, 4, 15, 19, 8, 12, 1, 15, 1, 10, 2, 10, 20, 9, 4, 10, 9, 2, 4, 5, 16, 9, 4, 2, 4, 10, 13, 1, 19, 15, 13, 12, 16, 9, 13, 1, 13, 15, 4, 1, 12, 6, 20, 8, 9, 9, 19, 1, 20, 17, 17, 17, 3, 2, 1, 17, 5, 5, 9, 19, 10, 16, 3, 4, 5, 5, 2, 1, 3, 8, 18, 16, 16, 3, 12, 5, 9, 18, 7, 6, 3, 20, 7, 2, 18, 6, 8, 6, 5, 20, 18, 7, 6, 3, 16, 7, 8, 5, 20, 18, 6, 6, 2, 9, 2, 8, 5, 20, 18, 7, 6, 3, 16, 8, 7, 19, 6, 20, 5, 16, 3, 3, 3, 6, 14, 7, 18, 11, 7, 11, 7, 14, 14, 11, 17, 11, 17, 14, 7, 14, 17, 14, 11, 17, 11, 14, 11, 17, 14, 11, 17, 14, 11, 14, 11]
bestever    1916    in generation 676
[12, 13, 15, 12, 10, 13, 19, 18, 12, 18, 1, 20, 13, 4, 15, 19, 18, 15, 10, 12, 19, 16, 13, 12, 9, 20, 13, 13, 15, 4, 1, 12, 6, 20, 10, 15, 19, 1, 15, 10, 12, 19, 8, 16, 4, 8, 4, 10, 8, 15, 13, 2, 2, 4, 15, 19, 8, 12, 1, 15, 1, 10, 2, 10, 20, 9, 4, 10, 9, 2, 4, 5, 16, 9, 4, 2, 4, 10, 13, 1, 19, 15, 13, 12, 16, 9, 13, 1, 8, 9, 9, 19, 1, 20, 17, 17, 17, 3, 2, 1, 17, 5, 5, 9, 19, 10, 16, 3, 4, 5, 5, 2, 1, 3, 8, 18, 16, 16, 3, 12, 5, 9, 18, 6, 3, 20, 2, 18, 6, 8, 6, 5, 20, 7, 3, 16, 7, 8, 5, 20, 18, 7, 7, 6, 18, 6, 6, 2, 9, 2, 8, 5, 20, 18, 7, 6, 3, 16, 8, 7, 19, 6, 20, 5, 16, 3, 3, 3, 6, 14, 7, 18, 11, 7, 11, 7, 14, 14, 11, 17, 11, 17, 14, 7, 14, 17, 14, 11, 17, 11, 14, 11, 17, 14, 11, 17, 14, 11, 14, 11]
bestever    1894    in generation 691
[12, 13, 15, 12, 10, 13, 19, 18, 12, 18, 1, 20, 13, 4, 15, 19, 18, 15, 10, 12, 19, 16, 13, 12, 9, 20, 13, 13, 15, 4, 1, 12, 17, 20, 10, 15, 19, 1, 15, 10, 12, 19, 8, 16, 4, 8, 4, 10, 8, 15, 13, 2, 2, 4, 15, 19, 8, 12, 1, 15, 1, 10, 2, 10, 20, 9, 4, 10, 9, 2, 4, 5, 16, 9, 4, 2, 4, 10, 13, 1, 19, 15, 13, 12, 16, 9, 13, 1, 8, 9, 9, 19, 1, 20, 17, 17, 6, 3, 2, 1, 17, 5, 5, 9, 19, 10, 16, 3, 4, 5, 5, 2, 1, 3, 8, 18, 16, 16, 3, 12, 5, 9, 18, 6, 3, 20, 2, 18, 6, 8, 6, 5, 20, 7, 3, 16, 7, 8, 5, 20, 18, 7, 7, 6, 18, 6, 6, 2, 9, 2, 8, 5, 20, 18, 7, 6, 3, 16, 8, 7, 19, 6, 20, 5, 16, 3, 3, 3, 6, 14, 7, 18, 11, 7, 11, 7, 14, 14, 11, 17, 11, 17, 14, 7, 14, 17, 14, 11, 17, 11, 14, 11, 17, 14, 11, 17, 14, 11, 14, 11]
bestever    1888    in generation 749
[12, 13, 15, 12, 10, 13, 19, 18, 12, 18, 1, 20, 13, 4, 15, 19, 18, 15, 10, 12, 19, 16, 13, 12, 9, 20, 13, 13, 15, 4, 1, 12, 17, 20, 10, 15, 19, 1, 15, 10, 12, 19, 9, 16, 4, 8, 4, 10, 8, 15, 13, 2, 2, 4, 15, 19, 8, 12, 1, 15, 1, 10, 2, 10, 20, 9, 4, 10, 9, 2, 4, 5, 16, 9, 4, 2, 4, 10, 13, 1, 19, 15, 13, 12, 16, 9, 13, 1, 8, 9, 8, 19, 1, 20, 17, 17, 6, 3, 2, 1, 17, 5, 5, 9, 19, 10, 16, 3, 4, 5, 5, 2, 1, 3, 8, 18, 16, 16, 3, 12, 5, 9, 18, 6, 3, 20, 2, 18, 6, 8, 6, 5, 20, 7, 3, 16, 7, 8, 5, 20, 18, 7, 7, 6, 18, 6, 6, 2, 9, 2, 8, 5, 20, 18, 7, 6, 3, 16, 8, 7, 19, 6, 20, 5, 16, 3, 3, 3, 6, 14, 7, 18, 11, 7, 11, 7, 14, 14, 11, 17, 11, 17, 14, 7, 14, 17, 14, 11, 17, 11, 14, 11, 17, 14, 11, 17, 14, 11, 14, 11]
bestever    1885    in generation 755
[12, 13, 15, 12, 10, 13, 19, 18, 12, 18, 1, 20, 13, 4, 15, 19, 18, 15, 10, 12, 19, 16, 13, 12, 9, 20, 13, 13, 15, 4, 1, 12, 17, 9, 10, 15, 19, 1, 15, 10, 12, 19, 9, 16, 4, 8, 4, 10, 8, 15, 13, 2, 2, 4, 15, 19, 8, 12, 1, 15, 1, 10, 2, 10, 20, 9, 4, 10, 20, 2, 4, 5, 16, 9, 4, 2, 4, 10, 13, 1, 19, 15, 13, 12, 16, 9, 13, 1, 8, 9, 8, 19, 1, 20, 17, 17, 6, 3, 2, 1, 17, 5, 5, 9, 19, 10, 16, 3, 4, 5, 5, 2, 1, 3, 8, 18, 16, 16, 3, 12, 5, 9, 18, 6, 3, 20, 2, 18, 6, 8, 6, 5, 20, 7, 3, 16, 7, 8, 5, 20, 18, 7, 7, 6, 18, 6, 6, 2, 9, 2, 8, 5, 20, 18, 7, 6, 3, 16, 8, 7, 19, 6, 20, 5, 16, 3, 3, 3, 6, 14, 7, 18, 11, 7, 11, 7, 14, 14, 11, 17, 11, 17, 14, 7, 14, 17, 14, 11, 17, 11, 14, 11, 17, 14, 11, 17, 14, 11, 14, 11]
bestever    1881    in generation 773
[12, 10, 13, 19, 18, 12, 13, 15, 18, 12, 1, 20, 13, 4, 15, 19, 18, 15, 10, 12, 19, 16, 13, 12, 9, 20, 13, 13, 15, 4, 1, 12, 17, 9, 10, 15, 19, 1, 15, 10, 12, 19, 9, 16, 4, 8, 4, 10, 8, 15, 13, 2, 2, 4, 15, 19, 8, 12, 1, 15, 1, 10, 2, 10, 20, 9, 4, 10, 20, 2, 4, 5, 16, 9, 4, 2, 4, 10, 13, 1, 19, 15, 13, 12, 16, 9, 13, 1, 8, 9, 8, 19, 1, 20, 17, 17, 6, 3, 2, 1, 17, 5, 5, 9, 19, 10, 16, 3, 4, 5, 5, 2, 1, 3, 8, 18, 16, 16, 3, 12, 5, 9, 18, 6, 3, 20, 2, 18, 6, 8, 6, 5, 20, 7, 3, 16, 7, 8, 5, 20, 18, 7, 7, 6, 18, 6, 6, 2, 9, 2, 8, 5, 20, 18, 7, 6, 3, 16, 8, 7, 19, 6, 20, 5, 16, 3, 3, 3, 6, 14, 7, 18, 11, 7, 11, 7, 14, 14, 11, 17, 11, 17, 14, 7, 14, 17, 14, 11, 17, 11, 14, 11, 17, 14, 11, 17, 14, 11, 14, 11]
bestever    1863    in generation 888
[12, 10, 13, 19, 18, 12, 13, 15, 10, 18, 12, 1, 20, 13, 4, 15, 19, 18, 15, 10, 12, 19, 16, 13, 12, 9, 20, 13, 13, 15, 4, 1, 12, 17, 9, 10, 15, 19, 1, 15, 10, 12, 19, 9, 16, 4, 8, 4, 10, 8, 15, 13, 2, 2, 4, 15, 19, 8, 12, 1, 15, 1, 10, 2, 10, 20, 9, 4, 20, 2, 4, 5, 16, 9, 4, 2, 4, 10, 13, 1, 19, 15, 13, 12, 16, 9, 13, 1, 8, 9, 8, 19, 1, 20, 17, 17, 6, 3, 2, 1, 17, 5, 5, 9, 19, 10, 16, 3, 4, 5, 5, 2, 1, 3, 8, 18, 16, 16, 3, 12, 5, 9, 18, 6, 3, 20, 2, 18, 6, 8, 6, 5, 20, 7, 3, 16, 7, 8, 5, 20, 18, 7, 7, 6, 18, 6, 6, 2, 9, 2, 8, 5, 20, 18, 7, 6, 3, 16, 8, 7, 19, 6, 20, 5, 16, 3, 3, 3, 6, 14, 7, 18, 11, 7, 11, 7, 14, 14, 11, 17, 11, 17, 14, 7, 14, 17, 14, 11, 17, 11, 14, 11, 17, 14, 11, 17, 14, 11, 14, 11]
bestever    1859    in generation 1030
[12, 10, 13, 19, 18, 12, 13, 15, 10, 18, 12, 1, 20, 13, 4, 15, 19, 18, 15, 10, 12, 19, 16, 13, 12, 9, 20, 13, 13, 15, 4, 1, 12, 17, 9, 10, 15, 19, 1, 15, 10, 12, 19, 9, 16, 4, 8, 4, 10, 8, 15, 13, 2, 2, 4, 15, 19, 8, 12, 1, 15, 3, 1, 10, 2, 10, 20, 9, 4, 20, 2, 4, 5, 16, 9, 4, 2, 4, 10, 13, 1, 19, 15, 13, 12, 16, 9, 13, 1, 8, 9, 8, 19, 1, 20, 17, 17, 6, 2, 1, 17, 5, 6, 9, 19, 10, 16, 3, 4, 16, 5, 2, 1, 3, 8, 18, 5, 16, 3, 12, 5, 9, 18, 5, 3, 20, 2, 18, 6, 8, 6, 5, 20, 7, 3, 16, 7, 8, 5, 20, 18, 7, 7, 6, 18, 6, 6, 2, 9, 2, 8, 5, 20, 18, 7, 6, 3, 16, 8, 7, 19, 6, 17, 5, 16, 3, 3, 3, 6, 14, 7, 18, 11, 7, 11, 7, 17, 14, 11, 14, 11, 17, 14, 7, 14, 20, 14, 11, 17, 11, 14, 11, 17, 14, 11, 17, 14, 11, 14, 11]
bestever    1857    in generation 1274
[12, 10, 13, 19, 18, 12, 13, 15, 10, 18, 12, 1, 20, 13, 4, 15, 19, 18, 15, 10, 12, 19, 16, 13, 12, 9, 20, 13, 13, 15, 4, 1, 12, 17, 9, 10, 15, 19, 1, 15, 10, 12, 19, 9, 16, 4, 8, 4, 10, 8, 15, 13, 2, 2, 4, 15, 19, 8, 12, 1, 15, 3, 1, 10, 4, 10, 10, 9, 4, 20, 2, 4, 5, 16, 9, 4, 2, 2, 20, 13, 1, 19, 15, 13, 12, 16, 9, 13, 1, 8, 9, 8, 19, 1, 20, 17, 17, 6, 2, 1, 17, 5, 6, 9, 19, 10, 16, 14, 4, 16, 5, 2, 1, 3, 8, 18, 5, 16, 12, 5, 9, 18, 5, 20, 2, 18, 6, 8, 6, 5, 3, 8, 7, 7, 6, 6, 2, 5, 20, 18, 7, 6, 3, 16, 7, 3, 9, 2, 20, 18, 8, 5, 20, 18, 7, 6, 3, 16, 8, 7, 3, 11, 19, 6, 17, 5, 16, 3, 3, 3, 6, 14, 7, 18, 11, 7, 11, 7, 17, 11, 17, 14, 11, 14, 7, 14, 20, 14, 11, 17, 14, 11, 17, 14, 11, 17, 14, 11, 14, 11]
bestever    1846    in generation 1289
[12, 10, 13, 19, 18, 12, 13, 15, 10, 18, 12, 1, 20, 13, 4, 15, 19, 18, 15, 10, 12, 19, 16, 13, 12, 9, 20, 13, 13, 15, 4, 1, 12, 17, 9, 10, 15, 19, 1, 15, 10, 12, 19, 9, 16, 4, 8, 4, 10, 8, 15, 13, 2, 2, 4, 15, 19, 8, 12, 1, 15, 3, 1, 10, 4, 10, 10, 9, 4, 20, 2, 4, 5, 16, 9, 4, 2, 2, 20, 13, 1, 19, 15, 13, 12, 16, 9, 13, 1, 8, 9, 8, 19, 1, 20, 17, 17, 6, 2, 1, 17, 5, 6, 9, 19, 10, 16, 14, 4, 16, 5, 2, 1, 3, 8, 18, 5, 16, 12, 5, 9, 18, 5, 20, 2, 18, 6, 8, 6, 5, 3, 7, 7, 6, 6, 2, 20, 7, 6, 3, 16, 7, 3, 9, 2, 8, 5, 20, 18, 18, 8, 5, 20, 18, 7, 6, 3, 16, 8, 7, 3, 11, 19, 6, 17, 5, 16, 3, 3, 3, 6, 14, 7, 18, 11, 7, 11, 7, 17, 11, 17, 14, 11, 14, 7, 14, 20, 14, 11, 17, 14, 11, 17, 14, 11, 17, 14, 11, 14, 11]
bestever    1842    in generation 1388
[12, 10, 13, 19, 18, 12, 13, 15, 10, 18, 12, 1, 20, 13, 4, 15, 19, 18, 15, 10, 12, 19, 16, 13, 12, 9, 20, 13, 13, 15, 4, 1, 12, 17, 9, 10, 15, 19, 1, 15, 10, 12, 19, 9, 16, 4, 8, 4, 10, 8, 15, 13, 2, 2, 4, 15, 19, 8, 12, 1, 15, 3, 1, 10, 4, 10, 10, 9, 4, 20, 2, 4, 5, 16, 9, 4, 2, 2, 20, 13, 1, 19, 15, 13, 12, 16, 9, 13, 1, 8, 9, 8, 19, 1, 20, 17, 17, 6, 2, 1, 5, 6, 9, 19, 10, 16, 14, 4, 16, 5, 2, 1, 3, 8, 18, 5, 16, 12, 5, 9, 18, 5, 20, 2, 6, 8, 6, 6, 2, 9, 2, 5, 20, 18, 7, 3, 7, 6, 3, 16, 7, 3, 8, 5, 20, 18, 8, 5, 20, 18, 7, 6, 18, 7, 6, 3, 16, 8, 7, 3, 11, 19, 6, 17, 5, 16, 3, 3, 3, 6, 14, 7, 18, 7, 11, 7, 17, 11, 17, 14, 11, 14, 7, 14, 20, 11, 17, 14, 11, 17, 14, 11, 17, 14, 11, 17, 14, 11, 14, 11]
bestever    1841    in generation 1417
[12, 10, 13, 12, 18, 12, 13, 15, 10, 18, 19, 1, 20, 13, 4, 15, 19, 18, 15, 10, 12, 19, 16, 13, 12, 9, 20, 13, 13, 15, 4, 1, 12, 17, 9, 10, 15, 19, 1, 15, 10, 12, 19, 9, 16, 4, 8, 4, 10, 8, 15, 13, 2, 2, 4, 15, 19, 8, 12, 1, 15, 3, 1, 10, 4, 10, 10, 9, 4, 20, 2, 4, 5, 16, 9, 4, 2, 2, 20, 13, 1, 19, 15, 13, 12, 16, 9, 13, 1, 8, 9, 8, 19, 1, 20, 17, 17, 6, 2, 1, 5, 6, 9, 19, 10, 16, 14, 4, 16, 5, 2, 1, 3, 8, 18, 5, 16, 12, 5, 9, 18, 5, 20, 2, 6, 8, 6, 6, 2, 9, 2, 5, 20, 18, 7, 3, 7, 6, 3, 16, 7, 3, 8, 5, 20, 18, 8, 5, 20, 18, 7, 6, 18, 7, 6, 3, 16, 8, 7, 3, 11, 19, 6, 17, 5, 16, 3, 3, 3, 6, 14, 7, 18, 7, 11, 7, 17, 11, 17, 14, 11, 14, 7, 14, 20, 11, 17, 14, 11, 17, 14, 11, 17, 14, 11, 17, 14, 11, 14, 11]
bestever    1829    in generation 1419
[12, 10, 13, 19, 18, 12, 13, 15, 10, 18, 12, 1, 20, 13, 4, 15, 19, 18, 15, 10, 12, 19, 16, 13, 12, 9, 20, 13, 13, 15, 4, 1, 12, 17, 9, 10, 15, 19, 1, 15, 10, 12, 19, 9, 16, 4, 8, 4, 10, 8, 15, 13, 2, 2, 4, 15, 19, 8, 12, 1, 15, 3, 1, 10, 4, 10, 10, 9, 4, 20, 2, 4, 5, 16, 9, 4, 2, 2, 20, 13, 1, 19, 15, 13, 12, 16, 9, 13, 1, 8, 9, 8, 19, 1, 20, 17, 17, 6, 2, 1, 5, 6, 9, 19, 10, 16, 14, 4, 16, 5, 2, 1, 3, 8, 18, 5, 16, 12, 5, 9, 18, 5, 20, 2, 6, 8, 6, 6, 2, 9, 2, 5, 20, 18, 7, 3, 7, 6, 3, 16, 7, 3, 8, 5, 20, 18, 8, 5, 20, 18, 7, 6, 18, 7, 6, 3, 16, 8, 7, 3, 19, 6, 5, 16, 11, 14, 3, 3, 3, 6, 14, 7, 18, 7, 11, 7, 17, 11, 17, 14, 11, 14, 7, 14, 20, 11, 17, 14, 11, 17, 14, 11, 17, 14, 11, 17, 14, 11, 11, 17]
bestever    1828    in generation 1537
[12, 10, 13, 19, 18, 12, 13, 15, 10, 18, 12, 1, 20, 13, 4, 15, 19, 18, 15, 10, 12, 19, 4, 16, 13, 12, 9, 20, 13, 13, 15, 4, 1, 12, 17, 9, 10, 15, 19, 1, 15, 10, 12, 19, 9, 16, 4, 8, 4, 10, 8, 15, 13, 2, 2, 4, 15, 19, 8, 12, 1, 15, 3, 1, 10, 4, 10, 10, 9, 4, 20, 2, 4, 5, 16, 9, 4, 2, 2, 20, 14, 13, 1, 19, 15, 13, 12, 16, 9, 13, 1, 8, 9, 8, 19, 1, 20, 17, 17, 6, 2, 1, 5, 6, 9, 19, 10, 16, 14, 16, 5, 2, 1, 3, 8, 18, 5, 16, 12, 5, 9, 18, 5, 20, 2, 6, 8, 6, 6, 2, 9, 2, 5, 20, 18, 7, 3, 7, 6, 3, 16, 7, 3, 8, 5, 20, 18, 8, 5, 20, 18, 7, 6, 18, 7, 6, 3, 16, 8, 7, 3, 19, 6, 5, 16, 11, 14, 3, 3, 3, 6, 14, 7, 18, 7, 11, 7, 17, 11, 17, 14, 11, 7, 14, 20, 11, 17, 14, 11, 17, 14, 11, 17, 14, 11, 17, 14, 11, 11, 17]
bestever    1827    in generation 1609
[12, 10, 13, 19, 18, 12, 13, 15, 10, 18, 12, 1, 20, 13, 4, 15, 19, 18, 15, 10, 12, 19, 4, 16, 13, 12, 9, 20, 13, 13, 15, 4, 1, 12, 17, 9, 10, 15, 19, 1, 15, 10, 12, 19, 9, 16, 4, 8, 4, 10, 8, 15, 13, 2, 2, 4, 15, 19, 8, 12, 1, 15, 3, 1, 10, 4, 10, 10, 9, 4, 20, 2, 4, 5, 16, 9, 4, 2, 2, 20, 14, 13, 1, 19, 15, 17, 12, 16, 9, 13, 1, 8, 9, 8, 19, 1, 20, 17, 17, 6, 2, 1, 5, 6, 9, 19, 10, 16, 14, 16, 5, 2, 1, 3, 8, 18, 5, 16, 12, 5, 9, 18, 5, 20, 2, 6, 8, 6, 6, 2, 9, 2, 5, 20, 18, 7, 3, 7, 6, 3, 16, 7, 3, 8, 5, 20, 18, 8, 5, 20, 18, 7, 6, 18, 7, 6, 3, 16, 8, 7, 3, 19, 6, 5, 16, 11, 14, 3, 3, 3, 6, 7, 18, 7, 7, 11, 7, 20, 11, 17, 14, 11, 17, 14, 11, 17, 14, 14, 11, 13, 14, 11, 17, 14, 11, 17, 14, 11, 11, 17]
bestever    1820    in generation 1627
[12, 10, 13, 19, 18, 12, 13, 15, 10, 18, 12, 1, 20, 13, 4, 15, 19, 18, 15, 10, 12, 19, 4, 16, 13, 12, 9, 20, 13, 13, 15, 4, 1, 12, 17, 9, 10, 15, 19, 1, 15, 10, 12, 19, 9, 16, 4, 8, 4, 10, 8, 15, 13, 2, 2, 4, 15, 19, 8, 12, 1, 15, 3, 1, 10, 4, 10, 10, 9, 4, 20, 2, 4, 5, 16, 9, 4, 2, 2, 20, 14, 13, 1, 19, 15, 17, 12, 16, 9, 13, 1, 8, 9, 8, 19, 1, 20, 17, 17, 6, 2, 1, 5, 6, 9, 19, 10, 16, 14, 16, 5, 2, 1, 3, 8, 18, 5, 20, 12, 5, 9, 18, 5, 20, 2, 6, 8, 6, 6, 2, 9, 2, 5, 20, 18, 7, 3, 7, 6, 3, 16, 7, 3, 8, 5, 16, 18, 8, 5, 20, 18, 7, 6, 18, 7, 6, 3, 16, 8, 7, 3, 19, 6, 5, 16, 11, 14, 3, 3, 3, 6, 7, 18, 7, 7, 11, 7, 20, 11, 17, 14, 11, 17, 14, 11, 17, 14, 14, 11, 13, 14, 11, 17, 14, 11, 17, 14, 11, 11, 17]
bestever    1818    in generation 1658
[12, 10, 13, 19, 18, 12, 13, 15, 10, 18, 12, 1, 20, 13, 4, 15, 19, 18, 15, 10, 12, 19, 4, 16, 13, 12, 9, 20, 13, 13, 15, 4, 1, 12, 17, 9, 10, 15, 19, 1, 15, 10, 12, 19, 9, 16, 4, 8, 16, 10, 8, 15, 13, 2, 2, 4, 15, 19, 8, 12, 1, 15, 3, 1, 10, 4, 10, 10, 9, 4, 20, 2, 4, 5, 16, 9, 4, 2, 2, 20, 14, 13, 1, 19, 15, 17, 12, 4, 9, 13, 1, 8, 9, 8, 19, 1, 20, 17, 17, 6, 2, 1, 5, 6, 9, 19, 10, 16, 14, 16, 5, 2, 1, 3, 8, 18, 5, 20, 12, 5, 9, 18, 5, 20, 2, 6, 8, 6, 6, 2, 9, 2, 5, 20, 18, 7, 3, 7, 6, 3, 16, 7, 3, 8, 5, 16, 18, 8, 5, 20, 18, 7, 6, 18, 7, 6, 3, 16, 8, 7, 3, 19, 6, 5, 16, 11, 14, 3, 3, 3, 6, 7, 18, 7, 7, 11, 7, 20, 11, 17, 14, 11, 17, 14, 11, 17, 14, 14, 11, 13, 14, 11, 17, 14, 11, 17, 14, 11, 11, 17]
bestever    1814    in generation 1685
[12, 10, 13, 19, 18, 12, 13, 15, 10, 18, 12, 1, 20, 13, 4, 15, 19, 18, 15, 10, 12, 19, 4, 16, 13, 12, 9, 20, 13, 13, 15, 4, 1, 12, 17, 9, 10, 15, 19, 1, 15, 10, 12, 19, 9, 16, 4, 8, 16, 10, 8, 15, 13, 2, 2, 4, 15, 19, 8, 12, 1, 15, 3, 1, 10, 4, 10, 10, 9, 4, 20, 2, 4, 5, 16, 9, 4, 2, 2, 20, 14, 13, 1, 19, 15, 17, 12, 4, 9, 13, 1, 8, 9, 8, 19, 1, 20, 17, 6, 2, 1, 5, 6, 9, 19, 10, 16, 8, 16, 5, 2, 1, 3, 14, 18, 5, 20, 12, 5, 9, 18, 5, 20, 2, 6, 8, 6, 6, 2, 9, 2, 5, 20, 18, 7, 3, 7, 6, 3, 16, 7, 3, 8, 5, 16, 18, 8, 5, 20, 18, 7, 6, 18, 7, 6, 3, 16, 8, 7, 3, 19, 6, 5, 16, 14, 3, 3, 3, 6, 7, 18, 17, 11, 7, 7, 11, 7, 20, 11, 17, 14, 11, 17, 14, 11, 17, 14, 14, 11, 13, 14, 11, 17, 14, 11, 17, 14, 11, 11, 17]
bestever    1812    in generation 1742
[12, 10, 13, 19, 18, 12, 13, 15, 10, 18, 12, 1, 20, 13, 4, 15, 19, 18, 15, 10, 12, 19, 4, 16, 13, 12, 9, 20, 13, 13, 15, 4, 1, 15, 17, 9, 10, 15, 19, 1, 15, 10, 12, 19, 9, 16, 4, 8, 16, 10, 8, 15, 13, 2, 2, 4, 15, 19, 8, 12, 1, 12, 3, 1, 10, 4, 10, 10, 9, 4, 20, 2, 4, 5, 16, 9, 4, 2, 2, 20, 14, 13, 1, 19, 15, 17, 12, 4, 9, 13, 1, 8, 9, 8, 19, 1, 20, 17, 6, 2, 1, 5, 6, 9, 19, 10, 16, 8, 16, 5, 2, 1, 3, 14, 18, 5, 20, 12, 5, 9, 18, 5, 20, 2, 6, 8, 6, 6, 2, 9, 2, 5, 20, 18, 7, 3, 7, 6, 3, 16, 7, 3, 8, 5, 16, 18, 8, 5, 20, 18, 7, 6, 18, 7, 6, 3, 16, 8, 7, 3, 19, 6, 5, 16, 14, 3, 3, 3, 6, 7, 18, 17, 11, 7, 7, 11, 7, 20, 11, 17, 14, 11, 17, 14, 11, 17, 14, 14, 11, 13, 14, 11, 17, 14, 11, 17, 14, 11, 11, 17]
bestever    1811    in generation 1803
[12, 10, 13, 19, 18, 12, 13, 15, 10, 18, 12, 1, 20, 13, 4, 15, 19, 18, 15, 10, 12, 19, 4, 16, 13, 12, 9, 20, 13, 13, 15, 4, 1, 15, 17, 9, 10, 15, 19, 1, 15, 10, 12, 19, 9, 16, 4, 8, 16, 10, 8, 15, 13, 2, 2, 4, 15, 19, 8, 12, 1, 12, 3, 1, 10, 4, 10, 10, 9, 4, 20, 2, 4, 5, 16, 9, 4, 2, 2, 20, 14, 13, 1, 19, 15, 17, 12, 4, 9, 13, 1, 8, 9, 8, 19, 1, 20, 17, 6, 2, 1, 5, 6, 9, 19, 10, 16, 8, 16, 5, 2, 1, 3, 14, 18, 5, 20, 12, 5, 9, 18, 5, 20, 2, 6, 8, 6, 6, 2, 9, 2, 5, 20, 18, 7, 3, 7, 6, 3, 16, 7, 3, 8, 5, 16, 18, 8, 5, 20, 18, 7, 6, 14, 7, 6, 3, 16, 8, 7, 3, 19, 6, 5, 16, 14, 3, 3, 3, 6, 7, 18, 17, 11, 7, 7, 11, 7, 20, 11, 17, 14, 11, 17, 14, 11, 17, 18, 14, 11, 13, 14, 11, 17, 14, 11, 17, 14, 11, 11, 17]
bestever    1809    in generation 1833
[12, 10, 13, 19, 18, 12, 13, 15, 10, 18, 12, 1, 20, 13, 4, 15, 19, 18, 15, 10, 12, 19, 4, 16, 13, 12, 9, 20, 13, 13, 15, 4, 1, 15, 17, 9, 10, 15, 19, 1, 15, 10, 12, 19, 9, 16, 4, 8, 16, 10, 8, 15, 13, 2, 2, 4, 15, 19, 8, 12, 1, 12, 3, 1, 10, 4, 10, 10, 9, 4, 20, 2, 4, 5, 16, 9, 4, 2, 2, 20, 14, 13, 1, 19, 15, 17, 12, 4, 9, 13, 1, 8, 9, 8, 19, 1, 20, 17, 6, 2, 1, 5, 6, 9, 19, 10, 16, 8, 16, 5, 2, 1, 3, 14, 18, 5, 20, 12, 5, 9, 18, 5, 20, 2, 6, 8, 6, 6, 2, 9, 2, 5, 20, 18, 7, 3, 7, 6, 3, 16, 7, 3, 8, 5, 16, 18, 8, 5, 20, 18, 6, 14, 7, 6, 3, 16, 8, 7, 3, 19, 6, 5, 16, 14, 3, 3, 3, 7, 6, 7, 18, 17, 11, 7, 7, 11, 7, 20, 11, 17, 14, 11, 17, 14, 11, 18, 14, 13, 14, 17, 11, 11, 17, 14, 11, 17, 14, 11, 11, 17]
bestever    1805    in generation 1972
[12, 10, 13, 19, 18, 12, 13, 15, 10, 18, 12, 1, 20, 13, 4, 15, 19, 18, 15, 10, 12, 19, 4, 16, 13, 12, 9, 20, 13, 13, 15, 4, 1, 15, 17, 9, 10, 15, 19, 1, 15, 10, 12, 19, 9, 16, 4, 8, 16, 10, 8, 15, 13, 2, 2, 4, 15, 19, 8, 12, 1, 12, 3, 1, 10, 4, 10, 10, 9, 4, 20, 2, 4, 5, 16, 9, 4, 2, 2, 20, 14, 13, 1, 19, 15, 17, 12, 4, 9, 13, 1, 8, 9, 8, 19, 1, 20, 17, 6, 2, 1, 5, 6, 9, 19, 10, 16, 8, 16, 5, 2, 1, 3, 14, 18, 5, 20, 12, 5, 9, 18, 5, 20, 2, 6, 8, 6, 6, 2, 9, 2, 5, 20, 18, 7, 3, 7, 6, 3, 16, 19, 3, 8, 5, 16, 18, 8, 5, 20, 18, 6, 14, 7, 6, 3, 16, 8, 7, 3, 7, 6, 5, 16, 14, 3, 3, 3, 7, 6, 7, 18, 17, 11, 7, 7, 11, 7, 20, 11, 17, 14, 14, 18, 14, 13, 11, 14, 11, 17, 17, 11, 11, 17, 14, 11, 17, 14, 11, 11, 17]
bestever    1802    in generation 2089
[12, 13, 10, 13, 19, 18, 12, 13, 15, 10, 18, 12, 1, 20, 13, 4, 15, 19, 18, 15, 10, 12, 19, 4, 16, 13, 12, 9, 20, 13, 13, 15, 4, 1, 15, 17, 9, 10, 15, 19, 1, 15, 10, 12, 19, 9, 16, 4, 8, 16, 10, 8, 15, 13, 2, 2, 4, 15, 19, 8, 12, 1, 12, 3, 1, 10, 4, 10, 10, 9, 4, 20, 2, 4, 5, 16, 9, 4, 2, 2, 20, 14, 1, 19, 15, 17, 12, 4, 9, 13, 1, 8, 9, 8, 19, 1, 20, 17, 6, 2, 1, 5, 6, 9, 19, 10, 16, 8, 16, 5, 2, 1, 3, 14, 18, 5, 20, 12, 5, 9, 18, 5, 20, 2, 6, 8, 6, 6, 2, 9, 2, 5, 20, 18, 7, 3, 7, 6, 3, 16, 19, 3, 8, 5, 16, 18, 8, 5, 20, 18, 6, 14, 7, 6, 3, 16, 8, 7, 3, 7, 6, 5, 16, 14, 3, 3, 3, 7, 6, 7, 18, 11, 7, 7, 11, 7, 20, 14, 14, 18, 13, 14, 11, 17, 17, 11, 11, 17, 17, 11, 11, 14, 17, 14, 11, 17, 14, 11, 11, 17]
bestever    1799    in generation 2093
[12, 13, 10, 13, 19, 18, 12, 13, 15, 10, 18, 12, 1, 20, 13, 4, 15, 19, 18, 15, 10, 12, 19, 4, 16, 13, 12, 9, 20, 13, 13, 15, 4, 1, 15, 17, 9, 10, 15, 19, 1, 15, 10, 12, 16, 9, 16, 4, 8, 16, 10, 8, 15, 13, 2, 2, 4, 15, 19, 8, 12, 1, 12, 3, 1, 10, 4, 10, 10, 9, 4, 20, 2, 4, 5, 19, 9, 4, 2, 2, 20, 14, 1, 19, 15, 17, 12, 4, 9, 13, 1, 8, 9, 8, 19, 1, 20, 17, 6, 2, 1, 5, 6, 9, 19, 10, 16, 8, 16, 5, 2, 1, 3, 14, 18, 5, 20, 12, 5, 9, 18, 5, 20, 2, 6, 8, 6, 6, 2, 9, 2, 5, 20, 18, 7, 3, 7, 6, 3, 16, 19, 3, 8, 5, 16, 18, 8, 5, 20, 18, 6, 14, 7, 6, 3, 16, 8, 7, 3, 7, 6, 5, 16, 14, 3, 3, 3, 7, 6, 7, 18, 11, 7, 7, 11, 7, 20, 14, 14, 18, 13, 14, 11, 17, 17, 11, 11, 17, 17, 11, 11, 14, 17, 14, 11, 17, 14, 11, 11, 17]
bestever    1798    in generation 2103
[12, 13, 10, 13, 19, 18, 12, 13, 15, 10, 18, 12, 1, 20, 13, 4, 15, 19, 18, 15, 10, 12, 19, 4, 16, 13, 12, 9, 20, 13, 13, 15, 4, 1, 15, 17, 9, 10, 15, 19, 1, 15, 10, 12, 16, 9, 16, 4, 8, 16, 10, 8, 15, 13, 2, 2, 4, 15, 19, 8, 12, 1, 12, 3, 1, 10, 4, 10, 10, 9, 4, 20, 2, 4, 5, 19, 9, 4, 2, 2, 20, 14, 1, 19, 15, 17, 12, 4, 9, 13, 1, 8, 9, 8, 19, 1, 20, 17, 6, 2, 1, 5, 6, 9, 19, 10, 16, 8, 16, 5, 2, 1, 3, 14, 18, 5, 20, 12, 5, 9, 18, 5, 20, 2, 6, 8, 6, 6, 2, 9, 2, 5, 20, 18, 7, 3, 7, 6, 3, 16, 19, 3, 8, 5, 16, 18, 8, 5, 20, 18, 6, 14, 7, 6, 3, 16, 8, 7, 3, 7, 6, 5, 16, 14, 3, 3, 3, 7, 6, 7, 18, 11, 7, 7, 11, 7, 20, 14, 14, 18, 13, 14, 11, 17, 17, 11, 11, 17, 17, 11, 11, 14, 14, 14, 17, 11, 17, 17, 11, 11]
bestever    1784    in generation 2498
[12, 13, 10, 13, 19, 18, 12, 13, 15, 10, 18, 12, 1, 20, 13, 4, 15, 18, 18, 15, 10, 12, 19, 4, 16, 13, 12, 9, 13, 13, 12, 15, 4, 1, 12, 17, 9, 10, 15, 19, 1, 15, 10, 12, 16, 9, 4, 8, 16, 10, 8, 15, 13, 2, 2, 4, 15, 19, 8, 15, 1, 12, 3, 1, 10, 4, 10, 10, 9, 4, 20, 8, 4, 5, 19, 9, 4, 2, 2, 20, 14, 1, 19, 15, 17, 12, 4, 9, 13, 1, 2, 9, 8, 19, 1, 20, 17, 6, 2, 1, 5, 6, 9, 19, 10, 16, 8, 16, 5, 2, 1, 3, 14, 18, 5, 20, 5, 20, 16, 9, 19, 5, 20, 2, 6, 8, 6, 6, 2, 9, 2, 5, 20, 18, 7, 3, 7, 7, 6, 3, 16, 19, 3, 8, 5, 16, 18, 8, 5, 20, 18, 6, 14, 7, 6, 3, 16, 8, 7, 3, 7, 6, 5, 16, 14, 3, 3, 3, 7, 6, 7, 18, 11, 7, 11, 7, 20, 14, 14, 18, 13, 14, 17, 11, 11, 17, 11, 17, 17, 11, 11, 14, 14, 14, 17, 11, 17, 17, 11, 11]
bestever    1760    in generation 2590
[12, 13, 10, 13, 19, 18, 12, 13, 15, 10, 18, 12, 1, 20, 13, 4, 15, 18, 18, 15, 10, 12, 19, 4, 16, 13, 12, 9, 13, 13, 12, 15, 4, 1, 12, 17, 9, 10, 15, 19, 1, 15, 10, 12, 16, 9, 4, 8, 16, 10, 8, 15, 13, 2, 2, 4, 15, 19, 8, 15, 1, 12, 3, 1, 10, 4, 10, 10, 9, 4, 20, 8, 4, 5, 19, 9, 4, 2, 2, 20, 14, 1, 19, 15, 12, 4, 9, 13, 1, 2, 9, 8, 19, 1, 20, 6, 2, 1, 5, 6, 9, 19, 10, 16, 8, 16, 5, 2, 1, 3, 14, 18, 5, 20, 5, 20, 16, 9, 19, 5, 20, 2, 6, 8, 6, 6, 2, 9, 2, 5, 20, 18, 7, 3, 7, 7, 6, 3, 16, 19, 3, 8, 5, 16, 18, 8, 5, 20, 18, 6, 14, 7, 3, 16, 8, 7, 3, 7, 6, 6, 5, 16, 14, 3, 3, 3, 7, 6, 7, 18, 7, 7, 20, 14, 14, 18, 13, 17, 11, 17, 17, 11, 11, 14, 11, 17, 11, 17, 17, 11, 11, 14, 14, 14, 17, 11, 17, 17, 11, 11]
bestever    1753    in generation 2626
[12, 13, 10, 13, 19, 18, 12, 13, 15, 10, 18, 12, 1, 20, 13, 4, 15, 18, 18, 15, 10, 12, 19, 4, 16, 13, 12, 9, 13, 13, 12, 15, 4, 1, 12, 17, 9, 10, 15, 19, 1, 15, 10, 12, 16, 9, 4, 8, 16, 10, 8, 15, 13, 2, 2, 4, 15, 19, 8, 15, 1, 12, 3, 1, 10, 4, 10, 10, 9, 4, 20, 8, 4, 5, 19, 9, 4, 2, 2, 20, 1, 19, 15, 12, 4, 9, 13, 1, 2, 9, 8, 19, 1, 20, 6, 2, 1, 5, 6, 9, 19, 10, 16, 8, 16, 5, 2, 1, 3, 18, 5, 20, 5, 20, 16, 9, 19, 5, 20, 2, 6, 8, 6, 6, 2, 9, 2, 5, 20, 18, 7, 3, 7, 7, 6, 3, 16, 19, 3, 8, 5, 16, 18, 8, 5, 20, 18, 6, 14, 7, 3, 16, 8, 7, 3, 7, 6, 6, 5, 16, 14, 3, 3, 3, 7, 14, 14, 6, 7, 18, 7, 7, 20, 14, 14, 18, 13, 17, 11, 17, 17, 11, 11, 14, 11, 17, 11, 17, 17, 11, 11, 14, 14, 14, 17, 11, 17, 17, 11, 11]
bestever    1751    in generation 2642
[12, 13, 10, 13, 19, 18, 12, 13, 15, 10, 18, 12, 1, 20, 13, 4, 15, 18, 18, 15, 10, 12, 19, 4, 16, 13, 12, 9, 13, 13, 12, 15, 4, 1, 12, 17, 9, 10, 15, 19, 1, 15, 10, 12, 16, 9, 4, 8, 16, 10, 8, 15, 13, 2, 2, 4, 15, 19, 8, 15, 1, 12, 3, 1, 10, 4, 10, 10, 9, 4, 20, 8, 4, 5, 19, 9, 4, 2, 2, 20, 1, 19, 15, 12, 4, 9, 1, 2, 9, 8, 19, 1, 20, 6, 2, 1, 5, 6, 9, 19, 10, 16, 8, 16, 5, 2, 1, 3, 18, 5, 20, 5, 20, 16, 9, 19, 5, 20, 2, 6, 8, 6, 6, 2, 9, 2, 5, 20, 13, 18, 7, 3, 7, 7, 6, 3, 16, 19, 3, 8, 5, 16, 18, 8, 5, 20, 18, 6, 14, 7, 3, 16, 8, 7, 3, 7, 6, 6, 5, 16, 14, 3, 3, 3, 7, 14, 14, 6, 7, 18, 7, 7, 20, 14, 14, 18, 13, 17, 11, 17, 17, 11, 11, 14, 11, 17, 11, 17, 17, 11, 11, 14, 14, 14, 17, 11, 17, 17, 11, 11]
bestever    1749    in generation 2647
[12, 13, 10, 13, 19, 18, 12, 13, 15, 10, 18, 12, 1, 20, 13, 4, 15, 18, 18, 15, 10, 12, 19, 4, 16, 13, 12, 9, 13, 13, 12, 15, 4, 1, 12, 17, 9, 10, 15, 19, 1, 15, 20, 12, 16, 9, 4, 8, 16, 10, 8, 15, 13, 2, 2, 4, 15, 19, 8, 15, 1, 12, 3, 1, 10, 4, 10, 10, 9, 4, 10, 8, 4, 5, 19, 9, 4, 2, 2, 20, 1, 19, 15, 12, 4, 9, 1, 2, 9, 8, 19, 1, 20, 6, 2, 1, 5, 6, 9, 19, 10, 16, 8, 16, 5, 2, 1, 3, 18, 5, 20, 5, 20, 16, 9, 19, 5, 20, 2, 6, 8, 6, 6, 2, 9, 2, 5, 20, 13, 18, 7, 3, 7, 7, 6, 3, 16, 19, 3, 8, 5, 16, 18, 8, 5, 20, 18, 6, 14, 7, 3, 16, 8, 7, 3, 7, 6, 6, 5, 16, 14, 3, 3, 3, 7, 14, 14, 6, 7, 18, 7, 7, 20, 14, 14, 18, 13, 17, 11, 17, 17, 11, 11, 14, 11, 17, 11, 17, 17, 11, 11, 14, 14, 14, 17, 11, 17, 17, 11, 11]
bestever    1737    in generation 2983
[12, 13, 10, 13, 19, 18, 12, 13, 15, 10, 18, 12, 1, 20, 13, 4, 15, 18, 18, 15, 10, 12, 19, 4, 16, 13, 12, 9, 13, 13, 12, 15, 4, 1, 12, 9, 10, 15, 19, 1, 15, 20, 12, 16, 9, 4, 8, 16, 10, 8, 15, 13, 2, 2, 4, 15, 19, 8, 15, 1, 12, 3, 1, 10, 4, 10, 10, 9, 4, 10, 8, 4, 5, 19, 9, 4, 2, 2, 20, 1, 19, 15, 12, 4, 9, 1, 2, 9, 8, 19, 1, 20, 6, 2, 1, 5, 6, 9, 19, 10, 16, 8, 16, 5, 2, 1, 3, 18, 5, 20, 5, 20, 16, 9, 19, 5, 20, 2, 6, 8, 6, 6, 2, 9, 2, 5, 20, 13, 18, 7, 3, 7, 6, 3, 16, 19, 3, 8, 5, 16, 18, 8, 5, 20, 18, 14, 7, 3, 6, 7, 16, 8, 7, 3, 6, 6, 5, 16, 14, 3, 3, 3, 7, 14, 14, 14, 14, 7, 6, 7, 18, 7, 7, 20, 14, 14, 18, 13, 11, 11, 11, 17, 17, 17, 11, 11, 14, 11, 17, 11, 17, 11, 11, 14, 17, 11, 17, 17, 17, 17]
bestever    1722    in generation 3030
[12, 13, 10, 13, 19, 18, 12, 13, 15, 10, 18, 12, 1, 20, 13, 4, 15, 18, 18, 15, 10, 12, 19, 4, 16, 13, 12, 9, 13, 13, 12, 15, 4, 1, 12, 9, 10, 15, 19, 1, 15, 20, 12, 16, 9, 4, 8, 16, 10, 8, 15, 13, 2, 2, 4, 15, 19, 8, 15, 1, 12, 3, 1, 10, 4, 10, 10, 9, 4, 10, 8, 4, 5, 13, 9, 4, 2, 2, 20, 1, 19, 15, 12, 4, 9, 1, 2, 9, 8, 19, 1, 20, 6, 2, 1, 5, 6, 9, 19, 10, 16, 8, 16, 5, 2, 1, 3, 18, 5, 20, 5, 20, 16, 9, 19, 5, 20, 2, 6, 8, 6, 6, 2, 9, 2, 5, 20, 19, 18, 7, 3, 7, 6, 3, 16, 19, 3, 8, 5, 16, 18, 8, 5, 20, 18, 14, 7, 3, 6, 7, 16, 8, 7, 3, 6, 6, 5, 16, 14, 3, 3, 3, 7, 14, 14, 14, 14, 7, 6, 7, 18, 7, 7, 20, 14, 14, 18, 13, 11, 11, 11, 17, 17, 17, 11, 11, 14, 11, 17, 11, 17, 11, 11, 14, 17, 11, 17, 17, 17, 17]
bestever    1718    in generation 3077
[12, 13, 10, 13, 19, 18, 12, 13, 15, 10, 18, 12, 1, 20, 13, 4, 13, 18, 18, 15, 10, 12, 19, 4, 16, 15, 12, 9, 13, 13, 12, 15, 4, 1, 12, 9, 10, 15, 19, 1, 15, 20, 12, 16, 9, 4, 8, 16, 10, 8, 15, 13, 2, 2, 4, 15, 19, 8, 15, 1, 12, 3, 1, 10, 4, 10, 10, 9, 4, 10, 8, 4, 5, 13, 9, 4, 2, 2, 20, 1, 19, 15, 12, 4, 9, 1, 2, 9, 8, 19, 1, 20, 6, 2, 1, 5, 6, 9, 19, 10, 16, 8, 16, 5, 2, 1, 3, 18, 5, 20, 5, 20, 16, 9, 19, 5, 20, 2, 6, 8, 6, 6, 2, 9, 2, 5, 20, 19, 18, 7, 3, 7, 6, 3, 16, 19, 3, 8, 5, 16, 18, 8, 5, 20, 18, 14, 7, 3, 6, 7, 16, 8, 7, 3, 6, 6, 5, 16, 14, 3, 3, 3, 7, 14, 14, 14, 14, 7, 6, 7, 18, 7, 7, 20, 14, 14, 18, 13, 11, 11, 11, 17, 17, 17, 11, 11, 14, 11, 17, 11, 17, 11, 11, 14, 17, 11, 17, 17, 17, 17]
bestever    1716    in generation 3162
[12, 13, 10, 13, 19, 18, 12, 13, 15, 10, 18, 12, 1, 20, 13, 4, 13, 18, 18, 15, 10, 12, 19, 4, 16, 15, 12, 9, 13, 13, 12, 15, 4, 1, 12, 9, 10, 15, 19, 1, 15, 20, 12, 16, 9, 4, 8, 16, 10, 8, 15, 13, 2, 2, 4, 15, 19, 8, 15, 1, 12, 3, 1, 10, 4, 10, 10, 9, 4, 10, 8, 4, 5, 13, 9, 4, 2, 2, 20, 1, 19, 15, 12, 4, 9, 1, 2, 9, 8, 19, 1, 20, 6, 2, 1, 5, 6, 9, 19, 10, 16, 8, 16, 5, 2, 1, 3, 18, 7, 20, 5, 20, 16, 9, 19, 5, 20, 2, 6, 8, 6, 6, 2, 9, 2, 5, 20, 19, 18, 7, 3, 7, 6, 3, 16, 19, 3, 8, 5, 16, 18, 8, 5, 20, 18, 14, 5, 3, 6, 7, 16, 8, 7, 3, 6, 6, 5, 16, 14, 3, 3, 3, 7, 14, 14, 14, 14, 7, 6, 7, 18, 7, 7, 20, 14, 14, 18, 13, 11, 11, 11, 17, 17, 17, 11, 11, 14, 11, 17, 11, 17, 11, 11, 14, 17, 11, 17, 17, 17, 17]
bestever    1715    in generation 3170
[12, 13, 10, 13, 19, 18, 12, 13, 15, 10, 18, 12, 1, 20, 13, 4, 13, 18, 18, 15, 10, 12, 19, 4, 16, 15, 12, 9, 13, 13, 12, 15, 4, 1, 12, 9, 10, 15, 19, 1, 15, 20, 12, 16, 9, 4, 8, 16, 10, 8, 15, 13, 2, 2, 4, 15, 19, 20, 15, 1, 12, 3, 1, 10, 4, 10, 10, 9, 4, 10, 8, 4, 5, 13, 9, 4, 2, 2, 20, 1, 19, 15, 12, 4, 9, 1, 2, 9, 8, 19, 1, 20, 6, 2, 1, 5, 6, 9, 19, 10, 16, 8, 16, 5, 2, 1, 3, 18, 7, 20, 5, 20, 16, 9, 19, 5, 8, 2, 6, 8, 6, 6, 2, 9, 2, 5, 20, 19, 18, 7, 3, 7, 6, 3, 16, 19, 3, 8, 5, 16, 18, 8, 5, 20, 18, 14, 5, 3, 6, 7, 16, 8, 7, 3, 6, 6, 5, 16, 14, 3, 3, 3, 7, 14, 14, 14, 14, 7, 6, 7, 18, 7, 7, 20, 14, 14, 18, 13, 11, 11, 11, 17, 17, 17, 11, 11, 14, 11, 17, 11, 17, 11, 11, 14, 17, 11, 17, 17, 17, 17]
bestever    1713    in generation 3228
[12, 13, 10, 13, 19, 18, 12, 13, 15, 10, 18, 12, 1, 20, 13, 4, 13, 18, 18, 15, 10, 12, 19, 4, 16, 15, 12, 9, 13, 13, 12, 10, 4, 1, 12, 9, 10, 15, 19, 1, 15, 20, 12, 16, 9, 4, 8, 16, 10, 8, 15, 13, 2, 2, 4, 15, 19, 20, 15, 1, 12, 3, 1, 15, 4, 10, 10, 9, 4, 10, 8, 4, 5, 13, 9, 4, 2, 2, 20, 1, 19, 15, 12, 4, 9, 1, 2, 9, 8, 19, 1, 20, 6, 2, 1, 5, 6, 9, 19, 10, 16, 8, 16, 5, 2, 1, 3, 18, 7, 20, 5, 20, 16, 9, 19, 5, 8, 2, 6, 8, 6, 6, 2, 9, 2, 5, 20, 19, 18, 7, 3, 7, 6, 3, 16, 19, 3, 8, 5, 16, 18, 8, 5, 20, 18, 14, 5, 3, 6, 7, 16, 8, 7, 3, 6, 6, 5, 16, 14, 3, 3, 3, 7, 14, 14, 14, 14, 7, 6, 7, 18, 7, 7, 20, 14, 14, 18, 13, 11, 11, 11, 17, 17, 17, 11, 11, 14, 11, 17, 11, 17, 11, 11, 14, 17, 11, 17, 17, 17, 17]
bestever    1708    in generation 3278
[12, 13, 10, 13, 19, 18, 12, 13, 15, 10, 18, 12, 1, 20, 13, 4, 13, 18, 18, 15, 10, 12, 19, 4, 16, 15, 12, 9, 13, 13, 12, 10, 4, 1, 12, 9, 10, 15, 19, 1, 15, 20, 12, 16, 9, 4, 8, 16, 10, 8, 15, 13, 2, 4, 15, 19, 20, 15, 1, 12, 3, 1, 15, 4, 10, 10, 9, 4, 10, 8, 4, 5, 13, 9, 4, 2, 2, 20, 1, 19, 15, 9, 4, 9, 2, 12, 8, 19, 1, 20, 6, 2, 1, 2, 1, 5, 6, 9, 19, 10, 16, 8, 16, 5, 2, 1, 3, 18, 7, 20, 5, 20, 16, 9, 19, 5, 8, 2, 6, 8, 6, 6, 2, 9, 2, 5, 20, 19, 18, 7, 3, 7, 6, 3, 16, 19, 3, 8, 5, 16, 18, 8, 5, 20, 18, 14, 5, 3, 6, 7, 16, 8, 7, 3, 6, 6, 5, 16, 14, 3, 3, 3, 7, 14, 14, 14, 14, 7, 6, 7, 18, 7, 7, 20, 14, 14, 18, 13, 11, 11, 11, 17, 17, 17, 11, 11, 14, 11, 17, 11, 17, 11, 11, 14, 17, 11, 17, 17, 17, 17]
bestever    1702    in generation 3301
[19, 13, 10, 13, 12, 18, 12, 13, 15, 10, 18, 12, 1, 20, 13, 4, 13, 18, 18, 15, 10, 12, 19, 4, 16, 15, 12, 9, 13, 13, 12, 10, 4, 1, 12, 9, 10, 15, 19, 1, 15, 20, 12, 16, 9, 4, 8, 16, 10, 8, 15, 13, 2, 4, 15, 19, 20, 15, 1, 12, 3, 1, 15, 4, 10, 10, 9, 4, 10, 8, 4, 5, 13, 9, 4, 2, 2, 20, 1, 19, 15, 9, 4, 9, 2, 12, 8, 19, 1, 20, 6, 2, 1, 2, 1, 5, 6, 9, 19, 10, 16, 8, 16, 5, 2, 1, 3, 18, 7, 20, 5, 20, 16, 9, 19, 5, 8, 2, 6, 8, 6, 6, 2, 9, 2, 5, 20, 19, 18, 7, 3, 7, 6, 3, 16, 19, 3, 8, 5, 16, 18, 8, 5, 20, 18, 14, 5, 3, 6, 7, 16, 8, 7, 3, 6, 6, 5, 16, 14, 3, 3, 3, 7, 14, 14, 14, 14, 7, 6, 7, 18, 7, 7, 20, 14, 14, 18, 13, 11, 11, 11, 17, 17, 17, 11, 11, 14, 11, 17, 11, 17, 11, 11, 14, 17, 11, 17, 17, 17, 17]
bestever    1689    in generation 3686
[19, 13, 10, 13, 12, 18, 12, 13, 15, 10, 18, 12, 1, 20, 13, 4, 13, 18, 18, 15, 10, 12, 19, 4, 16, 15, 12, 9, 13, 13, 12, 10, 4, 1, 12, 9, 10, 15, 19, 1, 15, 20, 16, 12, 9, 4, 8, 16, 10, 8, 15, 13, 2, 4, 15, 19, 20, 15, 1, 12, 3, 1, 15, 4, 10, 10, 9, 4, 10, 8, 4, 5, 13, 9, 4, 2, 2, 20, 1, 19, 15, 9, 4, 9, 2, 12, 8, 19, 1, 20, 6, 2, 1, 2, 1, 5, 6, 9, 19, 10, 16, 8, 16, 5, 2, 1, 18, 7, 20, 5, 20, 16, 9, 19, 5, 8, 2, 6, 8, 6, 6, 2, 9, 2, 5, 20, 19, 18, 7, 3, 7, 6, 20, 16, 19, 3, 8, 5, 16, 18, 8, 5, 20, 18, 5, 3, 7, 3, 6, 16, 8, 3, 6, 18, 5, 16, 3, 3, 3, 14, 14, 14, 14, 7, 7, 14, 14, 7, 6, 7, 18, 7, 7, 3, 14, 14, 6, 13, 11, 11, 11, 17, 17, 11, 11, 14, 11, 11, 11, 11, 14, 17, 11, 17, 17, 17, 17, 17, 17, 17]
bestever    1688    in generation 3865
[19, 13, 10, 13, 12, 18, 12, 13, 15, 10, 18, 12, 1, 20, 13, 4, 13, 18, 18, 15, 10, 12, 19, 4, 16, 15, 12, 9, 13, 13, 12, 10, 4, 1, 12, 9, 10, 15, 19, 1, 15, 20, 16, 12, 9, 4, 8, 16, 10, 8, 15, 13, 2, 4, 15, 19, 20, 15, 1, 12, 3, 1, 15, 4, 5, 13, 9, 4, 2, 2, 20, 1, 9, 19, 15, 9, 4, 10, 10, 9, 4, 10, 8, 4, 9, 2, 12, 8, 19, 1, 20, 6, 2, 1, 2, 1, 5, 6, 19, 10, 16, 8, 16, 5, 2, 1, 18, 7, 20, 5, 20, 16, 9, 19, 5, 8, 2, 6, 8, 6, 6, 2, 9, 2, 5, 3, 19, 18, 7, 3, 7, 6, 20, 16, 19, 3, 8, 5, 16, 18, 8, 5, 20, 18, 5, 3, 7, 3, 6, 16, 8, 3, 6, 18, 5, 16, 20, 3, 3, 14, 14, 11, 14, 14, 7, 7, 14, 14, 7, 6, 7, 18, 7, 7, 3, 14, 14, 6, 13, 11, 11, 17, 17, 11, 11, 14, 11, 11, 11, 11, 14, 17, 11, 17, 17, 17, 17, 17, 17, 17]
bestever    1676    in generation 3966
[19, 13, 10, 13, 12, 18, 12, 13, 15, 10, 18, 12, 1, 20, 13, 4, 13, 13, 18, 15, 10, 12, 19, 4, 16, 15, 12, 9, 13, 13, 12, 10, 4, 1, 12, 9, 10, 15, 19, 1, 15, 20, 16, 12, 9, 4, 8, 16, 10, 8, 15, 13, 2, 4, 15, 19, 20, 15, 1, 12, 3, 1, 15, 4, 5, 18, 9, 4, 2, 2, 20, 1, 9, 19, 15, 9, 4, 10, 10, 9, 4, 10, 8, 4, 9, 2, 12, 8, 19, 1, 20, 6, 2, 1, 2, 1, 5, 6, 19, 10, 16, 8, 16, 5, 2, 1, 18, 7, 20, 5, 20, 16, 9, 19, 5, 8, 2, 6, 8, 6, 6, 2, 9, 2, 5, 3, 19, 18, 7, 3, 7, 6, 20, 16, 19, 3, 8, 5, 16, 18, 8, 5, 20, 18, 5, 3, 7, 3, 6, 16, 8, 3, 6, 18, 5, 16, 20, 3, 3, 14, 14, 11, 14, 14, 7, 7, 14, 14, 7, 6, 7, 18, 7, 7, 3, 14, 14, 6, 13, 11, 11, 17, 17, 11, 11, 14, 11, 11, 11, 11, 14, 17, 11, 17, 17, 17, 17, 17, 17, 17]
bestever    1674    in generation 4198
[19, 13, 10, 13, 12, 18, 12, 13, 15, 10, 18, 12, 1, 20, 13, 4, 13, 13, 18, 15, 10, 12, 19, 4, 16, 15, 12, 9, 13, 13, 12, 10, 4, 1, 12, 9, 10, 15, 12, 19, 1, 15, 20, 16, 12, 9, 4, 8, 16, 10, 8, 15, 13, 2, 4, 15, 19, 20, 15, 1, 12, 3, 1, 15, 4, 5, 18, 9, 4, 2, 2, 20, 1, 9, 19, 15, 9, 4, 10, 10, 13, 9, 4, 10, 8, 4, 9, 2, 8, 19, 1, 20, 6, 2, 1, 2, 1, 5, 6, 19, 10, 16, 8, 16, 5, 2, 1, 18, 7, 20, 5, 20, 16, 9, 19, 5, 8, 2, 6, 8, 6, 6, 2, 9, 2, 5, 3, 19, 18, 7, 3, 7, 6, 20, 16, 19, 3, 8, 5, 16, 18, 8, 5, 20, 18, 5, 3, 7, 3, 6, 16, 8, 3, 6, 18, 5, 16, 20, 3, 3, 11, 14, 14, 14, 14, 7, 7, 14, 14, 11, 7, 6, 7, 18, 7, 7, 3, 14, 14, 6, 11, 17, 17, 17, 11, 14, 11, 11, 11, 11, 14, 17, 11, 17, 17, 17, 17, 17, 11, 17]
bestever    1673    in generation 4375
[19, 13, 10, 13, 12, 18, 12, 13, 15, 10, 18, 12, 1, 20, 13, 4, 13, 13, 18, 15, 10, 12, 19, 2, 4, 16, 15, 12, 9, 13, 13, 12, 10, 4, 1, 12, 9, 10, 15, 12, 19, 1, 15, 20, 16, 2, 9, 4, 8, 16, 10, 8, 15, 13, 2, 4, 15, 19, 20, 15, 1, 12, 3, 1, 15, 4, 5, 18, 9, 4, 2, 12, 20, 1, 9, 19, 15, 9, 4, 10, 10, 9, 4, 10, 8, 4, 9, 2, 8, 19, 1, 20, 6, 1, 2, 1, 5, 6, 19, 10, 13, 16, 8, 16, 5, 2, 1, 18, 7, 20, 5, 20, 16, 9, 19, 5, 8, 2, 6, 8, 6, 6, 2, 9, 2, 5, 3, 19, 18, 7, 3, 7, 6, 20, 16, 19, 3, 8, 5, 16, 18, 8, 5, 20, 18, 5, 3, 7, 3, 6, 16, 8, 3, 6, 18, 5, 16, 20, 3, 3, 11, 14, 14, 14, 14, 7, 7, 14, 14, 11, 7, 6, 7, 18, 7, 7, 3, 14, 14, 6, 11, 17, 17, 17, 11, 14, 11, 11, 11, 11, 14, 17, 11, 17, 17, 17, 17, 17, 11, 17]
bestever    1658    in generation 4555
[19, 13, 10, 13, 12, 18, 12, 13, 15, 10, 18, 12, 1, 20, 13, 4, 13, 13, 18, 15, 10, 12, 19, 2, 4, 16, 15, 12, 9, 13, 13, 12, 10, 4, 1, 12, 9, 10, 15, 12, 19, 1, 15, 20, 16, 2, 9, 4, 8, 16, 10, 8, 15, 13, 2, 4, 15, 19, 20, 15, 1, 12, 3, 1, 15, 4, 5, 18, 9, 4, 2, 12, 20, 1, 9, 19, 15, 9, 4, 10, 10, 5, 4, 10, 8, 4, 9, 2, 8, 19, 1, 20, 6, 1, 2, 1, 9, 6, 19, 10, 13, 16, 8, 16, 5, 2, 1, 18, 7, 20, 5, 20, 16, 9, 19, 5, 8, 2, 6, 8, 6, 6, 2, 9, 2, 5, 3, 19, 18, 7, 3, 7, 20, 16, 19, 8, 5, 16, 18, 8, 5, 20, 5, 3, 7, 3, 6, 16, 3, 6, 18, 8, 3, 6, 18, 5, 16, 20, 3, 3, 11, 14, 14, 14, 14, 7, 7, 14, 14, 11, 7, 6, 7, 18, 7, 7, 3, 14, 14, 6, 11, 17, 11, 17, 11, 14, 11, 11, 11, 11, 14, 17, 11, 17, 17, 17, 17, 17, 17, 17]
bestever    1654    in generation 4636
[19, 13, 10, 13, 12, 18, 12, 13, 15, 10, 18, 12, 1, 20, 13, 4, 13, 13, 18, 15, 10, 12, 19, 2, 4, 16, 15, 12, 9, 13, 13, 12, 10, 4, 1, 12, 9, 10, 15, 12, 19, 1, 15, 20, 16, 2, 9, 4, 8, 16, 10, 8, 15, 13, 2, 4, 15, 19, 20, 15, 1, 12, 3, 1, 15, 4, 5, 18, 9, 4, 2, 12, 20, 1, 9, 19, 15, 9, 4, 10, 10, 5, 4, 1, 8, 4, 9, 2, 8, 19, 1, 20, 6, 10, 2, 1, 9, 6, 19, 10, 13, 16, 8, 16, 5, 2, 1, 18, 7, 20, 5, 20, 16, 9, 19, 5, 8, 2, 6, 8, 6, 6, 2, 9, 2, 5, 3, 19, 18, 7, 3, 7, 20, 16, 19, 8, 5, 16, 18, 8, 5, 20, 5, 3, 7, 3, 11, 16, 3, 6, 18, 8, 3, 6, 18, 5, 16, 20, 3, 3, 11, 14, 14, 14, 14, 7, 7, 14, 14, 11, 7, 6, 7, 18, 7, 7, 3, 14, 14, 6, 11, 17, 11, 17, 11, 14, 6, 11, 11, 11, 14, 17, 11, 17, 17, 17, 17, 17, 17, 17]
bestever    1647    in generation 4850
[19, 13, 10, 13, 12, 18, 12, 13, 15, 10, 13, 4, 13, 18, 12, 1, 20, 13, 18, 15, 10, 12, 19, 2, 4, 16, 15, 12, 9, 13, 13, 12, 10, 4, 1, 12, 9, 10, 15, 12, 19, 1, 15, 20, 16, 2, 9, 4, 8, 16, 10, 8, 15, 13, 2, 4, 15, 19, 20, 15, 1, 12, 3, 1, 15, 4, 5, 18, 9, 4, 2, 12, 20, 1, 9, 19, 15, 9, 4, 10, 10, 5, 4, 1, 8, 4, 9, 2, 8, 19, 1, 20, 6, 10, 2, 1, 9, 6, 19, 10, 13, 16, 8, 16, 5, 2, 1, 18, 7, 20, 5, 20, 16, 9, 19, 5, 8, 2, 6, 8, 6, 6, 2, 9, 2, 5, 3, 19, 18, 7, 3, 7, 20, 16, 19, 8, 5, 16, 18, 8, 5, 20, 5, 3, 7, 3, 11, 16, 3, 6, 18, 8, 3, 6, 18, 5, 16, 20, 3, 3, 11, 14, 14, 14, 14, 7, 7, 14, 14, 11, 7, 6, 7, 18, 7, 7, 3, 14, 14, 6, 11, 17, 11, 17, 11, 14, 6, 11, 11, 11, 14, 17, 11, 17, 17, 17, 17, 17, 17, 17]
