bestever    3266    in generation 0
[20, 19, 3, 4, 13, 5, 20, 20, 20, 19, 11, 20, 2, 13, 5, 10, 14, 12, 12, 17, 11, 15, 10, 13, 13, 19, 13, 13, 5, 14, 20, 15, 11, 16, 18, 17, 5, 6, 19, 9, 4, 10, 2, 9, 12, 16, 2, 1, 14, 17, 18, 11, 5, 15, 12, 7, 16, 3, 3, 14, 3, 14, 9, 3, 14, 7, 7, 17, 18, 19, 16, 1, 18, 18, 16, 4, 9, 17, 7, 20, 10, 6, 17, 4, 17, 1, 6, 14, 8, 2, 16, 3, 13, 20, 7, 5, 15, 6, 8, 18, 7, 16, 13, 10, 2, 13, 8, 8, 11, 10, 15, 12, 10, 14, 19, 15, 17, 15, 2, 11, 4, 7, 1, 7, 2, 14, 18, 18, 1, 8, 11, 19, 16, 2, 11, 7, 12, 1, 20, 8, 9, 12, 5, 12, 18, 11, 9, 8, 5, 12, 8, 9, 6, 13, 4, 4, 14, 9, 1, 5, 10, 6, 7, 1, 19, 3, 16, 6, 17, 4, 17, 3, 3, 8, 5, 20, 2, 18, 3, 12, 6, 8, 9, 6, 10, 4, 15, 11, 1, 10, 2, 19, 9, 15, 19, 6, 15, 16, 4, 1]
bestever    3120    in generation 1
[3, 1, 19, 4, 3, 6, 14, 20, 12, 5, 14, 1, 2, 7, 12, 10, 6, 10, 11, 12, 16, 1, 2, 2, 9, 12, 10, 1, 16, 5, 8, 9, 7, 18, 8, 5, 19, 14, 1, 2, 11, 10, 10, 16, 14, 5, 10, 20, 5, 8, 3, 13, 4, 5, 3, 18, 15, 2, 7, 9, 3, 7, 18, 7, 2, 17, 13, 10, 17, 18, 2, 6, 6, 14, 14, 10, 11, 5, 6, 15, 12, 9, 1, 3, 16, 18, 10, 16, 6, 9, 16, 19, 20, 16, 20, 17, 3, 12, 2, 3, 17, 18, 18, 5, 13, 10, 9, 3, 7, 11, 15, 17, 2, 8, 20, 19, 13, 13, 4, 1, 15, 14, 15, 15, 7, 16, 6, 16, 8, 12, 7, 9, 11, 9, 19, 4, 13, 6, 4, 15, 8, 14, 11, 19, 9, 1, 8, 17, 20, 17, 11, 8, 17, 13, 14, 3, 20, 8, 9, 4, 19, 18, 15, 19, 4, 6, 20, 12, 6, 18, 5, 4, 8, 5, 11, 7, 17, 7, 17, 13, 15, 15, 19, 12, 18, 20, 16, 4, 12, 19, 20, 14, 13, 1, 13, 4, 11, 2, 11, 1]
bestever    2926    in generation 3
[3, 1, 19, 4, 3, 6, 14, 12, 5, 14, 1, 2, 7, 12, 10, 6, 10, 11, 12, 16, 1, 2, 2, 9, 12, 10, 1, 16, 5, 8, 9, 7, 18, 8, 5, 14, 1, 2, 11, 10, 10, 16, 14, 5, 10, 5, 8, 3, 13, 5, 3, 18, 15, 2, 7, 9, 3, 7, 18, 7, 2, 17, 13, 10, 17, 18, 2, 6, 6, 14, 14, 10, 5, 6, 15, 12, 9, 1, 3, 16, 16, 6, 9, 16, 20, 16, 20, 17, 3, 12, 2, 3, 17, 18, 18, 5, 13, 10, 9, 3, 7, 11, 15, 17, 2, 8, 20, 13, 13, 4, 1, 15, 14, 15, 15, 7, 16, 16, 8, 7, 9, 11, 9, 19, 4, 13, 6, 4, 15, 8, 14, 11, 19, 9, 11, 12, 10, 6, 4, 19, 19, 19, 20, 18, 20, 1, 8, 17, 20, 17, 11, 8, 17, 13, 14, 3, 20, 8, 9, 4, 19, 18, 15, 19, 4, 6, 20, 12, 6, 18, 5, 4, 8, 5, 11, 7, 17, 7, 17, 13, 15, 15, 19, 12, 18, 20, 16, 4, 12, 19, 20, 14, 13, 1, 13, 4, 11, 2, 11, 1]
bestever    2859    in generation 9
[3, 1, 19, 4, 3, 6, 14, 12, 5, 14, 1, 2, 7, 12, 10, 12, 10, 11, 12, 16, 1, 2, 2, 9, 12, 10, 1, 16, 5, 8, 9, 7, 18, 8, 5, 14, 1, 2, 11, 10, 10, 16, 14, 5, 10, 5, 8, 3, 13, 5, 3, 18, 15, 2, 7, 9, 3, 7, 18, 7, 2, 12, 13, 10, 17, 18, 2, 6, 6, 14, 14, 10, 5, 6, 15, 6, 9, 1, 3, 16, 16, 6, 9, 16, 20, 16, 20, 17, 3, 17, 2, 3, 17, 18, 18, 5, 13, 10, 9, 3, 7, 11, 15, 17, 2, 8, 20, 13, 13, 4, 1, 15, 14, 15, 15, 7, 16, 16, 8, 7, 9, 11, 9, 19, 4, 13, 6, 4, 15, 8, 14, 11, 19, 9, 11, 12, 10, 6, 4, 19, 19, 19, 20, 18, 20, 1, 8, 17, 20, 17, 11, 8, 17, 13, 14, 3, 20, 8, 9, 4, 19, 18, 15, 19, 4, 6, 20, 12, 6, 18, 5, 4, 8, 5, 11, 7, 17, 7, 17, 13, 15, 15, 19, 12, 18, 20, 16, 4, 12, 19, 20, 14, 13, 1, 13, 4, 11, 2, 11, 1]
bestever    2813    in generation 15
[3, 1, 19, 3, 6, 14, 12, 5, 14, 1, 2, 7, 12, 10, 12, 10, 12, 16, 1, 2, 2, 9, 12, 10, 1, 16, 5, 8, 9, 7, 18, 8, 5, 14, 2, 10, 10, 16, 14, 5, 10, 5, 8, 3, 5, 3, 18, 15, 2, 7, 17, 3, 7, 18, 7, 2, 12, 10, 17, 18, 6, 6, 14, 10, 5, 6, 15, 6, 9, 3, 16, 16, 6, 9, 16, 2, 1, 1, 11, 13, 14, 11, 13, 20, 4, 16, 20, 17, 3, 9, 2, 3, 17, 18, 18, 5, 13, 10, 9, 3, 7, 11, 15, 17, 2, 8, 20, 13, 13, 4, 1, 15, 14, 15, 15, 7, 16, 16, 8, 7, 9, 11, 9, 19, 4, 13, 6, 4, 15, 8, 14, 11, 19, 9, 11, 12, 10, 6, 4, 19, 19, 19, 20, 18, 20, 1, 8, 17, 20, 17, 11, 8, 17, 13, 14, 3, 20, 8, 9, 4, 19, 18, 15, 19, 4, 6, 20, 12, 6, 18, 5, 4, 8, 5, 11, 7, 17, 7, 17, 13, 15, 15, 19, 12, 18, 20, 16, 4, 12, 19, 20, 14, 13, 1, 13, 4, 11, 2, 11, 1]
bestever    2778    in generation 20
[3, 1, 19, 4, 3, 1, 14, 12, 5, 14, 1, 2, 7, 12, 10, 12, 10, 11, 12, 16, 1, 2, 2, 9, 12, 10, 1, 16, 5, 8, 9, 7, 18, 8, 5, 14, 6, 2, 11, 10, 10, 16, 14, 5, 10, 5, 8, 3, 13, 5, 3, 18, 15, 2, 7, 9, 3, 7, 18, 7, 2, 12, 13, 10, 17, 18, 2, 6, 6, 14, 14, 10, 5, 6, 15, 6, 9, 1, 3, 16, 16, 6, 9, 16, 20, 16, 20, 17, 3, 17, 2, 3, 17, 18, 18, 5, 13, 10, 9, 3, 7, 11, 15, 17, 2, 8, 20, 13, 13, 4, 1, 15, 14, 15, 15, 7, 16, 16, 8, 7, 9, 11, 9, 19, 4, 13, 6, 4, 15, 8, 14, 11, 19, 9, 11, 12, 10, 6, 4, 19, 19, 19, 20, 18, 20, 1, 8, 17, 20, 17, 11, 8, 17, 13, 14, 3, 20, 8, 9, 4, 19, 18, 15, 19, 4, 6, 20, 12, 6, 18, 5, 4, 8, 5, 11, 7, 17, 7, 17, 13, 15, 15, 19, 12, 18, 20, 16, 4, 12, 19, 20, 14, 13, 1, 13, 4, 11, 2, 11, 1]
bestever    2744    in generation 22
[3, 1, 19, 4, 3, 1, 14, 12, 5, 14, 1, 2, 2, 12, 10, 12, 10, 11, 12, 16, 1, 2, 2, 9, 12, 10, 1, 16, 5, 8, 9, 7, 18, 8, 5, 14, 6, 7, 11, 10, 10, 16, 14, 5, 10, 5, 8, 3, 13, 5, 3, 18, 15, 2, 7, 9, 3, 7, 18, 7, 2, 12, 13, 10, 17, 18, 2, 6, 6, 14, 14, 10, 5, 6, 15, 6, 9, 1, 3, 16, 16, 6, 9, 16, 20, 16, 20, 17, 3, 17, 2, 3, 17, 18, 18, 5, 13, 10, 9, 3, 7, 11, 15, 17, 2, 8, 20, 13, 13, 4, 1, 15, 14, 15, 15, 7, 16, 16, 8, 7, 9, 11, 9, 19, 4, 13, 6, 4, 15, 8, 14, 11, 19, 9, 11, 12, 10, 6, 4, 19, 19, 19, 20, 18, 20, 1, 8, 17, 20, 17, 11, 8, 17, 13, 14, 3, 20, 8, 9, 4, 19, 18, 15, 19, 4, 6, 20, 12, 6, 18, 5, 4, 8, 5, 11, 7, 17, 7, 17, 13, 15, 15, 19, 12, 18, 20, 16, 4, 12, 19, 20, 14, 13, 1, 13, 4, 11, 2, 11, 1]
bestever    2740    in generation 36
[3, 1, 19, 4, 3, 1, 14, 12, 5, 14, 1, 2, 2, 12, 10, 12, 10, 11, 12, 16, 1, 2, 2, 9, 12, 10, 1, 16, 5, 8, 9, 7, 18, 8, 5, 14, 6, 7, 11, 10, 10, 16, 14, 5, 10, 5, 8, 3, 13, 5, 3, 18, 15, 2, 7, 9, 3, 7, 18, 7, 2, 12, 13, 10, 17, 18, 2, 6, 6, 14, 14, 10, 5, 6, 15, 6, 9, 1, 3, 16, 16, 6, 9, 16, 20, 16, 20, 17, 3, 17, 2, 3, 17, 18, 5, 13, 10, 9, 3, 7, 11, 15, 17, 2, 8, 20, 13, 13, 4, 1, 15, 14, 15, 7, 16, 16, 8, 7, 9, 11, 9, 19, 13, 6, 15, 8, 14, 11, 19, 9, 11, 12, 10, 6, 4, 19, 20, 18, 20, 1, 8, 17, 20, 17, 11, 8, 17, 13, 14, 3, 20, 8, 4, 19, 18, 15, 19, 4, 9, 4, 19, 18, 15, 19, 4, 6, 20, 12, 6, 18, 5, 4, 8, 5, 11, 7, 17, 7, 17, 13, 15, 15, 19, 12, 18, 20, 16, 4, 12, 19, 20, 14, 13, 1, 13, 4, 11, 2, 11, 1]
bestever    2712    in generation 39
[3, 1, 19, 4, 3, 1, 14, 12, 5, 14, 1, 2, 2, 12, 10, 12, 10, 11, 12, 16, 1, 2, 2, 9, 12, 10, 1, 16, 5, 8, 9, 7, 18, 8, 5, 14, 6, 7, 11, 10, 10, 16, 14, 5, 10, 5, 8, 3, 13, 5, 3, 18, 15, 2, 7, 9, 3, 7, 18, 7, 2, 12, 13, 10, 17, 18, 2, 6, 6, 14, 14, 10, 5, 6, 15, 6, 9, 1, 3, 16, 16, 6, 9, 16, 20, 16, 20, 17, 3, 17, 2, 3, 17, 18, 5, 13, 10, 9, 3, 7, 11, 15, 17, 2, 8, 20, 13, 13, 4, 1, 15, 14, 15, 7, 16, 16, 8, 7, 9, 11, 9, 19, 13, 6, 15, 8, 14, 11, 19, 9, 11, 12, 10, 6, 4, 19, 20, 18, 20, 1, 8, 17, 20, 17, 11, 8, 17, 20, 14, 3, 20, 8, 4, 19, 18, 15, 19, 4, 9, 4, 19, 18, 15, 19, 4, 6, 20, 12, 6, 18, 5, 4, 8, 5, 11, 7, 17, 7, 17, 13, 15, 15, 19, 12, 18, 20, 16, 4, 12, 19, 13, 14, 13, 1, 13, 4, 11, 2, 11, 1]
bestever    2654    in generation 42
[3, 1, 3, 1, 14, 12, 5, 14, 1, 2, 2, 12, 10, 12, 10, 12, 16, 1, 2, 9, 10, 16, 5, 7, 9, 7, 18, 8, 5, 14, 6, 10, 10, 8, 2, 12, 19, 1, 16, 14, 5, 10, 5, 8, 3, 13, 5, 3, 18, 15, 2, 7, 9, 3, 7, 18, 7, 2, 12, 10, 17, 18, 6, 6, 14, 14, 10, 5, 6, 15, 6, 9, 3, 16, 16, 2, 11, 11, 4, 13, 1, 6, 9, 16, 20, 16, 20, 17, 3, 17, 2, 3, 17, 18, 5, 13, 10, 9, 3, 7, 11, 15, 17, 2, 8, 20, 13, 13, 4, 1, 15, 14, 15, 7, 16, 16, 8, 7, 9, 11, 9, 19, 13, 6, 15, 8, 14, 11, 19, 9, 11, 12, 10, 6, 4, 19, 20, 18, 20, 1, 8, 17, 20, 17, 11, 8, 17, 13, 14, 3, 20, 8, 4, 19, 18, 15, 19, 4, 9, 4, 19, 18, 15, 19, 4, 6, 20, 12, 6, 18, 5, 4, 8, 5, 11, 7, 17, 7, 17, 13, 15, 15, 19, 12, 18, 20, 16, 4, 12, 19, 20, 14, 13, 1, 13, 4, 11, 2, 11, 1]
bestever    2646    in generation 46
[3, 1, 3, 1, 14, 12, 5, 14, 1, 2, 2, 12, 10, 12, 10, 12, 16, 1, 2, 9, 10, 16, 5, 7, 9, 7, 18, 8, 5, 14, 6, 10, 10, 8, 2, 12, 19, 1, 16, 14, 5, 10, 5, 8, 3, 13, 5, 3, 18, 15, 2, 7, 9, 3, 7, 18, 7, 2, 12, 10, 17, 18, 6, 6, 14, 14, 10, 5, 6, 15, 6, 9, 3, 16, 16, 2, 11, 11, 4, 13, 6, 9, 16, 20, 16, 20, 17, 3, 17, 2, 3, 17, 18, 5, 13, 10, 9, 3, 7, 11, 15, 17, 2, 8, 20, 13, 1, 13, 4, 1, 15, 14, 15, 7, 16, 16, 8, 7, 9, 11, 9, 19, 13, 6, 15, 8, 14, 11, 19, 9, 11, 12, 10, 6, 4, 19, 20, 18, 20, 1, 8, 17, 20, 17, 11, 8, 17, 13, 14, 3, 20, 8, 4, 19, 18, 15, 19, 4, 9, 4, 19, 18, 15, 19, 4, 6, 20, 12, 6, 18, 5, 4, 8, 5, 11, 7, 17, 7, 17, 13, 15, 15, 19, 12, 18, 20, 16, 4, 12, 19, 20, 14, 13, 1, 13, 4, 11, 2, 11, 1]
bestever    2625    in generation 53
[3, 1, 3, 1, 14, 12, 5, 14, 1, 2, 2, 12, 10, 12, 10, 12, 16, 1, 2, 9, 10, 16, 5, 7, 9, 7, 18, 8, 5, 14, 6, 10, 10, 8, 2, 12, 19, 1, 16, 14, 5, 10, 5, 8, 3, 13, 5, 3, 18, 15, 2, 7, 9, 3, 7, 18, 7, 2, 12, 10, 17, 18, 6, 6, 14, 14, 10, 5, 6, 15, 6, 9, 3, 16, 16, 2, 6, 9, 16, 20, 16, 20, 17, 3, 17, 3, 17, 2, 11, 11, 4, 13, 1, 18, 5, 13, 10, 9, 3, 7, 11, 15, 17, 2, 8, 20, 13, 13, 4, 1, 15, 14, 15, 7, 16, 16, 8, 7, 9, 11, 9, 19, 13, 6, 15, 8, 14, 11, 19, 9, 11, 12, 10, 6, 4, 19, 20, 18, 20, 1, 8, 17, 20, 17, 11, 8, 17, 13, 14, 3, 20, 8, 4, 19, 18, 15, 19, 4, 9, 4, 19, 18, 15, 19, 4, 6, 20, 12, 6, 18, 5, 4, 8, 5, 11, 7, 17, 7, 17, 13, 15, 15, 19, 12, 18, 20, 16, 4, 12, 19, 20, 14, 13, 1, 13, 4, 11, 2, 11, 1]
bestever    2560    in generation 58
[3, 1, 3, 1, 14, 12, 5, 14, 1, 2, 2, 12, 10, 12, 10, 12, 16, 1, 2, 9, 10, 16, 5, 7, 9, 7, 18, 8, 5, 14, 6, 10, 10, 8, 2, 12, 19, 1, 16, 14, 5, 10, 5, 8, 3, 13, 5, 3, 18, 15, 2, 7, 9, 3, 7, 18, 7, 2, 12, 10, 17, 18, 6, 6, 14, 14, 10, 5, 6, 15, 6, 9, 3, 16, 16, 2, 6, 9, 16, 20, 16, 20, 17, 3, 17, 3, 17, 2, 11, 11, 4, 13, 1, 18, 5, 13, 10, 9, 3, 7, 11, 15, 17, 2, 8, 20, 13, 13, 4, 1, 15, 14, 15, 7, 16, 16, 8, 7, 9, 11, 9, 19, 6, 15, 8, 14, 11, 19, 9, 12, 10, 6, 4, 19, 20, 18, 20, 1, 8, 17, 20, 17, 11, 8, 17, 13, 14, 3, 20, 8, 4, 19, 18, 15, 19, 4, 9, 4, 19, 18, 15, 19, 4, 6, 20, 12, 6, 18, 5, 4, 11, 13, 8, 5, 11, 7, 17, 7, 17, 13, 15, 15, 19, 12, 18, 20, 16, 4, 12, 19, 20, 14, 13, 1, 13, 4, 11, 2, 11, 1]
bestever    2557    in generation 71
[3, 1, 3, 1, 14, 12, 5, 14, 1, 2, 2, 12, 10, 12, 10, 12, 16, 1, 2, 9, 10, 16, 5, 7, 9, 7, 18, 8, 5, 14, 6, 10, 10, 8, 2, 12, 19, 1, 16, 14, 5, 10, 5, 8, 3, 13, 5, 3, 18, 15, 2, 7, 9, 3, 7, 18, 7, 2, 12, 10, 17, 18, 6, 6, 14, 14, 10, 5, 6, 15, 6, 4, 3, 16, 16, 2, 6, 9, 16, 20, 16, 20, 17, 3, 17, 3, 17, 2, 11, 11, 4, 13, 1, 18, 5, 13, 10, 9, 3, 7, 11, 15, 17, 2, 8, 20, 13, 13, 4, 1, 15, 14, 15, 7, 16, 16, 8, 7, 9, 11, 9, 19, 6, 15, 8, 14, 11, 19, 9, 12, 10, 6, 4, 19, 20, 18, 20, 1, 8, 17, 20, 17, 11, 8, 17, 13, 14, 3, 20, 8, 4, 19, 18, 15, 19, 4, 9, 4, 19, 18, 15, 19, 4, 6, 20, 12, 6, 18, 5, 9, 11, 13, 8, 5, 11, 7, 17, 7, 17, 13, 15, 15, 19, 12, 18, 20, 16, 4, 12, 19, 20, 14, 13, 1, 13, 4, 11, 2, 11, 1]
bestever    2552    in generation 72
[3, 1, 3, 1, 14, 12, 5, 14, 1, 2, 2, 12, 10, 12, 10, 12, 16, 1, 2, 9, 10, 3, 5, 7, 9, 7, 18, 8, 5, 14, 6, 10, 10, 8, 2, 12, 19, 1, 16, 14, 5, 10, 5, 8, 3, 13, 5, 3, 18, 15, 2, 7, 9, 3, 7, 18, 7, 2, 12, 10, 17, 18, 6, 6, 14, 14, 10, 5, 6, 15, 6, 9, 3, 16, 16, 2, 6, 9, 16, 20, 16, 20, 17, 3, 17, 16, 17, 2, 11, 11, 4, 13, 1, 18, 5, 13, 10, 9, 3, 7, 11, 15, 17, 2, 8, 20, 13, 13, 4, 1, 15, 14, 15, 7, 16, 16, 8, 7, 9, 11, 9, 19, 6, 15, 8, 14, 11, 19, 9, 12, 10, 6, 4, 19, 20, 18, 20, 1, 8, 17, 20, 17, 11, 8, 17, 13, 14, 3, 20, 8, 4, 19, 18, 15, 19, 4, 9, 4, 19, 18, 15, 19, 4, 6, 20, 12, 6, 18, 5, 4, 11, 13, 8, 5, 11, 7, 17, 7, 17, 13, 15, 15, 19, 12, 18, 20, 16, 4, 12, 19, 20, 14, 13, 1, 13, 4, 11, 2, 11, 1]
bestever    2494    in generation 89
[3, 1, 3, 1, 14, 12, 5, 14, 1, 2, 2, 12, 10, 12, 10, 12, 16, 1, 2, 9, 10, 3, 5, 7, 9, 7, 18, 8, 5, 14, 6, 10, 10, 8, 2, 12, 19, 1, 16, 14, 5, 10, 5, 8, 3, 13, 5, 3, 18, 15, 2, 7, 9, 3, 7, 18, 7, 2, 12, 10, 17, 6, 6, 14, 14, 10, 5, 6, 15, 6, 9, 3, 16, 16, 2, 6, 9, 16, 16, 17, 3, 17, 16, 2, 5, 10, 9, 7, 2, 8, 3, 11, 4, 13, 1, 15, 14, 7, 16, 16, 8, 7, 9, 11, 9, 19, 6, 15, 11, 19, 9, 12, 10, 6, 15, 19, 18, 20, 1, 20, 17, 17, 14, 20, 8, 19, 18, 15, 19, 20, 18, 20, 8, 17, 17, 8, 17, 13, 14, 3, 4, 11, 13, 13, 20, 4, 20, 8, 19, 18, 15, 19, 1, 4, 11, 4, 9, 4, 19, 18, 15, 19, 4, 6, 20, 12, 6, 18, 5, 11, 13, 8, 5, 11, 7, 17, 7, 17, 13, 15, 15, 12, 18, 20, 16, 4, 12, 20, 14, 13, 1, 13, 4, 11, 13, 4, 11, 2, 11, 1]
bestever    2480    in generation 90
[3, 1, 3, 1, 14, 12, 5, 14, 1, 2, 2, 12, 10, 12, 10, 12, 16, 1, 2, 9, 10, 3, 5, 7, 9, 7, 18, 8, 5, 14, 6, 10, 10, 8, 2, 12, 19, 1, 16, 14, 5, 10, 5, 8, 3, 13, 5, 3, 18, 15, 2, 7, 9, 3, 7, 18, 7, 2, 12, 10, 17, 18, 6, 6, 14, 14, 10, 5, 6, 15, 6, 9, 3, 16, 16, 2, 6, 9, 16, 20, 16, 20, 17, 3, 17, 16, 17, 2, 11, 11, 4, 13, 14, 18, 5, 13, 10, 9, 3, 7, 11, 15, 17, 2, 8, 20, 13, 13, 4, 1, 15, 14, 15, 7, 16, 16, 8, 7, 9, 11, 9, 19, 6, 15, 8, 1, 11, 19, 9, 12, 10, 6, 4, 19, 20, 18, 20, 1, 8, 17, 20, 17, 11, 8, 17, 13, 14, 3, 20, 8, 4, 19, 18, 15, 19, 4, 9, 4, 19, 18, 15, 19, 4, 6, 20, 12, 6, 18, 5, 4, 11, 13, 8, 5, 11, 7, 17, 7, 17, 13, 15, 15, 19, 12, 18, 20, 16, 4, 12, 19, 20, 14, 13, 1, 13, 4, 11, 2, 11, 1]
bestever    2476    in generation 98
[3, 1, 3, 1, 14, 12, 5, 14, 1, 2, 2, 12, 10, 12, 10, 12, 16, 1, 2, 9, 10, 3, 5, 7, 9, 7, 18, 8, 5, 14, 6, 10, 10, 8, 2, 12, 19, 1, 16, 14, 5, 10, 5, 8, 3, 13, 5, 3, 18, 15, 2, 7, 9, 3, 7, 18, 7, 2, 12, 10, 17, 18, 6, 6, 14, 14, 10, 5, 6, 15, 6, 9, 3, 16, 16, 2, 6, 9, 16, 20, 16, 20, 17, 3, 17, 16, 17, 2, 11, 11, 4, 13, 14, 18, 5, 13, 10, 9, 3, 7, 11, 15, 17, 2, 8, 20, 1, 15, 15, 7, 16, 16, 8, 7, 9, 9, 19, 6, 15, 8, 1, 19, 9, 10, 6, 20, 18, 1, 8, 17, 14, 20, 4, 20, 4, 11, 13, 11, 13, 19, 12, 17, 11, 8, 17, 13, 14, 3, 20, 8, 4, 19, 18, 15, 19, 4, 9, 4, 19, 18, 15, 19, 4, 6, 20, 12, 6, 18, 5, 4, 11, 13, 8, 5, 11, 7, 17, 7, 17, 13, 15, 15, 19, 12, 18, 20, 16, 4, 12, 19, 20, 14, 13, 1, 13, 4, 11, 2, 11, 1]
bestever    2451    in generation 101
[3, 1, 3, 1, 14, 12, 5, 14, 1, 2, 2, 12, 10, 12, 10, 12, 16, 1, 2, 9, 10, 3, 5, 7, 9, 7, 18, 8, 5, 14, 6, 10, 10, 8, 2, 12, 19, 1, 16, 14, 5, 10, 5, 8, 3, 13, 5, 3, 18, 15, 2, 7, 9, 3, 7, 18, 7, 2, 12, 10, 17, 18, 6, 6, 14, 14, 10, 5, 6, 15, 6, 9, 3, 16, 16, 2, 6, 9, 16, 20, 16, 20, 17, 3, 17, 16, 17, 2, 11, 11, 4, 13, 14, 18, 5, 13, 10, 9, 3, 7, 11, 15, 17, 2, 8, 20, 1, 15, 15, 7, 16, 16, 8, 7, 9, 9, 19, 6, 15, 8, 1, 19, 9, 10, 6, 20, 18, 8, 17, 14, 20, 4, 20, 4, 11, 13, 11, 13, 19, 12, 17, 11, 8, 17, 13, 14, 3, 20, 8, 4, 19, 18, 15, 19, 4, 9, 4, 19, 18, 15, 19, 4, 6, 20, 12, 6, 18, 5, 4, 11, 13, 8, 5, 11, 1, 7, 17, 7, 17, 13, 15, 15, 19, 12, 18, 20, 16, 4, 12, 19, 20, 14, 13, 1, 13, 4, 11, 2, 11, 1]
bestever    2449    in generation 129
[3, 1, 3, 1, 14, 12, 5, 14, 1, 2, 2, 12, 10, 12, 10, 12, 16, 1, 2, 9, 10, 3, 5, 7, 9, 7, 18, 8, 5, 14, 6, 10, 10, 8, 2, 12, 19, 1, 16, 14, 5, 10, 5, 8, 3, 13, 5, 3, 18, 15, 2, 7, 9, 3, 7, 18, 7, 2, 12, 10, 17, 18, 6, 6, 14, 14, 10, 5, 6, 15, 6, 9, 3, 16, 16, 2, 6, 9, 16, 20, 16, 20, 17, 3, 17, 16, 17, 2, 11, 11, 4, 13, 14, 18, 5, 13, 10, 9, 3, 7, 11, 15, 17, 2, 8, 20, 1, 15, 15, 7, 16, 16, 8, 7, 9, 9, 19, 6, 15, 8, 19, 9, 10, 6, 20, 18, 8, 17, 14, 20, 4, 20, 4, 11, 13, 11, 13, 19, 12, 17, 8, 17, 13, 14, 3, 20, 8, 4, 19, 18, 15, 19, 4, 9, 4, 11, 19, 18, 15, 19, 4, 6, 20, 12, 6, 18, 5, 4, 13, 8, 5, 7, 17, 1, 11, 7, 17, 13, 15, 15, 19, 1, 11, 12, 18, 20, 16, 4, 12, 19, 20, 14, 13, 1, 13, 4, 11, 2, 11, 1]
bestever    2427    in generation 139
[3, 1, 3, 1, 14, 12, 5, 14, 1, 2, 2, 12, 10, 12, 10, 12, 16, 1, 2, 9, 10, 3, 5, 7, 9, 7, 18, 8, 5, 14, 6, 10, 10, 8, 2, 12, 19, 1, 16, 14, 5, 10, 5, 8, 3, 13, 5, 3, 18, 15, 2, 7, 9, 3, 7, 18, 7, 2, 12, 10, 17, 18, 6, 6, 14, 14, 10, 5, 6, 15, 6, 9, 3, 16, 16, 2, 6, 9, 16, 20, 16, 20, 17, 3, 17, 16, 17, 2, 11, 11, 4, 13, 14, 18, 5, 13, 10, 9, 3, 7, 11, 15, 17, 2, 8, 20, 1, 15, 15, 7, 16, 16, 8, 7, 9, 9, 19, 6, 15, 8, 19, 9, 10, 6, 20, 18, 8, 17, 14, 20, 4, 20, 4, 11, 13, 11, 13, 19, 12, 17, 8, 17, 13, 14, 3, 20, 8, 4, 19, 18, 15, 19, 4, 9, 4, 11, 19, 18, 15, 19, 4, 6, 20, 12, 6, 5, 4, 11, 13, 8, 1, 5, 7, 17, 17, 13, 15, 15, 19, 1, 11, 12, 18, 20, 16, 4, 19, 20, 14, 13, 1, 13, 18, 7, 12, 4, 11, 2, 11, 1]
bestever    2426    in generation 144
[3, 1, 3, 1, 14, 12, 5, 14, 1, 2, 2, 12, 10, 12, 10, 12, 16, 1, 2, 9, 10, 3, 5, 7, 9, 7, 18, 8, 5, 14, 6, 10, 10, 8, 2, 12, 19, 1, 16, 14, 5, 10, 5, 8, 3, 13, 5, 3, 18, 15, 2, 7, 9, 3, 7, 18, 7, 2, 12, 10, 17, 18, 6, 6, 14, 14, 10, 5, 6, 15, 6, 9, 3, 16, 16, 2, 6, 9, 16, 20, 16, 20, 17, 3, 17, 16, 17, 2, 11, 4, 13, 14, 18, 5, 13, 10, 9, 3, 7, 11, 15, 17, 2, 8, 20, 1, 15, 15, 7, 16, 16, 8, 7, 9, 9, 19, 6, 15, 8, 19, 9, 10, 6, 20, 8, 17, 14, 20, 20, 4, 11, 13, 11, 13, 12, 17, 8, 17, 13, 14, 3, 20, 8, 4, 19, 18, 15, 19, 4, 4, 11, 19, 18, 9, 4, 11, 19, 18, 15, 19, 4, 6, 20, 12, 6, 5, 4, 11, 13, 8, 1, 5, 7, 17, 17, 13, 15, 15, 19, 1, 11, 12, 18, 20, 16, 4, 19, 20, 14, 13, 1, 13, 18, 7, 12, 4, 11, 2, 11, 1]
bestever    2399    in generation 146
[3, 1, 3, 1, 14, 12, 5, 14, 1, 2, 2, 12, 10, 12, 10, 12, 16, 1, 2, 9, 10, 3, 5, 7, 9, 7, 18, 8, 5, 14, 6, 10, 10, 8, 2, 12, 19, 1, 16, 14, 5, 10, 5, 8, 3, 13, 5, 3, 18, 15, 2, 7, 9, 3, 7, 18, 7, 2, 12, 10, 17, 18, 6, 6, 14, 14, 10, 5, 6, 15, 6, 9, 3, 16, 16, 2, 6, 9, 16, 20, 16, 20, 17, 3, 17, 16, 17, 2, 11, 4, 13, 14, 18, 5, 13, 10, 9, 3, 7, 11, 15, 17, 2, 8, 20, 1, 15, 15, 7, 16, 16, 8, 7, 9, 9, 19, 6, 15, 8, 19, 9, 10, 6, 20, 8, 17, 14, 20, 20, 4, 2, 13, 11, 13, 12, 17, 8, 17, 13, 14, 3, 20, 8, 4, 19, 18, 15, 19, 4, 4, 11, 19, 18, 9, 4, 11, 19, 18, 15, 19, 4, 6, 20, 12, 6, 5, 4, 11, 13, 8, 1, 5, 7, 17, 17, 13, 15, 15, 19, 1, 11, 12, 18, 20, 16, 4, 19, 20, 14, 13, 1, 13, 18, 7, 12, 4, 11, 11, 11, 1]
bestever    2397    in generation 159
[3, 1, 3, 1, 14, 12, 5, 14, 1, 2, 2, 12, 10, 12, 10, 12, 16, 1, 2, 9, 10, 3, 5, 7, 9, 7, 18, 8, 5, 14, 6, 10, 10, 8, 2, 12, 19, 1, 16, 14, 5, 10, 5, 8, 3, 13, 5, 3, 18, 15, 2, 7, 9, 3, 7, 18, 7, 2, 12, 10, 17, 18, 6, 6, 14, 14, 10, 5, 6, 15, 6, 9, 3, 16, 16, 2, 6, 9, 16, 20, 16, 20, 17, 3, 17, 16, 17, 2, 11, 4, 13, 14, 18, 5, 13, 10, 9, 3, 7, 11, 15, 17, 2, 8, 20, 15, 15, 7, 16, 16, 8, 7, 9, 9, 19, 6, 15, 8, 19, 9, 10, 6, 20, 8, 17, 14, 20, 20, 4, 2, 13, 11, 13, 12, 17, 8, 17, 13, 14, 3, 20, 8, 4, 19, 18, 15, 1, 19, 4, 4, 11, 19, 18, 9, 4, 11, 19, 18, 15, 19, 4, 6, 20, 12, 6, 5, 4, 11, 13, 8, 1, 5, 7, 17, 17, 13, 15, 15, 19, 1, 11, 12, 18, 20, 16, 4, 19, 20, 14, 13, 1, 13, 18, 7, 12, 4, 11, 11, 11, 1]
bestever    2392    in generation 171
[3, 1, 3, 1, 14, 12, 5, 14, 1, 2, 2, 12, 10, 12, 10, 12, 16, 1, 2, 9, 10, 3, 5, 7, 9, 7, 18, 8, 5, 14, 6, 10, 10, 8, 2, 12, 19, 16, 14, 5, 10, 5, 8, 3, 13, 5, 3, 18, 15, 2, 7, 9, 3, 7, 18, 7, 2, 10, 17, 18, 6, 6, 14, 14, 10, 5, 6, 15, 6, 9, 3, 16, 16, 2, 6, 9, 16, 20, 16, 20, 17, 3, 17, 16, 17, 2, 11, 4, 13, 14, 18, 5, 13, 10, 9, 3, 7, 11, 15, 17, 2, 8, 20, 15, 15, 7, 16, 16, 8, 9, 9, 19, 6, 15, 8, 19, 9, 10, 6, 20, 8, 17, 14, 20, 4, 2, 13, 12, 17, 8, 17, 14, 3, 20, 8, 4, 19, 18, 15, 19, 4, 19, 18, 9, 11, 18, 4, 20, 12, 4, 11, 13, 1, 7, 13, 19, 1, 11, 15, 19, 4, 6, 20, 12, 6, 5, 4, 11, 13, 8, 1, 5, 7, 17, 17, 13, 15, 15, 19, 1, 11, 12, 18, 20, 16, 4, 19, 20, 14, 13, 1, 13, 18, 7, 12, 4, 11, 11, 11, 1]
bestever    2348    in generation 178
[3, 1, 3, 1, 14, 12, 5, 14, 2, 2, 12, 10, 12, 10, 12, 16, 2, 9, 10, 3, 5, 7, 9, 7, 18, 8, 5, 14, 6, 10, 10, 8, 2, 12, 19, 16, 14, 5, 10, 5, 8, 3, 13, 5, 3, 18, 15, 2, 7, 9, 3, 7, 18, 7, 2, 10, 17, 18, 6, 6, 14, 14, 10, 5, 6, 15, 6, 9, 3, 16, 16, 2, 6, 9, 16, 20, 16, 20, 17, 3, 17, 16, 17, 2, 4, 13, 14, 5, 10, 9, 3, 7, 15, 17, 2, 8, 20, 15, 15, 16, 16, 8, 9, 9, 19, 6, 15, 8, 19, 9, 10, 6, 20, 8, 17, 14, 20, 2, 17, 8, 17, 14, 3, 11, 13, 1, 7, 13, 1, 11, 12, 18, 20, 4, 8, 4, 19, 18, 15, 19, 4, 19, 18, 9, 11, 18, 4, 20, 12, 4, 11, 13, 1, 7, 13, 19, 1, 11, 15, 19, 4, 6, 20, 12, 6, 5, 4, 11, 13, 8, 1, 5, 7, 17, 17, 13, 15, 15, 19, 1, 11, 12, 18, 20, 16, 4, 19, 20, 14, 13, 1, 13, 18, 7, 12, 4, 11, 11, 11, 1]
bestever    2344    in generation 189
[3, 1, 3, 1, 14, 12, 5, 14, 2, 2, 12, 10, 12, 10, 12, 16, 2, 9, 10, 8, 5, 7, 9, 7, 18, 8, 5, 14, 6, 10, 10, 8, 2, 12, 19, 16, 14, 5, 10, 5, 3, 3, 13, 5, 3, 18, 15, 2, 7, 9, 3, 7, 18, 7, 2, 10, 17, 18, 6, 6, 14, 14, 10, 5, 6, 15, 6, 9, 3, 16, 16, 2, 6, 9, 16, 20, 16, 20, 17, 3, 17, 16, 17, 2, 4, 13, 14, 5, 10, 9, 3, 7, 15, 17, 2, 8, 20, 15, 15, 16, 16, 8, 9, 9, 19, 6, 15, 8, 19, 9, 10, 6, 20, 8, 17, 14, 20, 2, 17, 8, 17, 14, 3, 11, 13, 1, 7, 13, 1, 11, 12, 18, 20, 4, 8, 4, 19, 18, 15, 19, 4, 19, 18, 9, 11, 18, 4, 20, 12, 4, 11, 13, 1, 7, 13, 19, 1, 11, 15, 19, 4, 6, 20, 12, 6, 5, 4, 11, 13, 8, 1, 5, 7, 17, 17, 13, 15, 15, 19, 1, 11, 12, 18, 20, 16, 4, 19, 20, 14, 13, 1, 13, 18, 7, 12, 4, 11, 11, 11, 1]
bestever    2336    in generation 190
[3, 1, 3, 1, 14, 12, 5, 14, 2, 2, 12, 10, 12, 10, 14, 16, 2, 9, 10, 3, 5, 7, 9, 7, 18, 8, 5, 14, 6, 10, 10, 8, 2, 12, 19, 16, 14, 5, 10, 5, 8, 3, 13, 5, 3, 18, 15, 2, 7, 9, 3, 7, 18, 7, 2, 10, 17, 18, 6, 6, 14, 14, 10, 5, 6, 15, 6, 9, 3, 16, 16, 2, 6, 9, 16, 20, 16, 20, 17, 3, 17, 16, 17, 2, 4, 13, 14, 5, 10, 9, 3, 7, 15, 17, 2, 8, 20, 15, 15, 16, 16, 8, 9, 9, 19, 6, 15, 8, 19, 9, 10, 6, 20, 8, 17, 14, 20, 2, 17, 8, 17, 12, 3, 11, 13, 1, 7, 13, 1, 11, 12, 18, 20, 4, 8, 4, 19, 18, 15, 19, 4, 19, 18, 9, 11, 18, 4, 20, 12, 4, 11, 13, 1, 7, 13, 19, 1, 11, 15, 19, 4, 6, 20, 12, 6, 5, 4, 11, 13, 8, 1, 5, 7, 17, 17, 13, 15, 15, 19, 1, 11, 12, 18, 20, 16, 4, 19, 20, 14, 13, 1, 13, 18, 7, 12, 4, 11, 11, 11, 1]
bestever    2321    in generation 199
[3, 1, 3, 1, 14, 12, 5, 3, 2, 2, 12, 10, 12, 10, 14, 16, 2, 9, 10, 3, 5, 7, 9, 7, 18, 8, 5, 14, 6, 10, 10, 8, 2, 12, 19, 16, 14, 5, 10, 5, 8, 3, 13, 5, 3, 18, 15, 2, 7, 9, 3, 7, 18, 7, 2, 10, 17, 18, 6, 6, 14, 14, 10, 5, 6, 15, 6, 9, 14, 16, 16, 2, 6, 9, 16, 20, 16, 20, 17, 3, 17, 16, 17, 2, 4, 13, 14, 5, 10, 9, 3, 7, 15, 17, 2, 8, 20, 15, 15, 16, 16, 8, 9, 9, 19, 6, 15, 8, 19, 9, 10, 6, 20, 8, 17, 14, 20, 2, 17, 8, 17, 12, 3, 11, 13, 1, 7, 13, 1, 11, 12, 18, 20, 4, 8, 4, 19, 18, 15, 19, 4, 19, 18, 9, 11, 18, 4, 20, 12, 4, 11, 13, 1, 7, 13, 19, 1, 11, 15, 19, 4, 6, 20, 12, 6, 5, 4, 11, 13, 8, 1, 5, 7, 17, 17, 13, 15, 15, 19, 1, 11, 12, 18, 20, 16, 4, 19, 20, 14, 13, 1, 13, 18, 7, 12, 4, 11, 11, 11, 1]
bestever    2286    in generation 207
[3, 1, 3, 14, 12, 5, 3, 2, 2, 12, 10, 12, 10, 14, 16, 2, 9, 10, 3, 5, 7, 9, 7, 18, 8, 5, 14, 6, 10, 10, 8, 2, 12, 19, 16, 14, 5, 10, 5, 8, 3, 13, 5, 3, 18, 15, 2, 7, 9, 3, 7, 18, 7, 2, 10, 17, 18, 6, 6, 14, 14, 10, 5, 6, 15, 6, 9, 14, 16, 16, 2, 6, 9, 16, 20, 16, 20, 17, 3, 17, 16, 17, 2, 4, 13, 14, 5, 10, 9, 3, 7, 15, 17, 2, 8, 20, 15, 15, 16, 16, 8, 9, 9, 19, 6, 15, 8, 19, 9, 10, 6, 20, 8, 17, 14, 20, 2, 17, 8, 17, 12, 3, 11, 13, 11, 18, 20, 4, 8, 19, 15, 19, 1, 1, 7, 1, 12, 18, 4, 13, 4, 19, 18, 9, 11, 18, 4, 20, 12, 4, 11, 13, 1, 7, 13, 19, 1, 11, 15, 19, 4, 6, 20, 12, 6, 5, 4, 11, 13, 8, 1, 5, 7, 17, 17, 13, 15, 15, 19, 1, 11, 12, 18, 20, 16, 4, 19, 20, 14, 13, 1, 13, 18, 7, 12, 4, 11, 11, 11, 1]
bestever    2285    in generation 216
[3, 1, 3, 14, 12, 5, 3, 2, 2, 12, 10, 12, 10, 14, 16, 2, 9, 10, 3, 5, 7, 9, 7, 18, 8, 5, 14, 6, 10, 10, 8, 2, 12, 19, 16, 14, 5, 10, 5, 8, 3, 13, 5, 3, 18, 15, 2, 7, 9, 3, 7, 18, 7, 2, 10, 17, 18, 6, 8, 14, 14, 10, 5, 6, 15, 6, 9, 14, 16, 16, 2, 6, 9, 16, 20, 16, 20, 17, 3, 17, 16, 17, 2, 4, 13, 14, 5, 10, 9, 3, 7, 15, 17, 2, 8, 20, 15, 15, 16, 16, 8, 9, 9, 19, 6, 15, 8, 19, 9, 10, 6, 20, 8, 17, 14, 20, 2, 17, 6, 17, 12, 3, 11, 13, 11, 18, 20, 4, 8, 19, 15, 19, 1, 1, 7, 1, 12, 18, 4, 13, 4, 19, 18, 9, 11, 18, 4, 20, 12, 4, 11, 13, 1, 7, 13, 19, 1, 11, 15, 19, 4, 6, 20, 12, 6, 5, 4, 11, 13, 8, 1, 5, 7, 17, 17, 13, 15, 15, 19, 1, 11, 12, 18, 20, 16, 4, 19, 20, 14, 13, 1, 13, 18, 7, 12, 4, 11, 11, 11, 1]
bestever    2273    in generation 223
[3, 1, 3, 14, 12, 5, 3, 2, 2, 12, 10, 12, 10, 14, 16, 2, 9, 10, 3, 5, 7, 9, 7, 18, 8, 5, 14, 6, 10, 10, 8, 2, 12, 19, 16, 14, 7, 10, 5, 8, 3, 13, 5, 3, 18, 15, 2, 7, 9, 3, 7, 18, 5, 2, 10, 17, 18, 6, 8, 14, 14, 10, 5, 6, 15, 6, 9, 14, 16, 16, 2, 6, 9, 16, 20, 16, 20, 17, 3, 17, 16, 17, 2, 4, 13, 14, 5, 10, 9, 3, 7, 15, 17, 2, 8, 20, 15, 15, 16, 16, 8, 9, 9, 19, 6, 15, 8, 19, 9, 10, 6, 20, 8, 17, 14, 20, 2, 17, 6, 17, 12, 3, 11, 13, 11, 18, 20, 4, 8, 19, 15, 19, 1, 1, 7, 1, 12, 18, 4, 13, 4, 19, 18, 9, 11, 18, 4, 20, 12, 4, 11, 13, 1, 7, 13, 19, 1, 11, 15, 19, 4, 6, 20, 12, 6, 5, 4, 11, 13, 8, 1, 5, 7, 17, 17, 13, 15, 15, 19, 1, 11, 12, 18, 20, 16, 4, 19, 20, 14, 13, 1, 13, 18, 7, 12, 4, 11, 11, 11, 1]
bestever    2261    in generation 228
[3, 1, 3, 14, 12, 5, 3, 2, 2, 12, 10, 12, 10, 14, 16, 2, 9, 10, 3, 5, 7, 9, 7, 18, 8, 5, 9, 6, 10, 10, 8, 2, 12, 19, 16, 14, 5, 10, 5, 8, 3, 13, 5, 3, 18, 15, 2, 7, 9, 3, 7, 18, 7, 2, 10, 17, 18, 6, 8, 14, 14, 10, 5, 6, 15, 6, 14, 14, 16, 16, 2, 6, 9, 16, 20, 16, 20, 17, 3, 17, 16, 17, 2, 4, 13, 14, 5, 10, 9, 3, 7, 15, 17, 2, 8, 20, 15, 15, 16, 16, 8, 9, 9, 19, 6, 15, 8, 19, 9, 10, 6, 20, 8, 17, 14, 20, 2, 17, 6, 17, 12, 3, 11, 13, 18, 20, 4, 8, 19, 15, 19, 1, 1, 7, 1, 12, 18, 4, 4, 19, 18, 9, 11, 18, 4, 20, 12, 11, 13, 1, 7, 13, 19, 1, 11, 15, 19, 4, 6, 20, 12, 6, 5, 4, 11, 13, 4, 11, 13, 8, 1, 5, 7, 17, 17, 13, 15, 15, 19, 1, 11, 12, 18, 20, 16, 4, 19, 20, 14, 13, 1, 13, 18, 7, 12, 4, 11, 11, 11, 1]
bestever    2222    in generation 230
[3, 3, 14, 12, 5, 3, 2, 2, 12, 10, 12, 10, 14, 16, 2, 9, 10, 3, 5, 7, 9, 7, 18, 8, 5, 14, 6, 10, 10, 8, 2, 12, 19, 16, 14, 5, 10, 5, 8, 3, 13, 5, 3, 18, 15, 2, 7, 9, 3, 7, 18, 7, 2, 10, 17, 18, 6, 8, 14, 14, 10, 5, 6, 15, 6, 9, 14, 16, 16, 2, 6, 9, 16, 20, 16, 20, 17, 3, 17, 16, 17, 2, 4, 13, 14, 5, 10, 9, 3, 7, 15, 17, 2, 8, 20, 15, 15, 16, 16, 8, 9, 9, 17, 19, 6, 15, 8, 19, 9, 10, 6, 20, 8, 17, 14, 20, 2, 17, 6, 17, 12, 3, 11, 13, 11, 18, 20, 4, 8, 19, 15, 19, 1, 1, 7, 1, 12, 18, 4, 13, 4, 19, 18, 9, 11, 18, 4, 20, 12, 4, 11, 13, 1, 7, 13, 19, 1, 11, 15, 19, 4, 6, 20, 12, 6, 5, 4, 11, 13, 8, 1, 5, 7, 17, 16, 14, 15, 18, 18, 20, 12, 11, 1, 13, 19, 1, 11, 15, 19, 20, 12, 4, 11, 13, 4, 11, 13, 1, 7, 1]
bestever    2196    in generation 260
[3, 3, 14, 12, 5, 3, 2, 2, 12, 10, 12, 10, 14, 16, 2, 9, 10, 3, 5, 7, 9, 7, 18, 8, 5, 14, 6, 10, 10, 5, 2, 12, 19, 16, 14, 5, 10, 5, 8, 3, 13, 5, 3, 18, 15, 2, 7, 9, 3, 7, 18, 7, 2, 10, 17, 18, 6, 8, 14, 14, 10, 8, 6, 15, 6, 9, 14, 16, 16, 2, 6, 9, 16, 20, 16, 20, 17, 3, 17, 16, 17, 2, 4, 13, 14, 5, 10, 9, 3, 7, 15, 17, 2, 8, 20, 15, 15, 16, 16, 8, 9, 9, 17, 19, 6, 15, 8, 19, 9, 10, 6, 20, 8, 17, 14, 20, 2, 17, 6, 17, 12, 3, 11, 13, 11, 18, 20, 4, 8, 19, 15, 19, 1, 1, 7, 1, 12, 18, 4, 13, 4, 19, 18, 9, 11, 18, 4, 20, 12, 4, 11, 13, 1, 7, 13, 19, 1, 11, 15, 19, 4, 6, 20, 12, 6, 5, 4, 11, 13, 8, 1, 5, 7, 17, 16, 14, 15, 18, 18, 20, 12, 11, 1, 13, 19, 1, 11, 15, 19, 20, 12, 4, 11, 13, 4, 11, 13, 1, 7, 1]
bestever    2187    in generation 271
[3, 3, 14, 12, 5, 3, 2, 2, 12, 10, 12, 10, 14, 16, 2, 9, 10, 3, 5, 7, 9, 7, 18, 8, 5, 14, 6, 10, 10, 5, 2, 12, 19, 16, 14, 5, 10, 5, 8, 3, 13, 5, 3, 18, 15, 2, 7, 9, 3, 7, 18, 7, 2, 10, 17, 18, 6, 8, 14, 14, 10, 8, 6, 15, 6, 9, 14, 16, 16, 2, 6, 9, 16, 20, 16, 20, 5, 3, 17, 16, 17, 2, 4, 13, 14, 5, 10, 9, 3, 7, 15, 17, 2, 8, 20, 15, 15, 16, 16, 8, 9, 9, 17, 19, 6, 15, 8, 19, 9, 10, 6, 20, 8, 17, 14, 20, 2, 17, 6, 17, 12, 3, 11, 13, 11, 18, 20, 4, 8, 19, 15, 19, 1, 1, 7, 1, 12, 18, 4, 13, 4, 19, 18, 9, 11, 18, 4, 20, 12, 4, 11, 13, 1, 7, 13, 19, 1, 11, 15, 19, 4, 6, 20, 12, 6, 5, 4, 11, 13, 8, 1, 17, 7, 17, 16, 14, 15, 18, 18, 20, 12, 11, 1, 13, 19, 1, 11, 15, 19, 20, 12, 4, 11, 13, 4, 11, 13, 1, 7, 1]
bestever    2180    in generation 291
[3, 3, 14, 12, 5, 3, 2, 2, 12, 10, 12, 10, 14, 16, 2, 9, 10, 3, 5, 7, 9, 7, 18, 8, 5, 14, 6, 10, 10, 5, 2, 12, 19, 16, 14, 5, 10, 5, 8, 3, 13, 5, 3, 18, 15, 2, 7, 9, 3, 7, 18, 7, 2, 10, 17, 18, 6, 8, 14, 14, 10, 8, 6, 15, 6, 9, 14, 16, 16, 2, 6, 9, 16, 20, 16, 20, 5, 3, 17, 16, 17, 2, 4, 13, 14, 5, 10, 9, 3, 7, 15, 17, 2, 8, 20, 15, 15, 16, 16, 8, 9, 9, 17, 19, 6, 15, 8, 19, 9, 10, 6, 20, 8, 17, 14, 20, 2, 17, 6, 17, 12, 3, 11, 13, 11, 18, 20, 4, 8, 19, 15, 19, 1, 1, 7, 1, 12, 18, 4, 13, 4, 19, 18, 9, 18, 4, 20, 12, 19, 11, 4, 6, 6, 4, 11, 13, 7, 15, 20, 12, 11, 1, 13, 19, 1, 5, 4, 11, 13, 8, 1, 17, 7, 17, 16, 14, 15, 18, 18, 20, 12, 11, 1, 13, 19, 1, 11, 15, 19, 20, 12, 4, 11, 13, 4, 11, 13, 1, 7, 1]
bestever    2177    in generation 300
[5, 3, 2, 12, 14, 3, 3, 2, 12, 10, 12, 10, 14, 16, 2, 9, 10, 3, 5, 7, 9, 7, 18, 8, 5, 14, 6, 10, 10, 5, 2, 12, 19, 16, 14, 5, 10, 5, 8, 3, 13, 5, 3, 18, 15, 2, 7, 9, 3, 7, 18, 7, 2, 10, 17, 18, 6, 8, 14, 14, 10, 8, 6, 15, 6, 9, 14, 16, 16, 2, 6, 9, 16, 20, 16, 20, 5, 3, 17, 16, 17, 2, 4, 13, 14, 5, 10, 9, 3, 7, 15, 17, 2, 8, 20, 15, 15, 16, 16, 8, 9, 9, 17, 19, 6, 15, 8, 19, 9, 10, 6, 20, 8, 17, 14, 20, 2, 17, 6, 17, 12, 3, 11, 13, 11, 18, 20, 4, 8, 19, 20, 19, 1, 1, 7, 1, 12, 18, 4, 13, 4, 19, 18, 9, 11, 18, 4, 20, 12, 4, 11, 13, 19, 11, 15, 19, 4, 6, 20, 12, 7, 1, 1, 13, 6, 5, 4, 11, 13, 8, 1, 17, 7, 17, 16, 14, 15, 18, 18, 20, 12, 11, 1, 13, 19, 1, 11, 15, 19, 15, 12, 4, 11, 13, 4, 11, 13, 1, 7, 1]
bestever    2165    in generation 309
[5, 3, 2, 12, 14, 3, 3, 2, 12, 10, 12, 10, 14, 16, 2, 9, 10, 3, 5, 7, 9, 7, 18, 8, 5, 14, 6, 10, 10, 5, 2, 12, 19, 16, 14, 5, 10, 5, 8, 3, 13, 5, 3, 18, 15, 2, 7, 9, 3, 7, 18, 7, 2, 10, 17, 18, 6, 8, 14, 14, 10, 8, 6, 15, 6, 9, 14, 16, 16, 2, 6, 9, 16, 20, 16, 20, 5, 3, 17, 16, 17, 2, 4, 13, 14, 5, 10, 9, 3, 7, 15, 17, 2, 8, 20, 15, 15, 16, 16, 8, 9, 9, 17, 19, 6, 15, 8, 19, 9, 10, 6, 20, 8, 17, 14, 20, 2, 17, 6, 17, 12, 3, 11, 13, 11, 18, 20, 4, 8, 19, 20, 19, 1, 1, 7, 1, 12, 18, 4, 13, 4, 19, 18, 9, 11, 18, 4, 20, 12, 4, 11, 13, 19, 11, 15, 19, 4, 6, 20, 12, 7, 1, 1, 13, 6, 5, 4, 11, 13, 8, 1, 17, 7, 17, 16, 14, 15, 18, 18, 20, 12, 11, 1, 13, 19, 11, 15, 19, 15, 1, 12, 4, 11, 13, 4, 11, 13, 1, 7, 1]
bestever    2161    in generation 328
[5, 3, 2, 12, 14, 3, 3, 2, 12, 10, 12, 10, 14, 16, 2, 9, 10, 3, 5, 7, 9, 7, 18, 8, 5, 14, 6, 10, 10, 5, 2, 12, 19, 16, 14, 5, 10, 5, 8, 3, 13, 5, 3, 18, 15, 2, 7, 9, 3, 7, 18, 7, 2, 10, 1, 18, 6, 8, 14, 14, 10, 8, 6, 15, 6, 9, 14, 16, 16, 2, 6, 9, 16, 20, 16, 20, 5, 3, 17, 16, 17, 2, 4, 13, 14, 5, 10, 9, 3, 7, 15, 17, 2, 8, 20, 15, 15, 16, 16, 8, 9, 9, 17, 19, 6, 15, 8, 19, 9, 10, 6, 20, 8, 17, 14, 20, 2, 17, 6, 17, 12, 3, 11, 13, 11, 18, 20, 4, 8, 19, 20, 19, 17, 1, 7, 1, 12, 18, 4, 13, 4, 19, 18, 9, 11, 18, 4, 20, 12, 4, 11, 13, 19, 11, 15, 19, 4, 6, 20, 12, 7, 1, 1, 13, 6, 5, 4, 11, 13, 8, 1, 17, 7, 17, 16, 14, 15, 18, 18, 20, 12, 11, 1, 13, 19, 11, 15, 19, 15, 1, 12, 4, 11, 13, 4, 11, 13, 1, 7, 1]
bestever    2154    in generation 335
[5, 3, 2, 12, 14, 3, 3, 2, 12, 10, 12, 10, 14, 16, 2, 9, 10, 3, 5, 7, 9, 7, 18, 8, 5, 14, 6, 10, 10, 5, 2, 12, 19, 16, 14, 5, 10, 5, 8, 3, 13, 5, 3, 18, 15, 2, 7, 9, 3, 7, 18, 18, 2, 10, 17, 18, 6, 8, 14, 14, 10, 8, 6, 15, 6, 9, 14, 16, 16, 2, 6, 9, 16, 20, 16, 20, 5, 3, 17, 16, 17, 2, 4, 13, 14, 5, 10, 9, 3, 7, 15, 17, 2, 8, 20, 15, 15, 16, 16, 8, 9, 9, 17, 19, 6, 8, 19, 9, 10, 6, 20, 8, 17, 14, 20, 2, 17, 6, 17, 12, 3, 11, 13, 11, 18, 20, 4, 8, 19, 20, 19, 1, 12, 18, 4, 13, 4, 19, 18, 9, 11, 18, 4, 20, 12, 4, 11, 13, 19, 11, 15, 19, 4, 6, 20, 7, 15, 1, 1, 12, 7, 1, 1, 13, 6, 5, 4, 11, 13, 8, 1, 17, 7, 17, 16, 14, 15, 7, 18, 20, 12, 11, 1, 13, 19, 11, 15, 19, 15, 1, 12, 4, 11, 13, 4, 11, 13, 1, 7, 1]
bestever    2149    in generation 349
[5, 3, 2, 12, 14, 3, 3, 2, 12, 10, 12, 10, 14, 16, 2, 9, 10, 3, 5, 7, 9, 7, 18, 8, 5, 14, 6, 10, 10, 5, 2, 12, 19, 16, 14, 5, 10, 5, 8, 3, 13, 5, 3, 18, 15, 2, 7, 9, 3, 7, 18, 18, 2, 10, 17, 18, 6, 9, 14, 14, 10, 8, 6, 15, 6, 9, 14, 16, 16, 2, 6, 9, 16, 20, 16, 20, 5, 3, 17, 16, 17, 2, 4, 13, 14, 5, 10, 8, 3, 7, 15, 17, 2, 8, 20, 15, 15, 16, 16, 8, 9, 9, 17, 19, 6, 8, 19, 9, 10, 6, 20, 8, 17, 14, 20, 2, 17, 6, 17, 12, 3, 11, 13, 11, 18, 20, 4, 8, 19, 20, 19, 1, 12, 18, 4, 13, 4, 19, 18, 9, 11, 18, 4, 20, 12, 4, 11, 13, 19, 11, 15, 19, 4, 6, 20, 7, 15, 1, 1, 12, 7, 1, 1, 13, 6, 5, 4, 11, 13, 8, 1, 17, 7, 17, 16, 14, 15, 7, 18, 20, 12, 11, 1, 13, 19, 11, 15, 19, 15, 1, 12, 4, 11, 13, 4, 11, 13, 1, 7, 1]
bestever    2136    in generation 351
[5, 3, 2, 12, 14, 3, 3, 2, 12, 10, 12, 10, 14, 16, 2, 9, 10, 3, 5, 7, 9, 7, 18, 8, 5, 14, 6, 10, 10, 5, 2, 12, 19, 16, 14, 5, 10, 5, 8, 3, 13, 5, 3, 18, 15, 2, 7, 9, 3, 7, 18, 18, 2, 10, 17, 18, 6, 9, 14, 14, 10, 8, 6, 15, 6, 9, 14, 16, 16, 2, 6, 9, 16, 20, 16, 20, 5, 3, 17, 16, 17, 2, 4, 13, 14, 5, 10, 8, 3, 7, 15, 17, 2, 8, 20, 15, 15, 16, 16, 8, 9, 9, 17, 19, 6, 8, 19, 9, 10, 6, 20, 8, 17, 14, 20, 2, 17, 6, 17, 12, 3, 11, 18, 20, 4, 8, 19, 20, 19, 1, 12, 18, 4, 4, 19, 18, 9, 11, 18, 4, 20, 12, 11, 13, 19, 11, 15, 19, 4, 6, 20, 15, 1, 12, 7, 1, 1, 13, 4, 11, 13, 1, 7, 13, 6, 5, 4, 11, 13, 8, 1, 17, 7, 17, 16, 14, 15, 7, 18, 20, 12, 11, 1, 13, 19, 11, 15, 19, 15, 1, 12, 4, 11, 13, 4, 11, 13, 1, 7, 1]
bestever    2118    in generation 367
[5, 3, 2, 12, 14, 3, 3, 2, 12, 10, 12, 10, 14, 16, 2, 9, 10, 3, 5, 7, 9, 7, 18, 8, 5, 14, 6, 10, 10, 5, 2, 12, 19, 16, 14, 5, 10, 5, 8, 3, 13, 5, 3, 18, 15, 2, 7, 9, 3, 7, 18, 18, 2, 10, 17, 18, 6, 9, 14, 14, 10, 8, 6, 15, 6, 9, 14, 16, 16, 2, 6, 9, 16, 20, 16, 20, 5, 3, 17, 16, 17, 2, 4, 13, 14, 5, 10, 8, 3, 7, 15, 17, 2, 8, 20, 15, 15, 16, 16, 8, 9, 9, 17, 19, 6, 8, 19, 9, 10, 6, 20, 8, 17, 14, 20, 2, 17, 6, 17, 12, 3, 11, 13, 11, 18, 20, 4, 8, 19, 20, 19, 1, 12, 18, 4, 4, 19, 18, 9, 11, 18, 4, 20, 12, 19, 15, 19, 4, 6, 20, 7, 15, 4, 13, 7, 12, 11, 1, 13, 11, 1, 1, 1, 13, 6, 4, 11, 13, 8, 1, 17, 7, 17, 16, 14, 15, 18, 20, 12, 11, 1, 13, 19, 11, 15, 19, 15, 1, 12, 4, 11, 13, 4, 11, 13, 7, 5, 1, 7, 1]
bestever    2110    in generation 372
[5, 3, 2, 12, 14, 3, 3, 2, 12, 10, 12, 10, 14, 16, 2, 9, 10, 3, 5, 7, 9, 7, 18, 8, 5, 14, 6, 10, 10, 5, 2, 12, 19, 16, 14, 5, 10, 5, 8, 3, 13, 5, 3, 18, 15, 2, 7, 9, 3, 18, 18, 2, 10, 17, 18, 6, 9, 14, 14, 10, 8, 6, 15, 6, 9, 14, 16, 16, 2, 6, 9, 16, 20, 16, 20, 3, 17, 16, 17, 2, 4, 13, 14, 5, 10, 8, 3, 15, 17, 2, 8, 20, 15, 15, 16, 16, 8, 9, 9, 17, 19, 6, 8, 19, 9, 10, 6, 20, 8, 17, 14, 20, 2, 17, 6, 17, 12, 3, 11, 11, 18, 20, 4, 8, 19, 20, 19, 12, 18, 4, 4, 19, 18, 11, 18, 4, 20, 19, 7, 1, 12, 15, 19, 4, 6, 20, 7, 15, 4, 13, 7, 12, 11, 1, 13, 11, 1, 9, 1, 13, 6, 5, 4, 11, 13, 8, 1, 17, 7, 17, 16, 14, 15, 7, 18, 20, 12, 11, 1, 13, 19, 11, 15, 19, 15, 1, 12, 4, 11, 13, 4, 11, 13, 1, 13, 7, 5, 1, 7, 1]
bestever    2098    in generation 378
[5, 3, 2, 12, 14, 3, 3, 2, 12, 10, 12, 10, 14, 16, 2, 9, 10, 3, 5, 7, 9, 7, 18, 8, 5, 14, 6, 10, 10, 5, 2, 12, 19, 16, 14, 5, 10, 5, 8, 3, 13, 5, 3, 18, 15, 2, 7, 9, 3, 18, 18, 2, 10, 17, 18, 6, 9, 14, 14, 10, 8, 6, 15, 6, 9, 14, 16, 16, 2, 6, 9, 16, 20, 16, 20, 3, 17, 16, 17, 2, 4, 13, 14, 5, 10, 8, 3, 15, 17, 2, 8, 20, 15, 15, 16, 16, 8, 9, 9, 17, 19, 6, 8, 19, 9, 10, 6, 20, 8, 17, 14, 20, 2, 17, 6, 17, 12, 3, 11, 11, 18, 20, 4, 8, 19, 20, 19, 12, 18, 4, 4, 19, 18, 16, 18, 4, 20, 19, 7, 1, 12, 15, 19, 4, 6, 20, 7, 15, 4, 13, 7, 12, 11, 1, 13, 11, 1, 9, 1, 13, 6, 5, 4, 11, 13, 8, 1, 17, 7, 17, 11, 14, 15, 7, 18, 20, 12, 11, 1, 13, 19, 11, 15, 19, 15, 1, 12, 4, 11, 13, 4, 11, 13, 1, 13, 7, 5, 1, 7, 1]
bestever    2082    in generation 393
[5, 3, 2, 12, 14, 3, 3, 2, 12, 10, 12, 10, 14, 16, 2, 9, 10, 3, 5, 7, 9, 7, 18, 8, 5, 14, 6, 10, 10, 5, 2, 12, 19, 16, 14, 5, 10, 5, 8, 3, 13, 5, 3, 18, 15, 2, 7, 9, 3, 18, 18, 2, 10, 17, 18, 6, 9, 14, 14, 10, 8, 6, 15, 6, 9, 14, 16, 16, 2, 6, 9, 16, 20, 16, 20, 3, 17, 16, 17, 2, 4, 13, 14, 5, 10, 8, 3, 15, 17, 2, 8, 20, 15, 15, 16, 16, 8, 9, 9, 17, 19, 6, 8, 19, 9, 10, 6, 20, 8, 17, 14, 20, 2, 17, 6, 17, 12, 3, 11, 11, 18, 20, 4, 8, 19, 20, 19, 12, 18, 4, 4, 19, 18, 16, 18, 4, 20, 19, 7, 1, 12, 15, 19, 4, 6, 20, 7, 15, 4, 13, 7, 12, 11, 1, 11, 9, 13, 6, 5, 4, 11, 13, 8, 1, 17, 7, 17, 14, 15, 7, 18, 20, 12, 11, 1, 13, 11, 1, 1, 13, 19, 11, 15, 19, 15, 1, 12, 4, 11, 13, 4, 11, 13, 1, 13, 7, 5, 1, 7, 1]
bestever    2079    in generation 394
[5, 3, 2, 12, 14, 3, 3, 2, 12, 10, 12, 10, 14, 16, 2, 9, 10, 3, 5, 7, 9, 7, 18, 8, 5, 14, 6, 10, 10, 5, 2, 12, 19, 16, 14, 5, 10, 5, 8, 3, 13, 5, 3, 18, 15, 2, 7, 9, 3, 18, 18, 2, 10, 17, 18, 6, 9, 14, 14, 10, 8, 6, 15, 6, 9, 14, 16, 16, 2, 6, 9, 16, 20, 16, 20, 3, 17, 16, 17, 2, 4, 13, 14, 5, 10, 8, 3, 15, 17, 2, 8, 20, 15, 15, 16, 16, 8, 9, 9, 17, 19, 6, 8, 19, 9, 10, 6, 20, 8, 17, 14, 20, 2, 17, 6, 17, 12, 3, 11, 11, 18, 20, 4, 8, 19, 20, 19, 12, 18, 4, 4, 19, 18, 16, 18, 4, 20, 19, 7, 1, 12, 15, 19, 4, 6, 20, 7, 15, 7, 13, 7, 12, 11, 1, 11, 9, 13, 6, 5, 4, 11, 13, 8, 1, 17, 7, 17, 14, 15, 4, 18, 20, 12, 11, 1, 13, 11, 1, 1, 13, 19, 11, 15, 19, 15, 1, 12, 4, 11, 13, 4, 11, 13, 1, 13, 7, 5, 1, 7, 1]
bestever    2075    in generation 402
[5, 3, 2, 12, 14, 3, 3, 2, 12, 10, 12, 10, 14, 16, 2, 9, 10, 3, 5, 7, 9, 7, 18, 8, 5, 14, 6, 10, 10, 5, 2, 12, 19, 16, 14, 5, 10, 5, 8, 3, 13, 5, 3, 18, 15, 2, 7, 9, 3, 18, 18, 2, 10, 17, 18, 6, 9, 14, 14, 10, 8, 6, 15, 6, 9, 14, 16, 16, 2, 6, 9, 16, 20, 16, 20, 3, 17, 16, 17, 2, 4, 13, 14, 5, 10, 8, 3, 15, 17, 2, 8, 20, 15, 15, 16, 16, 8, 9, 9, 17, 19, 6, 8, 19, 9, 10, 6, 20, 8, 17, 14, 20, 2, 17, 6, 17, 12, 3, 11, 11, 18, 20, 4, 8, 19, 20, 19, 12, 18, 4, 4, 19, 18, 16, 18, 4, 20, 19, 7, 1, 12, 15, 19, 4, 6, 20, 7, 15, 7, 13, 7, 12, 11, 1, 11, 9, 13, 6, 5, 4, 11, 13, 8, 1, 17, 7, 17, 14, 15, 4, 18, 20, 12, 11, 1, 13, 11, 1, 1, 13, 19, 11, 15, 19, 15, 1, 12, 4, 11, 13, 4, 7, 5, 7, 1, 1, 13, 1, 11, 13]
bestever    2069    in generation 415
[5, 3, 2, 12, 14, 3, 3, 2, 12, 10, 12, 10, 14, 16, 2, 9, 10, 3, 5, 7, 9, 7, 18, 8, 5, 14, 6, 10, 10, 5, 2, 12, 19, 16, 14, 5, 10, 5, 8, 3, 13, 5, 3, 18, 15, 2, 7, 9, 3, 18, 18, 2, 10, 17, 18, 6, 9, 14, 14, 10, 8, 6, 15, 6, 9, 14, 16, 16, 2, 6, 9, 16, 20, 16, 20, 3, 17, 16, 17, 2, 4, 13, 14, 5, 10, 8, 3, 15, 17, 2, 8, 20, 15, 15, 16, 16, 8, 9, 9, 17, 19, 6, 8, 19, 9, 10, 6, 20, 8, 17, 14, 20, 2, 17, 6, 17, 12, 3, 11, 11, 18, 20, 4, 8, 19, 20, 19, 12, 18, 4, 4, 19, 18, 16, 18, 4, 20, 19, 7, 1, 12, 17, 19, 4, 6, 20, 7, 15, 7, 7, 12, 11, 1, 11, 9, 6, 5, 13, 8, 15, 7, 17, 14, 13, 13, 1, 4, 11, 15, 4, 18, 20, 12, 11, 1, 13, 11, 1, 1, 13, 19, 11, 15, 19, 15, 1, 12, 4, 11, 13, 4, 7, 5, 7, 1, 1, 13, 1, 11, 13]
bestever    2063    in generation 453
[5, 3, 2, 12, 14, 3, 3, 2, 12, 10, 12, 10, 14, 16, 2, 9, 10, 3, 5, 7, 9, 7, 18, 8, 5, 14, 6, 10, 10, 5, 2, 12, 19, 16, 14, 5, 10, 5, 8, 3, 13, 5, 3, 18, 15, 2, 7, 9, 3, 18, 18, 2, 10, 17, 18, 6, 9, 14, 14, 10, 8, 6, 15, 6, 9, 14, 16, 16, 2, 6, 9, 16, 20, 16, 20, 3, 17, 16, 17, 2, 4, 13, 14, 5, 10, 8, 3, 15, 17, 2, 8, 20, 15, 15, 16, 16, 8, 9, 9, 17, 19, 6, 8, 19, 9, 10, 6, 20, 8, 17, 14, 20, 2, 17, 6, 17, 12, 3, 11, 11, 18, 20, 4, 8, 19, 20, 19, 12, 18, 4, 4, 19, 18, 16, 18, 4, 20, 19, 7, 1, 12, 17, 19, 4, 6, 20, 7, 15, 7, 7, 12, 11, 1, 11, 9, 6, 5, 13, 8, 15, 7, 17, 14, 13, 1, 4, 11, 15, 4, 18, 20, 12, 11, 1, 1, 13, 11, 13, 1, 13, 19, 11, 15, 19, 15, 1, 12, 4, 11, 13, 4, 7, 5, 7, 1, 1, 13, 1, 11, 13]
bestever    2055    in generation 459
[5, 3, 2, 12, 14, 3, 3, 2, 12, 10, 12, 10, 14, 16, 2, 9, 10, 3, 5, 7, 9, 7, 18, 8, 5, 14, 6, 10, 10, 5, 2, 12, 19, 16, 14, 5, 10, 5, 8, 3, 5, 3, 18, 15, 2, 7, 9, 3, 18, 18, 2, 10, 17, 18, 6, 9, 14, 14, 10, 8, 6, 15, 6, 9, 14, 16, 16, 2, 6, 9, 16, 20, 16, 20, 3, 17, 16, 17, 2, 4, 14, 5, 10, 8, 3, 15, 17, 2, 8, 20, 15, 15, 16, 16, 8, 9, 9, 17, 19, 6, 8, 19, 9, 10, 6, 20, 8, 17, 14, 20, 2, 17, 6, 17, 12, 3, 11, 11, 18, 20, 4, 8, 19, 20, 19, 12, 18, 4, 4, 19, 18, 16, 18, 4, 20, 19, 7, 12, 17, 19, 4, 6, 20, 7, 15, 7, 7, 12, 11, 9, 6, 5, 13, 1, 11, 13, 1, 13, 8, 15, 7, 17, 14, 13, 1, 4, 11, 15, 4, 18, 20, 12, 11, 1, 1, 13, 11, 13, 1, 13, 19, 11, 15, 19, 15, 1, 12, 4, 11, 13, 4, 7, 5, 7, 1, 1, 13, 1, 11, 13]
bestever    2050    in generation 464
[5, 3, 2, 12, 14, 3, 3, 2, 12, 10, 12, 10, 14, 16, 2, 9, 10, 3, 5, 7, 9, 7, 18, 8, 5, 14, 6, 10, 10, 5, 2, 12, 19, 16, 14, 5, 10, 5, 8, 3, 13, 5, 3, 18, 15, 2, 7, 9, 3, 18, 18, 2, 10, 17, 18, 6, 9, 14, 14, 10, 8, 6, 15, 6, 9, 14, 16, 16, 2, 6, 9, 16, 20, 16, 20, 3, 17, 16, 17, 2, 4, 13, 14, 5, 10, 8, 3, 15, 17, 2, 8, 20, 15, 15, 16, 16, 8, 9, 9, 17, 19, 6, 8, 19, 9, 10, 6, 20, 8, 17, 14, 20, 2, 17, 6, 17, 12, 3, 11, 11, 18, 20, 4, 8, 19, 20, 19, 12, 18, 4, 4, 19, 18, 16, 18, 4, 20, 19, 7, 1, 12, 17, 19, 4, 15, 20, 7, 15, 7, 7, 12, 11, 1, 11, 9, 6, 5, 13, 8, 6, 7, 17, 14, 13, 1, 4, 11, 15, 4, 18, 20, 12, 11, 1, 1, 13, 11, 13, 1, 13, 19, 11, 15, 19, 15, 1, 12, 4, 11, 13, 4, 7, 5, 7, 1, 1, 13, 1, 11, 13]
bestever    2048    in generation 475
[5, 3, 2, 12, 14, 3, 3, 2, 12, 10, 14, 10, 12, 16, 2, 9, 10, 3, 5, 7, 9, 7, 18, 8, 5, 14, 6, 10, 10, 5, 2, 12, 19, 16, 14, 5, 10, 5, 8, 3, 13, 5, 3, 18, 15, 2, 7, 9, 3, 18, 18, 2, 10, 17, 18, 6, 9, 14, 14, 10, 8, 6, 15, 6, 9, 14, 16, 16, 2, 6, 9, 16, 20, 16, 20, 3, 17, 16, 17, 2, 4, 13, 14, 5, 10, 8, 3, 15, 17, 2, 8, 20, 15, 15, 16, 16, 8, 9, 9, 17, 19, 6, 8, 19, 9, 10, 6, 20, 8, 17, 14, 20, 2, 17, 6, 17, 12, 3, 11, 11, 18, 20, 4, 8, 19, 20, 19, 12, 18, 4, 4, 19, 18, 16, 18, 4, 20, 19, 7, 1, 12, 17, 19, 4, 15, 20, 7, 15, 7, 7, 12, 11, 1, 11, 9, 6, 5, 13, 8, 6, 7, 17, 14, 13, 1, 4, 11, 15, 4, 18, 20, 12, 11, 1, 1, 13, 11, 13, 1, 13, 19, 11, 15, 19, 15, 1, 12, 4, 11, 13, 4, 7, 5, 7, 1, 1, 13, 1, 11, 13]
bestever    2043    in generation 479
[5, 3, 2, 12, 14, 3, 3, 2, 12, 10, 14, 10, 12, 16, 2, 9, 10, 3, 5, 7, 9, 7, 18, 8, 5, 14, 6, 10, 10, 5, 2, 12, 19, 16, 14, 5, 10, 5, 8, 3, 13, 5, 3, 18, 15, 2, 7, 9, 3, 18, 18, 2, 10, 17, 18, 6, 9, 14, 14, 10, 8, 6, 15, 6, 9, 14, 16, 16, 2, 6, 9, 16, 20, 16, 20, 3, 17, 16, 17, 2, 4, 13, 14, 5, 10, 8, 3, 15, 17, 2, 8, 20, 15, 15, 16, 16, 8, 9, 9, 17, 19, 6, 8, 19, 9, 10, 6, 20, 8, 17, 14, 20, 2, 17, 6, 17, 12, 3, 11, 11, 18, 20, 4, 8, 19, 20, 19, 12, 18, 4, 4, 19, 18, 16, 18, 4, 20, 19, 7, 1, 12, 17, 19, 4, 15, 20, 7, 15, 7, 7, 12, 11, 1, 11, 9, 6, 5, 13, 8, 15, 7, 17, 14, 13, 1, 4, 11, 6, 4, 18, 20, 12, 11, 1, 1, 13, 11, 13, 1, 13, 19, 11, 15, 19, 15, 1, 12, 4, 11, 13, 4, 7, 5, 7, 1, 1, 13, 1, 11, 13]
bestever    2035    in generation 510
[5, 3, 2, 12, 14, 3, 3, 2, 12, 10, 14, 10, 12, 16, 2, 9, 10, 3, 5, 7, 9, 7, 18, 8, 5, 14, 6, 10, 10, 5, 2, 12, 19, 16, 14, 5, 10, 5, 8, 3, 5, 3, 18, 15, 2, 7, 9, 3, 18, 18, 2, 10, 17, 18, 6, 9, 14, 14, 10, 8, 6, 15, 6, 9, 14, 16, 16, 2, 6, 9, 16, 20, 16, 20, 3, 17, 16, 17, 2, 4, 5, 10, 8, 3, 15, 17, 2, 15, 8, 20, 14, 15, 16, 16, 8, 9, 9, 17, 19, 6, 8, 19, 10, 6, 20, 8, 17, 14, 20, 2, 17, 6, 17, 12, 3, 11, 18, 20, 4, 8, 19, 20, 19, 12, 18, 9, 11, 13, 4, 4, 19, 18, 16, 18, 4, 20, 19, 7, 1, 12, 17, 19, 4, 15, 20, 7, 15, 7, 7, 12, 11, 9, 6, 5, 11, 1, 13, 13, 8, 15, 7, 17, 14, 13, 1, 4, 11, 6, 4, 18, 20, 12, 11, 1, 1, 13, 11, 13, 1, 13, 19, 11, 15, 19, 15, 1, 12, 4, 11, 13, 4, 7, 5, 7, 1, 1, 13, 1, 11, 13]
bestever    2034    in generation 517
[5, 3, 2, 12, 14, 3, 3, 2, 12, 10, 14, 10, 12, 16, 2, 9, 10, 3, 5, 7, 9, 7, 18, 8, 5, 14, 6, 10, 10, 5, 2, 12, 19, 16, 14, 5, 10, 5, 8, 3, 5, 3, 18, 15, 2, 7, 9, 3, 18, 18, 2, 10, 17, 18, 6, 9, 14, 14, 10, 8, 6, 15, 6, 9, 14, 16, 16, 2, 6, 9, 16, 20, 16, 20, 3, 17, 16, 17, 2, 4, 5, 10, 8, 3, 15, 17, 2, 15, 8, 20, 14, 15, 16, 16, 8, 9, 9, 17, 19, 6, 8, 19, 10, 6, 9, 8, 17, 14, 20, 2, 17, 6, 17, 12, 3, 11, 18, 20, 4, 8, 19, 20, 19, 12, 18, 20, 11, 13, 4, 4, 19, 18, 16, 18, 4, 20, 19, 7, 1, 12, 17, 19, 4, 15, 20, 7, 15, 7, 7, 12, 11, 9, 6, 5, 11, 1, 13, 13, 8, 15, 7, 17, 14, 13, 1, 4, 11, 6, 4, 18, 20, 12, 11, 1, 1, 13, 11, 13, 1, 13, 19, 11, 15, 19, 15, 1, 12, 4, 11, 13, 4, 7, 5, 7, 1, 1, 13, 1, 11, 13]
bestever    2029    in generation 604
[5, 3, 2, 12, 14, 3, 3, 2, 12, 10, 14, 10, 12, 16, 2, 9, 10, 3, 5, 7, 9, 7, 18, 8, 5, 14, 6, 10, 10, 5, 2, 12, 19, 16, 14, 5, 7, 5, 8, 3, 5, 3, 18, 15, 2, 10, 9, 3, 18, 18, 2, 10, 17, 18, 6, 9, 14, 14, 10, 8, 6, 15, 6, 9, 14, 16, 16, 2, 6, 9, 16, 20, 16, 20, 3, 17, 16, 17, 2, 4, 5, 10, 8, 3, 15, 17, 2, 15, 8, 20, 14, 15, 16, 16, 8, 9, 9, 17, 19, 6, 8, 19, 10, 6, 9, 8, 17, 14, 20, 2, 17, 6, 17, 12, 3, 11, 18, 20, 4, 8, 19, 20, 19, 12, 18, 20, 11, 13, 4, 4, 19, 18, 16, 18, 4, 20, 19, 7, 12, 17, 19, 4, 15, 20, 7, 15, 7, 7, 11, 9, 6, 13, 8, 11, 17, 14, 1, 12, 15, 13, 5, 4, 11, 6, 4, 18, 20, 7, 11, 1, 1, 13, 11, 13, 1, 13, 19, 11, 15, 19, 15, 1, 12, 4, 11, 13, 4, 7, 5, 12, 1, 1, 13, 7, 1, 1, 13, 1, 11, 13]
bestever    2025    in generation 635
[5, 3, 2, 12, 14, 3, 3, 2, 12, 10, 14, 10, 12, 16, 2, 9, 10, 3, 5, 7, 9, 7, 18, 8, 5, 14, 6, 10, 10, 5, 2, 12, 19, 16, 14, 5, 7, 5, 8, 3, 5, 3, 18, 15, 2, 10, 9, 3, 18, 18, 2, 10, 17, 18, 6, 9, 14, 14, 10, 8, 6, 15, 6, 9, 14, 16, 16, 2, 6, 9, 16, 20, 16, 20, 3, 17, 16, 17, 2, 4, 5, 10, 8, 3, 15, 17, 2, 15, 8, 20, 14, 15, 16, 16, 8, 9, 9, 17, 19, 6, 8, 19, 10, 6, 9, 8, 17, 14, 20, 2, 17, 1, 17, 12, 3, 11, 18, 20, 4, 8, 19, 20, 19, 12, 18, 20, 11, 13, 4, 4, 19, 18, 16, 18, 4, 20, 19, 7, 12, 17, 19, 4, 15, 20, 7, 15, 7, 7, 11, 9, 6, 13, 8, 11, 17, 14, 1, 12, 15, 13, 5, 4, 11, 6, 4, 18, 20, 7, 11, 6, 1, 13, 11, 13, 1, 13, 19, 11, 15, 19, 15, 1, 12, 4, 11, 13, 4, 7, 5, 12, 1, 1, 13, 7, 1, 1, 13, 1, 11, 13]
bestever    2014    in generation 659
[5, 3, 2, 12, 14, 3, 3, 2, 12, 10, 14, 10, 12, 16, 2, 9, 10, 3, 5, 7, 9, 7, 18, 8, 5, 14, 6, 10, 10, 5, 2, 7, 19, 16, 14, 5, 12, 5, 8, 3, 5, 3, 18, 15, 2, 10, 9, 3, 18, 18, 2, 10, 17, 18, 6, 9, 14, 14, 10, 8, 6, 17, 6, 9, 14, 16, 16, 2, 5, 9, 16, 20, 16, 20, 3, 17, 16, 15, 2, 4, 6, 10, 8, 3, 15, 17, 2, 15, 8, 20, 14, 15, 16, 16, 8, 9, 9, 17, 19, 6, 8, 19, 10, 6, 9, 8, 17, 14, 20, 2, 17, 6, 17, 12, 3, 11, 18, 20, 4, 8, 19, 20, 19, 12, 18, 20, 11, 13, 4, 4, 19, 18, 16, 18, 4, 20, 19, 7, 12, 17, 19, 4, 15, 20, 7, 15, 7, 7, 11, 9, 6, 13, 8, 11, 17, 14, 1, 12, 15, 13, 5, 4, 11, 6, 4, 18, 20, 7, 11, 1, 1, 13, 11, 13, 1, 13, 19, 11, 15, 19, 15, 1, 12, 4, 11, 13, 4, 7, 5, 12, 1, 1, 13, 7, 1, 1, 13, 1, 11, 13]
bestever    1993    in generation 717
[5, 3, 2, 12, 14, 3, 3, 2, 12, 10, 14, 10, 12, 16, 2, 9, 10, 3, 5, 7, 9, 7, 18, 8, 5, 14, 6, 10, 10, 5, 2, 7, 19, 16, 14, 5, 12, 5, 8, 3, 5, 3, 18, 15, 2, 10, 9, 3, 18, 18, 2, 10, 17, 18, 6, 9, 14, 14, 10, 8, 6, 17, 6, 9, 14, 16, 16, 2, 5, 9, 16, 20, 16, 20, 3, 17, 16, 15, 2, 4, 6, 10, 8, 3, 15, 17, 2, 15, 8, 20, 14, 15, 16, 16, 8, 9, 9, 17, 19, 6, 8, 19, 10, 6, 9, 8, 17, 14, 20, 2, 17, 6, 17, 12, 3, 11, 18, 20, 4, 8, 19, 20, 19, 12, 18, 20, 11, 13, 4, 4, 19, 18, 16, 18, 4, 20, 19, 7, 12, 17, 19, 4, 15, 20, 7, 15, 7, 7, 11, 9, 6, 13, 8, 11, 17, 14, 1, 12, 15, 13, 5, 4, 11, 6, 4, 18, 20, 7, 11, 1, 1, 13, 11, 13, 19, 11, 15, 19, 15, 1, 12, 1, 1, 7, 13, 1, 12, 13, 5, 4, 4, 7, 1, 1, 13, 11, 13, 1, 13, 11]
bestever    1992    in generation 728
[5, 3, 2, 12, 14, 3, 3, 2, 12, 10, 14, 10, 12, 16, 2, 9, 10, 3, 5, 7, 9, 18, 18, 8, 5, 14, 6, 10, 10, 5, 2, 7, 19, 16, 14, 5, 12, 5, 8, 3, 5, 3, 7, 15, 2, 10, 9, 3, 18, 18, 2, 10, 17, 18, 6, 9, 14, 14, 10, 8, 6, 17, 6, 9, 14, 16, 16, 2, 5, 9, 16, 20, 16, 20, 3, 17, 16, 15, 2, 4, 6, 10, 8, 3, 15, 17, 2, 15, 8, 20, 14, 15, 16, 16, 8, 9, 9, 17, 19, 6, 8, 19, 10, 6, 9, 8, 17, 14, 20, 2, 17, 6, 17, 12, 3, 11, 18, 20, 4, 8, 19, 20, 19, 12, 18, 20, 11, 4, 4, 19, 18, 16, 18, 4, 20, 19, 7, 12, 17, 19, 4, 15, 20, 7, 15, 7, 7, 11, 9, 6, 8, 11, 17, 14, 12, 15, 5, 4, 6, 4, 18, 20, 11, 13, 11, 1, 1, 7, 13, 1, 13, 13, 11, 13, 19, 11, 15, 19, 15, 1, 12, 1, 1, 7, 13, 1, 12, 13, 5, 4, 4, 7, 1, 1, 13, 11, 13, 1, 13, 11]
bestever    1983    in generation 764
[5, 3, 2, 12, 14, 3, 3, 2, 12, 10, 14, 10, 12, 16, 2, 9, 10, 3, 5, 7, 9, 18, 18, 8, 5, 14, 6, 10, 10, 5, 2, 7, 19, 16, 14, 5, 12, 5, 8, 3, 5, 3, 7, 15, 2, 10, 9, 3, 18, 18, 2, 10, 17, 18, 6, 9, 14, 14, 10, 8, 6, 17, 6, 9, 14, 16, 16, 2, 5, 9, 16, 20, 16, 20, 3, 17, 16, 15, 2, 4, 6, 10, 8, 3, 15, 17, 2, 15, 8, 20, 14, 15, 16, 16, 8, 9, 9, 17, 19, 6, 8, 19, 10, 6, 9, 8, 17, 14, 20, 2, 17, 6, 17, 12, 3, 11, 18, 20, 4, 8, 19, 20, 19, 12, 18, 20, 11, 4, 4, 19, 18, 16, 18, 4, 20, 19, 7, 12, 17, 19, 4, 15, 20, 7, 15, 7, 7, 11, 9, 6, 8, 11, 17, 14, 12, 15, 5, 4, 6, 4, 18, 20, 11, 13, 11, 1, 1, 7, 13, 1, 13, 13, 11, 13, 19, 11, 15, 19, 15, 1, 12, 1, 1, 7, 13, 1, 12, 13, 5, 4, 4, 7, 11, 1, 13, 1, 1, 13, 11, 13]
bestever    1976    in generation 778
[5, 3, 2, 12, 14, 3, 3, 2, 12, 10, 14, 10, 12, 16, 2, 9, 10, 3, 5, 7, 9, 18, 18, 8, 5, 14, 6, 10, 10, 5, 2, 7, 19, 16, 14, 5, 12, 5, 8, 3, 5, 3, 7, 15, 2, 10, 9, 3, 18, 18, 2, 10, 17, 18, 6, 9, 14, 14, 10, 8, 6, 17, 6, 9, 14, 16, 16, 2, 5, 9, 16, 20, 16, 20, 3, 17, 16, 15, 2, 4, 6, 10, 8, 3, 15, 17, 2, 15, 8, 20, 14, 15, 16, 16, 8, 9, 9, 17, 19, 6, 8, 19, 10, 6, 9, 8, 17, 14, 20, 2, 17, 6, 17, 12, 3, 11, 18, 20, 4, 8, 19, 20, 19, 12, 18, 20, 11, 4, 4, 6, 18, 16, 18, 4, 20, 19, 7, 12, 17, 19, 4, 15, 20, 7, 15, 7, 7, 11, 9, 19, 8, 11, 17, 14, 12, 15, 5, 4, 6, 4, 18, 20, 11, 13, 11, 1, 1, 7, 13, 1, 13, 13, 11, 13, 19, 11, 15, 19, 15, 1, 12, 1, 1, 7, 13, 1, 12, 13, 5, 4, 4, 7, 11, 1, 13, 1, 1, 13, 11, 13]
bestever    1969    in generation 1092
[5, 3, 2, 12, 14, 3, 3, 2, 12, 10, 14, 10, 12, 16, 2, 9, 10, 3, 5, 7, 9, 18, 18, 8, 5, 14, 6, 10, 10, 5, 2, 7, 19, 16, 14, 5, 12, 5, 8, 3, 5, 3, 7, 15, 2, 10, 9, 3, 18, 18, 2, 10, 17, 6, 6, 9, 14, 14, 10, 8, 18, 15, 6, 9, 14, 16, 16, 2, 5, 9, 16, 20, 17, 20, 3, 17, 16, 17, 2, 4, 6, 10, 8, 3, 15, 16, 2, 15, 8, 20, 14, 15, 16, 16, 8, 9, 9, 17, 19, 6, 8, 19, 10, 6, 9, 8, 17, 14, 20, 2, 17, 6, 17, 12, 3, 11, 18, 11, 20, 4, 8, 19, 20, 19, 12, 18, 20, 11, 13, 4, 4, 6, 18, 16, 18, 4, 20, 19, 7, 12, 17, 19, 4, 15, 20, 7, 15, 7, 7, 9, 19, 8, 11, 17, 14, 12, 15, 5, 4, 6, 4, 18, 20, 11, 13, 11, 19, 15, 19, 15, 11, 1, 1, 7, 13, 1, 13, 12, 13, 11, 1, 1, 1, 7, 13, 1, 12, 13, 5, 4, 4, 7, 11, 1, 13, 1, 1, 13, 11, 13]
bestever    1960    in generation 1118
[5, 3, 2, 12, 14, 3, 3, 2, 12, 10, 14, 10, 12, 16, 2, 9, 10, 3, 5, 9, 18, 18, 8, 5, 14, 6, 10, 10, 5, 2, 19, 16, 14, 5, 12, 5, 8, 3, 5, 3, 7, 15, 2, 10, 9, 3, 18, 18, 2, 10, 17, 6, 6, 9, 14, 14, 10, 8, 18, 15, 6, 9, 14, 16, 16, 2, 5, 9, 16, 20, 17, 20, 3, 17, 16, 17, 2, 4, 6, 10, 8, 3, 15, 16, 2, 15, 8, 20, 14, 15, 16, 16, 8, 9, 9, 17, 19, 6, 8, 19, 10, 6, 9, 8, 17, 14, 20, 2, 17, 6, 17, 12, 3, 11, 18, 11, 20, 4, 8, 19, 20, 19, 12, 18, 20, 11, 13, 4, 4, 6, 18, 16, 18, 4, 20, 19, 7, 12, 17, 19, 4, 15, 20, 7, 7, 7, 15, 7, 7, 9, 19, 8, 11, 17, 14, 12, 15, 5, 4, 6, 4, 18, 20, 11, 13, 11, 19, 15, 19, 15, 11, 1, 1, 7, 13, 1, 13, 12, 13, 11, 1, 1, 1, 7, 13, 1, 12, 13, 5, 4, 4, 7, 11, 1, 13, 1, 1, 13, 11, 13]
bestever    1943    in generation 1143
[5, 3, 2, 12, 14, 3, 3, 2, 12, 10, 14, 10, 12, 16, 2, 9, 10, 3, 5, 9, 18, 18, 8, 5, 14, 6, 10, 10, 5, 2, 19, 16, 14, 5, 12, 5, 8, 3, 5, 3, 7, 15, 2, 10, 9, 3, 18, 18, 2, 10, 17, 6, 6, 9, 14, 14, 10, 8, 18, 15, 6, 9, 14, 16, 16, 2, 5, 9, 16, 20, 17, 20, 3, 17, 16, 17, 2, 4, 6, 10, 8, 3, 15, 16, 2, 15, 8, 20, 14, 15, 16, 16, 8, 9, 9, 13, 19, 6, 8, 19, 10, 6, 9, 8, 17, 14, 20, 6, 17, 2, 17, 12, 3, 11, 18, 11, 20, 4, 8, 19, 20, 19, 12, 18, 20, 11, 13, 4, 4, 6, 18, 16, 18, 4, 20, 19, 7, 12, 17, 19, 4, 15, 20, 7, 7, 7, 15, 7, 7, 9, 19, 8, 11, 17, 14, 12, 15, 5, 4, 6, 4, 18, 20, 11, 13, 11, 19, 15, 19, 15, 11, 1, 1, 7, 13, 1, 13, 12, 17, 11, 1, 1, 1, 7, 13, 1, 12, 13, 5, 4, 4, 7, 11, 1, 13, 1, 1, 13, 11, 13]
bestever    1940    in generation 1173
[5, 3, 2, 12, 14, 3, 3, 2, 12, 10, 14, 10, 12, 16, 2, 9, 10, 3, 5, 9, 18, 18, 8, 5, 14, 6, 10, 10, 5, 2, 19, 16, 14, 5, 12, 5, 15, 3, 5, 3, 7, 8, 2, 10, 9, 3, 18, 18, 2, 10, 17, 6, 6, 9, 14, 14, 10, 8, 18, 15, 6, 9, 14, 16, 16, 2, 5, 9, 16, 20, 17, 20, 3, 17, 16, 17, 2, 4, 6, 10, 8, 3, 15, 16, 2, 15, 8, 20, 14, 15, 16, 16, 8, 9, 9, 13, 19, 6, 8, 19, 10, 6, 9, 8, 17, 14, 20, 6, 17, 2, 17, 12, 3, 11, 18, 11, 20, 4, 8, 19, 20, 19, 12, 18, 20, 11, 13, 4, 4, 6, 18, 16, 18, 4, 20, 19, 7, 12, 17, 19, 4, 15, 20, 7, 7, 7, 15, 7, 7, 9, 19, 8, 11, 17, 14, 12, 15, 5, 4, 6, 4, 18, 20, 11, 13, 11, 19, 15, 19, 15, 11, 1, 1, 7, 13, 1, 13, 12, 17, 11, 1, 1, 1, 7, 13, 1, 12, 13, 5, 4, 4, 7, 11, 1, 13, 1, 1, 13, 11, 13]
bestever    1934    in generation 1216
[5, 3, 2, 12, 14, 3, 3, 2, 12, 10, 14, 10, 12, 16, 2, 9, 10, 3, 5, 9, 18, 18, 8, 5, 14, 6, 10, 10, 5, 2, 19, 16, 14, 5, 12, 5, 15, 3, 5, 3, 7, 8, 2, 10, 9, 3, 18, 18, 2, 10, 17, 6, 6, 9, 14, 14, 10, 8, 18, 15, 6, 9, 14, 16, 16, 2, 9, 16, 20, 17, 20, 3, 17, 16, 17, 2, 4, 6, 10, 8, 3, 15, 16, 2, 15, 8, 20, 14, 15, 16, 16, 8, 9, 9, 13, 19, 6, 8, 19, 10, 6, 9, 8, 17, 14, 20, 6, 17, 2, 17, 12, 3, 11, 18, 11, 20, 4, 8, 19, 20, 19, 12, 18, 20, 4, 4, 6, 18, 16, 18, 4, 20, 19, 7, 12, 17, 19, 4, 15, 20, 5, 7, 7, 7, 15, 7, 7, 9, 19, 8, 11, 17, 14, 12, 15, 5, 4, 6, 4, 18, 20, 11, 13, 11, 19, 15, 19, 15, 11, 1, 1, 7, 13, 1, 13, 12, 17, 11, 1, 1, 1, 7, 13, 1, 12, 13, 5, 4, 4, 7, 11, 1, 13, 1, 1, 13, 11, 13, 11, 13]
bestever    1933    in generation 1309
[3, 2, 12, 14, 3, 3, 5, 2, 12, 10, 14, 10, 12, 16, 2, 9, 10, 3, 5, 9, 18, 18, 5, 8, 14, 6, 10, 10, 5, 2, 19, 16, 14, 5, 12, 5, 15, 3, 5, 3, 7, 8, 2, 10, 9, 3, 18, 18, 2, 10, 17, 6, 6, 9, 14, 14, 10, 8, 18, 15, 6, 9, 14, 16, 16, 2, 9, 16, 20, 17, 20, 3, 17, 16, 17, 2, 4, 6, 10, 8, 3, 15, 16, 2, 15, 8, 20, 14, 15, 16, 16, 8, 9, 9, 13, 19, 6, 8, 19, 10, 6, 9, 8, 17, 14, 20, 6, 17, 2, 17, 12, 3, 11, 18, 11, 20, 4, 8, 19, 20, 19, 12, 18, 20, 4, 4, 6, 18, 16, 18, 4, 20, 19, 7, 12, 17, 19, 4, 15, 20, 5, 7, 7, 7, 15, 7, 7, 9, 19, 8, 11, 17, 14, 12, 15, 5, 4, 6, 4, 18, 20, 11, 13, 11, 19, 15, 19, 15, 11, 1, 1, 7, 13, 1, 13, 12, 17, 11, 1, 1, 1, 7, 13, 1, 12, 13, 5, 4, 4, 7, 11, 1, 13, 1, 1, 13, 11, 13, 11, 13]
bestever    1925    in generation 1324
[3, 2, 12, 14, 3, 3, 5, 2, 12, 10, 14, 10, 12, 10, 2, 9, 10, 3, 5, 9, 18, 18, 5, 8, 14, 6, 10, 10, 5, 2, 19, 16, 14, 5, 12, 5, 15, 3, 5, 3, 7, 8, 2, 10, 9, 3, 18, 18, 2, 10, 17, 6, 6, 9, 14, 14, 16, 8, 18, 15, 6, 9, 14, 16, 16, 2, 9, 16, 20, 17, 20, 3, 17, 16, 17, 2, 4, 6, 10, 8, 3, 15, 16, 2, 15, 8, 20, 14, 15, 16, 16, 8, 9, 9, 13, 19, 6, 8, 19, 10, 6, 9, 8, 17, 14, 20, 6, 17, 2, 17, 12, 3, 11, 18, 11, 20, 4, 8, 19, 20, 19, 12, 18, 20, 4, 4, 6, 18, 16, 18, 4, 20, 19, 7, 12, 17, 19, 4, 15, 20, 5, 7, 7, 7, 15, 7, 7, 9, 19, 8, 11, 17, 14, 12, 15, 5, 4, 6, 4, 18, 20, 11, 13, 11, 19, 15, 19, 15, 11, 1, 1, 7, 13, 1, 13, 12, 17, 11, 1, 1, 1, 7, 13, 1, 12, 13, 5, 4, 4, 7, 11, 1, 13, 1, 1, 13, 11, 13, 11, 13]
bestever    1917    in generation 1403
[3, 2, 12, 3, 3, 5, 2, 12, 10, 14, 10, 12, 10, 2, 9, 10, 3, 5, 9, 18, 14, 18, 5, 8, 14, 6, 10, 10, 5, 2, 19, 16, 14, 5, 12, 5, 15, 3, 5, 3, 7, 8, 2, 10, 9, 3, 18, 18, 2, 10, 17, 6, 6, 9, 14, 14, 16, 8, 18, 15, 6, 9, 14, 16, 16, 2, 9, 16, 20, 17, 20, 3, 17, 16, 17, 2, 4, 6, 10, 8, 3, 15, 16, 2, 15, 8, 20, 14, 15, 16, 16, 8, 9, 9, 13, 19, 6, 8, 19, 10, 6, 9, 8, 17, 14, 20, 6, 17, 2, 17, 12, 3, 11, 18, 11, 20, 4, 8, 19, 20, 19, 12, 18, 20, 4, 4, 6, 18, 16, 18, 4, 20, 19, 7, 12, 17, 19, 4, 15, 20, 5, 7, 7, 7, 15, 7, 7, 9, 19, 8, 11, 17, 14, 12, 15, 5, 4, 6, 4, 18, 20, 11, 13, 11, 19, 15, 19, 15, 11, 1, 1, 7, 13, 17, 13, 12, 1, 11, 1, 1, 1, 7, 13, 1, 12, 13, 5, 4, 4, 7, 11, 1, 13, 1, 1, 13, 11, 13, 11, 13]
bestever    1916    in generation 1422
[3, 2, 12, 3, 3, 5, 2, 12, 10, 14, 10, 12, 10, 2, 9, 10, 3, 5, 9, 18, 14, 18, 5, 8, 9, 6, 10, 10, 5, 2, 19, 16, 14, 5, 12, 5, 15, 3, 5, 3, 7, 8, 2, 10, 9, 3, 18, 18, 2, 10, 17, 6, 6, 9, 14, 14, 16, 8, 18, 15, 6, 9, 14, 16, 16, 2, 9, 16, 20, 17, 20, 3, 17, 16, 17, 2, 4, 6, 10, 8, 3, 15, 16, 2, 15, 8, 20, 14, 15, 16, 16, 8, 9, 9, 13, 19, 6, 8, 19, 10, 6, 14, 8, 17, 14, 20, 6, 17, 2, 17, 12, 3, 11, 18, 11, 20, 4, 8, 19, 20, 19, 12, 18, 20, 4, 4, 6, 18, 16, 18, 4, 20, 19, 7, 12, 17, 19, 4, 15, 20, 5, 7, 7, 7, 15, 7, 7, 9, 19, 8, 11, 17, 14, 12, 15, 5, 4, 6, 4, 18, 20, 11, 13, 11, 19, 15, 19, 15, 11, 1, 1, 7, 13, 17, 13, 12, 1, 11, 1, 1, 1, 7, 13, 1, 12, 13, 5, 4, 4, 7, 11, 1, 13, 1, 1, 13, 11, 13, 11, 13]
bestever    1907    in generation 1468
[3, 2, 12, 3, 3, 5, 2, 12, 10, 14, 10, 12, 10, 2, 9, 10, 3, 5, 9, 18, 14, 18, 5, 8, 9, 6, 10, 10, 5, 2, 19, 16, 14, 5, 12, 5, 15, 3, 5, 3, 18, 8, 2, 10, 9, 3, 18, 18, 2, 10, 17, 6, 6, 9, 14, 14, 16, 8, 18, 15, 6, 9, 14, 16, 16, 2, 9, 16, 20, 17, 20, 3, 17, 16, 17, 2, 4, 6, 10, 8, 3, 15, 16, 2, 9, 8, 20, 14, 15, 16, 16, 8, 15, 9, 13, 19, 6, 8, 19, 10, 6, 14, 8, 17, 14, 20, 6, 17, 2, 17, 12, 3, 11, 18, 11, 20, 4, 8, 19, 20, 19, 12, 7, 20, 4, 4, 6, 18, 16, 18, 4, 20, 19, 7, 12, 17, 19, 4, 15, 20, 5, 7, 7, 7, 15, 7, 7, 9, 19, 8, 11, 17, 14, 12, 15, 5, 4, 6, 4, 18, 20, 11, 13, 11, 19, 15, 19, 15, 11, 1, 1, 7, 13, 17, 13, 12, 1, 11, 1, 1, 1, 7, 13, 1, 12, 13, 5, 4, 4, 7, 11, 1, 13, 1, 1, 13, 11, 13, 11, 13]
bestever    1890    in generation 2547
[3, 2, 12, 3, 3, 5, 2, 12, 10, 14, 10, 12, 10, 2, 9, 10, 3, 5, 9, 18, 14, 18, 5, 8, 9, 6, 10, 10, 5, 13, 2, 19, 16, 14, 5, 12, 5, 15, 3, 5, 3, 18, 8, 2, 10, 9, 3, 18, 18, 2, 10, 17, 6, 6, 9, 14, 14, 16, 8, 18, 15, 6, 9, 14, 16, 16, 2, 9, 16, 20, 17, 8, 20, 3, 17, 16, 17, 2, 4, 6, 10, 8, 3, 15, 16, 2, 9, 8, 1, 20, 14, 15, 16, 16, 15, 9, 19, 6, 8, 18, 19, 10, 6, 14, 8, 17, 14, 20, 6, 17, 2, 17, 3, 12, 11, 18, 11, 20, 4, 8, 19, 20, 19, 12, 7, 20, 4, 1, 4, 6, 16, 18, 4, 11, 20, 19, 7, 12, 17, 19, 4, 15, 20, 5, 7, 1, 7, 7, 15, 7, 7, 9, 19, 8, 5, 17, 14, 12, 15, 4, 6, 4, 18, 20, 11, 1, 19, 15, 19, 15, 7, 13, 17, 12, 1, 1, 13, 13, 11, 12, 5, 4, 7, 11, 1, 13, 1, 13, 11, 4, 7, 11, 1, 13, 1, 13, 11, 13, 11, 13]
bestever    1888    in generation 2579
[3, 2, 12, 3, 3, 5, 2, 12, 10, 14, 10, 12, 10, 2, 9, 10, 3, 5, 9, 18, 14, 10, 5, 8, 9, 6, 10, 10, 5, 13, 2, 19, 16, 14, 5, 12, 5, 15, 3, 5, 3, 18, 8, 2, 10, 9, 3, 18, 18, 2, 10, 17, 6, 6, 9, 14, 14, 16, 8, 18, 15, 6, 9, 14, 16, 16, 2, 9, 16, 20, 17, 8, 20, 3, 17, 16, 17, 2, 4, 6, 10, 8, 3, 15, 16, 2, 9, 8, 1, 20, 14, 15, 16, 16, 15, 9, 19, 6, 8, 18, 19, 18, 6, 14, 8, 17, 14, 20, 6, 17, 2, 17, 3, 12, 11, 18, 11, 20, 4, 8, 19, 20, 19, 12, 7, 20, 4, 1, 4, 6, 16, 18, 4, 11, 20, 19, 7, 12, 17, 19, 4, 15, 20, 5, 7, 1, 7, 7, 15, 7, 7, 9, 19, 8, 5, 17, 14, 12, 15, 4, 6, 4, 18, 20, 11, 1, 19, 15, 19, 15, 7, 13, 17, 12, 1, 1, 13, 13, 11, 12, 5, 4, 7, 11, 1, 13, 1, 13, 11, 4, 7, 11, 1, 13, 1, 13, 11, 13, 11, 13]
bestever    1886    in generation 2614
[3, 2, 12, 3, 3, 5, 2, 12, 10, 14, 10, 12, 10, 2, 9, 10, 3, 5, 9, 18, 14, 10, 5, 8, 9, 6, 10, 10, 5, 13, 2, 19, 16, 14, 5, 12, 5, 15, 3, 5, 3, 18, 8, 9, 10, 9, 3, 18, 18, 2, 10, 17, 6, 6, 9, 14, 14, 16, 8, 18, 15, 6, 9, 14, 16, 16, 2, 2, 16, 20, 17, 8, 20, 3, 17, 16, 17, 2, 4, 6, 10, 8, 3, 15, 16, 2, 9, 8, 1, 20, 14, 15, 16, 16, 15, 9, 19, 6, 8, 18, 19, 18, 6, 14, 8, 17, 14, 20, 6, 17, 2, 17, 3, 12, 11, 18, 11, 20, 4, 8, 19, 20, 19, 12, 7, 20, 4, 1, 4, 6, 16, 18, 11, 20, 19, 7, 12, 17, 19, 20, 5, 7, 1, 7, 7, 15, 7, 7, 9, 19, 8, 5, 17, 14, 12, 15, 4, 4, 15, 4, 6, 4, 18, 20, 11, 1, 19, 15, 19, 15, 7, 13, 17, 12, 1, 1, 13, 13, 11, 12, 5, 4, 7, 11, 1, 13, 1, 13, 11, 4, 7, 11, 1, 13, 1, 13, 11, 13, 11, 13]
bestever    1885    in generation 2630
[3, 2, 12, 3, 3, 5, 2, 12, 10, 14, 10, 12, 10, 2, 9, 10, 3, 5, 9, 18, 14, 10, 5, 8, 9, 6, 10, 10, 5, 2, 19, 16, 14, 5, 12, 5, 15, 3, 5, 3, 18, 8, 9, 10, 9, 3, 18, 18, 2, 10, 17, 6, 6, 9, 14, 14, 16, 8, 18, 15, 6, 9, 14, 16, 16, 2, 2, 16, 20, 17, 8, 20, 3, 17, 16, 17, 2, 4, 6, 10, 8, 3, 15, 16, 2, 9, 8, 1, 20, 14, 15, 16, 16, 15, 9, 19, 6, 8, 18, 19, 18, 6, 14, 8, 17, 14, 20, 6, 17, 2, 17, 3, 12, 11, 18, 11, 20, 4, 8, 19, 20, 19, 12, 7, 20, 4, 1, 4, 6, 16, 18, 20, 19, 7, 12, 17, 19, 20, 5, 7, 1, 7, 7, 15, 7, 7, 9, 19, 8, 5, 17, 14, 12, 15, 4, 4, 15, 4, 6, 4, 18, 20, 11, 13, 11, 1, 19, 15, 19, 1, 7, 13, 17, 12, 15, 1, 13, 13, 11, 12, 5, 4, 7, 11, 1, 13, 1, 13, 11, 4, 7, 11, 1, 13, 1, 13, 11, 13, 11, 13]
bestever    1871    in generation 2679
[3, 2, 12, 3, 3, 3, 2, 12, 10, 14, 10, 12, 10, 2, 9, 10, 3, 5, 9, 18, 14, 10, 5, 8, 9, 6, 10, 10, 5, 2, 19, 16, 14, 5, 12, 5, 15, 3, 5, 3, 18, 8, 9, 10, 9, 5, 18, 18, 2, 10, 17, 6, 6, 9, 14, 14, 16, 8, 18, 15, 6, 9, 14, 16, 16, 2, 2, 16, 20, 17, 8, 20, 3, 17, 16, 17, 2, 4, 6, 10, 8, 3, 15, 16, 2, 9, 8, 1, 20, 14, 15, 16, 16, 15, 9, 19, 6, 8, 18, 15, 18, 6, 14, 8, 17, 14, 20, 6, 17, 2, 17, 3, 12, 11, 18, 11, 20, 4, 8, 19, 20, 19, 12, 7, 20, 4, 1, 4, 6, 16, 18, 20, 19, 7, 12, 17, 19, 20, 5, 7, 1, 7, 7, 19, 7, 7, 9, 19, 8, 5, 17, 14, 12, 15, 4, 4, 15, 4, 6, 4, 18, 20, 11, 13, 11, 1, 19, 15, 19, 1, 7, 13, 17, 12, 15, 1, 12, 5, 4, 13, 13, 11, 7, 11, 1, 13, 1, 13, 11, 4, 7, 11, 1, 13, 1, 13, 11, 13, 11, 13]
bestever    1870    in generation 2726
[3, 2, 12, 3, 3, 3, 2, 12, 10, 14, 10, 12, 10, 2, 14, 10, 3, 5, 9, 18, 14, 10, 5, 8, 9, 6, 10, 10, 5, 2, 19, 16, 14, 5, 12, 5, 15, 3, 5, 3, 18, 8, 9, 10, 9, 5, 18, 18, 2, 10, 17, 6, 6, 9, 14, 9, 16, 8, 18, 15, 6, 9, 14, 16, 16, 2, 2, 16, 20, 17, 8, 20, 3, 17, 16, 17, 2, 4, 6, 10, 8, 3, 15, 16, 2, 9, 8, 1, 20, 14, 15, 16, 16, 15, 9, 19, 6, 8, 18, 15, 18, 6, 14, 8, 17, 14, 20, 6, 17, 2, 17, 3, 12, 11, 18, 11, 20, 4, 8, 19, 20, 19, 12, 7, 20, 4, 1, 4, 6, 16, 18, 20, 19, 7, 12, 17, 19, 20, 5, 7, 1, 7, 7, 19, 7, 7, 9, 19, 8, 5, 17, 14, 12, 15, 4, 4, 15, 4, 6, 4, 18, 20, 11, 13, 11, 1, 19, 15, 19, 1, 7, 13, 17, 12, 15, 1, 12, 5, 4, 13, 13, 11, 7, 11, 1, 13, 1, 13, 11, 4, 7, 11, 1, 13, 1, 13, 11, 13, 11, 13]
bestever    1866    in generation 3007
[3, 2, 12, 3, 3, 3, 2, 12, 10, 14, 10, 12, 10, 2, 14, 10, 3, 5, 9, 18, 14, 10, 5, 8, 9, 5, 10, 10, 6, 2, 19, 16, 14, 5, 12, 5, 15, 3, 5, 3, 18, 8, 9, 13, 9, 5, 18, 18, 2, 10, 17, 6, 6, 9, 14, 9, 16, 8, 18, 15, 6, 9, 14, 16, 16, 2, 2, 16, 20, 18, 17, 8, 20, 3, 17, 16, 17, 2, 4, 6, 10, 8, 3, 15, 16, 2, 9, 8, 1, 20, 14, 15, 16, 16, 15, 9, 6, 19, 8, 15, 18, 6, 14, 8, 17, 14, 20, 6, 17, 2, 17, 3, 12, 11, 18, 11, 20, 4, 8, 19, 20, 19, 12, 7, 20, 4, 1, 4, 6, 16, 18, 20, 19, 7, 12, 17, 20, 5, 1, 7, 19, 7, 7, 19, 7, 9, 19, 8, 5, 17, 14, 15, 4, 4, 15, 4, 6, 18, 20, 11, 10, 11, 1, 19, 15, 19, 1, 7, 13, 17, 12, 15, 1, 12, 4, 13, 12, 5, 4, 7, 13, 11, 7, 11, 1, 13, 1, 13, 11, 4, 7, 11, 1, 13, 1, 13, 11, 13, 11, 13]
bestever    1863    in generation 4085
[2, 3, 2, 12, 3, 3, 3, 2, 12, 10, 14, 10, 12, 10, 2, 9, 14, 10, 3, 5, 3, 18, 14, 10, 5, 8, 9, 5, 10, 10, 6, 2, 19, 16, 14, 5, 12, 5, 15, 3, 5, 3, 18, 8, 9, 9, 5, 18, 18, 2, 10, 17, 6, 6, 9, 14, 9, 16, 8, 18, 15, 6, 9, 14, 16, 16, 2, 2, 16, 20, 18, 17, 8, 19, 3, 17, 16, 17, 2, 4, 6, 10, 6, 8, 15, 16, 19, 9, 8, 1, 20, 14, 15, 16, 16, 15, 9, 19, 8, 15, 18, 6, 14, 8, 17, 14, 20, 6, 17, 2, 17, 3, 20, 12, 18, 20, 4, 8, 19, 20, 12, 7, 20, 4, 1, 1, 4, 6, 16, 13, 18, 20, 19, 7, 12, 17, 20, 5, 7, 19, 7, 7, 19, 7, 9, 8, 5, 17, 14, 15, 4, 4, 15, 4, 6, 18, 20, 11, 10, 1, 19, 15, 19, 11, 17, 12, 1, 11, 1, 4, 7, 11, 15, 12, 12, 5, 4, 11, 7, 7, 1, 1, 1, 4, 7, 11, 13, 13, 13, 13, 11, 1, 13, 11, 13, 13, 11, 13, 11, 13]
bestever    1854    in generation 4879
[2, 3, 2, 12, 14, 3, 3, 3, 2, 12, 10, 14, 10, 12, 10, 2, 9, 10, 3, 5, 3, 18, 14, 10, 5, 14, 9, 5, 10, 10, 6, 2, 19, 16, 14, 5, 12, 5, 15, 3, 5, 18, 18, 8, 9, 9, 5, 18, 3, 2, 9, 17, 6, 6, 9, 14, 10, 16, 1, 18, 15, 6, 9, 8, 16, 16, 2, 4, 2, 2, 16, 20, 18, 17, 8, 19, 3, 17, 16, 17, 6, 10, 6, 8, 15, 16, 19, 9, 8, 1, 20, 14, 15, 16, 16, 15, 9, 19, 8, 15, 18, 6, 14, 8, 17, 14, 20, 6, 17, 2, 17, 3, 20, 12, 18, 20, 4, 8, 19, 20, 12, 7, 20, 4, 1, 8, 4, 6, 16, 18, 20, 19, 12, 17, 20, 5, 7, 7, 7, 19, 7, 19, 19, 7, 9, 8, 5, 17, 14, 15, 4, 4, 15, 4, 6, 18, 20, 11, 10, 1, 19, 15, 13, 13, 11, 17, 12, 1, 11, 1, 4, 7, 11, 15, 12, 12, 5, 4, 11, 7, 7, 1, 1, 1, 4, 7, 11, 13, 13, 13, 13, 11, 1, 13, 11, 11, 13, 13, 11, 13]
bestever    1852    in generation 4995
[2, 3, 2, 12, 14, 3, 3, 3, 2, 12, 10, 5, 14, 10, 12, 10, 2, 9, 10, 3, 5, 3, 18, 14, 10, 14, 9, 5, 10, 10, 6, 2, 19, 16, 14, 5, 12, 5, 15, 3, 5, 18, 18, 8, 9, 9, 5, 18, 3, 2, 9, 17, 6, 6, 9, 14, 10, 16, 1, 18, 15, 6, 9, 8, 16, 16, 2, 4, 2, 2, 16, 20, 18, 17, 8, 19, 3, 17, 16, 17, 6, 10, 6, 8, 15, 16, 19, 9, 8, 1, 20, 14, 15, 16, 16, 15, 9, 19, 8, 15, 18, 6, 14, 8, 17, 14, 20, 6, 17, 2, 17, 3, 20, 12, 18, 20, 4, 8, 19, 20, 12, 7, 20, 4, 1, 8, 4, 6, 16, 18, 20, 19, 12, 17, 20, 5, 7, 7, 7, 19, 7, 19, 19, 7, 9, 8, 5, 17, 14, 15, 4, 4, 15, 4, 6, 18, 20, 11, 10, 1, 19, 15, 13, 13, 11, 17, 12, 1, 11, 1, 4, 7, 11, 15, 12, 12, 5, 4, 11, 7, 7, 1, 1, 1, 4, 7, 11, 13, 13, 13, 11, 13, 1, 13, 11, 11, 13, 13, 11, 13]
bestever    1850    in generation 5249
[2, 3, 2, 12, 14, 3, 3, 3, 2, 12, 10, 5, 14, 10, 12, 10, 2, 9, 10, 3, 5, 3, 18, 14, 10, 14, 9, 5, 10, 10, 6, 2, 9, 16, 3, 5, 2, 5, 15, 3, 5, 18, 18, 8, 9, 9, 5, 18, 3, 2, 9, 17, 6, 6, 9, 14, 10, 16, 1, 18, 15, 6, 19, 8, 2, 16, 2, 16, 12, 16, 20, 18, 17, 8, 19, 3, 17, 16, 17, 6, 10, 6, 8, 15, 16, 19, 9, 8, 1, 20, 14, 15, 16, 16, 15, 9, 19, 8, 15, 18, 6, 14, 8, 17, 14, 20, 6, 17, 13, 2, 17, 14, 20, 12, 18, 20, 8, 19, 20, 12, 7, 20, 4, 1, 8, 4, 6, 16, 18, 20, 19, 12, 17, 20, 5, 7, 7, 7, 19, 7, 19, 19, 7, 9, 8, 5, 17, 14, 15, 4, 4, 4, 4, 15, 4, 6, 11, 18, 20, 11, 10, 1, 19, 15, 13, 11, 17, 12, 1, 11, 1, 4, 7, 11, 15, 12, 12, 5, 4, 11, 7, 7, 1, 1, 1, 4, 7, 11, 13, 13, 13, 13, 1, 13, 11, 11, 13, 13, 11, 13]
bestever    1832    in generation 5888
[2, 3, 2, 12, 14, 3, 3, 3, 2, 12, 10, 5, 14, 12, 10, 2, 9, 10, 6, 5, 3, 18, 14, 10, 14, 9, 5, 10, 10, 6, 2, 3, 10, 9, 16, 3, 5, 2, 5, 15, 18, 3, 5, 10, 18, 18, 8, 9, 9, 5, 18, 2, 9, 17, 6, 6, 9, 14, 10, 16, 18, 4, 15, 6, 19, 6, 8, 2, 16, 2, 16, 12, 16, 20, 18, 17, 8, 19, 3, 11, 17, 16, 17, 6, 10, 3, 8, 15, 16, 19, 9, 8, 1, 20, 14, 2, 15, 16, 16, 15, 9, 4, 19, 8, 15, 7, 18, 6, 14, 17, 8, 17, 14, 20, 6, 17, 14, 20, 12, 18, 20, 8, 19, 20, 12, 7, 20, 4, 1, 8, 6, 16, 20, 19, 12, 17, 20, 5, 7, 7, 7, 19, 19, 19, 7, 9, 8, 5, 17, 14, 15, 4, 4, 4, 15, 4, 18, 20, 1, 19, 15, 1, 17, 11, 11, 1, 11, 12, 15, 12, 12, 5, 4, 7, 13, 11, 13, 1, 4, 11, 7, 7, 1, 1, 1, 4, 7, 11, 13, 13, 13, 13, 1, 13, 11, 11, 13, 13, 11, 13]
bestever    1828    in generation 6432
[2, 3, 2, 12, 14, 3, 3, 3, 2, 12, 10, 5, 14, 12, 10, 2, 9, 10, 6, 5, 3, 18, 14, 10, 14, 9, 5, 17, 10, 6, 15, 3, 10, 9, 16, 3, 5, 2, 5, 2, 18, 3, 5, 10, 18, 18, 8, 9, 9, 5, 18, 2, 9, 17, 6, 6, 9, 6, 10, 16, 18, 4, 15, 6, 19, 14, 8, 2, 16, 2, 16, 12, 16, 20, 18, 17, 8, 19, 10, 11, 17, 16, 17, 6, 3, 3, 8, 15, 16, 19, 9, 8, 1, 20, 14, 2, 15, 16, 16, 15, 9, 4, 19, 8, 15, 18, 6, 14, 15, 10, 8, 17, 14, 20, 6, 17, 18, 20, 12, 14, 20, 8, 20, 1, 12, 20, 4, 1, 8, 6, 16, 20, 12, 17, 20, 5, 7, 7, 7, 19, 7, 19, 7, 19, 19, 19, 7, 9, 8, 17, 14, 15, 4, 4, 4, 15, 4, 18, 20, 19, 15, 1, 17, 12, 12, 5, 11, 11, 12, 5, 4, 13, 11, 13, 1, 4, 13, 11, 7, 1, 11, 7, 7, 1, 1, 1, 4, 7, 11, 13, 13, 13, 1, 13, 11, 11, 13, 13, 11, 13]
bestever    1827    in generation 7511
[2, 3, 2, 12, 3, 14, 3, 3, 3, 2, 12, 10, 2, 12, 10, 5, 14, 9, 10, 6, 5, 3, 18, 14, 10, 14, 9, 5, 17, 10, 6, 15, 3, 10, 9, 16, 5, 2, 5, 2, 18, 3, 5, 9, 10, 18, 17, 8, 9, 16, 18, 2, 9, 18, 6, 6, 9, 6, 10, 16, 18, 15, 6, 19, 14, 8, 2, 16, 2, 5, 12, 16, 20, 18, 17, 15, 8, 19, 10, 11, 17, 16, 17, 6, 3, 3, 6, 8, 15, 20, 4, 16, 19, 9, 8, 1, 20, 14, 15, 2, 15, 11, 16, 16, 1, 9, 19, 14, 15, 18, 12, 6, 8, 10, 8, 17, 14, 20, 17, 18, 14, 20, 8, 20, 12, 20, 1, 8, 6, 16, 20, 12, 20, 5, 7, 19, 7, 7, 7, 17, 4, 4, 1, 19, 7, 19, 19, 19, 7, 9, 8, 17, 14, 15, 4, 4, 4, 15, 4, 18, 12, 20, 19, 15, 7, 12, 5, 11, 11, 12, 5, 4, 7, 4, 1, 1, 7, 7, 1, 1, 1, 11, 4, 17, 11, 13, 13, 11, 11, 13, 13, 13, 13, 1, 13, 11, 11, 13, 13, 13]
bestever    1814    in generation 7642
[2, 3, 2, 12, 3, 14, 3, 3, 3, 2, 12, 10, 2, 12, 10, 5, 14, 9, 10, 6, 5, 3, 18, 14, 10, 14, 9, 5, 17, 10, 6, 15, 3, 10, 9, 16, 5, 2, 5, 2, 18, 3, 5, 9, 10, 18, 17, 8, 9, 16, 18, 2, 9, 18, 6, 6, 9, 6, 10, 16, 18, 15, 6, 19, 14, 8, 2, 16, 2, 5, 12, 16, 20, 18, 17, 15, 8, 19, 9, 11, 17, 16, 17, 6, 3, 3, 6, 8, 15, 20, 4, 16, 19, 9, 8, 1, 20, 14, 15, 2, 15, 11, 16, 16, 1, 10, 19, 14, 15, 18, 12, 6, 8, 10, 8, 17, 14, 20, 17, 18, 14, 20, 8, 20, 12, 20, 1, 8, 6, 16, 20, 12, 20, 5, 7, 19, 7, 7, 7, 17, 4, 4, 1, 19, 7, 19, 19, 19, 7, 9, 8, 17, 14, 15, 4, 11, 4, 15, 4, 18, 12, 20, 19, 15, 7, 12, 5, 4, 11, 12, 5, 4, 7, 4, 1, 1, 7, 7, 1, 1, 1, 11, 4, 17, 11, 13, 13, 11, 11, 13, 13, 13, 13, 1, 13, 11, 11, 13, 13, 13]
bestever    1813    in generation 7653
[2, 3, 2, 12, 3, 14, 3, 3, 3, 2, 12, 10, 2, 12, 10, 5, 14, 9, 10, 6, 5, 3, 18, 14, 10, 14, 9, 5, 17, 10, 6, 15, 3, 10, 9, 16, 5, 2, 5, 2, 18, 3, 5, 9, 10, 18, 17, 8, 9, 16, 18, 2, 9, 18, 6, 6, 9, 6, 10, 16, 18, 15, 6, 19, 14, 8, 2, 16, 2, 5, 12, 16, 20, 18, 17, 15, 8, 19, 9, 11, 17, 16, 17, 6, 3, 3, 6, 8, 15, 20, 4, 16, 19, 9, 8, 1, 20, 14, 15, 2, 15, 11, 16, 16, 1, 10, 19, 14, 15, 18, 12, 6, 8, 10, 8, 17, 14, 20, 17, 18, 14, 20, 8, 20, 20, 1, 8, 6, 16, 20, 12, 20, 5, 7, 19, 7, 7, 7, 17, 4, 1, 19, 7, 19, 19, 19, 7, 9, 8, 17, 14, 15, 4, 11, 4, 15, 4, 12, 4, 18, 12, 20, 19, 15, 7, 12, 5, 4, 11, 12, 5, 4, 7, 4, 1, 1, 7, 7, 1, 1, 1, 11, 4, 17, 11, 13, 13, 11, 11, 13, 13, 13, 13, 1, 13, 11, 11, 13, 13, 13]
bestever    1802    in generation 7667
[2, 3, 2, 12, 3, 14, 3, 3, 3, 2, 12, 10, 2, 12, 10, 5, 14, 9, 10, 6, 5, 3, 18, 14, 10, 14, 9, 5, 17, 10, 6, 15, 3, 10, 9, 16, 5, 2, 5, 2, 18, 3, 5, 9, 10, 18, 17, 8, 9, 16, 18, 2, 9, 18, 6, 6, 9, 6, 10, 16, 18, 15, 6, 19, 14, 8, 2, 16, 2, 5, 12, 16, 20, 18, 17, 15, 8, 19, 9, 11, 17, 16, 17, 6, 3, 3, 6, 8, 15, 20, 5, 16, 19, 9, 8, 1, 20, 14, 15, 2, 15, 11, 16, 16, 1, 10, 19, 14, 15, 18, 12, 6, 8, 10, 8, 17, 14, 20, 17, 18, 14, 20, 8, 20, 20, 1, 8, 6, 16, 20, 12, 20, 5, 7, 19, 7, 7, 7, 17, 4, 1, 19, 7, 19, 19, 19, 7, 9, 8, 17, 14, 15, 4, 11, 4, 15, 4, 12, 4, 18, 12, 20, 19, 15, 7, 12, 5, 4, 11, 12, 4, 4, 7, 4, 1, 1, 7, 7, 1, 1, 1, 11, 4, 17, 11, 13, 13, 11, 11, 13, 13, 13, 13, 1, 13, 11, 11, 13, 13, 13]
bestever    1801    in generation 7674
[2, 3, 2, 12, 3, 12, 3, 3, 3, 2, 12, 10, 2, 14, 10, 5, 14, 9, 10, 6, 5, 3, 18, 14, 10, 14, 9, 5, 17, 10, 6, 15, 3, 10, 9, 16, 5, 2, 5, 2, 18, 3, 5, 9, 10, 18, 17, 8, 9, 16, 18, 2, 9, 18, 6, 6, 9, 6, 10, 16, 18, 15, 6, 19, 14, 8, 2, 16, 2, 5, 12, 16, 20, 18, 17, 15, 8, 19, 9, 11, 17, 16, 17, 6, 3, 3, 6, 8, 15, 20, 5, 16, 19, 9, 8, 1, 20, 14, 15, 2, 15, 11, 16, 16, 1, 10, 19, 14, 15, 18, 12, 6, 8, 10, 8, 17, 14, 20, 17, 18, 14, 20, 8, 20, 20, 1, 8, 6, 16, 20, 12, 20, 5, 7, 19, 7, 7, 7, 17, 4, 1, 19, 7, 19, 19, 19, 7, 9, 8, 17, 14, 15, 4, 11, 4, 15, 4, 12, 4, 18, 12, 20, 19, 15, 7, 12, 5, 4, 11, 12, 4, 4, 7, 4, 1, 1, 7, 7, 1, 1, 1, 11, 4, 17, 11, 13, 13, 11, 11, 13, 13, 13, 13, 1, 13, 11, 11, 13, 13, 13]
bestever    1789    in generation 7822
[2, 3, 2, 12, 3, 12, 3, 3, 3, 2, 12, 10, 2, 14, 10, 5, 14, 9, 10, 6, 5, 3, 18, 14, 10, 14, 9, 5, 17, 10, 6, 15, 3, 10, 9, 16, 5, 2, 5, 2, 18, 3, 5, 9, 10, 18, 17, 8, 20, 9, 16, 18, 2, 9, 18, 6, 6, 9, 6, 10, 16, 18, 15, 6, 19, 14, 8, 2, 16, 2, 5, 12, 16, 20, 18, 17, 15, 8, 19, 9, 11, 17, 16, 17, 6, 3, 3, 6, 8, 15, 20, 5, 16, 19, 9, 8, 1, 20, 14, 15, 2, 15, 11, 16, 16, 1, 10, 19, 14, 15, 18, 12, 6, 8, 10, 8, 17, 14, 17, 18, 14, 20, 8, 20, 20, 1, 8, 6, 16, 20, 12, 20, 5, 7, 19, 7, 7, 7, 17, 4, 1, 19, 7, 19, 19, 19, 7, 9, 8, 17, 14, 15, 4, 11, 4, 15, 4, 12, 4, 18, 12, 20, 19, 15, 7, 12, 5, 4, 11, 12, 4, 4, 7, 4, 1, 1, 7, 7, 1, 1, 1, 11, 4, 17, 11, 13, 13, 11, 11, 13, 13, 13, 13, 1, 13, 11, 11, 13, 13, 13]
bestever    1780    in generation 7939
[2, 3, 2, 12, 3, 12, 2, 3, 3, 3, 12, 10, 2, 14, 10, 5, 14, 9, 10, 6, 5, 3, 18, 14, 10, 14, 9, 5, 17, 10, 6, 15, 3, 10, 9, 16, 5, 2, 5, 2, 18, 3, 5, 9, 10, 18, 17, 8, 20, 9, 16, 18, 2, 9, 18, 6, 6, 9, 6, 10, 16, 18, 15, 6, 19, 14, 8, 2, 16, 2, 5, 12, 16, 20, 18, 17, 15, 8, 19, 9, 11, 17, 16, 17, 6, 3, 3, 6, 8, 15, 20, 5, 16, 19, 9, 8, 1, 20, 14, 15, 2, 16, 11, 16, 15, 1, 10, 19, 14, 15, 18, 12, 6, 8, 10, 8, 17, 14, 17, 18, 14, 20, 8, 20, 20, 1, 8, 6, 16, 20, 12, 20, 5, 7, 19, 7, 7, 7, 17, 4, 1, 19, 7, 19, 19, 19, 7, 9, 8, 17, 14, 15, 4, 11, 4, 15, 4, 12, 4, 18, 12, 20, 19, 15, 7, 12, 5, 4, 11, 12, 4, 4, 7, 4, 1, 1, 7, 7, 1, 1, 1, 11, 4, 17, 11, 13, 13, 11, 11, 13, 13, 13, 13, 1, 13, 11, 11, 13, 13, 13]
bestever    1774    in generation 8241
[2, 3, 2, 12, 3, 12, 2, 3, 3, 3, 12, 10, 2, 14, 10, 5, 14, 9, 10, 6, 5, 3, 18, 14, 10, 14, 9, 5, 17, 10, 6, 15, 3, 10, 9, 16, 5, 2, 5, 2, 18, 3, 5, 9, 10, 18, 17, 8, 14, 20, 9, 16, 18, 2, 9, 18, 6, 6, 9, 6, 10, 16, 18, 15, 6, 19, 14, 8, 2, 16, 2, 5, 12, 16, 20, 18, 17, 15, 8, 19, 9, 11, 17, 16, 17, 6, 3, 3, 6, 8, 15, 20, 5, 16, 19, 9, 8, 1, 20, 14, 15, 2, 16, 11, 16, 15, 1, 10, 19, 14, 15, 18, 12, 6, 8, 10, 8, 17, 14, 17, 18, 20, 8, 20, 20, 1, 8, 6, 16, 20, 12, 20, 5, 7, 19, 7, 7, 7, 17, 4, 1, 19, 7, 19, 19, 19, 7, 9, 8, 17, 14, 15, 4, 11, 4, 15, 4, 12, 4, 18, 12, 20, 19, 15, 7, 12, 5, 4, 11, 12, 4, 4, 7, 4, 1, 1, 7, 7, 1, 1, 1, 11, 4, 17, 11, 13, 13, 11, 11, 13, 13, 13, 13, 1, 13, 11, 11, 13, 13, 13]
bestever    1772    in generation 8331
[2, 3, 2, 12, 3, 12, 2, 3, 3, 3, 12, 10, 2, 14, 10, 5, 14, 9, 10, 6, 5, 3, 18, 14, 10, 14, 9, 5, 17, 10, 6, 15, 3, 10, 9, 16, 5, 2, 5, 2, 18, 3, 5, 9, 10, 18, 17, 8, 14, 20, 9, 16, 18, 2, 9, 18, 6, 6, 9, 6, 10, 16, 18, 15, 6, 19, 14, 8, 2, 16, 2, 5, 9, 16, 20, 18, 17, 15, 8, 19, 9, 11, 17, 16, 17, 6, 3, 3, 6, 8, 15, 20, 5, 16, 19, 12, 8, 1, 20, 14, 15, 2, 16, 11, 16, 15, 1, 10, 19, 14, 15, 18, 12, 6, 8, 10, 8, 17, 14, 17, 18, 20, 8, 20, 20, 1, 8, 6, 16, 20, 12, 20, 5, 7, 19, 7, 7, 7, 17, 4, 1, 19, 7, 19, 19, 19, 7, 9, 8, 17, 14, 15, 4, 11, 4, 15, 4, 12, 4, 18, 12, 20, 19, 15, 7, 12, 5, 4, 11, 12, 4, 4, 7, 4, 1, 1, 7, 7, 1, 1, 1, 11, 4, 17, 11, 13, 13, 11, 11, 13, 13, 13, 13, 1, 13, 11, 11, 13, 13, 13]
bestever    1771    in generation 8369
[2, 3, 2, 12, 3, 12, 2, 3, 3, 3, 12, 10, 2, 14, 10, 5, 14, 9, 10, 6, 5, 3, 18, 14, 10, 14, 9, 5, 17, 10, 6, 15, 3, 10, 9, 16, 5, 2, 5, 2, 18, 3, 5, 9, 10, 18, 17, 8, 14, 20, 9, 16, 18, 2, 9, 18, 6, 6, 9, 6, 10, 16, 18, 15, 6, 19, 14, 8, 2, 16, 2, 5, 9, 16, 20, 18, 17, 15, 8, 19, 9, 11, 17, 16, 17, 6, 3, 3, 6, 8, 15, 20, 5, 16, 19, 12, 8, 1, 20, 14, 15, 2, 16, 11, 16, 15, 1, 10, 19, 14, 15, 18, 12, 6, 8, 10, 8, 17, 14, 17, 18, 20, 8, 20, 20, 1, 8, 6, 16, 20, 12, 20, 5, 7, 19, 7, 7, 7, 17, 4, 1, 19, 7, 19, 19, 19, 7, 9, 8, 17, 14, 15, 4, 11, 4, 15, 4, 12, 4, 18, 12, 20, 19, 15, 7, 12, 5, 4, 11, 12, 13, 4, 7, 4, 1, 1, 7, 7, 1, 1, 1, 11, 4, 17, 11, 13, 13, 11, 11, 13, 4, 13, 13, 1, 13, 11, 11, 13, 13, 13]
bestever    1770    in generation 8390
[2, 3, 2, 12, 3, 12, 2, 3, 3, 3, 12, 10, 2, 14, 10, 5, 14, 9, 10, 6, 5, 3, 18, 14, 10, 14, 9, 5, 17, 10, 6, 15, 3, 10, 9, 16, 5, 2, 5, 2, 18, 3, 5, 9, 10, 18, 17, 8, 14, 20, 9, 16, 18, 2, 9, 18, 6, 6, 9, 6, 10, 16, 18, 15, 6, 19, 14, 8, 2, 16, 2, 5, 9, 16, 20, 18, 17, 15, 8, 19, 9, 11, 17, 16, 17, 6, 3, 3, 6, 8, 15, 20, 5, 16, 19, 12, 8, 1, 20, 14, 15, 2, 16, 11, 16, 15, 1, 10, 19, 14, 15, 18, 12, 6, 8, 10, 8, 17, 14, 17, 18, 20, 8, 20, 20, 1, 8, 6, 16, 20, 12, 20, 5, 7, 19, 7, 7, 7, 17, 4, 1, 19, 7, 19, 19, 19, 7, 9, 8, 17, 14, 15, 4, 11, 13, 15, 4, 12, 4, 18, 12, 20, 19, 15, 7, 12, 5, 4, 11, 12, 13, 4, 7, 4, 1, 1, 7, 7, 1, 1, 1, 11, 4, 17, 11, 13, 13, 11, 11, 13, 4, 13, 4, 1, 13, 11, 11, 13, 13, 13]
bestever    1768    in generation 8533
[2, 3, 2, 12, 3, 12, 2, 3, 3, 3, 12, 10, 2, 14, 10, 5, 14, 9, 10, 6, 5, 3, 18, 14, 10, 14, 9, 5, 17, 10, 6, 15, 3, 10, 9, 16, 5, 2, 5, 2, 18, 5, 9, 10, 18, 17, 8, 14, 20, 9, 16, 18, 2, 9, 18, 6, 9, 6, 10, 16, 18, 15, 6, 19, 14, 8, 2, 16, 2, 5, 9, 16, 20, 18, 17, 15, 8, 19, 9, 11, 17, 16, 17, 6, 3, 6, 3, 3, 6, 8, 15, 20, 5, 16, 19, 12, 8, 20, 14, 15, 2, 16, 11, 16, 15, 10, 19, 14, 15, 18, 12, 6, 8, 10, 8, 17, 14, 17, 18, 20, 8, 20, 20, 8, 6, 16, 20, 12, 20, 5, 7, 19, 7, 7, 7, 17, 4, 19, 7, 19, 19, 19, 7, 9, 8, 17, 14, 15, 4, 11, 13, 15, 12, 18, 12, 20, 19, 15, 7, 12, 5, 4, 11, 12, 13, 4, 4, 1, 1, 4, 7, 4, 1, 1, 7, 7, 1, 1, 1, 1, 1, 11, 4, 17, 11, 13, 13, 11, 11, 13, 4, 13, 4, 1, 13, 11, 11, 13, 13, 13]
bestever    1762    in generation 9123
[2, 3, 2, 12, 3, 12, 2, 3, 3, 3, 12, 10, 2, 14, 10, 5, 14, 9, 10, 6, 5, 3, 18, 14, 10, 14, 9, 5, 17, 10, 6, 15, 3, 10, 9, 16, 5, 2, 5, 2, 18, 5, 9, 10, 18, 17, 8, 14, 20, 10, 9, 18, 18, 2, 9, 18, 6, 13, 9, 6, 16, 16, 15, 6, 19, 14, 8, 2, 16, 2, 5, 9, 16, 20, 18, 17, 15, 8, 19, 9, 11, 16, 7, 17, 6, 3, 6, 3, 3, 17, 6, 8, 15, 20, 5, 16, 19, 12, 8, 16, 14, 15, 2, 20, 16, 15, 10, 19, 14, 15, 18, 12, 6, 8, 10, 8, 17, 14, 17, 18, 20, 8, 20, 20, 8, 6, 16, 20, 12, 20, 5, 19, 7, 17, 4, 7, 19, 7, 7, 19, 19, 19, 7, 9, 8, 14, 15, 4, 4, 15, 12, 18, 12, 20, 19, 15, 7, 12, 5, 4, 12, 1, 1, 7, 1, 1, 7, 7, 1, 1, 1, 1, 1, 11, 4, 17, 11, 13, 11, 11, 13, 4, 4, 4, 17, 11, 13, 11, 11, 13, 4, 13, 4, 1, 13, 11, 11, 13, 13, 13]
bestever    1761    in generation 9250
[2, 3, 2, 12, 3, 12, 2, 3, 3, 3, 12, 10, 2, 14, 10, 5, 14, 9, 10, 6, 5, 3, 18, 14, 10, 14, 9, 5, 17, 10, 6, 15, 3, 10, 9, 16, 5, 2, 5, 2, 18, 5, 9, 10, 18, 17, 8, 14, 20, 10, 9, 18, 18, 2, 9, 18, 6, 13, 9, 6, 16, 16, 15, 6, 19, 14, 8, 2, 3, 2, 5, 9, 16, 20, 18, 17, 15, 8, 19, 9, 11, 16, 7, 17, 6, 3, 6, 3, 16, 17, 6, 8, 15, 20, 5, 16, 19, 12, 8, 16, 14, 15, 2, 20, 16, 15, 10, 19, 14, 15, 18, 12, 6, 8, 10, 8, 17, 14, 17, 18, 20, 8, 20, 20, 8, 6, 16, 20, 12, 20, 5, 19, 7, 17, 4, 7, 19, 7, 7, 19, 19, 19, 7, 9, 8, 14, 15, 4, 4, 15, 12, 18, 12, 20, 19, 15, 7, 12, 5, 4, 12, 1, 1, 7, 1, 1, 7, 7, 1, 1, 1, 1, 1, 11, 4, 17, 11, 13, 11, 11, 13, 4, 4, 4, 17, 11, 13, 11, 11, 13, 4, 13, 4, 1, 13, 11, 11, 13, 13, 13]
bestever    1759    in generation 9279
[2, 3, 2, 12, 3, 12, 2, 3, 3, 3, 12, 10, 2, 14, 10, 5, 14, 9, 10, 6, 5, 3, 18, 14, 10, 14, 9, 5, 17, 10, 6, 15, 3, 10, 9, 16, 5, 2, 5, 2, 18, 5, 9, 10, 18, 17, 8, 14, 20, 10, 9, 18, 18, 2, 9, 18, 6, 13, 9, 6, 16, 16, 15, 6, 19, 14, 8, 2, 3, 2, 5, 9, 16, 20, 18, 17, 15, 8, 19, 9, 11, 16, 7, 17, 18, 3, 6, 3, 16, 17, 6, 8, 15, 20, 5, 16, 19, 12, 8, 16, 14, 15, 2, 20, 16, 15, 10, 19, 14, 15, 18, 12, 6, 8, 10, 8, 17, 14, 17, 18, 20, 8, 20, 20, 8, 6, 16, 20, 12, 20, 5, 19, 7, 17, 4, 7, 19, 7, 7, 19, 19, 19, 7, 9, 8, 14, 15, 4, 4, 15, 12, 6, 12, 20, 19, 15, 7, 12, 5, 4, 12, 1, 1, 7, 1, 1, 7, 7, 1, 1, 1, 1, 1, 11, 4, 17, 11, 13, 11, 11, 13, 4, 4, 4, 17, 11, 13, 11, 11, 13, 4, 13, 4, 1, 13, 11, 11, 13, 13, 13]
bestever    1757    in generation 9296
[2, 3, 2, 12, 3, 12, 2, 3, 3, 3, 12, 10, 2, 14, 10, 5, 14, 9, 10, 6, 5, 3, 18, 14, 10, 14, 9, 5, 17, 10, 6, 15, 3, 10, 9, 16, 5, 2, 5, 2, 18, 5, 9, 10, 18, 17, 8, 14, 20, 10, 9, 18, 18, 2, 9, 5, 6, 13, 9, 6, 16, 16, 15, 6, 19, 14, 8, 2, 3, 2, 5, 9, 16, 20, 18, 17, 15, 8, 19, 9, 11, 16, 7, 17, 18, 3, 6, 3, 16, 17, 6, 8, 15, 20, 5, 16, 19, 12, 8, 16, 14, 15, 2, 20, 16, 15, 10, 19, 14, 15, 18, 12, 6, 8, 10, 8, 17, 14, 17, 18, 20, 8, 20, 20, 8, 6, 16, 20, 12, 20, 5, 19, 7, 17, 4, 7, 19, 7, 7, 19, 19, 19, 7, 9, 8, 14, 15, 4, 4, 15, 12, 6, 12, 20, 19, 15, 7, 12, 18, 4, 12, 1, 1, 7, 1, 1, 7, 7, 1, 1, 1, 1, 1, 11, 4, 17, 11, 13, 11, 11, 13, 4, 4, 4, 17, 11, 13, 11, 11, 13, 4, 13, 4, 1, 13, 11, 11, 13, 13, 13]
