bestever    3479    in generation 0
[20, 12, 16, 7, 20, 18, 17, 8, 11, 9, 14, 10, 14, 5, 8, 19, 13, 18, 16, 20, 17, 20, 5, 14, 12, 14, 4, 13, 8, 8, 5, 7, 2, 17, 15, 3, 11, 17, 7, 15, 4, 16, 19, 7, 10, 13, 16, 8, 7, 9, 6, 9, 3, 19, 2, 14, 16, 3, 19, 1, 11, 20, 11, 1, 19, 14, 17, 11, 3, 4, 15, 20, 9, 12, 13, 17, 11, 2, 1, 16, 19, 13, 11, 3, 18, 20, 8, 6, 10, 14, 12, 1, 14, 4, 7, 5, 2, 5, 20, 5, 11, 6, 16, 20, 11, 15, 9, 8, 5, 6, 12, 13, 12, 13, 3, 4, 20, 3, 10, 2, 14, 9, 1, 2, 10, 13, 5, 13, 10, 18, 9, 6, 3, 9, 1, 16, 15, 19, 9, 16, 14, 2, 13, 7, 17, 4, 5, 8, 7, 15, 4, 3, 10, 18, 18, 5, 1, 9, 8, 17, 19, 10, 19, 18, 12, 10, 18, 1, 12, 2, 19, 4, 3, 6, 6, 10, 4, 1, 2, 18, 4, 8, 7, 17, 6, 12, 7, 15, 6, 15, 2, 12, 1, 15, 17, 11, 6, 15, 18, 16]
bestever    3264    in generation 1
[1, 9, 4, 12, 14, 1, 8, 15, 6, 10, 4, 9, 16, 10, 9, 9, 3, 20, 20, 8, 1, 7, 1, 7, 16, 7, 16, 16, 8, 13, 3, 5, 7, 12, 2, 3, 4, 2, 1, 6, 2, 8, 1, 19, 11, 8, 9, 20, 19, 16, 18, 6, 12, 4, 6, 15, 9, 14, 15, 9, 17, 7, 3, 13, 20, 6, 18, 7, 7, 5, 12, 19, 6, 15, 18, 19, 20, 12, 13, 3, 16, 10, 20, 18, 11, 16, 5, 4, 15, 2, 9, 17, 12, 3, 5, 10, 13, 3, 1, 14, 2, 10, 17, 1, 11, 2, 14, 20, 6, 12, 14, 17, 11, 11, 19, 18, 10, 4, 10, 3, 12, 1, 1, 14, 11, 11, 4, 2, 10, 20, 11, 7, 5, 10, 19, 8, 4, 4, 16, 13, 15, 18, 12, 8, 15, 18, 19, 19, 2, 14, 16, 18, 17, 13, 17, 11, 3, 15, 9, 16, 3, 10, 5, 13, 2, 12, 6, 11, 4, 17, 7, 7, 5, 13, 18, 15, 9, 14, 6, 13, 2, 13, 15, 14, 17, 17, 19, 18, 20, 5, 17, 19, 14, 6, 8, 5, 20, 8, 5, 8]
bestever    3164    in generation 4
[20, 12, 13, 3, 16, 20, 18, 16, 5, 4, 15, 2, 9, 17, 12, 3, 5, 13, 3, 1, 14, 2, 10, 17, 1, 11, 2, 14, 20, 6, 14, 17, 11, 11, 19, 18, 10, 10, 20, 18, 19, 20, 17, 14, 18, 9, 8, 15, 13, 9, 11, 4, 4, 5, 3, 13, 3, 14, 10, 2, 17, 14, 8, 1, 16, 13, 11, 16, 5, 11, 11, 8, 7, 10, 1, 2, 13, 10, 9, 20, 20, 11, 1, 18, 5, 19, 19, 6, 15, 20, 6, 7, 7, 12, 9, 13, 10, 14, 18, 4, 1, 12, 1, 1, 18, 4, 18, 11, 8, 16, 4, 7, 3, 4, 2, 12, 2, 4, 10, 3, 12, 1, 1, 14, 11, 4, 2, 10, 20, 5, 10, 19, 8, 16, 13, 15, 12, 8, 15, 2, 17, 13, 17, 15, 9, 5, 6, 17, 7, 5, 9, 17, 20, 5, 7, 7, 14, 6, 16, 8, 9, 9, 7, 16, 16, 8, 3, 7, 12, 3, 6, 2, 8, 19, 8, 19, 16, 6, 12, 4, 6, 15, 14, 15, 9, 17, 7, 3, 13, 19, 6, 15, 18, 5, 12, 19, 6, 15, 18, 19]
bestever    3157    in generation 6
[3, 20, 18, 5, 4, 15, 2, 9, 17, 3, 13, 1, 14, 2, 10, 17, 1, 11, 2, 14, 20, 6, 14, 17, 11, 11, 19, 18, 10, 10, 20, 18, 19, 17, 14, 18, 9, 8, 19, 13, 9, 11, 4, 14, 10, 2, 14, 8, 1, 11, 10, 1, 10, 9, 1, 1, 11, 10, 13, 5, 14, 16, 2, 8, 8, 16, 14, 15, 17, 15, 16, 13, 11, 16, 5, 11, 11, 8, 6, 7, 10, 1, 2, 13, 10, 6, 9, 20, 20, 11, 1, 18, 5, 9, 13, 13, 18, 4, 12, 16, 3, 4, 2, 12, 4, 3, 4, 20, 5, 16, 15, 12, 17, 9, 5, 7, 20, 7, 7, 8, 7, 16, 8, 7, 12, 8, 8, 16, 6, 12, 4, 6, 15, 7, 6, 7, 7, 12, 6, 15, 19, 12, 3, 16, 16, 5, 4, 15, 2, 9, 17, 12, 3, 5, 3, 1, 2, 17, 1, 2, 6, 12, 14, 17, 19, 10, 18, 19, 20, 17, 14, 18, 9, 8, 19, 15, 18, 9, 19, 4, 4, 5, 3, 15, 13, 3, 7, 3, 13, 20, 6, 5, 12, 19, 6, 15, 18, 19, 20, 13]
bestever    3038    in generation 7
[3, 20, 18, 5, 4, 15, 2, 9, 17, 13, 1, 14, 2, 10, 17, 1, 11, 2, 14, 20, 6, 14, 17, 11, 11, 19, 18, 10, 10, 20, 18, 19, 17, 14, 18, 9, 8, 19, 13, 9, 11, 4, 14, 10, 2, 8, 1, 11, 10, 1, 9, 1, 1, 11, 16, 2, 8, 8, 16, 14, 16, 11, 11, 11, 7, 10, 1, 10, 9, 20, 11, 1, 18, 9, 18, 4, 12, 4, 12, 4, 4, 20, 4, 19, 2, 1, 2, 6, 12, 14, 17, 19, 10, 18, 19, 20, 17, 14, 18, 19, 10, 5, 10, 8, 16, 13, 15, 12, 8, 15, 2, 13, 15, 5, 17, 7, 5, 17, 5, 7, 7, 14, 6, 16, 8, 9, 9, 7, 16, 16, 8, 3, 7, 12, 3, 6, 2, 8, 8, 16, 6, 12, 4, 6, 15, 14, 15, 9, 17, 7, 3, 13, 6, 7, 7, 5, 12, 6, 15, 19, 20, 12, 13, 3, 16, 20, 18, 16, 5, 4, 15, 2, 9, 17, 12, 3, 5, 13, 3, 1, 4, 5, 3, 15, 13, 3, 7, 3, 13, 20, 6, 5, 12, 19, 6, 15, 18, 19, 20, 13]
bestever    2943    in generation 9
[2, 9, 13, 2, 9, 1, 14, 10, 1, 11, 2, 14, 14, 17, 11, 11, 19, 18, 10, 10, 17, 8, 13, 9, 11, 14, 10, 14, 8, 1, 11, 10, 1, 11, 14, 16, 2, 8, 8, 16, 14, 17, 2, 9, 17, 17, 14, 12, 20, 18, 19, 18, 19, 4, 3, 15, 13, 20, 6, 5, 15, 16, 13, 11, 16, 5, 11, 10, 1, 2, 13, 10, 6, 20, 20, 11, 1, 8, 7, 10, 1, 2, 13, 10, 6, 9, 20, 20, 11, 1, 18, 5, 9, 13, 13, 18, 4, 12, 16, 3, 4, 2, 12, 4, 3, 4, 5, 16, 15, 12, 17, 9, 5, 7, 7, 7, 8, 7, 16, 8, 7, 12, 8, 8, 16, 6, 12, 4, 6, 15, 7, 6, 7, 7, 12, 6, 15, 19, 12, 3, 16, 16, 5, 4, 15, 2, 9, 17, 12, 3, 5, 3, 1, 2, 17, 1, 6, 12, 14, 17, 19, 10, 18, 19, 20, 17, 14, 18, 9, 8, 19, 15, 18, 9, 19, 4, 4, 5, 3, 15, 13, 3, 7, 3, 20, 6, 5, 19, 6, 15, 18, 19, 20, 13, 3, 20, 18, 5, 4, 15]
bestever    2922    in generation 12
[15, 20, 6, 5, 15, 5, 1, 2, 13, 6, 20, 20, 1, 10, 1, 2, 13, 10, 6, 9, 20, 20, 11, 1, 18, 5, 9, 13, 13, 18, 4, 3, 4, 2, 12, 4, 3, 4, 5, 15, 12, 17, 9, 5, 7, 12, 8, 16, 16, 17, 15, 13, 11, 11, 11, 8, 7, 10, 1, 2, 13, 10, 1, 5, 9, 13, 13, 4, 3, 4, 12, 4, 3, 4, 20, 5, 15, 12, 17, 9, 5, 20, 16, 12, 16, 6, 12, 4, 6, 15, 7, 6, 7, 7, 12, 6, 15, 7, 7, 7, 6, 16, 8, 9, 9, 7, 16, 16, 8, 3, 7, 12, 3, 6, 2, 8, 8, 16, 12, 3, 16, 4, 19, 16, 2, 9, 17, 1, 2, 1, 17, 19, 18, 19, 20, 18, 8, 19, 19, 13, 3, 20, 20, 13, 3, 18, 15, 1, 10, 2, 11, 19, 18, 10, 10, 17, 8, 9, 11, 10, 15, 5, 15, 6, 5, 1, 14, 18, 19, 14, 14, 10, 14, 11, 14, 17, 11, 11, 14, 19, 18, 14, 8, 11, 10, 14, 2, 8, 14, 17, 2, 9, 17, 17, 14, 18, 19, 18, 19, 3]
bestever    2915    in generation 13
[18, 5, 9, 13, 13, 18, 4, 3, 4, 2, 12, 4, 3, 4, 5, 15, 12, 17, 9, 5, 7, 12, 8, 16, 16, 4, 5, 15, 12, 9, 5, 7, 12, 16, 16, 15, 13, 11, 11, 11, 7, 10, 1, 13, 10, 11, 1, 5, 13, 13, 11, 8, 10, 1, 2, 13, 5, 9, 13, 13, 4, 3, 2, 12, 4, 3, 4, 20, 9, 20, 6, 12, 6, 15, 6, 7, 7, 12, 6, 15, 7, 5, 7, 7, 6, 16, 8, 9, 7, 16, 16, 8, 3, 7, 12, 6, 16, 12, 16, 6, 4, 16, 20, 15, 3, 5, 6, 5, 19, 14, 19, 18, 18, 17, 17, 1, 4, 17, 1, 14, 17, 19, 18, 19, 20, 14, 18, 8, 19, 18, 19, 15, 3, 20, 19, 15, 18, 19, 20, 3, 18, 15, 14, 10, 2, 14, 11, 11, 19, 18, 10, 10, 17, 8, 9, 11, 14, 10, 14, 8, 11, 10, 14, 2, 8, 14, 17, 2, 9, 17, 8, 8, 19, 15, 2, 9, 17, 3, 3, 1, 2, 17, 1, 14, 2, 6, 20, 20, 1, 10, 1, 2, 13, 10, 6, 9, 20, 20, 11, 1]
bestever    2859    in generation 17
[6, 8, 9, 8, 3, 6, 2, 8, 8, 3, 2, 9, 1, 12, 4, 3, 4, 5, 12, 9, 5, 7, 12, 16, 16, 13, 11, 7, 1, 13, 9, 13, 4, 3, 4, 12, 4, 3, 4, 15, 12, 9, 5, 20, 16, 12, 16, 6, 12, 4, 7, 7, 7, 12, 6, 7, 7, 7, 6, 16, 9, 7, 16, 16, 6, 2, 9, 20, 13, 20, 3, 6, 8, 8, 2, 2, 19, 14, 14, 14, 9, 17, 17, 14, 19, 18, 10, 11, 7, 12, 3, 6, 2, 8, 8, 16, 12, 3, 16, 4, 16, 2, 17, 1, 2, 1, 17, 18, 18, 8, 19, 19, 13, 3, 20, 13, 18, 15, 1, 10, 2, 11, 19, 18, 10, 10, 17, 8, 9, 11, 20, 19, 19, 13, 3, 20, 20, 13, 18, 1, 10, 11, 19, 18, 10, 9, 5, 6, 5, 1, 14, 18, 19, 14, 14, 14, 14, 17, 14, 10, 15, 5, 15, 6, 5, 1, 18, 19, 10, 11, 17, 11, 11, 13, 4, 4, 15, 11, 11, 10, 10, 20, 15, 17, 17, 18, 15, 1, 2, 1, 5, 13, 20, 5, 15, 17, 5, 20, 15, 15]
bestever    2837    in generation 18
[6, 8, 9, 8, 3, 6, 2, 8, 8, 3, 2, 9, 1, 12, 4, 3, 4, 5, 12, 9, 5, 7, 12, 16, 16, 13, 11, 7, 1, 13, 9, 13, 4, 3, 4, 12, 4, 3, 4, 15, 12, 9, 5, 20, 16, 12, 16, 6, 12, 4, 7, 7, 7, 12, 6, 7, 7, 7, 6, 16, 9, 7, 16, 16, 6, 2, 9, 20, 13, 20, 8, 2, 19, 14, 14, 14, 9, 17, 17, 14, 19, 18, 10, 11, 7, 12, 3, 6, 2, 8, 8, 16, 12, 3, 16, 4, 16, 2, 17, 1, 2, 1, 17, 18, 18, 8, 19, 19, 13, 3, 20, 13, 3, 6, 2, 8, 18, 15, 1, 10, 2, 11, 19, 18, 10, 10, 17, 8, 9, 11, 20, 19, 19, 13, 3, 20, 20, 13, 18, 1, 10, 11, 19, 18, 10, 9, 5, 6, 5, 1, 14, 18, 19, 14, 14, 14, 14, 17, 14, 10, 15, 5, 15, 6, 5, 1, 18, 19, 10, 11, 17, 11, 11, 13, 4, 4, 15, 11, 11, 10, 10, 20, 15, 17, 17, 18, 15, 1, 2, 1, 5, 13, 20, 5, 15, 17, 5, 20, 15, 15]
bestever    2676    in generation 19
[6, 8, 9, 8, 3, 6, 2, 3, 9, 12, 4, 3, 4, 12, 9, 7, 12, 16, 16, 13, 11, 7, 13, 9, 4, 20, 3, 4, 12, 4, 3, 4, 12, 9, 20, 16, 12, 16, 6, 12, 4, 7, 7, 7, 12, 6, 7, 7, 7, 6, 16, 9, 7, 16, 16, 6, 2, 20, 13, 3, 8, 8, 9, 6, 15, 15, 20, 8, 8, 2, 2, 19, 14, 14, 14, 9, 17, 17, 14, 19, 18, 10, 11, 7, 12, 3, 6, 2, 8, 8, 16, 12, 3, 16, 4, 16, 2, 17, 1, 1, 17, 18, 8, 19, 19, 13, 3, 20, 18, 15, 1, 10, 2, 11, 19, 18, 10, 10, 17, 8, 9, 11, 19, 19, 13, 20, 13, 18, 1, 10, 11, 19, 18, 10, 9, 5, 6, 5, 20, 20, 13, 3, 15, 1, 10, 2, 11, 18, 10, 1, 14, 18, 19, 14, 14, 14, 14, 17, 14, 10, 15, 5, 15, 6, 5, 1, 18, 19, 10, 11, 17, 11, 13, 4, 4, 15, 11, 11, 20, 15, 17, 17, 18, 1, 2, 1, 5, 13, 20, 5, 15, 17, 5, 5, 15, 1, 2, 5, 13, 5]
bestever    2542    in generation 24
[9, 8, 3, 6, 2, 3, 9, 12, 4, 3, 4, 12, 9, 7, 12, 16, 16, 13, 11, 7, 13, 9, 4, 20, 3, 4, 12, 4, 3, 4, 12, 9, 20, 16, 12, 16, 6, 12, 4, 7, 7, 7, 12, 6, 7, 7, 7, 6, 16, 9, 7, 16, 16, 6, 2, 20, 13, 3, 8, 8, 9, 6, 15, 20, 8, 8, 2, 2, 19, 14, 14, 14, 9, 17, 17, 14, 19, 18, 10, 11, 7, 12, 3, 6, 2, 8, 8, 16, 12, 3, 16, 4, 16, 2, 1, 1, 18, 8, 19, 19, 13, 3, 20, 18, 15, 1, 10, 2, 11, 19, 18, 10, 10, 17, 8, 9, 11, 19, 19, 13, 20, 13, 18, 1, 10, 11, 19, 18, 10, 9, 5, 5, 20, 20, 13, 3, 15, 1, 10, 2, 11, 18, 10, 1, 18, 19, 14, 14, 17, 14, 10, 14, 14, 14, 17, 17, 15, 5, 15, 6, 15, 5, 15, 6, 5, 1, 18, 19, 10, 11, 17, 11, 13, 4, 4, 15, 11, 11, 20, 15, 17, 17, 18, 1, 2, 1, 5, 13, 20, 5, 15, 17, 5, 5, 1, 2, 13, 5, 6, 8]
bestever    2468    in generation 29
[20, 3, 4, 4, 3, 4, 12, 9, 20, 12, 6, 4, 12, 6, 6, 9, 7, 16, 16, 6, 20, 3, 4, 12, 4, 3, 4, 12, 9, 12, 6, 4, 7, 7, 7, 12, 6, 7, 7, 7, 6, 9, 7, 16, 16, 6, 3, 8, 9, 8, 2, 2, 19, 14, 14, 14, 9, 17, 17, 14, 19, 18, 10, 11, 7, 12, 3, 2, 8, 8, 16, 12, 16, 8, 8, 12, 16, 2, 16, 17, 18, 8, 19, 19, 3, 2, 17, 8, 9, 13, 13, 1, 20, 13, 15, 1, 2, 15, 3, 1, 5, 13, 5, 8, 3, 2, 7, 20, 18, 15, 1, 10, 2, 11, 19, 18, 10, 10, 17, 8, 9, 11, 19, 19, 13, 20, 13, 18, 1, 10, 11, 19, 18, 10, 9, 5, 6, 5, 20, 20, 13, 3, 15, 1, 10, 2, 11, 18, 10, 1, 14, 18, 19, 14, 14, 14, 14, 17, 14, 10, 15, 15, 6, 1, 18, 19, 10, 11, 17, 11, 4, 4, 15, 11, 11, 20, 17, 17, 18, 2, 1, 5, 13, 5, 15, 1, 5, 13, 20, 5, 15, 17, 5, 5, 15, 16, 16, 13, 11, 9]
bestever    2405    in generation 38
[20, 3, 4, 4, 3, 4, 12, 9, 20, 12, 6, 4, 12, 6, 6, 9, 7, 16, 16, 6, 20, 3, 4, 12, 4, 3, 4, 12, 9, 12, 6, 4, 7, 7, 7, 12, 6, 7, 7, 7, 6, 9, 7, 16, 16, 6, 3, 8, 9, 8, 2, 2, 19, 14, 14, 14, 9, 17, 14, 19, 18, 10, 11, 7, 12, 3, 2, 8, 8, 16, 12, 16, 8, 8, 12, 16, 2, 16, 17, 18, 8, 19, 19, 3, 2, 17, 8, 9, 13, 13, 1, 20, 13, 1, 2, 3, 1, 5, 13, 5, 8, 3, 2, 7, 20, 18, 15, 1, 10, 2, 11, 19, 18, 10, 10, 17, 8, 9, 11, 19, 19, 13, 20, 13, 18, 1, 10, 11, 19, 18, 10, 9, 5, 6, 5, 20, 20, 13, 3, 15, 1, 10, 2, 11, 18, 1, 14, 18, 19, 14, 14, 14, 14, 17, 10, 15, 15, 17, 14, 10, 15, 15, 6, 1, 18, 19, 10, 11, 17, 11, 4, 4, 15, 11, 11, 20, 17, 17, 18, 2, 1, 5, 13, 5, 15, 1, 5, 13, 20, 5, 15, 17, 5, 5, 15, 16, 16, 13, 11, 9]
bestever    2256    in generation 55
[16, 4, 6, 16, 20, 4, 4, 9, 20, 12, 6, 4, 12, 6, 6, 9, 7, 16, 16, 6, 20, 3, 4, 12, 4, 3, 4, 12, 9, 12, 6, 4, 7, 7, 7, 12, 6, 7, 7, 7, 6, 9, 7, 16, 16, 6, 3, 8, 9, 8, 2, 2, 19, 14, 14, 14, 9, 17, 14, 19, 18, 10, 11, 7, 12, 3, 2, 8, 8, 16, 12, 16, 8, 8, 12, 16, 2, 16, 17, 18, 8, 19, 19, 3, 2, 17, 8, 9, 13, 13, 1, 20, 13, 1, 2, 3, 1, 5, 13, 5, 8, 3, 2, 7, 20, 18, 15, 1, 10, 2, 11, 19, 18, 10, 10, 17, 8, 9, 11, 19, 19, 13, 20, 13, 18, 1, 10, 11, 19, 18, 10, 9, 5, 6, 5, 20, 20, 13, 3, 15, 1, 10, 2, 11, 18, 1, 14, 18, 20, 9, 3, 12, 3, 14, 14, 14, 17, 17, 2, 15, 11, 5, 5, 15, 10, 11, 19, 14, 10, 14, 10, 15, 15, 1, 18, 19, 11, 17, 4, 15, 11, 11, 20, 17, 18, 1, 5, 13, 13, 17, 5, 15, 1, 13, 15, 17, 5, 5, 15, 4]
bestever    2225    in generation 56
[16, 4, 6, 16, 20, 4, 4, 9, 20, 12, 6, 4, 12, 6, 6, 9, 7, 16, 16, 6, 20, 3, 4, 12, 4, 3, 4, 12, 9, 12, 6, 7, 7, 7, 12, 6, 7, 7, 7, 6, 9, 7, 16, 16, 6, 3, 8, 9, 8, 2, 2, 19, 14, 14, 14, 9, 17, 14, 19, 18, 10, 11, 7, 12, 3, 2, 8, 8, 16, 12, 16, 8, 8, 12, 16, 2, 16, 17, 18, 8, 19, 19, 3, 2, 17, 8, 9, 13, 13, 1, 20, 13, 1, 2, 3, 1, 13, 8, 3, 2, 7, 20, 18, 1, 10, 2, 11, 19, 18, 10, 10, 17, 8, 9, 4, 5, 5, 15, 11, 19, 19, 13, 20, 13, 18, 1, 10, 11, 19, 18, 10, 9, 5, 6, 5, 20, 20, 13, 3, 15, 1, 10, 2, 11, 18, 1, 14, 18, 20, 9, 3, 12, 3, 14, 14, 14, 17, 17, 2, 15, 11, 5, 5, 15, 10, 11, 19, 14, 10, 14, 10, 15, 15, 1, 18, 19, 11, 17, 4, 15, 11, 11, 20, 17, 18, 1, 5, 13, 13, 17, 5, 15, 1, 13, 15, 17, 5, 5, 15, 4]
bestever    2205    in generation 92
[16, 4, 6, 16, 20, 4, 4, 9, 20, 12, 6, 4, 12, 6, 6, 9, 7, 16, 16, 6, 20, 3, 4, 12, 4, 3, 4, 12, 9, 12, 6, 7, 7, 7, 12, 6, 7, 7, 7, 6, 9, 7, 16, 16, 6, 3, 8, 9, 8, 2, 2, 19, 14, 14, 14, 9, 17, 14, 19, 18, 10, 11, 7, 12, 3, 2, 8, 8, 16, 12, 16, 8, 8, 12, 16, 2, 16, 17, 18, 8, 19, 19, 3, 2, 17, 8, 9, 13, 13, 1, 20, 13, 1, 2, 3, 1, 13, 8, 3, 2, 7, 20, 18, 1, 10, 2, 11, 19, 18, 10, 10, 17, 8, 9, 4, 5, 5, 15, 11, 19, 19, 13, 20, 13, 18, 1, 10, 11, 19, 18, 10, 9, 5, 6, 5, 20, 20, 13, 3, 15, 1, 10, 2, 11, 18, 1, 14, 18, 20, 9, 3, 12, 3, 14, 14, 14, 17, 17, 2, 15, 11, 5, 5, 15, 10, 11, 19, 14, 10, 14, 10, 15, 15, 1, 18, 19, 11, 17, 4, 15, 11, 11, 20, 17, 18, 1, 5, 13, 13, 17, 5, 15, 1, 13, 15, 17, 15, 4, 5, 5]
bestever    2166    in generation 234
[16, 4, 6, 16, 20, 4, 4, 9, 20, 12, 6, 4, 12, 6, 6, 9, 7, 16, 16, 8, 6, 20, 3, 4, 12, 4, 3, 4, 12, 9, 12, 6, 7, 7, 7, 12, 9, 7, 16, 16, 6, 3, 8, 9, 8, 2, 2, 19, 14, 14, 14, 9, 18, 17, 16, 19, 10, 11, 7, 12, 3, 2, 8, 16, 12, 16, 8, 8, 12, 16, 2, 14, 17, 18, 8, 19, 19, 3, 2, 17, 8, 9, 13, 13, 1, 20, 13, 1, 2, 3, 6, 7, 7, 7, 6, 1, 13, 8, 3, 2, 7, 20, 20, 18, 17, 10, 2, 11, 19, 18, 10, 10, 1, 8, 9, 4, 5, 5, 15, 11, 19, 19, 13, 20, 13, 18, 1, 10, 11, 19, 18, 10, 9, 5, 6, 5, 20, 20, 13, 3, 15, 1, 10, 2, 11, 18, 1, 14, 18, 20, 9, 3, 12, 3, 14, 14, 14, 17, 17, 2, 15, 11, 15, 5, 5, 15, 10, 11, 19, 14, 10, 15, 14, 10, 4, 1, 18, 19, 11, 17, 4, 15, 11, 11, 17, 18, 1, 5, 13, 13, 17, 5, 15, 1, 13, 15, 17, 15, 5, 5]
bestever    2159    in generation 250
[16, 4, 6, 16, 20, 4, 4, 9, 20, 12, 6, 4, 12, 6, 6, 9, 7, 16, 16, 8, 6, 20, 3, 4, 12, 4, 3, 4, 12, 9, 12, 6, 7, 7, 7, 12, 9, 7, 16, 16, 6, 3, 8, 9, 8, 2, 2, 19, 14, 14, 14, 9, 18, 17, 16, 19, 10, 11, 7, 12, 3, 2, 8, 16, 12, 16, 8, 8, 12, 16, 2, 14, 17, 18, 8, 19, 19, 3, 2, 17, 8, 9, 13, 13, 1, 20, 13, 1, 2, 3, 6, 7, 7, 7, 6, 1, 13, 8, 3, 2, 7, 20, 20, 18, 10, 2, 11, 19, 18, 10, 10, 1, 8, 9, 4, 5, 5, 11, 19, 19, 13, 20, 13, 18, 1, 10, 11, 19, 18, 10, 9, 5, 6, 20, 20, 13, 3, 1, 10, 2, 11, 18, 1, 15, 17, 5, 15, 14, 18, 20, 9, 3, 12, 3, 14, 14, 14, 17, 17, 2, 15, 11, 15, 5, 5, 15, 10, 11, 19, 14, 10, 15, 14, 10, 4, 1, 18, 19, 11, 17, 4, 15, 11, 11, 17, 18, 1, 5, 13, 13, 17, 5, 15, 1, 13, 15, 17, 15, 5, 5]
bestever    2154    in generation 268
[16, 4, 6, 16, 20, 4, 4, 9, 20, 12, 6, 4, 12, 6, 6, 9, 7, 16, 16, 6, 20, 3, 4, 12, 4, 3, 4, 12, 9, 12, 6, 7, 7, 7, 12, 9, 7, 16, 16, 6, 3, 9, 8, 2, 2, 19, 14, 14, 14, 9, 18, 17, 16, 19, 10, 11, 7, 12, 3, 2, 8, 16, 12, 16, 8, 8, 8, 8, 12, 16, 2, 14, 17, 18, 8, 19, 19, 3, 2, 17, 8, 9, 13, 13, 1, 20, 13, 1, 2, 3, 6, 7, 7, 7, 6, 1, 13, 8, 3, 2, 7, 20, 20, 18, 10, 2, 11, 19, 18, 10, 10, 1, 8, 9, 4, 5, 5, 11, 19, 19, 13, 20, 13, 18, 1, 10, 11, 19, 18, 10, 9, 5, 6, 20, 20, 13, 3, 1, 10, 2, 11, 18, 1, 15, 17, 5, 15, 14, 18, 20, 9, 3, 12, 3, 14, 14, 14, 17, 17, 2, 15, 11, 15, 5, 5, 15, 10, 11, 19, 14, 10, 15, 14, 10, 4, 1, 18, 19, 11, 17, 4, 15, 11, 11, 17, 18, 1, 5, 13, 13, 17, 5, 15, 1, 13, 15, 17, 15, 5, 5]
bestever    2148    in generation 278
[16, 4, 6, 16, 20, 4, 4, 9, 20, 12, 6, 4, 12, 6, 6, 9, 7, 16, 16, 6, 20, 3, 4, 12, 4, 3, 4, 12, 9, 12, 6, 7, 7, 7, 12, 9, 7, 16, 16, 6, 3, 9, 8, 2, 2, 19, 14, 14, 14, 9, 18, 17, 16, 19, 10, 11, 7, 12, 3, 2, 8, 16, 12, 16, 8, 8, 8, 8, 12, 16, 2, 14, 17, 18, 8, 19, 19, 3, 2, 8, 9, 13, 13, 1, 20, 13, 1, 2, 3, 6, 7, 7, 7, 6, 1, 13, 8, 3, 2, 7, 20, 20, 18, 10, 2, 11, 19, 18, 10, 10, 1, 8, 9, 4, 5, 5, 11, 19, 19, 13, 20, 13, 18, 10, 11, 19, 18, 10, 9, 5, 6, 20, 20, 13, 3, 1, 10, 2, 11, 18, 1, 15, 5, 15, 14, 18, 20, 9, 3, 12, 3, 14, 14, 14, 17, 17, 2, 15, 11, 15, 5, 5, 15, 10, 11, 19, 14, 10, 15, 14, 10, 4, 1, 18, 17, 1, 17, 19, 11, 17, 4, 15, 11, 11, 17, 18, 1, 5, 13, 13, 17, 5, 15, 1, 13, 15, 17, 15, 5, 5]
bestever    2106    in generation 303
[16, 4, 6, 16, 20, 4, 4, 9, 20, 12, 6, 4, 12, 6, 6, 9, 7, 16, 16, 6, 20, 3, 4, 12, 4, 3, 4, 12, 9, 12, 6, 7, 7, 7, 12, 9, 7, 16, 16, 6, 3, 9, 8, 2, 2, 19, 14, 14, 14, 9, 18, 17, 16, 19, 10, 11, 7, 12, 3, 2, 8, 16, 12, 16, 8, 8, 8, 8, 12, 16, 2, 14, 17, 18, 8, 19, 19, 3, 2, 8, 9, 13, 13, 1, 20, 13, 1, 2, 3, 6, 7, 7, 7, 6, 1, 13, 8, 3, 2, 7, 20, 20, 18, 10, 2, 11, 19, 18, 10, 10, 1, 8, 9, 4, 5, 5, 11, 19, 19, 13, 20, 13, 18, 10, 11, 19, 18, 10, 9, 5, 6, 20, 20, 13, 3, 1, 10, 2, 11, 18, 1, 15, 5, 15, 14, 18, 20, 9, 3, 12, 3, 14, 14, 14, 17, 17, 2, 15, 11, 15, 5, 5, 15, 10, 11, 19, 14, 10, 15, 14, 10, 4, 1, 18, 17, 1, 17, 19, 11, 17, 4, 15, 11, 11, 17, 18, 1, 5, 13, 13, 17, 5, 15, 1, 13, 5, 5, 15, 15, 17]
bestever    2098    in generation 311
[16, 4, 6, 16, 20, 4, 4, 9, 20, 12, 6, 4, 12, 6, 6, 9, 7, 16, 16, 6, 20, 3, 4, 12, 4, 3, 4, 12, 9, 12, 6, 7, 7, 7, 12, 9, 7, 16, 16, 6, 3, 9, 8, 2, 2, 19, 14, 14, 14, 9, 18, 17, 16, 19, 10, 11, 7, 12, 3, 2, 8, 16, 12, 16, 8, 8, 8, 8, 12, 16, 2, 14, 4, 18, 8, 19, 19, 3, 2, 8, 9, 13, 13, 1, 20, 13, 1, 2, 3, 6, 7, 7, 7, 6, 1, 13, 8, 3, 2, 7, 20, 20, 18, 10, 2, 11, 19, 18, 10, 10, 1, 8, 9, 4, 5, 5, 11, 19, 19, 13, 20, 13, 18, 10, 11, 19, 18, 10, 9, 5, 6, 20, 20, 13, 3, 1, 10, 2, 11, 18, 1, 15, 5, 15, 14, 18, 20, 9, 3, 12, 3, 14, 14, 14, 17, 17, 2, 15, 11, 15, 5, 5, 15, 10, 11, 19, 14, 10, 15, 14, 10, 17, 1, 18, 17, 1, 17, 19, 11, 17, 4, 15, 11, 11, 17, 18, 1, 5, 13, 13, 17, 5, 15, 1, 13, 5, 5, 15, 15, 17]
bestever    2077    in generation 312
[16, 4, 6, 16, 20, 4, 4, 9, 20, 12, 6, 4, 12, 6, 6, 9, 7, 16, 16, 6, 20, 3, 4, 12, 4, 3, 4, 12, 9, 12, 6, 7, 7, 7, 12, 9, 7, 16, 16, 6, 3, 9, 8, 2, 2, 19, 14, 14, 14, 9, 18, 17, 16, 19, 10, 7, 12, 3, 2, 8, 16, 12, 16, 8, 8, 8, 8, 12, 16, 2, 14, 17, 18, 8, 19, 19, 3, 2, 8, 9, 13, 13, 1, 20, 13, 1, 2, 3, 6, 7, 7, 7, 6, 1, 13, 8, 3, 2, 7, 20, 20, 18, 10, 2, 19, 18, 1, 8, 9, 4, 5, 5, 11, 19, 13, 20, 13, 18, 10, 11, 19, 18, 10, 9, 6, 20, 20, 13, 3, 1, 10, 2, 11, 18, 1, 14, 18, 20, 9, 3, 12, 3, 14, 14, 17, 17, 2, 15, 11, 15, 5, 5, 10, 11, 19, 14, 10, 15, 11, 15, 5, 5, 15, 10, 11, 19, 14, 10, 15, 14, 10, 4, 1, 18, 17, 1, 17, 19, 11, 17, 4, 15, 11, 11, 17, 18, 1, 5, 13, 13, 17, 5, 15, 1, 13, 5, 5, 15, 15, 17]
bestever    2071    in generation 320
[16, 4, 6, 16, 20, 4, 4, 9, 20, 12, 6, 4, 12, 6, 6, 9, 7, 16, 16, 6, 20, 3, 4, 12, 4, 3, 4, 12, 9, 12, 6, 7, 7, 7, 12, 9, 7, 16, 16, 6, 3, 9, 8, 2, 2, 19, 14, 14, 14, 9, 18, 16, 19, 10, 7, 12, 3, 2, 8, 16, 12, 16, 8, 8, 8, 8, 12, 16, 2, 14, 18, 8, 19, 19, 3, 2, 8, 9, 13, 13, 1, 20, 13, 1, 2, 3, 6, 7, 7, 7, 6, 1, 13, 8, 3, 2, 7, 20, 20, 18, 10, 2, 19, 18, 1, 8, 9, 5, 5, 11, 19, 13, 20, 13, 18, 10, 11, 19, 18, 10, 9, 6, 20, 20, 13, 3, 10, 2, 11, 18, 14, 20, 9, 3, 12, 3, 14, 14, 17, 17, 2, 15, 11, 5, 5, 10, 11, 19, 14, 10, 15, 11, 15, 5, 5, 15, 10, 11, 19, 14, 15, 4, 1, 18, 17, 1, 17, 10, 15, 14, 10, 4, 1, 18, 17, 1, 17, 19, 11, 17, 4, 15, 11, 11, 17, 18, 1, 5, 13, 13, 17, 5, 15, 1, 13, 5, 5, 15, 15, 17]
bestever    2060    in generation 321
[16, 4, 6, 16, 20, 4, 4, 9, 20, 12, 6, 4, 12, 6, 6, 9, 7, 16, 16, 6, 20, 3, 4, 12, 4, 3, 12, 9, 12, 6, 7, 7, 7, 12, 9, 7, 16, 16, 6, 3, 9, 8, 2, 2, 19, 14, 14, 14, 9, 18, 17, 16, 19, 10, 7, 12, 3, 2, 8, 16, 12, 16, 8, 8, 8, 8, 12, 16, 2, 14, 17, 18, 8, 19, 19, 3, 2, 8, 9, 13, 13, 1, 20, 13, 1, 2, 3, 6, 7, 7, 7, 6, 1, 13, 8, 3, 2, 7, 20, 20, 18, 10, 2, 19, 18, 1, 8, 9, 4, 5, 5, 11, 19, 20, 18, 10, 11, 19, 18, 10, 9, 6, 20, 20, 3, 1, 10, 2, 11, 18, 1, 14, 18, 20, 9, 3, 12, 3, 14, 14, 17, 17, 2, 15, 11, 15, 5, 10, 11, 19, 14, 10, 15, 11, 10, 11, 19, 14, 10, 14, 10, 4, 1, 18, 19, 11, 4, 15, 17, 18, 17, 4, 15, 11, 11, 17, 1, 5, 13, 13, 17, 5, 15, 1, 13, 5, 5, 15, 13, 13, 17, 5, 15, 1, 13, 5, 5, 15, 15, 17]
bestever    2043    in generation 403
[16, 4, 6, 16, 20, 4, 4, 9, 20, 12, 6, 4, 12, 6, 6, 9, 7, 16, 16, 6, 20, 3, 4, 12, 4, 3, 12, 9, 12, 6, 7, 7, 7, 12, 9, 7, 16, 16, 6, 3, 9, 8, 2, 2, 19, 14, 14, 14, 9, 18, 17, 16, 19, 10, 7, 12, 3, 2, 8, 16, 12, 16, 8, 8, 8, 8, 12, 16, 2, 14, 17, 18, 8, 19, 19, 3, 2, 8, 9, 13, 13, 1, 20, 13, 1, 2, 3, 6, 2, 7, 7, 6, 1, 13, 8, 3, 7, 7, 20, 20, 18, 10, 2, 19, 18, 1, 8, 9, 4, 5, 5, 11, 19, 20, 18, 10, 11, 19, 18, 10, 9, 6, 20, 20, 3, 1, 10, 2, 11, 18, 1, 14, 18, 20, 9, 3, 12, 3, 14, 14, 17, 17, 2, 15, 11, 15, 5, 10, 11, 19, 14, 10, 15, 11, 10, 11, 19, 14, 10, 14, 10, 4, 1, 18, 19, 11, 4, 17, 18, 17, 4, 11, 11, 1, 13, 17, 15, 1, 5, 5, 15, 13, 5, 15, 13, 13, 17, 5, 15, 13, 17, 5, 15, 1, 13, 5, 5, 15, 15, 17]
bestever    2034    in generation 414
[16, 4, 6, 16, 20, 4, 9, 20, 12, 6, 4, 12, 6, 6, 9, 7, 16, 16, 6, 20, 3, 4, 12, 4, 3, 12, 9, 12, 6, 7, 7, 7, 12, 9, 7, 16, 16, 6, 3, 9, 8, 2, 2, 19, 14, 14, 14, 9, 18, 17, 16, 19, 10, 7, 12, 3, 2, 8, 16, 12, 16, 8, 8, 8, 8, 12, 16, 2, 14, 17, 18, 8, 19, 19, 3, 2, 8, 9, 13, 13, 1, 20, 13, 1, 2, 3, 6, 2, 7, 7, 6, 1, 13, 8, 3, 7, 7, 20, 20, 18, 10, 2, 19, 18, 1, 8, 9, 4, 5, 5, 20, 18, 10, 11, 19, 18, 9, 6, 20, 20, 3, 1, 2, 11, 18, 1, 14, 18, 20, 9, 3, 12, 3, 17, 17, 2, 15, 11, 15, 5, 10, 11, 19, 14, 10, 14, 10, 4, 11, 19, 14, 10, 15, 11, 10, 11, 19, 14, 10, 14, 10, 4, 1, 18, 19, 11, 4, 17, 18, 17, 4, 11, 11, 1, 13, 17, 15, 1, 5, 5, 15, 13, 5, 15, 13, 13, 17, 5, 15, 13, 17, 5, 15, 1, 13, 5, 5, 15, 15, 17]
bestever    2000    in generation 425
[16, 4, 6, 16, 20, 4, 9, 20, 12, 6, 4, 12, 6, 6, 9, 7, 16, 16, 6, 20, 3, 4, 12, 4, 3, 12, 9, 12, 6, 7, 7, 7, 12, 9, 7, 16, 16, 6, 3, 9, 8, 2, 2, 19, 14, 14, 14, 9, 18, 17, 16, 19, 10, 7, 12, 3, 2, 8, 16, 12, 16, 8, 8, 8, 8, 12, 16, 2, 14, 17, 18, 8, 19, 19, 3, 2, 8, 9, 13, 13, 1, 20, 13, 1, 2, 3, 6, 2, 7, 7, 6, 1, 8, 3, 7, 7, 20, 20, 18, 10, 2, 19, 18, 1, 8, 9, 4, 5, 20, 18, 10, 11, 19, 18, 9, 6, 20, 20, 3, 1, 2, 11, 18, 14, 18, 20, 9, 3, 12, 3, 17, 2, 15, 11, 10, 11, 19, 14, 10, 14, 10, 4, 11, 19, 14, 10, 11, 10, 11, 1, 5, 15, 13, 17, 5, 15, 19, 14, 10, 14, 10, 4, 1, 18, 19, 11, 4, 17, 18, 17, 4, 11, 11, 1, 13, 17, 15, 1, 5, 5, 15, 13, 5, 15, 13, 13, 17, 5, 15, 13, 17, 5, 15, 1, 13, 5, 5, 15, 15, 17]
bestever    1981    in generation 527
[16, 4, 6, 16, 20, 4, 9, 20, 12, 6, 4, 12, 6, 6, 9, 7, 16, 16, 6, 20, 3, 4, 12, 4, 3, 12, 9, 12, 6, 7, 7, 7, 12, 9, 7, 16, 16, 6, 3, 9, 8, 2, 2, 19, 14, 14, 14, 9, 18, 17, 16, 19, 10, 7, 12, 3, 2, 8, 16, 12, 16, 7, 8, 8, 8, 12, 16, 2, 14, 18, 8, 19, 19, 3, 2, 8, 9, 13, 13, 1, 20, 13, 1, 2, 3, 6, 2, 7, 7, 6, 1, 8, 17, 8, 7, 20, 20, 18, 10, 2, 19, 18, 8, 9, 4, 20, 18, 10, 11, 19, 18, 9, 6, 20, 20, 3, 1, 2, 11, 18, 14, 18, 20, 9, 3, 12, 3, 2, 11, 10, 11, 19, 14, 10, 14, 10, 4, 11, 19, 14, 10, 11, 10, 11, 1, 5, 13, 3, 5, 15, 17, 5, 15, 19, 14, 10, 14, 10, 4, 18, 19, 11, 4, 17, 18, 17, 4, 1, 11, 11, 1, 13, 17, 15, 1, 17, 15, 1, 5, 5, 15, 13, 5, 15, 13, 13, 17, 5, 15, 13, 17, 5, 15, 1, 13, 5, 5, 15, 15, 17]
bestever    1970    in generation 633
[16, 4, 6, 16, 20, 4, 9, 20, 12, 6, 4, 12, 6, 6, 9, 7, 2, 16, 6, 20, 3, 4, 12, 4, 3, 12, 9, 12, 6, 7, 7, 7, 12, 9, 7, 16, 16, 6, 3, 9, 8, 2, 2, 19, 14, 14, 14, 9, 18, 17, 16, 19, 10, 7, 12, 3, 2, 8, 16, 12, 16, 7, 8, 8, 8, 12, 16, 2, 14, 18, 8, 19, 19, 3, 2, 8, 9, 13, 13, 1, 20, 13, 1, 7, 3, 6, 16, 7, 2, 6, 1, 8, 17, 8, 7, 20, 20, 18, 10, 2, 19, 18, 8, 9, 4, 20, 18, 10, 11, 19, 18, 9, 6, 20, 20, 3, 1, 2, 11, 18, 14, 18, 20, 9, 3, 12, 3, 2, 11, 10, 11, 19, 14, 10, 14, 10, 4, 11, 19, 14, 10, 11, 10, 11, 1, 5, 13, 3, 5, 15, 17, 5, 15, 19, 14, 10, 14, 10, 4, 18, 19, 11, 4, 17, 18, 17, 4, 1, 11, 11, 1, 13, 17, 15, 1, 17, 15, 1, 5, 5, 15, 13, 5, 15, 13, 13, 17, 5, 15, 13, 17, 5, 15, 1, 13, 5, 15, 17, 5, 15]
bestever    1967    in generation 734
[16, 4, 6, 16, 20, 4, 9, 20, 12, 6, 4, 12, 6, 6, 9, 7, 2, 16, 6, 20, 3, 4, 12, 4, 3, 12, 9, 12, 6, 7, 7, 7, 12, 9, 7, 16, 16, 6, 3, 9, 8, 2, 2, 19, 14, 14, 14, 9, 18, 17, 16, 8, 10, 7, 12, 3, 2, 8, 16, 12, 16, 7, 8, 19, 8, 12, 16, 2, 14, 18, 8, 19, 19, 3, 2, 8, 9, 13, 13, 1, 20, 13, 1, 7, 3, 6, 16, 7, 2, 6, 1, 8, 17, 8, 7, 20, 20, 18, 10, 2, 19, 18, 8, 9, 4, 20, 18, 10, 11, 19, 18, 9, 6, 20, 20, 3, 1, 2, 11, 18, 14, 18, 20, 9, 3, 12, 3, 2, 11, 10, 11, 19, 14, 10, 14, 10, 4, 11, 19, 14, 10, 11, 10, 11, 1, 5, 13, 3, 5, 15, 17, 5, 15, 19, 14, 10, 14, 10, 4, 18, 19, 11, 4, 17, 18, 17, 4, 1, 11, 11, 1, 13, 17, 15, 1, 17, 15, 1, 5, 5, 15, 13, 5, 15, 13, 13, 17, 5, 15, 13, 17, 5, 15, 1, 13, 5, 15, 17, 5, 15]
bestever    1961    in generation 906
[6, 4, 16, 16, 20, 4, 9, 20, 12, 6, 4, 12, 6, 6, 9, 7, 2, 16, 6, 20, 3, 4, 12, 4, 3, 12, 9, 12, 6, 7, 7, 7, 12, 9, 7, 16, 16, 6, 3, 9, 8, 2, 2, 14, 14, 14, 19, 9, 18, 19, 16, 8, 10, 7, 12, 3, 2, 8, 16, 12, 16, 7, 8, 20, 8, 12, 16, 2, 14, 18, 8, 19, 17, 3, 2, 8, 9, 13, 13, 1, 20, 13, 1, 7, 3, 6, 16, 7, 10, 2, 19, 18, 8, 9, 4, 20, 18, 10, 13, 11, 2, 6, 1, 8, 17, 8, 7, 20, 19, 18, 19, 18, 9, 6, 20, 20, 3, 1, 2, 11, 18, 14, 18, 17, 20, 9, 3, 12, 3, 2, 11, 10, 11, 13, 19, 14, 10, 14, 10, 4, 11, 19, 14, 10, 11, 11, 1, 5, 3, 5, 15, 17, 5, 15, 19, 14, 10, 14, 10, 10, 4, 18, 19, 11, 4, 18, 17, 4, 1, 11, 11, 1, 17, 1, 1, 15, 17, 5, 15, 15, 13, 5, 15, 13, 17, 5, 15, 13, 17, 5, 15, 1, 13, 5, 13, 5, 15, 17, 5, 15]
bestever    1946    in generation 942
[6, 4, 16, 16, 20, 4, 9, 20, 12, 6, 4, 12, 6, 6, 9, 7, 2, 16, 6, 20, 3, 4, 12, 4, 3, 12, 9, 12, 6, 7, 7, 7, 12, 9, 7, 16, 16, 6, 3, 9, 8, 2, 2, 14, 14, 14, 19, 9, 18, 19, 16, 8, 10, 7, 12, 3, 2, 8, 16, 12, 16, 7, 8, 20, 8, 12, 16, 18, 14, 18, 8, 19, 17, 3, 2, 8, 9, 13, 13, 1, 20, 13, 1, 7, 3, 6, 16, 7, 10, 2, 19, 18, 8, 9, 4, 20, 18, 10, 13, 11, 2, 6, 1, 8, 17, 8, 7, 20, 19, 18, 19, 18, 9, 6, 20, 20, 3, 1, 2, 11, 2, 14, 18, 17, 20, 9, 3, 12, 3, 2, 11, 10, 11, 13, 19, 14, 10, 14, 10, 4, 11, 19, 14, 10, 11, 1, 5, 3, 5, 15, 17, 5, 15, 19, 14, 10, 14, 10, 10, 18, 11, 4, 19, 11, 4, 18, 17, 4, 1, 11, 11, 1, 17, 1, 1, 15, 17, 5, 15, 15, 13, 5, 15, 13, 17, 5, 15, 13, 17, 5, 15, 1, 13, 5, 13, 5, 15, 17, 5, 15]
bestever    1936    in generation 960
[6, 4, 16, 16, 20, 4, 9, 20, 12, 6, 4, 12, 6, 6, 9, 7, 2, 16, 6, 20, 3, 4, 12, 4, 3, 12, 9, 12, 6, 7, 7, 7, 12, 9, 7, 16, 16, 6, 3, 9, 8, 2, 2, 14, 14, 14, 19, 9, 18, 19, 16, 8, 10, 7, 12, 3, 2, 8, 16, 12, 16, 7, 8, 20, 8, 12, 16, 18, 14, 18, 8, 19, 17, 3, 2, 8, 9, 13, 13, 1, 20, 13, 1, 7, 3, 6, 16, 7, 10, 2, 19, 18, 8, 9, 4, 20, 18, 10, 13, 11, 2, 6, 1, 8, 8, 7, 20, 19, 18, 19, 18, 9, 6, 20, 20, 3, 1, 2, 11, 2, 14, 18, 20, 9, 3, 12, 3, 2, 11, 10, 11, 13, 19, 14, 10, 14, 10, 11, 19, 14, 10, 11, 5, 3, 5, 5, 15, 19, 14, 17, 4, 17, 1, 15, 17, 10, 14, 10, 10, 18, 11, 4, 19, 11, 4, 18, 17, 4, 1, 11, 11, 1, 17, 1, 1, 15, 17, 5, 15, 15, 13, 5, 15, 13, 17, 5, 15, 13, 17, 5, 15, 1, 13, 5, 13, 5, 15, 17, 5, 15]
bestever    1926    in generation 1067
[6, 4, 16, 16, 20, 6, 9, 20, 12, 6, 4, 12, 6, 6, 9, 7, 2, 16, 6, 20, 3, 4, 12, 4, 3, 12, 9, 12, 6, 7, 7, 7, 12, 9, 7, 16, 16, 4, 3, 9, 8, 2, 2, 14, 14, 14, 19, 9, 18, 19, 16, 8, 10, 7, 12, 3, 2, 8, 16, 12, 16, 7, 8, 20, 8, 12, 16, 18, 14, 18, 8, 19, 17, 3, 2, 8, 9, 13, 13, 20, 13, 7, 3, 6, 16, 7, 10, 2, 19, 18, 8, 9, 5, 4, 20, 18, 10, 13, 11, 2, 6, 1, 8, 17, 8, 7, 20, 19, 18, 19, 18, 9, 6, 20, 20, 3, 1, 2, 11, 2, 14, 18, 20, 9, 3, 12, 3, 2, 11, 10, 11, 19, 14, 10, 14, 10, 11, 19, 14, 10, 5, 3, 17, 19, 14, 10, 14, 10, 10, 18, 1, 11, 1, 19, 11, 4, 17, 4, 1, 11, 4, 18, 17, 4, 1, 11, 11, 1, 1, 1, 15, 17, 5, 15, 13, 5, 15, 17, 5, 15, 15, 13, 15, 13, 17, 5, 15, 13, 17, 5, 15, 1, 13, 5, 13, 5, 15, 17, 5, 15]
bestever    1914    in generation 1072
[6, 4, 16, 16, 20, 6, 9, 20, 12, 6, 4, 12, 6, 6, 9, 7, 2, 16, 6, 20, 3, 4, 12, 4, 3, 12, 9, 12, 6, 7, 7, 7, 12, 9, 7, 16, 16, 4, 3, 9, 8, 2, 2, 14, 14, 14, 19, 9, 18, 19, 16, 8, 10, 7, 12, 17, 2, 8, 16, 12, 16, 7, 8, 20, 8, 12, 16, 18, 14, 18, 8, 19, 17, 3, 2, 8, 9, 13, 13, 20, 13, 7, 3, 6, 16, 7, 10, 2, 19, 18, 8, 9, 5, 4, 20, 18, 10, 13, 11, 2, 6, 1, 8, 3, 8, 7, 20, 19, 18, 19, 18, 9, 6, 20, 20, 3, 1, 2, 11, 2, 14, 18, 20, 9, 3, 12, 3, 2, 11, 10, 11, 19, 14, 10, 14, 10, 11, 19, 14, 10, 5, 3, 17, 19, 14, 10, 14, 10, 10, 18, 1, 11, 1, 19, 11, 4, 17, 4, 1, 11, 4, 18, 17, 4, 1, 11, 11, 1, 1, 1, 15, 17, 5, 15, 13, 5, 15, 17, 5, 15, 15, 13, 15, 13, 17, 5, 15, 13, 17, 5, 15, 1, 13, 5, 13, 5, 15, 17, 5, 15]
bestever    1899    in generation 1197
[6, 4, 16, 16, 20, 6, 9, 20, 12, 6, 4, 12, 6, 6, 9, 7, 2, 16, 6, 20, 3, 4, 12, 4, 3, 12, 9, 12, 6, 7, 7, 7, 12, 9, 7, 16, 16, 4, 3, 9, 8, 2, 2, 14, 14, 14, 19, 9, 18, 19, 16, 8, 10, 7, 12, 17, 2, 20, 8, 16, 12, 16, 7, 8, 20, 8, 12, 16, 18, 14, 18, 8, 19, 17, 3, 2, 8, 9, 13, 13, 20, 13, 7, 3, 6, 16, 7, 10, 2, 19, 18, 8, 9, 4, 20, 18, 10, 13, 11, 2, 6, 1, 8, 20, 8, 7, 3, 19, 18, 19, 18, 9, 6, 20, 20, 3, 1, 2, 11, 2, 14, 18, 9, 3, 12, 3, 2, 11, 10, 11, 19, 14, 10, 14, 10, 11, 19, 14, 10, 5, 3, 17, 19, 14, 10, 14, 10, 10, 18, 1, 11, 1, 19, 11, 4, 17, 4, 1, 11, 4, 18, 4, 1, 11, 11, 1, 1, 1, 15, 17, 5, 15, 13, 5, 15, 17, 5, 15, 15, 13, 17, 5, 15, 13, 17, 5, 15, 13, 17, 5, 15, 1, 13, 5, 13, 5, 15, 17, 5, 15]
bestever    1859    in generation 1322
[6, 4, 16, 16, 20, 6, 9, 20, 12, 6, 4, 12, 6, 6, 9, 7, 2, 16, 6, 20, 3, 4, 12, 4, 3, 12, 9, 12, 6, 7, 7, 7, 12, 9, 7, 16, 16, 4, 3, 9, 8, 2, 2, 14, 14, 14, 19, 8, 18, 19, 16, 8, 10, 7, 8, 12, 17, 2, 20, 8, 16, 12, 16, 7, 3, 9, 20, 8, 12, 16, 18, 14, 18, 8, 19, 17, 2, 9, 13, 13, 20, 13, 7, 3, 6, 16, 7, 10, 2, 19, 18, 8, 9, 4, 20, 18, 10, 11, 2, 6, 1, 8, 20, 8, 7, 3, 19, 18, 19, 18, 9, 6, 20, 20, 3, 1, 2, 11, 2, 14, 18, 9, 3, 12, 3, 2, 11, 10, 11, 19, 14, 10, 14, 10, 11, 19, 14, 10, 5, 3, 17, 19, 14, 10, 14, 10, 10, 18, 1, 11, 1, 19, 11, 4, 4, 1, 11, 4, 18, 4, 1, 11, 11, 1, 1, 1, 15, 5, 15, 15, 17, 13, 17, 5, 13, 17, 5, 15, 15, 13, 17, 5, 15, 13, 17, 5, 15, 13, 17, 5, 15, 1, 13, 5, 13, 5, 15, 17, 5, 15]
bestever    1855    in generation 1690
[6, 4, 16, 16, 6, 6, 9, 20, 12, 20, 4, 12, 6, 7, 9, 7, 6, 2, 16, 6, 20, 3, 4, 12, 4, 3, 12, 20, 12, 12, 6, 7, 7, 12, 9, 7, 16, 16, 4, 3, 9, 8, 2, 2, 14, 14, 14, 19, 8, 18, 19, 16, 8, 10, 7, 8, 12, 17, 2, 8, 16, 12, 16, 7, 3, 9, 20, 8, 9, 16, 18, 14, 18, 8, 19, 17, 2, 9, 13, 13, 2, 20, 13, 7, 3, 6, 16, 7, 10, 2, 19, 18, 8, 9, 4, 20, 18, 10, 11, 2, 10, 6, 1, 8, 20, 8, 7, 3, 19, 18, 11, 18, 9, 6, 20, 19, 20, 3, 1, 2, 14, 14, 15, 18, 9, 3, 12, 3, 2, 11, 10, 11, 19, 14, 10, 15, 11, 19, 14, 10, 17, 3, 5, 19, 14, 10, 14, 10, 10, 18, 1, 11, 1, 19, 11, 4, 4, 4, 1, 11, 18, 4, 1, 11, 11, 1, 17, 1, 5, 15, 1, 13, 17, 5, 13, 17, 5, 15, 13, 5, 15, 17, 15, 13, 17, 5, 15, 13, 17, 5, 15, 1, 13, 5, 13, 5, 15, 17, 5, 15]
bestever    1852    in generation 1698
[6, 4, 16, 16, 6, 6, 9, 20, 12, 20, 4, 12, 6, 7, 9, 7, 6, 2, 16, 6, 20, 3, 4, 12, 4, 3, 12, 20, 12, 12, 6, 7, 7, 12, 9, 7, 16, 16, 4, 3, 9, 8, 2, 2, 14, 14, 14, 19, 8, 18, 19, 16, 8, 10, 7, 8, 12, 6, 2, 8, 16, 12, 16, 7, 3, 9, 20, 8, 9, 16, 18, 14, 18, 8, 19, 17, 2, 9, 13, 13, 2, 20, 13, 7, 3, 17, 16, 7, 10, 2, 19, 18, 8, 9, 4, 20, 18, 10, 11, 2, 10, 6, 1, 8, 20, 8, 7, 3, 19, 18, 11, 18, 9, 6, 20, 19, 20, 3, 1, 2, 14, 14, 15, 18, 9, 3, 12, 3, 2, 11, 10, 11, 19, 14, 10, 15, 11, 19, 14, 10, 17, 3, 5, 19, 14, 10, 14, 10, 10, 18, 1, 11, 1, 19, 11, 4, 4, 4, 1, 11, 18, 4, 1, 11, 11, 1, 17, 1, 5, 15, 1, 13, 17, 5, 13, 17, 5, 15, 13, 5, 15, 17, 15, 13, 17, 5, 15, 13, 17, 5, 15, 1, 13, 5, 13, 5, 15, 17, 5, 15]
bestever    1845    in generation 1781
[16, 16, 6, 6, 9, 20, 12, 20, 4, 12, 6, 7, 9, 7, 6, 2, 16, 6, 20, 3, 4, 12, 4, 3, 12, 20, 12, 12, 6, 7, 7, 12, 9, 14, 16, 16, 4, 3, 9, 8, 2, 2, 14, 14, 19, 8, 18, 19, 16, 8, 10, 7, 8, 12, 7, 4, 6, 2, 8, 16, 12, 16, 7, 3, 9, 20, 8, 9, 16, 18, 14, 18, 8, 19, 17, 2, 9, 13, 13, 2, 20, 13, 7, 3, 17, 16, 7, 10, 2, 19, 18, 8, 9, 4, 20, 18, 10, 11, 2, 10, 6, 1, 8, 20, 8, 5, 3, 19, 18, 11, 18, 9, 6, 20, 19, 20, 3, 1, 2, 14, 14, 15, 18, 9, 3, 12, 3, 2, 11, 10, 11, 19, 14, 10, 15, 11, 19, 14, 10, 17, 3, 5, 19, 14, 10, 14, 10, 10, 18, 1, 1, 19, 11, 4, 4, 1, 11, 4, 1, 11, 18, 4, 1, 11, 11, 1, 17, 1, 5, 15, 1, 13, 17, 5, 13, 17, 5, 15, 13, 7, 15, 17, 15, 13, 17, 5, 15, 13, 17, 5, 15, 13, 5, 13, 5, 15, 17, 5, 15, 6]
bestever    1841    in generation 1941
[16, 6, 16, 6, 9, 20, 12, 20, 4, 12, 6, 7, 9, 7, 6, 2, 16, 6, 20, 3, 4, 12, 4, 3, 12, 20, 12, 12, 9, 7, 7, 12, 6, 16, 14, 16, 4, 3, 9, 8, 2, 2, 14, 14, 19, 8, 18, 19, 16, 8, 10, 7, 8, 12, 7, 4, 6, 2, 8, 16, 12, 16, 7, 8, 9, 20, 8, 14, 9, 16, 18, 18, 3, 19, 17, 2, 9, 13, 13, 2, 20, 13, 7, 3, 17, 16, 7, 10, 2, 19, 18, 8, 6, 9, 4, 20, 18, 10, 11, 2, 10, 6, 8, 20, 8, 5, 3, 19, 18, 11, 18, 9, 6, 20, 19, 20, 3, 2, 14, 14, 15, 18, 9, 3, 12, 1, 1, 3, 2, 11, 10, 11, 19, 14, 1, 19, 10, 3, 19, 10, 14, 10, 14, 14, 10, 10, 18, 1, 1, 19, 11, 4, 4, 1, 11, 4, 1, 11, 18, 4, 11, 17, 5, 11, 11, 1, 17, 1, 5, 15, 1, 13, 17, 5, 13, 17, 5, 13, 7, 15, 17, 15, 13, 17, 15, 15, 5, 15, 13, 17, 5, 15, 13, 5, 13, 5, 15, 17, 5, 15]
bestever    1839    in generation 1942
[16, 6, 16, 6, 9, 20, 12, 20, 4, 12, 6, 7, 9, 7, 6, 2, 16, 6, 20, 3, 4, 12, 4, 3, 12, 20, 12, 12, 6, 7, 7, 12, 9, 16, 14, 16, 4, 3, 9, 8, 2, 2, 14, 14, 19, 8, 18, 19, 16, 8, 10, 7, 8, 12, 7, 4, 6, 2, 8, 16, 12, 16, 7, 8, 9, 20, 8, 14, 9, 16, 18, 18, 3, 19, 17, 2, 9, 13, 13, 2, 20, 13, 7, 18, 17, 16, 7, 10, 2, 19, 18, 8, 9, 4, 20, 3, 10, 11, 2, 10, 6, 8, 20, 8, 5, 3, 19, 18, 11, 18, 9, 6, 20, 19, 20, 3, 2, 14, 14, 15, 18, 9, 3, 12, 1, 1, 3, 2, 11, 10, 11, 19, 14, 1, 19, 10, 3, 19, 10, 14, 10, 14, 14, 10, 10, 18, 1, 1, 19, 11, 4, 4, 1, 11, 4, 1, 11, 18, 4, 11, 17, 5, 11, 11, 1, 17, 1, 5, 15, 1, 13, 17, 5, 13, 17, 5, 13, 7, 15, 17, 15, 13, 17, 15, 15, 5, 15, 13, 17, 5, 15, 13, 5, 13, 5, 15, 17, 5, 15, 6]
bestever    1838    in generation 2031
[16, 6, 16, 6, 9, 20, 12, 20, 4, 12, 6, 7, 9, 7, 6, 2, 16, 6, 20, 3, 4, 12, 4, 3, 12, 20, 12, 12, 6, 7, 7, 12, 9, 16, 14, 16, 4, 3, 9, 8, 2, 2, 14, 14, 19, 8, 18, 19, 16, 8, 10, 7, 8, 12, 7, 4, 6, 2, 8, 16, 12, 16, 7, 8, 9, 20, 8, 14, 9, 16, 18, 18, 3, 19, 17, 2, 9, 13, 2, 20, 7, 18, 17, 16, 7, 10, 2, 19, 18, 8, 9, 4, 20, 3, 10, 11, 2, 10, 6, 8, 20, 8, 3, 19, 18, 11, 18, 9, 6, 20, 19, 20, 3, 2, 14, 14, 18, 9, 3, 12, 1, 1, 3, 2, 11, 10, 11, 19, 14, 1, 19, 10, 3, 19, 10, 14, 10, 14, 14, 10, 10, 18, 1, 1, 19, 11, 4, 4, 1, 11, 4, 1, 11, 18, 4, 11, 17, 11, 11, 1, 1, 13, 17, 5, 15, 13, 5, 5, 15, 1, 13, 17, 5, 13, 17, 5, 13, 7, 15, 17, 15, 15, 15, 15, 6, 5, 15, 13, 5, 5, 15, 13, 17, 5, 13, 17, 5, 13, 15, 17]
bestever    1834    in generation 2041
[16, 6, 16, 6, 9, 20, 12, 20, 4, 12, 6, 7, 9, 7, 6, 2, 16, 6, 20, 3, 4, 12, 4, 3, 12, 20, 12, 12, 7, 7, 12, 9, 16, 14, 16, 4, 3, 9, 8, 2, 2, 14, 14, 19, 8, 18, 19, 16, 8, 10, 7, 8, 12, 7, 4, 6, 2, 8, 16, 12, 16, 7, 8, 9, 20, 8, 14, 9, 16, 18, 18, 3, 19, 17, 2, 9, 13, 2, 20, 7, 18, 17, 16, 7, 10, 2, 19, 18, 8, 9, 4, 20, 3, 10, 11, 2, 10, 6, 8, 20, 8, 3, 19, 18, 11, 18, 9, 6, 20, 19, 20, 3, 2, 14, 14, 18, 9, 3, 12, 1, 1, 3, 2, 11, 10, 11, 19, 14, 1, 19, 10, 3, 19, 10, 14, 10, 14, 14, 10, 10, 18, 1, 1, 19, 11, 4, 4, 1, 11, 4, 1, 11, 18, 4, 11, 17, 11, 11, 1, 1, 13, 17, 5, 15, 13, 15, 1, 17, 13, 17, 5, 13, 7, 17, 15, 15, 15, 6, 5, 15, 13, 5, 5, 15, 6, 5, 15, 13, 5, 5, 15, 13, 17, 5, 13, 17, 5, 13, 15, 17]
bestever    1829    in generation 2071
[6, 16, 6, 9, 20, 12, 20, 4, 12, 6, 7, 9, 7, 6, 2, 16, 6, 20, 3, 4, 12, 4, 3, 12, 20, 12, 12, 7, 7, 12, 9, 16, 14, 16, 4, 3, 9, 8, 2, 2, 14, 14, 19, 8, 18, 19, 16, 8, 10, 7, 8, 12, 7, 4, 6, 2, 8, 16, 12, 16, 7, 16, 8, 9, 20, 8, 14, 9, 16, 18, 18, 3, 19, 17, 2, 9, 13, 2, 20, 7, 18, 17, 16, 7, 10, 2, 19, 18, 8, 9, 4, 20, 3, 10, 11, 2, 10, 6, 8, 20, 8, 3, 19, 18, 11, 18, 9, 6, 20, 19, 20, 3, 2, 14, 14, 18, 9, 3, 12, 1, 1, 3, 2, 11, 10, 11, 19, 14, 1, 19, 10, 3, 19, 14, 10, 14, 14, 10, 10, 10, 18, 1, 1, 19, 11, 4, 4, 1, 11, 4, 1, 11, 18, 4, 11, 17, 11, 11, 1, 1, 13, 17, 5, 15, 13, 15, 1, 17, 13, 17, 5, 13, 7, 17, 15, 15, 15, 6, 5, 15, 13, 5, 5, 15, 6, 5, 15, 13, 5, 5, 15, 13, 17, 5, 13, 17, 5, 13, 15, 17]
bestever    1823    in generation 2110
[6, 16, 6, 9, 20, 12, 20, 4, 12, 6, 7, 9, 7, 6, 2, 16, 6, 20, 3, 4, 12, 4, 3, 12, 20, 12, 12, 7, 7, 12, 9, 16, 14, 16, 4, 3, 9, 8, 2, 2, 14, 14, 19, 8, 18, 19, 16, 8, 10, 7, 8, 12, 7, 4, 6, 2, 8, 16, 12, 16, 7, 16, 8, 9, 20, 8, 14, 9, 16, 18, 18, 3, 19, 17, 2, 9, 3, 2, 20, 7, 18, 17, 16, 7, 10, 2, 19, 18, 8, 9, 4, 20, 13, 10, 11, 2, 10, 6, 8, 20, 8, 3, 19, 18, 11, 18, 9, 6, 20, 19, 20, 3, 2, 14, 14, 18, 9, 3, 12, 1, 1, 3, 2, 11, 10, 11, 19, 14, 1, 19, 10, 3, 19, 14, 10, 14, 14, 10, 10, 10, 18, 1, 1, 19, 11, 4, 4, 1, 11, 4, 1, 11, 18, 4, 11, 17, 11, 11, 1, 1, 13, 17, 5, 15, 13, 15, 1, 17, 13, 17, 5, 13, 7, 17, 15, 15, 15, 6, 5, 15, 13, 5, 5, 15, 6, 5, 15, 17, 13, 5, 5, 15, 13, 5, 13, 17, 5, 13, 15, 17]
bestever    1815    in generation 2129
[6, 16, 6, 9, 20, 12, 20, 4, 12, 6, 7, 9, 7, 6, 2, 16, 6, 20, 3, 4, 12, 4, 3, 12, 20, 12, 12, 7, 7, 12, 9, 16, 14, 16, 4, 3, 9, 8, 2, 2, 14, 14, 19, 8, 18, 19, 16, 8, 10, 7, 8, 12, 7, 4, 6, 2, 8, 16, 12, 16, 7, 16, 8, 9, 20, 8, 14, 9, 16, 18, 18, 3, 19, 17, 2, 9, 3, 2, 20, 7, 18, 16, 7, 10, 2, 19, 18, 8, 9, 4, 20, 13, 10, 11, 2, 10, 8, 20, 8, 3, 19, 18, 11, 18, 9, 20, 19, 20, 3, 2, 14, 14, 18, 9, 3, 12, 1, 1, 3, 2, 11, 10, 11, 19, 14, 1, 19, 10, 3, 19, 14, 10, 14, 14, 10, 10, 10, 18, 1, 1, 19, 11, 4, 4, 1, 11, 4, 1, 11, 18, 4, 11, 11, 11, 1, 1, 15, 17, 17, 13, 17, 6, 13, 6, 5, 15, 1, 17, 13, 17, 5, 13, 7, 17, 15, 15, 15, 6, 5, 15, 13, 5, 5, 15, 6, 5, 15, 17, 13, 5, 5, 15, 13, 5, 13, 17, 5, 13, 15, 17]
bestever    1813    in generation 2367
[6, 16, 6, 9, 20, 12, 20, 6, 12, 6, 7, 9, 7, 4, 2, 16, 6, 20, 3, 4, 12, 9, 4, 3, 12, 20, 12, 7, 12, 7, 12, 16, 14, 16, 4, 3, 9, 8, 2, 2, 14, 14, 19, 8, 18, 19, 16, 8, 11, 7, 8, 12, 7, 4, 6, 2, 8, 16, 10, 16, 7, 16, 8, 9, 9, 20, 8, 14, 16, 18, 18, 3, 19, 17, 2, 9, 3, 2, 20, 7, 18, 16, 7, 10, 2, 19, 18, 8, 9, 4, 20, 13, 10, 12, 3, 2, 10, 8, 20, 8, 3, 19, 18, 11, 18, 9, 20, 19, 20, 3, 2, 14, 14, 18, 9, 12, 1, 1, 3, 2, 11, 10, 11, 19, 14, 1, 19, 10, 3, 19, 14, 10, 14, 14, 10, 10, 10, 18, 1, 1, 19, 11, 4, 4, 1, 11, 4, 1, 11, 18, 4, 11, 11, 11, 1, 1, 15, 17, 17, 13, 17, 6, 13, 15, 1, 7, 17, 6, 17, 13, 5, 5, 13, 17, 15, 15, 15, 6, 5, 15, 13, 5, 5, 15, 6, 5, 15, 17, 13, 5, 5, 15, 13, 5, 13, 17, 5, 13, 15, 17]
bestever    1812    in generation 2377
[6, 16, 6, 9, 20, 12, 20, 6, 12, 6, 7, 9, 7, 4, 2, 16, 6, 20, 3, 4, 12, 9, 4, 3, 12, 20, 12, 7, 12, 7, 12, 16, 14, 16, 4, 3, 9, 8, 2, 2, 14, 19, 8, 18, 19, 16, 8, 11, 7, 8, 12, 7, 4, 6, 2, 8, 16, 10, 16, 7, 16, 8, 9, 9, 20, 8, 14, 16, 18, 18, 3, 19, 17, 2, 9, 3, 2, 20, 7, 18, 16, 7, 10, 2, 19, 18, 8, 9, 4, 20, 13, 10, 12, 3, 2, 10, 8, 20, 8, 3, 19, 11, 18, 9, 20, 19, 20, 3, 2, 14, 14, 18, 14, 18, 9, 12, 1, 1, 3, 2, 11, 10, 11, 19, 14, 1, 19, 10, 3, 19, 14, 10, 14, 14, 10, 10, 10, 18, 1, 1, 19, 11, 4, 4, 1, 11, 4, 1, 11, 18, 4, 11, 11, 11, 1, 1, 15, 17, 17, 13, 17, 6, 13, 15, 1, 7, 17, 6, 17, 13, 5, 5, 13, 17, 15, 15, 15, 6, 5, 15, 13, 5, 5, 15, 6, 5, 15, 17, 13, 5, 5, 15, 13, 5, 13, 17, 5, 13, 15, 17]
bestever    1804    in generation 2413
[6, 16, 6, 9, 20, 12, 20, 6, 12, 6, 7, 9, 7, 4, 2, 16, 6, 20, 3, 4, 12, 9, 4, 3, 12, 20, 12, 7, 12, 7, 12, 16, 16, 4, 3, 9, 8, 2, 2, 14, 19, 8, 18, 19, 16, 8, 11, 7, 8, 12, 7, 4, 6, 2, 8, 16, 10, 16, 7, 16, 8, 9, 9, 20, 8, 14, 16, 18, 18, 3, 19, 2, 9, 3, 2, 20, 7, 18, 16, 7, 10, 2, 19, 18, 8, 9, 4, 20, 13, 10, 12, 10, 8, 20, 8, 3, 19, 11, 18, 9, 20, 19, 20, 3, 2, 14, 14, 18, 3, 2, 14, 14, 18, 9, 12, 1, 1, 3, 2, 11, 10, 11, 19, 14, 1, 19, 10, 3, 19, 14, 10, 14, 14, 10, 10, 10, 18, 1, 1, 19, 11, 4, 17, 4, 1, 11, 4, 1, 11, 18, 4, 11, 11, 11, 1, 1, 15, 17, 17, 13, 17, 6, 13, 15, 1, 7, 17, 6, 17, 13, 5, 5, 13, 17, 15, 15, 15, 6, 5, 15, 13, 5, 5, 15, 6, 5, 15, 17, 13, 5, 5, 15, 13, 5, 13, 17, 5, 13, 15, 17]
bestever    1794    in generation 2553
[6, 16, 6, 9, 20, 12, 20, 6, 12, 6, 7, 9, 7, 4, 2, 16, 6, 20, 3, 4, 12, 9, 4, 3, 12, 7, 20, 12, 7, 12, 7, 12, 16, 16, 4, 3, 9, 8, 2, 2, 14, 19, 8, 18, 7, 16, 8, 11, 7, 8, 12, 19, 4, 6, 2, 8, 16, 10, 16, 7, 16, 8, 9, 9, 20, 8, 14, 16, 18, 18, 3, 19, 2, 9, 3, 2, 20, 18, 16, 7, 10, 2, 19, 18, 8, 9, 4, 20, 13, 10, 12, 10, 8, 20, 8, 3, 19, 11, 18, 9, 20, 19, 20, 3, 2, 14, 14, 18, 3, 2, 14, 14, 18, 9, 12, 1, 1, 3, 2, 11, 10, 11, 19, 14, 1, 19, 10, 3, 19, 14, 10, 14, 14, 10, 10, 10, 18, 1, 1, 19, 11, 4, 4, 1, 11, 4, 1, 11, 18, 4, 11, 11, 11, 1, 1, 15, 17, 17, 17, 13, 17, 6, 13, 15, 1, 7, 17, 6, 17, 13, 5, 5, 13, 17, 15, 15, 15, 6, 5, 15, 13, 5, 5, 15, 6, 5, 15, 17, 13, 5, 15, 5, 13, 5, 13, 17, 5, 13, 15, 17]
bestever    1791    in generation 2743
[6, 16, 20, 6, 9, 20, 12, 6, 12, 6, 7, 9, 7, 4, 2, 16, 6, 20, 3, 4, 12, 9, 4, 3, 12, 7, 20, 12, 7, 12, 7, 12, 16, 16, 4, 3, 9, 8, 2, 2, 14, 19, 8, 18, 7, 16, 8, 11, 7, 8, 12, 19, 4, 6, 2, 8, 16, 10, 16, 7, 16, 8, 9, 9, 20, 8, 14, 16, 18, 18, 3, 19, 2, 9, 3, 2, 12, 20, 18, 16, 7, 10, 2, 19, 18, 8, 9, 4, 20, 13, 10, 12, 10, 8, 20, 8, 3, 19, 11, 18, 9, 20, 19, 20, 3, 2, 14, 14, 18, 3, 2, 14, 14, 18, 9, 1, 1, 3, 2, 11, 10, 11, 19, 14, 19, 10, 1, 3, 19, 14, 10, 14, 14, 10, 10, 10, 18, 1, 1, 19, 11, 4, 4, 1, 11, 4, 1, 11, 18, 4, 11, 11, 11, 1, 1, 15, 17, 17, 17, 5, 6, 13, 15, 1, 7, 17, 6, 13, 13, 17, 15, 15, 6, 5, 5, 5, 17, 15, 13, 15, 17, 5, 15, 6, 15, 17, 13, 5, 13, 5, 15, 5, 13, 5, 13, 17, 5, 13, 15, 17]
bestever    1786    in generation 2860
[6, 16, 20, 6, 9, 20, 12, 6, 12, 6, 7, 9, 7, 4, 2, 16, 6, 20, 3, 4, 12, 9, 4, 3, 12, 7, 20, 12, 7, 12, 7, 12, 16, 16, 4, 3, 2, 8, 2, 9, 14, 19, 8, 18, 7, 16, 8, 11, 7, 8, 12, 19, 4, 6, 2, 8, 16, 10, 16, 7, 16, 8, 9, 9, 20, 8, 14, 16, 18, 4, 3, 19, 2, 9, 3, 2, 12, 20, 18, 16, 7, 10, 2, 19, 18, 8, 9, 18, 20, 13, 10, 12, 10, 8, 20, 8, 3, 19, 11, 18, 9, 20, 19, 20, 3, 2, 14, 14, 18, 3, 2, 14, 18, 9, 1, 1, 3, 2, 11, 10, 11, 19, 14, 10, 1, 19, 14, 3, 19, 14, 10, 14, 14, 10, 10, 10, 18, 1, 1, 19, 11, 4, 4, 1, 11, 4, 1, 11, 18, 4, 11, 11, 11, 1, 1, 15, 17, 17, 17, 5, 6, 13, 15, 1, 7, 17, 6, 13, 13, 17, 15, 15, 6, 5, 5, 5, 17, 15, 13, 15, 17, 5, 15, 6, 15, 17, 13, 5, 13, 5, 15, 5, 13, 5, 13, 17, 5, 13, 15, 17]
bestever    1784    in generation 3096
[6, 16, 20, 6, 9, 20, 12, 6, 12, 6, 7, 9, 7, 4, 2, 16, 6, 20, 3, 4, 12, 9, 4, 3, 12, 7, 20, 12, 7, 12, 7, 12, 16, 16, 4, 3, 2, 8, 2, 7, 9, 14, 19, 8, 18, 7, 16, 8, 11, 8, 12, 19, 4, 6, 2, 8, 16, 10, 16, 7, 16, 8, 9, 9, 20, 8, 1, 16, 18, 4, 3, 19, 2, 9, 3, 2, 12, 20, 18, 16, 7, 10, 2, 19, 18, 8, 9, 18, 20, 13, 10, 12, 10, 8, 20, 8, 3, 19, 11, 18, 9, 20, 19, 20, 3, 2, 14, 14, 18, 3, 2, 14, 18, 9, 14, 1, 3, 2, 11, 10, 11, 19, 14, 10, 1, 19, 14, 3, 19, 14, 10, 14, 19, 10, 10, 10, 18, 1, 1, 14, 11, 4, 4, 1, 11, 4, 1, 11, 18, 4, 11, 11, 11, 1, 1, 15, 17, 17, 17, 5, 6, 13, 15, 1, 7, 17, 6, 13, 13, 17, 15, 15, 6, 5, 5, 5, 17, 15, 13, 15, 17, 5, 15, 6, 13, 15, 17, 5, 13, 5, 15, 5, 13, 5, 13, 17, 5, 13, 15, 17]
bestever    1779    in generation 3161
[6, 16, 20, 6, 9, 20, 12, 6, 12, 6, 7, 9, 7, 4, 2, 16, 6, 20, 3, 4, 12, 9, 4, 3, 12, 7, 20, 12, 7, 12, 7, 12, 16, 16, 4, 3, 2, 8, 2, 7, 9, 14, 19, 8, 18, 7, 16, 8, 11, 8, 12, 19, 4, 6, 2, 8, 16, 10, 16, 7, 16, 8, 9, 9, 20, 8, 1, 16, 18, 4, 3, 19, 2, 9, 3, 2, 12, 20, 18, 16, 7, 10, 2, 19, 18, 8, 9, 18, 20, 13, 10, 12, 10, 8, 20, 8, 3, 19, 11, 18, 9, 20, 19, 20, 3, 2, 14, 14, 18, 3, 2, 14, 18, 9, 14, 1, 3, 2, 11, 10, 11, 19, 14, 10, 1, 19, 14, 3, 19, 10, 14, 14, 19, 10, 10, 10, 18, 1, 1, 14, 11, 4, 4, 1, 11, 4, 1, 11, 18, 4, 11, 11, 11, 1, 1, 15, 17, 17, 17, 5, 6, 13, 15, 1, 7, 17, 6, 13, 13, 17, 15, 15, 6, 5, 5, 5, 17, 15, 13, 15, 17, 5, 15, 6, 13, 15, 5, 13, 5, 15, 5, 5, 13, 17, 13, 17, 5, 13, 15, 17]
bestever    1772    in generation 3541
[6, 16, 20, 6, 9, 20, 12, 6, 12, 6, 7, 9, 7, 2, 4, 2, 16, 6, 20, 3, 4, 12, 9, 8, 3, 12, 7, 2, 20, 12, 7, 12, 7, 12, 16, 16, 4, 3, 2, 8, 7, 16, 14, 12, 7, 19, 4, 18, 7, 16, 8, 11, 8, 12, 19, 4, 6, 9, 8, 16, 10, 7, 16, 16, 8, 9, 9, 20, 8, 18, 4, 3, 19, 2, 9, 3, 2, 12, 20, 18, 16, 10, 2, 19, 18, 8, 9, 18, 20, 13, 1, 10, 10, 8, 20, 8, 3, 19, 11, 18, 9, 20, 19, 20, 3, 2, 14, 14, 18, 3, 2, 14, 18, 9, 14, 1, 3, 2, 11, 10, 11, 19, 14, 10, 19, 14, 3, 19, 10, 14, 14, 19, 1, 10, 10, 10, 18, 1, 1, 14, 11, 17, 4, 4, 1, 11, 4, 1, 11, 18, 4, 11, 11, 11, 1, 1, 15, 17, 17, 17, 5, 6, 13, 15, 1, 7, 17, 6, 13, 15, 17, 15, 15, 6, 13, 5, 5, 13, 5, 15, 17, 5, 15, 6, 13, 15, 5, 13, 5, 15, 5, 5, 13, 17, 13, 17, 5, 13, 15, 17]
bestever    1754    in generation 3721
[6, 16, 20, 6, 9, 20, 12, 6, 12, 6, 7, 9, 7, 2, 4, 2, 16, 6, 20, 3, 4, 12, 9, 8, 3, 12, 7, 2, 20, 12, 7, 12, 7, 12, 16, 16, 4, 3, 2, 8, 7, 16, 14, 12, 7, 19, 4, 18, 7, 16, 8, 11, 8, 12, 19, 4, 6, 9, 8, 16, 10, 7, 16, 16, 8, 9, 9, 20, 8, 18, 4, 3, 19, 2, 9, 3, 2, 12, 20, 18, 16, 10, 2, 19, 18, 8, 9, 18, 20, 13, 1, 17, 10, 10, 8, 20, 8, 3, 19, 11, 18, 9, 20, 19, 20, 3, 2, 14, 14, 18, 3, 2, 14, 11, 18, 9, 14, 1, 3, 2, 11, 10, 19, 14, 10, 19, 14, 3, 19, 10, 14, 14, 19, 1, 10, 10, 10, 18, 1, 1, 14, 11, 17, 4, 4, 1, 11, 4, 1, 11, 18, 4, 11, 11, 11, 1, 1, 15, 17, 13, 17, 5, 6, 17, 15, 1, 7, 13, 6, 17, 15, 15, 15, 6, 13, 5, 5, 13, 5, 15, 17, 5, 15, 15, 6, 13, 15, 5, 13, 5, 15, 5, 5, 13, 17, 13, 17, 5, 13, 17]
bestever    1751    in generation 3868
[6, 6, 20, 6, 9, 20, 12, 6, 12, 16, 7, 9, 7, 2, 4, 2, 16, 6, 20, 3, 4, 12, 7, 9, 8, 3, 12, 10, 7, 2, 20, 12, 7, 12, 7, 12, 16, 19, 16, 4, 3, 2, 16, 8, 7, 16, 14, 12, 7, 19, 4, 18, 7, 8, 11, 8, 12, 19, 4, 6, 9, 8, 16, 10, 16, 16, 8, 9, 9, 20, 8, 18, 4, 3, 2, 9, 3, 2, 12, 20, 18, 16, 10, 2, 19, 18, 8, 9, 18, 20, 13, 1, 17, 10, 8, 20, 8, 3, 19, 11, 18, 9, 20, 19, 20, 3, 2, 14, 14, 18, 3, 2, 14, 18, 5, 9, 14, 1, 3, 2, 10, 19, 14, 10, 19, 14, 3, 19, 10, 14, 14, 19, 1, 10, 10, 10, 18, 1, 1, 14, 11, 17, 4, 11, 4, 11, 1, 11, 4, 1, 11, 18, 4, 11, 11, 11, 1, 6, 15, 17, 13, 17, 6, 17, 15, 1, 7, 13, 6, 17, 15, 15, 15, 6, 13, 5, 5, 13, 5, 15, 17, 5, 15, 15, 1, 13, 15, 5, 13, 5, 15, 5, 5, 13, 17, 13, 17, 5, 13, 17]
bestever    1749    in generation 4693
[6, 6, 20, 6, 9, 20, 12, 6, 12, 16, 7, 9, 20, 7, 2, 4, 2, 16, 20, 6, 20, 3, 4, 12, 7, 9, 8, 6, 3, 12, 10, 7, 12, 12, 7, 16, 12, 7, 12, 13, 7, 19, 16, 4, 2, 16, 8, 16, 16, 18, 7, 14, 2, 7, 19, 4, 18, 12, 7, 3, 8, 3, 11, 4, 8, 1, 19, 9, 8, 16, 10, 16, 16, 8, 13, 9, 14, 9, 20, 8, 2, 18, 9, 2, 4, 3, 10, 19, 5, 15, 2, 12, 18, 8, 9, 18, 20, 14, 1, 14, 10, 8, 20, 3, 8, 3, 19, 11, 18, 9, 20, 19, 20, 2, 14, 14, 18, 3, 19, 3, 2, 18, 9, 14, 1, 3, 19, 4, 19, 15, 1, 14, 10, 10, 10, 14, 2, 19, 10, 6, 10, 4, 10, 18, 1, 1, 14, 11, 11, 13, 4, 11, 1, 11, 11, 15, 18, 11, 11, 6, 4, 5, 6, 15, 5, 17, 15, 15, 17, 13, 6, 11, 5, 15, 1, 13, 15, 5, 13, 5, 13, 17, 17, 17, 1, 15, 17, 1, 15, 5, 13, 5, 5, 17, 17, 13, 17, 5, 13, 17]
bestever    1745    in generation 4946
[6, 6, 20, 6, 9, 20, 12, 6, 12, 16, 6, 7, 9, 20, 7, 2, 4, 2, 16, 20, 20, 3, 4, 12, 7, 16, 8, 6, 3, 12, 10, 7, 12, 12, 7, 16, 12, 7, 12, 13, 4, 7, 19, 16, 4, 2, 16, 8, 9, 16, 18, 7, 14, 2, 7, 19, 18, 12, 7, 3, 8, 3, 11, 4, 8, 1, 19, 9, 8, 16, 10, 16, 16, 8, 13, 9, 8, 9, 20, 8, 2, 18, 9, 2, 4, 3, 10, 19, 5, 15, 2, 12, 18, 8, 9, 18, 20, 14, 1, 14, 10, 14, 20, 3, 8, 3, 19, 11, 18, 9, 20, 19, 20, 2, 14, 14, 18, 3, 19, 10, 2, 18, 9, 14, 1, 3, 19, 4, 17, 19, 15, 1, 14, 3, 10, 10, 14, 2, 19, 10, 6, 10, 4, 10, 18, 1, 1, 14, 11, 11, 11, 13, 18, 4, 11, 1, 13, 11, 15, 11, 11, 6, 4, 5, 6, 15, 5, 15, 15, 17, 13, 6, 11, 15, 1, 15, 5, 17, 5, 17, 17, 13, 1, 15, 17, 5, 13, 1, 15, 5, 13, 5, 5, 17, 17, 13, 17, 5, 13, 17]
bestever    1737    in generation 6282
[6, 6, 20, 6, 9, 20, 12, 2, 16, 6, 12, 7, 6, 9, 20, 4, 4, 7, 16, 12, 3, 2, 12, 6, 7, 16, 8, 6, 10, 12, 20, 3, 4, 7, 12, 7, 16, 12, 16, 12, 9, 4, 7, 19, 16, 4, 2, 16, 8, 9, 16, 3, 7, 7, 7, 16, 2, 11, 19, 18, 6, 4, 14, 3, 8, 18, 7, 8, 6, 11, 8, 16, 1, 19, 9, 8, 10, 14, 9, 5, 13, 18, 2, 8, 8, 20, 1, 9, 18, 9, 2, 3, 10, 19, 12, 14, 8, 15, 18, 8, 2, 9, 20, 2, 1, 14, 10, 13, 15, 20, 3, 18, 19, 3, 19, 12, 11, 20, 20, 14, 14, 18, 3, 19, 10, 2, 18, 14, 9, 1, 3, 19, 4, 17, 19, 10, 1, 20, 14, 3, 10, 5, 1, 14, 2, 19, 17, 10, 4, 10, 18, 1, 14, 11, 11, 11, 10, 13, 18, 4, 11, 15, 13, 15, 5, 15, 11, 1, 11, 4, 5, 6, 15, 15, 1, 13, 5, 17, 17, 17, 13, 15, 13, 11, 15, 17, 5, 13, 1, 15, 5, 5, 5, 17, 13, 17, 17, 5, 13, 17]
bestever    1736    in generation 6775
[6, 6, 20, 6, 9, 20, 12, 2, 16, 6, 12, 7, 6, 9, 20, 4, 4, 7, 16, 12, 3, 2, 12, 6, 7, 16, 8, 6, 10, 12, 19, 3, 12, 7, 4, 7, 12, 6, 16, 12, 9, 4, 7, 20, 16, 4, 2, 16, 8, 9, 16, 20, 3, 7, 11, 4, 19, 18, 6, 14, 3, 8, 18, 7, 8, 6, 8, 20, 11, 8, 16, 1, 19, 9, 8, 10, 16, 14, 9, 5, 13, 18, 2, 8, 1, 9, 18, 9, 2, 3, 10, 19, 7, 7, 2, 12, 14, 20, 8, 15, 18, 8, 2, 9, 20, 2, 1, 14, 10, 13, 15, 20, 3, 18, 19, 3, 19, 12, 11, 14, 14, 18, 3, 19, 10, 2, 18, 14, 9, 1, 3, 11, 19, 4, 17, 19, 10, 1, 13, 1, 20, 14, 3, 10, 5, 1, 14, 2, 19, 10, 10, 4, 10, 18, 1, 14, 11, 11, 11, 17, 13, 18, 4, 11, 1, 15, 13, 15, 5, 15, 11, 4, 5, 16, 15, 15, 1, 13, 17, 13, 17, 11, 5, 15, 13, 17, 15, 17, 5, 15, 5, 5, 5, 17, 13, 17, 17, 5, 13, 17]
bestever    1735    in generation 6783
[6, 6, 20, 6, 9, 20, 12, 2, 16, 6, 12, 7, 6, 9, 20, 4, 4, 7, 16, 12, 3, 2, 12, 6, 7, 16, 8, 6, 10, 12, 19, 3, 12, 7, 4, 7, 12, 6, 16, 12, 9, 4, 7, 20, 16, 4, 2, 16, 8, 9, 16, 20, 3, 7, 11, 4, 19, 18, 6, 14, 3, 8, 18, 7, 8, 6, 8, 20, 11, 8, 16, 1, 19, 9, 8, 10, 16, 14, 9, 5, 13, 18, 2, 8, 1, 9, 18, 9, 2, 3, 10, 19, 7, 7, 2, 12, 14, 20, 8, 15, 18, 8, 2, 9, 20, 2, 1, 14, 10, 13, 15, 20, 3, 18, 19, 3, 19, 12, 11, 14, 14, 18, 3, 19, 10, 2, 18, 14, 9, 1, 3, 11, 19, 4, 17, 19, 10, 1, 13, 1, 20, 14, 3, 10, 5, 1, 14, 2, 19, 10, 10, 4, 10, 18, 1, 14, 11, 11, 11, 17, 13, 18, 4, 11, 1, 15, 13, 15, 5, 15, 11, 4, 5, 16, 15, 15, 1, 13, 17, 13, 17, 11, 5, 15, 13, 15, 17, 5, 15, 5, 5, 5, 17, 13, 17, 17, 5, 13, 17, 17]
bestever    1731    in generation 7209
[6, 6, 20, 6, 9, 20, 12, 2, 16, 6, 12, 7, 6, 9, 20, 4, 4, 7, 16, 3, 12, 2, 12, 6, 7, 16, 8, 6, 10, 12, 19, 3, 12, 7, 4, 7, 12, 6, 16, 12, 9, 4, 7, 20, 16, 4, 7, 9, 8, 16, 16, 20, 3, 7, 11, 4, 19, 18, 7, 6, 8, 3, 8, 18, 2, 8, 6, 10, 20, 11, 8, 16, 1, 19, 9, 14, 8, 16, 14, 9, 2, 13, 2, 8, 1, 9, 18, 18, 16, 9, 5, 3, 10, 19, 7, 2, 12, 14, 20, 8, 15, 14, 8, 2, 9, 20, 2, 13, 18, 10, 1, 15, 20, 3, 18, 19, 3, 19, 12, 11, 14, 14, 18, 3, 19, 10, 2, 18, 14, 9, 1, 3, 11, 19, 4, 17, 19, 10, 1, 13, 1, 20, 14, 3, 10, 5, 1, 14, 2, 10, 19, 10, 10, 4, 18, 1, 14, 11, 13, 13, 17, 11, 18, 4, 11, 1, 15, 11, 15, 5, 15, 11, 4, 5, 15, 15, 1, 13, 17, 13, 17, 11, 5, 15, 13, 15, 17, 5, 15, 5, 5, 5, 17, 13, 17, 17, 5, 13, 17, 17]
bestever    1729    in generation 9154
[6, 6, 20, 20, 6, 12, 9, 16, 12, 2, 6, 12, 7, 6, 9, 20, 4, 12, 7, 12, 16, 20, 12, 3, 12, 2, 7, 6, 7, 20, 6, 4, 16, 4, 3, 12, 7, 8, 6, 9, 6, 8, 7, 19, 16, 7, 16, 16, 12, 7, 16, 4, 9, 9, 13, 18, 3, 11, 7, 19, 18, 16, 8, 2, 4, 18, 3, 8, 16, 2, 8, 10, 8, 8, 18, 8, 9, 14, 8, 10, 11, 14, 9, 2, 19, 2, 5, 19, 1, 9, 18, 17, 16, 13, 14, 9, 18, 3, 8, 10, 15, 20, 12, 19, 1, 14, 11, 10, 15, 2, 9, 20, 13, 18, 2, 1, 3, 20, 4, 3, 19, 15, 6, 20, 11, 14, 20, 18, 3, 17, 5, 10, 2, 18, 14, 5, 1, 3, 19, 11, 4, 19, 19, 17, 14, 10, 1, 1, 18, 14, 3, 10, 7, 19, 14, 2, 15, 10, 10, 10, 1, 14, 11, 13, 15, 11, 4, 4, 13, 1, 11, 5, 1, 1, 15, 11, 4, 5, 17, 15, 17, 15, 13, 13, 5, 5, 5, 13, 17, 15, 17, 11, 15, 5, 5, 13, 17, 13, 17, 17]
