bestever    3223    in generation 0
[19, 7, 14, 11, 2, 10, 16, 19, 15, 2, 19, 17, 1, 16, 20, 8, 3, 10, 11, 11, 11, 9, 14, 14, 14, 6, 17, 10, 3, 18, 13, 1, 3, 14, 17, 18, 10, 8, 10, 15, 19, 18, 19, 5, 4, 2, 1, 2, 12, 7, 11, 3, 15, 9, 8, 19, 1, 4, 6, 5, 16, 9, 4, 1, 11, 17, 3, 14, 6, 13, 5, 10, 16, 2, 16, 19, 17, 7, 20, 3, 7, 7, 5, 12, 10, 4, 5, 2, 16, 8, 20, 15, 18, 19, 9, 17, 17, 19, 13, 5, 9, 18, 15, 11, 1, 11, 6, 16, 17, 1, 8, 9, 10, 4, 14, 7, 13, 13, 14, 18, 12, 5, 18, 3, 11, 3, 12, 6, 5, 12, 8, 7, 6, 17, 4, 1, 17, 14, 3, 20, 2, 8, 18, 15, 15, 6, 15, 8, 3, 16, 13, 2, 13, 4, 9, 8, 13, 20, 20, 20, 12, 1, 4, 9, 10, 1, 12, 5, 8, 13, 7, 2, 19, 7, 6, 20, 9, 4, 11, 12, 16, 6, 13, 7, 9, 12, 6, 20, 4, 15, 16, 18, 12, 15, 5, 18, 14, 2, 20, 10]
bestever    3221    in generation 8
[19, 7, 14, 11, 2, 10, 16, 19, 15, 2, 19, 17, 1, 16, 20, 8, 3, 10, 11, 11, 11, 9, 14, 14, 14, 6, 17, 10, 3, 18, 13, 1, 3, 14, 17, 10, 8, 10, 15, 19, 19, 5, 4, 2, 1, 2, 12, 7, 11, 3, 9, 8, 19, 1, 4, 6, 5, 16, 9, 4, 1, 11, 17, 3, 6, 13, 5, 10, 16, 16, 19, 17, 7, 3, 7, 7, 18, 14, 18, 10, 5, 2, 12, 20, 15, 4, 5, 2, 16, 8, 20, 15, 18, 19, 9, 17, 17, 19, 13, 5, 9, 18, 15, 11, 1, 11, 6, 16, 17, 1, 8, 9, 10, 4, 14, 7, 13, 13, 14, 18, 12, 5, 18, 3, 11, 3, 12, 6, 5, 12, 8, 7, 6, 17, 4, 1, 17, 14, 3, 20, 2, 8, 18, 15, 15, 6, 15, 8, 3, 16, 13, 2, 13, 4, 9, 8, 13, 20, 20, 20, 12, 1, 4, 9, 10, 1, 12, 5, 8, 13, 7, 2, 19, 7, 6, 20, 9, 4, 11, 12, 16, 6, 13, 7, 9, 12, 6, 20, 4, 15, 16, 18, 12, 15, 5, 18, 14, 2, 20, 10]
bestever    3168    in generation 9
[19, 19, 14, 11, 2, 10, 16, 19, 15, 2, 19, 17, 1, 16, 20, 8, 3, 10, 11, 11, 11, 9, 14, 14, 14, 6, 17, 10, 3, 18, 13, 1, 3, 14, 17, 18, 10, 8, 10, 15, 19, 18, 19, 5, 4, 2, 1, 2, 12, 7, 11, 3, 15, 9, 8, 19, 1, 4, 6, 5, 16, 9, 4, 1, 11, 17, 3, 14, 6, 13, 5, 10, 16, 2, 16, 19, 17, 7, 20, 3, 7, 7, 5, 12, 10, 4, 5, 2, 16, 8, 20, 15, 18, 7, 9, 17, 17, 19, 13, 5, 9, 18, 15, 11, 1, 11, 6, 16, 17, 1, 8, 9, 10, 4, 14, 7, 13, 13, 14, 18, 12, 5, 18, 3, 11, 3, 12, 6, 5, 12, 8, 7, 6, 17, 4, 1, 17, 14, 3, 20, 2, 8, 18, 15, 15, 6, 15, 8, 3, 16, 13, 2, 13, 4, 9, 8, 13, 20, 20, 20, 12, 1, 4, 9, 10, 1, 12, 5, 8, 13, 7, 2, 19, 7, 6, 20, 9, 4, 11, 12, 16, 6, 13, 7, 9, 12, 6, 20, 4, 15, 16, 18, 12, 15, 5, 18, 14, 2, 20, 10]
bestever    3025    in generation 10
[19, 7, 14, 11, 2, 10, 16, 19, 15, 2, 19, 17, 1, 16, 20, 8, 3, 10, 11, 11, 11, 9, 14, 14, 14, 6, 17, 10, 3, 18, 13, 1, 3, 14, 17, 18, 10, 8, 10, 15, 19, 18, 19, 5, 4, 2, 1, 2, 12, 7, 11, 3, 15, 9, 8, 19, 1, 4, 6, 5, 16, 9, 4, 1, 11, 17, 3, 14, 6, 13, 10, 10, 16, 2, 16, 19, 17, 7, 20, 3, 7, 7, 5, 12, 10, 4, 5, 2, 16, 8, 20, 15, 18, 19, 9, 17, 17, 19, 13, 5, 9, 18, 15, 11, 1, 11, 6, 16, 17, 1, 8, 9, 10, 4, 14, 7, 13, 13, 14, 18, 12, 5, 18, 3, 11, 3, 12, 6, 5, 12, 8, 7, 6, 17, 4, 1, 17, 14, 3, 20, 2, 8, 18, 15, 15, 6, 15, 8, 3, 16, 13, 2, 13, 4, 9, 8, 13, 20, 20, 20, 12, 1, 4, 9, 10, 1, 12, 5, 8, 13, 7, 2, 19, 7, 6, 20, 9, 4, 11, 12, 16, 6, 13, 7, 9, 12, 6, 20, 4, 15, 16, 18, 12, 15, 5, 18, 14, 2, 20, 5]
bestever    2981    in generation 22
[19, 7, 14, 11, 2, 10, 16, 19, 15, 2, 19, 17, 1, 16, 20, 8, 3, 10, 11, 11, 11, 9, 14, 14, 14, 6, 17, 10, 3, 18, 13, 1, 3, 14, 17, 18, 10, 8, 10, 15, 19, 18, 19, 5, 4, 2, 1, 2, 12, 7, 11, 3, 15, 9, 8, 19, 1, 4, 6, 5, 16, 9, 4, 1, 11, 17, 3, 14, 6, 13, 10, 10, 16, 2, 16, 19, 17, 7, 3, 7, 7, 5, 10, 4, 5, 2, 16, 8, 15, 18, 19, 9, 17, 17, 19, 13, 5, 9, 18, 15, 11, 1, 11, 6, 16, 17, 1, 8, 4, 14, 7, 13, 13, 14, 18, 12, 5, 18, 3, 11, 3, 12, 6, 5, 12, 8, 7, 6, 17, 1, 17, 14, 3, 2, 8, 18, 15, 15, 6, 15, 8, 3, 16, 13, 2, 13, 4, 9, 8, 13, 20, 20, 20, 12, 4, 9, 10, 20, 20, 20, 12, 1, 4, 9, 10, 1, 12, 5, 8, 13, 7, 2, 19, 7, 6, 20, 9, 4, 11, 12, 16, 6, 13, 7, 9, 12, 6, 20, 4, 15, 16, 18, 12, 15, 5, 18, 14, 2, 20, 5]
bestever    2931    in generation 24
[19, 7, 14, 11, 2, 10, 16, 19, 15, 2, 19, 17, 1, 16, 20, 6, 3, 10, 11, 11, 11, 9, 14, 14, 14, 6, 17, 10, 3, 18, 13, 1, 3, 14, 17, 18, 10, 8, 10, 15, 19, 18, 19, 5, 4, 2, 1, 2, 12, 7, 11, 3, 15, 9, 8, 19, 1, 4, 6, 5, 16, 9, 4, 1, 11, 17, 3, 14, 8, 13, 10, 10, 16, 2, 16, 19, 17, 7, 20, 3, 7, 7, 5, 12, 10, 4, 5, 2, 16, 8, 20, 15, 18, 19, 9, 17, 17, 19, 13, 5, 9, 18, 15, 11, 1, 11, 6, 16, 17, 1, 8, 9, 4, 14, 7, 13, 13, 14, 18, 12, 5, 18, 3, 11, 3, 6, 12, 8, 7, 6, 17, 4, 1, 17, 14, 3, 20, 2, 8, 18, 15, 15, 6, 15, 8, 3, 16, 13, 2, 13, 4, 9, 8, 13, 20, 20, 20, 12, 1, 4, 9, 10, 12, 5, 10, 1, 12, 5, 8, 13, 7, 2, 19, 7, 6, 20, 9, 4, 11, 12, 16, 6, 13, 7, 9, 12, 6, 20, 4, 15, 16, 18, 12, 15, 5, 18, 14, 2, 20, 5]
bestever    2910    in generation 43
[19, 7, 14, 11, 2, 10, 16, 19, 15, 2, 19, 17, 1, 16, 20, 6, 3, 10, 11, 11, 11, 9, 14, 14, 14, 6, 17, 10, 3, 18, 13, 1, 3, 14, 17, 18, 10, 8, 10, 15, 19, 18, 19, 5, 4, 2, 1, 2, 12, 7, 11, 3, 15, 9, 8, 19, 1, 4, 6, 5, 16, 9, 4, 1, 11, 17, 3, 14, 8, 13, 10, 10, 16, 2, 16, 19, 17, 7, 20, 3, 7, 7, 5, 12, 10, 4, 5, 2, 16, 8, 20, 15, 18, 19, 9, 17, 17, 19, 13, 5, 9, 18, 15, 11, 1, 11, 16, 17, 1, 8, 9, 4, 14, 7, 13, 13, 14, 18, 12, 5, 18, 3, 11, 3, 6, 12, 7, 6, 17, 4, 1, 17, 14, 3, 20, 2, 8, 18, 15, 6, 15, 8, 6, 15, 8, 3, 16, 13, 2, 13, 4, 9, 8, 13, 20, 20, 20, 12, 1, 4, 9, 10, 12, 5, 10, 1, 12, 5, 8, 13, 7, 2, 19, 7, 6, 20, 9, 4, 11, 12, 16, 6, 13, 7, 9, 12, 6, 20, 4, 15, 16, 18, 12, 15, 5, 18, 14, 2, 20, 5]
bestever    2875    in generation 46
[19, 7, 14, 11, 2, 10, 16, 19, 15, 2, 19, 17, 1, 16, 20, 6, 3, 10, 11, 11, 11, 9, 14, 14, 14, 14, 17, 10, 3, 18, 13, 1, 3, 14, 17, 18, 10, 8, 10, 15, 19, 18, 19, 5, 4, 2, 1, 2, 12, 7, 11, 3, 15, 9, 8, 19, 1, 4, 6, 5, 16, 9, 4, 1, 11, 17, 3, 14, 8, 13, 10, 10, 16, 2, 16, 19, 17, 7, 20, 3, 7, 7, 5, 12, 10, 4, 5, 2, 16, 8, 20, 15, 18, 19, 9, 17, 17, 19, 13, 5, 9, 18, 15, 11, 1, 11, 16, 17, 1, 8, 9, 4, 6, 7, 13, 13, 14, 18, 12, 5, 18, 3, 11, 3, 6, 12, 7, 6, 17, 4, 1, 17, 14, 3, 20, 2, 8, 18, 15, 6, 15, 8, 6, 15, 8, 3, 16, 13, 2, 13, 4, 9, 8, 13, 20, 20, 20, 12, 1, 4, 9, 10, 12, 5, 10, 1, 12, 5, 8, 13, 7, 2, 19, 7, 6, 20, 9, 4, 11, 12, 16, 6, 13, 7, 9, 12, 6, 20, 4, 15, 16, 18, 12, 15, 5, 18, 14, 2, 20, 5]
bestever    2819    in generation 49
[19, 7, 14, 11, 2, 10, 16, 19, 2, 19, 17, 1, 16, 20, 6, 3, 10, 11, 11, 11, 9, 14, 14, 14, 6, 17, 10, 3, 18, 13, 1, 3, 14, 17, 18, 10, 8, 10, 14, 19, 18, 19, 5, 4, 2, 1, 2, 12, 7, 11, 3, 15, 9, 19, 1, 4, 6, 5, 16, 9, 4, 1, 11, 17, 3, 14, 8, 13, 10, 10, 16, 2, 16, 19, 17, 7, 20, 3, 7, 7, 5, 12, 10, 4, 5, 2, 16, 8, 20, 15, 18, 19, 9, 17, 17, 19, 13, 5, 9, 18, 15, 11, 1, 11, 16, 17, 1, 8, 9, 4, 14, 7, 13, 13, 14, 12, 5, 18, 3, 11, 3, 6, 12, 7, 6, 17, 4, 1, 17, 14, 3, 20, 2, 8, 18, 15, 8, 18, 15, 6, 15, 8, 6, 15, 8, 3, 16, 13, 2, 13, 4, 9, 8, 13, 20, 20, 20, 12, 1, 4, 9, 10, 12, 5, 10, 1, 12, 5, 8, 13, 7, 2, 19, 7, 6, 20, 9, 4, 11, 12, 16, 6, 13, 7, 9, 12, 6, 20, 4, 15, 16, 18, 12, 15, 5, 18, 15, 2, 20, 5]
bestever    2793    in generation 54
[19, 7, 14, 11, 2, 10, 16, 19, 15, 2, 19, 17, 1, 16, 20, 6, 3, 10, 11, 11, 11, 9, 14, 14, 14, 17, 10, 3, 18, 13, 1, 3, 14, 17, 18, 10, 8, 10, 15, 19, 18, 19, 5, 4, 2, 1, 2, 12, 7, 11, 3, 15, 9, 8, 19, 1, 4, 5, 16, 9, 4, 1, 11, 17, 3, 14, 8, 13, 10, 10, 16, 2, 16, 19, 17, 7, 3, 7, 7, 5, 10, 4, 8, 16, 8, 18, 19, 9, 17, 17, 19, 13, 9, 18, 11, 1, 17, 11, 1, 8, 14, 13, 18, 3, 14, 18, 15, 6, 15, 20, 5, 12, 5, 13, 2, 7, 6, 20, 9, 4, 12, 16, 11, 3, 6, 12, 7, 6, 17, 4, 1, 17, 14, 3, 20, 2, 8, 18, 15, 6, 15, 8, 6, 15, 5, 3, 16, 13, 2, 13, 4, 9, 8, 13, 20, 20, 20, 12, 1, 4, 9, 10, 12, 5, 10, 1, 12, 5, 8, 13, 7, 2, 19, 7, 6, 20, 9, 4, 11, 12, 16, 6, 13, 7, 9, 12, 6, 20, 4, 15, 16, 18, 12, 15, 5, 18, 14, 2, 20, 5]
bestever    2756    in generation 63
[19, 7, 14, 11, 2, 10, 16, 19, 15, 2, 19, 17, 1, 16, 20, 6, 3, 10, 11, 11, 11, 9, 14, 14, 14, 17, 10, 3, 18, 13, 1, 3, 14, 17, 18, 10, 8, 10, 15, 19, 18, 19, 5, 4, 2, 1, 2, 12, 7, 11, 3, 15, 9, 8, 19, 1, 4, 5, 16, 9, 4, 1, 11, 17, 3, 14, 8, 13, 10, 10, 16, 2, 16, 19, 17, 7, 3, 7, 7, 5, 10, 4, 8, 16, 8, 18, 19, 9, 17, 17, 19, 13, 9, 18, 11, 1, 17, 11, 1, 8, 14, 13, 18, 3, 14, 18, 15, 6, 15, 20, 5, 12, 13, 2, 7, 6, 20, 9, 4, 12, 16, 11, 3, 6, 7, 6, 17, 4, 1, 17, 14, 3, 20, 2, 8, 15, 6, 15, 8, 6, 3, 16, 13, 13, 4, 9, 8, 13, 5, 5, 2, 12, 20, 15, 18, 20, 20, 12, 1, 4, 9, 10, 12, 5, 10, 1, 12, 5, 8, 13, 7, 2, 19, 7, 6, 20, 9, 4, 11, 12, 16, 6, 13, 7, 9, 12, 6, 20, 4, 15, 16, 18, 12, 15, 5, 18, 14, 2, 20, 5]
bestever    2732    in generation 65
[19, 7, 14, 11, 2, 10, 16, 19, 15, 2, 19, 17, 1, 16, 20, 6, 3, 10, 11, 11, 11, 9, 14, 14, 14, 17, 10, 3, 18, 13, 1, 3, 14, 17, 18, 10, 8, 10, 15, 19, 18, 19, 5, 4, 2, 1, 2, 12, 7, 11, 3, 15, 9, 8, 19, 1, 4, 5, 16, 9, 4, 1, 11, 17, 3, 14, 8, 13, 10, 10, 16, 2, 16, 19, 17, 7, 3, 7, 7, 5, 10, 4, 8, 16, 8, 18, 19, 9, 17, 17, 19, 13, 9, 18, 11, 1, 17, 11, 1, 8, 14, 13, 18, 3, 14, 18, 15, 6, 15, 20, 5, 12, 5, 13, 2, 7, 6, 20, 9, 4, 12, 16, 11, 3, 6, 12, 7, 6, 17, 4, 1, 17, 14, 3, 20, 2, 8, 18, 15, 6, 15, 8, 6, 15, 5, 7, 16, 13, 2, 13, 4, 9, 8, 13, 20, 20, 20, 12, 1, 4, 9, 10, 12, 5, 10, 1, 12, 5, 8, 13, 7, 2, 19, 3, 6, 20, 9, 4, 11, 12, 16, 6, 13, 7, 9, 12, 6, 20, 4, 15, 16, 18, 12, 15, 5, 18, 14, 2, 20, 5]
bestever    2641    in generation 71
[19, 7, 14, 11, 2, 10, 16, 19, 15, 2, 19, 17, 1, 16, 3, 10, 11, 11, 11, 9, 14, 14, 14, 17, 10, 3, 18, 13, 1, 3, 14, 17, 18, 10, 8, 10, 15, 19, 18, 19, 5, 4, 2, 1, 2, 7, 11, 3, 9, 8, 18, 1, 4, 16, 9, 4, 1, 11, 17, 3, 8, 13, 10, 10, 16, 16, 19, 17, 7, 3, 10, 8, 8, 18, 19, 9, 17, 17, 13, 11, 1, 17, 11, 14, 5, 5, 2, 19, 7, 15, 18, 7, 20, 9, 4, 12, 16, 6, 1, 8, 14, 13, 19, 3, 14, 18, 15, 6, 15, 20, 5, 12, 5, 13, 2, 7, 6, 20, 9, 4, 12, 16, 11, 3, 6, 12, 7, 6, 17, 4, 1, 17, 14, 3, 20, 2, 8, 18, 15, 6, 15, 8, 6, 15, 5, 3, 16, 13, 2, 13, 4, 9, 8, 13, 20, 20, 20, 12, 1, 4, 9, 10, 12, 5, 10, 1, 12, 5, 8, 13, 7, 2, 19, 7, 6, 20, 9, 4, 11, 12, 16, 6, 13, 7, 9, 12, 6, 20, 4, 15, 16, 18, 12, 15, 5, 18, 14, 2, 20, 5]
bestever    2625    in generation 82
[19, 7, 14, 11, 2, 10, 16, 19, 15, 2, 19, 17, 1, 16, 3, 10, 11, 11, 11, 9, 14, 14, 14, 17, 10, 3, 18, 13, 1, 3, 14, 17, 18, 10, 8, 10, 15, 19, 18, 19, 5, 4, 2, 1, 2, 7, 11, 3, 9, 8, 18, 1, 4, 16, 9, 4, 1, 11, 17, 3, 8, 13, 10, 10, 16, 16, 19, 17, 7, 3, 10, 8, 8, 18, 19, 9, 17, 17, 13, 11, 1, 17, 11, 14, 5, 5, 2, 19, 7, 15, 18, 7, 20, 9, 4, 12, 16, 6, 1, 8, 14, 13, 19, 3, 14, 18, 15, 6, 15, 20, 12, 13, 2, 7, 6, 20, 9, 4, 12, 16, 11, 3, 6, 7, 6, 17, 4, 1, 17, 14, 3, 8, 6, 5, 5, 2, 12, 20, 15, 18, 15, 8, 6, 15, 5, 3, 16, 13, 2, 13, 4, 9, 8, 13, 20, 20, 20, 12, 1, 4, 9, 10, 12, 5, 10, 1, 12, 5, 8, 13, 7, 2, 19, 7, 6, 20, 9, 4, 11, 12, 16, 6, 13, 7, 9, 12, 6, 20, 4, 15, 16, 18, 12, 15, 5, 18, 14, 2, 20, 5]
bestever    2588    in generation 84
[19, 7, 14, 11, 2, 10, 16, 19, 15, 2, 19, 17, 1, 16, 3, 10, 11, 11, 11, 9, 14, 14, 14, 17, 10, 3, 18, 13, 1, 3, 14, 17, 18, 10, 8, 10, 15, 19, 18, 19, 5, 4, 2, 1, 2, 7, 11, 3, 9, 8, 18, 1, 4, 16, 9, 4, 1, 11, 17, 3, 8, 13, 10, 10, 16, 16, 19, 17, 7, 3, 10, 8, 8, 18, 19, 9, 17, 17, 13, 11, 1, 17, 11, 14, 5, 5, 2, 19, 7, 15, 18, 7, 20, 9, 4, 12, 16, 6, 1, 8, 14, 13, 19, 13, 14, 18, 15, 6, 15, 20, 5, 12, 5, 13, 2, 7, 6, 20, 9, 4, 12, 16, 11, 3, 6, 12, 7, 6, 17, 4, 1, 17, 14, 3, 20, 2, 8, 18, 15, 6, 15, 8, 6, 15, 5, 3, 16, 13, 2, 3, 4, 9, 8, 13, 20, 20, 20, 12, 1, 4, 9, 10, 12, 5, 10, 1, 12, 5, 8, 13, 7, 2, 19, 7, 6, 20, 9, 4, 11, 12, 16, 6, 13, 7, 9, 12, 6, 20, 4, 15, 16, 18, 12, 15, 5, 18, 14, 2, 20, 5]
bestever    2584    in generation 85
[19, 7, 14, 11, 2, 10, 16, 19, 15, 2, 19, 17, 1, 16, 3, 10, 11, 11, 11, 9, 14, 14, 14, 17, 10, 3, 18, 13, 1, 3, 14, 17, 18, 10, 8, 10, 15, 19, 18, 19, 5, 4, 2, 1, 2, 7, 11, 3, 9, 8, 18, 1, 4, 16, 9, 4, 1, 11, 17, 3, 8, 13, 10, 10, 16, 16, 19, 17, 7, 3, 10, 8, 8, 18, 19, 9, 17, 17, 13, 11, 1, 17, 11, 14, 5, 5, 2, 19, 7, 15, 18, 7, 20, 9, 4, 12, 16, 6, 1, 8, 14, 13, 19, 3, 14, 18, 15, 6, 15, 20, 5, 12, 13, 2, 7, 6, 20, 9, 4, 12, 16, 11, 6, 12, 7, 6, 13, 5, 17, 4, 1, 17, 14, 3, 20, 2, 8, 18, 15, 6, 15, 8, 6, 15, 5, 3, 16, 13, 2, 3, 4, 9, 8, 13, 20, 20, 20, 12, 1, 4, 9, 10, 12, 5, 10, 1, 12, 5, 8, 13, 7, 2, 19, 7, 6, 20, 9, 4, 11, 12, 16, 6, 13, 7, 9, 12, 6, 20, 4, 15, 16, 18, 12, 15, 5, 18, 14, 2, 20, 5]
bestever    2582    in generation 90
[19, 7, 14, 11, 2, 10, 16, 19, 15, 2, 19, 17, 1, 16, 3, 10, 11, 11, 11, 9, 14, 14, 14, 17, 10, 3, 18, 13, 1, 3, 14, 17, 18, 10, 8, 10, 15, 19, 18, 19, 5, 4, 2, 1, 2, 7, 11, 3, 9, 8, 18, 1, 4, 16, 9, 4, 1, 11, 17, 3, 8, 13, 10, 10, 16, 16, 19, 17, 7, 3, 10, 8, 8, 18, 19, 9, 17, 17, 13, 11, 1, 17, 11, 14, 5, 5, 2, 19, 7, 15, 18, 7, 20, 9, 10, 12, 16, 6, 1, 8, 14, 13, 19, 3, 14, 18, 15, 6, 15, 20, 5, 12, 5, 13, 2, 7, 6, 20, 9, 4, 12, 16, 11, 3, 6, 12, 7, 6, 17, 4, 1, 17, 14, 3, 20, 2, 8, 18, 15, 6, 15, 8, 6, 15, 5, 3, 16, 13, 2, 13, 4, 9, 8, 13, 20, 20, 20, 12, 1, 4, 9, 10, 12, 5, 4, 1, 12, 5, 8, 13, 7, 2, 19, 7, 6, 20, 9, 4, 11, 12, 16, 6, 13, 7, 9, 12, 6, 20, 4, 15, 16, 18, 12, 15, 5, 18, 14, 2, 20, 5]
bestever    2531    in generation 92
[19, 7, 14, 11, 2, 10, 16, 19, 15, 2, 19, 17, 1, 16, 3, 10, 11, 11, 11, 9, 14, 14, 14, 17, 10, 3, 18, 13, 1, 3, 14, 17, 18, 10, 8, 10, 15, 19, 18, 19, 5, 4, 2, 1, 2, 7, 11, 3, 9, 8, 18, 1, 4, 16, 9, 4, 1, 11, 17, 3, 8, 13, 10, 10, 16, 16, 19, 17, 7, 3, 10, 8, 8, 18, 19, 9, 17, 17, 13, 11, 1, 17, 11, 14, 5, 5, 2, 19, 7, 15, 18, 7, 20, 9, 4, 12, 16, 6, 1, 8, 14, 13, 3, 14, 18, 15, 6, 15, 20, 5, 12, 13, 2, 7, 6, 20, 9, 4, 12, 16, 11, 6, 12, 6, 13, 17, 4, 1, 17, 14, 3, 2, 8, 15, 6, 15, 8, 6, 3, 16, 13, 3, 4, 9, 5, 2, 19, 7, 20, 8, 13, 20, 20, 20, 12, 1, 4, 9, 10, 12, 5, 10, 1, 12, 5, 8, 13, 7, 2, 19, 7, 6, 20, 9, 4, 11, 12, 16, 6, 13, 7, 9, 12, 6, 20, 4, 15, 16, 18, 12, 15, 5, 18, 15, 5, 18, 14, 2, 20, 5]
bestever    2497    in generation 99
[19, 7, 14, 11, 2, 10, 16, 19, 15, 2, 19, 17, 1, 16, 3, 10, 11, 11, 11, 9, 14, 14, 14, 17, 10, 3, 18, 13, 1, 3, 14, 17, 11, 10, 8, 10, 15, 19, 18, 19, 5, 4, 2, 1, 2, 7, 11, 3, 9, 8, 18, 1, 4, 16, 9, 4, 1, 11, 17, 3, 8, 13, 10, 10, 16, 16, 19, 17, 7, 3, 10, 8, 8, 18, 19, 9, 17, 17, 13, 18, 1, 17, 11, 14, 5, 5, 2, 19, 7, 15, 18, 7, 20, 9, 4, 12, 16, 6, 1, 8, 14, 13, 3, 14, 18, 15, 6, 15, 20, 5, 12, 13, 2, 7, 6, 20, 9, 4, 12, 16, 11, 6, 12, 6, 13, 17, 4, 1, 17, 14, 3, 2, 8, 15, 6, 15, 8, 6, 3, 16, 13, 3, 4, 9, 5, 2, 19, 7, 20, 8, 13, 20, 20, 20, 12, 1, 4, 9, 10, 12, 5, 10, 1, 12, 5, 8, 13, 7, 2, 19, 7, 6, 20, 9, 4, 11, 12, 16, 6, 13, 7, 9, 12, 6, 20, 4, 15, 16, 18, 12, 15, 5, 18, 15, 5, 18, 14, 2, 20, 5]
bestever    2481    in generation 104
[19, 7, 14, 11, 2, 10, 16, 19, 15, 2, 19, 17, 1, 16, 3, 10, 11, 11, 11, 9, 14, 14, 14, 17, 10, 3, 18, 13, 1, 3, 14, 17, 18, 10, 8, 10, 15, 19, 18, 19, 4, 2, 1, 2, 7, 11, 3, 9, 8, 18, 1, 4, 16, 9, 4, 1, 11, 17, 3, 8, 13, 10, 10, 16, 16, 19, 17, 7, 3, 10, 8, 8, 18, 19, 9, 17, 17, 13, 11, 1, 17, 11, 14, 5, 2, 15, 18, 7, 4, 12, 16, 6, 1, 8, 14, 13, 3, 14, 18, 15, 6, 15, 5, 13, 7, 6, 4, 16, 11, 6, 6, 17, 1, 17, 14, 3, 2, 8, 15, 6, 15, 6, 3, 16, 13, 3, 4, 9, 5, 2, 19, 7, 8, 13, 20, 20, 20, 12, 4, 9, 12, 5, 12, 9, 5, 2, 19, 7, 20, 8, 13, 20, 20, 20, 12, 1, 4, 9, 10, 12, 5, 10, 1, 12, 5, 8, 13, 7, 2, 19, 7, 6, 20, 9, 4, 11, 12, 16, 6, 13, 7, 9, 12, 6, 20, 4, 15, 16, 18, 12, 15, 5, 18, 15, 5, 18, 14, 2, 20, 5]
bestever    2454    in generation 110
[19, 7, 14, 11, 2, 10, 16, 19, 15, 2, 19, 17, 1, 16, 3, 10, 11, 11, 11, 9, 14, 14, 14, 17, 10, 3, 18, 13, 1, 3, 14, 17, 4, 10, 8, 10, 15, 19, 18, 19, 5, 4, 2, 1, 2, 7, 11, 3, 9, 8, 18, 1, 4, 16, 9, 4, 1, 11, 17, 3, 8, 13, 10, 10, 16, 16, 19, 17, 7, 3, 10, 8, 8, 18, 19, 9, 17, 17, 13, 11, 1, 17, 11, 14, 2, 19, 7, 15, 7, 20, 9, 4, 12, 16, 6, 1, 8, 14, 13, 3, 14, 18, 15, 6, 15, 20, 12, 13, 2, 7, 6, 9, 4, 12, 16, 11, 6, 12, 6, 13, 17, 4, 1, 17, 14, 3, 8, 6, 15, 5, 5, 5, 2, 20, 15, 18, 8, 6, 3, 16, 13, 3, 4, 9, 5, 2, 19, 7, 20, 8, 13, 20, 20, 20, 12, 1, 4, 9, 10, 12, 5, 10, 1, 12, 5, 8, 13, 7, 2, 19, 7, 6, 20, 9, 18, 11, 12, 16, 6, 13, 7, 9, 12, 6, 20, 4, 15, 16, 18, 12, 15, 5, 18, 15, 5, 18, 14, 2, 20, 5]
bestever    2451    in generation 119
[19, 7, 14, 11, 2, 10, 16, 19, 15, 2, 19, 17, 1, 16, 3, 10, 11, 11, 11, 9, 14, 14, 14, 17, 10, 3, 18, 13, 1, 3, 14, 17, 18, 10, 8, 10, 15, 19, 18, 19, 5, 4, 2, 1, 2, 7, 11, 3, 9, 8, 18, 1, 4, 16, 9, 4, 1, 11, 17, 3, 8, 13, 10, 10, 16, 16, 19, 17, 7, 3, 10, 8, 8, 18, 19, 9, 17, 17, 13, 11, 1, 17, 11, 14, 2, 19, 7, 15, 7, 20, 9, 4, 12, 16, 6, 1, 8, 14, 13, 3, 14, 15, 6, 15, 20, 12, 13, 2, 7, 6, 9, 4, 12, 16, 14, 6, 12, 6, 13, 17, 4, 1, 17, 14, 3, 8, 6, 5, 5, 5, 2, 20, 15, 18, 8, 6, 3, 16, 13, 3, 4, 9, 5, 2, 19, 7, 20, 8, 13, 20, 20, 20, 12, 1, 4, 9, 10, 12, 5, 10, 1, 5, 8, 13, 7, 2, 19, 7, 6, 9, 12, 20, 15, 18, 4, 11, 12, 16, 6, 13, 7, 9, 12, 6, 20, 4, 15, 16, 18, 12, 15, 5, 18, 15, 5, 18, 11, 2, 20, 5]
bestever    2423    in generation 134
[19, 7, 14, 11, 2, 10, 16, 19, 15, 2, 19, 17, 1, 16, 3, 10, 11, 11, 11, 9, 14, 14, 14, 17, 10, 3, 18, 13, 1, 3, 14, 17, 18, 10, 8, 10, 15, 19, 18, 19, 5, 4, 2, 1, 2, 7, 11, 3, 9, 8, 18, 1, 4, 16, 9, 4, 1, 11, 17, 3, 8, 13, 10, 10, 16, 16, 19, 17, 7, 3, 10, 8, 8, 18, 19, 9, 17, 17, 13, 11, 1, 17, 11, 14, 2, 19, 7, 15, 7, 20, 9, 4, 12, 16, 6, 1, 8, 14, 13, 3, 14, 15, 6, 15, 20, 12, 13, 2, 7, 6, 9, 4, 12, 16, 14, 6, 12, 6, 13, 17, 4, 1, 17, 14, 3, 8, 5, 5, 2, 20, 15, 18, 8, 6, 3, 16, 13, 3, 4, 9, 5, 19, 20, 8, 20, 20, 20, 12, 1, 4, 10, 12, 5, 10, 1, 5, 13, 2, 7, 6, 9, 5, 8, 13, 7, 2, 19, 7, 6, 9, 12, 20, 15, 18, 4, 11, 12, 16, 6, 13, 7, 9, 12, 6, 20, 4, 15, 16, 18, 12, 15, 5, 18, 15, 5, 18, 11, 2, 20, 5]
bestever    2402    in generation 137
[19, 7, 14, 11, 2, 10, 16, 19, 15, 2, 19, 17, 1, 16, 3, 10, 11, 11, 11, 9, 14, 14, 14, 17, 10, 3, 16, 13, 1, 3, 14, 17, 18, 10, 8, 10, 15, 19, 18, 19, 5, 4, 2, 1, 2, 7, 11, 3, 9, 8, 18, 1, 4, 16, 9, 4, 1, 11, 17, 3, 8, 13, 10, 10, 16, 16, 19, 17, 7, 3, 10, 8, 8, 18, 19, 9, 17, 17, 13, 11, 1, 17, 11, 14, 2, 19, 7, 15, 7, 20, 9, 4, 12, 16, 6, 1, 8, 14, 13, 3, 14, 15, 6, 15, 20, 12, 13, 2, 7, 6, 9, 4, 12, 16, 14, 6, 12, 6, 13, 17, 4, 1, 17, 14, 3, 8, 6, 5, 5, 5, 2, 20, 15, 18, 8, 6, 3, 16, 13, 3, 4, 9, 5, 2, 19, 7, 20, 8, 13, 20, 20, 20, 12, 1, 4, 9, 10, 12, 5, 10, 1, 5, 8, 13, 7, 2, 19, 7, 6, 9, 12, 20, 15, 18, 4, 11, 12, 16, 6, 13, 7, 9, 12, 6, 20, 4, 15, 18, 18, 12, 15, 5, 18, 15, 5, 18, 11, 2, 20, 5]
bestever    2398    in generation 139
[19, 7, 14, 11, 2, 10, 16, 19, 15, 2, 19, 17, 1, 16, 3, 10, 11, 11, 11, 9, 14, 14, 14, 17, 10, 3, 16, 13, 1, 3, 14, 17, 18, 10, 8, 10, 15, 19, 18, 19, 5, 4, 2, 1, 2, 7, 11, 3, 9, 8, 18, 1, 4, 16, 9, 4, 1, 11, 17, 3, 8, 13, 10, 10, 16, 16, 19, 17, 7, 3, 10, 8, 8, 18, 19, 9, 17, 17, 13, 11, 1, 17, 11, 14, 2, 19, 7, 15, 7, 20, 9, 4, 12, 16, 6, 1, 8, 14, 13, 3, 14, 15, 6, 15, 20, 12, 13, 2, 7, 6, 9, 4, 12, 16, 14, 6, 12, 6, 13, 17, 4, 1, 17, 14, 3, 8, 6, 5, 5, 5, 2, 20, 15, 18, 8, 6, 12, 16, 13, 3, 4, 9, 5, 2, 19, 7, 20, 8, 13, 20, 20, 20, 12, 1, 4, 9, 10, 3, 5, 10, 1, 5, 8, 13, 7, 2, 19, 7, 6, 9, 12, 20, 15, 18, 4, 11, 12, 16, 6, 13, 7, 9, 12, 6, 20, 4, 15, 18, 18, 12, 15, 5, 18, 15, 5, 18, 11, 2, 20, 5]
bestever    2376    in generation 141
[19, 7, 14, 11, 2, 10, 16, 19, 15, 2, 19, 17, 1, 16, 3, 10, 11, 11, 11, 9, 14, 14, 14, 17, 10, 3, 18, 13, 1, 3, 14, 17, 18, 10, 8, 10, 15, 19, 19, 5, 4, 2, 1, 2, 7, 11, 3, 9, 8, 18, 1, 4, 16, 9, 4, 1, 11, 17, 3, 8, 13, 10, 10, 16, 16, 19, 17, 7, 3, 10, 8, 8, 18, 19, 9, 17, 17, 13, 11, 1, 17, 11, 14, 2, 19, 7, 15, 7, 20, 9, 4, 12, 16, 6, 1, 8, 14, 13, 3, 14, 6, 15, 20, 12, 13, 2, 7, 6, 9, 4, 12, 16, 14, 6, 6, 13, 17, 4, 1, 17, 14, 3, 8, 5, 5, 5, 2, 20, 15, 18, 8, 6, 3, 16, 13, 3, 4, 9, 5, 2, 19, 7, 20, 8, 13, 20, 20, 12, 1, 4, 10, 12, 5, 10, 1, 5, 8, 13, 7, 2, 19, 7, 6, 9, 12, 20, 15, 18, 6, 9, 12, 20, 15, 18, 4, 11, 12, 16, 6, 13, 7, 9, 12, 6, 20, 4, 15, 16, 18, 12, 15, 5, 18, 15, 5, 18, 11, 2, 20, 5]
bestever    2357    in generation 152
[19, 7, 14, 11, 2, 10, 16, 19, 15, 2, 19, 17, 1, 16, 3, 10, 11, 11, 11, 9, 14, 14, 14, 17, 10, 3, 18, 13, 1, 3, 14, 17, 18, 10, 8, 10, 15, 19, 19, 5, 4, 2, 1, 2, 7, 11, 3, 9, 8, 18, 1, 4, 16, 9, 4, 1, 11, 17, 3, 8, 13, 10, 10, 16, 16, 19, 17, 7, 3, 10, 8, 8, 18, 19, 9, 17, 17, 13, 5, 1, 17, 11, 14, 2, 19, 7, 15, 7, 20, 9, 4, 12, 16, 6, 1, 8, 14, 13, 3, 14, 6, 15, 20, 12, 13, 2, 7, 6, 9, 4, 12, 16, 14, 6, 6, 13, 17, 4, 1, 20, 14, 3, 8, 5, 11, 5, 2, 20, 15, 18, 8, 6, 3, 16, 13, 3, 4, 9, 5, 2, 19, 7, 20, 8, 13, 20, 20, 12, 1, 4, 10, 12, 5, 10, 1, 5, 8, 13, 7, 2, 19, 7, 6, 9, 12, 20, 15, 18, 6, 9, 12, 20, 15, 18, 4, 11, 12, 16, 6, 13, 7, 9, 12, 6, 20, 4, 15, 16, 18, 12, 15, 5, 18, 15, 5, 18, 11, 2, 17, 5]
bestever    2313    in generation 158
[19, 7, 14, 11, 2, 10, 16, 19, 15, 2, 19, 17, 1, 16, 3, 10, 11, 11, 11, 9, 14, 14, 14, 17, 10, 3, 10, 13, 1, 3, 14, 17, 18, 10, 8, 10, 15, 19, 19, 5, 4, 2, 1, 2, 7, 11, 3, 9, 8, 18, 1, 4, 16, 9, 4, 1, 11, 17, 3, 8, 13, 10, 10, 16, 16, 19, 17, 7, 3, 10, 8, 8, 18, 19, 9, 17, 17, 13, 11, 1, 17, 11, 14, 2, 19, 7, 15, 7, 20, 9, 4, 12, 16, 6, 1, 8, 14, 13, 3, 14, 6, 15, 20, 12, 13, 2, 7, 6, 9, 4, 12, 16, 14, 6, 6, 13, 17, 4, 1, 17, 14, 3, 8, 5, 5, 5, 2, 20, 15, 18, 8, 6, 3, 16, 13, 3, 4, 9, 5, 2, 19, 7, 20, 8, 13, 20, 20, 12, 1, 4, 10, 12, 5, 18, 1, 5, 8, 13, 7, 2, 19, 7, 6, 9, 12, 20, 15, 18, 6, 9, 12, 20, 15, 18, 4, 11, 12, 16, 6, 13, 7, 9, 12, 6, 20, 4, 15, 16, 18, 12, 15, 5, 18, 15, 5, 18, 11, 2, 20, 5]
bestever    2264    in generation 191
[19, 7, 14, 11, 2, 10, 16, 19, 15, 2, 19, 17, 1, 16, 16, 10, 11, 11, 11, 9, 14, 14, 14, 17, 10, 3, 10, 13, 1, 3, 14, 17, 18, 10, 8, 10, 15, 19, 19, 5, 4, 2, 1, 2, 7, 11, 3, 9, 8, 18, 1, 4, 16, 9, 4, 1, 11, 17, 3, 8, 13, 10, 10, 16, 16, 19, 17, 7, 3, 10, 8, 8, 18, 19, 9, 17, 17, 13, 11, 1, 17, 11, 14, 2, 19, 7, 15, 7, 20, 9, 4, 12, 16, 6, 1, 8, 14, 13, 3, 14, 6, 15, 20, 12, 13, 2, 7, 6, 9, 4, 12, 3, 14, 6, 6, 13, 17, 4, 1, 17, 14, 3, 8, 5, 5, 5, 2, 20, 15, 18, 8, 6, 3, 16, 13, 3, 4, 9, 5, 2, 19, 7, 20, 8, 13, 20, 20, 12, 1, 4, 10, 12, 5, 18, 1, 5, 8, 13, 7, 2, 19, 7, 6, 9, 12, 20, 15, 18, 6, 9, 12, 20, 15, 18, 4, 11, 12, 16, 6, 13, 7, 9, 12, 6, 20, 4, 15, 16, 18, 12, 15, 5, 18, 15, 5, 18, 11, 2, 20, 5]
bestever    2251    in generation 234
[19, 7, 14, 11, 2, 10, 16, 19, 15, 2, 19, 17, 1, 16, 16, 10, 11, 11, 11, 9, 14, 14, 14, 17, 10, 3, 10, 13, 1, 3, 14, 17, 18, 10, 8, 10, 15, 11, 19, 5, 4, 2, 1, 2, 7, 11, 3, 9, 8, 18, 1, 4, 16, 9, 4, 1, 11, 17, 3, 8, 13, 10, 10, 16, 16, 19, 17, 7, 3, 10, 8, 8, 18, 19, 9, 17, 17, 13, 11, 1, 17, 19, 14, 2, 19, 7, 15, 7, 20, 9, 4, 12, 16, 6, 1, 8, 14, 13, 3, 14, 6, 15, 20, 12, 13, 2, 7, 6, 9, 4, 12, 3, 14, 6, 6, 13, 17, 4, 1, 17, 14, 3, 8, 5, 5, 5, 2, 20, 15, 18, 8, 6, 3, 16, 13, 3, 4, 9, 5, 2, 19, 7, 20, 8, 13, 20, 20, 12, 1, 4, 10, 12, 5, 18, 1, 5, 8, 13, 7, 2, 19, 7, 6, 9, 12, 20, 15, 18, 6, 9, 12, 20, 15, 18, 4, 11, 12, 16, 6, 13, 7, 9, 12, 6, 20, 4, 15, 16, 18, 12, 15, 5, 18, 15, 5, 18, 11, 2, 20, 5]
bestever    2250    in generation 242
[19, 7, 14, 11, 2, 10, 16, 19, 15, 2, 19, 17, 1, 16, 16, 10, 11, 11, 11, 9, 14, 14, 14, 17, 10, 3, 10, 13, 1, 3, 14, 17, 18, 10, 8, 10, 15, 11, 19, 5, 4, 2, 1, 2, 7, 11, 3, 9, 8, 18, 1, 4, 16, 9, 4, 1, 11, 17, 3, 8, 13, 10, 10, 16, 16, 19, 17, 7, 3, 10, 8, 8, 18, 19, 9, 17, 17, 13, 11, 1, 17, 19, 14, 2, 19, 7, 15, 7, 20, 9, 4, 12, 16, 6, 1, 8, 14, 13, 3, 14, 6, 15, 20, 12, 13, 2, 7, 6, 12, 4, 9, 3, 14, 6, 6, 13, 17, 4, 1, 17, 14, 3, 8, 5, 5, 5, 2, 20, 15, 18, 8, 6, 3, 16, 13, 3, 4, 9, 5, 2, 19, 7, 20, 8, 13, 20, 20, 12, 1, 4, 10, 12, 5, 18, 1, 8, 13, 7, 2, 19, 7, 6, 9, 12, 20, 15, 18, 6, 9, 12, 20, 5, 15, 18, 4, 11, 12, 16, 6, 13, 7, 9, 12, 6, 20, 4, 15, 16, 18, 12, 15, 5, 18, 15, 5, 18, 11, 2, 20, 5]
bestever    2236    in generation 277
[19, 7, 14, 11, 2, 10, 16, 19, 15, 2, 19, 17, 1, 16, 16, 10, 11, 11, 11, 9, 14, 14, 14, 17, 10, 3, 10, 13, 1, 3, 14, 17, 18, 10, 8, 10, 15, 11, 19, 5, 4, 2, 1, 2, 7, 11, 3, 9, 8, 18, 1, 4, 16, 9, 4, 1, 11, 17, 3, 8, 13, 10, 10, 16, 16, 19, 17, 7, 3, 10, 8, 8, 18, 19, 9, 17, 17, 13, 11, 1, 17, 19, 14, 2, 19, 7, 15, 7, 20, 9, 4, 12, 16, 6, 1, 8, 14, 13, 3, 14, 6, 15, 20, 12, 13, 2, 7, 6, 12, 4, 9, 3, 14, 6, 6, 13, 17, 4, 1, 17, 14, 3, 8, 5, 5, 5, 2, 20, 15, 18, 8, 6, 3, 16, 13, 3, 4, 9, 5, 2, 19, 7, 20, 8, 13, 20, 20, 12, 1, 4, 10, 12, 5, 18, 1, 8, 13, 7, 2, 19, 7, 6, 9, 12, 20, 15, 18, 6, 9, 12, 20, 15, 18, 4, 11, 12, 16, 6, 13, 7, 9, 12, 6, 5, 4, 15, 16, 18, 12, 15, 5, 18, 15, 5, 18, 11, 2, 20, 20, 5]
bestever    2234    in generation 282
[19, 7, 14, 11, 2, 10, 16, 19, 15, 2, 19, 17, 1, 16, 16, 10, 11, 11, 11, 9, 14, 14, 14, 17, 10, 3, 10, 13, 1, 3, 14, 17, 18, 10, 8, 10, 15, 11, 19, 5, 4, 2, 1, 2, 7, 11, 3, 9, 8, 18, 1, 4, 16, 9, 4, 1, 11, 17, 3, 8, 13, 10, 10, 16, 16, 19, 17, 7, 3, 10, 8, 8, 15, 19, 9, 17, 17, 13, 11, 1, 17, 19, 14, 2, 19, 7, 18, 7, 20, 9, 4, 12, 16, 6, 1, 8, 14, 13, 3, 14, 6, 15, 20, 12, 13, 2, 7, 6, 12, 4, 9, 3, 14, 6, 6, 13, 17, 4, 1, 17, 14, 3, 8, 5, 5, 5, 2, 20, 15, 18, 8, 6, 3, 16, 13, 3, 4, 9, 5, 2, 19, 7, 20, 8, 13, 20, 20, 12, 1, 4, 10, 12, 5, 18, 1, 8, 13, 7, 2, 19, 7, 6, 9, 12, 20, 15, 18, 6, 9, 12, 20, 15, 18, 4, 11, 12, 16, 6, 13, 7, 9, 12, 6, 5, 4, 15, 16, 18, 12, 15, 5, 18, 15, 5, 18, 11, 2, 20, 20, 5]
bestever    2232    in generation 283
[19, 7, 14, 11, 2, 10, 16, 19, 15, 2, 19, 17, 1, 16, 16, 10, 11, 11, 11, 9, 14, 14, 14, 17, 10, 3, 10, 13, 1, 3, 14, 17, 18, 10, 8, 10, 15, 11, 19, 5, 4, 2, 1, 2, 7, 11, 3, 9, 8, 18, 1, 4, 16, 9, 4, 1, 11, 17, 3, 8, 13, 10, 10, 16, 16, 19, 17, 7, 3, 10, 8, 8, 15, 19, 9, 17, 17, 13, 11, 1, 17, 19, 14, 2, 19, 7, 15, 7, 20, 9, 4, 12, 16, 6, 1, 8, 14, 13, 3, 14, 6, 15, 20, 12, 13, 2, 7, 6, 12, 4, 9, 3, 14, 6, 6, 13, 17, 4, 1, 17, 14, 3, 8, 5, 5, 5, 2, 20, 15, 18, 8, 6, 3, 16, 13, 3, 4, 9, 5, 2, 19, 7, 20, 8, 13, 20, 20, 12, 1, 4, 10, 12, 5, 18, 1, 8, 13, 7, 2, 19, 7, 6, 9, 12, 20, 15, 18, 6, 9, 12, 20, 15, 18, 4, 11, 12, 16, 6, 13, 7, 9, 12, 6, 5, 4, 15, 16, 18, 12, 15, 5, 18, 18, 5, 18, 11, 2, 20, 20, 5]
bestever    2217    in generation 306
[19, 7, 14, 11, 2, 10, 16, 19, 15, 2, 19, 17, 1, 16, 16, 10, 11, 11, 11, 9, 14, 14, 14, 17, 10, 3, 10, 13, 1, 3, 14, 17, 18, 10, 8, 10, 15, 11, 19, 5, 4, 2, 1, 2, 7, 11, 3, 9, 8, 18, 1, 4, 16, 9, 4, 1, 11, 17, 3, 8, 13, 14, 10, 16, 16, 19, 17, 7, 3, 10, 8, 8, 15, 19, 9, 17, 17, 13, 11, 1, 17, 19, 14, 2, 19, 7, 15, 7, 20, 9, 4, 12, 16, 6, 1, 8, 14, 13, 3, 14, 6, 15, 20, 12, 13, 2, 7, 6, 12, 4, 9, 3, 10, 6, 6, 13, 17, 4, 1, 17, 14, 3, 8, 5, 5, 5, 2, 20, 15, 18, 8, 6, 3, 16, 13, 3, 4, 9, 5, 2, 19, 7, 20, 8, 13, 20, 20, 12, 1, 4, 10, 12, 5, 18, 1, 8, 13, 7, 2, 19, 7, 6, 9, 12, 20, 15, 18, 6, 9, 12, 20, 15, 18, 4, 11, 12, 16, 6, 13, 7, 9, 12, 6, 5, 4, 15, 16, 18, 12, 15, 5, 18, 18, 5, 18, 11, 2, 20, 20, 5]
bestever    2213    in generation 324
[19, 7, 14, 11, 2, 10, 16, 19, 15, 2, 19, 17, 1, 16, 16, 10, 11, 11, 11, 9, 14, 14, 14, 17, 10, 3, 10, 13, 1, 3, 14, 17, 18, 10, 8, 10, 15, 11, 19, 5, 4, 2, 1, 2, 7, 11, 3, 9, 8, 18, 1, 4, 16, 9, 4, 1, 11, 17, 3, 8, 13, 14, 10, 16, 16, 19, 17, 7, 3, 10, 8, 8, 15, 19, 9, 17, 17, 13, 11, 1, 17, 19, 14, 2, 19, 7, 15, 7, 20, 9, 4, 12, 16, 6, 1, 8, 14, 13, 3, 14, 6, 15, 20, 12, 13, 2, 7, 6, 12, 4, 9, 3, 10, 6, 6, 13, 17, 4, 1, 17, 14, 3, 8, 5, 5, 5, 2, 20, 15, 18, 8, 6, 3, 16, 13, 3, 4, 9, 5, 2, 19, 7, 20, 8, 13, 20, 20, 5, 1, 4, 10, 12, 5, 18, 1, 8, 13, 7, 2, 19, 7, 6, 9, 12, 20, 15, 18, 6, 9, 12, 20, 15, 18, 4, 11, 12, 16, 6, 13, 7, 9, 12, 6, 5, 4, 15, 16, 18, 12, 15, 5, 18, 18, 5, 18, 11, 2, 20, 20, 12]
bestever    2211    in generation 332
[19, 7, 14, 11, 2, 10, 16, 19, 15, 2, 19, 17, 1, 16, 16, 10, 11, 11, 11, 9, 14, 14, 14, 17, 10, 3, 10, 13, 1, 3, 14, 17, 18, 10, 8, 10, 15, 11, 19, 5, 4, 2, 1, 2, 7, 11, 3, 9, 8, 18, 1, 4, 16, 9, 4, 1, 11, 17, 3, 8, 13, 14, 10, 16, 16, 19, 17, 7, 3, 10, 8, 8, 15, 19, 9, 17, 17, 13, 11, 1, 17, 19, 14, 2, 19, 7, 15, 7, 20, 9, 4, 12, 16, 6, 1, 8, 14, 13, 3, 14, 6, 15, 20, 12, 13, 2, 7, 6, 12, 4, 9, 3, 10, 6, 6, 13, 17, 4, 1, 17, 14, 3, 8, 5, 5, 5, 2, 20, 15, 18, 8, 6, 3, 16, 13, 3, 4, 9, 5, 19, 7, 20, 8, 13, 5, 1, 4, 10, 5, 18, 1, 8, 2, 20, 20, 12, 13, 7, 2, 19, 7, 6, 9, 12, 20, 15, 18, 6, 9, 12, 20, 15, 18, 4, 11, 12, 16, 6, 13, 7, 9, 12, 6, 5, 4, 15, 16, 18, 12, 15, 5, 18, 18, 5, 18, 11, 2, 20, 20, 12]
bestever    2198    in generation 368
[19, 7, 14, 11, 2, 10, 16, 19, 15, 2, 19, 17, 1, 16, 16, 10, 11, 11, 11, 9, 14, 14, 14, 17, 10, 3, 10, 13, 1, 3, 14, 17, 18, 10, 8, 10, 15, 11, 19, 5, 4, 2, 1, 2, 7, 11, 3, 9, 8, 18, 1, 4, 16, 9, 4, 1, 11, 17, 3, 8, 19, 14, 10, 16, 16, 13, 17, 7, 3, 10, 8, 8, 15, 19, 9, 17, 17, 13, 11, 1, 17, 19, 14, 2, 19, 7, 15, 7, 20, 9, 4, 12, 16, 6, 1, 8, 14, 13, 3, 14, 6, 15, 20, 12, 13, 2, 7, 6, 12, 4, 9, 3, 10, 6, 6, 13, 17, 4, 1, 17, 14, 3, 8, 5, 5, 5, 2, 20, 15, 18, 8, 6, 3, 16, 13, 3, 4, 9, 5, 2, 19, 7, 20, 8, 13, 20, 20, 5, 1, 4, 10, 12, 5, 16, 1, 8, 13, 7, 2, 19, 7, 6, 9, 12, 20, 15, 18, 6, 9, 12, 20, 15, 18, 4, 11, 12, 16, 6, 13, 7, 9, 12, 6, 5, 4, 15, 18, 18, 12, 15, 5, 18, 18, 5, 18, 11, 2, 20, 20, 12]
bestever    2197    in generation 383
[19, 4, 14, 11, 2, 10, 16, 19, 15, 2, 19, 17, 1, 16, 16, 10, 11, 11, 11, 9, 14, 14, 14, 17, 10, 3, 10, 13, 1, 3, 14, 17, 18, 10, 8, 10, 15, 11, 19, 5, 4, 2, 1, 2, 7, 11, 3, 9, 8, 18, 1, 4, 16, 9, 7, 1, 11, 17, 3, 8, 19, 14, 10, 16, 16, 13, 17, 7, 3, 10, 8, 8, 15, 19, 9, 17, 17, 13, 11, 1, 17, 19, 14, 2, 19, 7, 15, 7, 20, 9, 4, 12, 16, 6, 1, 8, 14, 13, 3, 14, 6, 15, 20, 12, 13, 2, 7, 6, 12, 4, 9, 3, 10, 6, 6, 13, 17, 4, 1, 17, 14, 3, 8, 5, 5, 5, 2, 20, 15, 18, 8, 6, 3, 16, 13, 3, 4, 9, 5, 2, 19, 7, 20, 8, 13, 20, 20, 5, 1, 4, 10, 12, 5, 18, 1, 8, 13, 7, 2, 19, 7, 6, 9, 12, 20, 15, 18, 6, 9, 12, 20, 15, 18, 4, 11, 12, 16, 6, 13, 7, 9, 12, 6, 5, 4, 15, 16, 18, 12, 15, 5, 18, 18, 5, 18, 11, 2, 20, 20, 12]
bestever    2196    in generation 409
[19, 16, 14, 11, 2, 10, 16, 19, 15, 2, 19, 17, 1, 16, 4, 10, 11, 11, 11, 9, 14, 14, 14, 17, 10, 3, 10, 13, 1, 3, 14, 17, 18, 10, 8, 10, 15, 11, 19, 5, 4, 2, 1, 2, 7, 11, 3, 9, 8, 18, 1, 4, 16, 9, 7, 1, 11, 17, 3, 8, 19, 14, 10, 16, 16, 13, 17, 7, 3, 10, 8, 8, 15, 19, 9, 17, 17, 13, 11, 1, 17, 19, 14, 2, 19, 7, 15, 7, 20, 9, 4, 12, 16, 6, 1, 8, 14, 13, 3, 14, 6, 15, 20, 12, 13, 2, 7, 6, 12, 4, 9, 3, 10, 6, 6, 13, 17, 4, 1, 17, 14, 3, 8, 5, 5, 5, 2, 20, 15, 18, 8, 6, 3, 16, 13, 3, 4, 9, 5, 2, 19, 7, 20, 8, 13, 20, 20, 5, 1, 4, 10, 12, 5, 18, 1, 8, 13, 7, 2, 19, 7, 6, 9, 12, 20, 15, 18, 6, 9, 12, 20, 15, 18, 4, 11, 12, 16, 6, 13, 7, 9, 12, 6, 5, 4, 15, 16, 18, 12, 15, 5, 18, 18, 5, 18, 11, 2, 20, 20, 12]
bestever    2187    in generation 413
[19, 16, 14, 11, 2, 10, 16, 19, 15, 2, 19, 17, 1, 16, 4, 10, 11, 11, 11, 9, 14, 14, 14, 17, 10, 3, 10, 13, 1, 3, 14, 17, 18, 10, 8, 10, 15, 11, 19, 5, 4, 2, 1, 2, 7, 11, 3, 9, 8, 18, 1, 4, 16, 9, 7, 1, 11, 17, 3, 8, 19, 14, 10, 16, 16, 13, 17, 7, 3, 10, 8, 8, 15, 19, 9, 17, 17, 13, 11, 1, 17, 19, 14, 2, 19, 7, 15, 7, 20, 9, 4, 12, 16, 6, 1, 8, 14, 13, 3, 14, 6, 15, 20, 12, 13, 2, 7, 6, 12, 4, 9, 3, 10, 6, 6, 13, 17, 4, 1, 17, 14, 3, 8, 5, 5, 5, 2, 20, 15, 18, 8, 6, 3, 16, 13, 3, 4, 9, 5, 2, 19, 7, 20, 8, 13, 20, 5, 1, 4, 10, 5, 18, 1, 8, 13, 7, 2, 19, 7, 12, 20, 6, 9, 12, 20, 15, 18, 6, 9, 12, 20, 15, 18, 4, 11, 12, 16, 6, 13, 7, 9, 12, 6, 5, 4, 15, 16, 18, 12, 15, 5, 18, 18, 5, 18, 11, 2, 20, 20, 12]
bestever    2167    in generation 425
[19, 16, 14, 11, 2, 10, 16, 19, 15, 2, 19, 17, 1, 16, 4, 10, 11, 11, 11, 9, 14, 14, 14, 17, 10, 3, 10, 13, 1, 3, 14, 17, 18, 10, 8, 10, 15, 11, 19, 5, 4, 2, 1, 2, 7, 11, 3, 9, 8, 18, 1, 4, 16, 9, 7, 1, 11, 17, 3, 8, 19, 14, 10, 16, 16, 13, 17, 7, 3, 10, 8, 8, 15, 19, 9, 17, 17, 13, 11, 1, 17, 19, 14, 2, 19, 7, 15, 7, 20, 9, 4, 12, 16, 6, 1, 8, 14, 13, 3, 14, 6, 15, 20, 12, 13, 2, 7, 6, 12, 4, 9, 3, 10, 6, 6, 13, 17, 4, 1, 17, 14, 3, 8, 5, 5, 5, 2, 20, 15, 18, 8, 6, 3, 16, 13, 3, 4, 9, 5, 2, 19, 7, 20, 8, 13, 20, 5, 1, 4, 10, 5, 18, 1, 8, 13, 7, 2, 19, 7, 12, 20, 16, 9, 12, 20, 15, 18, 6, 9, 12, 20, 15, 18, 4, 11, 12, 16, 6, 13, 7, 9, 12, 6, 5, 4, 15, 6, 18, 12, 15, 5, 18, 18, 5, 18, 11, 2, 20, 20, 12]
bestever    2155    in generation 440
[19, 16, 14, 11, 2, 10, 16, 19, 16, 2, 19, 17, 1, 16, 4, 10, 11, 11, 11, 9, 14, 14, 14, 17, 10, 3, 10, 13, 1, 3, 14, 17, 18, 10, 8, 10, 15, 11, 19, 5, 4, 2, 1, 2, 7, 11, 3, 9, 8, 18, 1, 4, 15, 9, 7, 1, 11, 17, 3, 8, 19, 14, 10, 16, 16, 13, 17, 7, 3, 10, 8, 8, 15, 19, 9, 17, 17, 13, 11, 1, 17, 19, 14, 2, 19, 7, 15, 7, 20, 9, 4, 12, 16, 6, 1, 8, 14, 13, 3, 14, 6, 15, 20, 12, 13, 2, 7, 6, 12, 4, 9, 3, 10, 6, 6, 13, 17, 4, 1, 17, 14, 3, 8, 5, 5, 5, 2, 20, 15, 18, 8, 6, 3, 16, 13, 3, 4, 9, 5, 2, 19, 7, 20, 8, 13, 20, 5, 1, 4, 10, 5, 18, 1, 8, 13, 7, 2, 19, 7, 12, 20, 16, 9, 12, 20, 15, 18, 6, 9, 12, 20, 15, 18, 4, 11, 12, 16, 6, 13, 7, 9, 12, 6, 5, 4, 15, 6, 18, 12, 15, 5, 18, 18, 5, 18, 11, 2, 20, 20, 12]
bestever    2151    in generation 467
[19, 16, 14, 11, 2, 10, 16, 19, 16, 2, 19, 17, 1, 16, 4, 10, 11, 11, 11, 9, 14, 14, 14, 17, 10, 3, 10, 13, 1, 3, 14, 17, 18, 10, 8, 10, 15, 11, 19, 5, 4, 2, 1, 2, 7, 11, 3, 9, 8, 14, 1, 4, 15, 9, 7, 1, 11, 17, 3, 8, 19, 14, 10, 16, 16, 13, 17, 7, 3, 10, 8, 8, 15, 19, 9, 17, 17, 13, 11, 1, 17, 19, 14, 2, 19, 7, 15, 7, 20, 9, 4, 12, 16, 6, 1, 8, 14, 13, 3, 14, 6, 15, 20, 12, 13, 2, 7, 6, 12, 4, 9, 3, 10, 6, 6, 13, 17, 4, 1, 17, 18, 3, 8, 5, 5, 5, 2, 20, 15, 18, 8, 6, 3, 16, 13, 3, 4, 9, 5, 2, 19, 7, 20, 8, 13, 20, 5, 1, 4, 10, 5, 18, 1, 8, 13, 7, 2, 19, 7, 12, 20, 16, 9, 12, 20, 15, 18, 6, 9, 12, 20, 15, 18, 4, 11, 12, 16, 6, 13, 7, 9, 12, 6, 5, 4, 15, 6, 18, 12, 15, 5, 18, 18, 5, 18, 11, 2, 20, 20, 12]
bestever    2135    in generation 478
[19, 16, 14, 11, 2, 10, 16, 19, 16, 2, 19, 17, 1, 16, 4, 10, 11, 11, 11, 9, 14, 14, 14, 17, 10, 3, 10, 13, 1, 3, 14, 17, 18, 10, 8, 10, 15, 11, 19, 5, 4, 2, 1, 2, 7, 11, 3, 9, 8, 14, 1, 4, 15, 9, 7, 1, 11, 17, 3, 8, 19, 14, 10, 16, 16, 13, 17, 7, 3, 10, 8, 8, 15, 19, 9, 17, 17, 13, 11, 1, 17, 19, 14, 2, 19, 7, 15, 7, 20, 9, 4, 12, 16, 6, 1, 8, 14, 13, 3, 14, 6, 15, 20, 12, 13, 2, 7, 6, 12, 4, 9, 3, 10, 6, 6, 13, 17, 4, 1, 17, 18, 3, 8, 5, 5, 5, 2, 20, 15, 18, 8, 6, 3, 16, 13, 3, 4, 9, 5, 2, 19, 7, 20, 8, 13, 20, 5, 1, 4, 10, 5, 18, 1, 8, 13, 7, 2, 19, 7, 12, 20, 16, 9, 12, 20, 15, 18, 6, 9, 12, 20, 15, 18, 4, 11, 12, 16, 6, 13, 7, 9, 12, 6, 5, 4, 15, 6, 5, 12, 15, 18, 18, 18, 5, 18, 11, 2, 20, 20, 12]
bestever    2126    in generation 496
[19, 16, 14, 11, 2, 10, 16, 19, 16, 2, 19, 17, 1, 16, 4, 10, 11, 11, 11, 9, 14, 14, 14, 17, 10, 3, 10, 13, 1, 3, 14, 17, 10, 8, 10, 15, 11, 19, 5, 4, 2, 1, 2, 7, 11, 3, 9, 8, 14, 1, 4, 15, 9, 7, 1, 11, 17, 3, 8, 19, 14, 10, 16, 16, 13, 17, 7, 3, 10, 8, 8, 15, 19, 9, 17, 17, 13, 1, 17, 19, 14, 2, 19, 7, 15, 7, 20, 9, 4, 12, 16, 6, 1, 8, 14, 13, 3, 14, 6, 20, 13, 2, 7, 6, 4, 9, 3, 10, 6, 13, 17, 4, 1, 17, 3, 8, 5, 5, 5, 2, 20, 18, 8, 3, 16, 13, 3, 4, 5, 2, 19, 7, 20, 8, 13, 5, 1, 10, 5, 18, 1, 8, 13, 7, 2, 19, 7, 16, 12, 20, 15, 18, 6, 9, 12, 20, 15, 18, 4, 11, 12, 6, 9, 12, 20, 15, 18, 6, 9, 12, 20, 15, 18, 4, 11, 12, 16, 6, 13, 7, 9, 12, 6, 5, 4, 15, 6, 5, 12, 15, 18, 18, 18, 5, 18, 11, 2, 20, 20, 12]
bestever    2092    in generation 506
[19, 16, 14, 11, 2, 10, 16, 19, 16, 2, 19, 17, 1, 16, 4, 10, 11, 11, 11, 9, 14, 14, 14, 17, 10, 3, 10, 13, 1, 3, 14, 17, 10, 8, 10, 15, 11, 19, 5, 4, 2, 1, 2, 7, 11, 3, 9, 8, 14, 1, 4, 15, 9, 7, 1, 11, 17, 3, 8, 19, 14, 10, 16, 11, 13, 17, 7, 3, 10, 8, 8, 15, 19, 9, 17, 17, 13, 1, 17, 19, 14, 2, 19, 7, 15, 7, 20, 9, 4, 12, 16, 6, 1, 8, 14, 13, 3, 14, 6, 20, 13, 2, 7, 6, 4, 9, 3, 10, 6, 13, 17, 4, 1, 17, 3, 8, 5, 5, 5, 2, 20, 18, 8, 3, 16, 13, 3, 4, 5, 2, 19, 7, 20, 8, 13, 5, 1, 10, 5, 18, 1, 8, 13, 7, 2, 19, 7, 16, 12, 20, 15, 18, 6, 9, 12, 20, 15, 18, 4, 16, 12, 6, 9, 12, 20, 15, 18, 6, 9, 12, 20, 15, 18, 4, 11, 12, 16, 6, 13, 7, 9, 12, 6, 5, 4, 15, 6, 5, 12, 15, 18, 18, 18, 5, 18, 11, 2, 20, 20, 12]
bestever    2091    in generation 523
[19, 16, 14, 11, 2, 10, 16, 19, 16, 2, 19, 17, 1, 16, 4, 10, 11, 11, 11, 9, 14, 14, 14, 17, 10, 3, 10, 13, 1, 3, 14, 17, 10, 8, 10, 15, 11, 19, 5, 4, 2, 1, 2, 7, 11, 3, 9, 8, 14, 1, 4, 15, 9, 7, 1, 11, 17, 3, 8, 19, 14, 10, 16, 11, 13, 17, 7, 3, 10, 8, 8, 15, 19, 9, 17, 17, 13, 1, 17, 19, 14, 2, 19, 7, 15, 7, 20, 9, 4, 12, 16, 6, 1, 8, 14, 13, 3, 14, 6, 20, 13, 2, 7, 6, 4, 9, 3, 10, 6, 13, 17, 4, 1, 17, 3, 8, 5, 5, 5, 2, 20, 18, 8, 3, 16, 13, 3, 4, 5, 2, 19, 7, 20, 8, 13, 5, 1, 10, 5, 18, 1, 8, 13, 7, 2, 19, 7, 16, 12, 20, 15, 18, 6, 9, 12, 20, 15, 18, 4, 16, 12, 6, 9, 12, 20, 15, 18, 6, 9, 12, 20, 15, 18, 4, 11, 12, 16, 6, 13, 7, 9, 6, 5, 4, 15, 6, 12, 5, 12, 15, 18, 18, 18, 5, 18, 11, 2, 20, 20, 12]
bestever    2085    in generation 588
[19, 16, 14, 11, 2, 10, 16, 19, 16, 2, 19, 17, 1, 16, 4, 10, 11, 11, 11, 9, 14, 14, 14, 17, 10, 3, 10, 13, 1, 19, 14, 17, 10, 8, 10, 15, 11, 19, 5, 4, 2, 1, 2, 7, 11, 3, 9, 8, 14, 1, 4, 15, 9, 7, 1, 11, 17, 3, 8, 3, 14, 10, 16, 11, 13, 17, 7, 3, 10, 8, 8, 15, 19, 9, 17, 17, 13, 1, 17, 19, 14, 2, 19, 7, 15, 7, 20, 9, 4, 12, 16, 6, 1, 8, 14, 13, 3, 14, 6, 20, 13, 2, 7, 6, 4, 9, 3, 10, 6, 13, 17, 4, 1, 17, 3, 8, 5, 5, 5, 2, 20, 18, 8, 3, 16, 13, 3, 4, 5, 2, 19, 7, 20, 8, 13, 5, 1, 10, 5, 18, 1, 8, 13, 7, 2, 19, 7, 16, 12, 20, 15, 18, 6, 9, 12, 20, 15, 18, 4, 16, 12, 6, 9, 12, 20, 15, 18, 6, 9, 12, 20, 15, 18, 4, 11, 12, 16, 6, 13, 7, 9, 6, 5, 4, 15, 6, 12, 5, 12, 15, 18, 18, 18, 5, 18, 11, 2, 20, 20, 12]
bestever    2075    in generation 633
[19, 16, 14, 11, 2, 10, 16, 19, 16, 2, 19, 17, 1, 16, 4, 10, 11, 11, 11, 9, 14, 14, 14, 17, 10, 3, 10, 13, 1, 19, 14, 17, 10, 8, 10, 15, 11, 19, 5, 4, 2, 1, 2, 7, 11, 3, 9, 8, 14, 1, 4, 20, 9, 7, 1, 11, 17, 3, 8, 3, 14, 10, 16, 11, 13, 17, 7, 3, 10, 8, 8, 15, 19, 9, 17, 17, 13, 1, 17, 19, 14, 2, 19, 7, 15, 7, 20, 9, 4, 12, 16, 6, 1, 8, 14, 13, 3, 14, 6, 15, 13, 2, 7, 6, 4, 9, 3, 10, 6, 13, 17, 4, 1, 17, 3, 8, 5, 5, 5, 2, 20, 18, 8, 3, 16, 13, 3, 4, 5, 2, 19, 7, 20, 8, 13, 5, 1, 10, 5, 18, 1, 8, 13, 7, 2, 19, 7, 16, 12, 20, 15, 18, 6, 9, 12, 20, 15, 18, 4, 16, 12, 6, 9, 12, 20, 15, 18, 6, 9, 12, 20, 15, 18, 4, 11, 12, 16, 6, 13, 7, 9, 6, 5, 4, 15, 6, 12, 5, 12, 15, 18, 18, 18, 5, 18, 11, 2, 20, 20, 12]
bestever    2074    in generation 668
[19, 16, 14, 11, 2, 10, 16, 19, 16, 2, 19, 17, 1, 16, 4, 10, 11, 11, 11, 9, 14, 14, 14, 17, 10, 3, 10, 13, 1, 19, 14, 17, 10, 8, 10, 15, 11, 19, 5, 4, 2, 1, 2, 7, 11, 3, 9, 8, 14, 1, 4, 20, 9, 7, 1, 11, 17, 3, 8, 3, 14, 10, 16, 11, 13, 17, 7, 3, 10, 8, 8, 15, 19, 9, 17, 17, 13, 1, 17, 19, 14, 2, 19, 7, 15, 7, 20, 9, 4, 12, 16, 6, 1, 8, 14, 13, 3, 14, 6, 15, 13, 2, 7, 6, 4, 9, 3, 10, 6, 13, 17, 4, 1, 17, 3, 8, 5, 5, 5, 2, 20, 18, 8, 3, 16, 13, 3, 4, 5, 2, 19, 7, 20, 8, 13, 5, 1, 10, 5, 18, 1, 8, 13, 7, 2, 19, 7, 16, 12, 20, 15, 5, 6, 9, 12, 20, 15, 18, 4, 16, 12, 6, 9, 12, 20, 15, 18, 6, 9, 12, 20, 15, 18, 4, 11, 12, 16, 6, 13, 7, 9, 6, 5, 4, 15, 6, 12, 5, 12, 15, 18, 18, 18, 18, 18, 11, 2, 20, 20, 12]
bestever    2063    in generation 704
[19, 16, 14, 11, 2, 10, 16, 19, 16, 2, 19, 17, 1, 16, 4, 10, 11, 11, 11, 9, 14, 14, 14, 17, 10, 3, 10, 13, 1, 19, 14, 17, 10, 8, 10, 15, 11, 3, 5, 4, 2, 1, 2, 7, 11, 3, 9, 8, 14, 1, 4, 20, 9, 7, 1, 11, 17, 19, 8, 3, 14, 10, 16, 11, 13, 17, 7, 3, 10, 8, 8, 15, 19, 9, 17, 17, 13, 1, 17, 19, 14, 2, 19, 7, 15, 7, 20, 9, 4, 12, 16, 6, 1, 8, 14, 13, 3, 14, 6, 15, 13, 2, 7, 6, 4, 9, 3, 10, 6, 13, 17, 4, 1, 17, 3, 8, 5, 5, 5, 2, 20, 18, 8, 3, 16, 13, 3, 4, 5, 2, 19, 7, 20, 8, 13, 5, 1, 10, 5, 18, 1, 8, 13, 7, 2, 19, 7, 16, 12, 20, 15, 5, 6, 9, 12, 20, 15, 18, 4, 16, 12, 6, 9, 12, 20, 15, 18, 6, 9, 12, 20, 15, 18, 4, 11, 12, 16, 6, 13, 7, 9, 6, 5, 4, 15, 6, 12, 5, 12, 15, 18, 18, 18, 18, 18, 11, 2, 20, 20, 12]
bestever    2054    in generation 733
[19, 16, 14, 11, 2, 10, 16, 19, 16, 2, 19, 17, 1, 16, 4, 10, 11, 11, 11, 9, 14, 14, 14, 17, 10, 3, 10, 13, 1, 19, 14, 17, 10, 8, 10, 15, 11, 3, 5, 4, 2, 1, 2, 7, 11, 3, 9, 8, 14, 1, 4, 20, 9, 7, 1, 11, 17, 19, 8, 3, 14, 10, 16, 11, 13, 17, 7, 3, 10, 8, 8, 15, 19, 9, 17, 17, 13, 1, 17, 19, 14, 2, 19, 7, 15, 7, 9, 4, 16, 6, 1, 8, 14, 13, 3, 14, 6, 15, 13, 2, 7, 6, 4, 9, 3, 10, 6, 13, 17, 4, 1, 17, 3, 8, 5, 5, 5, 2, 18, 8, 3, 16, 13, 3, 4, 5, 2, 19, 7, 20, 20, 12, 20, 8, 13, 5, 1, 10, 5, 18, 1, 8, 13, 7, 2, 19, 7, 16, 12, 20, 15, 5, 6, 9, 12, 20, 15, 18, 4, 16, 12, 6, 9, 12, 20, 15, 18, 6, 9, 12, 20, 15, 18, 4, 11, 12, 16, 6, 13, 7, 9, 6, 5, 4, 15, 6, 12, 5, 12, 15, 18, 18, 18, 18, 18, 11, 2, 20, 20, 12]
bestever    2053    in generation 771
[19, 16, 14, 11, 2, 10, 16, 19, 16, 2, 19, 17, 1, 16, 7, 10, 11, 11, 11, 9, 14, 14, 14, 17, 10, 3, 10, 13, 1, 19, 14, 17, 10, 8, 10, 15, 11, 3, 5, 4, 2, 1, 2, 7, 11, 3, 9, 8, 14, 1, 4, 20, 9, 7, 1, 11, 17, 19, 8, 3, 14, 10, 16, 11, 13, 17, 4, 3, 10, 8, 8, 19, 9, 17, 17, 13, 1, 17, 19, 14, 2, 19, 7, 15, 7, 9, 4, 12, 16, 6, 1, 8, 14, 13, 3, 14, 6, 15, 13, 2, 7, 6, 4, 9, 3, 10, 6, 13, 17, 4, 1, 17, 3, 8, 5, 5, 5, 2, 20, 18, 8, 3, 16, 13, 3, 4, 5, 2, 19, 7, 20, 8, 13, 5, 1, 10, 5, 18, 1, 8, 13, 7, 2, 19, 7, 16, 12, 20, 15, 5, 6, 9, 12, 20, 15, 20, 15, 18, 4, 16, 12, 6, 9, 12, 20, 15, 18, 6, 9, 12, 20, 15, 18, 4, 11, 12, 16, 6, 13, 7, 9, 6, 5, 4, 15, 6, 12, 5, 12, 15, 18, 18, 18, 18, 18, 11, 2, 20, 20, 12]
bestever    2051    in generation 897
[19, 16, 14, 11, 2, 10, 16, 19, 16, 2, 19, 17, 1, 16, 7, 10, 11, 11, 3, 11, 9, 14, 14, 14, 17, 10, 10, 13, 1, 19, 14, 17, 10, 8, 10, 15, 11, 3, 5, 4, 2, 1, 2, 7, 11, 3, 9, 8, 14, 1, 4, 9, 7, 1, 11, 17, 19, 8, 3, 14, 10, 16, 11, 13, 17, 4, 3, 10, 8, 8, 19, 9, 17, 17, 13, 1, 17, 19, 14, 2, 19, 7, 15, 7, 9, 4, 16, 6, 1, 8, 14, 13, 3, 14, 6, 15, 13, 12, 20, 2, 7, 6, 4, 9, 3, 10, 6, 13, 17, 4, 1, 17, 3, 8, 5, 5, 5, 2, 20, 18, 8, 3, 16, 13, 3, 4, 5, 2, 19, 7, 20, 8, 13, 5, 1, 10, 5, 18, 1, 8, 13, 7, 2, 19, 7, 16, 12, 20, 15, 5, 6, 9, 12, 20, 15, 20, 15, 18, 4, 16, 12, 6, 9, 12, 20, 15, 18, 6, 9, 12, 20, 15, 18, 18, 11, 12, 16, 6, 13, 7, 9, 6, 5, 4, 15, 6, 18, 5, 12, 15, 18, 4, 2, 12, 18, 11, 18, 20, 20, 12]
bestever    2038    in generation 980
[19, 16, 14, 11, 2, 10, 16, 19, 16, 2, 19, 17, 1, 16, 7, 10, 11, 11, 3, 11, 9, 14, 14, 14, 17, 10, 10, 13, 1, 19, 14, 17, 10, 8, 10, 15, 11, 3, 5, 10, 2, 1, 2, 7, 11, 3, 9, 8, 14, 1, 4, 9, 7, 1, 11, 17, 19, 8, 3, 14, 10, 16, 11, 13, 17, 4, 3, 10, 8, 8, 19, 9, 17, 17, 13, 1, 17, 19, 14, 2, 19, 7, 15, 7, 9, 4, 16, 6, 1, 8, 14, 13, 3, 14, 6, 15, 13, 12, 20, 2, 7, 6, 4, 9, 3, 10, 6, 13, 17, 4, 1, 17, 3, 8, 5, 5, 5, 2, 20, 18, 8, 3, 16, 13, 3, 4, 5, 2, 19, 7, 20, 8, 13, 5, 1, 4, 5, 18, 1, 8, 13, 7, 2, 19, 7, 16, 12, 20, 15, 5, 6, 9, 12, 20, 15, 20, 15, 18, 4, 16, 12, 6, 9, 12, 20, 15, 18, 6, 9, 12, 20, 15, 18, 18, 11, 12, 16, 6, 13, 7, 9, 6, 5, 4, 15, 6, 18, 5, 12, 15, 18, 4, 2, 12, 18, 11, 18, 20, 20, 12]
bestever    2035    in generation 982
[19, 16, 14, 11, 2, 10, 16, 19, 16, 2, 19, 17, 1, 16, 7, 10, 11, 11, 3, 11, 9, 14, 14, 14, 17, 10, 10, 13, 1, 19, 14, 17, 10, 8, 10, 15, 11, 3, 5, 10, 2, 1, 2, 7, 11, 3, 9, 8, 14, 1, 4, 9, 7, 1, 11, 17, 19, 8, 3, 14, 10, 16, 11, 13, 17, 4, 3, 10, 8, 8, 19, 9, 17, 17, 13, 1, 17, 19, 14, 2, 19, 7, 15, 7, 9, 4, 16, 6, 1, 8, 14, 13, 3, 14, 6, 15, 13, 12, 20, 2, 7, 6, 4, 9, 3, 10, 6, 13, 17, 4, 1, 17, 3, 8, 5, 5, 5, 2, 20, 7, 8, 3, 16, 13, 3, 4, 5, 2, 19, 7, 20, 8, 13, 5, 1, 4, 5, 18, 1, 8, 13, 7, 2, 19, 7, 16, 12, 20, 15, 5, 6, 9, 12, 20, 15, 20, 15, 18, 4, 16, 12, 6, 9, 12, 20, 15, 18, 6, 9, 12, 20, 15, 18, 18, 11, 12, 16, 6, 13, 18, 9, 6, 5, 4, 15, 6, 18, 5, 12, 15, 18, 4, 2, 12, 18, 11, 18, 20, 20, 12]
bestever    2028    in generation 991
[19, 16, 14, 11, 2, 10, 16, 19, 16, 2, 19, 17, 1, 16, 7, 10, 11, 11, 3, 11, 9, 14, 14, 14, 17, 10, 10, 13, 1, 19, 14, 17, 10, 8, 10, 15, 11, 3, 5, 10, 2, 1, 2, 7, 11, 3, 9, 8, 14, 1, 4, 9, 7, 1, 11, 17, 19, 8, 3, 14, 10, 16, 11, 13, 17, 4, 3, 10, 8, 8, 19, 9, 17, 17, 13, 1, 17, 19, 14, 2, 19, 7, 15, 7, 9, 4, 16, 6, 1, 8, 1, 13, 3, 14, 6, 15, 13, 12, 20, 2, 7, 6, 4, 9, 3, 10, 6, 13, 17, 4, 1, 17, 3, 8, 5, 5, 5, 2, 20, 7, 8, 3, 16, 13, 3, 4, 5, 2, 19, 7, 20, 8, 13, 5, 1, 4, 5, 18, 14, 8, 13, 7, 2, 19, 7, 16, 12, 20, 15, 5, 6, 9, 12, 20, 15, 15, 18, 4, 16, 6, 9, 12, 20, 12, 20, 15, 18, 6, 9, 12, 20, 15, 18, 18, 11, 12, 16, 6, 13, 18, 9, 6, 5, 4, 15, 6, 18, 5, 12, 15, 18, 4, 2, 12, 18, 11, 18, 20, 20, 12]
bestever    2026    in generation 1029
[19, 16, 14, 11, 2, 10, 16, 19, 19, 2, 19, 17, 1, 16, 7, 10, 11, 11, 3, 11, 9, 14, 14, 14, 17, 10, 10, 13, 1, 19, 14, 17, 10, 8, 10, 15, 11, 3, 5, 10, 2, 1, 2, 7, 11, 3, 9, 8, 14, 1, 4, 9, 7, 1, 11, 17, 16, 8, 3, 14, 10, 16, 11, 13, 17, 4, 3, 10, 8, 8, 19, 9, 17, 17, 13, 1, 17, 19, 14, 2, 19, 7, 15, 7, 9, 4, 16, 6, 1, 8, 17, 13, 3, 14, 6, 15, 13, 12, 20, 2, 7, 6, 4, 9, 3, 10, 6, 13, 17, 4, 1, 1, 3, 8, 5, 5, 5, 2, 20, 7, 8, 3, 16, 13, 3, 4, 5, 2, 19, 7, 20, 8, 13, 5, 1, 4, 5, 18, 14, 8, 13, 7, 2, 19, 7, 16, 12, 20, 15, 5, 6, 9, 12, 20, 15, 15, 18, 4, 16, 6, 9, 12, 20, 12, 20, 15, 18, 6, 9, 12, 20, 15, 18, 18, 11, 12, 16, 6, 13, 18, 9, 6, 5, 4, 15, 6, 18, 5, 12, 15, 18, 4, 2, 12, 18, 11, 18, 20, 20, 12]
bestever    2014    in generation 1069
[19, 16, 14, 11, 2, 10, 16, 19, 19, 2, 19, 17, 1, 16, 7, 10, 11, 11, 3, 11, 9, 14, 14, 14, 17, 10, 10, 13, 1, 19, 14, 17, 10, 8, 10, 15, 11, 3, 5, 10, 2, 1, 2, 7, 11, 3, 9, 8, 14, 1, 4, 9, 7, 1, 11, 17, 16, 8, 3, 14, 10, 16, 11, 13, 17, 4, 3, 10, 8, 8, 19, 9, 17, 17, 13, 1, 17, 19, 14, 2, 19, 7, 15, 11, 9, 4, 16, 6, 1, 8, 17, 13, 3, 14, 6, 15, 13, 12, 20, 2, 7, 6, 4, 9, 3, 10, 6, 13, 17, 4, 1, 1, 3, 8, 5, 5, 5, 2, 20, 7, 8, 3, 16, 13, 3, 4, 5, 2, 19, 7, 20, 8, 13, 5, 1, 4, 5, 18, 14, 8, 13, 7, 2, 19, 7, 16, 12, 20, 15, 5, 6, 9, 12, 20, 15, 15, 18, 4, 16, 6, 9, 12, 20, 12, 20, 15, 18, 6, 9, 12, 20, 15, 18, 18, 7, 12, 16, 6, 13, 18, 9, 6, 5, 4, 15, 6, 18, 5, 12, 15, 18, 4, 2, 12, 18, 11, 18, 20, 20, 12]
bestever    2010    in generation 1146
[19, 16, 14, 11, 2, 10, 16, 19, 19, 2, 19, 17, 1, 16, 7, 10, 11, 11, 3, 11, 9, 14, 14, 14, 17, 10, 10, 13, 1, 19, 14, 17, 10, 8, 10, 15, 11, 3, 5, 10, 2, 1, 2, 7, 11, 3, 9, 8, 14, 1, 4, 9, 7, 1, 11, 17, 16, 8, 3, 14, 10, 16, 11, 13, 17, 4, 3, 10, 8, 8, 19, 9, 17, 17, 13, 1, 17, 19, 14, 2, 19, 7, 15, 11, 9, 4, 16, 6, 1, 8, 17, 13, 3, 14, 6, 15, 13, 12, 20, 2, 7, 6, 4, 9, 3, 10, 6, 13, 17, 4, 1, 1, 3, 8, 5, 5, 5, 2, 20, 7, 8, 3, 16, 13, 3, 4, 5, 2, 19, 7, 20, 8, 13, 5, 1, 4, 5, 18, 14, 8, 13, 7, 2, 19, 7, 16, 12, 20, 15, 5, 6, 9, 12, 20, 15, 15, 18, 4, 16, 6, 9, 12, 20, 12, 20, 15, 18, 6, 9, 12, 20, 15, 18, 18, 7, 12, 16, 6, 13, 18, 9, 6, 5, 4, 15, 6, 18, 5, 12, 12, 18, 4, 2, 12, 18, 11, 18, 20, 20, 15]
bestever    2001    in generation 1154
[19, 16, 14, 11, 2, 10, 16, 19, 19, 2, 19, 17, 1, 16, 7, 10, 11, 11, 3, 11, 9, 14, 14, 14, 17, 10, 10, 13, 1, 19, 14, 17, 10, 8, 10, 15, 11, 3, 5, 10, 2, 1, 2, 7, 11, 3, 9, 8, 14, 1, 4, 9, 7, 1, 11, 17, 16, 8, 3, 14, 10, 16, 11, 13, 17, 4, 3, 10, 8, 8, 19, 9, 17, 17, 13, 1, 17, 19, 14, 2, 19, 7, 15, 11, 9, 4, 16, 6, 1, 8, 17, 13, 3, 14, 6, 15, 13, 12, 20, 2, 7, 6, 4, 9, 3, 10, 6, 13, 17, 4, 1, 1, 3, 8, 5, 5, 5, 2, 20, 7, 8, 3, 16, 13, 3, 4, 5, 2, 19, 7, 20, 8, 13, 5, 1, 4, 5, 18, 14, 8, 13, 7, 2, 19, 7, 16, 12, 20, 15, 5, 6, 9, 12, 20, 15, 15, 18, 4, 16, 6, 9, 12, 20, 12, 20, 15, 18, 6, 9, 12, 20, 15, 18, 18, 7, 12, 16, 6, 13, 18, 9, 6, 5, 4, 15, 6, 18, 5, 12, 15, 18, 11, 2, 20, 20, 12, 4, 18, 12, 18]
bestever    1993    in generation 1165
[19, 16, 14, 11, 2, 10, 16, 19, 19, 2, 19, 17, 1, 16, 7, 10, 11, 11, 3, 11, 9, 14, 14, 14, 17, 10, 10, 13, 1, 19, 14, 17, 10, 8, 10, 15, 11, 3, 5, 10, 2, 1, 2, 7, 11, 3, 9, 8, 14, 1, 4, 9, 7, 1, 11, 17, 16, 8, 3, 14, 10, 16, 11, 13, 17, 4, 3, 10, 8, 8, 19, 9, 17, 17, 13, 1, 17, 19, 14, 2, 19, 7, 15, 11, 9, 4, 16, 6, 1, 8, 17, 13, 3, 14, 6, 15, 13, 12, 20, 2, 7, 6, 4, 9, 3, 10, 6, 13, 17, 4, 1, 1, 3, 8, 5, 5, 5, 2, 20, 7, 8, 3, 16, 13, 3, 4, 5, 2, 19, 7, 20, 8, 13, 5, 1, 4, 5, 18, 14, 8, 13, 7, 2, 19, 7, 16, 12, 20, 15, 5, 6, 9, 12, 20, 15, 15, 18, 4, 16, 6, 9, 12, 20, 12, 20, 15, 18, 6, 9, 12, 20, 15, 18, 18, 7, 12, 16, 6, 5, 18, 9, 6, 5, 4, 15, 6, 18, 13, 12, 15, 18, 11, 2, 20, 20, 12, 4, 18, 12, 18]
bestever    1986    in generation 1173
[19, 16, 14, 11, 2, 10, 16, 19, 19, 2, 19, 17, 1, 16, 7, 10, 11, 11, 3, 11, 9, 14, 14, 14, 17, 10, 10, 13, 1, 19, 14, 17, 10, 8, 10, 15, 11, 3, 5, 10, 2, 1, 2, 7, 11, 3, 9, 8, 14, 1, 4, 9, 7, 1, 11, 17, 16, 8, 3, 14, 10, 16, 11, 13, 17, 4, 3, 10, 8, 8, 19, 9, 17, 11, 13, 1, 17, 19, 14, 2, 19, 7, 15, 11, 9, 4, 16, 6, 1, 8, 17, 13, 3, 14, 6, 15, 13, 12, 20, 2, 7, 6, 4, 9, 3, 10, 6, 13, 17, 4, 1, 1, 3, 8, 5, 5, 5, 2, 20, 7, 8, 3, 16, 13, 3, 4, 5, 2, 19, 7, 20, 8, 13, 5, 1, 4, 5, 18, 14, 8, 13, 7, 2, 19, 7, 16, 12, 20, 15, 5, 6, 9, 12, 20, 15, 15, 18, 4, 16, 6, 9, 12, 20, 12, 20, 15, 18, 6, 9, 12, 20, 15, 18, 18, 7, 12, 16, 6, 13, 18, 9, 6, 5, 4, 15, 6, 18, 5, 12, 15, 18, 17, 2, 20, 20, 12, 4, 18, 12, 18]
bestever    1975    in generation 1217
[19, 16, 14, 11, 2, 10, 16, 19, 19, 2, 19, 17, 1, 16, 7, 10, 11, 11, 3, 11, 9, 14, 14, 14, 17, 10, 10, 13, 1, 19, 14, 17, 10, 8, 10, 15, 11, 3, 5, 10, 2, 1, 2, 7, 11, 3, 9, 8, 14, 1, 4, 9, 7, 1, 11, 17, 16, 8, 3, 14, 10, 16, 11, 13, 17, 4, 3, 10, 8, 8, 19, 9, 17, 11, 13, 1, 17, 19, 14, 2, 19, 7, 15, 11, 9, 4, 16, 6, 1, 8, 17, 13, 3, 14, 6, 15, 13, 12, 20, 2, 7, 6, 4, 9, 3, 10, 6, 13, 17, 4, 1, 1, 3, 8, 5, 5, 5, 2, 20, 7, 8, 3, 16, 13, 3, 4, 5, 2, 19, 7, 20, 8, 13, 5, 1, 4, 5, 18, 14, 8, 13, 7, 2, 19, 7, 16, 15, 20, 15, 5, 6, 9, 12, 20, 15, 15, 18, 4, 16, 6, 9, 12, 20, 12, 20, 15, 18, 6, 9, 12, 20, 15, 18, 18, 7, 12, 16, 6, 13, 18, 9, 6, 5, 4, 15, 6, 18, 5, 12, 12, 18, 17, 2, 20, 20, 12, 4, 18, 12, 18]
bestever    1965    in generation 1239
[19, 16, 14, 11, 2, 10, 16, 19, 19, 2, 19, 17, 1, 16, 7, 10, 11, 11, 3, 11, 9, 14, 14, 14, 17, 10, 10, 13, 1, 19, 14, 17, 10, 8, 10, 15, 11, 3, 5, 10, 2, 1, 2, 7, 11, 3, 9, 8, 14, 1, 4, 9, 7, 1, 11, 17, 16, 8, 3, 14, 10, 16, 11, 13, 17, 4, 3, 10, 8, 8, 19, 9, 17, 11, 13, 1, 17, 19, 14, 2, 19, 7, 15, 11, 9, 4, 16, 6, 1, 8, 17, 13, 3, 14, 19, 15, 13, 12, 20, 2, 7, 6, 4, 9, 3, 10, 6, 13, 17, 4, 1, 1, 3, 8, 5, 5, 5, 2, 20, 7, 8, 3, 16, 13, 3, 4, 5, 2, 6, 7, 20, 8, 13, 5, 1, 4, 5, 18, 14, 8, 13, 7, 2, 19, 7, 16, 15, 20, 15, 5, 6, 9, 12, 20, 15, 15, 18, 4, 16, 6, 9, 12, 20, 12, 20, 15, 18, 6, 9, 12, 20, 15, 18, 18, 7, 12, 16, 6, 13, 18, 9, 6, 5, 4, 15, 6, 18, 5, 12, 12, 18, 17, 2, 20, 20, 12, 4, 18, 12, 18]
bestever    1951    in generation 1298
[19, 16, 14, 11, 2, 10, 16, 19, 19, 2, 19, 17, 1, 16, 7, 10, 11, 11, 3, 11, 9, 14, 14, 14, 17, 10, 10, 13, 1, 19, 14, 17, 10, 8, 10, 15, 11, 3, 5, 10, 2, 1, 2, 7, 11, 3, 9, 8, 14, 1, 4, 9, 7, 1, 11, 17, 16, 8, 3, 14, 10, 16, 11, 13, 17, 4, 3, 10, 8, 8, 19, 9, 17, 11, 13, 1, 17, 19, 14, 2, 19, 7, 15, 11, 9, 4, 16, 6, 1, 8, 17, 13, 3, 14, 19, 15, 13, 12, 20, 2, 7, 6, 4, 9, 3, 10, 6, 13, 17, 4, 1, 1, 3, 8, 5, 5, 5, 2, 20, 7, 8, 3, 16, 13, 3, 4, 5, 2, 6, 7, 20, 8, 13, 5, 1, 2, 5, 18, 14, 8, 13, 7, 2, 19, 7, 16, 15, 20, 15, 5, 6, 9, 12, 20, 15, 15, 18, 4, 16, 6, 9, 12, 20, 12, 20, 15, 18, 6, 9, 12, 20, 15, 18, 18, 7, 12, 16, 6, 13, 18, 9, 6, 5, 4, 15, 6, 18, 5, 12, 12, 18, 17, 4, 20, 20, 12, 4, 18, 12, 18]
bestever    1938    in generation 1326
[19, 16, 14, 11, 2, 10, 16, 19, 19, 2, 19, 17, 1, 16, 7, 10, 11, 11, 3, 11, 9, 14, 14, 14, 17, 10, 10, 13, 1, 19, 14, 17, 10, 8, 10, 15, 11, 3, 5, 10, 2, 1, 2, 7, 11, 3, 9, 8, 14, 1, 4, 9, 7, 1, 11, 17, 16, 8, 3, 14, 10, 16, 11, 13, 17, 4, 3, 10, 8, 8, 19, 9, 17, 11, 13, 1, 17, 19, 14, 2, 19, 7, 15, 11, 9, 4, 16, 6, 1, 8, 17, 13, 3, 14, 19, 15, 13, 12, 20, 2, 7, 6, 4, 9, 3, 10, 6, 13, 17, 4, 1, 1, 3, 8, 5, 5, 5, 2, 20, 7, 8, 3, 16, 13, 3, 4, 5, 2, 6, 7, 20, 8, 13, 5, 1, 2, 5, 18, 14, 8, 13, 7, 2, 19, 7, 16, 15, 20, 15, 5, 6, 9, 12, 20, 15, 15, 18, 16, 6, 9, 12, 20, 12, 20, 15, 18, 6, 9, 20, 15, 7, 16, 6, 18, 12, 12, 18, 4, 13, 18, 9, 6, 5, 4, 15, 6, 18, 5, 12, 12, 18, 17, 4, 20, 20, 12, 4, 18, 12, 18]
bestever    1935    in generation 1384
[19, 16, 14, 11, 2, 10, 16, 19, 19, 2, 19, 17, 1, 16, 7, 10, 11, 11, 3, 11, 9, 14, 14, 14, 17, 10, 10, 13, 1, 19, 14, 17, 10, 8, 10, 15, 11, 3, 5, 10, 2, 1, 2, 7, 11, 3, 9, 8, 14, 1, 4, 9, 7, 1, 11, 17, 16, 8, 3, 14, 10, 16, 11, 13, 17, 4, 3, 10, 8, 8, 19, 9, 17, 11, 13, 1, 17, 19, 14, 2, 19, 7, 15, 11, 9, 4, 16, 6, 1, 8, 17, 13, 3, 14, 19, 15, 13, 12, 19, 2, 7, 6, 4, 9, 3, 10, 6, 13, 17, 4, 1, 1, 3, 8, 5, 5, 5, 2, 20, 7, 8, 3, 16, 13, 3, 5, 2, 6, 7, 20, 8, 13, 5, 1, 9, 5, 14, 8, 13, 7, 2, 20, 7, 16, 15, 20, 15, 5, 6, 9, 20, 15, 15, 4, 16, 6, 9, 12, 20, 12, 20, 15, 6, 2, 12, 20, 15, 18, 12, 18, 4, 18, 18, 18, 7, 12, 16, 6, 13, 18, 9, 6, 5, 4, 15, 6, 18, 5, 12, 12, 18, 17, 4, 20, 20, 12, 4, 18, 12, 18]
bestever    1934    in generation 1400
[19, 16, 14, 11, 2, 10, 16, 19, 19, 2, 19, 17, 1, 16, 7, 10, 11, 11, 3, 11, 9, 14, 14, 14, 17, 10, 10, 13, 1, 19, 14, 17, 10, 8, 10, 15, 11, 3, 5, 10, 2, 1, 2, 7, 11, 3, 9, 8, 14, 1, 4, 9, 7, 1, 11, 17, 16, 8, 3, 14, 10, 16, 11, 13, 17, 4, 3, 10, 8, 8, 19, 9, 17, 11, 13, 1, 17, 19, 14, 2, 19, 7, 15, 11, 9, 4, 16, 6, 1, 8, 17, 13, 3, 14, 19, 15, 13, 12, 19, 2, 7, 6, 4, 9, 3, 10, 6, 13, 17, 4, 1, 1, 3, 8, 5, 17, 5, 2, 20, 7, 8, 3, 16, 13, 3, 5, 2, 6, 7, 20, 8, 13, 5, 1, 9, 5, 14, 8, 13, 7, 2, 20, 7, 16, 15, 20, 15, 5, 6, 9, 20, 15, 15, 4, 16, 6, 9, 12, 20, 12, 20, 15, 6, 2, 12, 20, 15, 18, 12, 18, 4, 18, 18, 18, 7, 12, 16, 6, 13, 18, 9, 6, 5, 4, 15, 6, 18, 5, 12, 12, 18, 5, 4, 20, 20, 12, 4, 18, 12, 18]
bestever    1933    in generation 1401
[19, 16, 14, 11, 2, 10, 16, 19, 19, 2, 19, 17, 1, 16, 7, 10, 11, 11, 3, 11, 9, 14, 14, 14, 17, 10, 10, 13, 1, 19, 14, 17, 10, 8, 10, 15, 11, 3, 5, 10, 2, 1, 2, 7, 11, 3, 9, 8, 14, 1, 4, 9, 7, 1, 11, 17, 16, 8, 3, 14, 10, 16, 11, 13, 17, 4, 3, 10, 8, 8, 19, 9, 17, 11, 13, 1, 17, 19, 14, 2, 19, 7, 15, 11, 9, 4, 16, 6, 1, 8, 17, 13, 3, 14, 19, 15, 13, 12, 19, 2, 7, 6, 4, 9, 3, 10, 6, 13, 17, 4, 1, 1, 3, 8, 5, 5, 5, 2, 20, 7, 8, 3, 16, 13, 3, 5, 2, 2, 7, 20, 8, 13, 5, 1, 9, 5, 14, 8, 13, 7, 2, 20, 7, 16, 15, 20, 15, 5, 6, 9, 20, 15, 15, 4, 16, 6, 9, 12, 20, 12, 20, 15, 6, 6, 12, 20, 15, 18, 12, 18, 4, 18, 18, 18, 7, 12, 16, 6, 13, 18, 9, 6, 5, 4, 15, 6, 18, 5, 12, 12, 18, 17, 4, 20, 20, 12, 4, 18, 12, 18]
bestever    1929    in generation 1412
[19, 16, 14, 11, 2, 10, 16, 19, 11, 2, 19, 17, 1, 16, 7, 10, 11, 11, 3, 11, 9, 14, 14, 14, 17, 10, 10, 13, 1, 19, 14, 17, 10, 8, 10, 15, 11, 3, 5, 10, 2, 1, 2, 7, 11, 3, 9, 8, 14, 1, 4, 9, 7, 1, 19, 17, 16, 8, 3, 14, 10, 16, 11, 13, 17, 4, 3, 10, 8, 8, 19, 9, 17, 11, 13, 1, 17, 19, 14, 2, 19, 7, 15, 11, 9, 4, 16, 6, 1, 8, 17, 13, 3, 14, 19, 15, 13, 12, 19, 2, 7, 6, 4, 9, 3, 10, 6, 13, 17, 4, 1, 1, 3, 8, 5, 5, 5, 2, 20, 7, 8, 13, 16, 13, 3, 5, 2, 6, 7, 20, 8, 13, 5, 1, 9, 5, 14, 8, 3, 7, 2, 20, 7, 16, 15, 20, 15, 5, 6, 9, 20, 15, 15, 4, 16, 6, 9, 12, 20, 12, 20, 15, 6, 2, 12, 20, 15, 18, 12, 18, 4, 18, 18, 18, 7, 12, 16, 6, 13, 18, 9, 6, 5, 4, 15, 6, 18, 5, 12, 12, 18, 17, 4, 20, 20, 12, 4, 18, 12, 18]
bestever    1897    in generation 1432
[19, 16, 14, 11, 2, 10, 16, 19, 11, 2, 19, 17, 1, 16, 7, 10, 11, 11, 3, 11, 9, 14, 14, 14, 17, 10, 10, 13, 1, 19, 14, 17, 10, 8, 10, 15, 11, 3, 5, 10, 2, 1, 2, 7, 11, 3, 9, 8, 14, 1, 4, 9, 7, 1, 19, 17, 16, 8, 3, 14, 10, 16, 11, 13, 17, 4, 3, 10, 8, 8, 19, 9, 17, 11, 13, 1, 17, 19, 14, 2, 19, 7, 15, 11, 9, 4, 16, 6, 1, 8, 17, 13, 3, 14, 19, 15, 13, 12, 19, 2, 7, 6, 4, 9, 3, 10, 6, 13, 17, 4, 1, 1, 3, 8, 5, 5, 5, 2, 20, 7, 8, 15, 16, 13, 3, 5, 2, 6, 7, 20, 8, 13, 5, 1, 9, 5, 14, 8, 3, 7, 2, 20, 7, 16, 13, 20, 15, 5, 6, 9, 20, 15, 15, 4, 16, 6, 9, 12, 20, 12, 20, 15, 6, 2, 12, 20, 15, 18, 12, 18, 4, 18, 18, 18, 7, 12, 16, 6, 13, 18, 9, 6, 5, 4, 15, 6, 18, 5, 12, 12, 18, 17, 4, 20, 20, 12, 4, 18, 12, 18]
bestever    1881    in generation 1465
[19, 16, 14, 11, 2, 10, 16, 19, 11, 2, 19, 17, 1, 16, 7, 10, 11, 11, 3, 11, 9, 14, 14, 14, 17, 10, 10, 13, 1, 19, 14, 11, 10, 8, 10, 15, 17, 3, 5, 10, 2, 1, 2, 7, 11, 3, 9, 8, 14, 1, 4, 9, 7, 1, 19, 17, 16, 8, 3, 14, 10, 16, 11, 13, 17, 4, 3, 10, 8, 8, 19, 9, 17, 11, 13, 1, 17, 19, 14, 2, 19, 7, 15, 11, 9, 4, 16, 6, 1, 8, 17, 13, 3, 14, 19, 15, 13, 12, 19, 2, 7, 6, 4, 9, 3, 10, 6, 13, 17, 4, 1, 1, 3, 8, 5, 5, 5, 2, 20, 7, 8, 15, 16, 13, 3, 5, 2, 6, 7, 20, 8, 13, 5, 1, 9, 5, 14, 8, 3, 7, 2, 20, 7, 16, 13, 20, 15, 16, 6, 9, 20, 15, 15, 4, 16, 6, 9, 12, 20, 12, 20, 15, 6, 2, 12, 20, 15, 18, 12, 18, 4, 18, 18, 18, 7, 12, 5, 6, 13, 18, 9, 6, 5, 4, 15, 6, 18, 5, 12, 12, 18, 17, 4, 20, 20, 12, 4, 18, 12, 18]
bestever    1879    in generation 1468
[19, 16, 14, 11, 2, 10, 16, 19, 11, 2, 19, 17, 1, 16, 7, 10, 19, 11, 3, 11, 9, 14, 14, 14, 17, 10, 10, 13, 1, 19, 14, 17, 10, 8, 10, 15, 11, 3, 5, 10, 2, 1, 2, 7, 11, 3, 9, 8, 14, 1, 4, 9, 7, 1, 19, 17, 16, 8, 3, 14, 10, 16, 11, 13, 17, 4, 3, 10, 8, 8, 19, 9, 17, 11, 13, 1, 17, 19, 14, 2, 19, 7, 15, 11, 9, 4, 16, 6, 1, 8, 17, 13, 3, 14, 11, 15, 13, 12, 19, 2, 7, 6, 4, 9, 3, 10, 6, 13, 17, 4, 1, 1, 3, 8, 5, 5, 5, 2, 20, 7, 8, 15, 16, 13, 3, 5, 2, 6, 7, 20, 8, 13, 5, 1, 9, 5, 14, 8, 3, 7, 2, 20, 7, 16, 13, 20, 15, 16, 6, 9, 20, 15, 15, 4, 16, 6, 9, 12, 20, 12, 20, 15, 6, 2, 12, 20, 15, 18, 12, 18, 4, 18, 18, 18, 7, 12, 5, 6, 13, 18, 9, 6, 5, 4, 15, 6, 18, 5, 12, 12, 18, 17, 4, 20, 20, 12, 4, 18, 12, 18]
bestever    1873    in generation 1520
[19, 16, 14, 11, 2, 10, 16, 19, 11, 2, 19, 17, 1, 16, 7, 10, 19, 11, 3, 11, 9, 14, 14, 14, 17, 10, 10, 13, 1, 19, 14, 17, 10, 8, 10, 15, 19, 3, 5, 10, 2, 1, 2, 7, 11, 3, 9, 8, 14, 1, 4, 9, 7, 1, 11, 17, 16, 8, 3, 14, 10, 16, 11, 13, 17, 4, 3, 10, 8, 8, 19, 9, 17, 11, 13, 1, 17, 19, 14, 2, 19, 7, 15, 11, 9, 4, 16, 6, 1, 8, 17, 13, 3, 14, 11, 15, 13, 12, 19, 2, 7, 6, 4, 9, 3, 10, 6, 13, 17, 4, 1, 1, 3, 8, 5, 5, 5, 2, 20, 7, 8, 15, 16, 13, 3, 5, 2, 6, 7, 20, 8, 13, 5, 1, 9, 5, 14, 8, 3, 7, 2, 20, 7, 16, 13, 20, 15, 16, 6, 9, 20, 15, 15, 4, 16, 6, 9, 12, 20, 12, 20, 15, 6, 2, 12, 20, 15, 18, 12, 18, 4, 18, 18, 18, 7, 12, 5, 6, 13, 18, 9, 6, 5, 4, 15, 6, 18, 5, 12, 12, 18, 17, 4, 20, 20, 12, 4, 18, 12, 18]
bestever    1860    in generation 1578
[19, 16, 14, 11, 2, 10, 19, 19, 11, 2, 19, 17, 1, 16, 7, 10, 19, 11, 3, 11, 9, 14, 14, 14, 17, 10, 10, 13, 1, 19, 14, 17, 10, 8, 10, 15, 11, 3, 5, 10, 2, 1, 2, 7, 11, 3, 9, 8, 14, 1, 4, 9, 7, 1, 19, 17, 16, 8, 3, 14, 10, 16, 11, 13, 17, 4, 3, 10, 8, 8, 19, 9, 17, 11, 13, 1, 17, 19, 14, 2, 19, 7, 15, 11, 9, 4, 16, 6, 1, 8, 17, 13, 3, 14, 11, 15, 13, 12, 16, 2, 7, 6, 4, 9, 3, 10, 6, 13, 17, 4, 1, 1, 3, 8, 5, 5, 5, 2, 20, 7, 8, 15, 16, 13, 3, 5, 2, 6, 7, 20, 8, 13, 5, 1, 9, 5, 14, 8, 3, 7, 2, 20, 7, 16, 13, 20, 15, 16, 6, 9, 20, 15, 15, 4, 16, 6, 9, 12, 20, 12, 20, 15, 6, 2, 12, 20, 15, 18, 12, 18, 4, 18, 18, 18, 7, 12, 5, 6, 13, 18, 9, 6, 5, 4, 15, 6, 18, 5, 12, 18, 17, 4, 12, 20, 20, 12, 4, 18, 12, 18]
bestever    1858    in generation 1616
[19, 16, 14, 11, 2, 10, 19, 19, 11, 2, 19, 17, 1, 16, 7, 10, 19, 11, 3, 11, 9, 14, 14, 14, 17, 10, 10, 13, 1, 19, 14, 17, 10, 8, 10, 15, 11, 3, 5, 10, 2, 1, 2, 7, 11, 3, 9, 8, 14, 1, 4, 9, 7, 1, 19, 17, 16, 8, 3, 14, 10, 16, 11, 13, 17, 4, 3, 10, 8, 4, 19, 9, 17, 11, 13, 1, 17, 19, 14, 2, 19, 7, 15, 11, 9, 4, 16, 6, 1, 8, 17, 13, 3, 14, 11, 15, 13, 12, 16, 2, 7, 6, 8, 9, 3, 10, 6, 13, 17, 4, 1, 1, 3, 8, 5, 5, 5, 2, 20, 7, 8, 15, 16, 13, 3, 5, 2, 6, 7, 20, 8, 13, 5, 1, 9, 5, 14, 8, 3, 7, 2, 20, 7, 16, 13, 20, 15, 16, 6, 9, 20, 15, 15, 4, 16, 6, 9, 12, 20, 12, 20, 15, 6, 2, 12, 20, 15, 18, 12, 18, 4, 18, 18, 18, 7, 12, 5, 6, 13, 18, 9, 6, 5, 4, 15, 6, 18, 5, 12, 18, 17, 4, 12, 20, 20, 12, 4, 18, 12, 18]
bestever    1849    in generation 1649
[19, 16, 14, 11, 2, 10, 19, 19, 11, 2, 19, 17, 1, 16, 7, 10, 19, 11, 3, 11, 9, 14, 14, 14, 17, 10, 10, 13, 1, 19, 14, 17, 10, 8, 10, 15, 11, 3, 5, 10, 2, 1, 2, 7, 11, 3, 9, 8, 14, 1, 4, 9, 7, 1, 19, 17, 16, 8, 3, 14, 10, 16, 11, 13, 17, 4, 3, 10, 8, 4, 19, 9, 17, 11, 13, 1, 17, 19, 14, 2, 19, 7, 15, 11, 9, 4, 16, 6, 1, 8, 17, 13, 3, 14, 11, 15, 13, 12, 16, 2, 7, 6, 8, 9, 3, 10, 6, 13, 17, 4, 1, 1, 3, 8, 5, 5, 5, 2, 20, 7, 8, 15, 16, 13, 3, 5, 2, 6, 7, 20, 8, 13, 5, 1, 9, 5, 14, 8, 3, 7, 2, 20, 7, 16, 13, 20, 15, 16, 6, 9, 20, 15, 15, 4, 16, 6, 9, 12, 20, 12, 20, 15, 6, 2, 12, 20, 15, 18, 12, 18, 4, 18, 18, 18, 7, 12, 5, 6, 13, 18, 9, 6, 5, 4, 15, 6, 18, 5, 12, 18, 17, 20, 20, 12, 4, 12, 4, 18, 12, 18]
bestever    1835    in generation 1672
[19, 16, 14, 11, 2, 10, 19, 19, 11, 2, 19, 17, 1, 16, 7, 10, 19, 11, 3, 11, 9, 14, 14, 14, 17, 10, 10, 13, 1, 19, 14, 17, 10, 8, 10, 15, 11, 3, 5, 10, 2, 1, 2, 7, 11, 3, 9, 8, 14, 1, 4, 9, 7, 1, 19, 17, 16, 8, 3, 14, 10, 16, 11, 13, 17, 4, 3, 10, 8, 4, 19, 9, 17, 11, 13, 1, 17, 19, 14, 2, 19, 7, 15, 11, 9, 4, 16, 6, 1, 8, 17, 13, 3, 14, 11, 15, 13, 12, 16, 2, 7, 6, 8, 9, 3, 10, 6, 13, 17, 4, 1, 1, 3, 8, 5, 5, 5, 2, 20, 7, 8, 15, 16, 13, 3, 5, 2, 6, 7, 20, 8, 13, 5, 1, 9, 5, 14, 8, 3, 7, 2, 20, 7, 16, 13, 20, 15, 16, 6, 9, 20, 15, 15, 16, 6, 9, 12, 20, 12, 20, 15, 6, 2, 12, 20, 15, 18, 18, 4, 18, 18, 7, 5, 6, 13, 9, 6, 5, 4, 18, 12, 18, 12, 4, 15, 6, 18, 5, 12, 18, 17, 20, 20, 12, 4, 12, 4, 18, 12, 18]
bestever    1825    in generation 1720
[19, 16, 14, 11, 2, 10, 19, 19, 11, 2, 19, 17, 1, 16, 7, 10, 19, 11, 3, 11, 9, 14, 14, 14, 17, 10, 10, 13, 1, 19, 14, 17, 10, 8, 10, 15, 11, 3, 5, 10, 2, 1, 2, 7, 11, 3, 9, 8, 14, 1, 4, 9, 7, 1, 19, 17, 16, 8, 3, 14, 10, 16, 11, 13, 17, 4, 3, 10, 8, 4, 19, 9, 17, 11, 13, 1, 17, 19, 14, 2, 19, 7, 15, 11, 9, 4, 16, 6, 1, 8, 17, 13, 3, 14, 11, 15, 13, 12, 16, 2, 7, 6, 8, 9, 3, 10, 6, 13, 17, 4, 1, 1, 3, 8, 5, 5, 5, 2, 20, 7, 8, 15, 16, 13, 3, 5, 2, 6, 7, 20, 8, 13, 5, 1, 9, 5, 14, 8, 3, 7, 2, 20, 15, 16, 13, 20, 15, 16, 6, 9, 20, 7, 15, 16, 6, 9, 12, 20, 12, 20, 15, 6, 2, 12, 20, 15, 18, 18, 4, 18, 18, 7, 5, 6, 13, 9, 6, 5, 4, 18, 12, 18, 12, 4, 15, 6, 18, 5, 12, 18, 17, 20, 20, 12, 4, 12, 4, 18, 12, 18]
bestever    1816    in generation 2078
[19, 16, 14, 11, 2, 10, 19, 19, 11, 2, 19, 17, 1, 16, 7, 10, 19, 11, 3, 11, 9, 14, 14, 14, 17, 10, 10, 13, 1, 19, 14, 17, 10, 8, 10, 15, 11, 7, 3, 5, 10, 2, 1, 2, 7, 11, 3, 9, 8, 14, 1, 4, 9, 1, 19, 17, 16, 8, 3, 14, 10, 16, 11, 13, 17, 4, 3, 10, 8, 4, 19, 9, 17, 11, 13, 1, 17, 19, 14, 2, 19, 7, 15, 11, 9, 4, 16, 6, 1, 8, 17, 13, 14, 3, 11, 15, 13, 12, 16, 2, 7, 6, 8, 9, 3, 10, 6, 13, 17, 4, 1, 1, 3, 8, 5, 5, 5, 2, 20, 7, 8, 15, 16, 13, 3, 5, 2, 6, 7, 20, 8, 13, 5, 1, 9, 5, 14, 8, 3, 7, 2, 20, 15, 16, 13, 20, 15, 16, 6, 9, 20, 7, 15, 16, 6, 9, 12, 20, 12, 20, 15, 6, 2, 12, 20, 15, 18, 18, 4, 18, 18, 7, 5, 6, 13, 9, 6, 5, 4, 18, 12, 18, 12, 4, 15, 6, 18, 5, 12, 18, 17, 20, 20, 12, 4, 12, 4, 18, 12, 18]
bestever    1815    in generation 2209
[19, 16, 14, 11, 2, 10, 19, 19, 11, 13, 2, 19, 17, 1, 16, 7, 10, 19, 11, 3, 11, 9, 14, 14, 14, 17, 10, 10, 13, 1, 19, 14, 17, 10, 8, 10, 15, 11, 7, 3, 5, 10, 2, 1, 2, 7, 11, 3, 9, 8, 14, 1, 4, 9, 1, 19, 17, 16, 8, 3, 14, 17, 16, 11, 13, 17, 4, 3, 10, 8, 4, 19, 9, 10, 11, 13, 1, 17, 19, 14, 2, 19, 7, 15, 11, 9, 4, 16, 6, 1, 8, 17, 14, 3, 11, 15, 13, 12, 16, 2, 7, 6, 8, 9, 3, 10, 6, 13, 17, 4, 1, 1, 3, 8, 5, 5, 5, 2, 20, 7, 8, 15, 16, 13, 3, 5, 2, 6, 7, 20, 8, 13, 5, 1, 9, 5, 14, 8, 3, 7, 2, 20, 15, 16, 13, 20, 15, 16, 6, 9, 20, 7, 15, 16, 6, 9, 12, 20, 12, 20, 15, 6, 2, 12, 20, 15, 18, 18, 4, 18, 18, 7, 5, 6, 13, 9, 6, 5, 4, 18, 12, 18, 12, 4, 15, 6, 18, 5, 12, 18, 17, 20, 20, 12, 4, 12, 4, 18, 12, 18]
bestever    1803    in generation 2393
[19, 16, 14, 11, 2, 10, 19, 19, 11, 13, 2, 19, 17, 1, 16, 7, 10, 19, 11, 3, 11, 9, 14, 14, 14, 17, 10, 10, 13, 1, 19, 14, 17, 10, 8, 11, 10, 15, 7, 3, 5, 10, 2, 1, 2, 7, 11, 3, 9, 8, 14, 1, 4, 9, 1, 19, 17, 16, 8, 3, 14, 17, 16, 11, 13, 17, 4, 3, 10, 8, 4, 19, 9, 10, 11, 13, 1, 17, 19, 14, 2, 19, 7, 15, 11, 9, 4, 16, 6, 1, 8, 17, 14, 3, 11, 15, 13, 12, 16, 2, 7, 6, 8, 9, 3, 10, 6, 13, 2, 4, 1, 1, 3, 8, 5, 5, 5, 2, 20, 7, 8, 15, 16, 13, 3, 5, 2, 6, 7, 20, 8, 13, 5, 1, 9, 5, 14, 8, 3, 7, 2, 20, 15, 16, 13, 20, 15, 16, 6, 9, 20, 7, 15, 16, 6, 9, 12, 20, 12, 20, 15, 6, 17, 20, 15, 18, 18, 4, 7, 5, 6, 13, 9, 6, 5, 18, 18, 4, 12, 18, 12, 18, 12, 4, 15, 6, 18, 5, 12, 18, 17, 20, 20, 12, 4, 12, 4, 18, 12, 18]
bestever    1793    in generation 2512
[19, 19, 14, 11, 2, 10, 19, 19, 11, 13, 2, 19, 17, 1, 16, 7, 10, 19, 11, 3, 11, 9, 14, 14, 14, 17, 10, 10, 13, 1, 16, 14, 17, 10, 8, 11, 10, 15, 7, 3, 5, 10, 2, 1, 2, 7, 11, 3, 9, 8, 14, 1, 4, 9, 1, 19, 17, 16, 8, 3, 14, 17, 16, 11, 13, 17, 4, 3, 10, 8, 4, 19, 9, 10, 11, 13, 1, 17, 19, 2, 19, 7, 15, 11, 9, 14, 4, 16, 6, 1, 8, 17, 14, 3, 11, 15, 13, 12, 16, 2, 7, 6, 8, 9, 3, 10, 6, 13, 2, 4, 1, 1, 3, 8, 5, 5, 5, 2, 20, 7, 8, 15, 16, 13, 3, 5, 2, 6, 7, 20, 8, 13, 5, 1, 9, 5, 14, 8, 3, 7, 2, 20, 15, 16, 13, 20, 15, 16, 6, 9, 20, 7, 15, 16, 6, 9, 12, 20, 12, 20, 15, 6, 17, 20, 15, 18, 18, 4, 7, 5, 6, 13, 9, 6, 5, 18, 18, 4, 12, 18, 12, 18, 12, 4, 15, 6, 18, 5, 12, 18, 17, 20, 20, 12, 4, 12, 4, 18, 12, 18]
bestever    1788    in generation 2622
[19, 19, 14, 11, 2, 10, 19, 19, 11, 13, 2, 19, 17, 1, 16, 7, 10, 19, 11, 3, 11, 9, 14, 14, 14, 17, 10, 10, 13, 1, 16, 14, 17, 10, 8, 11, 10, 15, 7, 3, 5, 10, 2, 1, 2, 7, 11, 3, 9, 8, 14, 1, 4, 9, 1, 19, 17, 16, 8, 3, 14, 17, 16, 11, 13, 17, 4, 3, 10, 8, 4, 19, 9, 10, 11, 15, 1, 17, 19, 2, 19, 7, 13, 11, 9, 14, 4, 16, 6, 1, 8, 17, 14, 3, 11, 15, 13, 12, 16, 2, 7, 6, 8, 9, 3, 10, 6, 13, 2, 4, 1, 1, 3, 8, 5, 5, 5, 2, 20, 7, 8, 15, 16, 13, 3, 5, 2, 6, 7, 20, 8, 13, 5, 1, 9, 5, 14, 8, 3, 7, 2, 20, 15, 16, 13, 20, 15, 16, 6, 9, 20, 7, 15, 16, 6, 9, 12, 20, 12, 20, 15, 6, 17, 20, 15, 18, 18, 4, 7, 5, 6, 13, 9, 6, 5, 18, 18, 4, 12, 18, 12, 18, 12, 4, 15, 6, 18, 5, 12, 18, 17, 20, 20, 12, 4, 12, 4, 18, 12, 18]
bestever    1783    in generation 2658
[19, 19, 14, 11, 2, 10, 19, 19, 11, 13, 2, 19, 17, 1, 16, 7, 10, 19, 11, 3, 11, 9, 14, 14, 14, 17, 10, 10, 13, 1, 16, 14, 17, 10, 8, 11, 10, 15, 7, 3, 5, 10, 2, 1, 2, 7, 11, 3, 9, 8, 14, 1, 4, 9, 1, 19, 17, 16, 8, 3, 14, 17, 16, 11, 13, 17, 4, 3, 10, 8, 4, 19, 9, 10, 11, 15, 1, 17, 19, 2, 19, 7, 13, 11, 9, 14, 4, 16, 6, 1, 8, 17, 14, 3, 11, 15, 13, 12, 16, 2, 7, 6, 8, 9, 3, 10, 6, 13, 2, 4, 1, 1, 3, 8, 5, 5, 5, 2, 20, 7, 8, 15, 16, 13, 3, 5, 2, 6, 7, 20, 8, 13, 5, 17, 9, 5, 14, 8, 3, 7, 2, 20, 15, 16, 13, 20, 15, 16, 6, 9, 20, 7, 15, 16, 6, 9, 12, 20, 12, 20, 15, 6, 1, 20, 15, 18, 18, 4, 7, 5, 6, 13, 9, 6, 5, 18, 18, 4, 12, 18, 12, 18, 12, 4, 15, 6, 18, 5, 12, 18, 17, 20, 20, 12, 4, 12, 4, 18, 12, 18]
bestever    1765    in generation 2712
[19, 19, 14, 11, 2, 10, 19, 19, 11, 13, 2, 19, 17, 1, 16, 7, 10, 19, 11, 3, 11, 9, 14, 14, 14, 17, 10, 10, 13, 1, 16, 14, 17, 10, 8, 11, 10, 15, 7, 3, 5, 10, 2, 1, 2, 7, 11, 3, 9, 8, 14, 1, 4, 9, 1, 19, 17, 16, 8, 3, 14, 9, 16, 11, 13, 17, 4, 3, 10, 8, 4, 19, 17, 10, 11, 15, 1, 17, 19, 2, 19, 7, 13, 11, 9, 14, 4, 16, 6, 1, 8, 17, 14, 3, 11, 15, 13, 12, 16, 2, 7, 6, 8, 9, 3, 10, 6, 13, 2, 4, 1, 1, 3, 8, 5, 5, 5, 2, 20, 7, 8, 15, 16, 13, 3, 5, 2, 6, 7, 20, 8, 13, 5, 17, 9, 5, 14, 8, 3, 7, 2, 20, 15, 16, 13, 20, 15, 16, 6, 9, 20, 7, 15, 16, 6, 9, 12, 20, 12, 20, 15, 6, 1, 20, 15, 18, 18, 4, 7, 5, 6, 13, 9, 6, 5, 18, 18, 4, 12, 18, 12, 18, 12, 4, 15, 6, 18, 5, 12, 18, 17, 20, 20, 12, 4, 12, 4, 18, 12, 18]
bestever    1764    in generation 2750
[19, 19, 14, 11, 2, 10, 19, 19, 11, 13, 2, 19, 17, 1, 16, 7, 10, 19, 11, 3, 11, 9, 14, 14, 14, 17, 10, 10, 13, 1, 16, 14, 17, 10, 8, 11, 10, 15, 7, 3, 5, 10, 2, 1, 2, 7, 11, 3, 9, 8, 14, 1, 4, 9, 1, 19, 17, 16, 8, 3, 14, 9, 16, 11, 13, 17, 15, 3, 10, 8, 4, 19, 17, 10, 11, 15, 1, 17, 19, 2, 19, 7, 13, 11, 9, 14, 4, 16, 6, 1, 8, 17, 14, 3, 11, 15, 13, 12, 16, 2, 7, 6, 8, 9, 3, 10, 6, 13, 2, 4, 1, 1, 3, 8, 5, 5, 5, 2, 20, 7, 8, 4, 16, 13, 3, 5, 2, 6, 7, 20, 8, 13, 5, 17, 9, 5, 14, 8, 3, 7, 2, 20, 15, 16, 13, 20, 15, 16, 6, 9, 20, 7, 15, 16, 6, 9, 12, 20, 12, 20, 15, 6, 1, 20, 15, 18, 18, 4, 7, 5, 6, 13, 9, 6, 5, 18, 18, 4, 12, 18, 12, 18, 12, 4, 15, 6, 18, 5, 12, 18, 17, 20, 20, 12, 4, 12, 4, 18, 12, 18]
bestever    1760    in generation 3029
[19, 19, 14, 11, 2, 10, 19, 19, 11, 13, 2, 19, 17, 1, 16, 7, 10, 19, 11, 3, 11, 9, 14, 14, 13, 17, 10, 10, 1, 16, 14, 17, 10, 8, 11, 10, 15, 7, 3, 5, 10, 2, 1, 14, 2, 7, 11, 3, 9, 8, 14, 1, 4, 9, 1, 19, 17, 16, 8, 3, 14, 9, 16, 11, 13, 17, 15, 3, 10, 8, 4, 19, 17, 10, 11, 15, 1, 17, 19, 2, 19, 7, 13, 11, 9, 14, 4, 16, 6, 1, 8, 17, 14, 3, 11, 15, 13, 12, 16, 2, 7, 6, 8, 9, 3, 10, 6, 13, 2, 4, 1, 1, 3, 8, 5, 5, 5, 2, 20, 7, 8, 4, 16, 13, 3, 5, 2, 6, 7, 20, 8, 13, 5, 17, 9, 5, 14, 8, 3, 7, 2, 20, 15, 16, 13, 20, 15, 16, 6, 9, 20, 7, 15, 16, 6, 9, 12, 20, 12, 20, 15, 6, 1, 20, 15, 18, 18, 4, 7, 5, 6, 13, 9, 6, 5, 18, 18, 4, 12, 18, 12, 18, 12, 4, 15, 6, 18, 5, 12, 18, 17, 20, 20, 12, 4, 12, 4, 18, 12, 18]
bestever    1756    in generation 3517
[19, 19, 14, 11, 2, 10, 19, 19, 11, 13, 2, 19, 17, 1, 16, 7, 10, 19, 11, 3, 11, 9, 14, 14, 13, 17, 10, 10, 1, 16, 14, 17, 10, 8, 11, 10, 15, 7, 3, 5, 10, 2, 1, 14, 2, 4, 9, 1, 19, 17, 16, 8, 3, 7, 11, 3, 9, 8, 14, 1, 14, 9, 16, 11, 13, 17, 15, 3, 10, 8, 4, 19, 17, 10, 11, 15, 1, 17, 19, 2, 19, 7, 13, 11, 9, 14, 4, 16, 6, 1, 6, 8, 17, 14, 3, 11, 15, 13, 12, 16, 2, 7, 6, 8, 9, 3, 10, 13, 2, 4, 1, 1, 3, 8, 5, 5, 5, 2, 20, 7, 8, 4, 16, 13, 3, 5, 2, 6, 7, 20, 8, 13, 5, 17, 9, 5, 14, 8, 3, 7, 2, 20, 15, 16, 13, 20, 15, 16, 6, 9, 20, 7, 15, 16, 6, 9, 12, 20, 12, 20, 15, 6, 1, 20, 15, 18, 18, 4, 7, 5, 6, 13, 9, 6, 5, 18, 18, 4, 12, 18, 12, 18, 12, 4, 15, 6, 18, 5, 12, 18, 17, 20, 20, 12, 4, 12, 4, 18, 12, 18]
bestever    1755    in generation 3522
[19, 19, 14, 11, 2, 10, 19, 19, 11, 13, 2, 19, 17, 1, 16, 7, 10, 19, 11, 3, 11, 9, 14, 14, 13, 17, 10, 10, 1, 16, 10, 17, 10, 8, 11, 10, 15, 7, 3, 5, 10, 2, 1, 14, 2, 4, 9, 1, 19, 17, 16, 8, 3, 7, 11, 3, 9, 8, 14, 1, 14, 9, 16, 11, 13, 17, 15, 3, 10, 8, 4, 19, 17, 14, 11, 15, 1, 17, 19, 2, 19, 7, 13, 11, 9, 14, 4, 16, 6, 1, 6, 8, 17, 14, 3, 11, 15, 13, 12, 16, 2, 7, 6, 8, 9, 3, 10, 13, 2, 4, 1, 1, 3, 8, 5, 5, 5, 2, 20, 7, 8, 4, 16, 13, 3, 5, 2, 6, 7, 20, 8, 13, 5, 17, 9, 5, 14, 8, 3, 7, 2, 20, 15, 16, 13, 20, 15, 16, 6, 9, 20, 7, 15, 16, 6, 9, 12, 20, 12, 20, 15, 6, 1, 20, 15, 18, 18, 4, 7, 5, 6, 13, 9, 6, 5, 18, 18, 4, 12, 18, 12, 18, 12, 4, 15, 6, 18, 5, 12, 18, 17, 20, 20, 12, 4, 12, 4, 18, 12, 18]
bestever    1754    in generation 3673
[19, 19, 14, 11, 2, 10, 19, 19, 11, 13, 2, 19, 17, 1, 16, 14, 10, 19, 11, 3, 11, 9, 14, 14, 13, 17, 10, 10, 1, 16, 10, 17, 10, 8, 11, 10, 15, 7, 3, 5, 10, 2, 1, 14, 2, 4, 9, 1, 19, 17, 16, 8, 3, 7, 11, 3, 9, 8, 7, 1, 14, 9, 16, 11, 13, 17, 15, 3, 10, 8, 4, 19, 17, 14, 11, 15, 1, 17, 19, 2, 19, 7, 13, 11, 9, 14, 4, 16, 6, 1, 6, 8, 17, 14, 3, 11, 15, 13, 12, 16, 2, 7, 6, 8, 9, 3, 10, 13, 2, 4, 1, 1, 3, 8, 5, 5, 5, 2, 20, 7, 8, 4, 16, 13, 3, 5, 2, 6, 7, 20, 8, 13, 5, 17, 9, 5, 14, 8, 3, 7, 2, 20, 15, 16, 13, 20, 15, 16, 6, 9, 20, 7, 15, 16, 6, 9, 12, 20, 12, 20, 15, 6, 1, 20, 15, 18, 18, 4, 7, 5, 6, 13, 9, 6, 5, 18, 18, 4, 12, 18, 12, 18, 12, 4, 15, 6, 18, 5, 12, 18, 17, 20, 20, 12, 4, 12, 4, 18, 12, 18]
bestever    1745    in generation 3830
[19, 19, 14, 11, 2, 10, 19, 19, 11, 13, 2, 19, 17, 1, 16, 14, 10, 19, 11, 3, 11, 9, 14, 14, 13, 17, 10, 10, 1, 16, 10, 17, 10, 8, 11, 10, 15, 7, 3, 5, 10, 2, 1, 14, 2, 4, 9, 1, 19, 17, 16, 8, 3, 7, 11, 3, 9, 8, 7, 1, 14, 9, 16, 11, 13, 17, 15, 3, 10, 8, 4, 19, 17, 14, 11, 15, 1, 17, 19, 2, 19, 7, 13, 11, 9, 14, 4, 16, 6, 1, 6, 8, 17, 14, 3, 11, 15, 13, 12, 16, 2, 7, 6, 8, 9, 3, 10, 13, 2, 4, 1, 1, 3, 8, 5, 5, 5, 2, 20, 7, 8, 4, 16, 13, 3, 5, 2, 6, 7, 20, 8, 13, 5, 17, 9, 5, 14, 8, 3, 7, 2, 20, 15, 16, 13, 20, 15, 16, 6, 9, 20, 7, 15, 16, 6, 9, 12, 20, 12, 20, 15, 6, 1, 20, 15, 18, 18, 4, 7, 5, 6, 13, 9, 6, 5, 18, 18, 4, 12, 12, 4, 15, 17, 6, 18, 5, 12, 18, 20, 20, 12, 4, 12, 4, 18, 12, 18, 18, 12, 18]
bestever    1744    in generation 3888
[19, 19, 14, 11, 2, 10, 19, 19, 11, 13, 2, 19, 17, 1, 16, 14, 10, 19, 11, 3, 11, 9, 14, 14, 13, 17, 10, 10, 1, 16, 10, 17, 10, 8, 11, 10, 15, 7, 3, 5, 10, 2, 1, 14, 2, 4, 9, 11, 19, 17, 16, 8, 3, 7, 1, 3, 9, 8, 7, 1, 14, 9, 16, 11, 13, 17, 15, 3, 10, 8, 4, 19, 17, 14, 11, 15, 1, 17, 19, 2, 19, 7, 13, 11, 9, 14, 4, 16, 6, 1, 6, 8, 17, 14, 3, 11, 15, 13, 12, 16, 2, 7, 6, 8, 9, 3, 10, 13, 2, 4, 1, 1, 3, 8, 5, 5, 5, 2, 20, 7, 8, 4, 16, 13, 3, 5, 2, 6, 7, 20, 8, 13, 5, 17, 9, 5, 14, 8, 3, 7, 2, 20, 15, 16, 13, 20, 15, 16, 6, 9, 20, 7, 15, 16, 6, 9, 12, 20, 12, 20, 15, 6, 1, 20, 15, 18, 18, 4, 7, 5, 6, 13, 9, 6, 5, 18, 18, 4, 12, 12, 4, 15, 17, 6, 18, 5, 12, 18, 20, 20, 12, 4, 12, 4, 18, 12, 18, 18, 12, 18]
bestever    1743    in generation 3898
[19, 19, 14, 11, 2, 10, 19, 19, 11, 13, 2, 19, 17, 1, 16, 14, 10, 19, 11, 3, 11, 9, 14, 14, 13, 17, 10, 10, 1, 16, 10, 17, 10, 8, 11, 10, 15, 7, 3, 5, 10, 2, 1, 14, 2, 4, 9, 11, 19, 17, 16, 8, 3, 7, 1, 3, 9, 8, 7, 1, 14, 9, 16, 11, 13, 17, 15, 3, 10, 8, 4, 19, 17, 14, 11, 15, 1, 17, 19, 2, 19, 7, 13, 11, 9, 14, 4, 16, 6, 1, 6, 8, 17, 14, 3, 11, 15, 13, 12, 16, 2, 7, 6, 8, 9, 3, 10, 13, 2, 4, 1, 1, 3, 8, 5, 5, 5, 2, 20, 7, 8, 4, 16, 13, 3, 5, 2, 6, 7, 20, 8, 13, 5, 17, 9, 5, 14, 8, 3, 7, 1, 20, 15, 16, 13, 20, 15, 16, 6, 9, 20, 7, 15, 16, 6, 9, 12, 20, 12, 20, 15, 6, 2, 20, 15, 18, 18, 4, 7, 5, 6, 13, 9, 6, 5, 18, 18, 4, 12, 12, 4, 15, 17, 6, 18, 5, 12, 18, 20, 20, 12, 4, 12, 4, 18, 12, 18, 18, 12, 18]
bestever    1742    in generation 4106
[19, 19, 14, 11, 2, 10, 19, 19, 11, 13, 2, 19, 17, 1, 16, 14, 10, 19, 11, 3, 11, 9, 14, 14, 13, 17, 10, 10, 1, 16, 10, 17, 10, 8, 11, 10, 15, 7, 3, 5, 10, 2, 1, 14, 2, 4, 9, 11, 19, 17, 16, 8, 3, 7, 1, 3, 9, 8, 7, 1, 14, 9, 16, 11, 13, 17, 15, 3, 10, 8, 4, 19, 17, 14, 11, 15, 1, 17, 19, 2, 19, 7, 13, 11, 9, 14, 4, 16, 6, 1, 6, 8, 17, 14, 3, 11, 15, 13, 12, 16, 2, 7, 6, 8, 9, 3, 10, 13, 2, 4, 1, 1, 3, 8, 5, 5, 5, 2, 20, 7, 8, 4, 16, 13, 3, 5, 2, 6, 7, 20, 8, 13, 5, 17, 9, 5, 14, 8, 3, 7, 1, 20, 15, 16, 13, 20, 15, 16, 6, 9, 20, 7, 15, 16, 6, 9, 12, 20, 12, 13, 15, 6, 2, 20, 15, 18, 18, 4, 7, 5, 6, 20, 9, 6, 5, 18, 18, 4, 12, 12, 4, 15, 17, 6, 18, 5, 12, 18, 20, 20, 12, 4, 12, 4, 18, 12, 18, 18, 12, 18]
bestever    1738    in generation 4161
[19, 19, 14, 11, 2, 10, 19, 19, 11, 13, 2, 19, 17, 1, 16, 14, 10, 19, 11, 3, 11, 9, 14, 14, 13, 17, 10, 10, 1, 16, 10, 17, 10, 8, 11, 10, 15, 7, 3, 5, 10, 2, 1, 14, 2, 4, 9, 11, 19, 17, 16, 8, 3, 7, 1, 3, 9, 8, 7, 1, 14, 9, 16, 11, 13, 17, 15, 3, 10, 8, 4, 19, 17, 14, 11, 15, 1, 17, 19, 2, 19, 7, 13, 11, 9, 14, 4, 16, 6, 1, 6, 8, 17, 14, 3, 11, 15, 13, 12, 16, 2, 7, 6, 8, 9, 3, 10, 13, 2, 4, 1, 1, 3, 8, 5, 5, 5, 2, 20, 7, 8, 4, 16, 13, 3, 5, 2, 6, 7, 16, 8, 13, 5, 17, 9, 5, 14, 8, 3, 7, 1, 20, 15, 16, 13, 20, 15, 16, 6, 9, 20, 7, 15, 20, 6, 9, 12, 20, 12, 13, 15, 6, 2, 20, 15, 18, 18, 4, 7, 5, 6, 20, 9, 6, 5, 18, 18, 4, 12, 12, 4, 15, 17, 6, 18, 5, 12, 18, 20, 20, 12, 4, 12, 4, 18, 12, 18, 18, 12, 18]
bestever    1736    in generation 4186
[19, 19, 14, 11, 2, 10, 19, 19, 11, 13, 2, 19, 17, 1, 16, 14, 10, 19, 11, 3, 11, 9, 14, 14, 13, 17, 10, 10, 1, 16, 10, 17, 10, 8, 11, 10, 15, 7, 3, 5, 10, 2, 1, 14, 2, 4, 9, 11, 19, 17, 16, 8, 3, 7, 1, 3, 9, 8, 7, 1, 14, 9, 16, 11, 13, 17, 15, 3, 10, 8, 4, 19, 17, 14, 11, 15, 1, 17, 19, 2, 19, 7, 13, 11, 9, 14, 4, 16, 6, 1, 6, 8, 17, 14, 3, 11, 15, 13, 12, 16, 2, 7, 6, 8, 9, 3, 10, 13, 2, 4, 1, 1, 3, 8, 5, 5, 5, 2, 20, 7, 8, 4, 16, 13, 3, 5, 2, 6, 7, 16, 8, 13, 5, 17, 9, 5, 14, 8, 3, 7, 1, 20, 15, 16, 13, 20, 15, 16, 6, 9, 20, 7, 15, 20, 6, 9, 12, 20, 13, 15, 6, 2, 20, 15, 4, 7, 5, 6, 20, 9, 6, 5, 18, 18, 18, 12, 18, 4, 12, 12, 4, 15, 17, 6, 18, 5, 12, 18, 20, 20, 12, 4, 12, 4, 18, 12, 18, 18, 12, 18]
bestever    1735    in generation 4218
[19, 19, 14, 14, 2, 10, 19, 19, 11, 13, 2, 19, 17, 1, 16, 14, 10, 19, 11, 3, 11, 9, 14, 14, 13, 17, 10, 10, 1, 16, 10, 17, 10, 8, 11, 10, 15, 7, 3, 5, 10, 2, 1, 14, 2, 4, 9, 11, 19, 17, 16, 8, 3, 7, 1, 3, 9, 8, 7, 1, 14, 9, 16, 11, 13, 17, 15, 3, 10, 8, 4, 19, 17, 14, 11, 15, 1, 17, 19, 2, 19, 7, 13, 11, 9, 14, 4, 16, 6, 1, 6, 8, 17, 14, 3, 11, 15, 13, 12, 16, 2, 7, 6, 8, 9, 3, 10, 13, 2, 4, 1, 1, 3, 8, 5, 5, 5, 2, 20, 7, 8, 4, 16, 13, 3, 5, 2, 6, 7, 16, 8, 13, 5, 17, 9, 5, 11, 8, 3, 7, 1, 20, 15, 16, 13, 20, 15, 16, 6, 9, 20, 7, 15, 20, 6, 9, 12, 20, 13, 15, 6, 2, 20, 15, 4, 7, 5, 6, 20, 9, 6, 5, 18, 18, 18, 12, 18, 4, 12, 12, 4, 15, 17, 6, 18, 5, 12, 18, 20, 20, 12, 4, 12, 4, 18, 12, 18, 18, 12, 18]
bestever    1733    in generation 4394
[19, 19, 14, 14, 2, 10, 19, 19, 11, 13, 2, 19, 17, 1, 16, 14, 10, 19, 11, 3, 11, 9, 14, 14, 13, 17, 10, 10, 1, 16, 10, 17, 10, 8, 11, 10, 15, 7, 3, 5, 10, 2, 1, 14, 2, 4, 9, 11, 19, 17, 16, 8, 3, 7, 1, 3, 9, 8, 7, 1, 14, 9, 16, 11, 13, 17, 15, 3, 10, 8, 4, 5, 17, 14, 11, 15, 1, 17, 19, 2, 19, 7, 13, 11, 9, 14, 4, 16, 6, 1, 6, 8, 17, 14, 3, 11, 15, 13, 12, 16, 2, 7, 6, 8, 9, 3, 10, 13, 2, 4, 1, 1, 3, 8, 19, 5, 5, 2, 20, 7, 8, 4, 16, 13, 3, 5, 2, 6, 7, 16, 8, 13, 5, 17, 9, 5, 11, 8, 3, 7, 1, 20, 15, 16, 13, 20, 15, 16, 6, 9, 20, 7, 15, 20, 6, 9, 12, 20, 13, 15, 6, 2, 20, 15, 4, 7, 5, 6, 20, 9, 6, 5, 18, 18, 18, 12, 18, 4, 12, 12, 4, 15, 17, 6, 18, 5, 12, 18, 20, 20, 12, 4, 12, 4, 18, 12, 18, 18, 12, 18]
bestever    1730    in generation 4401
[19, 19, 14, 14, 2, 10, 19, 19, 11, 13, 2, 19, 17, 1, 16, 14, 10, 19, 11, 3, 11, 9, 14, 14, 13, 17, 10, 10, 1, 16, 10, 17, 10, 8, 11, 10, 15, 7, 3, 12, 10, 2, 1, 14, 2, 4, 9, 11, 19, 17, 16, 8, 3, 7, 1, 3, 9, 8, 7, 1, 14, 9, 16, 11, 13, 17, 15, 3, 10, 8, 4, 19, 17, 14, 11, 15, 1, 17, 19, 2, 19, 7, 13, 11, 9, 14, 4, 16, 6, 1, 6, 8, 17, 14, 3, 11, 15, 13, 5, 16, 2, 7, 6, 8, 9, 3, 10, 13, 2, 4, 1, 1, 3, 8, 5, 5, 5, 2, 20, 7, 8, 4, 16, 13, 3, 5, 2, 6, 7, 16, 8, 13, 5, 17, 9, 5, 11, 8, 3, 7, 1, 20, 15, 16, 13, 20, 15, 16, 6, 9, 20, 7, 15, 20, 6, 9, 12, 20, 13, 15, 6, 2, 20, 15, 4, 7, 5, 6, 20, 9, 6, 5, 18, 18, 18, 12, 18, 4, 12, 12, 4, 15, 17, 6, 18, 5, 12, 18, 20, 20, 12, 4, 12, 4, 18, 12, 18, 18, 12, 18]
bestever    1725    in generation 4447
[19, 19, 14, 14, 2, 10, 19, 19, 11, 13, 2, 19, 17, 1, 16, 14, 10, 19, 11, 3, 10, 9, 14, 14, 13, 17, 11, 10, 1, 16, 10, 17, 10, 8, 11, 10, 15, 7, 3, 12, 10, 2, 1, 14, 2, 4, 9, 11, 19, 17, 16, 8, 3, 7, 1, 3, 9, 8, 7, 1, 14, 9, 16, 11, 13, 17, 15, 3, 10, 8, 4, 19, 17, 14, 11, 15, 1, 17, 19, 2, 19, 7, 13, 11, 9, 14, 4, 16, 6, 1, 6, 8, 17, 14, 3, 11, 15, 13, 5, 16, 2, 7, 6, 8, 9, 3, 10, 13, 2, 4, 1, 1, 3, 8, 5, 5, 5, 2, 20, 7, 8, 4, 16, 13, 3, 5, 2, 6, 7, 16, 8, 13, 5, 17, 9, 5, 11, 8, 3, 7, 1, 20, 15, 16, 13, 20, 15, 16, 6, 9, 20, 7, 15, 20, 6, 9, 12, 20, 13, 15, 6, 2, 20, 15, 4, 7, 5, 6, 20, 9, 6, 5, 18, 18, 18, 12, 18, 4, 12, 12, 4, 15, 17, 6, 18, 5, 12, 18, 20, 20, 12, 4, 12, 4, 18, 12, 18, 18, 12, 18]
bestever    1717    in generation 4840
[19, 19, 14, 14, 2, 10, 19, 19, 11, 13, 2, 19, 17, 1, 16, 14, 10, 19, 11, 3, 10, 9, 14, 14, 13, 17, 11, 10, 1, 16, 10, 17, 10, 8, 11, 10, 15, 7, 3, 10, 2, 1, 14, 2, 4, 9, 11, 19, 11, 17, 16, 8, 3, 7, 1, 3, 9, 8, 7, 1, 14, 9, 16, 11, 13, 17, 15, 3, 10, 8, 4, 19, 17, 14, 11, 15, 1, 17, 19, 2, 19, 7, 13, 11, 9, 14, 4, 16, 6, 1, 6, 8, 17, 14, 3, 11, 15, 13, 4, 5, 16, 2, 5, 7, 6, 8, 9, 17, 3, 10, 13, 2, 4, 1, 1, 3, 8, 5, 5, 5, 2, 20, 7, 8, 4, 16, 13, 3, 5, 2, 6, 7, 16, 8, 13, 20, 9, 8, 3, 7, 1, 5, 15, 16, 13, 20, 15, 16, 6, 9, 20, 7, 15, 20, 6, 9, 12, 20, 13, 15, 6, 2, 20, 15, 4, 7, 5, 6, 20, 9, 6, 5, 18, 18, 18, 12, 4, 12, 12, 18, 12, 15, 17, 6, 18, 5, 12, 18, 20, 20, 12, 4, 12, 4, 18, 12, 18, 18, 12, 18]
bestever    1716    in generation 4953
[19, 19, 14, 14, 2, 10, 19, 19, 11, 13, 2, 19, 17, 1, 16, 14, 10, 19, 11, 3, 10, 9, 14, 14, 13, 17, 11, 10, 1, 16, 10, 17, 10, 8, 11, 10, 15, 7, 3, 10, 2, 1, 14, 2, 4, 9, 11, 19, 11, 17, 16, 8, 3, 7, 1, 3, 9, 8, 7, 1, 14, 9, 16, 11, 13, 17, 15, 3, 10, 8, 4, 19, 17, 14, 11, 15, 1, 17, 19, 2, 19, 7, 13, 11, 9, 14, 4, 16, 6, 1, 6, 8, 17, 14, 3, 11, 15, 13, 4, 5, 16, 2, 5, 7, 6, 8, 9, 17, 3, 10, 13, 2, 4, 1, 17, 1, 3, 8, 5, 5, 5, 2, 20, 7, 8, 4, 16, 13, 3, 5, 2, 6, 7, 16, 8, 13, 20, 9, 8, 3, 7, 1, 5, 15, 16, 13, 20, 15, 16, 6, 9, 20, 7, 15, 20, 6, 9, 12, 20, 13, 15, 6, 2, 20, 15, 4, 7, 5, 6, 20, 9, 6, 5, 18, 18, 18, 12, 4, 12, 12, 18, 12, 15, 6, 18, 5, 12, 18, 20, 20, 12, 4, 12, 4, 18, 12, 18, 18, 12, 18]
bestever    1710    in generation 5478
[19, 19, 14, 14, 2, 10, 19, 19, 11, 13, 2, 19, 17, 1, 16, 14, 10, 19, 11, 3, 10, 9, 14, 14, 13, 17, 11, 10, 1, 16, 10, 17, 11, 8, 10, 17, 10, 15, 7, 3, 10, 2, 1, 14, 2, 4, 9, 11, 19, 11, 17, 16, 2, 8, 3, 7, 1, 3, 9, 8, 7, 1, 14, 9, 16, 11, 13, 17, 15, 3, 10, 8, 4, 19, 17, 14, 11, 15, 1, 17, 19, 19, 7, 13, 11, 9, 14, 4, 16, 6, 1, 6, 8, 17, 14, 3, 11, 15, 13, 4, 5, 16, 2, 5, 7, 6, 8, 9, 3, 10, 13, 2, 4, 1, 17, 1, 3, 8, 5, 5, 5, 2, 20, 7, 8, 4, 16, 13, 3, 5, 2, 6, 7, 16, 8, 13, 20, 9, 8, 3, 7, 1, 5, 15, 16, 13, 20, 15, 16, 6, 9, 20, 7, 15, 18, 20, 6, 9, 12, 20, 13, 15, 6, 2, 20, 15, 4, 7, 5, 6, 20, 9, 6, 5, 12, 4, 12, 18, 18, 12, 12, 18, 15, 6, 18, 5, 12, 18, 20, 20, 12, 4, 12, 4, 18, 12, 18, 18, 12, 18]
bestever    1708    in generation 5774
[19, 19, 14, 14, 2, 10, 19, 19, 11, 13, 2, 19, 17, 1, 16, 14, 10, 19, 11, 3, 10, 9, 14, 14, 13, 17, 11, 10, 1, 16, 10, 17, 11, 8, 10, 17, 10, 15, 7, 3, 10, 2, 1, 14, 2, 4, 9, 11, 19, 11, 17, 16, 2, 8, 3, 7, 1, 3, 9, 8, 7, 1, 14, 9, 16, 11, 13, 17, 15, 3, 10, 8, 4, 19, 17, 14, 11, 15, 1, 17, 19, 19, 7, 13, 11, 9, 14, 4, 16, 6, 1, 6, 8, 17, 14, 3, 11, 15, 13, 4, 5, 16, 2, 5, 7, 6, 8, 9, 3, 10, 13, 2, 4, 1, 17, 1, 3, 8, 5, 5, 5, 2, 20, 7, 8, 4, 16, 13, 3, 5, 2, 6, 9, 7, 16, 8, 13, 20, 9, 8, 3, 7, 1, 5, 15, 16, 13, 20, 15, 16, 6, 9, 20, 7, 15, 20, 6, 9, 12, 20, 13, 15, 6, 2, 20, 15, 4, 7, 5, 6, 20, 6, 5, 12, 4, 12, 18, 18, 12, 12, 18, 18, 15, 6, 18, 5, 12, 18, 20, 20, 12, 4, 12, 4, 18, 12, 18, 18, 12, 18]
bestever    1703    in generation 5857
[19, 19, 14, 14, 2, 10, 19, 19, 11, 13, 2, 19, 17, 1, 16, 14, 10, 19, 11, 3, 10, 9, 14, 14, 13, 17, 11, 10, 1, 16, 10, 17, 11, 8, 10, 17, 10, 15, 7, 3, 10, 2, 1, 14, 2, 4, 9, 11, 19, 11, 17, 16, 2, 8, 3, 7, 1, 3, 9, 8, 7, 1, 14, 9, 16, 11, 13, 17, 15, 3, 10, 8, 4, 19, 17, 14, 11, 15, 1, 17, 19, 19, 7, 13, 11, 9, 14, 4, 16, 6, 1, 6, 8, 17, 14, 3, 11, 15, 13, 4, 5, 16, 2, 5, 7, 6, 8, 9, 3, 10, 13, 2, 4, 1, 17, 1, 3, 8, 5, 5, 5, 2, 20, 7, 8, 4, 16, 20, 3, 5, 2, 6, 9, 7, 16, 8, 13, 20, 9, 8, 3, 7, 1, 5, 15, 16, 13, 20, 15, 16, 6, 9, 20, 7, 15, 20, 6, 9, 12, 13, 13, 15, 6, 2, 20, 15, 4, 7, 5, 6, 20, 6, 5, 12, 4, 12, 18, 18, 12, 12, 18, 18, 15, 6, 18, 5, 12, 18, 20, 20, 12, 4, 12, 4, 18, 12, 18, 18, 12, 18]
bestever    1690    in generation 5951
[19, 19, 14, 14, 2, 10, 19, 19, 11, 13, 2, 19, 17, 1, 16, 14, 10, 19, 11, 3, 10, 9, 14, 14, 13, 17, 11, 10, 1, 16, 10, 17, 11, 8, 10, 17, 10, 15, 7, 3, 10, 2, 1, 14, 2, 4, 9, 11, 19, 11, 17, 16, 2, 8, 3, 7, 1, 3, 9, 8, 7, 1, 14, 9, 16, 11, 13, 17, 15, 3, 10, 8, 4, 19, 17, 14, 11, 15, 1, 17, 19, 19, 7, 13, 11, 9, 14, 4, 16, 6, 1, 6, 8, 17, 14, 3, 11, 15, 13, 4, 5, 16, 2, 5, 7, 6, 8, 9, 3, 10, 13, 2, 4, 1, 17, 1, 3, 8, 5, 5, 5, 2, 20, 7, 8, 4, 16, 20, 3, 5, 2, 6, 9, 7, 16, 8, 13, 20, 9, 8, 3, 7, 1, 5, 15, 15, 13, 20, 16, 16, 6, 9, 20, 7, 15, 20, 6, 9, 12, 13, 13, 15, 6, 2, 20, 12, 4, 7, 5, 6, 20, 6, 5, 12, 4, 12, 18, 18, 12, 12, 18, 18, 15, 6, 18, 5, 15, 18, 20, 20, 12, 4, 12, 4, 18, 12, 18, 18, 12, 18]
bestever    1685    in generation 5967
[19, 19, 14, 14, 2, 10, 19, 19, 11, 13, 2, 19, 17, 1, 16, 14, 10, 19, 11, 3, 10, 9, 14, 14, 13, 17, 11, 10, 1, 16, 10, 17, 11, 8, 10, 17, 10, 15, 7, 3, 10, 2, 1, 14, 2, 4, 9, 11, 19, 11, 17, 16, 2, 8, 3, 7, 1, 3, 9, 8, 7, 1, 14, 9, 16, 11, 13, 17, 15, 3, 10, 8, 4, 19, 17, 14, 11, 15, 1, 17, 19, 19, 7, 13, 6, 9, 14, 4, 16, 11, 1, 6, 8, 17, 14, 3, 11, 15, 13, 4, 5, 16, 2, 5, 7, 6, 8, 9, 3, 10, 13, 2, 4, 1, 17, 1, 3, 8, 5, 5, 5, 2, 20, 7, 8, 4, 16, 20, 3, 5, 2, 6, 9, 7, 16, 8, 13, 20, 9, 8, 3, 7, 1, 5, 15, 15, 13, 20, 16, 16, 6, 9, 20, 7, 15, 20, 6, 9, 12, 13, 13, 15, 6, 2, 20, 12, 4, 7, 5, 6, 20, 6, 5, 12, 4, 12, 18, 18, 12, 12, 18, 18, 15, 6, 18, 5, 15, 18, 20, 20, 12, 4, 12, 4, 18, 12, 18, 18, 12, 18]
bestever    1684    in generation 6112
[19, 19, 14, 14, 2, 10, 19, 19, 11, 13, 2, 19, 17, 1, 16, 14, 10, 19, 11, 3, 10, 9, 14, 14, 13, 17, 11, 10, 1, 16, 19, 17, 11, 8, 10, 17, 10, 15, 7, 3, 10, 2, 1, 14, 2, 4, 9, 11, 19, 11, 17, 16, 2, 8, 3, 7, 1, 3, 9, 8, 7, 1, 14, 9, 16, 11, 13, 17, 15, 3, 10, 8, 4, 19, 17, 14, 11, 15, 1, 17, 19, 10, 7, 13, 6, 9, 14, 4, 16, 11, 1, 6, 8, 17, 14, 3, 11, 15, 13, 4, 5, 16, 2, 5, 7, 6, 8, 9, 3, 10, 13, 2, 4, 1, 17, 1, 3, 8, 5, 5, 5, 2, 20, 7, 8, 4, 16, 20, 3, 12, 5, 2, 6, 9, 7, 16, 8, 13, 20, 9, 8, 3, 7, 1, 5, 15, 2, 13, 20, 16, 16, 6, 9, 20, 7, 15, 20, 6, 9, 12, 13, 13, 5, 15, 6, 15, 20, 4, 7, 5, 6, 20, 6, 5, 12, 4, 12, 18, 18, 12, 12, 18, 18, 15, 6, 18, 15, 18, 20, 20, 12, 4, 12, 4, 18, 12, 18, 18, 12, 18]
bestever    1682    in generation 6317
[19, 19, 14, 14, 2, 10, 19, 19, 11, 13, 2, 19, 17, 1, 16, 14, 10, 19, 11, 3, 10, 9, 14, 14, 13, 17, 11, 10, 1, 16, 19, 17, 11, 8, 10, 17, 10, 15, 7, 3, 10, 2, 1, 14, 14, 4, 9, 11, 19, 11, 17, 16, 2, 8, 3, 7, 1, 3, 9, 8, 7, 1, 2, 9, 16, 11, 13, 17, 15, 3, 10, 8, 4, 19, 17, 14, 11, 15, 1, 17, 19, 10, 7, 13, 6, 9, 14, 4, 16, 11, 1, 6, 8, 17, 14, 3, 11, 15, 13, 4, 5, 16, 2, 5, 7, 6, 8, 9, 3, 10, 13, 2, 4, 1, 17, 1, 3, 8, 5, 5, 5, 2, 20, 7, 8, 4, 16, 20, 3, 12, 5, 2, 6, 9, 7, 16, 8, 13, 20, 9, 8, 3, 7, 1, 5, 15, 2, 13, 20, 16, 16, 6, 9, 20, 7, 15, 20, 6, 9, 12, 13, 13, 5, 15, 6, 15, 20, 4, 7, 5, 6, 20, 6, 5, 12, 4, 12, 18, 18, 12, 12, 18, 18, 15, 6, 18, 15, 18, 20, 20, 12, 4, 12, 4, 18, 12, 18, 18, 12, 18]
bestever    1679    in generation 6664
[19, 19, 14, 14, 2, 10, 19, 19, 11, 19, 13, 2, 17, 1, 14, 14, 10, 19, 11, 3, 10, 9, 14, 14, 13, 17, 11, 10, 1, 16, 19, 17, 11, 8, 10, 17, 10, 15, 7, 3, 10, 2, 1, 16, 14, 4, 9, 11, 19, 11, 17, 16, 2, 8, 3, 7, 1, 3, 9, 8, 7, 1, 2, 9, 16, 11, 13, 17, 15, 3, 10, 8, 4, 19, 17, 14, 11, 15, 1, 17, 19, 10, 7, 13, 6, 9, 14, 4, 16, 11, 1, 6, 8, 17, 14, 3, 11, 15, 13, 4, 5, 16, 2, 5, 7, 6, 8, 9, 3, 10, 13, 2, 4, 1, 17, 1, 3, 8, 5, 5, 5, 2, 20, 7, 8, 6, 4, 16, 20, 3, 12, 5, 2, 9, 7, 18, 16, 8, 13, 20, 9, 8, 3, 7, 1, 5, 15, 2, 13, 20, 16, 16, 6, 9, 20, 7, 15, 20, 6, 9, 12, 13, 13, 5, 15, 6, 15, 20, 4, 7, 5, 6, 20, 6, 5, 12, 4, 12, 18, 12, 12, 18, 18, 15, 6, 18, 15, 18, 20, 20, 12, 4, 12, 4, 18, 12, 18, 18, 12, 18]
bestever    1678    in generation 8458
[19, 19, 14, 14, 2, 10, 19, 19, 11, 19, 13, 2, 17, 1, 14, 14, 10, 19, 11, 3, 10, 9, 14, 14, 13, 17, 11, 10, 1, 16, 19, 17, 11, 8, 19, 10, 17, 10, 15, 7, 3, 10, 2, 1, 16, 14, 4, 9, 3, 11, 19, 11, 17, 16, 2, 8, 5, 7, 14, 1, 3, 9, 8, 7, 1, 2, 9, 16, 11, 13, 17, 15, 3, 10, 8, 4, 19, 17, 14, 11, 11, 15, 1, 17, 10, 7, 13, 6, 9, 5, 4, 16, 1, 6, 8, 17, 13, 14, 3, 11, 15, 4, 12, 16, 2, 5, 7, 6, 8, 9, 5, 3, 10, 13, 2, 4, 1, 17, 1, 3, 20, 6, 2, 8, 7, 8, 5, 4, 16, 1, 20, 3, 5, 2, 9, 7, 12, 16, 8, 13, 20, 9, 8, 3, 7, 5, 15, 2, 13, 20, 16, 16, 6, 9, 5, 7, 15, 20, 6, 9, 12, 13, 13, 15, 18, 20, 15, 6, 20, 4, 7, 5, 6, 20, 6, 5, 12, 4, 12, 18, 12, 18, 15, 6, 18, 15, 18, 20, 20, 12, 12, 18, 4, 4, 12, 12, 18, 18, 18, 18]
bestever    1675    in generation 9098
[19, 19, 14, 14, 2, 10, 19, 19, 11, 19, 13, 2, 17, 1, 14, 14, 10, 19, 11, 3, 10, 9, 14, 14, 13, 17, 11, 10, 1, 16, 19, 17, 11, 8, 19, 10, 17, 10, 15, 7, 3, 10, 2, 1, 16, 14, 4, 9, 3, 11, 19, 11, 17, 16, 2, 19, 8, 5, 7, 14, 1, 3, 9, 8, 7, 1, 2, 9, 16, 11, 13, 17, 15, 3, 10, 8, 4, 17, 14, 11, 11, 15, 1, 17, 10, 7, 2, 10, 6, 9, 5, 4, 16, 1, 6, 8, 17, 13, 14, 3, 11, 15, 4, 12, 16, 2, 5, 7, 6, 8, 9, 5, 3, 13, 13, 2, 4, 1, 17, 1, 3, 20, 6, 2, 8, 7, 8, 9, 5, 4, 18, 16, 1, 20, 3, 5, 9, 7, 12, 16, 8, 13, 20, 9, 8, 3, 7, 5, 12, 15, 2, 13, 20, 16, 16, 6, 9, 5, 7, 15, 20, 6, 12, 13, 13, 15, 18, 20, 15, 6, 20, 4, 7, 5, 6, 20, 6, 5, 12, 4, 18, 12, 18, 15, 6, 18, 15, 18, 20, 20, 12, 12, 18, 4, 4, 12, 12, 18, 18, 18]
bestever    1670    in generation 9171
[19, 19, 14, 14, 2, 10, 19, 19, 11, 19, 13, 2, 17, 1, 14, 14, 10, 19, 11, 3, 10, 9, 14, 14, 13, 17, 11, 10, 1, 16, 19, 17, 11, 8, 19, 10, 17, 10, 15, 7, 3, 10, 2, 1, 16, 14, 4, 9, 3, 11, 19, 11, 17, 16, 2, 19, 8, 5, 7, 14, 1, 3, 9, 8, 7, 1, 2, 9, 16, 11, 13, 17, 15, 3, 10, 8, 4, 17, 14, 11, 11, 15, 1, 17, 10, 7, 1, 10, 6, 9, 5, 4, 16, 1, 6, 8, 17, 13, 14, 3, 11, 15, 4, 12, 16, 2, 5, 7, 6, 8, 9, 5, 3, 13, 13, 2, 4, 1, 17, 1, 3, 20, 6, 2, 8, 7, 8, 9, 5, 4, 18, 16, 2, 20, 3, 5, 9, 7, 12, 16, 8, 13, 20, 9, 8, 3, 7, 5, 12, 15, 2, 13, 20, 16, 16, 6, 9, 5, 7, 15, 20, 6, 12, 13, 13, 15, 18, 20, 15, 6, 20, 4, 7, 5, 6, 20, 6, 5, 12, 4, 18, 12, 18, 15, 6, 18, 15, 18, 20, 20, 12, 12, 18, 4, 4, 12, 12, 18, 18, 18]
bestever    1669    in generation 9231
[19, 19, 14, 14, 2, 10, 19, 19, 11, 19, 13, 2, 17, 1, 14, 14, 10, 19, 11, 3, 10, 9, 14, 14, 13, 17, 11, 10, 1, 16, 19, 17, 11, 8, 19, 10, 17, 10, 15, 7, 3, 10, 2, 1, 16, 14, 4, 9, 3, 11, 19, 11, 17, 16, 2, 19, 8, 5, 7, 14, 1, 3, 9, 8, 7, 1, 2, 9, 16, 11, 13, 17, 15, 3, 10, 8, 4, 17, 14, 11, 11, 15, 1, 17, 10, 7, 1, 10, 6, 9, 5, 4, 16, 1, 6, 8, 17, 13, 14, 3, 11, 15, 4, 12, 16, 2, 5, 7, 6, 8, 9, 5, 3, 13, 13, 2, 4, 1, 17, 1, 3, 20, 6, 2, 8, 7, 8, 9, 5, 15, 18, 16, 2, 20, 3, 5, 12, 7, 9, 16, 8, 13, 20, 9, 8, 3, 7, 5, 12, 4, 2, 13, 20, 16, 16, 6, 9, 5, 7, 15, 20, 6, 12, 13, 13, 15, 18, 20, 15, 6, 20, 4, 7, 5, 6, 20, 6, 5, 12, 4, 18, 12, 18, 15, 6, 18, 15, 18, 20, 20, 12, 12, 18, 4, 4, 12, 12, 18, 18, 18]
