bestever    3276    in generation 0
[17, 13, 12, 3, 17, 19, 6, 2, 2, 16, 6, 14, 7, 19, 7, 3, 16, 20, 15, 19, 12, 14, 16, 19, 11, 3, 5, 2, 20, 15, 12, 12, 10, 11, 17, 5, 9, 8, 11, 18, 13, 8, 2, 1, 20, 2, 10, 4, 5, 12, 3, 5, 12, 20, 19, 4, 14, 17, 12, 17, 9, 9, 15, 14, 19, 5, 12, 13, 17, 11, 7, 14, 2, 19, 8, 1, 16, 14, 8, 18, 7, 13, 3, 3, 8, 17, 16, 13, 16, 11, 11, 6, 15, 8, 8, 10, 16, 1, 11, 8, 10, 3, 7, 1, 4, 16, 7, 5, 18, 10, 6, 16, 20, 11, 7, 20, 2, 9, 13, 3, 6, 4, 6, 5, 20, 10, 5, 8, 10, 19, 18, 2, 9, 10, 12, 6, 15, 1, 4, 1, 11, 15, 6, 15, 19, 9, 5, 14, 15, 1, 20, 6, 7, 9, 20, 4, 5, 4, 18, 1, 17, 11, 18, 4, 9, 20, 14, 15, 13, 10, 7, 8, 4, 12, 16, 18, 1, 4, 6, 18, 17, 13, 9, 7, 3, 13, 2, 18, 13, 10, 14, 2, 3, 15, 19, 1, 17, 9, 18, 14]
bestever    3001    in generation 2
[13, 12, 3, 17, 19, 6, 2, 2, 16, 6, 14, 7, 19, 7, 3, 16, 20, 15, 19, 12, 14, 16, 19, 11, 3, 5, 2, 20, 15, 12, 12, 10, 11, 17, 5, 9, 8, 11, 18, 8, 2, 1, 20, 2, 10, 4, 5, 12, 3, 5, 12, 20, 19, 4, 14, 17, 12, 17, 15, 14, 5, 12, 13, 17, 11, 7, 14, 2, 19, 8, 1, 16, 14, 8, 18, 7, 13, 3, 3, 8, 17, 16, 13, 16, 11, 6, 15, 8, 8, 10, 16, 1, 11, 8, 10, 3, 7, 1, 4, 16, 7, 5, 18, 10, 6, 16, 20, 11, 7, 20, 2, 9, 13, 3, 6, 4, 6, 5, 20, 10, 5, 8, 10, 19, 18, 2, 9, 10, 12, 6, 15, 1, 4, 1, 11, 15, 6, 15, 19, 19, 1, 9, 13, 11, 9, 9, 5, 14, 15, 1, 20, 6, 7, 9, 20, 4, 5, 4, 18, 1, 17, 11, 18, 4, 9, 20, 14, 15, 13, 10, 7, 8, 4, 12, 16, 18, 1, 4, 6, 18, 17, 13, 9, 7, 3, 13, 2, 18, 13, 10, 14, 2, 3, 15, 19, 17, 9, 18, 14, 17]
bestever    2856    in generation 3
[4, 4, 15, 12, 2, 13, 12, 2, 20, 3, 13, 10, 9, 3, 6, 18, 10, 12, 13, 16, 1, 6, 15, 4, 14, 3, 15, 16, 10, 18, 15, 15, 14, 20, 2, 9, 18, 14, 8, 9, 12, 2, 10, 1, 19, 10, 3, 12, 7, 10, 12, 7, 3, 13, 19, 16, 15, 13, 5, 14, 7, 5, 17, 11, 13, 2, 1, 8, 4, 11, 17, 14, 18, 15, 6, 5, 7, 16, 13, 15, 7, 3, 18, 12, 17, 6, 5, 20, 4, 15, 5, 3, 8, 7, 16, 18, 6, 8, 19, 12, 7, 18, 14, 10, 11, 17, 17, 14, 20, 2, 18, 13, 12, 3, 14, 7, 2, 9, 5, 11, 6, 14, 17, 4, 20, 20, 5, 8, 20, 16, 8, 6, 9, 20, 3, 1, 17, 11, 10, 19, 1, 9, 13, 11, 9, 5, 19, 11, 1, 10, 8, 7, 6, 1, 11, 1, 9, 3, 1, 6, 5, 18, 7, 4, 19, 16, 16, 11, 10, 12, 13, 16, 4, 19, 1, 17, 6, 5, 15, 2, 18, 14, 2, 19, 17, 9, 17, 19, 2, 16, 19, 20, 11, 20, 9, 8, 8, 4, 4, 8]
bestever    2772    in generation 4
[4, 4, 15, 12, 2, 13, 12, 2, 20, 3, 13, 10, 9, 3, 6, 18, 10, 12, 13, 16, 1, 6, 15, 4, 14, 3, 15, 16, 10, 18, 15, 15, 14, 20, 2, 9, 18, 14, 8, 9, 12, 2, 10, 1, 19, 10, 3, 12, 7, 10, 12, 7, 3, 13, 19, 16, 15, 13, 5, 14, 7, 5, 17, 11, 13, 2, 1, 8, 4, 11, 17, 14, 18, 15, 6, 5, 7, 16, 13, 15, 7, 3, 18, 12, 17, 6, 5, 20, 4, 15, 5, 3, 8, 7, 16, 18, 6, 8, 19, 12, 7, 18, 14, 10, 11, 17, 17, 14, 20, 2, 18, 13, 12, 3, 14, 7, 2, 9, 5, 11, 6, 14, 17, 20, 20, 5, 8, 20, 16, 6, 9, 20, 3, 1, 17, 11, 10, 19, 1, 9, 13, 11, 9, 5, 19, 11, 1, 10, 7, 6, 1, 11, 1, 9, 3, 1, 6, 5, 18, 7, 19, 16, 16, 11, 10, 12, 13, 16, 4, 19, 1, 17, 6, 5, 15, 2, 18, 14, 2, 19, 17, 9, 17, 19, 2, 16, 19, 20, 11, 20, 9, 8, 8, 4, 4, 8, 8, 4, 4, 8]
bestever    2738    in generation 8
[15, 12, 2, 13, 12, 2, 20, 3, 13, 10, 9, 3, 6, 18, 10, 12, 13, 16, 1, 6, 15, 4, 14, 3, 15, 16, 10, 18, 15, 15, 14, 20, 2, 9, 18, 14, 8, 9, 12, 2, 12, 2, 10, 1, 19, 10, 3, 12, 7, 10, 12, 7, 3, 13, 19, 16, 15, 13, 5, 14, 7, 5, 17, 11, 13, 2, 1, 8, 4, 11, 17, 14, 18, 15, 6, 5, 7, 16, 13, 15, 7, 3, 18, 12, 17, 6, 5, 20, 4, 15, 5, 3, 8, 7, 16, 18, 6, 8, 19, 7, 18, 14, 10, 11, 17, 17, 14, 20, 2, 18, 13, 12, 3, 14, 7, 2, 9, 5, 11, 6, 14, 17, 4, 20, 20, 5, 8, 20, 16, 8, 6, 9, 20, 3, 1, 17, 11, 10, 19, 1, 9, 13, 11, 9, 5, 19, 11, 1, 10, 8, 7, 6, 1, 11, 1, 9, 3, 1, 6, 5, 18, 7, 4, 19, 16, 16, 11, 10, 12, 13, 16, 4, 19, 1, 17, 6, 5, 15, 18, 14, 2, 19, 17, 9, 17, 19, 2, 16, 19, 20, 11, 20, 9, 8, 8, 4, 4, 8, 4, 4]
bestever    2734    in generation 10
[4, 4, 15, 12, 2, 13, 12, 2, 20, 3, 13, 10, 9, 3, 6, 18, 10, 12, 13, 16, 1, 6, 15, 4, 14, 3, 15, 16, 10, 18, 15, 15, 14, 20, 2, 9, 18, 14, 8, 9, 12, 2, 10, 1, 19, 10, 3, 12, 7, 10, 12, 7, 3, 13, 19, 16, 15, 13, 5, 14, 7, 5, 17, 11, 13, 2, 1, 8, 4, 11, 17, 14, 18, 15, 6, 5, 7, 16, 13, 15, 7, 3, 18, 12, 17, 6, 5, 20, 4, 15, 5, 3, 7, 16, 18, 8, 6, 8, 19, 12, 7, 18, 14, 10, 11, 17, 17, 14, 20, 2, 18, 13, 12, 3, 14, 7, 2, 9, 5, 11, 6, 14, 17, 4, 20, 20, 5, 16, 6, 9, 3, 1, 17, 11, 10, 19, 1, 9, 13, 11, 9, 5, 19, 11, 1, 10, 8, 7, 6, 1, 11, 1, 9, 3, 1, 6, 5, 18, 7, 19, 16, 16, 11, 10, 12, 16, 4, 1, 17, 6, 5, 15, 2, 18, 19, 9, 19, 2, 14, 17, 4, 8, 20, 8, 20, 17, 19, 13, 2, 16, 19, 20, 11, 20, 9, 8, 8, 4, 4, 8]
bestever    2724    in generation 18
[4, 4, 15, 12, 2, 13, 12, 2, 7, 3, 13, 10, 9, 3, 6, 18, 10, 12, 13, 16, 1, 6, 15, 4, 14, 3, 15, 16, 10, 18, 15, 15, 14, 20, 2, 9, 18, 14, 8, 9, 12, 2, 10, 1, 19, 10, 3, 12, 7, 10, 12, 7, 3, 13, 19, 16, 15, 13, 5, 14, 20, 5, 17, 11, 13, 2, 1, 8, 4, 11, 17, 14, 18, 15, 6, 5, 7, 16, 13, 15, 7, 3, 18, 12, 17, 6, 5, 20, 4, 15, 5, 3, 7, 16, 18, 8, 6, 8, 19, 12, 7, 18, 14, 10, 11, 17, 17, 14, 20, 2, 18, 13, 12, 3, 14, 7, 2, 9, 5, 11, 6, 14, 17, 4, 20, 20, 5, 16, 6, 9, 3, 1, 17, 11, 10, 19, 1, 9, 13, 11, 9, 5, 19, 11, 1, 10, 8, 7, 6, 1, 11, 1, 9, 3, 1, 6, 5, 18, 7, 19, 16, 16, 11, 10, 12, 16, 4, 1, 17, 6, 5, 15, 2, 18, 19, 9, 19, 2, 14, 17, 4, 8, 20, 8, 20, 17, 19, 13, 2, 16, 19, 20, 11, 20, 9, 8, 8, 4, 4, 8]
bestever    2625    in generation 22
[15, 12, 2, 13, 12, 2, 3, 13, 10, 9, 3, 6, 18, 10, 12, 13, 1, 15, 14, 3, 15, 10, 18, 15, 15, 14, 9, 14, 8, 12, 10, 19, 10, 3, 12, 7, 3, 13, 20, 14, 16, 7, 9, 1, 9, 2, 15, 13, 6, 18, 10, 12, 4, 16, 2, 20, 4, 13, 5, 14, 7, 5, 17, 11, 13, 2, 1, 8, 4, 11, 17, 14, 18, 15, 6, 5, 7, 16, 13, 15, 7, 3, 18, 12, 17, 6, 5, 20, 4, 15, 5, 3, 7, 16, 18, 8, 6, 8, 19, 12, 7, 18, 14, 10, 11, 17, 17, 14, 20, 2, 18, 13, 12, 3, 14, 7, 2, 9, 5, 11, 6, 14, 17, 4, 20, 20, 5, 16, 6, 9, 3, 1, 17, 11, 10, 19, 1, 9, 13, 11, 9, 5, 19, 11, 1, 10, 8, 7, 6, 1, 11, 1, 9, 3, 1, 6, 5, 18, 7, 19, 16, 16, 11, 10, 12, 16, 4, 1, 17, 6, 5, 15, 2, 18, 19, 19, 8, 19, 4, 20, 4, 16, 20, 2, 2, 8, 19, 17, 17, 16, 19, 20, 11, 20, 9, 8, 8, 4, 4, 8]
bestever    2509    in generation 34
[15, 12, 2, 13, 12, 2, 3, 13, 10, 9, 3, 6, 18, 10, 12, 13, 1, 15, 14, 3, 15, 10, 18, 15, 15, 14, 9, 14, 8, 12, 10, 19, 10, 3, 12, 7, 3, 13, 20, 14, 16, 7, 9, 1, 9, 2, 15, 13, 6, 18, 10, 12, 4, 16, 2, 20, 4, 13, 5, 14, 7, 5, 17, 11, 13, 2, 1, 8, 4, 11, 17, 14, 18, 15, 6, 5, 7, 16, 13, 15, 7, 3, 18, 12, 17, 6, 5, 20, 15, 5, 3, 7, 16, 18, 6, 19, 12, 7, 18, 14, 10, 11, 17, 17, 14, 20, 2, 18, 13, 12, 3, 14, 7, 2, 9, 5, 11, 6, 14, 17, 20, 20, 5, 16, 6, 9, 3, 1, 17, 11, 10, 19, 1, 9, 13, 11, 9, 5, 19, 11, 1, 10, 8, 7, 6, 1, 11, 1, 9, 3, 1, 6, 5, 18, 7, 19, 8, 4, 4, 8, 16, 16, 11, 10, 12, 16, 4, 1, 17, 6, 5, 15, 2, 18, 19, 19, 8, 19, 4, 20, 4, 16, 20, 2, 2, 8, 19, 17, 17, 16, 19, 20, 11, 20, 9, 8, 8, 4, 4, 8]
bestever    2504    in generation 35
[15, 12, 2, 13, 12, 2, 3, 13, 10, 9, 3, 6, 18, 10, 12, 13, 1, 15, 14, 3, 15, 10, 18, 15, 15, 14, 9, 14, 12, 10, 10, 3, 12, 7, 3, 13, 20, 14, 16, 7, 9, 1, 2, 15, 13, 6, 18, 10, 12, 4, 2, 20, 4, 13, 5, 14, 7, 5, 17, 11, 13, 2, 1, 11, 17, 14, 18, 15, 6, 5, 7, 13, 15, 7, 3, 18, 12, 17, 6, 5, 5, 3, 7, 18, 6, 8, 12, 7, 18, 14, 10, 14, 13, 3, 17, 8, 9, 11, 12, 17, 15, 8, 4, 20, 4, 16, 20, 2, 14, 7, 2, 9, 5, 6, 14, 17, 4, 20, 20, 16, 3, 1, 17, 19, 19, 11, 10, 8, 11, 9, 1, 6, 5, 18, 19, 16, 16, 9, 13, 11, 9, 5, 19, 11, 1, 10, 8, 7, 6, 1, 11, 1, 9, 3, 1, 6, 5, 18, 7, 19, 16, 16, 11, 10, 12, 16, 4, 1, 17, 6, 5, 15, 2, 18, 19, 19, 8, 19, 4, 20, 4, 16, 20, 2, 2, 8, 19, 17, 17, 16, 19, 20, 11, 20, 9, 8, 8, 4, 4, 8]
bestever    2481    in generation 41
[15, 12, 2, 13, 12, 2, 3, 13, 10, 9, 3, 6, 18, 10, 12, 13, 1, 15, 14, 3, 15, 10, 18, 15, 15, 14, 9, 14, 12, 10, 10, 3, 12, 7, 3, 13, 20, 14, 16, 7, 9, 1, 2, 15, 13, 6, 18, 10, 12, 4, 2, 20, 4, 13, 5, 14, 7, 5, 17, 11, 13, 2, 1, 11, 17, 14, 18, 15, 6, 5, 7, 13, 15, 7, 3, 18, 12, 17, 6, 5, 5, 3, 7, 18, 6, 8, 12, 7, 18, 14, 10, 14, 13, 3, 17, 8, 9, 11, 12, 17, 15, 8, 4, 20, 4, 16, 20, 2, 14, 2, 9, 5, 14, 17, 4, 20, 20, 16, 3, 17, 19, 19, 11, 10, 8, 11, 9, 1, 6, 5, 18, 19, 16, 16, 9, 13, 11, 9, 5, 19, 11, 1, 10, 8, 7, 6, 1, 7, 6, 1, 11, 1, 9, 3, 1, 6, 5, 18, 7, 19, 16, 16, 11, 10, 12, 16, 4, 1, 17, 6, 5, 15, 2, 18, 19, 19, 8, 19, 4, 20, 4, 16, 20, 2, 2, 8, 19, 17, 17, 16, 19, 20, 11, 20, 9, 8, 8, 4, 4, 8]
bestever    2479    in generation 43
[15, 12, 2, 13, 12, 2, 3, 13, 10, 9, 3, 6, 18, 10, 12, 13, 1, 15, 14, 3, 15, 10, 18, 15, 15, 14, 9, 14, 12, 10, 10, 3, 12, 7, 3, 13, 20, 14, 16, 7, 9, 1, 2, 15, 13, 6, 18, 10, 12, 4, 2, 20, 4, 13, 5, 14, 7, 5, 17, 11, 13, 2, 1, 11, 17, 14, 18, 15, 6, 5, 7, 13, 15, 7, 3, 18, 12, 17, 6, 5, 5, 3, 7, 18, 6, 8, 12, 7, 18, 14, 14, 13, 17, 8, 9, 11, 12, 17, 15, 4, 20, 4, 16, 20, 2, 14, 2, 9, 14, 17, 4, 20, 20, 16, 3, 17, 19, 19, 11, 10, 8, 9, 1, 5, 18, 16, 16, 13, 9, 5, 19, 11, 10, 8, 7, 6, 11, 9, 3, 1, 6, 5, 19, 11, 1, 10, 8, 7, 6, 1, 11, 1, 9, 3, 1, 6, 5, 18, 7, 19, 16, 16, 11, 10, 12, 16, 4, 1, 17, 6, 5, 15, 2, 18, 19, 19, 8, 19, 4, 20, 4, 16, 20, 2, 2, 8, 19, 17, 17, 16, 19, 20, 11, 20, 9, 8, 8, 4, 4, 8]
bestever    2448    in generation 46
[15, 12, 2, 13, 12, 2, 3, 13, 10, 9, 3, 6, 18, 10, 12, 13, 1, 15, 14, 3, 15, 10, 18, 15, 15, 14, 9, 14, 12, 10, 10, 3, 12, 7, 3, 13, 20, 14, 16, 7, 9, 1, 2, 15, 13, 6, 18, 10, 12, 4, 2, 20, 4, 13, 5, 14, 7, 5, 17, 11, 13, 2, 1, 11, 17, 14, 18, 15, 6, 5, 7, 13, 15, 7, 3, 18, 12, 17, 6, 5, 5, 3, 7, 18, 6, 8, 12, 7, 18, 14, 14, 13, 17, 9, 11, 12, 17, 15, 4, 20, 16, 14, 2, 9, 14, 20, 20, 16, 3, 17, 19, 19, 11, 10, 8, 9, 1, 5, 18, 13, 9, 5, 11, 10, 8, 7, 6, 11, 9, 3, 1, 6, 5, 11, 1, 10, 8, 7, 6, 1, 1, 9, 3, 1, 16, 11, 16, 17, 2, 19, 8, 19, 4, 20, 4, 6, 5, 18, 7, 19, 16, 16, 11, 10, 12, 16, 4, 1, 17, 6, 5, 15, 2, 18, 19, 19, 8, 19, 4, 20, 4, 16, 20, 2, 2, 8, 19, 17, 17, 16, 19, 20, 11, 20, 9, 8, 8, 4, 4, 8]
bestever    2429    in generation 47
[15, 12, 2, 13, 12, 2, 3, 13, 10, 9, 3, 6, 18, 10, 12, 13, 1, 15, 14, 3, 15, 10, 18, 15, 15, 14, 9, 14, 12, 10, 10, 3, 12, 7, 3, 13, 20, 14, 16, 7, 9, 1, 2, 15, 13, 6, 18, 10, 12, 4, 2, 20, 13, 5, 14, 7, 5, 17, 11, 13, 2, 1, 11, 17, 14, 18, 15, 6, 5, 7, 13, 15, 7, 3, 18, 12, 17, 6, 5, 5, 3, 7, 18, 6, 8, 12, 7, 18, 14, 14, 13, 17, 8, 9, 11, 12, 17, 15, 4, 20, 16, 20, 2, 14, 2, 9, 14, 16, 3, 17, 19, 19, 11, 10, 9, 1, 5, 18, 16, 16, 13, 9, 5, 19, 11, 10, 7, 6, 11, 3, 1, 6, 5, 19, 11, 1, 10, 8, 7, 6, 1, 9, 11, 8, 4, 20, 4, 20, 8, 1, 9, 3, 1, 6, 5, 18, 7, 19, 16, 11, 16, 4, 17, 10, 12, 16, 4, 1, 17, 6, 5, 15, 2, 18, 19, 19, 8, 19, 4, 20, 4, 16, 20, 9, 2, 8, 19, 17, 17, 16, 19, 20, 11, 20, 2, 8, 8, 4, 4, 8]
bestever    2425    in generation 54
[15, 12, 2, 13, 12, 2, 3, 13, 10, 9, 3, 6, 18, 10, 12, 13, 1, 15, 14, 3, 15, 10, 18, 15, 15, 14, 9, 14, 12, 10, 10, 3, 12, 7, 3, 13, 20, 14, 16, 7, 9, 1, 2, 15, 13, 6, 18, 10, 12, 4, 2, 20, 13, 5, 14, 7, 5, 17, 11, 13, 1, 11, 17, 14, 18, 15, 6, 5, 7, 13, 15, 7, 3, 18, 12, 17, 6, 5, 5, 3, 7, 18, 6, 8, 12, 7, 18, 14, 14, 13, 17, 9, 11, 15, 4, 16, 2, 14, 2, 9, 14, 16, 3, 19, 19, 11, 10, 9, 1, 5, 18, 16, 13, 9, 5, 11, 10, 7, 6, 1, 6, 5, 3, 11, 17, 12, 17, 2, 19, 8, 19, 20, 16, 20, 11, 1, 10, 8, 7, 6, 1, 9, 11, 8, 4, 20, 4, 20, 8, 1, 9, 3, 1, 6, 5, 18, 7, 19, 16, 11, 16, 4, 17, 10, 12, 16, 4, 1, 17, 6, 5, 15, 2, 18, 19, 19, 8, 19, 4, 20, 4, 16, 20, 9, 2, 8, 19, 17, 17, 16, 19, 20, 11, 20, 2, 8, 8, 4, 4, 8]
bestever    2359    in generation 57
[15, 12, 2, 13, 12, 2, 3, 13, 10, 9, 3, 6, 18, 10, 12, 13, 1, 15, 14, 3, 15, 10, 18, 15, 15, 14, 9, 14, 12, 10, 10, 3, 12, 7, 3, 13, 20, 14, 16, 7, 9, 1, 2, 15, 13, 6, 18, 10, 12, 4, 2, 20, 13, 5, 14, 7, 5, 17, 11, 13, 1, 11, 17, 14, 18, 15, 6, 5, 7, 13, 15, 7, 3, 18, 12, 17, 6, 5, 5, 3, 7, 18, 6, 8, 12, 7, 18, 14, 14, 17, 9, 11, 15, 4, 16, 2, 14, 2, 9, 14, 16, 3, 19, 19, 11, 10, 9, 1, 5, 18, 16, 13, 9, 5, 11, 10, 7, 6, 1, 6, 5, 3, 11, 17, 12, 17, 2, 19, 8, 19, 20, 16, 20, 11, 1, 10, 8, 7, 6, 1, 9, 11, 8, 4, 20, 4, 20, 8, 1, 9, 3, 1, 6, 5, 18, 7, 19, 16, 11, 16, 4, 17, 10, 12, 16, 4, 1, 17, 6, 5, 15, 2, 18, 19, 19, 8, 19, 4, 20, 4, 16, 20, 9, 8, 19, 17, 17, 2, 8, 16, 19, 20, 11, 20, 2, 13, 8, 4, 4, 8]
bestever    2354    in generation 75
[15, 12, 2, 13, 12, 2, 3, 13, 10, 9, 3, 6, 18, 10, 12, 13, 1, 15, 14, 3, 15, 10, 18, 15, 15, 14, 9, 14, 12, 10, 10, 3, 12, 7, 3, 13, 20, 14, 16, 7, 9, 1, 2, 15, 13, 6, 18, 10, 12, 2, 20, 13, 5, 14, 7, 5, 17, 11, 13, 1, 11, 17, 14, 18, 15, 6, 5, 7, 13, 15, 7, 3, 18, 12, 17, 6, 5, 5, 3, 7, 18, 6, 8, 12, 7, 18, 14, 14, 17, 9, 11, 15, 16, 2, 14, 9, 14, 16, 3, 11, 10, 9, 1, 5, 18, 13, 9, 5, 11, 10, 7, 6, 1, 6, 5, 3, 11, 12, 2, 8, 20, 20, 11, 1, 10, 8, 7, 6, 1, 9, 8, 4, 20, 4, 20, 8, 1, 9, 3, 1, 6, 19, 16, 11, 16, 4, 17, 16, 4, 17, 2, 19, 5, 18, 7, 19, 16, 11, 16, 4, 17, 10, 12, 4, 1, 17, 6, 5, 15, 2, 18, 19, 19, 19, 19, 8, 19, 4, 20, 4, 16, 20, 9, 8, 19, 17, 17, 2, 8, 16, 19, 20, 11, 20, 2, 13, 8, 4, 4, 8]
bestever    2349    in generation 88
[12, 2, 13, 12, 2, 3, 13, 10, 9, 3, 6, 15, 18, 10, 12, 13, 1, 15, 14, 3, 15, 10, 18, 15, 15, 14, 9, 14, 12, 10, 10, 3, 12, 7, 3, 13, 20, 14, 16, 7, 9, 1, 2, 15, 13, 6, 18, 10, 12, 2, 20, 13, 5, 14, 7, 5, 17, 11, 13, 1, 11, 17, 14, 18, 15, 6, 5, 7, 13, 15, 7, 3, 18, 12, 17, 6, 5, 5, 3, 7, 18, 6, 8, 12, 7, 18, 14, 14, 17, 9, 11, 15, 16, 2, 14, 9, 14, 16, 3, 11, 10, 9, 1, 5, 18, 13, 9, 5, 11, 10, 7, 6, 1, 6, 5, 3, 11, 12, 2, 8, 20, 20, 11, 1, 10, 8, 7, 6, 1, 9, 8, 4, 20, 4, 20, 8, 1, 9, 3, 1, 6, 19, 16, 11, 16, 4, 17, 16, 4, 17, 2, 19, 5, 18, 7, 19, 16, 11, 16, 4, 17, 10, 12, 4, 1, 17, 6, 5, 15, 2, 18, 19, 19, 19, 19, 8, 19, 4, 20, 4, 16, 20, 9, 8, 19, 17, 17, 2, 8, 16, 19, 20, 11, 20, 2, 13, 8, 4, 4, 8]
bestever    2346    in generation 102
[12, 2, 13, 12, 2, 3, 13, 10, 9, 3, 6, 15, 18, 10, 12, 13, 1, 15, 14, 3, 15, 10, 18, 15, 15, 14, 9, 14, 12, 10, 10, 3, 12, 7, 3, 13, 20, 14, 16, 7, 9, 1, 2, 15, 13, 6, 18, 10, 12, 2, 20, 13, 5, 14, 7, 5, 17, 11, 13, 1, 11, 17, 14, 18, 15, 6, 5, 7, 13, 15, 7, 3, 18, 12, 17, 6, 5, 5, 3, 7, 18, 6, 8, 12, 7, 18, 14, 14, 17, 9, 11, 15, 16, 14, 9, 14, 16, 3, 11, 10, 9, 1, 5, 18, 13, 9, 5, 11, 10, 7, 6, 1, 6, 5, 3, 11, 12, 2, 20, 11, 1, 10, 7, 6, 1, 4, 4, 20, 8, 1, 9, 3, 1, 6, 19, 16, 11, 16, 4, 17, 16, 4, 17, 2, 5, 18, 7, 16, 11, 10, 12, 1, 6, 5, 15, 2, 18, 8, 19, 4, 20, 4, 16, 19, 19, 19, 19, 8, 19, 4, 20, 4, 16, 20, 9, 8, 19, 17, 17, 2, 8, 20, 9, 8, 19, 17, 17, 2, 8, 16, 19, 20, 11, 20, 2, 13, 8, 4, 4, 8]
bestever    2314    in generation 116
[12, 2, 13, 12, 2, 3, 13, 10, 9, 3, 6, 15, 18, 10, 12, 13, 1, 15, 14, 3, 15, 10, 18, 15, 15, 14, 9, 14, 12, 10, 10, 3, 12, 7, 3, 13, 20, 14, 16, 7, 9, 1, 2, 15, 13, 6, 18, 10, 12, 2, 20, 13, 5, 14, 7, 5, 17, 11, 13, 1, 11, 17, 14, 18, 15, 6, 5, 7, 13, 15, 7, 3, 18, 12, 17, 6, 5, 5, 3, 7, 18, 6, 8, 12, 7, 18, 14, 14, 17, 9, 11, 15, 16, 14, 9, 14, 16, 3, 11, 10, 9, 1, 5, 18, 13, 9, 5, 11, 10, 7, 6, 1, 6, 5, 3, 11, 12, 2, 20, 11, 1, 10, 7, 6, 1, 4, 4, 20, 8, 1, 9, 3, 1, 6, 19, 16, 11, 16, 4, 17, 16, 4, 2, 5, 18, 7, 16, 11, 10, 12, 1, 6, 5, 15, 2, 18, 19, 4, 20, 4, 16, 19, 19, 19, 19, 4, 20, 4, 19, 2, 8, 20, 9, 8, 17, 8, 20, 9, 8, 19, 17, 17, 8, 16, 19, 17, 17, 2, 8, 16, 19, 20, 11, 20, 2, 13, 8, 4, 4, 8]
bestever    2306    in generation 177
[12, 2, 13, 12, 2, 3, 13, 10, 9, 3, 6, 15, 18, 10, 12, 13, 1, 15, 14, 3, 15, 10, 18, 15, 15, 14, 9, 14, 12, 10, 10, 3, 12, 7, 3, 13, 20, 14, 16, 7, 9, 1, 2, 15, 13, 6, 18, 10, 12, 2, 20, 13, 5, 14, 7, 5, 17, 11, 13, 1, 11, 17, 14, 18, 15, 6, 5, 7, 13, 15, 7, 3, 18, 12, 17, 6, 5, 5, 3, 7, 18, 6, 12, 7, 18, 14, 14, 17, 9, 11, 15, 16, 14, 9, 14, 16, 3, 11, 10, 9, 1, 5, 18, 13, 9, 5, 11, 10, 7, 6, 1, 6, 5, 3, 11, 12, 2, 20, 8, 1, 10, 7, 6, 1, 4, 4, 20, 1, 9, 3, 1, 6, 19, 16, 11, 16, 4, 17, 16, 4, 2, 5, 18, 7, 16, 11, 10, 12, 1, 6, 5, 15, 18, 19, 4, 4, 19, 19, 19, 19, 4, 4, 20, 20, 8, 16, 19, 2, 8, 2, 8, 20, 9, 8, 17, 8, 20, 9, 11, 19, 17, 17, 8, 16, 19, 17, 17, 2, 8, 16, 19, 20, 11, 20, 2, 13, 8, 4, 4, 8]
bestever    2289    in generation 198
[12, 2, 13, 12, 2, 3, 13, 10, 9, 3, 6, 15, 18, 10, 12, 13, 1, 15, 14, 3, 15, 10, 18, 15, 15, 14, 9, 14, 12, 10, 10, 3, 12, 7, 3, 13, 20, 14, 16, 7, 9, 1, 2, 15, 13, 6, 18, 10, 12, 2, 20, 13, 5, 14, 7, 5, 17, 11, 13, 1, 11, 17, 14, 18, 15, 6, 5, 7, 13, 15, 7, 3, 18, 12, 17, 6, 5, 5, 3, 7, 18, 6, 12, 7, 18, 14, 14, 17, 9, 11, 15, 16, 14, 9, 14, 16, 3, 11, 10, 9, 1, 5, 18, 13, 9, 5, 11, 10, 7, 6, 1, 6, 5, 3, 11, 12, 2, 20, 8, 1, 10, 7, 6, 1, 4, 4, 20, 1, 9, 3, 1, 6, 19, 16, 11, 16, 4, 17, 16, 4, 2, 5, 18, 7, 16, 11, 10, 12, 1, 6, 5, 15, 18, 19, 4, 4, 19, 19, 19, 19, 4, 4, 20, 20, 8, 16, 19, 2, 8, 2, 8, 20, 9, 8, 17, 8, 20, 9, 11, 19, 17, 17, 8, 16, 20, 17, 17, 2, 8, 16, 19, 20, 11, 19, 2, 13, 8, 4, 4, 8]
bestever    2281    in generation 202
[12, 2, 13, 12, 2, 3, 13, 10, 9, 3, 6, 15, 18, 10, 12, 13, 1, 15, 14, 3, 15, 10, 18, 15, 15, 14, 9, 14, 12, 10, 10, 3, 12, 7, 3, 13, 20, 14, 16, 7, 9, 1, 2, 15, 13, 6, 18, 10, 12, 2, 20, 13, 5, 14, 7, 5, 17, 11, 13, 1, 11, 17, 14, 18, 15, 6, 5, 7, 13, 15, 7, 3, 18, 12, 17, 6, 5, 5, 3, 7, 18, 6, 12, 7, 18, 14, 14, 17, 9, 11, 15, 16, 14, 9, 14, 16, 3, 11, 10, 9, 1, 5, 18, 13, 9, 5, 11, 10, 7, 6, 1, 6, 5, 3, 11, 12, 2, 20, 8, 1, 10, 7, 6, 1, 4, 4, 20, 1, 9, 3, 1, 6, 19, 16, 11, 16, 4, 16, 4, 2, 5, 18, 7, 16, 11, 10, 12, 1, 6, 5, 15, 18, 19, 4, 4, 19, 19, 19, 4, 4, 20, 20, 8, 2, 8, 2, 20, 9, 8, 8, 20, 9, 11, 19, 17, 17, 8, 16, 20, 19, 17, 17, 8, 16, 19, 17, 17, 2, 8, 16, 19, 20, 11, 19, 2, 13, 8, 4, 4, 8]
bestever    2256    in generation 260
[12, 2, 13, 12, 2, 3, 13, 10, 9, 3, 6, 15, 18, 10, 12, 13, 1, 15, 14, 3, 15, 10, 18, 15, 15, 14, 9, 14, 12, 10, 10, 3, 12, 7, 3, 13, 20, 14, 16, 7, 9, 1, 15, 13, 6, 18, 10, 12, 20, 13, 5, 14, 7, 5, 17, 11, 3, 1, 11, 17, 14, 18, 15, 6, 5, 7, 13, 15, 7, 3, 18, 12, 6, 5, 5, 13, 7, 18, 6, 12, 7, 18, 14, 14, 9, 11, 15, 16, 14, 9, 14, 16, 3, 11, 10, 9, 1, 5, 18, 13, 9, 5, 11, 10, 7, 6, 1, 6, 5, 3, 11, 12, 2, 20, 1, 10, 7, 6, 1, 4, 4, 20, 1, 9, 3, 1, 6, 19, 16, 11, 16, 4, 4, 2, 5, 18, 7, 16, 10, 12, 1, 6, 5, 15, 18, 19, 4, 4, 19, 4, 4, 8, 20, 2, 11, 19, 20, 19, 17, 17, 8, 2, 8, 2, 20, 9, 8, 8, 9, 11, 17, 17, 20, 16, 19, 2, 8, 16, 20, 19, 17, 17, 8, 16, 19, 17, 17, 2, 8, 16, 19, 20, 11, 19, 2, 13, 8, 4, 4, 8]
bestever    2244    in generation 268
[12, 2, 13, 12, 2, 3, 13, 10, 9, 3, 6, 15, 18, 10, 12, 13, 1, 15, 14, 3, 15, 10, 18, 15, 15, 14, 9, 14, 12, 10, 10, 3, 12, 7, 3, 13, 20, 14, 16, 7, 9, 1, 15, 13, 6, 18, 10, 12, 20, 13, 5, 14, 7, 5, 17, 11, 3, 1, 11, 17, 14, 18, 15, 6, 5, 7, 13, 15, 7, 3, 18, 12, 6, 5, 5, 13, 7, 18, 6, 12, 7, 18, 14, 14, 9, 11, 15, 16, 14, 9, 14, 16, 3, 11, 10, 9, 1, 5, 18, 13, 9, 5, 11, 10, 7, 6, 1, 6, 5, 3, 11, 2, 20, 1, 10, 7, 6, 1, 4, 4, 20, 1, 9, 3, 1, 6, 19, 16, 11, 16, 4, 4, 2, 5, 18, 7, 16, 10, 12, 1, 6, 5, 15, 18, 19, 4, 4, 19, 4, 8, 20, 2, 11, 19, 20, 17, 17, 8, 8, 20, 9, 9, 11, 2, 8, 19, 8, 16, 19, 20, 17, 17, 20, 16, 19, 2, 8, 16, 20, 19, 17, 17, 8, 16, 19, 17, 17, 2, 8, 11, 19, 2, 8, 4, 4, 12, 2, 13, 4, 8]
bestever    2181    in generation 277
[12, 2, 13, 12, 2, 15, 13, 10, 9, 3, 6, 15, 18, 10, 12, 13, 1, 15, 14, 3, 15, 10, 18, 15, 3, 14, 9, 14, 12, 10, 10, 3, 12, 7, 3, 13, 20, 14, 16, 7, 9, 1, 15, 13, 6, 18, 10, 12, 20, 13, 5, 14, 7, 5, 17, 11, 3, 1, 11, 17, 14, 18, 15, 6, 5, 7, 13, 15, 7, 3, 18, 12, 6, 5, 5, 13, 7, 18, 6, 12, 7, 18, 14, 14, 9, 11, 15, 16, 14, 9, 14, 16, 3, 11, 10, 9, 1, 5, 18, 13, 9, 5, 11, 10, 7, 6, 1, 6, 5, 3, 11, 2, 20, 1, 10, 7, 6, 1, 4, 4, 20, 1, 9, 3, 1, 6, 19, 16, 11, 16, 4, 4, 2, 5, 18, 7, 16, 10, 12, 1, 6, 5, 15, 18, 19, 4, 4, 19, 4, 8, 20, 2, 11, 19, 20, 17, 17, 8, 8, 20, 9, 9, 11, 2, 8, 19, 8, 16, 19, 20, 17, 17, 20, 16, 19, 2, 8, 16, 20, 19, 17, 17, 8, 16, 19, 17, 17, 2, 8, 11, 19, 2, 8, 4, 4, 12, 2, 13, 4, 8]
bestever    2168    in generation 287
[12, 2, 13, 12, 2, 15, 13, 10, 9, 3, 6, 15, 18, 10, 12, 13, 1, 15, 14, 3, 15, 10, 18, 15, 3, 14, 9, 14, 12, 10, 10, 3, 12, 7, 3, 13, 20, 14, 16, 7, 9, 1, 15, 13, 6, 18, 10, 12, 20, 13, 5, 14, 7, 5, 17, 11, 3, 1, 11, 17, 14, 18, 15, 6, 5, 7, 13, 15, 7, 3, 18, 12, 6, 5, 5, 13, 7, 18, 6, 12, 7, 18, 14, 14, 9, 11, 15, 16, 14, 9, 14, 16, 3, 11, 10, 9, 1, 5, 18, 13, 9, 5, 11, 10, 7, 6, 1, 6, 5, 3, 11, 2, 20, 1, 10, 7, 6, 1, 4, 4, 20, 1, 9, 3, 1, 6, 19, 16, 11, 16, 4, 4, 2, 5, 18, 7, 16, 10, 12, 1, 6, 5, 15, 18, 19, 4, 4, 19, 4, 8, 20, 2, 11, 19, 20, 17, 17, 8, 8, 20, 9, 9, 11, 2, 8, 19, 8, 16, 19, 20, 17, 17, 20, 16, 19, 2, 17, 16, 20, 19, 17, 17, 8, 16, 19, 8, 17, 2, 8, 11, 19, 2, 8, 4, 4, 12, 2, 13, 4, 8]
bestever    2139    in generation 333
[12, 13, 12, 15, 13, 10, 9, 3, 6, 15, 18, 10, 12, 13, 1, 15, 14, 3, 15, 10, 18, 15, 3, 14, 9, 14, 12, 10, 10, 3, 12, 7, 3, 13, 20, 14, 16, 7, 9, 1, 15, 13, 6, 18, 10, 12, 20, 13, 5, 14, 7, 5, 17, 11, 3, 1, 11, 17, 14, 18, 15, 6, 5, 7, 13, 15, 7, 3, 18, 12, 6, 5, 5, 13, 7, 18, 6, 12, 7, 18, 14, 14, 9, 11, 15, 16, 14, 9, 14, 16, 3, 11, 10, 9, 1, 5, 18, 13, 9, 5, 11, 10, 7, 6, 1, 6, 5, 3, 11, 20, 1, 10, 7, 6, 1, 4, 4, 20, 1, 9, 3, 1, 6, 19, 16, 11, 16, 4, 4, 2, 5, 18, 7, 10, 12, 1, 6, 5, 15, 18, 19, 4, 4, 4, 20, 2, 11, 20, 20, 9, 9, 2, 8, 20, 16, 19, 2, 17, 16, 20, 19, 17, 17, 8, 16, 19, 8, 17, 2, 8, 11, 19, 2, 8, 19, 2, 17, 16, 20, 19, 17, 17, 8, 16, 19, 8, 17, 2, 8, 11, 19, 2, 8, 4, 4, 12, 2, 13, 4, 8]
bestever    2137    in generation 350
[12, 13, 12, 15, 13, 10, 9, 3, 6, 15, 18, 10, 12, 13, 1, 15, 14, 3, 15, 10, 18, 15, 3, 14, 9, 14, 12, 10, 10, 3, 12, 7, 3, 13, 20, 14, 16, 7, 9, 1, 15, 13, 6, 18, 10, 12, 4, 13, 5, 14, 7, 5, 17, 11, 3, 1, 11, 17, 14, 18, 15, 6, 5, 7, 13, 15, 7, 3, 18, 12, 6, 5, 5, 13, 7, 18, 6, 12, 7, 18, 14, 14, 9, 11, 15, 16, 14, 9, 14, 16, 3, 11, 10, 9, 1, 5, 18, 13, 9, 5, 11, 10, 7, 6, 1, 6, 5, 3, 11, 20, 1, 10, 7, 6, 1, 4, 4, 20, 1, 9, 3, 1, 6, 19, 16, 11, 16, 4, 20, 2, 5, 18, 7, 10, 12, 1, 6, 5, 15, 18, 19, 4, 4, 4, 20, 2, 20, 20, 9, 9, 20, 16, 19, 17, 16, 20, 17, 17, 8, 2, 8, 11, 2, 8, 19, 2, 16, 19, 17, 8, 11, 19, 2, 8, 19, 2, 17, 16, 20, 19, 17, 17, 8, 16, 19, 8, 17, 2, 8, 11, 19, 2, 8, 4, 4, 12, 2, 13, 4, 8]
bestever    2136    in generation 352
[12, 13, 12, 15, 13, 10, 9, 3, 6, 15, 18, 10, 12, 13, 1, 15, 14, 3, 15, 10, 18, 15, 3, 14, 9, 14, 12, 10, 10, 3, 12, 7, 3, 13, 20, 14, 16, 7, 9, 1, 15, 13, 6, 18, 10, 12, 4, 13, 5, 14, 7, 5, 17, 11, 3, 1, 11, 17, 14, 18, 15, 6, 5, 7, 13, 15, 7, 3, 18, 12, 6, 5, 5, 13, 7, 18, 6, 12, 7, 18, 14, 14, 9, 11, 15, 16, 14, 9, 12, 16, 3, 11, 10, 9, 1, 5, 18, 13, 9, 5, 11, 10, 7, 6, 1, 6, 5, 3, 11, 20, 1, 10, 7, 6, 1, 4, 4, 20, 1, 9, 3, 1, 6, 19, 16, 11, 16, 4, 20, 2, 5, 18, 7, 10, 14, 1, 6, 5, 15, 18, 19, 4, 4, 4, 20, 2, 20, 20, 9, 9, 20, 16, 19, 17, 16, 20, 17, 17, 8, 2, 8, 11, 2, 8, 19, 2, 16, 19, 17, 8, 11, 19, 2, 8, 19, 2, 17, 16, 20, 19, 17, 17, 8, 16, 19, 8, 17, 2, 8, 11, 19, 2, 8, 4, 4, 12, 2, 13, 4, 8]
bestever    2132    in generation 371
[12, 13, 12, 15, 13, 10, 9, 3, 6, 15, 18, 10, 12, 13, 1, 15, 14, 3, 15, 10, 18, 15, 3, 14, 9, 18, 12, 10, 10, 3, 12, 7, 3, 13, 20, 14, 16, 7, 9, 1, 15, 13, 6, 18, 10, 12, 4, 13, 5, 14, 7, 5, 17, 11, 3, 1, 11, 17, 14, 18, 15, 6, 5, 7, 13, 15, 7, 3, 18, 12, 6, 5, 5, 13, 7, 18, 6, 12, 7, 18, 14, 14, 9, 11, 15, 16, 14, 9, 12, 16, 3, 11, 10, 9, 1, 5, 14, 13, 9, 5, 11, 10, 7, 6, 1, 6, 5, 3, 11, 20, 1, 10, 7, 6, 1, 4, 4, 20, 1, 9, 3, 1, 6, 19, 16, 11, 16, 4, 20, 2, 5, 18, 7, 10, 14, 1, 6, 5, 15, 18, 19, 4, 4, 4, 20, 2, 20, 20, 9, 9, 20, 16, 19, 17, 16, 20, 17, 17, 8, 2, 8, 11, 2, 8, 19, 2, 16, 19, 17, 8, 11, 19, 2, 8, 19, 2, 17, 16, 20, 19, 17, 17, 8, 16, 19, 8, 17, 2, 8, 11, 19, 2, 8, 4, 4, 12, 2, 13, 4, 8]
bestever    2123    in generation 398
[12, 13, 12, 15, 13, 10, 9, 3, 6, 15, 18, 10, 12, 13, 1, 15, 14, 3, 15, 10, 18, 15, 3, 14, 9, 18, 12, 10, 10, 3, 12, 7, 3, 13, 20, 14, 16, 7, 9, 1, 15, 13, 6, 18, 10, 12, 4, 13, 5, 14, 7, 5, 17, 11, 3, 1, 11, 17, 14, 18, 15, 6, 5, 7, 13, 15, 7, 3, 18, 12, 6, 5, 5, 13, 7, 18, 6, 18, 7, 18, 14, 14, 9, 11, 15, 16, 14, 9, 12, 16, 3, 11, 10, 9, 1, 5, 14, 13, 9, 5, 11, 10, 7, 6, 1, 6, 5, 3, 11, 20, 1, 10, 7, 6, 1, 4, 4, 20, 1, 9, 3, 1, 6, 19, 16, 11, 16, 4, 20, 2, 5, 12, 7, 10, 14, 1, 6, 5, 15, 18, 19, 4, 4, 4, 20, 2, 20, 20, 9, 9, 20, 16, 19, 17, 16, 20, 17, 17, 8, 2, 8, 11, 2, 8, 19, 2, 16, 19, 17, 8, 11, 19, 19, 2, 17, 16, 20, 17, 17, 16, 19, 8, 2, 8, 19, 8, 17, 2, 8, 11, 19, 2, 8, 4, 4, 12, 2, 13, 4, 8]
bestever    2101    in generation 400
[12, 13, 12, 15, 13, 10, 9, 3, 6, 15, 18, 10, 12, 13, 1, 15, 14, 3, 15, 10, 18, 15, 3, 14, 9, 18, 12, 10, 10, 3, 12, 7, 3, 13, 20, 14, 16, 7, 9, 1, 15, 13, 6, 18, 10, 12, 12, 13, 5, 14, 7, 5, 17, 11, 3, 1, 11, 17, 14, 18, 15, 6, 5, 7, 13, 15, 7, 3, 18, 12, 6, 5, 5, 13, 7, 18, 6, 12, 7, 18, 14, 14, 9, 11, 15, 16, 14, 9, 12, 16, 3, 11, 10, 9, 1, 5, 14, 13, 9, 5, 11, 10, 7, 6, 1, 6, 5, 3, 11, 20, 1, 10, 7, 6, 1, 4, 4, 20, 1, 9, 3, 1, 6, 19, 16, 11, 16, 4, 20, 2, 5, 18, 7, 10, 14, 1, 6, 5, 15, 18, 19, 4, 4, 4, 20, 2, 20, 20, 9, 9, 20, 16, 19, 17, 16, 20, 17, 17, 8, 2, 8, 11, 2, 8, 19, 2, 16, 19, 17, 8, 11, 19, 19, 2, 17, 16, 20, 17, 17, 16, 19, 8, 2, 8, 19, 8, 17, 2, 8, 11, 19, 2, 8, 4, 4, 4, 2, 13, 4, 8]
bestever    2061    in generation 444
[12, 13, 12, 15, 13, 10, 9, 3, 6, 15, 18, 10, 12, 13, 1, 15, 14, 3, 15, 10, 18, 15, 3, 14, 9, 18, 12, 10, 10, 3, 12, 7, 3, 13, 20, 14, 16, 7, 9, 1, 15, 13, 6, 18, 10, 12, 12, 13, 5, 14, 7, 5, 17, 11, 3, 1, 11, 17, 14, 18, 15, 6, 5, 7, 13, 15, 7, 3, 18, 12, 6, 5, 5, 13, 7, 18, 6, 12, 7, 18, 14, 14, 9, 11, 15, 16, 14, 9, 12, 16, 3, 11, 10, 9, 1, 5, 14, 13, 9, 5, 11, 10, 7, 6, 1, 6, 5, 3, 11, 20, 1, 10, 7, 6, 1, 4, 4, 20, 1, 9, 3, 20, 6, 19, 16, 11, 16, 4, 20, 2, 5, 18, 7, 10, 14, 1, 6, 5, 15, 18, 19, 4, 4, 20, 2, 20, 20, 9, 9, 20, 16, 19, 17, 16, 1, 17, 17, 8, 2, 8, 11, 2, 8, 19, 2, 16, 19, 17, 8, 11, 19, 19, 2, 17, 16, 20, 17, 17, 16, 19, 8, 4, 2, 8, 19, 8, 17, 2, 8, 11, 19, 2, 8, 4, 4, 4, 2, 13, 4, 8]
bestever    2044    in generation 463
[12, 13, 12, 15, 13, 10, 9, 3, 6, 15, 18, 10, 12, 13, 1, 15, 14, 3, 15, 10, 18, 15, 3, 14, 9, 18, 12, 10, 10, 3, 12, 7, 3, 13, 20, 14, 16, 7, 9, 1, 15, 13, 6, 18, 10, 12, 12, 13, 5, 14, 7, 5, 17, 11, 3, 1, 11, 17, 14, 18, 15, 6, 5, 7, 13, 15, 7, 3, 18, 12, 6, 5, 5, 13, 7, 18, 6, 12, 7, 18, 14, 14, 9, 11, 15, 16, 14, 9, 12, 16, 3, 11, 10, 9, 1, 5, 14, 13, 9, 5, 11, 10, 7, 6, 1, 6, 5, 3, 11, 20, 1, 10, 7, 6, 1, 4, 4, 20, 1, 9, 3, 20, 6, 19, 16, 11, 16, 4, 20, 2, 5, 18, 7, 10, 14, 1, 6, 5, 15, 18, 19, 4, 4, 20, 2, 20, 20, 9, 9, 20, 16, 19, 17, 16, 1, 17, 17, 8, 2, 8, 11, 2, 8, 19, 2, 16, 19, 17, 8, 11, 19, 19, 2, 17, 16, 20, 17, 17, 16, 19, 8, 4, 2, 8, 19, 8, 17, 2, 8, 11, 19, 2, 8, 4, 4, 4, 2, 13, 8, 4]
bestever    2035    in generation 487
[12, 13, 12, 15, 13, 10, 9, 3, 6, 15, 18, 10, 12, 13, 1, 15, 14, 3, 15, 10, 18, 15, 3, 18, 9, 14, 12, 10, 10, 3, 12, 7, 3, 13, 20, 14, 16, 7, 9, 1, 15, 13, 6, 18, 10, 12, 12, 13, 5, 14, 7, 5, 17, 11, 3, 1, 11, 17, 14, 18, 15, 6, 5, 7, 13, 15, 7, 3, 18, 12, 6, 5, 5, 13, 7, 18, 6, 12, 7, 18, 14, 14, 9, 11, 15, 16, 14, 9, 12, 16, 3, 11, 10, 9, 1, 5, 14, 13, 9, 5, 11, 10, 7, 6, 1, 6, 5, 3, 11, 20, 1, 10, 7, 6, 1, 4, 4, 20, 1, 9, 3, 20, 6, 19, 16, 11, 16, 4, 20, 2, 5, 18, 7, 10, 14, 1, 6, 5, 15, 18, 19, 4, 4, 20, 2, 20, 20, 9, 9, 20, 16, 19, 17, 16, 1, 17, 17, 8, 2, 8, 11, 2, 8, 19, 2, 16, 19, 17, 8, 11, 19, 19, 2, 17, 16, 20, 17, 17, 16, 19, 8, 4, 2, 8, 19, 8, 17, 2, 8, 11, 19, 2, 8, 4, 4, 4, 2, 13, 8, 4]
bestever    2032    in generation 605
[12, 13, 12, 15, 13, 10, 9, 3, 6, 15, 18, 10, 12, 13, 1, 15, 14, 3, 15, 10, 18, 15, 3, 18, 9, 14, 12, 10, 10, 3, 12, 7, 3, 13, 20, 14, 16, 7, 9, 1, 15, 13, 6, 18, 10, 12, 12, 13, 5, 14, 7, 5, 19, 11, 3, 1, 11, 17, 14, 18, 15, 6, 5, 7, 20, 15, 7, 3, 18, 12, 6, 5, 5, 13, 7, 18, 6, 12, 7, 18, 14, 14, 9, 11, 15, 16, 14, 9, 12, 16, 3, 11, 10, 9, 1, 5, 14, 13, 9, 5, 11, 10, 7, 6, 1, 6, 5, 3, 11, 13, 1, 10, 7, 6, 1, 4, 4, 20, 1, 9, 3, 20, 6, 19, 16, 11, 16, 4, 20, 2, 5, 18, 7, 10, 14, 1, 6, 5, 15, 18, 19, 4, 4, 20, 2, 20, 20, 9, 9, 20, 16, 17, 17, 16, 1, 17, 17, 8, 2, 8, 11, 2, 8, 19, 2, 16, 19, 17, 8, 11, 19, 19, 2, 17, 16, 20, 17, 17, 16, 19, 8, 4, 2, 8, 19, 8, 17, 2, 8, 11, 19, 2, 8, 4, 4, 4, 2, 13, 8, 4]
bestever    2023    in generation 732
[12, 13, 12, 15, 13, 10, 9, 3, 6, 15, 18, 10, 12, 13, 1, 15, 14, 3, 15, 10, 18, 15, 3, 18, 9, 14, 12, 10, 10, 3, 12, 7, 3, 13, 20, 14, 16, 7, 18, 9, 1, 15, 13, 6, 18, 10, 12, 12, 13, 5, 14, 7, 5, 19, 11, 3, 1, 11, 17, 14, 18, 15, 6, 5, 7, 20, 15, 7, 3, 18, 12, 6, 5, 5, 13, 7, 6, 12, 7, 18, 14, 14, 9, 11, 15, 16, 14, 9, 12, 16, 3, 11, 10, 9, 1, 5, 14, 13, 9, 5, 11, 10, 7, 6, 1, 6, 5, 3, 11, 13, 1, 10, 7, 6, 1, 4, 4, 20, 1, 9, 3, 20, 6, 18, 16, 11, 16, 4, 20, 5, 2, 19, 7, 10, 14, 1, 6, 5, 15, 18, 19, 20, 2, 20, 20, 9, 9, 20, 16, 17, 1, 17, 17, 8, 2, 8, 4, 4, 11, 2, 8, 19, 2, 16, 8, 2, 20, 17, 16, 17, 17, 16, 19, 19, 11, 19, 17, 17, 16, 19, 8, 4, 2, 8, 19, 8, 17, 2, 8, 11, 19, 2, 8, 4, 4, 4, 2, 13, 8, 4]
bestever    2012    in generation 777
[12, 13, 12, 15, 13, 10, 9, 3, 6, 15, 18, 10, 12, 13, 1, 15, 14, 3, 15, 10, 18, 15, 3, 18, 9, 14, 12, 10, 10, 3, 12, 7, 3, 13, 20, 14, 16, 7, 18, 9, 1, 15, 13, 6, 18, 10, 12, 12, 13, 5, 14, 7, 5, 19, 11, 3, 1, 11, 17, 14, 18, 15, 6, 5, 7, 20, 15, 7, 3, 18, 12, 6, 5, 5, 13, 7, 6, 12, 7, 18, 14, 14, 9, 11, 15, 16, 14, 9, 12, 16, 3, 11, 10, 9, 1, 5, 14, 13, 9, 5, 11, 10, 7, 6, 1, 6, 5, 3, 11, 13, 1, 10, 7, 6, 1, 4, 20, 1, 9, 3, 20, 6, 18, 16, 11, 16, 4, 20, 5, 2, 7, 10, 14, 1, 6, 5, 15, 18, 19, 20, 2, 20, 20, 9, 9, 20, 16, 17, 1, 17, 17, 8, 2, 8, 4, 4, 2, 19, 16, 20, 17, 16, 4, 2, 8, 2, 8, 17, 17, 16, 19, 19, 11, 19, 11, 19, 17, 17, 16, 19, 8, 4, 2, 8, 19, 8, 17, 2, 8, 11, 19, 2, 8, 4, 4, 4, 2, 13, 8, 4]
bestever    2010    in generation 800
[12, 13, 12, 15, 13, 10, 9, 3, 6, 15, 18, 10, 12, 13, 1, 15, 14, 3, 15, 10, 18, 15, 3, 18, 9, 14, 12, 10, 10, 3, 12, 7, 3, 13, 20, 14, 16, 7, 18, 9, 1, 15, 13, 6, 18, 10, 12, 12, 13, 5, 14, 7, 5, 19, 17, 3, 1, 11, 17, 14, 18, 15, 6, 5, 7, 20, 15, 7, 3, 18, 12, 6, 5, 5, 13, 7, 6, 12, 7, 18, 14, 14, 9, 11, 15, 16, 14, 9, 12, 16, 3, 11, 10, 9, 1, 5, 14, 13, 9, 5, 11, 10, 7, 6, 1, 6, 5, 3, 11, 13, 1, 10, 7, 6, 1, 4, 20, 1, 9, 3, 20, 6, 18, 16, 16, 20, 5, 2, 7, 10, 14, 1, 6, 5, 15, 18, 19, 20, 2, 20, 20, 9, 9, 20, 16, 17, 1, 17, 17, 8, 2, 4, 4, 2, 19, 16, 20, 17, 16, 4, 17, 17, 16, 11, 8, 4, 2, 8, 19, 8, 2, 19, 11, 19, 11, 19, 17, 11, 16, 19, 8, 4, 2, 8, 19, 8, 17, 2, 8, 11, 19, 2, 8, 4, 4, 4, 2, 13, 8, 4]
bestever    2000    in generation 803
[12, 13, 12, 15, 13, 10, 9, 3, 6, 15, 18, 10, 12, 13, 1, 15, 14, 3, 15, 10, 18, 15, 3, 18, 9, 14, 12, 10, 10, 3, 12, 7, 3, 13, 20, 14, 16, 7, 18, 9, 1, 15, 13, 6, 18, 10, 12, 12, 13, 5, 14, 7, 5, 19, 17, 3, 1, 11, 17, 14, 18, 15, 6, 5, 7, 20, 15, 7, 3, 18, 12, 6, 1, 5, 13, 7, 6, 12, 7, 18, 14, 14, 9, 11, 15, 16, 14, 9, 12, 16, 3, 11, 10, 9, 1, 5, 14, 13, 9, 5, 11, 10, 7, 6, 1, 6, 5, 3, 11, 13, 5, 10, 7, 6, 1, 4, 20, 1, 9, 3, 20, 6, 18, 16, 16, 20, 5, 2, 7, 10, 14, 1, 6, 5, 15, 18, 19, 20, 2, 20, 20, 9, 9, 20, 16, 17, 1, 17, 17, 8, 2, 4, 4, 2, 19, 16, 20, 17, 16, 4, 17, 17, 16, 11, 8, 4, 2, 8, 19, 8, 2, 19, 11, 19, 11, 19, 17, 11, 16, 19, 8, 4, 2, 8, 19, 8, 17, 2, 8, 11, 19, 2, 8, 4, 4, 4, 2, 13, 8, 4]
bestever    1996    in generation 838
[12, 13, 12, 15, 13, 10, 9, 3, 6, 15, 18, 10, 12, 13, 1, 15, 14, 3, 15, 10, 18, 15, 3, 18, 9, 14, 12, 10, 10, 3, 12, 7, 3, 13, 20, 14, 16, 7, 18, 9, 2, 15, 13, 6, 18, 10, 12, 12, 13, 5, 14, 7, 5, 19, 17, 3, 1, 11, 17, 14, 18, 15, 6, 5, 7, 20, 15, 7, 3, 18, 12, 6, 1, 5, 13, 7, 6, 12, 7, 18, 14, 14, 9, 11, 15, 16, 14, 9, 12, 16, 3, 11, 10, 9, 1, 5, 14, 13, 9, 5, 11, 10, 7, 6, 1, 6, 5, 3, 11, 13, 5, 10, 7, 6, 1, 4, 20, 1, 9, 3, 20, 6, 18, 16, 16, 20, 5, 2, 7, 10, 14, 1, 6, 5, 15, 18, 19, 20, 2, 20, 20, 9, 9, 20, 16, 17, 1, 17, 17, 8, 2, 4, 4, 2, 19, 16, 20, 17, 16, 4, 17, 17, 16, 11, 8, 4, 1, 8, 19, 8, 2, 19, 11, 19, 11, 19, 17, 11, 16, 19, 8, 4, 2, 8, 19, 8, 17, 2, 8, 11, 19, 2, 8, 4, 4, 4, 2, 13, 8, 4]
bestever    1983    in generation 881
[12, 13, 12, 15, 13, 10, 9, 3, 6, 15, 18, 10, 12, 13, 1, 15, 14, 3, 15, 10, 18, 15, 3, 18, 9, 14, 12, 10, 10, 3, 12, 7, 3, 1, 20, 14, 16, 7, 18, 9, 2, 15, 13, 6, 18, 10, 12, 12, 13, 5, 14, 7, 5, 19, 17, 3, 1, 11, 17, 14, 18, 15, 6, 5, 7, 20, 15, 7, 3, 18, 12, 6, 1, 5, 13, 7, 6, 12, 7, 18, 14, 14, 9, 11, 15, 16, 14, 9, 12, 16, 3, 11, 10, 9, 1, 5, 14, 13, 9, 5, 11, 10, 7, 6, 1, 6, 5, 3, 11, 13, 5, 10, 7, 6, 1, 4, 20, 13, 9, 3, 20, 6, 18, 16, 16, 20, 5, 2, 7, 10, 14, 1, 6, 5, 15, 18, 19, 20, 2, 20, 20, 9, 9, 20, 16, 17, 1, 17, 17, 2, 19, 16, 20, 2, 8, 4, 4, 17, 16, 4, 17, 17, 16, 11, 8, 4, 1, 8, 19, 8, 2, 19, 11, 19, 11, 19, 17, 11, 16, 19, 8, 4, 2, 8, 19, 8, 17, 2, 8, 11, 19, 2, 8, 4, 4, 4, 2, 13, 8, 4]
bestever    1979    in generation 954
[12, 13, 12, 15, 13, 10, 9, 3, 6, 15, 18, 10, 12, 13, 1, 15, 14, 3, 15, 10, 18, 15, 3, 18, 9, 14, 12, 10, 10, 3, 12, 7, 3, 1, 20, 10, 16, 7, 18, 9, 2, 15, 13, 6, 18, 14, 12, 12, 13, 5, 14, 7, 5, 19, 17, 3, 1, 11, 17, 14, 18, 15, 6, 5, 7, 20, 15, 7, 3, 18, 12, 6, 1, 5, 13, 7, 6, 12, 7, 18, 14, 14, 9, 11, 15, 16, 14, 9, 12, 16, 3, 11, 10, 9, 1, 5, 14, 13, 9, 5, 11, 10, 7, 6, 1, 6, 5, 3, 11, 13, 5, 10, 7, 6, 1, 4, 20, 13, 9, 3, 20, 6, 18, 16, 16, 20, 5, 2, 7, 10, 14, 1, 6, 5, 15, 18, 19, 20, 2, 20, 20, 9, 9, 20, 16, 17, 1, 17, 17, 19, 16, 20, 2, 8, 4, 17, 16, 4, 17, 17, 16, 11, 4, 1, 19, 2, 19, 11, 19, 17, 11, 8, 2, 8, 19, 8, 11, 16, 19, 8, 2, 8, 19, 8, 17, 2, 11, 19, 2, 8, 4, 4, 8, 4, 4, 4, 2, 13, 8, 4]
bestever    1973    in generation 962
[12, 13, 12, 15, 13, 10, 9, 3, 6, 15, 18, 10, 12, 13, 1, 15, 14, 3, 15, 10, 18, 15, 3, 18, 9, 14, 12, 10, 10, 3, 12, 7, 3, 1, 20, 10, 16, 7, 18, 9, 2, 15, 13, 6, 18, 14, 12, 12, 13, 5, 14, 7, 5, 19, 17, 3, 1, 11, 17, 14, 18, 15, 6, 5, 10, 20, 15, 7, 3, 18, 12, 6, 1, 5, 13, 7, 6, 12, 7, 18, 14, 14, 9, 11, 15, 16, 14, 9, 12, 16, 3, 11, 7, 9, 1, 5, 14, 13, 9, 5, 11, 10, 7, 6, 1, 6, 5, 3, 11, 13, 5, 10, 7, 6, 1, 20, 13, 9, 3, 20, 6, 18, 16, 16, 20, 5, 2, 7, 10, 14, 1, 6, 5, 15, 18, 19, 20, 2, 20, 20, 9, 9, 20, 16, 17, 1, 17, 17, 19, 16, 20, 2, 8, 17, 16, 4, 17, 17, 16, 11, 4, 1, 19, 2, 19, 11, 19, 17, 11, 19, 11, 8, 8, 8, 2, 16, 19, 8, 19, 8, 2, 8, 4, 4, 17, 2, 11, 19, 2, 8, 4, 4, 8, 4, 4, 4, 2, 13, 8, 4]
bestever    1970    in generation 1025
[12, 13, 12, 15, 13, 10, 9, 3, 6, 15, 18, 10, 12, 13, 1, 15, 14, 3, 15, 10, 18, 15, 3, 18, 9, 14, 12, 10, 10, 3, 12, 7, 3, 1, 20, 10, 16, 7, 18, 9, 2, 15, 13, 6, 18, 14, 12, 12, 13, 5, 14, 7, 5, 19, 17, 3, 1, 11, 17, 14, 18, 15, 6, 5, 10, 20, 15, 7, 3, 18, 12, 6, 1, 5, 13, 7, 6, 12, 7, 18, 14, 14, 9, 11, 15, 16, 14, 9, 12, 16, 3, 11, 7, 9, 1, 5, 14, 13, 9, 5, 11, 10, 7, 6, 1, 6, 5, 3, 11, 13, 5, 10, 7, 6, 1, 20, 13, 9, 3, 20, 6, 17, 16, 16, 20, 5, 2, 7, 10, 14, 1, 6, 5, 15, 18, 19, 20, 2, 20, 20, 9, 9, 20, 16, 18, 1, 17, 17, 19, 16, 20, 2, 8, 17, 16, 4, 17, 17, 16, 11, 4, 1, 19, 2, 19, 11, 19, 17, 11, 19, 11, 8, 8, 8, 2, 16, 19, 8, 19, 8, 2, 8, 4, 4, 17, 2, 11, 19, 2, 8, 4, 4, 8, 4, 4, 4, 2, 13, 8, 4]
bestever    1965    in generation 1130
[13, 13, 12, 15, 12, 10, 9, 3, 6, 15, 18, 10, 12, 13, 1, 15, 14, 3, 15, 10, 18, 15, 3, 18, 9, 14, 12, 10, 10, 3, 12, 7, 3, 1, 20, 10, 16, 7, 18, 9, 2, 15, 13, 6, 18, 14, 12, 12, 13, 5, 14, 7, 5, 19, 17, 3, 1, 11, 17, 14, 18, 15, 6, 5, 10, 20, 15, 7, 3, 18, 12, 6, 1, 5, 13, 7, 6, 12, 7, 18, 14, 14, 9, 11, 15, 16, 14, 9, 12, 16, 3, 11, 7, 9, 1, 5, 14, 13, 9, 5, 11, 10, 7, 6, 1, 6, 5, 3, 11, 13, 5, 10, 7, 6, 1, 20, 13, 9, 3, 20, 6, 17, 16, 16, 20, 5, 2, 7, 10, 14, 1, 6, 5, 15, 18, 19, 20, 2, 20, 20, 9, 9, 20, 16, 18, 1, 17, 17, 19, 16, 20, 2, 17, 16, 17, 8, 4, 17, 16, 11, 4, 1, 19, 2, 19, 11, 19, 17, 11, 19, 11, 8, 8, 8, 2, 16, 19, 8, 19, 8, 2, 8, 4, 4, 17, 2, 11, 19, 2, 8, 4, 4, 8, 4, 4, 4, 2, 13, 8, 4]
bestever    1958    in generation 1284
[12, 15, 12, 10, 9, 3, 6, 15, 18, 10, 12, 13, 1, 15, 14, 3, 15, 10, 10, 18, 15, 3, 18, 9, 14, 12, 10, 3, 12, 7, 3, 1, 20, 10, 16, 7, 18, 9, 2, 15, 6, 18, 14, 12, 12, 5, 14, 7, 5, 19, 17, 3, 1, 11, 17, 14, 18, 15, 6, 5, 10, 20, 15, 7, 3, 18, 6, 1, 5, 7, 6, 12, 7, 18, 14, 14, 9, 11, 15, 16, 14, 9, 12, 16, 3, 11, 7, 9, 1, 5, 14, 9, 5, 11, 10, 7, 6, 1, 6, 5, 3, 11, 5, 10, 7, 6, 1, 20, 13, 9, 3, 20, 6, 17, 16, 16, 20, 5, 2, 7, 10, 14, 1, 6, 5, 15, 18, 19, 20, 20, 9, 20, 9, 20, 16, 18, 1, 17, 17, 19, 16, 20, 17, 16, 17, 17, 16, 11, 1, 19, 19, 11, 19, 17, 11, 4, 8, 8, 2, 16, 19, 2, 8, 4, 4, 19, 8, 19, 8, 2, 8, 4, 4, 17, 2, 11, 19, 2, 8, 11, 4, 8, 4, 4, 4, 2, 13, 8, 4, 13, 13, 12, 2, 13, 13, 2, 13, 8, 13, 13]
bestever    1952    in generation 1305
[12, 15, 12, 10, 9, 3, 6, 15, 18, 10, 12, 13, 1, 15, 14, 3, 15, 10, 10, 18, 15, 3, 18, 9, 14, 12, 10, 3, 12, 7, 3, 1, 20, 10, 16, 7, 18, 9, 2, 15, 6, 18, 14, 12, 12, 5, 14, 7, 5, 19, 17, 3, 1, 11, 17, 14, 18, 15, 6, 5, 10, 20, 15, 7, 3, 18, 6, 1, 5, 7, 6, 12, 7, 18, 14, 14, 9, 11, 15, 16, 14, 9, 12, 16, 3, 11, 7, 9, 1, 5, 14, 9, 5, 11, 10, 7, 6, 1, 6, 5, 3, 11, 5, 10, 7, 6, 1, 20, 13, 9, 3, 20, 6, 17, 16, 16, 20, 5, 2, 7, 10, 14, 1, 6, 5, 15, 18, 19, 20, 20, 9, 20, 9, 20, 16, 18, 1, 17, 17, 19, 16, 20, 17, 16, 17, 17, 16, 11, 1, 19, 19, 11, 19, 17, 11, 4, 8, 8, 16, 19, 8, 4, 4, 19, 8, 19, 17, 2, 2, 8, 8, 4, 2, 11, 19, 2, 8, 11, 4, 8, 4, 4, 4, 2, 4, 2, 13, 8, 4, 13, 13, 12, 2, 13, 13, 2, 13, 8, 13, 13]
bestever    1939    in generation 1350
[12, 15, 12, 10, 9, 3, 6, 15, 18, 10, 12, 13, 1, 15, 14, 3, 15, 10, 10, 18, 15, 3, 18, 9, 14, 12, 10, 3, 12, 7, 3, 1, 20, 10, 16, 7, 18, 9, 2, 15, 6, 18, 14, 12, 12, 5, 14, 7, 5, 19, 17, 3, 1, 11, 17, 14, 18, 15, 6, 5, 10, 20, 15, 7, 3, 18, 6, 5, 7, 6, 12, 7, 18, 14, 14, 9, 11, 15, 16, 14, 9, 12, 16, 3, 11, 7, 9, 1, 5, 14, 9, 5, 11, 10, 1, 6, 5, 3, 11, 5, 10, 7, 6, 1, 7, 6, 1, 20, 13, 9, 3, 20, 6, 17, 16, 16, 20, 5, 7, 10, 14, 1, 6, 5, 15, 18, 19, 20, 20, 9, 20, 9, 20, 16, 18, 1, 17, 17, 19, 16, 20, 17, 16, 17, 17, 16, 11, 1, 19, 19, 11, 19, 17, 11, 4, 8, 8, 16, 19, 8, 19, 19, 17, 2, 2, 8, 8, 4, 4, 2, 8, 4, 2, 11, 19, 2, 8, 11, 4, 8, 4, 4, 4, 2, 4, 2, 13, 8, 4, 13, 13, 12, 2, 13, 13, 2, 13, 8, 13, 13]
bestever    1935    in generation 1360
[12, 15, 12, 10, 9, 3, 6, 15, 18, 10, 12, 1, 15, 14, 3, 15, 10, 10, 18, 15, 3, 18, 9, 14, 12, 10, 3, 12, 7, 3, 1, 20, 10, 16, 7, 18, 9, 2, 15, 6, 18, 14, 12, 12, 5, 14, 7, 5, 19, 17, 3, 1, 11, 17, 14, 18, 15, 6, 5, 10, 20, 15, 7, 3, 18, 6, 5, 7, 6, 12, 7, 18, 14, 14, 9, 11, 15, 16, 14, 9, 12, 16, 3, 11, 7, 9, 1, 5, 14, 9, 5, 11, 10, 1, 6, 5, 3, 11, 5, 10, 7, 6, 1, 7, 6, 1, 20, 9, 3, 20, 6, 17, 16, 16, 20, 5, 7, 10, 14, 1, 6, 5, 15, 18, 19, 20, 20, 9, 20, 9, 20, 16, 18, 1, 17, 17, 19, 16, 20, 17, 16, 17, 17, 16, 11, 1, 19, 19, 11, 19, 17, 11, 4, 8, 8, 16, 19, 8, 19, 19, 17, 2, 2, 8, 13, 13, 8, 4, 4, 2, 8, 4, 2, 11, 19, 2, 8, 11, 4, 8, 4, 4, 4, 2, 4, 2, 13, 8, 4, 13, 13, 12, 2, 13, 13, 2, 13, 8, 13, 13]
bestever    1932    in generation 1473
[12, 15, 12, 10, 9, 3, 6, 15, 18, 10, 12, 1, 15, 14, 3, 15, 10, 10, 18, 15, 3, 18, 9, 14, 12, 10, 3, 12, 7, 3, 1, 20, 10, 16, 7, 18, 9, 2, 15, 6, 18, 14, 12, 12, 5, 14, 7, 5, 19, 17, 3, 1, 11, 17, 14, 18, 15, 6, 5, 10, 20, 15, 7, 3, 18, 6, 5, 7, 6, 12, 7, 18, 14, 14, 9, 11, 15, 16, 14, 9, 12, 16, 3, 11, 7, 9, 1, 5, 14, 9, 5, 11, 10, 1, 6, 5, 3, 11, 5, 10, 8, 6, 1, 7, 6, 1, 20, 9, 3, 20, 6, 17, 16, 16, 20, 5, 7, 10, 14, 1, 6, 5, 15, 18, 19, 20, 20, 9, 20, 9, 20, 16, 18, 1, 17, 17, 19, 16, 20, 17, 16, 17, 17, 16, 11, 1, 19, 19, 11, 19, 17, 11, 4, 8, 8, 16, 19, 8, 19, 19, 17, 2, 8, 13, 13, 4, 4, 2, 11, 19, 2, 8, 8, 2, 4, 2, 8, 11, 4, 8, 4, 4, 4, 2, 4, 13, 4, 13, 13, 12, 2, 2, 7, 13, 13, 2, 13, 8, 13, 13]
bestever    1931    in generation 1519
[12, 15, 12, 10, 9, 3, 6, 15, 18, 10, 12, 1, 15, 14, 3, 15, 10, 10, 18, 15, 3, 18, 9, 14, 12, 10, 3, 12, 7, 3, 1, 20, 10, 16, 7, 18, 9, 2, 15, 6, 18, 14, 12, 12, 5, 14, 7, 5, 19, 17, 3, 1, 11, 17, 14, 3, 15, 6, 5, 10, 20, 15, 7, 3, 18, 6, 5, 7, 6, 12, 7, 18, 14, 14, 9, 11, 15, 16, 14, 9, 12, 16, 3, 14, 7, 9, 1, 5, 11, 9, 5, 11, 10, 1, 6, 5, 18, 11, 5, 10, 8, 6, 1, 7, 6, 1, 20, 9, 3, 20, 6, 17, 16, 16, 20, 5, 7, 10, 14, 1, 6, 5, 15, 18, 19, 20, 20, 9, 20, 9, 20, 16, 18, 1, 19, 20, 17, 17, 16, 17, 16, 17, 17, 16, 11, 1, 19, 19, 11, 19, 17, 11, 4, 8, 8, 16, 19, 8, 19, 19, 17, 2, 8, 13, 13, 4, 4, 2, 11, 19, 2, 8, 8, 2, 4, 2, 8, 11, 4, 8, 4, 4, 4, 2, 4, 13, 4, 13, 13, 12, 2, 2, 7, 13, 13, 2, 13, 8, 13, 13]
bestever    1929    in generation 1591
[12, 15, 12, 10, 9, 3, 6, 15, 18, 10, 12, 1, 9, 14, 3, 15, 10, 10, 18, 15, 3, 18, 9, 14, 12, 10, 3, 12, 7, 3, 1, 20, 10, 16, 7, 18, 9, 2, 15, 6, 18, 14, 12, 12, 5, 14, 7, 5, 19, 17, 3, 1, 11, 17, 14, 3, 15, 6, 5, 10, 20, 15, 7, 3, 18, 6, 5, 7, 6, 12, 7, 18, 14, 14, 9, 11, 15, 16, 14, 9, 12, 16, 3, 14, 7, 15, 1, 5, 11, 9, 5, 11, 10, 1, 6, 5, 18, 11, 5, 10, 8, 6, 1, 7, 6, 1, 20, 9, 3, 20, 6, 17, 16, 16, 20, 5, 7, 10, 14, 1, 6, 5, 15, 18, 19, 20, 20, 9, 20, 9, 20, 16, 18, 1, 19, 20, 17, 17, 16, 17, 16, 17, 17, 16, 11, 1, 19, 19, 11, 19, 17, 11, 4, 8, 8, 16, 19, 8, 19, 19, 17, 2, 8, 13, 13, 4, 4, 2, 11, 19, 2, 8, 8, 2, 4, 2, 8, 11, 4, 8, 4, 4, 4, 2, 4, 13, 4, 13, 13, 12, 2, 2, 7, 13, 13, 2, 13, 8, 13, 13]
bestever    1882    in generation 1628
[12, 15, 12, 10, 9, 3, 6, 15, 18, 10, 12, 1, 9, 14, 3, 15, 10, 10, 18, 15, 3, 18, 9, 14, 12, 10, 3, 12, 7, 3, 1, 20, 10, 16, 7, 18, 9, 2, 15, 6, 18, 14, 12, 12, 5, 14, 7, 5, 19, 17, 3, 1, 11, 17, 14, 3, 15, 6, 5, 10, 20, 15, 7, 3, 18, 6, 14, 7, 6, 12, 7, 18, 14, 14, 9, 11, 15, 5, 9, 12, 16, 3, 14, 7, 15, 1, 5, 11, 9, 5, 11, 10, 1, 6, 5, 18, 11, 5, 10, 8, 6, 1, 7, 6, 1, 20, 9, 3, 20, 6, 17, 16, 16, 20, 5, 7, 10, 14, 1, 6, 5, 15, 18, 19, 20, 20, 9, 20, 16, 9, 20, 16, 18, 1, 19, 20, 17, 17, 16, 17, 16, 17, 17, 16, 11, 1, 19, 19, 11, 19, 17, 11, 4, 8, 8, 16, 19, 8, 19, 19, 17, 2, 8, 13, 4, 4, 2, 11, 19, 2, 8, 8, 2, 4, 2, 8, 11, 4, 8, 4, 4, 4, 2, 4, 4, 13, 13, 13, 13, 12, 2, 2, 7, 13, 13, 2, 13, 8, 13, 13]
bestever    1881    in generation 1679
[12, 15, 12, 10, 9, 3, 6, 15, 18, 10, 12, 1, 9, 14, 3, 15, 10, 10, 18, 15, 3, 18, 9, 14, 12, 10, 3, 12, 7, 3, 1, 20, 10, 16, 7, 18, 9, 2, 15, 6, 18, 14, 12, 12, 5, 14, 7, 5, 19, 17, 3, 1, 11, 17, 14, 3, 15, 6, 5, 10, 20, 15, 7, 3, 18, 4, 14, 7, 6, 12, 7, 18, 14, 14, 9, 11, 15, 5, 9, 12, 16, 3, 14, 7, 15, 1, 5, 11, 9, 5, 11, 10, 1, 6, 5, 18, 11, 5, 10, 8, 6, 1, 7, 6, 1, 20, 9, 3, 20, 6, 17, 16, 16, 20, 5, 7, 10, 14, 1, 6, 5, 15, 18, 19, 20, 20, 9, 20, 16, 9, 20, 16, 18, 1, 19, 20, 17, 17, 16, 17, 16, 17, 17, 16, 11, 1, 19, 19, 11, 19, 17, 11, 4, 8, 8, 16, 19, 8, 19, 19, 17, 2, 8, 13, 6, 4, 2, 11, 19, 2, 8, 8, 2, 4, 2, 8, 11, 4, 8, 4, 4, 4, 2, 4, 4, 13, 13, 13, 13, 12, 2, 2, 7, 13, 13, 2, 13, 8, 13, 13]
bestever    1877    in generation 1727
[12, 15, 12, 10, 9, 3, 6, 15, 18, 10, 12, 1, 9, 14, 3, 15, 10, 10, 18, 15, 3, 18, 9, 14, 12, 10, 3, 12, 7, 3, 1, 20, 10, 7, 18, 9, 2, 15, 6, 18, 14, 12, 12, 5, 14, 7, 5, 4, 17, 3, 1, 11, 17, 14, 3, 15, 6, 5, 10, 20, 15, 7, 3, 18, 4, 14, 7, 6, 12, 7, 18, 14, 14, 9, 11, 15, 5, 9, 12, 3, 14, 7, 15, 1, 5, 11, 9, 5, 11, 10, 1, 6, 5, 18, 11, 5, 10, 8, 6, 1, 7, 6, 1, 20, 9, 3, 20, 6, 17, 16, 16, 5, 7, 10, 14, 1, 6, 5, 15, 18, 19, 16, 20, 16, 20, 20, 9, 20, 16, 9, 20, 16, 18, 1, 19, 20, 17, 17, 16, 17, 16, 17, 17, 16, 11, 1, 19, 19, 11, 19, 17, 11, 4, 8, 8, 16, 19, 8, 19, 19, 17, 2, 8, 13, 6, 4, 2, 11, 19, 2, 8, 8, 2, 4, 2, 8, 11, 4, 8, 4, 4, 19, 2, 4, 4, 13, 13, 13, 13, 12, 2, 2, 7, 13, 13, 2, 13, 8, 13, 13]
bestever    1853    in generation 1737
[12, 15, 12, 10, 9, 3, 6, 15, 18, 10, 12, 1, 9, 14, 3, 15, 10, 10, 18, 15, 3, 18, 9, 14, 12, 10, 3, 12, 7, 3, 1, 20, 10, 7, 18, 9, 15, 6, 18, 14, 12, 12, 5, 14, 7, 5, 4, 17, 3, 1, 11, 17, 14, 3, 15, 6, 5, 10, 20, 15, 7, 3, 18, 4, 14, 7, 6, 12, 7, 18, 14, 14, 9, 11, 15, 5, 9, 12, 3, 14, 7, 15, 1, 5, 11, 9, 5, 11, 10, 1, 6, 5, 18, 11, 5, 10, 8, 6, 1, 7, 6, 1, 20, 9, 3, 20, 6, 17, 16, 16, 5, 7, 10, 14, 1, 6, 5, 15, 18, 19, 16, 20, 16, 20, 20, 9, 20, 16, 9, 20, 16, 18, 1, 19, 20, 17, 17, 16, 17, 16, 17, 17, 16, 11, 1, 19, 19, 11, 19, 17, 11, 4, 8, 8, 16, 19, 8, 19, 19, 17, 13, 6, 4, 11, 19, 2, 2, 8, 2, 2, 8, 8, 2, 4, 2, 8, 11, 4, 8, 4, 4, 19, 2, 4, 4, 13, 13, 13, 13, 12, 2, 2, 7, 13, 13, 2, 13, 8, 13, 13]
bestever    1852    in generation 1742
[12, 15, 12, 10, 9, 3, 6, 15, 18, 10, 12, 1, 9, 14, 3, 10, 10, 10, 18, 15, 3, 18, 9, 14, 12, 15, 3, 12, 7, 3, 1, 20, 10, 7, 18, 9, 15, 6, 18, 14, 12, 12, 5, 14, 7, 5, 4, 17, 3, 1, 11, 17, 14, 3, 15, 6, 5, 10, 20, 15, 7, 3, 18, 4, 14, 7, 6, 12, 7, 18, 14, 14, 9, 11, 15, 5, 9, 12, 3, 14, 7, 15, 1, 5, 11, 9, 5, 11, 10, 1, 6, 5, 18, 11, 5, 10, 8, 6, 1, 7, 6, 1, 20, 9, 3, 20, 6, 17, 16, 16, 5, 7, 10, 14, 1, 6, 5, 15, 18, 19, 16, 20, 16, 20, 20, 9, 20, 16, 9, 20, 16, 18, 1, 19, 20, 17, 17, 16, 17, 16, 17, 17, 16, 11, 1, 19, 19, 11, 19, 17, 11, 4, 8, 8, 16, 19, 8, 19, 19, 17, 13, 6, 4, 11, 19, 2, 2, 8, 2, 2, 8, 8, 2, 4, 2, 8, 11, 4, 8, 4, 4, 19, 2, 4, 4, 13, 13, 13, 13, 12, 2, 2, 7, 13, 13, 2, 13, 8, 13, 13]
bestever    1847    in generation 1758
[12, 15, 12, 10, 9, 3, 6, 15, 18, 10, 12, 1, 9, 14, 3, 10, 10, 10, 18, 15, 3, 18, 9, 14, 12, 15, 3, 12, 7, 3, 1, 20, 10, 7, 18, 9, 15, 6, 18, 14, 12, 12, 5, 14, 7, 5, 4, 17, 3, 1, 11, 17, 14, 3, 15, 6, 5, 10, 20, 15, 7, 3, 18, 4, 14, 7, 6, 12, 7, 18, 14, 14, 9, 11, 15, 5, 9, 12, 3, 14, 7, 15, 1, 5, 11, 9, 5, 11, 10, 1, 6, 5, 18, 11, 5, 10, 8, 6, 1, 7, 6, 1, 20, 9, 3, 20, 19, 17, 16, 16, 5, 7, 10, 14, 1, 6, 5, 15, 18, 19, 16, 20, 16, 20, 20, 9, 20, 16, 9, 20, 16, 18, 1, 19, 20, 17, 17, 16, 17, 16, 17, 17, 16, 11, 1, 19, 19, 11, 19, 17, 11, 4, 8, 8, 16, 19, 8, 19, 19, 17, 13, 6, 4, 11, 19, 2, 2, 8, 2, 2, 8, 8, 2, 4, 2, 8, 11, 4, 8, 4, 4, 6, 2, 4, 4, 13, 13, 13, 13, 12, 2, 2, 7, 13, 13, 2, 13, 8, 13, 13]
bestever    1841    in generation 1797
[12, 15, 12, 10, 9, 3, 6, 15, 18, 10, 12, 1, 9, 14, 3, 10, 10, 10, 18, 15, 3, 18, 9, 14, 12, 15, 3, 12, 7, 3, 1, 20, 10, 7, 18, 9, 15, 6, 18, 14, 12, 12, 5, 14, 7, 5, 4, 17, 3, 1, 11, 17, 14, 3, 15, 6, 5, 10, 20, 15, 7, 3, 18, 4, 14, 7, 6, 12, 7, 18, 14, 14, 9, 11, 15, 5, 9, 12, 3, 14, 7, 15, 1, 5, 11, 9, 5, 11, 10, 1, 6, 5, 18, 11, 5, 10, 8, 6, 1, 7, 6, 1, 20, 9, 3, 20, 19, 17, 16, 16, 5, 7, 10, 14, 1, 6, 5, 15, 18, 19, 16, 20, 16, 20, 20, 9, 20, 16, 9, 20, 16, 18, 1, 19, 20, 17, 17, 16, 17, 16, 17, 17, 16, 11, 1, 19, 19, 11, 4, 17, 11, 4, 8, 8, 16, 19, 8, 19, 19, 17, 13, 6, 19, 11, 19, 2, 2, 8, 2, 2, 8, 8, 2, 4, 2, 8, 11, 4, 8, 4, 4, 6, 2, 4, 4, 13, 13, 12, 2, 2, 13, 13, 7, 13, 13, 2, 13, 8, 13, 13]
bestever    1834    in generation 1956
[12, 15, 12, 10, 9, 3, 6, 15, 18, 10, 12, 1, 9, 14, 3, 10, 10, 10, 18, 15, 3, 18, 9, 14, 12, 15, 3, 12, 7, 3, 1, 20, 10, 7, 10, 18, 9, 15, 6, 18, 14, 12, 12, 5, 14, 7, 5, 4, 17, 3, 1, 11, 17, 14, 3, 15, 6, 5, 10, 20, 15, 7, 3, 18, 14, 7, 6, 12, 7, 18, 14, 14, 9, 11, 15, 5, 9, 12, 3, 14, 7, 15, 1, 5, 11, 9, 5, 11, 10, 1, 6, 5, 18, 11, 5, 8, 6, 6, 1, 7, 6, 1, 20, 9, 3, 20, 19, 17, 16, 16, 5, 7, 10, 14, 1, 6, 5, 15, 18, 19, 16, 20, 16, 20, 20, 9, 20, 16, 9, 20, 16, 18, 1, 19, 12, 20, 17, 17, 16, 17, 16, 17, 17, 16, 11, 1, 19, 19, 11, 17, 11, 4, 8, 8, 16, 19, 8, 19, 19, 17, 13, 19, 11, 19, 2, 2, 8, 2, 2, 4, 4, 8, 8, 2, 4, 2, 8, 11, 4, 8, 4, 4, 6, 2, 4, 4, 13, 13, 2, 2, 13, 13, 7, 13, 13, 2, 13, 8, 13, 13]
bestever    1832    in generation 1969
[12, 15, 12, 10, 9, 3, 6, 15, 18, 10, 12, 1, 9, 14, 3, 10, 10, 10, 18, 15, 3, 18, 9, 14, 12, 15, 3, 12, 7, 3, 1, 20, 10, 7, 10, 18, 9, 15, 6, 18, 14, 12, 12, 5, 14, 7, 5, 4, 17, 3, 1, 11, 17, 14, 3, 15, 6, 5, 10, 20, 15, 7, 3, 18, 14, 7, 6, 12, 7, 18, 14, 14, 9, 11, 15, 5, 9, 12, 3, 14, 7, 15, 1, 5, 11, 9, 5, 11, 10, 1, 6, 5, 18, 11, 5, 8, 6, 6, 1, 7, 6, 1, 20, 9, 3, 20, 19, 17, 16, 16, 5, 7, 10, 14, 1, 6, 5, 15, 18, 19, 16, 20, 16, 20, 20, 9, 20, 16, 9, 20, 16, 18, 1, 19, 12, 20, 17, 17, 16, 17, 16, 17, 17, 16, 11, 1, 19, 19, 11, 17, 11, 4, 8, 8, 16, 19, 8, 19, 19, 17, 13, 19, 11, 19, 2, 2, 8, 2, 2, 4, 4, 8, 8, 2, 4, 2, 8, 11, 4, 8, 4, 4, 6, 2, 4, 4, 13, 13, 2, 2, 13, 13, 7, 13, 8, 13, 13, 2, 13, 13]
bestever    1831    in generation 2041
[12, 15, 12, 10, 9, 3, 6, 15, 18, 10, 12, 1, 9, 14, 3, 10, 10, 10, 18, 15, 3, 18, 9, 14, 12, 15, 3, 12, 7, 3, 1, 20, 10, 7, 10, 18, 9, 15, 6, 18, 14, 12, 12, 5, 14, 7, 5, 4, 17, 3, 1, 11, 17, 14, 3, 15, 6, 5, 10, 20, 15, 7, 3, 18, 14, 7, 6, 12, 7, 18, 14, 14, 9, 11, 15, 5, 9, 12, 3, 14, 7, 15, 1, 5, 11, 9, 5, 11, 10, 1, 6, 5, 18, 11, 5, 8, 6, 6, 1, 7, 6, 1, 20, 9, 3, 20, 19, 17, 16, 16, 5, 7, 10, 14, 1, 6, 5, 15, 18, 19, 16, 20, 16, 20, 20, 9, 20, 16, 9, 20, 16, 18, 1, 19, 12, 20, 17, 17, 16, 17, 16, 17, 17, 16, 11, 1, 19, 19, 11, 17, 11, 4, 8, 8, 16, 19, 8, 19, 19, 17, 13, 11, 2, 2, 2, 4, 4, 8, 8, 2, 4, 2, 8, 11, 4, 8, 4, 4, 6, 2, 19, 19, 8, 2, 4, 4, 13, 13, 2, 2, 13, 13, 7, 13, 8, 13, 13, 2, 13, 13]
bestever    1829    in generation 2086
[12, 15, 12, 10, 9, 3, 6, 15, 18, 10, 12, 1, 9, 14, 3, 10, 10, 10, 18, 15, 3, 18, 9, 14, 12, 15, 3, 12, 7, 3, 1, 20, 10, 7, 10, 18, 9, 15, 6, 18, 14, 12, 12, 5, 14, 7, 5, 4, 17, 3, 1, 11, 17, 14, 3, 15, 6, 5, 10, 20, 15, 7, 3, 18, 14, 7, 6, 12, 7, 18, 14, 14, 9, 11, 15, 5, 9, 12, 3, 14, 7, 15, 1, 5, 11, 9, 5, 11, 10, 1, 6, 5, 18, 11, 5, 16, 6, 6, 1, 7, 6, 1, 20, 9, 3, 20, 19, 17, 16, 16, 5, 7, 10, 14, 1, 6, 5, 15, 18, 19, 16, 20, 16, 20, 20, 9, 20, 16, 9, 20, 16, 18, 1, 19, 12, 20, 17, 17, 16, 17, 8, 17, 17, 16, 11, 1, 19, 19, 11, 17, 11, 4, 8, 8, 16, 19, 8, 19, 19, 17, 13, 11, 2, 2, 2, 4, 4, 8, 8, 2, 4, 2, 8, 11, 4, 8, 4, 4, 6, 2, 19, 19, 8, 2, 4, 4, 13, 13, 2, 2, 13, 13, 7, 13, 8, 13, 13, 2, 13, 13]
bestever    1825    in generation 2232
[12, 15, 12, 10, 9, 3, 6, 15, 18, 10, 12, 1, 9, 14, 3, 10, 10, 10, 18, 15, 3, 18, 9, 14, 12, 15, 3, 12, 7, 3, 1, 20, 10, 7, 10, 18, 9, 15, 6, 18, 14, 12, 12, 5, 14, 7, 5, 17, 3, 1, 11, 17, 14, 3, 15, 6, 5, 10, 20, 15, 7, 3, 18, 14, 7, 6, 12, 7, 18, 14, 14, 9, 11, 15, 5, 9, 12, 3, 14, 7, 15, 1, 5, 11, 9, 5, 6, 11, 10, 1, 7, 5, 18, 11, 5, 16, 6, 6, 1, 6, 1, 20, 9, 3, 20, 19, 17, 16, 16, 5, 7, 10, 14, 1, 5, 15, 18, 19, 16, 20, 16, 20, 20, 9, 20, 16, 9, 20, 16, 18, 1, 19, 12, 20, 17, 17, 16, 17, 8, 17, 17, 16, 11, 1, 19, 19, 11, 17, 11, 8, 8, 16, 19, 19, 19, 17, 13, 11, 2, 8, 4, 4, 6, 2, 2, 4, 4, 8, 8, 2, 4, 2, 8, 11, 4, 8, 4, 4, 6, 2, 19, 19, 8, 2, 4, 4, 13, 13, 2, 2, 13, 13, 7, 13, 8, 13, 13, 2, 13, 13]
bestever    1821    in generation 2364
[12, 15, 12, 10, 9, 3, 6, 15, 18, 10, 12, 1, 9, 14, 10, 3, 10, 10, 18, 15, 3, 18, 9, 14, 12, 15, 3, 12, 7, 3, 1, 10, 7, 10, 18, 9, 15, 6, 18, 14, 12, 12, 5, 14, 7, 5, 17, 3, 1, 11, 17, 14, 3, 15, 6, 5, 10, 15, 7, 3, 18, 14, 7, 6, 12, 7, 18, 14, 14, 9, 11, 15, 5, 9, 12, 3, 14, 7, 15, 1, 5, 11, 9, 5, 6, 11, 10, 1, 7, 5, 18, 11, 5, 6, 6, 1, 6, 1, 20, 9, 3, 20, 19, 17, 16, 16, 5, 7, 10, 14, 1, 5, 15, 18, 19, 16, 20, 16, 20, 20, 16, 20, 20, 9, 20, 16, 9, 20, 16, 18, 1, 19, 12, 20, 17, 17, 16, 17, 4, 17, 17, 16, 11, 1, 19, 19, 11, 17, 11, 8, 8, 16, 19, 19, 19, 17, 13, 11, 2, 8, 4, 4, 6, 2, 8, 4, 8, 8, 4, 2, 8, 11, 4, 2, 8, 2, 4, 4, 6, 2, 19, 19, 8, 2, 4, 4, 13, 13, 2, 2, 13, 13, 7, 13, 8, 13, 13, 2, 13, 13]
bestever    1814    in generation 2513
[12, 15, 12, 10, 9, 3, 6, 15, 18, 10, 12, 1, 9, 14, 10, 3, 10, 10, 18, 15, 3, 18, 9, 14, 12, 15, 3, 12, 7, 3, 1, 10, 7, 10, 18, 9, 15, 6, 18, 14, 12, 12, 5, 14, 7, 5, 17, 3, 1, 11, 17, 14, 3, 15, 6, 5, 10, 15, 7, 3, 18, 14, 1, 7, 6, 12, 7, 18, 14, 14, 9, 11, 15, 5, 9, 12, 3, 14, 7, 15, 1, 5, 11, 9, 5, 6, 11, 10, 7, 5, 18, 11, 5, 6, 6, 1, 6, 1, 20, 9, 3, 20, 19, 17, 16, 16, 5, 7, 10, 14, 5, 15, 18, 19, 16, 20, 16, 20, 20, 16, 20, 20, 9, 20, 16, 9, 20, 16, 18, 1, 19, 12, 20, 17, 17, 16, 17, 4, 17, 17, 16, 11, 1, 19, 19, 11, 17, 11, 8, 8, 16, 19, 1, 19, 19, 17, 13, 11, 2, 8, 4, 4, 6, 2, 8, 4, 8, 8, 4, 2, 8, 11, 4, 2, 8, 2, 4, 4, 6, 2, 19, 19, 8, 2, 4, 4, 13, 13, 2, 2, 13, 13, 7, 13, 8, 13, 13, 2, 13, 13]
bestever    1804    in generation 3300
[12, 15, 12, 10, 9, 3, 6, 15, 18, 10, 12, 10, 9, 14, 10, 3, 10, 10, 18, 15, 1, 3, 18, 9, 14, 12, 15, 3, 12, 7, 3, 1, 7, 10, 18, 19, 9, 15, 6, 18, 14, 12, 12, 5, 14, 7, 5, 17, 3, 1, 11, 17, 14, 3, 6, 5, 10, 15, 7, 3, 18, 14, 1, 7, 6, 7, 18, 14, 14, 9, 11, 15, 5, 9, 12, 3, 14, 7, 15, 1, 5, 11, 9, 5, 6, 11, 10, 7, 5, 18, 11, 5, 6, 6, 1, 6, 1, 20, 17, 9, 3, 20, 15, 10, 16, 16, 5, 7, 2, 14, 5, 15, 18, 19, 17, 20, 20, 20, 9, 12, 16, 20, 16, 20, 16, 16, 9, 20, 16, 18, 1, 19, 12, 16, 20, 20, 4, 17, 17, 17, 16, 11, 1, 11, 17, 11, 8, 8, 16, 19, 19, 19, 1, 19, 19, 17, 11, 8, 4, 4, 6, 2, 8, 4, 8, 8, 4, 2, 8, 11, 4, 2, 8, 17, 4, 4, 2, 6, 2, 19, 19, 8, 2, 4, 4, 13, 13, 2, 2, 13, 13, 13, 13, 13, 7, 8, 13, 13, 2, 13]
bestever    1800    in generation 3396
[12, 15, 12, 10, 9, 3, 6, 15, 18, 10, 12, 10, 9, 14, 10, 3, 10, 10, 18, 15, 1, 3, 18, 9, 14, 12, 15, 3, 12, 7, 3, 1, 7, 10, 18, 19, 9, 15, 6, 18, 14, 12, 12, 5, 14, 7, 5, 17, 3, 1, 11, 17, 14, 3, 6, 5, 10, 15, 7, 18, 14, 1, 7, 6, 7, 18, 14, 9, 11, 15, 5, 9, 12, 3, 14, 3, 14, 7, 15, 1, 5, 11, 9, 5, 6, 11, 10, 7, 5, 18, 11, 5, 6, 6, 1, 6, 1, 20, 17, 9, 3, 20, 15, 10, 16, 16, 5, 7, 2, 14, 5, 15, 18, 19, 17, 20, 20, 20, 9, 12, 16, 20, 16, 20, 16, 16, 9, 20, 16, 18, 1, 19, 12, 16, 20, 20, 4, 17, 17, 17, 16, 17, 1, 11, 11, 11, 8, 2, 16, 19, 19, 19, 1, 19, 19, 17, 11, 8, 4, 4, 6, 2, 8, 4, 8, 8, 4, 2, 8, 11, 4, 2, 8, 17, 13, 4, 2, 6, 8, 19, 19, 8, 2, 4, 4, 13, 2, 2, 13, 4, 13, 13, 13, 13, 7, 8, 13, 13, 2, 13]
bestever    1796    in generation 3933
[12, 15, 12, 10, 9, 10, 3, 10, 10, 18, 15, 1, 3, 18, 9, 14, 12, 15, 3, 12, 7, 3, 1, 7, 10, 18, 19, 9, 15, 6, 18, 14, 12, 12, 5, 3, 6, 15, 18, 10, 12, 10, 9, 14, 14, 7, 5, 17, 3, 1, 11, 17, 14, 3, 6, 5, 10, 15, 7, 18, 14, 1, 7, 6, 7, 18, 14, 9, 11, 15, 5, 9, 12, 3, 14, 3, 14, 7, 15, 1, 5, 16, 11, 9, 5, 6, 11, 10, 7, 5, 18, 11, 5, 6, 6, 1, 6, 1, 20, 17, 9, 3, 20, 15, 10, 16, 19, 5, 7, 14, 5, 15, 18, 17, 20, 20, 20, 9, 12, 13, 16, 20, 16, 20, 16, 16, 9, 20, 16, 18, 1, 19, 12, 16, 20, 8, 20, 4, 17, 17, 17, 11, 16, 17, 11, 11, 2, 13, 8, 16, 19, 19, 19, 1, 1, 19, 19, 17, 11, 8, 4, 6, 8, 19, 8, 8, 13, 11, 17, 8, 2, 6, 2, 2, 4, 19, 2, 4, 4, 8, 8, 2, 4, 4, 2, 4, 4, 13, 2, 2, 13, 4, 13, 13, 13, 7, 8, 13, 2, 13]
bestever    1795    in generation 4009
[12, 12, 10, 15, 9, 10, 3, 10, 10, 18, 15, 1, 3, 18, 9, 14, 12, 15, 3, 12, 7, 3, 1, 7, 10, 18, 19, 9, 15, 6, 18, 14, 12, 12, 5, 3, 6, 15, 18, 10, 12, 10, 9, 14, 14, 7, 5, 17, 3, 1, 11, 17, 14, 3, 6, 5, 10, 15, 7, 18, 14, 1, 7, 6, 7, 18, 14, 9, 11, 15, 5, 9, 12, 3, 14, 3, 14, 7, 15, 1, 5, 16, 11, 9, 5, 6, 11, 10, 7, 5, 18, 11, 5, 20, 6, 1, 6, 1, 20, 17, 9, 3, 20, 15, 10, 16, 19, 5, 7, 14, 5, 15, 18, 17, 20, 20, 20, 9, 12, 13, 16, 6, 16, 20, 16, 16, 9, 20, 16, 18, 1, 19, 12, 16, 20, 8, 20, 4, 17, 17, 17, 11, 16, 17, 11, 11, 2, 8, 16, 19, 19, 19, 1, 1, 19, 19, 17, 11, 8, 4, 6, 8, 19, 8, 8, 11, 17, 8, 2, 6, 2, 2, 4, 19, 2, 4, 4, 8, 8, 2, 4, 4, 4, 4, 2, 13, 13, 2, 2, 13, 4, 13, 13, 13, 13, 7, 8, 13, 2, 13]
bestever    1785    in generation 4141
[12, 12, 10, 15, 9, 10, 3, 10, 10, 18, 15, 1, 3, 18, 9, 14, 12, 14, 15, 3, 12, 7, 3, 1, 7, 10, 18, 19, 9, 15, 6, 18, 14, 12, 12, 5, 3, 6, 15, 18, 10, 12, 10, 9, 14, 7, 5, 17, 3, 1, 11, 17, 14, 3, 6, 5, 10, 15, 7, 18, 14, 1, 7, 6, 7, 4, 18, 14, 9, 11, 15, 5, 9, 12, 3, 14, 3, 14, 7, 15, 1, 5, 16, 11, 9, 5, 6, 11, 10, 7, 5, 18, 11, 5, 20, 6, 1, 6, 1, 18, 17, 9, 3, 20, 15, 10, 16, 19, 5, 7, 14, 17, 5, 15, 20, 17, 20, 20, 20, 9, 12, 13, 16, 6, 16, 20, 16, 16, 9, 20, 16, 18, 1, 19, 12, 16, 20, 8, 20, 4, 17, 17, 11, 16, 17, 11, 11, 2, 8, 16, 19, 19, 19, 1, 1, 19, 19, 17, 11, 8, 4, 6, 8, 19, 8, 8, 11, 17, 8, 2, 6, 2, 2, 4, 19, 2, 4, 8, 8, 2, 4, 4, 4, 4, 2, 13, 2, 13, 2, 13, 4, 13, 13, 13, 13, 7, 8, 13, 2, 13]
bestever    1780    in generation 4178
[12, 12, 10, 15, 9, 10, 3, 10, 10, 18, 15, 1, 3, 18, 9, 14, 12, 14, 15, 3, 12, 7, 3, 1, 7, 10, 18, 19, 9, 15, 6, 18, 14, 12, 12, 5, 3, 6, 15, 18, 10, 12, 10, 9, 14, 7, 5, 17, 3, 1, 11, 17, 14, 3, 6, 5, 10, 15, 7, 18, 14, 1, 7, 6, 7, 4, 18, 14, 9, 11, 15, 5, 9, 12, 3, 14, 3, 14, 7, 15, 1, 5, 16, 11, 9, 5, 6, 11, 10, 12, 5, 18, 11, 5, 20, 6, 1, 6, 1, 18, 17, 9, 3, 20, 15, 10, 16, 19, 5, 7, 14, 17, 5, 15, 20, 17, 20, 20, 20, 9, 7, 13, 16, 6, 16, 20, 16, 16, 9, 20, 16, 18, 1, 19, 12, 16, 20, 8, 20, 4, 17, 17, 11, 16, 17, 11, 11, 2, 8, 16, 19, 19, 19, 1, 1, 19, 19, 17, 11, 8, 4, 6, 8, 19, 8, 8, 11, 17, 8, 2, 6, 2, 2, 4, 19, 2, 4, 8, 8, 2, 4, 4, 4, 4, 2, 13, 2, 13, 2, 13, 4, 13, 13, 13, 13, 7, 8, 13, 2, 13]
bestever    1771    in generation 5262
[12, 12, 10, 15, 9, 10, 3, 10, 10, 18, 15, 1, 3, 18, 9, 14, 12, 14, 15, 3, 12, 7, 3, 1, 7, 10, 18, 9, 15, 6, 9, 18, 14, 12, 12, 5, 3, 6, 15, 18, 10, 12, 10, 14, 7, 5, 17, 14, 3, 1, 11, 4, 17, 3, 6, 5, 10, 15, 7, 18, 14, 1, 7, 6, 7, 4, 18, 14, 9, 11, 15, 5, 9, 12, 3, 14, 3, 14, 7, 15, 1, 5, 16, 11, 9, 20, 5, 6, 11, 10, 12, 5, 18, 11, 5, 20, 6, 1, 6, 16, 18, 17, 9, 3, 20, 15, 10, 16, 19, 5, 7, 14, 17, 5, 15, 9, 20, 16, 18, 1, 19, 12, 17, 20, 20, 20, 7, 16, 6, 16, 20, 16, 1, 9, 16, 20, 8, 20, 17, 17, 11, 16, 17, 11, 11, 19, 8, 16, 19, 19, 19, 1, 1, 19, 17, 11, 8, 6, 8, 19, 8, 8, 11, 17, 2, 13, 8, 13, 2, 6, 2, 2, 19, 2, 19, 4, 8, 8, 2, 4, 4, 4, 4, 4, 4, 2, 2, 13, 2, 13, 4, 13, 13, 7, 8, 13, 2, 13, 13, 13]
bestever    1770    in generation 5465
[12, 12, 10, 15, 9, 10, 3, 10, 10, 18, 15, 1, 3, 18, 9, 14, 12, 14, 15, 3, 12, 7, 3, 1, 7, 10, 18, 9, 15, 6, 9, 18, 14, 12, 12, 5, 3, 6, 15, 18, 10, 12, 10, 14, 7, 5, 17, 14, 3, 1, 11, 4, 17, 3, 6, 5, 10, 15, 7, 18, 14, 1, 7, 6, 7, 4, 18, 14, 9, 11, 15, 5, 9, 12, 3, 14, 3, 14, 7, 15, 1, 5, 16, 11, 9, 20, 5, 6, 11, 10, 12, 5, 18, 11, 5, 20, 6, 1, 6, 16, 18, 17, 9, 3, 20, 10, 16, 19, 7, 14, 17, 5, 15, 5, 15, 9, 20, 16, 18, 1, 19, 12, 17, 20, 20, 20, 7, 16, 6, 16, 17, 20, 16, 1, 9, 16, 20, 8, 20, 17, 17, 11, 16, 17, 11, 11, 19, 8, 16, 19, 19, 19, 1, 1, 19, 17, 11, 8, 6, 8, 19, 8, 8, 11, 2, 13, 8, 13, 2, 6, 2, 2, 19, 2, 19, 4, 8, 8, 2, 4, 4, 4, 4, 4, 4, 2, 2, 13, 2, 13, 4, 13, 13, 7, 8, 13, 2, 13, 13, 13]
bestever    1763    in generation 5667
[12, 12, 10, 15, 9, 10, 3, 10, 10, 18, 15, 1, 3, 10, 18, 9, 14, 12, 14, 15, 3, 12, 7, 3, 1, 7, 10, 18, 9, 15, 6, 9, 18, 14, 12, 12, 5, 3, 6, 15, 18, 10, 12, 10, 14, 7, 5, 17, 14, 3, 1, 11, 4, 17, 3, 6, 5, 10, 15, 7, 18, 14, 1, 7, 6, 7, 4, 18, 14, 9, 11, 15, 5, 9, 12, 3, 14, 3, 14, 7, 15, 1, 5, 16, 11, 9, 20, 5, 6, 11, 12, 5, 18, 11, 5, 20, 6, 1, 6, 16, 18, 17, 9, 3, 20, 10, 16, 19, 7, 14, 4, 5, 15, 5, 15, 9, 20, 16, 18, 1, 19, 12, 17, 20, 20, 20, 7, 16, 6, 16, 17, 20, 16, 1, 9, 16, 20, 8, 20, 17, 17, 11, 16, 17, 11, 11, 19, 8, 16, 19, 19, 19, 1, 1, 19, 17, 11, 8, 6, 8, 19, 8, 8, 11, 2, 13, 8, 2, 6, 2, 2, 19, 2, 19, 17, 8, 8, 2, 4, 13, 4, 4, 4, 4, 4, 2, 2, 13, 2, 13, 4, 13, 13, 7, 8, 13, 2, 13, 13, 13]
bestever    1760    in generation 5738
[12, 12, 10, 15, 9, 10, 3, 10, 10, 18, 15, 1, 3, 10, 18, 9, 14, 12, 14, 15, 3, 12, 7, 3, 1, 7, 10, 18, 9, 15, 6, 9, 18, 14, 12, 12, 5, 3, 6, 15, 18, 10, 12, 10, 14, 7, 5, 17, 14, 3, 1, 11, 4, 17, 3, 6, 5, 10, 15, 7, 18, 14, 1, 7, 6, 7, 4, 18, 14, 9, 11, 15, 5, 9, 12, 3, 14, 3, 14, 7, 15, 1, 5, 14, 11, 9, 20, 5, 6, 11, 12, 5, 18, 11, 5, 20, 6, 1, 6, 16, 18, 17, 9, 3, 20, 10, 16, 19, 7, 16, 4, 5, 15, 5, 15, 9, 20, 16, 18, 1, 19, 12, 17, 20, 20, 20, 7, 16, 6, 16, 17, 20, 16, 1, 9, 16, 20, 8, 20, 17, 17, 11, 16, 17, 11, 11, 19, 8, 16, 19, 19, 19, 1, 1, 19, 17, 11, 8, 6, 8, 19, 8, 8, 11, 2, 13, 8, 2, 6, 2, 2, 19, 2, 19, 17, 8, 8, 2, 4, 13, 4, 4, 4, 4, 4, 2, 2, 13, 2, 13, 4, 13, 13, 7, 8, 13, 2, 13, 13, 13]
bestever    1759    in generation 6067
[12, 12, 10, 15, 9, 10, 3, 10, 10, 18, 15, 1, 3, 10, 18, 9, 14, 12, 14, 15, 3, 12, 7, 3, 1, 7, 10, 18, 9, 15, 6, 9, 18, 14, 12, 12, 5, 3, 6, 15, 18, 10, 12, 10, 14, 7, 5, 17, 14, 3, 1, 11, 4, 17, 3, 6, 5, 10, 15, 7, 18, 14, 1, 7, 6, 7, 4, 18, 14, 9, 11, 15, 5, 9, 12, 3, 14, 3, 14, 7, 15, 1, 5, 14, 11, 9, 20, 5, 6, 11, 12, 5, 18, 11, 5, 20, 6, 1, 6, 16, 18, 17, 9, 3, 20, 10, 16, 6, 7, 16, 4, 5, 15, 5, 15, 9, 20, 16, 18, 1, 19, 12, 17, 20, 20, 20, 7, 16, 6, 16, 17, 20, 16, 1, 9, 16, 20, 8, 20, 17, 2, 17, 11, 16, 17, 11, 11, 19, 8, 16, 19, 19, 19, 1, 1, 19, 17, 11, 8, 19, 8, 19, 8, 8, 11, 13, 8, 2, 6, 2, 2, 19, 2, 19, 17, 8, 8, 2, 4, 13, 4, 4, 4, 4, 4, 2, 2, 13, 2, 13, 4, 13, 13, 7, 8, 13, 2, 13, 13, 13]
bestever    1757    in generation 7649
[12, 12, 10, 15, 9, 10, 3, 10, 10, 18, 15, 1, 3, 10, 18, 9, 14, 12, 14, 10, 15, 3, 12, 7, 3, 1, 7, 10, 18, 9, 15, 6, 9, 18, 14, 12, 12, 5, 3, 6, 15, 18, 10, 12, 10, 14, 7, 5, 17, 14, 3, 1, 11, 4, 17, 3, 6, 5, 10, 15, 7, 18, 14, 1, 7, 6, 7, 4, 18, 20, 14, 9, 11, 15, 5, 9, 12, 3, 14, 3, 14, 7, 15, 1, 5, 11, 14, 9, 20, 4, 2, 5, 6, 11, 4, 12, 5, 18, 11, 5, 6, 1, 6, 16, 19, 18, 17, 9, 3, 20, 16, 6, 7, 16, 5, 15, 5, 15, 9, 20, 16, 18, 1, 19, 8, 17, 20, 20, 20, 7, 16, 6, 16, 17, 20, 16, 1, 9, 16, 20, 8, 20, 17, 17, 11, 16, 17, 11, 11, 19, 12, 16, 19, 19, 19, 1, 1, 19, 17, 11, 8, 19, 8, 19, 8, 8, 11, 8, 6, 13, 2, 19, 2, 2, 17, 8, 2, 8, 2, 4, 4, 4, 2, 2, 2, 4, 13, 13, 7, 8, 13, 2, 13, 13, 13, 4, 4, 13, 13, 13]
bestever    1754    in generation 7672
[12, 12, 10, 15, 9, 10, 3, 10, 10, 18, 15, 1, 3, 10, 18, 9, 14, 12, 14, 10, 15, 3, 12, 7, 3, 1, 7, 10, 18, 9, 15, 6, 9, 18, 14, 12, 12, 5, 3, 6, 15, 18, 10, 12, 10, 14, 7, 5, 17, 14, 3, 1, 11, 4, 17, 3, 6, 5, 10, 15, 7, 18, 14, 1, 7, 6, 7, 18, 20, 14, 9, 11, 15, 5, 9, 12, 3, 14, 3, 14, 7, 15, 1, 5, 11, 14, 9, 20, 2, 5, 6, 11, 12, 5, 18, 11, 5, 6, 1, 6, 16, 19, 18, 17, 9, 3, 20, 16, 6, 7, 16, 5, 15, 5, 15, 9, 20, 16, 18, 1, 19, 8, 17, 20, 20, 20, 7, 16, 6, 16, 17, 20, 16, 1, 9, 16, 20, 8, 20, 17, 17, 11, 16, 17, 11, 11, 19, 12, 16, 19, 19, 19, 1, 1, 19, 17, 11, 8, 19, 8, 19, 8, 8, 11, 8, 6, 13, 2, 19, 2, 17, 8, 8, 4, 4, 4, 2, 2, 2, 4, 4, 4, 2, 2, 2, 4, 13, 13, 7, 8, 13, 2, 13, 13, 13, 4, 4, 13, 13, 13]
bestever    1753    in generation 8404
[12, 12, 10, 15, 9, 10, 3, 10, 10, 18, 15, 1, 3, 10, 18, 9, 14, 12, 14, 10, 15, 3, 12, 7, 3, 1, 7, 10, 18, 9, 15, 6, 9, 18, 14, 12, 12, 5, 3, 6, 15, 18, 10, 12, 10, 14, 7, 5, 17, 14, 3, 1, 11, 4, 17, 3, 6, 5, 10, 15, 7, 18, 14, 1, 7, 6, 7, 3, 18, 20, 14, 9, 11, 15, 5, 9, 12, 3, 14, 14, 7, 15, 1, 5, 11, 14, 9, 20, 2, 5, 6, 11, 12, 5, 18, 11, 5, 6, 1, 6, 16, 19, 18, 17, 9, 3, 20, 16, 6, 7, 16, 15, 5, 15, 5, 9, 20, 16, 18, 1, 19, 8, 17, 20, 20, 20, 13, 7, 16, 6, 16, 17, 20, 2, 16, 1, 9, 20, 8, 20, 17, 11, 1, 17, 16, 17, 11, 11, 19, 12, 16, 19, 19, 19, 2, 16, 1, 19, 17, 11, 8, 19, 8, 19, 8, 11, 8, 6, 2, 19, 2, 8, 13, 17, 8, 8, 4, 4, 4, 2, 4, 4, 4, 2, 2, 2, 7, 8, 13, 13, 13, 4, 2, 13, 13, 4, 4, 13, 13, 13]
