bestever    3114    in generation 0
[20, 20, 8, 17, 19, 7, 1, 17, 20, 3, 15, 1, 13, 4, 4, 1, 16, 14, 6, 19, 4, 18, 7, 1, 11, 8, 1, 16, 8, 11, 7, 20, 10, 10, 14, 20, 16, 3, 1, 16, 20, 11, 8, 5, 19, 17, 8, 10, 20, 4, 8, 7, 6, 14, 2, 4, 14, 2, 18, 5, 10, 18, 9, 7, 3, 14, 16, 9, 13, 2, 19, 16, 7, 10, 9, 14, 7, 8, 4, 11, 12, 11, 12, 18, 6, 12, 19, 14, 18, 5, 3, 10, 2, 6, 6, 16, 15, 12, 7, 13, 8, 6, 8, 13, 14, 2, 5, 18, 13, 17, 1, 3, 11, 9, 1, 6, 17, 20, 9, 10, 9, 17, 20, 19, 5, 18, 16, 14, 18, 9, 16, 15, 9, 17, 10, 1, 13, 15, 16, 12, 2, 13, 12, 15, 3, 15, 11, 13, 10, 2, 3, 5, 4, 1, 2, 15, 2, 10, 3, 12, 11, 6, 19, 8, 12, 6, 13, 3, 11, 15, 5, 11, 12, 13, 7, 5, 19, 17, 3, 20, 17, 9, 4, 12, 2, 19, 4, 18, 5, 7, 14, 19, 15, 6, 5, 4, 15, 9, 18, 17]
bestever    3105    in generation 4
[10, 2, 8, 2, 8, 10, 15, 4, 12, 20, 15, 19, 19, 17, 17, 17, 15, 9, 4, 16, 20, 6, 10, 6, 17, 5, 6, 9, 8, 8, 13, 16, 5, 10, 11, 18, 11, 18, 6, 10, 17, 15, 19, 19, 17, 8, 20, 11, 15, 16, 15, 20, 6, 17, 2, 19, 20, 16, 7, 9, 20, 16, 20, 3, 19, 19, 8, 4, 3, 15, 11, 14, 11, 18, 18, 7, 14, 7, 13, 3, 2, 12, 4, 2, 2, 16, 16, 1, 7, 4, 16, 14, 8, 16, 20, 7, 1, 6, 10, 6, 17, 5, 6, 9, 3, 11, 8, 8, 13, 1, 16, 5, 9, 5, 10, 14, 7, 13, 1, 1, 11, 12, 18, 3, 11, 5, 7, 18, 18, 7, 14, 12, 1, 7, 13, 3, 2, 12, 2, 4, 3, 12, 9, 18, 12, 19, 14, 11, 4, 18, 15, 1, 15, 3, 20, 15, 4, 18, 1, 13, 2, 17, 10, 7, 9, 8, 1, 17, 14, 5, 5, 1, 13, 11, 12, 6, 12, 10, 14, 5, 20, 13, 9, 12, 5, 14, 19, 9, 9, 13, 6, 10, 2, 13, 14, 3, 3, 4, 19, 4]
bestever    2998    in generation 10
[10, 13, 3, 18, 7, 13, 3, 7, 6, 10, 6, 3, 11, 8, 8, 16, 14, 7, 13, 11, 18, 11, 5, 7, 18, 18, 14, 2, 12, 4, 2, 2, 16, 16, 4, 3, 13, 9, 10, 14, 1, 1, 11, 12, 11, 5, 14, 12, 1, 7, 17, 15, 19, 4, 19, 2, 15, 10, 16, 12, 1, 7, 4, 16, 16, 6, 10, 6, 18, 3, 17, 6, 8, 8, 9, 10, 14, 13, 11, 18, 14, 2, 3, 11, 18, 15, 13, 7, 5, 3, 6, 11, 8, 8, 13, 1, 16, 5, 9, 5, 14, 7, 13, 1, 1, 11, 12, 18, 3, 11, 5, 7, 18, 14, 1, 5, 4, 10, 18, 14, 12, 1, 13, 3, 2, 12, 13, 7, 9, 3, 15, 19, 10, 6, 4, 9, 20, 20, 15, 17, 9, 20, 12, 20, 16, 20, 16, 20, 20, 5, 19, 15, 17, 19, 19, 17, 20, 20, 19, 10, 6, 8, 8, 17, 6, 14, 9, 10, 2, 19, 4, 2, 8, 2, 8, 4, 2, 19, 19, 17, 12, 15, 9, 4, 17, 5, 1, 12, 15, 4, 17, 15, 9, 15, 9, 20, 17, 5, 6, 16]
bestever    2985    in generation 16
[1, 1, 11, 11, 5, 14, 7, 4, 16, 14, 11, 5, 13, 1, 16, 13, 1, 1, 11, 11, 7, 18, 1, 4, 10, 18, 1, 13, 12, 13, 7, 3, 10, 4, 12, 16, 16, 5, 19, 19, 10, 6, 14, 11, 18, 1, 15, 12, 9, 2, 12, 13, 7, 9, 3, 17, 19, 10, 6, 9, 15, 17, 9, 12, 16, 16, 20, 5, 19, 13, 4, 6, 10, 6, 6, 8, 8, 1, 13, 4, 9, 15, 9, 5, 15, 17, 20, 17, 14, 9, 10, 4, 2, 2, 4, 2, 3, 15, 5, 3, 15, 17, 18, 13, 3, 20, 20, 9, 20, 12, 20, 16, 10, 16, 20, 20, 10, 17, 14, 2, 2, 20, 20, 19, 18, 18, 4, 4, 3, 18, 11, 9, 7, 13, 2, 14, 19, 8, 8, 2, 7, 17, 12, 15, 9, 6, 15, 17, 19, 19, 10, 6, 8, 8, 5, 2, 19, 19, 17, 12, 15, 6, 14, 10, 4, 8, 8, 2, 8, 8, 17, 12, 15, 5, 1, 12, 5, 6, 16, 13, 3, 18, 7, 3, 7, 6, 3, 11, 16, 14, 7, 11, 18, 11, 5, 7, 18, 14, 3, 14]
bestever    2975    in generation 21
[18, 15, 9, 2, 12, 3, 17, 19, 6, 15, 17, 12, 16, 20, 19, 6, 6, 6, 8, 8, 1, 4, 15, 9, 15, 17, 20, 17, 9, 2, 2, 3, 15, 5, 15, 17, 18, 20, 20, 9, 20, 12, 20, 16, 10, 16, 20, 20, 10, 17, 14, 2, 2, 20, 20, 19, 4, 9, 11, 8, 8, 13, 1, 16, 5, 9, 5, 9, 12, 10, 10, 14, 2, 2, 19, 4, 4, 9, 8, 8, 13, 1, 5, 5, 14, 13, 1, 1, 12, 18, 3, 11, 5, 18, 14, 1, 4, 10, 14, 14, 13, 1, 1, 11, 12, 18, 3, 11, 5, 14, 1, 5, 4, 10, 12, 1, 13, 3, 2, 12, 13, 7, 9, 3, 15, 19, 7, 2, 19, 8, 8, 2, 7, 17, 15, 9, 6, 15, 17, 19, 10, 6, 8, 8, 5, 19, 17, 15, 6, 10, 4, 4, 5, 4, 4, 10, 11, 12, 19, 19, 10, 16, 12, 7, 16, 16, 6, 13, 18, 18, 13, 7, 13, 16, 7, 3, 11, 14, 7, 16, 7, 7, 16, 7, 6, 14, 14, 13, 3, 3, 11, 18, 11, 18, 3, 18, 17, 11, 11, 6]
bestever    2706    in generation 22
[1, 1, 11, 11, 5, 14, 7, 4, 16, 14, 11, 5, 13, 1, 16, 13, 1, 1, 7, 18, 1, 4, 10, 18, 1, 13, 12, 13, 3, 10, 4, 12, 16, 5, 19, 19, 10, 6, 14, 18, 1, 15, 12, 9, 2, 12, 13, 9, 3, 17, 19, 10, 6, 9, 15, 17, 9, 12, 20, 5, 19, 13, 4, 6, 10, 6, 8, 8, 1, 13, 4, 9, 15, 9, 5, 15, 17, 20, 17, 14, 9, 10, 4, 2, 2, 4, 2, 15, 5, 15, 17, 13, 3, 20, 20, 9, 20, 12, 20, 16, 10, 16, 20, 20, 10, 17, 14, 2, 2, 20, 20, 19, 18, 4, 3, 18, 11, 9, 7, 2, 19, 8, 8, 2, 7, 17, 12, 15, 9, 15, 17, 19, 19, 10, 6, 8, 8, 5, 2, 19, 17, 12, 15, 6, 10, 4, 8, 8, 2, 8, 8, 17, 12, 5, 12, 15, 6, 14, 4, 5, 13, 14, 1, 11, 19, 16, 7, 16, 6, 18, 18, 7, 3, 11, 16, 3, 11, 6, 16, 13, 3, 18, 7, 3, 7, 6, 3, 11, 16, 14, 7, 11, 18, 11, 5, 7, 18, 14, 3, 14]
bestever    2572    in generation 24
[1, 1, 11, 5, 14, 4, 16, 14, 5, 13, 1, 16, 13, 1, 1, 18, 1, 4, 10, 18, 1, 13, 12, 13, 3, 10, 4, 12, 16, 5, 19, 19, 10, 6, 1, 15, 12, 9, 2, 12, 13, 9, 17, 19, 10, 6, 9, 15, 17, 9, 12, 20, 5, 19, 13, 4, 6, 10, 6, 8, 8, 1, 13, 4, 9, 15, 9, 5, 15, 17, 20, 17, 9, 10, 4, 2, 2, 4, 2, 15, 5, 15, 17, 13, 20, 20, 9, 20, 12, 20, 16, 10, 20, 20, 10, 17, 14, 2, 2, 20, 20, 19, 4, 18, 9, 7, 2, 19, 8, 8, 2, 7, 17, 12, 15, 9, 15, 17, 19, 19, 10, 8, 8, 2, 14, 5, 14, 11, 7, 18, 18, 7, 3, 11, 3, 11, 6, 16, 3, 19, 17, 12, 15, 6, 10, 4, 8, 8, 2, 8, 8, 17, 12, 5, 12, 15, 6, 14, 4, 5, 13, 14, 1, 11, 19, 16, 7, 16, 6, 18, 18, 7, 3, 11, 16, 3, 11, 6, 16, 13, 3, 18, 7, 3, 7, 6, 3, 11, 16, 14, 7, 11, 18, 11, 5, 7, 18, 14, 3, 14]
bestever    2483    in generation 26
[1, 1, 5, 14, 4, 16, 14, 5, 13, 1, 16, 13, 1, 1, 18, 1, 4, 10, 18, 1, 13, 12, 13, 10, 4, 12, 16, 5, 19, 19, 10, 6, 1, 15, 12, 9, 2, 12, 13, 9, 17, 19, 10, 6, 9, 15, 17, 9, 12, 20, 5, 19, 13, 4, 6, 10, 6, 8, 8, 1, 13, 4, 9, 15, 9, 5, 15, 17, 20, 17, 9, 10, 4, 2, 2, 4, 2, 15, 5, 15, 17, 13, 20, 20, 9, 20, 12, 20, 10, 20, 20, 10, 17, 14, 2, 2, 20, 20, 19, 4, 9, 2, 19, 8, 8, 2, 17, 12, 15, 9, 15, 17, 19, 19, 10, 8, 8, 2, 14, 5, 14, 7, 18, 7, 11, 3, 11, 6, 3, 19, 17, 12, 15, 10, 4, 8, 8, 2, 8, 8, 17, 12, 5, 12, 15, 6, 14, 4, 5, 13, 14, 11, 7, 16, 6, 18, 18, 7, 3, 11, 16, 3, 1, 11, 19, 16, 7, 16, 6, 18, 18, 7, 3, 11, 16, 3, 11, 6, 16, 13, 3, 18, 7, 3, 7, 6, 3, 11, 16, 14, 7, 11, 18, 11, 5, 7, 18, 14, 3, 14]
bestever    2450    in generation 27
[1, 1, 5, 14, 4, 16, 14, 5, 13, 1, 16, 13, 1, 18, 1, 4, 10, 18, 1, 13, 12, 13, 10, 4, 12, 5, 19, 19, 10, 6, 1, 15, 12, 9, 2, 12, 13, 9, 17, 19, 10, 6, 9, 15, 17, 9, 12, 20, 5, 19, 13, 4, 6, 10, 8, 8, 1, 4, 9, 15, 9, 15, 17, 20, 17, 9, 10, 4, 2, 2, 4, 2, 15, 15, 17, 20, 20, 9, 20, 12, 20, 10, 20, 20, 10, 17, 2, 2, 20, 20, 19, 9, 2, 19, 8, 8, 2, 17, 12, 15, 9, 15, 17, 19, 19, 10, 8, 8, 2, 7, 18, 7, 3, 3, 5, 7, 18, 18, 7, 4, 5, 13, 14, 1, 11, 7, 18, 11, 11, 16, 13, 3, 7, 11, 3, 11, 6, 16, 3, 19, 17, 12, 15, 6, 10, 4, 8, 8, 2, 8, 8, 17, 12, 5, 12, 15, 6, 14, 4, 5, 13, 14, 1, 11, 19, 16, 7, 16, 6, 18, 18, 3, 11, 16, 6, 16, 13, 6, 3, 16, 14, 5, 14, 3, 7, 6, 3, 11, 16, 14, 7, 11, 18, 11, 5, 7, 18, 14, 3, 14]
bestever    2439    in generation 28
[1, 1, 5, 14, 4, 16, 14, 5, 13, 1, 13, 1, 1, 18, 1, 4, 10, 18, 1, 13, 12, 13, 10, 4, 12, 16, 5, 19, 19, 10, 6, 1, 15, 12, 9, 2, 12, 13, 9, 17, 19, 10, 6, 9, 15, 17, 9, 12, 20, 5, 19, 13, 4, 6, 10, 6, 8, 8, 1, 13, 4, 9, 15, 9, 5, 15, 17, 20, 17, 9, 10, 4, 2, 2, 4, 2, 15, 5, 15, 17, 13, 20, 20, 9, 20, 12, 20, 10, 20, 20, 10, 17, 14, 2, 2, 20, 20, 19, 4, 9, 2, 19, 8, 8, 2, 17, 12, 15, 9, 15, 17, 19, 19, 10, 8, 8, 2, 14, 5, 14, 7, 18, 7, 11, 3, 6, 3, 19, 17, 12, 15, 10, 4, 8, 8, 2, 8, 8, 17, 12, 5, 12, 15, 6, 14, 4, 5, 13, 14, 11, 7, 16, 6, 18, 18, 7, 11, 16, 3, 1, 11, 3, 11, 16, 19, 16, 7, 16, 6, 18, 18, 7, 3, 11, 16, 3, 11, 6, 16, 13, 3, 18, 7, 3, 7, 6, 3, 11, 16, 14, 7, 11, 18, 11, 5, 7, 18, 14, 3, 14]
bestever    2416    in generation 29
[1, 1, 5, 14, 4, 16, 5, 13, 1, 16, 13, 18, 1, 4, 10, 18, 1, 13, 12, 13, 10, 4, 12, 5, 19, 19, 10, 6, 1, 15, 12, 9, 2, 12, 13, 9, 17, 19, 10, 6, 9, 15, 17, 9, 12, 20, 5, 19, 4, 6, 10, 8, 8, 1, 4, 9, 15, 9, 15, 17, 20, 17, 9, 10, 4, 2, 2, 2, 15, 15, 17, 20, 20, 9, 20, 12, 20, 10, 20, 20, 10, 17, 2, 2, 20, 20, 19, 9, 2, 19, 8, 8, 2, 17, 12, 15, 9, 15, 17, 19, 19, 10, 8, 8, 2, 7, 7, 3, 3, 1, 19, 17, 15, 10, 4, 8, 8, 2, 17, 4, 14, 1, 18, 16, 13, 16, 14, 5, 14, 8, 8, 12, 6, 5, 13, 18, 18, 11, 12, 14, 4, 13, 5, 12, 15, 6, 14, 4, 5, 13, 14, 11, 7, 16, 6, 18, 18, 7, 3, 3, 1, 19, 16, 6, 11, 16, 11, 6, 16, 13, 3, 3, 7, 6, 3, 11, 16, 7, 11, 11, 5, 7, 18, 3, 7, 6, 3, 11, 16, 14, 7, 11, 18, 11, 5, 7, 18, 14, 3, 14]
bestever    2409    in generation 33
[1, 1, 5, 14, 4, 16, 5, 13, 1, 16, 13, 18, 1, 4, 10, 18, 1, 13, 12, 13, 10, 4, 12, 5, 19, 19, 10, 6, 1, 15, 12, 9, 2, 12, 13, 9, 17, 19, 10, 6, 9, 15, 17, 9, 12, 20, 5, 19, 4, 6, 10, 8, 8, 1, 4, 9, 15, 9, 15, 17, 20, 17, 9, 10, 4, 2, 2, 2, 15, 15, 17, 20, 20, 9, 20, 12, 20, 10, 20, 20, 10, 17, 2, 2, 20, 20, 19, 9, 2, 19, 8, 8, 2, 17, 12, 15, 9, 15, 17, 19, 19, 10, 8, 8, 2, 7, 7, 3, 3, 1, 19, 17, 15, 10, 4, 8, 8, 2, 17, 4, 14, 18, 16, 13, 16, 14, 5, 14, 8, 8, 12, 6, 13, 18, 18, 11, 12, 4, 13, 12, 15, 6, 4, 5, 11, 7, 6, 18, 3, 3, 1, 19, 6, 11, 16, 11, 16, 3, 6, 5, 16, 14, 16, 11, 16, 13, 3, 7, 3, 11, 16, 7, 11, 6, 13, 6, 5, 7, 18, 7, 3, 11, 14, 7, 11, 18, 11, 5, 7, 18, 14, 3, 14, 1, 5, 7, 18, 14, 3, 14]
bestever    2354    in generation 37
[10, 12, 10, 12, 19, 19, 10, 15, 12, 9, 2, 9, 17, 9, 15, 17, 9, 20, 8, 8, 9, 15, 9, 15, 17, 20, 17, 9, 19, 10, 12, 19, 4, 2, 2, 2, 15, 15, 17, 20, 20, 9, 20, 12, 20, 10, 20, 20, 10, 17, 2, 2, 20, 20, 19, 9, 2, 19, 8, 8, 2, 17, 12, 15, 9, 15, 17, 19, 10, 8, 8, 2, 7, 7, 3, 19, 14, 16, 14, 14, 18, 11, 5, 13, 18, 11, 5, 11, 7, 18, 3, 3, 1, 6, 11, 3, 6, 5, 14, 11, 16, 13, 3, 6, 5, 11, 7, 6, 18, 3, 19, 17, 15, 10, 4, 8, 8, 2, 17, 4, 14, 18, 16, 13, 16, 14, 5, 14, 8, 8, 12, 6, 13, 18, 18, 11, 12, 4, 13, 12, 15, 6, 4, 5, 11, 7, 6, 18, 3, 3, 1, 19, 6, 16, 16, 3, 6, 5, 14, 11, 16, 13, 7, 11, 16, 7, 6, 13, 5, 18, 3, 14, 7, 18, 7, 1, 5, 7, 1, 1, 5, 14, 4, 16, 13, 1, 16, 13, 1, 4, 10, 1, 12, 13, 10, 4, 1, 4, 1, 4]
bestever    2351    in generation 44
[10, 12, 10, 12, 19, 19, 10, 15, 12, 9, 2, 9, 17, 9, 15, 17, 9, 20, 8, 8, 9, 15, 9, 15, 17, 20, 17, 9, 19, 10, 12, 19, 4, 2, 2, 2, 15, 15, 17, 20, 20, 9, 20, 12, 20, 10, 20, 20, 10, 17, 2, 2, 20, 20, 19, 9, 2, 19, 8, 8, 2, 17, 12, 15, 9, 15, 17, 19, 10, 8, 8, 2, 7, 7, 3, 19, 14, 16, 14, 14, 18, 11, 5, 13, 18, 11, 5, 11, 7, 18, 3, 3, 1, 6, 11, 3, 6, 5, 14, 11, 16, 13, 3, 6, 5, 11, 7, 6, 18, 3, 19, 17, 15, 10, 4, 8, 8, 2, 17, 4, 14, 18, 16, 13, 16, 14, 5, 14, 8, 8, 12, 6, 13, 18, 18, 11, 12, 4, 13, 12, 15, 6, 4, 5, 11, 7, 6, 18, 3, 3, 1, 19, 6, 16, 16, 3, 6, 5, 14, 11, 16, 13, 7, 11, 16, 7, 6, 13, 5, 18, 3, 14, 7, 18, 7, 10, 12, 4, 1, 4, 5, 14, 4, 4, 1, 13, 16, 7, 13, 1, 5, 4, 16, 13, 1, 1, 1, 1, 10, 1]
bestever    2313    in generation 59
[10, 12, 10, 12, 19, 19, 10, 15, 12, 9, 2, 9, 17, 9, 15, 17, 9, 20, 8, 8, 9, 15, 9, 15, 17, 20, 17, 9, 19, 10, 12, 19, 4, 2, 2, 2, 15, 15, 17, 20, 20, 9, 20, 12, 20, 10, 20, 20, 10, 17, 2, 2, 20, 20, 19, 9, 2, 19, 8, 8, 2, 17, 12, 15, 9, 15, 17, 19, 10, 8, 8, 2, 7, 3, 19, 14, 16, 14, 14, 18, 11, 5, 18, 11, 5, 11, 7, 18, 3, 3, 1, 6, 11, 3, 6, 14, 11, 16, 13, 3, 6, 5, 11, 7, 6, 18, 3, 19, 17, 15, 10, 4, 8, 8, 2, 17, 4, 18, 13, 16, 14, 5, 14, 8, 8, 12, 6, 13, 18, 18, 12, 4, 13, 12, 15, 6, 4, 5, 7, 18, 3, 3, 1, 19, 6, 16, 16, 6, 5, 14, 11, 16, 13, 7, 11, 3, 6, 5, 14, 11, 16, 13, 7, 11, 16, 7, 6, 13, 5, 18, 3, 14, 7, 18, 7, 10, 12, 4, 1, 4, 5, 14, 4, 4, 1, 13, 16, 7, 13, 1, 5, 4, 16, 13, 1, 1, 1, 1, 10, 1]
bestever    2309    in generation 90
[10, 12, 10, 12, 19, 19, 10, 15, 12, 9, 2, 9, 17, 9, 15, 17, 9, 20, 8, 8, 9, 15, 9, 15, 17, 20, 17, 9, 19, 10, 12, 19, 4, 2, 2, 2, 15, 15, 17, 20, 20, 9, 20, 12, 20, 10, 20, 20, 10, 17, 2, 2, 20, 20, 19, 9, 2, 19, 8, 8, 2, 17, 12, 15, 9, 15, 17, 19, 10, 8, 8, 2, 7, 3, 19, 14, 16, 14, 14, 18, 11, 5, 18, 11, 5, 11, 18, 3, 3, 1, 6, 11, 3, 6, 14, 11, 16, 13, 3, 6, 5, 7, 6, 18, 3, 19, 17, 15, 10, 4, 8, 8, 2, 17, 4, 18, 13, 16, 14, 5, 14, 8, 8, 12, 6, 13, 18, 18, 12, 4, 13, 12, 15, 6, 4, 7, 18, 3, 1, 19, 6, 16, 16, 5, 11, 16, 13, 7, 11, 3, 6, 5, 14, 7, 11, 3, 6, 5, 14, 11, 16, 13, 7, 11, 16, 7, 6, 13, 5, 18, 3, 14, 7, 18, 7, 10, 12, 4, 1, 4, 5, 14, 4, 4, 1, 13, 16, 7, 13, 1, 5, 4, 16, 13, 1, 1, 1, 1, 10, 1]
bestever    2295    in generation 142
[10, 12, 10, 12, 19, 19, 10, 15, 12, 9, 2, 9, 17, 9, 15, 17, 9, 20, 8, 8, 9, 15, 9, 15, 17, 20, 17, 9, 19, 10, 12, 19, 4, 2, 2, 2, 15, 15, 17, 20, 20, 9, 20, 12, 20, 10, 20, 20, 10, 17, 2, 2, 20, 20, 19, 9, 2, 19, 8, 8, 2, 17, 12, 15, 9, 15, 17, 19, 8, 8, 2, 7, 3, 19, 14, 16, 14, 14, 18, 11, 5, 18, 11, 5, 11, 18, 3, 3, 6, 11, 3, 6, 14, 11, 16, 13, 3, 6, 5, 7, 6, 18, 3, 19, 17, 15, 10, 4, 8, 8, 2, 17, 4, 18, 13, 16, 14, 5, 14, 8, 8, 12, 6, 13, 18, 18, 12, 4, 13, 12, 15, 6, 4, 7, 18, 3, 19, 6, 16, 16, 5, 11, 16, 13, 7, 11, 3, 6, 5, 14, 7, 11, 3, 6, 5, 14, 11, 16, 13, 7, 11, 16, 7, 6, 13, 5, 18, 3, 14, 7, 18, 7, 10, 12, 4, 4, 5, 14, 4, 4, 13, 16, 7, 13, 1, 1, 5, 4, 16, 13, 1, 1, 1, 1, 10, 1, 1, 1, 10, 1]
bestever    2245    in generation 146
[10, 12, 10, 12, 19, 19, 10, 15, 12, 9, 2, 9, 17, 9, 15, 17, 9, 20, 8, 8, 9, 15, 9, 15, 17, 20, 17, 9, 19, 10, 12, 19, 2, 2, 2, 15, 15, 17, 20, 20, 9, 20, 12, 20, 10, 20, 20, 17, 2, 2, 20, 20, 19, 9, 2, 19, 8, 8, 2, 17, 12, 15, 9, 15, 17, 19, 8, 8, 2, 7, 3, 19, 14, 16, 14, 14, 18, 11, 5, 18, 11, 5, 11, 18, 3, 3, 6, 11, 3, 6, 14, 11, 3, 6, 6, 18, 3, 19, 17, 15, 10, 8, 8, 2, 17, 18, 14, 8, 8, 12, 6, 18, 4, 13, 5, 16, 13, 16, 13, 5, 14, 7, 10, 4, 4, 18, 12, 4, 13, 12, 15, 6, 4, 7, 18, 3, 19, 6, 16, 16, 5, 11, 16, 13, 7, 11, 3, 6, 5, 14, 7, 11, 3, 6, 5, 14, 11, 16, 13, 7, 11, 16, 7, 6, 13, 5, 18, 3, 14, 7, 18, 7, 10, 12, 4, 4, 5, 14, 4, 4, 13, 16, 7, 13, 1, 1, 5, 4, 16, 13, 1, 1, 1, 1, 10, 1, 1, 1, 10, 1]
bestever    2235    in generation 156
[10, 12, 10, 12, 19, 19, 10, 15, 12, 9, 2, 9, 17, 9, 15, 17, 9, 20, 8, 8, 9, 15, 9, 15, 17, 20, 17, 9, 19, 10, 12, 19, 2, 2, 2, 15, 15, 17, 20, 20, 9, 20, 12, 20, 10, 20, 20, 17, 2, 2, 20, 20, 19, 9, 2, 19, 8, 8, 2, 17, 12, 15, 9, 15, 17, 19, 8, 8, 2, 7, 3, 19, 14, 16, 14, 14, 18, 11, 5, 18, 11, 5, 11, 18, 3, 3, 6, 11, 3, 6, 14, 11, 3, 6, 6, 18, 3, 19, 17, 15, 10, 8, 8, 2, 17, 18, 14, 8, 8, 12, 6, 18, 4, 13, 5, 16, 13, 16, 13, 5, 14, 10, 4, 4, 18, 12, 4, 13, 12, 15, 6, 4, 7, 18, 3, 19, 6, 16, 5, 11, 16, 13, 7, 11, 3, 6, 5, 14, 7, 11, 3, 5, 14, 16, 13, 11, 16, 7, 6, 7, 11, 16, 7, 6, 13, 5, 18, 3, 14, 7, 18, 7, 10, 12, 4, 4, 5, 14, 4, 4, 13, 16, 7, 13, 1, 1, 5, 4, 16, 13, 1, 1, 1, 1, 10, 1, 1, 1, 10, 1]
bestever    2227    in generation 174
[12, 12, 19, 19, 15, 9, 2, 9, 17, 9, 15, 17, 9, 20, 8, 8, 9, 15, 9, 15, 17, 20, 17, 9, 19, 19, 2, 2, 2, 15, 15, 17, 20, 20, 9, 20, 20, 10, 20, 20, 17, 2, 2, 20, 20, 19, 9, 2, 8, 8, 2, 17, 12, 9, 8, 8, 3, 14, 14, 18, 11, 18, 11, 11, 18, 3, 3, 6, 11, 3, 6, 10, 19, 10, 2, 12, 10, 12, 12, 15, 19, 5, 16, 5, 14, 7, 14, 11, 3, 6, 6, 18, 3, 19, 17, 15, 10, 19, 17, 15, 10, 8, 8, 2, 17, 18, 14, 8, 8, 12, 6, 18, 4, 13, 5, 16, 13, 16, 13, 5, 14, 10, 4, 4, 18, 12, 4, 13, 12, 15, 6, 4, 7, 18, 3, 19, 6, 16, 5, 11, 16, 13, 7, 11, 3, 6, 5, 14, 7, 11, 3, 5, 14, 16, 13, 11, 16, 7, 6, 7, 11, 16, 7, 6, 13, 5, 18, 3, 14, 7, 18, 7, 10, 12, 4, 4, 5, 14, 4, 4, 13, 16, 7, 13, 1, 1, 5, 4, 16, 13, 1, 1, 1, 1, 10, 1, 1, 1, 10, 1]
bestever    2213    in generation 182
[12, 12, 19, 19, 15, 9, 2, 9, 17, 9, 15, 17, 9, 20, 8, 8, 9, 15, 9, 15, 17, 20, 17, 9, 19, 19, 2, 2, 2, 15, 15, 17, 20, 20, 9, 20, 20, 10, 20, 20, 17, 2, 2, 20, 20, 19, 9, 2, 8, 8, 2, 17, 12, 9, 8, 8, 3, 14, 14, 18, 11, 18, 11, 11, 18, 3, 3, 6, 11, 3, 6, 10, 19, 10, 2, 12, 10, 12, 12, 15, 19, 5, 16, 5, 14, 7, 14, 11, 3, 6, 6, 18, 3, 19, 17, 15, 10, 19, 17, 15, 8, 8, 2, 17, 18, 14, 8, 8, 12, 6, 18, 13, 10, 18, 12, 15, 6, 4, 18, 3, 19, 6, 16, 13, 10, 12, 16, 5, 11, 16, 13, 7, 11, 3, 6, 5, 14, 7, 11, 3, 5, 14, 16, 13, 11, 16, 7, 6, 7, 11, 16, 7, 6, 13, 5, 18, 3, 14, 7, 18, 7, 10, 12, 4, 4, 5, 14, 4, 4, 13, 16, 7, 13, 5, 4, 4, 5, 14, 4, 4, 13, 16, 7, 13, 1, 1, 5, 4, 16, 13, 1, 1, 1, 1, 10, 1, 1, 1, 10, 1]
bestever    2210    in generation 271
[12, 12, 19, 19, 15, 9, 2, 9, 17, 9, 15, 17, 9, 20, 8, 8, 9, 15, 9, 15, 17, 20, 17, 9, 19, 19, 2, 2, 2, 15, 15, 17, 20, 20, 9, 20, 20, 10, 20, 20, 17, 2, 2, 20, 20, 19, 9, 2, 8, 8, 2, 17, 12, 9, 8, 8, 3, 14, 14, 18, 11, 18, 11, 11, 18, 3, 3, 6, 11, 3, 6, 10, 19, 10, 2, 12, 10, 12, 12, 15, 19, 5, 16, 5, 14, 7, 14, 11, 3, 6, 6, 18, 3, 19, 17, 15, 10, 19, 17, 15, 8, 8, 2, 17, 18, 14, 8, 8, 12, 6, 18, 13, 10, 18, 12, 15, 6, 4, 18, 3, 19, 6, 16, 13, 10, 12, 16, 5, 11, 16, 13, 7, 11, 3, 6, 5, 14, 7, 11, 3, 5, 14, 16, 13, 11, 16, 7, 6, 7, 11, 7, 6, 5, 18, 3, 14, 7, 18, 7, 10, 12, 4, 4, 5, 14, 4, 4, 16, 13, 5, 4, 5, 14, 4, 4, 4, 13, 16, 7, 13, 13, 16, 7, 13, 1, 1, 5, 4, 16, 1, 1, 1, 13, 1, 10, 1, 1, 1, 10, 1]
bestever    2203    in generation 281
[12, 12, 19, 19, 15, 9, 2, 9, 17, 9, 15, 17, 9, 20, 8, 8, 9, 15, 9, 15, 17, 20, 17, 9, 19, 19, 2, 2, 2, 15, 15, 17, 20, 20, 9, 20, 20, 10, 20, 20, 17, 2, 2, 20, 20, 19, 9, 2, 8, 8, 2, 17, 12, 9, 8, 8, 3, 14, 14, 18, 11, 18, 11, 11, 18, 3, 3, 6, 11, 3, 6, 10, 19, 10, 2, 12, 10, 12, 12, 15, 19, 5, 16, 5, 14, 7, 14, 11, 3, 6, 6, 18, 3, 19, 17, 15, 10, 19, 17, 15, 8, 8, 2, 17, 18, 14, 8, 8, 12, 6, 18, 13, 10, 18, 12, 15, 6, 4, 18, 3, 19, 6, 16, 10, 12, 16, 5, 11, 7, 11, 3, 6, 5, 14, 7, 11, 3, 5, 14, 13, 11, 16, 7, 6, 7, 11, 7, 6, 5, 18, 3, 14, 7, 18, 7, 10, 12, 4, 4, 5, 14, 16, 13, 4, 16, 13, 5, 4, 5, 14, 4, 4, 4, 13, 16, 4, 13, 16, 7, 13, 13, 16, 7, 13, 1, 1, 5, 4, 16, 1, 1, 1, 13, 1, 10, 1, 1, 1, 10, 1]
bestever    2173    in generation 311
[12, 12, 19, 19, 15, 9, 2, 9, 17, 9, 15, 17, 9, 20, 8, 8, 9, 15, 9, 15, 17, 20, 17, 9, 19, 19, 2, 2, 2, 15, 15, 17, 20, 20, 9, 20, 20, 10, 20, 20, 17, 2, 2, 20, 20, 19, 9, 2, 8, 8, 2, 17, 12, 9, 8, 8, 3, 14, 14, 18, 11, 18, 11, 11, 18, 3, 3, 6, 11, 3, 6, 10, 19, 10, 2, 12, 10, 12, 12, 15, 19, 5, 16, 5, 14, 7, 14, 11, 3, 6, 1, 18, 3, 19, 17, 15, 10, 19, 17, 15, 8, 8, 2, 17, 18, 14, 8, 8, 12, 6, 18, 13, 10, 18, 12, 15, 6, 4, 18, 3, 19, 6, 16, 10, 12, 16, 5, 11, 7, 11, 3, 6, 5, 14, 7, 11, 3, 5, 14, 13, 11, 16, 7, 6, 7, 11, 7, 6, 5, 18, 3, 14, 7, 18, 7, 10, 12, 4, 4, 5, 14, 16, 13, 4, 16, 13, 5, 4, 5, 14, 4, 4, 4, 13, 16, 4, 13, 16, 7, 13, 13, 16, 7, 13, 1, 1, 5, 4, 16, 1, 1, 1, 13, 6, 10, 1, 1, 1, 10, 1]
bestever    2160    in generation 312
[12, 12, 19, 19, 15, 9, 2, 9, 17, 9, 15, 17, 9, 20, 8, 8, 9, 15, 9, 15, 17, 20, 17, 9, 19, 19, 2, 2, 2, 15, 15, 17, 20, 20, 9, 20, 20, 10, 20, 20, 17, 2, 2, 20, 20, 19, 9, 2, 8, 8, 2, 17, 12, 9, 8, 8, 3, 14, 14, 18, 11, 18, 11, 11, 18, 3, 13, 6, 11, 6, 10, 19, 10, 2, 12, 10, 12, 12, 15, 19, 5, 16, 5, 14, 7, 14, 11, 3, 6, 18, 3, 19, 17, 15, 10, 19, 17, 15, 8, 8, 2, 17, 18, 14, 8, 8, 12, 6, 13, 10, 18, 12, 15, 6, 4, 18, 3, 6, 18, 3, 19, 6, 16, 10, 12, 16, 5, 11, 7, 11, 3, 6, 5, 14, 7, 11, 3, 5, 14, 13, 11, 16, 7, 6, 7, 11, 7, 6, 5, 18, 3, 14, 7, 18, 7, 10, 12, 4, 4, 5, 14, 16, 3, 4, 16, 13, 5, 4, 5, 14, 4, 4, 4, 13, 16, 4, 13, 16, 7, 13, 13, 16, 7, 13, 1, 1, 5, 4, 16, 1, 1, 1, 13, 1, 10, 1, 1, 1, 10, 1]
bestever    2157    in generation 323
[12, 12, 19, 19, 15, 9, 2, 9, 17, 9, 15, 17, 9, 20, 8, 8, 9, 15, 9, 15, 17, 20, 17, 9, 19, 19, 2, 2, 2, 15, 15, 17, 20, 20, 9, 20, 20, 10, 20, 20, 17, 2, 2, 20, 20, 19, 9, 2, 8, 8, 2, 17, 12, 9, 8, 8, 3, 14, 14, 18, 11, 18, 11, 11, 18, 3, 13, 6, 11, 6, 10, 19, 10, 2, 12, 10, 12, 12, 15, 19, 5, 16, 5, 14, 7, 14, 11, 3, 6, 18, 3, 19, 17, 15, 10, 19, 17, 15, 8, 8, 2, 17, 18, 14, 8, 8, 12, 6, 13, 10, 18, 12, 15, 6, 4, 18, 3, 6, 18, 3, 19, 6, 16, 10, 12, 16, 5, 11, 7, 11, 3, 6, 5, 14, 7, 11, 3, 5, 14, 11, 16, 7, 6, 7, 11, 7, 6, 5, 18, 3, 14, 7, 18, 10, 12, 4, 4, 5, 14, 3, 4, 5, 4, 5, 14, 4, 4, 16, 4, 16, 7, 13, 13, 13, 16, 4, 13, 16, 7, 13, 13, 16, 7, 13, 1, 1, 5, 4, 16, 1, 1, 1, 13, 1, 10, 1, 1, 1, 10, 1]
bestever    2149    in generation 336
[12, 12, 19, 19, 15, 9, 2, 9, 17, 9, 15, 17, 9, 20, 8, 8, 9, 15, 9, 15, 17, 20, 17, 9, 19, 19, 2, 2, 2, 15, 15, 17, 20, 20, 9, 20, 20, 10, 20, 20, 17, 2, 2, 20, 20, 19, 9, 2, 8, 8, 2, 17, 12, 9, 8, 8, 3, 14, 14, 18, 11, 18, 11, 11, 18, 3, 6, 11, 6, 10, 19, 10, 2, 12, 10, 12, 12, 15, 19, 5, 16, 5, 14, 7, 14, 11, 3, 6, 18, 3, 19, 17, 15, 10, 19, 17, 15, 8, 8, 2, 17, 18, 14, 8, 8, 12, 6, 13, 10, 18, 12, 15, 6, 4, 18, 3, 6, 18, 3, 19, 6, 16, 10, 12, 5, 11, 7, 11, 3, 6, 5, 14, 7, 11, 3, 5, 14, 11, 16, 7, 6, 7, 11, 7, 6, 5, 18, 3, 14, 7, 18, 10, 12, 4, 4, 5, 14, 3, 4, 5, 4, 5, 14, 4, 4, 16, 4, 16, 7, 13, 13, 16, 13, 13, 16, 4, 13, 16, 7, 13, 13, 16, 7, 13, 1, 1, 5, 4, 16, 1, 1, 1, 13, 1, 10, 1, 1, 1, 10, 1]
bestever    2136    in generation 347
[12, 12, 19, 19, 15, 9, 2, 9, 17, 9, 15, 17, 9, 20, 8, 8, 9, 15, 9, 15, 17, 20, 17, 9, 19, 19, 2, 2, 2, 15, 15, 17, 20, 20, 9, 20, 20, 10, 20, 20, 17, 2, 2, 20, 20, 19, 9, 2, 8, 8, 2, 17, 12, 9, 8, 8, 3, 14, 14, 18, 11, 18, 11, 11, 18, 6, 11, 6, 10, 19, 10, 2, 12, 10, 12, 12, 15, 19, 5, 16, 5, 14, 7, 14, 11, 3, 6, 18, 3, 19, 17, 15, 10, 19, 17, 15, 8, 8, 2, 17, 18, 14, 8, 8, 12, 6, 13, 10, 12, 15, 6, 4, 18, 3, 6, 18, 3, 18, 3, 19, 6, 16, 10, 12, 5, 11, 7, 11, 3, 6, 5, 14, 7, 11, 3, 5, 14, 11, 16, 7, 6, 7, 11, 7, 6, 5, 18, 3, 14, 7, 18, 10, 12, 4, 4, 5, 14, 3, 4, 5, 4, 5, 14, 4, 4, 16, 4, 16, 7, 13, 13, 16, 13, 13, 16, 4, 13, 16, 7, 13, 13, 16, 7, 13, 1, 1, 5, 4, 16, 1, 1, 1, 13, 1, 10, 1, 1, 1, 10, 1]
bestever    2130    in generation 391
[12, 12, 19, 19, 15, 9, 2, 9, 17, 9, 15, 17, 9, 20, 8, 8, 9, 15, 9, 15, 17, 20, 17, 9, 19, 19, 2, 2, 2, 15, 15, 17, 20, 20, 9, 20, 20, 10, 20, 20, 18, 2, 2, 20, 20, 19, 9, 2, 8, 8, 2, 17, 12, 9, 8, 8, 3, 14, 14, 18, 11, 17, 11, 11, 18, 6, 11, 6, 10, 19, 10, 2, 12, 10, 12, 12, 15, 7, 5, 16, 5, 14, 7, 14, 11, 3, 6, 18, 3, 19, 17, 15, 10, 19, 17, 15, 8, 8, 2, 17, 18, 14, 8, 8, 12, 6, 13, 10, 12, 15, 6, 4, 18, 3, 6, 18, 3, 18, 3, 19, 6, 16, 10, 12, 5, 11, 7, 11, 3, 6, 5, 14, 7, 11, 3, 5, 14, 11, 16, 7, 6, 7, 11, 7, 6, 5, 18, 3, 14, 19, 18, 10, 12, 4, 4, 5, 14, 3, 4, 5, 4, 5, 14, 4, 4, 16, 4, 16, 7, 13, 13, 16, 13, 13, 16, 4, 13, 16, 7, 13, 13, 16, 7, 13, 1, 1, 5, 4, 16, 1, 1, 1, 13, 1, 10, 1, 1, 1, 10, 1]
bestever    2127    in generation 406
[12, 19, 19, 15, 9, 2, 9, 17, 9, 15, 17, 9, 20, 8, 8, 9, 15, 9, 15, 17, 20, 17, 9, 19, 19, 2, 2, 2, 15, 15, 17, 20, 20, 9, 20, 20, 10, 20, 20, 18, 2, 2, 20, 20, 19, 9, 2, 8, 8, 2, 17, 12, 9, 8, 8, 3, 18, 11, 17, 11, 11, 18, 6, 11, 6, 2, 12, 10, 12, 12, 15, 16, 3, 6, 18, 3, 17, 15, 10, 19, 17, 15, 8, 8, 2, 17, 14, 8, 8, 12, 6, 13, 10, 12, 15, 6, 4, 6, 18, 18, 19, 6, 10, 14, 5, 14, 7, 11, 7, 5, 18, 3, 14, 3, 19, 16, 10, 12, 5, 11, 7, 11, 3, 6, 14, 7, 11, 3, 5, 14, 11, 16, 7, 6, 7, 11, 7, 6, 5, 18, 3, 14, 19, 18, 10, 4, 5, 14, 3, 19, 18, 10, 12, 4, 4, 5, 14, 3, 4, 5, 4, 5, 14, 4, 4, 16, 4, 16, 7, 13, 13, 16, 13, 13, 16, 13, 16, 7, 13, 13, 16, 7, 13, 1, 1, 5, 4, 16, 1, 1, 1, 13, 1, 10, 1, 1, 1, 10, 1, 12]
bestever    2079    in generation 545
[12, 19, 19, 15, 9, 2, 9, 17, 9, 15, 17, 9, 20, 8, 8, 9, 15, 9, 15, 17, 20, 17, 9, 19, 19, 2, 2, 2, 15, 15, 17, 20, 20, 9, 20, 20, 10, 20, 20, 18, 2, 2, 20, 20, 19, 9, 2, 8, 8, 2, 17, 12, 9, 8, 8, 3, 18, 11, 17, 11, 11, 18, 6, 11, 6, 2, 12, 12, 10, 12, 12, 15, 16, 3, 6, 18, 3, 17, 15, 10, 19, 17, 15, 8, 8, 2, 17, 14, 8, 8, 12, 6, 13, 10, 15, 6, 4, 6, 18, 18, 19, 6, 10, 14, 5, 14, 7, 11, 7, 5, 18, 3, 14, 3, 19, 16, 10, 12, 5, 11, 7, 11, 3, 6, 14, 7, 11, 3, 5, 14, 11, 16, 7, 6, 7, 11, 7, 6, 5, 18, 3, 14, 19, 18, 10, 4, 5, 14, 3, 19, 18, 10, 12, 4, 4, 5, 14, 3, 4, 5, 1, 1, 1, 1, 1, 1, 13, 13, 16, 1, 1, 16, 16, 10, 10, 13, 1, 1, 12, 4, 5, 4, 5, 14, 4, 4, 4, 7, 13, 16, 13, 13, 16, 13, 16, 7, 13, 13, 16, 7]
bestever    2060    in generation 871
[12, 19, 19, 15, 9, 2, 9, 17, 9, 15, 17, 9, 20, 8, 8, 9, 15, 9, 15, 17, 20, 17, 9, 19, 19, 2, 2, 2, 15, 15, 17, 20, 20, 9, 10, 20, 20, 20, 18, 2, 2, 20, 20, 17, 19, 9, 8, 8, 2, 17, 12, 9, 8, 8, 8, 18, 11, 11, 11, 18, 6, 11, 6, 2, 12, 12, 10, 12, 12, 15, 3, 7, 6, 18, 3, 17, 15, 10, 19, 17, 15, 8, 2, 14, 3, 8, 12, 16, 6, 10, 15, 6, 4, 18, 18, 19, 6, 10, 5, 14, 7, 11, 7, 5, 18, 3, 14, 3, 19, 16, 10, 20, 8, 2, 17, 12, 5, 11, 7, 11, 3, 6, 14, 7, 11, 3, 5, 14, 11, 16, 7, 6, 14, 6, 11, 7, 6, 5, 18, 3, 14, 19, 18, 10, 5, 14, 3, 19, 18, 10, 12, 4, 5, 14, 3, 1, 1, 1, 1, 1, 1, 1, 1, 10, 10, 1, 1, 16, 13, 4, 5, 4, 4, 4, 5, 4, 5, 14, 7, 13, 16, 13, 4, 4, 4, 7, 13, 16, 13, 13, 13, 7, 16, 13, 16, 13, 13, 16, 12, 16]
bestever    2039    in generation 877
[9, 15, 17, 9, 20, 9, 15, 9, 15, 20, 9, 19, 19, 15, 15, 17, 20, 9, 10, 18, 2, 2, 20, 17, 19, 2, 17, 12, 8, 8, 8, 18, 11, 11, 10, 20, 20, 20, 18, 2, 2, 20, 20, 17, 19, 9, 8, 8, 2, 17, 12, 9, 8, 8, 11, 6, 11, 6, 2, 12, 12, 15, 3, 6, 18, 3, 17, 15, 10, 19, 17, 15, 2, 12, 15, 19, 12, 7, 17, 9, 9, 8, 2, 14, 3, 8, 12, 16, 6, 10, 15, 6, 4, 18, 18, 19, 6, 10, 5, 14, 7, 11, 7, 5, 18, 3, 14, 3, 19, 16, 10, 20, 8, 2, 17, 12, 5, 11, 7, 11, 3, 6, 14, 7, 11, 3, 5, 14, 11, 16, 7, 6, 14, 6, 11, 7, 6, 5, 18, 3, 14, 19, 18, 10, 5, 14, 3, 19, 18, 10, 12, 4, 5, 14, 3, 1, 1, 1, 1, 1, 1, 1, 1, 10, 10, 1, 1, 16, 13, 4, 5, 4, 4, 4, 5, 4, 5, 14, 7, 13, 16, 13, 4, 4, 4, 7, 13, 16, 13, 13, 13, 7, 16, 13, 16, 13, 13, 16, 12, 16]
bestever    2036    in generation 915
[9, 15, 17, 9, 20, 9, 15, 9, 15, 20, 9, 19, 19, 15, 15, 17, 20, 9, 10, 18, 2, 2, 20, 17, 19, 2, 17, 12, 8, 8, 8, 18, 11, 11, 10, 20, 20, 20, 18, 2, 2, 20, 17, 19, 9, 8, 8, 2, 17, 12, 9, 8, 8, 11, 6, 11, 6, 2, 12, 12, 15, 3, 6, 3, 17, 15, 10, 19, 17, 15, 2, 12, 15, 19, 12, 7, 17, 9, 9, 8, 14, 3, 8, 12, 16, 6, 15, 20, 2, 18, 10, 6, 4, 18, 18, 19, 6, 10, 5, 14, 7, 11, 7, 5, 18, 3, 14, 3, 19, 16, 10, 20, 8, 2, 17, 12, 5, 11, 7, 11, 3, 6, 14, 7, 11, 3, 5, 14, 11, 16, 7, 6, 14, 6, 11, 7, 6, 5, 18, 3, 14, 19, 18, 10, 5, 14, 3, 19, 18, 10, 12, 4, 5, 14, 3, 1, 1, 1, 1, 1, 1, 1, 1, 10, 10, 1, 1, 16, 13, 4, 5, 4, 4, 4, 5, 4, 5, 14, 13, 16, 13, 4, 7, 4, 4, 7, 13, 16, 13, 13, 13, 7, 16, 13, 16, 13, 13, 16, 12, 16]
bestever    2000    in generation 947
[9, 15, 17, 9, 20, 9, 15, 9, 15, 20, 9, 19, 19, 15, 15, 17, 20, 9, 10, 18, 2, 2, 20, 17, 19, 2, 17, 12, 8, 8, 8, 18, 11, 11, 10, 20, 20, 20, 18, 2, 2, 20, 17, 19, 9, 8, 8, 2, 17, 12, 9, 8, 8, 11, 6, 11, 6, 2, 12, 12, 15, 3, 6, 3, 17, 15, 10, 19, 17, 15, 2, 12, 15, 19, 12, 17, 9, 9, 8, 14, 3, 8, 12, 16, 6, 15, 20, 2, 18, 10, 4, 18, 18, 19, 10, 5, 14, 7, 11, 7, 5, 18, 3, 14, 19, 16, 10, 20, 8, 2, 17, 12, 5, 7, 11, 3, 14, 11, 3, 11, 6, 6, 7, 6, 3, 5, 14, 11, 16, 7, 6, 14, 6, 11, 7, 6, 5, 18, 3, 14, 19, 18, 10, 5, 14, 3, 19, 18, 10, 12, 4, 5, 14, 3, 1, 1, 1, 1, 1, 1, 1, 1, 10, 10, 1, 1, 16, 13, 4, 5, 4, 4, 5, 5, 14, 13, 16, 7, 4, 4, 13, 4, 7, 4, 4, 7, 13, 16, 13, 13, 13, 7, 16, 13, 16, 13, 13, 16, 12, 16]
bestever    1991    in generation 981
[9, 15, 17, 9, 20, 9, 15, 9, 15, 20, 9, 19, 19, 15, 15, 17, 20, 9, 10, 18, 2, 2, 20, 17, 19, 2, 17, 12, 8, 8, 8, 18, 11, 11, 10, 20, 20, 20, 18, 2, 2, 20, 17, 19, 9, 8, 8, 2, 17, 12, 9, 8, 8, 11, 6, 11, 6, 2, 12, 12, 15, 3, 6, 3, 17, 15, 10, 19, 17, 15, 2, 12, 15, 19, 12, 17, 9, 9, 8, 14, 3, 8, 12, 16, 6, 15, 20, 2, 18, 10, 4, 18, 18, 19, 10, 5, 14, 7, 11, 7, 5, 18, 3, 14, 19, 16, 10, 20, 8, 2, 17, 12, 5, 7, 11, 3, 14, 11, 3, 11, 6, 6, 7, 6, 3, 5, 14, 11, 6, 14, 6, 16, 11, 6, 5, 18, 3, 14, 19, 18, 10, 5, 14, 3, 19, 18, 10, 12, 4, 5, 14, 3, 1, 1, 1, 1, 1, 1, 1, 1, 10, 10, 1, 1, 16, 13, 4, 5, 4, 7, 7, 4, 5, 5, 14, 13, 16, 7, 4, 4, 13, 4, 7, 4, 4, 7, 13, 16, 13, 13, 13, 7, 16, 13, 16, 13, 13, 16, 12, 16]
bestever    1990    in generation 994
[9, 15, 17, 9, 20, 9, 15, 9, 15, 20, 9, 19, 19, 15, 15, 17, 20, 9, 10, 18, 2, 2, 20, 17, 19, 2, 17, 12, 8, 8, 8, 18, 11, 11, 10, 20, 20, 20, 18, 2, 2, 20, 17, 19, 9, 8, 8, 2, 17, 12, 9, 8, 8, 11, 6, 11, 6, 2, 12, 12, 15, 3, 6, 3, 17, 15, 10, 19, 17, 15, 2, 12, 15, 19, 12, 17, 9, 9, 8, 14, 3, 8, 12, 16, 6, 15, 20, 2, 18, 10, 4, 18, 18, 19, 10, 5, 14, 7, 11, 7, 5, 18, 3, 14, 19, 16, 10, 20, 8, 2, 17, 12, 5, 7, 11, 3, 14, 11, 3, 11, 6, 6, 7, 6, 3, 5, 14, 11, 6, 14, 6, 16, 11, 6, 5, 18, 3, 14, 19, 18, 10, 5, 14, 3, 19, 18, 10, 4, 5, 14, 3, 1, 1, 1, 1, 1, 1, 1, 1, 10, 10, 1, 1, 4, 5, 4, 7, 7, 4, 5, 5, 14, 7, 4, 4, 4, 7, 4, 4, 7, 13, 16, 13, 13, 13, 7, 13, 16, 13, 13, 16, 12, 16, 13, 16, 13, 13, 16, 12, 16]
bestever    1980    in generation 1086
[9, 15, 17, 9, 20, 9, 15, 9, 15, 20, 9, 19, 19, 15, 15, 17, 20, 9, 10, 18, 2, 2, 20, 17, 19, 2, 17, 12, 8, 8, 8, 18, 11, 11, 10, 20, 20, 20, 18, 2, 2, 20, 17, 19, 9, 8, 8, 2, 17, 12, 9, 8, 8, 11, 11, 2, 12, 12, 15, 3, 6, 3, 17, 15, 10, 19, 17, 15, 2, 12, 15, 19, 12, 17, 9, 9, 8, 14, 3, 8, 12, 16, 6, 15, 20, 2, 18, 10, 18, 18, 19, 10, 5, 14, 7, 11, 5, 18, 3, 14, 19, 10, 20, 8, 2, 17, 5, 11, 3, 14, 12, 16, 11, 3, 11, 6, 6, 6, 6, 6, 3, 5, 14, 11, 6, 14, 6, 16, 11, 6, 5, 18, 3, 14, 19, 18, 10, 5, 14, 3, 19, 18, 10, 5, 14, 3, 1, 1, 1, 1, 1, 1, 1, 1, 10, 10, 1, 1, 7, 7, 7, 4, 4, 4, 5, 4, 7, 7, 4, 5, 5, 14, 7, 4, 4, 4, 7, 4, 4, 7, 13, 16, 13, 13, 13, 7, 13, 16, 13, 13, 16, 12, 16, 13, 16, 13, 13, 16, 12, 16]
bestever    1977    in generation 1122
[9, 15, 17, 9, 20, 9, 15, 9, 15, 20, 9, 19, 19, 15, 15, 17, 20, 9, 10, 18, 2, 2, 20, 17, 19, 2, 17, 12, 8, 8, 8, 18, 11, 11, 10, 20, 20, 20, 18, 2, 2, 20, 17, 19, 9, 8, 8, 2, 17, 12, 9, 8, 8, 11, 11, 2, 12, 12, 15, 3, 6, 3, 17, 15, 10, 19, 17, 15, 2, 12, 15, 19, 12, 17, 9, 9, 8, 14, 3, 8, 12, 16, 6, 15, 20, 2, 18, 10, 18, 18, 19, 10, 5, 14, 7, 11, 5, 18, 3, 14, 19, 10, 20, 8, 2, 17, 5, 11, 3, 14, 12, 16, 11, 3, 11, 6, 6, 6, 6, 6, 3, 5, 14, 11, 6, 14, 6, 16, 11, 6, 5, 18, 3, 14, 19, 18, 10, 5, 14, 3, 19, 18, 10, 5, 14, 3, 1, 1, 1, 1, 1, 1, 1, 1, 10, 10, 1, 1, 7, 7, 7, 4, 4, 4, 5, 4, 7, 7, 4, 5, 5, 14, 7, 4, 4, 4, 7, 4, 4, 7, 13, 13, 16, 16, 13, 16, 13, 13, 12, 16, 12, 16, 16, 16, 13, 13, 13, 13, 7, 13]
bestever    1962    in generation 1137
[9, 15, 17, 9, 20, 9, 15, 9, 15, 20, 9, 19, 19, 15, 15, 17, 20, 9, 2, 18, 2, 2, 20, 17, 19, 2, 17, 12, 8, 8, 8, 18, 11, 11, 10, 20, 20, 20, 18, 2, 2, 20, 17, 19, 9, 8, 8, 2, 17, 12, 9, 8, 8, 11, 11, 2, 12, 12, 15, 3, 6, 3, 17, 15, 10, 19, 17, 15, 2, 12, 15, 19, 12, 17, 9, 9, 8, 14, 3, 8, 12, 16, 6, 15, 20, 10, 18, 10, 18, 18, 19, 10, 5, 14, 7, 11, 5, 18, 3, 14, 19, 10, 20, 8, 2, 17, 5, 11, 3, 6, 12, 16, 11, 3, 11, 6, 6, 6, 6, 6, 3, 5, 14, 11, 14, 14, 6, 16, 11, 6, 5, 18, 3, 14, 19, 18, 10, 5, 14, 3, 19, 18, 10, 5, 14, 3, 1, 1, 1, 1, 1, 1, 1, 1, 10, 10, 1, 1, 7, 7, 7, 4, 4, 4, 5, 4, 7, 7, 4, 5, 5, 14, 7, 4, 4, 4, 7, 4, 4, 7, 13, 16, 13, 13, 13, 13, 13, 16, 16, 12, 16, 12, 16, 16, 13, 16, 13, 13, 13, 7]
bestever    1922    in generation 1209
[9, 15, 17, 9, 20, 9, 15, 9, 15, 20, 9, 19, 19, 15, 15, 17, 20, 9, 2, 18, 2, 2, 20, 17, 19, 2, 17, 12, 8, 8, 8, 18, 11, 11, 10, 20, 20, 20, 18, 2, 2, 20, 17, 19, 9, 8, 8, 2, 17, 12, 9, 8, 8, 11, 11, 2, 12, 12, 15, 3, 6, 3, 17, 15, 10, 19, 17, 15, 2, 12, 15, 19, 12, 17, 9, 9, 8, 14, 3, 8, 12, 16, 6, 15, 20, 10, 18, 10, 18, 18, 19, 10, 5, 14, 7, 11, 18, 3, 14, 19, 10, 20, 8, 2, 17, 5, 11, 3, 6, 12, 16, 11, 3, 11, 6, 6, 6, 6, 6, 3, 5, 14, 11, 14, 6, 16, 11, 6, 5, 18, 14, 19, 18, 10, 5, 14, 3, 5, 14, 3, 19, 18, 10, 5, 14, 3, 1, 1, 1, 1, 1, 1, 1, 1, 10, 10, 1, 1, 7, 7, 7, 4, 4, 4, 5, 4, 7, 7, 4, 5, 5, 14, 7, 4, 4, 4, 7, 4, 4, 7, 13, 16, 13, 13, 13, 13, 13, 16, 16, 12, 16, 12, 16, 16, 13, 16, 13, 13, 13, 7]
bestever    1916    in generation 1377
[9, 15, 17, 9, 20, 9, 15, 9, 15, 20, 9, 19, 19, 15, 15, 17, 20, 9, 2, 18, 2, 2, 20, 17, 19, 2, 17, 12, 8, 8, 8, 18, 11, 11, 10, 20, 20, 20, 20, 2, 2, 20, 17, 19, 9, 8, 8, 2, 17, 12, 9, 8, 8, 11, 11, 2, 12, 12, 15, 3, 6, 3, 17, 15, 10, 19, 17, 15, 2, 12, 15, 19, 12, 17, 9, 9, 8, 14, 3, 8, 12, 16, 6, 15, 18, 10, 18, 10, 18, 18, 19, 10, 5, 14, 7, 11, 18, 3, 14, 19, 10, 20, 8, 2, 17, 5, 11, 3, 6, 12, 16, 11, 3, 11, 6, 6, 6, 6, 6, 3, 5, 14, 11, 14, 6, 11, 6, 5, 18, 19, 18, 10, 14, 5, 14, 3, 5, 14, 3, 19, 18, 10, 5, 14, 3, 1, 1, 1, 1, 1, 1, 1, 1, 10, 10, 1, 1, 7, 7, 7, 4, 4, 4, 5, 4, 7, 7, 4, 5, 5, 14, 7, 4, 4, 4, 7, 4, 4, 7, 13, 13, 13, 16, 13, 13, 16, 12, 16, 12, 16, 16, 13, 16, 16, 13, 16, 13, 13, 13, 7]
bestever    1915    in generation 1504
[9, 15, 17, 9, 20, 9, 15, 9, 15, 20, 9, 19, 19, 15, 15, 17, 20, 9, 2, 3, 2, 2, 20, 17, 19, 2, 17, 12, 8, 8, 8, 18, 11, 11, 10, 20, 20, 20, 20, 2, 2, 20, 17, 19, 9, 8, 8, 2, 17, 12, 9, 8, 8, 11, 11, 2, 12, 12, 15, 18, 6, 3, 17, 15, 10, 19, 17, 15, 2, 12, 15, 19, 12, 17, 9, 9, 8, 14, 3, 8, 12, 16, 6, 15, 18, 10, 18, 10, 18, 18, 19, 10, 5, 14, 7, 11, 18, 3, 14, 19, 10, 20, 8, 2, 17, 5, 11, 3, 6, 12, 16, 11, 3, 11, 6, 6, 6, 6, 6, 3, 5, 14, 11, 14, 6, 11, 6, 5, 18, 19, 18, 10, 14, 5, 14, 3, 5, 14, 3, 19, 18, 1, 5, 14, 3, 1, 1, 1, 1, 1, 1, 10, 1, 10, 10, 1, 1, 7, 7, 4, 7, 4, 4, 5, 4, 7, 7, 4, 5, 5, 14, 7, 4, 4, 4, 7, 4, 4, 7, 13, 13, 13, 16, 13, 13, 16, 12, 16, 12, 16, 16, 13, 16, 16, 13, 16, 13, 13, 13, 7]
bestever    1911    in generation 1617
[9, 15, 17, 9, 20, 9, 15, 9, 15, 20, 9, 19, 19, 15, 15, 17, 20, 9, 2, 3, 2, 2, 20, 17, 19, 2, 17, 12, 8, 8, 8, 18, 11, 11, 10, 20, 20, 20, 20, 2, 2, 20, 17, 19, 9, 8, 8, 2, 12, 9, 8, 8, 11, 11, 12, 12, 18, 6, 3, 17, 15, 10, 19, 17, 15, 2, 17, 15, 2, 12, 15, 19, 12, 17, 9, 9, 8, 14, 3, 8, 12, 16, 5, 6, 15, 18, 18, 18, 18, 19, 14, 11, 3, 19, 10, 20, 8, 2, 17, 11, 3, 6, 12, 16, 11, 11, 6, 18, 10, 10, 14, 3, 6, 6, 6, 6, 5, 11, 6, 11, 6, 5, 18, 19, 18, 10, 5, 14, 5, 14, 3, 10, 14, 5, 14, 3, 5, 14, 3, 19, 18, 1, 7, 14, 3, 1, 1, 1, 1, 1, 1, 10, 1, 10, 10, 1, 1, 7, 7, 4, 7, 4, 4, 5, 4, 7, 7, 4, 5, 5, 14, 7, 4, 4, 4, 7, 4, 4, 7, 13, 13, 13, 13, 16, 13, 16, 12, 16, 12, 16, 16, 13, 16, 16, 13, 16, 13, 13, 13, 7]
bestever    1906    in generation 1653
[9, 20, 9, 15, 9, 15, 20, 9, 19, 19, 15, 15, 17, 20, 9, 2, 3, 2, 17, 9, 15, 2, 20, 17, 19, 2, 17, 12, 8, 8, 8, 18, 11, 11, 10, 20, 20, 20, 20, 2, 2, 20, 17, 19, 9, 8, 8, 2, 12, 9, 8, 8, 11, 11, 12, 12, 18, 6, 3, 17, 15, 10, 19, 17, 15, 2, 17, 15, 2, 12, 15, 19, 12, 17, 9, 9, 8, 14, 3, 8, 12, 16, 5, 6, 15, 18, 18, 18, 18, 19, 11, 20, 8, 2, 17, 11, 6, 12, 16, 11, 11, 6, 10, 6, 6, 6, 6, 5, 11, 6, 11, 6, 5, 19, 18, 10, 3, 10, 14, 3, 18, 19, 18, 10, 5, 14, 5, 14, 3, 10, 14, 5, 14, 3, 5, 3, 14, 14, 3, 19, 18, 1, 7, 14, 3, 1, 1, 1, 1, 1, 1, 10, 1, 10, 10, 1, 1, 4, 7, 7, 5, 4, 7, 7, 4, 5, 5, 14, 7, 4, 4, 4, 7, 4, 4, 7, 4, 4, 7, 13, 13, 13, 13, 16, 13, 16, 12, 16, 12, 16, 16, 13, 16, 16, 13, 16, 13, 13, 13, 7]
bestever    1896    in generation 1685
[9, 20, 9, 15, 9, 15, 20, 9, 19, 19, 15, 15, 17, 20, 9, 2, 3, 2, 17, 9, 15, 2, 20, 17, 19, 2, 17, 12, 8, 8, 8, 18, 11, 11, 10, 20, 20, 20, 20, 2, 2, 20, 17, 19, 9, 8, 8, 2, 12, 9, 8, 8, 11, 11, 12, 12, 18, 6, 3, 17, 15, 10, 19, 17, 15, 2, 17, 15, 2, 12, 15, 19, 12, 17, 9, 9, 8, 14, 3, 8, 12, 16, 5, 6, 15, 18, 18, 18, 18, 19, 11, 20, 8, 2, 17, 11, 6, 12, 16, 11, 11, 6, 10, 6, 6, 6, 6, 5, 11, 6, 11, 6, 5, 19, 18, 10, 3, 10, 14, 3, 18, 19, 18, 10, 5, 14, 5, 14, 3, 14, 5, 14, 3, 5, 3, 14, 14, 3, 19, 18, 1, 7, 14, 3, 1, 1, 1, 1, 10, 1, 1, 10, 1, 10, 10, 1, 1, 4, 7, 7, 5, 4, 7, 7, 4, 5, 5, 14, 7, 4, 4, 4, 7, 4, 4, 7, 4, 4, 7, 13, 13, 13, 13, 16, 13, 16, 12, 16, 12, 16, 16, 13, 16, 16, 13, 16, 13, 13, 13, 7]
bestever    1877    in generation 1791
[9, 20, 9, 15, 9, 15, 20, 9, 19, 19, 15, 15, 17, 20, 9, 2, 3, 2, 17, 9, 15, 2, 20, 17, 19, 2, 17, 12, 8, 8, 8, 18, 11, 11, 10, 20, 20, 20, 20, 2, 2, 20, 17, 19, 9, 8, 8, 2, 12, 9, 8, 8, 11, 12, 12, 18, 6, 3, 17, 15, 10, 19, 17, 15, 2, 17, 15, 2, 12, 15, 19, 12, 17, 9, 9, 8, 14, 3, 8, 12, 16, 5, 15, 18, 18, 18, 18, 19, 11, 20, 8, 11, 6, 2, 17, 11, 6, 12, 16, 11, 11, 6, 10, 6, 6, 6, 6, 5, 11, 6, 11, 6, 5, 19, 18, 10, 3, 10, 14, 3, 18, 19, 18, 10, 5, 14, 5, 14, 3, 14, 5, 14, 3, 5, 3, 14, 14, 3, 19, 18, 1, 7, 14, 3, 1, 1, 1, 1, 10, 1, 1, 10, 1, 10, 10, 1, 1, 4, 7, 7, 5, 4, 7, 7, 4, 5, 5, 14, 7, 4, 4, 4, 7, 4, 4, 7, 4, 4, 7, 13, 13, 13, 16, 16, 12, 16, 12, 16, 13, 13, 16, 13, 16, 16, 13, 16, 13, 13, 13, 7]
bestever    1863    in generation 1839
[9, 20, 9, 15, 9, 15, 20, 9, 19, 19, 15, 15, 17, 20, 9, 2, 3, 2, 17, 9, 15, 2, 20, 17, 19, 2, 17, 12, 8, 8, 8, 18, 11, 11, 20, 20, 20, 20, 2, 2, 20, 17, 19, 9, 8, 8, 2, 12, 9, 8, 8, 11, 12, 12, 18, 6, 3, 17, 15, 19, 17, 15, 2, 17, 15, 2, 12, 15, 19, 12, 17, 9, 9, 8, 8, 12, 16, 15, 18, 18, 18, 18, 19, 11, 20, 8, 11, 6, 2, 17, 11, 6, 12, 16, 11, 11, 6, 10, 6, 6, 6, 11, 6, 6, 11, 6, 19, 10, 10, 18, 10, 5, 5, 5, 14, 3, 3, 10, 14, 3, 18, 19, 18, 10, 5, 14, 5, 14, 3, 14, 5, 14, 3, 5, 3, 14, 14, 3, 19, 18, 1, 7, 14, 3, 1, 1, 1, 1, 10, 1, 1, 10, 1, 10, 10, 1, 1, 4, 7, 7, 5, 4, 7, 7, 4, 5, 5, 14, 7, 4, 4, 4, 7, 4, 4, 7, 4, 4, 7, 13, 13, 13, 16, 16, 12, 16, 12, 16, 13, 13, 16, 13, 16, 16, 13, 16, 13, 13, 13, 7]
bestever    1843    in generation 1934
[9, 20, 9, 15, 9, 15, 20, 9, 19, 19, 15, 15, 17, 20, 9, 2, 3, 2, 17, 9, 15, 2, 20, 17, 19, 2, 17, 12, 8, 8, 8, 18, 11, 20, 20, 20, 20, 2, 2, 20, 17, 19, 9, 8, 8, 2, 12, 9, 8, 8, 11, 12, 12, 18, 6, 3, 17, 15, 19, 17, 15, 2, 17, 15, 2, 12, 15, 19, 12, 17, 9, 9, 8, 8, 12, 16, 15, 18, 18, 18, 18, 19, 11, 20, 8, 11, 6, 11, 2, 17, 11, 18, 12, 16, 11, 11, 6, 10, 6, 6, 6, 11, 6, 6, 11, 6, 19, 10, 10, 18, 10, 5, 5, 5, 14, 3, 3, 10, 14, 3, 18, 19, 18, 10, 5, 14, 5, 14, 3, 14, 5, 14, 3, 5, 3, 14, 14, 3, 19, 6, 1, 7, 14, 3, 1, 1, 1, 1, 10, 1, 1, 10, 1, 10, 10, 1, 1, 4, 7, 7, 5, 4, 7, 7, 4, 5, 5, 14, 7, 4, 4, 4, 7, 4, 4, 7, 4, 4, 7, 13, 13, 13, 16, 16, 12, 16, 12, 16, 13, 13, 16, 13, 16, 16, 13, 16, 13, 13, 13, 7]
bestever    1841    in generation 3037
[15, 9, 15, 20, 9, 15, 15, 17, 20, 9, 2, 3, 2, 17, 9, 15, 2, 19, 19, 12, 20, 17, 19, 2, 9, 20, 9, 19, 12, 8, 8, 10, 8, 9, 18, 11, 20, 20, 20, 20, 2, 2, 20, 17, 19, 8, 8, 2, 12, 9, 8, 8, 11, 12, 18, 6, 3, 17, 15, 19, 17, 15, 2, 17, 15, 2, 12, 15, 19, 12, 17, 9, 9, 8, 8, 16, 15, 18, 18, 18, 18, 19, 11, 20, 8, 11, 6, 11, 2, 17, 11, 18, 11, 11, 6, 10, 6, 6, 6, 11, 6, 11, 6, 17, 10, 10, 7, 18, 10, 3, 10, 18, 18, 5, 5, 14, 3, 5, 14, 5, 3, 1, 14, 5, 19, 6, 12, 4, 7, 14, 3, 14, 5, 14, 3, 5, 3, 14, 14, 3, 19, 6, 14, 4, 3, 1, 1, 1, 10, 1, 1, 10, 1, 10, 10, 1, 1, 1, 5, 12, 4, 12, 5, 5, 14, 4, 7, 4, 16, 7, 4, 7, 4, 4, 4, 4, 7, 7, 7, 7, 16, 16, 16, 16, 16, 13, 13, 13, 13, 13, 16, 13, 16, 12, 13, 16, 13, 13, 13, 7]
bestever    1803    in generation 3607
[15, 9, 15, 20, 9, 15, 15, 17, 20, 9, 2, 10, 2, 17, 9, 15, 2, 19, 19, 12, 20, 17, 19, 2, 9, 20, 9, 19, 12, 8, 8, 10, 8, 9, 18, 17, 20, 20, 20, 20, 2, 2, 20, 8, 19, 8, 11, 2, 12, 9, 8, 8, 11, 12, 18, 6, 3, 12, 15, 19, 17, 15, 2, 15, 2, 12, 15, 19, 12, 17, 9, 9, 8, 8, 15, 18, 18, 5, 18, 19, 20, 8, 6, 11, 2, 17, 11, 18, 11, 17, 11, 18, 11, 11, 6, 3, 4, 6, 6, 6, 11, 6, 11, 6, 17, 10, 10, 18, 10, 3, 10, 18, 18, 5, 14, 3, 5, 14, 5, 7, 3, 1, 14, 5, 19, 6, 17, 7, 16, 14, 3, 14, 5, 14, 3, 5, 3, 14, 14, 19, 5, 6, 3, 14, 4, 3, 1, 1, 10, 10, 10, 10, 1, 1, 1, 1, 1, 1, 1, 5, 12, 4, 12, 5, 14, 4, 4, 16, 4, 7, 7, 7, 4, 4, 4, 4, 7, 7, 7, 7, 16, 13, 16, 13, 16, 16, 12, 13, 13, 16, 16, 13, 13, 13, 16, 16, 13, 13, 13, 7]
bestever    1799    in generation 3672
[15, 9, 15, 20, 9, 15, 15, 17, 20, 9, 2, 10, 2, 17, 9, 15, 2, 19, 19, 12, 20, 17, 19, 2, 9, 20, 9, 19, 12, 8, 8, 10, 8, 9, 18, 17, 20, 20, 20, 20, 2, 2, 20, 8, 19, 8, 11, 2, 12, 9, 8, 8, 11, 12, 18, 6, 3, 12, 15, 19, 17, 15, 2, 15, 2, 15, 19, 12, 17, 9, 9, 8, 8, 15, 18, 18, 5, 18, 19, 20, 8, 6, 11, 2, 17, 11, 18, 11, 17, 11, 18, 11, 11, 6, 3, 4, 6, 6, 6, 11, 6, 11, 6, 17, 10, 10, 18, 10, 3, 10, 18, 18, 5, 14, 3, 5, 14, 5, 7, 3, 1, 14, 5, 19, 6, 17, 7, 16, 14, 3, 14, 5, 14, 3, 5, 3, 14, 14, 19, 5, 6, 3, 14, 4, 3, 1, 1, 10, 10, 10, 10, 1, 1, 1, 1, 1, 12, 1, 1, 12, 4, 12, 5, 5, 14, 4, 4, 16, 4, 7, 7, 7, 4, 4, 4, 4, 7, 7, 7, 7, 16, 13, 16, 13, 16, 16, 12, 13, 13, 16, 16, 13, 13, 13, 16, 16, 13, 13, 13, 7]
bestever    1798    in generation 3738
[15, 9, 15, 20, 9, 15, 15, 17, 20, 9, 2, 10, 2, 17, 9, 15, 2, 19, 19, 12, 20, 17, 19, 2, 9, 20, 9, 19, 12, 8, 8, 10, 8, 9, 18, 17, 20, 20, 20, 20, 2, 2, 20, 8, 19, 8, 11, 2, 12, 9, 8, 8, 11, 12, 18, 6, 3, 12, 15, 19, 17, 15, 2, 15, 2, 15, 19, 12, 17, 9, 9, 8, 8, 15, 18, 18, 5, 18, 19, 20, 8, 6, 11, 2, 17, 11, 18, 11, 17, 11, 18, 19, 11, 6, 3, 4, 6, 6, 6, 11, 6, 11, 6, 17, 10, 10, 18, 10, 3, 10, 18, 18, 5, 14, 3, 5, 14, 5, 7, 3, 1, 14, 5, 19, 6, 17, 7, 16, 14, 3, 14, 5, 14, 3, 5, 3, 14, 14, 11, 5, 6, 3, 14, 4, 3, 1, 1, 10, 10, 10, 10, 1, 1, 1, 1, 1, 12, 1, 1, 12, 4, 12, 5, 5, 14, 4, 4, 16, 4, 7, 7, 7, 4, 4, 4, 4, 7, 7, 7, 7, 16, 13, 16, 13, 16, 16, 12, 13, 13, 16, 16, 13, 13, 13, 16, 16, 13, 13, 13, 7]
bestever    1794    in generation 4229
[15, 9, 15, 20, 9, 15, 15, 17, 20, 9, 2, 10, 2, 16, 17, 9, 15, 2, 19, 19, 12, 20, 17, 19, 2, 9, 20, 9, 19, 12, 8, 8, 10, 8, 9, 18, 17, 20, 20, 20, 20, 2, 2, 20, 8, 19, 8, 11, 2, 12, 9, 8, 8, 11, 12, 18, 6, 3, 12, 15, 19, 17, 15, 2, 15, 2, 15, 19, 12, 17, 9, 16, 9, 8, 8, 15, 18, 18, 5, 18, 19, 20, 8, 6, 11, 2, 17, 11, 18, 11, 17, 11, 18, 19, 11, 6, 3, 4, 6, 6, 6, 11, 6, 6, 17, 10, 10, 18, 10, 10, 18, 18, 5, 3, 1, 14, 5, 7, 19, 6, 17, 14, 3, 3, 5, 14, 14, 11, 5, 3, 5, 3, 14, 14, 5, 3, 14, 14, 11, 4, 5, 6, 3, 14, 4, 3, 1, 1, 10, 10, 10, 10, 1, 1, 1, 1, 1, 12, 1, 1, 12, 5, 5, 14, 4, 4, 4, 7, 7, 7, 7, 13, 16, 13, 7, 4, 4, 4, 4, 7, 7, 7, 16, 16, 12, 16, 16, 12, 13, 13, 16, 16, 13, 13, 13, 16, 7, 13, 13, 13]
bestever    1792    in generation 5724
[15, 9, 15, 20, 9, 15, 15, 17, 20, 9, 2, 15, 9, 2, 16, 9, 17, 9, 2, 20, 2, 19, 17, 12, 20, 9, 19, 10, 19, 9, 15, 19, 12, 8, 8, 10, 8, 9, 18, 17, 20, 11, 20, 20, 20, 6, 2, 12, 19, 17, 15, 2, 15, 2, 15, 8, 12, 17, 9, 8, 8, 2, 20, 8, 19, 19, 11, 2, 12, 8, 8, 11, 12, 18, 6, 3, 15, 18, 18, 5, 18, 19, 20, 8, 6, 11, 2, 17, 11, 18, 11, 17, 11, 18, 19, 3, 6, 11, 6, 6, 16, 6, 11, 6, 17, 10, 10, 18, 10, 10, 18, 18, 5, 3, 14, 5, 7, 3, 6, 17, 14, 3, 3, 5, 3, 5, 3, 14, 14, 5, 14, 14, 5, 16, 3, 14, 14, 13, 11, 7, 6, 19, 14, 4, 1, 3, 10, 10, 10, 13, 10, 1, 1, 1, 1, 1, 1, 12, 1, 1, 12, 5, 5, 14, 4, 1, 4, 4, 4, 4, 7, 7, 5, 7, 16, 7, 4, 4, 4, 4, 7, 7, 7, 16, 12, 16, 13, 16, 12, 13, 13, 16, 16, 13, 13, 16, 7, 13, 13, 13]
bestever    1788    in generation 5768
[15, 9, 15, 20, 9, 15, 15, 17, 20, 9, 2, 15, 9, 2, 16, 9, 17, 9, 2, 20, 2, 17, 12, 20, 9, 19, 10, 19, 9, 15, 19, 12, 8, 10, 8, 9, 18, 17, 20, 11, 20, 20, 6, 2, 12, 19, 17, 15, 2, 15, 2, 15, 8, 12, 20, 8, 19, 17, 9, 8, 8, 2, 20, 8, 19, 19, 11, 2, 12, 8, 8, 11, 12, 18, 6, 3, 15, 18, 18, 5, 18, 19, 20, 8, 6, 11, 2, 17, 11, 18, 11, 17, 11, 18, 19, 3, 6, 11, 6, 6, 16, 6, 11, 6, 17, 10, 10, 18, 10, 10, 18, 18, 5, 3, 14, 5, 7, 3, 6, 17, 14, 3, 3, 5, 3, 5, 3, 14, 14, 5, 14, 14, 5, 16, 3, 14, 14, 13, 11, 7, 6, 19, 14, 4, 1, 3, 10, 10, 10, 10, 1, 1, 1, 1, 1, 1, 12, 1, 1, 12, 5, 5, 14, 4, 1, 4, 4, 4, 4, 7, 7, 5, 7, 16, 7, 4, 4, 4, 4, 7, 7, 7, 16, 12, 16, 13, 12, 13, 16, 13, 13, 16, 16, 13, 13, 16, 7, 13, 13, 13]
bestever    1787    in generation 5786
[15, 9, 15, 20, 9, 15, 15, 17, 20, 9, 2, 15, 9, 2, 16, 9, 17, 9, 2, 20, 2, 17, 12, 20, 9, 19, 10, 19, 9, 15, 19, 12, 8, 10, 8, 9, 18, 17, 20, 11, 20, 20, 6, 2, 12, 19, 17, 15, 2, 15, 2, 15, 8, 12, 20, 8, 19, 17, 9, 8, 8, 2, 20, 8, 19, 19, 11, 2, 12, 8, 8, 11, 12, 18, 6, 3, 15, 18, 18, 5, 18, 19, 20, 8, 6, 11, 2, 17, 11, 18, 11, 17, 11, 18, 19, 3, 6, 11, 6, 6, 16, 6, 11, 6, 17, 10, 10, 18, 10, 10, 18, 18, 5, 3, 14, 5, 7, 3, 6, 17, 14, 3, 3, 5, 3, 5, 3, 14, 14, 5, 14, 14, 5, 16, 3, 14, 14, 13, 11, 7, 6, 19, 14, 4, 1, 3, 10, 10, 10, 10, 1, 1, 1, 12, 1, 1, 1, 1, 1, 12, 5, 5, 14, 4, 1, 4, 4, 4, 4, 7, 7, 5, 7, 16, 7, 4, 4, 4, 4, 7, 7, 7, 16, 12, 16, 13, 12, 13, 16, 13, 13, 16, 16, 13, 13, 16, 7, 13, 13, 13]
bestever    1776    in generation 5830
[15, 9, 15, 20, 9, 15, 15, 17, 20, 9, 2, 15, 9, 2, 9, 17, 9, 2, 20, 2, 17, 12, 20, 9, 19, 10, 19, 9, 15, 19, 12, 8, 10, 8, 9, 18, 17, 20, 11, 20, 20, 6, 2, 12, 19, 17, 15, 2, 15, 2, 15, 8, 12, 20, 8, 19, 17, 9, 8, 8, 2, 20, 8, 19, 19, 11, 2, 12, 8, 8, 11, 12, 18, 6, 3, 15, 18, 18, 5, 18, 17, 20, 8, 6, 11, 2, 17, 11, 18, 11, 19, 11, 18, 19, 3, 6, 11, 6, 6, 6, 11, 6, 17, 10, 10, 18, 10, 10, 18, 18, 5, 3, 14, 5, 7, 3, 6, 17, 14, 3, 3, 5, 3, 5, 3, 14, 14, 5, 14, 14, 5, 16, 3, 14, 14, 13, 11, 7, 6, 19, 14, 4, 1, 3, 10, 10, 10, 10, 1, 1, 1, 12, 1, 1, 1, 1, 1, 12, 5, 5, 14, 4, 1, 4, 4, 4, 4, 5, 16, 7, 4, 4, 7, 7, 7, 16, 16, 4, 4, 7, 7, 7, 16, 12, 16, 13, 12, 13, 16, 13, 16, 13, 16, 13, 13, 16, 7, 13, 13, 13]
bestever    1769    in generation 6202
[15, 9, 15, 20, 9, 15, 15, 17, 20, 9, 2, 15, 9, 2, 9, 17, 9, 2, 20, 2, 17, 12, 20, 9, 19, 2, 19, 9, 15, 19, 12, 8, 10, 8, 9, 20, 18, 17, 20, 11, 20, 6, 2, 12, 19, 17, 15, 2, 15, 10, 15, 8, 12, 20, 8, 19, 17, 9, 8, 8, 2, 20, 8, 19, 19, 11, 2, 12, 8, 8, 11, 12, 18, 6, 3, 15, 18, 18, 5, 18, 17, 20, 8, 6, 11, 2, 17, 11, 18, 11, 19, 11, 18, 19, 3, 6, 11, 6, 6, 6, 11, 6, 17, 10, 10, 18, 10, 10, 18, 18, 5, 3, 14, 5, 7, 3, 6, 17, 14, 3, 3, 5, 3, 5, 3, 14, 14, 5, 14, 14, 5, 16, 3, 14, 14, 11, 7, 6, 19, 14, 4, 1, 3, 10, 10, 10, 10, 1, 1, 1, 12, 1, 1, 1, 1, 1, 13, 12, 5, 5, 14, 4, 1, 4, 4, 4, 4, 5, 16, 7, 4, 4, 7, 7, 7, 16, 16, 4, 4, 7, 7, 7, 16, 12, 16, 13, 12, 13, 16, 13, 16, 13, 16, 13, 13, 16, 7, 13, 13, 13]
bestever    1768    in generation 6720
[15, 9, 15, 20, 9, 15, 15, 17, 20, 9, 2, 15, 2, 2, 9, 17, 9, 2, 20, 2, 17, 12, 20, 19, 2, 19, 9, 15, 19, 12, 8, 10, 8, 9, 20, 18, 17, 11, 20, 6, 2, 12, 19, 17, 15, 2, 15, 10, 15, 8, 12, 20, 9, 20, 8, 19, 17, 9, 8, 8, 9, 20, 8, 19, 19, 11, 12, 8, 8, 11, 12, 18, 6, 3, 15, 18, 18, 5, 2, 11, 18, 17, 20, 8, 6, 11, 2, 17, 14, 18, 11, 19, 11, 18, 19, 3, 6, 11, 6, 6, 6, 11, 6, 17, 10, 10, 18, 10, 10, 18, 18, 5, 3, 14, 5, 3, 6, 17, 6, 14, 3, 3, 5, 3, 5, 3, 1, 13, 14, 5, 14, 14, 16, 3, 14, 14, 11, 10, 19, 14, 1, 3, 10, 10, 10, 12, 1, 1, 1, 1, 1, 1, 1, 12, 5, 5, 5, 14, 1, 4, 5, 16, 7, 7, 7, 7, 7, 7, 16, 16, 7, 7, 16, 16, 4, 12, 12, 4, 4, 4, 4, 4, 4, 4, 13, 13, 13, 16, 16, 13, 4, 7, 13, 13, 16, 16, 7, 13, 13, 13]
bestever    1764    in generation 6988
[15, 9, 15, 20, 9, 15, 15, 17, 20, 9, 2, 15, 2, 2, 9, 17, 9, 2, 20, 2, 17, 12, 20, 19, 2, 19, 9, 15, 19, 12, 8, 10, 8, 9, 20, 18, 17, 11, 20, 6, 2, 12, 19, 17, 15, 2, 15, 10, 15, 8, 12, 20, 9, 20, 8, 19, 17, 9, 8, 8, 9, 20, 8, 19, 19, 11, 12, 8, 8, 11, 12, 18, 6, 3, 15, 18, 18, 5, 2, 11, 18, 17, 20, 8, 11, 2, 17, 14, 18, 11, 19, 18, 19, 3, 11, 6, 6, 6, 6, 11, 6, 17, 6, 17, 10, 10, 18, 10, 10, 18, 18, 5, 3, 14, 3, 6, 11, 6, 14, 3, 3, 3, 3, 1, 14, 5, 14, 14, 16, 3, 14, 11, 5, 5, 5, 14, 10, 19, 14, 1, 3, 10, 10, 10, 12, 1, 1, 1, 1, 1, 1, 1, 12, 5, 5, 5, 14, 1, 4, 5, 16, 7, 7, 7, 7, 7, 7, 16, 16, 7, 7, 16, 16, 4, 12, 12, 4, 4, 4, 4, 4, 4, 4, 13, 16, 16, 4, 13, 7, 13, 13, 13, 13, 16, 16, 7, 13, 13, 13, 13]
bestever    1758    in generation 8915
[15, 9, 15, 20, 9, 15, 15, 17, 20, 9, 2, 15, 2, 2, 9, 17, 9, 2, 19, 20, 2, 17, 12, 2, 12, 9, 19, 12, 8, 10, 8, 20, 18, 17, 15, 9, 15, 11, 11, 6, 2, 12, 19, 17, 15, 2, 10, 8, 12, 3, 20, 11, 20, 8, 19, 17, 8, 19, 12, 8, 11, 19, 20, 8, 9, 9, 15, 15, 18, 8, 9, 20, 8, 6, 3, 18, 5, 2, 11, 18, 17, 20, 8, 11, 14, 2, 17, 14, 18, 20, 18, 19, 19, 18, 19, 11, 6, 6, 6, 6, 11, 6, 17, 6, 18, 10, 10, 18, 18, 3, 14, 3, 6, 11, 17, 10, 10, 6, 14, 3, 3, 3, 4, 1, 14, 3, 14, 5, 5, 3, 14, 11, 5, 5, 5, 14, 10, 19, 14, 1, 3, 10, 1, 10, 12, 1, 1, 10, 1, 1, 1, 1, 12, 5, 5, 14, 1, 5, 7, 7, 5, 7, 7, 7, 7, 7, 7, 4, 4, 12, 12, 4, 4, 4, 4, 4, 4, 4, 7, 13, 16, 16, 13, 16, 16, 16, 16, 13, 16, 16, 16, 13, 13, 13, 7, 13, 13, 13, 16, 13]
