bestever    3219    in generation 0
[4, 19, 10, 19, 15, 2, 4, 3, 13, 19, 8, 3, 16, 18, 8, 13, 7, 3, 12, 8, 8, 10, 16, 18, 4, 2, 8, 2, 3, 11, 14, 8, 15, 15, 4, 10, 7, 13, 2, 2, 9, 2, 1, 4, 6, 4, 15, 12, 15, 9, 10, 16, 4, 11, 6, 16, 12, 20, 9, 11, 18, 15, 3, 6, 13, 14, 8, 16, 12, 11, 2, 10, 7, 20, 10, 14, 20, 19, 11, 18, 12, 13, 9, 10, 13, 6, 7, 16, 1, 1, 5, 11, 13, 20, 5, 1, 3, 15, 10, 14, 1, 9, 15, 17, 10, 5, 4, 7, 1, 17, 17, 12, 6, 19, 17, 4, 11, 20, 20, 1, 12, 19, 13, 14, 13, 18, 5, 5, 20, 8, 12, 11, 11, 4, 16, 3, 14, 9, 19, 8, 5, 11, 10, 17, 18, 1, 2, 18, 20, 14, 14, 7, 7, 18, 17, 7, 16, 14, 5, 20, 16, 2, 3, 3, 15, 5, 13, 1, 14, 6, 18, 6, 19, 2, 17, 17, 16, 9, 9, 18, 1, 8, 9, 9, 5, 6, 15, 7, 17, 6, 7, 3, 20, 5, 12, 6, 12, 19, 17, 19]
bestever    3173    in generation 3
[4, 19, 10, 19, 15, 2, 4, 3, 13, 19, 8, 3, 16, 18, 8, 13, 7, 3, 12, 8, 8, 10, 16, 18, 4, 2, 8, 2, 3, 11, 14, 8, 15, 15, 4, 10, 7, 13, 2, 2, 9, 2, 1, 4, 6, 4, 15, 12, 15, 9, 10, 16, 4, 11, 6, 16, 12, 20, 9, 11, 18, 15, 3, 6, 13, 14, 8, 16, 12, 11, 2, 10, 7, 20, 10, 14, 20, 19, 11, 18, 12, 13, 9, 10, 13, 6, 7, 16, 1, 1, 5, 11, 13, 20, 5, 1, 3, 15, 10, 14, 1, 9, 15, 17, 10, 5, 4, 7, 1, 17, 17, 12, 6, 19, 17, 4, 11, 20, 20, 1, 12, 19, 13, 14, 13, 18, 5, 5, 20, 8, 12, 11, 11, 4, 16, 3, 14, 9, 19, 8, 5, 11, 10, 17, 18, 1, 2, 18, 20, 14, 14, 7, 7, 18, 17, 7, 16, 14, 5, 20, 16, 2, 3, 8, 15, 5, 13, 1, 14, 6, 18, 6, 19, 2, 17, 17, 16, 9, 9, 18, 1, 3, 9, 9, 5, 6, 15, 7, 17, 6, 7, 3, 20, 5, 12, 6, 12, 19, 17, 19]
bestever    3172    in generation 5
[4, 19, 10, 19, 15, 2, 4, 3, 13, 19, 8, 3, 16, 18, 8, 13, 7, 3, 12, 8, 8, 10, 16, 18, 4, 2, 8, 2, 3, 11, 14, 8, 15, 15, 4, 10, 7, 13, 2, 2, 9, 2, 1, 4, 6, 4, 15, 12, 15, 9, 10, 16, 4, 11, 6, 16, 12, 20, 9, 11, 18, 15, 3, 6, 13, 14, 8, 16, 12, 11, 2, 10, 7, 20, 10, 14, 20, 19, 11, 18, 12, 13, 9, 10, 13, 6, 7, 16, 1, 1, 5, 11, 13, 20, 5, 1, 3, 15, 10, 14, 1, 9, 15, 17, 10, 5, 4, 7, 1, 17, 17, 12, 6, 4, 11, 20, 20, 1, 19, 19, 17, 12, 13, 14, 13, 18, 5, 5, 20, 8, 12, 11, 11, 4, 16, 3, 14, 9, 19, 8, 5, 11, 10, 17, 18, 1, 2, 18, 20, 14, 14, 7, 7, 18, 17, 7, 16, 14, 5, 20, 16, 2, 3, 8, 15, 5, 13, 1, 14, 6, 18, 6, 19, 2, 17, 17, 16, 9, 9, 18, 1, 3, 9, 9, 5, 6, 15, 7, 17, 6, 7, 3, 20, 5, 12, 6, 12, 19, 17, 19]
bestever    3134    in generation 6
[4, 19, 10, 19, 15, 2, 4, 3, 13, 19, 8, 3, 16, 18, 8, 13, 7, 3, 12, 8, 8, 10, 16, 18, 4, 2, 8, 2, 3, 11, 14, 8, 15, 15, 4, 10, 7, 13, 2, 2, 9, 2, 1, 4, 6, 4, 15, 12, 15, 10, 16, 4, 11, 6, 16, 12, 20, 9, 11, 18, 15, 3, 13, 14, 8, 16, 12, 11, 10, 7, 20, 10, 14, 20, 11, 18, 12, 13, 9, 10, 13, 16, 1, 1, 5, 11, 13, 20, 5, 1, 15, 10, 14, 1, 9, 10, 5, 4, 1, 17, 12, 6, 19, 17, 4, 11, 20, 20, 12, 19, 13, 14, 13, 8, 12, 11, 11, 4, 9, 19, 17, 7, 17, 7, 5, 20, 16, 2, 3, 8, 15, 5, 1, 6, 18, 6, 14, 9, 19, 8, 5, 11, 10, 17, 18, 1, 2, 18, 20, 14, 14, 7, 7, 18, 17, 7, 16, 14, 5, 20, 16, 2, 3, 3, 15, 5, 13, 1, 14, 6, 18, 6, 19, 2, 17, 17, 16, 9, 9, 18, 1, 3, 9, 9, 5, 6, 15, 7, 17, 6, 7, 3, 20, 5, 12, 6, 12, 19, 17, 19]
bestever    3057    in generation 12
[4, 19, 10, 19, 15, 2, 4, 3, 13, 19, 8, 3, 16, 18, 8, 13, 7, 3, 12, 8, 8, 10, 16, 18, 4, 2, 8, 2, 3, 11, 14, 11, 15, 15, 4, 10, 7, 13, 2, 2, 9, 2, 1, 4, 6, 4, 15, 12, 15, 9, 10, 16, 4, 11, 6, 16, 12, 20, 9, 11, 18, 15, 3, 13, 14, 8, 16, 12, 11, 2, 10, 7, 20, 10, 14, 20, 19, 11, 18, 12, 13, 9, 10, 13, 7, 16, 1, 1, 5, 11, 13, 20, 5, 1, 3, 15, 10, 14, 1, 9, 17, 10, 5, 4, 7, 1, 17, 17, 12, 6, 19, 17, 4, 11, 20, 20, 1, 12, 5, 13, 14, 13, 18, 5, 20, 8, 12, 11, 8, 4, 16, 3, 14, 8, 19, 11, 10, 18, 1, 2, 18, 20, 14, 14, 7, 7, 18, 7, 16, 14, 5, 20, 16, 2, 8, 15, 5, 6, 6, 19, 17, 17, 3, 9, 15, 5, 13, 1, 14, 6, 18, 6, 19, 2, 17, 17, 16, 9, 9, 18, 1, 3, 9, 9, 5, 6, 15, 7, 17, 6, 7, 3, 20, 5, 12, 6, 12, 19, 17, 19]
bestever    2990    in generation 20
[4, 19, 10, 19, 15, 2, 4, 3, 13, 19, 8, 3, 16, 18, 8, 13, 7, 3, 12, 8, 8, 10, 16, 18, 10, 2, 8, 2, 3, 11, 14, 11, 15, 15, 4, 10, 7, 13, 2, 2, 9, 2, 1, 4, 6, 4, 15, 12, 15, 9, 10, 16, 4, 11, 6, 16, 12, 20, 9, 11, 18, 15, 3, 13, 14, 8, 16, 12, 11, 2, 10, 7, 20, 10, 14, 20, 19, 11, 18, 12, 13, 9, 4, 13, 7, 16, 1, 1, 5, 11, 13, 20, 5, 1, 3, 15, 10, 14, 1, 9, 17, 10, 5, 4, 7, 1, 17, 17, 12, 6, 19, 17, 4, 11, 20, 20, 1, 12, 5, 13, 14, 13, 18, 5, 20, 8, 12, 11, 8, 4, 16, 3, 14, 8, 19, 11, 10, 18, 1, 2, 18, 20, 14, 14, 7, 7, 18, 7, 16, 14, 5, 20, 16, 2, 8, 15, 5, 6, 6, 19, 17, 17, 3, 9, 15, 5, 13, 1, 14, 6, 18, 6, 19, 2, 17, 17, 16, 9, 9, 18, 1, 3, 9, 9, 5, 6, 15, 7, 17, 6, 7, 3, 20, 5, 12, 6, 12, 19, 17, 19]
bestever    2930    in generation 27
[4, 19, 15, 19, 15, 2, 4, 3, 13, 19, 8, 3, 16, 18, 8, 13, 7, 3, 12, 8, 8, 10, 16, 18, 4, 2, 8, 2, 3, 11, 14, 11, 15, 10, 4, 10, 7, 13, 2, 2, 9, 2, 1, 4, 6, 4, 15, 12, 15, 9, 10, 16, 4, 11, 6, 16, 12, 20, 9, 11, 18, 15, 3, 13, 14, 8, 16, 12, 11, 2, 10, 7, 20, 10, 14, 20, 19, 11, 18, 12, 13, 9, 10, 13, 7, 16, 1, 1, 5, 11, 13, 20, 5, 1, 3, 15, 10, 14, 1, 9, 17, 10, 5, 4, 7, 1, 17, 17, 12, 6, 19, 17, 4, 11, 20, 20, 1, 12, 5, 13, 14, 13, 18, 5, 20, 8, 12, 11, 8, 4, 16, 3, 14, 8, 19, 11, 10, 18, 1, 2, 18, 20, 14, 14, 7, 7, 18, 7, 16, 14, 5, 20, 16, 2, 8, 15, 5, 6, 6, 19, 17, 17, 3, 9, 15, 5, 13, 1, 14, 6, 18, 6, 19, 2, 17, 17, 16, 9, 9, 18, 1, 3, 9, 9, 5, 6, 15, 7, 17, 6, 7, 3, 20, 5, 12, 6, 12, 19, 17, 19]
bestever    2863    in generation 28
[11, 15, 15, 10, 7, 13, 2, 2, 9, 2, 1, 4, 6, 4, 15, 12, 15, 9, 10, 16, 4, 11, 6, 16, 12, 20, 9, 11, 3, 11, 14, 11, 15, 15, 4, 10, 7, 13, 2, 2, 9, 2, 1, 4, 6, 4, 15, 12, 15, 9, 10, 16, 4, 11, 6, 16, 12, 20, 9, 11, 18, 15, 3, 13, 8, 16, 12, 2, 10, 7, 10, 14, 20, 19, 18, 13, 16, 1, 5, 13, 20, 5, 1, 3, 14, 1, 17, 10, 5, 4, 7, 1, 17, 17, 4, 20, 20, 1, 12, 5, 13, 14, 13, 17, 19, 18, 5, 20, 8, 12, 11, 8, 4, 14, 8, 11, 10, 18, 1, 2, 18, 20, 14, 14, 7, 7, 18, 7, 14, 5, 20, 16, 2, 8, 19, 6, 19, 17, 17, 3, 5, 5, 13, 1, 14, 6, 18, 6, 19, 17, 17, 16, 9, 9, 18, 1, 3, 9, 9, 5, 6, 7, 17, 6, 7, 3, 20, 5, 12, 6, 12, 19, 17, 19, 19, 10, 19, 15, 3, 13, 19, 8, 3, 16, 18, 8, 13, 7, 3, 12, 8, 8, 10, 16, 18, 8, 2, 3, 11, 14]
bestever    2829    in generation 34
[11, 15, 15, 10, 7, 13, 2, 2, 9, 2, 1, 4, 6, 4, 15, 12, 15, 9, 10, 16, 4, 11, 6, 16, 12, 20, 9, 11, 3, 11, 14, 11, 15, 15, 4, 10, 7, 13, 2, 2, 9, 2, 1, 4, 6, 4, 15, 12, 15, 9, 10, 16, 4, 11, 6, 16, 12, 20, 9, 11, 18, 15, 3, 13, 8, 16, 12, 2, 10, 7, 10, 14, 20, 19, 18, 13, 16, 1, 5, 13, 20, 5, 1, 3, 14, 1, 17, 10, 5, 4, 7, 1, 17, 17, 4, 20, 20, 1, 12, 5, 13, 14, 13, 17, 19, 18, 5, 20, 8, 12, 11, 8, 4, 14, 8, 11, 10, 18, 1, 2, 18, 20, 14, 14, 7, 7, 18, 7, 14, 5, 20, 16, 2, 8, 19, 6, 19, 17, 17, 3, 5, 5, 13, 1, 14, 6, 18, 6, 19, 16, 17, 17, 9, 9, 18, 1, 3, 9, 9, 5, 6, 7, 17, 6, 7, 3, 20, 5, 12, 6, 12, 19, 17, 19, 19, 10, 19, 15, 3, 13, 19, 8, 3, 16, 18, 8, 13, 7, 3, 12, 8, 8, 10, 16, 18, 8, 2, 3, 11, 14]
bestever    2799    in generation 67
[11, 15, 15, 10, 7, 13, 2, 2, 9, 2, 1, 4, 6, 4, 15, 12, 15, 9, 10, 16, 4, 11, 6, 16, 12, 20, 9, 11, 3, 11, 14, 11, 15, 15, 4, 10, 7, 13, 2, 2, 9, 2, 1, 4, 6, 4, 15, 12, 15, 9, 10, 16, 4, 11, 6, 16, 12, 20, 9, 11, 18, 15, 13, 8, 16, 12, 2, 10, 7, 10, 14, 20, 19, 18, 13, 16, 1, 5, 13, 20, 5, 1, 14, 1, 17, 10, 5, 4, 7, 1, 17, 17, 4, 20, 20, 1, 12, 5, 13, 14, 13, 17, 19, 18, 5, 20, 11, 8, 4, 14, 8, 11, 18, 1, 2, 18, 20, 14, 14, 7, 7, 14, 5, 20, 16, 2, 8, 19, 6, 19, 17, 17, 5, 5, 1, 14, 6, 18, 6, 19, 16, 17, 17, 9, 9, 18, 3, 7, 3, 12, 10, 3, 13, 8, 18, 1, 3, 9, 9, 5, 6, 7, 17, 6, 7, 3, 20, 5, 12, 6, 12, 19, 17, 19, 19, 10, 19, 15, 3, 13, 19, 8, 3, 16, 18, 8, 13, 7, 3, 12, 8, 8, 10, 16, 18, 8, 2, 3, 11, 14]
bestever    2794    in generation 68
[11, 15, 15, 10, 7, 13, 2, 2, 9, 2, 1, 4, 6, 4, 15, 12, 15, 9, 10, 16, 4, 11, 6, 16, 12, 20, 9, 11, 11, 14, 11, 15, 15, 4, 10, 7, 13, 2, 2, 9, 2, 1, 4, 6, 4, 15, 12, 15, 9, 10, 16, 4, 11, 6, 16, 12, 20, 9, 11, 18, 15, 13, 8, 16, 12, 2, 10, 7, 10, 14, 20, 19, 18, 13, 16, 1, 5, 13, 20, 5, 1, 3, 14, 1, 17, 10, 5, 4, 7, 1, 17, 17, 4, 20, 20, 1, 12, 5, 13, 14, 13, 17, 19, 18, 5, 20, 8, 11, 8, 4, 14, 8, 11, 18, 1, 2, 18, 20, 14, 14, 7, 7, 14, 5, 20, 16, 2, 8, 19, 6, 19, 17, 17, 3, 5, 5, 13, 1, 14, 6, 18, 6, 16, 17, 17, 9, 18, 3, 7, 3, 12, 10, 19, 9, 18, 1, 3, 9, 9, 5, 6, 7, 17, 6, 7, 3, 20, 5, 12, 6, 12, 19, 17, 19, 19, 10, 19, 15, 3, 13, 19, 8, 3, 16, 18, 8, 13, 7, 3, 12, 8, 8, 10, 16, 18, 8, 2, 3, 11, 14]
bestever    2789    in generation 74
[11, 15, 15, 10, 7, 13, 2, 2, 9, 2, 1, 4, 6, 4, 15, 12, 15, 9, 10, 16, 4, 11, 6, 16, 12, 20, 9, 11, 3, 11, 14, 11, 15, 15, 4, 10, 7, 13, 2, 2, 9, 2, 1, 4, 6, 4, 15, 12, 15, 9, 10, 16, 4, 11, 6, 16, 12, 20, 9, 11, 18, 15, 3, 13, 8, 16, 12, 2, 10, 7, 10, 14, 20, 19, 18, 13, 16, 1, 5, 13, 20, 5, 1, 3, 14, 1, 17, 10, 5, 4, 7, 1, 17, 17, 4, 20, 20, 1, 12, 5, 13, 14, 13, 17, 19, 18, 5, 20, 8, 12, 11, 8, 4, 14, 8, 11, 10, 18, 1, 2, 18, 20, 14, 14, 7, 7, 18, 7, 14, 5, 20, 16, 2, 8, 19, 6, 19, 17, 17, 3, 5, 5, 13, 1, 14, 19, 18, 6, 19, 16, 17, 17, 9, 9, 18, 1, 3, 9, 9, 5, 6, 7, 17, 6, 7, 3, 20, 5, 12, 6, 12, 19, 17, 19, 19, 10, 6, 15, 3, 13, 19, 8, 3, 16, 18, 8, 13, 7, 3, 12, 8, 8, 10, 16, 18, 8, 2, 3, 11, 14]
bestever    2773    in generation 81
[11, 15, 15, 10, 7, 13, 2, 2, 9, 2, 1, 4, 7, 4, 15, 12, 15, 9, 10, 16, 4, 11, 6, 16, 12, 20, 9, 11, 3, 11, 14, 11, 15, 15, 4, 10, 7, 13, 2, 2, 9, 2, 1, 4, 6, 4, 15, 12, 15, 9, 10, 1, 4, 11, 6, 16, 12, 20, 9, 11, 18, 15, 3, 13, 8, 16, 12, 2, 10, 7, 10, 14, 20, 19, 18, 13, 16, 1, 5, 13, 20, 5, 1, 3, 14, 1, 17, 10, 5, 4, 7, 16, 17, 17, 4, 20, 20, 1, 12, 5, 13, 14, 13, 17, 19, 18, 5, 20, 8, 12, 11, 8, 4, 14, 8, 11, 10, 18, 1, 2, 18, 20, 14, 14, 7, 7, 18, 7, 14, 5, 20, 16, 2, 8, 19, 6, 19, 17, 17, 3, 5, 5, 13, 1, 14, 6, 18, 6, 19, 16, 17, 17, 9, 9, 18, 1, 3, 9, 9, 5, 6, 6, 17, 6, 7, 3, 20, 5, 12, 6, 12, 19, 17, 19, 19, 10, 19, 15, 3, 13, 19, 8, 3, 16, 18, 8, 13, 7, 3, 12, 8, 8, 10, 16, 18, 8, 2, 3, 11, 14]
bestever    2752    in generation 93
[11, 15, 15, 10, 7, 13, 2, 2, 9, 2, 1, 4, 7, 17, 15, 12, 15, 9, 10, 16, 4, 11, 6, 16, 12, 20, 9, 11, 3, 11, 14, 11, 15, 15, 4, 10, 7, 13, 2, 2, 9, 2, 1, 4, 6, 4, 15, 12, 15, 9, 10, 1, 4, 11, 6, 16, 12, 20, 9, 11, 18, 15, 3, 13, 8, 16, 12, 2, 10, 7, 10, 14, 20, 19, 18, 13, 16, 1, 5, 13, 20, 5, 1, 3, 14, 1, 4, 10, 5, 4, 7, 16, 17, 17, 4, 20, 20, 1, 12, 5, 13, 14, 13, 17, 19, 18, 5, 20, 8, 12, 11, 8, 4, 14, 8, 11, 10, 18, 1, 2, 18, 20, 14, 14, 7, 7, 18, 7, 14, 5, 20, 16, 2, 8, 19, 6, 19, 17, 17, 3, 5, 5, 13, 1, 14, 6, 18, 6, 19, 16, 17, 17, 9, 9, 18, 1, 3, 9, 9, 5, 6, 6, 17, 6, 7, 3, 20, 5, 12, 6, 12, 19, 17, 19, 19, 10, 19, 15, 3, 13, 19, 8, 3, 16, 18, 8, 13, 7, 3, 12, 8, 8, 10, 16, 18, 8, 2, 3, 11, 14]
bestever    2746    in generation 94
[11, 15, 15, 10, 7, 13, 2, 2, 9, 2, 1, 4, 7, 4, 15, 12, 15, 9, 10, 16, 4, 11, 6, 16, 12, 20, 9, 11, 3, 11, 14, 11, 15, 15, 4, 10, 7, 13, 2, 2, 9, 2, 1, 4, 6, 4, 15, 12, 15, 9, 10, 1, 4, 11, 6, 16, 12, 20, 9, 11, 18, 15, 3, 13, 8, 16, 12, 2, 10, 7, 10, 14, 20, 19, 18, 13, 16, 1, 5, 13, 20, 5, 1, 3, 14, 1, 17, 10, 5, 4, 7, 16, 17, 17, 4, 20, 20, 1, 12, 5, 13, 14, 13, 17, 19, 18, 5, 20, 8, 11, 8, 4, 14, 8, 11, 10, 18, 1, 2, 18, 20, 14, 14, 7, 7, 18, 7, 14, 5, 20, 16, 2, 8, 19, 6, 17, 17, 3, 5, 5, 13, 1, 14, 6, 18, 6, 16, 17, 17, 9, 9, 18, 1, 3, 9, 9, 5, 6, 6, 17, 6, 7, 3, 20, 12, 19, 19, 5, 12, 6, 12, 19, 17, 19, 19, 10, 19, 15, 3, 13, 19, 8, 3, 16, 18, 8, 13, 7, 3, 12, 8, 8, 10, 16, 18, 8, 2, 3, 11, 14]
bestever    2693    in generation 100
[11, 15, 15, 10, 7, 13, 2, 4, 9, 2, 1, 2, 7, 4, 15, 12, 15, 9, 10, 16, 4, 11, 6, 16, 12, 20, 9, 11, 3, 11, 14, 11, 15, 15, 4, 10, 7, 13, 2, 2, 9, 2, 1, 4, 6, 4, 15, 12, 15, 9, 10, 1, 4, 11, 6, 16, 12, 20, 9, 11, 18, 15, 3, 13, 8, 16, 12, 2, 10, 7, 10, 14, 20, 19, 18, 13, 16, 1, 5, 13, 20, 5, 1, 3, 14, 1, 17, 10, 5, 4, 7, 16, 17, 17, 4, 20, 20, 1, 12, 5, 13, 14, 13, 17, 19, 18, 5, 20, 8, 12, 11, 8, 4, 14, 8, 11, 10, 18, 1, 2, 18, 20, 14, 14, 7, 7, 18, 7, 14, 5, 20, 16, 2, 8, 19, 6, 19, 17, 17, 3, 5, 5, 13, 1, 14, 6, 18, 6, 19, 16, 17, 17, 9, 9, 18, 1, 3, 9, 9, 5, 6, 6, 17, 6, 7, 3, 20, 5, 12, 6, 12, 19, 17, 19, 19, 10, 19, 15, 3, 13, 19, 8, 3, 16, 18, 8, 13, 7, 3, 12, 8, 8, 10, 16, 18, 8, 2, 3, 11, 14]
bestever    2667    in generation 108
[11, 15, 15, 10, 7, 13, 2, 4, 9, 2, 1, 2, 7, 4, 15, 12, 15, 9, 10, 16, 4, 11, 6, 16, 12, 20, 9, 11, 3, 11, 14, 11, 15, 15, 4, 10, 7, 13, 2, 2, 9, 2, 1, 4, 6, 4, 15, 12, 15, 9, 10, 1, 4, 11, 6, 16, 12, 20, 9, 11, 18, 15, 3, 13, 8, 16, 12, 2, 10, 7, 10, 14, 20, 19, 18, 13, 16, 1, 5, 13, 20, 5, 1, 3, 14, 1, 17, 10, 5, 4, 7, 16, 17, 17, 4, 20, 20, 1, 12, 5, 13, 14, 13, 17, 19, 18, 5, 20, 8, 12, 11, 8, 4, 14, 8, 11, 10, 18, 1, 2, 18, 20, 14, 14, 7, 7, 18, 7, 14, 5, 20, 16, 2, 8, 19, 6, 19, 17, 17, 15, 5, 5, 13, 1, 14, 6, 18, 6, 19, 16, 17, 17, 9, 9, 18, 1, 3, 9, 9, 5, 6, 6, 17, 6, 7, 3, 20, 5, 12, 6, 12, 19, 17, 19, 19, 10, 19, 3, 3, 13, 19, 8, 3, 16, 18, 8, 13, 7, 3, 12, 8, 8, 10, 16, 18, 8, 2, 3, 11, 14]
bestever    2666    in generation 112
[11, 15, 15, 10, 7, 13, 2, 4, 9, 2, 1, 2, 7, 4, 15, 12, 15, 9, 10, 16, 4, 11, 6, 16, 12, 20, 9, 11, 3, 11, 14, 11, 15, 15, 4, 10, 7, 13, 2, 2, 9, 2, 1, 4, 6, 4, 15, 12, 15, 9, 10, 1, 4, 11, 6, 16, 12, 20, 9, 11, 18, 15, 3, 13, 8, 16, 12, 2, 10, 7, 10, 14, 20, 19, 18, 13, 16, 1, 5, 13, 20, 5, 1, 3, 14, 1, 17, 10, 5, 4, 7, 16, 17, 17, 4, 20, 20, 1, 12, 5, 13, 14, 13, 17, 19, 18, 5, 20, 8, 12, 11, 8, 4, 14, 8, 11, 10, 18, 1, 2, 18, 20, 14, 14, 7, 7, 18, 7, 14, 5, 20, 16, 2, 8, 19, 6, 19, 17, 17, 3, 5, 5, 13, 1, 14, 6, 18, 6, 19, 16, 17, 17, 9, 9, 18, 1, 2, 9, 9, 5, 6, 6, 17, 6, 7, 3, 20, 5, 12, 6, 12, 19, 17, 19, 19, 10, 19, 15, 3, 13, 19, 8, 3, 16, 18, 8, 13, 7, 3, 12, 8, 8, 10, 16, 18, 8, 3, 3, 11, 14]
bestever    2635    in generation 118
[11, 15, 15, 10, 7, 13, 2, 4, 9, 2, 1, 2, 7, 4, 15, 12, 15, 9, 10, 16, 4, 11, 6, 16, 12, 20, 9, 11, 3, 11, 14, 11, 15, 15, 4, 10, 7, 13, 2, 2, 9, 2, 1, 4, 6, 4, 15, 12, 15, 9, 10, 1, 4, 11, 6, 16, 12, 20, 9, 11, 18, 15, 3, 13, 8, 16, 12, 2, 10, 7, 10, 14, 20, 19, 18, 13, 16, 1, 5, 13, 20, 5, 1, 3, 14, 1, 17, 10, 5, 4, 7, 16, 17, 17, 4, 13, 20, 1, 12, 5, 13, 14, 13, 17, 19, 18, 5, 20, 8, 12, 11, 8, 4, 14, 8, 11, 10, 18, 1, 2, 18, 20, 14, 14, 7, 7, 18, 7, 14, 5, 20, 16, 2, 8, 19, 6, 19, 17, 17, 3, 5, 5, 20, 1, 14, 6, 18, 6, 19, 16, 17, 17, 9, 9, 18, 1, 2, 9, 9, 5, 6, 6, 17, 6, 7, 3, 20, 5, 12, 6, 12, 19, 17, 19, 19, 10, 19, 15, 3, 13, 19, 8, 3, 16, 18, 8, 13, 7, 3, 12, 8, 8, 10, 16, 18, 8, 3, 3, 11, 14]
bestever    2622    in generation 124
[11, 15, 15, 10, 7, 13, 2, 4, 9, 2, 15, 2, 7, 4, 15, 12, 15, 9, 10, 16, 4, 11, 6, 16, 12, 20, 9, 11, 3, 11, 14, 11, 15, 15, 4, 10, 7, 13, 2, 2, 9, 2, 1, 4, 6, 4, 15, 12, 15, 9, 10, 1, 4, 11, 6, 16, 12, 20, 9, 11, 18, 1, 3, 13, 8, 16, 12, 2, 10, 7, 10, 14, 20, 19, 18, 13, 16, 1, 5, 13, 20, 5, 1, 3, 14, 1, 17, 10, 5, 4, 7, 16, 17, 17, 4, 13, 20, 1, 12, 5, 13, 14, 13, 17, 19, 18, 5, 20, 8, 12, 11, 8, 4, 14, 8, 11, 10, 18, 1, 2, 18, 20, 14, 14, 7, 7, 18, 7, 14, 5, 20, 16, 2, 8, 19, 6, 19, 17, 17, 3, 5, 5, 20, 1, 14, 6, 18, 6, 19, 16, 17, 17, 9, 9, 18, 1, 2, 9, 9, 5, 6, 6, 17, 6, 7, 3, 20, 5, 12, 6, 12, 19, 17, 19, 19, 10, 19, 15, 3, 13, 19, 8, 3, 16, 18, 8, 13, 7, 3, 12, 8, 8, 10, 16, 18, 8, 3, 3, 11, 14]
bestever    2571    in generation 129
[11, 15, 15, 13, 7, 13, 2, 4, 9, 2, 15, 2, 7, 4, 15, 12, 15, 9, 10, 16, 4, 11, 6, 16, 12, 20, 9, 11, 3, 11, 14, 11, 15, 15, 4, 10, 7, 13, 2, 2, 9, 2, 1, 4, 6, 4, 15, 12, 15, 9, 10, 1, 4, 11, 6, 16, 12, 20, 9, 11, 18, 1, 3, 13, 8, 16, 12, 2, 10, 7, 10, 14, 20, 19, 18, 13, 16, 1, 5, 10, 20, 5, 1, 3, 14, 1, 17, 10, 5, 4, 7, 16, 17, 17, 4, 13, 20, 1, 12, 5, 13, 14, 13, 17, 19, 18, 5, 20, 8, 12, 11, 8, 4, 14, 8, 11, 10, 18, 1, 2, 18, 20, 14, 14, 7, 7, 18, 7, 14, 5, 20, 16, 2, 8, 19, 6, 19, 17, 17, 3, 5, 5, 20, 1, 14, 6, 18, 6, 19, 16, 17, 17, 9, 9, 18, 1, 2, 9, 9, 5, 6, 6, 17, 6, 7, 3, 20, 5, 12, 6, 12, 19, 17, 19, 19, 10, 19, 15, 3, 13, 19, 8, 3, 16, 18, 8, 13, 7, 3, 12, 8, 8, 10, 16, 18, 8, 3, 3, 11, 14]
bestever    2569    in generation 130
[11, 15, 15, 10, 7, 13, 2, 4, 9, 2, 15, 2, 7, 4, 15, 12, 15, 9, 16, 4, 11, 6, 16, 12, 20, 13, 9, 11, 3, 11, 14, 11, 15, 15, 4, 10, 7, 13, 2, 2, 9, 2, 1, 4, 6, 4, 15, 12, 15, 9, 10, 1, 4, 11, 6, 16, 12, 20, 9, 11, 18, 1, 3, 13, 8, 16, 12, 2, 10, 7, 10, 14, 20, 19, 18, 13, 16, 1, 5, 10, 20, 5, 1, 3, 14, 1, 17, 10, 5, 4, 7, 16, 17, 17, 4, 13, 20, 1, 12, 5, 13, 14, 13, 17, 19, 18, 5, 20, 8, 12, 11, 8, 4, 14, 8, 11, 10, 18, 1, 2, 18, 20, 14, 14, 7, 7, 18, 7, 14, 5, 20, 16, 2, 8, 19, 6, 19, 17, 17, 3, 5, 5, 20, 1, 14, 6, 18, 6, 19, 16, 17, 17, 9, 9, 18, 1, 2, 9, 9, 5, 6, 6, 17, 6, 7, 3, 20, 5, 12, 6, 12, 19, 17, 19, 19, 10, 19, 15, 3, 13, 19, 8, 3, 16, 18, 8, 13, 7, 3, 12, 8, 8, 10, 16, 18, 8, 3, 3, 11, 14]
bestever    2565    in generation 132
[11, 15, 15, 13, 7, 13, 2, 4, 9, 2, 15, 2, 7, 4, 15, 12, 15, 9, 10, 16, 4, 11, 6, 16, 12, 20, 9, 11, 3, 11, 14, 11, 15, 15, 4, 10, 7, 13, 2, 2, 10, 2, 1, 4, 6, 4, 15, 12, 15, 9, 10, 1, 4, 11, 6, 16, 12, 20, 9, 11, 18, 1, 3, 13, 8, 16, 12, 2, 10, 7, 10, 14, 20, 19, 18, 13, 16, 1, 5, 10, 20, 5, 1, 3, 14, 1, 17, 10, 5, 4, 7, 16, 17, 17, 4, 13, 20, 1, 12, 5, 13, 14, 13, 17, 19, 18, 5, 20, 8, 12, 11, 8, 4, 14, 8, 11, 10, 18, 1, 2, 18, 20, 14, 14, 7, 7, 18, 7, 14, 5, 20, 16, 2, 14, 19, 6, 19, 17, 17, 3, 5, 5, 20, 1, 8, 6, 18, 6, 19, 16, 17, 17, 9, 9, 18, 1, 2, 9, 9, 5, 6, 6, 17, 6, 7, 3, 20, 5, 12, 6, 12, 19, 17, 19, 19, 9, 19, 15, 3, 13, 19, 8, 3, 16, 18, 8, 13, 7, 3, 12, 8, 8, 10, 16, 18, 8, 3, 3, 11, 14]
bestever    2517    in generation 136
[11, 15, 15, 13, 7, 13, 2, 4, 9, 2, 15, 2, 7, 4, 15, 12, 15, 9, 10, 16, 4, 11, 6, 16, 12, 20, 9, 11, 3, 11, 14, 11, 15, 15, 4, 10, 7, 13, 2, 2, 10, 2, 1, 4, 6, 4, 15, 12, 15, 9, 10, 1, 4, 11, 6, 16, 12, 20, 9, 11, 18, 1, 3, 13, 9, 16, 12, 2, 10, 7, 10, 14, 20, 19, 18, 13, 16, 1, 5, 10, 20, 5, 1, 3, 14, 1, 17, 10, 5, 4, 7, 16, 17, 17, 4, 13, 20, 1, 12, 5, 13, 14, 13, 17, 19, 18, 5, 20, 8, 12, 11, 8, 4, 14, 8, 11, 10, 18, 1, 2, 18, 20, 14, 14, 7, 7, 18, 7, 14, 5, 20, 16, 2, 14, 19, 6, 19, 17, 17, 3, 5, 5, 20, 1, 8, 6, 18, 6, 19, 16, 17, 17, 9, 9, 18, 1, 2, 9, 8, 5, 6, 6, 17, 6, 7, 3, 20, 5, 12, 6, 12, 19, 17, 19, 19, 9, 19, 15, 3, 13, 19, 8, 3, 16, 18, 8, 13, 7, 3, 12, 8, 8, 10, 16, 18, 8, 3, 3, 11, 14]
bestever    2482    in generation 140
[11, 15, 15, 13, 7, 13, 2, 4, 9, 2, 15, 2, 7, 4, 15, 12, 15, 9, 10, 16, 4, 11, 6, 16, 12, 20, 9, 11, 3, 11, 14, 11, 15, 15, 4, 10, 7, 13, 2, 2, 10, 2, 1, 4, 6, 4, 15, 12, 15, 9, 10, 1, 4, 11, 6, 16, 12, 20, 9, 11, 18, 10, 3, 13, 9, 16, 12, 2, 10, 7, 10, 14, 20, 19, 18, 13, 16, 1, 5, 10, 20, 5, 1, 3, 14, 1, 17, 10, 5, 4, 7, 16, 17, 17, 4, 13, 20, 1, 12, 5, 13, 14, 13, 17, 19, 18, 5, 20, 8, 12, 11, 8, 4, 14, 8, 11, 10, 18, 1, 2, 18, 20, 14, 14, 7, 7, 18, 7, 14, 5, 20, 16, 2, 14, 19, 6, 19, 17, 17, 3, 5, 5, 20, 1, 8, 6, 18, 6, 19, 16, 17, 17, 9, 9, 18, 1, 2, 9, 8, 5, 6, 6, 17, 6, 7, 3, 20, 5, 12, 6, 12, 19, 17, 19, 19, 9, 19, 15, 3, 13, 19, 8, 3, 16, 18, 8, 13, 7, 3, 12, 8, 8, 1, 16, 18, 8, 3, 3, 11, 14]
bestever    2481    in generation 143
[11, 15, 15, 13, 7, 13, 2, 4, 9, 2, 15, 2, 7, 4, 15, 12, 15, 9, 10, 16, 4, 11, 6, 16, 12, 20, 9, 11, 3, 11, 14, 11, 15, 15, 4, 10, 7, 13, 2, 2, 13, 2, 1, 4, 6, 4, 15, 12, 15, 9, 10, 1, 4, 11, 6, 16, 12, 20, 9, 11, 18, 1, 3, 13, 9, 16, 12, 2, 10, 7, 10, 14, 20, 19, 18, 13, 16, 1, 5, 10, 20, 5, 1, 3, 14, 1, 17, 10, 5, 4, 7, 16, 17, 17, 4, 13, 20, 1, 12, 5, 13, 14, 10, 17, 19, 18, 5, 20, 8, 12, 11, 8, 4, 14, 8, 11, 10, 18, 1, 2, 18, 20, 14, 14, 7, 7, 18, 7, 14, 5, 20, 16, 2, 14, 19, 6, 19, 17, 17, 3, 5, 5, 20, 1, 8, 6, 18, 6, 19, 16, 17, 17, 9, 9, 18, 1, 2, 9, 8, 5, 6, 6, 17, 6, 7, 3, 20, 5, 12, 6, 12, 19, 17, 19, 19, 9, 19, 15, 3, 13, 19, 8, 3, 16, 18, 8, 13, 7, 3, 12, 8, 8, 10, 16, 18, 8, 3, 3, 11, 14]
bestever    2456    in generation 149
[15, 15, 13, 7, 13, 2, 4, 9, 2, 15, 2, 7, 4, 15, 12, 15, 9, 10, 16, 4, 11, 6, 16, 12, 20, 9, 11, 3, 11, 14, 11, 15, 15, 4, 10, 7, 13, 2, 2, 13, 2, 1, 4, 6, 4, 15, 12, 15, 9, 10, 1, 4, 11, 6, 16, 12, 20, 9, 11, 18, 1, 3, 13, 9, 16, 12, 2, 10, 7, 10, 14, 20, 19, 18, 13, 16, 1, 5, 10, 20, 5, 1, 3, 14, 1, 10, 5, 4, 7, 16, 17, 4, 13, 20, 1, 12, 13, 14, 10, 17, 19, 18, 5, 20, 8, 12, 11, 8, 4, 14, 8, 11, 10, 18, 1, 2, 18, 20, 14, 14, 7, 7, 18, 7, 14, 5, 20, 16, 2, 14, 19, 6, 19, 17, 17, 3, 5, 17, 17, 3, 5, 5, 20, 1, 8, 6, 18, 6, 19, 16, 17, 17, 9, 9, 18, 1, 2, 9, 8, 5, 6, 6, 17, 6, 7, 3, 20, 5, 12, 6, 12, 19, 17, 19, 19, 9, 19, 15, 3, 13, 19, 8, 3, 16, 18, 8, 13, 7, 12, 8, 8, 10, 16, 18, 8, 3, 3, 11, 14, 11]
bestever    2451    in generation 168
[15, 15, 13, 7, 13, 2, 4, 9, 2, 15, 2, 7, 4, 15, 12, 15, 9, 10, 16, 4, 11, 6, 16, 12, 20, 9, 11, 3, 11, 14, 11, 15, 15, 4, 10, 7, 13, 2, 2, 13, 2, 1, 4, 6, 4, 15, 12, 15, 9, 10, 1, 4, 11, 6, 16, 12, 20, 9, 11, 18, 1, 3, 13, 9, 16, 12, 2, 10, 7, 10, 14, 20, 19, 18, 13, 16, 1, 2, 10, 20, 5, 1, 3, 14, 1, 10, 5, 4, 7, 16, 17, 4, 13, 20, 1, 12, 13, 14, 10, 17, 19, 18, 5, 20, 8, 12, 11, 8, 4, 14, 8, 11, 10, 18, 1, 5, 18, 20, 14, 14, 7, 7, 18, 7, 14, 5, 20, 16, 2, 14, 19, 6, 19, 17, 17, 3, 5, 17, 17, 3, 5, 5, 20, 1, 8, 6, 18, 6, 19, 16, 17, 17, 9, 9, 18, 1, 2, 9, 8, 5, 6, 6, 17, 6, 7, 3, 20, 5, 12, 6, 12, 19, 17, 19, 19, 9, 19, 15, 3, 13, 19, 8, 3, 16, 18, 8, 13, 7, 12, 8, 8, 10, 16, 18, 8, 3, 3, 11, 14, 11]
bestever    2416    in generation 169
[15, 15, 13, 7, 13, 2, 4, 9, 2, 15, 2, 7, 4, 15, 12, 15, 9, 10, 16, 4, 11, 6, 16, 12, 20, 9, 11, 3, 11, 14, 11, 15, 15, 4, 10, 7, 13, 2, 2, 13, 2, 1, 4, 6, 4, 15, 12, 15, 9, 10, 1, 4, 6, 16, 12, 20, 9, 18, 1, 3, 13, 9, 16, 12, 2, 10, 7, 10, 14, 20, 19, 18, 13, 16, 1, 5, 10, 20, 5, 1, 14, 1, 10, 5, 4, 7, 16, 17, 4, 13, 20, 1, 12, 13, 10, 17, 19, 18, 5, 20, 8, 11, 11, 14, 3, 12, 11, 8, 4, 14, 8, 11, 10, 18, 1, 2, 18, 20, 14, 14, 7, 7, 18, 7, 14, 5, 20, 16, 2, 14, 19, 6, 19, 17, 17, 3, 5, 17, 17, 3, 5, 5, 20, 1, 8, 6, 18, 6, 19, 16, 17, 17, 9, 9, 18, 1, 2, 9, 8, 5, 6, 6, 17, 6, 7, 3, 20, 5, 12, 6, 12, 19, 17, 19, 19, 9, 19, 15, 3, 13, 19, 8, 3, 16, 18, 8, 13, 7, 12, 8, 8, 10, 16, 18, 8, 3, 3, 11, 14, 11]
bestever    2391    in generation 194
[15, 15, 13, 7, 13, 2, 4, 9, 2, 15, 2, 7, 4, 15, 12, 15, 9, 10, 16, 4, 11, 6, 16, 12, 20, 9, 11, 14, 15, 15, 4, 10, 7, 13, 2, 2, 13, 2, 1, 4, 6, 4, 15, 12, 15, 9, 10, 1, 4, 6, 16, 12, 20, 9, 18, 1, 13, 9, 16, 12, 2, 10, 7, 10, 20, 19, 18, 13, 16, 1, 10, 20, 5, 1, 5, 11, 14, 11, 3, 3, 14, 1, 10, 5, 4, 7, 16, 17, 4, 13, 20, 1, 12, 13, 10, 17, 19, 18, 5, 20, 8, 11, 11, 14, 3, 12, 11, 8, 4, 14, 8, 11, 10, 18, 1, 2, 18, 20, 14, 14, 7, 7, 18, 7, 14, 5, 20, 16, 2, 14, 19, 6, 19, 17, 17, 3, 5, 17, 17, 3, 5, 5, 20, 1, 8, 6, 18, 6, 19, 16, 17, 17, 9, 9, 18, 1, 2, 9, 8, 5, 6, 6, 17, 6, 7, 3, 20, 5, 12, 6, 12, 19, 17, 19, 19, 9, 19, 15, 3, 13, 19, 8, 3, 16, 18, 8, 13, 7, 12, 8, 8, 10, 16, 18, 8, 3, 3, 11, 14, 11]
bestever    2329    in generation 202
[15, 15, 13, 7, 13, 2, 4, 9, 2, 15, 2, 7, 4, 15, 12, 15, 9, 10, 16, 4, 11, 6, 16, 12, 20, 9, 11, 14, 15, 15, 4, 10, 7, 13, 2, 2, 13, 2, 1, 4, 6, 4, 15, 12, 15, 9, 10, 1, 4, 6, 16, 12, 20, 9, 18, 1, 13, 9, 16, 12, 2, 10, 7, 10, 20, 19, 18, 13, 16, 1, 10, 20, 5, 1, 5, 11, 14, 11, 3, 3, 14, 1, 10, 5, 4, 7, 16, 17, 4, 13, 20, 1, 12, 13, 10, 14, 19, 18, 5, 20, 8, 11, 11, 14, 3, 12, 11, 8, 4, 14, 8, 11, 10, 18, 1, 2, 18, 20, 14, 17, 7, 7, 18, 7, 14, 5, 20, 16, 2, 14, 19, 6, 19, 17, 17, 3, 5, 17, 17, 3, 5, 5, 20, 1, 8, 6, 18, 6, 19, 16, 17, 17, 9, 9, 18, 1, 2, 9, 8, 5, 6, 6, 17, 6, 7, 3, 20, 5, 12, 6, 12, 19, 17, 19, 19, 9, 19, 15, 3, 13, 19, 8, 3, 16, 18, 8, 13, 7, 12, 8, 8, 10, 16, 18, 8, 3, 3, 11, 14, 11]
bestever    2320    in generation 218
[15, 15, 13, 7, 13, 2, 4, 9, 2, 15, 2, 7, 4, 15, 12, 15, 9, 10, 16, 4, 11, 6, 16, 12, 20, 9, 11, 14, 15, 15, 4, 10, 7, 13, 2, 2, 13, 2, 1, 4, 6, 4, 15, 12, 15, 9, 10, 1, 4, 6, 16, 12, 20, 9, 18, 1, 13, 9, 16, 12, 2, 10, 7, 10, 20, 19, 18, 13, 16, 1, 10, 20, 5, 1, 5, 11, 14, 11, 3, 3, 14, 1, 10, 5, 4, 7, 16, 17, 4, 13, 20, 1, 12, 13, 10, 14, 19, 18, 5, 20, 8, 11, 11, 14, 3, 12, 11, 8, 4, 14, 8, 11, 10, 18, 1, 2, 18, 20, 14, 17, 7, 7, 18, 7, 14, 5, 20, 16, 2, 14, 19, 6, 19, 17, 17, 3, 5, 17, 17, 3, 5, 5, 20, 1, 8, 6, 18, 6, 19, 16, 17, 17, 9, 9, 20, 1, 2, 9, 8, 5, 6, 6, 17, 6, 7, 3, 18, 5, 12, 6, 12, 19, 17, 19, 19, 9, 19, 15, 3, 13, 19, 8, 3, 16, 18, 8, 13, 7, 12, 8, 8, 10, 16, 18, 8, 3, 3, 11, 14, 11]
bestever    2308    in generation 225
[15, 15, 13, 7, 13, 2, 4, 9, 2, 15, 2, 7, 4, 15, 12, 15, 9, 10, 16, 4, 11, 6, 16, 12, 20, 9, 11, 14, 15, 15, 4, 10, 7, 13, 2, 2, 13, 2, 1, 4, 6, 4, 15, 12, 15, 9, 10, 1, 4, 6, 16, 12, 20, 9, 18, 1, 13, 9, 16, 12, 2, 10, 7, 10, 20, 19, 18, 13, 16, 1, 10, 20, 5, 1, 5, 11, 14, 11, 3, 3, 14, 1, 10, 5, 4, 7, 16, 7, 4, 13, 20, 1, 12, 13, 10, 14, 19, 18, 5, 20, 8, 11, 11, 14, 3, 12, 11, 8, 4, 14, 8, 11, 10, 18, 1, 2, 18, 20, 14, 17, 7, 17, 18, 7, 14, 5, 20, 16, 2, 14, 19, 6, 19, 17, 17, 3, 5, 17, 17, 3, 5, 5, 20, 1, 8, 6, 18, 6, 19, 16, 17, 17, 9, 9, 20, 1, 2, 9, 8, 5, 6, 6, 17, 6, 7, 3, 18, 5, 12, 6, 12, 19, 17, 19, 19, 9, 19, 15, 3, 13, 19, 8, 3, 16, 18, 8, 13, 7, 12, 8, 8, 10, 16, 18, 8, 3, 3, 11, 14, 11]
bestever    2286    in generation 251
[15, 15, 13, 7, 13, 2, 4, 9, 2, 15, 2, 7, 4, 15, 12, 15, 9, 10, 16, 4, 11, 6, 16, 12, 20, 9, 11, 14, 15, 15, 4, 10, 7, 13, 2, 2, 13, 2, 1, 4, 6, 4, 15, 12, 15, 9, 10, 1, 4, 6, 16, 12, 20, 9, 18, 1, 13, 9, 16, 12, 2, 10, 7, 10, 20, 19, 18, 13, 16, 1, 10, 20, 5, 1, 5, 11, 14, 11, 3, 14, 1, 10, 5, 4, 7, 16, 7, 4, 13, 20, 1, 12, 13, 10, 14, 19, 18, 5, 20, 8, 11, 11, 14, 3, 11, 8, 4, 14, 8, 11, 10, 18, 1, 2, 18, 20, 14, 17, 7, 17, 14, 5, 20, 16, 2, 14, 19, 6, 17, 17, 3, 5, 17, 17, 3, 5, 5, 20, 1, 8, 6, 18, 6, 16, 17, 17, 9, 9, 20, 1, 2, 9, 8, 5, 6, 6, 7, 3, 18, 12, 19, 19, 17, 6, 7, 3, 18, 5, 12, 6, 12, 19, 17, 19, 19, 9, 19, 15, 3, 13, 19, 8, 3, 16, 18, 8, 13, 7, 12, 8, 8, 10, 16, 18, 8, 3, 3, 11, 14, 11]
bestever    2249    in generation 262
[15, 15, 13, 7, 13, 2, 4, 9, 2, 15, 2, 7, 4, 15, 12, 15, 9, 10, 16, 4, 11, 6, 16, 12, 20, 9, 11, 14, 15, 15, 4, 10, 7, 13, 2, 2, 13, 2, 1, 4, 6, 4, 15, 12, 15, 9, 10, 1, 4, 6, 16, 12, 20, 9, 18, 1, 13, 9, 16, 12, 2, 10, 7, 10, 20, 19, 18, 13, 16, 1, 10, 20, 5, 1, 5, 11, 14, 11, 14, 1, 10, 5, 4, 7, 16, 7, 4, 13, 20, 1, 13, 10, 14, 19, 18, 5, 20, 8, 11, 11, 14, 11, 8, 4, 14, 8, 11, 10, 18, 1, 2, 20, 14, 17, 7, 17, 14, 5, 20, 16, 2, 14, 6, 17, 17, 3, 5, 17, 17, 3, 5, 5, 20, 1, 8, 6, 6, 16, 17, 17, 9, 9, 20, 1, 2, 9, 8, 5, 6, 6, 17, 6, 3, 18, 7, 3, 18, 12, 19, 19, 3, 18, 12, 19, 7, 3, 18, 5, 12, 6, 12, 19, 17, 19, 19, 9, 19, 15, 3, 13, 19, 8, 3, 16, 18, 8, 13, 7, 12, 8, 8, 10, 16, 18, 8, 3, 3, 11, 14, 11]
bestever    2238    in generation 271
[15, 15, 13, 7, 13, 2, 4, 9, 2, 15, 2, 7, 4, 15, 12, 15, 9, 10, 16, 4, 11, 6, 16, 12, 20, 9, 11, 14, 15, 15, 4, 10, 7, 13, 2, 2, 13, 2, 1, 4, 6, 4, 15, 12, 15, 9, 10, 1, 4, 6, 16, 12, 20, 9, 18, 1, 13, 9, 16, 12, 2, 10, 7, 10, 20, 19, 18, 13, 16, 1, 10, 20, 5, 1, 5, 11, 14, 11, 14, 1, 10, 5, 4, 7, 16, 7, 4, 13, 20, 1, 13, 10, 14, 9, 18, 5, 20, 8, 11, 11, 14, 11, 8, 4, 14, 8, 11, 10, 18, 1, 2, 20, 14, 17, 7, 17, 14, 5, 20, 16, 2, 14, 6, 17, 17, 3, 5, 17, 17, 3, 5, 5, 20, 1, 8, 6, 6, 16, 17, 17, 19, 9, 20, 1, 2, 9, 8, 5, 6, 6, 17, 6, 3, 18, 7, 3, 18, 12, 19, 19, 3, 18, 12, 19, 7, 3, 18, 5, 12, 6, 12, 19, 17, 19, 19, 9, 19, 15, 3, 13, 19, 8, 3, 16, 18, 8, 13, 7, 12, 8, 8, 10, 16, 18, 8, 3, 3, 11, 14, 11]
bestever    2237    in generation 272
[15, 15, 13, 7, 13, 2, 4, 9, 2, 15, 2, 7, 4, 15, 12, 15, 9, 10, 16, 4, 11, 6, 16, 12, 20, 9, 11, 14, 15, 15, 4, 10, 7, 13, 2, 2, 13, 2, 1, 4, 6, 4, 15, 12, 15, 9, 10, 1, 4, 6, 16, 12, 20, 9, 18, 1, 13, 9, 16, 12, 2, 10, 7, 10, 20, 19, 18, 13, 16, 1, 10, 20, 5, 1, 5, 11, 14, 11, 14, 1, 10, 5, 4, 7, 16, 7, 4, 13, 20, 1, 13, 10, 14, 19, 9, 5, 20, 8, 11, 11, 14, 11, 8, 4, 14, 8, 11, 10, 18, 1, 2, 20, 14, 17, 7, 17, 14, 5, 20, 16, 2, 14, 6, 17, 17, 3, 5, 17, 17, 3, 5, 5, 20, 1, 8, 6, 6, 16, 17, 17, 9, 9, 20, 1, 2, 18, 8, 5, 6, 6, 17, 6, 3, 18, 7, 3, 18, 12, 19, 19, 3, 18, 12, 19, 7, 3, 18, 5, 12, 6, 12, 19, 17, 19, 19, 9, 19, 15, 3, 13, 19, 8, 3, 16, 18, 8, 13, 7, 12, 8, 8, 10, 16, 18, 8, 3, 3, 11, 14, 11]
bestever    2233    in generation 341
[15, 15, 13, 7, 13, 2, 4, 9, 2, 15, 2, 7, 4, 15, 12, 15, 9, 10, 16, 4, 11, 6, 16, 12, 20, 9, 11, 14, 15, 15, 4, 10, 7, 13, 2, 2, 13, 2, 1, 4, 6, 4, 15, 12, 15, 9, 10, 1, 4, 6, 16, 12, 20, 9, 18, 1, 13, 9, 16, 12, 2, 10, 7, 10, 20, 19, 18, 13, 16, 1, 10, 20, 5, 1, 5, 11, 14, 11, 14, 1, 10, 5, 4, 7, 16, 7, 4, 13, 20, 1, 13, 10, 14, 19, 9, 5, 20, 8, 11, 11, 14, 11, 8, 4, 14, 8, 10, 18, 1, 2, 20, 14, 17, 7, 17, 14, 5, 20, 16, 2, 14, 6, 17, 17, 3, 5, 17, 17, 3, 5, 5, 20, 1, 8, 6, 6, 16, 17, 17, 9, 9, 20, 1, 2, 18, 8, 5, 6, 6, 17, 6, 3, 18, 7, 3, 18, 12, 19, 19, 3, 18, 12, 19, 7, 3, 18, 5, 12, 6, 12, 19, 17, 19, 19, 9, 19, 15, 3, 13, 19, 11, 8, 3, 16, 18, 8, 13, 7, 12, 8, 8, 10, 16, 18, 8, 3, 3, 11, 14, 11]
bestever    2228    in generation 366
[15, 15, 13, 7, 13, 2, 4, 9, 2, 15, 2, 7, 4, 15, 12, 15, 9, 10, 16, 4, 11, 6, 16, 12, 19, 9, 11, 14, 15, 15, 4, 10, 7, 13, 2, 2, 13, 2, 1, 4, 6, 4, 15, 12, 15, 9, 10, 1, 4, 6, 16, 12, 20, 9, 18, 1, 13, 9, 16, 12, 2, 10, 7, 10, 20, 20, 18, 13, 16, 1, 10, 20, 5, 1, 5, 11, 13, 11, 14, 1, 10, 5, 4, 7, 16, 7, 4, 13, 20, 1, 13, 10, 14, 19, 9, 5, 20, 8, 11, 11, 14, 11, 8, 4, 14, 8, 11, 10, 18, 1, 2, 20, 14, 17, 7, 17, 14, 5, 20, 16, 2, 14, 6, 17, 17, 3, 5, 17, 17, 3, 5, 5, 20, 1, 8, 6, 6, 16, 17, 17, 9, 9, 20, 1, 2, 18, 8, 5, 6, 6, 17, 6, 3, 18, 7, 3, 18, 12, 19, 19, 3, 18, 12, 19, 7, 3, 18, 5, 12, 6, 12, 19, 17, 19, 19, 9, 19, 15, 3, 13, 19, 8, 3, 16, 18, 8, 14, 7, 12, 8, 8, 10, 16, 18, 8, 3, 3, 11, 14, 11]
bestever    2220    in generation 374
[15, 15, 13, 7, 13, 2, 4, 9, 2, 15, 2, 7, 4, 15, 12, 15, 9, 10, 16, 4, 11, 6, 16, 12, 19, 9, 11, 14, 15, 15, 4, 10, 7, 13, 2, 2, 13, 2, 1, 4, 6, 4, 15, 12, 15, 9, 10, 1, 4, 6, 16, 12, 20, 9, 18, 1, 13, 9, 16, 12, 2, 10, 7, 10, 20, 20, 18, 13, 16, 1, 10, 20, 5, 1, 10, 11, 13, 11, 14, 1, 5, 5, 4, 7, 16, 7, 4, 13, 20, 1, 13, 10, 14, 19, 9, 5, 20, 8, 11, 11, 14, 11, 8, 4, 14, 8, 11, 10, 18, 1, 2, 20, 14, 17, 7, 17, 14, 5, 20, 16, 2, 14, 6, 17, 17, 3, 5, 17, 17, 3, 5, 5, 20, 1, 8, 6, 6, 16, 17, 17, 9, 9, 20, 1, 2, 18, 8, 5, 6, 6, 17, 6, 3, 18, 7, 3, 18, 12, 19, 19, 3, 18, 12, 19, 7, 3, 18, 5, 12, 6, 12, 19, 17, 19, 19, 9, 19, 15, 3, 13, 19, 8, 3, 16, 18, 8, 14, 7, 12, 8, 8, 10, 16, 18, 8, 3, 3, 11, 14, 11]
bestever    2207    in generation 382
[15, 15, 13, 7, 13, 2, 4, 9, 2, 15, 2, 7, 4, 15, 12, 15, 9, 10, 16, 4, 11, 6, 16, 12, 20, 9, 11, 14, 15, 15, 4, 10, 7, 13, 2, 2, 13, 2, 1, 4, 6, 4, 15, 12, 15, 9, 10, 1, 4, 6, 16, 12, 20, 9, 18, 1, 13, 9, 16, 12, 2, 10, 7, 10, 20, 19, 18, 13, 16, 1, 10, 20, 5, 1, 5, 11, 13, 11, 14, 1, 10, 5, 4, 7, 16, 7, 4, 13, 20, 1, 13, 10, 14, 19, 9, 5, 20, 8, 11, 11, 14, 11, 8, 4, 14, 8, 11, 10, 15, 1, 2, 20, 14, 17, 7, 17, 14, 5, 20, 16, 2, 14, 6, 17, 17, 3, 5, 17, 17, 3, 5, 5, 20, 1, 8, 6, 6, 16, 17, 17, 9, 9, 20, 1, 2, 18, 8, 5, 6, 6, 17, 6, 3, 18, 7, 3, 18, 12, 19, 19, 3, 18, 12, 19, 7, 3, 18, 5, 12, 6, 12, 19, 17, 19, 19, 9, 19, 18, 3, 13, 19, 8, 3, 16, 18, 8, 14, 7, 12, 8, 8, 10, 16, 18, 8, 3, 3, 11, 14, 11]
bestever    2206    in generation 390
[15, 15, 13, 7, 13, 2, 4, 9, 2, 15, 2, 7, 4, 15, 12, 15, 9, 10, 16, 4, 11, 6, 16, 12, 20, 9, 11, 14, 15, 15, 4, 10, 7, 13, 2, 2, 13, 2, 1, 4, 6, 4, 15, 12, 15, 9, 10, 1, 4, 6, 16, 12, 20, 9, 18, 1, 13, 9, 16, 12, 2, 10, 7, 10, 20, 19, 18, 13, 16, 1, 10, 20, 5, 1, 5, 11, 13, 11, 14, 1, 10, 5, 4, 7, 16, 7, 4, 13, 20, 1, 13, 10, 14, 19, 9, 5, 20, 8, 11, 11, 14, 11, 8, 4, 14, 8, 11, 10, 15, 1, 2, 20, 14, 17, 7, 17, 14, 5, 20, 16, 2, 14, 6, 17, 17, 3, 5, 17, 17, 3, 5, 5, 20, 1, 17, 6, 6, 16, 17, 17, 9, 9, 20, 1, 2, 18, 8, 5, 6, 6, 17, 6, 3, 18, 7, 3, 18, 12, 19, 19, 3, 18, 12, 19, 7, 3, 18, 5, 12, 6, 12, 19, 8, 19, 19, 9, 19, 18, 3, 13, 19, 8, 3, 16, 18, 8, 14, 7, 12, 8, 8, 10, 16, 18, 8, 3, 3, 11, 14, 11]
bestever    2162    in generation 405
[15, 15, 13, 7, 13, 2, 4, 9, 2, 15, 2, 7, 4, 15, 12, 15, 7, 10, 16, 4, 11, 6, 16, 12, 20, 9, 11, 14, 15, 15, 4, 10, 7, 13, 2, 2, 13, 2, 1, 4, 6, 4, 15, 12, 15, 9, 10, 1, 4, 6, 16, 12, 20, 9, 18, 1, 13, 9, 16, 12, 2, 10, 7, 10, 20, 19, 18, 13, 16, 1, 10, 20, 5, 1, 5, 11, 13, 11, 14, 1, 10, 5, 4, 7, 16, 7, 4, 13, 20, 1, 13, 10, 14, 19, 9, 5, 20, 8, 11, 11, 14, 11, 8, 4, 14, 8, 11, 10, 15, 1, 2, 20, 14, 17, 7, 17, 14, 5, 20, 16, 2, 14, 6, 17, 17, 3, 5, 17, 17, 3, 5, 5, 20, 1, 17, 6, 6, 16, 17, 17, 9, 9, 20, 1, 2, 18, 8, 5, 6, 6, 17, 6, 3, 18, 9, 3, 18, 12, 19, 19, 3, 18, 12, 19, 7, 3, 18, 5, 12, 6, 12, 19, 8, 19, 19, 9, 19, 18, 3, 13, 19, 8, 3, 16, 18, 8, 14, 7, 12, 8, 8, 10, 16, 18, 8, 3, 3, 11, 14, 11]
bestever    2145    in generation 452
[15, 15, 13, 7, 13, 2, 4, 9, 2, 15, 2, 7, 4, 15, 12, 15, 7, 10, 16, 4, 6, 16, 12, 20, 9, 15, 15, 4, 10, 7, 13, 2, 2, 11, 11, 14, 13, 2, 1, 4, 6, 4, 15, 12, 15, 9, 10, 1, 4, 6, 16, 12, 20, 9, 18, 1, 13, 9, 16, 12, 2, 10, 7, 10, 20, 19, 18, 13, 16, 1, 10, 20, 5, 1, 5, 11, 13, 11, 14, 1, 10, 5, 4, 7, 16, 7, 4, 13, 20, 1, 13, 10, 14, 19, 9, 5, 20, 8, 11, 11, 14, 11, 8, 4, 14, 8, 11, 10, 15, 1, 2, 20, 14, 17, 7, 17, 14, 5, 20, 16, 2, 14, 6, 17, 17, 3, 5, 17, 17, 3, 5, 5, 20, 1, 17, 6, 6, 16, 17, 17, 9, 9, 20, 1, 2, 18, 8, 5, 6, 6, 17, 10, 3, 18, 9, 3, 18, 12, 19, 19, 3, 18, 12, 19, 7, 3, 18, 5, 12, 6, 12, 19, 8, 19, 19, 9, 19, 18, 3, 13, 19, 8, 3, 16, 18, 8, 14, 7, 12, 8, 8, 6, 16, 18, 8, 3, 3, 11, 14, 11]
bestever    2143    in generation 463
[15, 15, 13, 7, 13, 2, 4, 9, 2, 15, 2, 7, 4, 15, 12, 15, 7, 10, 16, 4, 6, 16, 12, 20, 9, 15, 15, 4, 10, 7, 13, 2, 2, 11, 11, 14, 13, 2, 1, 4, 6, 4, 15, 12, 15, 9, 10, 1, 4, 6, 16, 12, 20, 9, 18, 1, 13, 9, 16, 12, 2, 10, 7, 10, 20, 19, 18, 13, 16, 1, 10, 20, 5, 1, 5, 11, 13, 11, 14, 1, 10, 5, 4, 7, 16, 7, 4, 13, 20, 1, 13, 10, 14, 19, 9, 5, 20, 8, 11, 11, 14, 11, 8, 4, 14, 8, 10, 15, 1, 2, 20, 14, 17, 7, 17, 14, 5, 20, 16, 2, 14, 6, 17, 17, 3, 5, 17, 17, 3, 5, 5, 20, 1, 17, 6, 6, 16, 17, 17, 9, 9, 20, 1, 2, 18, 8, 5, 6, 6, 17, 6, 3, 18, 9, 3, 18, 12, 19, 19, 3, 18, 12, 19, 7, 3, 18, 5, 12, 6, 12, 19, 8, 19, 19, 9, 19, 18, 3, 13, 19, 8, 3, 16, 18, 8, 14, 7, 12, 8, 8, 11, 10, 16, 18, 8, 3, 3, 11, 14, 11]
bestever    2137    in generation 565
[15, 15, 13, 7, 13, 2, 4, 9, 2, 15, 2, 7, 4, 15, 12, 15, 7, 10, 16, 4, 6, 16, 12, 20, 9, 15, 15, 4, 10, 7, 13, 2, 2, 11, 11, 14, 13, 2, 1, 4, 6, 4, 15, 12, 15, 9, 10, 1, 4, 6, 16, 12, 20, 9, 18, 1, 13, 9, 16, 12, 2, 10, 7, 10, 20, 19, 18, 13, 16, 1, 10, 20, 5, 1, 5, 11, 13, 11, 14, 1, 10, 5, 4, 7, 16, 7, 4, 13, 20, 1, 13, 10, 14, 19, 9, 5, 20, 8, 11, 11, 14, 11, 8, 4, 14, 8, 10, 15, 1, 2, 20, 14, 17, 7, 17, 14, 5, 20, 16, 2, 14, 6, 17, 17, 3, 5, 17, 17, 3, 5, 5, 20, 1, 17, 6, 6, 16, 17, 16, 17, 9, 9, 20, 1, 2, 18, 8, 5, 6, 6, 17, 6, 3, 18, 9, 3, 18, 12, 19, 19, 3, 18, 12, 19, 7, 3, 18, 5, 12, 6, 12, 19, 8, 19, 19, 9, 19, 18, 3, 13, 19, 8, 3, 18, 8, 14, 7, 12, 8, 8, 11, 10, 16, 18, 8, 3, 3, 11, 14, 11]
bestever    2132    in generation 577
[15, 15, 13, 7, 13, 2, 4, 9, 2, 15, 2, 7, 4, 15, 12, 15, 7, 10, 16, 4, 6, 16, 12, 20, 9, 15, 15, 4, 10, 7, 13, 2, 2, 11, 11, 14, 13, 2, 1, 4, 6, 4, 15, 12, 15, 9, 10, 1, 4, 6, 16, 12, 20, 9, 18, 1, 13, 9, 16, 12, 2, 10, 7, 10, 20, 19, 18, 13, 16, 1, 10, 20, 5, 1, 5, 11, 13, 11, 14, 1, 10, 5, 4, 7, 16, 7, 4, 13, 20, 1, 13, 10, 14, 19, 9, 5, 20, 8, 11, 11, 14, 11, 8, 4, 14, 8, 10, 15, 1, 2, 20, 14, 17, 7, 17, 14, 5, 20, 16, 2, 14, 6, 17, 17, 3, 5, 17, 17, 3, 5, 5, 20, 1, 17, 6, 6, 16, 17, 16, 17, 9, 9, 20, 1, 2, 18, 8, 5, 6, 6, 7, 6, 3, 18, 9, 3, 18, 12, 19, 19, 3, 18, 12, 19, 7, 3, 18, 5, 12, 6, 12, 19, 8, 19, 19, 9, 19, 18, 3, 13, 19, 8, 3, 18, 8, 14, 17, 12, 8, 8, 11, 10, 16, 18, 8, 3, 3, 11, 14, 11]
bestever    2113    in generation 580
[15, 15, 13, 7, 13, 2, 4, 9, 2, 15, 2, 7, 4, 15, 12, 15, 7, 10, 16, 4, 6, 16, 12, 20, 9, 15, 15, 4, 10, 7, 13, 2, 2, 11, 11, 14, 13, 2, 1, 4, 6, 4, 15, 12, 15, 9, 10, 1, 4, 6, 16, 12, 20, 9, 18, 1, 13, 9, 16, 12, 2, 10, 7, 10, 20, 19, 18, 13, 16, 1, 10, 20, 5, 1, 2, 11, 13, 11, 14, 1, 10, 5, 4, 7, 16, 7, 4, 13, 20, 1, 13, 10, 14, 19, 9, 5, 20, 8, 11, 11, 14, 11, 8, 4, 14, 8, 10, 15, 1, 2, 20, 14, 17, 7, 17, 14, 5, 20, 16, 5, 14, 6, 17, 17, 3, 5, 17, 17, 3, 5, 5, 20, 1, 17, 6, 6, 16, 17, 16, 17, 9, 9, 20, 1, 2, 18, 8, 5, 6, 6, 7, 6, 3, 18, 9, 3, 18, 12, 19, 19, 3, 18, 12, 19, 7, 3, 18, 5, 12, 6, 12, 19, 8, 19, 19, 9, 19, 18, 3, 13, 19, 8, 3, 18, 8, 14, 17, 12, 8, 8, 11, 10, 16, 18, 8, 3, 3, 11, 14, 11]
bestever    2101    in generation 602
[15, 15, 13, 7, 13, 2, 4, 9, 2, 15, 2, 7, 4, 15, 12, 15, 7, 10, 16, 4, 6, 16, 12, 20, 9, 15, 15, 4, 10, 7, 13, 2, 2, 11, 11, 14, 13, 2, 1, 4, 6, 4, 15, 12, 15, 9, 10, 1, 4, 6, 16, 12, 20, 9, 18, 1, 13, 9, 16, 12, 2, 10, 7, 10, 20, 19, 18, 13, 16, 1, 10, 20, 5, 1, 2, 11, 13, 11, 14, 1, 10, 5, 4, 7, 16, 7, 4, 13, 20, 1, 13, 10, 14, 19, 9, 5, 20, 8, 19, 14, 11, 8, 4, 14, 10, 15, 1, 2, 20, 14, 17, 7, 17, 14, 5, 20, 16, 5, 6, 17, 17, 5, 17, 17, 5, 5, 20, 1, 17, 6, 6, 16, 17, 16, 17, 9, 3, 3, 14, 8, 11, 9, 20, 1, 2, 18, 8, 5, 6, 6, 7, 6, 3, 18, 9, 3, 18, 12, 19, 19, 3, 18, 12, 19, 7, 3, 18, 5, 12, 6, 12, 19, 8, 19, 19, 9, 19, 18, 3, 13, 11, 8, 3, 18, 8, 14, 17, 12, 8, 8, 11, 10, 16, 18, 8, 3, 3, 11, 14, 11]
bestever    2076    in generation 624
[15, 15, 13, 7, 13, 2, 4, 9, 2, 15, 2, 7, 4, 15, 12, 15, 7, 10, 16, 4, 6, 16, 12, 20, 9, 15, 15, 4, 10, 7, 13, 2, 2, 11, 11, 14, 13, 2, 1, 4, 6, 4, 15, 12, 15, 9, 10, 1, 4, 6, 16, 12, 20, 9, 18, 1, 13, 9, 16, 12, 2, 10, 7, 10, 20, 19, 18, 13, 16, 1, 10, 20, 5, 1, 2, 11, 13, 11, 14, 1, 10, 5, 4, 7, 16, 7, 4, 13, 20, 1, 13, 10, 14, 19, 9, 5, 20, 8, 19, 14, 11, 8, 4, 14, 10, 15, 1, 2, 20, 14, 17, 7, 17, 14, 5, 20, 16, 5, 6, 17, 17, 5, 17, 17, 5, 5, 20, 1, 17, 6, 6, 16, 17, 16, 17, 9, 3, 3, 14, 8, 11, 9, 20, 1, 2, 18, 8, 5, 6, 6, 7, 6, 3, 18, 9, 3, 18, 12, 19, 19, 3, 18, 12, 19, 7, 3, 18, 5, 12, 6, 12, 19, 8, 8, 19, 9, 19, 18, 3, 13, 11, 8, 3, 18, 8, 14, 17, 12, 8, 19, 11, 10, 16, 18, 8, 3, 3, 11, 14, 11]
bestever    2062    in generation 648
[15, 15, 13, 7, 13, 2, 4, 9, 2, 15, 2, 7, 4, 15, 12, 15, 7, 10, 16, 4, 6, 16, 12, 20, 9, 15, 15, 4, 10, 7, 13, 2, 2, 13, 2, 1, 4, 6, 4, 15, 12, 15, 9, 10, 1, 4, 6, 16, 12, 20, 9, 18, 1, 13, 16, 12, 2, 10, 7, 9, 11, 14, 11, 10, 20, 19, 18, 13, 16, 1, 10, 20, 5, 1, 2, 11, 13, 11, 14, 1, 10, 5, 4, 7, 16, 7, 4, 13, 20, 1, 13, 10, 14, 19, 9, 5, 20, 8, 19, 14, 11, 8, 4, 14, 10, 15, 1, 2, 20, 14, 17, 7, 17, 14, 5, 20, 16, 5, 6, 17, 17, 5, 17, 17, 5, 5, 20, 1, 17, 6, 6, 16, 17, 16, 17, 9, 3, 3, 14, 8, 11, 9, 20, 1, 2, 18, 8, 5, 6, 6, 7, 6, 3, 18, 9, 3, 18, 12, 19, 19, 3, 18, 12, 19, 7, 3, 18, 5, 12, 6, 12, 19, 8, 8, 19, 9, 19, 18, 3, 13, 11, 8, 3, 18, 8, 14, 17, 12, 8, 19, 11, 10, 16, 18, 8, 3, 3, 11, 14, 11]
bestever    2059    in generation 680
[15, 15, 13, 7, 13, 2, 4, 9, 2, 15, 2, 7, 4, 15, 12, 15, 7, 10, 16, 4, 6, 16, 12, 20, 9, 15, 15, 4, 10, 7, 13, 2, 2, 13, 2, 1, 4, 6, 4, 15, 12, 15, 9, 10, 1, 4, 6, 16, 12, 20, 9, 18, 1, 13, 16, 12, 2, 10, 7, 9, 11, 14, 11, 10, 20, 19, 18, 13, 16, 1, 10, 20, 5, 1, 2, 11, 13, 11, 14, 1, 10, 5, 4, 7, 16, 7, 4, 13, 20, 1, 13, 10, 14, 19, 9, 5, 20, 8, 19, 14, 11, 8, 4, 14, 10, 15, 1, 2, 20, 14, 17, 7, 17, 14, 5, 20, 16, 5, 6, 17, 17, 5, 17, 17, 5, 5, 20, 1, 17, 6, 19, 16, 17, 16, 17, 9, 3, 3, 14, 8, 11, 9, 20, 1, 2, 18, 8, 5, 6, 6, 7, 6, 3, 18, 9, 3, 18, 12, 6, 19, 3, 18, 12, 19, 7, 3, 18, 5, 12, 6, 12, 19, 8, 8, 19, 9, 19, 18, 3, 13, 11, 8, 3, 18, 8, 14, 17, 12, 8, 19, 11, 10, 16, 18, 8, 3, 3, 11, 14, 11]
bestever    2047    in generation 706
[15, 15, 13, 7, 13, 2, 4, 9, 2, 15, 2, 7, 4, 15, 12, 15, 7, 10, 16, 4, 6, 16, 12, 20, 9, 15, 15, 4, 10, 7, 13, 2, 2, 13, 2, 1, 4, 6, 4, 15, 12, 15, 9, 10, 1, 4, 6, 16, 12, 20, 9, 18, 1, 13, 16, 12, 2, 10, 7, 9, 11, 14, 11, 10, 20, 19, 18, 13, 16, 1, 10, 20, 5, 1, 2, 11, 13, 11, 14, 1, 10, 5, 10, 7, 16, 7, 4, 13, 20, 1, 13, 10, 14, 19, 9, 5, 20, 8, 19, 14, 11, 8, 4, 14, 10, 15, 1, 2, 20, 14, 17, 7, 17, 14, 5, 20, 16, 5, 6, 17, 17, 5, 17, 17, 5, 5, 20, 1, 17, 6, 19, 16, 17, 16, 17, 9, 3, 3, 14, 8, 11, 9, 20, 1, 2, 18, 8, 5, 6, 6, 7, 6, 3, 18, 9, 3, 18, 12, 6, 19, 3, 18, 12, 19, 7, 3, 18, 5, 12, 6, 12, 19, 8, 8, 19, 9, 19, 18, 3, 13, 11, 8, 3, 18, 8, 14, 17, 12, 8, 19, 11, 4, 16, 18, 8, 3, 3, 11, 14, 11]
bestever    2046    in generation 709
[15, 15, 13, 7, 13, 2, 4, 9, 2, 15, 2, 7, 4, 15, 12, 15, 7, 10, 16, 4, 6, 16, 12, 20, 9, 15, 15, 4, 10, 7, 13, 2, 2, 13, 2, 1, 4, 6, 4, 15, 12, 15, 9, 10, 1, 4, 6, 16, 12, 20, 9, 18, 1, 13, 16, 12, 2, 10, 7, 9, 11, 14, 11, 10, 20, 19, 18, 13, 16, 1, 10, 20, 5, 1, 2, 11, 13, 11, 14, 1, 10, 5, 4, 7, 16, 7, 4, 13, 20, 1, 13, 10, 14, 19, 9, 5, 20, 3, 19, 14, 11, 8, 4, 14, 10, 15, 1, 2, 20, 14, 17, 7, 17, 14, 5, 20, 16, 5, 6, 17, 17, 5, 17, 17, 5, 5, 20, 1, 17, 6, 19, 16, 17, 16, 17, 9, 3, 3, 14, 8, 11, 9, 20, 1, 2, 18, 8, 5, 6, 6, 7, 6, 8, 18, 9, 3, 18, 12, 6, 19, 3, 18, 12, 19, 7, 3, 18, 5, 12, 6, 12, 19, 8, 8, 19, 9, 19, 18, 3, 13, 11, 8, 3, 18, 8, 14, 17, 12, 8, 19, 11, 10, 16, 18, 8, 3, 3, 11, 14, 11]
bestever    2023    in generation 736
[15, 15, 13, 7, 13, 2, 4, 9, 2, 15, 2, 7, 4, 15, 12, 15, 7, 10, 16, 4, 6, 16, 12, 20, 9, 15, 15, 4, 10, 7, 13, 2, 2, 13, 2, 1, 4, 6, 4, 15, 12, 15, 9, 10, 1, 4, 6, 16, 12, 20, 9, 18, 1, 13, 16, 12, 2, 10, 7, 9, 11, 14, 11, 10, 20, 19, 18, 13, 16, 1, 10, 20, 5, 1, 2, 11, 13, 11, 14, 1, 10, 5, 4, 14, 16, 7, 4, 13, 20, 1, 13, 10, 7, 19, 9, 5, 20, 14, 11, 4, 14, 10, 15, 1, 2, 20, 14, 17, 7, 17, 14, 5, 20, 16, 5, 6, 17, 17, 5, 17, 17, 5, 5, 20, 1, 17, 6, 16, 17, 16, 17, 9, 14, 11, 9, 20, 1, 2, 5, 6, 6, 7, 6, 3, 9, 3, 18, 6, 3, 18, 3, 18, 12, 19, 8, 8, 19, 3, 18, 12, 7, 3, 18, 5, 6, 12, 19, 8, 8, 19, 12, 19, 8, 8, 19, 9, 19, 18, 3, 13, 11, 8, 3, 18, 8, 14, 17, 12, 8, 19, 11, 10, 16, 18, 8, 3, 3, 11, 14, 11]
bestever    2012    in generation 745
[15, 15, 13, 7, 13, 2, 4, 9, 2, 15, 2, 7, 4, 15, 12, 15, 7, 10, 16, 4, 6, 16, 12, 20, 14, 15, 15, 4, 10, 15, 13, 2, 2, 13, 2, 1, 4, 6, 4, 7, 12, 15, 9, 10, 1, 4, 6, 16, 12, 20, 9, 18, 1, 13, 16, 12, 2, 10, 7, 9, 11, 14, 11, 10, 20, 19, 18, 13, 16, 1, 10, 20, 5, 1, 2, 11, 13, 11, 14, 1, 10, 5, 4, 7, 16, 7, 4, 13, 20, 1, 13, 10, 14, 19, 9, 5, 20, 14, 11, 4, 14, 10, 15, 1, 2, 20, 14, 17, 7, 17, 14, 5, 20, 16, 5, 6, 17, 17, 5, 17, 17, 5, 5, 20, 1, 17, 6, 16, 17, 16, 17, 9, 9, 11, 9, 20, 1, 2, 5, 6, 6, 7, 6, 3, 9, 3, 18, 6, 3, 18, 3, 18, 12, 19, 8, 8, 19, 3, 18, 12, 7, 3, 18, 5, 6, 12, 19, 8, 8, 19, 12, 19, 8, 8, 19, 9, 19, 18, 3, 13, 11, 8, 3, 18, 8, 14, 17, 12, 8, 19, 11, 10, 16, 18, 8, 3, 3, 11, 14, 11]
bestever    2006    in generation 762
[15, 15, 13, 7, 13, 2, 4, 9, 2, 15, 2, 7, 4, 15, 12, 15, 7, 10, 16, 4, 6, 16, 12, 2, 14, 15, 15, 4, 10, 15, 13, 2, 2, 13, 2, 1, 4, 6, 4, 7, 12, 15, 9, 10, 1, 4, 6, 16, 12, 20, 9, 18, 1, 13, 16, 12, 20, 10, 7, 9, 11, 14, 11, 10, 20, 19, 18, 13, 16, 1, 10, 20, 5, 1, 2, 11, 13, 11, 14, 1, 10, 5, 4, 7, 16, 7, 4, 13, 20, 1, 13, 10, 14, 19, 9, 5, 20, 14, 11, 4, 14, 10, 15, 1, 2, 20, 14, 17, 7, 17, 14, 5, 20, 16, 5, 6, 17, 17, 5, 17, 17, 5, 5, 20, 1, 17, 6, 16, 17, 16, 17, 9, 9, 11, 9, 20, 1, 2, 5, 6, 6, 7, 6, 3, 9, 3, 18, 6, 3, 18, 3, 18, 12, 19, 8, 8, 19, 3, 18, 12, 7, 3, 18, 5, 6, 12, 19, 8, 8, 19, 12, 19, 8, 8, 19, 9, 19, 18, 3, 13, 11, 8, 3, 18, 8, 14, 17, 12, 8, 19, 11, 10, 16, 18, 8, 3, 3, 11, 14, 11]
bestever    2001    in generation 785
[15, 15, 13, 7, 13, 2, 4, 9, 2, 15, 2, 7, 4, 15, 12, 15, 7, 10, 16, 4, 6, 16, 12, 20, 7, 15, 15, 4, 10, 15, 13, 2, 2, 13, 2, 1, 4, 6, 4, 7, 12, 15, 9, 10, 1, 4, 6, 16, 12, 20, 9, 18, 1, 13, 16, 12, 2, 10, 7, 9, 11, 14, 11, 10, 20, 19, 18, 13, 16, 1, 10, 20, 5, 1, 2, 11, 13, 11, 14, 1, 10, 5, 4, 7, 16, 14, 4, 13, 20, 1, 13, 10, 14, 19, 9, 5, 20, 14, 11, 4, 14, 10, 15, 1, 2, 20, 14, 17, 7, 17, 14, 5, 20, 16, 5, 6, 17, 17, 5, 17, 17, 5, 5, 20, 1, 17, 6, 16, 17, 16, 17, 9, 9, 11, 9, 20, 1, 2, 5, 6, 6, 7, 6, 3, 9, 3, 18, 6, 3, 18, 3, 18, 12, 19, 8, 8, 19, 3, 18, 12, 7, 3, 18, 5, 6, 12, 19, 8, 8, 19, 12, 19, 8, 8, 19, 9, 19, 18, 3, 13, 11, 8, 3, 18, 8, 14, 17, 12, 8, 19, 11, 10, 16, 18, 8, 3, 3, 11, 14, 11]
bestever    1991    in generation 819
[15, 15, 13, 7, 13, 2, 4, 9, 2, 15, 2, 7, 4, 15, 12, 15, 7, 10, 16, 4, 6, 16, 12, 20, 7, 15, 15, 4, 10, 15, 13, 2, 2, 13, 2, 1, 4, 6, 4, 7, 12, 15, 9, 10, 1, 4, 6, 16, 12, 20, 9, 18, 1, 13, 16, 12, 2, 10, 7, 9, 11, 14, 11, 10, 20, 19, 18, 13, 16, 1, 10, 20, 5, 1, 2, 11, 13, 11, 14, 1, 10, 5, 4, 7, 16, 14, 4, 13, 20, 1, 13, 10, 14, 19, 9, 5, 20, 14, 4, 14, 10, 15, 1, 2, 20, 14, 17, 7, 17, 5, 20, 16, 5, 6, 17, 17, 5, 17, 17, 5, 5, 20, 1, 17, 6, 16, 17, 16, 17, 9, 9, 9, 20, 1, 2, 5, 6, 6, 7, 6, 3, 9, 3, 18, 6, 3, 18, 3, 18, 12, 19, 8, 8, 19, 18, 12, 7, 18, 5, 6, 12, 19, 8, 8, 19, 12, 3, 11, 3, 14, 11, 19, 8, 8, 19, 9, 19, 18, 3, 13, 11, 8, 3, 18, 8, 14, 17, 12, 8, 19, 11, 10, 16, 18, 8, 3, 3, 11, 14, 11]
bestever    1990    in generation 840
[15, 15, 13, 7, 13, 2, 4, 9, 2, 15, 2, 7, 4, 15, 12, 15, 7, 10, 16, 4, 6, 16, 12, 20, 7, 15, 15, 4, 10, 15, 13, 2, 2, 13, 2, 1, 4, 6, 4, 7, 12, 15, 9, 10, 1, 4, 6, 16, 12, 20, 9, 18, 1, 13, 16, 12, 2, 10, 7, 9, 11, 14, 6, 10, 20, 19, 18, 13, 16, 1, 10, 20, 5, 1, 2, 11, 13, 11, 14, 1, 10, 5, 4, 7, 16, 14, 4, 13, 20, 1, 13, 10, 14, 19, 9, 5, 20, 14, 4, 14, 10, 15, 1, 2, 20, 14, 17, 7, 17, 5, 20, 16, 5, 6, 17, 17, 5, 17, 17, 5, 5, 20, 1, 17, 6, 16, 17, 16, 17, 9, 9, 9, 20, 1, 2, 5, 8, 6, 7, 11, 3, 9, 3, 18, 6, 3, 18, 3, 18, 12, 19, 8, 8, 19, 18, 12, 7, 18, 5, 6, 12, 19, 6, 8, 19, 12, 3, 11, 3, 14, 11, 19, 8, 8, 19, 9, 19, 18, 3, 13, 11, 8, 3, 18, 8, 14, 17, 12, 8, 19, 11, 10, 16, 18, 8, 3, 3, 11, 14, 11]
bestever    1924    in generation 850
[15, 15, 13, 7, 13, 2, 4, 9, 2, 15, 2, 7, 4, 15, 12, 15, 7, 10, 16, 4, 6, 16, 12, 20, 7, 15, 15, 4, 10, 15, 13, 2, 2, 13, 2, 1, 4, 6, 4, 7, 12, 15, 9, 10, 1, 4, 6, 16, 12, 20, 9, 18, 1, 13, 16, 12, 2, 10, 7, 9, 14, 6, 10, 20, 19, 18, 13, 16, 1, 10, 20, 5, 1, 2, 13, 14, 1, 10, 5, 4, 7, 16, 14, 4, 13, 20, 1, 13, 10, 14, 19, 9, 5, 20, 14, 4, 10, 15, 1, 2, 20, 17, 7, 17, 5, 20, 16, 5, 6, 17, 17, 5, 17, 17, 5, 5, 20, 1, 17, 6, 16, 17, 16, 17, 9, 9, 9, 20, 1, 2, 5, 8, 6, 7, 9, 18, 6, 18, 18, 12, 19, 19, 18, 12, 7, 5, 6, 3, 11, 3, 18, 14, 8, 11, 6, 12, 19, 8, 3, 11, 3, 14, 11, 8, 19, 12, 3, 11, 3, 14, 11, 19, 8, 8, 19, 9, 19, 18, 3, 13, 11, 8, 3, 18, 8, 14, 17, 12, 8, 19, 11, 10, 16, 18, 8, 3, 3, 11, 14, 11]
bestever    1912    in generation 856
[15, 15, 13, 7, 13, 2, 4, 9, 2, 15, 2, 7, 4, 15, 12, 15, 7, 10, 16, 4, 6, 2, 12, 20, 7, 15, 15, 4, 10, 15, 13, 2, 2, 13, 16, 1, 4, 6, 4, 7, 12, 15, 9, 10, 1, 4, 6, 16, 12, 20, 9, 18, 1, 13, 16, 12, 2, 10, 7, 9, 14, 6, 10, 20, 19, 18, 13, 16, 1, 10, 20, 5, 1, 2, 13, 14, 1, 10, 5, 4, 7, 16, 14, 4, 13, 20, 1, 13, 10, 14, 19, 9, 5, 20, 14, 4, 10, 15, 1, 2, 20, 17, 7, 17, 5, 20, 16, 5, 6, 17, 17, 5, 17, 17, 5, 5, 20, 1, 17, 6, 16, 17, 16, 17, 9, 9, 9, 20, 1, 2, 5, 8, 6, 7, 9, 18, 6, 18, 18, 12, 19, 19, 18, 12, 7, 5, 6, 3, 11, 3, 18, 14, 8, 11, 6, 12, 19, 8, 3, 11, 3, 14, 11, 8, 19, 12, 3, 11, 3, 14, 11, 19, 8, 8, 19, 9, 19, 18, 3, 13, 11, 8, 3, 18, 8, 14, 17, 12, 8, 19, 11, 10, 16, 18, 8, 3, 3, 11, 14, 11]
bestever    1910    in generation 913
[15, 15, 13, 7, 13, 2, 4, 9, 2, 15, 2, 7, 4, 15, 12, 15, 7, 10, 16, 4, 6, 2, 12, 20, 7, 15, 15, 4, 10, 15, 13, 2, 2, 13, 16, 1, 4, 6, 4, 7, 12, 15, 9, 10, 1, 4, 6, 16, 12, 20, 9, 18, 1, 13, 16, 12, 2, 10, 7, 9, 14, 6, 10, 20, 19, 18, 13, 16, 1, 10, 20, 5, 1, 2, 13, 14, 1, 10, 5, 4, 7, 16, 14, 4, 13, 20, 1, 13, 10, 14, 19, 9, 5, 6, 14, 4, 10, 15, 1, 2, 20, 17, 7, 17, 5, 20, 16, 5, 20, 17, 17, 5, 17, 17, 5, 5, 20, 1, 17, 6, 16, 17, 16, 17, 9, 9, 9, 20, 1, 2, 5, 8, 6, 7, 9, 18, 6, 18, 18, 12, 19, 19, 18, 12, 7, 5, 6, 3, 11, 3, 18, 14, 8, 11, 6, 12, 19, 8, 3, 11, 3, 14, 11, 8, 19, 12, 3, 11, 3, 14, 11, 19, 8, 8, 19, 9, 19, 18, 3, 13, 11, 8, 3, 18, 8, 14, 17, 12, 8, 19, 11, 10, 16, 18, 8, 3, 3, 11, 14, 11]
bestever    1908    in generation 928
[15, 15, 13, 7, 13, 2, 4, 9, 2, 15, 2, 7, 4, 15, 12, 15, 7, 10, 16, 4, 6, 2, 12, 20, 7, 15, 15, 4, 10, 15, 13, 2, 2, 13, 16, 1, 4, 6, 4, 7, 12, 15, 9, 10, 1, 4, 6, 16, 12, 20, 9, 18, 1, 13, 16, 12, 2, 10, 7, 9, 14, 6, 10, 20, 19, 18, 13, 16, 1, 10, 20, 5, 1, 2, 13, 14, 1, 10, 5, 4, 7, 16, 14, 4, 13, 20, 1, 13, 10, 14, 19, 9, 5, 6, 14, 4, 10, 15, 1, 2, 20, 17, 7, 17, 5, 20, 16, 5, 20, 17, 17, 5, 17, 17, 5, 5, 20, 1, 17, 6, 16, 17, 16, 17, 9, 9, 9, 20, 1, 2, 5, 8, 6, 7, 9, 18, 6, 18, 18, 12, 19, 19, 18, 12, 7, 5, 6, 3, 11, 3, 18, 14, 8, 11, 6, 12, 19, 8, 3, 11, 3, 14, 11, 8, 19, 12, 3, 11, 3, 14, 8, 19, 8, 8, 19, 9, 19, 18, 3, 13, 11, 8, 3, 18, 11, 14, 17, 12, 8, 19, 11, 10, 16, 18, 8, 3, 3, 11, 14, 11]
bestever    1907    in generation 999
[15, 15, 13, 7, 13, 2, 4, 9, 2, 15, 2, 7, 4, 15, 12, 15, 7, 10, 16, 4, 6, 2, 12, 20, 7, 15, 15, 4, 10, 15, 13, 2, 2, 13, 16, 1, 4, 6, 4, 7, 12, 15, 9, 10, 1, 4, 6, 16, 12, 20, 9, 18, 1, 13, 16, 12, 2, 10, 7, 9, 14, 6, 10, 20, 9, 18, 13, 16, 1, 10, 20, 5, 1, 2, 13, 14, 1, 10, 5, 4, 7, 16, 14, 4, 13, 20, 1, 13, 10, 14, 19, 9, 5, 6, 14, 4, 10, 15, 1, 2, 20, 17, 7, 17, 5, 20, 16, 5, 20, 17, 17, 5, 17, 17, 5, 5, 20, 1, 17, 6, 16, 17, 16, 17, 19, 9, 9, 20, 1, 2, 5, 8, 6, 7, 9, 18, 6, 18, 18, 12, 19, 19, 18, 12, 7, 5, 6, 3, 11, 3, 18, 14, 8, 11, 6, 12, 19, 8, 3, 11, 3, 14, 11, 8, 19, 12, 3, 11, 19, 14, 8, 19, 8, 8, 3, 9, 19, 18, 3, 13, 11, 8, 3, 18, 11, 14, 17, 12, 8, 19, 11, 10, 16, 18, 8, 3, 3, 11, 14, 11]
bestever    1903    in generation 1004
[15, 15, 13, 7, 13, 2, 4, 9, 2, 15, 2, 7, 4, 15, 12, 15, 7, 10, 16, 4, 6, 2, 12, 20, 7, 15, 15, 4, 10, 15, 13, 2, 2, 13, 16, 1, 4, 6, 4, 7, 12, 15, 9, 10, 1, 4, 6, 16, 12, 20, 9, 18, 1, 13, 16, 12, 2, 10, 7, 9, 14, 6, 10, 20, 19, 18, 13, 16, 1, 10, 20, 5, 1, 2, 13, 14, 1, 10, 5, 4, 7, 16, 14, 4, 13, 20, 1, 13, 10, 14, 19, 9, 5, 6, 14, 4, 10, 15, 1, 2, 20, 17, 7, 17, 5, 20, 16, 5, 20, 17, 17, 5, 17, 17, 5, 5, 20, 1, 17, 6, 16, 17, 16, 17, 9, 9, 9, 20, 1, 2, 5, 8, 6, 7, 9, 18, 6, 18, 18, 12, 19, 19, 18, 12, 7, 5, 6, 3, 11, 3, 18, 14, 8, 11, 6, 12, 19, 8, 3, 11, 3, 14, 8, 19, 12, 3, 19, 8, 19, 8, 8, 9, 19, 18, 3, 3, 11, 14, 11, 13, 11, 8, 3, 18, 11, 14, 17, 12, 8, 19, 11, 10, 16, 18, 8, 3, 3, 11, 14, 11]
bestever    1892    in generation 1027
[15, 15, 13, 7, 13, 2, 4, 9, 2, 15, 2, 7, 4, 15, 12, 15, 7, 10, 16, 4, 6, 2, 12, 20, 7, 15, 15, 4, 10, 15, 13, 2, 2, 13, 16, 1, 4, 6, 4, 7, 12, 15, 9, 10, 1, 4, 6, 16, 12, 20, 9, 18, 1, 13, 16, 12, 2, 10, 7, 9, 14, 6, 10, 20, 19, 18, 13, 16, 1, 10, 20, 16, 1, 2, 13, 14, 1, 10, 5, 4, 7, 16, 14, 4, 13, 20, 1, 13, 10, 14, 19, 9, 5, 6, 14, 4, 10, 15, 1, 2, 20, 17, 7, 17, 5, 20, 16, 5, 20, 17, 9, 5, 17, 17, 5, 5, 20, 1, 17, 6, 16, 17, 5, 17, 9, 9, 17, 20, 1, 2, 5, 8, 6, 7, 9, 18, 6, 18, 18, 12, 19, 19, 18, 12, 7, 5, 6, 3, 11, 3, 18, 14, 8, 11, 6, 12, 19, 8, 3, 11, 3, 14, 8, 19, 12, 3, 19, 8, 19, 8, 8, 9, 19, 18, 3, 3, 11, 14, 11, 13, 11, 8, 3, 18, 11, 14, 17, 12, 8, 19, 11, 10, 16, 18, 8, 3, 3, 11, 14, 11]
bestever    1884    in generation 1039
[15, 15, 13, 7, 13, 2, 4, 9, 2, 15, 2, 7, 4, 15, 12, 15, 7, 10, 16, 4, 6, 2, 12, 20, 7, 15, 15, 4, 10, 15, 13, 2, 2, 13, 16, 1, 4, 6, 4, 7, 12, 15, 9, 10, 1, 4, 6, 16, 12, 20, 9, 18, 1, 13, 16, 12, 2, 10, 7, 9, 14, 6, 10, 20, 19, 18, 13, 16, 1, 10, 20, 16, 1, 2, 13, 14, 1, 10, 5, 4, 7, 16, 14, 4, 13, 20, 1, 13, 10, 14, 19, 9, 5, 6, 14, 4, 10, 15, 1, 2, 20, 17, 7, 17, 5, 20, 16, 5, 20, 17, 9, 5, 17, 17, 5, 5, 20, 1, 17, 6, 16, 17, 5, 17, 9, 9, 17, 20, 1, 2, 5, 8, 6, 7, 9, 18, 6, 18, 18, 12, 19, 19, 18, 12, 7, 5, 6, 3, 11, 3, 18, 14, 8, 11, 6, 12, 19, 8, 3, 3, 8, 19, 12, 3, 19, 8, 19, 8, 8, 14, 11, 9, 19, 18, 3, 3, 11, 14, 11, 13, 11, 8, 3, 18, 11, 14, 17, 12, 8, 19, 11, 10, 16, 18, 8, 3, 3, 11, 14, 11]
bestever    1883    in generation 1056
[15, 15, 13, 7, 13, 2, 4, 9, 2, 15, 2, 7, 4, 15, 12, 15, 7, 10, 16, 4, 6, 2, 12, 20, 7, 15, 15, 4, 10, 15, 13, 2, 2, 13, 16, 7, 4, 6, 4, 7, 12, 15, 9, 10, 1, 4, 6, 16, 12, 20, 9, 18, 1, 13, 16, 12, 2, 10, 7, 9, 14, 6, 10, 20, 19, 18, 13, 16, 1, 10, 20, 16, 1, 2, 13, 14, 1, 10, 5, 4, 7, 16, 14, 4, 13, 20, 1, 13, 10, 14, 19, 9, 5, 6, 14, 4, 10, 15, 1, 2, 20, 17, 1, 17, 5, 20, 16, 5, 20, 17, 9, 5, 17, 17, 5, 5, 20, 1, 17, 6, 16, 17, 5, 17, 9, 9, 17, 20, 1, 2, 5, 8, 6, 7, 9, 18, 6, 18, 18, 12, 19, 19, 18, 12, 7, 5, 6, 3, 11, 3, 18, 14, 8, 11, 6, 12, 19, 8, 3, 3, 8, 19, 12, 3, 19, 8, 19, 8, 8, 14, 11, 9, 19, 18, 3, 3, 11, 14, 11, 13, 11, 8, 3, 18, 11, 14, 17, 12, 8, 19, 11, 10, 16, 18, 8, 3, 3, 11, 14, 11]
bestever    1881    in generation 1121
[15, 15, 13, 7, 13, 2, 4, 9, 2, 15, 2, 7, 4, 15, 12, 15, 7, 10, 16, 4, 6, 2, 12, 20, 7, 15, 15, 4, 10, 15, 13, 2, 2, 13, 16, 7, 4, 6, 4, 7, 12, 15, 9, 10, 1, 4, 6, 16, 12, 20, 9, 5, 1, 13, 16, 12, 2, 10, 7, 9, 14, 6, 10, 20, 19, 18, 13, 16, 1, 10, 20, 16, 1, 2, 13, 14, 1, 10, 5, 4, 7, 16, 14, 4, 13, 20, 1, 13, 10, 14, 19, 9, 5, 6, 14, 4, 10, 15, 1, 2, 20, 17, 1, 17, 5, 20, 16, 5, 20, 17, 9, 5, 17, 17, 5, 18, 20, 1, 17, 6, 16, 17, 5, 17, 9, 9, 17, 20, 1, 2, 5, 19, 6, 7, 9, 18, 6, 18, 18, 12, 19, 8, 18, 12, 7, 5, 6, 3, 11, 3, 18, 14, 8, 11, 6, 12, 19, 8, 3, 3, 8, 19, 12, 3, 19, 8, 19, 8, 8, 14, 11, 9, 19, 18, 3, 3, 11, 14, 11, 13, 11, 8, 3, 18, 11, 14, 17, 12, 8, 19, 11, 10, 16, 18, 8, 3, 3, 11, 14, 11]
bestever    1874    in generation 1126
[15, 15, 13, 7, 13, 2, 4, 9, 2, 15, 2, 7, 4, 15, 12, 15, 7, 10, 16, 4, 6, 2, 12, 20, 7, 15, 15, 4, 10, 15, 13, 2, 2, 13, 16, 7, 4, 6, 4, 7, 12, 15, 9, 10, 1, 4, 6, 16, 12, 20, 9, 18, 1, 13, 16, 12, 2, 10, 7, 9, 14, 6, 10, 20, 19, 18, 13, 16, 1, 10, 20, 16, 1, 2, 13, 14, 1, 10, 5, 4, 7, 16, 14, 4, 13, 20, 1, 13, 10, 14, 19, 9, 5, 6, 14, 4, 10, 15, 1, 2, 20, 17, 1, 17, 5, 20, 16, 5, 20, 17, 9, 5, 17, 17, 5, 5, 20, 1, 17, 6, 16, 17, 5, 17, 9, 9, 17, 20, 1, 2, 5, 19, 6, 7, 9, 18, 6, 18, 18, 12, 19, 8, 18, 12, 7, 5, 6, 3, 3, 8, 6, 12, 19, 8, 3, 8, 19, 12, 19, 19, 3, 3, 18, 11, 14, 8, 11, 8, 8, 14, 11, 9, 19, 18, 3, 3, 11, 14, 11, 13, 11, 8, 3, 18, 11, 14, 17, 12, 8, 19, 11, 10, 16, 18, 8, 3, 3, 11, 14, 11]
bestever    1873    in generation 1211
[15, 15, 13, 7, 13, 2, 4, 9, 2, 15, 2, 7, 4, 15, 12, 15, 7, 10, 16, 4, 6, 2, 12, 20, 7, 15, 15, 4, 10, 15, 13, 2, 2, 13, 16, 7, 4, 6, 4, 7, 12, 15, 9, 10, 1, 4, 6, 16, 12, 20, 9, 18, 1, 13, 16, 12, 2, 10, 7, 9, 14, 6, 10, 20, 5, 18, 13, 16, 1, 10, 20, 16, 1, 2, 13, 14, 1, 10, 5, 4, 7, 16, 14, 4, 13, 20, 1, 13, 10, 14, 19, 9, 5, 6, 14, 4, 10, 15, 1, 2, 20, 17, 1, 17, 5, 20, 16, 5, 20, 17, 9, 5, 17, 17, 5, 5, 20, 1, 17, 6, 16, 17, 19, 17, 9, 9, 17, 20, 1, 2, 5, 19, 6, 7, 9, 18, 6, 18, 18, 12, 19, 8, 18, 12, 7, 5, 6, 3, 3, 8, 6, 12, 19, 8, 3, 8, 19, 12, 19, 19, 3, 3, 18, 11, 14, 8, 11, 8, 8, 14, 11, 9, 19, 18, 3, 3, 11, 14, 11, 13, 11, 8, 3, 18, 11, 14, 17, 12, 8, 19, 11, 10, 16, 18, 8, 3, 3, 11, 14, 11]
bestever    1872    in generation 1222
[15, 15, 13, 7, 13, 2, 4, 9, 2, 15, 2, 7, 4, 15, 12, 15, 7, 10, 16, 4, 6, 2, 12, 20, 7, 15, 15, 4, 10, 15, 13, 2, 2, 13, 16, 7, 4, 6, 4, 7, 12, 15, 9, 10, 1, 4, 6, 16, 12, 20, 9, 18, 1, 13, 16, 12, 2, 10, 7, 9, 14, 6, 10, 20, 5, 18, 13, 16, 1, 16, 20, 16, 1, 2, 13, 14, 1, 10, 5, 4, 7, 16, 14, 4, 13, 20, 1, 13, 10, 14, 19, 9, 5, 6, 14, 4, 10, 15, 1, 2, 20, 17, 1, 17, 5, 20, 16, 5, 20, 17, 9, 5, 17, 17, 5, 5, 20, 1, 17, 6, 10, 17, 19, 17, 9, 9, 17, 20, 1, 2, 5, 19, 6, 7, 9, 18, 6, 18, 18, 12, 19, 8, 18, 12, 7, 5, 6, 3, 3, 8, 6, 12, 19, 8, 3, 8, 19, 12, 19, 19, 3, 3, 18, 11, 14, 8, 11, 8, 8, 14, 11, 9, 19, 18, 3, 3, 11, 14, 11, 13, 11, 8, 3, 18, 11, 14, 17, 12, 8, 19, 11, 10, 16, 18, 8, 3, 3, 11, 14, 11]
bestever    1846    in generation 1525
[15, 15, 13, 7, 13, 2, 4, 9, 2, 15, 2, 7, 4, 15, 12, 15, 7, 10, 16, 4, 6, 2, 12, 20, 7, 15, 15, 4, 10, 15, 13, 2, 2, 13, 16, 7, 4, 6, 4, 7, 12, 15, 9, 10, 1, 4, 6, 16, 12, 20, 9, 6, 1, 13, 16, 12, 2, 10, 7, 9, 14, 6, 10, 20, 5, 7, 18, 13, 16, 1, 10, 20, 1, 16, 2, 13, 14, 1, 10, 5, 4, 7, 16, 5, 4, 13, 20, 1, 13, 10, 7, 14, 19, 9, 5, 6, 14, 4, 10, 15, 1, 2, 20, 20, 1, 17, 5, 20, 16, 14, 17, 17, 9, 5, 17, 17, 5, 5, 20, 1, 17, 18, 16, 17, 19, 17, 9, 9, 17, 20, 1, 2, 5, 19, 6, 9, 18, 6, 18, 18, 12, 19, 8, 18, 12, 5, 6, 3, 3, 8, 6, 12, 19, 8, 3, 8, 19, 12, 19, 19, 3, 3, 18, 11, 14, 8, 11, 8, 8, 14, 11, 19, 9, 18, 3, 3, 11, 14, 11, 13, 11, 8, 3, 18, 11, 14, 17, 12, 8, 19, 10, 16, 18, 11, 8, 3, 3, 11, 14, 11]
bestever    1844    in generation 1626
[15, 15, 13, 7, 13, 2, 4, 9, 2, 15, 2, 7, 4, 15, 12, 15, 7, 10, 16, 4, 6, 2, 12, 20, 7, 15, 15, 4, 10, 15, 13, 2, 2, 13, 16, 7, 4, 6, 4, 7, 12, 15, 9, 10, 1, 4, 6, 16, 12, 20, 9, 6, 1, 13, 16, 12, 2, 10, 7, 9, 14, 6, 10, 20, 5, 7, 18, 13, 16, 1, 10, 20, 1, 16, 2, 13, 14, 1, 10, 5, 4, 7, 16, 5, 4, 13, 20, 1, 13, 10, 7, 14, 19, 9, 5, 18, 14, 4, 10, 15, 1, 2, 20, 20, 1, 17, 5, 20, 16, 14, 17, 17, 9, 5, 17, 17, 5, 5, 20, 1, 17, 18, 16, 17, 19, 17, 9, 9, 17, 20, 1, 2, 5, 19, 6, 9, 18, 6, 18, 6, 12, 19, 8, 18, 12, 5, 6, 3, 3, 8, 6, 12, 19, 8, 3, 8, 19, 12, 19, 19, 3, 3, 18, 14, 8, 8, 8, 11, 14, 11, 11, 19, 9, 18, 3, 3, 11, 14, 11, 13, 11, 8, 3, 18, 11, 14, 17, 12, 8, 19, 10, 16, 18, 11, 8, 3, 3, 11, 14, 11]
bestever    1832    in generation 1634
[15, 15, 13, 7, 13, 2, 4, 9, 2, 15, 2, 7, 4, 15, 12, 15, 7, 10, 16, 4, 6, 2, 12, 20, 7, 15, 15, 4, 10, 15, 13, 2, 2, 13, 16, 7, 4, 6, 4, 7, 12, 15, 9, 10, 1, 4, 6, 16, 12, 13, 9, 6, 1, 13, 16, 12, 2, 10, 7, 9, 14, 6, 10, 20, 5, 7, 18, 13, 16, 1, 10, 20, 1, 16, 2, 20, 14, 1, 10, 5, 4, 7, 16, 5, 4, 13, 20, 1, 13, 10, 7, 14, 19, 9, 5, 18, 14, 4, 10, 15, 1, 2, 20, 20, 1, 17, 5, 20, 16, 14, 17, 17, 9, 5, 17, 17, 5, 5, 20, 1, 17, 18, 16, 17, 19, 17, 9, 9, 17, 20, 1, 2, 5, 19, 6, 9, 18, 6, 18, 6, 12, 19, 8, 18, 12, 5, 6, 3, 3, 8, 6, 12, 19, 8, 3, 8, 19, 12, 19, 19, 3, 3, 18, 14, 8, 8, 8, 11, 14, 11, 11, 19, 9, 18, 3, 3, 11, 14, 11, 13, 11, 8, 3, 18, 11, 14, 17, 12, 8, 19, 10, 16, 18, 11, 8, 3, 3, 11, 14, 11]
bestever    1829    in generation 1719
[15, 15, 13, 7, 13, 2, 4, 9, 2, 15, 2, 7, 4, 15, 12, 15, 7, 10, 16, 4, 6, 2, 12, 1, 7, 15, 15, 4, 10, 15, 13, 2, 2, 13, 16, 7, 4, 6, 4, 7, 12, 15, 9, 10, 1, 4, 6, 16, 12, 13, 9, 6, 1, 13, 16, 12, 2, 10, 7, 9, 14, 6, 10, 20, 5, 7, 18, 13, 16, 1, 10, 20, 1, 16, 2, 20, 14, 1, 10, 5, 4, 7, 16, 5, 4, 13, 20, 20, 13, 10, 7, 14, 19, 9, 5, 18, 14, 4, 10, 15, 1, 2, 20, 20, 1, 17, 5, 20, 16, 14, 17, 17, 9, 5, 17, 17, 5, 5, 20, 1, 17, 18, 16, 17, 19, 17, 9, 9, 17, 20, 1, 2, 5, 19, 6, 9, 18, 6, 18, 6, 12, 19, 8, 18, 12, 5, 6, 3, 3, 8, 6, 12, 19, 8, 3, 8, 19, 12, 19, 19, 3, 3, 18, 14, 8, 8, 8, 11, 14, 11, 11, 19, 9, 18, 3, 3, 11, 14, 11, 13, 11, 8, 3, 18, 11, 14, 17, 12, 8, 19, 10, 16, 18, 11, 8, 3, 3, 11, 14, 11]
bestever    1823    in generation 2094
[15, 15, 13, 7, 13, 2, 4, 9, 2, 15, 2, 7, 4, 15, 12, 15, 7, 10, 16, 4, 6, 2, 12, 1, 7, 15, 15, 4, 10, 15, 13, 2, 2, 13, 16, 7, 4, 6, 4, 7, 12, 15, 9, 10, 1, 4, 6, 16, 9, 12, 13, 6, 1, 13, 16, 12, 2, 10, 7, 9, 14, 6, 10, 20, 5, 7, 18, 13, 16, 1, 10, 20, 1, 16, 2, 20, 14, 1, 10, 5, 4, 7, 16, 5, 4, 13, 20, 20, 13, 10, 7, 9, 19, 9, 5, 18, 14, 4, 10, 15, 1, 2, 20, 20, 1, 17, 5, 20, 16, 14, 17, 17, 14, 5, 20, 1, 17, 18, 16, 17, 19, 17, 9, 9, 17, 20, 17, 17, 5, 5, 1, 2, 5, 19, 6, 9, 18, 6, 18, 6, 12, 19, 8, 18, 12, 5, 6, 3, 8, 3, 8, 6, 12, 19, 8, 3, 8, 19, 12, 19, 19, 3, 3, 18, 14, 8, 8, 11, 14, 11, 11, 9, 19, 11, 18, 3, 3, 14, 11, 13, 11, 8, 3, 18, 11, 14, 17, 12, 8, 19, 10, 16, 18, 11, 8, 3, 3, 11, 14, 11]
bestever    1820    in generation 2140
[15, 15, 13, 7, 13, 2, 4, 9, 2, 15, 2, 7, 4, 15, 12, 15, 7, 10, 16, 4, 6, 2, 12, 1, 7, 15, 15, 4, 10, 15, 13, 2, 2, 13, 16, 7, 4, 6, 4, 7, 12, 15, 9, 10, 1, 4, 6, 16, 9, 12, 13, 17, 1, 13, 16, 12, 2, 10, 7, 9, 14, 6, 10, 20, 5, 7, 18, 13, 16, 1, 10, 20, 1, 16, 2, 20, 14, 1, 10, 5, 4, 7, 16, 5, 4, 13, 20, 20, 13, 10, 7, 9, 19, 9, 5, 18, 14, 4, 10, 15, 1, 2, 20, 20, 1, 17, 5, 20, 16, 14, 17, 6, 14, 5, 20, 1, 17, 18, 16, 17, 19, 17, 9, 9, 17, 20, 17, 17, 5, 5, 1, 2, 5, 19, 6, 9, 18, 6, 18, 6, 12, 19, 8, 18, 12, 5, 6, 3, 8, 3, 8, 6, 12, 19, 8, 3, 8, 19, 12, 19, 19, 3, 3, 18, 14, 8, 8, 11, 14, 11, 11, 9, 19, 11, 18, 3, 3, 14, 11, 13, 11, 8, 3, 18, 11, 14, 17, 12, 8, 19, 10, 16, 18, 11, 8, 3, 3, 11, 14, 11]
bestever    1814    in generation 2193
[15, 15, 13, 7, 13, 2, 4, 9, 2, 15, 2, 7, 4, 15, 12, 15, 7, 10, 16, 4, 6, 2, 12, 1, 7, 15, 15, 4, 10, 15, 13, 2, 2, 13, 16, 7, 4, 6, 4, 7, 12, 15, 9, 10, 1, 4, 6, 16, 9, 12, 13, 17, 1, 13, 16, 12, 2, 10, 7, 9, 14, 6, 10, 20, 5, 7, 18, 13, 16, 1, 10, 20, 1, 16, 2, 20, 14, 1, 10, 5, 4, 7, 16, 5, 4, 13, 20, 20, 13, 10, 7, 9, 19, 9, 5, 1, 14, 4, 10, 15, 1, 2, 20, 20, 1, 17, 5, 20, 16, 14, 17, 6, 14, 5, 20, 1, 17, 18, 16, 17, 19, 17, 9, 9, 17, 20, 12, 17, 5, 5, 18, 2, 5, 19, 6, 9, 18, 6, 18, 6, 12, 19, 8, 18, 12, 5, 6, 3, 8, 3, 8, 6, 17, 19, 8, 3, 8, 19, 12, 19, 19, 3, 3, 18, 14, 8, 8, 11, 11, 9, 19, 14, 11, 11, 18, 3, 3, 14, 11, 13, 11, 8, 3, 18, 11, 14, 17, 12, 8, 19, 10, 16, 18, 11, 8, 3, 3, 11, 14, 11]
bestever    1813    in generation 2221
[15, 15, 13, 7, 13, 2, 4, 9, 2, 15, 2, 7, 4, 15, 12, 15, 7, 10, 16, 4, 6, 2, 12, 1, 7, 15, 15, 4, 10, 15, 13, 2, 2, 13, 16, 7, 4, 6, 4, 7, 12, 15, 9, 10, 1, 4, 6, 16, 9, 12, 13, 20, 1, 13, 16, 12, 2, 10, 7, 9, 14, 6, 10, 20, 5, 7, 18, 13, 16, 1, 10, 20, 1, 16, 2, 20, 14, 1, 10, 5, 4, 7, 16, 5, 4, 13, 20, 20, 13, 10, 7, 9, 19, 9, 5, 1, 14, 4, 10, 15, 1, 2, 20, 17, 1, 17, 5, 20, 16, 14, 17, 6, 14, 5, 20, 1, 17, 18, 16, 17, 19, 17, 9, 9, 17, 20, 12, 17, 5, 5, 18, 2, 5, 19, 6, 9, 18, 6, 18, 6, 12, 19, 8, 18, 12, 5, 6, 3, 8, 3, 8, 6, 17, 19, 8, 3, 8, 19, 12, 19, 19, 3, 3, 18, 14, 8, 8, 11, 11, 9, 19, 14, 11, 11, 18, 3, 3, 14, 11, 13, 11, 8, 3, 18, 11, 14, 17, 12, 8, 19, 10, 16, 18, 11, 8, 3, 3, 11, 14, 11]
bestever    1809    in generation 2253
[15, 15, 15, 7, 13, 2, 4, 9, 2, 15, 2, 7, 4, 15, 12, 13, 7, 10, 16, 4, 6, 2, 12, 1, 7, 15, 15, 4, 10, 15, 13, 2, 2, 13, 16, 7, 4, 6, 4, 7, 12, 15, 9, 10, 1, 4, 6, 16, 9, 12, 13, 20, 1, 13, 16, 12, 2, 10, 7, 9, 14, 6, 10, 20, 5, 7, 18, 13, 16, 1, 10, 20, 1, 16, 2, 20, 14, 1, 10, 5, 4, 7, 16, 5, 4, 13, 20, 20, 13, 10, 7, 9, 19, 9, 5, 1, 14, 4, 10, 15, 1, 2, 20, 17, 1, 17, 5, 20, 16, 14, 17, 6, 14, 5, 20, 1, 17, 18, 16, 17, 19, 17, 9, 9, 17, 20, 12, 17, 5, 5, 18, 2, 5, 19, 6, 9, 18, 6, 18, 6, 12, 19, 8, 18, 12, 5, 6, 3, 8, 3, 8, 6, 17, 19, 8, 3, 8, 19, 12, 19, 19, 3, 3, 18, 14, 8, 8, 11, 11, 9, 19, 14, 11, 11, 18, 3, 3, 14, 11, 13, 11, 8, 3, 18, 11, 14, 17, 12, 8, 19, 10, 16, 18, 11, 8, 3, 3, 11, 14, 11]
bestever    1788    in generation 2273
[15, 15, 15, 7, 13, 2, 4, 9, 2, 15, 2, 7, 4, 15, 12, 13, 7, 10, 16, 4, 7, 2, 12, 1, 7, 15, 15, 4, 10, 15, 13, 2, 2, 13, 16, 7, 4, 6, 4, 7, 12, 15, 9, 10, 1, 4, 6, 16, 9, 12, 13, 20, 1, 13, 16, 12, 2, 10, 7, 9, 14, 6, 10, 20, 5, 18, 13, 16, 1, 10, 20, 1, 6, 16, 2, 20, 14, 1, 10, 5, 4, 7, 16, 5, 4, 13, 20, 20, 13, 10, 7, 9, 19, 9, 5, 1, 14, 4, 10, 15, 1, 2, 20, 17, 1, 17, 5, 20, 16, 14, 17, 6, 14, 5, 20, 1, 17, 18, 16, 17, 19, 17, 9, 9, 17, 20, 12, 17, 5, 5, 18, 2, 5, 19, 6, 9, 18, 6, 18, 6, 12, 19, 8, 18, 12, 5, 6, 3, 8, 3, 8, 6, 17, 19, 8, 3, 8, 19, 12, 19, 19, 3, 3, 18, 14, 8, 8, 11, 11, 9, 19, 14, 11, 11, 18, 3, 3, 14, 11, 13, 11, 8, 3, 18, 11, 14, 17, 12, 8, 19, 10, 16, 18, 11, 8, 3, 3, 11, 14, 11]
bestever    1785    in generation 2898
[15, 15, 15, 7, 13, 2, 4, 9, 2, 15, 2, 7, 16, 15, 12, 13, 7, 10, 16, 4, 7, 2, 12, 1, 7, 15, 15, 7, 10, 15, 13, 2, 2, 13, 4, 7, 4, 6, 4, 7, 12, 15, 9, 10, 1, 4, 6, 16, 9, 12, 13, 20, 1, 13, 16, 12, 2, 10, 4, 9, 14, 6, 10, 20, 5, 18, 13, 16, 1, 10, 20, 1, 6, 16, 14, 1, 10, 5, 4, 7, 16, 5, 4, 13, 20, 20, 13, 10, 7, 9, 19, 9, 5, 2, 20, 1, 14, 4, 10, 15, 1, 2, 20, 17, 1, 17, 5, 20, 16, 14, 17, 6, 14, 5, 20, 1, 17, 18, 16, 17, 19, 17, 9, 9, 17, 20, 12, 17, 5, 5, 18, 2, 5, 18, 6, 9, 18, 6, 19, 6, 12, 19, 8, 18, 12, 5, 19, 6, 3, 8, 3, 8, 6, 17, 19, 8, 3, 8, 19, 12, 19, 3, 3, 18, 14, 8, 8, 11, 11, 9, 19, 14, 11, 11, 18, 3, 11, 14, 3, 13, 11, 8, 3, 18, 11, 14, 17, 12, 8, 19, 10, 16, 18, 11, 8, 3, 3, 11, 14, 11]
bestever    1783    in generation 3029
[15, 15, 15, 7, 13, 2, 4, 9, 2, 15, 2, 7, 16, 15, 12, 13, 7, 10, 16, 4, 7, 2, 12, 1, 7, 15, 15, 7, 10, 15, 13, 2, 2, 13, 4, 7, 4, 6, 4, 7, 12, 15, 9, 10, 1, 4, 6, 16, 9, 12, 13, 20, 1, 13, 16, 12, 2, 10, 4, 9, 14, 6, 10, 20, 5, 18, 13, 16, 1, 10, 20, 1, 6, 16, 14, 1, 10, 5, 4, 7, 16, 5, 4, 13, 20, 20, 13, 10, 7, 9, 19, 9, 5, 2, 20, 1, 14, 4, 10, 15, 1, 2, 20, 17, 1, 17, 5, 20, 16, 14, 17, 6, 14, 5, 20, 1, 17, 18, 16, 17, 19, 17, 9, 9, 17, 20, 12, 17, 5, 5, 18, 2, 5, 18, 6, 9, 18, 6, 19, 18, 6, 12, 19, 8, 18, 12, 5, 19, 6, 3, 8, 3, 8, 6, 17, 19, 8, 3, 8, 19, 12, 19, 3, 3, 18, 14, 8, 8, 11, 11, 9, 19, 14, 11, 11, 18, 3, 11, 14, 3, 13, 11, 8, 3, 11, 14, 17, 12, 8, 19, 10, 16, 18, 11, 8, 3, 3, 11, 14, 11]
bestever    1778    in generation 4825
[15, 15, 15, 7, 13, 2, 4, 9, 2, 15, 2, 7, 16, 15, 12, 13, 16, 7, 7, 4, 10, 2, 12, 10, 15, 13, 2, 2, 13, 4, 7, 4, 6, 4, 7, 13, 12, 10, 15, 4, 2, 10, 1, 9, 6, 16, 9, 6, 1, 13, 20, 7, 19, 16, 12, 10, 4, 9, 14, 6, 10, 1, 7, 15, 15, 13, 1, 20, 5, 9, 18, 13, 16, 20, 1, 6, 16, 14, 1, 10, 5, 4, 19, 20, 7, 16, 5, 4, 13, 6, 2, 7, 9, 5, 2, 20, 16, 1, 14, 4, 10, 17, 15, 8, 1, 2, 20, 12, 17, 1, 17, 5, 20, 16, 14, 17, 18, 20, 14, 5, 20, 1, 6, 18, 16, 17, 9, 8, 17, 9, 9, 17, 17, 20, 12, 17, 5, 5, 18, 10, 5, 18, 6, 9, 18, 19, 12, 19, 8, 12, 5, 19, 12, 19, 6, 3, 18, 3, 8, 6, 3, 19, 8, 19, 12, 3, 3, 18, 14, 8, 3, 11, 11, 19, 14, 11, 18, 10, 14, 8, 8, 11, 13, 11, 14, 11, 3, 3, 17, 8, 19, 11, 18, 11, 8, 3, 3, 11, 14, 11]
bestever    1774    in generation 4861
[15, 15, 15, 7, 13, 2, 4, 9, 2, 15, 2, 7, 16, 15, 12, 13, 16, 7, 7, 4, 10, 2, 12, 10, 15, 13, 2, 2, 13, 4, 7, 4, 6, 4, 7, 13, 12, 10, 15, 4, 2, 10, 1, 9, 6, 10, 9, 6, 1, 13, 20, 7, 19, 16, 12, 10, 4, 9, 14, 6, 16, 1, 7, 15, 15, 13, 1, 20, 5, 9, 18, 13, 16, 20, 1, 6, 16, 14, 1, 10, 5, 4, 19, 20, 7, 16, 5, 4, 13, 6, 2, 7, 9, 5, 2, 20, 16, 1, 14, 4, 10, 17, 15, 8, 1, 2, 20, 12, 17, 1, 17, 5, 20, 16, 14, 17, 18, 20, 14, 5, 20, 1, 6, 18, 16, 17, 9, 8, 17, 9, 9, 17, 17, 20, 12, 17, 5, 5, 18, 10, 5, 18, 6, 9, 18, 19, 12, 19, 8, 12, 5, 19, 12, 19, 6, 3, 18, 3, 8, 6, 3, 19, 8, 19, 12, 3, 3, 18, 14, 8, 3, 11, 11, 19, 14, 11, 18, 10, 14, 8, 8, 11, 13, 11, 14, 11, 3, 3, 17, 8, 19, 11, 18, 11, 8, 3, 3, 11, 14, 11]
bestever    1772    in generation 6177
[15, 15, 15, 7, 13, 2, 4, 9, 2, 2, 2, 7, 16, 15, 12, 13, 16, 7, 7, 4, 10, 2, 15, 12, 10, 15, 13, 15, 2, 13, 4, 7, 4, 6, 4, 16, 7, 13, 12, 10, 15, 4, 2, 10, 1, 9, 6, 10, 9, 6, 1, 13, 20, 7, 19, 16, 12, 20, 10, 4, 9, 14, 6, 1, 7, 9, 15, 13, 1, 20, 5, 9, 18, 13, 16, 20, 1, 6, 16, 14, 1, 10, 5, 4, 19, 20, 7, 16, 5, 4, 13, 6, 2, 7, 16, 5, 2, 20, 9, 1, 14, 4, 10, 17, 15, 8, 1, 2, 20, 12, 17, 1, 17, 5, 20, 16, 14, 17, 18, 14, 5, 20, 1, 18, 6, 18, 16, 17, 9, 8, 17, 9, 17, 17, 20, 12, 17, 5, 5, 18, 10, 5, 19, 12, 6, 9, 18, 19, 12, 19, 8, 12, 19, 14, 6, 3, 18, 10, 11, 8, 3, 19, 8, 19, 12, 3, 3, 18, 14, 8, 19, 11, 14, 18, 5, 6, 19, 3, 14, 8, 8, 13, 11, 3, 3, 11, 11, 3, 17, 8, 18, 11, 11, 11, 8, 3, 3, 11, 14, 11]
bestever    1771    in generation 6858
[15, 15, 15, 7, 13, 2, 16, 9, 2, 2, 2, 7, 16, 15, 12, 13, 16, 7, 7, 4, 10, 2, 15, 12, 10, 15, 13, 15, 2, 13, 4, 7, 4, 6, 4, 16, 7, 13, 12, 10, 15, 4, 2, 10, 1, 9, 6, 10, 9, 6, 1, 13, 20, 7, 19, 16, 12, 20, 10, 4, 9, 14, 6, 1, 7, 9, 15, 13, 1, 9, 5, 10, 20, 18, 13, 16, 20, 1, 6, 16, 14, 1, 5, 4, 19, 20, 7, 16, 5, 4, 13, 6, 2, 7, 16, 5, 2, 20, 9, 1, 14, 4, 10, 17, 15, 12, 1, 2, 20, 12, 17, 1, 17, 5, 20, 16, 14, 17, 18, 14, 5, 20, 1, 18, 6, 18, 4, 17, 9, 8, 17, 17, 18, 19, 12, 19, 9, 17, 17, 20, 12, 9, 5, 5, 18, 10, 11, 5, 19, 8, 6, 8, 12, 19, 14, 6, 3, 18, 10, 8, 3, 19, 8, 19, 12, 3, 3, 18, 14, 8, 19, 11, 14, 18, 5, 6, 19, 3, 14, 8, 8, 13, 11, 3, 3, 11, 11, 3, 17, 8, 18, 11, 11, 11, 8, 3, 3, 11, 14, 11]
bestever    1763    in generation 6865
[15, 15, 15, 7, 13, 2, 16, 9, 2, 2, 2, 7, 16, 15, 12, 13, 16, 7, 7, 4, 10, 2, 15, 12, 10, 15, 13, 15, 2, 13, 4, 7, 4, 6, 4, 16, 7, 13, 12, 10, 15, 4, 2, 10, 1, 9, 6, 10, 9, 6, 1, 13, 20, 7, 19, 16, 12, 20, 10, 4, 9, 14, 6, 1, 7, 9, 15, 13, 1, 9, 5, 10, 20, 18, 13, 16, 20, 1, 6, 16, 14, 1, 5, 4, 19, 20, 7, 16, 5, 4, 13, 6, 1, 7, 16, 5, 2, 20, 9, 1, 14, 4, 10, 17, 15, 12, 1, 2, 20, 12, 17, 1, 17, 5, 20, 16, 14, 17, 18, 14, 5, 20, 2, 18, 6, 18, 4, 17, 9, 8, 17, 17, 18, 19, 12, 19, 9, 17, 17, 20, 12, 9, 5, 5, 18, 10, 11, 5, 19, 8, 6, 8, 12, 19, 14, 6, 3, 18, 10, 8, 3, 19, 8, 19, 12, 3, 3, 18, 14, 8, 19, 11, 14, 18, 5, 6, 19, 3, 14, 8, 8, 13, 11, 3, 3, 11, 11, 3, 17, 8, 18, 11, 11, 11, 8, 3, 3, 11, 14, 11]
bestever    1762    in generation 6911
[15, 15, 15, 7, 13, 2, 16, 9, 2, 2, 2, 7, 16, 15, 12, 13, 16, 7, 7, 4, 10, 2, 4, 12, 10, 15, 13, 15, 2, 13, 15, 7, 4, 6, 4, 16, 7, 13, 12, 10, 15, 4, 2, 10, 1, 9, 6, 10, 9, 6, 1, 13, 20, 7, 19, 16, 12, 20, 10, 4, 9, 14, 6, 1, 7, 9, 15, 13, 1, 9, 5, 10, 20, 18, 13, 16, 20, 1, 6, 16, 14, 1, 5, 4, 19, 20, 7, 16, 5, 4, 13, 6, 1, 7, 16, 5, 2, 20, 9, 1, 14, 4, 10, 17, 15, 12, 1, 2, 20, 12, 17, 1, 17, 5, 20, 16, 14, 17, 18, 14, 5, 20, 2, 18, 6, 18, 4, 17, 9, 8, 17, 17, 18, 19, 12, 19, 9, 17, 17, 20, 12, 9, 5, 5, 18, 10, 11, 5, 19, 8, 6, 8, 12, 19, 14, 6, 3, 18, 10, 8, 3, 19, 8, 19, 12, 3, 3, 18, 14, 8, 19, 11, 14, 18, 5, 6, 19, 3, 14, 8, 8, 13, 11, 3, 3, 11, 11, 3, 17, 8, 18, 11, 11, 11, 8, 3, 3, 11, 14, 11]
bestever    1753    in generation 7006
[15, 15, 15, 7, 13, 2, 16, 9, 2, 2, 2, 7, 16, 15, 12, 13, 16, 7, 7, 4, 10, 2, 4, 12, 10, 15, 13, 15, 2, 13, 15, 7, 4, 6, 4, 16, 7, 13, 12, 10, 15, 4, 2, 10, 1, 9, 6, 10, 9, 6, 1, 13, 20, 7, 19, 5, 12, 20, 10, 4, 9, 14, 6, 1, 7, 9, 15, 13, 1, 9, 5, 10, 20, 18, 13, 16, 20, 1, 6, 16, 14, 1, 16, 4, 19, 20, 7, 16, 5, 4, 13, 6, 1, 7, 16, 5, 2, 20, 9, 1, 14, 4, 10, 17, 15, 12, 1, 2, 20, 12, 17, 1, 17, 5, 20, 16, 14, 17, 18, 14, 5, 20, 2, 18, 6, 18, 4, 17, 9, 8, 17, 17, 18, 19, 12, 19, 9, 17, 17, 20, 12, 9, 5, 5, 18, 10, 11, 5, 19, 8, 6, 8, 12, 19, 14, 6, 3, 18, 10, 8, 3, 19, 8, 19, 12, 3, 18, 14, 8, 19, 18, 5, 6, 19, 14, 3, 3, 11, 14, 8, 8, 13, 11, 3, 3, 11, 11, 3, 17, 8, 18, 11, 11, 11, 8, 3, 3, 11, 14, 11]
bestever    1752    in generation 7042
[15, 15, 15, 7, 13, 2, 16, 9, 2, 2, 2, 7, 16, 15, 12, 13, 16, 7, 7, 4, 10, 2, 4, 12, 10, 15, 13, 15, 2, 13, 15, 7, 4, 6, 4, 16, 7, 13, 12, 10, 15, 4, 2, 10, 1, 9, 6, 10, 9, 6, 1, 13, 20, 7, 19, 5, 12, 20, 10, 4, 9, 14, 6, 1, 7, 9, 15, 13, 1, 9, 5, 10, 20, 18, 13, 16, 20, 1, 6, 16, 14, 1, 16, 4, 19, 20, 7, 16, 5, 4, 13, 6, 1, 7, 16, 5, 14, 20, 9, 1, 14, 4, 10, 17, 15, 12, 1, 2, 20, 12, 17, 1, 17, 5, 20, 16, 2, 17, 18, 14, 5, 20, 2, 18, 6, 18, 4, 17, 9, 8, 17, 17, 18, 19, 12, 19, 9, 17, 17, 20, 12, 9, 5, 5, 18, 10, 11, 5, 19, 8, 6, 8, 12, 19, 14, 6, 3, 18, 10, 8, 3, 19, 8, 19, 12, 3, 18, 14, 8, 19, 18, 5, 6, 19, 14, 3, 3, 11, 14, 8, 8, 13, 11, 3, 3, 11, 11, 3, 17, 8, 18, 11, 11, 11, 8, 3, 3, 11, 14, 11]
bestever    1750    in generation 7139
[15, 15, 15, 7, 13, 2, 16, 9, 2, 2, 2, 7, 16, 15, 12, 13, 16, 7, 7, 4, 10, 2, 4, 12, 10, 15, 13, 15, 2, 13, 15, 7, 4, 6, 4, 16, 7, 13, 12, 10, 15, 4, 2, 10, 1, 9, 6, 10, 9, 6, 1, 13, 20, 7, 19, 5, 12, 20, 10, 4, 9, 14, 6, 1, 7, 16, 15, 13, 1, 9, 5, 10, 20, 18, 13, 16, 20, 1, 6, 16, 14, 1, 9, 4, 19, 20, 7, 16, 5, 4, 13, 6, 1, 7, 16, 5, 14, 20, 9, 1, 14, 4, 10, 17, 15, 12, 1, 2, 20, 12, 17, 1, 17, 5, 20, 16, 2, 17, 18, 14, 5, 20, 2, 18, 6, 18, 4, 17, 9, 8, 17, 17, 18, 19, 12, 19, 9, 17, 17, 20, 12, 9, 5, 5, 18, 10, 11, 5, 19, 8, 6, 8, 12, 19, 14, 6, 3, 18, 10, 8, 3, 19, 8, 19, 12, 3, 18, 14, 8, 19, 18, 5, 6, 19, 14, 3, 3, 11, 14, 8, 8, 13, 11, 3, 3, 3, 17, 8, 11, 11, 18, 11, 11, 11, 8, 3, 3, 11, 14, 11]
bestever    1748    in generation 8294
[15, 15, 15, 7, 13, 2, 16, 9, 2, 2, 2, 7, 16, 15, 12, 13, 16, 7, 7, 4, 10, 15, 4, 12, 10, 15, 13, 2, 2, 13, 15, 7, 4, 20, 6, 4, 16, 7, 13, 12, 10, 15, 4, 2, 10, 1, 9, 6, 10, 9, 6, 2, 13, 20, 7, 19, 5, 12, 20, 10, 4, 9, 14, 6, 1, 7, 16, 15, 13, 1, 9, 5, 10, 20, 18, 13, 16, 20, 1, 6, 16, 14, 1, 9, 4, 19, 20, 7, 16, 5, 4, 13, 6, 1, 7, 16, 5, 14, 9, 1, 14, 20, 16, 10, 17, 15, 12, 4, 1, 2, 12, 17, 1, 11, 17, 5, 20, 2, 17, 18, 14, 5, 20, 1, 18, 6, 11, 18, 4, 17, 9, 3, 17, 17, 18, 19, 12, 19, 9, 17, 17, 20, 12, 9, 5, 5, 18, 10, 8, 5, 19, 8, 6, 8, 12, 19, 14, 6, 3, 18, 10, 8, 3, 19, 8, 19, 12, 18, 14, 8, 8, 19, 18, 5, 6, 3, 14, 14, 3, 8, 11, 11, 3, 3, 11, 13, 19, 3, 17, 8, 18, 11, 11, 11, 8, 3, 3, 11, 14, 11]
bestever    1746    in generation 8456
[15, 15, 15, 15, 7, 13, 2, 16, 9, 2, 2, 2, 7, 16, 15, 12, 13, 16, 7, 7, 4, 10, 15, 4, 12, 10, 15, 13, 15, 2, 2, 13, 7, 4, 20, 6, 4, 16, 7, 13, 12, 10, 15, 4, 2, 10, 1, 9, 6, 10, 9, 6, 2, 13, 20, 7, 19, 5, 12, 20, 10, 14, 9, 4, 6, 1, 7, 16, 13, 1, 9, 5, 10, 20, 18, 13, 16, 20, 1, 6, 16, 14, 1, 9, 4, 19, 20, 7, 16, 5, 4, 13, 6, 1, 7, 16, 5, 14, 9, 1, 14, 20, 16, 10, 17, 15, 12, 4, 1, 2, 12, 17, 1, 11, 17, 5, 20, 2, 17, 18, 14, 5, 20, 1, 18, 6, 11, 18, 4, 17, 9, 3, 17, 17, 18, 19, 12, 19, 9, 17, 17, 20, 12, 9, 5, 5, 18, 10, 8, 5, 19, 8, 6, 8, 12, 19, 14, 6, 3, 18, 10, 8, 3, 19, 8, 19, 12, 18, 14, 8, 8, 19, 18, 5, 6, 3, 14, 14, 3, 8, 11, 11, 3, 3, 11, 13, 19, 3, 17, 8, 18, 11, 11, 11, 8, 3, 3, 11, 14, 11]
bestever    1738    in generation 8532
[15, 15, 15, 15, 7, 13, 2, 16, 9, 2, 2, 2, 7, 16, 15, 12, 13, 16, 7, 7, 4, 10, 15, 4, 12, 10, 6, 13, 15, 2, 2, 13, 7, 4, 20, 15, 4, 16, 7, 13, 12, 10, 15, 4, 2, 10, 1, 9, 6, 10, 9, 6, 2, 13, 5, 7, 19, 20, 12, 20, 10, 14, 9, 4, 6, 1, 7, 16, 13, 1, 9, 5, 10, 20, 18, 13, 16, 20, 1, 6, 16, 14, 1, 9, 4, 19, 20, 7, 16, 5, 4, 13, 6, 1, 7, 16, 5, 14, 9, 1, 14, 20, 16, 10, 17, 15, 12, 4, 1, 2, 12, 17, 1, 11, 17, 5, 20, 2, 17, 18, 14, 5, 20, 1, 18, 6, 11, 18, 4, 17, 9, 3, 17, 17, 18, 19, 12, 19, 9, 17, 17, 20, 12, 9, 5, 5, 18, 10, 8, 5, 19, 8, 6, 8, 12, 19, 14, 6, 3, 18, 10, 8, 3, 19, 8, 19, 12, 18, 14, 8, 8, 19, 18, 5, 6, 3, 14, 14, 3, 8, 11, 11, 3, 3, 11, 13, 19, 3, 17, 8, 18, 11, 11, 11, 8, 3, 3, 11, 14, 11]
bestever    1732    in generation 9564
[15, 15, 15, 15, 7, 13, 2, 16, 9, 2, 2, 2, 12, 7, 16, 15, 13, 7, 16, 7, 7, 4, 10, 15, 4, 12, 10, 7, 6, 13, 15, 2, 2, 13, 4, 20, 15, 4, 16, 13, 7, 12, 10, 15, 4, 2, 10, 1, 9, 6, 10, 9, 6, 2, 13, 5, 7, 19, 20, 12, 20, 10, 14, 9, 4, 6, 1, 7, 16, 13, 1, 9, 5, 10, 20, 18, 13, 16, 20, 1, 6, 16, 14, 1, 9, 4, 19, 20, 7, 16, 5, 4, 13, 6, 1, 16, 5, 14, 9, 1, 14, 20, 16, 10, 17, 15, 12, 4, 1, 2, 12, 17, 1, 17, 3, 5, 20, 2, 17, 18, 8, 14, 5, 20, 1, 18, 6, 18, 4, 17, 9, 3, 17, 18, 18, 19, 12, 19, 9, 19, 17, 20, 12, 9, 5, 5, 18, 10, 8, 5, 19, 6, 8, 12, 8, 14, 8, 3, 18, 10, 8, 3, 19, 3, 19, 12, 17, 19, 6, 14, 11, 19, 18, 5, 6, 8, 14, 14, 3, 8, 11, 11, 11, 3, 11, 13, 17, 3, 11, 8, 18, 11, 11, 17, 8, 3, 3, 11, 14, 11]
