bestever    11767    in generation 0
[3, 9, 6, 9, 4, 8, 6, 1, 3, 4, 6, 9, 9, 1, 7, 4, 10, 4, 8, 5, 3, 9, 8, 6, 1, 5, 9, 7, 6, 4, 5, 8, 3, 8, 7, 5, 3, 6, 10, 7, 2, 2, 2, 8, 5, 5, 2, 1, 2, 7, 10, 3, 1, 10, 4, 2, 1, 7, 10, 10]
bestever    10919    in generation 2
[4, 3, 6, 3, 2, 2, 4, 3, 4, 5, 2, 1, 6, 1, 10, 5, 10, 7, 1, 5, 4, 1, 5, 6, 6, 9, 9, 3, 8, 2, 10, 8, 8, 9, 4, 10, 7, 6, 9, 3, 7, 3, 10, 6, 1, 7, 8, 2, 10, 8, 1, 7, 4, 9, 8, 5, 2, 7, 5, 9]
bestever    10712    in generation 7
[3, 1, 4, 1, 9, 4, 6, 3, 9, 4, 6, 3, 9, 3, 10, 4, 6, 9, 3, 6, 2, 7, 8, 7, 7, 10, 7, 6, 10, 1, 10, 8, 8, 9, 4, 10, 9, 10, 7, 6, 1, 8, 8, 1, 4, 8, 5, 2, 5, 1, 7, 5, 3, 2, 2, 5, 2, 5, 2, 5]
bestever    10466    in generation 10
[7, 6, 10, 6, 7, 2, 3, 5, 10, 6, 3, 4, 1, 6, 4, 9, 7, 7, 9, 10, 7, 10, 10, 9, 10, 6, 9, 3, 1, 4, 1, 5, 9, 9, 2, 3, 7, 3, 5, 3, 5, 2, 5, 5, 1, 1, 2, 4, 1, 2, 8, 4, 8, 8, 6, 2, 8, 4, 8, 8]
bestever    10211    in generation 13
[7, 6, 10, 6, 7, 2, 3, 10, 6, 3, 4, 1, 6, 4, 9, 7, 7, 9, 10, 7, 10, 10, 9, 10, 6, 9, 3, 1, 4, 1, 5, 9, 9, 2, 3, 7, 5, 3, 5, 3, 5, 2, 5, 5, 1, 1, 2, 4, 1, 2, 8, 4, 8, 8, 6, 2, 8, 4, 8, 8]
bestever    9887    in generation 14
[7, 6, 10, 6, 7, 3, 10, 6, 6, 9, 7, 7, 10, 7, 10, 10, 9, 3, 5, 4, 1, 2, 4, 9, 10, 6, 9, 3, 1, 4, 1, 5, 9, 9, 2, 3, 7, 3, 5, 3, 5, 2, 5, 5, 1, 1, 2, 4, 1, 2, 8, 4, 8, 8, 6, 2, 8, 4, 8, 8]
bestever    9683    in generation 22
[7, 6, 10, 6, 7, 3, 10, 6, 6, 9, 7, 7, 10, 7, 10, 10, 9, 3, 5, 1, 2, 4, 9, 10, 6, 9, 3, 1, 4, 1, 5, 9, 9, 2, 3, 7, 3, 5, 3, 5, 5, 5, 1, 2, 4, 1, 2, 4, 1, 2, 8, 4, 8, 8, 6, 2, 8, 4, 8, 8]
bestever    9469    in generation 37
[6, 7, 10, 6, 7, 3, 10, 6, 6, 9, 7, 7, 10, 7, 10, 10, 9, 3, 5, 1, 2, 4, 9, 10, 6, 9, 3, 1, 4, 1, 5, 9, 9, 2, 3, 7, 3, 5, 3, 5, 5, 5, 1, 2, 4, 1, 2, 4, 1, 2, 8, 4, 8, 8, 6, 2, 8, 4, 8, 8]
bestever    9323    in generation 85
[6, 7, 10, 6, 7, 3, 10, 6, 6, 9, 7, 7, 10, 7, 10, 10, 3, 5, 1, 2, 4, 10, 9, 9, 6, 9, 3, 1, 4, 1, 5, 9, 9, 2, 3, 7, 3, 5, 3, 5, 5, 5, 1, 2, 4, 1, 2, 4, 1, 2, 8, 4, 8, 8, 6, 2, 8, 4, 8, 8]
bestever    9283    in generation 187
[6, 7, 3, 9, 1, 2, 4, 10, 5, 8, 6, 7, 3, 9, 1, 2, 5, 10, 4, 8, 6, 7, 9, 3, 1, 5, 2, 10, 4, 8, 7, 6, 9, 3, 5, 1, 10, 2, 4, 8, 6, 9, 7, 3, 5, 10, 1, 2, 4, 8, 6, 9, 7, 3, 5, 10, 1, 2, 4, 8]
bestever    9136    in generation 200
[6, 7, 3, 9, 1, 2, 6, 7, 3, 9, 5, 10, 1, 2, 4, 8, 5, 10, 4, 8, 6, 7, 9, 3, 1, 5, 2, 10, 4, 8, 7, 6, 9, 3, 5, 1, 10, 2, 4, 8, 6, 9, 7, 3, 5, 10, 1, 2, 4, 8, 6, 9, 7, 3, 5, 10, 1, 2, 4, 8]
bestever    9005    in generation 201
[6, 7, 3, 9, 1, 2, 6, 7, 3, 9, 5, 10, 1, 2, 4, 8, 5, 10, 4, 8, 6, 7, 9, 3, 1, 5, 10, 7, 2, 4, 8, 6, 9, 3, 5, 1, 10, 2, 4, 8, 6, 9, 7, 3, 5, 10, 1, 2, 4, 8, 6, 9, 7, 3, 5, 10, 1, 2, 4, 8]
bestever    8865    in generation 203
[7, 7, 6, 9, 3, 1, 5, 2, 10, 4, 8, 7, 6, 9, 3, 5, 1, 10, 2, 4, 8, 7, 6, 9, 3, 5, 1, 10, 2, 4, 8, 6, 9, 3, 5, 1, 10, 2, 4, 8, 6, 9, 7, 3, 5, 10, 1, 2, 4, 8, 6, 9, 7, 3, 5, 10, 1, 2, 4, 8]
bestever    8548    in generation 213
[6, 9, 3, 1, 5, 2, 10, 4, 8, 7, 6, 9, 3, 5, 1, 10, 2, 4, 8, 7, 6, 9, 3, 9, 3, 5, 1, 10, 2, 4, 8, 6, 9, 3, 5, 1, 10, 2, 4, 8, 6, 9, 7, 3, 5, 10, 1, 2, 4, 8, 6, 7, 5, 10, 1, 2, 4, 8, 7, 7]
bestever    8499    in generation 217
[6, 9, 3, 1, 5, 2, 10, 4, 8, 6, 9, 3, 5, 1, 10, 2, 4, 8, 6, 9, 3, 9, 3, 5, 1, 10, 2, 4, 8, 6, 9, 3, 6, 7, 5, 10, 1, 2, 4, 8, 7, 9, 7, 3, 5, 10, 1, 2, 4, 8, 6, 7, 5, 10, 1, 2, 4, 8, 7, 7]
bestever    8412    in generation 218
[6, 9, 3, 1, 5, 2, 10, 4, 8, 7, 6, 9, 3, 5, 1, 10, 2, 4, 8, 6, 9, 3, 5, 1, 10, 2, 4, 8, 6, 9, 3, 5, 9, 3, 1, 10, 2, 4, 8, 6, 9, 7, 7, 3, 5, 10, 1, 2, 4, 8, 6, 7, 5, 10, 1, 2, 4, 8, 7, 7]
bestever    8306    in generation 242
[4, 9, 3, 1, 5, 2, 10, 4, 8, 7, 6, 9, 3, 5, 1, 10, 2, 4, 8, 6, 9, 3, 5, 1, 10, 2, 4, 8, 6, 9, 3, 5, 9, 3, 1, 10, 2, 4, 8, 6, 9, 7, 7, 3, 5, 10, 1, 2, 4, 8, 6, 7, 5, 10, 1, 2, 6, 8, 7, 7]
bestever    8276    in generation 317
[4, 9, 3, 5, 1, 2, 4, 10, 8, 6, 9, 3, 5, 1, 10, 2, 4, 8, 6, 9, 3, 5, 1, 10, 2, 4, 7, 8, 6, 9, 3, 5, 9, 3, 1, 10, 2, 4, 8, 6, 9, 7, 3, 5, 10, 1, 2, 4, 8, 6, 7, 7, 5, 10, 1, 2, 6, 8, 7, 7]
bestever    8170    in generation 420
[4, 3, 5, 9, 1, 2, 10, 8, 6, 7, 4, 3, 5, 9, 1, 10, 2, 8, 6, 7, 4, 3, 5, 9, 1, 10, 2, 8, 6, 7, 4, 3, 5, 9, 10, 1, 2, 8, 6, 7, 3, 4, 9, 5, 10, 2, 1, 8, 6, 7, 3, 4, 9, 5, 10, 1, 2, 8, 6, 7]
bestever    8084    in generation 429
[4, 3, 5, 9, 1, 4, 3, 5, 9, 1, 10, 2, 8, 6, 7, 4, 3, 5, 9, 10, 1, 2, 8, 6, 7, 10, 2, 8, 6, 7, 4, 3, 5, 9, 10, 1, 2, 8, 6, 7, 3, 4, 9, 5, 10, 2, 1, 8, 6, 7, 3, 4, 9, 5, 10, 1, 2, 8, 6, 7]
bestever    8058    in generation 478
[4, 5, 9, 1, 4, 3, 5, 9, 4, 3, 10, 2, 1, 8, 6, 7, 5, 9, 10, 2, 8, 6, 5, 3, 4, 3, 9, 1, 10, 2, 8, 6, 10, 2, 1, 8, 3, 6, 7, 4, 5, 7, 3, 4, 5, 9, 9, 10, 2, 1, 8, 7, 6, 7, 10, 2, 1, 8, 6, 7]
bestever    8054    in generation 587
[4, 5, 9, 1, 3, 10, 2, 6, 8, 7, 4, 5, 9, 3, 1, 10, 2, 6, 8, 7, 4, 5, 9, 3, 1, 10, 2, 6, 8, 7, 5, 4, 3, 9, 10, 2, 1, 6, 8, 7, 3, 4, 5, 9, 10, 2, 1, 6, 8, 7, 3, 4, 5, 9, 10, 2, 1, 6, 8, 7]
bestever    8047    in generation 705
[4, 5, 3, 1, 10, 2, 6, 9, 8, 7, 4, 5, 3, 1, 10, 2, 6, 9, 8, 7, 4, 5, 3, 1, 10, 2, 6, 9, 8, 7, 5, 4, 3, 1, 10, 2, 6, 9, 8, 7, 4, 5, 1, 3, 10, 2, 6, 9, 8, 7, 4, 5, 3, 1, 10, 2, 6, 9, 8, 7]
bestever    7994    in generation 731
[4, 5, 3, 1, 10, 2, 6, 9, 4, 5, 3, 1, 10, 2, 4, 7, 4, 5, 1, 3, 10, 6, 9, 8, 7, 5, 4, 3, 1, 10, 2, 6, 9, 8, 7, 2, 6, 9, 8, 7, 4, 5, 3, 1, 5, 1, 3, 10, 2, 6, 9, 8, 7, 10, 2, 6, 9, 8, 8, 7]
bestever    7955    in generation 774
[1, 4, 5, 3, 1, 10, 2, 4, 5, 3, 6, 9, 10, 2, 4, 7, 4, 5, 1, 3, 10, 6, 9, 8, 7, 5, 4, 3, 1, 10, 2, 6, 9, 8, 7, 2, 6, 9, 4, 5, 3, 1, 5, 1, 3, 10, 2, 8, 7, 6, 9, 8, 7, 10, 2, 6, 9, 8, 8, 7]
bestever    7880    in generation 827
[4, 5, 3, 1, 10, 2, 4, 5, 1, 3, 6, 9, 10, 2, 4, 7, 4, 5, 1, 3, 10, 6, 9, 7, 5, 4, 3, 1, 10, 2, 6, 9, 2, 4, 5, 3, 1, 5, 1, 3, 10, 2, 8, 6, 9, 8, 7, 8, 7, 6, 9, 8, 7, 10, 2, 8, 6, 9, 8, 7]
bestever    7865    in generation 933
[4, 5, 3, 1, 10, 6, 2, 9, 7, 8, 4, 5, 1, 3, 10, 6, 2, 9, 7, 8, 4, 5, 1, 3, 10, 6, 2, 9, 7, 8, 4, 5, 3, 1, 10, 6, 2, 9, 7, 8, 4, 5, 3, 1, 10, 6, 2, 9, 7, 8, 4, 5, 1, 3, 10, 6, 2, 9, 7, 8]
bestever    7862    in generation 937
[4, 5, 4, 1, 5, 3, 10, 2, 6, 9, 7, 8, 1, 3, 10, 6, 2, 9, 7, 8, 4, 5, 1, 3, 10, 6, 2, 9, 7, 8, 4, 5, 3, 1, 10, 6, 2, 9, 7, 8, 4, 5, 3, 1, 10, 6, 2, 9, 7, 8, 4, 5, 1, 3, 10, 6, 2, 9, 7, 8]
bestever    7821    in generation 1052
[4, 5, 1, 3, 10, 2, 6, 7, 9, 8, 4, 5, 1, 3, 10, 6, 2, 7, 9, 8, 4, 5, 1, 3, 10, 6, 2, 7, 9, 8, 4, 5, 1, 3, 6, 10, 2, 7, 9, 8, 4, 1, 5, 3, 6, 10, 2, 7, 9, 8, 4, 5, 3, 1, 6, 10, 2, 7, 9, 8]
bestever    7767    in generation 1946
[5, 3, 4, 1, 10, 2, 8, 6, 9, 7, 5, 4, 3, 1, 10, 2, 8, 6, 9, 7, 5, 4, 3, 1, 10, 2, 8, 6, 9, 7, 5, 4, 3, 1, 10, 2, 8, 6, 9, 7, 4, 3, 5, 1, 10, 2, 8, 6, 9, 7, 4, 5, 3, 1, 10, 2, 8, 6, 9, 7]
bestever    7720    in generation 3521
[4, 5, 2, 1, 3, 8, 6, 10, 9, 7, 4, 5, 2, 1, 3, 8, 6, 10, 9, 7, 4, 5, 2, 1, 3, 8, 6, 10, 9, 7, 4, 5, 2, 1, 3, 8, 6, 10, 9, 7, 4, 5, 2, 1, 3, 8, 6, 10, 9, 7, 4, 5, 2, 1, 3, 8, 6, 10, 9, 7]
