bestever    3344    in generation 0
[4, 15, 9, 19, 16, 20, 2, 16, 4, 7, 16, 9, 17, 7, 8, 10, 7, 3, 13, 19, 15, 10, 14, 16, 14, 16, 12, 15, 10, 10, 3, 6, 6, 19, 19, 12, 18, 13, 7, 9, 11, 18, 1, 19, 7, 1, 7, 10, 7, 14, 15, 14, 3, 2, 3, 4, 1, 4, 7, 9, 12, 18, 1, 5, 9, 10, 2, 20, 8, 9, 4, 7, 12, 4, 19, 13, 8, 11, 16, 4, 6, 6, 20, 13, 16, 20, 20, 9, 2, 13, 19, 2, 19, 11, 12, 10, 14, 18, 10, 20, 4, 1, 2, 3, 8, 8, 11, 5, 18, 9, 1, 17, 3, 2, 8, 4, 15, 8, 11, 5, 14, 20, 18, 9, 10, 1, 16, 12, 11, 10, 5, 20, 2, 19, 1, 18, 14, 3, 6, 9, 1, 5, 16, 15, 15, 17, 15, 13, 17, 13, 15, 14, 18, 17, 16, 3, 2, 17, 7, 20, 17, 3, 13, 12, 14, 5, 5, 13, 17, 11, 11, 2, 12, 4, 6, 6, 12, 19, 6, 14, 11, 12, 8, 20, 8, 11, 5, 18, 8, 15, 3, 5, 17, 6, 18, 5, 17, 13, 6, 1]
bestever    3213    in generation 2
[19, 2, 10, 12, 13, 3, 20, 17, 5, 14, 19, 16, 2, 10, 7, 6, 9, 7, 13, 3, 20, 17, 9, 20, 16, 19, 9, 12, 2, 18, 1, 7, 19, 14, 18, 13, 8, 4, 3, 10, 5, 1, 13, 16, 10, 4, 6, 12, 19, 17, 19, 10, 20, 17, 7, 19, 4, 18, 6, 2, 13, 10, 10, 10, 7, 13, 1, 20, 12, 17, 13, 3, 14, 16, 6, 8, 12, 15, 1, 17, 15, 9, 17, 16, 15, 20, 5, 3, 8, 3, 17, 12, 7, 14, 10, 16, 15, 8, 9, 5, 1, 6, 9, 11, 9, 1, 20, 9, 11, 2, 7, 17, 7, 16, 2, 20, 5, 18, 1, 8, 4, 11, 20, 14, 12, 9, 20, 6, 8, 16, 6, 3, 16, 12, 3, 18, 3, 19, 1, 15, 7, 2, 14, 18, 2, 9, 7, 4, 17, 4, 6, 15, 14, 14, 1, 6, 15, 11, 18, 2, 13, 12, 6, 5, 14, 4, 4, 2, 11, 8, 18, 14, 16, 3, 19, 15, 19, 15, 12, 11, 5, 8, 13, 4, 5, 13, 18, 10, 8, 1, 11, 4, 5, 5, 11, 11, 11, 18, 8, 15]
bestever    3142    in generation 3
[18, 19, 3, 14, 16, 8, 15, 19, 2, 19, 16, 2, 10, 7, 6, 9, 7, 13, 3, 20, 17, 9, 20, 16, 19, 9, 12, 2, 18, 1, 7, 19, 14, 18, 13, 8, 4, 3, 10, 5, 1, 13, 16, 10, 4, 6, 12, 19, 17, 19, 10, 20, 17, 7, 18, 6, 2, 13, 10, 10, 10, 7, 1, 20, 12, 17, 3, 14, 16, 6, 8, 12, 15, 1, 17, 15, 9, 17, 16, 20, 5, 3, 8, 3, 17, 12, 7, 14, 16, 8, 9, 5, 1, 6, 9, 9, 1, 20, 9, 2, 7, 7, 16, 20, 5, 8, 20, 14, 9, 20, 6, 16, 3, 19, 17, 15, 1, 15, 11, 2, 13, 5, 4, 4, 12, 11, 13, 18, 10, 8, 11, 3, 16, 12, 6, 18, 3, 19, 1, 15, 7, 2, 14, 18, 2, 9, 7, 4, 17, 4, 6, 15, 14, 14, 1, 6, 15, 11, 18, 2, 13, 12, 6, 5, 14, 4, 4, 12, 11, 13, 8, 18, 10, 8, 14, 11, 20, 12, 4, 3, 1, 19, 15, 5, 15, 5, 13, 5, 13, 18, 2, 10, 8, 11, 4, 5, 11, 17, 11, 11]
bestever    3128    in generation 4
[18, 19, 3, 14, 16, 8, 15, 19, 2, 19, 16, 2, 10, 7, 6, 9, 7, 13, 3, 20, 17, 9, 20, 16, 19, 9, 12, 2, 18, 1, 7, 19, 14, 18, 13, 8, 4, 3, 10, 5, 1, 13, 16, 10, 4, 6, 12, 19, 17, 19, 10, 20, 17, 7, 4, 18, 6, 2, 13, 10, 10, 10, 7, 13, 1, 20, 12, 17, 3, 14, 16, 6, 8, 12, 15, 1, 17, 15, 9, 17, 16, 15, 20, 3, 8, 3, 17, 12, 7, 14, 10, 16, 8, 9, 1, 6, 9, 9, 1, 20, 9, 2, 7, 17, 7, 16, 20, 1, 11, 20, 14, 12, 9, 20, 6, 16, 3, 3, 12, 6, 11, 18, 12, 5, 11, 13, 8, 18, 10, 8, 11, 20, 4, 1, 5, 15, 3, 19, 1, 15, 7, 2, 14, 18, 2, 9, 7, 4, 17, 4, 6, 15, 14, 14, 1, 6, 15, 11, 18, 2, 13, 12, 6, 5, 14, 4, 4, 2, 11, 8, 18, 14, 16, 3, 19, 15, 19, 15, 12, 11, 5, 8, 13, 4, 5, 5, 13, 5, 13, 18, 2, 10, 8, 11, 4, 5, 5, 11, 17, 11]
bestever    3101    in generation 5
[19, 3, 14, 16, 8, 19, 2, 19, 16, 2, 10, 7, 6, 9, 7, 13, 3, 20, 17, 9, 20, 16, 19, 9, 12, 2, 18, 1, 7, 19, 14, 13, 4, 3, 10, 5, 1, 13, 10, 4, 6, 12, 17, 10, 20, 13, 12, 5, 15, 17, 19, 10, 20, 17, 7, 19, 4, 18, 6, 2, 13, 10, 10, 10, 7, 13, 1, 20, 12, 17, 13, 3, 14, 16, 6, 8, 12, 15, 1, 17, 15, 9, 17, 16, 15, 20, 5, 3, 8, 3, 17, 12, 7, 14, 10, 16, 15, 8, 9, 5, 1, 6, 9, 11, 9, 1, 20, 9, 11, 2, 7, 17, 7, 16, 2, 20, 5, 18, 1, 8, 4, 11, 20, 14, 12, 9, 20, 6, 8, 16, 6, 3, 16, 12, 3, 18, 3, 19, 1, 15, 7, 2, 14, 18, 2, 9, 7, 4, 17, 4, 6, 15, 14, 14, 1, 6, 15, 11, 18, 2, 13, 12, 6, 5, 14, 4, 4, 2, 11, 8, 18, 14, 16, 3, 19, 15, 19, 15, 12, 11, 5, 8, 13, 4, 5, 13, 18, 10, 8, 1, 11, 4, 5, 5, 11, 11, 11, 18, 8, 18]
bestever    3092    in generation 6
[18, 19, 3, 14, 16, 8, 15, 19, 2, 19, 16, 2, 10, 7, 6, 9, 7, 13, 3, 20, 17, 9, 20, 16, 19, 9, 12, 2, 18, 1, 7, 19, 14, 18, 13, 8, 4, 3, 10, 5, 1, 13, 16, 10, 4, 6, 12, 19, 17, 19, 10, 20, 17, 7, 4, 18, 6, 2, 13, 10, 10, 10, 7, 13, 1, 20, 12, 17, 3, 14, 16, 6, 8, 12, 15, 1, 17, 15, 9, 17, 16, 15, 20, 3, 8, 3, 17, 12, 7, 14, 10, 16, 8, 9, 1, 6, 9, 9, 1, 20, 9, 2, 7, 17, 7, 16, 20, 1, 11, 20, 14, 12, 9, 20, 6, 16, 3, 3, 12, 6, 11, 18, 12, 5, 11, 13, 8, 18, 10, 8, 11, 20, 4, 1, 5, 15, 3, 19, 1, 15, 7, 2, 14, 18, 2, 9, 7, 4, 17, 4, 6, 15, 14, 14, 1, 6, 15, 11, 18, 2, 13, 19, 6, 5, 14, 4, 4, 2, 11, 8, 18, 14, 16, 3, 12, 15, 19, 15, 12, 11, 5, 8, 13, 4, 5, 5, 13, 5, 13, 18, 2, 10, 8, 11, 4, 5, 5, 11, 17, 11]
bestever    3009    in generation 7
[18, 19, 3, 14, 16, 8, 16, 19, 2, 19, 16, 2, 10, 7, 6, 9, 7, 13, 3, 20, 17, 9, 20, 16, 19, 9, 12, 2, 18, 1, 7, 19, 14, 18, 13, 8, 4, 3, 10, 5, 1, 13, 16, 10, 4, 6, 12, 19, 17, 19, 10, 20, 17, 7, 4, 18, 6, 2, 13, 10, 10, 10, 7, 13, 1, 20, 12, 17, 3, 14, 16, 6, 8, 12, 15, 1, 17, 15, 9, 17, 16, 15, 20, 3, 8, 3, 17, 12, 7, 14, 10, 15, 8, 9, 1, 6, 9, 9, 1, 20, 9, 2, 7, 17, 7, 16, 20, 1, 11, 20, 14, 12, 9, 20, 6, 16, 3, 3, 12, 6, 11, 18, 12, 5, 11, 13, 8, 18, 10, 8, 11, 20, 4, 1, 5, 15, 3, 19, 1, 15, 7, 2, 14, 18, 2, 9, 7, 4, 17, 4, 6, 15, 14, 14, 1, 6, 15, 11, 18, 2, 13, 12, 6, 5, 14, 4, 4, 2, 11, 8, 18, 14, 16, 3, 19, 15, 19, 15, 12, 11, 5, 8, 13, 4, 5, 5, 13, 5, 13, 18, 2, 10, 8, 11, 4, 5, 5, 11, 17, 11]
bestever    2979    in generation 16
[18, 19, 3, 14, 16, 8, 16, 19, 2, 19, 16, 2, 10, 7, 6, 9, 7, 13, 3, 20, 17, 9, 20, 16, 19, 9, 12, 2, 18, 1, 7, 19, 14, 18, 13, 8, 4, 3, 10, 5, 1, 13, 16, 10, 4, 6, 12, 19, 17, 19, 10, 20, 17, 7, 4, 18, 6, 2, 13, 10, 10, 10, 7, 13, 1, 20, 12, 17, 3, 14, 16, 6, 8, 12, 15, 1, 17, 15, 9, 17, 16, 15, 20, 3, 8, 3, 17, 12, 7, 14, 10, 15, 8, 9, 1, 6, 9, 9, 1, 20, 9, 2, 7, 17, 7, 16, 20, 1, 11, 20, 14, 12, 9, 20, 6, 16, 3, 3, 12, 6, 11, 18, 12, 5, 11, 13, 8, 18, 19, 8, 11, 20, 4, 1, 5, 15, 3, 19, 1, 15, 7, 2, 14, 18, 2, 9, 7, 4, 17, 4, 6, 15, 14, 14, 1, 6, 15, 11, 18, 2, 13, 12, 6, 5, 14, 4, 4, 2, 11, 8, 18, 14, 16, 3, 19, 15, 10, 15, 12, 11, 5, 8, 13, 4, 5, 5, 13, 5, 13, 18, 2, 10, 8, 11, 4, 5, 5, 11, 17, 11]
bestever    2939    in generation 17
[18, 19, 3, 14, 16, 5, 16, 19, 2, 19, 16, 2, 10, 7, 6, 9, 7, 13, 3, 20, 17, 9, 20, 16, 19, 9, 12, 2, 18, 1, 7, 19, 14, 18, 13, 8, 4, 3, 10, 5, 1, 13, 16, 10, 4, 6, 12, 19, 17, 19, 10, 20, 17, 7, 4, 18, 6, 2, 13, 10, 10, 10, 7, 13, 1, 20, 12, 17, 3, 14, 16, 6, 8, 12, 15, 1, 17, 15, 9, 17, 16, 15, 20, 3, 8, 3, 17, 12, 7, 14, 10, 15, 8, 9, 1, 6, 9, 9, 1, 20, 9, 2, 7, 17, 7, 16, 20, 1, 11, 20, 14, 12, 9, 20, 6, 16, 3, 3, 12, 6, 11, 18, 12, 5, 11, 13, 8, 18, 10, 8, 11, 20, 4, 1, 8, 15, 3, 19, 1, 15, 7, 2, 14, 18, 2, 9, 7, 4, 17, 4, 6, 15, 14, 14, 1, 6, 15, 11, 18, 2, 13, 12, 6, 5, 14, 4, 4, 2, 11, 8, 18, 14, 16, 3, 19, 15, 19, 15, 12, 11, 5, 8, 13, 4, 5, 5, 13, 5, 13, 18, 2, 10, 8, 11, 4, 5, 5, 11, 17, 11]
bestever    2903    in generation 20
[2, 19, 3, 14, 16, 5, 16, 19, 2, 19, 16, 18, 10, 7, 6, 9, 7, 13, 3, 20, 17, 9, 20, 16, 19, 9, 12, 2, 18, 1, 7, 19, 14, 18, 13, 8, 4, 3, 10, 5, 1, 13, 16, 10, 4, 6, 12, 19, 17, 19, 10, 20, 17, 7, 4, 18, 6, 2, 13, 10, 10, 10, 7, 13, 1, 20, 12, 17, 3, 14, 16, 6, 8, 12, 15, 1, 17, 15, 9, 17, 16, 15, 20, 3, 8, 3, 17, 12, 7, 14, 10, 15, 8, 9, 1, 6, 9, 9, 1, 20, 9, 2, 7, 17, 7, 16, 20, 1, 11, 20, 14, 12, 9, 20, 6, 16, 3, 3, 12, 6, 11, 18, 12, 5, 11, 13, 8, 18, 10, 8, 11, 20, 4, 1, 8, 15, 3, 19, 1, 15, 7, 2, 14, 18, 2, 9, 7, 2, 17, 4, 6, 15, 14, 14, 1, 6, 15, 11, 18, 4, 13, 12, 6, 5, 14, 4, 4, 2, 11, 8, 18, 14, 16, 3, 19, 15, 19, 15, 12, 11, 5, 8, 13, 4, 5, 5, 13, 5, 13, 18, 2, 10, 8, 11, 4, 5, 5, 11, 17, 11]
bestever    2890    in generation 33
[2, 19, 3, 14, 16, 20, 16, 19, 2, 19, 16, 18, 10, 7, 6, 9, 7, 13, 3, 20, 17, 9, 20, 16, 19, 9, 12, 2, 18, 1, 7, 19, 14, 18, 13, 8, 4, 3, 10, 5, 1, 13, 16, 10, 4, 6, 12, 19, 17, 19, 10, 20, 17, 7, 4, 18, 6, 2, 13, 10, 10, 10, 7, 13, 1, 20, 12, 17, 3, 14, 16, 6, 8, 12, 15, 1, 17, 15, 9, 17, 16, 15, 20, 3, 8, 3, 17, 12, 7, 14, 10, 15, 8, 9, 1, 6, 9, 9, 1, 5, 9, 2, 7, 17, 7, 16, 20, 1, 11, 20, 14, 12, 9, 20, 6, 16, 3, 3, 12, 6, 11, 18, 12, 5, 11, 13, 8, 18, 10, 8, 11, 20, 4, 1, 8, 15, 3, 19, 1, 15, 7, 2, 14, 18, 2, 9, 7, 2, 17, 4, 6, 15, 14, 14, 1, 6, 15, 11, 18, 4, 13, 12, 6, 5, 14, 4, 4, 2, 11, 8, 18, 14, 16, 3, 19, 15, 19, 15, 12, 11, 5, 8, 13, 4, 5, 5, 13, 5, 13, 18, 2, 10, 8, 11, 4, 5, 5, 11, 17, 11]
bestever    2857    in generation 41
[2, 19, 3, 14, 16, 5, 16, 9, 2, 19, 16, 18, 10, 7, 6, 9, 7, 13, 3, 20, 17, 9, 20, 16, 19, 9, 12, 2, 18, 1, 7, 19, 14, 18, 13, 8, 4, 3, 10, 5, 1, 13, 16, 10, 4, 6, 12, 19, 17, 19, 10, 20, 17, 7, 4, 18, 6, 2, 13, 10, 10, 10, 7, 13, 1, 20, 12, 17, 3, 14, 16, 6, 8, 12, 15, 1, 17, 15, 9, 17, 16, 15, 20, 3, 8, 3, 17, 12, 7, 14, 10, 15, 8, 9, 1, 6, 9, 19, 1, 20, 9, 2, 7, 17, 7, 16, 20, 1, 11, 20, 14, 12, 9, 20, 6, 16, 3, 3, 12, 6, 11, 18, 12, 5, 11, 13, 8, 18, 10, 8, 11, 20, 4, 1, 8, 15, 3, 19, 1, 15, 7, 2, 14, 18, 2, 9, 7, 2, 17, 4, 6, 15, 14, 14, 1, 6, 15, 11, 18, 4, 13, 12, 6, 5, 14, 4, 4, 2, 11, 8, 18, 14, 16, 3, 19, 15, 19, 15, 12, 11, 5, 8, 13, 4, 5, 5, 13, 5, 13, 18, 2, 10, 8, 11, 4, 5, 5, 11, 17, 11]
bestever    2843    in generation 46
[2, 19, 3, 14, 16, 5, 16, 9, 2, 19, 16, 18, 10, 7, 6, 9, 7, 13, 3, 20, 17, 9, 20, 16, 19, 9, 12, 2, 18, 1, 7, 19, 14, 18, 13, 8, 6, 3, 10, 5, 1, 13, 16, 10, 4, 6, 12, 19, 17, 19, 10, 20, 17, 7, 4, 18, 4, 2, 13, 10, 10, 10, 7, 13, 1, 20, 12, 17, 3, 14, 16, 6, 8, 12, 15, 1, 17, 15, 9, 17, 16, 15, 20, 3, 8, 3, 17, 12, 7, 14, 10, 15, 8, 9, 1, 6, 9, 19, 1, 20, 9, 2, 7, 17, 7, 16, 20, 1, 11, 20, 14, 12, 9, 20, 6, 16, 3, 3, 12, 6, 11, 18, 12, 5, 11, 13, 8, 18, 10, 8, 11, 20, 4, 1, 8, 15, 3, 19, 1, 15, 7, 2, 14, 18, 2, 9, 7, 2, 17, 4, 6, 15, 14, 14, 1, 6, 15, 11, 18, 4, 13, 12, 6, 5, 14, 4, 4, 2, 11, 8, 18, 14, 16, 3, 19, 15, 19, 15, 12, 11, 5, 8, 13, 4, 5, 5, 13, 5, 13, 18, 2, 10, 8, 11, 4, 5, 5, 11, 17, 11]
bestever    2841    in generation 53
[2, 19, 3, 14, 16, 5, 16, 9, 2, 19, 16, 18, 10, 7, 6, 9, 7, 13, 3, 20, 17, 9, 20, 16, 9, 9, 12, 2, 18, 1, 7, 19, 14, 18, 13, 8, 6, 3, 10, 5, 1, 13, 16, 10, 4, 6, 12, 19, 17, 19, 10, 20, 17, 7, 4, 18, 4, 2, 13, 10, 10, 10, 7, 13, 1, 20, 12, 17, 3, 14, 16, 6, 8, 12, 15, 1, 17, 15, 9, 17, 16, 15, 20, 3, 8, 3, 17, 12, 7, 14, 10, 15, 8, 19, 1, 6, 9, 19, 1, 20, 9, 2, 7, 17, 7, 16, 20, 1, 11, 20, 14, 12, 9, 20, 6, 16, 3, 3, 12, 6, 11, 18, 12, 5, 11, 13, 8, 18, 10, 8, 11, 20, 4, 1, 8, 15, 3, 19, 1, 15, 7, 2, 14, 18, 2, 9, 7, 2, 17, 4, 6, 15, 14, 14, 1, 6, 15, 11, 18, 4, 13, 12, 6, 5, 14, 4, 4, 2, 11, 8, 18, 14, 16, 3, 19, 15, 19, 15, 12, 11, 5, 8, 13, 4, 5, 5, 13, 5, 13, 18, 2, 10, 8, 11, 4, 5, 5, 11, 17, 11]
bestever    2822    in generation 55
[2, 19, 3, 14, 16, 5, 16, 9, 2, 19, 16, 18, 10, 7, 6, 9, 7, 13, 3, 20, 17, 9, 20, 16, 9, 9, 12, 2, 18, 1, 7, 19, 14, 18, 13, 8, 6, 3, 10, 5, 1, 13, 16, 10, 4, 6, 12, 19, 17, 19, 10, 20, 17, 7, 5, 18, 4, 2, 13, 10, 10, 10, 7, 13, 1, 20, 12, 17, 3, 14, 16, 6, 8, 12, 15, 1, 17, 15, 9, 17, 16, 15, 20, 3, 8, 3, 17, 12, 7, 14, 10, 15, 8, 19, 1, 6, 9, 19, 1, 20, 9, 2, 7, 17, 7, 16, 20, 1, 11, 20, 14, 12, 9, 20, 6, 16, 3, 3, 12, 6, 11, 18, 12, 5, 11, 13, 8, 18, 10, 8, 11, 20, 4, 1, 8, 15, 3, 19, 1, 15, 7, 2, 14, 18, 2, 9, 7, 2, 17, 4, 6, 15, 14, 14, 1, 6, 15, 11, 18, 4, 13, 12, 6, 5, 14, 4, 4, 2, 11, 8, 18, 14, 16, 3, 19, 15, 19, 15, 12, 11, 5, 8, 13, 4, 5, 5, 13, 4, 13, 18, 2, 10, 8, 11, 4, 5, 5, 11, 17, 11]
bestever    2752    in generation 61
[2, 19, 3, 14, 16, 5, 16, 9, 2, 19, 16, 18, 10, 7, 6, 9, 7, 13, 3, 20, 17, 9, 20, 16, 9, 9, 12, 2, 18, 1, 7, 19, 19, 18, 13, 8, 6, 3, 10, 5, 1, 13, 16, 10, 4, 6, 12, 19, 17, 19, 10, 20, 17, 7, 5, 18, 4, 2, 13, 10, 10, 10, 7, 13, 1, 20, 12, 17, 3, 14, 16, 6, 8, 12, 15, 1, 17, 15, 9, 17, 16, 15, 20, 3, 8, 3, 17, 12, 7, 14, 10, 15, 8, 19, 1, 6, 9, 19, 1, 20, 9, 2, 7, 17, 7, 16, 20, 1, 11, 20, 14, 12, 9, 20, 6, 16, 3, 3, 12, 6, 11, 18, 12, 5, 11, 13, 8, 18, 10, 8, 11, 20, 4, 1, 8, 15, 3, 19, 1, 15, 7, 2, 14, 18, 2, 9, 7, 2, 17, 4, 6, 15, 14, 14, 1, 6, 15, 11, 18, 4, 13, 12, 6, 5, 14, 4, 4, 2, 11, 8, 18, 14, 16, 3, 19, 15, 14, 15, 12, 11, 5, 8, 13, 4, 5, 5, 13, 4, 13, 18, 2, 10, 8, 11, 4, 5, 5, 11, 17, 11]
bestever    2736    in generation 67
[2, 19, 3, 14, 16, 5, 16, 9, 2, 19, 16, 18, 10, 7, 6, 9, 7, 13, 3, 20, 17, 9, 20, 16, 9, 9, 12, 2, 18, 1, 7, 19, 18, 13, 8, 6, 3, 10, 5, 1, 13, 16, 10, 4, 6, 19, 17, 19, 10, 20, 17, 7, 5, 18, 4, 2, 13, 10, 10, 10, 7, 13, 12, 19, 1, 20, 12, 17, 3, 14, 16, 6, 8, 12, 15, 1, 17, 15, 9, 17, 16, 15, 20, 3, 8, 3, 17, 12, 7, 14, 10, 15, 8, 19, 1, 6, 9, 19, 1, 20, 9, 2, 7, 17, 7, 16, 20, 1, 11, 20, 14, 12, 9, 20, 6, 16, 3, 3, 12, 6, 11, 18, 12, 5, 11, 13, 8, 18, 10, 8, 11, 20, 4, 1, 8, 15, 3, 19, 1, 15, 7, 2, 14, 18, 2, 9, 7, 2, 17, 4, 6, 15, 14, 14, 1, 6, 15, 11, 18, 4, 13, 12, 6, 5, 14, 4, 4, 2, 11, 8, 18, 14, 16, 3, 19, 15, 14, 15, 12, 11, 5, 8, 13, 4, 5, 5, 13, 4, 13, 18, 2, 10, 8, 11, 4, 5, 5, 11, 17, 11]
bestever    2723    in generation 75
[2, 19, 13, 14, 16, 5, 16, 9, 2, 19, 16, 18, 10, 7, 6, 9, 7, 13, 3, 20, 17, 9, 20, 16, 9, 9, 12, 2, 18, 1, 7, 19, 19, 18, 3, 8, 6, 3, 10, 5, 1, 13, 16, 10, 4, 6, 12, 19, 17, 19, 10, 20, 17, 7, 5, 18, 4, 2, 13, 10, 10, 10, 7, 13, 1, 20, 12, 17, 3, 14, 16, 6, 8, 12, 15, 1, 17, 15, 9, 17, 16, 15, 20, 3, 8, 3, 17, 12, 7, 14, 10, 15, 8, 19, 1, 6, 9, 19, 1, 20, 9, 2, 7, 17, 7, 16, 20, 1, 11, 20, 14, 12, 9, 20, 6, 16, 3, 3, 12, 6, 11, 18, 12, 5, 11, 13, 8, 18, 10, 8, 11, 20, 4, 1, 8, 15, 3, 19, 1, 15, 7, 2, 14, 18, 2, 9, 7, 2, 17, 4, 6, 15, 14, 14, 1, 6, 15, 11, 18, 4, 13, 12, 6, 5, 14, 4, 4, 2, 11, 8, 18, 14, 16, 3, 19, 15, 14, 15, 12, 11, 5, 8, 13, 4, 5, 5, 13, 4, 13, 18, 2, 10, 8, 11, 4, 5, 5, 11, 17, 11]
bestever    2685    in generation 83
[2, 19, 3, 14, 16, 16, 9, 2, 19, 16, 18, 10, 7, 6, 9, 7, 13, 3, 20, 17, 9, 20, 16, 9, 9, 12, 2, 18, 1, 7, 19, 19, 18, 13, 8, 6, 3, 10, 1, 13, 16, 10, 6, 12, 19, 17, 19, 10, 20, 17, 7, 5, 18, 2, 10, 10, 10, 7, 13, 1, 20, 12, 17, 3, 14, 16, 6, 8, 12, 15, 1, 17, 15, 9, 17, 16, 15, 20, 3, 8, 3, 17, 12, 7, 14, 10, 15, 8, 19, 1, 6, 9, 19, 1, 20, 9, 7, 7, 16, 20, 1, 11, 20, 14, 12, 9, 20, 6, 16, 3, 3, 12, 6, 18, 12, 5, 13, 8, 10, 20, 1, 8, 15, 3, 19, 17, 11, 4, 13, 5, 4, 4, 2, 11, 8, 18, 11, 5, 1, 15, 7, 2, 14, 18, 2, 9, 7, 2, 17, 4, 6, 15, 14, 14, 1, 6, 15, 11, 18, 4, 13, 12, 6, 5, 14, 4, 4, 2, 11, 8, 18, 14, 16, 3, 19, 15, 14, 15, 12, 11, 5, 8, 13, 4, 5, 5, 13, 4, 13, 18, 2, 10, 8, 11, 4, 5, 5, 11, 17, 11]
bestever    2633    in generation 88
[2, 19, 3, 14, 16, 16, 9, 2, 19, 16, 18, 10, 7, 6, 9, 7, 13, 3, 20, 17, 9, 20, 16, 9, 9, 12, 2, 18, 1, 7, 19, 19, 5, 13, 8, 6, 3, 10, 1, 13, 16, 10, 6, 12, 19, 17, 19, 10, 20, 17, 7, 5, 18, 2, 10, 10, 10, 7, 13, 1, 20, 12, 17, 3, 14, 16, 6, 8, 12, 15, 1, 17, 15, 9, 17, 16, 15, 20, 3, 8, 3, 17, 12, 7, 14, 10, 15, 8, 19, 1, 6, 9, 19, 1, 20, 9, 7, 7, 16, 20, 1, 11, 20, 14, 12, 9, 20, 6, 16, 3, 3, 12, 6, 18, 12, 5, 13, 8, 10, 20, 1, 8, 15, 3, 19, 17, 11, 4, 13, 5, 4, 4, 2, 11, 8, 18, 11, 5, 1, 15, 7, 2, 14, 18, 2, 9, 7, 2, 17, 4, 6, 15, 14, 14, 1, 6, 15, 11, 18, 4, 13, 12, 6, 5, 14, 4, 4, 2, 11, 8, 18, 14, 16, 3, 19, 15, 14, 15, 12, 11, 5, 8, 13, 4, 18, 5, 13, 4, 13, 18, 2, 10, 8, 11, 4, 5, 5, 11, 17, 11]
bestever    2600    in generation 101
[2, 19, 3, 14, 16, 16, 9, 2, 19, 16, 18, 10, 7, 6, 9, 7, 13, 3, 20, 17, 9, 20, 16, 9, 9, 12, 2, 18, 1, 7, 19, 19, 5, 13, 8, 6, 3, 10, 1, 13, 16, 10, 6, 12, 19, 17, 19, 10, 20, 17, 7, 5, 18, 2, 10, 10, 10, 7, 13, 1, 13, 12, 17, 3, 14, 16, 6, 8, 12, 15, 1, 17, 15, 9, 17, 16, 15, 20, 3, 8, 3, 17, 12, 7, 14, 10, 15, 8, 19, 1, 6, 9, 19, 1, 20, 9, 7, 7, 16, 20, 1, 11, 20, 14, 12, 9, 20, 6, 16, 3, 3, 12, 6, 18, 12, 5, 13, 8, 10, 20, 1, 8, 15, 3, 19, 17, 11, 4, 20, 5, 4, 4, 2, 11, 8, 18, 11, 5, 1, 15, 7, 2, 14, 18, 2, 9, 7, 2, 17, 4, 6, 15, 14, 14, 1, 6, 15, 11, 18, 4, 13, 12, 6, 5, 14, 4, 4, 2, 11, 8, 18, 14, 16, 3, 19, 15, 14, 15, 12, 11, 5, 8, 13, 4, 18, 5, 13, 4, 13, 18, 2, 10, 8, 11, 4, 5, 5, 11, 17, 11]
bestever    2568    in generation 105
[2, 19, 3, 14, 16, 16, 9, 2, 19, 16, 18, 10, 7, 6, 9, 7, 13, 3, 20, 17, 9, 20, 16, 9, 9, 12, 2, 18, 1, 7, 19, 19, 5, 13, 8, 6, 3, 10, 1, 13, 16, 10, 6, 12, 19, 17, 19, 10, 20, 17, 7, 5, 18, 2, 10, 10, 10, 7, 13, 1, 20, 12, 17, 3, 14, 16, 6, 8, 12, 15, 1, 17, 15, 9, 17, 16, 15, 20, 3, 8, 3, 17, 12, 7, 14, 10, 15, 8, 19, 1, 6, 9, 19, 1, 20, 9, 7, 7, 16, 20, 1, 11, 20, 14, 12, 9, 20, 6, 16, 3, 3, 12, 6, 18, 12, 5, 13, 8, 10, 20, 1, 8, 15, 3, 19, 17, 11, 4, 13, 5, 4, 4, 2, 11, 8, 18, 11, 5, 1, 15, 7, 2, 14, 18, 2, 9, 7, 2, 17, 4, 6, 15, 14, 14, 1, 6, 15, 11, 18, 4, 13, 12, 6, 5, 14, 4, 4, 2, 11, 8, 18, 14, 16, 3, 19, 15, 14, 15, 12, 11, 5, 8, 13, 4, 18, 10, 13, 4, 13, 18, 2, 5, 8, 11, 4, 5, 5, 11, 17, 11]
bestever    2541    in generation 113
[2, 19, 3, 14, 16, 16, 9, 2, 19, 16, 18, 10, 7, 6, 9, 7, 13, 3, 20, 17, 9, 20, 16, 9, 9, 12, 2, 18, 1, 7, 19, 19, 5, 13, 8, 6, 3, 10, 1, 13, 16, 10, 6, 12, 19, 17, 19, 10, 20, 17, 7, 5, 18, 2, 10, 10, 10, 7, 13, 1, 13, 12, 17, 3, 14, 16, 6, 8, 4, 15, 1, 17, 15, 9, 17, 16, 15, 20, 3, 8, 3, 17, 12, 7, 14, 10, 15, 8, 19, 1, 6, 9, 19, 1, 20, 9, 7, 7, 16, 20, 1, 11, 20, 14, 12, 9, 20, 6, 16, 3, 3, 12, 6, 18, 12, 5, 13, 8, 10, 20, 1, 8, 15, 3, 19, 17, 11, 4, 20, 5, 12, 4, 2, 11, 8, 18, 11, 5, 1, 15, 7, 2, 14, 18, 2, 9, 7, 2, 17, 4, 6, 15, 14, 14, 1, 6, 15, 11, 18, 4, 13, 12, 6, 5, 14, 4, 4, 2, 11, 8, 18, 14, 16, 3, 19, 15, 14, 15, 12, 11, 5, 8, 13, 4, 18, 5, 13, 4, 13, 18, 2, 10, 8, 11, 4, 5, 5, 11, 17, 11]
bestever    2484    in generation 137
[2, 19, 3, 14, 10, 16, 9, 2, 19, 16, 18, 10, 7, 6, 9, 7, 13, 3, 20, 17, 9, 20, 16, 9, 9, 12, 2, 18, 1, 7, 19, 19, 5, 13, 8, 6, 3, 10, 1, 13, 16, 16, 6, 12, 19, 17, 19, 10, 20, 17, 7, 5, 18, 2, 10, 10, 10, 7, 13, 1, 13, 12, 17, 3, 14, 16, 6, 8, 4, 15, 1, 17, 15, 9, 17, 16, 15, 20, 3, 8, 3, 17, 12, 7, 14, 10, 15, 8, 19, 1, 6, 9, 19, 1, 20, 9, 7, 7, 16, 20, 1, 11, 20, 14, 12, 9, 20, 6, 16, 3, 3, 12, 6, 18, 12, 5, 13, 8, 10, 20, 1, 8, 15, 3, 19, 17, 11, 4, 20, 5, 12, 4, 2, 11, 8, 18, 11, 5, 1, 15, 7, 2, 14, 18, 2, 9, 7, 2, 17, 4, 6, 15, 14, 14, 1, 6, 15, 11, 18, 4, 13, 12, 6, 5, 14, 4, 4, 2, 11, 8, 18, 14, 16, 3, 19, 15, 14, 15, 12, 11, 5, 8, 13, 4, 18, 5, 13, 4, 13, 18, 2, 10, 8, 11, 4, 5, 5, 11, 17, 11]
bestever    2476    in generation 147
[2, 19, 3, 14, 10, 16, 9, 2, 19, 16, 18, 10, 7, 6, 9, 7, 13, 3, 20, 17, 9, 20, 16, 9, 9, 12, 2, 18, 1, 7, 19, 19, 5, 13, 8, 6, 3, 10, 1, 13, 16, 16, 6, 12, 19, 17, 19, 10, 20, 17, 7, 5, 18, 2, 10, 10, 10, 7, 13, 1, 13, 12, 17, 3, 14, 16, 6, 8, 4, 15, 1, 17, 15, 9, 17, 16, 15, 20, 3, 8, 3, 17, 12, 7, 14, 10, 15, 8, 19, 1, 6, 9, 19, 1, 20, 9, 7, 7, 16, 20, 1, 20, 14, 12, 9, 20, 6, 16, 3, 3, 12, 6, 18, 12, 8, 10, 20, 1, 8, 15, 3, 19, 17, 4, 20, 12, 2, 18, 11, 5, 1, 15, 7, 2, 14, 2, 9, 7, 17, 6, 15, 14, 14, 11, 5, 4, 2, 11, 11, 5, 8, 13, 4, 18, 1, 6, 15, 11, 18, 4, 13, 12, 6, 5, 14, 4, 4, 2, 11, 8, 18, 14, 16, 3, 19, 15, 14, 15, 12, 11, 5, 8, 13, 4, 18, 5, 13, 4, 13, 18, 2, 10, 8, 11, 4, 5, 5, 11, 17, 11]
bestever    2414    in generation 158
[2, 19, 3, 14, 10, 16, 9, 2, 19, 16, 18, 10, 7, 6, 9, 7, 13, 3, 20, 17, 9, 20, 16, 9, 9, 12, 2, 18, 1, 7, 19, 19, 5, 13, 8, 6, 3, 10, 1, 13, 16, 16, 6, 12, 19, 17, 19, 10, 20, 17, 7, 5, 18, 2, 10, 10, 10, 7, 13, 1, 13, 12, 17, 3, 14, 16, 6, 8, 4, 15, 1, 17, 15, 9, 17, 16, 15, 20, 3, 8, 3, 17, 12, 7, 14, 10, 15, 8, 19, 1, 6, 9, 19, 1, 20, 9, 7, 7, 16, 20, 1, 11, 20, 14, 12, 9, 20, 6, 16, 3, 3, 12, 6, 18, 12, 5, 13, 8, 10, 20, 1, 8, 15, 3, 19, 17, 11, 4, 20, 5, 12, 4, 2, 11, 8, 18, 11, 5, 1, 15, 7, 2, 14, 18, 2, 9, 7, 2, 17, 4, 6, 15, 14, 14, 1, 6, 15, 11, 18, 4, 13, 12, 6, 5, 14, 4, 4, 2, 11, 8, 18, 14, 16, 3, 19, 15, 14, 15, 12, 11, 5, 8, 13, 4, 18, 5, 11, 4, 13, 18, 2, 10, 8, 13, 4, 5, 5, 11, 17, 11]
bestever    2407    in generation 165
[2, 19, 3, 14, 10, 16, 9, 2, 19, 16, 18, 10, 7, 17, 9, 7, 13, 3, 20, 17, 9, 20, 16, 9, 9, 12, 2, 18, 1, 7, 19, 19, 5, 13, 8, 6, 3, 10, 1, 13, 16, 16, 6, 12, 19, 17, 19, 10, 20, 6, 7, 5, 18, 2, 10, 10, 10, 7, 13, 1, 13, 12, 17, 3, 14, 16, 6, 8, 4, 15, 1, 17, 15, 9, 17, 16, 15, 20, 3, 8, 3, 17, 12, 7, 14, 10, 15, 8, 19, 1, 6, 9, 19, 1, 20, 9, 7, 7, 16, 20, 1, 11, 20, 14, 12, 9, 20, 6, 16, 3, 3, 12, 6, 18, 12, 5, 13, 8, 10, 20, 1, 8, 15, 3, 19, 17, 11, 4, 20, 5, 12, 4, 2, 11, 8, 18, 11, 5, 1, 15, 7, 2, 14, 18, 2, 9, 7, 2, 17, 4, 6, 15, 14, 14, 1, 6, 15, 11, 18, 4, 13, 12, 6, 5, 14, 4, 4, 2, 11, 8, 18, 14, 16, 3, 19, 15, 14, 15, 12, 11, 5, 8, 13, 4, 18, 5, 11, 4, 13, 18, 2, 10, 8, 13, 4, 5, 5, 11, 17, 11]
bestever    2399    in generation 167
[2, 19, 3, 14, 10, 16, 9, 2, 19, 16, 18, 10, 7, 6, 9, 7, 13, 3, 20, 17, 9, 20, 16, 9, 9, 13, 2, 18, 1, 7, 19, 19, 5, 12, 8, 6, 3, 10, 1, 13, 16, 16, 6, 12, 19, 17, 19, 10, 20, 17, 7, 5, 18, 2, 10, 10, 10, 7, 13, 1, 13, 12, 17, 3, 14, 16, 6, 8, 4, 15, 1, 17, 15, 9, 17, 16, 15, 20, 3, 8, 3, 17, 12, 7, 14, 10, 15, 8, 19, 1, 6, 9, 19, 1, 20, 9, 7, 7, 16, 20, 1, 11, 20, 14, 12, 9, 20, 6, 16, 3, 3, 12, 6, 18, 12, 5, 13, 8, 10, 20, 1, 8, 15, 3, 19, 17, 11, 4, 20, 5, 12, 4, 2, 11, 8, 18, 11, 5, 1, 15, 7, 2, 14, 18, 2, 9, 7, 2, 17, 4, 6, 15, 14, 14, 1, 6, 15, 11, 18, 4, 13, 12, 6, 5, 14, 4, 4, 2, 11, 8, 18, 14, 16, 3, 19, 15, 14, 15, 12, 11, 5, 8, 13, 4, 18, 5, 11, 4, 13, 18, 2, 10, 8, 13, 4, 5, 5, 11, 17, 11]
bestever    2371    in generation 184
[2, 19, 3, 14, 10, 16, 9, 2, 19, 16, 18, 10, 7, 6, 9, 7, 13, 3, 20, 17, 9, 20, 16, 9, 9, 13, 2, 18, 1, 7, 19, 19, 5, 12, 8, 6, 3, 10, 1, 13, 16, 16, 6, 17, 19, 12, 19, 10, 20, 17, 7, 5, 18, 2, 10, 10, 10, 7, 13, 1, 13, 12, 17, 3, 14, 16, 6, 8, 4, 15, 1, 17, 15, 9, 17, 16, 15, 20, 3, 8, 3, 17, 12, 7, 14, 10, 15, 8, 19, 1, 6, 9, 19, 1, 20, 9, 7, 7, 16, 20, 1, 11, 20, 14, 12, 9, 20, 6, 16, 3, 3, 12, 6, 18, 12, 5, 13, 8, 10, 20, 1, 8, 15, 3, 19, 17, 11, 4, 20, 5, 12, 4, 2, 11, 8, 18, 11, 5, 1, 15, 7, 2, 14, 18, 2, 9, 7, 2, 17, 4, 6, 15, 14, 14, 1, 6, 15, 11, 18, 4, 13, 12, 6, 5, 14, 4, 4, 2, 11, 8, 18, 14, 16, 3, 19, 15, 14, 15, 12, 11, 5, 8, 13, 4, 18, 5, 11, 4, 13, 18, 2, 10, 8, 13, 4, 5, 5, 11, 17, 11]
bestever    2363    in generation 197
[2, 19, 3, 14, 10, 16, 9, 2, 19, 16, 18, 10, 7, 6, 9, 7, 13, 3, 20, 17, 9, 20, 16, 9, 9, 13, 2, 18, 1, 7, 19, 19, 5, 12, 8, 6, 3, 10, 1, 13, 16, 16, 6, 17, 19, 12, 19, 10, 20, 17, 7, 5, 18, 2, 10, 10, 10, 7, 13, 1, 13, 12, 17, 3, 14, 16, 6, 8, 4, 15, 1, 17, 15, 9, 17, 16, 15, 20, 3, 8, 3, 17, 12, 7, 14, 10, 15, 8, 19, 1, 6, 9, 19, 1, 20, 9, 7, 7, 16, 20, 1, 11, 20, 14, 12, 9, 20, 6, 16, 3, 3, 12, 6, 18, 12, 5, 8, 10, 20, 1, 8, 15, 3, 19, 17, 11, 4, 20, 12, 4, 2, 11, 8, 18, 1, 15, 7, 2, 14, 18, 2, 9, 7, 2, 17, 6, 15, 14, 14, 1, 6, 15, 18, 11, 5, 5, 11, 4, 13, 4, 13, 12, 6, 5, 14, 4, 4, 2, 11, 8, 18, 14, 16, 3, 19, 15, 14, 15, 12, 11, 5, 8, 13, 4, 18, 5, 11, 4, 13, 18, 2, 10, 8, 13, 4, 5, 5, 11, 17, 11]
bestever    2332    in generation 198
[2, 19, 3, 14, 10, 16, 9, 2, 19, 16, 16, 10, 7, 6, 9, 7, 13, 3, 20, 17, 9, 20, 16, 9, 9, 13, 2, 18, 1, 7, 19, 19, 5, 12, 8, 6, 3, 10, 1, 13, 16, 18, 6, 17, 19, 12, 19, 10, 20, 17, 7, 5, 18, 2, 10, 10, 10, 7, 13, 1, 13, 12, 17, 3, 14, 16, 6, 8, 4, 15, 1, 17, 15, 9, 17, 16, 15, 20, 3, 8, 3, 17, 12, 7, 14, 10, 15, 8, 19, 1, 6, 9, 19, 1, 20, 9, 7, 7, 16, 20, 1, 11, 20, 14, 12, 9, 20, 6, 16, 3, 3, 12, 6, 18, 12, 5, 13, 8, 10, 20, 1, 8, 15, 3, 19, 17, 11, 4, 20, 5, 12, 4, 2, 11, 8, 18, 11, 5, 1, 15, 7, 2, 14, 18, 2, 9, 7, 2, 17, 4, 6, 15, 14, 14, 1, 6, 15, 11, 18, 4, 13, 12, 6, 5, 14, 4, 4, 2, 11, 8, 18, 14, 16, 3, 19, 15, 14, 15, 12, 11, 5, 8, 13, 4, 18, 5, 11, 4, 13, 18, 2, 10, 8, 13, 4, 5, 5, 11, 17, 11]
bestever    2324    in generation 207
[2, 19, 3, 14, 10, 16, 9, 2, 19, 16, 16, 10, 7, 6, 9, 7, 13, 3, 20, 17, 9, 20, 16, 9, 9, 13, 2, 18, 1, 7, 19, 19, 5, 12, 8, 6, 3, 10, 1, 13, 16, 18, 6, 17, 19, 12, 19, 10, 20, 17, 7, 5, 18, 2, 10, 10, 10, 7, 13, 1, 13, 12, 17, 3, 14, 16, 6, 8, 4, 15, 1, 17, 15, 9, 17, 16, 15, 20, 3, 8, 3, 17, 12, 7, 14, 10, 15, 8, 19, 1, 5, 9, 19, 1, 20, 9, 7, 7, 16, 20, 1, 11, 20, 14, 12, 9, 20, 6, 16, 3, 3, 12, 6, 18, 12, 5, 13, 8, 10, 20, 1, 8, 15, 3, 19, 17, 11, 4, 20, 6, 12, 4, 2, 11, 8, 18, 11, 5, 1, 15, 7, 2, 14, 18, 2, 9, 7, 2, 17, 4, 6, 15, 14, 14, 1, 6, 15, 11, 18, 4, 13, 12, 6, 5, 14, 4, 4, 2, 11, 8, 18, 14, 16, 3, 19, 15, 14, 15, 12, 11, 5, 8, 13, 4, 18, 5, 11, 4, 13, 18, 2, 10, 8, 13, 4, 5, 5, 11, 17, 11]
bestever    2312    in generation 212
[3, 19, 3, 14, 10, 16, 9, 2, 19, 16, 16, 10, 7, 6, 9, 7, 13, 3, 20, 17, 9, 20, 16, 9, 9, 13, 2, 18, 1, 7, 19, 19, 5, 12, 8, 6, 3, 10, 1, 13, 16, 18, 6, 17, 19, 12, 19, 10, 20, 17, 7, 5, 18, 2, 10, 10, 10, 7, 13, 1, 13, 12, 17, 3, 14, 16, 6, 8, 4, 15, 1, 17, 15, 9, 17, 16, 15, 20, 3, 8, 2, 17, 12, 7, 14, 10, 15, 8, 19, 1, 5, 9, 19, 1, 20, 9, 7, 7, 16, 20, 1, 11, 20, 14, 12, 9, 20, 6, 16, 3, 3, 12, 6, 18, 12, 5, 13, 8, 10, 20, 1, 8, 15, 3, 19, 17, 11, 4, 20, 6, 12, 4, 2, 11, 8, 18, 11, 5, 1, 15, 7, 2, 14, 18, 2, 9, 7, 2, 17, 4, 6, 15, 14, 14, 1, 6, 15, 11, 18, 4, 13, 12, 6, 5, 14, 4, 4, 2, 11, 8, 18, 14, 16, 3, 19, 15, 14, 15, 12, 11, 5, 8, 13, 4, 18, 5, 11, 4, 13, 18, 2, 10, 8, 13, 4, 5, 5, 11, 17, 11]
bestever    2292    in generation 218
[3, 19, 3, 14, 10, 16, 9, 2, 19, 16, 16, 10, 7, 6, 9, 7, 13, 3, 20, 17, 9, 20, 16, 9, 9, 13, 2, 18, 1, 7, 19, 19, 5, 12, 8, 6, 3, 10, 1, 13, 16, 18, 6, 17, 19, 12, 19, 10, 20, 17, 7, 5, 18, 2, 10, 10, 10, 7, 13, 1, 13, 12, 17, 3, 14, 16, 6, 8, 4, 15, 1, 17, 15, 9, 5, 16, 15, 20, 3, 8, 2, 17, 12, 7, 14, 10, 15, 8, 19, 1, 5, 9, 19, 1, 20, 9, 7, 7, 16, 20, 1, 11, 20, 14, 12, 9, 20, 6, 16, 3, 3, 12, 6, 18, 12, 17, 13, 8, 10, 20, 1, 8, 15, 3, 19, 17, 11, 4, 20, 6, 12, 4, 2, 11, 8, 18, 11, 5, 1, 15, 7, 2, 14, 18, 2, 9, 7, 2, 17, 4, 6, 15, 14, 14, 1, 6, 15, 11, 18, 4, 13, 12, 6, 5, 14, 4, 4, 2, 11, 8, 18, 14, 16, 3, 19, 15, 14, 15, 12, 11, 5, 8, 13, 4, 18, 5, 11, 4, 13, 18, 2, 10, 8, 13, 4, 5, 5, 11, 17, 11]
bestever    2283    in generation 220
[3, 19, 3, 14, 10, 16, 9, 2, 19, 16, 16, 10, 7, 6, 9, 7, 13, 3, 20, 17, 9, 20, 16, 9, 9, 13, 2, 18, 1, 7, 19, 19, 5, 12, 8, 6, 3, 10, 1, 13, 16, 18, 6, 17, 19, 12, 19, 10, 20, 17, 7, 5, 18, 2, 10, 10, 10, 7, 13, 1, 13, 12, 17, 3, 14, 16, 6, 8, 4, 15, 1, 17, 15, 9, 5, 16, 15, 20, 3, 8, 2, 17, 12, 7, 14, 10, 15, 8, 19, 1, 9, 19, 1, 20, 9, 7, 7, 16, 20, 1, 11, 20, 14, 12, 9, 20, 6, 16, 3, 3, 12, 6, 18, 12, 17, 8, 10, 20, 1, 8, 15, 3, 19, 17, 11, 4, 20, 6, 12, 4, 2, 11, 8, 18, 5, 1, 15, 7, 2, 14, 18, 2, 9, 7, 2, 17, 4, 6, 15, 14, 14, 1, 6, 15, 11, 18, 4, 13, 12, 6, 5, 14, 4, 2, 11, 18, 14, 16, 3, 19, 11, 5, 8, 13, 4, 15, 14, 15, 12, 11, 5, 8, 13, 4, 18, 5, 11, 4, 13, 18, 2, 10, 8, 13, 4, 5, 5, 11, 17, 11]
bestever    2265    in generation 229
[3, 19, 3, 16, 10, 16, 9, 2, 19, 16, 16, 10, 7, 6, 9, 7, 13, 3, 20, 17, 9, 20, 16, 9, 9, 13, 2, 18, 1, 7, 19, 19, 5, 12, 8, 6, 3, 10, 1, 13, 14, 18, 6, 17, 19, 12, 19, 10, 20, 17, 7, 5, 18, 2, 10, 10, 10, 7, 13, 1, 13, 12, 17, 3, 14, 16, 6, 8, 4, 15, 1, 17, 15, 9, 5, 16, 15, 20, 3, 8, 2, 17, 12, 7, 14, 10, 15, 8, 19, 1, 5, 9, 19, 1, 20, 9, 7, 7, 16, 20, 1, 11, 20, 14, 12, 9, 20, 6, 16, 3, 3, 12, 6, 18, 12, 17, 13, 8, 10, 20, 1, 8, 15, 3, 19, 17, 11, 4, 20, 6, 12, 4, 2, 11, 8, 18, 11, 5, 1, 15, 7, 2, 14, 18, 2, 9, 7, 2, 17, 4, 6, 15, 14, 14, 1, 6, 15, 11, 18, 4, 13, 12, 6, 5, 14, 4, 4, 2, 11, 8, 18, 14, 16, 3, 19, 15, 14, 15, 12, 11, 5, 8, 13, 4, 18, 5, 11, 4, 13, 18, 2, 10, 8, 13, 4, 5, 5, 11, 17, 11]
bestever    2256    in generation 236
[3, 19, 3, 16, 10, 16, 9, 2, 19, 16, 16, 10, 7, 6, 9, 7, 13, 3, 20, 17, 9, 20, 16, 9, 9, 13, 2, 18, 1, 7, 19, 19, 5, 12, 8, 6, 3, 10, 1, 13, 14, 18, 6, 17, 19, 12, 19, 10, 20, 17, 7, 5, 18, 2, 10, 10, 10, 7, 13, 1, 13, 12, 17, 3, 14, 16, 6, 8, 4, 15, 1, 17, 15, 9, 5, 16, 15, 20, 3, 8, 2, 17, 12, 7, 14, 10, 15, 8, 19, 1, 5, 9, 19, 1, 20, 9, 7, 7, 16, 20, 1, 11, 20, 14, 12, 9, 20, 6, 16, 3, 3, 12, 6, 18, 12, 17, 13, 8, 10, 20, 1, 8, 15, 3, 19, 17, 11, 4, 20, 6, 12, 4, 2, 11, 8, 18, 11, 5, 1, 15, 7, 2, 14, 18, 2, 9, 7, 2, 17, 4, 6, 15, 14, 14, 1, 6, 15, 11, 18, 4, 13, 12, 6, 5, 14, 4, 4, 2, 11, 8, 18, 14, 16, 3, 19, 15, 2, 15, 12, 11, 5, 8, 13, 4, 18, 5, 11, 4, 13, 18, 14, 10, 8, 13, 4, 5, 5, 11, 17, 11]
bestever    2241    in generation 266
[3, 19, 3, 16, 10, 16, 9, 2, 19, 16, 16, 10, 7, 6, 9, 7, 13, 3, 20, 17, 9, 20, 16, 9, 9, 13, 2, 18, 1, 7, 19, 19, 5, 12, 8, 6, 3, 10, 1, 13, 14, 18, 6, 17, 19, 12, 19, 10, 20, 17, 7, 5, 18, 2, 10, 10, 10, 7, 13, 1, 13, 12, 17, 3, 14, 16, 6, 8, 4, 15, 1, 17, 15, 9, 5, 16, 15, 20, 3, 8, 2, 17, 12, 7, 14, 10, 15, 8, 19, 1, 9, 19, 1, 20, 9, 7, 7, 16, 20, 1, 11, 20, 14, 12, 9, 20, 6, 16, 3, 3, 12, 6, 18, 12, 17, 8, 10, 20, 1, 8, 15, 3, 19, 17, 11, 4, 20, 6, 12, 4, 2, 8, 18, 1, 15, 7, 2, 14, 18, 2, 9, 7, 2, 17, 6, 15, 14, 14, 1, 6, 15, 11, 5, 5, 11, 4, 13, 11, 18, 4, 13, 12, 6, 5, 14, 4, 4, 2, 11, 8, 18, 14, 16, 3, 19, 15, 2, 15, 12, 11, 5, 8, 13, 4, 18, 5, 11, 4, 13, 18, 14, 10, 8, 13, 4, 5, 5, 11, 17, 11]
bestever    2210    in generation 283
[3, 19, 3, 16, 10, 16, 9, 2, 19, 16, 16, 10, 7, 6, 9, 7, 13, 3, 20, 17, 9, 20, 16, 9, 9, 13, 2, 18, 1, 7, 19, 19, 5, 12, 8, 6, 3, 10, 1, 13, 14, 18, 6, 17, 19, 12, 19, 10, 20, 17, 7, 5, 18, 2, 10, 10, 10, 7, 13, 1, 13, 12, 17, 3, 14, 16, 6, 8, 4, 15, 1, 17, 15, 9, 5, 16, 15, 20, 3, 8, 2, 17, 12, 7, 14, 10, 15, 8, 19, 1, 9, 19, 1, 20, 9, 7, 7, 16, 20, 1, 11, 20, 14, 12, 9, 20, 6, 16, 3, 3, 12, 6, 17, 12, 17, 8, 10, 20, 1, 8, 15, 3, 19, 17, 11, 4, 20, 6, 12, 4, 2, 8, 18, 1, 15, 7, 2, 14, 18, 2, 9, 7, 2, 17, 6, 15, 14, 14, 1, 6, 15, 11, 5, 5, 11, 4, 13, 11, 18, 4, 13, 12, 6, 5, 14, 4, 4, 2, 11, 8, 18, 14, 16, 3, 19, 15, 2, 15, 12, 11, 5, 8, 13, 4, 18, 5, 11, 4, 13, 18, 14, 10, 8, 13, 4, 5, 5, 11, 18, 11]
bestever    2177    in generation 291
[3, 19, 3, 16, 10, 16, 9, 2, 19, 16, 16, 10, 7, 6, 9, 7, 13, 3, 20, 17, 9, 20, 16, 9, 9, 13, 2, 18, 1, 7, 19, 19, 5, 12, 8, 6, 3, 10, 1, 13, 14, 18, 6, 17, 19, 12, 19, 10, 20, 17, 7, 5, 18, 2, 10, 10, 10, 7, 13, 1, 13, 12, 8, 3, 14, 16, 6, 17, 4, 15, 1, 17, 15, 9, 5, 16, 15, 20, 3, 8, 2, 17, 12, 7, 14, 10, 15, 8, 19, 1, 9, 19, 1, 20, 9, 7, 7, 16, 20, 1, 11, 20, 14, 12, 9, 20, 6, 16, 3, 3, 12, 6, 17, 12, 17, 8, 10, 20, 1, 8, 15, 3, 19, 17, 11, 4, 20, 6, 12, 4, 2, 8, 18, 1, 15, 7, 2, 14, 18, 2, 9, 7, 2, 17, 6, 15, 14, 14, 1, 6, 15, 11, 5, 5, 11, 4, 13, 11, 18, 4, 13, 12, 6, 5, 14, 4, 4, 2, 11, 8, 18, 14, 16, 3, 19, 15, 2, 15, 12, 11, 5, 8, 13, 4, 18, 5, 11, 4, 13, 18, 14, 10, 8, 13, 4, 5, 5, 11, 18, 11]
bestever    2169    in generation 316
[3, 19, 3, 16, 10, 16, 9, 2, 19, 16, 16, 10, 7, 6, 9, 7, 13, 3, 20, 17, 9, 20, 16, 9, 9, 13, 2, 18, 1, 7, 19, 19, 5, 12, 8, 6, 3, 10, 1, 13, 14, 18, 6, 17, 19, 12, 19, 10, 20, 17, 7, 2, 10, 10, 10, 7, 13, 1, 12, 8, 3, 14, 16, 6, 17, 4, 15, 1, 17, 15, 9, 16, 15, 20, 3, 8, 2, 17, 12, 7, 14, 10, 15, 8, 19, 1, 9, 19, 1, 20, 9, 7, 7, 16, 20, 1, 20, 14, 12, 9, 20, 6, 16, 3, 3, 12, 6, 17, 12, 17, 8, 10, 20, 1, 15, 3, 19, 17, 20, 11, 5, 8, 5, 11, 4, 13, 18, 6, 12, 4, 2, 8, 18, 1, 15, 7, 2, 14, 18, 2, 9, 7, 2, 17, 6, 15, 14, 14, 1, 6, 15, 11, 5, 5, 11, 4, 13, 11, 18, 4, 13, 12, 6, 5, 14, 4, 4, 2, 11, 8, 18, 14, 16, 3, 19, 15, 2, 15, 12, 11, 5, 8, 13, 4, 18, 5, 11, 4, 13, 18, 14, 10, 8, 13, 4, 5, 5, 11, 18, 11]
bestever    2152    in generation 334
[3, 19, 3, 16, 10, 16, 9, 2, 19, 16, 16, 10, 7, 6, 9, 7, 13, 3, 20, 17, 9, 20, 16, 9, 9, 13, 2, 18, 1, 7, 19, 19, 5, 12, 6, 3, 10, 1, 13, 14, 18, 6, 17, 19, 12, 19, 10, 20, 17, 7, 2, 10, 10, 10, 7, 13, 1, 12, 8, 3, 14, 16, 6, 17, 4, 15, 1, 17, 15, 9, 16, 15, 20, 3, 8, 2, 17, 12, 7, 14, 10, 15, 8, 19, 1, 9, 19, 20, 9, 7, 7, 16, 20, 1, 20, 14, 12, 9, 20, 6, 16, 3, 3, 12, 6, 17, 12, 17, 8, 10, 20, 1, 15, 3, 19, 1, 8, 17, 20, 11, 5, 8, 5, 11, 4, 13, 18, 6, 12, 4, 2, 8, 18, 1, 15, 7, 2, 14, 18, 2, 9, 7, 2, 17, 6, 15, 14, 14, 1, 6, 15, 11, 5, 5, 11, 4, 13, 11, 18, 4, 13, 12, 6, 5, 14, 4, 4, 2, 11, 8, 18, 14, 16, 3, 19, 15, 2, 15, 12, 11, 5, 8, 13, 4, 18, 5, 11, 4, 13, 18, 14, 10, 8, 13, 4, 5, 5, 11, 18, 11]
bestever    2144    in generation 370
[3, 19, 3, 16, 10, 16, 9, 16, 19, 16, 16, 10, 7, 6, 9, 7, 13, 3, 20, 17, 9, 20, 16, 9, 9, 13, 2, 18, 1, 7, 19, 19, 5, 12, 8, 6, 3, 10, 1, 13, 14, 18, 6, 17, 19, 12, 19, 10, 20, 17, 7, 10, 18, 2, 10, 10, 10, 7, 1, 12, 8, 3, 14, 16, 6, 17, 4, 15, 1, 17, 15, 9, 5, 16, 15, 20, 3, 8, 2, 17, 12, 7, 14, 10, 15, 8, 19, 1, 9, 19, 1, 20, 9, 7, 7, 2, 20, 1, 20, 14, 12, 9, 20, 6, 16, 3, 3, 12, 6, 17, 12, 17, 8, 10, 20, 1, 8, 15, 3, 19, 17, 11, 20, 6, 12, 18, 1, 15, 7, 2, 14, 2, 9, 7, 2, 17, 6, 15, 14, 1, 6, 15, 13, 11, 4, 11, 18, 14, 5, 8, 13, 4, 18, 5, 4, 13, 11, 2, 4, 13, 12, 6, 5, 14, 4, 4, 2, 11, 8, 18, 14, 16, 3, 19, 11, 15, 2, 15, 12, 11, 5, 8, 13, 4, 18, 5, 11, 4, 13, 18, 14, 5, 8, 13, 4, 5, 5, 11, 18, 11]
bestever    2129    in generation 392
[3, 19, 3, 16, 10, 16, 9, 16, 19, 16, 16, 10, 7, 6, 9, 7, 13, 3, 20, 17, 9, 20, 16, 9, 9, 13, 2, 18, 1, 7, 19, 19, 5, 12, 8, 6, 3, 10, 1, 13, 14, 18, 6, 17, 19, 12, 19, 10, 20, 17, 7, 10, 18, 2, 10, 10, 10, 7, 1, 12, 8, 3, 14, 16, 6, 17, 4, 15, 1, 17, 15, 9, 5, 16, 15, 20, 3, 8, 2, 17, 12, 7, 14, 10, 15, 8, 19, 1, 9, 19, 1, 20, 9, 7, 7, 2, 20, 1, 20, 14, 12, 9, 20, 6, 16, 3, 3, 12, 6, 17, 12, 17, 8, 10, 20, 1, 8, 15, 3, 19, 17, 11, 20, 6, 12, 18, 1, 5, 7, 2, 14, 2, 9, 7, 2, 17, 6, 15, 14, 1, 6, 15, 13, 11, 4, 11, 18, 14, 5, 8, 13, 4, 18, 5, 4, 13, 11, 2, 4, 13, 12, 6, 5, 14, 4, 4, 2, 11, 8, 18, 14, 16, 3, 19, 11, 15, 2, 15, 12, 11, 5, 8, 13, 4, 18, 5, 11, 4, 13, 18, 14, 5, 8, 13, 4, 15, 5, 11, 18, 11]
bestever    2124    in generation 408
[3, 19, 3, 16, 10, 16, 9, 16, 19, 16, 16, 10, 7, 6, 9, 7, 13, 3, 20, 17, 9, 20, 16, 9, 9, 13, 2, 18, 1, 7, 19, 19, 5, 12, 8, 6, 3, 10, 1, 13, 14, 18, 6, 17, 19, 12, 19, 10, 20, 17, 7, 10, 18, 2, 10, 10, 10, 7, 1, 12, 8, 3, 14, 16, 6, 17, 4, 15, 1, 17, 15, 9, 5, 16, 15, 20, 3, 8, 2, 17, 12, 7, 14, 10, 15, 8, 19, 1, 9, 19, 19, 20, 9, 7, 7, 2, 20, 1, 20, 14, 12, 9, 20, 6, 16, 3, 3, 12, 6, 17, 12, 17, 8, 10, 20, 1, 8, 15, 3, 1, 17, 11, 20, 6, 12, 18, 1, 5, 7, 2, 14, 2, 9, 7, 2, 17, 6, 15, 14, 1, 6, 15, 13, 11, 4, 11, 18, 14, 5, 8, 13, 4, 18, 5, 4, 13, 11, 2, 4, 13, 12, 6, 5, 14, 4, 4, 2, 11, 8, 18, 14, 16, 3, 19, 11, 15, 2, 15, 12, 11, 5, 8, 13, 4, 18, 5, 11, 4, 13, 18, 14, 5, 8, 13, 4, 15, 5, 11, 18, 11]
bestever    2083    in generation 416
[3, 19, 3, 16, 10, 16, 9, 16, 19, 16, 16, 10, 7, 6, 9, 7, 13, 3, 20, 17, 9, 20, 16, 9, 9, 13, 2, 18, 1, 7, 19, 19, 5, 12, 8, 6, 3, 10, 1, 13, 14, 18, 6, 17, 19, 12, 19, 10, 20, 17, 7, 10, 18, 2, 10, 10, 10, 7, 1, 12, 8, 3, 14, 16, 6, 17, 4, 15, 1, 17, 15, 9, 5, 16, 11, 20, 3, 8, 2, 17, 12, 7, 14, 10, 15, 8, 19, 1, 9, 19, 19, 20, 9, 7, 7, 2, 20, 1, 20, 14, 12, 9, 20, 6, 16, 3, 3, 12, 6, 17, 12, 17, 8, 10, 20, 1, 8, 15, 3, 1, 17, 11, 20, 6, 12, 18, 1, 5, 7, 2, 14, 2, 9, 7, 2, 17, 6, 15, 14, 1, 6, 15, 13, 15, 4, 11, 18, 14, 5, 8, 13, 4, 18, 5, 4, 13, 11, 2, 4, 13, 12, 6, 5, 14, 4, 4, 2, 11, 8, 18, 14, 16, 3, 19, 11, 15, 2, 15, 12, 11, 5, 8, 13, 4, 18, 5, 11, 4, 13, 18, 14, 5, 8, 13, 4, 15, 5, 11, 18, 11]
bestever    2076    in generation 422
[3, 19, 3, 16, 10, 16, 9, 16, 19, 16, 16, 10, 7, 6, 9, 7, 13, 3, 20, 17, 9, 20, 16, 9, 9, 13, 2, 18, 1, 7, 19, 19, 5, 12, 8, 6, 3, 10, 1, 13, 14, 18, 6, 17, 19, 12, 19, 10, 20, 17, 7, 10, 18, 2, 10, 10, 10, 7, 1, 12, 8, 3, 14, 16, 6, 17, 4, 15, 1, 17, 15, 9, 5, 16, 11, 20, 3, 8, 2, 17, 12, 7, 14, 10, 15, 8, 19, 1, 9, 19, 19, 20, 9, 7, 7, 2, 20, 1, 20, 14, 12, 9, 20, 6, 16, 3, 3, 12, 6, 17, 12, 17, 8, 10, 20, 1, 8, 15, 3, 1, 17, 11, 20, 6, 12, 18, 1, 5, 7, 2, 14, 2, 9, 7, 2, 17, 6, 15, 14, 1, 6, 15, 13, 15, 4, 18, 14, 5, 8, 13, 4, 5, 4, 13, 2, 4, 13, 12, 6, 5, 14, 4, 11, 11, 18, 4, 2, 11, 8, 18, 14, 16, 3, 19, 11, 15, 2, 15, 12, 11, 5, 8, 13, 4, 18, 5, 11, 4, 13, 18, 14, 5, 8, 13, 4, 15, 5, 11, 18, 11]
bestever    2071    in generation 468
[3, 19, 3, 16, 10, 16, 9, 16, 19, 16, 16, 10, 7, 6, 9, 7, 13, 3, 20, 17, 9, 20, 16, 9, 9, 13, 19, 18, 1, 7, 19, 19, 5, 12, 8, 6, 3, 10, 1, 13, 14, 18, 6, 17, 19, 12, 2, 10, 20, 17, 7, 10, 18, 2, 10, 10, 10, 7, 1, 12, 8, 3, 14, 16, 6, 17, 4, 15, 1, 17, 15, 9, 5, 16, 11, 20, 3, 8, 2, 17, 12, 7, 14, 10, 15, 8, 19, 1, 9, 19, 19, 20, 9, 7, 7, 2, 20, 1, 20, 14, 12, 9, 20, 6, 16, 3, 3, 12, 6, 17, 12, 17, 8, 10, 20, 1, 8, 15, 3, 1, 17, 11, 20, 6, 12, 18, 1, 5, 7, 2, 14, 2, 9, 7, 2, 17, 6, 15, 14, 1, 6, 15, 13, 15, 4, 18, 14, 5, 8, 13, 4, 5, 4, 13, 2, 4, 13, 12, 6, 5, 14, 4, 11, 11, 18, 4, 2, 11, 8, 18, 14, 16, 3, 19, 11, 15, 2, 15, 12, 11, 5, 8, 13, 4, 18, 5, 11, 4, 13, 18, 14, 5, 8, 13, 4, 15, 5, 11, 18, 11]
bestever    2051    in generation 474
[3, 19, 3, 16, 10, 16, 9, 16, 19, 16, 16, 10, 7, 6, 9, 7, 13, 3, 20, 17, 9, 20, 16, 9, 9, 13, 19, 18, 1, 7, 19, 19, 5, 12, 8, 6, 3, 10, 1, 13, 14, 18, 6, 17, 19, 12, 2, 10, 20, 17, 7, 10, 18, 2, 10, 10, 10, 7, 1, 12, 8, 3, 14, 16, 6, 17, 4, 15, 1, 17, 15, 9, 16, 20, 3, 8, 2, 17, 12, 7, 14, 10, 15, 8, 19, 1, 9, 19, 19, 20, 9, 7, 7, 2, 20, 1, 20, 14, 12, 9, 20, 6, 16, 3, 3, 12, 6, 17, 12, 17, 8, 10, 20, 1, 15, 3, 1, 17, 20, 6, 12, 18, 1, 7, 2, 14, 2, 9, 7, 2, 17, 6, 15, 14, 1, 6, 15, 14, 15, 11, 5, 8, 5, 11, 4, 13, 18, 5, 8, 13, 4, 5, 4, 13, 2, 4, 13, 12, 6, 5, 14, 4, 11, 11, 18, 4, 2, 11, 8, 18, 14, 16, 3, 19, 11, 15, 2, 15, 12, 11, 5, 8, 13, 4, 18, 5, 11, 4, 13, 18, 14, 5, 8, 13, 4, 15, 5, 11, 18, 11]
bestever    2042    in generation 476
[3, 19, 3, 16, 10, 16, 9, 16, 19, 16, 16, 10, 7, 6, 9, 7, 13, 3, 20, 17, 9, 20, 16, 9, 9, 13, 19, 18, 1, 7, 19, 19, 5, 12, 8, 6, 3, 10, 1, 13, 14, 18, 6, 17, 19, 12, 2, 10, 20, 17, 7, 10, 18, 2, 10, 10, 10, 7, 1, 12, 8, 3, 14, 16, 6, 17, 4, 15, 1, 17, 15, 9, 5, 16, 20, 3, 8, 2, 17, 12, 7, 14, 10, 15, 8, 19, 1, 9, 19, 19, 20, 9, 7, 7, 2, 20, 1, 20, 14, 12, 9, 20, 6, 16, 3, 3, 12, 6, 17, 12, 17, 8, 10, 20, 1, 8, 15, 3, 1, 17, 20, 6, 12, 1, 5, 7, 2, 14, 2, 9, 7, 2, 17, 6, 15, 14, 1, 6, 15, 13, 4, 13, 4, 4, 2, 13, 12, 18, 14, 15, 11, 5, 8, 13, 18, 5, 11, 4, 6, 5, 14, 4, 11, 11, 18, 4, 2, 11, 8, 18, 14, 16, 3, 19, 11, 15, 2, 15, 12, 11, 5, 8, 13, 4, 18, 5, 11, 4, 13, 18, 14, 5, 8, 13, 4, 15, 5, 11, 18, 11]
bestever    2021    in generation 477
[3, 19, 3, 16, 10, 16, 9, 16, 19, 16, 16, 10, 7, 6, 9, 7, 13, 19, 20, 17, 9, 20, 16, 9, 9, 13, 19, 18, 1, 7, 19, 19, 5, 12, 8, 6, 3, 10, 1, 13, 14, 18, 6, 17, 3, 12, 2, 10, 20, 17, 7, 10, 18, 2, 10, 10, 10, 7, 1, 12, 8, 3, 14, 16, 6, 17, 4, 15, 1, 17, 15, 9, 5, 16, 20, 3, 8, 2, 17, 12, 7, 14, 10, 15, 8, 19, 1, 9, 19, 19, 20, 9, 7, 7, 2, 20, 1, 20, 14, 12, 9, 20, 6, 16, 3, 3, 12, 6, 17, 12, 17, 8, 10, 20, 1, 8, 15, 3, 1, 17, 20, 6, 12, 1, 5, 7, 2, 14, 2, 9, 7, 2, 17, 6, 15, 14, 1, 6, 15, 13, 4, 13, 4, 4, 2, 13, 12, 18, 14, 15, 11, 5, 8, 13, 18, 5, 11, 4, 6, 5, 14, 4, 11, 11, 18, 4, 2, 11, 8, 18, 14, 16, 3, 19, 11, 15, 2, 15, 12, 11, 5, 8, 13, 4, 18, 5, 11, 4, 13, 18, 14, 5, 8, 13, 4, 15, 5, 11, 18, 11]
bestever    2014    in generation 485
[3, 19, 3, 16, 10, 16, 9, 16, 19, 16, 16, 10, 7, 6, 9, 7, 13, 19, 20, 17, 9, 20, 16, 9, 9, 13, 19, 18, 1, 7, 19, 19, 5, 12, 8, 6, 3, 10, 1, 13, 14, 18, 6, 17, 3, 12, 2, 10, 20, 17, 7, 10, 18, 2, 10, 10, 10, 7, 1, 12, 8, 3, 14, 16, 6, 17, 4, 15, 1, 17, 15, 9, 5, 16, 20, 3, 8, 2, 17, 12, 7, 14, 10, 15, 8, 19, 1, 9, 19, 19, 20, 9, 7, 7, 2, 20, 1, 20, 14, 12, 9, 20, 6, 16, 3, 3, 12, 6, 17, 12, 17, 8, 10, 20, 1, 8, 15, 3, 1, 17, 20, 6, 12, 1, 5, 7, 2, 14, 2, 9, 7, 2, 17, 6, 15, 14, 1, 6, 15, 13, 4, 13, 4, 4, 2, 13, 12, 18, 14, 15, 11, 5, 8, 13, 18, 5, 11, 4, 6, 5, 14, 4, 11, 11, 18, 4, 2, 11, 11, 18, 14, 16, 3, 19, 11, 15, 2, 15, 12, 8, 5, 8, 13, 4, 18, 5, 11, 4, 13, 18, 14, 5, 8, 13, 4, 15, 5, 11, 18, 11]
bestever    1992    in generation 502
[3, 19, 3, 16, 10, 16, 9, 16, 19, 16, 16, 10, 7, 6, 9, 7, 13, 19, 20, 17, 9, 20, 16, 9, 9, 13, 19, 18, 1, 7, 19, 19, 5, 12, 8, 6, 3, 10, 1, 13, 14, 18, 6, 17, 3, 12, 2, 10, 20, 17, 7, 10, 18, 2, 10, 10, 10, 7, 1, 12, 8, 3, 14, 16, 6, 17, 4, 15, 1, 17, 15, 9, 5, 16, 20, 3, 8, 2, 17, 12, 7, 14, 10, 15, 8, 19, 1, 9, 19, 19, 20, 9, 7, 7, 2, 20, 1, 20, 14, 12, 9, 20, 6, 16, 3, 3, 12, 6, 17, 12, 17, 8, 10, 20, 1, 8, 15, 3, 1, 17, 20, 6, 12, 1, 5, 7, 2, 14, 2, 9, 7, 2, 17, 6, 15, 14, 1, 6, 15, 13, 4, 13, 4, 4, 2, 13, 12, 18, 14, 15, 5, 5, 8, 13, 18, 5, 11, 4, 6, 5, 14, 4, 11, 11, 18, 4, 2, 11, 11, 18, 14, 16, 3, 19, 11, 15, 2, 15, 12, 8, 5, 8, 13, 4, 18, 5, 11, 4, 13, 18, 14, 5, 8, 13, 4, 15, 11, 11, 18, 11]
bestever    1981    in generation 530
[3, 19, 3, 16, 10, 16, 9, 16, 19, 16, 16, 10, 7, 6, 9, 7, 13, 19, 20, 17, 9, 20, 16, 9, 9, 13, 19, 18, 1, 7, 19, 19, 5, 12, 8, 6, 3, 10, 1, 13, 14, 18, 6, 17, 3, 12, 2, 10, 20, 17, 7, 10, 18, 2, 10, 10, 10, 7, 1, 12, 8, 3, 14, 16, 6, 17, 4, 15, 1, 17, 15, 9, 5, 16, 20, 3, 8, 2, 17, 12, 7, 14, 10, 15, 8, 19, 1, 9, 19, 19, 20, 9, 7, 7, 2, 20, 1, 20, 14, 12, 9, 20, 6, 16, 3, 3, 12, 6, 17, 12, 17, 8, 10, 20, 1, 8, 15, 3, 1, 17, 20, 6, 12, 1, 5, 7, 2, 14, 2, 9, 7, 2, 17, 6, 15, 14, 1, 6, 15, 13, 4, 13, 4, 4, 2, 13, 12, 18, 14, 15, 5, 18, 8, 13, 18, 5, 11, 4, 6, 5, 14, 4, 11, 11, 5, 4, 2, 11, 11, 18, 14, 16, 3, 19, 11, 15, 2, 15, 12, 8, 5, 8, 13, 4, 18, 5, 11, 4, 13, 18, 14, 5, 8, 13, 4, 15, 11, 11, 18, 11]
bestever    1980    in generation 560
[3, 19, 3, 16, 10, 16, 9, 16, 19, 16, 16, 10, 7, 6, 9, 7, 13, 19, 20, 17, 9, 20, 16, 9, 9, 13, 19, 18, 1, 7, 19, 19, 5, 12, 8, 6, 3, 10, 1, 13, 14, 18, 6, 17, 3, 12, 2, 10, 20, 17, 7, 10, 18, 2, 6, 10, 10, 7, 1, 12, 8, 3, 14, 16, 6, 17, 4, 15, 1, 17, 15, 9, 5, 16, 20, 3, 8, 2, 17, 12, 7, 14, 10, 15, 8, 19, 1, 9, 19, 19, 20, 9, 7, 7, 2, 20, 1, 20, 14, 12, 9, 20, 6, 16, 3, 3, 12, 10, 17, 12, 17, 8, 10, 20, 1, 8, 15, 3, 1, 17, 20, 6, 12, 1, 5, 7, 2, 14, 2, 9, 7, 2, 17, 6, 15, 14, 1, 6, 15, 13, 4, 13, 4, 4, 2, 13, 12, 18, 14, 15, 5, 18, 8, 13, 18, 5, 11, 4, 6, 5, 14, 4, 11, 11, 5, 4, 2, 11, 11, 18, 14, 16, 3, 19, 11, 15, 2, 15, 12, 8, 5, 8, 13, 4, 18, 5, 11, 4, 13, 18, 14, 5, 8, 13, 4, 15, 11, 11, 18, 11]
bestever    1973    in generation 563
[3, 19, 3, 16, 10, 16, 9, 16, 19, 16, 16, 10, 7, 6, 9, 7, 13, 19, 20, 17, 9, 20, 16, 9, 9, 13, 19, 18, 1, 7, 19, 19, 5, 12, 8, 6, 3, 10, 1, 13, 14, 16, 6, 17, 3, 12, 2, 10, 20, 17, 7, 10, 18, 2, 10, 10, 10, 7, 1, 12, 8, 3, 14, 16, 6, 17, 4, 15, 1, 17, 15, 9, 5, 18, 20, 3, 8, 2, 17, 12, 7, 14, 10, 15, 8, 19, 1, 9, 19, 19, 20, 9, 7, 7, 2, 20, 1, 20, 14, 12, 9, 20, 6, 16, 3, 3, 12, 6, 17, 12, 17, 8, 10, 20, 1, 8, 15, 3, 1, 17, 20, 6, 12, 1, 5, 7, 2, 14, 2, 9, 7, 2, 17, 6, 15, 14, 1, 6, 15, 13, 4, 13, 4, 4, 2, 13, 12, 18, 14, 15, 5, 18, 8, 13, 18, 5, 11, 4, 6, 5, 14, 4, 11, 11, 5, 4, 2, 11, 11, 18, 14, 16, 3, 19, 11, 15, 2, 15, 12, 8, 5, 8, 13, 4, 18, 5, 11, 4, 13, 18, 14, 5, 8, 13, 4, 15, 11, 11, 18, 11]
bestever    1962    in generation 581
[3, 19, 3, 16, 10, 17, 9, 16, 19, 16, 16, 10, 7, 6, 9, 7, 13, 19, 20, 17, 9, 20, 16, 9, 9, 13, 19, 18, 1, 7, 19, 19, 5, 12, 8, 6, 3, 10, 1, 13, 14, 16, 6, 17, 3, 12, 2, 10, 20, 16, 7, 10, 18, 2, 10, 10, 10, 7, 1, 12, 8, 3, 14, 16, 6, 17, 4, 15, 1, 17, 15, 9, 5, 18, 20, 3, 8, 2, 17, 12, 7, 14, 10, 15, 8, 19, 1, 9, 19, 19, 20, 9, 7, 7, 2, 20, 1, 20, 14, 12, 9, 20, 6, 16, 3, 3, 12, 6, 17, 12, 17, 8, 10, 20, 1, 8, 15, 3, 1, 17, 20, 6, 12, 1, 5, 7, 2, 14, 2, 9, 7, 2, 17, 6, 15, 14, 1, 6, 15, 13, 4, 13, 4, 4, 2, 13, 12, 18, 14, 15, 5, 18, 8, 13, 18, 5, 11, 4, 6, 5, 14, 4, 11, 11, 5, 4, 2, 11, 11, 18, 14, 16, 3, 19, 11, 15, 2, 15, 12, 8, 5, 8, 13, 4, 18, 5, 11, 4, 13, 18, 14, 5, 8, 13, 4, 15, 11, 11, 18, 11]
bestever    1933    in generation 592
[3, 19, 3, 16, 10, 17, 9, 16, 19, 16, 16, 10, 7, 6, 9, 7, 13, 19, 20, 17, 9, 20, 16, 9, 9, 13, 19, 18, 1, 7, 19, 19, 5, 12, 17, 6, 3, 10, 1, 13, 14, 16, 6, 17, 3, 12, 2, 10, 20, 16, 7, 10, 18, 2, 10, 10, 10, 7, 1, 12, 8, 3, 14, 16, 6, 8, 4, 15, 1, 17, 15, 9, 5, 18, 20, 3, 8, 2, 17, 12, 7, 14, 10, 15, 8, 19, 1, 9, 19, 19, 20, 9, 7, 7, 2, 20, 1, 20, 14, 12, 9, 20, 6, 16, 3, 3, 12, 6, 17, 12, 17, 8, 10, 20, 1, 8, 15, 3, 1, 17, 20, 6, 12, 1, 5, 7, 2, 14, 2, 9, 7, 2, 17, 6, 15, 14, 1, 6, 15, 13, 4, 13, 4, 4, 2, 13, 12, 18, 14, 15, 5, 18, 8, 13, 18, 5, 11, 4, 6, 5, 14, 4, 11, 11, 5, 4, 2, 11, 11, 18, 14, 16, 3, 19, 11, 15, 2, 15, 12, 8, 5, 8, 13, 4, 18, 5, 11, 4, 13, 18, 14, 5, 8, 13, 4, 15, 11, 11, 18, 11]
bestever    1921    in generation 606
[3, 19, 3, 16, 10, 17, 9, 16, 19, 16, 16, 10, 7, 6, 9, 7, 13, 19, 20, 17, 9, 20, 16, 9, 9, 13, 19, 18, 1, 7, 19, 19, 5, 12, 17, 6, 3, 10, 1, 13, 14, 16, 6, 17, 3, 12, 2, 10, 20, 16, 7, 10, 18, 2, 10, 10, 10, 7, 1, 12, 8, 3, 14, 16, 6, 8, 4, 15, 3, 17, 15, 9, 5, 18, 20, 1, 8, 2, 17, 12, 7, 14, 10, 15, 8, 19, 1, 9, 19, 19, 20, 9, 7, 7, 2, 20, 1, 20, 14, 12, 9, 20, 6, 16, 3, 3, 12, 6, 17, 12, 17, 8, 10, 20, 1, 8, 15, 3, 1, 17, 20, 6, 12, 1, 5, 7, 2, 14, 2, 9, 7, 2, 17, 6, 15, 14, 1, 6, 15, 13, 4, 13, 4, 4, 2, 13, 12, 18, 14, 15, 5, 18, 8, 13, 18, 5, 11, 4, 6, 5, 14, 4, 11, 11, 5, 4, 2, 11, 11, 18, 14, 16, 3, 19, 11, 15, 2, 15, 12, 8, 5, 8, 13, 4, 18, 5, 11, 4, 13, 18, 14, 5, 8, 13, 4, 15, 11, 11, 18, 11]
bestever    1918    in generation 640
[3, 19, 3, 16, 10, 17, 9, 16, 19, 16, 16, 10, 7, 6, 9, 7, 13, 19, 20, 17, 9, 20, 16, 9, 9, 13, 19, 18, 1, 7, 19, 19, 5, 12, 17, 6, 3, 10, 1, 13, 14, 16, 6, 17, 3, 12, 2, 10, 20, 16, 7, 10, 18, 2, 10, 10, 10, 7, 1, 12, 8, 3, 14, 16, 6, 8, 4, 15, 3, 17, 15, 9, 5, 18, 20, 1, 8, 2, 17, 12, 7, 14, 10, 15, 8, 19, 1, 9, 19, 19, 20, 9, 7, 7, 2, 20, 1, 20, 14, 12, 9, 20, 6, 16, 3, 3, 12, 6, 17, 12, 17, 8, 10, 20, 1, 8, 15, 3, 1, 17, 20, 6, 12, 1, 5, 7, 2, 14, 2, 9, 7, 2, 17, 6, 15, 14, 1, 6, 15, 13, 4, 13, 4, 4, 2, 13, 12, 18, 14, 15, 5, 18, 8, 13, 18, 5, 11, 4, 6, 5, 14, 4, 11, 11, 5, 4, 2, 15, 11, 18, 14, 16, 3, 19, 11, 15, 2, 15, 12, 8, 5, 8, 13, 4, 18, 5, 11, 4, 13, 18, 14, 5, 8, 13, 4, 11, 11, 11, 18, 11]
bestever    1907    in generation 665
[3, 19, 3, 16, 10, 17, 9, 13, 19, 16, 16, 10, 7, 6, 9, 7, 16, 19, 20, 17, 9, 20, 16, 9, 9, 13, 19, 18, 1, 7, 19, 19, 15, 12, 17, 6, 3, 10, 1, 13, 14, 16, 6, 17, 3, 12, 2, 10, 20, 16, 7, 10, 18, 2, 10, 10, 10, 7, 1, 12, 8, 3, 14, 16, 6, 8, 4, 5, 3, 17, 15, 9, 5, 18, 20, 1, 8, 2, 17, 12, 7, 14, 10, 15, 8, 19, 1, 9, 19, 19, 20, 9, 7, 7, 2, 20, 1, 20, 14, 12, 9, 20, 6, 16, 3, 3, 12, 6, 17, 12, 17, 8, 10, 20, 1, 8, 15, 3, 1, 17, 20, 6, 12, 1, 5, 7, 2, 14, 2, 9, 7, 2, 17, 6, 15, 14, 1, 6, 15, 13, 4, 13, 4, 4, 2, 13, 12, 18, 14, 15, 5, 18, 8, 13, 18, 5, 11, 4, 6, 5, 14, 4, 11, 11, 5, 4, 2, 15, 11, 18, 14, 16, 3, 19, 11, 15, 2, 15, 12, 8, 5, 8, 13, 4, 18, 5, 11, 4, 13, 18, 14, 5, 8, 13, 4, 11, 11, 11, 18, 11]
bestever    1904    in generation 682
[3, 19, 3, 16, 10, 17, 9, 13, 19, 16, 16, 10, 7, 6, 9, 7, 16, 19, 20, 17, 9, 20, 16, 9, 9, 13, 19, 18, 1, 7, 19, 19, 15, 12, 17, 6, 3, 10, 1, 13, 14, 16, 6, 17, 3, 12, 2, 10, 20, 16, 7, 10, 18, 2, 10, 10, 10, 7, 1, 12, 8, 3, 14, 16, 6, 8, 4, 5, 3, 17, 15, 9, 5, 18, 20, 1, 8, 2, 17, 12, 7, 14, 10, 15, 8, 19, 1, 9, 19, 19, 20, 9, 7, 7, 2, 20, 1, 20, 14, 12, 9, 20, 6, 16, 3, 3, 12, 6, 17, 12, 17, 8, 10, 20, 1, 8, 15, 3, 1, 17, 20, 6, 12, 1, 5, 7, 2, 14, 2, 9, 7, 2, 17, 6, 15, 14, 1, 6, 15, 13, 4, 13, 4, 4, 2, 13, 12, 18, 14, 15, 5, 18, 8, 13, 11, 5, 11, 4, 6, 5, 14, 4, 18, 11, 5, 4, 2, 15, 11, 18, 14, 16, 3, 19, 11, 15, 2, 15, 12, 8, 5, 8, 13, 4, 18, 5, 11, 4, 13, 18, 14, 5, 8, 13, 4, 11, 11, 11, 18, 11]
bestever    1895    in generation 920
[3, 19, 3, 16, 10, 17, 9, 13, 19, 16, 16, 10, 7, 6, 9, 7, 16, 19, 20, 17, 19, 20, 16, 9, 9, 13, 19, 18, 1, 7, 19, 9, 15, 12, 17, 6, 3, 10, 1, 13, 14, 16, 6, 17, 3, 12, 2, 10, 20, 16, 7, 10, 18, 2, 10, 10, 10, 7, 1, 12, 8, 3, 14, 16, 6, 8, 4, 5, 3, 17, 15, 9, 5, 18, 20, 1, 8, 2, 17, 12, 7, 14, 10, 13, 15, 8, 19, 1, 9, 19, 19, 20, 9, 7, 7, 2, 20, 1, 20, 14, 12, 9, 20, 6, 16, 3, 3, 12, 6, 17, 12, 17, 8, 10, 20, 1, 8, 15, 3, 1, 17, 20, 6, 12, 1, 5, 7, 2, 14, 2, 9, 7, 2, 17, 6, 15, 14, 1, 6, 15, 13, 4, 4, 4, 2, 13, 12, 18, 14, 15, 5, 18, 8, 13, 11, 5, 4, 6, 5, 14, 4, 11, 18, 5, 4, 2, 15, 11, 14, 16, 3, 19, 11, 11, 18, 15, 2, 15, 12, 8, 5, 8, 13, 4, 18, 5, 11, 4, 13, 18, 14, 5, 8, 13, 4, 11, 11, 11, 18, 11]
bestever    1894    in generation 1023
[3, 19, 3, 16, 10, 17, 9, 13, 19, 16, 16, 10, 7, 6, 9, 7, 16, 19, 20, 17, 19, 20, 16, 9, 9, 13, 19, 18, 1, 7, 19, 9, 15, 12, 17, 6, 3, 10, 1, 13, 14, 16, 6, 17, 3, 12, 2, 10, 20, 19, 16, 7, 10, 18, 2, 10, 10, 10, 7, 1, 12, 8, 3, 14, 16, 6, 8, 4, 5, 3, 17, 15, 9, 5, 18, 20, 1, 8, 2, 17, 12, 7, 14, 10, 13, 15, 8, 19, 1, 9, 19, 20, 9, 7, 7, 2, 20, 1, 20, 14, 12, 9, 20, 6, 16, 3, 3, 12, 6, 17, 12, 17, 8, 10, 20, 1, 8, 15, 3, 1, 17, 20, 6, 12, 1, 5, 7, 2, 14, 2, 9, 7, 2, 17, 6, 15, 14, 1, 6, 15, 13, 4, 4, 4, 2, 13, 12, 18, 14, 15, 5, 18, 8, 13, 11, 5, 4, 6, 5, 14, 4, 11, 18, 5, 4, 2, 15, 11, 14, 16, 3, 19, 11, 11, 18, 15, 2, 15, 12, 8, 5, 8, 13, 4, 18, 5, 11, 4, 13, 18, 14, 5, 8, 13, 4, 11, 11, 11, 18, 11]
bestever    1891    in generation 1051
[3, 19, 3, 16, 10, 17, 9, 13, 19, 16, 16, 10, 7, 6, 9, 7, 16, 19, 20, 17, 19, 20, 16, 9, 9, 13, 19, 18, 1, 7, 19, 9, 15, 12, 17, 6, 3, 10, 1, 13, 14, 16, 6, 17, 3, 12, 2, 10, 20, 19, 16, 7, 10, 18, 2, 10, 10, 10, 7, 1, 12, 8, 3, 14, 16, 6, 8, 4, 5, 3, 17, 15, 9, 5, 18, 20, 1, 8, 2, 17, 12, 7, 14, 10, 13, 15, 8, 19, 1, 9, 19, 20, 9, 7, 7, 2, 20, 1, 20, 14, 12, 9, 20, 6, 16, 3, 3, 12, 6, 17, 12, 17, 8, 10, 20, 1, 8, 15, 3, 1, 16, 20, 6, 12, 1, 5, 7, 2, 14, 2, 9, 7, 2, 17, 6, 15, 14, 1, 6, 15, 13, 4, 4, 4, 2, 13, 12, 18, 14, 15, 5, 18, 8, 13, 11, 5, 4, 6, 5, 14, 4, 11, 18, 5, 4, 2, 15, 11, 14, 17, 3, 19, 11, 11, 18, 15, 2, 15, 12, 8, 5, 8, 13, 4, 18, 5, 11, 4, 13, 18, 14, 5, 8, 13, 4, 11, 11, 11, 18, 11]
bestever    1889    in generation 1053
[3, 19, 3, 16, 10, 17, 9, 13, 19, 16, 16, 10, 7, 6, 9, 7, 16, 19, 20, 17, 19, 20, 16, 9, 9, 13, 19, 18, 1, 7, 19, 9, 15, 12, 17, 6, 3, 10, 1, 13, 14, 16, 6, 17, 3, 12, 2, 10, 20, 19, 16, 7, 10, 18, 2, 10, 10, 10, 7, 1, 12, 8, 3, 14, 16, 6, 8, 4, 5, 3, 17, 15, 9, 5, 18, 20, 1, 8, 2, 17, 12, 7, 14, 10, 20, 15, 8, 19, 1, 9, 19, 20, 9, 7, 7, 2, 20, 1, 20, 14, 12, 9, 20, 6, 16, 3, 3, 12, 6, 17, 12, 17, 8, 10, 13, 1, 8, 15, 3, 1, 17, 20, 6, 12, 1, 5, 7, 2, 14, 2, 9, 7, 2, 17, 6, 15, 14, 1, 6, 15, 13, 4, 4, 4, 2, 13, 12, 18, 14, 15, 5, 18, 8, 13, 11, 5, 4, 6, 5, 14, 4, 11, 18, 5, 4, 2, 15, 11, 14, 16, 3, 19, 11, 11, 18, 15, 2, 15, 12, 8, 5, 8, 13, 4, 18, 5, 11, 4, 13, 18, 14, 5, 8, 13, 4, 11, 11, 11, 18, 11]
bestever    1878    in generation 1087
[3, 19, 3, 16, 19, 17, 9, 13, 19, 16, 16, 10, 7, 6, 9, 7, 16, 19, 20, 17, 10, 20, 16, 9, 9, 13, 19, 18, 1, 7, 19, 9, 15, 12, 17, 6, 3, 10, 1, 13, 14, 16, 6, 17, 3, 12, 2, 10, 20, 19, 16, 7, 10, 18, 2, 10, 10, 10, 7, 1, 12, 8, 3, 14, 16, 6, 8, 4, 5, 3, 17, 15, 9, 5, 18, 20, 1, 8, 2, 17, 12, 7, 14, 10, 20, 15, 8, 19, 1, 9, 19, 20, 9, 7, 7, 2, 20, 1, 20, 14, 12, 9, 20, 6, 16, 3, 3, 12, 6, 17, 12, 17, 8, 10, 13, 1, 8, 15, 3, 1, 17, 20, 6, 12, 1, 5, 7, 2, 14, 2, 9, 7, 2, 17, 6, 15, 14, 1, 6, 15, 13, 4, 4, 4, 2, 13, 12, 18, 14, 15, 5, 18, 8, 13, 11, 5, 4, 6, 5, 14, 4, 11, 18, 5, 4, 2, 15, 11, 14, 16, 3, 19, 11, 11, 18, 15, 2, 15, 12, 8, 5, 8, 13, 4, 18, 5, 11, 4, 13, 18, 14, 5, 8, 13, 4, 11, 11, 11, 18, 11]
bestever    1867    in generation 1143
[3, 19, 3, 16, 19, 17, 9, 13, 19, 16, 16, 10, 7, 6, 9, 7, 16, 19, 20, 17, 10, 20, 16, 9, 9, 13, 19, 18, 1, 7, 19, 9, 15, 12, 17, 6, 3, 10, 1, 13, 14, 16, 6, 17, 3, 12, 2, 10, 20, 19, 16, 7, 10, 18, 2, 10, 10, 10, 7, 1, 12, 8, 3, 14, 16, 6, 8, 4, 5, 3, 17, 15, 9, 5, 18, 20, 1, 8, 2, 17, 12, 7, 14, 10, 20, 15, 8, 19, 1, 9, 19, 20, 9, 7, 7, 2, 20, 1, 20, 14, 12, 9, 20, 6, 16, 3, 3, 12, 6, 17, 12, 17, 8, 10, 13, 1, 8, 15, 3, 1, 17, 20, 6, 12, 1, 5, 7, 2, 14, 2, 9, 7, 2, 17, 6, 15, 14, 1, 6, 15, 13, 4, 4, 4, 2, 13, 12, 2, 14, 15, 5, 18, 8, 13, 11, 5, 4, 6, 5, 14, 4, 11, 18, 5, 4, 18, 15, 11, 14, 16, 3, 19, 11, 11, 18, 15, 2, 15, 12, 8, 5, 8, 13, 4, 18, 5, 11, 4, 13, 18, 14, 5, 8, 13, 4, 11, 11, 11, 18, 11]
bestever    1864    in generation 1180
[3, 19, 3, 16, 19, 17, 9, 13, 19, 16, 16, 10, 7, 6, 9, 7, 16, 19, 20, 17, 10, 20, 16, 9, 9, 13, 19, 18, 1, 7, 19, 9, 15, 12, 17, 6, 3, 10, 1, 13, 14, 16, 6, 17, 3, 12, 2, 10, 20, 19, 16, 7, 10, 18, 2, 10, 10, 10, 7, 1, 12, 8, 3, 14, 16, 6, 8, 4, 5, 3, 17, 15, 9, 5, 18, 20, 1, 8, 2, 17, 12, 7, 14, 10, 20, 15, 8, 19, 1, 9, 19, 20, 9, 7, 7, 2, 20, 1, 20, 14, 12, 9, 20, 6, 16, 3, 3, 12, 6, 17, 12, 17, 8, 10, 13, 1, 8, 15, 3, 1, 17, 20, 6, 12, 1, 5, 16, 2, 14, 2, 9, 7, 2, 17, 6, 15, 14, 1, 6, 15, 13, 4, 4, 4, 2, 13, 12, 2, 14, 15, 5, 18, 8, 13, 11, 5, 4, 6, 5, 14, 4, 11, 18, 5, 4, 18, 15, 11, 14, 7, 3, 19, 11, 11, 18, 15, 2, 15, 12, 8, 5, 8, 13, 4, 18, 5, 11, 4, 13, 18, 14, 5, 8, 13, 4, 11, 11, 11, 18, 11]
bestever    1863    in generation 1217
[3, 19, 3, 16, 16, 17, 9, 13, 19, 16, 16, 10, 7, 6, 9, 7, 16, 19, 20, 17, 10, 20, 16, 9, 9, 13, 19, 18, 1, 7, 19, 9, 15, 12, 17, 6, 3, 10, 1, 13, 14, 16, 6, 17, 3, 12, 2, 10, 20, 19, 19, 7, 10, 18, 2, 10, 10, 10, 7, 1, 12, 8, 3, 14, 16, 6, 8, 4, 5, 3, 17, 15, 9, 5, 18, 20, 1, 8, 2, 17, 12, 7, 14, 10, 20, 15, 8, 19, 1, 9, 19, 20, 9, 7, 7, 2, 20, 1, 20, 14, 12, 9, 20, 6, 16, 3, 3, 12, 6, 17, 12, 17, 8, 10, 13, 1, 8, 15, 3, 1, 17, 20, 6, 12, 1, 5, 16, 2, 14, 2, 9, 7, 2, 17, 6, 15, 14, 1, 6, 15, 13, 4, 4, 4, 2, 13, 12, 2, 14, 15, 5, 18, 8, 13, 11, 5, 4, 6, 5, 14, 4, 11, 18, 5, 4, 18, 15, 11, 14, 7, 3, 19, 11, 11, 18, 15, 2, 15, 12, 8, 5, 8, 13, 4, 18, 5, 11, 4, 13, 18, 14, 5, 8, 13, 4, 11, 11, 11, 18, 11]
bestever    1843    in generation 1257
[3, 19, 3, 16, 16, 17, 9, 13, 19, 16, 16, 10, 7, 6, 9, 7, 16, 19, 20, 17, 10, 20, 16, 9, 9, 13, 19, 18, 1, 7, 19, 9, 15, 12, 17, 6, 3, 10, 1, 13, 14, 16, 6, 17, 3, 12, 2, 10, 20, 19, 19, 7, 10, 18, 2, 10, 10, 10, 7, 1, 12, 8, 3, 14, 16, 6, 8, 4, 5, 3, 17, 15, 9, 5, 18, 20, 1, 8, 2, 17, 12, 7, 14, 10, 20, 15, 8, 19, 1, 9, 19, 20, 9, 7, 7, 2, 20, 1, 20, 14, 12, 9, 20, 6, 16, 3, 3, 12, 6, 17, 1, 17, 8, 10, 13, 1, 8, 15, 3, 12, 17, 20, 6, 12, 1, 5, 16, 2, 14, 2, 9, 7, 2, 17, 6, 15, 14, 1, 6, 15, 13, 4, 4, 4, 2, 13, 12, 2, 14, 15, 5, 18, 8, 13, 11, 5, 4, 6, 5, 14, 4, 11, 18, 5, 4, 18, 15, 11, 14, 7, 3, 19, 15, 2, 15, 12, 8, 5, 8, 13, 4, 18, 11, 11, 18, 5, 4, 13, 18, 14, 5, 8, 11, 13, 4, 11, 11, 11, 18, 11]
bestever    1838    in generation 1316
[3, 19, 3, 16, 16, 17, 9, 13, 19, 16, 16, 10, 7, 6, 9, 7, 16, 19, 20, 17, 10, 20, 16, 9, 9, 13, 19, 18, 1, 7, 19, 9, 15, 12, 17, 6, 3, 10, 1, 13, 14, 16, 6, 17, 3, 12, 2, 10, 20, 19, 19, 7, 10, 18, 2, 10, 10, 10, 7, 1, 12, 8, 3, 14, 16, 6, 8, 4, 5, 3, 17, 15, 9, 5, 14, 20, 1, 8, 2, 17, 12, 7, 18, 10, 20, 15, 8, 19, 1, 9, 19, 20, 9, 7, 7, 2, 20, 1, 20, 14, 12, 9, 20, 6, 16, 3, 3, 12, 6, 17, 1, 17, 8, 10, 13, 1, 8, 15, 3, 12, 17, 20, 6, 12, 1, 5, 16, 2, 14, 2, 9, 7, 2, 17, 6, 15, 14, 1, 6, 15, 13, 4, 4, 4, 2, 13, 12, 2, 14, 15, 5, 18, 8, 13, 11, 5, 4, 6, 5, 14, 4, 11, 18, 5, 4, 18, 15, 11, 14, 7, 3, 19, 15, 2, 15, 12, 8, 5, 8, 13, 4, 18, 11, 11, 18, 5, 4, 13, 18, 14, 5, 8, 11, 13, 4, 11, 11, 11, 18, 11]
bestever    1833    in generation 1657
[3, 19, 3, 16, 16, 17, 9, 13, 19, 16, 16, 10, 7, 6, 9, 7, 16, 19, 20, 17, 10, 20, 16, 9, 9, 13, 19, 18, 1, 7, 19, 9, 15, 12, 17, 6, 3, 10, 1, 13, 6, 16, 14, 17, 3, 12, 2, 10, 20, 19, 10, 7, 19, 18, 2, 10, 10, 10, 7, 1, 12, 8, 3, 14, 16, 6, 8, 4, 5, 3, 17, 15, 9, 5, 14, 20, 1, 8, 2, 17, 12, 7, 6, 18, 10, 20, 15, 8, 19, 1, 9, 11, 19, 20, 9, 7, 7, 2, 20, 1, 20, 14, 12, 9, 20, 16, 3, 3, 12, 6, 17, 1, 17, 8, 10, 13, 1, 8, 15, 3, 12, 17, 20, 6, 12, 1, 5, 16, 2, 14, 11, 2, 9, 7, 2, 17, 6, 15, 14, 1, 6, 15, 13, 4, 4, 4, 2, 13, 12, 2, 14, 15, 5, 18, 8, 13, 5, 4, 6, 5, 14, 4, 18, 5, 4, 18, 15, 11, 14, 7, 3, 19, 15, 2, 15, 12, 8, 5, 8, 13, 4, 18, 11, 11, 18, 5, 4, 13, 18, 14, 5, 8, 11, 13, 4, 11, 11, 11, 18, 11]
bestever    1830    in generation 2011
[3, 19, 3, 16, 16, 17, 9, 16, 19, 16, 13, 10, 7, 6, 9, 7, 16, 19, 20, 17, 10, 20, 16, 9, 9, 13, 19, 18, 1, 7, 19, 9, 15, 12, 17, 6, 3, 10, 1, 13, 6, 16, 14, 17, 3, 12, 2, 10, 20, 19, 10, 7, 19, 18, 2, 10, 10, 10, 7, 1, 12, 8, 3, 14, 16, 6, 8, 4, 5, 3, 17, 15, 9, 5, 14, 20, 1, 8, 2, 17, 12, 7, 6, 18, 10, 20, 19, 15, 8, 19, 1, 9, 11, 19, 20, 9, 7, 7, 2, 20, 1, 20, 14, 12, 9, 20, 16, 6, 3, 12, 3, 17, 1, 17, 8, 10, 13, 1, 8, 15, 3, 12, 17, 20, 6, 12, 1, 5, 16, 2, 14, 11, 2, 9, 7, 2, 17, 6, 15, 14, 1, 6, 15, 13, 4, 4, 4, 2, 13, 12, 2, 14, 15, 5, 18, 8, 13, 5, 4, 6, 5, 14, 4, 18, 5, 4, 18, 15, 11, 14, 7, 3, 15, 2, 15, 12, 8, 5, 8, 13, 4, 18, 11, 11, 18, 5, 4, 13, 18, 14, 5, 8, 11, 13, 4, 11, 11, 11, 18, 11]
bestever    1815    in generation 2060
[3, 19, 3, 16, 16, 17, 9, 16, 19, 16, 13, 10, 7, 6, 9, 7, 16, 19, 19, 17, 10, 20, 16, 9, 9, 13, 19, 18, 1, 7, 20, 9, 15, 12, 17, 6, 3, 10, 1, 13, 6, 16, 14, 17, 3, 12, 2, 10, 20, 19, 10, 7, 19, 18, 2, 10, 10, 10, 7, 1, 12, 8, 3, 14, 16, 6, 8, 4, 5, 3, 17, 15, 9, 5, 14, 20, 1, 8, 2, 17, 12, 7, 6, 18, 10, 20, 19, 15, 8, 19, 1, 9, 11, 19, 20, 9, 7, 7, 2, 20, 1, 20, 14, 12, 9, 20, 16, 6, 3, 12, 3, 17, 1, 17, 8, 10, 13, 1, 8, 15, 3, 12, 17, 20, 6, 12, 1, 5, 16, 2, 14, 11, 2, 9, 7, 2, 17, 6, 15, 14, 1, 6, 15, 13, 4, 4, 4, 2, 13, 12, 2, 14, 15, 5, 18, 8, 13, 5, 4, 6, 5, 14, 4, 18, 5, 4, 18, 15, 11, 14, 7, 3, 15, 2, 15, 12, 8, 5, 8, 13, 4, 18, 11, 11, 18, 5, 4, 13, 18, 14, 5, 8, 11, 13, 4, 11, 11, 11, 18, 11]
bestever    1814    in generation 2105
[3, 19, 3, 16, 16, 17, 9, 16, 19, 16, 13, 10, 7, 6, 9, 7, 16, 19, 19, 17, 10, 20, 16, 9, 9, 13, 19, 18, 1, 7, 20, 9, 15, 12, 17, 6, 3, 10, 1, 13, 6, 16, 14, 17, 3, 12, 2, 10, 20, 19, 10, 7, 19, 18, 2, 10, 10, 10, 7, 1, 12, 8, 3, 14, 16, 6, 8, 4, 5, 3, 17, 15, 9, 5, 14, 20, 1, 8, 2, 17, 12, 7, 6, 18, 10, 20, 19, 15, 8, 19, 1, 9, 11, 19, 20, 9, 7, 7, 2, 20, 1, 20, 14, 12, 9, 20, 16, 6, 3, 12, 3, 17, 1, 17, 8, 10, 13, 1, 8, 15, 3, 12, 17, 20, 6, 12, 1, 5, 16, 2, 14, 11, 2, 9, 7, 2, 17, 6, 15, 14, 1, 6, 15, 13, 4, 4, 4, 2, 13, 12, 2, 14, 15, 4, 18, 8, 13, 5, 5, 6, 5, 14, 4, 18, 5, 4, 18, 15, 11, 14, 7, 3, 14, 2, 15, 12, 8, 5, 8, 13, 4, 18, 11, 11, 18, 5, 4, 13, 18, 15, 5, 8, 11, 13, 4, 11, 11, 11, 18, 11]
bestever    1812    in generation 2115
[3, 19, 3, 16, 16, 17, 9, 16, 19, 16, 13, 10, 7, 6, 9, 7, 16, 19, 19, 17, 10, 20, 16, 9, 9, 13, 19, 18, 1, 7, 20, 9, 15, 12, 17, 6, 3, 10, 1, 13, 6, 16, 14, 17, 3, 12, 2, 10, 20, 19, 10, 7, 19, 18, 2, 10, 10, 10, 7, 1, 12, 8, 9, 14, 16, 6, 8, 4, 5, 3, 17, 15, 3, 5, 14, 20, 1, 8, 2, 17, 12, 7, 6, 18, 10, 20, 19, 15, 8, 19, 1, 9, 11, 19, 20, 9, 7, 7, 2, 20, 1, 20, 14, 12, 9, 20, 16, 6, 3, 12, 3, 17, 1, 17, 8, 10, 13, 1, 8, 15, 3, 12, 17, 20, 6, 12, 1, 5, 16, 2, 14, 11, 2, 9, 7, 2, 17, 6, 15, 14, 1, 6, 15, 13, 4, 4, 4, 2, 13, 12, 2, 14, 15, 4, 18, 8, 13, 5, 5, 6, 5, 14, 4, 18, 5, 4, 18, 15, 11, 14, 7, 3, 14, 2, 15, 12, 8, 5, 8, 13, 4, 18, 11, 11, 18, 5, 4, 13, 18, 15, 5, 8, 11, 13, 4, 11, 11, 11, 18, 11]
bestever    1807    in generation 2124
[3, 19, 3, 16, 16, 17, 9, 16, 19, 16, 13, 10, 7, 6, 9, 7, 16, 19, 19, 17, 10, 20, 16, 9, 9, 13, 19, 18, 1, 7, 20, 9, 15, 12, 17, 6, 3, 10, 1, 13, 6, 16, 14, 17, 3, 12, 2, 10, 20, 19, 10, 7, 19, 18, 2, 10, 10, 13, 7, 1, 12, 8, 9, 14, 16, 6, 8, 4, 5, 3, 17, 15, 3, 5, 14, 20, 1, 8, 2, 17, 12, 7, 6, 18, 10, 20, 19, 15, 8, 19, 1, 9, 11, 19, 20, 9, 7, 7, 2, 20, 1, 20, 14, 12, 9, 20, 16, 6, 3, 12, 3, 17, 1, 17, 8, 10, 13, 1, 8, 15, 3, 12, 17, 20, 6, 12, 1, 5, 16, 2, 14, 11, 2, 9, 7, 2, 17, 6, 15, 14, 1, 6, 15, 13, 4, 4, 4, 2, 10, 12, 2, 14, 15, 4, 18, 8, 13, 5, 5, 6, 5, 14, 4, 18, 5, 4, 18, 15, 11, 14, 7, 3, 14, 2, 15, 12, 8, 5, 8, 13, 4, 18, 11, 11, 18, 5, 4, 13, 18, 15, 5, 8, 11, 13, 4, 11, 11, 11, 18, 11]
bestever    1790    in generation 2147
[3, 19, 3, 16, 16, 17, 9, 16, 19, 16, 13, 10, 7, 6, 9, 7, 3, 19, 19, 17, 10, 20, 16, 9, 9, 13, 19, 18, 1, 7, 20, 9, 15, 12, 17, 6, 3, 10, 1, 13, 6, 16, 14, 17, 16, 12, 2, 10, 20, 19, 10, 7, 19, 18, 2, 10, 10, 13, 7, 1, 12, 8, 9, 14, 16, 6, 8, 4, 5, 3, 17, 15, 3, 5, 14, 20, 1, 8, 2, 17, 12, 7, 6, 18, 10, 20, 19, 15, 8, 19, 1, 9, 11, 19, 20, 9, 7, 7, 2, 20, 1, 20, 14, 12, 9, 20, 16, 6, 3, 12, 3, 17, 1, 17, 8, 10, 13, 1, 8, 15, 3, 12, 17, 20, 6, 12, 1, 5, 16, 2, 14, 11, 2, 9, 7, 2, 17, 6, 15, 14, 1, 6, 15, 13, 4, 4, 4, 2, 10, 12, 2, 14, 15, 4, 18, 8, 13, 5, 5, 6, 5, 14, 4, 18, 5, 4, 18, 15, 11, 14, 7, 3, 14, 2, 15, 12, 8, 5, 8, 13, 4, 18, 11, 11, 18, 5, 4, 13, 18, 15, 5, 8, 11, 13, 4, 11, 11, 11, 18, 11]
bestever    1788    in generation 2310
[3, 19, 3, 16, 16, 17, 9, 16, 19, 16, 13, 10, 7, 6, 9, 7, 3, 19, 19, 17, 10, 20, 16, 9, 9, 13, 19, 18, 1, 7, 20, 9, 15, 12, 17, 6, 3, 10, 1, 13, 6, 16, 14, 17, 16, 12, 2, 10, 20, 19, 10, 7, 19, 18, 2, 10, 10, 13, 7, 1, 12, 8, 9, 14, 16, 6, 8, 4, 5, 3, 17, 15, 3, 10, 14, 20, 1, 8, 2, 17, 12, 7, 6, 18, 10, 20, 19, 15, 8, 19, 1, 9, 11, 19, 20, 9, 7, 7, 2, 20, 1, 20, 14, 12, 9, 20, 16, 6, 3, 12, 3, 17, 1, 17, 8, 10, 13, 1, 8, 15, 3, 12, 17, 20, 6, 12, 1, 5, 16, 2, 14, 11, 2, 9, 7, 2, 17, 6, 15, 14, 1, 6, 15, 13, 4, 4, 4, 2, 5, 12, 2, 14, 15, 4, 18, 8, 13, 5, 5, 6, 5, 14, 4, 18, 5, 4, 18, 15, 11, 14, 7, 3, 14, 2, 15, 12, 8, 5, 8, 13, 4, 18, 11, 11, 18, 5, 4, 13, 18, 15, 5, 8, 11, 13, 4, 11, 11, 11, 18, 11]
bestever    1787    in generation 2357
[3, 19, 3, 16, 16, 17, 9, 16, 19, 16, 9, 10, 7, 6, 13, 7, 3, 19, 19, 17, 10, 20, 16, 9, 9, 13, 19, 18, 1, 7, 20, 9, 15, 12, 17, 6, 3, 10, 1, 13, 6, 16, 14, 17, 16, 12, 2, 10, 20, 19, 10, 7, 19, 18, 2, 10, 10, 13, 7, 1, 12, 8, 9, 14, 16, 6, 8, 4, 5, 3, 17, 15, 3, 10, 14, 20, 1, 8, 2, 17, 12, 7, 6, 18, 10, 20, 19, 15, 8, 19, 1, 9, 11, 19, 20, 9, 7, 7, 2, 20, 1, 20, 14, 12, 9, 20, 16, 6, 3, 12, 3, 17, 1, 17, 8, 10, 13, 1, 8, 15, 3, 12, 17, 20, 6, 12, 1, 5, 16, 2, 14, 11, 2, 9, 7, 2, 17, 6, 15, 14, 6, 6, 15, 13, 4, 4, 4, 2, 5, 12, 2, 14, 15, 4, 18, 8, 13, 5, 5, 1, 5, 14, 4, 18, 5, 4, 18, 15, 11, 14, 7, 3, 14, 2, 15, 12, 8, 5, 8, 13, 4, 18, 11, 11, 18, 5, 4, 13, 18, 15, 5, 8, 11, 13, 4, 11, 11, 11, 18, 11]
bestever    1786    in generation 2951
[3, 19, 3, 16, 16, 17, 9, 16, 19, 16, 9, 10, 7, 6, 13, 7, 3, 19, 19, 17, 9, 10, 20, 16, 2, 9, 13, 19, 18, 1, 7, 3, 9, 15, 12, 17, 6, 20, 10, 1, 13, 6, 16, 14, 17, 16, 12, 10, 20, 19, 10, 19, 7, 19, 18, 2, 10, 10, 13, 7, 1, 12, 8, 9, 14, 16, 6, 8, 4, 5, 3, 17, 15, 3, 10, 14, 20, 1, 11, 8, 2, 19, 12, 7, 6, 18, 10, 20, 17, 15, 8, 19, 1, 9, 11, 20, 9, 7, 7, 2, 20, 1, 20, 14, 3, 9, 20, 16, 6, 3, 12, 12, 3, 17, 1, 17, 8, 10, 13, 1, 8, 15, 3, 12, 17, 20, 6, 12, 1, 5, 16, 2, 14, 2, 9, 7, 2, 17, 6, 15, 14, 6, 6, 15, 13, 4, 4, 4, 2, 5, 5, 2, 14, 15, 4, 18, 8, 13, 5, 5, 1, 5, 14, 4, 18, 12, 4, 18, 15, 11, 14, 7, 14, 2, 15, 8, 12, 8, 5, 8, 13, 4, 18, 11, 11, 5, 4, 13, 18, 11, 18, 15, 5, 11, 13, 4, 11, 11, 18, 11]
bestever    1785    in generation 4670
[19, 19, 3, 16, 16, 17, 9, 10, 3, 16, 9, 16, 7, 6, 13, 7, 3, 19, 19, 17, 9, 17, 10, 20, 9, 13, 16, 2, 9, 19, 18, 1, 7, 3, 9, 15, 12, 17, 6, 20, 10, 1, 13, 6, 16, 19, 14, 17, 16, 12, 10, 20, 10, 19, 7, 19, 18, 16, 10, 10, 13, 14, 1, 9, 12, 8, 7, 2, 6, 8, 5, 15, 3, 3, 16, 10, 10, 14, 20, 1, 8, 2, 19, 12, 7, 6, 10, 20, 17, 15, 16, 8, 19, 1, 9, 20, 7, 7, 2, 20, 1, 20, 14, 3, 9, 20, 6, 3, 12, 12, 3, 17, 1, 17, 8, 1, 8, 12, 15, 3, 17, 20, 11, 11, 11, 4, 13, 18, 6, 12, 1, 5, 18, 2, 14, 2, 9, 7, 2, 17, 6, 15, 14, 6, 6, 15, 13, 4, 4, 4, 2, 5, 5, 2, 14, 15, 4, 8, 13, 5, 12, 5, 1, 5, 14, 4, 18, 12, 4, 18, 15, 11, 14, 7, 14, 2, 15, 11, 8, 5, 8, 13, 4, 11, 5, 18, 11, 4, 13, 18, 8, 18, 15, 5, 11, 13, 4, 11, 18, 11]
bestever    1783    in generation 4677
[19, 19, 3, 16, 16, 17, 9, 10, 3, 16, 9, 16, 7, 6, 13, 7, 3, 19, 19, 17, 9, 17, 10, 20, 9, 13, 16, 2, 9, 19, 18, 1, 7, 3, 9, 15, 12, 17, 6, 20, 10, 1, 13, 6, 16, 19, 14, 17, 16, 12, 10, 20, 10, 19, 7, 19, 18, 16, 10, 10, 13, 14, 1, 9, 12, 8, 7, 2, 6, 8, 5, 15, 3, 3, 16, 10, 10, 14, 20, 1, 8, 2, 19, 12, 7, 6, 10, 20, 17, 15, 16, 8, 19, 1, 9, 20, 7, 7, 2, 20, 1, 20, 14, 18, 9, 20, 6, 3, 12, 12, 3, 17, 1, 17, 8, 1, 8, 12, 15, 3, 17, 20, 11, 11, 11, 4, 13, 18, 6, 12, 1, 5, 3, 2, 14, 2, 9, 7, 2, 17, 6, 15, 14, 6, 6, 15, 13, 4, 4, 4, 2, 5, 5, 2, 14, 15, 4, 8, 13, 5, 12, 5, 1, 5, 14, 4, 18, 12, 4, 18, 15, 11, 14, 7, 14, 2, 15, 11, 8, 5, 8, 13, 4, 11, 5, 18, 11, 4, 13, 18, 8, 18, 15, 5, 11, 13, 4, 11, 18, 11]
bestever    1782    in generation 4738
[19, 19, 3, 16, 16, 17, 9, 10, 3, 16, 9, 16, 7, 6, 13, 7, 3, 19, 19, 17, 9, 17, 10, 20, 9, 13, 16, 2, 9, 19, 18, 1, 7, 3, 9, 15, 12, 17, 6, 20, 10, 1, 13, 6, 16, 19, 14, 17, 16, 12, 10, 20, 10, 19, 7, 19, 18, 16, 10, 10, 13, 14, 1, 9, 12, 8, 7, 2, 6, 8, 5, 15, 3, 3, 16, 10, 10, 14, 20, 1, 8, 2, 19, 12, 7, 6, 10, 20, 17, 15, 16, 8, 19, 1, 9, 20, 7, 7, 2, 20, 1, 20, 14, 18, 9, 20, 6, 3, 12, 12, 3, 17, 1, 17, 8, 1, 8, 12, 15, 3, 17, 20, 11, 11, 4, 13, 18, 6, 12, 1, 5, 3, 2, 14, 2, 9, 7, 2, 17, 6, 15, 14, 6, 6, 15, 13, 4, 4, 4, 2, 5, 5, 2, 14, 15, 4, 8, 13, 5, 12, 5, 1, 5, 14, 4, 12, 18, 11, 4, 18, 15, 11, 14, 7, 14, 2, 15, 11, 8, 5, 8, 13, 4, 11, 5, 18, 11, 4, 13, 18, 8, 18, 15, 5, 11, 13, 4, 11, 18, 11]
bestever    1781    in generation 4782
[19, 19, 3, 16, 16, 17, 9, 10, 3, 16, 9, 16, 7, 6, 13, 7, 3, 19, 19, 17, 9, 17, 10, 20, 9, 13, 16, 2, 9, 19, 18, 1, 7, 3, 9, 15, 12, 17, 6, 20, 10, 1, 13, 6, 16, 19, 14, 17, 16, 12, 10, 20, 10, 19, 7, 19, 18, 16, 10, 10, 13, 14, 1, 9, 12, 8, 7, 2, 6, 8, 5, 15, 3, 3, 16, 10, 10, 14, 20, 1, 8, 2, 19, 12, 7, 6, 10, 20, 17, 15, 16, 8, 19, 1, 9, 20, 7, 7, 2, 20, 1, 20, 14, 18, 9, 20, 6, 3, 12, 12, 3, 17, 1, 17, 8, 1, 8, 12, 15, 3, 17, 20, 11, 2, 4, 13, 18, 6, 12, 1, 5, 3, 2, 14, 11, 9, 7, 2, 17, 6, 15, 14, 6, 6, 15, 13, 4, 4, 4, 2, 5, 5, 2, 14, 15, 4, 8, 13, 5, 12, 5, 1, 5, 14, 4, 12, 18, 11, 4, 18, 15, 11, 14, 7, 14, 2, 15, 11, 8, 5, 8, 13, 4, 11, 5, 18, 11, 4, 13, 18, 8, 18, 15, 5, 11, 13, 4, 11, 18, 11]
bestever    1779    in generation 4852
[19, 19, 3, 16, 16, 17, 9, 10, 3, 16, 9, 16, 7, 6, 13, 7, 3, 19, 19, 17, 9, 17, 10, 20, 9, 13, 16, 16, 9, 19, 18, 1, 7, 3, 9, 15, 12, 17, 6, 20, 10, 1, 13, 6, 2, 19, 14, 17, 16, 12, 10, 20, 10, 19, 7, 19, 18, 16, 10, 10, 13, 14, 1, 9, 12, 8, 7, 2, 6, 8, 5, 15, 3, 3, 16, 10, 10, 14, 20, 1, 8, 2, 19, 12, 7, 6, 10, 20, 17, 15, 16, 8, 19, 1, 9, 20, 7, 7, 2, 20, 1, 20, 14, 18, 9, 20, 6, 3, 12, 12, 3, 17, 1, 17, 8, 1, 8, 12, 15, 3, 17, 20, 11, 11, 8, 4, 18, 6, 12, 1, 5, 3, 2, 14, 2, 9, 7, 2, 17, 6, 15, 14, 6, 6, 15, 13, 4, 4, 4, 2, 5, 5, 2, 14, 15, 4, 13, 13, 5, 12, 5, 1, 5, 14, 4, 12, 18, 11, 4, 18, 15, 11, 14, 7, 14, 2, 15, 11, 8, 5, 8, 13, 4, 11, 5, 18, 11, 4, 13, 18, 8, 18, 15, 5, 11, 13, 4, 11, 18, 11]
bestever    1772    in generation 5508
[19, 19, 3, 16, 16, 17, 9, 10, 3, 16, 9, 16, 7, 6, 13, 3, 3, 19, 19, 17, 9, 7, 17, 10, 20, 9, 13, 16, 16, 9, 19, 18, 1, 7, 7, 9, 15, 12, 17, 6, 20, 10, 1, 13, 6, 2, 19, 14, 17, 16, 12, 10, 20, 10, 19, 7, 19, 18, 16, 10, 10, 13, 14, 1, 9, 12, 8, 7, 2, 6, 8, 5, 15, 3, 3, 10, 10, 10, 14, 20, 1, 8, 2, 19, 12, 7, 6, 16, 20, 17, 15, 8, 19, 1, 9, 20, 7, 2, 20, 1, 20, 14, 18, 9, 20, 6, 3, 12, 12, 3, 17, 1, 17, 8, 1, 8, 12, 15, 7, 17, 20, 11, 11, 8, 4, 18, 6, 12, 2, 1, 5, 3, 2, 14, 2, 14, 3, 17, 6, 15, 14, 6, 6, 15, 13, 4, 4, 4, 2, 5, 5, 2, 9, 15, 4, 13, 13, 5, 12, 5, 12, 5, 14, 4, 1, 18, 4, 11, 18, 11, 15, 14, 18, 11, 7, 14, 2, 15, 11, 16, 8, 5, 8, 13, 4, 11, 5, 4, 13, 18, 8, 18, 15, 5, 11, 13, 4, 11, 18, 11]
bestever    1761    in generation 5681
[19, 19, 3, 16, 16, 17, 9, 10, 3, 16, 9, 16, 7, 6, 13, 3, 3, 19, 19, 17, 9, 7, 17, 10, 20, 9, 13, 16, 16, 9, 19, 18, 1, 7, 7, 9, 17, 12, 17, 6, 20, 10, 1, 13, 6, 2, 19, 14, 17, 16, 12, 10, 20, 10, 19, 7, 19, 18, 16, 10, 10, 13, 14, 1, 9, 12, 8, 7, 2, 6, 8, 5, 15, 3, 3, 10, 10, 10, 14, 20, 1, 8, 2, 19, 12, 7, 6, 16, 20, 15, 15, 8, 19, 1, 9, 20, 7, 2, 20, 1, 20, 14, 18, 9, 20, 6, 3, 12, 12, 3, 17, 1, 17, 8, 1, 8, 12, 15, 7, 17, 20, 11, 11, 8, 4, 18, 6, 12, 2, 1, 5, 3, 2, 14, 2, 14, 3, 17, 6, 15, 14, 6, 6, 15, 13, 4, 4, 4, 2, 5, 5, 2, 9, 15, 4, 13, 13, 5, 12, 5, 12, 5, 14, 4, 1, 18, 4, 11, 18, 11, 15, 14, 18, 11, 7, 14, 2, 15, 11, 16, 8, 5, 8, 13, 4, 11, 5, 4, 13, 18, 8, 18, 15, 5, 11, 13, 4, 11, 18, 11]
bestever    1758    in generation 5808
[19, 19, 3, 16, 16, 16, 9, 10, 3, 16, 9, 17, 7, 6, 13, 3, 3, 19, 19, 17, 9, 7, 17, 10, 20, 9, 13, 16, 16, 9, 19, 18, 1, 7, 7, 9, 17, 12, 17, 6, 20, 10, 1, 13, 6, 2, 19, 14, 17, 16, 12, 10, 20, 10, 19, 7, 19, 18, 16, 10, 10, 13, 14, 1, 9, 12, 8, 7, 2, 6, 8, 5, 15, 3, 3, 10, 10, 10, 14, 20, 1, 8, 2, 19, 12, 7, 6, 16, 20, 15, 15, 8, 19, 1, 9, 20, 7, 2, 20, 1, 20, 14, 18, 9, 20, 6, 3, 12, 12, 3, 17, 1, 17, 8, 1, 8, 12, 15, 7, 17, 20, 11, 11, 8, 4, 18, 6, 12, 2, 1, 5, 3, 2, 14, 2, 14, 3, 17, 6, 15, 14, 6, 6, 15, 13, 4, 4, 4, 2, 5, 5, 2, 9, 15, 4, 13, 13, 5, 12, 5, 12, 5, 14, 4, 1, 18, 4, 11, 18, 11, 15, 14, 18, 11, 7, 14, 2, 15, 11, 16, 8, 5, 8, 13, 4, 11, 5, 4, 13, 18, 8, 18, 15, 5, 11, 13, 4, 11, 18, 11]
bestever    1756    in generation 6048
[19, 19, 3, 16, 16, 16, 9, 10, 3, 16, 9, 13, 17, 7, 6, 3, 3, 19, 19, 17, 9, 7, 16, 10, 20, 9, 13, 16, 16, 9, 19, 18, 1, 7, 7, 9, 17, 12, 17, 6, 20, 10, 1, 13, 6, 2, 19, 14, 17, 16, 12, 10, 20, 10, 19, 7, 19, 18, 17, 10, 10, 13, 14, 1, 9, 12, 8, 7, 2, 6, 8, 5, 15, 3, 3, 10, 10, 10, 14, 20, 1, 8, 2, 19, 12, 7, 6, 16, 20, 15, 9, 8, 19, 1, 15, 20, 7, 2, 20, 1, 20, 14, 18, 9, 20, 6, 3, 12, 12, 3, 17, 1, 17, 4, 1, 8, 12, 15, 7, 17, 20, 11, 11, 8, 8, 18, 6, 12, 2, 1, 5, 3, 2, 14, 2, 14, 3, 17, 6, 15, 14, 6, 6, 15, 13, 4, 4, 4, 2, 5, 5, 2, 9, 15, 4, 13, 13, 5, 12, 5, 12, 5, 14, 4, 1, 18, 4, 11, 18, 11, 15, 14, 18, 11, 7, 14, 2, 15, 11, 16, 8, 5, 8, 13, 4, 11, 5, 4, 13, 18, 8, 18, 15, 5, 11, 13, 4, 11, 18, 11]
bestever    1741    in generation 6052
[19, 19, 3, 16, 16, 16, 9, 10, 3, 16, 9, 13, 17, 7, 6, 3, 3, 19, 19, 17, 9, 7, 16, 10, 20, 9, 13, 16, 1, 9, 19, 18, 16, 7, 7, 9, 17, 12, 17, 6, 20, 10, 1, 13, 6, 2, 19, 14, 17, 16, 12, 10, 20, 10, 19, 7, 19, 18, 17, 10, 10, 13, 14, 1, 9, 12, 8, 7, 2, 6, 8, 5, 15, 3, 3, 10, 10, 10, 14, 20, 1, 8, 2, 19, 12, 7, 6, 16, 20, 15, 9, 8, 19, 1, 15, 20, 7, 2, 20, 1, 20, 14, 18, 9, 20, 6, 3, 12, 12, 3, 17, 1, 17, 4, 1, 8, 12, 15, 7, 17, 20, 11, 11, 8, 8, 18, 6, 12, 2, 1, 5, 3, 2, 14, 2, 14, 3, 17, 6, 15, 14, 6, 6, 15, 13, 4, 4, 4, 2, 5, 5, 2, 9, 15, 4, 13, 13, 5, 12, 5, 12, 5, 14, 4, 1, 18, 4, 11, 18, 11, 15, 14, 18, 11, 7, 14, 2, 15, 11, 16, 8, 5, 8, 13, 4, 11, 5, 4, 13, 18, 8, 18, 15, 5, 11, 13, 4, 11, 18, 11]
bestever    1739    in generation 6281
[19, 19, 3, 16, 16, 16, 9, 10, 3, 16, 9, 13, 17, 7, 6, 19, 3, 19, 3, 17, 9, 7, 16, 10, 20, 9, 13, 16, 1, 3, 9, 19, 18, 16, 7, 7, 9, 17, 12, 17, 6, 20, 10, 1, 13, 6, 2, 19, 14, 17, 16, 12, 10, 20, 10, 19, 7, 19, 18, 17, 10, 10, 13, 14, 1, 9, 12, 8, 7, 2, 6, 8, 5, 15, 3, 10, 10, 10, 14, 20, 1, 7, 2, 19, 12, 7, 6, 16, 20, 20, 9, 8, 19, 1, 15, 20, 8, 2, 20, 1, 15, 14, 18, 9, 20, 6, 3, 12, 12, 3, 17, 1, 17, 4, 1, 8, 12, 15, 7, 17, 20, 3, 11, 8, 8, 18, 6, 12, 2, 1, 5, 3, 2, 14, 2, 14, 11, 17, 6, 15, 14, 6, 6, 15, 13, 4, 4, 4, 2, 5, 5, 2, 9, 15, 4, 13, 13, 5, 12, 5, 12, 5, 14, 4, 1, 18, 4, 11, 18, 11, 15, 14, 18, 11, 7, 14, 2, 15, 11, 16, 8, 5, 8, 13, 4, 11, 5, 4, 13, 18, 8, 18, 15, 5, 11, 13, 4, 11, 18, 11]
bestever    1738    in generation 6336
[19, 19, 3, 16, 16, 16, 9, 10, 3, 16, 9, 13, 17, 7, 6, 19, 3, 19, 3, 17, 9, 7, 16, 10, 20, 9, 13, 16, 1, 3, 9, 19, 18, 16, 7, 7, 9, 17, 12, 17, 6, 20, 10, 1, 13, 6, 2, 19, 14, 17, 16, 12, 10, 20, 10, 19, 7, 19, 18, 17, 10, 10, 13, 14, 1, 9, 12, 8, 7, 2, 6, 8, 15, 15, 3, 10, 10, 10, 14, 20, 1, 7, 2, 19, 12, 7, 6, 16, 20, 20, 9, 8, 19, 1, 15, 20, 8, 2, 20, 1, 5, 14, 18, 9, 20, 6, 3, 12, 12, 3, 17, 1, 17, 4, 1, 8, 12, 15, 7, 17, 20, 3, 11, 8, 8, 18, 6, 12, 2, 1, 5, 3, 2, 14, 2, 14, 11, 17, 6, 15, 14, 6, 6, 15, 13, 4, 4, 4, 2, 5, 5, 2, 9, 15, 4, 13, 13, 5, 12, 5, 12, 5, 14, 4, 1, 18, 4, 11, 18, 11, 15, 14, 18, 11, 7, 14, 2, 15, 11, 16, 8, 5, 8, 13, 4, 11, 5, 4, 13, 18, 8, 18, 15, 5, 11, 13, 4, 11, 18, 11]
