bestever    3307    in generation 0
[4, 6, 9, 7, 16, 13, 11, 13, 9, 2, 10, 10, 10, 4, 19, 17, 19, 18, 7, 6, 20, 20, 19, 18, 12, 11, 9, 13, 1, 11, 4, 20, 19, 19, 10, 19, 2, 17, 6, 3, 11, 14, 13, 6, 5, 19, 8, 14, 1, 13, 15, 20, 11, 1, 1, 14, 2, 16, 18, 16, 13, 8, 15, 5, 13, 3, 19, 11, 2, 1, 2, 14, 15, 12, 19, 1, 16, 10, 12, 20, 9, 7, 6, 20, 10, 14, 9, 14, 8, 18, 3, 3, 18, 4, 9, 14, 13, 12, 7, 4, 10, 13, 3, 12, 4, 7, 17, 14, 2, 12, 16, 11, 16, 6, 11, 10, 2, 9, 4, 9, 12, 15, 3, 9, 20, 2, 18, 1, 6, 1, 10, 8, 17, 18, 20, 8, 15, 5, 11, 17, 14, 12, 14, 15, 17, 19, 5, 7, 18, 5, 15, 18, 5, 17, 10, 5, 2, 3, 16, 3, 12, 6, 3, 8, 8, 4, 16, 8, 15, 1, 3, 2, 18, 7, 20, 7, 5, 15, 17, 1, 7, 9, 13, 17, 17, 16, 8, 5, 6, 8, 11, 16, 12, 20, 7, 5, 4, 15, 6, 4]
bestever    2983    in generation 3
[5, 10, 14, 14, 17, 15, 13, 4, 13, 7, 16, 10, 10, 19, 20, 11, 6, 15, 8, 7, 2, 20, 11, 19, 2, 13, 6, 16, 13, 7, 13, 19, 1, 20, 20, 8, 13, 5, 13, 8, 1, 11, 6, 19, 7, 11, 7, 11, 11, 8, 2, 6, 20, 8, 8, 19, 4, 9, 17, 16, 12, 16, 1, 6, 17, 3, 5, 17, 5, 15, 13, 19, 15, 3, 15, 4, 16, 4, 18, 19, 20, 7, 11, 20, 10, 14, 9, 14, 8, 18, 3, 3, 18, 4, 9, 14, 13, 12, 7, 4, 10, 13, 3, 12, 4, 7, 17, 14, 2, 12, 16, 11, 16, 6, 11, 10, 2, 9, 4, 9, 12, 15, 3, 9, 20, 2, 18, 1, 6, 1, 10, 8, 17, 18, 20, 8, 15, 5, 11, 17, 14, 12, 14, 15, 17, 19, 5, 7, 18, 5, 15, 18, 5, 17, 10, 5, 2, 3, 16, 3, 12, 6, 1, 14, 9, 5, 20, 7, 1, 3, 3, 2, 14, 2, 1, 15, 4, 6, 9, 6, 10, 2, 17, 9, 9, 18, 19, 12, 12, 4, 8, 12, 18, 16, 1, 19, 10, 16, 1, 18]
bestever    2869    in generation 15
[13, 4, 13, 7, 16, 19, 20, 11, 6, 15, 8, 7, 2, 20, 11, 19, 2, 13, 6, 16, 13, 7, 13, 19, 20, 20, 8, 13, 13, 8, 11, 6, 15, 19, 7, 11, 7, 11, 11, 8, 2, 6, 20, 8, 8, 4, 9, 17, 16, 12, 6, 17, 3, 15, 13, 3, 4, 20, 7, 11, 20, 14, 9, 14, 8, 3, 3, 9, 14, 13, 3, 2, 6, 2, 9, 2, 6, 8, 20, 11, 17, 15, 12, 16, 12, 19, 18, 10, 10, 7, 17, 10, 5, 2, 18, 9, 16, 9, 12, 6, 1, 1, 18, 4, 8, 17, 19, 18, 17, 10, 5, 2, 16, 12, 6, 1, 9, 5, 20, 1, 3, 14, 4, 16, 1, 10, 13, 3, 11, 14, 10, 3, 12, 18, 19, 14, 14, 18, 15, 5, 12, 7, 5, 18, 10, 2, 3, 20, 14, 15, 9, 10, 1, 1, 18, 15, 5, 17, 15, 5, 7, 2, 18, 3, 4, 9, 7, 4, 17, 11, 1, 15, 4, 6, 9, 17, 19, 18, 5, 4, 5, 16, 1, 19, 12, 12, 4, 8, 12, 16, 1, 19, 10, 16, 5, 10, 14, 14, 17, 15]
bestever    2815    in generation 17
[13, 4, 13, 7, 16, 19, 20, 11, 6, 15, 8, 7, 2, 20, 11, 19, 2, 13, 6, 16, 13, 7, 13, 19, 20, 20, 8, 13, 13, 8, 11, 6, 15, 19, 7, 11, 7, 11, 11, 8, 2, 6, 20, 8, 8, 4, 9, 17, 16, 12, 6, 17, 3, 15, 13, 3, 4, 20, 7, 11, 20, 14, 9, 14, 8, 3, 3, 9, 14, 13, 3, 2, 6, 2, 9, 2, 6, 8, 20, 11, 15, 12, 16, 12, 19, 18, 10, 10, 7, 10, 5, 2, 18, 9, 16, 9, 12, 6, 1, 1, 18, 4, 19, 18, 10, 5, 2, 16, 12, 1, 9, 5, 20, 1, 3, 14, 1, 10, 13, 3, 14, 10, 3, 12, 18, 19, 14, 15, 5, 7, 5, 10, 2, 3, 15, 10, 5, 17, 5, 14, 17, 11, 15, 4, 9, 17, 5, 17, 15, 5, 7, 2, 18, 3, 4, 9, 7, 4, 17, 11, 16, 9, 6, 12, 6, 1, 1, 18, 4, 17, 20, 8, 15, 14, 17, 19, 18, 5, 4, 16, 1, 18, 19, 12, 12, 4, 8, 12, 10, 14, 18, 16, 1, 19, 10, 16, 1, 14, 17, 15]
bestever    2806    in generation 25
[13, 4, 13, 7, 16, 19, 20, 11, 6, 15, 8, 7, 2, 20, 11, 19, 2, 13, 6, 16, 13, 7, 13, 19, 20, 20, 8, 13, 13, 8, 11, 6, 15, 19, 7, 11, 7, 11, 11, 8, 2, 6, 20, 8, 8, 4, 9, 17, 16, 12, 6, 17, 3, 15, 13, 3, 4, 20, 7, 11, 20, 14, 9, 14, 8, 3, 3, 9, 14, 13, 3, 2, 6, 2, 9, 2, 6, 20, 11, 15, 12, 16, 12, 19, 18, 10, 10, 7, 10, 5, 2, 18, 9, 9, 6, 1, 1, 18, 4, 10, 5, 2, 12, 9, 5, 20, 3, 14, 1, 10, 13, 3, 14, 10, 3, 12, 19, 15, 5, 7, 5, 10, 2, 3, 15, 10, 5, 17, 5, 14, 17, 11, 15, 9, 17, 5, 16, 12, 1, 1, 18, 8, 15, 14, 17, 19, 18, 4, 16, 5, 7, 2, 18, 3, 4, 9, 7, 4, 17, 11, 16, 9, 6, 12, 6, 1, 1, 18, 4, 17, 20, 8, 15, 14, 17, 19, 18, 5, 4, 16, 1, 18, 19, 12, 12, 4, 8, 12, 10, 14, 18, 16, 1, 19, 10, 16, 1, 14, 17, 15]
bestever    2671    in generation 29
[13, 4, 13, 7, 16, 19, 20, 11, 6, 15, 8, 7, 2, 20, 11, 19, 2, 13, 6, 16, 13, 7, 13, 19, 20, 20, 8, 13, 13, 8, 11, 6, 15, 19, 7, 11, 7, 11, 11, 8, 2, 6, 20, 8, 8, 4, 9, 17, 16, 12, 6, 17, 3, 15, 13, 3, 4, 20, 7, 11, 20, 14, 9, 14, 8, 3, 3, 9, 14, 13, 3, 2, 6, 2, 9, 2, 6, 20, 11, 15, 12, 16, 12, 19, 18, 10, 10, 7, 10, 5, 2, 18, 9, 9, 6, 1, 1, 18, 4, 10, 5, 2, 12, 9, 5, 3, 14, 1, 10, 3, 14, 10, 3, 12, 19, 15, 5, 7, 5, 10, 2, 3, 15, 10, 5, 17, 5, 14, 17, 11, 15, 9, 17, 5, 16, 1, 1, 18, 8, 15, 14, 17, 18, 4, 5, 7, 2, 18, 3, 4, 9, 7, 4, 17, 11, 9, 6, 18, 4, 17, 20, 15, 14, 17, 18, 5, 4, 18, 19, 12, 8, 16, 19, 16, 12, 6, 19, 16, 12, 1, 20, 1, 1, 13, 12, 4, 8, 12, 10, 14, 18, 16, 1, 19, 10, 16, 1, 14, 17, 15]
bestever    2537    in generation 33
[3, 15, 3, 14, 9, 14, 3, 3, 9, 2, 2, 2, 15, 12, 10, 9, 9, 5, 3, 15, 9, 10, 10, 12, 5, 14, 18, 1, 1, 10, 5, 9, 3, 10, 3, 10, 3, 12, 14, 14, 12, 1, 1, 17, 15, 19, 18, 19, 12, 4, 10, 18, 16, 10, 12, 5, 5, 10, 3, 15, 10, 5, 17, 5, 14, 17, 9, 17, 5, 12, 19, 16, 16, 1, 18, 17, 1, 1, 18, 20, 8, 19, 18, 19, 11, 16, 8, 16, 2, 3, 9, 20, 8, 15, 11, 7, 7, 4, 11, 9, 6, 6, 6, 6, 8, 15, 4, 14, 4, 17, 12, 1, 1, 18, 4, 17, 20, 8, 15, 19, 18, 5, 4, 11, 19, 7, 11, 12, 6, 17, 14, 20, 4, 14, 20, 8, 15, 11, 7, 11, 7, 2, 16, 13, 13, 13, 19, 13, 6, 6, 8, 19, 8, 18, 16, 16, 13, 4, 13, 7, 20, 11, 6, 8, 7, 2, 20, 11, 2, 13, 6, 13, 7, 14, 17, 19, 18, 5, 4, 16, 1, 16, 17, 13, 4, 13, 7, 20, 11, 6, 8, 7, 2, 20, 2, 20, 15, 2, 9, 12]
bestever    2524    in generation 34
[9, 12, 3, 15, 3, 7, 14, 9, 14, 3, 3, 9, 2, 20, 15, 12, 10, 9, 2, 9, 5, 3, 15, 9, 10, 10, 12, 5, 14, 18, 1, 1, 10, 5, 9, 3, 10, 3, 10, 3, 12, 14, 14, 12, 1, 1, 17, 19, 13, 18, 19, 12, 4, 10, 18, 16, 10, 12, 5, 5, 10, 3, 10, 5, 17, 5, 14, 17, 9, 17, 5, 12, 14, 16, 1, 18, 17, 17, 4, 4, 1, 18, 18, 11, 8, 15, 19, 16, 2, 3, 9, 8, 15, 18, 4, 11, 19, 7, 7, 4, 11, 16, 9, 6, 6, 12, 1, 1, 18, 4, 17, 20, 8, 15, 19, 18, 5, 4, 11, 19, 7, 11, 12, 6, 17, 20, 4, 14, 2, 16, 8, 15, 14, 19, 20, 8, 15, 11, 7, 11, 7, 2, 16, 13, 1, 13, 19, 13, 19, 16, 6, 8, 16, 15, 14, 17, 19, 7, 20, 11, 6, 2, 20, 2, 13, 6, 13, 18, 5, 4, 16, 1, 16, 17, 13, 4, 13, 6, 7, 2, 20, 2, 13, 6, 13, 7, 20, 20, 8, 8, 6, 15, 7, 11, 11, 8, 2, 6, 20, 8]
bestever    2484    in generation 45
[9, 12, 3, 15, 3, 7, 14, 9, 14, 3, 3, 9, 2, 20, 15, 12, 10, 9, 2, 9, 5, 3, 15, 9, 10, 10, 12, 5, 14, 18, 1, 1, 10, 5, 9, 3, 10, 3, 10, 3, 12, 14, 14, 12, 1, 1, 17, 19, 13, 18, 19, 12, 4, 10, 18, 16, 10, 12, 5, 10, 3, 10, 5, 17, 5, 14, 17, 9, 17, 5, 12, 14, 16, 1, 18, 17, 17, 4, 4, 18, 11, 8, 15, 19, 16, 2, 3, 8, 15, 18, 4, 11, 19, 7, 7, 4, 11, 16, 9, 6, 6, 12, 1, 18, 4, 17, 20, 8, 15, 19, 18, 5, 4, 11, 19, 7, 11, 12, 6, 17, 20, 4, 14, 2, 16, 8, 15, 14, 19, 20, 8, 15, 11, 7, 11, 7, 2, 16, 13, 1, 13, 19, 13, 19, 16, 6, 8, 16, 15, 17, 19, 7, 20, 14, 18, 1, 1, 5, 9, 11, 6, 2, 20, 2, 13, 6, 13, 18, 5, 4, 16, 1, 16, 17, 13, 4, 13, 6, 7, 2, 20, 2, 13, 6, 13, 7, 20, 20, 8, 8, 6, 15, 7, 11, 11, 8, 2, 6, 20, 8]
bestever    2434    in generation 60
[9, 12, 3, 15, 3, 7, 14, 9, 14, 3, 3, 9, 2, 20, 15, 12, 10, 9, 2, 9, 5, 3, 15, 9, 10, 10, 12, 5, 14, 18, 1, 1, 10, 5, 9, 3, 10, 3, 10, 3, 12, 14, 14, 12, 1, 1, 17, 19, 13, 18, 19, 12, 4, 10, 18, 16, 10, 12, 5, 10, 3, 10, 5, 17, 5, 14, 17, 9, 17, 5, 12, 14, 16, 1, 18, 17, 17, 4, 4, 18, 11, 8, 15, 19, 16, 2, 3, 8, 15, 18, 4, 11, 19, 7, 7, 4, 11, 16, 9, 6, 6, 12, 1, 18, 4, 17, 20, 8, 15, 19, 18, 5, 4, 11, 19, 7, 11, 12, 6, 17, 20, 4, 14, 2, 16, 8, 15, 14, 19, 20, 8, 15, 11, 7, 11, 7, 2, 16, 13, 1, 13, 19, 13, 19, 16, 6, 8, 16, 15, 17, 19, 7, 20, 14, 18, 1, 1, 5, 9, 11, 6, 2, 20, 2, 13, 6, 13, 18, 5, 4, 16, 1, 16, 17, 13, 4, 13, 6, 7, 2, 20, 2, 13, 6, 15, 8, 20, 13, 7, 20, 20, 8, 8, 6, 7, 11, 11, 8, 2, 6]
bestever    2394    in generation 64
[9, 12, 3, 15, 3, 7, 14, 9, 14, 3, 3, 9, 2, 20, 15, 12, 10, 9, 2, 9, 5, 3, 15, 9, 10, 10, 12, 5, 14, 18, 1, 1, 10, 5, 9, 3, 10, 3, 10, 3, 12, 14, 14, 12, 1, 1, 17, 19, 13, 18, 19, 12, 4, 10, 18, 16, 10, 12, 5, 10, 3, 10, 5, 17, 5, 14, 17, 9, 17, 5, 12, 14, 16, 1, 18, 17, 17, 4, 4, 18, 11, 8, 15, 19, 16, 2, 3, 8, 15, 18, 4, 11, 19, 7, 7, 4, 11, 19, 9, 6, 6, 12, 1, 18, 4, 17, 20, 8, 15, 19, 18, 5, 4, 11, 19, 7, 11, 12, 6, 17, 20, 4, 14, 2, 16, 15, 14, 16, 20, 15, 11, 11, 7, 16, 13, 1, 13, 19, 13, 19, 16, 6, 8, 16, 15, 17, 19, 7, 20, 14, 18, 1, 1, 5, 9, 2, 13, 13, 18, 5, 4, 16, 1, 16, 17, 6, 7, 2, 11, 8, 2, 6, 20, 8, 13, 4, 13, 6, 7, 2, 20, 2, 13, 6, 15, 8, 20, 13, 7, 20, 20, 8, 8, 6, 7, 11, 11, 8, 2, 6]
bestever    2377    in generation 65
[9, 12, 3, 15, 3, 7, 14, 9, 14, 3, 3, 9, 2, 20, 15, 12, 10, 9, 2, 9, 5, 3, 15, 9, 10, 10, 12, 5, 14, 18, 1, 1, 10, 5, 9, 3, 10, 3, 10, 3, 12, 14, 14, 12, 1, 1, 17, 19, 13, 18, 19, 12, 4, 10, 18, 16, 10, 12, 5, 10, 3, 10, 5, 17, 5, 14, 17, 9, 17, 5, 12, 14, 16, 1, 18, 17, 17, 4, 4, 18, 11, 8, 15, 19, 16, 2, 3, 8, 15, 18, 4, 11, 19, 7, 7, 4, 11, 19, 9, 6, 6, 12, 1, 18, 4, 17, 20, 8, 15, 19, 18, 5, 11, 19, 7, 12, 6, 17, 20, 14, 2, 16, 15, 14, 16, 20, 15, 16, 13, 1, 13, 19, 19, 16, 6, 8, 19, 20, 14, 18, 1, 5, 9, 18, 5, 6, 8, 20, 8, 20, 15, 6, 7, 13, 4, 13, 11, 4, 16, 1, 16, 17, 13, 4, 13, 6, 7, 2, 11, 8, 2, 1, 16, 17, 13, 4, 13, 6, 7, 2, 20, 2, 13, 6, 15, 8, 20, 7, 20, 8, 7, 11, 11, 2, 7, 11, 11, 8, 2, 6]
bestever    2318    in generation 66
[9, 12, 3, 15, 3, 7, 14, 9, 14, 3, 3, 9, 2, 20, 15, 12, 10, 9, 2, 9, 5, 3, 15, 9, 10, 10, 12, 5, 14, 18, 1, 1, 10, 5, 9, 3, 10, 3, 10, 3, 12, 14, 14, 12, 1, 1, 17, 19, 13, 18, 19, 12, 4, 10, 18, 16, 10, 12, 5, 10, 3, 10, 5, 17, 5, 14, 17, 9, 17, 5, 12, 14, 16, 1, 18, 17, 17, 4, 4, 18, 11, 8, 15, 19, 16, 2, 3, 8, 15, 18, 4, 11, 19, 7, 7, 4, 11, 19, 9, 6, 6, 12, 1, 18, 4, 17, 20, 8, 15, 19, 18, 5, 11, 19, 7, 12, 6, 17, 20, 14, 2, 16, 15, 14, 16, 20, 15, 16, 13, 1, 13, 19, 19, 16, 6, 8, 19, 20, 14, 18, 1, 5, 9, 18, 5, 6, 8, 20, 8, 20, 15, 6, 7, 13, 4, 13, 11, 4, 16, 1, 16, 17, 13, 4, 13, 6, 7, 2, 11, 8, 2, 1, 16, 17, 13, 4, 13, 6, 7, 2, 20, 2, 13, 6, 15, 8, 20, 7, 20, 8, 7, 11, 11, 2, 7, 6, 8, 11, 11, 2]
bestever    2316    in generation 69
[9, 12, 3, 15, 3, 7, 14, 9, 14, 3, 3, 9, 2, 20, 15, 12, 10, 9, 2, 9, 5, 3, 15, 9, 10, 10, 12, 5, 14, 18, 1, 1, 10, 5, 9, 3, 10, 3, 10, 3, 12, 14, 14, 12, 1, 1, 17, 19, 18, 19, 12, 4, 10, 18, 16, 10, 12, 5, 10, 3, 10, 5, 17, 5, 14, 17, 9, 17, 5, 12, 14, 16, 1, 18, 17, 17, 4, 4, 18, 11, 8, 15, 19, 16, 2, 3, 8, 15, 18, 4, 11, 19, 7, 7, 4, 11, 19, 9, 6, 6, 12, 18, 17, 20, 8, 15, 19, 18, 5, 11, 19, 7, 12, 20, 14, 2, 16, 15, 14, 16, 20, 15, 16, 1, 13, 19, 19, 6, 8, 19, 20, 14, 18, 1, 5, 9, 18, 5, 6, 8, 1, 16, 17, 13, 4, 13, 6, 20, 8, 20, 15, 6, 7, 13, 4, 13, 11, 4, 16, 1, 16, 17, 13, 4, 13, 6, 7, 2, 11, 8, 2, 1, 16, 17, 13, 4, 13, 6, 7, 2, 20, 2, 13, 6, 15, 8, 20, 7, 20, 8, 7, 11, 11, 2, 7, 6, 8, 11, 11, 2]
bestever    2310    in generation 83
[7, 9, 3, 3, 15, 12, 14, 9, 14, 3, 3, 9, 2, 20, 15, 12, 10, 9, 2, 9, 5, 3, 15, 9, 10, 10, 12, 5, 14, 18, 1, 1, 10, 5, 9, 3, 10, 3, 10, 3, 12, 14, 14, 12, 1, 1, 17, 19, 18, 19, 12, 4, 10, 18, 16, 10, 12, 5, 10, 3, 10, 5, 17, 5, 14, 17, 9, 17, 5, 12, 14, 16, 1, 18, 17, 17, 4, 4, 18, 11, 8, 15, 19, 16, 2, 3, 8, 15, 18, 4, 11, 19, 7, 7, 4, 11, 19, 9, 6, 6, 12, 18, 17, 20, 8, 15, 19, 18, 5, 11, 19, 7, 12, 20, 14, 2, 16, 15, 14, 16, 20, 15, 16, 1, 13, 19, 19, 6, 8, 19, 20, 14, 18, 1, 5, 9, 18, 5, 6, 8, 1, 16, 17, 13, 4, 13, 6, 20, 8, 20, 15, 6, 7, 13, 4, 13, 11, 4, 16, 1, 16, 17, 13, 4, 13, 6, 7, 2, 11, 8, 2, 1, 16, 17, 13, 4, 13, 6, 7, 2, 20, 2, 13, 6, 15, 8, 20, 7, 20, 8, 7, 11, 11, 2, 7, 6, 8, 11, 11, 2]
bestever    2279    in generation 84
[12, 3, 15, 3, 14, 9, 14, 3, 3, 9, 20, 15, 12, 10, 9, 9, 5, 3, 15, 9, 10, 10, 12, 5, 14, 18, 1, 1, 10, 5, 9, 3, 10, 3, 10, 3, 12, 14, 14, 12, 1, 1, 17, 19, 18, 19, 12, 4, 10, 18, 16, 10, 12, 5, 10, 3, 10, 5, 17, 5, 14, 17, 9, 17, 5, 12, 14, 16, 1, 18, 17, 17, 4, 4, 18, 11, 8, 15, 19, 16, 2, 3, 8, 15, 18, 4, 11, 19, 7, 4, 19, 6, 12, 18, 17, 20, 19, 18, 5, 19, 7, 12, 14, 18, 9, 15, 2, 16, 14, 16, 15, 16, 1, 13, 19, 19, 8, 19, 20, 14, 18, 1, 5, 9, 5, 8, 1, 16, 13, 13, 20, 8, 20, 15, 6, 7, 11, 4, 13, 6, 7, 2, 11, 2, 4, 13, 6, 20, 8, 20, 15, 6, 7, 13, 4, 16, 1, 16, 17, 13, 4, 6, 7, 2, 11, 2, 1, 16, 17, 17, 13, 4, 13, 6, 7, 2, 20, 2, 13, 6, 15, 8, 20, 7, 20, 8, 7, 11, 11, 2, 7, 6, 8, 11, 11, 6, 8, 11, 2, 9]
bestever    2271    in generation 88
[3, 15, 3, 14, 9, 14, 3, 3, 9, 20, 15, 12, 10, 9, 9, 5, 3, 15, 9, 10, 10, 12, 5, 14, 18, 1, 1, 10, 5, 9, 3, 10, 3, 10, 3, 12, 14, 14, 12, 1, 1, 17, 19, 18, 19, 12, 4, 10, 18, 16, 10, 12, 5, 10, 3, 10, 5, 17, 5, 14, 17, 9, 17, 5, 12, 14, 16, 1, 18, 17, 17, 4, 4, 18, 11, 8, 15, 19, 16, 2, 3, 18, 4, 19, 7, 4, 19, 12, 18, 17, 20, 19, 18, 5, 19, 12, 14, 18, 9, 15, 16, 14, 16, 15, 16, 1, 13, 19, 19, 19, 20, 14, 18, 1, 5, 9, 5, 8, 13, 13, 20, 8, 15, 11, 4, 11, 8, 15, 6, 7, 11, 2, 8, 1, 16, 17, 4, 13, 6, 20, 8, 20, 15, 6, 7, 13, 16, 1, 16, 17, 13, 4, 6, 7, 2, 11, 6, 7, 2, 17, 4, 13, 6, 1, 16, 4, 6, 7, 2, 20, 2, 13, 13, 6, 7, 2, 20, 2, 13, 6, 15, 8, 20, 7, 20, 8, 7, 11, 11, 2, 7, 6, 8, 11, 11, 8, 11, 2, 9, 12]
bestever    2269    in generation 90
[3, 15, 3, 14, 9, 14, 3, 3, 9, 20, 15, 12, 10, 9, 9, 5, 3, 15, 9, 10, 10, 12, 5, 14, 18, 1, 1, 10, 5, 9, 3, 10, 3, 10, 3, 12, 14, 14, 12, 1, 1, 17, 19, 18, 19, 12, 4, 10, 18, 16, 10, 12, 5, 10, 3, 10, 5, 17, 5, 14, 17, 9, 17, 5, 12, 14, 16, 1, 18, 17, 17, 4, 4, 18, 11, 8, 15, 19, 16, 2, 3, 18, 4, 19, 7, 4, 19, 12, 18, 17, 20, 19, 18, 5, 19, 12, 14, 18, 9, 15, 16, 14, 16, 15, 16, 1, 13, 19, 19, 19, 20, 14, 18, 1, 5, 9, 5, 8, 13, 13, 20, 8, 15, 4, 8, 6, 7, 2, 1, 16, 4, 13, 6, 20, 20, 15, 6, 7, 13, 16, 13, 4, 6, 7, 2, 11, 6, 7, 6, 20, 15, 8, 8, 11, 11, 2, 1, 16, 17, 13, 4, 6, 7, 2, 11, 2, 1, 16, 17, 17, 13, 4, 13, 6, 7, 2, 20, 2, 13, 6, 15, 8, 20, 7, 20, 8, 7, 11, 11, 2, 7, 6, 8, 11, 11, 8, 11, 2, 9, 12]
bestever    2246    in generation 105
[3, 9, 3, 14, 14, 15, 3, 3, 9, 20, 15, 12, 10, 9, 9, 5, 3, 15, 9, 10, 10, 12, 5, 14, 18, 1, 1, 10, 5, 9, 3, 10, 3, 10, 3, 12, 14, 14, 12, 1, 1, 17, 19, 18, 19, 12, 4, 10, 18, 16, 10, 12, 5, 10, 3, 10, 5, 17, 5, 14, 17, 9, 17, 5, 12, 14, 16, 1, 18, 17, 17, 4, 4, 18, 8, 15, 19, 16, 2, 3, 18, 4, 19, 7, 4, 19, 12, 18, 17, 20, 19, 18, 5, 19, 12, 14, 18, 9, 15, 16, 14, 16, 16, 1, 13, 19, 19, 19, 20, 14, 18, 1, 5, 9, 5, 8, 13, 13, 15, 4, 6, 7, 1, 16, 4, 13, 6, 15, 6, 13, 16, 4, 6, 20, 15, 1, 16, 17, 4, 1, 17, 17, 2, 16, 13, 13, 6, 7, 2, 20, 2, 13, 6, 15, 8, 20, 7, 20, 8, 7, 11, 11, 2, 7, 6, 8, 11, 11, 8, 11, 2, 4, 13, 6, 7, 2, 20, 2, 13, 6, 15, 8, 20, 7, 20, 8, 7, 11, 11, 2, 7, 6, 8, 11, 11, 8, 11, 2, 9, 12]
bestever    2223    in generation 174
[3, 9, 3, 14, 14, 15, 3, 3, 9, 20, 15, 12, 10, 9, 9, 5, 3, 15, 9, 10, 10, 12, 5, 14, 18, 1, 1, 10, 5, 9, 3, 10, 3, 10, 3, 12, 14, 14, 12, 1, 1, 17, 19, 18, 19, 12, 4, 10, 18, 16, 10, 12, 5, 10, 3, 10, 5, 17, 5, 14, 17, 9, 17, 5, 12, 14, 16, 1, 18, 17, 17, 4, 4, 18, 8, 15, 19, 16, 2, 3, 18, 4, 19, 7, 4, 19, 12, 18, 17, 20, 19, 18, 5, 19, 12, 14, 18, 9, 15, 16, 14, 16, 16, 1, 13, 19, 19, 19, 14, 18, 1, 5, 9, 5, 13, 13, 15, 4, 6, 7, 1, 16, 4, 13, 6, 15, 6, 13, 16, 4, 6, 15, 1, 16, 17, 4, 1, 17, 17, 2, 16, 13, 13, 6, 20, 15, 20, 20, 2, 8, 13, 6, 7, 20, 7, 11, 7, 2, 8, 8, 7, 2, 6, 8, 20, 2, 4, 13, 6, 7, 2, 20, 13, 15, 20, 20, 2, 7, 11, 8, 7, 11, 11, 2, 7, 6, 8, 11, 11, 8, 11, 6, 8, 11, 11, 2, 8, 11, 12, 9]
bestever    2206    in generation 220
[9, 9, 3, 14, 14, 15, 3, 3, 9, 20, 15, 12, 10, 9, 9, 5, 3, 15, 9, 10, 10, 12, 5, 14, 18, 1, 1, 10, 5, 9, 3, 10, 3, 10, 3, 12, 14, 14, 12, 1, 1, 17, 19, 18, 19, 12, 4, 10, 18, 16, 10, 12, 5, 10, 3, 10, 5, 17, 5, 14, 17, 9, 17, 5, 12, 14, 16, 1, 18, 17, 17, 4, 4, 18, 8, 15, 19, 16, 2, 3, 18, 4, 19, 7, 4, 19, 12, 18, 17, 20, 19, 18, 5, 19, 12, 14, 18, 9, 15, 16, 14, 16, 16, 1, 13, 19, 19, 19, 14, 18, 1, 5, 9, 5, 13, 13, 15, 4, 6, 7, 1, 16, 4, 13, 6, 15, 6, 13, 16, 4, 6, 15, 1, 16, 17, 4, 1, 17, 17, 2, 16, 13, 13, 6, 20, 15, 20, 20, 2, 8, 13, 6, 7, 20, 7, 11, 7, 2, 8, 8, 7, 2, 6, 8, 20, 2, 4, 13, 6, 7, 2, 20, 13, 15, 20, 20, 2, 7, 11, 8, 7, 11, 11, 2, 7, 6, 8, 11, 11, 8, 11, 6, 8, 11, 3, 11, 2, 8, 11, 12]
bestever    2205    in generation 247
[9, 9, 3, 14, 14, 15, 3, 3, 9, 20, 15, 12, 10, 9, 9, 5, 3, 15, 9, 10, 10, 12, 5, 14, 18, 1, 1, 10, 5, 9, 3, 10, 3, 10, 3, 12, 14, 14, 12, 1, 1, 17, 19, 18, 19, 12, 4, 10, 18, 16, 10, 12, 5, 10, 3, 10, 5, 17, 5, 14, 17, 9, 17, 5, 12, 14, 16, 1, 18, 17, 17, 4, 4, 18, 8, 15, 19, 16, 2, 3, 18, 4, 19, 7, 4, 19, 12, 18, 17, 19, 18, 5, 19, 12, 14, 18, 9, 15, 16, 14, 16, 16, 1, 13, 19, 19, 19, 14, 18, 1, 5, 9, 5, 13, 13, 4, 6, 1, 16, 4, 13, 6, 15, 6, 13, 16, 4, 15, 1, 16, 17, 4, 1, 17, 17, 15, 7, 6, 20, 2, 16, 13, 13, 6, 20, 15, 20, 20, 2, 8, 13, 6, 7, 20, 7, 11, 7, 8, 8, 7, 2, 6, 8, 20, 2, 4, 13, 6, 7, 2, 2, 20, 13, 15, 20, 20, 2, 7, 11, 8, 7, 11, 11, 2, 7, 6, 8, 11, 11, 8, 11, 6, 8, 11, 3, 11, 2, 8, 11, 12]
bestever    2177    in generation 289
[9, 9, 3, 14, 14, 15, 3, 3, 9, 20, 15, 12, 10, 9, 9, 5, 3, 15, 9, 10, 10, 12, 5, 14, 18, 1, 1, 10, 5, 9, 3, 10, 3, 10, 3, 12, 14, 14, 12, 1, 1, 17, 19, 18, 13, 12, 4, 10, 18, 16, 10, 12, 5, 10, 3, 10, 5, 17, 5, 14, 17, 9, 17, 5, 12, 14, 16, 1, 18, 17, 17, 4, 4, 18, 8, 15, 19, 16, 3, 18, 4, 19, 7, 4, 19, 12, 18, 17, 19, 18, 5, 19, 12, 14, 18, 9, 16, 14, 16, 16, 1, 13, 19, 19, 19, 14, 18, 1, 5, 9, 5, 13, 13, 4, 6, 1, 16, 4, 13, 6, 6, 13, 16, 4, 15, 1, 16, 17, 4, 1, 17, 17, 15, 7, 20, 16, 13, 13, 6, 20, 15, 20, 20, 2, 8, 6, 7, 20, 7, 11, 7, 8, 8, 7, 2, 15, 2, 6, 15, 2, 13, 6, 8, 20, 2, 4, 19, 6, 7, 2, 2, 20, 13, 15, 20, 20, 2, 7, 11, 8, 7, 11, 11, 2, 7, 6, 8, 11, 11, 8, 11, 6, 8, 11, 3, 11, 2, 8, 11, 12]
bestever    2172    in generation 310
[9, 9, 3, 14, 14, 15, 3, 3, 9, 20, 15, 12, 10, 9, 9, 5, 3, 15, 9, 10, 10, 12, 5, 14, 18, 1, 1, 10, 5, 9, 3, 10, 3, 10, 3, 12, 14, 14, 12, 1, 17, 19, 18, 13, 12, 4, 10, 18, 16, 10, 12, 5, 10, 3, 10, 5, 17, 5, 14, 17, 9, 17, 5, 12, 14, 16, 18, 17, 17, 4, 18, 8, 15, 19, 16, 18, 4, 19, 7, 4, 19, 12, 18, 17, 19, 18, 5, 19, 12, 14, 18, 9, 16, 14, 16, 16, 1, 4, 1, 13, 19, 19, 19, 14, 1, 18, 1, 5, 9, 5, 13, 13, 4, 6, 16, 13, 6, 6, 13, 16, 4, 4, 1, 15, 1, 16, 17, 4, 1, 17, 17, 15, 7, 20, 13, 6, 20, 20, 20, 2, 8, 6, 7, 20, 7, 11, 7, 8, 2, 15, 2, 15, 2, 13, 6, 8, 4, 19, 6, 2, 2, 13, 15, 20, 20, 2, 7, 8, 7, 16, 13, 6, 20, 15, 20, 2, 8, 7, 7, 7, 6, 11, 11, 11, 8, 11, 6, 8, 11, 3, 11, 2, 8, 11, 3, 11, 2, 8, 11, 12]
bestever    2168    in generation 323
[14, 9, 3, 14, 9, 15, 3, 3, 9, 20, 15, 12, 10, 9, 9, 5, 3, 15, 9, 10, 10, 12, 5, 14, 18, 1, 1, 10, 5, 9, 3, 10, 3, 10, 12, 14, 14, 12, 1, 17, 19, 18, 13, 12, 4, 10, 18, 16, 10, 12, 5, 10, 10, 5, 17, 5, 14, 17, 9, 17, 5, 12, 14, 16, 18, 17, 17, 4, 18, 8, 15, 19, 16, 18, 4, 19, 7, 4, 19, 12, 18, 17, 19, 18, 5, 19, 12, 14, 18, 9, 16, 14, 16, 16, 1, 4, 1, 13, 19, 19, 19, 14, 1, 18, 1, 5, 9, 5, 13, 13, 4, 6, 16, 13, 6, 6, 13, 16, 4, 4, 1, 15, 1, 16, 17, 4, 1, 17, 17, 15, 7, 20, 13, 6, 20, 20, 20, 2, 8, 6, 7, 20, 7, 7, 8, 2, 15, 2, 15, 2, 13, 6, 8, 4, 19, 6, 2, 2, 13, 20, 20, 7, 8, 7, 15, 8, 3, 7, 16, 13, 6, 20, 15, 20, 2, 7, 7, 6, 11, 11, 11, 6, 8, 3, 11, 2, 8, 11, 3, 11, 2, 8, 11, 11, 3, 11, 2, 8, 11, 12]
bestever    2155    in generation 328
[14, 9, 14, 9, 3, 15, 9, 3, 3, 20, 15, 12, 10, 9, 9, 5, 3, 15, 9, 10, 10, 12, 5, 14, 18, 1, 1, 10, 5, 9, 3, 10, 3, 10, 12, 14, 14, 12, 1, 17, 19, 18, 13, 12, 4, 10, 18, 16, 10, 12, 5, 10, 10, 5, 17, 5, 14, 17, 9, 17, 5, 12, 14, 16, 18, 17, 17, 4, 18, 8, 15, 19, 16, 18, 4, 19, 7, 4, 19, 12, 18, 17, 19, 18, 5, 19, 12, 14, 18, 9, 16, 14, 16, 16, 1, 4, 1, 13, 19, 19, 19, 14, 1, 18, 1, 5, 9, 5, 13, 13, 4, 6, 16, 13, 6, 6, 13, 16, 4, 4, 1, 15, 1, 16, 17, 4, 1, 17, 17, 15, 7, 20, 13, 6, 20, 20, 20, 2, 8, 6, 7, 20, 7, 7, 8, 2, 15, 2, 15, 2, 13, 6, 8, 4, 19, 6, 2, 2, 13, 20, 20, 7, 8, 7, 15, 8, 3, 7, 16, 13, 6, 20, 15, 20, 2, 7, 7, 6, 11, 11, 11, 6, 8, 3, 11, 2, 8, 3, 11, 11, 2, 8, 11, 11, 3, 11, 2, 8, 11, 12]
bestever    2151    in generation 366
[14, 9, 14, 9, 3, 15, 9, 3, 3, 20, 15, 12, 10, 9, 9, 5, 15, 9, 10, 10, 12, 5, 14, 18, 1, 10, 5, 9, 3, 10, 3, 10, 12, 14, 14, 12, 1, 17, 19, 18, 13, 12, 4, 10, 18, 16, 10, 12, 5, 10, 10, 5, 17, 5, 14, 17, 9, 17, 5, 12, 14, 16, 18, 17, 17, 4, 18, 8, 19, 16, 18, 4, 19, 4, 19, 12, 18, 17, 19, 18, 5, 19, 12, 14, 9, 16, 14, 16, 16, 1, 4, 1, 13, 19, 19, 19, 14, 1, 18, 1, 18, 1, 5, 9, 5, 13, 13, 4, 16, 13, 6, 13, 16, 4, 4, 1, 1, 17, 4, 1, 17, 17, 7, 20, 13, 20, 20, 20, 2, 15, 7, 6, 6, 6, 2, 20, 20, 8, 7, 15, 8, 3, 7, 7, 8, 2, 15, 2, 15, 2, 13, 6, 8, 4, 19, 6, 2, 7, 15, 8, 3, 7, 16, 13, 6, 20, 15, 7, 16, 13, 6, 20, 15, 20, 2, 7, 7, 6, 11, 11, 11, 6, 8, 3, 11, 2, 8, 3, 11, 11, 2, 8, 11, 11, 3, 11, 2, 8, 11, 12]
bestever    2142    in generation 394
[14, 9, 14, 9, 3, 15, 9, 3, 3, 20, 15, 12, 10, 9, 9, 5, 15, 9, 10, 10, 12, 5, 14, 18, 1, 10, 18, 9, 10, 3, 10, 12, 14, 14, 12, 1, 17, 19, 18, 13, 12, 4, 10, 18, 16, 10, 12, 5, 10, 10, 5, 17, 5, 14, 17, 9, 17, 5, 12, 14, 16, 5, 17, 17, 4, 18, 8, 19, 16, 18, 4, 19, 4, 19, 12, 18, 17, 19, 18, 5, 19, 12, 14, 9, 16, 14, 16, 16, 1, 4, 1, 13, 19, 19, 19, 14, 1, 18, 1, 18, 1, 5, 9, 5, 13, 13, 4, 16, 13, 6, 13, 16, 4, 4, 1, 1, 17, 4, 1, 17, 17, 7, 20, 13, 20, 20, 20, 2, 15, 7, 6, 6, 6, 2, 20, 20, 8, 7, 15, 8, 3, 7, 7, 8, 2, 15, 2, 15, 2, 13, 6, 8, 4, 19, 6, 7, 15, 3, 7, 16, 13, 6, 20, 15, 7, 16, 13, 6, 20, 15, 20, 2, 7, 7, 6, 11, 11, 6, 11, 2, 8, 3, 8, 3, 11, 2, 8, 3, 11, 11, 2, 8, 11, 11, 3, 11, 2, 8, 11, 12]
bestever    2130    in generation 440
[9, 14, 9, 3, 15, 12, 9, 3, 3, 20, 15, 12, 10, 9, 9, 5, 15, 9, 10, 10, 12, 5, 14, 18, 1, 10, 5, 9, 10, 3, 10, 12, 14, 14, 12, 1, 17, 19, 18, 13, 12, 4, 10, 18, 16, 10, 12, 5, 10, 10, 5, 17, 5, 14, 17, 9, 17, 12, 14, 16, 18, 5, 17, 17, 4, 18, 8, 19, 16, 18, 4, 19, 4, 19, 12, 18, 17, 19, 18, 5, 19, 12, 14, 9, 16, 14, 16, 16, 1, 4, 1, 13, 19, 19, 19, 14, 1, 18, 1, 18, 1, 5, 9, 5, 13, 13, 4, 16, 13, 6, 13, 16, 4, 4, 1, 1, 17, 4, 1, 17, 17, 7, 20, 13, 20, 20, 20, 2, 15, 7, 6, 6, 2, 20, 8, 7, 15, 8, 3, 6, 20, 7, 7, 8, 2, 15, 2, 15, 2, 13, 6, 8, 4, 19, 6, 7, 15, 3, 7, 16, 13, 6, 20, 15, 7, 16, 13, 6, 20, 15, 20, 2, 7, 7, 6, 11, 11, 6, 11, 2, 8, 3, 8, 3, 11, 2, 8, 3, 11, 11, 2, 8, 11, 11, 3, 11, 2, 8, 11, 14]
bestever    2108    in generation 449
[9, 14, 9, 3, 15, 12, 9, 3, 3, 20, 15, 12, 10, 9, 9, 5, 15, 9, 10, 10, 12, 5, 14, 18, 1, 10, 5, 9, 10, 3, 10, 12, 14, 14, 12, 1, 17, 19, 18, 13, 12, 4, 10, 18, 16, 10, 12, 5, 10, 10, 5, 17, 5, 14, 17, 9, 17, 12, 14, 16, 18, 5, 17, 17, 4, 18, 8, 19, 16, 18, 4, 19, 4, 19, 12, 18, 17, 19, 18, 5, 19, 12, 14, 9, 16, 14, 16, 16, 1, 4, 1, 13, 19, 19, 19, 14, 1, 18, 1, 18, 1, 5, 9, 5, 13, 13, 4, 16, 13, 6, 13, 16, 4, 4, 1, 1, 17, 4, 1, 17, 17, 7, 20, 13, 20, 20, 20, 2, 15, 7, 6, 2, 20, 8, 7, 15, 8, 3, 6, 20, 8, 2, 7, 7, 6, 15, 2, 15, 2, 13, 6, 8, 4, 19, 6, 7, 15, 3, 7, 16, 13, 6, 20, 15, 7, 16, 13, 6, 20, 15, 20, 2, 7, 7, 6, 11, 11, 6, 11, 2, 8, 3, 8, 3, 2, 2, 11, 2, 8, 3, 11, 8, 3, 8, 11, 11, 11, 11, 11, 14]
bestever    2105    in generation 450
[9, 14, 9, 3, 15, 12, 9, 3, 3, 20, 15, 12, 10, 9, 9, 5, 15, 9, 10, 10, 12, 5, 14, 18, 1, 10, 5, 9, 10, 3, 10, 12, 14, 14, 12, 1, 17, 19, 18, 13, 12, 4, 10, 18, 16, 10, 12, 5, 10, 10, 5, 17, 5, 14, 17, 9, 17, 12, 14, 16, 18, 5, 17, 17, 4, 18, 8, 19, 16, 18, 4, 19, 4, 19, 12, 18, 17, 19, 18, 5, 19, 12, 14, 9, 16, 14, 16, 16, 1, 4, 1, 13, 19, 19, 19, 14, 1, 18, 1, 18, 5, 9, 5, 13, 13, 4, 16, 13, 6, 13, 16, 4, 4, 1, 1, 1, 17, 4, 1, 17, 17, 7, 20, 13, 20, 20, 20, 2, 15, 7, 6, 2, 20, 8, 7, 15, 8, 3, 6, 20, 8, 2, 7, 7, 6, 15, 2, 15, 2, 13, 6, 8, 4, 19, 6, 7, 15, 3, 7, 16, 13, 6, 20, 15, 7, 16, 13, 6, 20, 15, 20, 2, 7, 7, 6, 11, 11, 6, 11, 2, 8, 3, 8, 3, 2, 2, 11, 2, 8, 3, 11, 8, 3, 8, 11, 11, 11, 11, 11, 14]
bestever    2075    in generation 515
[9, 14, 9, 3, 15, 12, 9, 3, 3, 20, 15, 12, 10, 9, 9, 5, 15, 9, 10, 10, 12, 5, 14, 18, 1, 10, 5, 9, 10, 3, 10, 12, 14, 12, 1, 17, 19, 18, 13, 12, 4, 10, 18, 14, 16, 10, 12, 5, 10, 10, 5, 17, 5, 14, 17, 9, 17, 12, 14, 16, 18, 5, 4, 18, 8, 19, 16, 18, 4, 19, 19, 12, 18, 19, 18, 5, 19, 12, 14, 9, 16, 14, 16, 16, 1, 4, 1, 13, 19, 19, 19, 14, 1, 18, 18, 5, 9, 5, 13, 17, 4, 1, 17, 13, 4, 16, 13, 6, 13, 16, 4, 1, 4, 17, 1, 1, 17, 4, 1, 17, 17, 7, 20, 13, 20, 20, 20, 2, 15, 7, 6, 2, 20, 8, 7, 15, 6, 20, 2, 7, 7, 6, 15, 2, 15, 2, 13, 6, 8, 4, 19, 6, 7, 15, 7, 16, 13, 6, 20, 15, 7, 16, 13, 6, 20, 15, 20, 7, 7, 6, 11, 11, 6, 11, 8, 3, 8, 3, 2, 2, 8, 3, 8, 3, 2, 2, 11, 2, 8, 3, 11, 8, 3, 8, 11, 11, 11, 11, 11, 14]
bestever    2068    in generation 551
[9, 14, 9, 3, 15, 12, 9, 3, 3, 20, 15, 12, 10, 9, 9, 5, 15, 9, 10, 10, 12, 5, 14, 18, 1, 10, 5, 9, 10, 3, 10, 12, 14, 12, 1, 17, 19, 18, 13, 12, 4, 10, 18, 14, 16, 10, 12, 5, 10, 10, 5, 17, 5, 14, 17, 9, 17, 12, 14, 16, 18, 5, 4, 18, 8, 19, 16, 18, 4, 19, 19, 12, 18, 19, 18, 5, 19, 12, 14, 9, 16, 14, 16, 16, 1, 4, 1, 13, 19, 19, 19, 14, 1, 18, 18, 5, 9, 5, 17, 4, 1, 17, 4, 13, 6, 13, 16, 4, 1, 4, 17, 1, 1, 17, 4, 1, 17, 17, 7, 20, 13, 20, 20, 20, 2, 15, 7, 13, 16, 13, 6, 2, 20, 8, 7, 15, 6, 20, 2, 7, 7, 6, 15, 2, 15, 2, 13, 6, 8, 4, 19, 15, 7, 16, 13, 6, 15, 7, 6, 20, 7, 16, 13, 6, 20, 15, 20, 7, 7, 6, 11, 11, 6, 11, 8, 3, 8, 3, 2, 2, 8, 3, 8, 3, 2, 2, 11, 2, 8, 3, 11, 8, 3, 8, 11, 11, 11, 11, 11, 14]
bestever    2053    in generation 583
[9, 9, 15, 12, 9, 20, 14, 15, 12, 10, 9, 9, 5, 15, 9, 10, 10, 12, 5, 14, 18, 1, 10, 5, 9, 10, 10, 12, 14, 12, 1, 17, 19, 18, 13, 12, 4, 10, 18, 14, 16, 10, 12, 5, 10, 10, 5, 17, 5, 14, 17, 17, 12, 14, 16, 18, 5, 4, 18, 8, 19, 16, 18, 4, 19, 19, 18, 19, 18, 5, 19, 12, 14, 16, 14, 16, 16, 1, 4, 1, 13, 19, 19, 19, 14, 1, 18, 18, 5, 5, 17, 4, 1, 17, 4, 13, 6, 13, 16, 4, 1, 4, 17, 1, 1, 17, 4, 1, 17, 17, 7, 20, 13, 20, 20, 2, 15, 7, 13, 16, 13, 6, 2, 8, 7, 20, 2, 7, 15, 2, 15, 2, 13, 6, 8, 4, 19, 16, 13, 6, 20, 20, 7, 7, 6, 6, 15, 7, 6, 20, 7, 16, 13, 6, 15, 20, 6, 6, 8, 3, 3, 2, 2, 8, 3, 15, 20, 7, 7, 3, 3, 9, 3, 11, 8, 11, 11, 9, 3, 15, 12, 9, 8, 3, 2, 2, 11, 2, 8, 3, 11, 8, 3, 8, 11, 11, 11, 11, 11, 14]
bestever    2049    in generation 584
[9, 9, 15, 12, 9, 20, 14, 15, 12, 10, 9, 9, 5, 15, 9, 10, 10, 12, 5, 14, 18, 1, 10, 5, 9, 10, 10, 12, 14, 12, 1, 17, 19, 18, 13, 12, 4, 10, 18, 14, 16, 10, 12, 5, 10, 10, 5, 17, 5, 14, 17, 17, 12, 14, 16, 18, 5, 4, 18, 8, 19, 16, 18, 4, 19, 19, 18, 19, 18, 5, 19, 12, 14, 16, 14, 16, 16, 1, 4, 1, 13, 19, 19, 19, 14, 1, 18, 18, 5, 5, 17, 4, 1, 17, 4, 13, 6, 13, 16, 4, 1, 4, 17, 1, 1, 17, 4, 1, 17, 17, 7, 20, 13, 20, 20, 2, 7, 13, 16, 13, 6, 2, 8, 2, 15, 2, 15, 2, 13, 6, 8, 4, 19, 16, 13, 6, 20, 20, 7, 15, 7, 6, 20, 7, 16, 13, 6, 15, 20, 6, 6, 20, 7, 7, 6, 6, 15, 7, 8, 3, 3, 2, 2, 8, 3, 15, 20, 7, 7, 3, 3, 9, 3, 11, 8, 11, 11, 9, 3, 15, 12, 9, 8, 3, 2, 2, 11, 2, 8, 3, 11, 8, 3, 8, 11, 11, 11, 11, 11, 14]
bestever    2045    in generation 850
[9, 9, 15, 12, 9, 20, 14, 15, 12, 10, 9, 9, 5, 9, 10, 10, 12, 5, 14, 18, 1, 10, 5, 9, 10, 10, 12, 14, 12, 1, 17, 19, 18, 13, 12, 4, 10, 18, 14, 16, 10, 12, 5, 10, 10, 5, 17, 5, 17, 12, 14, 16, 18, 5, 4, 18, 8, 19, 16, 18, 19, 18, 19, 18, 19, 14, 19, 12, 14, 16, 14, 16, 16, 1, 4, 1, 13, 19, 19, 19, 14, 1, 18, 18, 5, 4, 5, 5, 17, 4, 1, 17, 13, 6, 13, 16, 4, 4, 17, 1, 4, 17, 1, 1, 17, 4, 1, 17, 17, 20, 13, 20, 20, 2, 13, 16, 13, 6, 2, 8, 2, 15, 2, 15, 2, 13, 8, 4, 19, 16, 13, 15, 15, 6, 6, 20, 7, 6, 16, 13, 6, 15, 7, 20, 7, 7, 20, 7, 20, 6, 6, 20, 7, 7, 6, 6, 15, 7, 8, 3, 3, 2, 2, 8, 3, 15, 20, 7, 7, 3, 3, 9, 3, 11, 8, 11, 11, 9, 3, 15, 12, 9, 8, 3, 2, 2, 11, 2, 8, 3, 11, 8, 11, 11, 11, 3, 8, 11, 11, 14]
bestever    2044    in generation 852
[9, 9, 15, 12, 9, 20, 14, 15, 12, 10, 9, 9, 5, 9, 10, 10, 12, 5, 14, 18, 1, 10, 5, 9, 10, 10, 12, 14, 12, 1, 17, 19, 18, 13, 12, 4, 10, 18, 14, 16, 10, 12, 5, 10, 10, 5, 17, 5, 17, 12, 14, 16, 18, 5, 4, 18, 8, 19, 16, 18, 19, 18, 19, 18, 19, 14, 19, 12, 14, 16, 14, 16, 16, 1, 4, 1, 13, 19, 19, 19, 14, 1, 18, 18, 5, 4, 5, 5, 17, 4, 1, 17, 13, 6, 13, 16, 4, 4, 17, 1, 4, 17, 1, 1, 17, 4, 1, 17, 17, 20, 13, 20, 20, 2, 13, 16, 13, 6, 2, 8, 2, 15, 2, 15, 2, 13, 8, 4, 19, 16, 13, 15, 15, 6, 6, 20, 7, 6, 16, 13, 6, 15, 7, 20, 7, 7, 20, 7, 20, 6, 6, 20, 7, 7, 6, 6, 15, 7, 8, 3, 3, 2, 2, 8, 3, 15, 20, 7, 7, 3, 3, 9, 3, 11, 11, 11, 9, 3, 15, 12, 9, 8, 2, 2, 11, 2, 8, 3, 8, 3, 11, 8, 11, 11, 11, 3, 8, 11, 11, 14]
bestever    2034    in generation 894
[9, 9, 15, 12, 9, 20, 14, 15, 12, 10, 9, 9, 5, 9, 10, 10, 12, 5, 14, 18, 1, 10, 5, 9, 10, 10, 12, 14, 12, 1, 17, 19, 18, 13, 12, 10, 18, 14, 16, 10, 12, 5, 10, 10, 5, 17, 5, 17, 12, 14, 16, 18, 5, 4, 18, 8, 19, 16, 18, 19, 18, 19, 18, 19, 14, 19, 12, 14, 16, 14, 16, 16, 1, 4, 13, 19, 19, 19, 14, 1, 18, 18, 4, 1, 5, 4, 5, 5, 17, 4, 1, 17, 13, 6, 13, 16, 4, 4, 17, 1, 4, 17, 1, 1, 17, 4, 1, 17, 17, 20, 13, 20, 20, 2, 13, 16, 13, 2, 8, 2, 15, 2, 2, 13, 8, 4, 19, 16, 13, 15, 15, 6, 6, 20, 7, 6, 6, 15, 16, 13, 6, 15, 7, 20, 7, 7, 20, 7, 20, 6, 6, 20, 7, 7, 6, 6, 15, 7, 8, 3, 3, 2, 2, 8, 3, 15, 20, 7, 7, 3, 3, 9, 3, 11, 11, 11, 9, 3, 15, 12, 9, 2, 2, 11, 2, 8, 3, 8, 8, 3, 14, 11, 8, 11, 11, 11, 3, 8, 11, 11]
bestever    2000    in generation 1277
[15, 12, 9, 20, 14, 15, 12, 10, 9, 9, 5, 9, 10, 10, 12, 5, 14, 18, 1, 10, 5, 9, 10, 10, 12, 14, 5, 12, 1, 17, 19, 18, 13, 12, 10, 18, 14, 16, 9, 9, 10, 12, 5, 10, 10, 5, 17, 5, 17, 12, 14, 16, 18, 4, 18, 8, 19, 16, 6, 18, 19, 18, 19, 18, 19, 14, 19, 12, 14, 16, 14, 16, 1, 4, 13, 19, 19, 14, 1, 18, 18, 4, 1, 5, 4, 5, 5, 17, 4, 1, 6, 13, 4, 17, 1, 4, 17, 1, 17, 4, 1, 17, 4, 1, 17, 13, 20, 20, 16, 13, 19, 16, 13, 16, 13, 2, 8, 2, 15, 2, 2, 13, 8, 4, 19, 16, 13, 15, 15, 20, 16, 6, 6, 13, 20, 15, 7, 6, 20, 7, 7, 20, 7, 20, 6, 6, 20, 7, 7, 6, 6, 2, 15, 7, 2, 15, 7, 3, 6, 15, 3, 20, 7, 7, 3, 3, 9, 11, 15, 12, 9, 8, 11, 3, 2, 3, 9, 2, 2, 11, 8, 8, 11, 3, 2, 8, 3, 8, 11, 17, 3, 11, 3, 11, 11, 8, 11, 14, 8, 11]
bestever    1985    in generation 1327
[15, 12, 9, 20, 14, 15, 12, 10, 9, 9, 5, 9, 10, 10, 12, 5, 14, 18, 1, 10, 5, 9, 10, 10, 12, 14, 5, 12, 1, 19, 18, 13, 12, 10, 18, 14, 16, 9, 9, 10, 12, 5, 10, 10, 5, 5, 12, 14, 16, 18, 4, 18, 8, 19, 16, 6, 18, 19, 18, 19, 18, 19, 14, 19, 12, 14, 16, 14, 16, 1, 4, 13, 19, 19, 14, 1, 18, 18, 5, 5, 5, 17, 6, 13, 4, 17, 4, 17, 1, 4, 17, 1, 17, 1, 4, 17, 1, 4, 17, 1, 4, 17, 4, 1, 17, 13, 20, 20, 16, 13, 19, 16, 13, 16, 13, 2, 8, 2, 15, 2, 2, 13, 8, 4, 19, 16, 13, 15, 15, 20, 16, 6, 6, 13, 20, 15, 7, 6, 20, 7, 7, 20, 7, 20, 6, 6, 20, 7, 7, 6, 6, 2, 15, 7, 2, 15, 7, 3, 6, 15, 3, 20, 7, 7, 3, 3, 9, 15, 12, 9, 8, 3, 2, 3, 9, 2, 2, 11, 11, 3, 8, 8, 11, 11, 2, 8, 3, 8, 11, 17, 3, 11, 3, 11, 11, 8, 11, 14, 8, 11]
bestever    1978    in generation 1466
[15, 12, 9, 20, 14, 15, 12, 10, 9, 9, 5, 9, 10, 10, 12, 5, 14, 18, 1, 10, 5, 9, 10, 10, 12, 14, 5, 12, 1, 19, 18, 13, 12, 10, 18, 14, 16, 9, 9, 10, 12, 5, 10, 10, 5, 5, 12, 14, 16, 18, 4, 18, 8, 19, 16, 6, 18, 19, 18, 19, 18, 19, 14, 19, 12, 14, 16, 14, 16, 1, 4, 13, 19, 19, 14, 1, 18, 5, 5, 5, 6, 13, 4, 4, 1, 4, 17, 17, 17, 1, 17, 1, 17, 4, 17, 1, 4, 17, 1, 4, 17, 4, 1, 17, 13, 20, 20, 16, 13, 19, 16, 13, 16, 15, 2, 2, 13, 8, 4, 19, 16, 13, 15, 15, 20, 16, 6, 6, 13, 20, 2, 2, 13, 8, 15, 7, 6, 20, 7, 7, 20, 7, 20, 6, 6, 20, 7, 7, 6, 6, 2, 15, 7, 2, 15, 7, 3, 6, 15, 3, 20, 7, 7, 3, 3, 9, 15, 12, 9, 8, 3, 2, 3, 9, 2, 2, 11, 11, 3, 8, 8, 11, 11, 2, 8, 3, 8, 11, 14, 17, 3, 11, 3, 11, 11, 8, 11, 18, 8, 11]
bestever    1944    in generation 1585
[15, 12, 9, 20, 14, 15, 12, 10, 9, 9, 5, 9, 10, 10, 12, 5, 14, 18, 1, 10, 5, 9, 10, 10, 12, 14, 5, 12, 1, 19, 18, 13, 12, 10, 18, 14, 16, 9, 9, 10, 12, 5, 10, 10, 5, 5, 12, 14, 16, 18, 4, 18, 8, 19, 16, 6, 18, 19, 18, 19, 18, 19, 14, 19, 12, 14, 16, 14, 16, 1, 4, 13, 19, 19, 14, 1, 5, 5, 5, 6, 13, 4, 4, 1, 4, 17, 17, 17, 1, 17, 1, 17, 4, 17, 3, 1, 4, 17, 1, 4, 17, 4, 1, 7, 13, 20, 20, 16, 13, 19, 16, 13, 16, 15, 2, 2, 13, 8, 4, 19, 16, 13, 15, 15, 20, 16, 6, 6, 13, 20, 13, 8, 7, 20, 20, 7, 6, 20, 7, 17, 6, 2, 15, 2, 6, 20, 7, 7, 6, 2, 15, 7, 2, 15, 7, 6, 15, 3, 20, 7, 3, 3, 7, 6, 9, 15, 12, 9, 8, 3, 2, 3, 9, 2, 2, 11, 11, 3, 8, 8, 11, 11, 2, 8, 3, 8, 14, 17, 3, 11, 11, 3, 18, 8, 11, 11, 11, 18, 8, 11]
bestever    1915    in generation 1981
[12, 9, 20, 14, 12, 10, 9, 9, 5, 9, 10, 10, 12, 5, 14, 18, 1, 10, 5, 9, 10, 10, 12, 14, 5, 12, 1, 19, 18, 13, 12, 10, 18, 14, 16, 9, 9, 10, 12, 5, 10, 10, 5, 5, 12, 14, 16, 18, 4, 18, 19, 16, 6, 18, 19, 18, 19, 18, 19, 14, 19, 12, 14, 16, 14, 16, 1, 4, 13, 19, 19, 15, 8, 14, 1, 5, 5, 5, 6, 13, 4, 4, 1, 4, 17, 17, 17, 1, 17, 1, 17, 4, 3, 1, 4, 17, 1, 17, 4, 17, 4, 1, 7, 13, 20, 20, 16, 13, 19, 16, 13, 16, 15, 2, 2, 13, 8, 4, 19, 15, 16, 13, 15, 15, 20, 16, 6, 6, 13, 20, 13, 8, 7, 20, 20, 7, 6, 20, 7, 17, 6, 2, 2, 6, 20, 7, 2, 15, 7, 2, 15, 7, 6, 15, 7, 6, 15, 3, 20, 7, 3, 7, 6, 9, 15, 12, 9, 3, 8, 3, 2, 9, 2, 2, 11, 11, 3, 11, 11, 8, 3, 8, 2, 8, 3, 8, 14, 17, 3, 11, 11, 3, 18, 8, 11, 11, 11, 18, 8, 11]
bestever    1903    in generation 2034
[12, 9, 20, 14, 12, 10, 9, 9, 5, 9, 10, 10, 12, 5, 14, 18, 1, 10, 5, 9, 10, 10, 12, 14, 5, 12, 1, 19, 18, 13, 12, 10, 18, 14, 16, 9, 9, 10, 12, 5, 10, 10, 5, 5, 12, 14, 16, 18, 4, 18, 19, 16, 6, 18, 19, 18, 19, 18, 19, 14, 19, 12, 14, 16, 14, 16, 1, 4, 13, 19, 19, 15, 8, 14, 1, 5, 5, 5, 6, 13, 4, 4, 1, 4, 17, 17, 17, 1, 17, 1, 17, 4, 3, 1, 4, 17, 1, 17, 4, 17, 4, 1, 7, 13, 6, 20, 16, 13, 19, 16, 13, 16, 15, 2, 2, 13, 8, 4, 19, 15, 16, 13, 15, 15, 20, 16, 6, 6, 13, 20, 13, 8, 7, 20, 20, 7, 6, 20, 7, 17, 20, 2, 2, 6, 20, 7, 2, 15, 7, 2, 15, 7, 6, 15, 7, 6, 15, 3, 20, 7, 3, 7, 6, 9, 15, 12, 9, 3, 8, 3, 2, 9, 2, 2, 11, 11, 3, 11, 11, 8, 3, 8, 2, 8, 3, 8, 14, 17, 3, 11, 11, 3, 18, 18, 8, 8, 11, 11, 11, 11]
bestever    1901    in generation 2536
[9, 10, 12, 14, 9, 12, 9, 20, 5, 9, 10, 10, 12, 5, 14, 1, 10, 18, 5, 9, 10, 12, 10, 14, 5, 12, 1, 19, 18, 13, 12, 10, 18, 14, 16, 9, 9, 10, 12, 5, 10, 10, 5, 5, 12, 14, 16, 18, 4, 18, 19, 16, 6, 18, 19, 18, 19, 18, 19, 14, 19, 12, 14, 16, 14, 1, 4, 13, 19, 19, 15, 8, 14, 1, 5, 5, 5, 6, 13, 4, 4, 1, 4, 17, 17, 17, 15, 1, 1, 1, 1, 17, 17, 4, 4, 17, 17, 4, 17, 1, 7, 6, 20, 18, 16, 13, 16, 2, 16, 13, 16, 13, 4, 19, 2, 13, 8, 4, 19, 15, 16, 13, 15, 15, 20, 16, 6, 6, 13, 20, 13, 7, 20, 20, 7, 6, 20, 7, 17, 20, 2, 6, 20, 15, 7, 2, 7, 15, 7, 6, 15, 7, 6, 15, 20, 7, 7, 6, 15, 12, 9, 2, 3, 2, 9, 3, 2, 9, 2, 3, 3, 2, 3, 3, 2, 3, 8, 8, 8, 3, 8, 17, 3, 11, 11, 11, 8, 11, 11, 11, 11, 3, 14, 8, 8, 8, 11, 11, 11, 18]
bestever    1880    in generation 2557
[9, 10, 12, 14, 9, 12, 9, 20, 5, 9, 10, 10, 12, 5, 14, 1, 10, 18, 5, 9, 10, 12, 10, 14, 5, 12, 1, 19, 18, 13, 12, 10, 18, 14, 16, 9, 9, 10, 12, 5, 10, 10, 5, 5, 12, 14, 16, 18, 4, 18, 19, 16, 6, 18, 19, 18, 19, 18, 19, 14, 19, 12, 14, 16, 14, 1, 4, 13, 19, 19, 15, 8, 14, 1, 5, 5, 5, 6, 13, 4, 4, 1, 4, 17, 17, 17, 15, 1, 1, 1, 1, 17, 17, 4, 4, 17, 17, 4, 17, 1, 6, 20, 18, 16, 13, 16, 2, 16, 13, 16, 13, 4, 19, 2, 13, 8, 4, 19, 15, 16, 13, 15, 15, 20, 16, 6, 13, 20, 13, 7, 20, 20, 7, 6, 20, 7, 6, 7, 17, 20, 2, 6, 20, 15, 7, 2, 7, 15, 7, 6, 15, 7, 6, 15, 20, 7, 7, 6, 15, 12, 9, 2, 3, 2, 9, 3, 2, 9, 2, 3, 3, 2, 3, 3, 2, 3, 8, 8, 8, 3, 8, 17, 3, 11, 11, 11, 8, 11, 11, 11, 11, 3, 14, 8, 8, 8, 11, 11, 11, 18]
bestever    1877    in generation 2847
[9, 10, 12, 14, 9, 12, 9, 5, 9, 10, 10, 12, 5, 14, 1, 10, 18, 5, 9, 10, 12, 14, 10, 5, 12, 1, 19, 18, 13, 12, 10, 18, 14, 16, 9, 9, 10, 12, 5, 10, 10, 5, 5, 12, 14, 16, 18, 4, 18, 19, 16, 6, 18, 19, 18, 19, 4, 18, 19, 14, 19, 12, 14, 16, 14, 1, 4, 13, 19, 19, 8, 14, 1, 5, 5, 5, 6, 13, 4, 1, 4, 17, 17, 17, 15, 1, 1, 1, 1, 17, 17, 4, 4, 17, 17, 4, 17, 1, 6, 20, 18, 16, 13, 16, 2, 16, 13, 16, 15, 20, 13, 4, 19, 2, 13, 8, 4, 19, 15, 16, 13, 15, 15, 20, 16, 6, 13, 20, 13, 7, 20, 20, 7, 6, 20, 7, 6, 7, 17, 20, 2, 6, 20, 15, 7, 7, 15, 7, 6, 15, 7, 6, 15, 20, 7, 7, 6, 15, 12, 9, 2, 3, 2, 9, 3, 2, 2, 9, 2, 3, 2, 3, 3, 3, 2, 3, 8, 3, 8, 8, 8, 17, 3, 11, 11, 11, 8, 11, 11, 11, 11, 3, 14, 8, 8, 8, 11, 11, 11, 18]
bestever    1868    in generation 3037
[9, 10, 12, 14, 9, 12, 9, 5, 9, 10, 10, 12, 5, 14, 1, 10, 18, 5, 9, 10, 12, 14, 10, 5, 12, 1, 19, 18, 13, 12, 10, 18, 14, 16, 9, 9, 10, 12, 5, 10, 10, 5, 5, 12, 14, 16, 18, 4, 18, 19, 6, 18, 19, 18, 19, 4, 19, 14, 19, 12, 14, 14, 1, 4, 13, 19, 19, 8, 14, 1, 5, 5, 5, 6, 13, 1, 17, 15, 16, 16, 1, 1, 1, 1, 4, 17, 4, 17, 17, 17, 4, 4, 17, 18, 17, 4, 17, 1, 6, 20, 18, 16, 13, 16, 2, 16, 13, 16, 15, 20, 13, 4, 19, 2, 13, 4, 19, 15, 16, 13, 15, 20, 16, 6, 13, 20, 13, 7, 20, 20, 6, 20, 7, 6, 7, 17, 20, 2, 6, 20, 15, 7, 15, 7, 15, 7, 15, 7, 6, 7, 6, 15, 20, 7, 7, 6, 15, 12, 9, 2, 9, 3, 3, 3, 3, 3, 2, 3, 8, 3, 8, 2, 2, 2, 9, 2, 2, 8, 3, 17, 3, 11, 11, 8, 11, 8, 11, 11, 11, 3, 14, 8, 11, 8, 8, 8, 11, 11, 11, 18]
bestever    1865    in generation 3077
[9, 10, 12, 14, 9, 12, 9, 5, 9, 10, 10, 12, 5, 14, 1, 10, 18, 5, 9, 10, 12, 14, 10, 5, 12, 1, 19, 18, 13, 12, 10, 18, 14, 16, 9, 9, 10, 12, 5, 10, 10, 5, 5, 12, 14, 16, 18, 4, 18, 19, 6, 18, 19, 18, 19, 4, 19, 14, 19, 12, 14, 14, 1, 4, 13, 19, 19, 8, 14, 1, 5, 5, 5, 6, 13, 1, 17, 15, 16, 16, 1, 1, 1, 1, 4, 17, 4, 17, 17, 17, 4, 4, 17, 18, 17, 4, 17, 1, 6, 20, 18, 16, 13, 16, 2, 16, 13, 16, 15, 20, 13, 4, 19, 2, 13, 4, 19, 15, 16, 13, 20, 16, 6, 13, 20, 13, 20, 20, 6, 20, 6, 17, 20, 2, 6, 20, 7, 15, 7, 15, 7, 15, 7, 7, 15, 7, 15, 7, 6, 7, 6, 15, 20, 7, 7, 6, 15, 12, 9, 2, 9, 3, 3, 3, 3, 3, 2, 3, 8, 3, 8, 2, 2, 2, 9, 2, 2, 8, 3, 17, 3, 11, 11, 8, 11, 8, 11, 11, 11, 3, 14, 8, 11, 8, 8, 8, 11, 11, 11, 18]
bestever    1863    in generation 3117
[9, 10, 12, 14, 9, 12, 9, 5, 9, 10, 10, 12, 5, 14, 1, 10, 18, 5, 9, 10, 12, 14, 10, 5, 12, 1, 19, 18, 13, 12, 10, 18, 14, 16, 9, 9, 10, 12, 5, 10, 10, 5, 5, 12, 14, 16, 18, 4, 18, 19, 6, 18, 19, 18, 19, 4, 19, 14, 19, 12, 14, 14, 1, 4, 13, 19, 19, 8, 14, 1, 5, 5, 5, 6, 13, 1, 17, 15, 16, 16, 1, 1, 1, 1, 4, 17, 4, 17, 17, 17, 4, 4, 17, 18, 17, 4, 17, 1, 6, 20, 18, 16, 13, 16, 2, 16, 13, 16, 15, 20, 13, 4, 19, 2, 13, 4, 19, 15, 16, 13, 20, 16, 6, 13, 20, 13, 20, 20, 6, 20, 6, 17, 20, 2, 20, 7, 15, 7, 15, 7, 15, 7, 15, 7, 7, 6, 15, 7, 6, 7, 6, 15, 20, 7, 7, 6, 15, 12, 9, 2, 9, 3, 3, 3, 3, 3, 2, 3, 8, 3, 8, 2, 2, 2, 9, 2, 2, 8, 3, 17, 3, 11, 11, 8, 11, 8, 11, 11, 11, 3, 14, 8, 11, 8, 8, 8, 11, 11, 11, 18]
bestever    1858    in generation 3252
[9, 10, 12, 9, 12, 9, 5, 9, 10, 10, 12, 5, 1, 10, 18, 5, 9, 10, 12, 14, 10, 5, 12, 1, 19, 18, 13, 12, 10, 18, 14, 16, 9, 9, 10, 12, 5, 10, 10, 5, 5, 12, 14, 16, 18, 4, 18, 19, 6, 18, 19, 18, 14, 14, 19, 4, 19, 14, 19, 12, 14, 14, 1, 4, 13, 19, 19, 8, 14, 1, 5, 5, 5, 6, 13, 1, 17, 15, 16, 16, 1, 1, 1, 1, 4, 17, 4, 17, 17, 17, 4, 4, 17, 18, 17, 4, 17, 1, 6, 20, 18, 16, 13, 16, 2, 16, 15, 20, 13, 13, 16, 4, 19, 2, 13, 4, 19, 16, 13, 20, 16, 6, 13, 20, 13, 20, 20, 6, 20, 6, 17, 20, 2, 15, 20, 7, 15, 7, 15, 7, 15, 7, 15, 7, 7, 6, 15, 7, 6, 7, 6, 15, 20, 7, 7, 6, 15, 12, 9, 2, 9, 3, 3, 3, 3, 3, 2, 3, 8, 3, 8, 2, 2, 2, 9, 2, 2, 8, 3, 17, 3, 11, 11, 8, 11, 8, 11, 11, 11, 3, 14, 8, 11, 8, 8, 8, 11, 11, 11, 18]
bestever    1856    in generation 3512
[9, 9, 10, 12, 12, 9, 5, 9, 10, 10, 12, 5, 1, 10, 5, 9, 10, 18, 12, 14, 10, 5, 12, 1, 19, 18, 13, 12, 10, 18, 14, 16, 9, 9, 10, 12, 5, 10, 10, 5, 5, 12, 14, 16, 18, 4, 18, 19, 6, 19, 18, 14, 14, 19, 4, 19, 14, 19, 12, 14, 14, 1, 13, 19, 19, 8, 14, 1, 5, 5, 5, 6, 13, 1, 17, 15, 16, 16, 1, 1, 1, 1, 7, 4, 18, 17, 4, 17, 17, 4, 4, 17, 4, 17, 18, 17, 4, 17, 1, 6, 20, 18, 16, 13, 16, 2, 16, 15, 20, 13, 13, 16, 4, 19, 2, 13, 4, 19, 16, 13, 20, 16, 6, 13, 20, 13, 20, 20, 6, 20, 20, 2, 15, 20, 7, 15, 7, 15, 15, 15, 7, 7, 6, 15, 7, 6, 7, 6, 7, 6, 15, 20, 7, 7, 6, 15, 12, 9, 9, 3, 3, 3, 3, 3, 8, 2, 2, 3, 17, 3, 2, 2, 2, 9, 2, 2, 3, 17, 3, 8, 11, 11, 11, 8, 8, 8, 11, 11, 11, 3, 14, 8, 11, 8, 8, 8, 11, 11, 11, 18]
bestever    1852    in generation 4277
[9, 9, 9, 10, 12, 12, 5, 9, 10, 10, 12, 5, 1, 10, 5, 9, 10, 18, 12, 14, 10, 5, 12, 1, 19, 18, 13, 12, 10, 14, 16, 9, 9, 10, 12, 5, 10, 10, 5, 18, 5, 12, 14, 16, 18, 4, 18, 19, 6, 14, 18, 14, 19, 19, 14, 19, 5, 14, 14, 1, 13, 19, 16, 19, 14, 12, 5, 5, 1, 6, 13, 1, 17, 16, 16, 1, 4, 19, 1, 1, 4, 17, 4, 17, 18, 17, 4, 4, 17, 17, 4, 17, 1, 4, 17, 1, 20, 13, 16, 16, 13, 13, 4, 19, 2, 13, 16, 4, 19, 16, 13, 16, 13, 20, 13, 18, 20, 20, 2, 20, 20, 20, 20, 2, 20, 15, 6, 15, 7, 7, 6, 15, 15, 15, 15, 7, 7, 6, 15, 7, 6, 15, 7, 6, 7, 6, 15, 20, 7, 7, 6, 7, 6, 15, 12, 9, 9, 3, 3, 3, 3, 2, 2, 17, 3, 2, 2, 3, 3, 2, 9, 2, 2, 3, 17, 3, 8, 8, 8, 8, 8, 8, 11, 3, 14, 8, 8, 11, 11, 11, 11, 8, 8, 11, 11, 18, 11, 11, 11, 18]
bestever    1849    in generation 4358
[9, 9, 9, 10, 12, 12, 5, 9, 10, 10, 12, 5, 1, 10, 5, 9, 10, 18, 12, 14, 10, 5, 12, 1, 19, 18, 13, 12, 10, 14, 16, 9, 9, 10, 12, 5, 10, 10, 5, 18, 5, 12, 14, 16, 18, 4, 18, 19, 6, 14, 18, 14, 19, 19, 14, 19, 5, 14, 14, 1, 13, 19, 16, 19, 14, 12, 5, 5, 1, 6, 13, 1, 17, 16, 16, 1, 4, 19, 1, 1, 4, 17, 4, 4, 17, 4, 17, 17, 4, 17, 17, 1, 4, 17, 1, 20, 13, 16, 16, 13, 13, 4, 19, 2, 13, 16, 18, 4, 19, 16, 13, 16, 13, 20, 13, 18, 20, 20, 2, 20, 20, 20, 20, 2, 20, 15, 6, 15, 7, 7, 6, 15, 15, 15, 15, 7, 7, 6, 15, 7, 6, 15, 7, 6, 7, 6, 15, 20, 7, 7, 6, 7, 6, 15, 12, 9, 9, 3, 3, 3, 3, 2, 2, 17, 3, 2, 2, 3, 2, 3, 9, 2, 2, 3, 17, 3, 8, 8, 8, 8, 8, 8, 11, 3, 14, 8, 8, 11, 11, 11, 11, 8, 8, 11, 11, 18, 11, 11, 11, 18]
bestever    1846    in generation 4386
[9, 9, 9, 10, 12, 12, 5, 9, 10, 10, 12, 5, 1, 10, 5, 9, 10, 18, 12, 14, 10, 5, 12, 1, 19, 18, 13, 12, 10, 14, 16, 9, 9, 10, 12, 5, 10, 10, 5, 18, 5, 12, 14, 16, 18, 4, 19, 6, 14, 18, 14, 19, 19, 14, 19, 5, 14, 14, 1, 13, 19, 16, 19, 14, 12, 5, 5, 1, 13, 1, 17, 16, 16, 1, 4, 19, 1, 1, 4, 17, 4, 4, 17, 4, 17, 17, 4, 17, 17, 1, 4, 17, 1, 20, 13, 16, 16, 13, 13, 4, 19, 2, 13, 16, 18, 4, 19, 16, 18, 6, 13, 16, 13, 20, 13, 18, 20, 20, 2, 20, 20, 20, 20, 2, 20, 15, 6, 15, 7, 7, 6, 15, 15, 15, 15, 7, 7, 6, 15, 7, 6, 15, 7, 6, 7, 6, 15, 20, 7, 7, 6, 7, 6, 15, 12, 9, 9, 3, 3, 3, 3, 2, 2, 17, 3, 2, 2, 3, 2, 3, 9, 2, 2, 3, 17, 3, 8, 8, 8, 8, 8, 8, 11, 3, 14, 8, 8, 11, 11, 11, 11, 8, 8, 11, 11, 18, 11, 11, 18, 11]
bestever    1839    in generation 4442
[9, 9, 9, 10, 12, 12, 5, 9, 10, 10, 12, 5, 1, 10, 5, 9, 10, 18, 12, 14, 10, 5, 12, 1, 19, 18, 13, 12, 10, 14, 16, 9, 9, 10, 12, 5, 10, 10, 5, 18, 5, 12, 14, 16, 18, 4, 19, 6, 14, 18, 14, 19, 19, 14, 19, 5, 14, 14, 1, 19, 16, 19, 14, 12, 5, 5, 1, 13, 1, 17, 16, 1, 4, 19, 1, 1, 4, 17, 4, 4, 17, 4, 17, 17, 4, 17, 16, 13, 17, 1, 4, 17, 1, 20, 13, 16, 16, 13, 13, 4, 19, 2, 13, 16, 18, 4, 19, 16, 18, 6, 13, 16, 13, 20, 13, 18, 20, 20, 2, 20, 20, 20, 20, 2, 20, 15, 6, 15, 7, 7, 6, 15, 15, 15, 15, 7, 7, 6, 15, 7, 6, 15, 7, 6, 7, 6, 15, 20, 7, 7, 6, 7, 6, 15, 12, 9, 9, 3, 2, 17, 3, 3, 3, 2, 3, 2, 2, 3, 2, 3, 9, 2, 2, 3, 17, 3, 8, 8, 8, 8, 8, 8, 11, 3, 14, 8, 8, 11, 11, 11, 11, 8, 8, 11, 11, 18, 11, 11, 18, 11]
bestever    1836    in generation 4519
[9, 9, 9, 10, 12, 12, 5, 9, 10, 10, 12, 5, 1, 10, 5, 9, 10, 18, 12, 14, 10, 5, 12, 1, 19, 18, 13, 12, 10, 14, 16, 9, 9, 10, 12, 5, 10, 10, 5, 18, 5, 12, 14, 16, 18, 4, 19, 6, 14, 18, 14, 19, 19, 14, 19, 5, 14, 14, 1, 19, 16, 19, 14, 12, 5, 5, 1, 13, 1, 17, 16, 4, 19, 1, 4, 4, 16, 13, 4, 17, 1, 4, 17, 4, 17, 17, 1, 17, 17, 1, 4, 17, 1, 20, 13, 16, 16, 13, 13, 4, 19, 2, 13, 16, 18, 4, 19, 16, 18, 6, 13, 16, 13, 20, 13, 18, 20, 20, 2, 20, 20, 20, 20, 2, 15, 6, 15, 7, 7, 6, 15, 15, 15, 15, 7, 15, 20, 7, 7, 6, 7, 6, 15, 6, 7, 6, 15, 20, 7, 7, 6, 7, 6, 15, 12, 9, 9, 3, 2, 17, 3, 2, 3, 3, 3, 2, 2, 3, 2, 3, 9, 2, 2, 3, 17, 3, 8, 8, 8, 8, 8, 8, 11, 3, 14, 8, 8, 11, 11, 11, 11, 8, 8, 11, 11, 18, 11, 11, 18, 11]
bestever    1830    in generation 4532
[9, 9, 9, 10, 12, 12, 5, 9, 10, 10, 12, 5, 1, 10, 5, 9, 10, 18, 12, 14, 10, 5, 12, 1, 19, 18, 13, 12, 10, 14, 16, 9, 9, 10, 12, 5, 10, 10, 5, 18, 5, 12, 14, 16, 18, 4, 19, 6, 14, 18, 14, 19, 19, 14, 19, 5, 14, 14, 1, 19, 16, 19, 14, 12, 5, 5, 1, 13, 1, 17, 16, 4, 19, 1, 4, 4, 16, 13, 4, 17, 1, 4, 17, 4, 17, 17, 1, 17, 17, 1, 4, 17, 1, 20, 13, 16, 16, 13, 13, 4, 19, 2, 13, 16, 18, 4, 19, 16, 18, 6, 13, 16, 13, 20, 13, 18, 20, 20, 2, 20, 20, 20, 20, 2, 15, 15, 7, 7, 15, 15, 15, 15, 7, 20, 7, 6, 15, 7, 6, 7, 6, 15, 6, 7, 6, 15, 20, 7, 7, 6, 6, 7, 6, 15, 12, 9, 9, 3, 2, 17, 3, 2, 3, 3, 3, 2, 2, 3, 2, 3, 9, 2, 2, 3, 17, 3, 8, 8, 8, 8, 8, 8, 11, 3, 14, 8, 8, 11, 11, 11, 11, 8, 8, 11, 11, 18, 11, 11, 18, 11]
bestever    1829    in generation 5092
[9, 9, 9, 10, 12, 12, 5, 9, 10, 10, 12, 5, 1, 10, 5, 9, 10, 12, 14, 10, 5, 12, 1, 19, 13, 12, 10, 16, 9, 9, 10, 12, 10, 10, 5, 5, 18, 12, 14, 16, 4, 14, 19, 14, 19, 5, 14, 5, 14, 14, 1, 19, 16, 19, 14, 12, 5, 5, 1, 19, 19, 14, 18, 13, 1, 17, 16, 4, 19, 1, 4, 4, 16, 4, 17, 1, 4, 17, 4, 17, 17, 1, 17, 17, 1, 17, 1, 20, 16, 13, 19, 2, 13, 18, 4, 18, 13, 16, 13, 18, 4, 16, 18, 13, 19, 16, 18, 13, 16, 13, 20, 13, 18, 20, 20, 20, 20, 15, 15, 15, 7, 4, 15, 15, 15, 20, 15, 7, 6, 7, 6, 20, 20, 7, 6, 7, 6, 6, 15, 7, 7, 6, 6, 7, 6, 15, 20, 7, 6, 7, 6, 15, 12, 9, 9, 17, 2, 3, 3, 3, 2, 2, 2, 2, 3, 2, 3, 3, 2, 3, 9, 2, 2, 3, 17, 3, 8, 8, 8, 8, 8, 8, 11, 3, 14, 8, 8, 11, 11, 11, 8, 11, 8, 11, 18, 11, 11, 11, 11, 18]
bestever    1813    in generation 5104
[9, 9, 9, 10, 12, 12, 5, 9, 10, 10, 12, 5, 1, 10, 5, 9, 10, 12, 14, 10, 5, 12, 1, 19, 13, 12, 10, 16, 9, 9, 10, 12, 10, 10, 5, 5, 18, 12, 14, 16, 4, 14, 19, 14, 19, 5, 14, 5, 14, 14, 1, 19, 16, 19, 14, 12, 5, 5, 1, 19, 19, 14, 18, 13, 1, 17, 16, 4, 19, 1, 4, 4, 16, 4, 17, 1, 4, 17, 4, 17, 17, 1, 17, 17, 1, 17, 1, 20, 16, 13, 19, 2, 13, 18, 4, 18, 13, 16, 13, 18, 4, 16, 18, 13, 19, 16, 18, 13, 16, 13, 20, 13, 20, 20, 20, 20, 15, 15, 15, 7, 4, 15, 15, 15, 20, 7, 6, 7, 20, 20, 15, 6, 7, 6, 7, 6, 6, 15, 7, 7, 6, 6, 7, 6, 15, 20, 7, 6, 7, 6, 15, 12, 9, 9, 17, 2, 3, 3, 3, 2, 2, 2, 2, 3, 2, 3, 3, 2, 18, 3, 9, 2, 2, 3, 17, 3, 8, 8, 8, 8, 8, 8, 11, 3, 14, 8, 8, 11, 11, 11, 8, 11, 8, 11, 18, 11, 11, 11, 11, 18]
bestever    1806    in generation 5125
[9, 9, 9, 10, 12, 12, 5, 9, 10, 10, 12, 5, 1, 10, 5, 9, 10, 12, 14, 10, 5, 12, 1, 19, 13, 12, 10, 16, 9, 9, 10, 12, 10, 10, 5, 5, 18, 12, 14, 16, 4, 14, 19, 14, 19, 5, 14, 5, 14, 14, 1, 19, 16, 19, 14, 12, 5, 5, 1, 19, 19, 14, 18, 13, 1, 17, 16, 4, 19, 1, 4, 4, 16, 4, 17, 1, 4, 17, 4, 17, 17, 1, 17, 17, 1, 17, 1, 20, 16, 13, 19, 2, 13, 18, 4, 18, 13, 16, 13, 18, 4, 16, 13, 19, 16, 18, 13, 16, 13, 20, 13, 20, 20, 20, 20, 15, 15, 15, 7, 4, 15, 15, 15, 20, 7, 6, 7, 20, 20, 15, 6, 7, 6, 7, 6, 6, 15, 7, 7, 6, 6, 7, 6, 15, 20, 7, 6, 7, 6, 15, 12, 9, 9, 17, 2, 2, 3, 3, 2, 18, 3, 2, 2, 3, 2, 3, 3, 2, 18, 3, 9, 2, 2, 3, 17, 3, 8, 8, 8, 8, 8, 8, 11, 3, 14, 8, 8, 11, 11, 11, 8, 11, 8, 11, 18, 11, 11, 11, 11, 18]
bestever    1799    in generation 5156
[9, 9, 9, 10, 12, 12, 5, 9, 10, 10, 12, 5, 1, 10, 5, 9, 10, 12, 14, 10, 5, 12, 1, 19, 13, 12, 10, 16, 9, 9, 10, 12, 10, 10, 5, 5, 18, 12, 14, 16, 4, 14, 19, 14, 19, 5, 14, 5, 14, 14, 1, 19, 16, 19, 14, 12, 5, 5, 1, 19, 19, 14, 18, 13, 1, 17, 16, 4, 19, 1, 4, 4, 16, 4, 17, 1, 4, 17, 4, 17, 17, 1, 17, 17, 1, 17, 1, 20, 16, 13, 19, 2, 13, 18, 4, 18, 13, 16, 13, 18, 4, 16, 13, 19, 16, 18, 13, 16, 13, 20, 13, 20, 20, 20, 15, 15, 7, 4, 15, 15, 15, 20, 15, 20, 7, 6, 7, 20, 20, 15, 6, 7, 6, 7, 6, 6, 7, 6, 7, 6, 15, 7, 6, 15, 20, 7, 6, 7, 6, 15, 12, 9, 9, 17, 2, 2, 3, 3, 2, 18, 3, 2, 2, 3, 2, 3, 3, 2, 18, 3, 9, 2, 2, 3, 17, 3, 8, 8, 8, 8, 8, 8, 11, 3, 14, 8, 8, 11, 18, 18, 11, 11, 8, 11, 8, 11, 11, 11, 11, 11]
bestever    1778    in generation 5227
[9, 9, 9, 12, 12, 10, 5, 9, 10, 10, 12, 5, 1, 10, 5, 9, 10, 12, 14, 10, 5, 12, 1, 19, 13, 12, 10, 16, 9, 9, 10, 12, 10, 10, 5, 5, 18, 12, 14, 16, 4, 14, 19, 14, 19, 5, 14, 5, 14, 14, 1, 19, 16, 19, 14, 12, 5, 5, 1, 19, 19, 14, 18, 13, 1, 17, 16, 4, 19, 1, 4, 4, 16, 4, 17, 1, 4, 17, 4, 17, 17, 1, 17, 17, 1, 17, 1, 20, 16, 13, 19, 2, 13, 18, 4, 18, 13, 16, 13, 18, 4, 16, 13, 19, 16, 18, 13, 16, 13, 20, 13, 20, 20, 20, 15, 15, 7, 4, 15, 15, 20, 20, 7, 20, 20, 15, 6, 6, 7, 6, 15, 7, 6, 7, 6, 15, 7, 6, 7, 6, 15, 7, 6, 15, 20, 7, 6, 7, 6, 15, 12, 9, 9, 17, 2, 2, 3, 3, 2, 18, 3, 2, 2, 3, 2, 3, 3, 2, 18, 3, 9, 2, 2, 3, 17, 3, 8, 8, 8, 8, 8, 8, 11, 3, 14, 8, 8, 11, 8, 8, 18, 18, 11, 11, 11, 11, 11, 11, 11, 11]
bestever    1776    in generation 5483
[9, 9, 9, 12, 12, 10, 5, 9, 10, 10, 12, 5, 1, 10, 5, 9, 10, 12, 14, 10, 5, 12, 1, 19, 13, 12, 10, 16, 9, 9, 10, 12, 10, 10, 5, 5, 12, 14, 16, 4, 14, 19, 18, 14, 19, 5, 14, 5, 14, 14, 1, 19, 19, 14, 5, 5, 1, 19, 14, 18, 13, 1, 17, 16, 4, 19, 1, 4, 4, 16, 4, 17, 1, 17, 17, 17, 1, 17, 17, 1, 17, 1, 20, 16, 13, 19, 2, 13, 4, 19, 18, 4, 18, 16, 4, 13, 16, 18, 4, 16, 13, 20, 13, 19, 16, 13, 16, 13, 13, 20, 15, 15, 7, 4, 15, 20, 20, 20, 20, 20, 7, 7, 15, 6, 15, 7, 6, 15, 7, 6, 15, 20, 7, 6, 15, 20, 7, 6, 6, 7, 6, 6, 12, 7, 6, 15, 7, 6, 15, 12, 9, 9, 17, 2, 2, 2, 18, 2, 3, 3, 2, 18, 3, 3, 2, 3, 2, 18, 3, 9, 3, 2, 2, 3, 17, 3, 8, 8, 8, 18, 8, 8, 8, 3, 14, 8, 8, 8, 8, 18, 11, 11, 11, 11, 11, 11, 11, 11, 11, 11]
bestever    1774    in generation 5775
[9, 9, 9, 12, 12, 10, 5, 9, 10, 10, 12, 5, 1, 10, 5, 9, 10, 12, 14, 10, 5, 12, 1, 19, 13, 12, 10, 16, 9, 9, 10, 12, 10, 10, 5, 5, 12, 14, 16, 4, 14, 19, 18, 14, 19, 14, 14, 14, 1, 19, 5, 5, 19, 14, 5, 5, 1, 19, 14, 13, 1, 17, 16, 4, 19, 1, 4, 4, 16, 4, 17, 18, 1, 17, 17, 17, 1, 17, 17, 1, 17, 1, 20, 16, 13, 19, 2, 13, 4, 19, 18, 4, 18, 16, 4, 13, 16, 18, 4, 16, 13, 20, 13, 19, 16, 13, 16, 13, 13, 20, 15, 15, 7, 4, 15, 20, 20, 20, 20, 20, 7, 7, 15, 6, 15, 15, 7, 7, 6, 6, 15, 20, 7, 6, 15, 20, 7, 6, 6, 7, 6, 6, 12, 7, 6, 15, 7, 6, 15, 12, 9, 9, 2, 2, 2, 18, 2, 3, 3, 2, 18, 3, 3, 2, 2, 9, 3, 18, 2, 3, 17, 3, 2, 3, 17, 3, 8, 8, 8, 18, 8, 8, 8, 3, 14, 8, 8, 8, 8, 18, 11, 11, 11, 11, 11, 11, 11, 11, 11, 11]
bestever    1772    in generation 6029
[9, 9, 9, 12, 12, 10, 5, 9, 10, 10, 12, 5, 1, 10, 5, 9, 10, 12, 14, 10, 5, 12, 1, 19, 12, 10, 9, 9, 10, 12, 10, 10, 5, 5, 12, 14, 4, 14, 19, 18, 14, 19, 14, 14, 14, 1, 19, 5, 5, 19, 14, 5, 5, 1, 19, 14, 13, 1, 17, 4, 19, 1, 4, 4, 16, 4, 17, 18, 1, 17, 17, 17, 1, 17, 17, 1, 17, 1, 20, 13, 19, 2, 2, 4, 19, 18, 4, 18, 4, 18, 4, 13, 16, 13, 16, 16, 20, 13, 19, 16, 16, 13, 16, 13, 16, 16, 13, 16, 13, 13, 20, 15, 15, 7, 4, 15, 20, 20, 20, 20, 20, 7, 7, 15, 6, 15, 15, 7, 6, 15, 20, 7, 6, 15, 20, 7, 6, 6, 6, 7, 7, 6, 6, 12, 7, 6, 15, 7, 6, 15, 12, 9, 9, 2, 2, 2, 18, 2, 3, 3, 2, 18, 3, 3, 2, 2, 9, 3, 18, 2, 3, 17, 3, 3, 17, 3, 8, 8, 8, 18, 8, 8, 8, 3, 14, 8, 8, 8, 8, 18, 11, 11, 11, 11, 11, 11, 11, 11, 11, 11]
bestever    1763    in generation 7359
[9, 9, 12, 12, 9, 10, 9, 12, 5, 14, 19, 10, 10, 12, 5, 1, 9, 9, 9, 10, 12, 10, 10, 5, 5, 12, 14, 4, 14, 19, 18, 14, 19, 12, 10, 5, 10, 10, 10, 14, 14, 14, 1, 19, 5, 5, 19, 14, 5, 5, 1, 19, 14, 5, 1, 12, 12, 18, 13, 1, 17, 4, 19, 1, 4, 4, 16, 4, 17, 18, 1, 17, 17, 17, 1, 17, 17, 1, 17, 1, 20, 13, 19, 2, 2, 4, 19, 18, 4, 18, 4, 16, 13, 16, 6, 16, 20, 4, 19, 13, 16, 16, 13, 13, 20, 15, 7, 16, 16, 16, 13, 13, 16, 13, 13, 4, 15, 20, 20, 20, 20, 7, 15, 15, 20, 15, 20, 15, 20, 7, 7, 6, 6, 15, 7, 7, 6, 15, 6, 3, 6, 7, 7, 6, 12, 7, 6, 15, 7, 6, 15, 9, 9, 2, 18, 2, 3, 2, 2, 2, 2, 18, 3, 3, 2, 9, 18, 3, 3, 2, 3, 3, 17, 3, 17, 3, 8, 6, 14, 8, 8, 8, 8, 8, 8, 8, 18, 8, 11, 8, 11, 11, 11, 11, 11, 11, 18, 11, 11, 11]
bestever    1754    in generation 7693
[9, 12, 9, 12, 9, 10, 9, 12, 5, 14, 19, 10, 10, 12, 5, 1, 9, 9, 18, 10, 10, 12, 10, 10, 5, 5, 12, 14, 4, 14, 19, 18, 14, 19, 12, 10, 5, 10, 9, 10, 14, 14, 14, 1, 19, 5, 5, 19, 14, 5, 5, 1, 19, 14, 5, 1, 12, 9, 18, 13, 17, 4, 19, 1, 4, 4, 16, 4, 17, 18, 1, 1, 17, 17, 17, 1, 17, 17, 1, 17, 1, 20, 13, 19, 2, 2, 4, 19, 4, 18, 4, 16, 13, 16, 16, 20, 4, 19, 13, 16, 16, 13, 13, 20, 15, 7, 16, 16, 16, 13, 13, 16, 13, 13, 4, 15, 20, 20, 20, 20, 7, 15, 15, 20, 15, 20, 20, 7, 3, 6, 7, 6, 15, 6, 15, 6, 15, 7, 6, 7, 6, 7, 7, 12, 6, 12, 7, 6, 15, 7, 6, 15, 9, 9, 2, 18, 2, 3, 2, 2, 2, 2, 18, 18, 3, 3, 3, 2, 3, 2, 3, 3, 17, 3, 17, 3, 8, 6, 14, 8, 8, 8, 8, 8, 8, 8, 18, 8, 11, 8, 11, 11, 11, 11, 11, 11, 18, 11, 11, 11]
bestever    1752    in generation 7820
[9, 12, 9, 12, 9, 10, 9, 12, 5, 14, 19, 10, 10, 12, 5, 1, 9, 9, 18, 10, 10, 12, 10, 10, 5, 5, 12, 14, 4, 14, 19, 17, 14, 19, 12, 10, 5, 10, 9, 10, 14, 14, 14, 1, 19, 5, 5, 19, 14, 5, 5, 1, 19, 14, 5, 1, 12, 9, 18, 13, 17, 4, 19, 1, 4, 4, 16, 4, 17, 18, 1, 1, 18, 17, 17, 1, 17, 17, 1, 17, 1, 20, 13, 19, 2, 2, 4, 19, 4, 18, 4, 16, 13, 16, 16, 20, 4, 19, 13, 16, 16, 20, 15, 7, 16, 16, 16, 13, 13, 13, 13, 16, 13, 13, 4, 15, 20, 20, 20, 20, 7, 15, 15, 20, 15, 20, 20, 7, 3, 6, 7, 6, 15, 6, 15, 6, 15, 7, 6, 7, 6, 7, 7, 12, 6, 12, 7, 3, 15, 7, 6, 15, 9, 9, 2, 18, 2, 3, 2, 2, 2, 2, 18, 18, 3, 3, 3, 2, 3, 2, 3, 3, 17, 3, 17, 6, 8, 6, 14, 8, 8, 8, 8, 8, 8, 8, 18, 8, 11, 8, 11, 11, 11, 11, 11, 11, 11, 11, 18, 11]
bestever    1746    in generation 8380
[9, 12, 9, 12, 9, 10, 9, 12, 5, 14, 19, 10, 10, 12, 5, 1, 9, 9, 18, 10, 10, 12, 10, 10, 5, 5, 12, 14, 4, 14, 19, 17, 14, 19, 12, 10, 5, 10, 9, 10, 14, 14, 14, 1, 19, 5, 5, 19, 14, 5, 5, 1, 19, 14, 5, 1, 12, 9, 18, 13, 4, 19, 1, 4, 4, 4, 1, 17, 17, 1, 17, 17, 17, 17, 1, 17, 1, 1, 20, 13, 19, 2, 2, 4, 19, 4, 18, 18, 18, 4, 4, 13, 16, 7, 20, 19, 16, 16, 7, 16, 16, 20, 15, 7, 16, 16, 16, 13, 13, 13, 13, 13, 16, 13, 13, 4, 15, 20, 20, 20, 20, 7, 15, 7, 20, 15, 20, 20, 7, 3, 6, 7, 6, 15, 6, 15, 6, 6, 16, 7, 7, 12, 12, 15, 6, 7, 3, 15, 6, 15, 6, 15, 9, 9, 2, 2, 18, 2, 2, 2, 2, 18, 18, 3, 3, 17, 17, 11, 11, 11, 11, 8, 8, 2, 3, 3, 3, 3, 2, 3, 3, 6, 6, 8, 14, 8, 8, 8, 8, 8, 8, 8, 11, 11, 18, 18, 11, 11, 11, 11]
bestever    1745    in generation 8980
[9, 9, 12, 9, 12, 10, 9, 12, 5, 14, 19, 10, 10, 18, 12, 5, 1, 9, 9, 18, 10, 10, 12, 10, 10, 5, 5, 12, 14, 4, 14, 19, 17, 14, 19, 12, 10, 5, 10, 9, 10, 14, 14, 14, 1, 19, 5, 5, 19, 14, 5, 5, 1, 19, 14, 5, 1, 12, 9, 18, 13, 4, 19, 1, 4, 4, 4, 1, 17, 17, 1, 17, 17, 17, 17, 1, 17, 1, 1, 20, 13, 19, 2, 19, 4, 18, 18, 3, 18, 4, 13, 16, 7, 20, 19, 16, 16, 7, 16, 20, 15, 7, 16, 4, 16, 13, 16, 13, 13, 13, 4, 16, 13, 16, 13, 13, 4, 15, 20, 20, 20, 20, 7, 7, 20, 15, 20, 20, 15, 6, 15, 6, 6, 7, 15, 7, 16, 7, 7, 12, 12, 6, 7, 15, 6, 15, 6, 15, 6, 15, 9, 2, 3, 9, 18, 3, 6, 2, 2, 2, 2, 2, 18, 17, 2, 3, 3, 17, 2, 3, 3, 3, 2, 3, 3, 6, 6, 14, 8, 8, 8, 8, 8, 11, 8, 8, 8, 11, 11, 18, 8, 8, 18, 11, 11, 11, 11, 11, 11, 11]
bestever    1741    in generation 9243
[9, 9, 12, 9, 12, 10, 9, 12, 5, 14, 19, 10, 10, 12, 5, 1, 9, 9, 10, 10, 12, 10, 10, 5, 5, 12, 14, 14, 19, 17, 14, 19, 12, 10, 5, 10, 9, 10, 14, 14, 1, 19, 5, 14, 18, 5, 19, 14, 5, 5, 1, 19, 14, 5, 1, 12, 9, 4, 19, 1, 13, 4, 4, 4, 4, 1, 17, 17, 1, 17, 17, 17, 17, 1, 18, 18, 17, 1, 1, 20, 13, 19, 2, 19, 4, 18, 18, 3, 4, 13, 16, 7, 20, 19, 16, 16, 7, 16, 20, 7, 16, 4, 16, 13, 16, 13, 13, 13, 4, 16, 13, 16, 13, 13, 4, 15, 20, 20, 20, 20, 7, 20, 15, 20, 20, 15, 7, 15, 7, 16, 7, 7, 6, 12, 12, 6, 6, 7, 15, 7, 15, 6, 15, 6, 15, 6, 15, 6, 15, 9, 2, 9, 18, 2, 2, 18, 6, 2, 2, 18, 17, 3, 2, 3, 17, 2, 3, 11, 14, 11, 3, 3, 2, 3, 3, 2, 3, 3, 6, 6, 8, 8, 8, 8, 8, 8, 8, 8, 8, 8, 18, 11, 11, 11, 18, 11, 11, 11, 11, 11]
bestever    1727    in generation 9602
[9, 9, 12, 9, 12, 10, 9, 12, 5, 14, 19, 10, 10, 5, 1, 9, 9, 10, 10, 12, 10, 5, 5, 12, 14, 14, 19, 17, 14, 19, 12, 10, 17, 1, 18, 18, 17, 12, 10, 5, 10, 9, 10, 14, 14, 1, 19, 5, 14, 18, 5, 19, 14, 5, 5, 1, 19, 1, 14, 5, 1, 12, 9, 4, 19, 1, 13, 4, 4, 4, 4, 1, 17, 17, 17, 17, 17, 1, 1, 20, 13, 19, 2, 19, 4, 18, 18, 3, 13, 16, 7, 20, 19, 16, 16, 7, 16, 20, 7, 16, 13, 14, 4, 16, 13, 4, 16, 13, 4, 13, 16, 13, 16, 13, 13, 4, 15, 20, 20, 20, 20, 7, 20, 15, 20, 20, 15, 7, 15, 7, 16, 7, 7, 6, 12, 12, 6, 7, 15, 7, 15, 6, 6, 15, 6, 15, 6, 15, 6, 15, 9, 2, 9, 18, 2, 2, 18, 6, 2, 2, 18, 17, 3, 2, 3, 17, 2, 3, 11, 2, 3, 3, 3, 3, 2, 3, 3, 6, 6, 8, 8, 8, 11, 8, 8, 8, 8, 8, 11, 18, 11, 18, 11, 11, 8, 8, 11, 11, 11, 11]
