bestever    3182    in generation 0
[18, 1, 18, 16, 3, 1, 14, 5, 9, 7, 3, 11, 18, 1, 16, 15, 3, 1, 2, 13, 16, 4, 16, 10, 15, 16, 8, 15, 3, 16, 5, 13, 7, 11, 8, 15, 20, 20, 15, 18, 20, 7, 1, 19, 4, 18, 12, 7, 20, 20, 15, 7, 3, 7, 15, 7, 3, 18, 14, 14, 18, 12, 1, 18, 8, 2, 12, 7, 20, 10, 8, 1, 11, 9, 14, 6, 20, 4, 14, 4, 16, 5, 6, 19, 17, 4, 3, 8, 9, 11, 15, 6, 3, 12, 8, 2, 11, 1, 14, 11, 14, 14, 7, 4, 12, 6, 12, 10, 12, 18, 13, 11, 17, 5, 9, 13, 15, 14, 14, 9, 6, 3, 13, 2, 9, 19, 2, 9, 8, 17, 4, 12, 19, 4, 7, 16, 11, 5, 17, 5, 10, 6, 17, 19, 19, 17, 16, 17, 12, 8, 5, 5, 9, 20, 1, 11, 3, 18, 6, 13, 10, 17, 10, 17, 2, 17, 15, 2, 10, 9, 6, 8, 10, 1, 2, 8, 10, 16, 13, 10, 6, 13, 12, 19, 20, 5, 13, 19, 5, 2, 20, 4, 19, 4, 6, 2, 9, 19, 13, 11]
bestever    3096    in generation 3
[12, 8, 7, 9, 14, 13, 7, 13, 9, 11, 4, 18, 9, 15, 11, 3, 8, 18, 3, 15, 13, 9, 13, 15, 3, 7, 10, 11, 11, 17, 8, 1, 10, 16, 16, 16, 17, 2, 17, 9, 16, 17, 14, 12, 15, 1, 13, 8, 13, 7, 20, 6, 20, 15, 19, 7, 20, 19, 2, 18, 4, 15, 7, 8, 20, 20, 9, 4, 17, 3, 20, 2, 13, 10, 1, 9, 12, 8, 10, 13, 6, 15, 5, 3, 3, 10, 1, 2, 6, 8, 7, 11, 14, 17, 19, 11, 5, 2, 4, 18, 9, 10, 17, 4, 11, 11, 6, 10, 17, 15, 11, 9, 7, 12, 4, 18, 15, 4, 3, 14, 12, 16, 5, 16, 14, 19, 5, 1, 13, 13, 19, 3, 12, 18, 17, 3, 19, 16, 16, 12, 6, 7, 18, 19, 8, 1, 20, 6, 8, 1, 18, 5, 11, 12, 10, 5, 10, 8, 10, 5, 6, 6, 9, 3, 1, 2, 6, 2, 12, 12, 18, 19, 16, 16, 5, 14, 18, 19, 15, 4, 4, 14, 1, 4, 14, 14, 5, 5, 14, 6, 1, 2, 20, 19, 7, 20, 2, 17, 2, 20]
bestever    3072    in generation 4
[18, 1, 18, 16, 3, 1, 14, 5, 9, 7, 3, 11, 18, 1, 16, 15, 3, 2, 13, 16, 4, 16, 10, 15, 8, 15, 3, 5, 13, 7, 11, 8, 15, 20, 15, 18, 20, 7, 1, 19, 4, 18, 12, 7, 20, 20, 15, 7, 3, 7, 15, 7, 3, 18, 14, 14, 18, 12, 1, 8, 2, 12, 20, 10, 1, 11, 9, 14, 20, 4, 14, 4, 16, 5, 17, 4, 3, 8, 9, 11, 15, 6, 12, 8, 2, 11, 1, 14, 11, 14, 14, 7, 4, 12, 6, 12, 10, 18, 13, 11, 17, 5, 9, 13, 15, 14, 14, 9, 6, 3, 13, 2, 9, 2, 9, 8, 17, 4, 12, 19, 4, 7, 16, 11, 5, 17, 5, 10, 6, 19, 19, 17, 16, 17, 17, 3, 19, 16, 16, 12, 6, 7, 18, 19, 8, 1, 20, 6, 12, 8, 5, 5, 9, 20, 1, 11, 3, 18, 6, 13, 10, 17, 10, 17, 2, 17, 15, 2, 10, 9, 6, 8, 10, 1, 2, 8, 10, 16, 13, 10, 6, 13, 12, 19, 20, 5, 13, 19, 5, 2, 20, 4, 19, 4, 6, 2, 9, 19, 13, 11]
bestever    2985    in generation 5
[12, 8, 7, 9, 14, 13, 7, 13, 9, 11, 12, 4, 18, 9, 15, 11, 3, 14, 8, 18, 16, 16, 3, 15, 13, 9, 13, 15, 3, 7, 4, 15, 10, 11, 10, 17, 2, 1, 13, 8, 6, 7, 20, 16, 18, 19, 15, 11, 1, 4, 15, 7, 8, 20, 9, 3, 20, 13, 8, 7, 9, 17, 17, 16, 17, 20, 2, 20, 17, 2, 20, 7, 13, 10, 1, 9, 12, 8, 10, 13, 6, 15, 5, 3, 3, 10, 1, 2, 6, 8, 7, 11, 14, 17, 19, 11, 5, 2, 4, 18, 9, 10, 17, 4, 11, 11, 6, 10, 17, 15, 11, 9, 7, 12, 4, 18, 15, 4, 3, 14, 12, 16, 5, 16, 14, 19, 5, 1, 13, 13, 19, 3, 12, 18, 17, 3, 19, 16, 16, 12, 6, 7, 18, 19, 8, 1, 20, 6, 8, 1, 18, 5, 11, 12, 10, 5, 10, 8, 10, 5, 6, 6, 9, 3, 1, 2, 6, 2, 12, 12, 18, 19, 16, 16, 5, 14, 18, 19, 15, 4, 4, 14, 1, 4, 14, 14, 5, 5, 14, 6, 1, 2, 20, 19, 20, 2, 19, 17, 2, 20]
bestever    2930    in generation 15
[12, 8, 7, 9, 14, 13, 7, 13, 9, 11, 12, 4, 18, 9, 15, 11, 3, 8, 18, 16, 16, 3, 15, 13, 9, 13, 15, 3, 7, 4, 15, 10, 11, 10, 17, 2, 1, 13, 8, 6, 7, 20, 16, 18, 19, 15, 11, 1, 4, 15, 7, 8, 20, 9, 3, 20, 13, 8, 7, 9, 17, 17, 16, 17, 2, 20, 17, 20, 7, 13, 10, 1, 9, 12, 8, 10, 13, 6, 15, 5, 3, 3, 10, 1, 6, 8, 7, 11, 14, 17, 19, 11, 5, 2, 4, 18, 9, 10, 17, 4, 11, 11, 6, 10, 17, 15, 11, 9, 7, 12, 4, 18, 15, 4, 3, 14, 12, 16, 16, 14, 19, 13, 13, 3, 12, 18, 17, 3, 19, 16, 16, 12, 7, 19, 8, 20, 1, 5, 1, 2, 6, 2, 18, 19, 5, 14, 20, 6, 8, 1, 18, 5, 11, 12, 10, 5, 10, 8, 10, 5, 6, 6, 9, 3, 1, 2, 6, 2, 12, 12, 18, 19, 16, 16, 5, 14, 18, 19, 15, 4, 4, 14, 1, 4, 14, 14, 5, 5, 14, 6, 1, 2, 20, 19, 20, 2, 19, 17, 2, 20]
bestever    2922    in generation 16
[12, 8, 7, 9, 14, 13, 7, 13, 9, 11, 12, 4, 18, 9, 15, 11, 3, 14, 8, 18, 16, 16, 3, 15, 13, 9, 13, 15, 3, 7, 4, 15, 10, 11, 10, 17, 2, 1, 13, 8, 6, 7, 20, 16, 18, 19, 15, 11, 1, 4, 15, 7, 8, 20, 9, 3, 20, 13, 8, 7, 9, 17, 17, 16, 17, 20, 2, 20, 17, 20, 7, 13, 10, 1, 9, 12, 8, 10, 13, 6, 15, 5, 3, 3, 10, 1, 6, 8, 7, 11, 14, 17, 19, 11, 5, 2, 4, 18, 9, 10, 17, 4, 11, 11, 6, 10, 17, 15, 11, 9, 7, 12, 4, 18, 15, 4, 3, 14, 12, 16, 5, 16, 14, 19, 1, 13, 13, 3, 12, 18, 17, 3, 19, 16, 12, 6, 7, 18, 19, 8, 20, 8, 1, 5, 11, 12, 10, 5, 5, 1, 2, 6, 2, 18, 19, 16, 10, 8, 10, 5, 6, 6, 9, 3, 1, 2, 6, 2, 12, 12, 18, 19, 16, 16, 5, 14, 18, 19, 15, 4, 4, 14, 1, 4, 14, 14, 5, 5, 14, 6, 1, 2, 20, 19, 20, 2, 19, 17, 2, 20]
bestever    2885    in generation 17
[12, 8, 7, 9, 14, 13, 7, 13, 9, 11, 12, 4, 18, 9, 15, 11, 3, 8, 18, 16, 16, 3, 15, 13, 9, 13, 15, 3, 7, 4, 15, 10, 11, 10, 17, 1, 13, 8, 6, 7, 20, 16, 18, 15, 11, 1, 4, 7, 8, 20, 9, 3, 13, 8, 7, 9, 17, 17, 16, 17, 20, 17, 7, 13, 10, 1, 9, 12, 8, 13, 6, 15, 5, 3, 3, 10, 8, 11, 11, 5, 4, 18, 10, 17, 4, 10, 15, 9, 7, 17, 20, 2, 20, 2, 6, 2, 19, 19, 1, 14, 11, 11, 6, 10, 17, 15, 11, 9, 7, 12, 4, 18, 15, 4, 3, 14, 12, 16, 16, 14, 19, 13, 13, 3, 12, 18, 17, 3, 19, 16, 16, 12, 7, 19, 8, 20, 1, 5, 1, 2, 6, 2, 18, 19, 5, 14, 20, 6, 8, 1, 18, 5, 11, 12, 10, 5, 10, 8, 10, 5, 6, 6, 9, 3, 1, 2, 6, 2, 12, 12, 18, 19, 16, 16, 5, 14, 18, 19, 15, 4, 4, 14, 1, 4, 14, 14, 5, 5, 14, 6, 1, 2, 20, 19, 20, 2, 19, 17, 2, 20]
bestever    2861    in generation 20
[12, 8, 7, 9, 13, 7, 13, 9, 11, 12, 4, 18, 9, 15, 11, 3, 8, 18, 16, 16, 3, 15, 13, 9, 13, 15, 3, 7, 4, 15, 10, 11, 10, 17, 1, 13, 8, 6, 7, 20, 16, 18, 19, 15, 11, 1, 4, 7, 8, 20, 9, 3, 13, 8, 7, 9, 17, 17, 16, 17, 20, 17, 7, 13, 10, 1, 9, 12, 8, 13, 6, 15, 3, 3, 10, 6, 8, 11, 19, 11, 18, 10, 17, 4, 11, 6, 10, 17, 15, 11, 9, 7, 10, 17, 15, 11, 9, 7, 12, 18, 15, 4, 3, 14, 12, 16, 16, 14, 13, 13, 3, 12, 18, 17, 3, 16, 16, 20, 20, 1, 14, 4, 5, 1, 2, 6, 2, 12, 19, 5, 14, 19, 7, 18, 8, 20, 8, 1, 5, 2, 20, 1, 2, 6, 2, 19, 5, 14, 19, 4, 18, 5, 11, 12, 10, 5, 10, 8, 10, 5, 6, 6, 9, 3, 1, 2, 6, 2, 12, 12, 18, 19, 16, 16, 5, 14, 18, 19, 15, 4, 4, 14, 1, 4, 14, 14, 5, 5, 14, 6, 1, 2, 20, 19, 20, 2, 19, 17, 2, 20]
bestever    2844    in generation 24
[12, 8, 7, 9, 13, 7, 13, 9, 11, 12, 4, 18, 9, 16, 11, 3, 8, 18, 16, 15, 3, 15, 13, 9, 13, 15, 3, 7, 4, 15, 10, 11, 10, 17, 1, 13, 8, 6, 7, 20, 16, 18, 19, 15, 11, 1, 4, 7, 8, 20, 9, 3, 13, 8, 7, 9, 17, 17, 16, 17, 20, 17, 7, 13, 10, 1, 9, 12, 8, 13, 6, 15, 3, 3, 10, 6, 8, 11, 19, 11, 18, 10, 17, 4, 11, 6, 10, 17, 15, 11, 9, 7, 10, 17, 15, 11, 9, 7, 12, 18, 15, 4, 3, 14, 12, 16, 16, 14, 13, 13, 3, 12, 18, 17, 3, 16, 16, 20, 20, 1, 14, 4, 5, 1, 2, 6, 2, 12, 19, 5, 14, 19, 7, 18, 8, 20, 8, 1, 5, 2, 20, 1, 2, 6, 2, 19, 5, 14, 19, 4, 18, 5, 11, 12, 10, 5, 10, 8, 10, 5, 6, 6, 9, 3, 1, 2, 6, 2, 12, 12, 18, 19, 16, 16, 5, 14, 18, 19, 15, 4, 4, 14, 1, 4, 14, 14, 5, 5, 14, 6, 1, 2, 20, 19, 20, 2, 19, 17, 2, 20]
bestever    2838    in generation 26
[12, 8, 7, 9, 13, 7, 13, 9, 11, 12, 4, 18, 9, 15, 11, 3, 8, 18, 16, 16, 3, 15, 13, 9, 13, 15, 3, 7, 4, 15, 10, 11, 10, 17, 1, 13, 8, 6, 7, 20, 16, 18, 19, 15, 11, 1, 4, 7, 8, 20, 9, 3, 13, 8, 7, 9, 17, 17, 16, 17, 20, 17, 7, 13, 10, 1, 9, 12, 8, 13, 6, 15, 3, 3, 10, 6, 8, 11, 19, 11, 18, 10, 17, 4, 11, 6, 10, 17, 15, 11, 9, 7, 10, 17, 15, 11, 9, 7, 12, 18, 15, 4, 3, 14, 12, 16, 16, 14, 13, 13, 3, 12, 18, 17, 3, 16, 16, 20, 20, 1, 14, 4, 5, 1, 2, 6, 2, 12, 19, 5, 14, 19, 7, 18, 8, 20, 8, 1, 5, 2, 20, 1, 2, 6, 2, 19, 5, 14, 19, 4, 18, 5, 11, 12, 10, 5, 10, 8, 10, 5, 6, 6, 9, 3, 1, 2, 6, 2, 12, 12, 18, 19, 16, 16, 5, 14, 18, 19, 15, 4, 4, 14, 1, 17, 20, 20, 20, 2, 14, 5, 2, 6, 2, 19, 5, 14, 19, 4, 14, 1]
bestever    2751    in generation 32
[10, 11, 10, 17, 10, 11, 10, 15, 11, 9, 7, 15, 14, 14, 13, 3, 7, 11, 9, 3, 15, 8, 9, 3, 16, 16, 15, 17, 13, 3, 18, 17, 16, 7, 20, 16, 19, 15, 11, 1, 7, 8, 9, 3, 13, 8, 7, 9, 17, 17, 16, 17, 17, 7, 13, 10, 1, 9, 8, 13, 15, 3, 3, 11, 11, 16, 4, 18, 11, 9, 7, 7, 20, 14, 5, 11, 5, 8, 9, 3, 16, 14, 15, 14, 1, 14, 6, 1, 5, 3, 12, 16, 15, 4, 4, 14, 20, 19, 2, 19, 17, 2, 9, 13, 13, 2, 20, 19, 15, 15, 13, 13, 20, 1, 4, 5, 1, 2, 6, 2, 12, 19, 5, 14, 19, 7, 18, 8, 20, 8, 1, 5, 2, 20, 1, 2, 6, 2, 19, 5, 14, 19, 4, 18, 5, 11, 12, 10, 5, 10, 8, 10, 5, 6, 6, 9, 3, 1, 2, 6, 2, 12, 12, 18, 19, 16, 16, 13, 6, 7, 19, 1, 4, 8, 20, 8, 6, 6, 6, 10, 10, 18, 17, 20, 20, 4, 12, 18, 4, 12, 18, 4, 18, 12, 12, 18, 4, 17, 14, 12]
bestever    2727    in generation 35
[3, 7, 11, 9, 3, 15, 8, 9, 3, 16, 16, 15, 17, 13, 3, 18, 17, 16, 7, 20, 16, 15, 11, 7, 8, 9, 3, 13, 8, 7, 9, 17, 17, 16, 17, 17, 7, 13, 10, 9, 8, 13, 15, 3, 3, 11, 11, 16, 18, 11, 9, 7, 7, 20, 5, 11, 5, 8, 9, 3, 16, 14, 15, 14, 1, 14, 6, 1, 5, 3, 12, 16, 15, 4, 4, 14, 20, 19, 19, 17, 9, 13, 13, 2, 20, 19, 15, 15, 13, 13, 20, 1, 4, 5, 1, 2, 6, 2, 12, 19, 5, 14, 19, 7, 18, 8, 20, 8, 2, 19, 14, 19, 4, 18, 5, 12, 5, 5, 6, 6, 1, 4, 5, 1, 2, 6, 2, 12, 19, 5, 1, 2, 20, 1, 2, 6, 2, 19, 14, 19, 4, 18, 11, 12, 10, 10, 8, 10, 6, 9, 3, 1, 2, 12, 12, 18, 16, 16, 13, 7, 1, 4, 8, 20, 8, 6, 6, 6, 10, 10, 18, 17, 20, 20, 4, 12, 4, 18, 4, 18, 12, 18, 17, 14, 12, 10, 11, 10, 17, 10, 11, 10, 15, 11, 9, 7, 15, 14, 14, 13]
bestever    2665    in generation 36
[10, 15, 11, 9, 7, 15, 14, 14, 13, 3, 7, 11, 9, 3, 15, 8, 9, 3, 16, 16, 15, 17, 13, 3, 18, 17, 16, 7, 20, 16, 19, 15, 11, 1, 7, 8, 9, 3, 13, 8, 17, 17, 16, 17, 17, 13, 10, 1, 8, 13, 15, 3, 3, 11, 16, 4, 18, 9, 7, 7, 20, 14, 5, 11, 5, 8, 9, 18, 11, 9, 7, 7, 20, 14, 5, 11, 5, 8, 9, 3, 16, 14, 15, 14, 1, 6, 1, 3, 12, 16, 15, 4, 4, 14, 20, 19, 2, 19, 17, 2, 9, 13, 13, 2, 19, 15, 15, 13, 13, 20, 1, 4, 1, 2, 6, 2, 12, 19, 5, 14, 19, 7, 18, 8, 20, 8, 1, 5, 2, 20, 1, 2, 6, 2, 19, 5, 14, 19, 4, 5, 11, 12, 10, 5, 10, 8, 10, 5, 6, 6, 9, 3, 1, 2, 6, 2, 12, 12, 18, 19, 16, 16, 13, 6, 7, 19, 1, 4, 8, 20, 6, 6, 6, 10, 10, 18, 17, 20, 20, 4, 12, 18, 4, 12, 18, 4, 18, 12, 12, 18, 4, 17, 14, 12, 10, 11, 10, 17, 10, 11]
bestever    2658    in generation 37
[10, 15, 11, 9, 7, 15, 14, 14, 13, 3, 7, 11, 9, 3, 15, 8, 9, 3, 16, 16, 15, 17, 13, 3, 18, 17, 16, 7, 20, 16, 19, 15, 11, 1, 7, 8, 9, 3, 13, 7, 9, 17, 17, 16, 17, 17, 7, 13, 1, 9, 13, 15, 3, 3, 11, 11, 16, 4, 18, 11, 9, 7, 20, 14, 5, 8, 9, 3, 16, 14, 15, 14, 1, 14, 6, 3, 12, 16, 15, 4, 4, 19, 2, 17, 9, 13, 13, 15, 15, 13, 13, 20, 4, 12, 7, 18, 8, 20, 8, 1, 20, 1, 2, 2, 19, 5, 14, 19, 4, 18, 5, 5, 2, 12, 19, 5, 14, 19, 7, 11, 10, 6, 6, 1, 2, 6, 18, 8, 20, 8, 1, 5, 2, 20, 1, 2, 6, 2, 19, 5, 14, 19, 4, 18, 5, 11, 12, 10, 5, 10, 8, 10, 5, 6, 6, 9, 3, 1, 2, 6, 2, 12, 12, 18, 19, 16, 16, 13, 6, 7, 19, 1, 4, 8, 20, 8, 6, 10, 10, 18, 17, 20, 20, 4, 4, 12, 4, 18, 12, 12, 18, 17, 14, 12, 10, 11, 10, 17, 10, 11]
bestever    2606    in generation 39
[9, 7, 15, 14, 14, 13, 3, 7, 11, 9, 3, 15, 8, 9, 3, 16, 16, 15, 17, 13, 3, 18, 17, 16, 7, 20, 16, 19, 15, 11, 1, 7, 8, 9, 3, 13, 7, 9, 17, 17, 16, 17, 7, 13, 1, 9, 13, 15, 3, 3, 11, 11, 16, 4, 18, 9, 7, 20, 14, 5, 8, 9, 3, 16, 15, 1, 6, 12, 15, 4, 4, 19, 2, 17, 9, 13, 13, 15, 17, 16, 14, 14, 14, 10, 3, 11, 11, 15, 15, 13, 13, 20, 4, 12, 7, 18, 8, 20, 8, 1, 20, 1, 2, 2, 19, 5, 14, 19, 4, 18, 5, 5, 2, 12, 19, 5, 14, 19, 7, 11, 10, 6, 6, 1, 2, 6, 18, 8, 20, 8, 1, 5, 2, 20, 1, 2, 6, 2, 19, 5, 14, 19, 4, 18, 5, 11, 12, 10, 5, 10, 8, 10, 5, 6, 6, 9, 3, 1, 2, 6, 2, 12, 12, 18, 19, 16, 16, 13, 6, 7, 19, 1, 4, 8, 20, 8, 6, 10, 10, 18, 17, 20, 20, 4, 4, 12, 4, 18, 12, 12, 18, 17, 14, 12, 10, 11, 10, 17, 10, 11]
bestever    2571    in generation 42
[9, 7, 15, 14, 14, 13, 3, 7, 11, 9, 3, 15, 8, 9, 3, 16, 16, 15, 17, 13, 3, 18, 17, 16, 7, 20, 16, 19, 15, 11, 1, 7, 8, 9, 3, 13, 7, 9, 17, 17, 16, 17, 7, 13, 1, 9, 13, 15, 3, 11, 11, 16, 4, 18, 9, 7, 20, 14, 5, 8, 3, 16, 15, 1, 6, 12, 15, 4, 4, 19, 2, 17, 9, 13, 13, 15, 17, 16, 14, 14, 14, 3, 11, 11, 15, 15, 13, 20, 4, 12, 7, 18, 8, 20, 8, 1, 20, 1, 2, 2, 19, 5, 14, 19, 4, 18, 5, 5, 2, 19, 5, 14, 19, 6, 6, 1, 2, 6, 18, 8, 20, 1, 5, 2, 20, 1, 2, 6, 2, 19, 5, 9, 3, 7, 8, 19, 4, 18, 5, 11, 12, 10, 5, 10, 8, 10, 5, 6, 6, 9, 3, 1, 2, 6, 2, 12, 12, 18, 19, 16, 16, 13, 6, 7, 19, 1, 4, 8, 20, 8, 6, 10, 10, 18, 17, 20, 20, 4, 4, 12, 4, 18, 12, 12, 18, 17, 14, 12, 10, 11, 10, 13, 14, 12, 10, 11, 10, 17, 10, 11]
bestever    2554    in generation 44
[9, 7, 15, 14, 14, 13, 3, 7, 11, 9, 3, 15, 8, 9, 3, 16, 16, 15, 17, 13, 3, 18, 16, 7, 20, 16, 19, 15, 11, 1, 7, 8, 9, 3, 13, 7, 9, 17, 16, 17, 7, 13, 1, 9, 13, 15, 3, 11, 11, 16, 4, 18, 9, 7, 20, 14, 5, 8, 3, 16, 15, 1, 6, 12, 15, 4, 4, 19, 2, 17, 9, 13, 13, 15, 17, 16, 14, 14, 14, 3, 11, 11, 15, 15, 13, 20, 4, 7, 18, 8, 20, 8, 1, 20, 1, 2, 2, 19, 5, 14, 19, 4, 18, 5, 5, 2, 19, 5, 14, 19, 6, 6, 1, 2, 6, 8, 20, 1, 5, 2, 20, 1, 2, 6, 2, 19, 5, 9, 3, 7, 8, 19, 5, 11, 10, 5, 10, 8, 10, 5, 6, 6, 9, 3, 1, 2, 6, 2, 18, 19, 16, 16, 13, 17, 4, 12, 18, 12, 12, 18, 17, 12, 6, 7, 19, 1, 4, 8, 20, 8, 6, 10, 10, 18, 17, 20, 20, 4, 4, 12, 4, 18, 12, 12, 18, 17, 14, 12, 10, 11, 10, 13, 14, 12, 10, 11, 10, 17, 10, 11]
bestever    2549    in generation 49
[9, 7, 15, 14, 14, 13, 3, 7, 11, 9, 3, 15, 8, 9, 3, 16, 16, 15, 17, 13, 3, 18, 16, 7, 20, 16, 19, 15, 11, 1, 7, 8, 9, 3, 13, 7, 9, 17, 16, 17, 7, 13, 11, 9, 13, 15, 3, 11, 11, 16, 4, 18, 9, 7, 20, 14, 5, 8, 3, 16, 15, 1, 6, 12, 15, 4, 4, 19, 2, 17, 9, 13, 13, 15, 16, 14, 14, 14, 3, 11, 11, 15, 15, 13, 20, 4, 7, 18, 8, 20, 8, 1, 20, 1, 2, 2, 19, 5, 14, 19, 4, 18, 5, 5, 2, 19, 5, 14, 19, 6, 6, 1, 2, 6, 8, 20, 1, 5, 2, 20, 1, 2, 6, 2, 19, 5, 9, 3, 7, 8, 19, 5, 10, 5, 8, 5, 6, 6, 9, 3, 1, 18, 17, 10, 10, 11, 2, 6, 2, 19, 16, 16, 13, 17, 4, 12, 18, 12, 12, 18, 17, 12, 6, 7, 19, 1, 4, 8, 20, 8, 6, 10, 10, 18, 17, 20, 20, 4, 4, 12, 4, 18, 12, 12, 18, 17, 14, 12, 10, 11, 10, 13, 14, 12, 10, 1, 10, 17, 10, 11]
bestever    2526    in generation 54
[9, 7, 15, 14, 14, 13, 3, 7, 11, 9, 3, 15, 8, 9, 3, 16, 16, 15, 17, 13, 3, 18, 16, 7, 20, 16, 19, 15, 11, 1, 7, 8, 9, 3, 13, 7, 9, 17, 16, 17, 7, 13, 11, 9, 13, 15, 3, 11, 11, 16, 4, 18, 9, 7, 20, 14, 5, 8, 16, 15, 1, 12, 15, 4, 4, 19, 2, 17, 13, 13, 15, 16, 14, 14, 14, 3, 11, 11, 15, 15, 13, 20, 4, 7, 18, 20, 1, 20, 1, 2, 2, 19, 5, 14, 19, 4, 18, 5, 5, 2, 14, 19, 6, 1, 2, 6, 8, 20, 1, 2, 20, 1, 2, 6, 2, 19, 9, 3, 7, 8, 3, 8, 19, 5, 5, 8, 5, 6, 6, 9, 19, 5, 10, 5, 8, 5, 6, 6, 9, 3, 1, 18, 17, 10, 10, 11, 2, 6, 2, 19, 16, 16, 13, 17, 4, 12, 18, 12, 12, 18, 17, 12, 6, 7, 19, 1, 4, 8, 20, 8, 6, 10, 10, 18, 17, 20, 20, 4, 4, 12, 4, 18, 12, 12, 18, 17, 14, 12, 10, 11, 10, 13, 14, 12, 10, 1, 10, 17, 10, 11]
bestever    2514    in generation 55
[9, 7, 15, 14, 14, 13, 3, 7, 11, 9, 3, 15, 8, 9, 3, 16, 16, 15, 17, 13, 3, 18, 16, 7, 20, 16, 19, 15, 11, 1, 7, 8, 9, 3, 13, 7, 9, 17, 16, 17, 7, 13, 11, 9, 13, 15, 3, 11, 11, 16, 4, 18, 9, 7, 20, 14, 5, 8, 3, 16, 15, 1, 6, 12, 15, 4, 4, 19, 2, 17, 9, 13, 13, 15, 16, 14, 14, 14, 3, 11, 11, 15, 15, 13, 20, 4, 7, 2, 8, 20, 8, 1, 20, 1, 2, 2, 19, 5, 14, 19, 4, 18, 5, 5, 2, 19, 5, 14, 19, 6, 6, 1, 2, 6, 8, 20, 1, 5, 2, 20, 1, 2, 6, 2, 19, 5, 9, 3, 7, 8, 19, 5, 10, 5, 8, 5, 6, 6, 9, 3, 1, 18, 17, 10, 10, 11, 18, 6, 2, 19, 16, 16, 13, 17, 4, 12, 18, 12, 12, 18, 17, 12, 6, 7, 19, 1, 4, 8, 20, 8, 6, 10, 10, 18, 17, 20, 20, 4, 4, 12, 4, 18, 12, 12, 18, 17, 14, 12, 10, 11, 10, 13, 14, 12, 10, 1, 10, 17, 10, 11]
bestever    2508    in generation 56
[9, 7, 15, 14, 14, 13, 3, 7, 11, 9, 3, 15, 8, 9, 3, 16, 16, 15, 17, 13, 3, 18, 16, 7, 20, 16, 19, 15, 11, 1, 7, 8, 9, 3, 13, 7, 9, 17, 16, 17, 7, 13, 11, 9, 13, 15, 3, 11, 11, 16, 4, 18, 9, 7, 20, 14, 5, 8, 3, 16, 15, 1, 6, 12, 15, 4, 4, 19, 2, 17, 9, 13, 13, 15, 16, 14, 14, 14, 3, 11, 11, 15, 15, 13, 20, 4, 7, 18, 8, 20, 8, 1, 20, 1, 2, 2, 19, 5, 14, 19, 4, 18, 5, 5, 2, 19, 5, 14, 19, 6, 1, 2, 20, 1, 5, 2, 20, 1, 2, 6, 2, 19, 5, 9, 3, 7, 8, 19, 5, 10, 8, 6, 6, 5, 8, 5, 6, 6, 9, 3, 1, 18, 17, 10, 10, 11, 2, 6, 2, 19, 16, 16, 13, 17, 4, 12, 18, 12, 12, 18, 17, 12, 6, 7, 19, 1, 4, 8, 20, 8, 6, 10, 10, 18, 17, 20, 20, 4, 4, 12, 4, 18, 12, 12, 18, 17, 14, 12, 10, 11, 10, 13, 14, 12, 10, 1, 10, 17, 10, 11]
bestever    2429    in generation 63
[9, 7, 15, 14, 14, 13, 3, 7, 11, 9, 3, 15, 8, 9, 3, 16, 16, 15, 17, 13, 3, 18, 16, 7, 20, 16, 19, 15, 11, 1, 7, 8, 9, 3, 13, 7, 9, 17, 16, 17, 7, 13, 11, 9, 13, 15, 3, 11, 11, 16, 4, 18, 9, 7, 20, 14, 5, 8, 3, 16, 15, 1, 6, 12, 15, 4, 4, 19, 2, 17, 9, 13, 13, 15, 16, 14, 14, 14, 3, 11, 11, 15, 15, 13, 20, 4, 7, 18, 8, 20, 8, 1, 20, 1, 2, 2, 19, 5, 14, 19, 4, 18, 5, 5, 2, 19, 5, 14, 19, 6, 1, 2, 20, 10, 5, 2, 20, 1, 2, 6, 2, 19, 5, 9, 3, 7, 8, 19, 5, 10, 8, 6, 6, 5, 8, 5, 6, 6, 9, 3, 1, 18, 17, 10, 1, 11, 2, 6, 2, 19, 16, 16, 13, 17, 4, 12, 18, 12, 12, 18, 17, 12, 6, 7, 19, 1, 4, 8, 20, 8, 6, 10, 10, 18, 17, 20, 20, 4, 4, 12, 4, 18, 12, 12, 18, 17, 14, 12, 10, 11, 10, 13, 14, 12, 10, 1, 10, 17, 10, 11]
bestever    2427    in generation 103
[9, 7, 15, 14, 14, 13, 3, 7, 11, 9, 3, 15, 8, 9, 3, 16, 16, 15, 17, 13, 3, 18, 16, 7, 20, 16, 19, 15, 11, 1, 7, 8, 9, 3, 13, 7, 9, 17, 16, 17, 7, 13, 11, 9, 13, 15, 3, 11, 11, 16, 4, 18, 9, 7, 20, 14, 5, 8, 3, 16, 15, 1, 6, 15, 4, 4, 19, 2, 17, 9, 13, 13, 15, 16, 14, 14, 14, 3, 11, 11, 15, 15, 13, 20, 4, 7, 18, 8, 20, 8, 1, 20, 1, 2, 2, 19, 5, 14, 19, 4, 18, 5, 5, 2, 19, 5, 14, 19, 6, 1, 2, 20, 10, 5, 2, 20, 1, 2, 6, 2, 19, 5, 9, 3, 7, 8, 19, 5, 10, 8, 6, 6, 5, 8, 5, 6, 6, 9, 3, 1, 18, 17, 10, 1, 11, 2, 6, 2, 19, 16, 16, 13, 17, 4, 18, 12, 12, 6, 7, 19, 1, 8, 20, 8, 6, 10, 10, 17, 20, 20, 4, 4, 12, 4, 18, 12, 12, 18, 17, 12, 4, 18, 12, 12, 18, 17, 14, 12, 10, 11, 10, 13, 14, 12, 1, 10, 17, 10, 11, 10]
bestever    2414    in generation 109
[9, 7, 15, 14, 14, 13, 3, 7, 11, 9, 3, 15, 8, 9, 3, 16, 15, 15, 17, 13, 3, 18, 16, 7, 20, 16, 19, 15, 11, 1, 7, 8, 9, 3, 13, 7, 9, 17, 16, 17, 7, 13, 11, 9, 13, 15, 3, 11, 11, 16, 4, 18, 9, 7, 20, 14, 5, 8, 3, 16, 15, 1, 6, 15, 4, 4, 19, 2, 17, 9, 13, 13, 15, 16, 14, 14, 14, 3, 11, 11, 15, 16, 13, 20, 4, 7, 18, 8, 20, 8, 1, 20, 1, 2, 2, 19, 5, 14, 19, 4, 18, 5, 5, 2, 19, 5, 14, 19, 6, 1, 2, 20, 10, 5, 2, 20, 1, 2, 6, 2, 19, 5, 9, 3, 7, 8, 19, 5, 10, 8, 6, 6, 5, 8, 5, 6, 6, 9, 3, 1, 18, 17, 10, 1, 11, 2, 6, 2, 19, 16, 16, 13, 17, 4, 18, 12, 12, 6, 7, 19, 1, 8, 20, 8, 6, 10, 10, 17, 20, 20, 4, 4, 12, 4, 18, 12, 12, 18, 17, 12, 4, 18, 12, 12, 18, 17, 14, 12, 10, 11, 10, 13, 14, 12, 1, 10, 17, 10, 11, 10]
bestever    2411    in generation 123
[9, 7, 15, 14, 14, 13, 3, 7, 11, 9, 3, 15, 8, 9, 3, 16, 15, 15, 17, 13, 3, 18, 16, 7, 20, 16, 19, 15, 11, 1, 7, 8, 9, 3, 13, 7, 9, 17, 16, 17, 7, 13, 11, 9, 13, 15, 3, 11, 11, 16, 4, 18, 9, 7, 20, 14, 5, 8, 3, 16, 15, 1, 6, 15, 4, 19, 2, 17, 9, 13, 13, 15, 16, 14, 14, 14, 3, 11, 11, 15, 16, 13, 20, 4, 7, 18, 8, 20, 8, 1, 20, 1, 2, 2, 19, 5, 14, 19, 4, 18, 5, 5, 2, 19, 5, 14, 19, 6, 1, 2, 10, 5, 2, 1, 2, 6, 2, 19, 5, 9, 3, 7, 8, 19, 5, 10, 8, 6, 6, 5, 8, 5, 6, 6, 9, 3, 1, 18, 17, 10, 1, 2, 6, 2, 19, 16, 16, 13, 17, 4, 18, 12, 12, 7, 19, 1, 8, 6, 20, 20, 4, 20, 8, 6, 20, 20, 4, 4, 12, 4, 18, 12, 12, 17, 10, 11, 10, 18, 17, 12, 4, 18, 12, 12, 18, 17, 14, 12, 10, 11, 10, 13, 14, 12, 1, 10, 17, 10, 11, 10]
bestever    2399    in generation 127
[14, 15, 13, 7, 14, 9, 3, 7, 11, 9, 3, 15, 8, 9, 3, 16, 15, 15, 17, 13, 3, 18, 16, 7, 20, 16, 19, 15, 11, 1, 7, 8, 9, 3, 13, 7, 9, 17, 16, 17, 7, 13, 11, 9, 13, 15, 3, 11, 11, 16, 4, 18, 9, 7, 20, 14, 5, 8, 3, 16, 15, 1, 6, 15, 4, 19, 2, 17, 9, 13, 13, 15, 16, 14, 14, 14, 3, 11, 11, 15, 16, 13, 20, 4, 7, 18, 8, 20, 8, 1, 20, 1, 2, 2, 19, 5, 14, 19, 4, 18, 5, 5, 2, 19, 5, 14, 19, 6, 1, 2, 10, 5, 2, 1, 2, 6, 2, 19, 5, 9, 3, 7, 8, 19, 5, 10, 8, 6, 6, 5, 8, 5, 6, 6, 9, 3, 1, 18, 17, 10, 1, 2, 6, 2, 19, 16, 16, 13, 17, 4, 18, 12, 12, 7, 19, 1, 8, 6, 20, 20, 4, 20, 8, 6, 20, 20, 4, 4, 12, 4, 18, 12, 12, 17, 10, 11, 10, 18, 17, 12, 4, 18, 12, 12, 18, 17, 14, 12, 10, 11, 10, 13, 14, 12, 1, 10, 17, 10, 11, 10]
bestever    2386    in generation 128
[9, 7, 15, 14, 14, 13, 3, 7, 11, 9, 15, 3, 16, 15, 15, 17, 13, 3, 18, 16, 7, 20, 16, 19, 15, 11, 1, 7, 8, 9, 3, 13, 7, 9, 17, 16, 17, 7, 13, 11, 9, 13, 15, 3, 11, 11, 16, 4, 18, 9, 7, 20, 14, 5, 8, 3, 16, 15, 1, 6, 15, 4, 19, 2, 17, 9, 13, 13, 15, 16, 14, 14, 14, 3, 11, 11, 15, 16, 13, 20, 4, 7, 18, 8, 20, 8, 1, 20, 1, 2, 2, 19, 5, 14, 4, 18, 2, 5, 14, 19, 6, 1, 2, 10, 5, 1, 2, 6, 2, 19, 2, 19, 5, 9, 3, 8, 19, 5, 5, 9, 3, 7, 8, 19, 5, 10, 8, 6, 6, 5, 8, 5, 6, 6, 9, 3, 1, 18, 17, 10, 1, 2, 6, 2, 19, 16, 16, 13, 17, 4, 18, 12, 12, 7, 19, 1, 8, 6, 20, 20, 4, 20, 8, 6, 20, 20, 4, 4, 12, 4, 18, 12, 12, 17, 10, 11, 10, 18, 17, 12, 4, 18, 12, 12, 18, 17, 14, 12, 10, 11, 10, 13, 14, 12, 1, 10, 17, 10, 11, 10]
bestever    2380    in generation 137
[9, 7, 15, 14, 14, 13, 3, 7, 11, 9, 15, 3, 16, 15, 15, 17, 13, 3, 18, 16, 7, 20, 16, 19, 15, 11, 1, 7, 8, 9, 3, 13, 7, 9, 17, 16, 17, 7, 13, 11, 9, 13, 15, 3, 11, 11, 16, 4, 18, 9, 7, 20, 14, 5, 8, 3, 16, 15, 1, 6, 15, 4, 19, 2, 17, 9, 13, 13, 15, 16, 14, 14, 14, 3, 11, 15, 16, 13, 20, 4, 7, 18, 8, 20, 8, 1, 20, 1, 2, 2, 19, 5, 14, 4, 18, 2, 5, 19, 6, 1, 2, 10, 5, 1, 2, 6, 2, 19, 2, 19, 5, 9, 3, 8, 19, 5, 5, 9, 3, 7, 8, 19, 5, 10, 8, 6, 6, 5, 8, 5, 6, 6, 9, 3, 1, 18, 17, 1, 2, 6, 2, 19, 16, 16, 13, 17, 4, 18, 12, 12, 7, 11, 14, 10, 19, 1, 8, 6, 20, 20, 4, 20, 8, 6, 20, 20, 4, 4, 12, 4, 18, 12, 12, 17, 10, 11, 10, 18, 17, 12, 4, 18, 12, 12, 18, 17, 14, 12, 10, 11, 10, 13, 14, 12, 1, 10, 17, 10, 11, 10]
bestever    2345    in generation 154
[9, 7, 15, 14, 14, 13, 3, 7, 11, 9, 15, 3, 16, 15, 15, 17, 13, 3, 18, 16, 7, 20, 16, 19, 15, 11, 1, 7, 8, 9, 3, 13, 7, 9, 17, 16, 17, 13, 11, 9, 13, 15, 3, 16, 4, 18, 9, 20, 14, 5, 8, 3, 16, 15, 1, 6, 15, 4, 19, 2, 13, 16, 14, 14, 15, 7, 9, 3, 7, 14, 11, 13, 11, 11, 15, 16, 13, 20, 4, 7, 8, 20, 8, 1, 20, 1, 2, 2, 19, 5, 14, 4, 18, 2, 5, 14, 19, 6, 1, 2, 10, 5, 1, 2, 6, 2, 19, 2, 19, 5, 9, 3, 8, 19, 5, 5, 9, 3, 7, 8, 19, 5, 8, 6, 6, 5, 8, 5, 6, 6, 9, 3, 1, 18, 17, 1, 2, 6, 2, 19, 16, 16, 13, 17, 4, 18, 12, 12, 7, 19, 1, 8, 6, 20, 20, 4, 20, 8, 6, 20, 20, 4, 4, 18, 12, 12, 17, 10, 11, 10, 18, 17, 12, 4, 10, 11, 10, 18, 17, 12, 4, 18, 12, 12, 18, 17, 14, 12, 10, 11, 10, 13, 14, 12, 1, 10, 17, 10, 11, 10]
bestever    2321    in generation 160
[9, 3, 9, 15, 3, 16, 15, 15, 17, 13, 3, 18, 16, 7, 20, 16, 15, 11, 1, 7, 9, 3, 13, 7, 9, 17, 16, 17, 13, 11, 9, 13, 15, 3, 11, 16, 4, 18, 20, 14, 16, 15, 15, 4, 13, 14, 14, 15, 7, 7, 13, 11, 1, 16, 14, 14, 15, 7, 9, 3, 7, 14, 11, 13, 15, 16, 8, 8, 2, 19, 5, 19, 6, 9, 3, 11, 13, 20, 4, 7, 8, 20, 8, 1, 20, 1, 2, 2, 19, 5, 14, 4, 18, 2, 5, 14, 19, 6, 1, 2, 10, 5, 1, 2, 6, 2, 19, 2, 19, 5, 9, 3, 8, 19, 5, 5, 9, 3, 7, 8, 19, 5, 8, 6, 6, 5, 8, 5, 6, 6, 9, 3, 1, 18, 17, 1, 2, 6, 2, 19, 16, 16, 13, 17, 4, 18, 12, 12, 7, 19, 1, 8, 6, 20, 20, 4, 20, 8, 6, 20, 20, 4, 4, 18, 12, 12, 17, 10, 11, 10, 18, 17, 12, 4, 10, 11, 10, 18, 17, 12, 4, 18, 12, 12, 18, 17, 14, 12, 10, 11, 10, 13, 14, 12, 1, 10, 17, 10, 11, 10]
bestever    2317    in generation 178
[9, 3, 9, 15, 3, 16, 15, 15, 17, 13, 3, 18, 16, 7, 20, 16, 15, 11, 1, 7, 9, 3, 13, 7, 9, 17, 16, 17, 13, 11, 9, 13, 15, 3, 11, 4, 18, 20, 14, 15, 15, 4, 13, 14, 14, 15, 7, 7, 13, 11, 1, 16, 14, 14, 15, 7, 9, 3, 14, 11, 13, 15, 16, 8, 8, 2, 19, 5, 19, 6, 9, 3, 11, 13, 20, 4, 7, 8, 20, 8, 1, 20, 1, 2, 2, 19, 5, 14, 4, 18, 2, 5, 14, 19, 6, 1, 2, 10, 5, 1, 2, 6, 2, 19, 2, 19, 5, 9, 3, 8, 19, 5, 5, 9, 3, 7, 8, 19, 5, 8, 6, 6, 5, 8, 5, 6, 6, 9, 3, 1, 18, 17, 1, 2, 6, 2, 19, 16, 16, 13, 17, 4, 18, 12, 12, 7, 19, 1, 8, 6, 20, 20, 4, 20, 8, 6, 20, 20, 16, 7, 16, 4, 4, 18, 12, 12, 17, 10, 11, 10, 18, 17, 12, 4, 10, 11, 10, 18, 17, 12, 4, 18, 12, 12, 18, 17, 14, 12, 10, 11, 10, 13, 14, 12, 1, 10, 17, 10, 11, 10]
bestever    2288    in generation 186
[9, 3, 9, 15, 3, 16, 15, 15, 17, 13, 3, 18, 16, 7, 20, 16, 15, 11, 1, 7, 9, 3, 13, 7, 9, 17, 16, 17, 13, 11, 9, 13, 15, 3, 11, 4, 18, 20, 14, 15, 15, 4, 13, 14, 14, 15, 7, 7, 13, 11, 1, 16, 14, 14, 15, 7, 9, 3, 14, 13, 15, 16, 8, 8, 2, 19, 5, 19, 6, 9, 3, 11, 13, 20, 4, 7, 8, 20, 8, 1, 20, 1, 2, 2, 19, 5, 14, 4, 18, 2, 5, 14, 19, 6, 1, 2, 5, 1, 2, 6, 2, 19, 2, 19, 5, 9, 3, 8, 19, 5, 5, 9, 3, 7, 8, 19, 5, 8, 6, 6, 5, 8, 5, 6, 6, 9, 3, 1, 18, 17, 1, 2, 6, 2, 19, 16, 16, 13, 17, 4, 12, 7, 19, 1, 8, 6, 20, 20, 4, 20, 8, 6, 20, 20, 16, 7, 16, 4, 12, 12, 11, 10, 18, 12, 4, 10, 11, 10, 18, 17, 18, 17, 12, 4, 10, 11, 10, 18, 17, 12, 4, 18, 12, 12, 18, 17, 14, 12, 10, 11, 10, 13, 14, 12, 1, 10, 17, 10, 11, 10]
bestever    2266    in generation 197
[9, 3, 9, 15, 3, 16, 15, 15, 17, 13, 3, 18, 16, 7, 20, 16, 15, 11, 1, 7, 9, 3, 13, 7, 9, 17, 16, 17, 13, 11, 9, 13, 15, 3, 11, 4, 18, 20, 14, 15, 15, 4, 13, 14, 14, 15, 7, 7, 13, 11, 1, 16, 14, 14, 15, 7, 9, 3, 14, 13, 15, 16, 8, 8, 2, 19, 5, 19, 6, 9, 3, 11, 13, 20, 4, 7, 8, 20, 8, 1, 20, 1, 2, 2, 19, 5, 14, 4, 18, 2, 5, 14, 19, 6, 1, 2, 5, 1, 2, 6, 2, 19, 2, 19, 5, 9, 3, 8, 19, 5, 5, 9, 3, 7, 8, 19, 5, 8, 6, 6, 5, 8, 5, 6, 6, 9, 3, 1, 18, 17, 1, 2, 6, 2, 19, 16, 16, 13, 17, 4, 12, 7, 19, 1, 8, 6, 20, 20, 4, 20, 8, 6, 20, 20, 16, 7, 16, 4, 12, 12, 11, 10, 18, 12, 4, 10, 11, 10, 18, 17, 18, 17, 12, 4, 10, 10, 18, 12, 12, 12, 4, 18, 12, 12, 18, 17, 14, 10, 11, 13, 14, 1, 17, 10, 11, 10, 17, 10, 11, 10]
bestever    2224    in generation 277
[9, 3, 9, 15, 3, 16, 15, 15, 13, 3, 18, 16, 7, 20, 16, 15, 11, 1, 7, 9, 3, 13, 7, 9, 16, 13, 11, 9, 13, 15, 3, 11, 4, 18, 20, 14, 15, 15, 4, 13, 14, 14, 15, 7, 7, 13, 11, 1, 16, 14, 14, 15, 7, 9, 3, 13, 15, 16, 8, 8, 2, 19, 5, 19, 6, 9, 3, 11, 13, 20, 4, 7, 8, 20, 8, 1, 20, 1, 2, 2, 19, 5, 14, 4, 18, 2, 5, 14, 19, 6, 1, 2, 5, 1, 2, 6, 2, 19, 2, 19, 5, 9, 3, 8, 19, 5, 5, 9, 3, 7, 8, 19, 5, 8, 6, 6, 5, 8, 5, 6, 6, 9, 3, 1, 18, 1, 2, 6, 2, 19, 16, 16, 13, 17, 4, 7, 19, 1, 8, 6, 20, 20, 4, 20, 8, 6, 20, 20, 16, 7, 16, 4, 11, 10, 4, 11, 17, 17, 12, 10, 18, 12, 17, 17, 18, 18, 12, 12, 17, 14, 10, 17, 12, 4, 10, 10, 18, 12, 12, 12, 4, 18, 12, 12, 18, 17, 14, 10, 11, 13, 14, 1, 17, 10, 11, 10, 17, 10, 11, 10]
bestever    2211    in generation 283
[9, 3, 9, 15, 3, 16, 15, 15, 13, 3, 18, 16, 7, 20, 16, 15, 11, 1, 7, 9, 3, 13, 7, 9, 16, 13, 11, 9, 13, 15, 3, 11, 4, 18, 20, 14, 15, 15, 4, 13, 14, 14, 15, 7, 7, 13, 11, 1, 16, 14, 14, 15, 9, 3, 13, 15, 16, 8, 8, 2, 19, 5, 19, 9, 3, 11, 13, 20, 4, 7, 8, 20, 1, 20, 1, 2, 2, 19, 5, 14, 4, 18, 2, 5, 14, 19, 1, 2, 5, 1, 2, 2, 19, 2, 5, 9, 3, 19, 5, 7, 19, 8, 6, 8, 6, 6, 5, 9, 3, 7, 8, 19, 5, 8, 6, 6, 5, 8, 5, 6, 6, 9, 3, 1, 18, 1, 2, 6, 2, 19, 16, 16, 13, 17, 4, 7, 19, 1, 8, 6, 20, 20, 4, 20, 8, 6, 20, 20, 16, 7, 16, 4, 11, 10, 4, 11, 17, 17, 12, 10, 18, 12, 17, 17, 18, 18, 12, 12, 17, 14, 10, 17, 12, 4, 10, 10, 18, 12, 12, 12, 4, 18, 12, 12, 18, 17, 14, 10, 11, 13, 14, 1, 17, 10, 11, 10, 17, 10, 11, 10]
bestever    2210    in generation 290
[9, 15, 3, 16, 15, 15, 13, 3, 18, 16, 7, 20, 15, 11, 1, 9, 3, 16, 7, 9, 3, 13, 7, 9, 16, 13, 11, 9, 13, 15, 3, 11, 4, 18, 20, 14, 15, 15, 4, 13, 14, 14, 15, 7, 7, 13, 11, 1, 16, 14, 14, 15, 7, 9, 3, 13, 15, 16, 8, 8, 2, 19, 5, 19, 6, 9, 3, 11, 13, 20, 4, 7, 8, 20, 8, 1, 20, 1, 2, 2, 19, 5, 14, 4, 18, 2, 5, 14, 19, 6, 1, 2, 5, 1, 2, 6, 2, 19, 2, 19, 5, 9, 3, 8, 19, 5, 5, 9, 3, 7, 8, 19, 5, 8, 6, 6, 5, 8, 5, 6, 6, 9, 3, 1, 18, 1, 2, 6, 2, 19, 16, 16, 13, 17, 4, 7, 19, 1, 8, 6, 20, 20, 4, 20, 8, 6, 20, 20, 16, 7, 16, 4, 11, 10, 4, 11, 17, 17, 12, 10, 18, 12, 17, 17, 18, 18, 12, 12, 17, 14, 10, 17, 12, 4, 10, 10, 18, 12, 12, 12, 4, 18, 12, 12, 18, 17, 14, 10, 11, 13, 14, 1, 17, 10, 11, 10, 17, 10, 11, 10]
bestever    2193    in generation 310
[9, 15, 3, 16, 15, 15, 13, 3, 18, 16, 7, 20, 15, 11, 1, 9, 3, 16, 7, 9, 3, 13, 7, 9, 16, 13, 11, 9, 13, 15, 3, 11, 4, 18, 20, 14, 15, 15, 13, 14, 14, 15, 7, 7, 13, 11, 1, 16, 14, 14, 15, 7, 9, 3, 13, 15, 16, 8, 8, 2, 19, 5, 19, 6, 9, 3, 11, 13, 20, 4, 7, 8, 8, 1, 1, 2, 2, 19, 5, 14, 4, 18, 2, 5, 14, 19, 6, 1, 2, 5, 1, 2, 6, 2, 19, 2, 19, 5, 9, 3, 8, 19, 5, 5, 9, 3, 7, 8, 19, 5, 8, 6, 6, 5, 8, 5, 6, 6, 9, 3, 1, 18, 1, 2, 2, 19, 16, 16, 13, 17, 4, 7, 19, 1, 6, 20, 4, 20, 8, 6, 20, 20, 4, 20, 8, 6, 20, 20, 16, 7, 16, 4, 11, 10, 4, 11, 17, 17, 12, 10, 18, 12, 17, 17, 18, 18, 12, 12, 17, 14, 10, 17, 12, 4, 10, 10, 18, 12, 12, 12, 4, 18, 12, 12, 18, 17, 14, 10, 11, 13, 14, 1, 17, 10, 11, 10, 17, 10, 11, 10]
bestever    2179    in generation 325
[9, 15, 3, 16, 15, 15, 13, 3, 18, 16, 7, 20, 15, 11, 1, 9, 3, 16, 7, 9, 3, 13, 7, 9, 16, 13, 11, 9, 13, 15, 3, 11, 4, 18, 20, 14, 15, 15, 13, 14, 14, 15, 7, 7, 13, 11, 1, 16, 14, 14, 15, 7, 9, 3, 13, 15, 16, 8, 8, 2, 19, 5, 19, 6, 9, 3, 11, 13, 20, 7, 8, 8, 1, 1, 2, 2, 19, 5, 14, 4, 18, 2, 5, 14, 19, 6, 1, 2, 5, 1, 2, 6, 2, 19, 2, 19, 5, 9, 3, 8, 19, 5, 5, 9, 3, 7, 8, 19, 5, 8, 6, 6, 5, 8, 5, 6, 6, 9, 3, 1, 18, 1, 2, 2, 19, 16, 13, 17, 4, 7, 19, 1, 6, 20, 4, 4, 16, 20, 8, 6, 20, 20, 4, 20, 8, 6, 20, 20, 16, 7, 16, 4, 11, 10, 4, 11, 17, 17, 12, 10, 18, 12, 17, 17, 18, 18, 12, 12, 17, 14, 10, 17, 12, 4, 10, 10, 18, 12, 12, 12, 4, 18, 12, 12, 18, 17, 14, 10, 11, 13, 14, 1, 17, 10, 11, 10, 17, 10, 11, 10]
bestever    2177    in generation 346
[9, 15, 3, 16, 15, 15, 13, 3, 18, 16, 7, 20, 15, 11, 1, 9, 3, 16, 7, 9, 3, 13, 7, 9, 16, 13, 11, 9, 13, 15, 3, 11, 4, 20, 14, 15, 15, 13, 14, 14, 15, 7, 7, 13, 11, 1, 16, 14, 14, 15, 7, 9, 3, 13, 15, 16, 8, 8, 2, 19, 5, 19, 6, 9, 3, 11, 13, 20, 7, 8, 8, 1, 1, 2, 2, 19, 5, 14, 4, 2, 5, 14, 19, 6, 1, 2, 5, 1, 2, 6, 2, 19, 2, 19, 5, 9, 3, 8, 19, 5, 5, 9, 3, 7, 8, 19, 5, 8, 6, 6, 5, 8, 5, 6, 6, 9, 3, 1, 18, 1, 2, 2, 19, 16, 13, 17, 4, 7, 19, 1, 6, 20, 4, 16, 20, 8, 6, 20, 20, 4, 20, 8, 6, 20, 20, 16, 18, 4, 18, 7, 16, 4, 11, 10, 4, 11, 17, 17, 12, 10, 18, 12, 17, 17, 18, 18, 12, 12, 17, 14, 10, 17, 12, 4, 10, 10, 18, 12, 12, 12, 4, 18, 12, 12, 18, 17, 14, 10, 11, 13, 14, 1, 17, 10, 11, 10, 17, 10, 11, 10]
bestever    2157    in generation 416
[9, 15, 3, 16, 15, 15, 13, 3, 18, 16, 7, 20, 15, 11, 1, 9, 3, 16, 7, 9, 3, 13, 7, 9, 16, 13, 11, 9, 13, 15, 3, 11, 4, 20, 14, 15, 15, 13, 14, 14, 15, 7, 7, 13, 11, 1, 16, 14, 14, 15, 7, 9, 3, 13, 15, 16, 8, 8, 2, 19, 5, 19, 6, 9, 3, 11, 13, 20, 7, 8, 8, 1, 1, 2, 2, 19, 5, 14, 2, 5, 14, 19, 6, 14, 2, 5, 1, 2, 6, 2, 19, 2, 19, 5, 9, 3, 8, 19, 5, 5, 9, 3, 7, 8, 19, 5, 8, 6, 6, 5, 8, 5, 6, 6, 9, 3, 1, 18, 1, 2, 2, 19, 16, 13, 17, 4, 7, 19, 1, 6, 20, 4, 20, 8, 6, 4, 18, 4, 18, 16, 20, 20, 4, 20, 8, 6, 20, 20, 16, 7, 16, 4, 11, 4, 17, 11, 10, 17, 10, 18, 17, 17, 18, 18, 12, 17, 14, 10, 17, 12, 12, 12, 12, 4, 10, 10, 18, 12, 12, 12, 4, 18, 12, 12, 18, 17, 14, 10, 11, 13, 1, 1, 17, 10, 11, 10, 17, 10, 11, 10]
bestever    2154    in generation 427
[9, 15, 3, 16, 15, 15, 13, 3, 18, 16, 7, 20, 15, 11, 1, 9, 3, 16, 7, 9, 3, 13, 7, 9, 16, 13, 11, 9, 13, 15, 3, 11, 4, 20, 14, 15, 15, 13, 14, 14, 15, 7, 7, 13, 11, 1, 16, 14, 14, 15, 7, 9, 3, 13, 15, 16, 8, 8, 2, 19, 5, 19, 6, 9, 3, 11, 13, 20, 7, 8, 8, 1, 1, 2, 2, 19, 5, 14, 2, 5, 14, 19, 6, 14, 2, 5, 1, 2, 6, 2, 19, 2, 19, 5, 9, 3, 8, 19, 5, 5, 9, 3, 7, 8, 19, 5, 8, 6, 6, 5, 8, 5, 6, 6, 9, 3, 1, 18, 1, 2, 2, 19, 16, 13, 17, 4, 7, 19, 1, 6, 20, 4, 20, 8, 6, 4, 18, 4, 18, 16, 20, 20, 4, 20, 8, 6, 20, 20, 16, 7, 16, 4, 11, 4, 17, 11, 10, 17, 10, 18, 17, 17, 18, 18, 12, 17, 14, 10, 17, 12, 12, 12, 12, 4, 10, 10, 18, 12, 12, 13, 17, 10, 17, 12, 4, 18, 12, 12, 18, 17, 14, 11, 1, 1, 10, 11, 10, 10, 11, 10]
bestever    2119    in generation 438
[9, 15, 3, 16, 15, 15, 13, 3, 18, 16, 7, 20, 15, 11, 1, 9, 3, 16, 7, 9, 3, 13, 7, 9, 16, 13, 11, 9, 13, 15, 3, 11, 20, 14, 15, 15, 13, 14, 14, 15, 7, 7, 13, 11, 1, 16, 14, 14, 15, 7, 9, 3, 13, 15, 18, 8, 8, 2, 19, 5, 19, 6, 9, 3, 11, 13, 7, 8, 8, 1, 1, 2, 2, 19, 5, 14, 2, 5, 14, 19, 6, 14, 2, 5, 1, 2, 6, 2, 19, 2, 19, 5, 9, 3, 8, 19, 5, 5, 9, 3, 7, 8, 19, 5, 8, 6, 6, 5, 8, 5, 6, 6, 9, 3, 1, 16, 2, 2, 19, 16, 13, 17, 7, 19, 1, 4, 20, 4, 1, 6, 20, 4, 20, 8, 6, 4, 18, 4, 18, 16, 20, 20, 4, 20, 8, 6, 20, 20, 16, 7, 16, 4, 11, 4, 17, 11, 10, 17, 10, 18, 17, 17, 18, 18, 12, 17, 14, 10, 17, 12, 12, 12, 12, 4, 10, 10, 18, 12, 12, 13, 17, 10, 17, 12, 4, 18, 12, 12, 18, 17, 14, 11, 1, 1, 10, 11, 10, 10, 11, 10]
bestever    2109    in generation 442
[9, 15, 3, 16, 15, 15, 13, 3, 18, 16, 7, 20, 15, 11, 1, 9, 3, 16, 7, 9, 3, 13, 7, 9, 16, 13, 11, 9, 13, 15, 3, 11, 20, 14, 15, 15, 13, 14, 14, 15, 7, 7, 13, 11, 1, 16, 14, 14, 15, 7, 9, 3, 13, 15, 18, 8, 8, 2, 19, 5, 19, 6, 9, 3, 11, 13, 7, 8, 8, 1, 1, 2, 2, 19, 5, 14, 2, 5, 14, 19, 6, 14, 2, 5, 1, 2, 6, 2, 19, 2, 19, 5, 9, 3, 8, 19, 5, 5, 9, 3, 7, 8, 19, 5, 8, 6, 6, 5, 8, 5, 6, 6, 9, 3, 1, 16, 2, 2, 19, 16, 13, 17, 6, 19, 1, 4, 20, 4, 1, 6, 20, 4, 20, 8, 7, 4, 18, 4, 18, 16, 20, 20, 4, 20, 8, 6, 20, 20, 16, 7, 16, 4, 11, 4, 17, 11, 10, 17, 10, 18, 17, 17, 18, 18, 12, 17, 14, 10, 17, 12, 12, 12, 12, 4, 10, 10, 18, 12, 12, 13, 17, 10, 17, 12, 4, 18, 12, 12, 18, 17, 14, 11, 1, 1, 10, 11, 10, 10, 11, 10]
bestever    2108    in generation 639
[9, 15, 3, 16, 15, 15, 13, 3, 18, 16, 7, 20, 15, 11, 1, 9, 3, 16, 7, 9, 3, 13, 7, 9, 16, 20, 11, 9, 13, 15, 3, 11, 20, 14, 15, 15, 13, 14, 14, 15, 7, 7, 13, 11, 1, 16, 14, 14, 15, 7, 9, 3, 13, 15, 18, 8, 8, 2, 19, 5, 19, 6, 9, 3, 11, 13, 7, 8, 8, 1, 9, 2, 2, 19, 5, 14, 2, 5, 9, 14, 19, 6, 14, 2, 5, 1, 2, 6, 2, 19, 2, 19, 5, 9, 3, 8, 19, 5, 5, 6, 3, 7, 8, 19, 5, 10, 8, 6, 5, 8, 5, 6, 6, 3, 1, 16, 2, 2, 19, 16, 20, 13, 17, 6, 19, 1, 4, 13, 4, 1, 1, 20, 4, 20, 18, 8, 10, 7, 4, 18, 4, 16, 20, 4, 20, 8, 6, 20, 20, 16, 7, 16, 4, 11, 17, 11, 17, 18, 6, 17, 12, 17, 18, 10, 18, 12, 17, 14, 4, 10, 10, 10, 17, 4, 12, 12, 12, 12, 18, 12, 13, 17, 10, 17, 12, 4, 18, 12, 12, 18, 17, 14, 11, 1, 1, 10, 11, 10, 10, 11]
bestever    2054    in generation 643
[9, 15, 3, 16, 15, 15, 13, 3, 16, 7, 20, 15, 11, 1, 9, 3, 16, 7, 9, 3, 13, 7, 9, 16, 20, 11, 9, 13, 15, 3, 11, 20, 14, 15, 15, 13, 14, 14, 15, 7, 7, 13, 11, 1, 16, 14, 14, 15, 7, 9, 3, 13, 15, 8, 8, 2, 19, 5, 19, 6, 9, 3, 11, 13, 7, 8, 8, 1, 9, 2, 2, 19, 5, 14, 2, 5, 9, 14, 19, 6, 14, 2, 5, 1, 2, 6, 2, 19, 2, 19, 5, 9, 3, 8, 19, 5, 5, 6, 3, 7, 8, 19, 5, 10, 8, 6, 5, 8, 5, 6, 6, 3, 1, 16, 2, 2, 19, 16, 20, 13, 17, 6, 19, 1, 4, 13, 4, 1, 1, 20, 4, 20, 18, 8, 10, 7, 4, 18, 4, 16, 20, 4, 20, 8, 20, 20, 16, 7, 16, 4, 11, 11, 18, 6, 17, 12, 17, 18, 18, 6, 17, 17, 18, 10, 18, 12, 17, 14, 4, 10, 10, 10, 17, 4, 12, 12, 12, 12, 18, 12, 13, 17, 10, 17, 12, 4, 18, 12, 12, 18, 17, 14, 11, 1, 1, 10, 11, 10, 10, 11]
bestever    2050    in generation 683
[9, 15, 3, 16, 15, 15, 13, 3, 16, 7, 20, 15, 11, 1, 9, 3, 16, 7, 9, 3, 13, 7, 9, 16, 20, 11, 9, 13, 15, 3, 11, 20, 14, 15, 15, 13, 14, 14, 15, 7, 7, 13, 11, 1, 16, 14, 14, 15, 7, 9, 3, 13, 15, 8, 8, 2, 19, 5, 19, 6, 9, 3, 11, 13, 7, 8, 8, 1, 9, 2, 2, 19, 5, 14, 2, 5, 9, 14, 19, 6, 14, 2, 5, 1, 2, 6, 2, 19, 2, 19, 5, 9, 3, 8, 19, 5, 5, 6, 3, 7, 8, 19, 5, 10, 8, 6, 5, 8, 5, 6, 6, 3, 1, 16, 2, 2, 19, 16, 20, 13, 17, 6, 19, 1, 4, 13, 4, 1, 1, 20, 4, 20, 18, 8, 10, 7, 4, 18, 4, 16, 20, 4, 20, 8, 20, 20, 16, 7, 16, 4, 11, 18, 6, 17, 12, 17, 18, 18, 6, 17, 17, 18, 10, 18, 12, 17, 14, 4, 10, 10, 10, 17, 4, 12, 12, 12, 12, 18, 12, 13, 17, 10, 17, 12, 4, 18, 12, 12, 18, 17, 14, 11, 1, 1, 10, 11, 10, 10, 11, 11]
bestever    2045    in generation 698
[9, 15, 3, 16, 15, 15, 13, 3, 16, 7, 20, 15, 11, 1, 9, 3, 16, 7, 9, 3, 13, 7, 9, 16, 20, 11, 9, 13, 15, 3, 11, 20, 14, 15, 15, 13, 14, 14, 15, 7, 7, 13, 11, 1, 16, 14, 14, 15, 7, 9, 3, 13, 15, 8, 8, 2, 19, 5, 19, 6, 9, 3, 11, 13, 7, 8, 8, 1, 9, 2, 2, 19, 5, 14, 2, 5, 9, 14, 19, 6, 14, 2, 5, 1, 3, 6, 2, 19, 2, 19, 5, 9, 3, 8, 19, 5, 5, 6, 2, 7, 8, 19, 5, 10, 8, 6, 5, 8, 5, 6, 6, 3, 1, 2, 2, 19, 16, 20, 13, 17, 6, 19, 1, 13, 1, 1, 20, 4, 18, 8, 10, 7, 4, 18, 4, 16, 4, 20, 4, 16, 20, 4, 20, 8, 20, 20, 16, 7, 16, 4, 11, 18, 6, 17, 12, 17, 18, 18, 6, 17, 17, 18, 10, 18, 12, 17, 14, 4, 10, 10, 10, 17, 4, 12, 12, 12, 12, 18, 12, 13, 17, 10, 17, 12, 4, 18, 12, 12, 18, 17, 14, 11, 1, 1, 10, 11, 10, 10, 11, 11]
bestever    2019    in generation 805
[9, 15, 3, 16, 15, 15, 13, 3, 16, 7, 20, 15, 11, 1, 7, 3, 16, 7, 9, 3, 13, 7, 9, 16, 20, 11, 9, 13, 15, 3, 11, 20, 14, 15, 15, 13, 14, 14, 15, 9, 7, 13, 11, 1, 16, 14, 14, 15, 7, 9, 3, 13, 15, 8, 8, 2, 19, 5, 19, 6, 9, 3, 11, 13, 7, 8, 8, 1, 9, 2, 2, 19, 5, 14, 2, 5, 9, 14, 19, 6, 14, 2, 5, 1, 3, 6, 2, 19, 2, 19, 5, 9, 3, 8, 19, 5, 5, 6, 1, 2, 7, 8, 19, 5, 10, 8, 6, 5, 8, 5, 6, 6, 3, 1, 2, 2, 19, 16, 20, 13, 18, 6, 19, 1, 13, 1, 20, 4, 18, 8, 10, 7, 4, 18, 4, 16, 4, 20, 4, 16, 20, 4, 20, 8, 20, 20, 16, 7, 16, 4, 11, 18, 6, 17, 12, 17, 18, 17, 6, 17, 17, 10, 18, 12, 17, 14, 4, 10, 10, 4, 12, 18, 12, 10, 17, 12, 12, 18, 12, 13, 17, 10, 17, 12, 4, 18, 12, 12, 18, 17, 14, 11, 1, 1, 10, 11, 10, 10, 11, 11]
bestever    2013    in generation 840
[9, 15, 3, 16, 15, 15, 13, 3, 16, 7, 20, 15, 11, 1, 7, 3, 16, 7, 9, 3, 13, 7, 9, 16, 20, 11, 9, 13, 15, 3, 20, 14, 15, 15, 13, 14, 14, 15, 9, 7, 13, 1, 16, 14, 14, 15, 7, 9, 3, 13, 15, 8, 8, 2, 19, 5, 19, 6, 9, 3, 11, 13, 7, 8, 8, 1, 9, 2, 2, 19, 5, 14, 2, 5, 9, 14, 19, 6, 14, 2, 5, 1, 3, 6, 2, 19, 2, 19, 5, 9, 3, 8, 19, 5, 5, 6, 1, 2, 7, 8, 19, 5, 10, 8, 6, 5, 8, 5, 6, 6, 3, 1, 2, 2, 19, 16, 20, 13, 18, 6, 19, 1, 13, 1, 20, 4, 18, 8, 10, 7, 4, 18, 4, 16, 4, 20, 4, 16, 20, 4, 20, 8, 20, 20, 16, 7, 16, 4, 11, 18, 6, 17, 12, 17, 18, 17, 6, 17, 17, 10, 18, 12, 17, 14, 4, 4, 12, 18, 12, 17, 12, 12, 18, 12, 13, 10, 17, 10, 17, 12, 4, 18, 12, 12, 18, 17, 14, 11, 10, 11, 10, 11, 1, 1, 10, 11, 10, 10, 11, 11]
bestever    1981    in generation 883
[9, 15, 3, 16, 15, 15, 13, 3, 16, 7, 20, 15, 1, 7, 3, 16, 7, 9, 3, 13, 7, 9, 16, 20, 9, 13, 15, 3, 20, 14, 15, 15, 13, 14, 14, 15, 9, 7, 13, 1, 16, 14, 14, 15, 7, 9, 3, 13, 15, 8, 8, 2, 19, 5, 19, 6, 9, 3, 13, 7, 8, 8, 1, 9, 2, 2, 19, 5, 14, 2, 5, 9, 14, 19, 6, 14, 2, 5, 1, 3, 6, 2, 19, 2, 19, 5, 9, 3, 8, 19, 5, 5, 6, 1, 2, 7, 8, 19, 5, 8, 6, 5, 8, 5, 6, 6, 3, 1, 2, 2, 19, 16, 20, 13, 18, 10, 6, 19, 1, 13, 1, 20, 4, 18, 8, 7, 4, 18, 4, 16, 4, 20, 4, 16, 20, 4, 20, 8, 20, 20, 16, 7, 16, 4, 18, 6, 17, 12, 17, 18, 17, 6, 17, 17, 18, 12, 17, 14, 4, 4, 12, 18, 12, 17, 11, 11, 10, 11, 10, 12, 12, 18, 12, 13, 17, 17, 12, 4, 18, 12, 12, 18, 17, 14, 10, 11, 10, 11, 10, 11, 10, 11, 1, 1, 10, 11, 10, 10, 11, 11]
bestever    1977    in generation 929
[9, 15, 3, 16, 15, 15, 13, 3, 16, 7, 20, 2, 1, 7, 3, 16, 7, 9, 3, 13, 7, 9, 16, 20, 9, 13, 15, 3, 20, 14, 15, 15, 13, 14, 14, 15, 9, 7, 13, 1, 16, 14, 14, 15, 7, 9, 3, 13, 15, 8, 8, 2, 19, 5, 19, 6, 9, 3, 13, 7, 8, 8, 1, 9, 2, 2, 19, 5, 14, 2, 5, 9, 14, 19, 6, 14, 2, 5, 1, 3, 6, 2, 19, 2, 19, 5, 9, 3, 8, 19, 5, 5, 6, 1, 2, 7, 8, 19, 5, 10, 8, 6, 5, 8, 5, 6, 6, 3, 1, 15, 2, 19, 16, 20, 13, 18, 6, 19, 1, 13, 1, 11, 20, 4, 18, 8, 10, 7, 4, 18, 4, 16, 4, 20, 4, 16, 20, 4, 20, 8, 20, 20, 16, 7, 16, 4, 18, 6, 17, 12, 17, 18, 17, 6, 17, 17, 10, 18, 12, 17, 14, 4, 4, 12, 18, 12, 17, 12, 12, 18, 12, 13, 17, 17, 12, 4, 18, 12, 12, 18, 17, 14, 10, 11, 11, 11, 10, 11, 10, 11, 10, 11, 1, 1, 10, 11, 10, 10, 11, 11]
bestever    1966    in generation 966
[9, 15, 3, 16, 15, 15, 13, 3, 16, 7, 20, 2, 1, 7, 3, 16, 7, 9, 3, 13, 7, 9, 16, 20, 9, 13, 15, 3, 14, 15, 15, 13, 14, 14, 15, 9, 7, 13, 1, 16, 14, 14, 15, 7, 9, 3, 13, 15, 8, 8, 2, 19, 5, 19, 6, 9, 3, 13, 7, 8, 8, 1, 9, 2, 2, 19, 5, 14, 2, 5, 9, 14, 19, 6, 14, 2, 5, 1, 3, 6, 2, 19, 2, 19, 5, 9, 3, 8, 19, 5, 5, 6, 1, 2, 7, 8, 19, 5, 10, 8, 6, 5, 8, 5, 6, 6, 3, 1, 15, 2, 19, 20, 13, 18, 6, 19, 1, 13, 1, 11, 20, 4, 18, 8, 10, 7, 4, 18, 4, 16, 4, 20, 4, 16, 16, 20, 20, 4, 20, 8, 20, 20, 16, 7, 16, 4, 18, 6, 17, 12, 17, 18, 17, 6, 17, 17, 10, 18, 12, 17, 14, 4, 4, 12, 18, 12, 17, 12, 12, 18, 12, 13, 17, 17, 12, 4, 18, 12, 12, 18, 17, 14, 10, 11, 11, 11, 10, 11, 10, 11, 10, 11, 1, 1, 10, 11, 10, 10, 11, 11]
bestever    1945    in generation 1061
[9, 15, 3, 16, 15, 15, 13, 3, 7, 2, 1, 7, 3, 7, 9, 3, 13, 7, 9, 16, 9, 13, 15, 3, 14, 15, 15, 13, 14, 14, 15, 9, 7, 13, 1, 16, 14, 14, 15, 7, 9, 3, 13, 15, 8, 8, 2, 19, 5, 19, 6, 9, 3, 13, 7, 8, 8, 1, 9, 2, 2, 19, 5, 14, 2, 5, 9, 14, 19, 6, 14, 2, 5, 1, 3, 6, 2, 19, 2, 19, 5, 9, 3, 8, 19, 5, 5, 6, 1, 2, 7, 8, 19, 5, 10, 8, 6, 5, 8, 5, 6, 6, 3, 15, 2, 19, 13, 18, 6, 19, 1, 13, 1, 20, 4, 18, 7, 1, 18, 4, 16, 4, 20, 4, 16, 16, 20, 20, 4, 20, 8, 16, 16, 20, 20, 4, 20, 8, 20, 20, 16, 7, 16, 4, 11, 18, 6, 17, 12, 17, 18, 17, 6, 17, 17, 18, 12, 17, 14, 4, 4, 12, 18, 12, 17, 12, 12, 18, 12, 13, 17, 17, 12, 4, 18, 12, 12, 18, 17, 14, 10, 11, 10, 11, 10, 11, 10, 11, 10, 11, 10, 11, 1, 1, 10, 11, 10, 10, 11, 11]
bestever    1943    in generation 1076
[9, 15, 3, 16, 15, 15, 13, 3, 7, 2, 1, 7, 3, 7, 9, 3, 13, 7, 9, 16, 9, 13, 15, 3, 14, 15, 15, 13, 14, 14, 15, 9, 7, 13, 1, 16, 14, 14, 15, 7, 9, 3, 13, 15, 8, 8, 2, 19, 5, 19, 6, 9, 3, 13, 7, 8, 8, 9, 2, 2, 19, 5, 14, 2, 5, 9, 14, 19, 6, 14, 2, 5, 3, 6, 2, 19, 2, 19, 5, 9, 3, 8, 19, 5, 5, 6, 1, 2, 7, 8, 19, 5, 10, 8, 6, 5, 8, 5, 6, 6, 3, 15, 2, 19, 18, 6, 1, 13, 1, 19, 1, 13, 1, 20, 4, 18, 7, 1, 18, 4, 16, 4, 20, 4, 16, 16, 20, 20, 4, 20, 8, 16, 16, 20, 20, 4, 20, 8, 20, 20, 16, 7, 16, 4, 11, 18, 6, 17, 12, 17, 18, 17, 6, 17, 17, 18, 12, 17, 14, 4, 4, 12, 18, 12, 17, 12, 12, 18, 12, 13, 17, 17, 12, 4, 18, 12, 12, 18, 17, 14, 10, 11, 10, 11, 10, 11, 10, 11, 10, 11, 10, 11, 1, 1, 10, 11, 10, 10, 11, 11]
bestever    1934    in generation 1163
[9, 15, 3, 16, 15, 15, 13, 3, 7, 2, 1, 7, 3, 7, 9, 3, 13, 7, 9, 16, 9, 13, 15, 3, 14, 15, 15, 13, 14, 14, 15, 9, 7, 13, 1, 16, 14, 14, 15, 7, 9, 3, 13, 15, 8, 8, 2, 19, 5, 19, 6, 9, 3, 13, 7, 8, 8, 9, 2, 2, 19, 5, 14, 2, 5, 9, 14, 19, 6, 14, 2, 5, 3, 6, 2, 19, 2, 19, 5, 9, 3, 8, 19, 5, 5, 6, 1, 2, 7, 8, 19, 5, 10, 8, 6, 5, 8, 5, 6, 6, 3, 15, 2, 19, 18, 6, 1, 13, 1, 19, 1, 13, 17, 20, 4, 18, 7, 18, 4, 16, 4, 20, 4, 16, 16, 20, 20, 4, 20, 8, 16, 16, 20, 20, 4, 20, 8, 20, 20, 16, 7, 16, 4, 18, 6, 17, 12, 17, 18, 11, 17, 6, 17, 17, 18, 12, 17, 14, 4, 4, 12, 18, 12, 17, 12, 12, 18, 12, 13, 1, 17, 12, 4, 18, 12, 12, 18, 17, 14, 10, 11, 11, 10, 11, 10, 11, 10, 11, 10, 11, 1, 1, 10, 1, 10, 11, 10, 10, 11, 11]
bestever    1921    in generation 1285
[9, 15, 3, 16, 15, 15, 13, 3, 7, 2, 14, 1, 7, 3, 7, 9, 3, 13, 7, 9, 16, 9, 13, 15, 3, 14, 15, 15, 13, 14, 14, 15, 9, 7, 13, 1, 16, 14, 15, 7, 9, 3, 13, 15, 8, 8, 2, 19, 5, 19, 12, 9, 3, 13, 7, 8, 8, 9, 2, 2, 19, 5, 14, 2, 5, 9, 14, 19, 6, 14, 2, 5, 3, 6, 2, 19, 2, 19, 5, 9, 3, 8, 19, 5, 5, 6, 10, 1, 2, 7, 8, 19, 5, 10, 8, 6, 5, 8, 5, 6, 6, 4, 3, 15, 19, 2, 19, 18, 6, 1, 13, 17, 1, 13, 17, 20, 18, 7, 18, 16, 4, 8, 4, 16, 4, 16, 20, 4, 20, 16, 4, 20, 20, 16, 20, 20, 20, 18, 20, 20, 16, 7, 16, 4, 18, 6, 1, 17, 11, 17, 6, 17, 17, 17, 14, 4, 18, 12, 12, 18, 4, 12, 8, 12, 17, 12, 6, 18, 12, 13, 1, 17, 12, 4, 18, 12, 12, 18, 17, 14, 11, 11, 10, 11, 10, 11, 10, 11, 10, 11, 1, 1, 10, 1, 10, 11, 10, 10, 11, 11]
bestever    1917    in generation 1455
[9, 15, 3, 16, 15, 15, 13, 3, 7, 2, 14, 1, 7, 3, 7, 9, 3, 13, 7, 9, 16, 9, 13, 15, 3, 14, 7, 9, 3, 15, 15, 13, 14, 14, 15, 9, 7, 13, 1, 16, 14, 15, 13, 15, 8, 8, 2, 19, 5, 19, 1, 12, 9, 3, 13, 7, 8, 8, 9, 2, 2, 19, 5, 14, 2, 5, 9, 14, 19, 6, 14, 2, 5, 3, 6, 2, 19, 2, 19, 5, 9, 3, 8, 19, 5, 5, 6, 10, 1, 2, 7, 8, 19, 5, 10, 8, 6, 5, 8, 5, 6, 6, 1, 4, 3, 15, 19, 2, 19, 18, 16, 6, 13, 17, 1, 13, 17, 20, 18, 7, 11, 18, 4, 8, 6, 4, 16, 4, 16, 20, 4, 20, 16, 4, 20, 20, 16, 20, 20, 20, 18, 20, 20, 16, 7, 16, 4, 18, 17, 11, 17, 6, 17, 17, 17, 14, 4, 18, 12, 12, 18, 4, 12, 8, 12, 17, 12, 6, 18, 12, 13, 1, 17, 12, 4, 18, 12, 12, 18, 17, 14, 11, 11, 10, 11, 10, 11, 10, 11, 10, 1, 1, 10, 1, 10, 11, 10, 10, 11, 11]
bestever    1908    in generation 1561
[9, 15, 3, 16, 15, 15, 13, 3, 7, 2, 14, 1, 7, 7, 9, 3, 13, 7, 9, 16, 9, 13, 15, 3, 14, 7, 9, 3, 15, 15, 13, 14, 14, 15, 9, 7, 13, 1, 16, 14, 15, 3, 13, 15, 8, 8, 2, 19, 5, 19, 1, 12, 9, 3, 13, 7, 8, 8, 9, 2, 2, 19, 5, 14, 2, 5, 9, 14, 19, 6, 14, 2, 5, 3, 6, 2, 19, 2, 19, 5, 9, 3, 8, 13, 19, 5, 5, 6, 10, 1, 2, 7, 8, 19, 5, 10, 8, 6, 5, 8, 5, 6, 6, 1, 4, 3, 15, 19, 2, 19, 18, 16, 6, 13, 17, 1, 13, 17, 20, 18, 7, 11, 18, 4, 8, 6, 4, 16, 4, 16, 20, 4, 20, 16, 4, 20, 20, 16, 20, 20, 20, 18, 20, 20, 16, 7, 16, 4, 18, 17, 11, 17, 6, 17, 17, 17, 14, 4, 18, 12, 12, 18, 4, 12, 8, 12, 17, 12, 6, 18, 12, 1, 17, 12, 4, 18, 12, 12, 18, 17, 14, 11, 11, 10, 11, 10, 11, 10, 11, 10, 1, 1, 10, 1, 10, 11, 10, 10, 11, 11]
bestever    1903    in generation 1583
[9, 15, 3, 16, 15, 15, 13, 3, 7, 2, 14, 1, 7, 7, 9, 3, 13, 7, 9, 9, 13, 15, 3, 14, 7, 9, 3, 15, 15, 13, 14, 14, 15, 9, 7, 13, 1, 14, 15, 3, 13, 15, 8, 8, 2, 19, 5, 19, 1, 12, 9, 3, 13, 7, 8, 8, 9, 2, 2, 19, 5, 14, 2, 5, 9, 14, 19, 6, 14, 2, 5, 3, 6, 2, 19, 2, 19, 5, 9, 3, 8, 13, 19, 5, 5, 6, 10, 1, 2, 7, 8, 19, 5, 10, 8, 6, 5, 8, 5, 6, 6, 1, 4, 3, 15, 19, 2, 19, 18, 16, 6, 13, 17, 1, 13, 17, 18, 7, 11, 18, 8, 20, 16, 16, 4, 6, 4, 16, 4, 16, 20, 4, 20, 16, 4, 20, 20, 16, 20, 20, 20, 18, 20, 20, 16, 7, 16, 4, 18, 17, 11, 17, 6, 17, 17, 17, 14, 4, 18, 12, 12, 18, 4, 12, 8, 12, 17, 12, 6, 18, 12, 1, 17, 12, 4, 18, 12, 12, 18, 17, 14, 11, 11, 10, 11, 10, 11, 10, 11, 10, 1, 1, 10, 1, 10, 11, 10, 10, 11, 11]
bestever    1897    in generation 1770
[9, 15, 3, 16, 15, 3, 15, 13, 7, 2, 14, 1, 7, 7, 8, 9, 9, 3, 13, 7, 9, 13, 15, 3, 14, 7, 9, 3, 15, 15, 13, 14, 14, 15, 9, 7, 3, 1, 14, 15, 3, 13, 15, 8, 8, 2, 19, 5, 19, 1, 12, 9, 4, 3, 13, 7, 8, 8, 9, 2, 2, 19, 5, 14, 2, 5, 9, 14, 19, 6, 14, 2, 5, 13, 6, 2, 19, 2, 19, 5, 9, 3, 8, 13, 19, 19, 5, 6, 17, 10, 1, 2, 7, 5, 5, 10, 1, 6, 20, 8, 5, 6, 6, 8, 4, 3, 15, 19, 2, 19, 18, 16, 6, 13, 17, 16, 13, 17, 18, 7, 18, 8, 20, 16, 16, 6, 4, 1, 4, 11, 16, 20, 4, 5, 16, 20, 4, 20, 20, 16, 20, 20, 20, 18, 20, 16, 7, 16, 4, 18, 12, 17, 6, 17, 17, 17, 14, 4, 11, 11, 18, 12, 12, 18, 4, 8, 12, 17, 12, 6, 18, 12, 1, 17, 12, 4, 18, 12, 12, 18, 17, 14, 11, 11, 10, 11, 10, 11, 10, 10, 10, 1, 1, 10, 1, 10, 11, 11, 10, 11]
bestever    1894    in generation 1793
[9, 15, 3, 16, 15, 3, 15, 13, 7, 2, 14, 1, 7, 7, 8, 9, 9, 3, 13, 12, 9, 13, 15, 3, 14, 7, 9, 3, 15, 15, 13, 14, 14, 15, 9, 7, 3, 1, 14, 15, 3, 13, 15, 8, 8, 2, 19, 5, 19, 1, 7, 9, 4, 3, 13, 7, 8, 8, 9, 2, 2, 19, 5, 14, 2, 5, 9, 14, 19, 6, 14, 2, 5, 13, 6, 2, 19, 2, 19, 5, 9, 3, 8, 13, 19, 19, 5, 6, 17, 10, 1, 2, 7, 5, 5, 10, 1, 6, 20, 8, 5, 6, 6, 8, 4, 3, 15, 19, 2, 19, 18, 16, 6, 13, 17, 16, 13, 17, 18, 7, 18, 8, 20, 16, 16, 6, 4, 1, 4, 11, 16, 20, 4, 5, 16, 20, 4, 20, 20, 16, 20, 20, 20, 18, 20, 16, 7, 16, 4, 18, 12, 17, 6, 17, 17, 17, 14, 4, 11, 11, 18, 12, 12, 18, 4, 8, 12, 17, 12, 6, 18, 12, 1, 17, 12, 4, 18, 12, 12, 18, 17, 14, 11, 11, 10, 11, 10, 11, 10, 10, 10, 1, 1, 10, 1, 10, 11, 11, 10, 11]
bestever    1892    in generation 1973
[9, 15, 3, 16, 15, 3, 15, 13, 7, 2, 14, 1, 7, 7, 8, 9, 9, 3, 13, 12, 9, 13, 15, 3, 14, 7, 9, 3, 15, 15, 13, 14, 14, 15, 9, 7, 3, 1, 14, 15, 3, 13, 15, 8, 8, 2, 19, 5, 19, 1, 7, 9, 4, 3, 13, 7, 14, 8, 9, 2, 2, 19, 5, 14, 2, 5, 9, 14, 19, 6, 16, 2, 5, 13, 6, 2, 19, 2, 19, 5, 9, 3, 8, 13, 19, 19, 10, 5, 6, 17, 1, 2, 7, 5, 5, 1, 6, 20, 8, 5, 6, 6, 8, 4, 3, 15, 19, 2, 19, 18, 16, 6, 13, 17, 16, 13, 17, 18, 7, 18, 8, 20, 16, 8, 6, 4, 1, 4, 16, 20, 4, 5, 16, 20, 4, 20, 20, 16, 20, 20, 20, 18, 20, 16, 7, 16, 4, 18, 12, 17, 6, 17, 17, 17, 12, 14, 4, 18, 12, 12, 18, 4, 8, 12, 17, 10, 6, 18, 1, 17, 12, 4, 11, 11, 11, 10, 10, 18, 12, 12, 18, 17, 14, 11, 11, 12, 11, 11, 10, 10, 10, 1, 1, 10, 1, 10, 11, 11, 10, 11]
bestever    1879    in generation 1985
[9, 15, 3, 16, 15, 3, 15, 13, 7, 2, 14, 1, 7, 7, 8, 9, 9, 3, 13, 12, 9, 13, 15, 3, 14, 7, 9, 3, 15, 15, 13, 14, 1, 15, 9, 7, 3, 1, 14, 15, 3, 13, 15, 8, 8, 2, 19, 5, 19, 1, 7, 9, 4, 3, 13, 7, 14, 8, 9, 2, 2, 19, 5, 14, 2, 5, 9, 14, 19, 6, 16, 2, 5, 13, 6, 2, 19, 2, 19, 5, 9, 3, 8, 13, 19, 19, 10, 5, 6, 17, 1, 2, 7, 5, 5, 14, 6, 20, 8, 5, 6, 6, 8, 4, 3, 15, 19, 2, 19, 18, 16, 6, 13, 17, 16, 13, 17, 18, 7, 18, 8, 20, 16, 8, 6, 4, 1, 4, 16, 20, 4, 5, 16, 20, 4, 20, 20, 16, 20, 20, 20, 18, 20, 16, 7, 16, 4, 18, 12, 17, 6, 17, 17, 17, 12, 14, 4, 18, 12, 12, 18, 4, 8, 12, 17, 10, 6, 18, 1, 17, 12, 4, 11, 11, 11, 10, 10, 18, 12, 12, 18, 17, 14, 11, 11, 12, 11, 11, 10, 10, 10, 1, 1, 10, 1, 10, 11, 11, 10, 11]
bestever    1858    in generation 2258
[9, 15, 9, 16, 15, 3, 15, 13, 7, 2, 14, 1, 7, 7, 8, 9, 3, 9, 3, 13, 12, 9, 13, 15, 3, 14, 7, 9, 3, 15, 15, 13, 14, 1, 15, 3, 7, 3, 8, 14, 15, 3, 13, 15, 1, 8, 10, 2, 19, 5, 19, 1, 7, 9, 4, 3, 13, 7, 5, 8, 9, 2, 2, 19, 5, 14, 2, 14, 9, 6, 19, 16, 6, 13, 5, 13, 6, 2, 19, 2, 19, 5, 4, 8, 2, 19, 19, 2, 10, 5, 6, 8, 2, 1, 7, 14, 5, 14, 6, 20, 17, 5, 17, 6, 8, 6, 3, 15, 19, 19, 18, 16, 5, 13, 4, 13, 17, 18, 7, 18, 8, 20, 8, 6, 1, 4, 16, 9, 16, 4, 16, 20, 5, 16, 20, 4, 20, 20, 16, 20, 20, 20, 18, 20, 16, 7, 16, 4, 18, 12, 17, 6, 11, 17, 17, 17, 12, 14, 10, 18, 12, 12, 18, 4, 4, 8, 12, 17, 17, 10, 6, 18, 4, 14, 11, 12, 18, 1, 12, 12, 18, 17, 11, 11, 10, 1, 10, 12, 11, 11, 10, 11, 1, 10, 1, 10, 11, 11, 10, 11]
bestever    1853    in generation 2394
[9, 15, 9, 16, 15, 3, 15, 13, 7, 2, 14, 3, 1, 7, 7, 8, 9, 3, 9, 13, 12, 9, 13, 15, 3, 14, 7, 9, 3, 15, 15, 13, 14, 1, 15, 3, 7, 3, 8, 14, 15, 3, 13, 15, 1, 8, 2, 19, 5, 19, 1, 7, 9, 4, 3, 13, 7, 5, 8, 9, 2, 2, 19, 5, 14, 2, 14, 9, 6, 19, 16, 6, 13, 5, 13, 6, 2, 19, 2, 19, 5, 4, 8, 2, 19, 19, 2, 10, 5, 6, 8, 2, 1, 7, 14, 5, 14, 6, 20, 17, 5, 17, 6, 8, 6, 3, 15, 19, 19, 18, 16, 5, 13, 4, 13, 17, 18, 7, 18, 8, 20, 20, 8, 6, 1, 4, 16, 9, 16, 4, 16, 20, 5, 16, 20, 4, 20, 20, 16, 20, 20, 20, 18, 16, 7, 16, 18, 17, 6, 11, 17, 17, 12, 14, 10, 12, 12, 18, 4, 12, 17, 10, 18, 4, 4, 8, 12, 17, 17, 10, 6, 18, 4, 14, 11, 12, 18, 1, 12, 12, 18, 17, 11, 10, 1, 12, 10, 11, 11, 11, 10, 11, 1, 10, 1, 10, 11, 11, 10, 11]
bestever    1850    in generation 2502
[9, 15, 9, 16, 15, 3, 15, 13, 7, 2, 14, 3, 1, 7, 7, 8, 9, 3, 9, 15, 12, 9, 13, 15, 3, 14, 7, 9, 3, 15, 13, 13, 14, 1, 15, 3, 7, 3, 8, 14, 15, 3, 13, 15, 1, 8, 2, 19, 5, 19, 1, 7, 9, 4, 3, 13, 7, 5, 8, 9, 2, 2, 19, 5, 14, 2, 14, 9, 6, 19, 16, 6, 13, 5, 13, 6, 2, 19, 2, 19, 5, 4, 8, 2, 19, 19, 2, 10, 5, 6, 8, 2, 1, 7, 14, 5, 14, 6, 20, 17, 5, 17, 6, 8, 6, 3, 15, 19, 19, 18, 16, 5, 13, 4, 13, 17, 18, 7, 18, 8, 20, 20, 8, 6, 1, 4, 16, 9, 16, 4, 16, 20, 5, 16, 20, 4, 20, 20, 16, 20, 20, 20, 18, 16, 7, 16, 18, 17, 6, 17, 17, 12, 14, 10, 12, 12, 18, 4, 12, 17, 10, 18, 4, 4, 8, 11, 17, 17, 6, 18, 4, 14, 12, 18, 1, 12, 12, 10, 11, 18, 17, 10, 1, 12, 11, 10, 11, 11, 11, 10, 12, 1, 10, 1, 10, 11, 11, 11, 10, 11]
bestever    1846    in generation 2636
[9, 15, 9, 16, 15, 3, 15, 13, 7, 2, 14, 3, 1, 7, 7, 8, 9, 9, 9, 15, 12, 9, 13, 15, 3, 14, 7, 9, 3, 15, 13, 13, 14, 1, 15, 3, 7, 3, 8, 14, 15, 3, 13, 10, 15, 1, 8, 2, 19, 5, 19, 1, 7, 9, 4, 3, 13, 7, 5, 8, 9, 2, 2, 19, 5, 14, 2, 14, 9, 6, 19, 16, 6, 13, 5, 13, 2, 6, 2, 19, 2, 19, 5, 4, 8, 19, 19, 2, 10, 5, 6, 8, 2, 1, 7, 14, 5, 14, 6, 20, 17, 5, 17, 6, 8, 6, 3, 15, 19, 19, 18, 16, 5, 13, 4, 13, 12, 17, 18, 7, 18, 8, 20, 20, 8, 6, 1, 4, 16, 3, 16, 4, 16, 20, 5, 16, 20, 4, 20, 20, 16, 20, 18, 20, 20, 16, 10, 7, 16, 18, 17, 6, 17, 17, 12, 14, 10, 12, 12, 18, 4, 12, 17, 18, 4, 4, 8, 17, 17, 6, 18, 11, 4, 14, 18, 1, 12, 12, 11, 18, 17, 10, 1, 12, 11, 10, 11, 11, 11, 12, 10, 1, 10, 1, 10, 11, 11, 11, 10, 11]
bestever    1845    in generation 2723
[9, 15, 9, 15, 3, 15, 13, 7, 2, 14, 3, 1, 7, 7, 8, 9, 15, 12, 13, 3, 14, 7, 3, 13, 9, 15, 16, 13, 14, 1, 15, 9, 9, 9, 15, 3, 7, 3, 8, 14, 15, 3, 13, 10, 15, 1, 8, 2, 19, 5, 19, 1, 7, 9, 4, 3, 13, 7, 5, 8, 9, 2, 2, 19, 5, 14, 2, 14, 9, 6, 19, 16, 6, 13, 5, 13, 2, 6, 2, 19, 2, 19, 5, 4, 8, 19, 19, 2, 10, 5, 6, 8, 2, 1, 7, 14, 5, 14, 6, 20, 17, 5, 17, 6, 8, 6, 3, 15, 19, 19, 18, 16, 5, 13, 4, 13, 12, 17, 18, 7, 18, 8, 20, 20, 8, 6, 1, 4, 16, 3, 16, 4, 16, 20, 5, 16, 20, 4, 20, 20, 16, 20, 18, 20, 20, 16, 10, 7, 16, 18, 17, 6, 17, 17, 12, 14, 10, 12, 12, 18, 4, 12, 17, 18, 4, 4, 8, 17, 17, 6, 18, 11, 4, 14, 18, 1, 12, 12, 11, 18, 17, 10, 1, 12, 11, 10, 12, 10, 1, 10, 1, 10, 11, 11, 11, 11, 11, 11, 10, 11]
bestever    1835    in generation 3747
[9, 15, 9, 15, 3, 15, 13, 7, 16, 14, 3, 1, 7, 7, 3, 8, 13, 2, 9, 15, 15, 20, 13, 3, 1, 3, 7, 9, 7, 9, 15, 3, 13, 14, 1, 15, 9, 9, 15, 13, 7, 10, 7, 14, 7, 9, 3, 1, 13, 8, 2, 19, 5, 3, 19, 14, 13, 6, 9, 4, 3, 7, 13, 5, 2, 6, 8, 1, 2, 19, 5, 14, 12, 2, 14, 19, 2, 19, 2, 9, 6, 19, 16, 8, 5, 2, 6, 2, 16, 5, 4, 18, 8, 5, 19, 15, 19, 17, 16, 2, 4, 10, 20, 14, 13, 5, 6, 8, 20, 14, 8, 16, 3, 19, 19, 16, 5, 7, 4, 13, 12, 17, 8, 18, 6, 20, 18, 6, 12, 5, 1, 18, 16, 4, 8, 17, 16, 20, 11, 6, 20, 18, 5, 20, 20, 15, 20, 11, 20, 16, 4, 16, 10, 17, 11, 6, 17, 17, 14, 18, 10, 12, 12, 12, 4, 4, 17, 18, 4, 8, 17, 17, 18, 12, 12, 18, 6, 10, 4, 14, 1, 17, 18, 1, 12, 11, 10, 12, 10, 1, 10, 1, 10, 10, 11, 11, 11, 11, 11, 11]
bestever    1834    in generation 3846
[15, 9, 15, 3, 15, 13, 7, 16, 9, 14, 3, 1, 7, 7, 3, 8, 13, 2, 9, 15, 15, 20, 13, 3, 1, 3, 7, 9, 7, 9, 15, 3, 13, 14, 1, 15, 9, 9, 15, 13, 7, 10, 7, 14, 7, 9, 3, 1, 13, 8, 2, 19, 5, 3, 19, 14, 13, 6, 9, 4, 3, 7, 13, 5, 2, 6, 8, 1, 2, 19, 5, 14, 12, 2, 14, 19, 2, 19, 2, 9, 6, 19, 16, 8, 5, 2, 6, 2, 16, 5, 4, 18, 8, 5, 19, 15, 19, 17, 16, 2, 4, 10, 20, 14, 13, 5, 6, 8, 20, 14, 8, 16, 3, 19, 19, 16, 5, 7, 4, 13, 12, 17, 8, 18, 6, 20, 18, 6, 12, 5, 1, 18, 16, 4, 8, 17, 16, 20, 11, 6, 20, 18, 5, 20, 20, 15, 20, 11, 20, 16, 4, 16, 10, 17, 11, 6, 17, 17, 14, 18, 10, 12, 12, 12, 4, 4, 17, 18, 4, 8, 17, 17, 18, 12, 12, 18, 6, 4, 14, 1, 17, 18, 1, 12, 11, 10, 10, 12, 10, 1, 10, 1, 10, 11, 11, 11, 11, 11, 10, 11]
bestever    1826    in generation 4189
[15, 9, 15, 3, 15, 9, 13, 7, 9, 9, 14, 3, 1, 16, 7, 3, 8, 13, 2, 7, 15, 15, 20, 13, 3, 1, 3, 7, 9, 7, 9, 15, 3, 13, 14, 15, 1, 9, 9, 15, 13, 7, 10, 14, 14, 7, 3, 1, 13, 8, 2, 19, 5, 3, 19, 7, 13, 6, 9, 4, 14, 3, 7, 13, 5, 2, 6, 8, 1, 14, 19, 2, 5, 14, 12, 2, 19, 2, 19, 16, 2, 9, 6, 19, 16, 8, 5, 2, 6, 2, 16, 5, 4, 18, 8, 5, 19, 15, 18, 17, 2, 4, 10, 20, 13, 5, 6, 8, 20, 14, 8, 16, 13, 19, 19, 17, 16, 5, 7, 4, 11, 3, 12, 17, 8, 18, 6, 20, 18, 6, 12, 5, 1, 19, 16, 4, 8, 16, 20, 11, 6, 20, 18, 5, 20, 20, 11, 15, 20, 20, 16, 4, 16, 10, 17, 12, 11, 6, 17, 14, 17, 18, 10, 12, 12, 4, 4, 17, 18, 1, 4, 8, 17, 17, 14, 18, 12, 12, 18, 6, 4, 1, 12, 18, 1, 11, 17, 10, 10, 12, 10, 10, 1, 10, 11, 11, 11, 11, 10, 11]
bestever    1824    in generation 4753
[15, 9, 15, 3, 15, 9, 13, 7, 9, 9, 14, 3, 1, 16, 7, 3, 8, 13, 2, 7, 15, 15, 20, 9, 3, 1, 9, 7, 9, 7, 9, 15, 3, 13, 14, 15, 1, 3, 9, 15, 13, 7, 10, 13, 14, 19, 3, 1, 13, 8, 2, 19, 5, 3, 6, 7, 13, 18, 7, 9, 4, 14, 3, 7, 14, 5, 2, 6, 8, 1, 14, 19, 2, 14, 5, 12, 2, 19, 2, 5, 16, 2, 13, 6, 19, 16, 8, 19, 2, 6, 4, 2, 7, 16, 5, 8, 5, 14, 15, 19, 18, 17, 2, 4, 10, 20, 13, 19, 5, 6, 8, 20, 19, 11, 8, 16, 13, 8, 17, 16, 5, 4, 6, 3, 12, 17, 6, 18, 6, 20, 18, 6, 12, 5, 1, 19, 16, 4, 8, 16, 5, 20, 11, 11, 20, 10, 18, 20, 20, 15, 20, 20, 16, 4, 16, 17, 12, 11, 17, 14, 17, 18, 12, 12, 4, 8, 4, 17, 18, 4, 17, 17, 17, 14, 18, 12, 12, 18, 6, 12, 10, 4, 1, 12, 18, 11, 10, 10, 1, 10, 10, 1, 1, 10, 11, 11, 10, 11, 11, 11]
bestever    1822    in generation 4881
[15, 9, 15, 3, 15, 9, 13, 7, 9, 9, 14, 3, 1, 16, 7, 3, 8, 13, 2, 7, 15, 15, 20, 9, 3, 1, 9, 7, 9, 7, 9, 15, 3, 13, 14, 15, 1, 3, 9, 15, 13, 7, 10, 13, 14, 19, 3, 1, 13, 8, 2, 19, 5, 3, 7, 7, 13, 6, 9, 4, 14, 3, 7, 14, 5, 2, 6, 8, 1, 14, 19, 2, 14, 5, 12, 2, 19, 2, 5, 16, 2, 13, 6, 19, 16, 8, 19, 2, 6, 4, 10, 7, 16, 5, 18, 8, 5, 14, 15, 19, 18, 17, 2, 4, 2, 20, 13, 19, 5, 6, 8, 20, 19, 8, 16, 13, 8, 17, 16, 5, 4, 6, 3, 12, 17, 6, 18, 6, 20, 18, 6, 12, 5, 1, 19, 16, 4, 8, 16, 5, 20, 11, 20, 10, 18, 20, 20, 15, 20, 20, 16, 4, 16, 17, 12, 11, 17, 14, 17, 18, 12, 12, 4, 8, 4, 17, 18, 4, 17, 17, 17, 14, 18, 12, 12, 18, 6, 12, 1, 4, 12, 18, 11, 10, 1, 10, 11, 11, 1, 10, 10, 1, 10, 10, 11, 11, 10, 11, 11, 11]
bestever    1819    in generation 5208
[15, 9, 15, 3, 15, 9, 7, 13, 9, 19, 14, 3, 1, 16, 7, 3, 8, 13, 2, 7, 15, 15, 20, 9, 9, 7, 3, 1, 9, 14, 7, 9, 9, 7, 15, 3, 13, 14, 15, 1, 3, 9, 10, 13, 14, 19, 3, 1, 13, 15, 13, 7, 8, 2, 19, 5, 3, 2, 7, 13, 6, 4, 14, 3, 14, 5, 2, 6, 8, 1, 14, 19, 2, 14, 5, 12, 2, 19, 7, 5, 16, 2, 13, 6, 9, 16, 8, 4, 19, 2, 6, 4, 10, 7, 16, 5, 18, 14, 8, 2, 5, 15, 19, 18, 17, 2, 20, 13, 19, 5, 6, 8, 20, 19, 8, 16, 13, 8, 15, 16, 5, 4, 6, 3, 12, 17, 6, 18, 6, 20, 18, 6, 12, 5, 1, 19, 16, 4, 8, 16, 5, 20, 20, 18, 20, 20, 17, 20, 20, 16, 4, 16, 17, 17, 12, 12, 4, 17, 18, 12, 8, 4, 17, 18, 12, 4, 17, 17, 17, 14, 18, 12, 18, 6, 12, 1, 4, 12, 18, 10, 10, 11, 10, 11, 11, 1, 11, 10, 1, 10, 10, 1, 11, 11, 10, 11, 11, 10, 11, 11]
bestever    1818    in generation 5463
[15, 9, 15, 3, 15, 9, 7, 7, 13, 9, 19, 14, 3, 1, 16, 7, 3, 8, 13, 2, 7, 15, 15, 20, 9, 9, 7, 3, 1, 9, 14, 7, 9, 9, 7, 15, 3, 13, 14, 15, 1, 3, 9, 10, 13, 14, 19, 19, 1, 13, 15, 13, 7, 8, 2, 19, 5, 3, 2, 7, 13, 6, 14, 8, 3, 4, 5, 2, 6, 8, 1, 14, 19, 2, 14, 14, 12, 3, 19, 7, 5, 16, 2, 13, 6, 9, 18, 5, 4, 19, 2, 6, 4, 10, 16, 5, 18, 14, 8, 2, 5, 15, 19, 18, 17, 2, 20, 13, 19, 5, 6, 8, 20, 3, 8, 16, 13, 8, 15, 16, 5, 4, 6, 2, 4, 20, 17, 18, 6, 6, 20, 16, 6, 12, 5, 1, 19, 16, 12, 8, 16, 5, 20, 20, 18, 11, 20, 17, 20, 20, 16, 4, 16, 17, 17, 12, 12, 4, 17, 18, 12, 8, 4, 17, 18, 12, 4, 17, 17, 17, 14, 18, 12, 18, 6, 12, 1, 4, 12, 18, 10, 10, 11, 10, 11, 1, 11, 10, 1, 10, 10, 1, 11, 11, 10, 11, 11, 10, 11, 11]
bestever    1813    in generation 5701
[15, 9, 15, 3, 15, 9, 7, 7, 13, 9, 19, 14, 3, 1, 16, 15, 7, 3, 8, 13, 2, 7, 15, 15, 5, 9, 9, 7, 3, 1, 9, 14, 7, 9, 9, 7, 15, 3, 13, 14, 15, 1, 3, 9, 12, 13, 14, 19, 19, 1, 13, 15, 5, 13, 7, 8, 2, 19, 5, 3, 2, 7, 13, 6, 14, 8, 18, 3, 4, 5, 2, 6, 8, 1, 14, 19, 2, 14, 14, 12, 3, 19, 7, 20, 16, 2, 13, 6, 9, 18, 4, 5, 19, 2, 6, 4, 10, 16, 5, 18, 14, 8, 2, 5, 19, 18, 17, 2, 20, 13, 8, 19, 6, 8, 20, 3, 6, 8, 16, 13, 15, 16, 5, 4, 6, 2, 4, 20, 17, 6, 20, 16, 6, 11, 5, 1, 19, 16, 12, 8, 5, 16, 20, 20, 18, 11, 20, 17, 20, 20, 16, 4, 16, 17, 17, 12, 12, 4, 17, 18, 12, 8, 4, 17, 18, 12, 4, 17, 17, 17, 14, 18, 12, 18, 6, 10, 1, 4, 12, 18, 10, 10, 11, 10, 11, 1, 10, 11, 10, 12, 1, 10, 10, 1, 11, 11, 10, 11, 11, 11]
bestever    1812    in generation 5713
[15, 9, 15, 3, 15, 9, 7, 7, 13, 9, 19, 14, 3, 1, 16, 15, 7, 3, 8, 13, 2, 7, 15, 15, 5, 9, 9, 7, 3, 1, 9, 14, 7, 9, 9, 7, 15, 3, 13, 14, 15, 1, 3, 9, 12, 13, 14, 19, 19, 1, 13, 15, 5, 13, 7, 8, 2, 19, 5, 3, 2, 7, 13, 6, 14, 8, 18, 3, 4, 10, 2, 6, 8, 1, 14, 19, 2, 14, 14, 12, 3, 19, 7, 20, 16, 2, 13, 6, 9, 18, 4, 5, 19, 2, 6, 4, 5, 16, 5, 18, 14, 8, 2, 5, 19, 18, 17, 2, 20, 13, 8, 19, 6, 8, 20, 3, 6, 8, 16, 13, 15, 16, 5, 4, 6, 2, 4, 20, 17, 6, 20, 16, 6, 11, 5, 1, 19, 16, 12, 8, 5, 16, 20, 20, 18, 11, 20, 17, 20, 20, 16, 4, 16, 17, 17, 12, 12, 4, 17, 18, 12, 8, 4, 17, 18, 12, 4, 17, 17, 17, 14, 18, 12, 18, 6, 10, 1, 4, 12, 18, 10, 10, 11, 10, 11, 1, 10, 11, 10, 12, 1, 10, 10, 1, 11, 11, 10, 11, 11, 11]
bestever    1808    in generation 8757
[15, 9, 15, 7, 3, 15, 9, 9, 7, 9, 13, 3, 13, 19, 7, 14, 14, 15, 3, 1, 9, 9, 15, 9, 7, 7, 7, 7, 7, 3, 13, 3, 15, 8, 13, 13, 15, 1, 3, 15, 5, 2, 7, 13, 1, 3, 9, 14, 9, 19, 16, 1, 10, 5, 14, 14, 19, 14, 14, 1, 19, 2, 5, 19, 6, 12, 13, 2, 8, 4, 14, 14, 5, 9, 2, 19, 8, 3, 2, 19, 6, 13, 20, 8, 18, 4, 6, 10, 14, 2, 19, 5, 15, 10, 4, 6, 19, 16, 12, 15, 17, 13, 18, 20, 16, 8, 4, 7, 5, 2, 11, 5, 2, 16, 8, 5, 8, 5, 6, 3, 8, 8, 17, 19, 6, 16, 3, 20, 6, 13, 10, 2, 16, 16, 11, 18, 4, 20, 20, 6, 18, 1, 20, 17, 16, 18, 17, 4, 5, 18, 16, 20, 17, 20, 16, 12, 20, 4, 2, 18, 4, 18, 17, 4, 18, 17, 20, 12, 18, 11, 17, 1, 4, 12, 6, 8, 12, 12, 1, 11, 10, 11, 17, 12, 6, 1, 12, 10, 17, 11, 10, 10, 12, 11, 10, 11, 11, 1, 10, 11]
bestever    1803    in generation 8915
[15, 9, 15, 15, 7, 3, 15, 9, 9, 7, 9, 13, 3, 13, 19, 7, 14, 14, 15, 3, 1, 9, 9, 15, 9, 7, 7, 7, 7, 7, 3, 13, 3, 15, 8, 13, 13, 15, 1, 3, 15, 5, 2, 7, 13, 1, 3, 9, 14, 9, 19, 16, 1, 10, 3, 14, 14, 19, 14, 14, 1, 19, 2, 5, 19, 6, 12, 13, 2, 8, 4, 14, 14, 5, 9, 2, 19, 8, 5, 4, 11, 19, 6, 13, 20, 8, 4, 6, 10, 14, 2, 19, 5, 18, 10, 4, 6, 19, 16, 12, 15, 17, 13, 18, 20, 16, 8, 2, 7, 5, 2, 5, 2, 16, 8, 5, 8, 5, 6, 3, 8, 8, 17, 19, 6, 16, 3, 20, 6, 13, 10, 20, 16, 16, 11, 18, 4, 2, 20, 6, 18, 1, 20, 17, 16, 18, 17, 4, 5, 18, 16, 20, 17, 20, 16, 12, 20, 4, 17, 2, 18, 4, 18, 17, 4, 18, 20, 12, 18, 11, 17, 1, 4, 12, 6, 8, 12, 12, 1, 11, 10, 11, 17, 12, 6, 1, 12, 10, 17, 11, 10, 10, 12, 11, 10, 11, 11, 1, 10, 11]
bestever    1798    in generation 9039
[15, 9, 15, 15, 7, 3, 15, 9, 9, 7, 9, 13, 3, 13, 19, 7, 14, 14, 15, 3, 1, 9, 9, 15, 9, 7, 7, 7, 7, 7, 3, 13, 3, 15, 8, 13, 13, 15, 1, 3, 15, 5, 2, 7, 13, 1, 3, 9, 14, 9, 19, 16, 1, 10, 3, 14, 14, 19, 14, 14, 1, 19, 2, 5, 19, 6, 5, 13, 2, 8, 4, 14, 14, 5, 9, 2, 19, 8, 5, 4, 11, 19, 6, 13, 20, 8, 4, 6, 10, 14, 2, 19, 5, 18, 10, 4, 6, 19, 16, 12, 15, 17, 13, 18, 20, 16, 8, 2, 7, 5, 2, 5, 2, 16, 8, 5, 8, 12, 6, 3, 8, 8, 17, 19, 6, 16, 3, 20, 6, 13, 20, 16, 16, 18, 4, 2, 20, 6, 18, 1, 20, 17, 16, 18, 17, 4, 5, 18, 16, 20, 17, 20, 16, 12, 20, 4, 17, 2, 18, 4, 18, 17, 4, 18, 20, 12, 18, 11, 17, 1, 4, 12, 6, 8, 12, 12, 1, 11, 10, 11, 17, 12, 10, 1, 12, 10, 17, 11, 10, 11, 10, 6, 11, 11, 10, 11, 1, 12, 10, 11]
bestever    1795    in generation 9056
[15, 9, 15, 15, 7, 3, 15, 9, 9, 7, 9, 13, 3, 13, 19, 7, 14, 14, 15, 3, 1, 9, 9, 15, 9, 7, 7, 7, 7, 7, 3, 13, 3, 15, 8, 13, 13, 15, 1, 3, 15, 5, 2, 7, 13, 1, 3, 9, 14, 9, 19, 16, 1, 10, 3, 14, 14, 19, 14, 14, 1, 19, 2, 5, 19, 6, 5, 13, 2, 8, 4, 14, 14, 5, 9, 2, 19, 8, 5, 11, 19, 6, 13, 20, 8, 4, 6, 10, 14, 2, 19, 5, 18, 10, 4, 6, 19, 16, 12, 15, 17, 13, 20, 16, 8, 2, 7, 5, 2, 5, 2, 16, 8, 5, 8, 18, 4, 12, 6, 3, 8, 8, 17, 19, 6, 16, 3, 20, 6, 13, 20, 16, 16, 18, 4, 2, 20, 6, 18, 1, 20, 17, 16, 18, 17, 4, 5, 18, 16, 20, 17, 20, 16, 12, 20, 4, 17, 2, 18, 4, 18, 17, 4, 18, 20, 12, 18, 11, 17, 1, 4, 12, 6, 8, 12, 12, 1, 11, 10, 11, 17, 12, 10, 1, 12, 10, 17, 11, 10, 11, 10, 6, 11, 11, 10, 11, 1, 12, 10, 11]
bestever    1792    in generation 9995
[15, 9, 15, 15, 7, 3, 15, 9, 9, 7, 7, 9, 13, 3, 13, 19, 14, 7, 14, 1, 3, 1, 9, 9, 15, 9, 7, 9, 7, 7, 7, 3, 13, 2, 15, 15, 13, 15, 14, 8, 13, 13, 15, 15, 3, 3, 5, 9, 2, 7, 19, 1, 3, 14, 9, 10, 19, 16, 6, 1, 3, 14, 14, 14, 14, 1, 14, 5, 19, 2, 5, 13, 5, 8, 4, 8, 19, 6, 12, 2, 19, 14, 5, 11, 19, 13, 20, 8, 4, 6, 11, 5, 2, 8, 18, 10, 16, 4, 6, 6, 19, 16, 19, 17, 20, 13, 5, 12, 20, 5, 2, 2, 2, 16, 8, 18, 8, 3, 4, 8, 11, 2, 6, 5, 8, 17, 19, 6, 16, 3, 20, 16, 13, 7, 16, 6, 6, 18, 4, 20, 5, 18, 1, 20, 17, 16, 18, 12, 20, 20, 17, 4, 18, 4, 16, 20, 17, 4, 12, 12, 16, 2, 18, 11, 4, 18, 17, 17, 10, 20, 12, 18, 17, 1, 4, 8, 12, 1, 10, 17, 12, 1, 12, 17, 10, 10, 10, 11, 11, 10, 11, 10, 18, 11, 11, 1, 12, 6, 10, 11]
