bestever    3382    in generation 0
[8, 12, 19, 12, 10, 10, 12, 9, 19, 5, 17, 9, 11, 10, 3, 4, 9, 3, 5, 8, 2, 2, 1, 17, 12, 8, 8, 5, 5, 18, 5, 4, 1, 4, 14, 19, 14, 11, 15, 3, 16, 14, 15, 9, 20, 12, 6, 2, 16, 10, 12, 13, 5, 2, 15, 16, 17, 4, 5, 2, 1, 13, 7, 19, 12, 18, 15, 13, 17, 3, 15, 17, 4, 15, 14, 15, 6, 17, 18, 4, 15, 11, 9, 9, 11, 16, 14, 13, 5, 16, 10, 4, 10, 16, 5, 4, 19, 4, 7, 7, 17, 7, 14, 4, 19, 3, 20, 8, 2, 14, 1, 3, 13, 1, 1, 20, 8, 10, 7, 3, 10, 12, 11, 18, 9, 6, 10, 19, 18, 8, 20, 11, 11, 2, 18, 14, 16, 9, 13, 10, 13, 8, 15, 17, 6, 16, 20, 18, 18, 3, 14, 7, 20, 9, 19, 6, 6, 1, 11, 6, 2, 16, 3, 7, 16, 12, 3, 2, 18, 8, 7, 5, 20, 20, 6, 11, 17, 1, 6, 13, 19, 9, 15, 6, 20, 17, 1, 8, 13, 7, 14, 1, 11, 2, 18, 13, 19, 12, 20, 7]
bestever    3037    in generation 2
[12, 19, 2, 14, 17, 13, 12, 7, 15, 20, 18, 2, 7, 13, 5, 14, 7, 2, 12, 13, 6, 20, 11, 12, 15, 15, 20, 6, 6, 14, 7, 6, 19, 14, 14, 10, 10, 11, 14, 11, 3, 11, 3, 2, 12, 20, 20, 14, 7, 3, 2, 4, 17, 10, 15, 8, 20, 16, 15, 5, 18, 8, 17, 10, 5, 12, 8, 6, 17, 5, 17, 15, 14, 13, 11, 19, 18, 16, 1, 9, 9, 16, 4, 13, 2, 17, 20, 1, 18, 10, 11, 15, 3, 8, 1, 20, 16, 11, 13, 9, 16, 1, 8, 12, 2, 4, 17, 10, 14, 15, 6, 9, 3, 17, 7, 11, 8, 3, 1, 7, 19, 16, 11, 4, 5, 19, 1, 5, 8, 2, 8, 7, 15, 10, 12, 13, 6, 15, 10, 16, 7, 4, 18, 12, 1, 1, 9, 4, 3, 18, 1, 19, 3, 9, 6, 18, 13, 9, 9, 5, 19, 1, 20, 12, 7, 19, 5, 8, 14, 19, 17, 9, 4, 3, 20, 4, 16, 18, 5, 8, 19, 4, 16, 3, 4, 10, 2, 9, 16, 6, 18, 13, 13, 5, 6, 17, 10, 2, 18, 11]
bestever    2978    in generation 6
[3, 7, 9, 3, 17, 7, 15, 12, 13, 6, 15, 17, 7, 4, 18, 5, 7, 3, 1, 13, 5, 15, 17, 4, 5, 2, 13, 7, 18, 15, 13, 15, 15, 18, 13, 11, 16, 2, 17, 2, 18, 17, 10, 2, 12, 8, 11, 14, 20, 10, 19, 20, 12, 8, 4, 20, 16, 10, 4, 16, 16, 11, 1, 8, 12, 2, 4, 17, 15, 11, 15, 3, 13, 12, 20, 20, 8, 18, 7, 4, 13, 13, 14, 6, 14, 13, 5, 16, 10, 4, 10, 16, 5, 20, 16, 11, 9, 16, 1, 8, 12, 2, 4, 17, 10, 15, 8, 20, 12, 15, 2, 5, 1, 9, 18, 3, 8, 17, 10, 3, 2, 5, 12, 8, 6, 5, 11, 14, 19, 1, 9, 9, 14, 4, 3, 20, 1, 10, 5, 19, 1, 20, 12, 19, 1, 5, 8, 14, 1, 4, 3, 19, 3, 9, 20, 18, 8, 1, 19, 16, 3, 10, 16, 18, 9, 13, 6, 17, 2, 18, 11, 12, 19, 2, 17, 7, 6, 11, 18, 6, 6, 14, 19, 14, 19, 10, 9, 7, 7, 7, 6, 19, 14, 14, 6, 11, 6, 9, 11, 9]
bestever    2919    in generation 7
[15, 12, 13, 15, 17, 7, 4, 18, 5, 13, 5, 15, 17, 4, 5, 2, 13, 7, 18, 15, 13, 15, 15, 18, 13, 5, 16, 2, 17, 2, 17, 10, 12, 8, 6, 11, 14, 14, 20, 10, 20, 19, 8, 4, 19, 20, 16, 10, 4, 10, 16, 20, 16, 11, 9, 16, 8, 4, 10, 15, 20, 18, 10, 11, 3, 1, 16, 11, 9, 16, 1, 12, 2, 17, 15, 12, 15, 2, 1, 3, 8, 17, 3, 2, 12, 6, 3, 14, 4, 5, 20, 1, 14, 4, 20, 16, 8, 19, 10, 9, 13, 6, 18, 19, 13, 7, 8, 20, 12, 15, 2, 5, 1, 9, 18, 3, 8, 17, 10, 3, 2, 5, 12, 8, 6, 5, 11, 14, 19, 1, 9, 9, 14, 4, 3, 20, 1, 10, 5, 19, 4, 7, 12, 19, 1, 5, 8, 14, 1, 4, 3, 19, 3, 9, 20, 18, 8, 1, 19, 16, 3, 10, 16, 18, 9, 13, 6, 17, 2, 18, 11, 12, 19, 2, 17, 7, 6, 11, 18, 6, 13, 7, 13, 11, 12, 6, 14, 7, 7, 6, 14, 14, 6, 11, 9, 11, 9, 7, 17, 7]
bestever    2917    in generation 12
[16, 17, 2, 9, 17, 10, 2, 11, 14, 9, 14, 10, 12, 14, 4, 16, 3, 8, 4, 12, 14, 5, 10, 3, 8, 1, 12, 5, 2, 15, 16, 17, 4, 5, 2, 1, 12, 15, 17, 3, 15, 17, 4, 15, 15, 17, 4, 15, 11, 9, 11, 16, 5, 16, 10, 4, 16, 5, 16, 11, 9, 1, 12, 2, 4, 17, 15, 12, 15, 2, 5, 1, 3, 5, 12, 8, 5, 1, 4, 1, 13, 18, 13, 14, 1, 3, 3, 18, 1, 19, 3, 18, 13, 19, 18, 12, 14, 7, 15, 15, 7, 5, 1, 3, 20, 5, 20, 14, 9, 19, 11, 6, 9, 11, 19, 10, 13, 6, 18, 19, 13, 4, 12, 19, 8, 14, 4, 19, 3, 20, 18, 8, 1, 19, 16, 3, 10, 16, 18, 9, 6, 17, 2, 18, 12, 19, 2, 17, 7, 6, 6, 7, 13, 6, 6, 14, 7, 7, 6, 6, 7, 7, 7, 6, 13, 10, 8, 20, 20, 18, 11, 13, 9, 18, 10, 11, 14, 9, 19, 20, 7, 13, 10, 8, 20, 20, 8, 20, 11, 13, 16, 17, 2, 9, 2, 10, 8, 20, 8, 11]
bestever    2783    in generation 13
[17, 14, 11, 9, 11, 14, 10, 4, 10, 5, 20, 16, 11, 9, 16, 8, 2, 4, 17, 10, 15, 8, 20, 15, 5, 9, 8, 17, 2, 5, 12, 5, 4, 8, 5, 2, 15, 16, 17, 4, 2, 15, 17, 15, 17, 4, 15, 14, 15, 17, 4, 15, 11, 9, 11, 16, 16, 10, 4, 10, 16, 20, 16, 16, 8, 10, 20, 1, 20, 20, 19, 10, 12, 20, 1, 16, 12, 8, 13, 18, 14, 13, 3, 2, 2, 17, 13, 6, 7, 7, 6, 13, 8, 20, 20, 13, 18, 10, 11, 9, 20, 5, 1, 9, 3, 8, 17, 10, 3, 2, 5, 12, 8, 5, 1, 4, 3, 1, 5, 1, 14, 9, 19, 14, 11, 6, 9, 11, 3, 19, 9, 13, 6, 18, 19, 13, 7, 4, 7, 12, 19, 1, 5, 14, 1, 4, 3, 19, 3, 9, 18, 1, 19, 16, 3, 10, 18, 13, 6, 11, 12, 19, 2, 17, 7, 6, 11, 18, 6, 7, 6, 12, 6, 14, 7, 7, 6, 15, 15, 7, 18, 19, 3, 18, 19, 18, 14, 13, 7, 3, 1, 13, 18, 12, 14, 8, 12, 2, 2, 12]
bestever    2771    in generation 17
[17, 14, 11, 9, 11, 14, 10, 4, 10, 5, 20, 16, 11, 9, 16, 8, 2, 4, 17, 10, 15, 8, 20, 15, 5, 9, 8, 17, 2, 5, 12, 5, 4, 8, 5, 2, 15, 16, 17, 4, 2, 15, 17, 15, 17, 4, 15, 14, 15, 17, 4, 15, 11, 9, 11, 16, 16, 10, 4, 10, 16, 20, 16, 16, 8, 10, 20, 1, 20, 20, 19, 10, 12, 20, 1, 16, 12, 8, 13, 18, 14, 13, 3, 2, 2, 17, 13, 6, 7, 7, 6, 13, 8, 20, 20, 13, 18, 10, 11, 9, 5, 1, 9, 3, 8, 17, 10, 3, 5, 12, 8, 5, 1, 4, 3, 1, 5, 1, 14, 9, 19, 14, 11, 6, 9, 11, 3, 19, 13, 6, 18, 19, 7, 4, 7, 12, 19, 1, 5, 14, 1, 4, 3, 19, 9, 18, 19, 16, 10, 18, 6, 11, 12, 19, 17, 7, 6, 18, 6, 7, 6, 6, 14, 7, 7, 6, 15, 15, 7, 18, 11, 14, 9, 19, 20, 18, 19, 3, 18, 7, 18, 3, 14, 13, 3, 1, 13, 12, 13, 3, 8, 1, 12, 13, 2, 2, 12, 2, 2, 12]
bestever    2747    in generation 18
[10, 4, 10, 5, 20, 16, 11, 16, 8, 2, 4, 17, 10, 15, 8, 20, 15, 9, 8, 17, 2, 5, 12, 5, 4, 5, 2, 15, 16, 17, 4, 2, 15, 17, 15, 17, 4, 15, 14, 15, 17, 4, 15, 11, 9, 11, 16, 16, 10, 4, 10, 16, 20, 16, 16, 8, 20, 1, 20, 20, 19, 10, 12, 20, 1, 16, 12, 8, 13, 18, 14, 13, 3, 2, 2, 17, 13, 6, 7, 7, 6, 13, 8, 13, 18, 10, 11, 9, 5, 1, 9, 13, 8, 20, 20, 13, 18, 10, 11, 9, 20, 5, 1, 9, 3, 8, 17, 10, 3, 2, 5, 12, 8, 5, 1, 4, 3, 1, 5, 14, 9, 19, 14, 11, 6, 9, 11, 3, 19, 9, 13, 6, 18, 19, 13, 7, 4, 7, 12, 19, 1, 5, 14, 1, 4, 3, 19, 3, 9, 1, 19, 16, 3, 10, 18, 13, 6, 11, 12, 19, 2, 17, 7, 6, 11, 18, 6, 7, 6, 12, 6, 14, 7, 7, 6, 15, 15, 7, 18, 19, 3, 18, 19, 18, 14, 7, 3, 1, 18, 12, 14, 8, 12, 2, 2, 12, 17, 14, 11, 14]
bestever    2583    in generation 19
[17, 14, 11, 9, 11, 14, 10, 4, 10, 5, 20, 16, 11, 9, 16, 8, 2, 4, 17, 10, 15, 8, 20, 15, 5, 9, 8, 17, 2, 5, 12, 5, 4, 8, 5, 2, 15, 16, 17, 4, 15, 17, 15, 17, 4, 15, 14, 15, 17, 4, 15, 11, 9, 11, 16, 16, 10, 4, 10, 16, 20, 16, 16, 8, 10, 20, 1, 20, 20, 19, 10, 20, 1, 16, 8, 13, 18, 14, 13, 3, 2, 2, 17, 13, 6, 7, 7, 6, 13, 8, 20, 20, 13, 18, 10, 11, 9, 5, 1, 9, 3, 8, 17, 10, 3, 5, 12, 8, 5, 1, 4, 3, 1, 5, 1, 14, 9, 19, 14, 11, 6, 9, 11, 3, 19, 13, 6, 18, 19, 7, 4, 12, 19, 1, 5, 1, 4, 3, 19, 9, 16, 10, 18, 6, 11, 12, 19, 18, 14, 7, 6, 15, 15, 7, 18, 14, 9, 19, 20, 18, 12, 19, 2, 17, 7, 6, 11, 18, 6, 7, 6, 12, 6, 14, 7, 7, 19, 3, 18, 7, 18, 3, 14, 13, 3, 1, 13, 12, 13, 3, 8, 1, 12, 13, 2, 2, 12, 2, 2, 12]
bestever    2541    in generation 28
[4, 10, 4, 10, 20, 20, 20, 13, 13, 20, 13, 1, 10, 9, 3, 12, 1, 4, 9, 11, 9, 3, 13, 1, 4, 3, 11, 12, 11, 6, 13, 6, 1, 1, 3, 16, 1, 9, 3, 1, 9, 11, 13, 1, 11, 12, 12, 11, 6, 13, 15, 15, 14, 2, 7, 20, 10, 19, 13, 16, 10, 16, 14, 14, 20, 3, 18, 14, 7, 3, 13, 14, 12, 12, 14, 11, 9, 6, 1, 3, 19, 9, 19, 16, 18, 19, 18, 14, 7, 7, 18, 14, 1, 19, 18, 19, 18, 6, 19, 7, 6, 18, 6, 7, 14, 7, 7, 14, 10, 5, 17, 4, 15, 15, 17, 8, 4, 10, 19, 9, 18, 19, 16, 10, 18, 6, 12, 19, 7, 6, 18, 6, 7, 3, 3, 13, 8, 12, 2, 2, 12, 11, 9, 11, 5, 20, 16, 16, 8, 2, 10, 8, 20, 5, 8, 2, 5, 12, 5, 4, 8, 5, 2, 16, 17, 4, 2, 17, 17, 4, 15, 15, 17, 11, 9, 16, 16, 8, 2, 4, 10, 15, 20, 15, 8, 17, 2, 5, 15, 20, 15, 8, 17, 2, 5, 5, 8, 5, 17, 17]
bestever    2488    in generation 31
[1, 10, 9, 3, 12, 1, 4, 9, 11, 9, 3, 13, 1, 4, 3, 11, 12, 11, 6, 13, 6, 3, 16, 9, 3, 1, 9, 11, 13, 1, 11, 3, 16, 1, 9, 3, 1, 11, 13, 1, 11, 12, 6, 13, 15, 12, 12, 11, 6, 13, 15, 14, 2, 7, 20, 10, 19, 13, 10, 16, 14, 14, 20, 3, 18, 14, 7, 3, 13, 14, 12, 14, 11, 9, 1, 3, 19, 9, 19, 16, 18, 19, 18, 14, 7, 7, 18, 14, 1, 19, 18, 19, 18, 6, 19, 7, 6, 18, 6, 7, 14, 7, 7, 14, 10, 5, 17, 4, 15, 15, 17, 8, 4, 10, 19, 9, 18, 19, 16, 10, 18, 6, 12, 19, 7, 6, 18, 6, 7, 13, 8, 12, 2, 2, 12, 11, 5, 20, 16, 16, 8, 2, 10, 8, 20, 5, 8, 2, 5, 12, 5, 4, 8, 5, 2, 16, 17, 4, 2, 17, 17, 4, 15, 15, 17, 9, 16, 16, 8, 2, 4, 10, 15, 20, 15, 8, 17, 2, 5, 15, 20, 15, 8, 17, 2, 5, 5, 8, 5, 17, 17, 4, 10, 4, 10, 20, 20, 20, 13, 20]
bestever    2487    in generation 32
[10, 4, 10, 20, 20, 20, 13, 13, 20, 13, 1, 10, 9, 3, 12, 1, 4, 9, 11, 9, 3, 13, 1, 4, 3, 11, 12, 11, 6, 13, 6, 1, 1, 3, 16, 1, 9, 3, 1, 9, 11, 13, 1, 11, 12, 12, 11, 6, 13, 15, 15, 14, 2, 7, 20, 10, 19, 13, 16, 10, 16, 14, 14, 20, 3, 18, 14, 7, 3, 13, 14, 12, 12, 14, 11, 9, 6, 1, 3, 19, 9, 19, 16, 18, 19, 18, 14, 7, 7, 18, 14, 1, 19, 18, 19, 18, 6, 19, 7, 6, 18, 6, 7, 14, 7, 7, 14, 10, 4, 8, 4, 10, 19, 9, 18, 19, 16, 10, 18, 6, 12, 19, 7, 6, 18, 6, 7, 3, 3, 13, 12, 2, 12, 11, 9, 11, 16, 16, 10, 5, 17, 17, 8, 2, 15, 20, 15, 8, 17, 2, 5, 8, 20, 5, 8, 2, 5, 12, 5, 4, 8, 5, 2, 16, 17, 4, 2, 17, 17, 4, 15, 15, 17, 11, 9, 16, 16, 8, 2, 4, 10, 15, 20, 15, 8, 17, 2, 5, 15, 20, 15, 8, 17, 2, 5, 5, 8, 5, 17, 4]
bestever    2479    in generation 33
[4, 10, 4, 10, 20, 20, 20, 13, 13, 20, 13, 1, 10, 9, 3, 12, 1, 4, 9, 11, 9, 3, 13, 1, 4, 3, 11, 12, 11, 6, 13, 6, 1, 1, 3, 16, 1, 9, 3, 1, 9, 11, 13, 1, 11, 12, 12, 11, 6, 13, 15, 15, 14, 5, 7, 20, 10, 19, 13, 16, 10, 16, 14, 14, 20, 3, 18, 14, 7, 3, 13, 14, 12, 12, 14, 11, 9, 6, 1, 3, 19, 9, 19, 16, 18, 19, 18, 14, 7, 7, 18, 14, 1, 19, 18, 19, 18, 6, 19, 7, 6, 18, 6, 7, 14, 7, 7, 14, 10, 5, 17, 4, 15, 15, 17, 8, 4, 10, 19, 9, 18, 19, 16, 10, 18, 6, 12, 19, 7, 6, 18, 6, 7, 3, 3, 13, 8, 12, 2, 2, 12, 11, 9, 11, 5, 20, 16, 16, 8, 2, 8, 20, 5, 8, 2, 5, 12, 5, 4, 8, 2, 16, 17, 2, 17, 4, 15, 15, 11, 9, 16, 16, 8, 4, 10, 2, 4, 10, 15, 20, 15, 8, 17, 2, 5, 15, 20, 15, 8, 17, 2, 5, 5, 8, 5, 17, 17, 2, 17, 17]
bestever    2440    in generation 38
[20, 20, 20, 13, 13, 20, 13, 1, 10, 9, 3, 12, 1, 4, 9, 11, 9, 3, 13, 1, 3, 11, 12, 11, 6, 13, 6, 1, 1, 3, 16, 1, 9, 3, 1, 9, 11, 13, 1, 11, 12, 12, 11, 6, 13, 14, 5, 7, 20, 10, 19, 13, 16, 10, 16, 14, 14, 20, 3, 18, 14, 7, 3, 13, 14, 12, 12, 14, 11, 9, 6, 1, 3, 19, 9, 19, 16, 18, 19, 18, 14, 7, 7, 18, 14, 1, 19, 18, 19, 18, 6, 19, 7, 6, 18, 6, 7, 14, 7, 18, 4, 17, 15, 15, 17, 2, 7, 14, 10, 5, 17, 4, 15, 15, 8, 4, 10, 19, 9, 18, 19, 16, 10, 18, 6, 12, 19, 7, 6, 6, 7, 3, 3, 13, 8, 12, 2, 2, 12, 11, 9, 11, 5, 20, 16, 16, 8, 2, 8, 20, 8, 2, 5, 12, 5, 4, 8, 2, 16, 17, 2, 17, 4, 15, 15, 11, 9, 16, 16, 8, 4, 10, 2, 4, 10, 15, 20, 15, 8, 17, 2, 5, 15, 20, 15, 8, 17, 2, 5, 5, 8, 5, 17, 17, 5, 17, 4, 10, 4, 10]
bestever    2392    in generation 39
[9, 12, 9, 11, 12, 1, 9, 3, 1, 9, 11, 13, 1, 11, 12, 12, 11, 6, 13, 14, 10, 19, 13, 14, 14, 20, 3, 14, 3, 13, 14, 12, 12, 14, 9, 1, 3, 9, 1, 4, 13, 9, 11, 20, 20, 20, 13, 13, 3, 3, 13, 19, 18, 19, 18, 6, 19, 6, 18, 6, 7, 7, 10, 5, 17, 1, 3, 1, 3, 13, 1, 1, 18, 14, 7, 7, 18, 14, 1, 19, 18, 19, 18, 6, 19, 7, 6, 18, 6, 7, 14, 7, 7, 14, 10, 5, 17, 4, 15, 15, 8, 4, 10, 19, 18, 19, 16, 10, 6, 12, 19, 8, 12, 2, 2, 9, 11, 5, 20, 16, 16, 8, 2, 8, 20, 8, 2, 5, 7, 6, 18, 6, 7, 3, 3, 13, 8, 12, 5, 4, 12, 11, 9, 11, 5, 20, 16, 16, 8, 2, 20, 5, 8, 2, 5, 8, 2, 16, 17, 2, 17, 4, 15, 15, 11, 9, 16, 16, 8, 4, 10, 4, 10, 15, 20, 15, 17, 5, 15, 20, 15, 17, 2, 5, 17, 17, 2, 17, 17, 15, 15, 4, 10, 16, 11, 16, 10, 4, 4, 10]
bestever    2347    in generation 41
[20, 20, 13, 13, 20, 13, 1, 9, 3, 12, 1, 4, 9, 11, 9, 3, 13, 1, 3, 11, 12, 6, 13, 1, 1, 3, 9, 9, 11, 11, 12, 12, 11, 14, 19, 14, 14, 14, 14, 12, 14, 9, 9, 12, 10, 20, 13, 13, 3, 3, 13, 19, 18, 19, 18, 6, 19, 6, 18, 6, 7, 7, 10, 5, 17, 1, 3, 1, 3, 13, 1, 1, 18, 14, 7, 7, 18, 14, 1, 19, 18, 19, 18, 6, 19, 7, 6, 18, 6, 7, 14, 7, 7, 14, 10, 5, 17, 4, 15, 15, 8, 4, 10, 19, 18, 19, 16, 10, 6, 12, 19, 8, 12, 2, 2, 9, 11, 5, 20, 16, 16, 8, 2, 8, 20, 8, 2, 5, 7, 6, 18, 6, 7, 3, 3, 13, 8, 12, 5, 4, 12, 11, 9, 11, 5, 20, 16, 16, 8, 2, 20, 5, 8, 2, 5, 8, 2, 16, 17, 2, 17, 4, 15, 15, 11, 9, 16, 16, 8, 4, 10, 4, 10, 15, 20, 15, 17, 5, 15, 20, 15, 17, 2, 5, 17, 17, 2, 17, 17, 15, 15, 4, 10, 16, 11, 16, 10, 4, 4, 10]
bestever    2344    in generation 45
[20, 20, 13, 13, 20, 13, 1, 9, 3, 12, 1, 4, 9, 11, 9, 3, 13, 1, 3, 11, 12, 6, 13, 1, 1, 3, 9, 9, 11, 11, 12, 12, 11, 14, 19, 14, 14, 14, 14, 12, 14, 9, 9, 12, 10, 20, 13, 13, 3, 3, 13, 19, 18, 19, 18, 6, 6, 18, 6, 7, 7, 10, 5, 17, 1, 3, 1, 3, 13, 1, 1, 18, 14, 7, 7, 14, 1, 18, 19, 18, 19, 18, 19, 6, 19, 7, 6, 18, 6, 7, 14, 7, 7, 14, 5, 17, 4, 15, 15, 8, 19, 18, 19, 16, 6, 12, 19, 8, 12, 2, 2, 9, 11, 5, 20, 16, 16, 8, 2, 8, 20, 8, 2, 5, 7, 6, 18, 6, 7, 3, 3, 13, 8, 12, 5, 12, 11, 9, 11, 5, 16, 16, 8, 2, 5, 8, 2, 5, 8, 2, 17, 2, 17, 15, 15, 9, 16, 4, 10, 4, 10, 15, 20, 15, 17, 20, 17, 16, 8, 4, 10, 4, 10, 15, 20, 15, 17, 5, 20, 17, 2, 5, 2, 17, 17, 15, 15, 4, 10, 16, 11, 4, 10, 16, 11, 16, 10, 4, 4, 10]
bestever    2300    in generation 49
[20, 20, 13, 13, 20, 13, 1, 9, 3, 12, 1, 4, 9, 11, 9, 3, 13, 1, 3, 11, 12, 6, 13, 1, 1, 3, 9, 9, 11, 11, 12, 12, 11, 14, 19, 14, 14, 14, 14, 12, 14, 9, 9, 12, 10, 20, 13, 13, 3, 3, 13, 19, 18, 19, 18, 6, 6, 18, 6, 7, 7, 10, 5, 17, 1, 3, 1, 3, 13, 1, 1, 18, 14, 7, 7, 14, 1, 18, 19, 18, 19, 18, 19, 6, 19, 7, 6, 18, 6, 7, 14, 7, 7, 14, 5, 17, 4, 15, 15, 8, 19, 18, 19, 16, 6, 12, 19, 8, 12, 2, 2, 9, 11, 5, 20, 16, 16, 8, 2, 8, 20, 8, 5, 5, 7, 6, 18, 6, 7, 3, 3, 13, 8, 12, 5, 12, 9, 11, 2, 16, 16, 8, 2, 5, 8, 2, 5, 8, 2, 17, 2, 17, 15, 15, 9, 4, 10, 4, 10, 15, 20, 17, 20, 17, 8, 10, 4, 10, 20, 15, 17, 5, 20, 17, 2, 5, 2, 17, 17, 15, 15, 4, 16, 11, 16, 15, 15, 4, 10, 16, 11, 4, 10, 16, 11, 16, 10, 4, 4, 10]
bestever    2285    in generation 53
[20, 20, 13, 13, 20, 13, 1, 9, 3, 12, 1, 4, 9, 11, 9, 3, 13, 1, 3, 11, 12, 6, 13, 1, 1, 3, 9, 9, 11, 12, 12, 11, 14, 19, 14, 14, 14, 14, 12, 14, 9, 9, 12, 10, 20, 13, 13, 3, 3, 13, 19, 18, 19, 18, 6, 6, 18, 6, 7, 7, 10, 5, 17, 1, 3, 1, 3, 13, 1, 1, 18, 14, 7, 7, 14, 1, 18, 19, 18, 19, 18, 19, 6, 19, 7, 6, 18, 6, 7, 14, 7, 7, 14, 5, 17, 4, 15, 15, 8, 19, 18, 19, 16, 6, 12, 19, 8, 12, 2, 2, 9, 11, 5, 20, 16, 8, 2, 8, 20, 8, 5, 5, 7, 6, 18, 6, 7, 3, 3, 13, 8, 12, 5, 12, 9, 11, 2, 16, 16, 8, 2, 5, 8, 2, 8, 17, 17, 15, 15, 9, 4, 10, 15, 20, 17, 20, 17, 2, 5, 2, 4, 10, 16, 11, 8, 10, 4, 10, 20, 15, 17, 5, 20, 17, 2, 5, 2, 17, 17, 15, 15, 4, 16, 11, 16, 15, 15, 4, 10, 16, 11, 4, 10, 16, 11, 16, 10, 4, 4, 10]
bestever    2280    in generation 54
[20, 20, 13, 13, 20, 13, 1, 9, 3, 12, 1, 4, 9, 11, 9, 3, 13, 1, 3, 11, 12, 6, 13, 1, 1, 9, 9, 11, 11, 12, 12, 11, 14, 19, 14, 14, 14, 14, 12, 14, 9, 9, 12, 10, 20, 13, 13, 3, 3, 13, 19, 18, 19, 18, 6, 6, 18, 6, 7, 7, 10, 5, 17, 1, 3, 1, 3, 13, 1, 1, 18, 14, 7, 14, 1, 18, 19, 18, 19, 7, 3, 18, 19, 6, 19, 7, 6, 18, 6, 7, 14, 7, 7, 14, 5, 17, 4, 15, 15, 8, 19, 18, 19, 16, 6, 12, 19, 8, 12, 2, 2, 9, 11, 5, 20, 16, 16, 8, 2, 8, 20, 8, 5, 5, 7, 6, 18, 6, 7, 3, 3, 13, 8, 12, 5, 12, 9, 11, 2, 16, 16, 8, 2, 5, 8, 2, 5, 8, 2, 17, 2, 17, 15, 15, 9, 4, 10, 4, 10, 15, 20, 17, 20, 17, 8, 10, 4, 10, 20, 15, 17, 5, 20, 17, 2, 5, 2, 17, 17, 15, 15, 4, 16, 11, 16, 15, 15, 4, 10, 16, 11, 4, 10, 16, 11, 16, 10, 4, 4, 10]
bestever    2276    in generation 73
[20, 20, 13, 13, 20, 13, 1, 9, 3, 12, 1, 9, 11, 9, 3, 13, 1, 3, 11, 12, 6, 13, 1, 1, 9, 9, 11, 11, 12, 12, 14, 19, 14, 14, 14, 14, 12, 14, 9, 9, 12, 20, 13, 13, 3, 3, 13, 19, 18, 19, 18, 6, 6, 18, 6, 7, 7, 5, 17, 1, 3, 1, 3, 13, 1, 1, 18, 14, 7, 14, 1, 18, 19, 18, 19, 7, 3, 18, 19, 6, 19, 7, 6, 18, 6, 7, 14, 7, 7, 14, 5, 17, 15, 15, 8, 19, 18, 19, 16, 6, 12, 19, 8, 12, 2, 2, 9, 5, 20, 16, 8, 2, 8, 8, 5, 5, 7, 6, 18, 6, 7, 3, 3, 13, 8, 12, 5, 12, 9, 11, 2, 8, 2, 5, 8, 2, 5, 8, 2, 17, 2, 17, 15, 15, 9, 15, 17, 17, 20, 15, 17, 20, 2, 2, 15, 11, 8, 10, 4, 10, 20, 15, 5, 20, 17, 5, 17, 17, 15, 4, 16, 16, 15, 4, 10, 16, 11, 4, 10, 16, 11, 16, 10, 4, 4, 10, 20, 4, 10, 16, 11, 4, 10, 16, 11, 16, 10, 4, 4, 10]
bestever    2250    in generation 75
[20, 20, 13, 13, 20, 13, 1, 9, 3, 12, 1, 9, 11, 9, 3, 13, 1, 3, 11, 12, 6, 13, 1, 1, 9, 9, 11, 11, 12, 12, 14, 19, 14, 14, 14, 14, 14, 9, 9, 12, 20, 13, 13, 3, 3, 13, 19, 18, 19, 18, 6, 6, 18, 6, 7, 7, 5, 17, 1, 3, 1, 3, 13, 1, 1, 18, 14, 7, 14, 1, 18, 19, 18, 19, 7, 3, 18, 19, 6, 19, 7, 6, 18, 6, 7, 14, 7, 7, 14, 5, 17, 15, 15, 8, 19, 18, 19, 16, 6, 12, 8, 12, 2, 2, 9, 12, 19, 5, 20, 16, 8, 2, 8, 8, 5, 5, 7, 6, 18, 6, 7, 3, 3, 13, 8, 12, 5, 12, 9, 11, 2, 8, 2, 5, 8, 2, 5, 8, 2, 17, 2, 17, 15, 15, 9, 15, 17, 17, 20, 15, 17, 20, 2, 2, 15, 11, 8, 10, 4, 10, 20, 15, 5, 20, 17, 5, 17, 17, 15, 4, 16, 16, 15, 4, 10, 16, 11, 4, 10, 16, 11, 16, 10, 4, 4, 10, 20, 4, 10, 16, 11, 4, 10, 16, 11, 16, 10, 4, 4, 10]
bestever    2246    in generation 88
[20, 20, 13, 13, 20, 13, 1, 9, 3, 12, 1, 9, 11, 9, 3, 13, 1, 3, 11, 12, 6, 13, 1, 1, 9, 9, 11, 12, 12, 14, 19, 14, 14, 14, 14, 14, 9, 9, 12, 20, 13, 13, 3, 3, 13, 19, 18, 19, 18, 6, 6, 18, 6, 7, 7, 5, 17, 1, 3, 1, 3, 13, 1, 1, 18, 14, 7, 14, 1, 18, 19, 18, 19, 7, 3, 18, 19, 6, 19, 7, 6, 18, 6, 7, 14, 7, 7, 14, 5, 17, 15, 15, 8, 19, 18, 19, 16, 6, 12, 8, 12, 2, 2, 9, 12, 19, 5, 20, 16, 8, 2, 8, 8, 5, 5, 7, 6, 18, 6, 7, 3, 3, 13, 8, 12, 5, 12, 9, 11, 2, 8, 2, 5, 8, 2, 5, 8, 2, 17, 2, 17, 15, 9, 15, 17, 17, 20, 15, 17, 20, 15, 11, 2, 2, 15, 11, 8, 10, 4, 10, 20, 15, 5, 20, 17, 5, 17, 17, 15, 4, 16, 16, 15, 4, 10, 16, 11, 4, 10, 16, 11, 16, 10, 4, 4, 10, 20, 4, 10, 16, 11, 4, 10, 16, 11, 16, 10, 4, 4, 10]
bestever    2204    in generation 101
[13, 1, 9, 3, 12, 1, 9, 11, 9, 3, 1, 3, 11, 12, 6, 1, 1, 9, 9, 11, 12, 12, 14, 19, 14, 14, 14, 14, 14, 9, 9, 12, 3, 3, 19, 18, 19, 18, 6, 6, 18, 6, 7, 7, 5, 17, 1, 3, 1, 3, 1, 1, 18, 14, 7, 14, 1, 18, 19, 18, 19, 7, 3, 18, 19, 6, 19, 7, 6, 18, 6, 7, 14, 7, 7, 14, 5, 17, 15, 15, 8, 19, 18, 19, 16, 6, 12, 8, 12, 2, 2, 9, 12, 19, 5, 6, 13, 17, 15, 15, 20, 5, 20, 16, 8, 2, 8, 8, 5, 7, 6, 18, 7, 3, 3, 13, 8, 12, 5, 12, 9, 11, 2, 8, 2, 5, 8, 2, 5, 8, 2, 17, 2, 9, 17, 17, 20, 15, 17, 20, 15, 11, 2, 2, 15, 11, 8, 10, 4, 10, 20, 15, 5, 17, 5, 17, 17, 15, 4, 16, 16, 15, 4, 10, 16, 11, 4, 10, 16, 16, 10, 4, 16, 16, 16, 11, 20, 4, 10, 11, 4, 10, 11, 10, 4, 4, 10, 20, 13, 13, 13, 4, 10, 20, 20, 13, 13, 20, 13, 13]
bestever    2175    in generation 108
[13, 1, 9, 3, 12, 1, 9, 11, 9, 3, 1, 3, 11, 12, 6, 1, 1, 9, 9, 11, 12, 12, 14, 19, 14, 14, 14, 14, 14, 9, 9, 12, 3, 3, 18, 18, 6, 6, 18, 6, 7, 7, 5, 17, 1, 3, 1, 3, 1, 1, 18, 14, 7, 14, 1, 19, 18, 19, 18, 19, 19, 7, 3, 18, 19, 6, 19, 7, 6, 18, 6, 7, 14, 7, 7, 14, 5, 17, 15, 15, 8, 19, 18, 19, 16, 6, 12, 8, 12, 2, 2, 9, 12, 19, 5, 6, 13, 17, 15, 15, 20, 5, 20, 16, 8, 2, 8, 8, 5, 7, 6, 18, 7, 3, 3, 13, 8, 12, 5, 12, 9, 11, 2, 8, 2, 5, 8, 2, 5, 8, 2, 17, 2, 9, 17, 17, 20, 15, 17, 20, 15, 11, 2, 2, 15, 11, 8, 10, 4, 10, 20, 15, 5, 17, 5, 17, 17, 15, 4, 16, 16, 15, 4, 10, 16, 11, 4, 10, 16, 16, 10, 4, 16, 16, 16, 11, 20, 4, 10, 11, 4, 10, 11, 10, 4, 4, 10, 20, 13, 13, 13, 4, 10, 20, 20, 13, 13, 20, 13, 13]
bestever    2165    in generation 118
[13, 1, 9, 3, 12, 1, 9, 11, 9, 3, 1, 3, 11, 12, 6, 1, 1, 9, 9, 11, 12, 12, 14, 19, 14, 14, 14, 14, 14, 9, 9, 12, 3, 3, 18, 18, 6, 6, 18, 6, 7, 7, 5, 17, 1, 3, 1, 3, 1, 1, 18, 14, 7, 14, 1, 19, 18, 19, 18, 19, 19, 7, 3, 18, 19, 6, 19, 7, 6, 18, 6, 7, 14, 7, 7, 14, 5, 17, 15, 15, 8, 19, 18, 19, 16, 6, 12, 8, 12, 2, 2, 9, 12, 19, 5, 6, 13, 17, 15, 15, 20, 5, 20, 16, 8, 2, 8, 8, 5, 7, 6, 18, 7, 3, 3, 13, 8, 12, 5, 12, 9, 11, 2, 8, 2, 5, 8, 2, 5, 8, 2, 17, 2, 9, 17, 17, 20, 15, 17, 20, 15, 11, 2, 2, 15, 11, 8, 10, 4, 10, 20, 15, 5, 17, 5, 17, 17, 15, 4, 16, 16, 15, 4, 10, 16, 11, 4, 10, 16, 16, 10, 4, 16, 16, 16, 11, 20, 4, 10, 11, 4, 10, 20, 20, 20, 11, 20, 10, 4, 4, 10, 13, 13, 4, 10, 13, 13, 13, 13, 13]
bestever    2157    in generation 131
[1, 9, 3, 12, 1, 9, 11, 9, 3, 1, 3, 11, 12, 6, 1, 1, 9, 9, 11, 12, 12, 14, 19, 14, 14, 14, 14, 14, 9, 9, 12, 3, 3, 18, 18, 6, 6, 18, 6, 7, 7, 17, 1, 3, 1, 3, 1, 1, 18, 14, 7, 14, 1, 19, 18, 19, 18, 19, 19, 7, 3, 18, 19, 6, 19, 7, 6, 18, 5, 17, 6, 7, 14, 7, 7, 14, 5, 17, 15, 15, 8, 19, 18, 19, 16, 6, 12, 8, 12, 2, 2, 9, 12, 19, 5, 6, 13, 17, 15, 15, 20, 5, 20, 16, 8, 2, 8, 8, 5, 7, 6, 18, 7, 3, 3, 13, 8, 12, 5, 12, 9, 11, 2, 8, 2, 5, 8, 2, 5, 8, 2, 17, 2, 9, 17, 20, 15, 17, 20, 15, 11, 2, 2, 15, 11, 8, 10, 4, 10, 20, 15, 5, 17, 5, 17, 17, 15, 4, 16, 16, 15, 4, 10, 16, 11, 4, 10, 16, 16, 10, 4, 16, 16, 16, 11, 20, 4, 10, 11, 4, 10, 20, 20, 20, 11, 20, 10, 4, 4, 10, 13, 13, 4, 10, 13, 13, 13, 13, 13, 13]
bestever    2134    in generation 134
[1, 9, 3, 12, 1, 9, 11, 9, 3, 1, 3, 11, 12, 6, 1, 1, 9, 9, 11, 12, 12, 14, 19, 14, 14, 14, 14, 14, 9, 9, 12, 3, 3, 18, 18, 6, 6, 18, 6, 7, 7, 17, 1, 3, 1, 3, 1, 1, 18, 14, 7, 14, 1, 19, 18, 19, 18, 19, 19, 7, 3, 18, 19, 6, 19, 7, 6, 18, 5, 17, 6, 7, 17, 7, 7, 14, 5, 17, 15, 15, 8, 19, 18, 19, 16, 6, 12, 8, 12, 2, 2, 9, 12, 19, 5, 6, 13, 17, 15, 15, 20, 5, 20, 16, 8, 2, 8, 8, 5, 7, 6, 18, 7, 3, 3, 13, 8, 12, 5, 12, 9, 11, 2, 8, 2, 5, 8, 2, 5, 8, 2, 17, 2, 9, 17, 20, 15, 17, 20, 15, 11, 2, 2, 15, 11, 8, 10, 4, 10, 20, 15, 5, 17, 5, 17, 14, 15, 4, 16, 16, 15, 4, 10, 16, 11, 4, 10, 16, 16, 10, 4, 16, 16, 16, 11, 20, 4, 10, 11, 4, 10, 20, 20, 20, 11, 20, 10, 4, 4, 10, 13, 13, 4, 10, 13, 13, 13, 13, 13, 13]
bestever    2098    in generation 142
[1, 9, 3, 12, 1, 9, 11, 9, 3, 1, 3, 11, 12, 6, 1, 1, 9, 9, 11, 12, 12, 14, 19, 14, 14, 14, 14, 14, 9, 9, 12, 3, 3, 18, 18, 6, 6, 18, 6, 7, 7, 17, 1, 3, 1, 3, 1, 1, 18, 14, 7, 14, 1, 19, 18, 19, 18, 19, 19, 7, 3, 18, 19, 6, 19, 7, 6, 18, 5, 17, 6, 7, 17, 7, 7, 14, 5, 17, 15, 15, 8, 19, 18, 19, 16, 6, 12, 8, 12, 2, 2, 9, 12, 19, 5, 6, 13, 17, 15, 15, 20, 5, 20, 16, 8, 2, 8, 8, 5, 7, 6, 18, 7, 3, 3, 13, 8, 12, 5, 12, 9, 11, 2, 8, 2, 5, 8, 2, 5, 8, 2, 17, 2, 9, 17, 20, 15, 17, 15, 11, 2, 2, 15, 8, 10, 4, 15, 5, 17, 5, 17, 14, 15, 16, 16, 15, 16, 11, 4, 10, 16, 16, 10, 4, 16, 16, 16, 11, 20, 4, 10, 11, 4, 10, 20, 20, 20, 11, 20, 10, 4, 4, 10, 20, 11, 20, 10, 4, 4, 10, 13, 13, 4, 10, 13, 13, 13, 13, 13, 13]
bestever    2075    in generation 267
[1, 9, 3, 12, 1, 9, 14, 18, 9, 3, 1, 3, 11, 12, 6, 1, 1, 9, 9, 11, 12, 12, 14, 19, 14, 14, 14, 14, 14, 9, 9, 12, 3, 3, 18, 18, 6, 6, 18, 6, 7, 7, 17, 1, 3, 1, 3, 1, 1, 18, 14, 7, 1, 19, 18, 19, 11, 19, 19, 7, 3, 18, 19, 6, 19, 7, 6, 18, 5, 17, 6, 7, 17, 7, 7, 14, 5, 17, 15, 15, 8, 19, 3, 19, 16, 6, 12, 8, 12, 2, 2, 9, 12, 19, 5, 6, 13, 17, 15, 15, 20, 5, 20, 16, 8, 2, 8, 8, 5, 7, 6, 18, 7, 3, 18, 13, 8, 12, 5, 12, 9, 11, 2, 8, 2, 5, 8, 2, 5, 8, 16, 2, 17, 2, 9, 17, 20, 15, 17, 15, 11, 2, 2, 15, 8, 10, 4, 15, 5, 17, 5, 17, 14, 15, 16, 16, 15, 16, 11, 4, 10, 16, 10, 4, 16, 16, 16, 11, 20, 4, 10, 11, 20, 20, 20, 11, 4, 10, 20, 10, 4, 4, 10, 20, 11, 20, 10, 4, 4, 10, 13, 13, 4, 10, 13, 13, 13, 13, 13, 13]
bestever    2072    in generation 298
[1, 9, 3, 12, 1, 9, 14, 18, 9, 3, 1, 3, 11, 12, 6, 1, 1, 9, 9, 11, 12, 12, 14, 19, 14, 14, 14, 14, 14, 9, 9, 12, 3, 3, 18, 18, 6, 6, 18, 6, 7, 7, 17, 1, 3, 1, 3, 1, 1, 18, 14, 7, 1, 19, 18, 19, 11, 19, 19, 7, 3, 18, 19, 6, 19, 7, 6, 18, 5, 17, 6, 7, 17, 7, 7, 14, 5, 17, 15, 15, 8, 19, 3, 19, 16, 6, 12, 8, 12, 2, 2, 9, 12, 19, 5, 6, 17, 15, 15, 20, 5, 20, 16, 8, 2, 8, 8, 5, 7, 6, 18, 7, 3, 18, 8, 12, 5, 12, 9, 11, 2, 8, 2, 5, 8, 2, 5, 8, 16, 2, 17, 2, 9, 17, 20, 15, 17, 15, 2, 2, 15, 8, 10, 15, 5, 17, 5, 17, 14, 15, 16, 16, 15, 16, 4, 10, 16, 10, 4, 16, 16, 11, 20, 4, 11, 20, 16, 11, 20, 4, 11, 20, 20, 20, 11, 4, 10, 10, 4, 4, 10, 20, 10, 11, 10, 4, 10, 13, 13, 4, 13, 13, 4, 10, 13, 13, 13, 13, 13, 13]
bestever    2064    in generation 323
[1, 9, 3, 12, 1, 9, 14, 18, 9, 3, 1, 3, 12, 6, 1, 1, 9, 9, 11, 12, 12, 14, 19, 14, 14, 14, 14, 14, 9, 9, 12, 3, 3, 18, 18, 6, 6, 18, 6, 7, 7, 17, 1, 3, 1, 3, 1, 1, 18, 14, 7, 1, 19, 18, 19, 11, 19, 19, 7, 3, 18, 19, 6, 19, 7, 6, 18, 5, 17, 6, 7, 17, 7, 7, 14, 5, 17, 15, 15, 8, 19, 3, 19, 16, 6, 12, 8, 12, 2, 2, 9, 12, 19, 5, 6, 17, 15, 15, 5, 16, 8, 2, 8, 8, 5, 7, 6, 18, 7, 3, 18, 8, 12, 5, 12, 9, 11, 2, 8, 2, 5, 8, 2, 5, 8, 16, 2, 17, 2, 9, 17, 20, 15, 17, 15, 2, 2, 15, 8, 10, 15, 5, 17, 5, 17, 14, 15, 16, 16, 15, 16, 4, 10, 16, 10, 4, 16, 16, 20, 20, 11, 11, 20, 4, 11, 20, 16, 11, 20, 4, 11, 20, 20, 20, 11, 4, 10, 10, 4, 4, 10, 20, 10, 11, 10, 4, 10, 13, 13, 4, 13, 13, 4, 10, 13, 13, 13, 13, 13, 13]
bestever    2061    in generation 327
[1, 9, 3, 12, 1, 9, 14, 18, 9, 3, 1, 3, 11, 12, 6, 1, 1, 9, 9, 11, 12, 12, 14, 19, 14, 14, 14, 14, 14, 9, 9, 12, 3, 3, 18, 18, 6, 6, 18, 6, 7, 7, 17, 1, 3, 1, 3, 1, 1, 18, 14, 7, 1, 19, 18, 19, 11, 19, 19, 7, 3, 18, 19, 6, 19, 7, 6, 18, 5, 6, 7, 17, 7, 7, 14, 5, 17, 15, 15, 8, 19, 3, 19, 16, 6, 12, 8, 12, 2, 2, 9, 12, 19, 5, 6, 17, 15, 15, 20, 5, 20, 16, 8, 2, 8, 8, 5, 7, 6, 18, 7, 3, 18, 8, 12, 5, 12, 9, 11, 2, 8, 5, 8, 5, 8, 16, 2, 17, 2, 2, 17, 2, 9, 17, 20, 15, 17, 15, 2, 2, 15, 8, 10, 15, 5, 17, 5, 17, 14, 15, 16, 16, 15, 16, 4, 16, 4, 16, 16, 11, 20, 4, 11, 20, 16, 4, 4, 10, 20, 4, 11, 20, 20, 20, 11, 4, 10, 10, 20, 10, 11, 10, 10, 11, 10, 4, 10, 13, 13, 4, 13, 13, 4, 10, 13, 13, 13, 13, 13, 13]
bestever    2052    in generation 415
[1, 9, 3, 12, 1, 9, 14, 18, 9, 3, 1, 3, 11, 12, 6, 1, 1, 9, 9, 11, 12, 12, 14, 19, 14, 14, 14, 14, 14, 9, 9, 12, 3, 3, 18, 18, 6, 6, 18, 6, 7, 7, 17, 1, 3, 1, 3, 1, 1, 18, 14, 7, 1, 19, 18, 19, 11, 19, 19, 7, 3, 18, 19, 6, 19, 7, 6, 18, 5, 6, 7, 17, 7, 7, 14, 5, 17, 15, 15, 8, 19, 3, 19, 16, 6, 12, 8, 12, 2, 2, 9, 12, 19, 5, 6, 17, 15, 15, 20, 5, 20, 16, 8, 2, 8, 8, 5, 7, 6, 18, 7, 3, 18, 8, 12, 5, 12, 9, 11, 2, 8, 5, 8, 5, 8, 16, 2, 17, 2, 2, 17, 2, 9, 17, 20, 20, 17, 15, 2, 2, 15, 8, 10, 15, 5, 17, 5, 17, 14, 15, 16, 16, 15, 16, 4, 16, 4, 16, 16, 11, 20, 4, 20, 16, 4, 10, 4, 11, 20, 11, 4, 20, 15, 20, 11, 4, 10, 10, 20, 10, 11, 10, 10, 11, 10, 4, 10, 13, 13, 4, 13, 4, 13, 10, 13, 13, 13, 13, 13, 13]
bestever    2048    in generation 496
[1, 9, 3, 12, 1, 9, 14, 18, 9, 3, 1, 3, 11, 12, 6, 1, 1, 9, 9, 11, 12, 12, 14, 19, 14, 14, 14, 14, 14, 9, 9, 12, 3, 3, 18, 18, 6, 6, 18, 6, 7, 7, 17, 1, 3, 1, 3, 1, 1, 18, 14, 7, 1, 19, 18, 19, 11, 19, 19, 7, 3, 18, 19, 6, 19, 7, 6, 18, 5, 6, 7, 17, 7, 7, 14, 5, 17, 15, 15, 8, 19, 3, 19, 16, 6, 12, 8, 12, 2, 2, 9, 12, 19, 5, 6, 17, 15, 15, 20, 5, 20, 16, 8, 2, 8, 8, 5, 7, 6, 18, 7, 3, 18, 8, 12, 5, 12, 9, 11, 2, 8, 5, 8, 5, 8, 16, 2, 17, 2, 2, 17, 2, 9, 17, 20, 20, 17, 15, 2, 2, 15, 8, 10, 15, 5, 17, 5, 17, 14, 15, 16, 16, 15, 16, 4, 16, 4, 16, 16, 11, 20, 4, 20, 16, 4, 10, 4, 11, 20, 11, 4, 20, 15, 20, 11, 4, 4, 10, 20, 10, 11, 10, 10, 11, 10, 4, 10, 13, 13, 10, 13, 4, 13, 10, 13, 13, 13, 13, 13, 13]
bestever    2040    in generation 562
[1, 9, 3, 12, 1, 9, 14, 18, 9, 3, 1, 3, 11, 12, 6, 1, 1, 9, 9, 12, 12, 14, 19, 14, 14, 14, 14, 14, 9, 9, 12, 3, 3, 18, 18, 6, 6, 18, 6, 7, 7, 17, 1, 3, 1, 3, 1, 1, 18, 14, 7, 1, 19, 18, 19, 11, 19, 19, 7, 3, 18, 19, 6, 19, 7, 6, 18, 5, 6, 7, 17, 7, 7, 14, 5, 17, 15, 15, 8, 19, 3, 19, 16, 6, 12, 8, 12, 2, 2, 9, 12, 19, 5, 6, 17, 15, 15, 20, 5, 20, 16, 8, 2, 8, 8, 5, 7, 6, 18, 7, 3, 18, 8, 12, 5, 12, 9, 11, 2, 8, 5, 8, 5, 8, 16, 2, 17, 2, 2, 17, 2, 9, 17, 20, 20, 17, 15, 2, 2, 15, 8, 10, 15, 5, 17, 5, 17, 14, 15, 16, 16, 15, 16, 4, 16, 16, 16, 11, 20, 4, 20, 16, 4, 10, 4, 11, 4, 11, 20, 11, 4, 20, 15, 20, 11, 4, 4, 10, 20, 10, 11, 10, 10, 11, 10, 4, 10, 13, 13, 10, 13, 4, 13, 10, 13, 13, 13, 13, 13, 13]
bestever    2023    in generation 602
[9, 9, 3, 1, 1, 12, 14, 18, 9, 3, 1, 3, 11, 12, 6, 1, 1, 9, 9, 12, 12, 14, 19, 14, 14, 14, 14, 14, 9, 9, 12, 3, 3, 18, 18, 6, 6, 18, 6, 7, 7, 17, 1, 3, 1, 3, 1, 1, 18, 14, 7, 1, 19, 18, 19, 11, 19, 19, 7, 3, 18, 19, 6, 19, 7, 6, 18, 5, 6, 7, 17, 7, 7, 14, 5, 17, 15, 15, 8, 19, 3, 19, 16, 6, 12, 8, 12, 2, 2, 9, 12, 19, 5, 6, 17, 15, 15, 20, 5, 20, 16, 8, 2, 8, 8, 5, 7, 6, 18, 7, 3, 18, 8, 12, 5, 12, 9, 11, 2, 8, 5, 8, 5, 8, 16, 2, 17, 2, 2, 17, 2, 9, 17, 20, 20, 17, 15, 2, 2, 15, 8, 10, 15, 5, 17, 5, 17, 14, 15, 16, 16, 15, 16, 4, 16, 16, 16, 11, 20, 4, 20, 16, 4, 10, 4, 11, 4, 11, 20, 11, 4, 20, 15, 20, 11, 4, 4, 10, 20, 10, 11, 10, 10, 11, 10, 4, 10, 13, 13, 10, 13, 4, 13, 10, 13, 13, 13, 13, 13, 13]
bestever    2016    in generation 755
[9, 9, 3, 1, 1, 12, 14, 18, 9, 3, 1, 3, 11, 12, 6, 1, 1, 9, 9, 12, 12, 14, 19, 14, 14, 14, 14, 14, 9, 9, 12, 3, 3, 18, 18, 6, 6, 18, 6, 7, 7, 17, 1, 3, 1, 3, 1, 1, 18, 14, 7, 1, 19, 18, 19, 11, 19, 19, 7, 17, 3, 18, 19, 6, 19, 7, 15, 6, 18, 5, 6, 7, 17, 7, 12, 7, 14, 5, 17, 15, 15, 8, 19, 3, 19, 16, 6, 12, 8, 2, 2, 9, 12, 19, 5, 6, 17, 15, 15, 20, 2, 5, 20, 16, 8, 2, 8, 8, 5, 7, 6, 18, 7, 3, 18, 8, 12, 5, 12, 9, 11, 2, 8, 5, 8, 5, 8, 16, 2, 17, 2, 2, 17, 9, 17, 20, 20, 15, 2, 2, 15, 10, 8, 15, 5, 17, 5, 17, 14, 15, 16, 16, 15, 16, 4, 16, 16, 16, 11, 20, 4, 20, 16, 4, 4, 11, 4, 11, 20, 11, 4, 20, 20, 13, 11, 4, 4, 20, 10, 10, 10, 11, 10, 10, 11, 10, 4, 10, 13, 13, 10, 13, 4, 13, 10, 13, 13, 13, 13, 13]
bestever    2014    in generation 947
[9, 9, 3, 1, 1, 12, 14, 18, 9, 3, 1, 6, 11, 12, 14, 6, 1, 1, 9, 9, 12, 12, 14, 19, 14, 14, 14, 14, 9, 9, 12, 3, 3, 18, 18, 3, 6, 18, 6, 7, 7, 17, 1, 3, 1, 3, 1, 1, 18, 14, 7, 1, 19, 18, 19, 11, 19, 19, 7, 17, 3, 18, 19, 6, 19, 7, 15, 6, 18, 5, 6, 7, 17, 7, 12, 7, 14, 5, 17, 15, 15, 8, 19, 3, 4, 19, 16, 6, 12, 8, 2, 2, 9, 12, 5, 19, 6, 17, 15, 15, 20, 2, 5, 20, 16, 8, 13, 2, 8, 8, 5, 7, 16, 6, 18, 13, 7, 3, 18, 8, 12, 5, 12, 9, 11, 2, 8, 5, 8, 5, 8, 16, 2, 17, 2, 2, 17, 9, 17, 20, 20, 15, 2, 5, 2, 15, 10, 8, 15, 5, 17, 17, 14, 15, 16, 16, 15, 16, 4, 16, 16, 11, 20, 4, 20, 16, 4, 4, 11, 4, 11, 20, 11, 4, 20, 13, 20, 13, 11, 4, 4, 20, 10, 10, 10, 11, 10, 11, 10, 4, 10, 13, 10, 13, 10, 13, 10, 13, 13, 13]
bestever    2012    in generation 970
[9, 9, 3, 1, 1, 12, 14, 18, 9, 3, 1, 6, 11, 12, 14, 6, 1, 1, 9, 9, 12, 12, 14, 19, 14, 14, 14, 14, 9, 9, 12, 3, 3, 18, 18, 3, 6, 18, 6, 7, 7, 17, 1, 3, 1, 3, 1, 1, 18, 14, 7, 1, 19, 18, 19, 11, 19, 19, 7, 17, 3, 18, 19, 6, 19, 7, 15, 6, 18, 5, 6, 7, 17, 7, 12, 7, 14, 5, 17, 15, 15, 8, 19, 3, 4, 19, 16, 6, 12, 8, 2, 2, 9, 12, 5, 19, 6, 17, 15, 15, 20, 2, 5, 20, 16, 8, 13, 2, 8, 8, 5, 7, 11, 6, 18, 13, 7, 3, 18, 8, 12, 5, 12, 9, 11, 2, 8, 5, 8, 5, 8, 16, 2, 17, 2, 2, 17, 9, 17, 20, 20, 15, 2, 5, 2, 15, 10, 8, 15, 5, 17, 17, 14, 15, 16, 16, 15, 16, 4, 16, 16, 11, 20, 4, 20, 16, 4, 4, 11, 4, 16, 20, 11, 4, 20, 13, 20, 13, 11, 4, 4, 20, 10, 10, 10, 11, 10, 11, 10, 4, 10, 13, 10, 13, 10, 13, 10, 13, 13, 13]
bestever    2011    in generation 1076
[9, 9, 3, 3, 1, 12, 14, 18, 9, 3, 1, 6, 11, 12, 14, 6, 1, 1, 9, 9, 12, 12, 14, 19, 14, 14, 14, 14, 9, 9, 12, 3, 3, 18, 18, 3, 6, 18, 6, 7, 7, 17, 1, 1, 1, 3, 1, 1, 18, 14, 7, 1, 19, 18, 19, 11, 19, 19, 7, 17, 3, 18, 19, 6, 19, 7, 15, 6, 18, 5, 6, 7, 17, 7, 12, 7, 14, 5, 15, 15, 8, 19, 3, 4, 19, 16, 6, 12, 8, 16, 2, 2, 9, 12, 5, 19, 6, 17, 15, 15, 20, 2, 5, 17, 16, 8, 13, 2, 8, 8, 5, 7, 11, 6, 18, 7, 3, 18, 8, 12, 5, 12, 9, 11, 2, 8, 5, 8, 5, 8, 16, 2, 13, 20, 2, 2, 17, 17, 9, 17, 20, 20, 15, 2, 5, 2, 15, 10, 8, 15, 5, 17, 17, 14, 15, 16, 16, 15, 4, 16, 16, 11, 20, 4, 20, 16, 4, 4, 11, 4, 16, 20, 11, 4, 20, 13, 20, 13, 11, 4, 4, 20, 10, 10, 10, 11, 10, 11, 10, 4, 10, 13, 10, 13, 10, 13, 10, 13, 13, 13]
bestever    2007    in generation 1083
[9, 9, 3, 3, 1, 12, 14, 18, 9, 3, 1, 6, 11, 12, 14, 6, 1, 1, 9, 9, 12, 12, 14, 19, 14, 14, 14, 14, 9, 9, 12, 3, 3, 18, 18, 3, 6, 18, 6, 7, 7, 17, 1, 1, 1, 3, 1, 1, 18, 14, 7, 1, 19, 18, 19, 11, 19, 19, 7, 17, 3, 18, 19, 6, 19, 7, 15, 6, 18, 5, 6, 7, 17, 7, 12, 7, 14, 15, 15, 19, 3, 4, 19, 16, 6, 12, 16, 2, 2, 9, 12, 19, 6, 17, 15, 15, 20, 2, 5, 17, 16, 8, 13, 2, 8, 8, 5, 7, 8, 5, 8, 5, 11, 6, 18, 7, 3, 18, 8, 12, 5, 12, 9, 11, 2, 8, 5, 8, 5, 8, 16, 2, 13, 20, 2, 2, 17, 17, 9, 17, 20, 20, 15, 2, 5, 2, 15, 10, 8, 15, 5, 17, 17, 14, 15, 16, 16, 15, 4, 16, 16, 11, 20, 4, 20, 16, 4, 4, 11, 4, 16, 20, 11, 4, 20, 13, 20, 13, 11, 4, 4, 20, 10, 10, 10, 11, 10, 11, 10, 4, 10, 13, 10, 13, 10, 13, 10, 13, 13, 13]
bestever    2001    in generation 1208
[9, 9, 3, 3, 1, 12, 14, 18, 9, 3, 1, 14, 6, 1, 1, 9, 9, 12, 12, 14, 19, 14, 14, 14, 14, 9, 9, 12, 3, 3, 18, 18, 3, 6, 18, 6, 7, 7, 17, 1, 1, 1, 3, 1, 1, 18, 14, 7, 1, 19, 18, 19, 19, 11, 19, 7, 17, 3, 18, 19, 6, 19, 7, 15, 6, 18, 5, 6, 7, 17, 7, 12, 7, 14, 15, 15, 19, 3, 4, 19, 16, 6, 12, 16, 2, 2, 9, 12, 19, 6, 17, 15, 15, 20, 2, 5, 17, 16, 8, 13, 2, 7, 8, 8, 5, 7, 8, 16, 8, 5, 11, 6, 18, 3, 18, 8, 12, 5, 12, 9, 11, 2, 8, 5, 8, 5, 8, 5, 2, 13, 20, 2, 2, 17, 17, 9, 17, 20, 20, 15, 2, 5, 2, 15, 10, 8, 15, 5, 17, 17, 14, 15, 16, 16, 15, 4, 16, 16, 11, 20, 6, 11, 12, 4, 20, 16, 4, 4, 11, 4, 16, 20, 11, 4, 20, 13, 20, 13, 11, 4, 4, 20, 10, 10, 10, 11, 10, 11, 10, 4, 10, 13, 10, 13, 10, 13, 10, 13, 13, 13]
bestever    1999    in generation 1209
[9, 9, 3, 3, 1, 12, 14, 18, 9, 3, 1, 14, 6, 1, 1, 9, 9, 12, 12, 14, 19, 14, 14, 14, 14, 9, 9, 12, 3, 3, 18, 18, 3, 6, 18, 6, 7, 7, 17, 1, 1, 1, 3, 1, 5, 18, 14, 7, 1, 19, 18, 19, 19, 11, 19, 7, 17, 3, 18, 19, 6, 19, 7, 15, 6, 18, 5, 6, 7, 17, 7, 12, 7, 14, 15, 15, 19, 3, 4, 19, 16, 6, 12, 16, 2, 2, 9, 12, 19, 6, 17, 15, 15, 20, 2, 5, 17, 16, 8, 13, 2, 7, 8, 8, 1, 7, 8, 16, 8, 5, 11, 6, 18, 3, 18, 8, 12, 5, 12, 9, 11, 2, 8, 5, 8, 5, 8, 5, 2, 13, 20, 2, 2, 17, 17, 9, 17, 20, 20, 15, 2, 5, 2, 15, 10, 8, 15, 5, 17, 17, 14, 15, 16, 16, 15, 4, 16, 16, 11, 20, 6, 11, 12, 4, 20, 16, 4, 4, 11, 4, 16, 20, 11, 4, 20, 13, 20, 13, 11, 4, 4, 20, 10, 10, 10, 11, 10, 11, 10, 4, 10, 13, 10, 13, 10, 13, 10, 13, 13, 13]
bestever    1989    in generation 1386
[9, 9, 3, 3, 1, 12, 14, 18, 9, 3, 1, 14, 6, 1, 1, 9, 7, 9, 12, 12, 14, 19, 14, 14, 14, 14, 9, 9, 12, 3, 3, 18, 18, 3, 6, 18, 6, 7, 18, 17, 1, 1, 1, 3, 7, 5, 18, 14, 7, 1, 19, 18, 19, 19, 11, 19, 7, 17, 3, 19, 6, 19, 7, 15, 6, 18, 6, 5, 7, 11, 17, 7, 12, 1, 14, 15, 15, 19, 3, 4, 19, 16, 6, 12, 16, 2, 2, 9, 12, 19, 6, 17, 15, 15, 17, 2, 5, 17, 16, 20, 2, 7, 8, 8, 1, 7, 8, 16, 8, 5, 6, 18, 3, 18, 8, 12, 11, 5, 4, 9, 2, 8, 5, 8, 5, 8, 5, 14, 2, 16, 2, 2, 20, 17, 9, 17, 8, 20, 15, 2, 5, 2, 15, 10, 8, 4, 15, 5, 17, 17, 20, 15, 20, 16, 15, 4, 13, 4, 16, 16, 6, 12, 20, 12, 4, 11, 16, 20, 13, 11, 11, 4, 16, 20, 11, 4, 13, 20, 13, 11, 4, 20, 10, 10, 10, 11, 10, 11, 10, 4, 10, 13, 10, 13, 10, 13, 10, 13, 13, 13]
bestever    1981    in generation 1463
[9, 9, 3, 3, 1, 12, 14, 18, 9, 3, 1, 14, 6, 1, 1, 9, 7, 9, 12, 12, 14, 19, 14, 14, 14, 14, 9, 9, 12, 3, 3, 18, 18, 3, 6, 18, 6, 7, 18, 17, 1, 1, 1, 3, 7, 5, 18, 14, 7, 1, 19, 18, 19, 19, 11, 19, 7, 17, 3, 19, 6, 19, 7, 15, 6, 18, 6, 5, 7, 11, 17, 7, 12, 1, 14, 15, 15, 19, 3, 4, 19, 16, 6, 12, 16, 2, 2, 9, 12, 19, 6, 17, 15, 15, 17, 2, 5, 17, 16, 20, 2, 7, 8, 8, 17, 7, 8, 16, 8, 5, 6, 18, 3, 18, 8, 12, 11, 5, 4, 9, 2, 8, 5, 8, 5, 8, 5, 14, 2, 16, 2, 2, 20, 1, 9, 17, 8, 20, 15, 2, 5, 2, 15, 10, 8, 4, 15, 5, 17, 17, 20, 15, 20, 16, 15, 4, 13, 4, 16, 16, 6, 12, 20, 12, 4, 11, 16, 20, 13, 16, 11, 11, 4, 20, 11, 4, 20, 11, 4, 20, 10, 10, 13, 13, 10, 11, 10, 11, 10, 4, 10, 13, 10, 13, 10, 13, 10, 13, 13, 13]
bestever    1974    in generation 1471
[9, 9, 3, 3, 1, 12, 14, 18, 9, 3, 1, 14, 6, 1, 1, 9, 7, 9, 12, 9, 14, 19, 14, 14, 14, 14, 9, 12, 12, 3, 3, 18, 18, 3, 6, 18, 6, 7, 18, 17, 1, 1, 1, 3, 7, 5, 18, 14, 7, 1, 19, 18, 19, 19, 11, 19, 7, 17, 3, 19, 6, 19, 7, 15, 6, 18, 6, 5, 7, 11, 17, 7, 12, 1, 14, 15, 15, 19, 3, 4, 19, 16, 6, 12, 16, 2, 2, 9, 12, 19, 6, 17, 15, 15, 17, 2, 5, 17, 16, 20, 2, 7, 8, 8, 17, 7, 8, 8, 5, 6, 18, 3, 18, 8, 12, 11, 5, 4, 9, 2, 8, 5, 8, 5, 8, 5, 14, 2, 16, 2, 2, 20, 1, 9, 17, 8, 20, 15, 2, 5, 2, 15, 10, 8, 4, 5, 17, 17, 20, 15, 16, 15, 20, 16, 15, 4, 13, 4, 16, 16, 6, 12, 20, 12, 4, 11, 16, 20, 13, 16, 11, 11, 4, 20, 11, 4, 20, 11, 4, 20, 10, 10, 13, 13, 10, 11, 10, 11, 10, 4, 10, 13, 10, 13, 10, 13, 10, 13, 13, 13]
bestever    1943    in generation 1526
[9, 9, 3, 3, 1, 12, 14, 18, 9, 3, 1, 14, 6, 1, 1, 9, 7, 9, 12, 9, 14, 19, 14, 14, 14, 9, 12, 12, 3, 3, 18, 18, 3, 6, 18, 6, 7, 18, 17, 1, 1, 3, 7, 5, 18, 14, 7, 1, 19, 18, 19, 11, 19, 7, 1, 14, 19, 17, 3, 19, 6, 19, 7, 15, 6, 18, 6, 5, 7, 11, 17, 7, 12, 1, 14, 15, 15, 19, 3, 4, 19, 8, 6, 12, 16, 2, 2, 9, 12, 19, 6, 17, 15, 15, 17, 2, 5, 17, 16, 20, 2, 7, 8, 8, 17, 7, 16, 8, 5, 6, 18, 3, 18, 8, 12, 11, 5, 4, 9, 2, 8, 5, 8, 5, 8, 5, 14, 2, 16, 2, 2, 20, 1, 9, 17, 8, 20, 15, 2, 5, 2, 15, 10, 8, 4, 5, 17, 17, 20, 15, 16, 15, 20, 16, 15, 4, 13, 4, 16, 16, 6, 12, 20, 12, 4, 11, 16, 20, 13, 16, 11, 11, 20, 11, 4, 4, 20, 11, 4, 20, 10, 10, 13, 13, 10, 11, 10, 11, 10, 4, 10, 13, 10, 13, 10, 13, 10, 13, 13, 13]
bestever    1941    in generation 1540
[9, 9, 3, 3, 1, 12, 14, 18, 9, 3, 1, 14, 6, 1, 1, 9, 7, 9, 12, 9, 14, 19, 14, 14, 14, 9, 12, 3, 3, 18, 18, 3, 6, 18, 6, 7, 18, 17, 1, 1, 3, 7, 5, 18, 14, 7, 1, 19, 18, 19, 11, 19, 7, 1, 14, 19, 17, 3, 19, 6, 19, 7, 15, 6, 18, 6, 5, 7, 11, 17, 7, 12, 1, 14, 15, 15, 19, 3, 4, 19, 8, 6, 12, 16, 2, 2, 9, 12, 12, 19, 6, 17, 15, 15, 17, 2, 5, 17, 16, 20, 2, 7, 8, 8, 17, 7, 16, 8, 5, 6, 18, 3, 18, 8, 12, 11, 5, 4, 9, 2, 8, 5, 8, 5, 8, 5, 14, 2, 16, 2, 2, 20, 1, 9, 17, 8, 20, 15, 2, 5, 2, 15, 10, 8, 4, 5, 17, 17, 20, 15, 16, 15, 20, 16, 15, 4, 13, 4, 16, 16, 6, 12, 20, 12, 4, 11, 16, 20, 13, 16, 11, 11, 20, 11, 4, 4, 20, 11, 4, 20, 10, 10, 13, 13, 10, 11, 10, 11, 10, 4, 10, 13, 10, 13, 10, 13, 10, 13, 13, 13]
bestever    1940    in generation 1609
[9, 9, 3, 3, 1, 12, 14, 18, 9, 3, 1, 14, 6, 1, 1, 9, 7, 9, 1, 9, 14, 19, 14, 14, 14, 9, 12, 3, 3, 18, 18, 3, 6, 18, 6, 7, 18, 17, 1, 1, 3, 7, 5, 18, 14, 7, 1, 19, 18, 19, 11, 19, 7, 1, 14, 19, 17, 3, 19, 6, 19, 11, 15, 6, 18, 6, 5, 7, 11, 17, 7, 12, 12, 14, 15, 15, 19, 3, 4, 19, 8, 6, 12, 16, 2, 2, 9, 12, 12, 19, 6, 17, 15, 15, 17, 2, 5, 17, 16, 20, 2, 7, 8, 8, 17, 7, 16, 8, 5, 6, 18, 3, 18, 8, 12, 11, 5, 4, 9, 2, 8, 5, 8, 5, 8, 5, 14, 2, 16, 2, 2, 20, 1, 9, 17, 8, 20, 15, 2, 5, 2, 15, 10, 8, 4, 5, 17, 17, 20, 15, 16, 15, 20, 16, 15, 4, 13, 4, 16, 16, 6, 12, 20, 12, 4, 11, 16, 20, 13, 16, 7, 11, 20, 11, 4, 4, 20, 11, 4, 20, 10, 10, 13, 13, 10, 11, 10, 11, 10, 4, 10, 13, 10, 13, 10, 13, 10, 13, 13, 13]
bestever    1905    in generation 1662
[9, 9, 3, 3, 1, 12, 14, 18, 9, 3, 1, 14, 6, 1, 1, 9, 7, 9, 1, 9, 14, 19, 14, 14, 14, 9, 12, 3, 3, 18, 18, 3, 6, 18, 6, 7, 18, 17, 1, 1, 3, 7, 5, 18, 14, 7, 1, 19, 18, 19, 11, 19, 7, 1, 14, 19, 17, 3, 19, 6, 19, 15, 6, 18, 6, 5, 7, 17, 7, 12, 12, 14, 15, 15, 19, 3, 19, 8, 6, 12, 16, 2, 2, 9, 12, 12, 19, 6, 17, 15, 15, 17, 2, 5, 17, 16, 20, 2, 7, 8, 8, 17, 7, 16, 8, 5, 6, 18, 3, 18, 8, 12, 5, 9, 2, 8, 5, 8, 5, 8, 5, 14, 2, 16, 2, 2, 20, 1, 9, 17, 8, 15, 2, 5, 2, 15, 10, 8, 5, 17, 17, 15, 16, 15, 13, 4, 11, 13, 11, 20, 11, 4, 20, 16, 15, 4, 4, 16, 16, 6, 12, 20, 12, 4, 11, 16, 20, 16, 7, 11, 20, 11, 4, 4, 20, 4, 20, 11, 4, 20, 10, 10, 13, 13, 10, 11, 10, 11, 10, 4, 10, 13, 10, 13, 10, 13, 10, 13, 13, 13]
bestever    1898    in generation 1856
[9, 9, 3, 3, 1, 12, 14, 18, 9, 3, 1, 14, 6, 1, 1, 9, 7, 9, 19, 1, 9, 14, 14, 14, 14, 9, 12, 3, 3, 18, 18, 3, 6, 18, 6, 2, 7, 7, 18, 17, 1, 1, 7, 7, 5, 18, 14, 15, 1, 19, 18, 19, 11, 19, 7, 1, 14, 19, 17, 3, 19, 6, 19, 7, 6, 18, 6, 5, 3, 17, 7, 12, 12, 14, 15, 15, 19, 3, 19, 8, 6, 12, 7, 2, 2, 9, 12, 12, 19, 6, 17, 15, 15, 17, 2, 5, 17, 4, 20, 8, 8, 17, 16, 16, 8, 5, 6, 18, 3, 18, 8, 12, 5, 9, 2, 8, 5, 11, 8, 5, 8, 5, 14, 2, 16, 2, 2, 20, 1, 9, 17, 8, 5, 2, 5, 2, 15, 10, 8, 15, 17, 17, 15, 16, 15, 13, 4, 13, 20, 4, 16, 15, 16, 16, 6, 12, 12, 4, 4, 20, 11, 4, 11, 16, 20, 11, 20, 16, 7, 11, 20, 11, 4, 13, 16, 20, 4, 20, 11, 4, 20, 10, 10, 13, 10, 11, 10, 11, 10, 4, 10, 10, 13, 13, 10, 13, 10, 13, 13, 13]
bestever    1881    in generation 1958
[9, 9, 3, 3, 1, 12, 14, 18, 9, 3, 1, 14, 6, 1, 1, 9, 7, 9, 19, 1, 9, 14, 14, 14, 14, 9, 12, 3, 3, 18, 18, 3, 6, 18, 6, 2, 7, 7, 18, 17, 1, 1, 7, 7, 5, 18, 14, 15, 1, 19, 18, 19, 11, 19, 7, 1, 14, 19, 17, 3, 19, 6, 19, 7, 6, 18, 6, 5, 3, 17, 7, 12, 12, 14, 15, 15, 19, 3, 19, 8, 6, 12, 7, 2, 2, 9, 12, 12, 19, 6, 17, 15, 15, 17, 2, 5, 17, 12, 20, 8, 8, 17, 16, 16, 8, 5, 6, 18, 3, 18, 8, 12, 5, 9, 2, 8, 5, 11, 8, 5, 8, 5, 14, 2, 16, 2, 2, 20, 1, 9, 17, 8, 5, 2, 5, 2, 15, 10, 8, 15, 17, 17, 15, 16, 15, 13, 4, 13, 20, 4, 16, 15, 16, 16, 6, 4, 12, 4, 4, 20, 11, 4, 11, 16, 20, 11, 20, 16, 7, 11, 20, 11, 4, 10, 16, 20, 4, 20, 11, 4, 20, 13, 10, 13, 10, 11, 10, 11, 10, 4, 10, 10, 13, 13, 10, 13, 10, 13, 13, 13]
bestever    1877    in generation 2004
[9, 9, 3, 3, 1, 12, 14, 18, 9, 3, 1, 14, 6, 1, 1, 9, 7, 9, 19, 1, 9, 14, 14, 14, 14, 9, 12, 3, 3, 18, 18, 3, 6, 18, 6, 2, 7, 7, 18, 17, 1, 1, 7, 7, 5, 18, 14, 15, 1, 19, 18, 19, 4, 19, 7, 1, 14, 19, 17, 3, 19, 6, 19, 7, 6, 18, 6, 5, 3, 17, 7, 12, 12, 14, 15, 15, 19, 3, 19, 8, 6, 12, 7, 2, 2, 9, 12, 12, 19, 6, 17, 15, 15, 17, 2, 5, 17, 12, 20, 8, 8, 17, 16, 16, 8, 5, 6, 18, 3, 18, 8, 12, 5, 9, 2, 8, 5, 11, 8, 5, 8, 5, 14, 2, 16, 2, 2, 20, 1, 9, 17, 8, 5, 2, 5, 2, 15, 10, 8, 15, 17, 17, 15, 16, 15, 13, 4, 20, 4, 16, 15, 16, 16, 6, 4, 12, 4, 4, 20, 11, 4, 11, 16, 20, 11, 20, 16, 7, 11, 20, 11, 4, 10, 16, 20, 4, 20, 11, 4, 20, 10, 10, 11, 10, 11, 10, 11, 10, 13, 13, 13, 10, 13, 13, 10, 13, 10, 13, 13, 13]
bestever    1863    in generation 2882
[9, 9, 3, 3, 1, 12, 3, 14, 3, 9, 18, 9, 3, 1, 1, 3, 6, 12, 19, 1, 9, 7, 3, 1, 14, 9, 14, 16, 3, 14, 14, 12, 18, 9, 12, 18, 1, 18, 1, 6, 17, 12, 14, 6, 9, 7, 7, 18, 3, 1, 14, 7, 7, 9, 18, 19, 15, 19, 7, 18, 10, 5, 2, 19, 16, 17, 19, 20, 6, 19, 16, 6, 18, 6, 19, 12, 17, 7, 6, 18, 14, 15, 19, 19, 14, 19, 13, 8, 12, 6, 7, 2, 5, 1, 9, 12, 15, 1, 17, 15, 15, 17, 2, 5, 17, 12, 17, 20, 4, 8, 16, 8, 5, 8, 3, 2, 8, 8, 12, 10, 5, 8, 7, 2, 5, 2, 8, 5, 18, 4, 5, 14, 2, 16, 2, 6, 4, 8, 5, 17, 8, 11, 2, 5, 2, 15, 10, 15, 17, 17, 10, 16, 15, 11, 16, 15, 15, 16, 6, 4, 4, 20, 13, 4, 11, 10, 13, 20, 11, 20, 11, 4, 20, 16, 7, 11, 13, 4, 20, 13, 11, 4, 20, 16, 20, 11, 4, 20, 10, 11, 10, 11, 10, 13, 13, 10, 13, 10, 13, 13]
bestever    1854    in generation 2963
[9, 9, 3, 3, 1, 12, 3, 14, 3, 9, 18, 9, 3, 1, 1, 3, 6, 12, 19, 1, 9, 7, 3, 1, 14, 9, 14, 16, 3, 14, 14, 12, 18, 9, 12, 18, 1, 18, 1, 6, 17, 12, 14, 6, 9, 7, 7, 18, 3, 1, 14, 7, 7, 9, 18, 19, 15, 19, 7, 18, 10, 5, 2, 19, 16, 17, 19, 20, 6, 19, 16, 6, 18, 6, 19, 12, 17, 7, 18, 16, 15, 19, 19, 14, 19, 8, 12, 6, 7, 2, 5, 1, 9, 12, 15, 1, 17, 15, 15, 17, 2, 5, 17, 12, 17, 20, 4, 8, 16, 8, 5, 8, 3, 2, 8, 8, 12, 10, 5, 8, 7, 2, 5, 5, 18, 4, 14, 2, 16, 2, 6, 8, 5, 2, 6, 4, 8, 5, 17, 8, 11, 2, 5, 2, 15, 10, 15, 17, 17, 10, 16, 15, 11, 14, 15, 15, 16, 6, 4, 4, 20, 11, 10, 13, 20, 13, 13, 11, 4, 20, 11, 4, 20, 16, 7, 11, 13, 4, 20, 13, 11, 4, 20, 16, 20, 11, 4, 20, 10, 11, 10, 11, 10, 13, 13, 10, 13, 10, 13, 13]
bestever    1851    in generation 3164
[9, 9, 3, 3, 1, 12, 3, 14, 3, 9, 18, 9, 3, 1, 1, 3, 6, 12, 19, 1, 9, 7, 3, 1, 14, 9, 14, 16, 3, 14, 14, 12, 18, 9, 12, 18, 1, 18, 1, 6, 17, 12, 14, 6, 15, 9, 7, 7, 18, 3, 1, 14, 7, 7, 9, 18, 19, 15, 19, 7, 18, 15, 5, 2, 19, 16, 17, 19, 20, 6, 19, 16, 6, 18, 6, 19, 12, 17, 7, 18, 15, 15, 19, 7, 19, 14, 19, 8, 12, 6, 7, 2, 5, 1, 9, 12, 16, 1, 17, 15, 8, 17, 2, 5, 17, 12, 17, 20, 4, 8, 16, 8, 5, 8, 3, 2, 8, 12, 10, 5, 8, 2, 5, 5, 18, 4, 14, 2, 16, 2, 6, 8, 5, 2, 6, 4, 8, 5, 17, 8, 11, 2, 5, 2, 10, 10, 15, 17, 17, 10, 16, 15, 20, 14, 4, 15, 16, 6, 4, 4, 11, 11, 10, 13, 20, 13, 13, 4, 20, 11, 15, 20, 16, 7, 11, 13, 13, 11, 4, 16, 20, 11, 4, 20, 20, 11, 4, 20, 10, 11, 10, 11, 10, 13, 13, 10, 13, 10, 13, 13]
bestever    1847    in generation 3236
[9, 9, 3, 3, 1, 12, 3, 14, 3, 9, 18, 9, 3, 1, 1, 3, 6, 12, 19, 1, 9, 7, 3, 1, 14, 9, 14, 16, 3, 14, 14, 12, 18, 9, 12, 18, 1, 18, 1, 6, 17, 12, 14, 6, 15, 9, 7, 7, 18, 3, 1, 14, 7, 7, 9, 18, 19, 15, 19, 7, 18, 15, 5, 2, 19, 16, 17, 19, 20, 6, 19, 16, 6, 18, 6, 19, 12, 17, 7, 18, 15, 15, 19, 7, 19, 14, 19, 8, 12, 6, 7, 2, 5, 1, 9, 12, 16, 1, 17, 15, 8, 15, 2, 5, 17, 12, 17, 20, 4, 8, 16, 8, 5, 8, 3, 2, 8, 12, 10, 5, 8, 2, 5, 5, 18, 4, 14, 2, 16, 2, 6, 8, 5, 2, 6, 4, 8, 5, 17, 8, 11, 2, 5, 2, 10, 10, 15, 17, 17, 10, 16, 17, 20, 14, 4, 15, 16, 6, 4, 4, 11, 11, 10, 13, 20, 13, 13, 4, 20, 11, 15, 20, 16, 7, 11, 11, 4, 16, 13, 13, 20, 11, 4, 20, 20, 11, 4, 20, 10, 11, 10, 11, 10, 13, 13, 10, 13, 10, 13, 13]
bestever    1841    in generation 3536
[9, 9, 3, 3, 1, 12, 3, 14, 3, 9, 18, 9, 1, 3, 1, 3, 6, 12, 19, 1, 9, 7, 3, 1, 14, 9, 14, 16, 3, 14, 14, 12, 18, 9, 12, 18, 1, 18, 1, 6, 17, 12, 14, 6, 1, 15, 9, 7, 7, 18, 3, 1, 14, 7, 7, 18, 9, 19, 15, 19, 7, 18, 15, 5, 2, 19, 16, 19, 16, 6, 18, 6, 19, 12, 17, 7, 18, 15, 15, 19, 7, 19, 14, 19, 8, 12, 12, 4, 7, 2, 5, 6, 9, 12, 16, 1, 17, 15, 8, 15, 2, 17, 16, 5, 17, 19, 4, 6, 12, 17, 20, 20, 8, 8, 5, 8, 3, 2, 8, 10, 5, 8, 2, 5, 4, 5, 18, 6, 14, 2, 16, 13, 2, 6, 8, 4, 5, 2, 8, 5, 17, 8, 11, 2, 5, 2, 10, 10, 15, 17, 7, 10, 16, 17, 20, 13, 14, 16, 4, 15, 16, 6, 4, 4, 11, 15, 20, 16, 17, 11, 11, 4, 13, 13, 10, 20, 11, 4, 20, 11, 20, 4, 20, 11, 20, 11, 13, 20, 10, 11, 10, 11, 10, 13, 13, 10, 13, 10, 13, 13]
bestever    1837    in generation 3707
[9, 3, 1, 14, 9, 9, 3, 3, 1, 12, 3, 14, 3, 9, 18, 9, 1, 3, 1, 3, 6, 12, 19, 1, 9, 7, 14, 16, 3, 14, 14, 12, 18, 18, 9, 12, 1, 18, 1, 6, 17, 12, 14, 6, 1, 15, 9, 7, 7, 18, 3, 1, 14, 7, 7, 18, 9, 19, 16, 10, 19, 7, 18, 15, 5, 2, 19, 16, 19, 16, 6, 18, 6, 19, 12, 17, 7, 18, 15, 15, 19, 7, 19, 14, 19, 12, 12, 12, 4, 7, 2, 5, 6, 9, 8, 15, 1, 17, 15, 8, 15, 2, 17, 16, 5, 17, 19, 4, 6, 12, 17, 20, 20, 8, 8, 5, 8, 3, 2, 8, 10, 5, 8, 2, 5, 4, 5, 18, 6, 14, 2, 16, 13, 2, 6, 8, 4, 5, 10, 2, 15, 8, 5, 17, 8, 11, 2, 5, 2, 10, 15, 17, 7, 10, 16, 17, 20, 13, 14, 16, 4, 16, 6, 4, 4, 11, 15, 20, 16, 17, 11, 11, 4, 13, 13, 10, 20, 11, 4, 20, 11, 20, 4, 20, 11, 20, 11, 20, 13, 10, 11, 10, 11, 10, 13, 13, 13, 10, 13, 13]
bestever    1836    in generation 3850
[9, 3, 1, 14, 9, 9, 3, 3, 1, 12, 3, 14, 3, 9, 18, 9, 1, 3, 1, 3, 6, 12, 19, 1, 9, 7, 14, 16, 3, 14, 14, 12, 18, 18, 9, 12, 1, 18, 1, 6, 17, 12, 14, 6, 1, 15, 9, 7, 7, 18, 9, 1, 14, 7, 7, 18, 3, 19, 16, 14, 19, 7, 18, 15, 5, 2, 19, 16, 19, 16, 6, 18, 6, 19, 12, 17, 7, 18, 15, 15, 19, 7, 19, 14, 19, 12, 12, 12, 4, 7, 2, 5, 6, 9, 8, 15, 1, 17, 15, 8, 15, 2, 17, 16, 5, 17, 19, 4, 6, 12, 17, 20, 20, 8, 8, 5, 8, 3, 8, 8, 10, 5, 2, 2, 5, 5, 18, 6, 14, 2, 16, 13, 2, 6, 8, 5, 10, 2, 15, 8, 5, 17, 8, 11, 2, 5, 2, 10, 15, 17, 7, 10, 16, 17, 20, 13, 10, 16, 4, 16, 4, 4, 6, 4, 4, 11, 15, 20, 16, 17, 11, 11, 4, 13, 13, 10, 20, 11, 4, 20, 11, 20, 4, 20, 11, 20, 11, 20, 13, 10, 11, 10, 11, 10, 13, 13, 13, 10, 13, 13]
bestever    1833    in generation 3878
[9, 3, 1, 14, 9, 9, 3, 3, 1, 12, 3, 14, 3, 9, 18, 9, 1, 3, 1, 3, 6, 12, 19, 1, 9, 7, 14, 16, 3, 14, 14, 12, 18, 18, 9, 12, 1, 18, 1, 6, 14, 12, 14, 6, 1, 15, 9, 7, 7, 18, 9, 1, 17, 7, 7, 18, 3, 19, 16, 14, 19, 7, 18, 15, 5, 2, 19, 16, 19, 16, 6, 18, 6, 19, 12, 17, 7, 18, 15, 15, 19, 7, 19, 14, 19, 12, 12, 12, 4, 7, 2, 5, 6, 9, 8, 15, 1, 17, 15, 8, 15, 2, 17, 16, 5, 17, 19, 4, 6, 12, 17, 20, 20, 8, 8, 5, 8, 3, 8, 8, 10, 5, 2, 2, 5, 5, 18, 6, 14, 2, 16, 13, 2, 6, 8, 5, 10, 2, 15, 8, 5, 17, 8, 11, 2, 5, 2, 10, 15, 17, 7, 10, 16, 17, 20, 13, 10, 16, 4, 16, 4, 4, 6, 4, 4, 11, 15, 20, 16, 17, 11, 11, 4, 13, 13, 10, 20, 11, 4, 20, 11, 20, 4, 20, 11, 20, 11, 20, 13, 10, 11, 10, 11, 10, 13, 13, 13, 10, 13, 13]
bestever    1821    in generation 3940
[9, 3, 1, 14, 9, 19, 3, 3, 1, 12, 3, 14, 3, 9, 18, 9, 1, 3, 1, 3, 6, 12, 19, 1, 9, 7, 14, 16, 3, 14, 14, 12, 18, 18, 9, 12, 1, 18, 1, 6, 14, 12, 14, 6, 1, 15, 9, 7, 7, 18, 9, 1, 17, 7, 7, 18, 3, 19, 16, 14, 19, 7, 18, 15, 5, 2, 9, 16, 19, 16, 6, 18, 6, 19, 12, 17, 7, 18, 15, 15, 19, 7, 19, 14, 19, 12, 12, 12, 4, 7, 2, 5, 6, 9, 8, 15, 1, 17, 15, 8, 15, 2, 17, 16, 5, 17, 19, 4, 6, 12, 17, 20, 20, 8, 8, 5, 8, 3, 8, 8, 10, 5, 2, 2, 5, 5, 18, 6, 14, 2, 16, 2, 6, 8, 5, 10, 2, 15, 8, 5, 17, 8, 11, 2, 13, 5, 2, 10, 15, 17, 7, 10, 16, 17, 20, 13, 10, 16, 4, 16, 4, 4, 6, 4, 4, 11, 15, 20, 16, 17, 11, 11, 4, 13, 13, 10, 20, 11, 4, 20, 11, 20, 4, 20, 11, 20, 11, 20, 13, 10, 11, 10, 11, 10, 13, 13, 13, 10, 13, 13]
bestever    1813    in generation 4272
[9, 3, 1, 14, 9, 3, 19, 3, 3, 1, 12, 3, 14, 9, 18, 9, 1, 3, 1, 3, 6, 12, 7, 1, 9, 19, 14, 16, 3, 14, 14, 12, 18, 18, 9, 12, 1, 18, 1, 6, 14, 12, 14, 6, 1, 15, 9, 16, 7, 7, 18, 9, 1, 7, 17, 7, 18, 3, 19, 14, 19, 7, 18, 15, 5, 2, 9, 16, 16, 19, 17, 6, 18, 15, 18, 6, 19, 12, 17, 7, 15, 19, 7, 19, 14, 19, 12, 12, 12, 4, 7, 2, 5, 6, 9, 17, 15, 1, 17, 15, 8, 15, 4, 8, 16, 5, 17, 19, 4, 6, 12, 13, 20, 20, 8, 8, 5, 8, 3, 8, 5, 8, 10, 5, 2, 10, 15, 5, 18, 6, 6, 8, 5, 10, 2, 15, 8, 5, 17, 8, 11, 2, 13, 5, 2, 16, 10, 2, 14, 2, 16, 2, 4, 17, 7, 10, 17, 20, 16, 10, 16, 2, 4, 6, 4, 4, 11, 15, 20, 16, 17, 11, 4, 11, 13, 10, 20, 11, 4, 20, 11, 20, 4, 20, 11, 20, 11, 20, 10, 11, 10, 11, 13, 13, 13, 13, 13, 10, 13, 13]
bestever    1807    in generation 4325
[9, 3, 1, 14, 9, 3, 19, 3, 3, 1, 12, 3, 14, 9, 18, 9, 1, 3, 1, 3, 6, 12, 7, 1, 9, 19, 14, 16, 3, 14, 14, 12, 18, 18, 9, 12, 1, 18, 1, 6, 14, 12, 14, 6, 1, 15, 9, 16, 7, 7, 18, 9, 1, 7, 17, 7, 18, 3, 19, 14, 19, 7, 18, 15, 5, 2, 9, 16, 16, 19, 17, 6, 18, 15, 18, 6, 19, 12, 17, 7, 15, 19, 7, 19, 14, 19, 12, 12, 12, 4, 7, 2, 5, 6, 9, 17, 15, 1, 17, 15, 8, 15, 4, 8, 16, 5, 17, 19, 4, 6, 12, 13, 20, 20, 8, 8, 5, 8, 3, 8, 5, 8, 10, 5, 2, 10, 15, 5, 6, 6, 8, 5, 10, 2, 15, 8, 5, 17, 8, 11, 2, 5, 2, 16, 10, 2, 14, 2, 16, 2, 4, 17, 7, 10, 17, 20, 16, 10, 16, 2, 4, 6, 4, 4, 11, 15, 20, 16, 17, 11, 4, 11, 20, 11, 4, 20, 11, 20, 4, 11, 13, 13, 20, 11, 20, 11, 20, 10, 11, 10, 18, 13, 13, 13, 13, 13, 10, 10, 13, 13]
bestever    1806    in generation 4388
[9, 3, 1, 14, 9, 3, 19, 3, 3, 1, 12, 3, 14, 9, 18, 9, 1, 3, 1, 3, 6, 12, 7, 1, 9, 19, 14, 16, 3, 14, 14, 12, 18, 18, 9, 12, 1, 18, 1, 6, 14, 12, 14, 6, 1, 15, 9, 7, 7, 18, 9, 1, 7, 17, 7, 18, 3, 19, 14, 19, 7, 18, 15, 5, 9, 16, 16, 19, 17, 6, 18, 15, 18, 6, 19, 12, 17, 7, 15, 19, 7, 19, 14, 19, 12, 12, 12, 4, 7, 5, 6, 9, 17, 15, 1, 17, 15, 8, 15, 4, 8, 16, 5, 17, 19, 4, 6, 12, 13, 20, 20, 8, 8, 5, 8, 3, 8, 5, 8, 10, 5, 10, 15, 5, 6, 6, 8, 5, 10, 2, 15, 8, 5, 17, 2, 2, 16, 2, 8, 11, 2, 5, 2, 16, 10, 2, 14, 2, 16, 2, 4, 17, 7, 10, 17, 20, 16, 10, 16, 2, 4, 6, 4, 4, 11, 15, 20, 16, 17, 11, 4, 11, 20, 11, 4, 20, 11, 20, 4, 11, 13, 13, 20, 11, 20, 11, 20, 10, 11, 10, 18, 13, 13, 13, 13, 13, 10, 10, 13, 13]
bestever    1801    in generation 4530
[9, 3, 1, 14, 9, 3, 19, 3, 3, 1, 12, 3, 14, 9, 18, 9, 1, 3, 1, 3, 6, 12, 7, 1, 9, 19, 4, 14, 16, 3, 14, 1, 14, 12, 18, 18, 9, 12, 1, 18, 1, 6, 14, 12, 14, 6, 1, 15, 9, 7, 7, 18, 9, 7, 17, 7, 18, 3, 19, 14, 19, 7, 18, 15, 5, 9, 16, 16, 19, 17, 6, 18, 15, 18, 6, 19, 12, 17, 7, 15, 19, 7, 19, 14, 19, 12, 12, 12, 4, 7, 5, 6, 9, 17, 15, 1, 17, 15, 8, 15, 4, 8, 16, 5, 17, 19, 4, 6, 12, 13, 20, 20, 8, 8, 5, 8, 3, 8, 5, 8, 10, 5, 10, 15, 5, 6, 6, 8, 5, 10, 2, 15, 14, 8, 5, 17, 2, 2, 16, 2, 8, 11, 2, 5, 2, 16, 10, 2, 2, 16, 2, 17, 7, 10, 17, 20, 16, 4, 16, 2, 4, 6, 4, 4, 11, 15, 20, 16, 17, 11, 4, 11, 20, 11, 4, 20, 11, 20, 10, 11, 13, 13, 20, 11, 20, 11, 20, 10, 13, 10, 18, 11, 13, 13, 13, 13, 10, 10, 13, 13]
bestever    1800    in generation 4564
[9, 3, 1, 14, 9, 3, 19, 3, 3, 1, 12, 3, 14, 9, 18, 9, 1, 3, 1, 3, 6, 12, 7, 1, 9, 19, 4, 14, 16, 3, 14, 1, 14, 12, 18, 18, 9, 12, 1, 18, 1, 6, 14, 12, 14, 6, 1, 15, 9, 7, 7, 18, 9, 7, 17, 7, 18, 3, 19, 14, 19, 7, 18, 15, 5, 9, 16, 16, 19, 17, 6, 18, 15, 18, 6, 19, 12, 17, 7, 15, 19, 7, 19, 14, 19, 12, 12, 12, 4, 7, 5, 6, 9, 17, 15, 1, 17, 15, 8, 15, 4, 8, 16, 5, 17, 19, 4, 6, 12, 20, 20, 8, 8, 5, 8, 3, 8, 5, 8, 10, 5, 10, 15, 5, 6, 6, 8, 5, 10, 2, 15, 14, 8, 5, 17, 2, 2, 16, 2, 8, 11, 2, 5, 2, 16, 10, 2, 2, 16, 2, 17, 7, 17, 20, 16, 4, 16, 2, 4, 6, 4, 4, 11, 15, 20, 16, 17, 11, 4, 11, 20, 11, 4, 20, 11, 20, 11, 10, 10, 13, 13, 13, 20, 11, 20, 11, 20, 10, 13, 10, 18, 11, 13, 13, 13, 13, 10, 10, 13, 13]
bestever    1793    in generation 4831
[9, 3, 1, 14, 9, 3, 19, 3, 3, 1, 12, 3, 14, 9, 18, 9, 1, 3, 1, 14, 3, 6, 12, 7, 1, 9, 19, 4, 12, 16, 3, 14, 1, 14, 12, 18, 18, 9, 12, 1, 18, 1, 6, 14, 12, 14, 6, 1, 15, 9, 7, 7, 18, 9, 7, 17, 7, 18, 3, 19, 14, 19, 7, 18, 15, 5, 9, 16, 16, 19, 4, 17, 6, 18, 15, 18, 6, 19, 12, 17, 7, 15, 19, 7, 19, 8, 19, 12, 12, 14, 7, 5, 6, 9, 17, 15, 1, 17, 15, 8, 15, 4, 16, 5, 17, 19, 4, 6, 12, 20, 20, 8, 8, 5, 8, 3, 8, 5, 8, 10, 5, 10, 15, 5, 6, 6, 8, 5, 10, 2, 15, 14, 8, 5, 17, 2, 2, 16, 2, 8, 11, 2, 5, 2, 16, 10, 2, 2, 16, 2, 17, 7, 17, 20, 16, 4, 16, 2, 4, 6, 4, 4, 11, 15, 20, 16, 20, 17, 11, 4, 11, 20, 11, 4, 20, 11, 20, 11, 10, 10, 13, 13, 13, 20, 11, 20, 11, 10, 13, 10, 18, 11, 13, 13, 13, 13, 10, 10, 13, 13]
bestever    1791    in generation 4915
[9, 3, 1, 14, 9, 3, 19, 3, 3, 1, 12, 3, 14, 9, 18, 9, 1, 3, 1, 14, 3, 6, 12, 7, 1, 9, 19, 12, 16, 3, 14, 1, 14, 12, 18, 18, 9, 12, 1, 18, 1, 6, 14, 12, 14, 6, 1, 15, 9, 7, 7, 18, 9, 7, 17, 7, 18, 3, 19, 14, 19, 7, 18, 15, 5, 9, 16, 16, 19, 17, 6, 18, 15, 18, 6, 19, 12, 17, 7, 15, 19, 7, 19, 8, 19, 12, 12, 14, 7, 5, 6, 9, 17, 15, 1, 17, 15, 8, 15, 4, 16, 5, 17, 19, 4, 6, 12, 20, 20, 8, 8, 5, 8, 3, 8, 5, 8, 10, 5, 10, 15, 5, 6, 8, 5, 10, 2, 15, 14, 8, 5, 17, 2, 2, 16, 2, 8, 11, 2, 5, 2, 16, 10, 2, 2, 16, 2, 17, 7, 6, 4, 4, 17, 20, 16, 4, 16, 2, 4, 6, 4, 4, 11, 15, 20, 16, 20, 17, 11, 4, 11, 20, 11, 4, 20, 11, 20, 11, 10, 10, 13, 13, 13, 20, 11, 20, 11, 10, 13, 10, 18, 11, 13, 13, 13, 13, 10, 10, 13, 13]
bestever    1787    in generation 4934
[9, 3, 1, 14, 9, 3, 19, 3, 3, 1, 12, 3, 14, 9, 18, 9, 1, 3, 1, 14, 3, 6, 12, 7, 1, 9, 19, 12, 16, 3, 14, 1, 14, 12, 18, 18, 9, 12, 1, 18, 1, 6, 14, 12, 14, 6, 1, 15, 9, 7, 7, 18, 9, 7, 17, 7, 18, 3, 19, 14, 19, 7, 18, 15, 5, 9, 16, 16, 19, 17, 6, 18, 15, 18, 6, 19, 12, 17, 7, 15, 19, 7, 19, 8, 19, 12, 12, 14, 7, 5, 6, 9, 17, 15, 1, 17, 15, 8, 15, 4, 16, 5, 17, 19, 4, 6, 12, 20, 20, 8, 8, 5, 8, 3, 8, 5, 8, 10, 17, 10, 15, 5, 6, 8, 5, 10, 2, 15, 14, 8, 5, 17, 2, 2, 16, 2, 8, 11, 2, 5, 2, 16, 10, 2, 2, 16, 2, 17, 7, 6, 4, 4, 5, 20, 16, 4, 16, 2, 4, 6, 4, 4, 11, 15, 20, 16, 20, 17, 11, 4, 11, 20, 11, 4, 20, 11, 20, 11, 10, 10, 13, 13, 13, 20, 11, 20, 11, 10, 13, 10, 18, 11, 13, 13, 13, 13, 10, 10, 13, 13]
bestever    1784    in generation 5169
[9, 3, 1, 14, 9, 3, 19, 3, 3, 1, 12, 3, 14, 9, 18, 9, 1, 3, 1, 14, 3, 6, 12, 1, 7, 14, 1, 9, 19, 12, 16, 3, 14, 1, 14, 12, 18, 18, 9, 12, 1, 18, 1, 6, 14, 12, 14, 6, 2, 15, 9, 7, 7, 18, 9, 7, 17, 7, 18, 3, 19, 18, 15, 19, 9, 18, 15, 5, 9, 16, 16, 19, 17, 6, 14, 18, 4, 19, 12, 17, 7, 15, 19, 7, 19, 8, 19, 12, 12, 7, 5, 6, 7, 17, 15, 1, 17, 15, 8, 15, 4, 16, 5, 17, 19, 6, 6, 12, 20, 20, 8, 10, 5, 8, 3, 8, 5, 8, 8, 17, 10, 5, 15, 5, 6, 8, 5, 10, 15, 14, 8, 17, 2, 2, 16, 2, 8, 11, 2, 5, 2, 16, 4, 10, 2, 2, 16, 2, 17, 7, 6, 4, 5, 20, 16, 4, 16, 2, 4, 6, 4, 4, 11, 15, 20, 16, 20, 17, 11, 4, 11, 20, 11, 4, 20, 11, 20, 11, 10, 10, 13, 13, 13, 20, 11, 20, 11, 10, 13, 10, 18, 11, 13, 13, 13, 13, 10, 10, 13, 13]
bestever    1781    in generation 5336
[9, 3, 1, 14, 9, 3, 19, 3, 3, 1, 12, 3, 14, 9, 18, 9, 1, 3, 1, 14, 3, 6, 12, 1, 7, 14, 1, 9, 19, 12, 16, 3, 14, 1, 14, 12, 18, 18, 9, 12, 1, 18, 1, 6, 14, 12, 14, 6, 2, 15, 9, 7, 7, 18, 9, 7, 17, 7, 18, 3, 19, 18, 15, 19, 9, 18, 15, 5, 9, 16, 16, 19, 4, 17, 6, 14, 18, 4, 19, 12, 17, 7, 15, 19, 7, 19, 8, 19, 12, 12, 7, 5, 6, 5, 7, 17, 15, 1, 17, 15, 8, 15, 4, 16, 5, 17, 19, 6, 6, 12, 20, 20, 8, 10, 8, 3, 8, 5, 8, 8, 17, 10, 5, 15, 5, 6, 8, 5, 10, 15, 14, 8, 17, 2, 2, 16, 2, 13, 8, 11, 2, 5, 2, 16, 4, 10, 2, 2, 16, 2, 17, 7, 6, 4, 5, 20, 16, 4, 16, 2, 4, 6, 4, 4, 11, 15, 20, 16, 20, 17, 11, 11, 20, 11, 4, 20, 11, 20, 11, 10, 10, 11, 13, 20, 11, 20, 11, 10, 13, 10, 18, 13, 13, 13, 13, 13, 10, 10, 13, 13]
bestever    1776    in generation 5445
[9, 3, 1, 14, 9, 3, 19, 3, 3, 1, 12, 3, 14, 9, 18, 9, 1, 3, 1, 14, 3, 6, 12, 1, 7, 14, 1, 9, 19, 12, 16, 3, 14, 1, 14, 12, 18, 18, 9, 12, 1, 18, 1, 6, 16, 12, 14, 6, 2, 15, 9, 7, 7, 18, 2, 9, 7, 17, 7, 18, 3, 19, 18, 15, 19, 9, 18, 15, 5, 9, 14, 16, 19, 4, 17, 6, 14, 18, 4, 19, 12, 17, 7, 15, 19, 7, 19, 8, 19, 12, 12, 7, 5, 5, 7, 17, 15, 1, 17, 15, 8, 15, 4, 16, 5, 17, 2, 6, 6, 12, 20, 20, 10, 8, 3, 8, 6, 8, 5, 8, 8, 17, 10, 5, 15, 5, 6, 8, 5, 10, 15, 14, 8, 17, 2, 2, 16, 19, 13, 8, 5, 2, 16, 4, 2, 2, 16, 2, 17, 7, 6, 4, 5, 16, 4, 16, 2, 4, 6, 10, 20, 11, 4, 4, 11, 15, 20, 16, 20, 20, 17, 11, 11, 11, 4, 20, 11, 20, 11, 10, 10, 11, 13, 20, 11, 20, 11, 10, 13, 10, 18, 13, 13, 13, 13, 13, 10, 10, 13, 13]
bestever    1773    in generation 5604
[9, 3, 1, 14, 9, 3, 3, 19, 3, 3, 1, 12, 3, 14, 9, 18, 9, 1, 3, 1, 14, 9, 6, 12, 1, 7, 14, 1, 9, 19, 12, 16, 3, 14, 1, 14, 12, 18, 18, 9, 12, 18, 1, 6, 16, 12, 14, 14, 6, 2, 3, 15, 9, 7, 7, 18, 2, 7, 17, 7, 18, 19, 18, 15, 19, 9, 18, 15, 1, 5, 9, 14, 16, 19, 4, 17, 6, 14, 18, 4, 19, 12, 17, 7, 15, 19, 7, 19, 8, 19, 12, 12, 7, 5, 5, 7, 17, 15, 1, 17, 15, 8, 15, 4, 16, 5, 17, 2, 6, 6, 12, 20, 20, 10, 8, 3, 8, 6, 8, 5, 8, 8, 17, 10, 5, 15, 5, 6, 8, 5, 10, 15, 8, 17, 2, 2, 16, 19, 13, 8, 5, 2, 4, 2, 2, 16, 2, 17, 7, 6, 4, 16, 5, 16, 4, 16, 2, 4, 6, 10, 20, 4, 4, 11, 15, 16, 20, 20, 17, 11, 11, 11, 20, 11, 4, 20, 11, 20, 11, 10, 10, 11, 13, 20, 11, 20, 11, 10, 13, 10, 18, 13, 13, 13, 13, 13, 10, 10, 13, 13]
bestever    1771    in generation 5966
[9, 3, 1, 14, 9, 3, 19, 3, 3, 3, 1, 12, 3, 9, 9, 18, 14, 1, 3, 1, 14, 9, 6, 12, 1, 7, 14, 1, 9, 14, 19, 12, 16, 9, 3, 14, 1, 12, 18, 18, 9, 12, 18, 1, 6, 16, 12, 14, 14, 6, 2, 3, 15, 7, 7, 4, 18, 2, 7, 17, 7, 18, 19, 7, 18, 15, 19, 9, 18, 15, 1, 5, 9, 6, 14, 16, 19, 17, 6, 14, 18, 4, 19, 12, 17, 7, 15, 19, 7, 19, 8, 19, 12, 12, 20, 5, 5, 7, 17, 15, 1, 17, 15, 8, 15, 16, 4, 5, 17, 2, 6, 12, 20, 7, 10, 8, 3, 8, 6, 8, 5, 8, 8, 17, 10, 5, 15, 5, 6, 8, 5, 10, 15, 8, 17, 2, 2, 16, 19, 13, 8, 5, 2, 4, 2, 2, 16, 2, 17, 6, 4, 16, 5, 16, 4, 16, 2, 4, 6, 10, 20, 4, 4, 11, 15, 16, 20, 20, 20, 13, 17, 11, 11, 11, 20, 11, 4, 20, 11, 20, 11, 10, 10, 18, 11, 13, 20, 11, 11, 10, 13, 10, 13, 13, 13, 13, 10, 10, 13, 13]
bestever    1770    in generation 6016
[9, 3, 1, 14, 9, 3, 19, 3, 3, 3, 1, 12, 3, 9, 9, 18, 14, 1, 3, 1, 14, 9, 6, 12, 1, 7, 14, 1, 9, 14, 19, 12, 16, 9, 3, 14, 1, 12, 18, 18, 9, 12, 18, 1, 6, 16, 12, 14, 14, 6, 2, 3, 15, 7, 7, 4, 18, 2, 7, 17, 7, 18, 19, 7, 18, 15, 19, 9, 18, 15, 1, 5, 9, 6, 14, 16, 19, 17, 6, 14, 18, 4, 19, 12, 17, 7, 15, 19, 7, 19, 8, 19, 12, 12, 20, 5, 5, 7, 17, 15, 1, 17, 15, 8, 15, 16, 4, 5, 17, 2, 6, 12, 20, 7, 8, 3, 8, 6, 8, 5, 8, 8, 17, 5, 15, 5, 6, 8, 5, 10, 15, 8, 17, 2, 2, 16, 19, 13, 8, 5, 2, 4, 2, 2, 16, 2, 17, 6, 4, 16, 5, 16, 4, 16, 2, 4, 6, 10, 20, 4, 4, 11, 15, 16, 20, 20, 20, 13, 17, 11, 11, 20, 11, 4, 20, 11, 20, 11, 10, 10, 11, 10, 10, 18, 11, 13, 20, 11, 11, 10, 13, 10, 13, 13, 13, 13, 10, 10, 13, 13]
bestever    1760    in generation 6126
[9, 3, 1, 14, 9, 3, 19, 3, 3, 3, 1, 12, 3, 9, 9, 18, 14, 1, 14, 3, 1, 14, 9, 6, 12, 1, 7, 14, 1, 9, 14, 19, 12, 16, 9, 3, 14, 1, 12, 18, 18, 9, 12, 18, 1, 6, 16, 12, 14, 14, 6, 2, 3, 15, 7, 7, 4, 18, 2, 7, 17, 7, 18, 19, 7, 18, 15, 19, 9, 18, 15, 1, 5, 9, 6, 16, 19, 17, 6, 14, 18, 4, 19, 12, 17, 7, 15, 19, 7, 19, 8, 19, 12, 12, 20, 5, 5, 7, 17, 15, 1, 17, 15, 8, 15, 16, 4, 5, 17, 2, 6, 12, 20, 7, 8, 3, 8, 6, 4, 8, 5, 8, 8, 17, 5, 15, 5, 11, 6, 8, 5, 10, 15, 8, 17, 2, 2, 16, 19, 13, 8, 5, 2, 2, 16, 16, 2, 17, 6, 4, 16, 5, 4, 2, 4, 16, 2, 6, 10, 20, 4, 4, 11, 15, 16, 20, 20, 20, 13, 17, 11, 11, 20, 11, 4, 20, 20, 11, 10, 10, 11, 10, 10, 18, 11, 13, 20, 11, 11, 10, 13, 10, 13, 13, 13, 13, 10, 10, 13, 13]
bestever    1755    in generation 6676
[9, 3, 1, 14, 9, 3, 19, 3, 3, 9, 1, 12, 1, 3, 9, 18, 14, 3, 9, 14, 3, 1, 12, 14, 9, 6, 12, 1, 7, 14, 1, 14, 12, 19, 16, 9, 3, 14, 1, 18, 18, 9, 12, 12, 1, 18, 6, 2, 12, 14, 14, 6, 16, 3, 15, 7, 7, 4, 18, 2, 7, 17, 7, 18, 19, 7, 15, 18, 19, 9, 18, 15, 1, 12, 5, 9, 6, 16, 19, 17, 6, 14, 18, 4, 16, 19, 12, 17, 7, 15, 19, 7, 12, 8, 19, 11, 2, 20, 5, 7, 5, 7, 10, 17, 15, 1, 17, 15, 8, 15, 4, 5, 17, 11, 18, 6, 19, 20, 8, 3, 8, 20, 6, 15, 8, 5, 8, 8, 17, 5, 15, 5, 6, 11, 8, 2, 5, 10, 4, 8, 17, 2, 16, 19, 8, 5, 2, 2, 16, 16, 2, 17, 6, 4, 16, 5, 4, 2, 4, 16, 2, 6, 20, 11, 20, 4, 15, 13, 11, 4, 16, 10, 20, 20, 13, 17, 11, 11, 4, 20, 20, 10, 10, 11, 10, 11, 13, 20, 11, 10, 13, 10, 13, 13, 13, 13, 10, 10, 13, 13]
bestever    1754    in generation 7147
[9, 3, 1, 14, 9, 3, 19, 3, 3, 9, 1, 12, 1, 3, 9, 18, 14, 3, 9, 14, 3, 1, 12, 14, 9, 6, 12, 1, 12, 14, 1, 14, 7, 19, 16, 9, 3, 14, 14, 1, 18, 18, 9, 12, 12, 1, 18, 6, 2, 12, 14, 6, 15, 3, 16, 7, 7, 2, 4, 18, 2, 7, 17, 7, 18, 19, 7, 15, 18, 19, 9, 18, 15, 1, 12, 5, 9, 6, 16, 19, 6, 17, 14, 12, 18, 4, 16, 19, 12, 17, 7, 15, 19, 19, 8, 4, 7, 11, 2, 6, 20, 5, 7, 5, 7, 18, 10, 17, 15, 1, 17, 8, 8, 15, 5, 17, 11, 6, 19, 20, 15, 3, 8, 20, 15, 8, 5, 8, 8, 17, 5, 15, 5, 6, 8, 5, 10, 8, 17, 2, 16, 19, 8, 5, 2, 2, 16, 16, 2, 17, 6, 5, 4, 4, 16, 4, 2, 4, 16, 2, 6, 4, 15, 11, 16, 10, 20, 11, 11, 4, 10, 20, 10, 20, 20, 17, 11, 11, 4, 20, 20, 13, 10, 11, 13, 11, 13, 20, 11, 10, 13, 10, 13, 13, 13, 13, 10, 10, 13, 13]
bestever    1751    in generation 7430
[9, 3, 1, 14, 9, 3, 19, 9, 3, 3, 3, 12, 1, 3, 9, 18, 1, 1, 9, 14, 9, 14, 12, 14, 9, 6, 12, 1, 12, 14, 1, 14, 7, 19, 16, 9, 3, 14, 14, 1, 18, 2, 18, 12, 12, 12, 1, 18, 6, 3, 14, 13, 19, 7, 15, 3, 16, 7, 7, 2, 4, 18, 2, 17, 7, 18, 19, 7, 15, 18, 6, 12, 9, 18, 15, 1, 12, 5, 9, 19, 6, 16, 6, 17, 14, 12, 4, 18, 4, 16, 19, 17, 7, 15, 19, 19, 8, 7, 11, 2, 6, 20, 5, 3, 5, 7, 18, 10, 17, 15, 1, 17, 8, 8, 15, 5, 17, 11, 6, 19, 20, 15, 7, 8, 20, 15, 8, 5, 8, 8, 5, 17, 15, 5, 6, 8, 5, 10, 8, 17, 2, 16, 19, 8, 5, 2, 2, 16, 16, 2, 17, 6, 5, 4, 4, 16, 4, 2, 4, 16, 2, 6, 4, 15, 11, 16, 10, 20, 20, 11, 4, 10, 20, 20, 20, 17, 11, 11, 4, 20, 11, 11, 11, 10, 10, 13, 20, 11, 10, 10, 13, 13, 13, 13, 13, 13, 10, 10, 13, 13]
bestever    1747    in generation 9216
[9, 3, 1, 9, 3, 19, 9, 14, 1, 9, 3, 3, 3, 14, 12, 3, 1, 9, 18, 1, 1, 9, 14, 1, 14, 3, 14, 9, 6, 12, 1, 12, 14, 12, 14, 18, 7, 19, 9, 12, 16, 14, 18, 18, 2, 14, 14, 18, 12, 9, 12, 18, 3, 19, 6, 7, 15, 3, 16, 7, 7, 2, 12, 19, 17, 18, 6, 2, 13, 7, 19, 18, 7, 18, 15, 7, 5, 12, 19, 15, 3, 7, 6, 16, 2, 19, 15, 17, 15, 4, 16, 7, 5, 15, 16, 19, 8, 11, 8, 6, 20, 17, 5, 18, 10, 17, 8, 19, 15, 5, 8, 6, 8, 11, 8, 20, 11, 15, 17, 1, 4, 6, 6, 8, 12, 7, 9, 1, 20, 4, 15, 5, 8, 17, 1, 5, 15, 17, 16, 2, 5, 5, 20, 10, 2, 5, 2, 4, 8, 17, 19, 8, 17, 2, 6, 2, 11, 16, 20, 16, 4, 17, 6, 16, 11, 4, 5, 4, 4, 4, 2, 20, 20, 20, 16, 11, 4, 20, 11, 20, 10, 10, 13, 13, 10, 10, 11, 11, 11, 10, 10, 13, 13, 13, 13, 13, 10, 10, 13, 13]
bestever    1746    in generation 9256
[9, 3, 1, 9, 3, 19, 9, 14, 1, 9, 3, 3, 3, 14, 12, 3, 1, 9, 18, 1, 1, 9, 14, 1, 14, 3, 14, 9, 6, 12, 1, 12, 14, 12, 14, 18, 7, 19, 9, 12, 16, 14, 18, 18, 2, 14, 14, 18, 12, 9, 12, 18, 3, 19, 6, 7, 15, 3, 16, 7, 7, 2, 12, 19, 17, 18, 6, 2, 7, 19, 18, 7, 18, 15, 7, 5, 12, 19, 15, 3, 7, 6, 16, 2, 19, 15, 17, 15, 4, 16, 7, 5, 15, 16, 19, 8, 11, 8, 6, 20, 17, 5, 18, 10, 17, 8, 19, 15, 5, 8, 6, 8, 11, 8, 20, 11, 15, 17, 1, 4, 6, 6, 8, 12, 7, 9, 1, 20, 4, 15, 5, 8, 17, 1, 5, 15, 17, 16, 2, 5, 5, 20, 10, 2, 5, 2, 4, 8, 17, 19, 8, 17, 2, 6, 2, 11, 16, 20, 13, 16, 4, 17, 6, 16, 11, 4, 5, 4, 4, 4, 2, 20, 20, 20, 16, 11, 4, 20, 11, 20, 10, 10, 13, 13, 10, 10, 11, 11, 11, 10, 10, 13, 13, 13, 13, 13, 10, 10, 13, 13]
bestever    1745    in generation 9439
[9, 9, 3, 1, 9, 3, 19, 9, 14, 1, 9, 3, 3, 3, 14, 12, 3, 1, 9, 18, 1, 1, 9, 14, 1, 14, 3, 14, 9, 6, 12, 1, 12, 14, 12, 14, 18, 7, 19, 12, 16, 14, 18, 18, 2, 14, 14, 18, 12, 9, 12, 18, 3, 19, 6, 7, 15, 3, 16, 7, 7, 2, 12, 19, 17, 1, 18, 6, 2, 7, 19, 18, 7, 18, 15, 7, 5, 12, 19, 15, 3, 7, 6, 16, 2, 19, 15, 17, 15, 4, 19, 16, 7, 5, 15, 16, 8, 11, 8, 6, 20, 17, 5, 18, 10, 17, 8, 19, 15, 11, 5, 8, 6, 8, 8, 20, 11, 15, 17, 1, 4, 6, 6, 8, 12, 20, 9, 20, 4, 15, 5, 8, 17, 1, 5, 15, 17, 16, 2, 5, 5, 10, 2, 5, 2, 4, 8, 17, 19, 8, 17, 2, 6, 2, 11, 16, 13, 16, 4, 17, 6, 16, 11, 5, 4, 7, 20, 4, 4, 4, 2, 13, 20, 20, 20, 16, 11, 4, 20, 11, 20, 10, 10, 13, 13, 10, 11, 11, 11, 10, 10, 10, 13, 13, 13, 13, 10, 10, 13, 13]
bestever    1744    in generation 9458
[9, 9, 3, 1, 9, 3, 19, 9, 14, 1, 9, 3, 3, 3, 14, 12, 3, 1, 9, 18, 1, 1, 9, 14, 1, 14, 3, 14, 9, 6, 12, 1, 12, 14, 12, 14, 18, 7, 19, 12, 16, 14, 18, 18, 2, 14, 14, 18, 12, 9, 12, 18, 3, 19, 6, 7, 15, 3, 16, 7, 7, 2, 12, 19, 17, 1, 18, 6, 2, 7, 19, 18, 7, 18, 15, 7, 5, 12, 19, 15, 3, 7, 6, 16, 2, 19, 15, 17, 15, 4, 19, 16, 7, 5, 15, 16, 8, 11, 8, 6, 20, 17, 5, 18, 10, 17, 8, 19, 15, 5, 8, 6, 8, 8, 20, 11, 15, 17, 1, 4, 6, 6, 8, 12, 20, 9, 4, 15, 5, 8, 17, 1, 5, 15, 17, 16, 2, 5, 5, 10, 2, 5, 2, 4, 8, 17, 19, 8, 17, 2, 6, 2, 11, 16, 13, 16, 4, 17, 6, 16, 11, 5, 4, 7, 4, 4, 4, 2, 13, 20, 20, 11, 20, 20, 20, 16, 11, 4, 20, 11, 20, 10, 10, 13, 13, 10, 11, 11, 11, 10, 10, 10, 13, 13, 13, 13, 10, 10, 13, 13]
