bestever    8738    in generation 0
[13, 2, 14, 12, 6, 10, 8, 7, 9, 3, 1, 5, 4, 11, 13, 2, 14, 12, 6, 10, 8, 7, 9, 3, 1, 5, 4, 11, 13, 2, 14, 12, 6, 10, 8, 7, 9, 3, 1, 5, 4, 11, 13, 2, 14, 12, 6, 10, 8, 7, 9, 3, 1, 5, 4, 11]
bestever    8666    in generation 102
[13, 2, 14, 12, 6, 10, 8, 7, 9, 1, 3, 5, 4, 11, 13, 2, 14, 12, 6, 10, 8, 7, 9, 1, 3, 5, 4, 11, 13, 2, 14, 12, 6, 10, 8, 7, 9, 1, 3, 5, 4, 11, 13, 2, 14, 12, 6, 10, 8, 7, 9, 1, 3, 5, 4, 11]
bestever    8640    in generation 204
[13, 2, 14, 12, 6, 10, 8, 7, 9, 11, 1, 3, 5, 4, 13, 2, 14, 12, 6, 10, 8, 7, 9, 11, 1, 3, 5, 4, 13, 2, 14, 12, 6, 10, 8, 7, 9, 11, 1, 3, 5, 4, 13, 2, 14, 12, 6, 10, 8, 7, 9, 11, 1, 3, 5, 4]
bestever    8586    in generation 307
[13, 12, 14, 6, 10, 8, 7, 9, 11, 1, 3, 5, 2, 4, 13, 14, 12, 6, 10, 8, 7, 9, 11, 1, 3, 5, 2, 4, 13, 14, 12, 6, 10, 8, 7, 9, 11, 1, 3, 5, 2, 4, 13, 14, 12, 6, 10, 8, 7, 9, 11, 1, 3, 5, 2, 4]
bestever    8423    in generation 414
[13, 12, 14, 6, 10, 8, 7, 9, 11, 1, 3, 5, 4, 2, 13, 14, 12, 6, 10, 8, 7, 9, 11, 1, 3, 5, 4, 2, 13, 14, 12, 6, 10, 8, 7, 9, 11, 1, 3, 5, 4, 2, 13, 14, 12, 6, 10, 8, 7, 9, 11, 1, 3, 5, 4, 2]
bestever    8129    in generation 771
[4, 13, 14, 12, 6, 10, 7, 9, 1, 2, 3, 11, 8, 5, 4, 13, 14, 6, 12, 10, 7, 9, 1, 2, 3, 11, 8, 5, 4, 13, 14, 6, 12, 10, 7, 9, 1, 2, 3, 11, 8, 5, 4, 13, 14, 12, 6, 10, 7, 9, 1, 2, 11, 3, 8, 5]
bestever    8069    in generation 925
[4, 14, 13, 6, 12, 10, 7, 9, 3, 8, 1, 11, 5, 2, 4, 14, 13, 6, 12, 10, 9, 3, 7, 1, 8, 11, 5, 2, 4, 14, 13, 12, 6, 10, 9, 3, 7, 1, 8, 11, 5, 2, 4, 14, 13, 12, 6, 10, 9, 3, 7, 1, 8, 11, 5, 2]
bestever    8020    in generation 929
[4, 13, 14, 6, 12, 10, 7, 9, 3, 4, 1, 8, 11, 5, 2, 14, 13, 6, 12, 10, 9, 3, 7, 1, 8, 11, 5, 2, 4, 14, 13, 12, 6, 10, 9, 3, 7, 1, 8, 11, 5, 2, 4, 14, 13, 12, 6, 10, 9, 3, 7, 1, 8, 11, 5, 2]
bestever    8008    in generation 954
[4, 14, 4, 14, 13, 12, 6, 10, 9, 3, 7, 1, 8, 11, 5, 2, 4, 14, 13, 12, 6, 10, 9, 3, 7, 1, 8, 11, 5, 2, 13, 12, 6, 10, 9, 3, 7, 1, 8, 11, 5, 2, 4, 14, 13, 12, 6, 10, 9, 3, 7, 1, 8, 11, 5, 2]
bestever    8003    in generation 1059
[4, 14, 12, 6, 10, 9, 13, 3, 7, 1, 8, 11, 5, 2, 4, 14, 12, 6, 10, 9, 13, 3, 7, 1, 8, 11, 5, 2, 4, 14, 12, 6, 10, 9, 13, 3, 7, 1, 8, 11, 5, 2, 4, 14, 12, 6, 10, 9, 13, 3, 7, 1, 8, 11, 5, 2]
