bestever    3193    in generation 0
[9, 12, 11, 15, 1, 20, 12, 3, 16, 2, 20, 15, 17, 14, 1, 17, 12, 20, 4, 8, 16, 19, 17, 20, 11, 4, 7, 13, 18, 17, 15, 12, 2, 3, 6, 19, 5, 13, 20, 15, 19, 4, 12, 14, 18, 3, 14, 13, 8, 12, 4, 18, 18, 19, 10, 18, 4, 20, 1, 4, 13, 3, 7, 20, 11, 9, 4, 7, 19, 19, 6, 9, 5, 7, 9, 3, 1, 17, 14, 1, 15, 16, 17, 5, 2, 18, 8, 11, 18, 16, 1, 1, 6, 14, 15, 13, 1, 20, 2, 14, 10, 16, 17, 14, 12, 6, 10, 1, 16, 9, 18, 8, 13, 17, 9, 5, 11, 17, 7, 6, 10, 18, 3, 16, 6, 5, 20, 16, 18, 13, 13, 19, 2, 9, 11, 10, 13, 20, 3, 13, 14, 10, 8, 11, 12, 16, 8, 6, 1, 4, 17, 8, 3, 7, 10, 5, 14, 7, 3, 19, 14, 4, 15, 16, 11, 2, 2, 5, 19, 3, 7, 4, 8, 7, 2, 6, 6, 19, 9, 10, 5, 8, 10, 9, 15, 9, 2, 15, 5, 11, 8, 12, 2, 11, 6, 12, 5, 7, 15, 10]
bestever    2966    in generation 1
[20, 3, 16, 2, 20, 17, 14, 1, 17, 20, 4, 8, 16, 19, 17, 20, 11, 4, 7, 13, 18, 17, 2, 3, 6, 19, 13, 20, 15, 14, 18, 3, 14, 13, 12, 20, 1, 13, 3, 19, 19, 6, 5, 3, 1, 17, 14, 1, 15, 16, 17, 5, 18, 18, 1, 14, 15, 13, 12, 18, 13, 9, 5, 17, 7, 18, 3, 16, 6, 5, 20, 16, 18, 13, 13, 19, 2, 9, 20, 3, 10, 11, 12, 16, 6, 17, 8, 3, 7, 10, 5, 7, 9, 18, 1, 10, 7, 16, 13, 8, 9, 7, 9, 18, 1, 2, 14, 14, 11, 6, 5, 6, 10, 18, 15, 8, 7, 12, 8, 9, 1, 20, 15, 16, 10, 6, 1, 8, 10, 14, 5, 9, 17, 12, 11, 10, 8, 17, 13, 4, 12, 4, 10, 11, 11, 4, 4, 20, 9, 19, 14, 4, 2, 15, 4, 16, 12, 19, 3, 19, 14, 4, 15, 16, 11, 2, 2, 5, 19, 3, 7, 4, 8, 7, 2, 6, 6, 19, 9, 10, 5, 8, 10, 9, 15, 2, 15, 5, 11, 8, 12, 2, 11, 6, 12, 7, 15, 12, 11, 1]
bestever    2834    in generation 3
[1, 20, 3, 16, 20, 17, 14, 1, 17, 20, 4, 16, 19, 17, 20, 11, 4, 7, 13, 18, 17, 3, 19, 13, 19, 4, 14, 18, 3, 14, 13, 4, 18, 18, 19, 18, 4, 1, 4, 13, 3, 7, 9, 19, 3, 1, 14, 1, 16, 2, 18, 18, 16, 1, 1, 14, 15, 13, 20, 2, 14, 17, 12, 13, 17, 17, 6, 20, 13, 13, 2, 11, 13, 20, 3, 13, 11, 12, 6, 1, 4, 17, 8, 3, 7, 5, 14, 9, 15, 6, 5, 8, 5, 7, 7, 3, 14, 4, 6, 5, 6, 10, 15, 8, 12, 8, 1, 20, 15, 16, 10, 6, 1, 8, 10, 14, 9, 17, 12, 11, 10, 8, 17, 4, 12, 10, 11, 20, 9, 19, 14, 2, 15, 16, 12, 19, 19, 2, 5, 10, 20, 7, 3, 15, 18, 10, 18, 16, 9, 18, 9, 15, 6, 5, 8, 5, 7, 12, 16, 11, 16, 15, 15, 16, 11, 2, 2, 5, 19, 3, 7, 4, 8, 7, 2, 6, 6, 19, 9, 10, 5, 8, 10, 9, 15, 9, 2, 5, 11, 8, 12, 2, 11, 6, 12, 7, 10, 9, 12, 11]
bestever    2833    in generation 17
[1, 20, 3, 16, 20, 17, 14, 1, 17, 20, 4, 16, 19, 17, 20, 11, 4, 7, 13, 18, 17, 3, 19, 13, 19, 4, 14, 18, 3, 14, 13, 4, 18, 18, 19, 18, 1, 4, 13, 3, 9, 19, 3, 1, 14, 1, 16, 2, 18, 18, 16, 1, 1, 14, 15, 13, 20, 14, 17, 12, 13, 17, 17, 6, 20, 13, 13, 2, 11, 13, 20, 13, 11, 12, 6, 1, 4, 17, 8, 3, 7, 14, 9, 15, 6, 8, 7, 7, 3, 14, 4, 5, 6, 10, 15, 8, 12, 8, 1, 20, 15, 16, 10, 6, 1, 10, 14, 9, 17, 12, 11, 10, 8, 17, 4, 12, 10, 11, 20, 9, 19, 14, 2, 15, 16, 12, 19, 19, 2, 5, 10, 20, 7, 3, 15, 2, 5, 3, 7, 4, 6, 5, 8, 5, 18, 10, 18, 16, 9, 18, 9, 15, 6, 5, 8, 5, 7, 12, 16, 11, 16, 15, 15, 16, 11, 2, 2, 5, 19, 3, 7, 4, 8, 7, 2, 6, 6, 19, 9, 10, 5, 8, 10, 9, 15, 9, 2, 5, 11, 8, 12, 2, 11, 6, 12, 7, 10, 9, 12, 11]
bestever    2802    in generation 18
[1, 20, 3, 16, 20, 17, 14, 1, 17, 20, 4, 16, 19, 17, 20, 11, 4, 7, 13, 18, 17, 3, 19, 13, 19, 4, 14, 18, 3, 14, 13, 4, 18, 18, 19, 18, 4, 1, 4, 13, 3, 9, 19, 3, 1, 14, 1, 16, 2, 18, 18, 16, 1, 1, 14, 15, 13, 20, 2, 14, 17, 12, 13, 17, 17, 6, 20, 13, 13, 11, 13, 20, 3, 13, 12, 6, 1, 4, 17, 8, 5, 14, 9, 15, 6, 5, 8, 14, 10, 15, 8, 12, 8, 1, 20, 15, 16, 10, 1, 8, 10, 14, 17, 10, 17, 10, 20, 19, 14, 15, 16, 10, 20, 15, 15, 12, 11, 7, 6, 10, 9, 11, 12, 12, 3, 15, 18, 5, 7, 18, 16, 9, 18, 9, 15, 2, 5, 3, 7, 4, 6, 5, 8, 5, 7, 12, 16, 11, 16, 16, 11, 2, 2, 5, 19, 3, 7, 4, 8, 7, 6, 6, 19, 5, 9, 2, 11, 5, 19, 3, 7, 4, 8, 7, 2, 6, 6, 19, 9, 10, 5, 8, 10, 9, 15, 9, 2, 11, 8, 12, 2, 2, 11, 6, 12, 7, 10, 9, 12, 11]
bestever    2778    in generation 21
[1, 20, 3, 16, 20, 17, 14, 1, 17, 20, 4, 16, 19, 17, 20, 11, 4, 7, 13, 18, 17, 3, 19, 13, 19, 4, 14, 18, 3, 14, 13, 4, 18, 18, 19, 18, 1, 4, 13, 3, 9, 19, 3, 1, 14, 1, 16, 2, 18, 18, 16, 1, 1, 14, 15, 13, 20, 14, 17, 12, 13, 17, 17, 6, 20, 13, 13, 2, 11, 13, 20, 13, 11, 12, 6, 1, 4, 17, 8, 3, 7, 14, 9, 15, 6, 8, 7, 7, 3, 14, 4, 5, 6, 10, 15, 8, 12, 8, 1, 20, 15, 16, 10, 6, 1, 10, 14, 9, 17, 12, 11, 10, 8, 17, 4, 10, 11, 20, 9, 19, 14, 2, 15, 16, 19, 19, 2, 5, 10, 20, 7, 3, 15, 2, 5, 3, 7, 4, 6, 5, 8, 5, 18, 10, 18, 16, 9, 18, 9, 15, 6, 5, 8, 5, 7, 16, 16, 15, 15, 16, 2, 2, 5, 19, 3, 7, 4, 8, 6, 19, 5, 10, 9, 15, 9, 2, 5, 11, 8, 12, 2, 11, 6, 12, 7, 10, 9, 12, 11, 8, 12, 2, 11, 6, 12, 7, 10, 9, 12, 11]
bestever    2776    in generation 22
[1, 17, 20, 4, 16, 19, 17, 20, 11, 4, 13, 18, 17, 3, 19, 13, 19, 4, 14, 18, 3, 14, 13, 18, 18, 19, 18, 1, 13, 3, 19, 1, 1, 16, 2, 18, 18, 16, 1, 13, 20, 17, 12, 13, 17, 20, 13, 13, 2, 11, 13, 20, 13, 11, 12, 20, 20, 16, 20, 14, 17, 1, 4, 17, 3, 1, 4, 17, 8, 3, 7, 14, 9, 15, 6, 8, 7, 7, 3, 14, 4, 5, 6, 10, 15, 8, 12, 8, 1, 15, 16, 10, 6, 1, 10, 14, 9, 17, 12, 11, 10, 8, 17, 4, 12, 10, 11, 20, 9, 19, 14, 2, 15, 16, 12, 19, 19, 2, 5, 10, 20, 7, 3, 15, 2, 5, 3, 7, 4, 6, 5, 8, 5, 18, 10, 18, 16, 9, 18, 9, 15, 6, 5, 8, 5, 7, 12, 16, 11, 16, 15, 15, 16, 11, 2, 2, 5, 19, 3, 7, 4, 8, 7, 2, 6, 6, 19, 9, 10, 5, 8, 10, 9, 15, 9, 2, 5, 11, 8, 12, 2, 11, 6, 12, 7, 10, 9, 12, 11, 1, 7, 14, 9, 15, 6, 3, 14, 4, 6, 14]
bestever    2727    in generation 23
[1, 20, 3, 16, 20, 17, 14, 1, 17, 20, 4, 16, 19, 17, 20, 4, 7, 13, 18, 17, 3, 19, 13, 19, 4, 14, 18, 3, 14, 13, 4, 18, 18, 19, 18, 1, 4, 13, 3, 19, 3, 1, 14, 1, 16, 2, 18, 18, 16, 1, 1, 14, 15, 13, 20, 14, 17, 13, 17, 17, 6, 20, 13, 13, 2, 13, 20, 13, 11, 12, 1, 4, 17, 8, 3, 7, 14, 15, 8, 3, 14, 4, 5, 10, 15, 12, 1, 20, 15, 16, 10, 1, 10, 14, 9, 17, 12, 11, 17, 10, 11, 20, 9, 19, 14, 19, 10, 20, 3, 6, 8, 10, 9, 9, 6, 8, 5, 7, 15, 15, 16, 2, 2, 5, 3, 7, 4, 7, 4, 6, 5, 8, 5, 18, 10, 18, 16, 9, 18, 9, 15, 6, 5, 8, 5, 7, 12, 16, 11, 16, 15, 15, 16, 11, 2, 2, 5, 19, 3, 7, 4, 8, 7, 2, 6, 6, 19, 8, 6, 19, 5, 10, 9, 15, 9, 2, 5, 11, 8, 12, 2, 11, 6, 12, 7, 10, 9, 12, 11, 8, 12, 2, 11, 6, 12, 7, 10, 9, 12, 11]
bestever    2616    in generation 24
[1, 17, 20, 4, 16, 19, 17, 20, 11, 4, 13, 18, 17, 3, 19, 13, 19, 4, 14, 18, 3, 14, 13, 18, 18, 19, 18, 1, 13, 3, 19, 1, 1, 16, 2, 18, 18, 16, 1, 13, 20, 17, 12, 13, 17, 20, 13, 13, 2, 11, 13, 20, 13, 11, 12, 20, 20, 16, 20, 14, 17, 1, 4, 17, 3, 1, 4, 17, 8, 3, 7, 14, 15, 6, 8, 7, 7, 3, 14, 4, 5, 10, 15, 8, 12, 8, 1, 15, 16, 10, 6, 1, 10, 14, 17, 12, 11, 17, 4, 12, 10, 11, 20, 9, 19, 14, 2, 15, 16, 12, 19, 5, 10, 20, 7, 3, 5, 3, 4, 6, 8, 18, 10, 9, 9, 6, 8, 5, 7, 12, 11, 15, 11, 2, 2, 5, 19, 3, 7, 4, 8, 7, 2, 10, 18, 16, 9, 18, 9, 15, 6, 5, 8, 5, 7, 16, 16, 15, 15, 16, 2, 2, 5, 19, 6, 6, 19, 9, 10, 5, 8, 10, 9, 15, 9, 2, 5, 11, 8, 12, 2, 11, 6, 12, 7, 10, 9, 12, 11, 1, 7, 14, 9, 15, 6, 3, 14, 4, 6, 14]
bestever    2598    in generation 28
[1, 17, 20, 4, 16, 19, 17, 20, 11, 4, 13, 18, 17, 3, 19, 13, 19, 4, 14, 18, 3, 14, 13, 18, 18, 19, 18, 1, 13, 3, 19, 1, 1, 16, 2, 18, 18, 16, 1, 13, 20, 17, 12, 13, 17, 13, 20, 13, 2, 11, 13, 20, 13, 11, 12, 20, 20, 16, 20, 14, 17, 1, 4, 17, 3, 1, 4, 17, 8, 3, 7, 14, 15, 6, 8, 7, 7, 3, 14, 4, 5, 10, 15, 8, 12, 8, 1, 15, 16, 10, 1, 10, 14, 17, 12, 11, 17, 4, 12, 10, 11, 20, 9, 19, 14, 2, 15, 16, 12, 19, 5, 10, 20, 7, 3, 5, 3, 4, 8, 18, 9, 7, 12, 11, 11, 2, 19, 3, 4, 8, 7, 10, 18, 16, 9, 18, 9, 6, 8, 5, 7, 15, 15, 2, 2, 5, 6, 6, 9, 10, 6, 5, 8, 5, 7, 16, 16, 15, 15, 16, 2, 2, 5, 19, 6, 6, 19, 9, 10, 5, 8, 10, 9, 15, 9, 2, 5, 11, 8, 12, 2, 11, 6, 12, 7, 10, 9, 12, 11, 1, 7, 14, 9, 15, 6, 3, 14, 4, 6, 14]
bestever    2577    in generation 34
[1, 17, 20, 4, 16, 19, 17, 20, 4, 13, 18, 17, 3, 19, 13, 19, 4, 14, 18, 3, 14, 13, 18, 18, 19, 18, 1, 13, 3, 19, 1, 1, 16, 2, 18, 18, 16, 1, 13, 20, 17, 12, 13, 17, 13, 20, 13, 2, 13, 20, 13, 11, 12, 20, 20, 16, 20, 14, 17, 1, 4, 17, 3, 1, 4, 17, 8, 3, 7, 14, 15, 8, 7, 7, 3, 14, 4, 5, 10, 15, 8, 12, 8, 1, 15, 16, 10, 1, 10, 14, 17, 12, 11, 17, 4, 12, 11, 20, 9, 19, 14, 16, 12, 19, 5, 10, 20, 7, 3, 5, 3, 4, 8, 18, 9, 7, 12, 11, 11, 19, 3, 4, 7, 10, 18, 16, 18, 6, 8, 5, 7, 15, 15, 2, 2, 6, 6, 9, 10, 9, 15, 9, 2, 5, 11, 8, 2, 11, 6, 10, 6, 5, 8, 5, 7, 16, 16, 15, 15, 16, 2, 2, 5, 19, 6, 6, 19, 9, 10, 5, 8, 10, 9, 15, 9, 2, 5, 11, 8, 12, 2, 11, 6, 12, 7, 10, 9, 12, 11, 1, 7, 14, 9, 15, 6, 3, 14, 4, 6, 14]
bestever    2564    in generation 40
[1, 17, 20, 4, 16, 19, 17, 20, 4, 13, 18, 17, 3, 19, 13, 19, 4, 14, 18, 3, 14, 13, 18, 18, 19, 18, 1, 13, 3, 19, 1, 1, 16, 2, 18, 18, 16, 1, 13, 20, 17, 12, 13, 17, 13, 20, 13, 2, 13, 20, 13, 11, 12, 20, 20, 16, 20, 14, 17, 1, 4, 17, 3, 1, 4, 17, 8, 3, 7, 14, 15, 8, 7, 7, 3, 14, 4, 5, 10, 15, 8, 12, 8, 1, 15, 16, 10, 1, 10, 14, 17, 12, 11, 17, 4, 12, 11, 20, 9, 19, 14, 16, 12, 19, 5, 10, 20, 7, 3, 5, 3, 4, 8, 18, 9, 7, 12, 11, 11, 3, 4, 7, 10, 18, 16, 18, 8, 5, 7, 15, 15, 2, 2, 6, 6, 9, 10, 9, 15, 9, 2, 5, 11, 8, 2, 11, 6, 10, 6, 8, 5, 7, 16, 16, 15, 15, 16, 2, 2, 5, 19, 5, 19, 6, 6, 6, 19, 9, 10, 5, 8, 10, 9, 15, 9, 2, 5, 11, 8, 12, 2, 11, 6, 12, 7, 10, 9, 12, 11, 1, 7, 14, 9, 15, 6, 3, 14, 4, 6, 14]
bestever    2528    in generation 47
[1, 17, 20, 4, 16, 19, 17, 20, 4, 13, 18, 17, 3, 19, 13, 19, 4, 14, 18, 3, 14, 13, 18, 18, 19, 18, 1, 13, 3, 19, 1, 1, 16, 2, 18, 18, 16, 1, 13, 20, 17, 12, 13, 17, 13, 20, 13, 2, 13, 20, 13, 11, 12, 20, 20, 16, 20, 14, 17, 1, 4, 17, 3, 1, 4, 17, 8, 3, 7, 14, 15, 8, 7, 7, 3, 14, 4, 5, 10, 15, 8, 12, 8, 1, 15, 16, 10, 1, 10, 14, 17, 12, 11, 17, 4, 12, 11, 20, 9, 19, 14, 16, 12, 19, 5, 10, 20, 7, 3, 5, 3, 4, 8, 18, 7, 12, 11, 11, 3, 4, 7, 10, 18, 16, 18, 8, 5, 7, 15, 2, 2, 6, 10, 9, 5, 11, 8, 11, 7, 15, 2, 6, 6, 6, 19, 9, 5, 8, 10, 16, 16, 15, 15, 16, 2, 2, 5, 19, 5, 19, 6, 6, 6, 9, 10, 5, 8, 10, 9, 15, 9, 2, 9, 15, 9, 2, 5, 11, 8, 12, 2, 11, 6, 12, 7, 10, 9, 12, 11, 1, 7, 14, 9, 15, 6, 3, 14, 4, 6, 14]
bestever    2527    in generation 55
[1, 17, 20, 4, 16, 19, 17, 20, 4, 13, 18, 17, 3, 19, 13, 19, 4, 14, 18, 3, 14, 13, 18, 18, 19, 18, 1, 13, 3, 19, 1, 1, 16, 2, 18, 18, 16, 1, 13, 20, 17, 12, 13, 17, 13, 20, 13, 2, 13, 20, 13, 11, 12, 20, 20, 16, 20, 14, 17, 1, 4, 17, 3, 1, 4, 17, 8, 3, 7, 14, 15, 8, 7, 7, 3, 14, 4, 5, 10, 15, 8, 12, 8, 1, 15, 16, 10, 1, 10, 17, 12, 11, 17, 4, 12, 11, 20, 9, 19, 14, 16, 12, 19, 5, 10, 20, 7, 3, 5, 3, 4, 8, 18, 7, 12, 11, 11, 3, 4, 7, 10, 18, 16, 18, 8, 5, 7, 15, 2, 2, 6, 10, 9, 5, 11, 8, 11, 7, 15, 2, 6, 6, 6, 19, 9, 5, 8, 10, 16, 16, 15, 15, 16, 2, 2, 5, 19, 5, 19, 6, 6, 9, 14, 6, 10, 5, 8, 10, 9, 15, 9, 2, 9, 15, 9, 2, 5, 11, 8, 12, 2, 11, 6, 12, 7, 10, 9, 12, 11, 1, 7, 14, 9, 15, 6, 3, 14, 4, 6, 14]
bestever    2522    in generation 56
[1, 17, 20, 4, 16, 19, 17, 20, 4, 13, 18, 17, 3, 19, 13, 19, 4, 14, 18, 3, 14, 13, 18, 18, 19, 18, 1, 13, 3, 19, 1, 1, 16, 2, 18, 18, 16, 1, 13, 20, 17, 12, 13, 17, 13, 20, 13, 2, 13, 20, 13, 11, 12, 20, 20, 16, 20, 14, 17, 1, 4, 17, 3, 1, 4, 17, 8, 3, 7, 14, 15, 8, 7, 7, 3, 14, 4, 5, 10, 15, 8, 12, 8, 1, 15, 16, 10, 1, 10, 17, 12, 11, 17, 4, 12, 11, 20, 9, 19, 14, 16, 12, 19, 5, 10, 20, 7, 3, 5, 3, 4, 8, 18, 7, 12, 11, 11, 3, 4, 7, 10, 18, 16, 18, 8, 5, 7, 15, 2, 2, 6, 10, 5, 11, 8, 11, 7, 15, 2, 6, 6, 19, 5, 16, 16, 15, 16, 2, 5, 19, 5, 19, 6, 6, 14, 6, 8, 10, 9, 15, 9, 2, 6, 9, 10, 5, 8, 10, 9, 15, 9, 2, 9, 15, 9, 2, 5, 11, 8, 12, 2, 11, 6, 12, 7, 10, 9, 12, 11, 1, 7, 14, 9, 15, 6, 3, 14, 4, 6, 14]
bestever    2503    in generation 58
[1, 17, 20, 4, 16, 19, 17, 20, 4, 13, 18, 17, 3, 19, 13, 19, 4, 14, 18, 3, 14, 13, 18, 18, 19, 18, 1, 13, 3, 19, 1, 1, 16, 2, 18, 18, 16, 1, 13, 20, 17, 12, 13, 17, 13, 20, 13, 13, 20, 13, 11, 12, 20, 20, 16, 20, 14, 17, 1, 4, 17, 3, 1, 4, 17, 8, 3, 7, 14, 15, 8, 7, 7, 3, 14, 4, 5, 10, 15, 8, 12, 8, 1, 16, 10, 1, 10, 17, 12, 11, 17, 4, 12, 11, 20, 9, 19, 14, 16, 12, 19, 5, 10, 20, 7, 3, 5, 3, 4, 8, 18, 7, 12, 11, 11, 3, 4, 7, 10, 18, 16, 18, 8, 5, 7, 2, 2, 6, 10, 9, 5, 11, 8, 11, 7, 15, 2, 6, 6, 6, 19, 9, 5, 8, 10, 16, 15, 15, 2, 16, 15, 15, 16, 2, 2, 5, 19, 5, 19, 6, 6, 9, 14, 6, 10, 5, 8, 10, 9, 15, 9, 2, 9, 15, 9, 2, 5, 11, 8, 12, 2, 11, 6, 12, 7, 10, 9, 12, 11, 1, 7, 14, 9, 15, 6, 3, 14, 4, 6, 14]
bestever    2414    in generation 64
[1, 17, 20, 4, 16, 19, 17, 20, 4, 13, 18, 17, 3, 19, 13, 19, 4, 14, 18, 3, 14, 13, 18, 18, 19, 18, 1, 13, 3, 19, 1, 1, 16, 2, 18, 18, 16, 1, 13, 20, 17, 12, 13, 17, 13, 20, 13, 13, 20, 13, 11, 12, 20, 20, 16, 20, 14, 17, 1, 4, 17, 3, 1, 4, 17, 8, 3, 7, 14, 15, 8, 7, 7, 3, 14, 4, 5, 10, 15, 8, 12, 8, 1, 16, 10, 1, 10, 17, 11, 17, 4, 11, 20, 9, 19, 16, 19, 5, 10, 20, 7, 3, 5, 3, 4, 8, 18, 7, 12, 3, 4, 7, 10, 18, 16, 18, 8, 5, 2, 2, 6, 10, 9, 5, 11, 8, 11, 7, 15, 2, 6, 6, 6, 19, 9, 5, 16, 15, 15, 16, 15, 16, 5, 19, 5, 19, 6, 6, 9, 14, 10, 9, 9, 2, 15, 6, 12, 9, 14, 10, 5, 8, 10, 15, 2, 15, 2, 11, 8, 12, 2, 11, 12, 7, 9, 2, 5, 11, 8, 12, 2, 11, 6, 12, 7, 10, 9, 12, 11, 1, 7, 14, 9, 15, 6, 3, 14, 4, 6, 14]
bestever    2388    in generation 69
[19, 13, 19, 4, 18, 3, 13, 18, 18, 18, 1, 13, 3, 1, 1, 16, 2, 18, 18, 16, 1, 13, 20, 17, 13, 17, 20, 16, 17, 1, 4, 3, 4, 14, 18, 19, 19, 19, 14, 20, 17, 12, 13, 17, 13, 20, 13, 13, 20, 13, 11, 12, 20, 20, 16, 20, 14, 17, 1, 4, 17, 3, 1, 4, 17, 8, 3, 7, 14, 15, 8, 7, 7, 3, 14, 4, 5, 10, 15, 8, 12, 8, 1, 16, 10, 1, 10, 17, 11, 17, 4, 11, 20, 9, 19, 16, 19, 5, 10, 20, 7, 3, 5, 3, 4, 8, 18, 7, 12, 3, 4, 7, 10, 18, 16, 18, 8, 5, 2, 2, 6, 10, 9, 5, 11, 8, 11, 7, 15, 2, 6, 6, 6, 19, 9, 5, 16, 15, 15, 16, 15, 16, 5, 19, 5, 19, 6, 6, 9, 14, 10, 9, 9, 2, 15, 6, 12, 9, 14, 10, 5, 8, 10, 15, 2, 15, 2, 11, 8, 12, 2, 11, 12, 7, 9, 2, 5, 11, 8, 12, 2, 11, 6, 12, 7, 10, 9, 12, 11, 1, 7, 14, 9, 15, 6, 3, 14, 4, 6, 14]
bestever    2380    in generation 86
[19, 13, 19, 4, 18, 3, 13, 18, 18, 18, 1, 13, 3, 1, 1, 16, 2, 18, 18, 16, 1, 13, 20, 17, 13, 17, 20, 16, 17, 1, 4, 3, 4, 14, 18, 19, 19, 19, 14, 20, 17, 12, 13, 17, 13, 20, 13, 13, 20, 13, 11, 12, 20, 20, 16, 20, 14, 17, 1, 4, 17, 3, 1, 4, 17, 8, 3, 7, 14, 15, 8, 7, 7, 3, 14, 4, 5, 10, 15, 8, 12, 8, 1, 16, 10, 1, 10, 17, 11, 17, 4, 11, 20, 9, 19, 16, 19, 5, 10, 20, 7, 3, 5, 3, 4, 8, 18, 7, 12, 3, 4, 7, 10, 18, 16, 18, 8, 5, 2, 2, 6, 10, 9, 5, 11, 8, 11, 7, 15, 2, 6, 6, 6, 19, 9, 5, 16, 15, 15, 16, 15, 16, 5, 19, 5, 19, 6, 6, 9, 14, 10, 9, 9, 2, 15, 12, 9, 10, 5, 8, 10, 15, 2, 15, 2, 11, 8, 12, 2, 11, 12, 7, 9, 2, 5, 11, 8, 12, 2, 11, 6, 14, 6, 12, 7, 10, 9, 12, 11, 1, 7, 14, 9, 15, 6, 3, 14, 4, 6, 14]
bestever    2362    in generation 88
[19, 13, 19, 4, 18, 3, 13, 18, 18, 18, 1, 13, 3, 1, 1, 16, 2, 18, 18, 16, 1, 13, 20, 17, 13, 17, 20, 16, 17, 1, 4, 3, 4, 14, 18, 19, 19, 19, 20, 17, 12, 13, 17, 13, 20, 13, 13, 20, 13, 11, 12, 20, 20, 16, 20, 17, 1, 4, 17, 3, 1, 4, 17, 8, 3, 7, 15, 8, 7, 7, 3, 4, 5, 10, 15, 8, 8, 1, 16, 10, 1, 10, 17, 11, 17, 4, 11, 20, 9, 19, 16, 19, 5, 10, 20, 7, 5, 3, 4, 8, 18, 7, 3, 4, 10, 18, 16, 18, 8, 5, 2, 2, 6, 5, 11, 8, 15, 19, 5, 15, 16, 19, 19, 14, 2, 6, 16, 15, 16, 5, 5, 6, 6, 9, 14, 10, 9, 9, 2, 15, 6, 12, 9, 14, 10, 5, 8, 10, 15, 2, 15, 2, 11, 8, 12, 2, 11, 12, 7, 9, 2, 5, 11, 8, 12, 2, 11, 6, 12, 7, 10, 9, 12, 11, 7, 14, 9, 15, 6, 3, 14, 14, 6, 12, 7, 10, 9, 12, 11, 1, 7, 14, 9, 15, 6, 3, 14, 4, 6, 14]
bestever    2337    in generation 100
[19, 13, 19, 4, 18, 3, 13, 18, 18, 18, 1, 13, 3, 1, 1, 16, 2, 18, 18, 16, 1, 13, 20, 17, 13, 17, 20, 16, 17, 1, 4, 3, 4, 14, 18, 19, 19, 19, 20, 17, 12, 13, 17, 13, 20, 13, 13, 20, 13, 11, 12, 20, 20, 16, 20, 17, 1, 4, 17, 3, 1, 4, 17, 8, 3, 7, 15, 8, 7, 7, 3, 4, 5, 10, 15, 8, 8, 1, 16, 10, 1, 10, 17, 11, 17, 4, 11, 20, 9, 19, 16, 19, 5, 10, 20, 7, 5, 4, 8, 18, 7, 3, 4, 10, 18, 16, 18, 8, 5, 2, 2, 6, 5, 11, 8, 15, 19, 5, 15, 16, 19, 19, 2, 6, 16, 15, 16, 5, 5, 6, 6, 9, 14, 10, 9, 9, 2, 15, 12, 9, 14, 10, 5, 8, 10, 15, 2, 2, 11, 8, 12, 2, 11, 7, 9, 5, 11, 8, 2, 11, 12, 10, 12, 11, 7, 14, 9, 15, 6, 3, 6, 6, 9, 12, 14, 15, 12, 7, 3, 2, 14, 14, 6, 12, 7, 10, 9, 12, 11, 1, 7, 14, 9, 15, 6, 3, 14, 4, 6, 14]
bestever    2325    in generation 103
[19, 13, 19, 4, 18, 3, 13, 18, 18, 18, 1, 13, 3, 1, 1, 16, 2, 18, 18, 16, 1, 13, 20, 17, 13, 17, 20, 16, 17, 1, 4, 3, 4, 14, 18, 19, 19, 19, 20, 17, 12, 13, 17, 13, 20, 13, 13, 20, 13, 11, 12, 20, 20, 16, 20, 17, 1, 4, 17, 3, 1, 4, 17, 8, 3, 7, 15, 8, 7, 7, 3, 4, 5, 10, 15, 8, 8, 1, 16, 10, 1, 10, 17, 11, 17, 4, 11, 20, 9, 19, 16, 19, 5, 10, 20, 7, 5, 3, 4, 8, 18, 7, 4, 10, 18, 16, 18, 8, 5, 2, 2, 6, 5, 11, 8, 15, 19, 5, 15, 16, 19, 19, 2, 6, 16, 15, 16, 5, 5, 6, 6, 9, 10, 9, 9, 2, 15, 12, 9, 10, 5, 8, 10, 15, 2, 2, 11, 8, 12, 2, 11, 12, 2, 5, 11, 8, 12, 2, 12, 10, 9, 11, 7, 14, 9, 15, 6, 3, 14, 14, 6, 12, 11, 7, 14, 9, 15, 6, 3, 14, 14, 6, 12, 7, 7, 10, 9, 12, 11, 1, 7, 14, 9, 15, 6, 3, 14, 4, 6, 14]
bestever    2308    in generation 105
[19, 13, 19, 4, 18, 3, 13, 18, 18, 18, 1, 13, 3, 1, 1, 16, 2, 18, 18, 16, 1, 13, 20, 17, 13, 17, 20, 16, 17, 1, 4, 3, 4, 14, 18, 19, 19, 19, 20, 17, 12, 13, 17, 13, 20, 13, 13, 20, 13, 11, 12, 20, 20, 16, 20, 17, 1, 4, 17, 3, 1, 4, 17, 8, 3, 7, 15, 8, 7, 7, 3, 4, 5, 10, 15, 8, 8, 1, 16, 10, 1, 10, 17, 11, 17, 4, 11, 20, 9, 19, 16, 19, 5, 10, 20, 7, 5, 3, 4, 8, 18, 7, 4, 10, 18, 16, 18, 8, 5, 2, 2, 6, 5, 11, 8, 15, 19, 5, 15, 16, 19, 19, 14, 2, 6, 16, 15, 16, 5, 5, 6, 9, 10, 9, 9, 2, 15, 12, 9, 10, 5, 8, 10, 15, 2, 2, 11, 8, 12, 2, 11, 12, 15, 6, 3, 14, 6, 14, 7, 9, 2, 5, 11, 8, 12, 2, 11, 6, 12, 7, 10, 9, 12, 11, 7, 14, 9, 15, 6, 3, 14, 14, 6, 12, 7, 10, 9, 12, 11, 1, 7, 14, 9, 15, 6, 3, 14, 4, 6, 14]
bestever    2266    in generation 108
[19, 13, 19, 4, 18, 3, 13, 18, 18, 18, 1, 13, 3, 1, 1, 16, 2, 18, 18, 16, 1, 13, 20, 17, 13, 17, 20, 16, 17, 1, 4, 3, 4, 14, 18, 19, 19, 19, 20, 17, 12, 13, 17, 13, 20, 13, 13, 20, 13, 11, 12, 20, 20, 16, 20, 17, 1, 4, 17, 3, 1, 4, 17, 8, 3, 7, 15, 8, 7, 7, 3, 4, 5, 10, 15, 8, 8, 1, 16, 10, 1, 10, 17, 11, 17, 4, 11, 20, 9, 19, 16, 19, 5, 10, 20, 7, 5, 3, 4, 8, 18, 7, 4, 10, 18, 16, 18, 8, 5, 2, 2, 6, 5, 11, 8, 15, 19, 5, 15, 16, 19, 19, 2, 6, 16, 15, 16, 5, 5, 6, 9, 10, 9, 9, 2, 15, 12, 10, 5, 8, 10, 15, 2, 2, 11, 8, 12, 2, 11, 12, 6, 3, 2, 5, 11, 8, 2, 12, 7, 10, 9, 12, 11, 7, 14, 9, 15, 6, 14, 14, 6, 9, 12, 11, 7, 14, 9, 15, 6, 3, 14, 14, 6, 12, 7, 10, 9, 12, 11, 1, 7, 14, 9, 15, 6, 3, 14, 4, 6, 14]
bestever    2252    in generation 109
[19, 13, 19, 4, 18, 3, 13, 18, 18, 18, 1, 13, 3, 1, 1, 16, 2, 18, 18, 16, 1, 13, 20, 17, 13, 17, 20, 16, 17, 1, 4, 3, 4, 14, 18, 19, 19, 19, 20, 17, 12, 13, 17, 13, 20, 13, 20, 13, 11, 12, 20, 20, 16, 20, 17, 1, 4, 17, 3, 1, 4, 17, 8, 3, 7, 15, 8, 7, 7, 3, 4, 5, 10, 15, 8, 8, 1, 16, 10, 10, 17, 11, 17, 4, 11, 20, 9, 19, 16, 19, 5, 10, 20, 7, 5, 8, 18, 4, 10, 18, 16, 18, 8, 5, 2, 2, 6, 5, 11, 8, 15, 19, 5, 15, 16, 19, 2, 6, 16, 15, 16, 5, 5, 6, 9, 10, 9, 9, 2, 15, 12, 10, 5, 8, 10, 15, 2, 2, 11, 12, 3, 3, 1, 8, 2, 11, 12, 7, 9, 2, 5, 11, 8, 12, 2, 11, 6, 12, 7, 10, 9, 12, 11, 7, 14, 9, 15, 6, 3, 14, 14, 6, 12, 7, 10, 9, 12, 11, 1, 7, 14, 9, 14, 6, 14, 4, 6, 14, 19, 13, 7, 14, 9, 15, 6, 3, 14, 4, 6, 15]
bestever    2225    in generation 132
[19, 13, 19, 4, 18, 3, 13, 18, 18, 18, 1, 13, 3, 1, 1, 16, 2, 18, 18, 16, 1, 13, 20, 17, 13, 17, 20, 16, 17, 1, 4, 3, 4, 18, 19, 19, 19, 20, 17, 12, 13, 17, 13, 20, 13, 20, 13, 11, 12, 20, 20, 16, 20, 17, 1, 4, 17, 3, 1, 4, 17, 8, 3, 7, 15, 8, 7, 7, 3, 4, 5, 10, 15, 8, 8, 1, 16, 10, 10, 17, 11, 17, 4, 11, 20, 9, 19, 16, 19, 5, 10, 20, 7, 5, 8, 18, 4, 10, 18, 16, 18, 8, 5, 2, 2, 6, 5, 11, 8, 15, 19, 5, 15, 16, 19, 2, 6, 16, 16, 5, 5, 15, 9, 10, 9, 9, 2, 12, 10, 5, 15, 6, 8, 10, 15, 2, 2, 11, 12, 3, 3, 1, 8, 2, 11, 12, 7, 9, 2, 5, 11, 8, 12, 2, 11, 12, 7, 10, 9, 12, 11, 15, 6, 3, 14, 14, 6, 12, 7, 14, 9, 14, 6, 7, 10, 9, 12, 11, 1, 7, 14, 9, 14, 6, 14, 4, 6, 14, 19, 13, 7, 14, 9, 15, 6, 3, 14, 4, 6, 15]
bestever    2222    in generation 300
[19, 13, 19, 4, 18, 3, 13, 18, 18, 18, 1, 3, 13, 1, 1, 16, 2, 18, 18, 16, 1, 13, 20, 17, 13, 17, 20, 16, 17, 1, 4, 12, 3, 4, 18, 19, 19, 19, 20, 17, 12, 13, 1, 17, 13, 20, 13, 20, 13, 11, 12, 20, 20, 16, 20, 17, 1, 4, 17, 3, 1, 4, 17, 8, 3, 7, 15, 8, 7, 7, 3, 4, 5, 10, 2, 8, 8, 1, 16, 10, 10, 17, 11, 17, 4, 11, 20, 9, 19, 16, 19, 5, 10, 20, 7, 5, 8, 18, 4, 10, 18, 16, 5, 18, 8, 5, 2, 2, 6, 5, 11, 8, 15, 19, 15, 16, 19, 2, 6, 16, 16, 5, 5, 15, 9, 10, 9, 9, 2, 12, 10, 5, 15, 14, 8, 10, 15, 2, 15, 11, 3, 3, 8, 2, 11, 12, 7, 9, 2, 5, 11, 8, 12, 2, 11, 12, 7, 10, 14, 9, 12, 11, 15, 6, 3, 6, 14, 6, 12, 7, 9, 14, 6, 7, 10, 9, 12, 11, 1, 7, 14, 9, 14, 6, 14, 4, 6, 14, 19, 13, 7, 14, 9, 15, 6, 3, 14, 4, 6, 15]
bestever    2211    in generation 328
[19, 13, 19, 4, 18, 3, 13, 18, 18, 18, 1, 3, 13, 1, 1, 16, 2, 18, 18, 16, 1, 13, 20, 17, 13, 17, 20, 16, 17, 1, 4, 12, 3, 18, 19, 19, 19, 20, 17, 12, 13, 1, 17, 13, 20, 13, 20, 13, 11, 12, 20, 20, 16, 20, 17, 1, 4, 17, 3, 1, 4, 17, 8, 3, 7, 15, 8, 7, 7, 3, 4, 5, 10, 2, 8, 8, 1, 16, 10, 10, 17, 11, 17, 4, 4, 11, 20, 9, 19, 16, 19, 5, 10, 20, 7, 5, 8, 18, 4, 10, 18, 16, 5, 18, 8, 5, 2, 2, 6, 5, 11, 8, 15, 19, 15, 16, 19, 2, 6, 16, 16, 5, 5, 15, 9, 10, 9, 9, 2, 12, 10, 5, 15, 14, 8, 10, 15, 2, 15, 11, 3, 3, 8, 2, 11, 12, 7, 9, 2, 5, 11, 8, 12, 2, 11, 12, 7, 10, 14, 9, 12, 11, 15, 6, 3, 6, 14, 6, 12, 7, 9, 14, 6, 7, 10, 9, 12, 11, 1, 7, 14, 9, 14, 6, 14, 4, 6, 14, 19, 13, 7, 14, 9, 15, 6, 3, 14, 4, 6, 15]
bestever    2202    in generation 331
[19, 13, 19, 4, 18, 3, 13, 18, 18, 18, 1, 3, 13, 1, 1, 16, 2, 18, 18, 16, 1, 13, 20, 17, 13, 17, 20, 16, 17, 1, 4, 12, 3, 18, 19, 19, 19, 20, 17, 12, 13, 1, 17, 13, 20, 13, 20, 13, 11, 12, 20, 20, 16, 20, 17, 1, 4, 17, 3, 1, 4, 17, 8, 3, 7, 15, 8, 7, 7, 3, 4, 5, 10, 2, 8, 8, 1, 16, 10, 10, 17, 11, 17, 4, 4, 11, 20, 9, 19, 16, 19, 5, 10, 20, 5, 8, 18, 4, 10, 18, 16, 5, 18, 8, 5, 2, 2, 6, 5, 11, 8, 15, 19, 15, 16, 19, 2, 6, 16, 16, 5, 5, 15, 9, 10, 9, 2, 12, 10, 5, 15, 14, 8, 10, 15, 2, 11, 3, 3, 8, 2, 11, 15, 7, 9, 2, 5, 11, 8, 12, 7, 9, 12, 2, 11, 12, 7, 10, 14, 9, 12, 11, 15, 6, 3, 6, 14, 6, 12, 7, 9, 14, 6, 7, 10, 9, 12, 11, 1, 7, 14, 9, 14, 6, 14, 4, 6, 14, 19, 13, 7, 14, 9, 15, 6, 3, 14, 4, 6, 15]
bestever    2197    in generation 359
[19, 13, 19, 4, 18, 3, 13, 18, 18, 18, 1, 3, 13, 1, 1, 16, 18, 18, 16, 1, 13, 20, 17, 13, 17, 20, 16, 17, 1, 4, 12, 3, 18, 19, 19, 19, 20, 17, 12, 13, 1, 17, 13, 20, 13, 20, 13, 11, 12, 20, 20, 16, 20, 17, 1, 4, 17, 3, 1, 4, 17, 8, 3, 7, 15, 8, 7, 7, 3, 4, 5, 10, 2, 8, 8, 1, 16, 10, 10, 17, 11, 17, 4, 4, 11, 20, 9, 19, 16, 19, 5, 20, 5, 8, 18, 4, 10, 18, 16, 5, 18, 5, 8, 2, 10, 2, 2, 6, 5, 11, 8, 15, 19, 15, 16, 19, 2, 6, 16, 16, 5, 5, 15, 9, 10, 9, 2, 12, 10, 5, 15, 14, 8, 10, 15, 2, 11, 3, 3, 8, 2, 11, 15, 7, 9, 2, 5, 11, 8, 12, 7, 9, 12, 2, 11, 12, 7, 10, 14, 9, 12, 11, 15, 6, 3, 6, 14, 6, 12, 7, 9, 14, 6, 7, 10, 9, 12, 11, 1, 7, 14, 9, 14, 6, 14, 4, 6, 14, 19, 13, 7, 14, 9, 15, 6, 3, 14, 4, 6, 15]
bestever    2193    in generation 381
[19, 13, 19, 4, 18, 3, 13, 18, 18, 18, 1, 3, 13, 1, 1, 16, 18, 18, 16, 1, 13, 20, 17, 13, 17, 20, 16, 17, 1, 4, 12, 3, 18, 19, 19, 19, 20, 17, 12, 13, 1, 17, 13, 20, 13, 20, 13, 11, 12, 20, 20, 16, 20, 17, 1, 4, 17, 3, 1, 4, 17, 8, 3, 7, 15, 8, 7, 3, 4, 5, 10, 2, 8, 8, 16, 10, 10, 17, 11, 17, 4, 4, 11, 20, 9, 19, 16, 19, 5, 20, 5, 8, 18, 4, 10, 18, 16, 5, 18, 5, 8, 2, 10, 2, 2, 6, 5, 11, 8, 15, 19, 15, 16, 19, 2, 16, 5, 5, 15, 10, 2, 12, 10, 5, 15, 8, 10, 15, 2, 11, 3, 3, 1, 4, 16, 15, 3, 14, 6, 8, 2, 11, 15, 7, 9, 2, 5, 11, 8, 12, 7, 9, 12, 2, 11, 12, 7, 10, 14, 9, 12, 11, 15, 6, 3, 6, 14, 6, 12, 7, 9, 14, 6, 7, 10, 9, 12, 11, 1, 7, 14, 9, 14, 6, 14, 4, 6, 14, 19, 13, 7, 14, 9, 15, 6, 9, 14, 6, 7, 9]
bestever    2191    in generation 406
[19, 13, 19, 4, 18, 3, 13, 18, 18, 18, 1, 3, 13, 1, 1, 16, 18, 18, 16, 1, 13, 20, 17, 13, 17, 20, 16, 17, 1, 4, 12, 3, 18, 19, 19, 19, 20, 17, 12, 13, 1, 17, 13, 20, 13, 20, 13, 11, 12, 20, 20, 16, 20, 17, 1, 4, 17, 3, 1, 4, 17, 8, 3, 7, 15, 8, 7, 3, 4, 5, 10, 2, 8, 8, 16, 10, 10, 17, 11, 17, 4, 4, 11, 20, 9, 19, 16, 19, 5, 20, 5, 8, 18, 4, 10, 18, 16, 5, 18, 5, 8, 2, 10, 2, 2, 6, 5, 11, 8, 15, 19, 15, 16, 19, 2, 16, 5, 5, 15, 10, 2, 12, 10, 5, 15, 8, 10, 15, 2, 11, 3, 3, 1, 4, 16, 15, 3, 14, 6, 8, 2, 11, 15, 7, 9, 2, 5, 11, 8, 12, 7, 9, 12, 2, 11, 12, 7, 10, 14, 9, 12, 11, 15, 6, 3, 6, 14, 6, 12, 7, 9, 14, 6, 7, 10, 9, 12, 11, 1, 7, 14, 9, 14, 6, 14, 4, 14, 19, 13, 7, 14, 6, 9, 15, 6, 9, 14, 6, 7, 9]
bestever    2178    in generation 517
[19, 13, 19, 4, 18, 3, 13, 18, 18, 18, 1, 3, 13, 1, 1, 16, 18, 18, 16, 1, 13, 20, 17, 13, 17, 20, 16, 17, 1, 4, 12, 3, 18, 19, 19, 19, 20, 17, 12, 13, 1, 17, 13, 20, 20, 11, 12, 20, 20, 14, 16, 20, 17, 1, 4, 4, 11, 20, 19, 16, 19, 5, 20, 5, 8, 18, 4, 10, 18, 16, 5, 18, 5, 8, 2, 10, 2, 4, 17, 3, 1, 4, 17, 8, 3, 7, 15, 8, 7, 3, 4, 5, 10, 2, 8, 8, 16, 10, 10, 17, 11, 12, 17, 2, 6, 5, 11, 8, 15, 19, 15, 16, 19, 2, 16, 5, 5, 15, 10, 2, 12, 10, 5, 15, 8, 10, 15, 2, 11, 3, 3, 1, 4, 16, 15, 3, 14, 8, 2, 11, 15, 2, 5, 11, 8, 12, 12, 2, 11, 7, 10, 12, 11, 15, 3, 12, 10, 12, 11, 7, 6, 9, 6, 14, 13, 9, 14, 6, 7, 9, 7, 14, 6, 9, 1, 9, 6, 14, 14, 14, 13, 9, 14, 6, 7, 4, 19, 13, 7, 7, 6, 9, 9, 15, 7, 6, 9, 14, 6, 9]
bestever    2164    in generation 520
[19, 13, 19, 4, 18, 3, 13, 18, 18, 18, 1, 3, 13, 1, 1, 16, 18, 18, 16, 1, 13, 20, 17, 13, 17, 20, 16, 17, 1, 4, 12, 3, 18, 19, 19, 19, 20, 17, 12, 13, 1, 4, 13, 20, 20, 11, 12, 20, 20, 14, 16, 20, 17, 1, 4, 4, 11, 20, 19, 16, 19, 5, 20, 5, 8, 18, 4, 10, 18, 16, 5, 18, 5, 8, 2, 10, 2, 4, 17, 3, 1, 4, 17, 8, 3, 7, 15, 8, 7, 3, 17, 5, 10, 2, 8, 8, 16, 10, 10, 17, 11, 12, 17, 2, 6, 5, 11, 8, 15, 19, 15, 16, 19, 2, 16, 5, 5, 15, 10, 2, 12, 10, 5, 15, 8, 10, 15, 2, 11, 3, 3, 1, 4, 16, 15, 3, 14, 8, 2, 11, 15, 2, 5, 11, 8, 12, 12, 2, 11, 7, 10, 12, 11, 15, 3, 12, 10, 12, 11, 7, 6, 9, 6, 14, 13, 9, 14, 6, 7, 9, 7, 14, 6, 9, 1, 9, 6, 14, 14, 14, 13, 9, 14, 6, 7, 4, 19, 13, 7, 7, 6, 9, 9, 15, 7, 6, 9, 14, 6, 9]
bestever    2160    in generation 535
[13, 1, 1, 16, 18, 18, 16, 1, 13, 17, 13, 17, 1, 4, 3, 18, 19, 19, 20, 3, 13, 13, 18, 18, 18, 20, 16, 17, 1, 4, 12, 3, 18, 19, 19, 19, 20, 17, 12, 13, 1, 4, 13, 20, 20, 11, 12, 20, 20, 14, 16, 20, 17, 1, 4, 4, 11, 20, 19, 16, 19, 5, 20, 5, 8, 18, 4, 10, 18, 16, 5, 18, 5, 8, 2, 10, 2, 4, 17, 3, 1, 4, 17, 8, 3, 7, 15, 8, 7, 3, 17, 5, 10, 2, 8, 8, 16, 10, 10, 17, 11, 12, 17, 2, 6, 5, 11, 8, 15, 19, 15, 16, 19, 2, 16, 5, 5, 15, 10, 2, 12, 10, 5, 15, 8, 10, 15, 2, 11, 3, 3, 1, 4, 16, 15, 3, 14, 8, 2, 11, 15, 2, 5, 11, 8, 12, 12, 2, 11, 7, 10, 12, 11, 15, 3, 12, 10, 12, 11, 7, 6, 9, 6, 14, 13, 9, 14, 6, 7, 9, 7, 14, 6, 9, 1, 9, 6, 14, 14, 14, 13, 9, 14, 6, 7, 4, 19, 13, 7, 7, 6, 9, 9, 15, 7, 6, 9, 14, 6, 9]
bestever    2149    in generation 550
[13, 1, 1, 16, 18, 18, 16, 1, 13, 17, 13, 17, 1, 4, 3, 18, 19, 19, 20, 3, 13, 13, 18, 18, 18, 20, 16, 17, 1, 4, 12, 3, 18, 19, 19, 19, 20, 17, 13, 1, 4, 13, 20, 20, 11, 12, 20, 20, 14, 16, 20, 17, 1, 4, 4, 11, 20, 19, 16, 19, 5, 20, 5, 8, 18, 4, 10, 18, 16, 5, 18, 5, 8, 2, 10, 2, 4, 17, 3, 1, 4, 17, 8, 3, 7, 15, 8, 7, 3, 17, 5, 10, 2, 8, 8, 16, 10, 10, 17, 11, 12, 17, 2, 6, 5, 11, 8, 15, 19, 15, 16, 19, 2, 16, 5, 5, 15, 10, 2, 12, 10, 5, 15, 8, 10, 15, 2, 11, 3, 3, 1, 4, 16, 15, 3, 14, 8, 2, 11, 15, 2, 5, 11, 12, 8, 12, 12, 2, 11, 7, 10, 12, 11, 15, 3, 12, 10, 12, 11, 7, 6, 9, 6, 14, 13, 9, 14, 6, 7, 9, 7, 14, 6, 9, 1, 9, 6, 14, 14, 14, 13, 9, 14, 6, 7, 4, 19, 13, 7, 7, 6, 9, 9, 15, 7, 6, 9, 14, 6, 9]
bestever    2144    in generation 553
[1, 1, 16, 18, 18, 16, 1, 13, 17, 13, 17, 1, 4, 18, 19, 19, 20, 3, 13, 13, 18, 18, 18, 20, 16, 17, 1, 4, 12, 3, 18, 19, 19, 19, 20, 17, 12, 13, 1, 4, 13, 20, 20, 11, 12, 20, 20, 14, 16, 20, 17, 1, 4, 4, 11, 20, 19, 16, 19, 5, 20, 5, 8, 18, 4, 10, 18, 16, 5, 18, 5, 8, 2, 10, 2, 4, 17, 3, 1, 4, 17, 8, 3, 7, 15, 7, 3, 8, 7, 3, 17, 5, 10, 2, 8, 8, 16, 10, 10, 17, 11, 12, 17, 2, 6, 5, 11, 8, 15, 19, 15, 16, 19, 2, 16, 5, 5, 15, 10, 2, 12, 10, 5, 15, 8, 10, 15, 2, 11, 3, 3, 1, 4, 16, 15, 3, 14, 8, 2, 11, 15, 2, 5, 11, 8, 12, 12, 2, 11, 10, 12, 11, 15, 3, 12, 10, 12, 11, 7, 6, 9, 6, 14, 13, 9, 14, 6, 7, 9, 7, 14, 6, 9, 1, 9, 6, 14, 14, 14, 13, 9, 14, 6, 7, 4, 19, 13, 7, 7, 6, 9, 9, 15, 7, 6, 9, 14, 6, 9, 13]
bestever    2141    in generation 585
[1, 1, 16, 18, 18, 16, 1, 13, 17, 13, 17, 1, 4, 18, 19, 19, 20, 3, 13, 13, 18, 18, 18, 20, 16, 17, 1, 4, 12, 3, 18, 19, 19, 19, 20, 17, 12, 13, 1, 4, 20, 20, 11, 12, 20, 20, 14, 13, 16, 20, 17, 1, 4, 4, 11, 20, 19, 16, 19, 5, 20, 5, 8, 18, 4, 10, 18, 16, 5, 18, 5, 8, 2, 10, 2, 4, 17, 3, 1, 4, 17, 8, 3, 7, 15, 7, 3, 8, 7, 3, 17, 5, 10, 2, 8, 8, 16, 10, 10, 17, 11, 12, 17, 2, 6, 5, 11, 8, 15, 19, 15, 16, 19, 2, 16, 5, 5, 15, 10, 2, 12, 10, 5, 15, 8, 10, 15, 2, 11, 3, 3, 1, 4, 16, 15, 3, 14, 8, 2, 11, 15, 2, 5, 11, 8, 12, 12, 2, 11, 10, 12, 11, 15, 3, 12, 10, 12, 11, 7, 6, 9, 6, 14, 13, 9, 14, 6, 7, 9, 7, 14, 6, 9, 1, 9, 14, 14, 14, 14, 6, 13, 7, 6, 9, 4, 19, 13, 7, 7, 6, 9, 9, 15, 7, 6, 9, 14, 6, 9, 13]
bestever    2130    in generation 603
[1, 1, 16, 18, 18, 16, 1, 13, 17, 13, 17, 1, 4, 18, 19, 19, 20, 3, 13, 13, 18, 18, 18, 20, 16, 17, 1, 4, 12, 3, 18, 19, 19, 19, 20, 17, 12, 13, 1, 4, 20, 20, 11, 12, 20, 20, 14, 13, 16, 20, 17, 1, 4, 4, 11, 20, 19, 16, 19, 5, 20, 5, 8, 18, 4, 10, 18, 16, 5, 18, 5, 8, 2, 10, 2, 4, 17, 3, 1, 4, 17, 8, 3, 7, 15, 7, 3, 8, 7, 3, 17, 5, 10, 2, 8, 8, 16, 10, 10, 17, 11, 12, 17, 2, 6, 5, 11, 8, 15, 19, 15, 16, 19, 2, 16, 5, 5, 15, 10, 2, 10, 5, 15, 8, 10, 15, 2, 11, 3, 3, 1, 4, 16, 3, 14, 8, 2, 11, 15, 12, 15, 2, 5, 11, 8, 12, 12, 2, 11, 10, 12, 11, 15, 3, 12, 10, 12, 11, 7, 6, 9, 6, 14, 13, 9, 14, 6, 7, 9, 7, 14, 6, 9, 1, 9, 14, 14, 14, 14, 6, 9, 7, 6, 9, 4, 19, 13, 7, 7, 6, 9, 13, 15, 7, 6, 9, 14, 6, 9, 13]
bestever    2120    in generation 616
[1, 1, 16, 18, 18, 16, 1, 13, 17, 13, 17, 1, 4, 18, 19, 19, 20, 3, 13, 13, 18, 5, 18, 20, 16, 17, 1, 4, 12, 3, 18, 19, 19, 19, 20, 17, 12, 13, 1, 4, 20, 20, 11, 12, 20, 20, 14, 13, 16, 20, 17, 1, 4, 4, 11, 20, 19, 16, 19, 5, 20, 5, 8, 18, 4, 10, 18, 16, 5, 18, 5, 8, 2, 10, 2, 4, 17, 3, 1, 4, 17, 8, 3, 7, 15, 7, 3, 8, 7, 3, 17, 5, 10, 2, 8, 8, 16, 10, 10, 17, 11, 12, 17, 2, 6, 18, 11, 8, 15, 19, 15, 16, 19, 2, 16, 5, 5, 15, 10, 2, 10, 5, 15, 8, 10, 15, 2, 11, 3, 3, 1, 4, 16, 3, 14, 8, 2, 11, 15, 12, 2, 5, 11, 8, 12, 12, 2, 11, 10, 11, 15, 12, 15, 3, 12, 10, 12, 11, 7, 6, 9, 6, 14, 13, 9, 14, 6, 7, 9, 7, 14, 6, 9, 1, 9, 14, 14, 14, 14, 6, 9, 7, 6, 9, 4, 19, 13, 7, 7, 6, 9, 13, 15, 7, 6, 9, 14, 6, 9, 13]
bestever    2091    in generation 622
[1, 1, 16, 18, 18, 16, 1, 13, 17, 13, 17, 1, 4, 18, 19, 19, 20, 3, 13, 13, 18, 5, 18, 20, 16, 17, 1, 4, 3, 18, 19, 19, 19, 20, 17, 13, 1, 4, 20, 20, 11, 20, 20, 14, 13, 16, 20, 17, 1, 4, 4, 11, 20, 19, 16, 19, 5, 20, 5, 8, 18, 4, 10, 18, 16, 5, 18, 5, 8, 2, 10, 2, 4, 17, 3, 1, 4, 17, 8, 3, 7, 15, 7, 3, 8, 7, 3, 17, 5, 10, 2, 8, 8, 16, 10, 10, 17, 11, 12, 17, 2, 6, 18, 8, 15, 19, 15, 16, 19, 2, 16, 5, 5, 15, 10, 2, 5, 8, 10, 15, 2, 3, 3, 1, 4, 16, 3, 14, 8, 15, 12, 11, 2, 5, 11, 8, 12, 12, 2, 11, 10, 11, 15, 12, 12, 12, 2, 11, 10, 11, 15, 12, 15, 3, 12, 10, 12, 11, 7, 6, 9, 6, 14, 13, 9, 14, 6, 7, 9, 7, 14, 6, 9, 1, 9, 14, 14, 14, 14, 6, 9, 7, 6, 9, 4, 19, 13, 7, 7, 6, 9, 13, 15, 7, 6, 9, 14, 6, 9, 13]
bestever    2073    in generation 685
[1, 1, 16, 18, 18, 16, 1, 13, 17, 13, 17, 1, 4, 18, 19, 19, 20, 3, 13, 13, 18, 5, 18, 20, 16, 17, 1, 4, 3, 18, 19, 19, 19, 20, 17, 13, 1, 4, 20, 20, 11, 20, 20, 14, 13, 16, 20, 17, 1, 4, 4, 11, 20, 19, 16, 19, 5, 20, 5, 8, 18, 4, 10, 18, 16, 5, 18, 5, 8, 2, 10, 2, 4, 17, 3, 1, 4, 17, 8, 3, 7, 15, 7, 3, 8, 7, 3, 17, 5, 10, 2, 8, 8, 16, 10, 10, 17, 11, 12, 17, 2, 6, 18, 8, 15, 19, 15, 16, 19, 2, 16, 5, 5, 15, 10, 2, 5, 8, 10, 15, 2, 3, 3, 1, 4, 16, 3, 14, 8, 15, 12, 11, 2, 5, 11, 8, 12, 12, 2, 11, 10, 11, 15, 12, 12, 12, 2, 11, 10, 11, 15, 15, 12, 3, 12, 10, 12, 11, 7, 6, 9, 6, 14, 13, 9, 14, 6, 7, 9, 7, 14, 6, 9, 1, 9, 14, 14, 14, 14, 6, 9, 7, 6, 9, 4, 19, 13, 6, 9, 13, 15, 6, 9, 14, 7, 6, 9, 13, 7, 7]
bestever    2066    in generation 694
[1, 1, 16, 18, 18, 16, 1, 13, 17, 13, 17, 1, 4, 18, 19, 19, 20, 3, 13, 13, 18, 5, 18, 20, 16, 17, 1, 4, 3, 18, 19, 19, 19, 20, 17, 13, 1, 4, 20, 20, 11, 20, 20, 14, 13, 16, 20, 17, 1, 4, 4, 11, 20, 19, 16, 19, 5, 20, 5, 8, 18, 4, 10, 18, 16, 5, 18, 5, 8, 2, 10, 2, 4, 17, 3, 1, 4, 17, 8, 3, 7, 15, 7, 3, 8, 7, 3, 17, 5, 10, 2, 8, 8, 16, 10, 10, 17, 11, 12, 17, 2, 6, 18, 8, 15, 19, 15, 16, 19, 2, 16, 5, 5, 10, 2, 5, 8, 10, 15, 2, 3, 3, 1, 4, 16, 3, 14, 8, 15, 12, 2, 5, 11, 11, 15, 8, 12, 12, 2, 11, 10, 11, 15, 12, 12, 12, 2, 11, 10, 11, 15, 15, 12, 3, 12, 10, 9, 11, 7, 6, 12, 6, 14, 13, 9, 14, 6, 7, 9, 7, 14, 6, 9, 1, 9, 14, 14, 14, 14, 6, 9, 7, 6, 9, 4, 19, 13, 6, 9, 13, 15, 6, 9, 14, 7, 6, 9, 13, 7, 7]
bestever    2062    in generation 796
[1, 1, 16, 18, 18, 16, 1, 13, 17, 13, 17, 1, 4, 18, 19, 19, 1, 3, 13, 13, 18, 5, 18, 20, 16, 17, 1, 4, 3, 18, 19, 19, 19, 20, 17, 13, 20, 4, 20, 20, 11, 20, 20, 14, 13, 16, 20, 17, 1, 4, 4, 11, 20, 19, 16, 19, 5, 20, 5, 8, 18, 4, 10, 18, 16, 5, 18, 5, 8, 2, 10, 2, 4, 17, 3, 1, 4, 17, 8, 3, 7, 15, 7, 3, 8, 7, 3, 17, 5, 10, 2, 8, 8, 16, 10, 10, 17, 11, 12, 17, 2, 6, 18, 8, 15, 19, 15, 16, 19, 2, 16, 5, 5, 10, 2, 5, 8, 10, 15, 2, 3, 3, 1, 4, 16, 3, 14, 8, 15, 12, 2, 5, 11, 11, 15, 8, 12, 12, 2, 11, 10, 11, 15, 12, 12, 12, 2, 11, 10, 11, 15, 15, 12, 3, 12, 10, 9, 11, 7, 6, 12, 6, 14, 13, 9, 14, 6, 7, 9, 7, 14, 6, 9, 1, 9, 14, 14, 14, 14, 6, 9, 7, 6, 9, 4, 19, 13, 6, 9, 13, 15, 6, 9, 14, 7, 6, 9, 13, 7, 7]
bestever    2061    in generation 890
[1, 1, 16, 18, 18, 16, 1, 13, 17, 13, 17, 1, 4, 18, 19, 19, 1, 3, 13, 13, 18, 5, 18, 20, 16, 17, 1, 4, 3, 18, 19, 19, 19, 20, 17, 13, 20, 4, 20, 20, 11, 20, 20, 14, 13, 16, 20, 17, 1, 4, 4, 11, 20, 19, 16, 19, 5, 20, 5, 8, 18, 4, 10, 18, 16, 5, 18, 5, 8, 2, 10, 2, 4, 17, 3, 1, 4, 17, 8, 3, 7, 15, 7, 3, 8, 3, 17, 5, 10, 2, 8, 8, 16, 10, 10, 17, 11, 12, 17, 2, 18, 8, 15, 19, 15, 16, 19, 2, 16, 5, 5, 10, 2, 5, 8, 10, 15, 2, 3, 3, 1, 16, 3, 14, 8, 15, 12, 2, 5, 11, 11, 15, 8, 12, 12, 2, 11, 10, 11, 15, 12, 12, 12, 2, 11, 10, 11, 15, 15, 12, 3, 12, 10, 11, 7, 12, 6, 14, 13, 9, 14, 6, 7, 9, 7, 14, 6, 9, 1, 9, 14, 14, 14, 6, 7, 6, 9, 4, 14, 6, 7, 6, 9, 4, 19, 9, 13, 6, 9, 13, 15, 6, 9, 14, 7, 6, 9, 13, 7, 7]
bestever    2053    in generation 1003
[1, 1, 18, 16, 18, 16, 1, 13, 17, 13, 17, 1, 4, 18, 19, 19, 1, 3, 13, 13, 18, 5, 18, 20, 16, 17, 1, 4, 3, 18, 19, 19, 19, 20, 17, 13, 20, 4, 20, 20, 11, 20, 20, 14, 16, 19, 17, 1, 4, 4, 11, 20, 19, 16, 20, 5, 20, 18, 8, 18, 4, 10, 11, 5, 16, 5, 18, 5, 8, 2, 10, 2, 4, 17, 3, 1, 4, 17, 8, 3, 7, 15, 3, 8, 3, 17, 5, 10, 2, 8, 8, 16, 10, 10, 17, 11, 12, 17, 2, 6, 18, 8, 15, 19, 15, 16, 19, 2, 16, 5, 5, 10, 2, 5, 8, 10, 15, 2, 3, 3, 1, 4, 16, 3, 14, 8, 15, 7, 13, 7, 12, 2, 5, 11, 11, 15, 8, 12, 12, 2, 11, 10, 15, 12, 12, 12, 2, 11, 10, 11, 15, 15, 12, 3, 12, 10, 9, 11, 7, 6, 12, 6, 14, 13, 9, 14, 6, 7, 9, 7, 14, 6, 9, 1, 9, 14, 14, 14, 14, 6, 7, 6, 9, 4, 19, 9, 13, 6, 9, 13, 15, 6, 9, 14, 7, 6, 9, 13, 7, 7]
bestever    2047    in generation 1058
[1, 1, 18, 16, 18, 16, 1, 13, 17, 13, 17, 1, 4, 18, 19, 19, 1, 3, 13, 13, 18, 5, 18, 20, 16, 17, 1, 4, 3, 18, 19, 19, 19, 20, 17, 13, 20, 4, 20, 20, 11, 20, 20, 14, 16, 19, 17, 1, 4, 4, 11, 20, 19, 16, 20, 5, 20, 18, 8, 18, 4, 10, 11, 5, 16, 5, 18, 5, 8, 2, 10, 2, 4, 17, 3, 4, 17, 8, 3, 7, 15, 3, 8, 3, 17, 5, 10, 2, 8, 8, 16, 10, 10, 17, 11, 12, 17, 2, 6, 18, 8, 15, 19, 15, 16, 19, 2, 16, 5, 5, 10, 2, 5, 8, 10, 15, 2, 3, 3, 1, 4, 16, 3, 14, 8, 15, 7, 13, 7, 2, 5, 11, 11, 15, 12, 8, 12, 12, 2, 11, 10, 15, 12, 12, 12, 2, 11, 10, 11, 15, 15, 12, 3, 12, 10, 11, 7, 12, 6, 14, 9, 14, 6, 9, 6, 9, 14, 6, 9, 1, 4, 7, 1, 9, 14, 14, 14, 14, 6, 7, 6, 9, 19, 9, 13, 6, 9, 13, 15, 6, 9, 14, 6, 9, 7, 13, 7, 13, 7, 7]
bestever    2037    in generation 1068
[1, 1, 18, 16, 18, 16, 1, 13, 17, 13, 17, 1, 4, 18, 19, 19, 1, 3, 13, 13, 18, 5, 18, 20, 16, 17, 1, 4, 3, 18, 19, 19, 19, 20, 17, 13, 20, 4, 20, 20, 11, 20, 20, 14, 16, 19, 17, 1, 4, 4, 11, 20, 19, 16, 20, 5, 20, 18, 8, 18, 4, 10, 5, 16, 5, 18, 5, 8, 2, 10, 2, 4, 17, 3, 4, 17, 8, 3, 7, 15, 3, 8, 3, 17, 5, 10, 2, 8, 8, 16, 10, 10, 17, 11, 12, 17, 2, 6, 18, 8, 15, 19, 15, 16, 19, 2, 16, 5, 5, 2, 5, 8, 10, 15, 2, 3, 3, 1, 4, 16, 3, 14, 8, 15, 7, 13, 7, 5, 11, 2, 11, 10, 11, 15, 12, 8, 12, 12, 2, 11, 10, 15, 12, 12, 12, 2, 11, 10, 11, 15, 15, 12, 3, 12, 10, 11, 7, 12, 6, 14, 9, 14, 6, 9, 6, 9, 14, 6, 9, 1, 4, 7, 1, 9, 14, 14, 14, 14, 6, 7, 6, 9, 19, 9, 13, 6, 9, 13, 15, 6, 9, 14, 6, 9, 7, 13, 7, 13, 7, 7]
bestever    2023    in generation 1078
[1, 1, 18, 16, 18, 16, 1, 13, 17, 13, 17, 1, 4, 18, 19, 19, 1, 3, 13, 13, 18, 5, 18, 20, 16, 17, 1, 4, 3, 18, 19, 19, 19, 20, 17, 20, 4, 20, 20, 11, 20, 20, 14, 16, 19, 17, 1, 4, 4, 11, 20, 19, 16, 20, 5, 20, 18, 8, 18, 4, 10, 5, 16, 5, 18, 5, 8, 2, 10, 2, 4, 17, 3, 4, 17, 8, 3, 15, 3, 8, 3, 17, 5, 10, 2, 8, 8, 16, 10, 10, 17, 11, 13, 7, 12, 17, 2, 6, 18, 8, 15, 19, 15, 16, 19, 2, 16, 5, 5, 2, 5, 8, 10, 15, 2, 3, 3, 1, 4, 16, 3, 14, 8, 15, 7, 13, 7, 5, 11, 2, 11, 10, 11, 15, 12, 8, 12, 12, 2, 11, 10, 15, 12, 12, 12, 2, 11, 10, 11, 15, 15, 12, 3, 12, 10, 11, 7, 12, 6, 14, 9, 14, 6, 9, 6, 9, 14, 6, 9, 1, 4, 7, 1, 9, 14, 14, 14, 14, 6, 7, 6, 9, 19, 9, 13, 6, 9, 13, 15, 6, 9, 14, 6, 9, 7, 13, 7, 13, 7, 7]
bestever    1994    in generation 1125
[1, 1, 18, 16, 18, 16, 1, 13, 17, 13, 17, 1, 4, 18, 19, 19, 3, 13, 13, 18, 5, 18, 20, 16, 17, 1, 4, 3, 18, 19, 19, 19, 20, 17, 20, 4, 20, 20, 11, 20, 20, 14, 16, 19, 17, 1, 4, 4, 11, 20, 19, 16, 20, 5, 20, 18, 8, 18, 4, 10, 5, 16, 5, 18, 5, 8, 2, 10, 2, 4, 17, 3, 4, 17, 8, 3, 15, 3, 8, 3, 17, 5, 10, 2, 8, 8, 16, 10, 10, 17, 11, 13, 7, 12, 17, 2, 6, 18, 8, 15, 19, 15, 16, 19, 2, 16, 5, 5, 2, 5, 8, 10, 15, 2, 3, 3, 1, 4, 16, 3, 14, 8, 15, 7, 13, 7, 5, 11, 2, 11, 10, 11, 15, 12, 8, 12, 12, 2, 11, 10, 15, 12, 12, 12, 2, 11, 10, 11, 15, 15, 12, 3, 12, 10, 11, 7, 12, 6, 14, 14, 6, 9, 6, 9, 14, 6, 9, 1, 4, 7, 1, 9, 1, 9, 14, 14, 14, 14, 6, 7, 6, 9, 19, 9, 13, 6, 9, 13, 15, 6, 9, 14, 6, 9, 7, 13, 7, 13, 7, 7]
bestever    1976    in generation 1135
[1, 1, 18, 16, 18, 16, 1, 13, 17, 13, 17, 1, 4, 18, 19, 19, 3, 13, 13, 18, 5, 18, 20, 16, 17, 1, 4, 3, 18, 19, 19, 19, 20, 17, 20, 4, 20, 20, 11, 20, 20, 14, 16, 19, 17, 1, 4, 4, 11, 20, 19, 16, 20, 5, 20, 18, 8, 18, 4, 10, 5, 16, 5, 18, 5, 8, 2, 10, 2, 4, 17, 3, 4, 17, 8, 3, 15, 8, 17, 5, 10, 2, 8, 8, 16, 10, 10, 17, 11, 7, 12, 17, 6, 18, 8, 15, 19, 15, 16, 19, 2, 16, 5, 5, 2, 5, 8, 10, 15, 2, 3, 3, 2, 3, 3, 1, 4, 16, 3, 14, 8, 15, 7, 7, 5, 11, 2, 11, 10, 11, 15, 12, 8, 12, 12, 2, 11, 10, 15, 12, 12, 12, 2, 11, 10, 11, 15, 15, 12, 3, 12, 10, 11, 7, 12, 6, 14, 14, 6, 9, 6, 9, 14, 6, 9, 1, 4, 7, 1, 9, 1, 9, 14, 14, 14, 14, 6, 7, 6, 9, 19, 9, 13, 13, 13, 6, 9, 13, 15, 6, 9, 14, 6, 9, 7, 13, 7, 13, 7, 7]
bestever    1962    in generation 1152
[1, 1, 18, 16, 18, 16, 1, 13, 17, 13, 17, 1, 4, 18, 19, 19, 3, 18, 5, 18, 20, 16, 17, 1, 4, 3, 18, 19, 19, 19, 20, 17, 20, 4, 20, 20, 11, 20, 20, 14, 16, 19, 17, 1, 4, 4, 11, 20, 19, 16, 20, 5, 20, 18, 8, 18, 4, 10, 5, 16, 5, 18, 5, 8, 2, 10, 2, 4, 17, 3, 4, 17, 8, 3, 15, 8, 17, 5, 10, 2, 8, 8, 16, 10, 10, 17, 11, 7, 12, 17, 6, 18, 8, 15, 19, 15, 16, 19, 2, 16, 5, 5, 2, 5, 8, 10, 15, 2, 3, 3, 2, 3, 3, 1, 4, 16, 3, 14, 8, 15, 5, 11, 2, 11, 10, 11, 15, 12, 8, 12, 12, 2, 11, 10, 15, 12, 12, 12, 2, 11, 10, 11, 15, 15, 12, 3, 12, 10, 11, 7, 12, 6, 14, 14, 6, 9, 6, 9, 14, 6, 9, 1, 4, 7, 1, 9, 1, 7, 13, 14, 14, 14, 14, 6, 7, 6, 9, 19, 9, 13, 13, 13, 6, 9, 13, 15, 6, 9, 14, 6, 9, 7, 13, 9, 7, 13, 7, 13, 7, 7]
bestever    1954    in generation 1163
[1, 1, 18, 16, 18, 16, 1, 17, 17, 1, 4, 18, 19, 19, 3, 18, 5, 18, 20, 16, 17, 1, 4, 3, 18, 19, 19, 19, 20, 17, 20, 4, 20, 20, 11, 20, 20, 14, 16, 19, 17, 1, 4, 4, 11, 20, 19, 16, 20, 5, 20, 18, 8, 18, 4, 10, 5, 16, 5, 18, 5, 8, 2, 10, 2, 4, 17, 3, 4, 17, 8, 3, 15, 8, 17, 5, 10, 2, 8, 8, 16, 10, 10, 17, 11, 12, 17, 6, 18, 8, 15, 19, 15, 16, 19, 2, 16, 5, 5, 2, 5, 8, 10, 15, 2, 3, 3, 2, 3, 3, 1, 4, 16, 3, 14, 8, 15, 5, 11, 2, 11, 10, 11, 15, 12, 8, 12, 12, 2, 11, 10, 15, 7, 7, 13, 13, 7, 12, 12, 12, 2, 11, 10, 11, 15, 15, 12, 3, 12, 10, 11, 7, 12, 6, 14, 14, 6, 9, 6, 4, 1, 1, 14, 7, 9, 13, 9, 13, 6, 9, 1, 9, 14, 14, 14, 14, 6, 7, 6, 9, 19, 9, 13, 13, 13, 6, 9, 13, 15, 6, 9, 14, 6, 9, 7, 13, 7, 13, 7, 7]
bestever    1953    in generation 1196
[1, 1, 18, 16, 18, 16, 1, 17, 17, 1, 4, 18, 19, 19, 3, 18, 5, 18, 20, 16, 17, 1, 4, 3, 18, 19, 19, 19, 20, 17, 20, 4, 20, 20, 11, 20, 20, 16, 19, 17, 1, 4, 4, 11, 20, 19, 16, 20, 5, 20, 18, 8, 18, 4, 10, 5, 16, 5, 18, 5, 8, 2, 10, 2, 4, 17, 3, 4, 17, 8, 3, 15, 8, 17, 5, 10, 2, 8, 8, 16, 10, 10, 17, 11, 12, 17, 18, 8, 15, 19, 15, 16, 19, 2, 16, 5, 5, 2, 5, 8, 10, 15, 2, 3, 3, 2, 3, 3, 1, 4, 16, 3, 8, 15, 5, 11, 2, 11, 10, 11, 15, 12, 8, 12, 12, 2, 11, 10, 15, 7, 7, 13, 13, 7, 12, 12, 12, 2, 11, 10, 11, 15, 15, 12, 3, 12, 10, 11, 7, 12, 6, 14, 6, 9, 6, 4, 14, 14, 14, 6, 1, 1, 14, 7, 9, 9, 6, 9, 1, 9, 14, 14, 14, 14, 6, 7, 19, 13, 13, 6, 9, 9, 13, 13, 13, 6, 9, 13, 15, 6, 9, 14, 6, 9, 7, 13, 7, 13, 7, 7]
bestever    1952    in generation 1205
[1, 1, 18, 16, 18, 16, 1, 17, 17, 1, 4, 18, 19, 19, 3, 18, 5, 18, 20, 16, 17, 1, 4, 3, 18, 19, 19, 19, 20, 17, 20, 4, 20, 20, 11, 20, 20, 16, 19, 17, 1, 4, 4, 11, 20, 19, 16, 20, 5, 20, 18, 8, 18, 4, 10, 5, 16, 5, 18, 5, 8, 2, 10, 2, 4, 17, 3, 4, 17, 8, 3, 15, 8, 17, 5, 10, 2, 8, 8, 16, 10, 10, 17, 11, 12, 17, 18, 8, 15, 19, 15, 16, 19, 2, 16, 5, 5, 2, 5, 8, 10, 15, 2, 3, 3, 2, 3, 3, 1, 4, 16, 3, 8, 15, 5, 11, 2, 11, 10, 11, 15, 12, 8, 12, 12, 2, 11, 10, 15, 7, 7, 13, 7, 12, 12, 12, 2, 11, 10, 11, 15, 15, 12, 3, 12, 10, 11, 12, 6, 14, 6, 9, 6, 4, 14, 14, 14, 6, 1, 1, 13, 14, 7, 9, 9, 6, 9, 1, 9, 14, 14, 14, 14, 6, 7, 19, 13, 13, 6, 9, 9, 13, 13, 13, 6, 9, 13, 15, 6, 9, 14, 6, 9, 7, 7, 13, 7, 13, 7, 7]
bestever    1935    in generation 1270
[1, 1, 18, 16, 18, 16, 1, 17, 17, 1, 4, 18, 19, 19, 3, 18, 5, 18, 20, 16, 17, 1, 4, 3, 18, 19, 19, 19, 20, 17, 20, 4, 20, 20, 11, 20, 20, 16, 19, 17, 4, 4, 11, 20, 19, 16, 20, 5, 20, 18, 8, 18, 4, 10, 5, 16, 5, 18, 5, 8, 2, 10, 2, 4, 17, 3, 4, 17, 8, 3, 15, 8, 17, 5, 10, 2, 8, 8, 16, 10, 10, 17, 11, 12, 17, 18, 8, 15, 19, 15, 16, 19, 2, 16, 5, 5, 2, 5, 8, 10, 15, 2, 3, 3, 2, 3, 3, 1, 4, 16, 3, 8, 15, 5, 11, 2, 11, 10, 11, 15, 12, 8, 12, 12, 2, 11, 10, 15, 12, 12, 12, 2, 11, 10, 11, 15, 15, 12, 3, 12, 10, 11, 12, 6, 14, 6, 9, 6, 4, 14, 14, 14, 6, 1, 1, 14, 9, 1, 9, 6, 9, 1, 9, 14, 14, 14, 14, 6, 19, 13, 13, 6, 9, 9, 13, 13, 13, 6, 9, 13, 15, 6, 9, 14, 6, 9, 7, 13, 7, 13, 7, 7, 7, 7, 7, 13, 7, 13, 7, 7]
bestever    1934    in generation 1521
[1, 1, 18, 16, 18, 16, 1, 19, 17, 1, 4, 18, 19, 17, 3, 18, 5, 18, 20, 16, 17, 1, 4, 3, 18, 19, 19, 19, 20, 17, 20, 4, 20, 20, 11, 20, 20, 16, 19, 13, 17, 4, 4, 11, 20, 19, 16, 20, 5, 20, 18, 8, 18, 4, 10, 5, 16, 5, 18, 5, 17, 8, 2, 10, 2, 4, 17, 9, 3, 4, 17, 8, 3, 15, 8, 6, 17, 5, 10, 2, 8, 8, 16, 10, 10, 17, 11, 12, 18, 8, 15, 19, 15, 16, 19, 2, 16, 5, 5, 7, 5, 2, 8, 10, 15, 2, 3, 14, 2, 3, 2, 3, 3, 1, 4, 16, 3, 8, 15, 5, 11, 2, 11, 10, 11, 15, 12, 8, 12, 12, 2, 11, 10, 15, 12, 12, 12, 11, 10, 11, 15, 15, 12, 3, 12, 10, 7, 11, 12, 6, 14, 6, 14, 14, 14, 6, 1, 1, 4, 9, 1, 9, 6, 9, 1, 9, 14, 14, 14, 14, 6, 19, 13, 13, 6, 9, 9, 13, 13, 6, 9, 13, 15, 6, 9, 14, 6, 9, 7, 13, 7, 13, 7, 7, 7, 7, 13, 13, 7, 7]
bestever    1931    in generation 1587
[1, 1, 18, 16, 18, 16, 1, 19, 17, 1, 4, 18, 19, 17, 3, 18, 5, 18, 20, 16, 17, 1, 4, 3, 18, 19, 19, 19, 20, 17, 20, 4, 20, 20, 11, 20, 20, 16, 19, 13, 17, 4, 4, 11, 20, 19, 16, 20, 5, 20, 18, 8, 18, 4, 10, 5, 16, 5, 18, 5, 17, 8, 2, 10, 2, 4, 17, 9, 3, 4, 17, 8, 3, 15, 8, 6, 17, 5, 10, 2, 8, 8, 16, 10, 10, 17, 11, 12, 18, 8, 15, 19, 15, 16, 19, 2, 16, 5, 5, 7, 5, 2, 8, 10, 15, 2, 3, 14, 2, 3, 2, 3, 3, 1, 4, 16, 3, 8, 15, 5, 11, 2, 11, 10, 11, 15, 12, 8, 12, 12, 2, 11, 10, 15, 12, 12, 12, 11, 10, 11, 15, 15, 12, 3, 12, 10, 7, 11, 12, 14, 6, 14, 14, 14, 6, 1, 1, 4, 9, 1, 9, 6, 9, 1, 9, 14, 14, 14, 14, 6, 6, 19, 13, 13, 6, 9, 9, 7, 7, 7, 7, 13, 13, 13, 13, 6, 9, 13, 15, 6, 9, 14, 6, 9, 7, 7, 7, 7, 13, 13]
bestever    1922    in generation 1695
[1, 1, 18, 16, 18, 16, 1, 19, 17, 1, 4, 18, 19, 17, 3, 18, 5, 18, 20, 16, 17, 1, 4, 3, 18, 19, 19, 19, 20, 17, 20, 4, 20, 20, 11, 20, 20, 16, 19, 13, 17, 4, 19, 4, 11, 20, 19, 16, 20, 5, 20, 18, 8, 18, 4, 10, 5, 16, 5, 18, 5, 17, 8, 2, 10, 2, 4, 17, 9, 3, 4, 17, 8, 3, 15, 8, 6, 17, 5, 10, 2, 8, 8, 16, 10, 10, 17, 11, 12, 18, 8, 15, 19, 15, 16, 19, 2, 16, 5, 5, 7, 5, 2, 8, 10, 15, 2, 3, 14, 2, 3, 2, 3, 3, 1, 4, 16, 3, 15, 8, 5, 11, 2, 11, 10, 11, 15, 8, 2, 12, 12, 10, 11, 15, 12, 12, 12, 11, 10, 11, 15, 15, 12, 12, 3, 12, 10, 7, 11, 12, 14, 6, 14, 14, 14, 6, 1, 1, 4, 9, 1, 9, 6, 9, 1, 9, 14, 14, 14, 14, 6, 6, 13, 13, 6, 9, 9, 7, 7, 7, 7, 13, 13, 13, 13, 6, 9, 13, 15, 6, 9, 14, 6, 9, 7, 7, 7, 7, 13, 13]
bestever    1918    in generation 1812
[1, 1, 18, 16, 18, 16, 1, 19, 17, 1, 4, 18, 19, 17, 3, 18, 5, 18, 20, 16, 17, 1, 4, 3, 18, 19, 19, 19, 20, 17, 18, 20, 4, 20, 20, 11, 20, 20, 16, 19, 13, 17, 4, 19, 4, 11, 20, 19, 16, 20, 5, 20, 8, 18, 4, 10, 5, 16, 5, 18, 5, 17, 8, 2, 10, 2, 4, 17, 9, 3, 4, 17, 8, 3, 15, 8, 14, 17, 5, 10, 2, 8, 8, 16, 10, 10, 17, 11, 12, 18, 8, 15, 19, 15, 16, 19, 2, 16, 5, 5, 7, 5, 2, 8, 10, 15, 2, 3, 14, 2, 3, 2, 3, 3, 1, 4, 16, 3, 15, 8, 5, 11, 2, 11, 10, 11, 15, 8, 2, 12, 12, 10, 11, 15, 12, 12, 12, 11, 10, 11, 15, 15, 12, 12, 3, 12, 10, 7, 11, 6, 12, 14, 6, 14, 14, 6, 6, 1, 1, 4, 9, 1, 9, 6, 9, 1, 9, 14, 14, 14, 14, 6, 6, 13, 13, 9, 9, 7, 7, 7, 7, 13, 13, 13, 13, 6, 9, 13, 15, 6, 9, 14, 6, 9, 7, 7, 7, 7, 13, 13]
bestever    1916    in generation 1814
[1, 1, 18, 16, 18, 16, 1, 19, 17, 1, 4, 18, 19, 17, 3, 18, 5, 18, 20, 16, 17, 1, 4, 3, 18, 19, 19, 19, 20, 17, 18, 20, 4, 20, 20, 11, 20, 20, 16, 19, 17, 4, 19, 4, 11, 20, 19, 16, 20, 5, 20, 8, 18, 4, 10, 5, 16, 5, 18, 5, 17, 8, 2, 10, 13, 2, 4, 17, 9, 3, 4, 17, 8, 3, 15, 8, 14, 17, 5, 10, 2, 8, 8, 16, 10, 10, 17, 11, 12, 18, 8, 15, 19, 15, 16, 19, 2, 16, 5, 5, 7, 5, 2, 8, 10, 15, 2, 3, 14, 2, 3, 2, 3, 3, 1, 4, 16, 3, 15, 8, 5, 11, 2, 11, 10, 11, 15, 8, 2, 12, 12, 10, 11, 15, 12, 12, 12, 11, 10, 11, 15, 15, 12, 12, 3, 12, 10, 7, 11, 6, 12, 14, 6, 14, 14, 6, 6, 1, 1, 4, 9, 1, 9, 6, 9, 1, 9, 14, 14, 14, 14, 6, 6, 13, 13, 9, 9, 7, 7, 7, 7, 13, 13, 13, 13, 6, 9, 13, 15, 6, 9, 14, 6, 9, 7, 7, 7, 7, 13, 13]
bestever    1910    in generation 1946
[1, 1, 18, 16, 18, 16, 1, 19, 17, 1, 4, 18, 19, 17, 3, 18, 5, 18, 20, 16, 17, 1, 4, 3, 18, 19, 19, 19, 20, 17, 18, 20, 5, 4, 20, 20, 11, 20, 20, 16, 19, 17, 4, 19, 4, 11, 20, 19, 16, 20, 5, 20, 8, 18, 4, 10, 5, 16, 18, 5, 17, 8, 2, 10, 2, 4, 17, 9, 3, 4, 17, 8, 13, 3, 15, 8, 14, 17, 5, 10, 2, 8, 8, 16, 10, 10, 17, 11, 12, 18, 10, 8, 15, 19, 15, 16, 19, 2, 16, 5, 5, 7, 5, 2, 8, 15, 2, 3, 14, 2, 3, 2, 3, 3, 1, 4, 16, 3, 15, 8, 5, 11, 2, 11, 10, 11, 15, 8, 2, 12, 12, 10, 11, 15, 12, 12, 12, 11, 10, 11, 15, 15, 12, 12, 3, 12, 10, 7, 11, 6, 12, 14, 6, 14, 14, 6, 6, 1, 1, 4, 9, 1, 9, 6, 9, 1, 9, 14, 14, 14, 14, 6, 6, 13, 13, 9, 9, 7, 7, 7, 7, 13, 13, 13, 13, 6, 9, 13, 15, 6, 9, 14, 6, 9, 7, 7, 7, 7, 13, 13]
bestever    1904    in generation 2339
[1, 1, 18, 16, 18, 16, 1, 19, 19, 20, 17, 18, 20, 5, 4, 20, 20, 11, 20, 20, 16, 4, 19, 17, 1, 4, 18, 18, 19, 17, 20, 3, 5, 4, 3, 18, 19, 19, 17, 4, 19, 4, 11, 20, 19, 16, 18, 20, 8, 10, 5, 16, 18, 5, 17, 8, 2, 10, 2, 4, 17, 9, 3, 15, 19, 8, 14, 17, 5, 10, 2, 4, 17, 5, 18, 20, 16, 17, 1, 8, 8, 13, 3, 8, 16, 10, 10, 17, 11, 12, 18, 10, 8, 15, 19, 15, 16, 2, 16, 5, 5, 7, 5, 2, 8, 11, 2, 3, 14, 2, 3, 2, 3, 3, 1, 4, 16, 3, 15, 8, 5, 15, 2, 11, 10, 11, 15, 8, 2, 12, 12, 11, 12, 12, 6, 10, 11, 15, 10, 11, 15, 15, 12, 12, 10, 7, 11, 6, 12, 14, 6, 1, 14, 3, 12, 6, 6, 1, 14, 1, 4, 9, 1, 9, 6, 9, 14, 9, 14, 14, 14, 6, 6, 13, 13, 9, 9, 7, 7, 7, 7, 13, 13, 13, 13, 6, 9, 13, 15, 6, 9, 14, 12, 9, 7, 7, 7, 7, 13, 13]
bestever    1902    in generation 2423
[1, 1, 18, 16, 18, 16, 1, 19, 19, 20, 17, 18, 20, 5, 18, 20, 20, 11, 20, 20, 16, 4, 19, 17, 1, 4, 18, 18, 19, 17, 20, 3, 5, 4, 3, 18, 19, 19, 17, 4, 19, 4, 11, 20, 19, 16, 4, 20, 8, 10, 5, 16, 18, 5, 17, 8, 2, 10, 2, 4, 17, 9, 3, 15, 19, 8, 14, 17, 5, 10, 2, 4, 17, 5, 18, 20, 16, 17, 1, 8, 8, 13, 3, 8, 16, 10, 10, 17, 11, 12, 18, 10, 8, 15, 19, 15, 16, 2, 16, 5, 5, 7, 5, 2, 8, 11, 2, 3, 14, 2, 3, 2, 3, 3, 1, 4, 16, 3, 15, 8, 5, 15, 2, 11, 10, 11, 15, 8, 2, 12, 12, 11, 12, 12, 6, 10, 11, 15, 10, 11, 15, 15, 12, 12, 10, 7, 11, 6, 12, 14, 6, 1, 14, 3, 12, 6, 6, 1, 14, 1, 4, 9, 1, 9, 6, 9, 14, 9, 14, 14, 14, 6, 6, 13, 13, 9, 9, 7, 7, 7, 7, 13, 13, 13, 13, 6, 9, 13, 15, 6, 9, 14, 12, 9, 7, 7, 7, 7, 13, 13]
bestever    1901    in generation 2472
[1, 1, 18, 16, 18, 16, 1, 19, 19, 20, 5, 18, 20, 5, 18, 20, 20, 11, 20, 20, 16, 4, 19, 17, 1, 4, 18, 18, 19, 17, 20, 3, 5, 4, 3, 18, 19, 19, 17, 4, 19, 4, 11, 20, 19, 16, 4, 20, 8, 10, 5, 16, 18, 5, 17, 8, 2, 10, 2, 4, 17, 9, 3, 15, 19, 8, 14, 17, 17, 10, 2, 4, 17, 5, 18, 20, 16, 17, 1, 8, 8, 3, 8, 16, 10, 10, 17, 11, 12, 18, 10, 8, 15, 19, 15, 16, 2, 16, 5, 5, 7, 5, 2, 8, 11, 2, 3, 14, 2, 3, 2, 3, 3, 1, 4, 16, 13, 3, 15, 8, 5, 15, 2, 11, 10, 11, 15, 8, 2, 12, 12, 11, 12, 12, 6, 10, 10, 11, 15, 11, 15, 15, 12, 12, 10, 7, 11, 6, 12, 14, 6, 1, 14, 3, 12, 6, 6, 1, 14, 1, 4, 9, 1, 9, 6, 9, 14, 9, 14, 14, 14, 6, 6, 13, 13, 9, 9, 7, 7, 7, 7, 13, 13, 13, 6, 9, 15, 6, 9, 14, 12, 7, 9, 7, 13, 13, 7, 7, 13, 13]
bestever    1895    in generation 2536
[1, 1, 18, 16, 18, 1, 19, 19, 20, 5, 18, 20, 5, 18, 20, 20, 11, 20, 20, 16, 4, 19, 17, 1, 4, 18, 18, 19, 17, 20, 3, 5, 4, 3, 18, 19, 19, 17, 4, 19, 4, 11, 20, 19, 16, 4, 20, 8, 10, 5, 16, 18, 5, 17, 8, 2, 10, 2, 4, 17, 9, 3, 15, 19, 8, 14, 17, 17, 10, 2, 4, 17, 5, 18, 16, 20, 16, 17, 1, 8, 8, 3, 8, 16, 10, 10, 17, 11, 12, 18, 10, 8, 15, 19, 15, 16, 2, 16, 5, 5, 7, 5, 2, 8, 11, 2, 3, 14, 2, 3, 2, 3, 3, 1, 4, 16, 13, 3, 15, 8, 5, 15, 2, 11, 10, 11, 15, 8, 2, 12, 12, 11, 12, 12, 6, 10, 10, 11, 15, 11, 15, 15, 12, 12, 10, 7, 11, 6, 12, 14, 6, 1, 14, 3, 12, 6, 6, 1, 14, 1, 4, 9, 1, 9, 6, 9, 14, 9, 14, 14, 14, 6, 6, 13, 13, 9, 9, 7, 7, 7, 7, 13, 13, 13, 6, 9, 15, 6, 9, 14, 12, 7, 9, 7, 13, 13, 7, 7, 13, 13]
bestever    1886    in generation 3736
[16, 1, 1, 18, 16, 18, 16, 1, 19, 19, 20, 5, 20, 20, 18, 16, 16, 20, 17, 18, 20, 17, 20, 1, 18, 4, 20, 20, 11, 20, 18, 19, 16, 4, 5, 3, 4, 17, 19, 17, 3, 4, 19, 4, 19, 5, 16, 19, 11, 18, 8, 10, 4, 8, 17, 1, 4, 5, 5, 16, 2, 20, 17, 15, 6, 19, 3, 8, 4, 2, 3, 2, 19, 8, 5, 8, 18, 17, 10, 4, 5, 19, 5, 18, 2, 8, 4, 17, 8, 2, 18, 3, 9, 16, 17, 17, 11, 5, 10, 10, 10, 7, 12, 16, 15, 7, 5, 2, 14, 15, 7, 11, 14, 8, 8, 2, 2, 3, 3, 2, 15, 12, 3, 13, 3, 1, 13, 10, 6, 8, 15, 11, 10, 15, 2, 12, 11, 12, 7, 11, 12, 10, 14, 9, 15, 10, 14, 11, 6, 11, 7, 15, 11, 12, 12, 10, 15, 12, 14, 6, 3, 14, 12, 9, 1, 14, 6, 1, 14, 6, 9, 9, 13, 1, 9, 13, 6, 7, 6, 14, 9, 13, 9, 7, 7, 1, 6, 9, 15, 14, 12, 13, 13, 7, 9, 13, 7, 13, 6, 13]
bestever    1884    in generation 3872
[16, 1, 1, 18, 16, 18, 16, 1, 19, 19, 20, 5, 20, 20, 18, 16, 16, 20, 17, 18, 20, 17, 20, 1, 18, 4, 11, 20, 11, 20, 18, 19, 16, 4, 5, 3, 4, 17, 19, 17, 3, 4, 19, 4, 19, 5, 16, 19, 11, 18, 8, 10, 4, 8, 17, 1, 4, 5, 5, 16, 2, 20, 17, 18, 15, 6, 19, 3, 8, 4, 2, 3, 2, 19, 8, 5, 8, 17, 10, 4, 5, 19, 5, 18, 2, 8, 4, 17, 8, 2, 18, 3, 9, 16, 17, 17, 11, 5, 10, 10, 10, 7, 12, 16, 15, 7, 5, 2, 14, 12, 3, 13, 3, 1, 15, 7, 20, 14, 8, 8, 2, 2, 3, 3, 2, 15, 13, 10, 6, 8, 15, 11, 10, 15, 2, 12, 11, 12, 7, 11, 12, 10, 14, 9, 12, 15, 10, 14, 11, 6, 11, 7, 15, 11, 12, 10, 15, 12, 14, 6, 3, 14, 12, 9, 1, 14, 6, 1, 14, 6, 9, 9, 13, 1, 9, 13, 6, 7, 6, 14, 9, 13, 9, 7, 7, 1, 6, 9, 15, 14, 12, 13, 13, 7, 9, 13, 7, 13, 6, 13]
bestever    1880    in generation 3890
[16, 1, 1, 18, 16, 18, 16, 1, 19, 19, 20, 5, 1, 20, 18, 16, 16, 20, 17, 18, 20, 17, 20, 20, 18, 4, 11, 20, 11, 20, 18, 19, 16, 4, 5, 3, 4, 17, 19, 17, 3, 4, 19, 4, 19, 5, 16, 19, 11, 18, 8, 10, 4, 8, 17, 1, 4, 5, 5, 16, 2, 20, 17, 18, 15, 6, 19, 3, 8, 4, 2, 3, 2, 19, 8, 5, 8, 17, 10, 4, 5, 19, 5, 18, 2, 8, 4, 17, 8, 2, 18, 3, 9, 16, 17, 17, 11, 5, 10, 10, 10, 7, 12, 16, 15, 7, 5, 2, 14, 12, 3, 13, 3, 1, 15, 7, 20, 14, 8, 8, 2, 2, 3, 3, 2, 15, 13, 10, 6, 8, 15, 11, 10, 15, 2, 12, 11, 12, 7, 11, 12, 10, 14, 9, 12, 15, 10, 14, 11, 6, 11, 7, 15, 11, 12, 10, 15, 12, 14, 6, 3, 14, 12, 9, 1, 14, 6, 1, 14, 6, 9, 9, 13, 1, 9, 13, 6, 7, 6, 14, 9, 13, 9, 7, 7, 1, 6, 9, 15, 14, 12, 13, 13, 7, 9, 13, 7, 13, 6, 13]
bestever    1874    in generation 4184
[1, 16, 1, 18, 16, 18, 16, 1, 19, 19, 20, 5, 1, 20, 18, 16, 16, 20, 17, 18, 20, 17, 20, 18, 20, 4, 11, 20, 11, 20, 18, 19, 16, 4, 5, 4, 3, 17, 19, 17, 3, 4, 19, 4, 19, 5, 16, 19, 11, 18, 17, 8, 10, 4, 8, 17, 1, 4, 5, 5, 16, 2, 20, 17, 18, 15, 6, 19, 3, 8, 4, 2, 3, 2, 19, 8, 5, 8, 17, 10, 4, 5, 19, 5, 18, 2, 8, 4, 8, 2, 18, 3, 9, 16, 17, 17, 11, 5, 10, 10, 10, 7, 12, 16, 15, 7, 5, 2, 14, 6, 12, 3, 13, 3, 1, 15, 7, 20, 14, 8, 8, 2, 2, 3, 3, 2, 15, 13, 10, 6, 8, 15, 11, 10, 15, 2, 12, 11, 12, 7, 11, 12, 10, 14, 9, 12, 15, 10, 14, 11, 6, 11, 7, 15, 11, 1, 14, 6, 9, 9, 13, 1, 9, 6, 12, 10, 3, 15, 1, 12, 14, 6, 14, 12, 9, 14, 7, 6, 14, 9, 13, 9, 7, 1, 6, 9, 15, 14, 12, 13, 13, 7, 13, 7, 9, 13, 7, 13, 6, 13]
bestever    1871    in generation 4291
[1, 16, 1, 18, 16, 18, 16, 1, 19, 19, 20, 5, 1, 20, 18, 16, 16, 20, 17, 18, 20, 17, 20, 18, 20, 4, 11, 20, 11, 20, 18, 19, 16, 4, 5, 4, 3, 17, 19, 17, 3, 4, 19, 4, 19, 5, 16, 19, 11, 18, 17, 8, 10, 4, 8, 17, 1, 4, 5, 5, 16, 2, 20, 17, 18, 15, 6, 19, 3, 8, 4, 2, 3, 2, 19, 8, 5, 8, 17, 10, 4, 5, 19, 5, 18, 2, 8, 4, 8, 2, 18, 3, 9, 16, 17, 17, 11, 5, 10, 10, 10, 7, 12, 16, 15, 7, 5, 2, 14, 6, 12, 3, 13, 3, 1, 15, 11, 7, 20, 14, 8, 8, 2, 2, 3, 3, 2, 15, 10, 6, 13, 8, 15, 11, 10, 15, 2, 12, 1, 12, 7, 11, 12, 10, 14, 9, 12, 15, 10, 14, 11, 6, 11, 7, 15, 11, 14, 6, 9, 9, 13, 1, 9, 6, 12, 10, 3, 15, 1, 12, 14, 6, 14, 12, 9, 14, 7, 6, 14, 9, 13, 9, 7, 1, 6, 9, 15, 14, 12, 13, 13, 7, 13, 7, 9, 13, 7, 13, 6, 13]
bestever    1865    in generation 4328
[1, 16, 1, 18, 16, 18, 16, 1, 19, 19, 20, 5, 1, 20, 18, 16, 16, 20, 17, 18, 20, 17, 20, 18, 20, 4, 11, 20, 11, 20, 18, 19, 16, 4, 5, 4, 3, 17, 19, 17, 3, 4, 19, 4, 19, 5, 16, 19, 11, 18, 17, 8, 10, 4, 8, 17, 1, 4, 5, 5, 16, 2, 20, 17, 18, 15, 6, 19, 3, 8, 4, 2, 3, 2, 19, 8, 5, 8, 17, 10, 4, 5, 19, 5, 18, 2, 8, 4, 8, 2, 18, 3, 9, 16, 17, 17, 11, 5, 10, 10, 10, 7, 12, 16, 15, 5, 2, 14, 6, 12, 3, 13, 3, 1, 15, 11, 7, 20, 14, 8, 8, 2, 2, 3, 3, 2, 15, 10, 6, 13, 8, 15, 11, 10, 15, 2, 12, 1, 12, 7, 11, 12, 10, 14, 12, 15, 10, 11, 11, 7, 11, 6, 9, 9, 13, 9, 6, 10, 15, 1, 6, 14, 12, 9, 14, 7, 3, 15, 1, 12, 14, 6, 14, 12, 9, 14, 7, 6, 14, 9, 13, 9, 7, 1, 6, 9, 15, 14, 12, 13, 13, 7, 13, 7, 9, 13, 7, 13, 6, 13]
bestever    1859    in generation 4425
[1, 16, 1, 18, 16, 18, 16, 1, 19, 19, 20, 5, 1, 20, 18, 16, 16, 20, 17, 18, 20, 17, 20, 18, 20, 4, 11, 20, 11, 20, 18, 19, 16, 4, 5, 4, 3, 17, 19, 17, 3, 4, 19, 4, 11, 5, 16, 19, 19, 18, 17, 8, 10, 4, 8, 17, 1, 4, 5, 5, 16, 2, 20, 17, 18, 15, 6, 19, 3, 8, 4, 2, 3, 2, 19, 8, 5, 8, 17, 10, 4, 5, 19, 5, 18, 2, 8, 4, 8, 2, 18, 3, 9, 16, 17, 17, 11, 5, 10, 10, 10, 7, 12, 16, 15, 5, 2, 14, 6, 12, 3, 13, 3, 1, 15, 11, 7, 20, 14, 8, 8, 2, 2, 3, 3, 2, 15, 10, 6, 13, 8, 15, 11, 10, 15, 2, 12, 1, 12, 7, 11, 12, 10, 14, 12, 15, 10, 11, 11, 7, 11, 6, 9, 9, 13, 9, 6, 10, 15, 1, 6, 14, 12, 9, 14, 7, 3, 15, 1, 12, 14, 6, 14, 12, 9, 14, 7, 6, 14, 9, 13, 9, 7, 1, 6, 9, 15, 14, 12, 13, 13, 7, 13, 7, 9, 13, 7, 13, 6, 13]
bestever    1858    in generation 4519
[1, 16, 1, 18, 16, 18, 16, 1, 19, 19, 20, 5, 1, 20, 18, 16, 16, 20, 17, 18, 20, 17, 20, 18, 20, 4, 11, 20, 11, 20, 18, 19, 16, 4, 5, 4, 3, 17, 19, 17, 3, 4, 19, 4, 19, 17, 16, 19, 11, 18, 17, 8, 10, 4, 8, 17, 1, 4, 5, 5, 16, 2, 20, 5, 18, 15, 6, 19, 3, 8, 4, 2, 3, 2, 19, 8, 5, 8, 17, 10, 4, 5, 19, 5, 18, 2, 8, 4, 8, 2, 18, 3, 9, 16, 17, 17, 11, 5, 10, 10, 10, 7, 12, 16, 15, 5, 2, 14, 6, 12, 3, 3, 1, 15, 11, 7, 20, 14, 8, 8, 2, 2, 3, 3, 2, 15, 10, 6, 8, 15, 11, 10, 15, 2, 12, 1, 12, 7, 11, 12, 10, 14, 12, 15, 10, 11, 11, 11, 6, 9, 9, 9, 6, 10, 15, 1, 14, 12, 14, 6, 9, 13, 13, 13, 7, 7, 3, 15, 1, 12, 14, 6, 14, 12, 9, 14, 7, 6, 14, 9, 13, 9, 7, 1, 6, 9, 15, 14, 12, 13, 13, 7, 13, 7, 9, 13, 7, 13, 6, 13]
bestever    1856    in generation 4630
[1, 16, 1, 18, 16, 18, 16, 1, 19, 19, 20, 5, 1, 20, 18, 16, 16, 20, 17, 18, 20, 17, 20, 18, 20, 4, 11, 20, 11, 20, 18, 19, 16, 4, 5, 4, 3, 16, 19, 17, 3, 4, 19, 4, 19, 17, 16, 4, 19, 11, 18, 17, 8, 10, 4, 8, 17, 1, 4, 5, 5, 16, 2, 20, 5, 18, 15, 6, 19, 3, 8, 2, 3, 2, 19, 8, 5, 8, 17, 10, 4, 5, 19, 5, 18, 2, 8, 4, 8, 2, 18, 3, 16, 17, 17, 11, 5, 10, 10, 10, 7, 12, 17, 15, 5, 2, 14, 6, 12, 3, 3, 1, 15, 11, 7, 20, 14, 8, 8, 2, 2, 3, 3, 2, 9, 15, 10, 6, 8, 15, 11, 10, 15, 2, 12, 1, 12, 7, 11, 12, 10, 14, 12, 15, 10, 11, 11, 11, 6, 9, 9, 9, 6, 10, 15, 1, 14, 12, 14, 6, 3, 15, 1, 12, 14, 7, 6, 9, 13, 13, 7, 13, 14, 12, 9, 14, 7, 6, 14, 9, 13, 9, 7, 1, 6, 9, 15, 14, 12, 13, 13, 7, 13, 7, 9, 13, 7, 13, 6, 13]
bestever    1855    in generation 5121
[1, 16, 1, 18, 16, 18, 16, 1, 19, 19, 20, 5, 1, 20, 18, 16, 16, 20, 17, 18, 20, 17, 20, 18, 20, 4, 11, 20, 11, 20, 18, 19, 16, 4, 5, 4, 3, 16, 19, 17, 16, 4, 19, 4, 19, 17, 3, 4, 19, 11, 18, 17, 17, 5, 8, 10, 4, 5, 20, 8, 1, 4, 5, 16, 5, 2, 18, 15, 6, 19, 7, 3, 8, 2, 3, 2, 19, 8, 5, 13, 8, 17, 10, 4, 9, 5, 19, 18, 2, 17, 8, 3, 2, 18, 3, 16, 8, 5, 17, 4, 11, 15, 20, 10, 10, 8, 10, 12, 17, 2, 15, 14, 6, 12, 3, 3, 1, 15, 11, 14, 8, 2, 2, 8, 3, 2, 9, 15, 10, 6, 15, 11, 10, 15, 2, 11, 12, 13, 1, 12, 12, 10, 14, 12, 5, 10, 11, 11, 11, 6, 9, 6, 10, 15, 14, 12, 14, 3, 15, 1, 12, 1, 14, 1, 13, 7, 9, 15, 7, 12, 6, 7, 14, 9, 7, 6, 9, 7, 14, 12, 9, 14, 14, 9, 6, 7, 13, 6, 9, 13, 13, 7, 13, 7, 9, 13, 7, 13, 6, 13]
bestever    1850    in generation 5243
[1, 16, 1, 18, 16, 18, 16, 1, 19, 19, 20, 5, 1, 20, 18, 16, 16, 20, 17, 18, 20, 17, 20, 18, 20, 4, 11, 20, 11, 20, 18, 19, 16, 4, 5, 4, 3, 16, 19, 17, 16, 4, 19, 4, 19, 17, 3, 4, 19, 11, 18, 17, 17, 5, 8, 10, 4, 5, 20, 8, 1, 4, 5, 16, 5, 2, 18, 15, 6, 19, 7, 3, 8, 2, 3, 2, 19, 8, 5, 8, 17, 10, 4, 5, 19, 18, 2, 17, 8, 3, 2, 18, 3, 16, 8, 5, 17, 4, 11, 15, 20, 10, 10, 8, 10, 12, 17, 12, 15, 14, 6, 12, 3, 3, 1, 15, 11, 14, 8, 2, 2, 8, 3, 2, 15, 10, 6, 15, 11, 10, 15, 2, 11, 12, 1, 2, 12, 10, 14, 12, 5, 10, 11, 6, 11, 9, 6, 10, 15, 14, 12, 3, 15, 1, 12, 1, 1, 9, 15, 12, 6, 14, 9, 7, 6, 9, 7, 14, 7, 14, 9, 7, 11, 9, 7, 14, 12, 9, 14, 14, 9, 13, 7, 6, 13, 13, 13, 6, 9, 13, 13, 7, 13, 7, 9, 13, 7, 13, 6, 13]
bestever    1845    in generation 5496
[1, 16, 1, 18, 16, 18, 16, 1, 19, 19, 20, 5, 1, 20, 18, 16, 16, 20, 17, 18, 20, 17, 20, 18, 20, 4, 11, 20, 11, 16, 18, 19, 16, 4, 19, 4, 5, 3, 16, 19, 17, 20, 4, 19, 4, 19, 17, 3, 4, 11, 5, 5, 18, 17, 5, 17, 5, 8, 10, 4, 20, 8, 1, 4, 16, 5, 2, 18, 15, 6, 19, 7, 3, 8, 2, 3, 2, 19, 8, 5, 8, 13, 8, 10, 4, 5, 19, 17, 2, 17, 8, 3, 2, 18, 3, 16, 8, 5, 17, 4, 11, 15, 20, 10, 10, 8, 10, 12, 17, 12, 15, 14, 18, 6, 12, 3, 3, 1, 15, 11, 14, 2, 2, 8, 3, 2, 15, 10, 6, 9, 11, 10, 15, 2, 11, 12, 1, 2, 12, 10, 14, 12, 10, 11, 7, 11, 15, 6, 10, 15, 14, 12, 3, 15, 1, 12, 1, 1, 9, 15, 13, 6, 12, 9, 6, 6, 9, 7, 14, 7, 14, 9, 7, 11, 9, 7, 13, 14, 12, 9, 14, 14, 13, 7, 13, 6, 9, 14, 6, 9, 13, 13, 7, 7, 9, 13, 7, 13, 6, 13]
bestever    1838    in generation 5534
[1, 16, 1, 18, 16, 18, 16, 1, 19, 19, 20, 5, 1, 20, 18, 16, 16, 20, 17, 18, 20, 17, 19, 18, 20, 4, 11, 20, 11, 16, 18, 19, 16, 4, 20, 4, 5, 3, 16, 19, 17, 20, 4, 19, 4, 19, 17, 3, 4, 11, 5, 5, 18, 17, 5, 17, 5, 8, 10, 4, 20, 8, 1, 4, 16, 5, 2, 18, 15, 6, 19, 7, 3, 8, 2, 3, 2, 19, 8, 5, 8, 13, 8, 10, 4, 5, 19, 17, 2, 17, 8, 3, 2, 18, 3, 16, 8, 5, 17, 4, 11, 15, 20, 10, 10, 8, 10, 12, 17, 12, 15, 14, 18, 6, 12, 3, 3, 1, 15, 11, 14, 2, 2, 8, 3, 2, 15, 10, 6, 9, 11, 10, 15, 2, 11, 12, 1, 2, 12, 10, 14, 12, 10, 11, 7, 11, 15, 6, 10, 15, 14, 12, 3, 15, 1, 12, 1, 1, 9, 15, 13, 6, 12, 9, 6, 6, 9, 7, 14, 7, 14, 9, 7, 11, 9, 7, 13, 14, 12, 9, 14, 14, 13, 7, 13, 6, 9, 14, 6, 9, 13, 13, 7, 7, 9, 13, 7, 13, 6, 13]
bestever    1836    in generation 5648
[1, 16, 1, 18, 16, 18, 16, 1, 19, 19, 20, 5, 18, 1, 20, 18, 16, 16, 20, 17, 20, 18, 20, 17, 19, 18, 20, 4, 11, 20, 11, 16, 18, 19, 16, 4, 20, 4, 5, 3, 16, 19, 17, 20, 4, 19, 4, 19, 17, 3, 4, 11, 5, 5, 18, 17, 5, 17, 5, 8, 10, 4, 8, 2, 1, 4, 16, 5, 15, 6, 19, 7, 3, 8, 2, 3, 4, 2, 19, 8, 5, 8, 13, 8, 10, 5, 19, 17, 2, 17, 8, 3, 2, 18, 3, 16, 8, 5, 17, 4, 11, 15, 20, 10, 10, 8, 10, 12, 17, 12, 15, 14, 18, 6, 12, 3, 3, 1, 15, 11, 14, 2, 2, 8, 3, 2, 15, 10, 6, 9, 11, 10, 15, 2, 11, 12, 1, 2, 12, 10, 14, 12, 10, 11, 7, 11, 15, 6, 10, 15, 14, 12, 3, 15, 1, 12, 1, 1, 9, 15, 13, 6, 12, 9, 6, 6, 9, 7, 14, 7, 14, 9, 7, 11, 9, 7, 13, 14, 12, 9, 14, 14, 13, 7, 13, 6, 9, 14, 6, 9, 13, 7, 13, 7, 9, 13, 7, 13, 6, 13]
bestever    1834    in generation 6452
[1, 16, 1, 18, 16, 18, 16, 1, 19, 19, 20, 17, 16, 20, 18, 4, 20, 5, 16, 18, 16, 16, 18, 17, 20, 19, 20, 17, 19, 18, 20, 4, 17, 20, 11, 18, 18, 4, 4, 20, 16, 3, 5, 19, 17, 20, 5, 19, 3, 11, 19, 17, 4, 4, 17, 16, 5, 1, 17, 5, 5, 8, 10, 4, 19, 5, 2, 1, 12, 16, 8, 15, 6, 19, 4, 5, 3, 4, 8, 2, 3, 7, 2, 18, 8, 10, 8, 14, 8, 5, 19, 2, 3, 8, 2, 12, 3, 11, 8, 10, 17, 1, 3, 11, 1, 15, 20, 10, 6, 10, 12, 9, 9, 8, 7, 15, 14, 18, 12, 3, 3, 15, 11, 6, 13, 13, 14, 4, 6, 14, 7, 17, 15, 2, 8, 3, 2, 10, 12, 9, 11, 10, 15, 2, 7, 12, 1, 2, 11, 6, 10, 10, 9, 11, 11, 15, 14, 10, 14, 12, 15, 1, 12, 1, 14, 14, 15, 9, 15, 6, 12, 2, 6, 11, 5, 9, 12, 14, 13, 7, 7, 9, 7, 6, 13, 14, 6, 9, 13, 7, 9, 13, 13, 7, 9, 13, 7, 13, 6, 13]
bestever    1831    in generation 7396
[1, 16, 1, 18, 16, 19, 18, 16, 1, 4, 20, 18, 19, 20, 17, 16, 16, 4, 20, 19, 16, 18, 18, 16, 18, 17, 20, 5, 5, 3, 20, 20, 11, 17, 19, 19, 1, 17, 5, 16, 18, 18, 4, 4, 20, 16, 1, 19, 17, 17, 5, 19, 3, 3, 19, 17, 4, 4, 17, 16, 5, 3, 17, 11, 5, 8, 13, 10, 4, 5, 2, 5, 12, 8, 15, 6, 9, 19, 11, 4, 5, 4, 8, 2, 20, 8, 18, 8, 10, 20, 14, 2, 8, 8, 2, 3, 8, 19, 1, 12, 3, 11, 8, 10, 1, 1, 3, 1, 15, 2, 10, 6, 2, 11, 12, 9, 3, 15, 14, 3, 12, 18, 15, 11, 6, 14, 10, 6, 14, 17, 15, 2, 8, 7, 2, 10, 12, 9, 11, 10, 15, 2, 7, 12, 9, 20, 2, 11, 13, 15, 4, 10, 11, 3, 10, 15, 14, 10, 12, 15, 14, 7, 1, 7, 14, 9, 6, 12, 9, 6, 9, 13, 12, 7, 14, 6, 9, 13, 7, 6, 14, 6, 15, 13, 11, 5, 9, 12, 14, 13, 7, 7, 9, 13, 7, 13, 7, 13, 6, 13]
bestever    1826    in generation 7648
[1, 1, 16, 1, 18, 16, 19, 18, 16, 1, 4, 1, 20, 18, 19, 20, 17, 16, 16, 4, 20, 19, 5, 16, 18, 18, 16, 18, 17, 20, 5, 3, 20, 20, 11, 17, 19, 19, 17, 5, 16, 4, 18, 18, 4, 20, 16, 1, 19, 17, 17, 5, 19, 3, 3, 19, 17, 4, 4, 16, 17, 5, 3, 17, 11, 5, 8, 13, 10, 4, 5, 2, 5, 12, 8, 15, 6, 9, 19, 11, 4, 5, 4, 8, 2, 20, 8, 18, 8, 10, 20, 14, 2, 8, 8, 2, 3, 8, 19, 1, 12, 3, 11, 8, 10, 2, 3, 1, 15, 2, 10, 6, 2, 11, 12, 9, 3, 15, 14, 3, 12, 18, 15, 11, 6, 14, 10, 6, 14, 17, 15, 2, 8, 7, 1, 10, 12, 9, 11, 10, 15, 4, 2, 7, 12, 11, 9, 11, 20, 2, 13, 15, 10, 3, 10, 15, 14, 10, 12, 15, 14, 7, 1, 7, 14, 9, 6, 12, 9, 6, 9, 13, 12, 7, 14, 6, 9, 13, 7, 6, 14, 6, 15, 13, 11, 5, 9, 12, 14, 13, 7, 7, 9, 13, 7, 13, 7, 13, 6, 13]
bestever    1821    in generation 7837
[1, 1, 16, 1, 18, 16, 19, 18, 16, 1, 4, 1, 20, 18, 19, 20, 17, 16, 16, 4, 20, 19, 5, 16, 18, 18, 16, 18, 17, 20, 5, 3, 20, 20, 11, 17, 19, 19, 17, 5, 16, 4, 18, 18, 4, 20, 16, 1, 19, 3, 17, 5, 19, 3, 3, 19, 17, 4, 4, 16, 17, 5, 3, 17, 11, 5, 8, 10, 4, 5, 2, 5, 12, 8, 15, 6, 9, 19, 11, 4, 5, 4, 8, 2, 20, 8, 18, 8, 10, 20, 4, 14, 2, 8, 8, 2, 17, 8, 19, 1, 12, 3, 11, 8, 10, 1, 3, 1, 15, 2, 2, 2, 10, 6, 2, 11, 12, 13, 11, 3, 15, 14, 3, 12, 18, 15, 5, 9, 6, 14, 10, 6, 14, 17, 15, 8, 7, 2, 10, 12, 9, 11, 10, 15, 7, 12, 11, 20, 11, 14, 9, 2, 15, 10, 3, 10, 15, 10, 12, 15, 14, 1, 9, 14, 9, 6, 12, 9, 6, 13, 12, 14, 7, 14, 7, 6, 13, 9, 13, 7, 7, 6, 6, 15, 11, 13, 9, 12, 14, 13, 7, 7, 9, 13, 7, 13, 7, 13, 6, 13]
bestever    1818    in generation 8117
[1, 1, 16, 1, 18, 16, 19, 18, 16, 1, 4, 1, 20, 18, 19, 20, 17, 16, 16, 4, 20, 19, 5, 16, 18, 2, 16, 18, 18, 17, 20, 5, 3, 20, 20, 11, 17, 19, 19, 17, 5, 8, 4, 18, 18, 4, 20, 16, 1, 19, 3, 2, 17, 5, 19, 3, 3, 19, 17, 4, 4, 16, 17, 5, 3, 17, 11, 5, 8, 10, 4, 5, 2, 4, 12, 16, 15, 5, 9, 19, 11, 4, 5, 6, 8, 2, 20, 8, 8, 10, 20, 4, 14, 2, 8, 8, 2, 2, 8, 19, 1, 12, 3, 11, 8, 10, 1, 3, 5, 1, 15, 8, 17, 2, 18, 2, 10, 6, 2, 11, 12, 11, 3, 15, 14, 7, 3, 12, 10, 9, 6, 14, 15, 6, 14, 17, 15, 20, 7, 18, 10, 12, 9, 11, 10, 15, 7, 12, 11, 6, 11, 14, 9, 15, 10, 7, 10, 15, 10, 12, 15, 14, 1, 9, 14, 12, 6, 9, 9, 6, 12, 14, 7, 14, 13, 13, 13, 7, 9, 7, 3, 6, 6, 15, 13, 11, 13, 9, 12, 14, 13, 7, 9, 13, 7, 13, 7, 13, 6, 13]
bestever    1810    in generation 8242
[1, 1, 16, 1, 18, 16, 19, 18, 16, 1, 4, 1, 20, 18, 19, 16, 20, 17, 16, 16, 4, 20, 19, 5, 16, 18, 2, 18, 18, 17, 20, 5, 3, 20, 20, 11, 17, 19, 19, 17, 5, 8, 4, 18, 18, 4, 20, 16, 1, 19, 3, 17, 2, 5, 19, 3, 3, 19, 17, 4, 4, 16, 17, 5, 3, 17, 11, 5, 8, 10, 4, 5, 2, 1, 12, 16, 15, 5, 9, 19, 11, 4, 5, 6, 8, 2, 20, 8, 8, 10, 20, 4, 14, 2, 8, 8, 2, 2, 8, 19, 1, 12, 3, 11, 8, 10, 4, 3, 5, 1, 15, 8, 17, 2, 2, 10, 6, 2, 11, 12, 11, 3, 18, 15, 14, 7, 3, 12, 10, 9, 6, 14, 15, 6, 14, 17, 15, 20, 7, 18, 10, 12, 9, 11, 10, 15, 7, 12, 11, 6, 11, 14, 9, 15, 10, 7, 10, 15, 10, 12, 15, 14, 1, 9, 14, 12, 6, 9, 9, 6, 12, 14, 7, 14, 13, 13, 13, 7, 9, 3, 6, 6, 15, 11, 9, 12, 14, 9, 13, 7, 13, 7, 13, 13, 7, 13, 7, 13, 6, 13]
bestever    1803    in generation 8388
[1, 1, 16, 1, 18, 16, 18, 19, 18, 16, 1, 4, 1, 20, 18, 19, 16, 20, 17, 16, 16, 4, 20, 19, 5, 16, 18, 2, 18, 17, 20, 5, 3, 20, 20, 11, 17, 19, 19, 17, 5, 8, 4, 18, 18, 1, 4, 20, 16, 1, 19, 3, 17, 2, 5, 19, 3, 3, 19, 17, 4, 4, 16, 17, 5, 3, 17, 11, 5, 8, 10, 3, 4, 5, 2, 1, 12, 16, 15, 5, 9, 19, 11, 4, 5, 6, 8, 2, 20, 8, 8, 10, 20, 4, 14, 2, 8, 8, 2, 2, 8, 19, 1, 12, 3, 11, 8, 10, 4, 3, 5, 1, 15, 8, 17, 2, 2, 10, 6, 2, 11, 12, 14, 7, 12, 7, 10, 9, 11, 3, 18, 15, 6, 14, 15, 6, 14, 17, 15, 20, 7, 18, 10, 12, 9, 11, 10, 15, 7, 12, 11, 6, 11, 14, 9, 15, 10, 7, 10, 15, 10, 12, 15, 14, 9, 14, 12, 6, 9, 9, 6, 12, 14, 14, 9, 3, 6, 6, 7, 13, 7, 13, 13, 15, 11, 9, 12, 14, 9, 13, 7, 13, 7, 13, 13, 7, 13, 13, 6, 13]
