bestever    3147    in generation 0
[13, 16, 18, 8, 4, 9, 9, 5, 13, 15, 10, 4, 20, 15, 6, 13, 3, 9, 14, 9, 6, 12, 5, 15, 13, 1, 2, 4, 14, 8, 3, 7, 8, 18, 16, 3, 19, 18, 17, 16, 16, 16, 1, 14, 20, 3, 15, 19, 4, 14, 15, 12, 11, 6, 8, 8, 17, 4, 5, 19, 14, 9, 11, 4, 10, 4, 18, 13, 2, 8, 9, 9, 2, 5, 7, 2, 8, 18, 11, 10, 19, 6, 19, 1, 20, 7, 18, 11, 3, 20, 18, 2, 4, 19, 17, 19, 20, 6, 8, 9, 20, 15, 16, 13, 8, 10, 18, 17, 20, 4, 1, 12, 11, 7, 16, 14, 16, 17, 3, 12, 14, 2, 12, 6, 13, 8, 2, 16, 10, 7, 15, 18, 15, 3, 15, 10, 17, 1, 11, 1, 11, 20, 4, 14, 3, 2, 11, 14, 20, 1, 7, 6, 3, 3, 10, 19, 9, 1, 1, 13, 2, 7, 6, 7, 10, 15, 19, 16, 12, 2, 20, 7, 5, 7, 10, 5, 17, 9, 12, 10, 5, 6, 1, 5, 11, 13, 17, 18, 12, 12, 17, 5, 13, 6, 14, 12, 17, 5, 19, 11]
bestever    3138    in generation 4
[7, 2, 20, 2, 12, 3, 2, 20, 13, 19, 20, 3, 10, 19, 15, 11, 10, 11, 19, 11, 4, 3, 17, 7, 5, 3, 7, 16, 7, 17, 18, 5, 8, 18, 16, 3, 19, 18, 17, 16, 16, 16, 1, 14, 20, 3, 15, 19, 4, 14, 15, 12, 11, 6, 8, 8, 17, 4, 5, 19, 14, 9, 11, 4, 10, 4, 18, 13, 2, 8, 9, 9, 2, 5, 7, 2, 8, 18, 11, 10, 19, 6, 19, 1, 20, 7, 18, 11, 3, 20, 18, 2, 4, 19, 17, 19, 20, 6, 8, 9, 20, 15, 16, 13, 8, 10, 18, 17, 20, 4, 1, 12, 11, 7, 16, 14, 16, 17, 3, 12, 14, 2, 12, 6, 13, 8, 2, 16, 10, 7, 15, 18, 2, 6, 18, 1, 15, 3, 12, 16, 8, 9, 10, 8, 5, 7, 15, 5, 20, 13, 14, 6, 15, 9, 13, 4, 14, 9, 13, 5, 9, 13, 1, 3, 17, 4, 1, 4, 1, 17, 1, 17, 5, 13, 6, 12, 14, 1, 6, 15, 7, 6, 14, 5, 12, 12, 12, 10, 6, 14, 9, 9, 1, 11, 5, 10, 10, 15, 11, 13]
bestever    3056    in generation 5
[16, 18, 8, 4, 9, 9, 15, 10, 4, 20, 15, 6, 3, 9, 14, 9, 6, 15, 1, 2, 4, 14, 8, 3, 7, 8, 18, 16, 3, 19, 18, 1, 20, 3, 19, 4, 11, 6, 8, 8, 4, 19, 9, 11, 4, 10, 4, 18, 2, 8, 9, 9, 2, 7, 2, 8, 18, 11, 10, 19, 19, 20, 7, 18, 11, 3, 20, 2, 4, 19, 20, 8, 20, 8, 10, 20, 7, 16, 16, 14, 2, 8, 2, 16, 10, 7, 18, 15, 20, 14, 3, 2, 11, 14, 3, 3, 1, 1, 2, 6, 15, 16, 12, 7, 17, 10, 18, 17, 20, 4, 1, 12, 11, 7, 16, 14, 17, 3, 12, 14, 2, 12, 6, 13, 16, 10, 15, 18, 3, 17, 1, 1, 20, 4, 1, 6, 19, 9, 13, 6, 7, 15, 19, 16, 7, 5, 7, 17, 10, 6, 1, 5, 11, 13, 17, 17, 5, 13, 14, 12, 17, 5, 19, 11, 16, 5, 13, 15, 10, 15, 13, 14, 9, 12, 5, 15, 13, 9, 12, 10, 5, 6, 1, 5, 11, 13, 17, 18, 12, 12, 17, 5, 13, 6, 14, 12, 5, 19, 11, 13]
bestever    3032    in generation 6
[13, 16, 18, 8, 4, 9, 9, 5, 13, 15, 10, 4, 20, 15, 6, 13, 3, 9, 14, 9, 6, 12, 5, 15, 1, 2, 4, 14, 8, 3, 7, 8, 18, 16, 3, 19, 18, 17, 16, 16, 16, 1, 14, 20, 3, 15, 19, 4, 14, 15, 12, 11, 6, 8, 8, 17, 4, 19, 9, 11, 4, 10, 4, 18, 2, 8, 9, 9, 2, 7, 2, 8, 18, 11, 10, 19, 6, 19, 1, 20, 7, 18, 11, 3, 20, 18, 2, 4, 19, 17, 19, 20, 6, 9, 20, 8, 10, 18, 20, 4, 1, 12, 11, 7, 16, 16, 3, 12, 2, 6, 8, 2, 16, 10, 7, 18, 3, 15, 10, 1, 1, 20, 4, 14, 3, 2, 11, 14, 20, 1, 7, 6, 3, 3, 10, 19, 9, 1, 2, 7, 6, 7, 10, 15, 16, 2, 20, 7, 7, 10, 17, 12, 11, 13, 17, 17, 5, 13, 14, 12, 17, 5, 19, 11, 16, 5, 13, 15, 10, 15, 13, 14, 9, 12, 5, 15, 13, 1, 14, 8, 5, 6, 1, 5, 11, 13, 17, 18, 12, 12, 17, 5, 13, 6, 14, 12, 17, 5, 19, 11]
bestever    2873    in generation 9
[13, 16, 18, 8, 4, 9, 9, 15, 10, 4, 20, 15, 6, 13, 3, 9, 14, 9, 6, 12, 15, 1, 2, 4, 14, 8, 3, 7, 8, 18, 16, 3, 19, 18, 17, 16, 16, 16, 1, 14, 20, 3, 15, 19, 4, 15, 12, 11, 6, 8, 8, 17, 4, 19, 9, 11, 4, 10, 4, 18, 2, 8, 9, 9, 2, 7, 2, 8, 18, 11, 10, 19, 6, 19, 1, 20, 7, 3, 20, 18, 2, 4, 17, 19, 20, 20, 8, 10, 18, 20, 4, 1, 12, 7, 16, 16, 3, 12, 2, 8, 2, 16, 10, 7, 18, 3, 1, 1, 20, 4, 14, 2, 11, 14, 20, 1, 7, 3, 3, 19, 9, 2, 7, 7, 10, 15, 16, 2, 20, 10, 12, 11, 13, 17, 17, 5, 13, 14, 11, 10, 13, 5, 7, 11, 10, 6, 1, 7, 3, 17, 19, 6, 18, 6, 15, 9, 6, 14, 5, 12, 17, 5, 19, 11, 16, 5, 13, 15, 10, 15, 13, 14, 9, 12, 5, 15, 13, 1, 14, 8, 5, 6, 1, 5, 11, 13, 17, 18, 12, 12, 17, 5, 13, 6, 14, 12, 17, 5, 19, 11]
bestever    2855    in generation 10
[20, 4, 9, 9, 5, 13, 15, 4, 15, 6, 13, 3, 9, 14, 9, 6, 12, 5, 15, 13, 1, 2, 14, 8, 3, 7, 8, 18, 16, 3, 19, 18, 16, 4, 8, 19, 11, 16, 16, 16, 1, 14, 20, 3, 15, 19, 4, 14, 15, 12, 11, 6, 8, 8, 17, 4, 19, 9, 11, 4, 10, 4, 18, 2, 8, 9, 9, 2, 7, 2, 8, 18, 11, 10, 19, 6, 19, 1, 20, 7, 18, 11, 3, 20, 18, 2, 4, 19, 17, 20, 6, 9, 20, 8, 10, 18, 20, 4, 1, 12, 10, 18, 11, 7, 16, 16, 3, 12, 2, 6, 8, 2, 16, 10, 7, 18, 3, 15, 10, 1, 1, 20, 4, 14, 3, 2, 11, 14, 20, 1, 7, 6, 3, 3, 10, 19, 9, 1, 2, 7, 6, 7, 10, 15, 16, 2, 20, 7, 7, 10, 17, 12, 11, 13, 17, 17, 5, 13, 14, 12, 17, 5, 19, 11, 16, 5, 13, 15, 10, 15, 13, 14, 9, 12, 5, 15, 13, 1, 14, 8, 5, 6, 1, 5, 11, 13, 17, 18, 12, 12, 17, 5, 13, 6, 14, 12, 17, 5, 19, 17]
bestever    2853    in generation 11
[20, 4, 9, 9, 5, 13, 15, 4, 15, 6, 13, 3, 9, 14, 9, 6, 12, 5, 15, 1, 2, 14, 8, 3, 7, 8, 18, 16, 3, 19, 18, 16, 4, 8, 19, 5, 11, 16, 16, 16, 1, 14, 20, 3, 15, 19, 4, 14, 15, 12, 11, 6, 8, 8, 17, 4, 19, 9, 11, 4, 10, 4, 18, 2, 8, 9, 9, 2, 7, 2, 8, 18, 11, 10, 19, 6, 19, 1, 20, 7, 18, 11, 3, 20, 18, 2, 4, 19, 19, 20, 6, 9, 20, 8, 10, 18, 20, 4, 1, 11, 7, 16, 16, 3, 2, 6, 8, 2, 16, 10, 7, 3, 15, 10, 1, 1, 20, 4, 14, 3, 2, 11, 20, 1, 7, 6, 3, 3, 10, 19, 1, 2, 7, 7, 10, 15, 16, 2, 20, 7, 7, 11, 5, 12, 17, 10, 9, 12, 14, 6, 13, 17, 18, 13, 17, 17, 5, 13, 14, 12, 17, 5, 19, 11, 16, 5, 13, 15, 10, 15, 13, 14, 9, 12, 5, 15, 13, 1, 14, 8, 5, 6, 1, 11, 13, 17, 18, 12, 12, 12, 17, 5, 13, 6, 14, 12, 17, 10, 18, 17]
bestever    2752    in generation 13
[4, 9, 9, 5, 15, 4, 15, 6, 3, 9, 14, 9, 6, 12, 5, 15, 1, 2, 14, 8, 3, 7, 8, 18, 16, 3, 19, 18, 16, 4, 8, 19, 11, 16, 16, 16, 1, 20, 3, 15, 19, 4, 15, 12, 11, 6, 8, 8, 4, 19, 9, 11, 4, 10, 4, 18, 2, 8, 9, 2, 7, 2, 8, 18, 11, 10, 19, 6, 19, 1, 20, 7, 18, 3, 20, 18, 2, 4, 19, 20, 20, 8, 1, 7, 16, 16, 3, 2, 8, 2, 16, 4, 20, 9, 10, 7, 3, 10, 20, 1, 6, 9, 1, 6, 11, 5, 13, 14, 19, 11, 13, 15, 14, 4, 14, 3, 2, 11, 20, 1, 7, 6, 3, 3, 10, 19, 9, 1, 2, 7, 7, 15, 16, 2, 20, 17, 12, 17, 10, 12, 14, 5, 6, 13, 17, 18, 12, 7, 7, 10, 17, 12, 11, 13, 17, 17, 5, 13, 14, 12, 11, 5, 19, 11, 16, 5, 13, 15, 10, 15, 13, 14, 9, 12, 5, 15, 13, 1, 14, 8, 5, 6, 1, 5, 17, 13, 17, 18, 12, 17, 13, 6, 14, 12, 17, 10, 18, 10, 18, 20]
bestever    2696    in generation 21
[9, 15, 4, 15, 6, 3, 9, 14, 9, 6, 5, 15, 1, 2, 14, 8, 3, 7, 8, 18, 16, 3, 19, 18, 16, 4, 8, 19, 5, 11, 16, 16, 16, 1, 20, 3, 15, 19, 4, 15, 11, 6, 8, 8, 4, 19, 9, 11, 4, 10, 18, 2, 8, 9, 2, 7, 2, 8, 18, 11, 10, 19, 6, 19, 1, 7, 18, 3, 4, 20, 9, 20, 18, 2, 4, 19, 20, 11, 8, 10, 20, 4, 1, 12, 7, 16, 16, 3, 12, 2, 8, 2, 16, 10, 7, 3, 10, 20, 1, 6, 9, 1, 6, 11, 5, 13, 14, 19, 20, 13, 15, 14, 4, 14, 3, 2, 11, 1, 7, 6, 3, 3, 19, 9, 1, 2, 7, 7, 15, 20, 9, 4, 16, 2, 20, 17, 12, 17, 10, 12, 14, 5, 6, 13, 17, 18, 12, 7, 7, 10, 17, 12, 11, 13, 17, 17, 5, 13, 14, 12, 11, 5, 19, 11, 16, 5, 13, 15, 10, 15, 13, 14, 9, 12, 5, 15, 13, 1, 14, 8, 5, 6, 1, 5, 17, 13, 17, 18, 12, 17, 13, 6, 14, 12, 17, 10, 18, 10, 18, 20]
bestever    2655    in generation 23
[4, 9, 9, 5, 15, 4, 15, 6, 3, 9, 14, 9, 6, 12, 15, 1, 2, 14, 8, 3, 7, 8, 18, 16, 3, 19, 18, 16, 4, 8, 19, 11, 16, 16, 16, 1, 20, 3, 15, 19, 4, 15, 12, 11, 6, 8, 8, 4, 19, 9, 11, 4, 10, 4, 18, 2, 8, 9, 2, 7, 2, 8, 18, 10, 19, 19, 1, 20, 18, 3, 20, 18, 2, 4, 19, 20, 20, 8, 1, 16, 16, 3, 2, 8, 16, 4, 20, 10, 3, 10, 20, 6, 9, 6, 11, 5, 13, 14, 11, 13, 15, 4, 14, 3, 11, 20, 1, 7, 6, 10, 19, 9, 1, 2, 7, 2, 11, 1, 7, 6, 3, 3, 19, 9, 1, 2, 7, 7, 7, 15, 16, 2, 20, 17, 12, 17, 10, 14, 5, 6, 13, 18, 12, 7, 7, 10, 17, 12, 11, 13, 17, 17, 5, 13, 14, 12, 5, 11, 14, 12, 17, 5, 19, 11, 16, 5, 13, 15, 10, 15, 13, 14, 9, 12, 5, 15, 13, 1, 14, 8, 5, 6, 1, 5, 17, 13, 17, 18, 12, 17, 13, 6, 14, 12, 17, 10, 18, 10, 18, 20]
bestever    2654    in generation 28
[4, 9, 9, 5, 15, 4, 15, 6, 3, 9, 14, 9, 6, 12, 15, 1, 2, 14, 8, 3, 7, 8, 18, 16, 3, 19, 18, 16, 4, 8, 19, 11, 16, 16, 16, 1, 20, 3, 15, 19, 4, 15, 12, 11, 6, 8, 8, 4, 19, 9, 11, 4, 9, 4, 18, 2, 8, 9, 2, 7, 2, 8, 18, 10, 19, 19, 1, 20, 18, 3, 20, 18, 2, 4, 19, 20, 20, 8, 1, 16, 16, 3, 2, 8, 16, 4, 20, 10, 3, 10, 20, 6, 10, 6, 11, 5, 13, 14, 11, 13, 15, 4, 14, 3, 11, 20, 1, 7, 6, 10, 19, 9, 1, 2, 7, 2, 11, 1, 7, 6, 3, 3, 19, 9, 1, 2, 7, 7, 7, 15, 16, 2, 20, 17, 12, 17, 10, 14, 5, 6, 13, 18, 12, 7, 7, 10, 17, 12, 11, 13, 17, 17, 5, 13, 14, 12, 5, 11, 14, 12, 17, 5, 19, 11, 16, 5, 13, 15, 10, 15, 13, 14, 9, 12, 5, 15, 13, 1, 14, 8, 5, 6, 1, 5, 17, 13, 17, 18, 12, 17, 13, 6, 14, 12, 17, 10, 18, 10, 18, 20]
bestever    2646    in generation 32
[4, 9, 9, 5, 15, 4, 15, 6, 3, 9, 14, 9, 6, 12, 15, 1, 2, 14, 8, 3, 7, 8, 18, 16, 4, 19, 18, 16, 4, 8, 19, 11, 16, 16, 16, 1, 20, 3, 15, 19, 4, 15, 12, 11, 6, 8, 8, 4, 19, 9, 11, 4, 10, 3, 18, 2, 8, 9, 2, 7, 2, 8, 18, 10, 19, 19, 1, 20, 18, 3, 20, 18, 2, 4, 19, 20, 20, 8, 1, 16, 16, 3, 2, 8, 16, 4, 20, 10, 3, 10, 20, 6, 9, 6, 11, 5, 13, 14, 11, 13, 15, 4, 14, 3, 11, 20, 1, 7, 6, 10, 19, 9, 1, 2, 7, 2, 11, 1, 7, 6, 3, 3, 19, 9, 1, 2, 7, 7, 7, 15, 16, 2, 20, 17, 12, 17, 10, 14, 5, 6, 13, 18, 12, 7, 7, 10, 17, 12, 11, 13, 17, 17, 5, 13, 14, 12, 5, 11, 14, 12, 17, 5, 19, 11, 16, 5, 13, 15, 10, 15, 13, 14, 9, 12, 5, 15, 13, 1, 14, 8, 5, 6, 1, 5, 17, 13, 17, 18, 12, 17, 13, 6, 14, 12, 17, 10, 18, 10, 18, 20]
bestever    2635    in generation 35
[4, 9, 9, 5, 15, 4, 15, 6, 3, 6, 14, 9, 6, 12, 15, 1, 2, 14, 8, 3, 7, 8, 18, 16, 4, 19, 18, 16, 4, 8, 19, 11, 16, 16, 16, 1, 20, 3, 15, 19, 4, 15, 12, 11, 9, 8, 8, 4, 19, 9, 11, 4, 10, 3, 18, 2, 8, 9, 2, 7, 2, 8, 18, 10, 19, 19, 1, 20, 18, 3, 20, 18, 2, 4, 19, 20, 20, 8, 1, 16, 16, 3, 2, 8, 16, 4, 20, 10, 3, 10, 20, 6, 9, 6, 11, 5, 13, 14, 11, 13, 15, 4, 14, 3, 11, 20, 1, 7, 6, 10, 19, 9, 1, 2, 7, 2, 11, 1, 7, 6, 3, 3, 19, 9, 1, 2, 7, 7, 7, 15, 16, 2, 20, 17, 12, 17, 10, 14, 5, 6, 13, 18, 12, 7, 7, 10, 17, 12, 11, 13, 17, 17, 5, 13, 14, 12, 5, 11, 14, 12, 17, 5, 19, 11, 16, 5, 13, 15, 10, 15, 13, 14, 9, 12, 5, 15, 13, 1, 14, 8, 5, 6, 1, 5, 17, 13, 17, 18, 12, 17, 13, 6, 14, 12, 17, 10, 18, 10, 18, 20]
bestever    2609    in generation 41
[4, 9, 9, 5, 15, 4, 15, 6, 3, 6, 14, 9, 6, 12, 15, 1, 2, 14, 8, 3, 7, 8, 18, 16, 4, 19, 18, 16, 4, 8, 19, 11, 16, 16, 18, 1, 20, 3, 15, 19, 4, 15, 12, 11, 9, 8, 8, 4, 19, 9, 11, 4, 10, 3, 16, 2, 8, 9, 2, 7, 2, 8, 18, 10, 19, 19, 1, 20, 18, 3, 20, 18, 2, 4, 19, 20, 20, 8, 1, 16, 16, 3, 2, 8, 16, 4, 20, 10, 3, 10, 20, 6, 9, 6, 11, 5, 13, 14, 11, 13, 15, 4, 14, 3, 11, 20, 1, 7, 6, 10, 19, 9, 1, 2, 7, 2, 11, 1, 7, 6, 3, 3, 19, 9, 1, 2, 7, 7, 7, 15, 16, 2, 20, 17, 12, 17, 10, 14, 5, 6, 13, 18, 12, 7, 7, 10, 17, 12, 11, 13, 17, 17, 5, 13, 14, 12, 5, 11, 14, 12, 17, 5, 19, 11, 16, 5, 13, 15, 10, 15, 13, 14, 9, 12, 5, 15, 13, 1, 14, 8, 5, 6, 1, 5, 17, 13, 17, 18, 12, 17, 13, 6, 14, 12, 17, 10, 18, 10, 18, 20]
bestever    2522    in generation 53
[4, 9, 9, 5, 15, 4, 15, 6, 3, 6, 14, 9, 6, 5, 15, 1, 2, 14, 8, 3, 7, 8, 18, 16, 4, 19, 18, 16, 4, 8, 19, 11, 16, 16, 18, 1, 20, 3, 15, 19, 4, 15, 12, 11, 9, 8, 8, 4, 19, 9, 11, 4, 10, 3, 16, 2, 8, 9, 2, 7, 2, 8, 18, 10, 19, 19, 1, 20, 18, 3, 20, 18, 2, 4, 19, 20, 20, 8, 1, 16, 16, 3, 2, 8, 16, 4, 20, 10, 3, 10, 20, 6, 9, 6, 11, 12, 13, 14, 11, 13, 15, 4, 14, 3, 11, 20, 1, 7, 6, 10, 19, 9, 1, 2, 7, 2, 11, 1, 7, 6, 3, 3, 19, 9, 1, 2, 7, 7, 7, 15, 16, 2, 20, 17, 12, 17, 10, 14, 5, 6, 13, 18, 12, 7, 7, 10, 17, 12, 11, 13, 17, 17, 5, 13, 14, 12, 5, 11, 14, 12, 17, 5, 19, 11, 16, 5, 13, 15, 10, 15, 13, 14, 9, 12, 5, 15, 13, 1, 14, 8, 5, 6, 1, 5, 17, 13, 17, 18, 12, 17, 13, 6, 14, 12, 17, 10, 18, 10, 18, 20]
bestever    2521    in generation 57
[4, 9, 9, 5, 15, 4, 15, 6, 3, 6, 14, 9, 6, 5, 15, 1, 2, 14, 8, 3, 7, 8, 18, 16, 4, 19, 18, 16, 4, 8, 19, 11, 16, 16, 18, 1, 20, 3, 15, 19, 4, 15, 12, 11, 9, 8, 8, 4, 19, 9, 11, 4, 3, 16, 2, 8, 9, 2, 7, 2, 8, 18, 19, 19, 1, 20, 3, 20, 2, 4, 19, 20, 8, 1, 16, 16, 3, 2, 8, 16, 4, 20, 10, 18, 10, 18, 20, 10, 3, 10, 20, 6, 9, 6, 11, 12, 13, 14, 11, 13, 15, 4, 14, 3, 11, 20, 1, 7, 6, 10, 19, 9, 1, 2, 7, 2, 11, 1, 7, 6, 3, 3, 19, 9, 1, 2, 7, 7, 7, 15, 16, 2, 20, 17, 12, 17, 10, 14, 5, 6, 13, 18, 12, 7, 7, 10, 17, 12, 11, 13, 17, 17, 5, 13, 14, 12, 5, 11, 14, 12, 17, 5, 19, 11, 16, 5, 13, 15, 10, 15, 13, 14, 9, 12, 5, 15, 13, 1, 14, 8, 5, 6, 1, 5, 17, 13, 17, 18, 12, 17, 13, 6, 14, 12, 17, 10, 18, 10, 18, 20]
bestever    2504    in generation 62
[4, 9, 9, 15, 4, 15, 6, 3, 6, 14, 9, 6, 15, 1, 2, 14, 8, 3, 7, 8, 18, 16, 4, 19, 18, 16, 4, 8, 19, 11, 16, 16, 18, 1, 20, 3, 15, 19, 4, 15, 12, 11, 9, 8, 8, 4, 19, 9, 11, 4, 3, 16, 2, 8, 9, 2, 7, 2, 8, 19, 19, 1, 20, 3, 20, 2, 4, 19, 20, 8, 1, 16, 16, 3, 2, 8, 16, 4, 20, 10, 18, 10, 18, 20, 10, 3, 10, 20, 6, 9, 6, 11, 12, 11, 15, 4, 3, 11, 20, 1, 7, 6, 10, 19, 9, 1, 2, 7, 2, 11, 7, 6, 3, 3, 19, 9, 1, 2, 7, 7, 7, 16, 2, 20, 17, 14, 6, 13, 18, 7, 7, 10, 17, 12, 11, 13, 17, 17, 13, 14, 12, 5, 14, 12, 17, 5, 16, 5, 13, 10, 15, 5, 13, 14, 12, 5, 11, 14, 12, 17, 5, 19, 11, 5, 13, 15, 1, 18, 10, 15, 13, 14, 9, 12, 5, 15, 13, 1, 14, 8, 5, 6, 1, 5, 17, 13, 17, 18, 12, 17, 13, 6, 14, 12, 17, 10, 18, 10, 18, 20]
bestever    2448    in generation 63
[4, 9, 9, 5, 15, 4, 15, 6, 3, 6, 14, 9, 6, 5, 15, 5, 2, 14, 8, 3, 7, 8, 18, 16, 4, 19, 18, 16, 4, 8, 19, 11, 16, 16, 18, 1, 20, 3, 15, 19, 4, 15, 12, 11, 9, 8, 8, 4, 19, 9, 11, 4, 3, 16, 2, 8, 9, 2, 7, 2, 8, 18, 19, 19, 1, 20, 3, 20, 2, 4, 19, 20, 8, 1, 16, 16, 3, 2, 8, 16, 4, 20, 10, 18, 10, 18, 20, 10, 3, 10, 20, 6, 9, 6, 11, 12, 13, 14, 11, 13, 15, 4, 14, 3, 11, 20, 1, 7, 6, 10, 19, 9, 1, 2, 7, 2, 11, 1, 7, 6, 3, 3, 19, 9, 1, 2, 7, 7, 7, 15, 16, 2, 20, 17, 12, 17, 10, 14, 5, 6, 13, 18, 12, 7, 7, 10, 17, 12, 11, 13, 17, 17, 5, 13, 14, 12, 5, 11, 14, 12, 17, 5, 19, 11, 16, 1, 13, 15, 10, 15, 13, 14, 9, 12, 5, 15, 13, 1, 14, 8, 5, 6, 1, 5, 17, 13, 17, 18, 12, 17, 13, 6, 14, 12, 17, 10, 18, 10, 18, 20]
bestever    2425    in generation 70
[4, 9, 9, 5, 15, 4, 15, 6, 3, 6, 14, 9, 6, 5, 15, 5, 2, 14, 8, 3, 7, 8, 18, 16, 4, 19, 18, 16, 4, 8, 19, 11, 16, 16, 18, 1, 20, 3, 15, 19, 4, 15, 12, 11, 9, 8, 8, 4, 19, 9, 11, 4, 3, 16, 2, 8, 9, 2, 7, 2, 8, 18, 19, 19, 7, 20, 3, 20, 2, 4, 19, 20, 8, 1, 16, 16, 3, 2, 8, 16, 4, 20, 10, 18, 10, 18, 20, 10, 3, 10, 20, 6, 9, 6, 11, 12, 13, 14, 11, 13, 15, 4, 14, 3, 11, 20, 1, 7, 6, 10, 19, 9, 1, 2, 1, 2, 11, 1, 7, 6, 3, 3, 19, 9, 1, 2, 7, 7, 7, 15, 16, 2, 20, 17, 12, 17, 10, 14, 5, 6, 13, 18, 12, 7, 7, 10, 17, 12, 11, 13, 17, 17, 5, 13, 14, 12, 5, 11, 14, 12, 17, 5, 19, 11, 16, 1, 13, 15, 10, 15, 13, 14, 9, 12, 5, 15, 13, 1, 14, 8, 5, 6, 1, 5, 17, 13, 17, 18, 12, 17, 13, 6, 14, 12, 17, 10, 18, 10, 18, 20]
bestever    2399    in generation 78
[4, 9, 9, 5, 15, 4, 15, 6, 3, 6, 14, 9, 6, 5, 15, 5, 2, 14, 8, 3, 7, 8, 18, 16, 4, 19, 18, 16, 4, 8, 19, 11, 16, 16, 18, 1, 20, 3, 15, 19, 4, 15, 12, 11, 9, 8, 8, 4, 19, 9, 11, 4, 3, 16, 2, 8, 9, 2, 7, 2, 8, 19, 19, 7, 20, 3, 20, 2, 4, 19, 20, 8, 1, 16, 16, 3, 2, 8, 16, 4, 20, 10, 10, 20, 10, 3, 20, 6, 9, 6, 11, 12, 13, 14, 11, 15, 4, 3, 11, 20, 1, 7, 6, 19, 9, 1, 2, 1, 2, 11, 1, 7, 3, 3, 19, 9, 1, 2, 7, 7, 7, 15, 16, 2, 20, 18, 10, 10, 14, 6, 13, 18, 12, 17, 17, 10, 14, 5, 6, 13, 18, 12, 7, 7, 10, 17, 12, 11, 13, 17, 17, 5, 13, 14, 12, 5, 11, 14, 12, 17, 5, 19, 11, 16, 1, 13, 15, 10, 15, 13, 14, 9, 18, 12, 5, 15, 13, 1, 14, 8, 5, 6, 1, 5, 17, 13, 17, 18, 12, 17, 13, 6, 14, 12, 17, 10, 18, 10, 18, 20]
bestever    2391    in generation 82
[4, 9, 9, 5, 15, 4, 15, 6, 3, 6, 14, 9, 6, 5, 15, 5, 2, 14, 8, 3, 7, 8, 18, 16, 4, 19, 5, 16, 4, 8, 19, 11, 16, 16, 18, 1, 20, 3, 15, 19, 4, 15, 12, 11, 9, 8, 8, 4, 19, 9, 11, 4, 3, 16, 2, 8, 9, 2, 7, 2, 8, 19, 19, 7, 20, 3, 20, 2, 4, 19, 20, 8, 1, 16, 16, 3, 2, 8, 16, 4, 20, 10, 10, 20, 10, 3, 20, 6, 9, 6, 11, 12, 13, 14, 11, 15, 4, 3, 11, 20, 1, 7, 6, 19, 9, 1, 2, 1, 2, 11, 1, 7, 3, 3, 19, 9, 1, 2, 7, 7, 7, 15, 16, 2, 20, 18, 10, 10, 14, 6, 13, 18, 12, 17, 17, 10, 14, 5, 6, 13, 18, 12, 7, 7, 10, 17, 12, 11, 13, 17, 17, 5, 13, 14, 12, 5, 11, 14, 12, 17, 18, 19, 11, 16, 1, 13, 15, 10, 15, 13, 14, 9, 18, 12, 5, 15, 13, 1, 14, 8, 5, 6, 1, 5, 17, 13, 17, 18, 12, 17, 13, 6, 14, 12, 17, 10, 18, 10, 18, 20]
bestever    2375    in generation 88
[4, 9, 9, 5, 15, 4, 15, 6, 3, 6, 14, 9, 6, 5, 15, 5, 2, 14, 8, 3, 7, 8, 18, 16, 4, 19, 5, 16, 4, 8, 19, 11, 16, 16, 18, 1, 20, 3, 15, 19, 4, 15, 12, 11, 9, 8, 8, 4, 19, 9, 11, 4, 3, 16, 2, 8, 9, 2, 7, 2, 8, 19, 19, 7, 20, 3, 20, 2, 4, 19, 20, 8, 5, 16, 16, 3, 2, 8, 16, 4, 20, 10, 10, 20, 10, 3, 20, 6, 9, 6, 11, 12, 13, 14, 11, 15, 4, 3, 11, 20, 1, 7, 6, 19, 9, 1, 2, 1, 2, 11, 1, 7, 3, 3, 19, 9, 1, 2, 7, 7, 7, 15, 16, 2, 20, 18, 10, 10, 14, 6, 13, 18, 12, 17, 17, 10, 14, 1, 6, 13, 18, 12, 7, 7, 10, 17, 12, 11, 13, 17, 17, 5, 13, 14, 12, 5, 11, 14, 12, 17, 18, 19, 11, 16, 1, 13, 15, 10, 15, 13, 14, 9, 18, 12, 5, 15, 13, 1, 14, 8, 5, 6, 1, 5, 17, 13, 17, 18, 12, 17, 13, 6, 14, 12, 17, 10, 18, 10, 18, 20]
bestever    2348    in generation 121
[4, 9, 9, 5, 15, 4, 15, 6, 3, 6, 14, 9, 6, 5, 15, 5, 2, 14, 8, 3, 7, 8, 16, 4, 19, 5, 16, 4, 8, 19, 11, 16, 16, 1, 20, 3, 15, 19, 4, 15, 12, 11, 9, 8, 8, 4, 19, 9, 11, 4, 3, 16, 2, 8, 9, 2, 7, 2, 8, 19, 19, 7, 20, 3, 20, 2, 4, 19, 20, 8, 1, 16, 16, 3, 2, 8, 16, 4, 20, 10, 10, 20, 3, 20, 6, 9, 6, 11, 12, 13, 14, 11, 15, 4, 3, 11, 1, 7, 6, 19, 9, 1, 2, 1, 2, 11, 1, 7, 3, 3, 19, 9, 20, 18, 18, 10, 1, 2, 7, 7, 7, 15, 16, 2, 20, 18, 10, 10, 10, 6, 13, 12, 17, 17, 10, 14, 5, 6, 13, 18, 12, 7, 7, 14, 17, 12, 11, 13, 17, 17, 5, 13, 14, 11, 14, 12, 17, 18, 19, 11, 16, 15, 15, 13, 9, 12, 13, 10, 18, 1, 14, 5, 18, 12, 5, 15, 13, 1, 14, 8, 5, 6, 1, 5, 17, 13, 17, 18, 12, 17, 13, 6, 14, 12, 17, 10, 18, 10, 18, 20]
bestever    2335    in generation 128
[4, 9, 9, 5, 15, 4, 15, 6, 3, 6, 14, 9, 6, 5, 15, 5, 2, 14, 8, 3, 7, 8, 16, 4, 19, 5, 16, 4, 8, 19, 11, 16, 16, 1, 20, 3, 15, 19, 4, 15, 12, 11, 9, 8, 8, 4, 19, 9, 11, 4, 3, 16, 2, 8, 9, 2, 7, 2, 8, 19, 19, 7, 20, 3, 20, 2, 4, 19, 20, 8, 1, 16, 16, 3, 2, 8, 16, 4, 20, 10, 10, 20, 3, 20, 6, 9, 6, 11, 12, 13, 14, 11, 15, 4, 3, 11, 1, 7, 6, 19, 9, 1, 2, 1, 2, 11, 1, 7, 3, 3, 19, 9, 20, 18, 18, 10, 1, 2, 7, 7, 7, 15, 16, 2, 20, 18, 10, 10, 10, 6, 13, 12, 17, 17, 10, 14, 5, 6, 13, 18, 12, 7, 16, 14, 17, 12, 11, 13, 17, 17, 5, 13, 14, 11, 14, 12, 17, 18, 19, 11, 7, 15, 15, 13, 9, 12, 13, 10, 18, 1, 14, 5, 18, 12, 5, 15, 13, 1, 14, 8, 5, 6, 1, 5, 17, 13, 17, 18, 12, 17, 13, 6, 14, 12, 17, 10, 18, 10, 18, 20]
bestever    2317    in generation 130
[4, 9, 9, 5, 15, 4, 15, 6, 3, 6, 14, 9, 6, 5, 15, 5, 2, 14, 8, 3, 7, 8, 16, 4, 19, 5, 16, 4, 8, 19, 11, 16, 16, 1, 20, 3, 15, 19, 4, 15, 12, 11, 9, 8, 8, 4, 19, 9, 11, 4, 3, 16, 2, 8, 9, 2, 7, 2, 8, 19, 19, 7, 20, 3, 20, 2, 4, 19, 20, 8, 1, 16, 16, 3, 2, 8, 16, 4, 20, 10, 10, 20, 3, 20, 6, 9, 6, 11, 12, 13, 14, 11, 15, 4, 3, 11, 1, 7, 6, 19, 1, 2, 1, 2, 11, 1, 7, 3, 3, 19, 9, 20, 18, 10, 1, 2, 7, 7, 7, 15, 16, 2, 20, 10, 10, 6, 13, 12, 17, 17, 10, 14, 5, 13, 12, 7, 7, 14, 11, 17, 5, 14, 11, 17, 18, 9, 12, 10, 18, 18, 12, 13, 14, 6, 18, 19, 11, 16, 15, 15, 13, 9, 12, 13, 10, 18, 1, 14, 5, 18, 12, 5, 15, 13, 1, 14, 8, 5, 6, 1, 5, 17, 13, 17, 17, 13, 17, 18, 12, 17, 13, 6, 14, 12, 17, 10, 18, 10, 18, 20]
bestever    2314    in generation 146
[4, 9, 9, 5, 15, 4, 15, 6, 3, 6, 14, 9, 6, 5, 15, 5, 2, 14, 8, 3, 7, 8, 16, 4, 19, 5, 16, 4, 8, 19, 11, 16, 16, 1, 20, 3, 15, 19, 4, 15, 12, 11, 9, 8, 8, 4, 19, 9, 11, 4, 3, 16, 2, 8, 9, 2, 7, 2, 8, 19, 19, 7, 20, 3, 20, 2, 4, 19, 20, 8, 1, 16, 16, 3, 2, 8, 16, 4, 20, 10, 10, 20, 3, 20, 6, 9, 6, 11, 12, 13, 14, 11, 15, 4, 3, 11, 1, 7, 6, 19, 1, 2, 1, 2, 11, 1, 7, 3, 3, 19, 9, 20, 18, 18, 10, 1, 2, 7, 7, 7, 15, 16, 2, 20, 10, 10, 6, 13, 12, 17, 17, 10, 14, 5, 13, 12, 7, 7, 14, 17, 11, 13, 17, 5, 14, 11, 19, 11, 9, 10, 18, 18, 12, 14, 6, 13, 17, 16, 15, 15, 13, 9, 12, 13, 10, 18, 1, 14, 5, 18, 12, 5, 15, 13, 1, 14, 8, 5, 6, 1, 5, 17, 20, 13, 17, 18, 12, 17, 18, 12, 17, 13, 12, 17, 10, 18, 10, 18, 14, 6]
bestever    2268    in generation 148
[4, 9, 9, 5, 15, 4, 15, 6, 3, 6, 14, 9, 6, 5, 15, 5, 2, 14, 8, 3, 7, 8, 16, 4, 19, 5, 16, 4, 8, 19, 11, 16, 16, 1, 20, 3, 15, 19, 4, 15, 12, 11, 9, 8, 8, 4, 19, 9, 11, 4, 3, 16, 2, 8, 9, 2, 7, 2, 8, 19, 19, 7, 20, 3, 20, 2, 4, 19, 20, 8, 1, 16, 16, 3, 2, 8, 16, 4, 20, 10, 10, 20, 3, 6, 9, 6, 11, 12, 13, 14, 11, 15, 4, 3, 11, 1, 7, 6, 19, 1, 2, 1, 11, 1, 7, 3, 2, 20, 3, 19, 9, 20, 18, 18, 10, 1, 2, 7, 7, 7, 15, 16, 2, 20, 10, 10, 6, 13, 12, 17, 17, 10, 14, 5, 13, 12, 7, 7, 14, 17, 11, 13, 17, 5, 14, 11, 19, 11, 9, 10, 18, 18, 12, 14, 6, 13, 17, 16, 15, 15, 13, 9, 12, 13, 10, 18, 1, 14, 5, 18, 12, 5, 15, 13, 1, 14, 8, 5, 6, 1, 5, 17, 13, 17, 18, 12, 17, 18, 12, 17, 13, 6, 14, 12, 17, 10, 18, 10, 18, 20]
bestever    2254    in generation 170
[4, 9, 9, 15, 4, 15, 6, 3, 6, 14, 9, 6, 15, 2, 14, 8, 3, 7, 8, 16, 4, 19, 16, 4, 8, 19, 11, 16, 16, 1, 20, 3, 15, 19, 4, 15, 12, 11, 9, 8, 8, 4, 19, 9, 11, 4, 3, 16, 2, 8, 9, 2, 7, 2, 8, 19, 19, 7, 20, 3, 20, 2, 4, 19, 20, 1, 16, 16, 3, 2, 8, 16, 4, 20, 10, 10, 20, 3, 9, 11, 12, 13, 14, 11, 15, 4, 3, 11, 1, 7, 6, 19, 1, 2, 1, 11, 1, 7, 3, 2, 20, 3, 19, 9, 20, 18, 10, 2, 7, 7, 7, 15, 16, 2, 20, 10, 10, 6, 13, 12, 17, 17, 10, 14, 5, 13, 7, 7, 11, 13, 5, 11, 19, 16, 9, 6, 13, 11, 15, 15, 9, 14, 5, 5, 15, 1, 14, 14, 5, 18, 12, 5, 13, 1, 14, 8, 5, 6, 1, 5, 17, 13, 17, 18, 12, 17, 18, 12, 13, 6, 14, 12, 10, 18, 10, 18, 8, 5, 6, 1, 5, 17, 13, 17, 18, 12, 17, 18, 12, 17, 13, 6, 14, 12, 17, 10, 18, 10, 18, 20]
bestever    2204    in generation 173
[4, 9, 9, 15, 4, 15, 6, 3, 6, 14, 9, 6, 15, 2, 14, 8, 3, 7, 8, 16, 4, 19, 16, 4, 8, 19, 11, 16, 16, 1, 20, 3, 15, 19, 4, 15, 12, 11, 9, 8, 8, 4, 19, 9, 11, 4, 3, 16, 2, 8, 9, 2, 7, 2, 8, 19, 19, 7, 20, 3, 20, 2, 4, 19, 20, 1, 16, 16, 3, 2, 8, 16, 4, 20, 10, 10, 20, 3, 9, 11, 12, 13, 14, 11, 15, 4, 3, 11, 1, 7, 6, 19, 1, 2, 1, 11, 1, 7, 3, 2, 20, 3, 19, 9, 20, 18, 10, 2, 7, 7, 7, 15, 16, 2, 20, 10, 10, 6, 13, 12, 17, 17, 10, 14, 5, 13, 7, 7, 11, 13, 5, 11, 19, 16, 9, 6, 13, 11, 15, 15, 9, 14, 5, 5, 15, 1, 14, 14, 5, 18, 12, 5, 13, 1, 14, 8, 5, 6, 1, 5, 17, 13, 17, 18, 12, 17, 18, 12, 13, 6, 14, 12, 10, 18, 10, 18, 8, 5, 6, 1, 5, 17, 13, 17, 20, 18, 12, 17, 18, 12, 12, 10, 18, 10, 18, 6, 14, 17, 13, 17]
bestever    2202    in generation 184
[4, 9, 9, 15, 4, 15, 6, 3, 6, 14, 9, 6, 15, 2, 14, 8, 3, 7, 8, 16, 4, 19, 16, 4, 8, 19, 11, 16, 16, 1, 20, 3, 15, 19, 4, 15, 12, 11, 9, 8, 8, 4, 19, 9, 11, 4, 3, 16, 2, 8, 9, 2, 7, 2, 8, 19, 19, 7, 20, 3, 20, 2, 4, 19, 20, 1, 16, 16, 3, 2, 8, 16, 4, 20, 10, 10, 20, 3, 9, 11, 12, 13, 14, 11, 15, 4, 3, 11, 1, 7, 6, 19, 1, 2, 1, 11, 1, 7, 3, 2, 20, 3, 19, 9, 20, 18, 10, 2, 7, 7, 7, 15, 16, 2, 20, 10, 10, 6, 13, 12, 17, 17, 10, 14, 5, 13, 7, 7, 11, 13, 5, 11, 19, 16, 9, 13, 11, 15, 15, 9, 14, 5, 5, 15, 1, 14, 5, 18, 12, 5, 13, 1, 14, 8, 5, 6, 1, 5, 13, 17, 13, 6, 14, 8, 5, 6, 1, 18, 12, 17, 18, 12, 12, 10, 18, 10, 18, 6, 14, 17, 5, 17, 13, 17, 20, 18, 12, 17, 18, 12, 12, 10, 18, 10, 18, 6, 14, 17, 13, 17]
bestever    2200    in generation 186
[4, 9, 9, 15, 4, 15, 6, 3, 6, 14, 9, 6, 15, 2, 14, 8, 3, 7, 8, 16, 4, 19, 16, 4, 8, 19, 11, 16, 16, 1, 20, 3, 15, 19, 4, 15, 12, 11, 9, 8, 8, 4, 19, 9, 11, 4, 3, 16, 2, 8, 9, 2, 7, 2, 8, 19, 19, 7, 20, 3, 20, 2, 4, 19, 20, 1, 16, 16, 3, 2, 8, 16, 4, 20, 10, 10, 20, 3, 9, 11, 12, 13, 14, 11, 15, 4, 3, 11, 1, 7, 6, 19, 1, 2, 1, 11, 1, 7, 3, 2, 20, 3, 19, 9, 20, 10, 2, 7, 7, 7, 15, 16, 2, 10, 6, 13, 12, 17, 14, 5, 13, 7, 7, 11, 13, 5, 11, 19, 16, 9, 6, 13, 11, 15, 15, 9, 14, 5, 5, 15, 1, 14, 14, 5, 5, 13, 1, 8, 5, 1, 5, 17, 18, 12, 17, 18, 12, 13, 14, 12, 10, 18, 10, 18, 6, 17, 6, 14, 12, 10, 18, 10, 18, 8, 5, 6, 1, 5, 17, 13, 17, 20, 13, 17, 20, 18, 12, 17, 18, 12, 12, 10, 18, 10, 18, 6, 14, 17, 13, 17]
bestever    2186    in generation 194
[4, 9, 9, 15, 4, 15, 6, 3, 6, 14, 9, 6, 15, 2, 14, 8, 3, 7, 8, 16, 4, 19, 16, 4, 8, 19, 11, 16, 16, 1, 20, 3, 15, 19, 4, 15, 12, 11, 9, 8, 8, 4, 19, 9, 11, 4, 3, 16, 2, 8, 9, 2, 7, 2, 8, 19, 19, 7, 20, 3, 20, 2, 4, 19, 20, 1, 16, 16, 3, 2, 8, 16, 4, 20, 10, 10, 20, 3, 9, 11, 12, 13, 14, 11, 15, 4, 3, 11, 1, 7, 6, 19, 1, 2, 1, 11, 1, 7, 3, 2, 20, 3, 19, 9, 20, 10, 2, 7, 7, 7, 15, 16, 14, 10, 6, 13, 12, 17, 14, 5, 13, 7, 7, 11, 13, 5, 11, 19, 16, 9, 6, 13, 11, 15, 15, 9, 14, 5, 5, 15, 1, 14, 2, 5, 5, 13, 1, 8, 5, 1, 5, 17, 18, 12, 17, 18, 12, 13, 14, 12, 10, 18, 10, 18, 6, 17, 6, 14, 12, 10, 18, 10, 18, 8, 5, 6, 1, 5, 17, 13, 17, 20, 13, 17, 20, 18, 12, 17, 18, 12, 12, 10, 18, 10, 18, 6, 14, 17, 13, 17]
bestever    2176    in generation 197
[4, 9, 9, 15, 4, 15, 6, 3, 6, 14, 9, 6, 15, 2, 14, 8, 3, 7, 8, 16, 4, 19, 16, 4, 8, 19, 11, 16, 16, 1, 20, 3, 15, 19, 4, 15, 12, 11, 9, 8, 8, 4, 19, 9, 11, 4, 3, 16, 2, 8, 9, 2, 7, 2, 8, 19, 19, 7, 20, 3, 20, 2, 4, 19, 20, 1, 16, 16, 3, 2, 8, 16, 4, 20, 10, 10, 20, 3, 9, 11, 12, 13, 14, 11, 15, 4, 3, 11, 1, 7, 6, 19, 1, 2, 1, 11, 1, 7, 3, 2, 20, 3, 19, 9, 20, 10, 2, 7, 7, 7, 15, 16, 2, 10, 6, 13, 12, 17, 14, 5, 13, 7, 7, 11, 13, 5, 11, 19, 16, 9, 6, 13, 11, 15, 15, 9, 14, 5, 5, 15, 1, 14, 14, 5, 5, 13, 1, 8, 5, 1, 5, 17, 18, 12, 17, 18, 12, 13, 14, 10, 18, 10, 18, 6, 6, 14, 18, 10, 8, 5, 6, 1, 5, 17, 20, 13, 17, 18, 13, 17, 20, 12, 17, 12, 10, 18, 12, 17, 18, 12, 12, 10, 18, 10, 18, 6, 14, 17, 13, 17]
bestever    2158    in generation 199
[4, 9, 9, 15, 4, 15, 6, 3, 6, 14, 9, 6, 15, 2, 14, 8, 3, 7, 8, 16, 4, 19, 16, 4, 8, 19, 11, 16, 16, 1, 20, 3, 15, 19, 4, 15, 12, 11, 9, 8, 8, 4, 19, 9, 11, 4, 3, 16, 2, 8, 9, 2, 7, 2, 8, 19, 19, 7, 20, 3, 20, 2, 4, 19, 20, 1, 16, 16, 3, 2, 8, 16, 4, 20, 10, 10, 20, 3, 9, 11, 12, 13, 14, 11, 15, 4, 3, 11, 1, 7, 6, 19, 1, 2, 1, 11, 1, 7, 3, 2, 20, 3, 19, 9, 20, 10, 2, 7, 7, 7, 15, 16, 2, 10, 6, 13, 12, 17, 14, 5, 13, 7, 7, 11, 13, 5, 11, 19, 16, 9, 6, 13, 11, 15, 15, 9, 14, 5, 5, 15, 1, 14, 14, 5, 5, 13, 1, 8, 5, 1, 5, 17, 18, 12, 17, 18, 12, 13, 14, 12, 10, 18, 10, 18, 6, 17, 12, 18, 18, 8, 5, 6, 1, 5, 17, 13, 17, 20, 13, 17, 20, 12, 17, 12, 10, 18, 10, 18, 6, 14, 12, 10, 18, 10, 18, 6, 14, 17, 13, 17]
bestever    2140    in generation 224
[4, 9, 9, 15, 4, 15, 6, 3, 6, 14, 9, 6, 15, 2, 14, 8, 3, 7, 8, 16, 4, 19, 16, 4, 8, 19, 11, 16, 16, 1, 20, 3, 15, 19, 4, 15, 12, 11, 9, 8, 8, 4, 19, 9, 11, 4, 3, 16, 2, 8, 9, 2, 7, 2, 8, 19, 19, 7, 20, 3, 20, 2, 4, 19, 20, 1, 16, 16, 3, 2, 8, 16, 4, 20, 10, 10, 20, 3, 9, 11, 12, 13, 14, 11, 15, 4, 3, 11, 1, 7, 6, 19, 1, 2, 1, 11, 1, 7, 3, 2, 20, 3, 19, 9, 6, 10, 2, 7, 7, 7, 15, 16, 2, 10, 6, 13, 12, 17, 14, 5, 13, 7, 7, 11, 13, 5, 11, 19, 16, 9, 6, 13, 11, 15, 15, 9, 14, 5, 5, 15, 1, 14, 14, 5, 5, 13, 1, 8, 5, 1, 5, 17, 18, 12, 17, 18, 12, 13, 14, 12, 10, 18, 10, 18, 6, 17, 12, 18, 8, 5, 1, 5, 17, 13, 17, 20, 13, 17, 20, 12, 17, 12, 10, 18, 10, 18, 6, 18, 20, 14, 12, 10, 18, 10, 18, 6, 14, 17, 13, 17]
bestever    2137    in generation 250
[4, 9, 9, 15, 4, 15, 6, 3, 6, 14, 9, 6, 15, 2, 14, 8, 3, 7, 8, 16, 4, 19, 16, 4, 8, 19, 11, 16, 16, 1, 20, 3, 15, 19, 4, 15, 12, 11, 9, 8, 8, 4, 19, 9, 11, 4, 3, 16, 2, 8, 9, 2, 7, 2, 8, 19, 19, 7, 20, 3, 20, 2, 4, 19, 20, 1, 16, 16, 3, 2, 8, 16, 4, 20, 10, 10, 20, 3, 9, 11, 12, 13, 14, 11, 15, 4, 3, 11, 1, 7, 6, 19, 1, 2, 1, 5, 1, 7, 3, 2, 20, 3, 19, 9, 6, 10, 2, 7, 7, 7, 15, 16, 2, 10, 6, 13, 12, 17, 14, 5, 13, 7, 7, 11, 13, 5, 11, 19, 16, 9, 6, 13, 11, 15, 15, 9, 14, 5, 5, 15, 1, 14, 14, 5, 5, 13, 1, 8, 5, 1, 5, 17, 18, 12, 17, 18, 12, 13, 14, 12, 10, 18, 10, 18, 6, 17, 12, 18, 8, 11, 1, 5, 17, 13, 17, 20, 13, 17, 20, 12, 17, 12, 10, 18, 10, 18, 6, 18, 20, 14, 12, 10, 18, 10, 18, 6, 14, 17, 13, 17]
bestever    2136    in generation 259
[4, 9, 9, 15, 4, 15, 6, 3, 6, 14, 9, 6, 15, 2, 14, 8, 3, 7, 8, 16, 4, 19, 16, 4, 8, 19, 11, 16, 16, 1, 20, 3, 15, 19, 4, 15, 12, 11, 9, 8, 8, 4, 19, 9, 11, 4, 3, 16, 2, 8, 9, 2, 7, 2, 8, 19, 1, 7, 20, 3, 20, 2, 4, 19, 20, 1, 16, 16, 3, 2, 8, 16, 4, 20, 10, 10, 20, 3, 9, 11, 12, 13, 14, 11, 15, 4, 3, 11, 1, 7, 6, 19, 19, 2, 1, 5, 1, 7, 3, 2, 20, 3, 19, 9, 6, 10, 2, 7, 7, 7, 15, 16, 2, 10, 6, 13, 12, 17, 14, 5, 13, 7, 7, 11, 13, 5, 11, 19, 16, 9, 6, 13, 11, 15, 15, 9, 14, 5, 5, 15, 1, 14, 14, 5, 5, 13, 1, 8, 5, 1, 5, 17, 18, 12, 17, 18, 12, 13, 14, 12, 10, 18, 10, 18, 6, 17, 12, 18, 8, 11, 1, 5, 17, 13, 17, 20, 13, 17, 20, 12, 17, 12, 10, 18, 10, 18, 6, 18, 20, 14, 12, 10, 18, 10, 18, 6, 14, 17, 13, 17]
bestever    2111    in generation 276
[4, 9, 9, 15, 4, 15, 6, 3, 6, 14, 9, 6, 15, 2, 14, 8, 3, 7, 8, 16, 4, 19, 16, 4, 8, 19, 11, 16, 16, 1, 20, 3, 15, 19, 4, 15, 12, 11, 9, 8, 8, 4, 19, 9, 11, 4, 3, 16, 2, 8, 9, 2, 7, 2, 8, 19, 1, 7, 20, 3, 20, 2, 4, 19, 20, 1, 16, 9, 3, 2, 8, 16, 4, 20, 10, 10, 20, 3, 16, 11, 12, 13, 14, 11, 15, 4, 3, 11, 1, 7, 6, 19, 19, 2, 1, 5, 1, 7, 3, 2, 20, 3, 19, 9, 6, 10, 2, 7, 7, 7, 15, 16, 2, 10, 6, 13, 12, 17, 14, 5, 13, 7, 7, 11, 13, 5, 11, 19, 16, 9, 6, 13, 11, 15, 15, 9, 14, 5, 5, 15, 1, 14, 14, 5, 5, 13, 1, 8, 5, 1, 5, 17, 18, 12, 17, 18, 12, 13, 14, 12, 10, 18, 10, 18, 6, 17, 12, 18, 8, 11, 1, 5, 17, 13, 17, 20, 13, 17, 20, 12, 17, 12, 10, 18, 10, 18, 6, 18, 20, 14, 12, 10, 18, 10, 18, 6, 14, 17, 13, 17]
bestever    2071    in generation 328
[4, 9, 9, 15, 4, 15, 6, 3, 6, 14, 9, 6, 15, 2, 14, 8, 3, 7, 8, 16, 4, 19, 16, 4, 8, 19, 11, 16, 16, 1, 20, 3, 15, 19, 4, 15, 12, 11, 9, 8, 8, 4, 19, 9, 11, 4, 3, 16, 2, 8, 9, 2, 7, 2, 8, 19, 1, 7, 20, 3, 20, 2, 5, 19, 20, 1, 16, 9, 3, 2, 8, 16, 4, 20, 10, 10, 20, 3, 16, 11, 12, 13, 14, 11, 15, 4, 3, 11, 1, 7, 6, 19, 19, 2, 1, 4, 1, 7, 3, 2, 20, 3, 19, 9, 6, 10, 2, 7, 7, 7, 15, 16, 2, 10, 6, 13, 12, 14, 5, 13, 7, 7, 11, 13, 5, 11, 19, 16, 9, 6, 13, 11, 15, 15, 9, 14, 5, 5, 15, 1, 14, 14, 5, 5, 13, 1, 8, 18, 5, 1, 5, 17, 18, 12, 17, 12, 13, 14, 12, 10, 18, 10, 18, 6, 12, 18, 8, 11, 1, 5, 17, 13, 17, 20, 13, 17, 20, 12, 17, 12, 10, 18, 10, 18, 6, 18, 20, 14, 12, 10, 18, 10, 18, 6, 14, 17, 17, 17, 13, 17]
bestever    2055    in generation 344
[4, 9, 9, 15, 4, 15, 6, 3, 6, 14, 9, 6, 15, 2, 14, 8, 3, 7, 8, 16, 4, 19, 16, 4, 8, 19, 11, 16, 16, 1, 20, 3, 15, 19, 4, 15, 12, 11, 9, 8, 8, 4, 19, 9, 11, 4, 3, 16, 2, 8, 9, 2, 7, 2, 8, 19, 1, 7, 20, 3, 20, 2, 5, 19, 20, 1, 16, 9, 3, 2, 8, 16, 4, 20, 10, 10, 20, 3, 16, 11, 12, 13, 14, 11, 15, 4, 3, 1, 7, 19, 19, 2, 1, 4, 1, 7, 3, 2, 20, 3, 19, 6, 10, 2, 7, 7, 7, 15, 16, 2, 10, 6, 13, 12, 14, 5, 13, 7, 7, 11, 13, 5, 11, 9, 6, 11, 19, 16, 9, 6, 13, 11, 15, 15, 9, 14, 5, 5, 15, 1, 14, 14, 5, 5, 13, 1, 8, 18, 5, 1, 5, 17, 18, 12, 17, 12, 13, 14, 12, 10, 18, 10, 18, 6, 12, 18, 8, 11, 1, 5, 17, 13, 17, 20, 13, 17, 20, 12, 17, 12, 10, 18, 10, 18, 6, 18, 20, 14, 12, 10, 18, 10, 18, 6, 14, 17, 17, 17, 13, 17]
bestever    2053    in generation 360
[4, 9, 9, 15, 4, 15, 3, 6, 6, 14, 9, 6, 15, 2, 14, 8, 3, 7, 8, 16, 4, 19, 16, 4, 8, 19, 11, 16, 16, 1, 20, 3, 15, 19, 4, 15, 12, 11, 9, 8, 8, 4, 19, 9, 11, 4, 3, 16, 2, 8, 9, 2, 7, 2, 8, 19, 1, 7, 20, 3, 20, 2, 5, 19, 20, 1, 16, 9, 3, 2, 8, 16, 4, 20, 10, 20, 3, 16, 11, 12, 13, 14, 11, 15, 4, 3, 1, 7, 19, 19, 2, 1, 4, 1, 7, 3, 2, 20, 3, 19, 6, 2, 7, 7, 7, 15, 16, 2, 10, 6, 13, 12, 14, 5, 13, 7, 7, 11, 13, 5, 11, 9, 6, 11, 19, 16, 9, 6, 13, 11, 15, 15, 9, 14, 5, 5, 15, 1, 14, 14, 5, 5, 13, 1, 8, 5, 1, 5, 17, 12, 17, 12, 13, 14, 12, 10, 18, 10, 18, 6, 12, 18, 8, 11, 1, 5, 17, 13, 17, 20, 13, 17, 20, 12, 10, 18, 10, 18, 17, 12, 10, 18, 10, 18, 6, 18, 20, 14, 12, 10, 18, 10, 18, 6, 14, 17, 17, 17, 13, 17]
bestever    2044    in generation 483
[4, 9, 9, 15, 4, 15, 3, 6, 6, 14, 9, 6, 15, 2, 14, 8, 3, 7, 8, 16, 4, 19, 16, 4, 8, 19, 11, 16, 16, 1, 20, 3, 15, 19, 4, 15, 12, 11, 9, 8, 8, 4, 19, 9, 11, 4, 3, 16, 2, 8, 9, 2, 7, 2, 8, 19, 16, 1, 7, 20, 3, 20, 2, 5, 19, 20, 1, 16, 9, 3, 2, 8, 16, 4, 20, 10, 20, 3, 16, 11, 12, 13, 14, 11, 15, 4, 3, 1, 7, 19, 19, 2, 1, 4, 1, 7, 3, 2, 20, 3, 19, 6, 2, 7, 7, 7, 15, 16, 2, 10, 6, 13, 12, 14, 5, 13, 7, 7, 11, 13, 5, 11, 9, 6, 11, 19, 9, 6, 13, 11, 15, 15, 9, 14, 5, 5, 15, 1, 14, 14, 5, 5, 13, 1, 8, 5, 1, 5, 17, 12, 17, 12, 13, 14, 12, 10, 18, 10, 18, 6, 12, 18, 8, 11, 1, 5, 17, 13, 17, 20, 13, 17, 20, 12, 10, 18, 10, 18, 17, 12, 10, 18, 10, 18, 6, 18, 20, 14, 12, 10, 18, 10, 18, 6, 14, 17, 17, 17, 13, 17]
bestever    2042    in generation 505
[4, 9, 9, 15, 4, 15, 3, 6, 6, 14, 9, 6, 15, 2, 14, 8, 3, 7, 8, 16, 4, 19, 16, 4, 8, 19, 11, 16, 16, 1, 20, 3, 15, 19, 4, 15, 12, 11, 9, 8, 8, 4, 19, 9, 11, 4, 3, 16, 2, 8, 9, 2, 7, 2, 8, 19, 16, 1, 7, 20, 3, 20, 2, 5, 19, 20, 1, 16, 9, 3, 2, 8, 16, 4, 20, 10, 20, 3, 16, 11, 12, 13, 14, 11, 15, 4, 3, 1, 7, 19, 19, 2, 1, 4, 1, 7, 3, 2, 20, 9, 19, 6, 2, 7, 7, 7, 15, 16, 2, 10, 6, 13, 12, 14, 5, 13, 7, 7, 11, 13, 5, 11, 3, 6, 11, 19, 9, 6, 13, 11, 15, 15, 9, 14, 5, 5, 15, 1, 14, 14, 5, 5, 13, 1, 8, 5, 1, 5, 17, 12, 17, 12, 13, 14, 12, 10, 18, 10, 18, 6, 12, 18, 8, 11, 1, 5, 13, 20, 13, 17, 20, 12, 10, 18, 17, 17, 10, 18, 17, 12, 10, 18, 10, 18, 6, 18, 20, 14, 12, 10, 18, 10, 18, 6, 14, 17, 17, 17, 13, 17]
bestever    2037    in generation 513
[4, 9, 9, 15, 4, 15, 3, 6, 6, 14, 9, 6, 15, 2, 14, 8, 3, 7, 8, 16, 4, 19, 16, 4, 8, 19, 11, 16, 16, 1, 20, 3, 15, 19, 4, 15, 12, 11, 9, 8, 8, 4, 19, 9, 11, 4, 3, 16, 2, 8, 9, 2, 7, 2, 8, 19, 16, 1, 7, 20, 3, 20, 2, 19, 20, 1, 16, 9, 3, 2, 8, 16, 4, 20, 10, 20, 3, 16, 11, 12, 13, 11, 15, 4, 3, 7, 19, 19, 2, 1, 7, 3, 2, 20, 3, 19, 6, 2, 7, 7, 7, 15, 16, 2, 10, 6, 12, 13, 7, 7, 11, 13, 11, 9, 6, 11, 19, 9, 6, 13, 11, 15, 15, 9, 14, 5, 15, 1, 14, 14, 5, 5, 13, 1, 5, 5, 4, 1, 14, 14, 5, 5, 13, 1, 8, 5, 1, 5, 17, 12, 17, 12, 13, 14, 12, 10, 18, 10, 18, 6, 12, 18, 8, 11, 1, 5, 13, 20, 13, 17, 20, 12, 10, 18, 17, 17, 10, 18, 17, 12, 10, 18, 10, 18, 6, 18, 20, 14, 12, 10, 18, 10, 18, 6, 14, 17, 17, 17, 13, 17]
bestever    2029    in generation 591
[4, 9, 9, 15, 4, 15, 3, 6, 6, 14, 9, 6, 15, 2, 14, 8, 3, 7, 8, 16, 4, 19, 16, 4, 8, 19, 11, 16, 16, 1, 20, 3, 15, 19, 4, 15, 12, 11, 9, 8, 8, 4, 19, 9, 11, 4, 3, 16, 2, 8, 9, 2, 7, 2, 8, 19, 16, 1, 7, 11, 3, 20, 2, 19, 20, 1, 16, 9, 3, 2, 8, 16, 4, 20, 10, 20, 3, 16, 11, 12, 13, 11, 15, 4, 3, 7, 19, 19, 2, 1, 7, 3, 2, 20, 3, 19, 6, 2, 7, 7, 7, 15, 16, 2, 10, 6, 12, 13, 7, 7, 11, 13, 20, 9, 6, 11, 19, 9, 6, 13, 11, 15, 15, 9, 14, 5, 15, 1, 14, 14, 5, 5, 13, 1, 5, 5, 4, 1, 14, 14, 5, 5, 13, 1, 8, 5, 1, 5, 17, 12, 17, 12, 13, 14, 12, 10, 18, 10, 18, 6, 12, 18, 8, 11, 1, 5, 13, 20, 13, 17, 20, 12, 10, 18, 17, 17, 10, 18, 17, 12, 10, 18, 10, 18, 6, 18, 20, 14, 12, 10, 18, 10, 18, 6, 14, 17, 17, 17, 13, 17]
bestever    2025    in generation 593
[4, 9, 9, 15, 4, 15, 3, 6, 6, 9, 6, 15, 2, 8, 3, 7, 8, 16, 4, 19, 16, 4, 8, 19, 11, 16, 16, 1, 20, 3, 15, 19, 4, 15, 12, 11, 9, 8, 8, 4, 19, 9, 11, 4, 3, 16, 2, 8, 9, 2, 7, 2, 19, 16, 1, 7, 20, 3, 20, 2, 19, 20, 1, 16, 9, 3, 2, 8, 16, 20, 10, 20, 3, 16, 11, 12, 11, 15, 4, 3, 7, 19, 19, 2, 1, 7, 3, 2, 20, 3, 19, 6, 2, 7, 7, 7, 15, 16, 2, 10, 6, 12, 13, 7, 7, 11, 13, 11, 9, 6, 11, 19, 9, 6, 13, 11, 15, 15, 9, 14, 15, 1, 14, 14, 13, 4, 1, 14, 14, 5, 5, 5, 4, 14, 14, 5, 5, 13, 8, 5, 1, 5, 13, 1, 8, 5, 1, 5, 17, 12, 17, 12, 13, 14, 12, 10, 18, 10, 18, 6, 12, 18, 8, 11, 1, 5, 13, 20, 13, 17, 20, 12, 10, 18, 17, 17, 10, 18, 17, 12, 10, 18, 10, 18, 6, 18, 20, 14, 12, 10, 18, 10, 18, 6, 14, 17, 17, 17, 13, 17]
bestever    2014    in generation 619
[4, 9, 9, 15, 4, 15, 3, 6, 6, 15, 6, 9, 2, 8, 3, 7, 8, 16, 4, 19, 16, 4, 8, 19, 11, 16, 16, 1, 20, 3, 15, 19, 4, 15, 12, 11, 9, 8, 8, 4, 19, 9, 11, 4, 3, 16, 2, 8, 9, 2, 7, 2, 19, 16, 1, 7, 20, 3, 20, 2, 19, 20, 1, 16, 9, 3, 2, 8, 16, 20, 10, 20, 3, 16, 11, 12, 11, 15, 4, 3, 7, 19, 19, 2, 1, 7, 3, 2, 20, 3, 19, 6, 2, 7, 7, 7, 15, 16, 2, 10, 6, 12, 13, 7, 7, 11, 13, 11, 9, 6, 11, 19, 9, 6, 13, 11, 15, 15, 9, 14, 15, 1, 14, 14, 13, 4, 1, 14, 14, 5, 5, 5, 4, 14, 14, 5, 5, 13, 8, 5, 1, 5, 13, 1, 8, 5, 1, 5, 17, 12, 17, 12, 13, 14, 12, 10, 18, 10, 18, 6, 12, 18, 8, 11, 1, 5, 13, 20, 13, 17, 20, 12, 10, 18, 17, 17, 10, 18, 17, 12, 10, 18, 10, 18, 6, 18, 20, 14, 12, 10, 18, 10, 18, 6, 14, 17, 17, 17, 13, 17]
bestever    2013    in generation 732
[4, 9, 9, 15, 4, 15, 3, 6, 6, 15, 6, 9, 2, 8, 3, 7, 8, 16, 4, 19, 16, 4, 8, 19, 11, 4, 16, 1, 20, 3, 15, 19, 16, 15, 12, 11, 9, 8, 8, 4, 19, 9, 11, 4, 3, 16, 2, 8, 9, 2, 7, 2, 19, 16, 1, 7, 20, 3, 20, 2, 19, 20, 1, 16, 9, 3, 2, 16, 20, 10, 20, 3, 16, 11, 12, 11, 15, 4, 3, 7, 19, 19, 2, 1, 7, 3, 2, 20, 3, 19, 6, 2, 7, 7, 7, 15, 16, 2, 10, 6, 12, 7, 7, 11, 11, 9, 6, 11, 19, 9, 6, 13, 11, 15, 15, 9, 14, 15, 1, 14, 13, 4, 14, 5, 4, 14, 14, 13, 5, 13, 8, 5, 1, 14, 14, 5, 5, 13, 8, 5, 1, 5, 13, 1, 8, 5, 1, 5, 17, 12, 17, 12, 13, 14, 12, 10, 18, 10, 18, 6, 12, 18, 8, 11, 1, 5, 13, 20, 13, 17, 20, 17, 10, 18, 12, 10, 18, 12, 10, 18, 10, 18, 6, 18, 20, 14, 12, 10, 18, 10, 18, 6, 17, 17, 14, 17, 17, 17, 13, 17]
bestever    2012    in generation 800
[4, 9, 9, 15, 4, 15, 3, 6, 6, 15, 6, 9, 2, 8, 3, 7, 8, 16, 4, 19, 16, 4, 8, 19, 11, 4, 16, 1, 20, 3, 15, 19, 16, 15, 12, 11, 9, 8, 8, 4, 19, 9, 11, 4, 3, 16, 2, 8, 9, 2, 7, 2, 19, 16, 1, 7, 20, 3, 20, 2, 19, 20, 1, 16, 9, 3, 2, 16, 20, 10, 20, 3, 16, 11, 12, 11, 15, 4, 3, 7, 19, 19, 2, 1, 7, 3, 2, 20, 3, 19, 6, 2, 7, 7, 7, 15, 16, 2, 10, 6, 12, 7, 7, 11, 11, 9, 6, 11, 19, 9, 6, 13, 11, 15, 15, 9, 14, 15, 1, 14, 13, 4, 14, 5, 4, 14, 14, 13, 5, 13, 8, 5, 1, 14, 14, 5, 5, 13, 8, 5, 1, 5, 13, 1, 8, 5, 1, 5, 17, 12, 17, 12, 13, 14, 12, 10, 18, 10, 18, 6, 12, 18, 8, 11, 1, 5, 13, 20, 13, 17, 20, 17, 10, 18, 6, 10, 18, 12, 10, 18, 10, 18, 12, 18, 20, 14, 12, 10, 18, 10, 18, 6, 17, 17, 14, 17, 17, 17, 13, 17]
bestever    2007    in generation 816
[4, 9, 9, 15, 4, 15, 3, 6, 6, 15, 6, 9, 2, 8, 3, 7, 8, 16, 4, 19, 16, 4, 8, 19, 11, 4, 16, 1, 20, 3, 15, 19, 16, 15, 12, 11, 9, 8, 8, 4, 19, 9, 11, 4, 3, 16, 2, 8, 9, 2, 7, 2, 19, 16, 1, 7, 20, 3, 20, 2, 19, 20, 1, 16, 9, 3, 2, 16, 20, 10, 20, 3, 16, 11, 12, 11, 15, 4, 3, 7, 19, 19, 2, 1, 7, 3, 2, 20, 3, 19, 6, 2, 7, 7, 7, 15, 16, 2, 10, 6, 12, 7, 7, 11, 11, 9, 6, 11, 19, 9, 6, 13, 11, 15, 15, 9, 14, 15, 1, 14, 13, 4, 14, 5, 4, 14, 14, 13, 5, 13, 8, 5, 1, 14, 14, 5, 5, 13, 8, 5, 1, 5, 13, 1, 8, 5, 1, 5, 17, 12, 17, 12, 13, 14, 12, 10, 18, 10, 18, 6, 12, 18, 8, 11, 1, 5, 13, 20, 13, 17, 20, 17, 10, 18, 17, 10, 18, 12, 10, 18, 10, 18, 12, 18, 20, 14, 12, 10, 18, 10, 18, 6, 6, 17, 14, 17, 17, 17, 13, 17]
bestever    2004    in generation 824
[4, 9, 9, 15, 4, 15, 3, 6, 6, 15, 6, 9, 2, 8, 3, 7, 8, 16, 4, 19, 16, 4, 8, 19, 11, 4, 16, 1, 20, 3, 15, 19, 16, 15, 12, 11, 9, 8, 8, 4, 19, 9, 11, 4, 3, 16, 2, 8, 9, 20, 7, 2, 19, 16, 1, 7, 2, 3, 20, 2, 19, 20, 1, 16, 9, 3, 2, 16, 20, 10, 20, 3, 16, 11, 12, 11, 15, 4, 3, 7, 19, 19, 2, 1, 7, 3, 2, 20, 3, 19, 6, 2, 7, 7, 7, 15, 16, 2, 10, 6, 12, 7, 7, 11, 11, 9, 6, 11, 19, 9, 6, 13, 11, 15, 15, 9, 14, 15, 1, 14, 13, 4, 14, 5, 4, 14, 14, 13, 5, 13, 8, 5, 1, 14, 14, 5, 5, 13, 8, 5, 1, 5, 13, 1, 8, 5, 1, 5, 17, 12, 17, 12, 13, 14, 12, 10, 18, 10, 18, 6, 12, 18, 8, 11, 1, 5, 13, 20, 13, 17, 20, 17, 10, 18, 17, 10, 18, 12, 10, 18, 10, 18, 12, 18, 20, 14, 12, 10, 18, 10, 18, 6, 6, 17, 14, 17, 17, 17, 13, 17]
bestever    2003    in generation 859
[4, 9, 9, 15, 4, 15, 3, 6, 6, 15, 6, 9, 2, 8, 3, 7, 8, 16, 4, 19, 16, 4, 8, 19, 11, 4, 16, 1, 20, 3, 15, 19, 16, 15, 12, 11, 9, 8, 8, 4, 19, 9, 11, 4, 3, 16, 2, 8, 9, 20, 7, 2, 19, 16, 1, 7, 2, 3, 20, 2, 19, 20, 1, 16, 9, 3, 2, 16, 20, 10, 20, 3, 16, 11, 12, 11, 15, 4, 3, 7, 19, 19, 2, 1, 7, 3, 2, 20, 3, 19, 6, 2, 7, 7, 7, 15, 16, 2, 10, 6, 12, 7, 7, 11, 11, 9, 6, 11, 19, 9, 6, 13, 11, 15, 15, 9, 14, 15, 1, 14, 13, 4, 14, 5, 4, 14, 14, 13, 5, 13, 8, 5, 1, 14, 14, 5, 5, 13, 8, 5, 1, 5, 13, 1, 8, 5, 1, 5, 17, 12, 17, 12, 13, 14, 12, 10, 18, 10, 18, 6, 12, 18, 8, 11, 1, 20, 13, 20, 13, 17, 20, 17, 10, 18, 17, 10, 18, 12, 10, 18, 10, 18, 12, 18, 5, 14, 12, 10, 18, 10, 18, 6, 6, 17, 14, 17, 17, 17, 13, 17]
bestever    2002    in generation 873
[4, 9, 9, 15, 4, 15, 3, 6, 6, 15, 6, 9, 2, 8, 3, 7, 8, 16, 4, 19, 16, 4, 8, 19, 11, 4, 16, 1, 20, 3, 15, 19, 16, 15, 12, 11, 9, 8, 8, 4, 19, 9, 11, 4, 3, 16, 2, 8, 9, 20, 7, 2, 19, 16, 1, 7, 2, 3, 20, 2, 19, 20, 1, 16, 9, 3, 2, 16, 20, 10, 20, 3, 16, 11, 12, 11, 15, 4, 3, 7, 19, 19, 2, 1, 7, 3, 2, 20, 3, 19, 6, 2, 7, 7, 7, 15, 16, 2, 10, 4, 12, 7, 7, 11, 11, 9, 6, 11, 19, 9, 6, 13, 11, 15, 15, 9, 14, 15, 1, 14, 13, 6, 14, 5, 4, 14, 14, 13, 5, 13, 8, 5, 1, 14, 14, 5, 5, 13, 8, 5, 1, 5, 13, 1, 8, 5, 1, 5, 17, 12, 17, 12, 13, 14, 12, 10, 18, 10, 18, 6, 12, 18, 8, 11, 1, 20, 13, 20, 13, 17, 20, 17, 10, 18, 17, 10, 18, 12, 10, 18, 10, 18, 12, 18, 5, 14, 12, 10, 18, 10, 18, 6, 6, 17, 14, 17, 17, 17, 13, 17]
bestever    1999    in generation 914
[4, 9, 9, 15, 4, 15, 3, 6, 6, 15, 6, 9, 2, 8, 3, 7, 8, 16, 4, 19, 16, 4, 8, 19, 11, 4, 16, 1, 20, 3, 15, 19, 16, 15, 12, 11, 9, 8, 8, 4, 19, 9, 11, 4, 3, 16, 2, 8, 9, 20, 7, 2, 19, 16, 1, 7, 2, 3, 20, 2, 19, 20, 1, 16, 9, 3, 2, 16, 20, 10, 20, 3, 16, 11, 12, 11, 15, 4, 3, 7, 19, 19, 2, 1, 7, 3, 2, 20, 3, 19, 6, 2, 7, 7, 7, 15, 16, 2, 10, 4, 12, 7, 7, 11, 11, 9, 6, 11, 19, 9, 6, 13, 11, 15, 15, 9, 14, 15, 1, 14, 13, 6, 14, 5, 4, 14, 14, 13, 5, 13, 8, 12, 1, 14, 14, 5, 5, 13, 8, 5, 1, 5, 13, 1, 8, 5, 1, 5, 17, 5, 17, 12, 13, 14, 12, 10, 18, 10, 18, 6, 12, 18, 8, 11, 1, 20, 13, 20, 13, 17, 20, 17, 10, 18, 14, 10, 18, 12, 10, 18, 10, 18, 12, 18, 5, 14, 12, 10, 18, 10, 18, 6, 6, 17, 17, 17, 17, 17, 13, 17]
bestever    1978    in generation 970
[4, 9, 9, 15, 4, 15, 3, 6, 6, 15, 6, 9, 2, 8, 3, 7, 8, 16, 4, 19, 16, 4, 8, 19, 11, 4, 16, 1, 20, 3, 15, 19, 16, 15, 12, 7, 9, 8, 8, 4, 19, 9, 11, 4, 3, 16, 2, 8, 9, 20, 7, 2, 19, 16, 1, 7, 2, 3, 20, 2, 19, 20, 1, 16, 9, 3, 2, 16, 20, 10, 20, 3, 16, 11, 12, 11, 15, 4, 3, 7, 19, 19, 2, 1, 7, 3, 2, 20, 3, 19, 6, 2, 7, 11, 7, 15, 16, 2, 10, 4, 12, 7, 7, 11, 11, 9, 6, 11, 19, 9, 6, 13, 11, 15, 15, 9, 14, 15, 1, 14, 13, 6, 14, 5, 4, 14, 14, 13, 5, 13, 8, 12, 1, 14, 14, 5, 5, 13, 8, 5, 1, 5, 13, 1, 8, 5, 1, 5, 17, 5, 17, 12, 13, 14, 12, 10, 18, 10, 18, 6, 12, 18, 8, 11, 1, 20, 13, 20, 13, 17, 20, 17, 10, 18, 14, 10, 18, 12, 10, 18, 10, 18, 12, 18, 5, 14, 12, 10, 18, 10, 18, 6, 6, 17, 17, 17, 17, 17, 13, 17]
bestever    1968    in generation 1000
[4, 9, 9, 15, 4, 15, 3, 6, 6, 15, 6, 9, 2, 8, 3, 7, 8, 16, 4, 19, 16, 4, 8, 19, 11, 4, 16, 1, 20, 3, 15, 19, 16, 15, 5, 7, 9, 8, 8, 4, 19, 9, 11, 4, 3, 16, 2, 8, 9, 20, 7, 2, 19, 16, 1, 7, 2, 3, 20, 2, 19, 20, 1, 16, 9, 3, 2, 16, 20, 10, 20, 3, 16, 11, 12, 11, 15, 4, 3, 7, 19, 19, 2, 1, 7, 3, 2, 20, 3, 19, 6, 2, 7, 11, 7, 15, 16, 2, 10, 4, 12, 7, 7, 11, 11, 9, 6, 11, 19, 9, 6, 13, 11, 15, 15, 9, 14, 15, 1, 14, 13, 6, 14, 5, 4, 14, 14, 13, 5, 13, 8, 12, 1, 14, 14, 5, 5, 13, 8, 5, 1, 12, 13, 1, 8, 5, 1, 5, 17, 5, 17, 12, 13, 14, 12, 10, 18, 10, 18, 6, 12, 18, 8, 11, 1, 20, 13, 20, 13, 17, 20, 10, 10, 18, 14, 10, 18, 12, 10, 18, 17, 18, 12, 18, 5, 14, 12, 10, 18, 10, 18, 6, 6, 17, 17, 17, 17, 17, 13, 17]
bestever    1963    in generation 1082
[4, 9, 9, 15, 4, 15, 3, 6, 6, 15, 6, 9, 2, 8, 3, 7, 8, 16, 4, 19, 16, 4, 8, 19, 11, 4, 16, 1, 20, 3, 15, 19, 16, 15, 5, 7, 9, 8, 8, 4, 19, 9, 11, 4, 3, 16, 2, 8, 9, 20, 7, 2, 19, 16, 1, 7, 2, 3, 20, 2, 19, 20, 1, 16, 9, 3, 2, 16, 20, 20, 3, 16, 11, 12, 11, 15, 4, 3, 7, 19, 19, 2, 1, 7, 3, 2, 3, 19, 6, 2, 7, 11, 7, 15, 16, 2, 4, 12, 7, 7, 11, 11, 9, 1, 11, 19, 9, 6, 13, 11, 15, 15, 9, 14, 15, 1, 14, 13, 6, 14, 5, 4, 14, 14, 13, 5, 13, 8, 12, 1, 14, 14, 5, 5, 13, 8, 5, 1, 12, 6, 8, 5, 1, 5, 17, 5, 13, 20, 17, 12, 13, 14, 12, 10, 18, 10, 6, 12, 18, 8, 11, 1, 20, 13, 20, 13, 17, 10, 18, 10, 20, 10, 10, 18, 14, 10, 18, 12, 10, 18, 17, 18, 12, 18, 5, 14, 12, 10, 18, 10, 18, 6, 6, 17, 17, 17, 17, 17, 13, 17]
bestever    1957    in generation 1102
[4, 9, 9, 15, 4, 15, 3, 6, 6, 15, 6, 9, 2, 8, 3, 7, 8, 16, 4, 19, 16, 4, 8, 19, 11, 4, 16, 1, 20, 3, 15, 19, 16, 15, 5, 7, 9, 8, 8, 4, 19, 9, 11, 4, 3, 16, 2, 8, 9, 20, 7, 2, 19, 16, 1, 7, 2, 3, 20, 2, 19, 20, 1, 16, 9, 3, 2, 16, 20, 20, 3, 16, 11, 12, 11, 15, 4, 3, 7, 19, 19, 2, 1, 7, 3, 2, 3, 19, 6, 2, 7, 11, 7, 15, 16, 2, 4, 12, 7, 7, 9, 11, 9, 1, 11, 19, 9, 6, 13, 11, 15, 15, 11, 14, 15, 1, 14, 13, 6, 14, 5, 4, 14, 14, 13, 5, 13, 8, 12, 1, 14, 14, 5, 5, 13, 8, 5, 1, 12, 6, 8, 5, 1, 5, 17, 5, 13, 20, 17, 12, 13, 14, 12, 10, 18, 10, 6, 12, 18, 8, 11, 1, 20, 13, 20, 13, 17, 10, 18, 10, 20, 10, 10, 18, 14, 10, 18, 12, 10, 18, 17, 18, 12, 18, 5, 14, 12, 10, 18, 10, 18, 6, 6, 17, 17, 17, 17, 17, 13, 17]
bestever    1956    in generation 1141
[4, 9, 9, 15, 4, 15, 3, 6, 6, 15, 6, 9, 2, 8, 3, 7, 8, 16, 4, 19, 16, 4, 8, 19, 11, 4, 16, 1, 20, 15, 15, 19, 16, 3, 5, 7, 9, 8, 8, 4, 19, 9, 11, 4, 3, 16, 2, 8, 9, 20, 7, 2, 19, 16, 1, 7, 2, 3, 20, 2, 19, 20, 1, 16, 9, 3, 2, 16, 20, 20, 3, 16, 11, 12, 11, 15, 4, 3, 7, 19, 19, 2, 1, 7, 3, 2, 3, 19, 6, 13, 7, 11, 7, 15, 16, 2, 4, 12, 7, 7, 9, 11, 9, 1, 11, 19, 9, 6, 13, 11, 15, 15, 11, 14, 15, 1, 14, 13, 6, 14, 5, 4, 14, 14, 13, 5, 13, 8, 12, 1, 14, 14, 5, 5, 2, 8, 5, 1, 12, 6, 8, 5, 1, 5, 5, 13, 20, 12, 13, 14, 12, 10, 18, 10, 6, 12, 18, 8, 11, 1, 20, 13, 20, 13, 17, 10, 18, 10, 20, 10, 10, 18, 14, 10, 18, 12, 10, 18, 17, 18, 12, 18, 17, 17, 5, 14, 12, 10, 18, 10, 18, 6, 6, 17, 17, 17, 17, 17, 13, 17]
bestever    1945    in generation 1216
[4, 9, 9, 15, 4, 15, 3, 6, 6, 15, 6, 9, 2, 8, 3, 7, 8, 16, 4, 19, 16, 4, 8, 19, 11, 4, 16, 1, 20, 15, 15, 19, 16, 3, 5, 7, 9, 8, 8, 4, 19, 9, 11, 4, 3, 16, 2, 8, 9, 20, 7, 2, 19, 16, 1, 7, 2, 3, 20, 2, 19, 1, 16, 9, 3, 2, 16, 20, 20, 3, 16, 11, 12, 11, 15, 4, 3, 7, 19, 19, 2, 1, 7, 3, 2, 3, 19, 6, 13, 7, 11, 7, 15, 16, 2, 4, 12, 7, 7, 9, 11, 9, 1, 11, 19, 9, 6, 11, 15, 15, 11, 14, 15, 1, 14, 6, 14, 5, 4, 14, 14, 13, 5, 13, 8, 12, 1, 14, 14, 5, 5, 2, 12, 6, 13, 8, 1, 5, 13, 20, 8, 5, 1, 5, 5, 13, 20, 12, 13, 14, 12, 10, 18, 10, 6, 12, 18, 8, 11, 1, 20, 13, 20, 13, 17, 10, 18, 10, 20, 10, 10, 18, 14, 10, 18, 12, 10, 18, 17, 18, 12, 18, 17, 17, 5, 14, 12, 10, 18, 10, 18, 6, 6, 17, 17, 17, 17, 17, 13, 17]
bestever    1942    in generation 1233
[4, 9, 9, 15, 4, 15, 3, 6, 6, 15, 6, 9, 2, 8, 3, 7, 8, 16, 4, 19, 16, 4, 8, 19, 11, 4, 16, 1, 20, 15, 15, 19, 16, 3, 5, 7, 9, 8, 8, 4, 19, 9, 11, 4, 3, 16, 2, 8, 9, 20, 7, 2, 19, 16, 1, 7, 2, 3, 20, 2, 19, 20, 1, 16, 9, 3, 2, 16, 20, 20, 3, 16, 11, 12, 11, 15, 4, 3, 7, 19, 19, 2, 1, 7, 3, 2, 3, 19, 6, 13, 5, 11, 7, 15, 16, 2, 4, 12, 7, 7, 9, 11, 9, 1, 11, 19, 9, 6, 11, 15, 15, 11, 14, 15, 1, 14, 13, 6, 14, 5, 4, 14, 14, 13, 5, 13, 8, 12, 1, 14, 14, 10, 5, 2, 12, 6, 8, 1, 5, 13, 8, 5, 1, 7, 5, 13, 20, 12, 13, 14, 12, 10, 18, 10, 6, 12, 18, 8, 11, 1, 20, 13, 20, 13, 17, 5, 18, 10, 20, 10, 10, 18, 14, 10, 18, 12, 10, 18, 17, 18, 12, 18, 17, 17, 5, 14, 12, 10, 18, 10, 18, 6, 6, 17, 17, 17, 17, 17, 13, 17]
bestever    1941    in generation 1306
[4, 9, 9, 15, 4, 15, 3, 6, 6, 15, 6, 9, 2, 8, 3, 7, 8, 16, 4, 19, 16, 4, 8, 19, 11, 4, 16, 1, 20, 15, 15, 19, 16, 3, 5, 7, 9, 8, 8, 4, 19, 9, 11, 4, 3, 16, 2, 16, 9, 20, 7, 2, 19, 8, 1, 7, 2, 3, 20, 2, 19, 20, 1, 16, 9, 3, 2, 16, 20, 20, 3, 16, 11, 12, 11, 15, 4, 3, 7, 19, 19, 2, 1, 7, 3, 2, 3, 19, 6, 13, 5, 11, 7, 15, 16, 2, 4, 12, 7, 7, 9, 11, 9, 1, 11, 19, 9, 6, 11, 15, 15, 11, 14, 15, 1, 14, 13, 6, 14, 5, 4, 14, 14, 13, 5, 13, 8, 12, 1, 14, 14, 10, 5, 2, 12, 6, 8, 1, 5, 13, 8, 5, 1, 7, 5, 13, 20, 12, 13, 14, 12, 10, 18, 10, 6, 12, 18, 8, 11, 1, 20, 13, 20, 13, 17, 5, 18, 10, 20, 10, 10, 18, 14, 10, 18, 12, 10, 18, 17, 18, 12, 18, 17, 17, 5, 14, 12, 10, 18, 10, 18, 6, 6, 17, 17, 17, 17, 17, 13, 17]
bestever    1938    in generation 1445
[4, 9, 9, 15, 4, 15, 3, 6, 6, 15, 6, 9, 2, 8, 3, 7, 8, 16, 4, 19, 16, 4, 8, 19, 11, 4, 16, 1, 20, 15, 15, 19, 16, 3, 5, 7, 9, 8, 8, 4, 19, 9, 11, 4, 3, 16, 2, 16, 9, 20, 7, 2, 19, 8, 1, 7, 2, 3, 20, 2, 19, 20, 1, 16, 9, 3, 2, 16, 20, 20, 3, 16, 11, 12, 11, 15, 4, 3, 7, 19, 19, 2, 1, 7, 3, 2, 3, 19, 6, 13, 5, 11, 7, 15, 16, 2, 4, 12, 7, 7, 9, 11, 9, 1, 11, 19, 9, 6, 11, 15, 15, 11, 14, 15, 1, 14, 13, 6, 14, 5, 4, 14, 14, 13, 5, 13, 8, 12, 1, 14, 14, 10, 5, 2, 12, 6, 8, 1, 5, 13, 8, 5, 1, 7, 5, 13, 20, 12, 13, 14, 12, 10, 18, 10, 6, 12, 18, 8, 11, 1, 20, 13, 20, 13, 17, 5, 18, 10, 20, 10, 10, 10, 18, 14, 18, 12, 10, 18, 17, 18, 12, 17, 17, 13, 17, 17, 18, 17, 17, 5, 14, 12, 10, 18, 10, 18, 6, 6, 17, 17]
bestever    1937    in generation 1550
[4, 9, 9, 15, 4, 15, 3, 6, 6, 15, 6, 9, 2, 8, 3, 7, 8, 16, 4, 19, 16, 4, 8, 19, 11, 4, 16, 1, 20, 15, 15, 19, 16, 3, 5, 7, 9, 8, 8, 4, 19, 9, 11, 4, 3, 16, 2, 16, 9, 20, 7, 2, 19, 8, 1, 7, 2, 3, 20, 2, 19, 20, 1, 16, 9, 3, 2, 16, 20, 20, 3, 16, 11, 12, 11, 15, 4, 3, 7, 19, 19, 2, 1, 7, 3, 2, 3, 19, 6, 13, 5, 11, 7, 15, 16, 2, 4, 12, 7, 7, 9, 11, 9, 1, 11, 19, 9, 6, 11, 15, 15, 11, 14, 15, 1, 14, 13, 6, 14, 5, 4, 14, 14, 13, 5, 13, 8, 12, 1, 14, 14, 10, 5, 2, 12, 6, 8, 1, 5, 13, 8, 5, 1, 7, 5, 13, 20, 12, 13, 14, 12, 10, 18, 10, 6, 12, 18, 8, 11, 1, 20, 13, 20, 13, 17, 5, 18, 10, 20, 10, 10, 10, 18, 12, 18, 12, 10, 18, 17, 18, 12, 17, 17, 13, 17, 17, 18, 17, 17, 5, 14, 14, 10, 18, 10, 18, 6, 6, 17, 17]
bestever    1928    in generation 1576
[4, 9, 9, 15, 4, 15, 3, 6, 6, 15, 6, 4, 2, 8, 3, 7, 8, 16, 9, 19, 16, 4, 8, 19, 11, 4, 16, 1, 20, 15, 15, 19, 16, 3, 5, 7, 9, 8, 8, 4, 19, 9, 11, 4, 3, 16, 2, 16, 9, 20, 7, 2, 19, 8, 1, 7, 2, 3, 20, 2, 19, 20, 1, 16, 9, 3, 2, 16, 20, 20, 3, 16, 11, 12, 11, 15, 4, 3, 7, 19, 19, 2, 1, 7, 3, 2, 3, 19, 6, 13, 5, 11, 7, 15, 16, 2, 4, 12, 7, 7, 9, 11, 9, 1, 11, 19, 9, 6, 11, 15, 15, 11, 14, 15, 1, 14, 13, 6, 14, 5, 4, 14, 14, 13, 5, 13, 8, 12, 1, 14, 14, 10, 5, 2, 12, 6, 8, 1, 5, 13, 8, 5, 1, 7, 5, 13, 20, 12, 13, 14, 12, 10, 18, 10, 6, 12, 18, 8, 11, 1, 20, 13, 20, 13, 17, 5, 18, 10, 20, 10, 10, 10, 18, 12, 18, 12, 10, 18, 17, 18, 12, 17, 17, 13, 17, 17, 18, 17, 17, 5, 14, 14, 10, 18, 10, 18, 6, 6, 17, 17]
bestever    1925    in generation 1693
[4, 9, 9, 15, 4, 15, 3, 6, 6, 15, 6, 4, 2, 8, 3, 7, 8, 16, 9, 4, 19, 16, 4, 8, 19, 11, 4, 16, 1, 20, 15, 15, 19, 16, 3, 5, 7, 9, 8, 8, 4, 19, 9, 11, 4, 3, 16, 2, 16, 9, 20, 7, 2, 19, 8, 1, 7, 2, 3, 20, 2, 19, 1, 16, 9, 3, 2, 16, 20, 20, 3, 16, 11, 12, 11, 15, 4, 3, 7, 19, 19, 2, 1, 7, 3, 2, 3, 19, 6, 13, 5, 11, 7, 15, 16, 2, 12, 7, 7, 9, 11, 9, 1, 11, 19, 9, 6, 11, 15, 15, 11, 14, 15, 1, 14, 6, 14, 5, 4, 14, 14, 13, 5, 13, 8, 12, 1, 14, 5, 10, 14, 2, 12, 6, 8, 1, 13, 8, 5, 1, 7, 5, 13, 20, 5, 13, 20, 12, 13, 14, 12, 10, 18, 10, 6, 12, 18, 8, 11, 1, 20, 13, 20, 13, 17, 5, 18, 10, 20, 10, 10, 10, 18, 12, 12, 18, 10, 18, 17, 18, 12, 17, 17, 13, 17, 17, 18, 17, 17, 5, 14, 14, 10, 18, 10, 18, 6, 6, 17, 17]
bestever    1920    in generation 1753
[4, 9, 9, 15, 4, 15, 3, 6, 6, 15, 6, 4, 2, 8, 3, 7, 8, 16, 9, 4, 19, 16, 4, 8, 19, 11, 4, 16, 1, 20, 15, 15, 19, 16, 3, 5, 7, 9, 8, 8, 4, 19, 9, 11, 4, 3, 16, 2, 16, 9, 7, 2, 19, 8, 1, 7, 2, 3, 20, 2, 19, 1, 16, 9, 3, 2, 16, 20, 20, 3, 16, 11, 12, 11, 15, 4, 3, 7, 19, 19, 2, 1, 7, 3, 2, 3, 19, 6, 5, 11, 7, 15, 16, 2, 12, 7, 7, 9, 11, 9, 1, 11, 19, 9, 6, 11, 15, 15, 11, 14, 15, 1, 14, 6, 14, 5, 4, 14, 14, 13, 8, 12, 1, 14, 10, 14, 2, 12, 6, 13, 8, 1, 5, 13, 20, 5, 13, 8, 5, 1, 7, 5, 13, 20, 5, 13, 20, 12, 13, 14, 12, 10, 18, 10, 6, 12, 18, 8, 11, 1, 20, 13, 20, 13, 17, 5, 18, 10, 20, 10, 10, 10, 18, 12, 12, 18, 10, 18, 17, 18, 12, 17, 17, 13, 17, 17, 18, 17, 17, 5, 14, 14, 10, 18, 10, 18, 6, 6, 17, 17]
bestever    1913    in generation 1825
[4, 9, 9, 15, 4, 15, 3, 6, 6, 15, 6, 4, 2, 8, 3, 7, 8, 16, 9, 4, 19, 16, 4, 8, 19, 11, 4, 16, 1, 20, 15, 15, 19, 16, 3, 5, 7, 9, 8, 8, 4, 19, 9, 11, 4, 3, 16, 2, 16, 9, 7, 2, 19, 8, 1, 7, 2, 3, 20, 2, 19, 9, 16, 9, 3, 2, 16, 20, 20, 3, 16, 11, 12, 11, 15, 4, 3, 7, 19, 19, 2, 1, 7, 3, 2, 3, 19, 6, 5, 11, 7, 15, 16, 2, 12, 7, 7, 1, 11, 9, 1, 11, 19, 9, 6, 11, 15, 15, 11, 14, 15, 1, 14, 6, 14, 5, 4, 14, 14, 13, 8, 12, 1, 14, 10, 14, 2, 12, 6, 13, 8, 1, 5, 13, 20, 5, 13, 8, 5, 1, 7, 5, 13, 20, 5, 13, 20, 12, 13, 14, 12, 10, 18, 10, 6, 12, 18, 8, 11, 1, 20, 13, 20, 13, 17, 5, 18, 10, 20, 10, 10, 10, 18, 12, 12, 18, 10, 18, 17, 18, 12, 17, 17, 13, 17, 17, 18, 17, 17, 5, 14, 14, 10, 18, 10, 18, 6, 6, 17, 17]
bestever    1909    in generation 1847
[4, 9, 9, 15, 4, 15, 3, 6, 6, 15, 6, 4, 2, 8, 3, 7, 8, 16, 9, 4, 19, 16, 4, 8, 19, 11, 4, 16, 1, 20, 15, 15, 19, 16, 3, 5, 7, 9, 8, 8, 4, 19, 9, 11, 4, 3, 16, 2, 16, 9, 7, 2, 19, 8, 1, 7, 2, 3, 20, 2, 19, 9, 16, 9, 3, 2, 16, 20, 20, 3, 16, 11, 12, 11, 15, 4, 3, 7, 19, 19, 2, 1, 7, 3, 2, 3, 19, 6, 5, 11, 7, 15, 16, 2, 12, 7, 7, 1, 11, 9, 1, 11, 19, 9, 6, 10, 15, 15, 11, 14, 15, 1, 14, 6, 14, 5, 4, 14, 14, 13, 8, 12, 1, 14, 10, 14, 2, 12, 6, 13, 8, 1, 5, 13, 20, 5, 13, 8, 5, 1, 7, 5, 13, 20, 5, 13, 20, 12, 13, 14, 12, 10, 18, 10, 6, 12, 18, 8, 11, 1, 20, 13, 20, 13, 17, 5, 18, 10, 20, 10, 11, 10, 18, 12, 12, 18, 10, 18, 17, 18, 12, 17, 17, 13, 17, 17, 18, 17, 17, 5, 14, 14, 10, 18, 10, 18, 6, 6, 17, 17]
bestever    1905    in generation 1900
[4, 9, 9, 15, 4, 15, 3, 6, 6, 15, 6, 4, 2, 8, 3, 7, 8, 16, 9, 4, 19, 16, 4, 8, 19, 11, 4, 16, 1, 20, 15, 15, 19, 16, 3, 5, 7, 9, 8, 8, 4, 19, 9, 11, 3, 16, 2, 16, 9, 7, 2, 19, 8, 4, 1, 7, 2, 3, 20, 2, 19, 9, 16, 9, 3, 5, 16, 20, 20, 3, 16, 11, 12, 11, 15, 4, 3, 7, 19, 19, 2, 1, 7, 3, 2, 3, 19, 6, 5, 11, 7, 15, 16, 2, 12, 7, 7, 1, 11, 9, 1, 11, 19, 9, 6, 10, 15, 15, 11, 14, 15, 1, 14, 6, 14, 5, 4, 14, 14, 13, 8, 12, 1, 14, 10, 14, 2, 12, 6, 13, 8, 1, 5, 13, 20, 5, 13, 8, 5, 1, 7, 5, 13, 20, 5, 13, 20, 12, 13, 14, 12, 10, 10, 6, 8, 11, 1, 20, 13, 20, 13, 17, 5, 18, 10, 20, 10, 11, 18, 12, 18, 10, 18, 12, 12, 18, 10, 18, 17, 18, 12, 17, 17, 13, 17, 17, 18, 17, 17, 2, 14, 14, 10, 18, 10, 18, 6, 6, 17, 17]
bestever    1902    in generation 2040
[4, 9, 9, 15, 4, 15, 3, 6, 6, 15, 6, 4, 2, 8, 3, 7, 8, 16, 9, 4, 19, 16, 4, 8, 19, 11, 4, 16, 1, 20, 15, 15, 19, 16, 3, 5, 7, 9, 8, 8, 4, 19, 9, 11, 3, 16, 2, 16, 9, 7, 2, 19, 8, 4, 1, 7, 2, 3, 20, 2, 19, 9, 16, 9, 3, 5, 16, 20, 20, 3, 16, 11, 12, 11, 15, 4, 3, 7, 19, 19, 2, 1, 1, 7, 3, 2, 3, 19, 6, 5, 11, 7, 15, 16, 2, 12, 7, 7, 1, 11, 9, 11, 19, 9, 6, 10, 15, 15, 11, 14, 15, 1, 14, 6, 14, 5, 4, 14, 14, 13, 8, 12, 1, 14, 10, 14, 2, 12, 6, 13, 8, 1, 5, 13, 20, 5, 13, 8, 5, 1, 7, 5, 13, 20, 5, 13, 20, 12, 13, 14, 12, 10, 10, 6, 8, 11, 1, 20, 13, 20, 13, 17, 5, 18, 10, 20, 10, 11, 18, 12, 18, 10, 18, 12, 12, 18, 10, 18, 17, 18, 12, 17, 17, 13, 18, 17, 17, 17, 17, 2, 14, 14, 10, 18, 10, 18, 6, 6, 17, 17]
bestever    1898    in generation 2291
[4, 9, 9, 15, 4, 15, 3, 6, 6, 15, 6, 4, 2, 8, 3, 7, 8, 16, 9, 4, 19, 16, 4, 8, 19, 11, 4, 16, 1, 20, 15, 15, 19, 16, 3, 5, 7, 9, 8, 8, 2, 19, 9, 11, 3, 16, 2, 16, 9, 7, 2, 19, 8, 4, 1, 7, 4, 3, 20, 2, 19, 9, 16, 9, 3, 5, 16, 20, 20, 3, 16, 11, 12, 11, 15, 4, 3, 7, 19, 19, 2, 1, 1, 7, 3, 2, 3, 19, 6, 5, 11, 7, 15, 17, 16, 2, 12, 7, 7, 1, 11, 9, 11, 19, 9, 6, 10, 15, 15, 11, 14, 15, 1, 14, 6, 14, 5, 4, 14, 14, 13, 8, 12, 1, 14, 10, 14, 2, 12, 6, 13, 8, 1, 5, 13, 20, 5, 13, 8, 5, 1, 7, 5, 13, 20, 5, 13, 20, 12, 13, 14, 12, 10, 10, 6, 8, 11, 1, 20, 13, 20, 13, 5, 18, 10, 20, 10, 11, 18, 12, 18, 10, 18, 12, 12, 18, 18, 12, 17, 17, 10, 18, 17, 17, 13, 18, 17, 17, 17, 2, 14, 14, 10, 18, 10, 18, 6, 6, 17, 17]
bestever    1897    in generation 2498
[4, 9, 9, 15, 4, 15, 3, 6, 6, 15, 6, 4, 2, 8, 3, 7, 8, 16, 9, 4, 19, 16, 4, 8, 19, 11, 4, 16, 1, 20, 15, 15, 15, 16, 3, 5, 7, 9, 8, 8, 2, 19, 9, 11, 3, 16, 2, 16, 9, 7, 2, 19, 8, 4, 1, 7, 4, 3, 20, 2, 19, 9, 16, 9, 3, 5, 16, 20, 20, 3, 16, 11, 12, 11, 19, 4, 3, 7, 19, 19, 2, 1, 1, 7, 3, 2, 3, 19, 6, 5, 11, 7, 15, 17, 16, 2, 12, 7, 7, 1, 11, 9, 11, 19, 9, 6, 10, 15, 15, 11, 14, 15, 1, 14, 6, 14, 5, 4, 14, 14, 13, 8, 12, 1, 14, 10, 14, 2, 12, 6, 13, 8, 1, 5, 13, 20, 5, 13, 8, 5, 1, 7, 5, 13, 20, 5, 13, 20, 12, 13, 14, 12, 10, 10, 6, 8, 11, 1, 20, 13, 20, 13, 5, 18, 10, 20, 10, 11, 18, 12, 18, 10, 18, 12, 12, 18, 18, 12, 17, 17, 10, 18, 17, 13, 18, 17, 17, 17, 17, 2, 14, 14, 10, 18, 10, 18, 6, 6, 17, 17]
bestever    1882    in generation 2536
[4, 9, 9, 15, 4, 15, 3, 6, 6, 15, 6, 4, 2, 8, 3, 7, 8, 16, 9, 4, 19, 16, 4, 8, 8, 11, 4, 16, 1, 20, 15, 15, 15, 16, 3, 5, 7, 9, 8, 19, 2, 19, 9, 11, 3, 16, 2, 9, 16, 7, 2, 19, 8, 4, 1, 7, 4, 3, 20, 2, 19, 9, 16, 9, 3, 5, 16, 20, 20, 3, 16, 11, 12, 11, 19, 4, 3, 7, 19, 19, 2, 1, 1, 7, 3, 2, 3, 19, 6, 5, 11, 7, 15, 17, 16, 2, 12, 7, 7, 1, 11, 9, 11, 19, 9, 6, 10, 15, 15, 11, 14, 15, 1, 14, 6, 14, 5, 4, 14, 14, 13, 8, 12, 1, 14, 10, 14, 2, 12, 6, 13, 8, 1, 5, 13, 20, 5, 13, 8, 5, 1, 7, 5, 13, 20, 5, 13, 20, 12, 13, 14, 12, 10, 10, 6, 8, 11, 1, 20, 13, 20, 13, 5, 18, 10, 20, 10, 11, 18, 12, 18, 10, 18, 12, 12, 18, 18, 12, 17, 17, 10, 18, 17, 13, 18, 17, 17, 17, 17, 2, 14, 14, 10, 18, 10, 18, 6, 6, 17, 17]
bestever    1881    in generation 2561
[4, 9, 9, 15, 4, 15, 3, 6, 6, 15, 6, 4, 2, 8, 3, 7, 8, 16, 9, 4, 19, 16, 4, 8, 8, 11, 4, 16, 1, 20, 15, 15, 15, 16, 3, 5, 7, 9, 8, 19, 2, 19, 9, 11, 3, 16, 2, 9, 16, 7, 2, 19, 8, 4, 1, 7, 4, 3, 20, 2, 19, 9, 16, 9, 3, 5, 16, 20, 20, 3, 16, 11, 12, 11, 19, 4, 3, 7, 19, 19, 2, 1, 1, 7, 3, 2, 3, 19, 6, 5, 11, 14, 15, 17, 16, 2, 12, 7, 7, 1, 11, 9, 11, 19, 9, 6, 10, 15, 15, 11, 14, 15, 1, 14, 6, 14, 5, 4, 14, 14, 13, 8, 12, 1, 7, 10, 14, 2, 12, 6, 13, 8, 1, 5, 13, 20, 5, 13, 8, 5, 1, 7, 5, 13, 20, 5, 13, 20, 12, 13, 14, 12, 10, 10, 6, 8, 11, 1, 20, 13, 20, 13, 5, 18, 10, 20, 10, 11, 18, 12, 18, 10, 18, 12, 12, 18, 18, 12, 17, 17, 10, 18, 17, 13, 18, 17, 17, 17, 17, 2, 14, 14, 10, 18, 10, 18, 6, 6, 17, 17]
bestever    1878    in generation 2582
[4, 9, 9, 15, 4, 15, 3, 6, 6, 15, 6, 4, 2, 8, 3, 7, 8, 16, 9, 4, 19, 16, 4, 8, 8, 11, 4, 16, 1, 20, 15, 15, 15, 16, 3, 5, 7, 9, 8, 19, 2, 19, 9, 11, 3, 16, 2, 9, 16, 7, 2, 19, 8, 4, 1, 7, 4, 3, 20, 2, 19, 9, 16, 9, 3, 5, 16, 20, 20, 3, 16, 11, 12, 11, 19, 4, 3, 7, 19, 19, 2, 1, 1, 7, 3, 2, 3, 19, 6, 5, 11, 14, 15, 17, 16, 2, 15, 7, 7, 1, 11, 9, 11, 19, 9, 6, 10, 15, 12, 11, 14, 15, 1, 14, 6, 14, 5, 4, 14, 14, 13, 8, 12, 1, 7, 10, 14, 2, 12, 6, 13, 8, 1, 5, 13, 20, 5, 13, 8, 5, 1, 7, 5, 13, 20, 5, 13, 20, 12, 13, 14, 12, 10, 10, 6, 8, 11, 1, 20, 13, 20, 13, 5, 18, 10, 20, 10, 11, 18, 12, 18, 10, 18, 12, 12, 18, 18, 12, 17, 17, 10, 18, 17, 13, 18, 17, 17, 17, 17, 2, 14, 14, 10, 18, 10, 18, 6, 6, 17, 17]
bestever    1877    in generation 2741
[4, 9, 9, 15, 4, 15, 3, 6, 6, 15, 6, 4, 2, 8, 3, 7, 8, 16, 9, 4, 19, 16, 4, 8, 8, 11, 4, 16, 1, 20, 15, 15, 15, 16, 3, 5, 7, 9, 8, 19, 14, 19, 9, 11, 3, 16, 2, 9, 16, 7, 12, 2, 19, 8, 4, 1, 7, 11, 3, 20, 2, 19, 9, 16, 9, 3, 5, 16, 20, 20, 3, 16, 11, 4, 19, 4, 3, 7, 19, 19, 2, 1, 1, 7, 2, 2, 3, 19, 6, 5, 11, 14, 15, 16, 2, 15, 7, 7, 1, 11, 9, 11, 19, 9, 6, 10, 15, 12, 11, 14, 15, 1, 14, 6, 3, 5, 4, 14, 14, 13, 8, 12, 1, 7, 10, 14, 2, 12, 6, 13, 8, 1, 5, 13, 20, 5, 13, 8, 5, 1, 7, 5, 13, 20, 5, 13, 20, 12, 13, 14, 12, 10, 10, 6, 8, 11, 1, 20, 13, 20, 13, 5, 18, 10, 20, 10, 11, 18, 12, 18, 10, 18, 17, 12, 12, 18, 18, 12, 17, 17, 10, 18, 17, 13, 18, 17, 17, 17, 17, 2, 14, 14, 10, 18, 10, 18, 6, 6, 17, 17]
bestever    1861    in generation 2794
[4, 9, 9, 15, 4, 15, 9, 6, 6, 15, 6, 4, 2, 8, 3, 7, 8, 16, 3, 4, 19, 16, 4, 8, 8, 11, 4, 16, 1, 20, 15, 15, 15, 16, 3, 5, 7, 9, 8, 19, 14, 19, 9, 11, 3, 16, 2, 9, 16, 7, 12, 2, 19, 8, 4, 1, 7, 11, 3, 20, 2, 19, 9, 16, 9, 3, 5, 16, 20, 20, 3, 16, 11, 4, 19, 4, 3, 7, 19, 19, 2, 1, 1, 7, 2, 2, 3, 19, 6, 5, 11, 14, 15, 16, 2, 15, 7, 7, 1, 11, 9, 11, 19, 9, 6, 10, 15, 12, 11, 14, 15, 1, 14, 6, 3, 5, 4, 14, 14, 13, 8, 12, 1, 7, 10, 14, 2, 12, 6, 13, 8, 1, 5, 13, 20, 5, 13, 8, 5, 1, 7, 5, 13, 20, 5, 13, 20, 12, 13, 14, 12, 10, 10, 6, 8, 11, 1, 20, 13, 20, 13, 5, 18, 10, 20, 10, 11, 18, 12, 18, 10, 18, 17, 12, 12, 18, 18, 12, 17, 17, 10, 18, 17, 13, 18, 17, 17, 17, 17, 2, 14, 14, 10, 18, 10, 18, 6, 6, 17, 17]
bestever    1851    in generation 2850
[4, 9, 9, 15, 4, 15, 9, 6, 6, 15, 6, 4, 2, 8, 3, 7, 8, 16, 3, 4, 19, 16, 4, 8, 8, 11, 4, 16, 1, 20, 15, 15, 15, 16, 3, 5, 7, 9, 8, 19, 14, 19, 9, 11, 3, 16, 2, 9, 16, 7, 2, 19, 8, 4, 1, 7, 11, 3, 20, 2, 19, 9, 16, 9, 3, 5, 16, 20, 3, 16, 11, 4, 19, 4, 3, 7, 19, 19, 2, 1, 1, 7, 2, 2, 3, 19, 6, 5, 11, 14, 15, 16, 2, 15, 7, 7, 1, 11, 9, 11, 19, 9, 6, 10, 15, 11, 14, 15, 1, 14, 6, 3, 5, 4, 14, 13, 8, 12, 1, 7, 10, 14, 2, 12, 6, 13, 8, 1, 5, 13, 20, 5, 8, 5, 1, 7, 5, 13, 20, 5, 13, 20, 12, 13, 14, 12, 20, 12, 13, 14, 12, 10, 10, 6, 8, 11, 1, 20, 13, 20, 13, 5, 10, 20, 10, 11, 12, 18, 10, 18, 17, 18, 18, 12, 12, 18, 18, 12, 17, 17, 10, 18, 17, 13, 18, 17, 17, 17, 17, 2, 14, 14, 10, 18, 10, 18, 6, 6, 17, 17]
bestever    1847    in generation 3023
[4, 9, 9, 15, 4, 15, 9, 6, 6, 15, 6, 4, 2, 8, 3, 7, 8, 16, 3, 4, 19, 16, 4, 8, 8, 11, 4, 16, 1, 20, 15, 15, 15, 16, 3, 5, 7, 9, 8, 19, 14, 19, 9, 11, 3, 16, 2, 9, 16, 7, 2, 19, 8, 4, 1, 7, 11, 3, 20, 2, 19, 9, 16, 9, 3, 5, 16, 20, 19, 16, 11, 4, 19, 4, 3, 7, 19, 19, 2, 1, 1, 7, 2, 2, 3, 19, 6, 5, 11, 14, 15, 16, 2, 15, 7, 7, 1, 11, 9, 11, 3, 9, 6, 10, 15, 11, 14, 15, 1, 14, 6, 3, 5, 4, 14, 13, 8, 12, 1, 7, 10, 14, 2, 12, 6, 18, 8, 1, 5, 13, 20, 5, 8, 5, 1, 7, 5, 13, 20, 5, 13, 20, 12, 13, 14, 12, 20, 12, 13, 14, 12, 10, 10, 6, 8, 11, 1, 20, 13, 20, 13, 5, 10, 20, 10, 11, 12, 18, 10, 18, 17, 13, 18, 12, 12, 18, 18, 12, 17, 17, 10, 18, 17, 13, 17, 17, 17, 2, 14, 14, 18, 17, 10, 18, 10, 18, 6, 6, 17, 17]
bestever    1839    in generation 3045
[9, 9, 15, 4, 15, 9, 6, 6, 15, 6, 4, 2, 8, 3, 7, 8, 16, 3, 4, 19, 16, 4, 8, 8, 11, 4, 16, 1, 20, 15, 15, 15, 16, 3, 5, 7, 9, 8, 19, 14, 19, 9, 11, 3, 16, 2, 9, 16, 7, 2, 19, 8, 4, 1, 7, 11, 3, 20, 2, 19, 9, 16, 9, 3, 5, 16, 20, 19, 16, 11, 4, 19, 4, 3, 7, 19, 2, 1, 1, 7, 2, 2, 3, 19, 6, 5, 11, 14, 15, 16, 2, 15, 7, 7, 1, 11, 9, 11, 3, 9, 6, 10, 15, 11, 14, 15, 1, 14, 6, 3, 5, 4, 14, 13, 8, 12, 1, 7, 19, 4, 10, 14, 2, 12, 6, 18, 8, 1, 5, 13, 20, 5, 8, 5, 1, 7, 5, 13, 20, 5, 13, 20, 12, 13, 14, 12, 20, 12, 13, 14, 12, 10, 10, 6, 8, 11, 1, 20, 13, 20, 13, 5, 10, 20, 10, 11, 12, 18, 10, 18, 17, 13, 18, 12, 12, 18, 18, 12, 17, 17, 10, 18, 17, 13, 17, 17, 17, 2, 14, 14, 18, 17, 10, 18, 10, 18, 6, 6, 17, 17]
bestever    1828    in generation 3108
[9, 9, 15, 4, 15, 9, 6, 6, 15, 6, 4, 2, 8, 3, 7, 8, 16, 3, 4, 19, 16, 4, 8, 8, 11, 4, 16, 1, 20, 15, 15, 15, 16, 3, 5, 7, 9, 8, 19, 14, 19, 9, 11, 3, 16, 2, 9, 16, 7, 2, 19, 8, 4, 1, 7, 11, 3, 20, 2, 19, 9, 16, 9, 3, 5, 16, 20, 19, 16, 11, 4, 19, 4, 3, 7, 19, 2, 1, 1, 7, 2, 2, 3, 19, 6, 5, 11, 14, 15, 16, 2, 15, 7, 7, 1, 19, 9, 11, 3, 9, 6, 10, 15, 11, 14, 15, 1, 14, 6, 3, 5, 4, 14, 13, 8, 12, 1, 7, 11, 4, 10, 14, 2, 12, 6, 18, 8, 1, 5, 13, 20, 5, 8, 5, 1, 7, 5, 13, 20, 5, 13, 20, 12, 13, 14, 12, 20, 12, 13, 14, 12, 10, 10, 6, 8, 11, 1, 20, 13, 20, 13, 5, 10, 20, 10, 11, 12, 18, 10, 18, 17, 13, 18, 12, 12, 18, 18, 12, 17, 17, 10, 18, 17, 13, 17, 17, 17, 2, 14, 14, 18, 17, 10, 18, 10, 18, 6, 6, 17, 17]
bestever    1823    in generation 3507
[9, 9, 15, 4, 15, 9, 6, 8, 15, 6, 4, 2, 8, 3, 7, 6, 16, 3, 4, 19, 16, 4, 8, 8, 11, 4, 16, 1, 20, 15, 15, 15, 16, 3, 5, 7, 9, 8, 19, 14, 19, 9, 11, 3, 16, 2, 9, 16, 7, 2, 19, 8, 4, 1, 7, 11, 3, 20, 2, 19, 9, 16, 9, 3, 5, 16, 20, 19, 16, 11, 4, 19, 4, 3, 7, 19, 2, 1, 1, 7, 2, 2, 3, 19, 6, 5, 11, 14, 15, 16, 2, 15, 7, 7, 1, 19, 9, 11, 3, 9, 6, 10, 15, 11, 14, 15, 1, 14, 6, 3, 5, 4, 14, 13, 8, 12, 1, 7, 11, 4, 10, 14, 2, 12, 6, 18, 8, 1, 5, 13, 20, 5, 8, 5, 1, 18, 7, 5, 13, 20, 5, 13, 20, 12, 13, 14, 12, 20, 12, 13, 14, 12, 10, 10, 6, 8, 11, 1, 20, 13, 20, 13, 5, 10, 20, 10, 11, 12, 18, 18, 17, 13, 18, 12, 12, 12, 17, 17, 10, 18, 10, 18, 17, 13, 17, 17, 17, 2, 14, 14, 18, 17, 10, 18, 10, 18, 6, 6, 17, 17]
bestever    1809    in generation 5188
[9, 9, 15, 4, 15, 9, 6, 8, 16, 15, 6, 4, 15, 8, 3, 7, 6, 16, 3, 4, 19, 15, 4, 8, 8, 11, 2, 4, 16, 1, 20, 15, 16, 16, 3, 5, 9, 8, 19, 14, 19, 9, 11, 3, 16, 9, 2, 9, 16, 7, 2, 19, 2, 8, 4, 1, 7, 7, 11, 3, 20, 19, 9, 7, 20, 3, 5, 19, 9, 16, 11, 4, 7, 19, 4, 3, 14, 19, 20, 15, 2, 1, 1, 7, 2, 2, 3, 16, 6, 16, 13, 11, 14, 15, 19, 2, 7, 1, 8, 9, 11, 3, 19, 6, 10, 15, 11, 14, 15, 1, 6, 13, 3, 5, 4, 14, 13, 12, 1, 7, 11, 18, 4, 14, 2, 6, 12, 8, 5, 8, 20, 5, 8, 5, 1, 5, 1, 12, 18, 7, 5, 13, 20, 5, 13, 12, 12, 13, 14, 12, 20, 13, 14, 12, 10, 10, 6, 11, 1, 20, 13, 20, 5, 10, 20, 10, 11, 12, 18, 18, 13, 12, 17, 17, 12, 17, 17, 18, 10, 18, 10, 10, 18, 17, 13, 2, 14, 17, 17, 14, 18, 17, 10, 18, 10, 18, 6, 6, 17, 17]
bestever    1798    in generation 7352
[9, 9, 9, 15, 4, 15, 6, 6, 8, 16, 15, 9, 4, 15, 8, 3, 7, 6, 16, 3, 4, 16, 19, 15, 4, 8, 8, 11, 2, 4, 16, 1, 20, 15, 16, 3, 8, 5, 15, 9, 8, 8, 19, 14, 19, 11, 3, 16, 9, 2, 9, 16, 7, 2, 19, 2, 10, 4, 1, 7, 7, 11, 3, 20, 19, 1, 9, 7, 12, 3, 5, 2, 14, 19, 9, 16, 11, 4, 19, 4, 7, 19, 20, 15, 1, 7, 2, 4, 3, 16, 6, 13, 11, 14, 19, 2, 20, 7, 1, 8, 9, 11, 3, 19, 6, 10, 15, 11, 14, 14, 1, 6, 13, 3, 5, 4, 14, 13, 12, 1, 11, 3, 18, 15, 2, 6, 18, 12, 5, 8, 16, 7, 2, 20, 5, 8, 13, 5, 1, 5, 1, 12, 7, 5, 20, 5, 13, 12, 13, 14, 12, 20, 13, 14, 12, 10, 6, 11, 1, 20, 13, 20, 10, 5, 10, 20, 11, 18, 13, 12, 12, 12, 17, 17, 18, 10, 18, 17, 17, 10, 18, 13, 10, 2, 14, 17, 17, 14, 18, 17, 10, 18, 10, 18, 17, 18, 6, 6, 17, 17]
bestever    1796    in generation 7456
[9, 9, 9, 15, 4, 15, 6, 6, 8, 16, 15, 9, 4, 15, 8, 3, 7, 6, 16, 3, 4, 16, 19, 15, 4, 8, 8, 11, 2, 4, 16, 1, 20, 15, 16, 3, 8, 5, 15, 9, 8, 8, 19, 14, 19, 11, 3, 16, 9, 2, 9, 16, 7, 2, 19, 2, 10, 4, 1, 7, 7, 11, 3, 20, 19, 1, 9, 7, 12, 3, 5, 2, 14, 19, 9, 16, 11, 4, 19, 4, 7, 19, 20, 15, 1, 7, 1, 4, 3, 16, 6, 13, 11, 14, 19, 2, 20, 7, 1, 8, 9, 11, 3, 19, 6, 10, 15, 11, 14, 14, 1, 6, 13, 3, 5, 4, 14, 13, 12, 2, 11, 3, 18, 15, 2, 6, 18, 12, 5, 8, 16, 7, 2, 20, 5, 8, 13, 5, 1, 5, 1, 12, 7, 5, 20, 5, 13, 12, 13, 14, 12, 20, 13, 14, 12, 10, 6, 11, 1, 20, 13, 20, 10, 5, 10, 20, 11, 18, 13, 12, 12, 12, 18, 10, 18, 17, 17, 10, 18, 13, 10, 2, 17, 17, 14, 17, 17, 14, 18, 17, 10, 18, 10, 18, 17, 18, 6, 6, 17, 17]
