bestever    3423    in generation 0
[5, 13, 5, 7, 19, 10, 1, 19, 17, 14, 1, 17, 3, 10, 10, 20, 9, 12, 5, 1, 8, 20, 3, 2, 7, 20, 2, 16, 1, 10, 7, 7, 18, 1, 1, 18, 11, 8, 5, 6, 4, 16, 18, 6, 16, 3, 3, 11, 3, 10, 15, 8, 16, 14, 11, 7, 17, 6, 4, 14, 11, 17, 9, 7, 12, 15, 6, 10, 4, 4, 6, 5, 11, 17, 14, 2, 5, 5, 5, 14, 8, 15, 14, 16, 1, 5, 16, 4, 3, 16, 6, 13, 7, 13, 4, 18, 20, 6, 18, 19, 5, 13, 8, 14, 15, 16, 19, 13, 17, 2, 12, 13, 4, 18, 11, 7, 13, 1, 20, 13, 15, 7, 9, 3, 20, 1, 19, 19, 12, 13, 8, 17, 15, 8, 13, 8, 17, 19, 20, 15, 19, 2, 10, 9, 2, 12, 19, 12, 15, 8, 15, 20, 14, 3, 10, 2, 3, 14, 9, 9, 9, 16, 6, 20, 2, 11, 17, 4, 10, 1, 11, 7, 10, 17, 6, 2, 15, 3, 4, 12, 19, 12, 9, 14, 9, 12, 9, 11, 2, 18, 4, 8, 18, 11, 18, 18, 16, 6, 20, 12]
bestever    3352    in generation 2
[5, 13, 5, 7, 19, 10, 1, 19, 17, 14, 1, 17, 3, 10, 10, 20, 9, 5, 1, 8, 20, 3, 2, 7, 2, 16, 1, 10, 7, 7, 18, 1, 18, 11, 8, 5, 6, 4, 16, 18, 6, 16, 3, 3, 11, 10, 15, 8, 16, 14, 7, 17, 6, 4, 14, 17, 9, 7, 15, 6, 10, 4, 4, 6, 5, 11, 14, 2, 5, 5, 5, 14, 8, 15, 14, 16, 16, 4, 16, 6, 13, 7, 13, 4, 18, 6, 18, 19, 5, 13, 14, 15, 16, 19, 13, 2, 13, 18, 11, 7, 13, 1, 20, 13, 15, 7, 9, 3, 20, 1, 19, 19, 13, 17, 15, 8, 13, 8, 17, 20, 15, 2, 10, 9, 2, 12, 19, 12, 15, 8, 15, 20, 14, 3, 3, 12, 19, 4, 11, 11, 1, 17, 12, 19, 20, 17, 12, 8, 20, 5, 3, 1, 12, 8, 10, 2, 3, 14, 9, 9, 9, 16, 6, 20, 2, 11, 17, 4, 10, 1, 11, 7, 10, 17, 6, 2, 15, 3, 4, 12, 19, 12, 9, 14, 9, 12, 9, 11, 2, 18, 4, 8, 18, 11, 18, 18, 16, 6, 20, 12]
bestever    3281    in generation 3
[5, 13, 5, 7, 19, 10, 1, 19, 17, 14, 1, 17, 3, 10, 10, 20, 9, 12, 5, 1, 8, 20, 3, 2, 7, 20, 2, 16, 1, 10, 7, 7, 18, 1, 1, 18, 11, 8, 5, 6, 4, 16, 18, 6, 16, 3, 3, 11, 3, 10, 15, 8, 16, 14, 11, 7, 17, 6, 4, 14, 11, 17, 9, 7, 12, 15, 6, 10, 4, 4, 6, 5, 17, 14, 2, 5, 5, 5, 14, 8, 15, 14, 16, 1, 5, 16, 4, 3, 16, 6, 13, 7, 13, 4, 18, 20, 18, 19, 5, 13, 8, 14, 15, 16, 19, 13, 17, 2, 12, 13, 18, 7, 13, 1, 20, 13, 15, 7, 9, 3, 20, 1, 19, 19, 12, 13, 8, 17, 15, 8, 13, 8, 17, 19, 20, 15, 19, 2, 10, 9, 2, 19, 15, 8, 15, 14, 3, 10, 3, 14, 9, 9, 16, 20, 11, 11, 6, 2, 4, 12, 12, 9, 6, 20, 2, 11, 17, 4, 10, 1, 11, 7, 10, 17, 6, 2, 15, 3, 4, 12, 19, 12, 9, 14, 9, 12, 9, 11, 2, 18, 4, 8, 18, 11, 18, 18, 16, 6, 20, 12]
bestever    3274    in generation 6
[5, 13, 5, 7, 19, 10, 1, 19, 17, 14, 1, 17, 3, 10, 10, 20, 9, 12, 5, 1, 8, 20, 3, 2, 7, 2, 16, 1, 10, 7, 7, 18, 1, 1, 18, 11, 8, 5, 6, 4, 16, 18, 6, 3, 3, 11, 3, 10, 15, 8, 16, 14, 11, 7, 17, 6, 4, 14, 11, 17, 9, 7, 15, 6, 10, 4, 4, 6, 5, 17, 14, 2, 5, 5, 5, 14, 8, 15, 14, 16, 1, 5, 16, 20, 12, 16, 4, 3, 16, 6, 13, 7, 13, 4, 18, 20, 18, 19, 5, 13, 8, 14, 15, 16, 19, 13, 17, 2, 12, 13, 18, 7, 13, 1, 20, 13, 15, 7, 9, 3, 20, 1, 19, 19, 12, 13, 8, 17, 15, 8, 13, 8, 17, 19, 20, 15, 19, 2, 10, 9, 2, 19, 15, 8, 15, 14, 3, 10, 3, 14, 9, 9, 16, 20, 11, 11, 6, 2, 4, 12, 12, 9, 6, 20, 2, 11, 17, 4, 10, 1, 11, 7, 10, 17, 6, 2, 15, 3, 4, 12, 19, 12, 9, 14, 9, 12, 9, 11, 2, 18, 4, 8, 18, 11, 18, 18, 16, 6, 20, 12]
bestever    3197    in generation 8
[9, 12, 6, 4, 4, 6, 2, 4, 16, 6, 4, 18, 18, 14, 16, 2, 12, 18, 20, 7, 9, 3, 20, 1, 12, 17, 17, 20, 2, 10, 9, 2, 19, 8, 15, 14, 3, 10, 5, 6, 4, 16, 18, 6, 16, 3, 3, 11, 3, 10, 15, 8, 16, 14, 11, 7, 17, 6, 4, 14, 11, 17, 9, 7, 12, 15, 6, 10, 4, 4, 6, 5, 17, 14, 2, 5, 5, 5, 14, 8, 15, 14, 16, 1, 5, 16, 4, 3, 16, 6, 13, 7, 13, 4, 18, 20, 18, 19, 5, 13, 8, 14, 15, 16, 19, 13, 17, 2, 12, 13, 18, 7, 13, 1, 20, 13, 15, 7, 9, 3, 20, 1, 19, 19, 12, 13, 8, 17, 15, 8, 13, 8, 17, 19, 20, 15, 19, 2, 10, 9, 2, 19, 15, 8, 15, 14, 3, 10, 3, 14, 9, 16, 20, 11, 2, 12, 20, 2, 17, 10, 1, 7, 10, 17, 3, 19, 9, 12, 9, 11, 18, 8, 18, 11, 20, 12, 5, 13, 5, 7, 19, 10, 1, 1, 10, 9, 12, 5, 1, 8, 7, 1, 7, 1, 11, 18, 11, 11, 6, 11]
bestever    3175    in generation 9
[5, 5, 7, 10, 1, 17, 14, 1, 17, 3, 10, 10, 20, 9, 5, 8, 20, 3, 2, 7, 2, 16, 10, 7, 1, 11, 8, 5, 6, 4, 16, 6, 16, 3, 3, 15, 16, 14, 17, 6, 4, 14, 17, 15, 6, 4, 4, 6, 5, 17, 14, 2, 5, 14, 15, 14, 16, 1, 5, 16, 4, 6, 4, 5, 15, 2, 18, 7, 1, 7, 1, 13, 19, 8, 11, 11, 6, 4, 12, 9, 11, 10, 1, 11, 7, 10, 6, 3, 16, 6, 13, 7, 13, 4, 18, 20, 18, 19, 5, 13, 8, 14, 15, 16, 19, 13, 17, 2, 12, 13, 18, 7, 13, 1, 20, 13, 15, 7, 9, 3, 20, 1, 19, 19, 12, 13, 8, 17, 15, 8, 13, 8, 17, 19, 20, 15, 19, 2, 10, 9, 2, 19, 15, 8, 15, 14, 3, 10, 3, 14, 9, 16, 20, 11, 2, 12, 20, 2, 17, 10, 1, 7, 10, 17, 3, 19, 9, 12, 9, 11, 18, 8, 18, 11, 20, 12, 5, 3, 4, 12, 19, 12, 9, 14, 9, 12, 9, 11, 2, 18, 4, 8, 18, 11, 18, 18, 16, 6, 20, 12]
bestever    3005    in generation 10
[6, 4, 4, 6, 2, 4, 16, 6, 4, 18, 18, 14, 16, 2, 18, 20, 7, 3, 20, 1, 17, 17, 20, 2, 10, 2, 19, 8, 15, 14, 3, 10, 5, 6, 4, 16, 18, 6, 16, 3, 3, 11, 3, 10, 15, 8, 16, 14, 11, 7, 17, 4, 14, 11, 17, 7, 12, 15, 6, 10, 4, 6, 5, 17, 14, 2, 5, 5, 5, 14, 8, 15, 14, 16, 1, 5, 16, 4, 3, 16, 6, 13, 7, 13, 4, 18, 20, 18, 19, 5, 13, 8, 15, 19, 13, 17, 2, 12, 13, 18, 7, 13, 1, 20, 13, 15, 7, 9, 20, 1, 19, 19, 12, 13, 8, 17, 15, 8, 13, 8, 17, 19, 15, 19, 9, 2, 19, 8, 15, 10, 3, 14, 9, 16, 20, 11, 2, 12, 20, 2, 17, 10, 1, 7, 15, 14, 3, 10, 3, 14, 9, 9, 16, 20, 11, 11, 6, 2, 4, 12, 12, 9, 10, 17, 3, 19, 9, 12, 9, 11, 18, 8, 18, 11, 20, 12, 5, 13, 5, 7, 19, 10, 1, 1, 10, 9, 12, 5, 1, 8, 7, 1, 7, 1, 11, 18, 11, 6, 9, 12]
bestever    2947    in generation 14
[6, 2, 4, 16, 6, 4, 18, 18, 14, 16, 2, 12, 18, 20, 7, 9, 3, 20, 17, 17, 20, 2, 10, 9, 2, 19, 8, 15, 14, 3, 5, 6, 4, 16, 18, 6, 16, 3, 3, 3, 15, 8, 16, 14, 11, 7, 17, 6, 4, 14, 11, 17, 15, 6, 4, 4, 6, 5, 17, 14, 2, 5, 5, 14, 8, 15, 14, 16, 1, 5, 16, 4, 3, 16, 6, 13, 13, 4, 20, 19, 5, 13, 8, 14, 15, 16, 19, 13, 17, 2, 13, 18, 7, 13, 1, 20, 13, 15, 7, 3, 20, 1, 19, 19, 12, 13, 8, 17, 15, 13, 8, 17, 19, 15, 2, 2, 8, 11, 12, 20, 10, 1, 7, 10, 19, 9, 12, 9, 11, 18, 15, 15, 14, 3, 11, 10, 1, 7, 10, 19, 9, 11, 8, 18, 11, 12, 5, 10, 3, 14, 9, 16, 20, 11, 2, 12, 20, 2, 17, 10, 1, 7, 10, 17, 3, 19, 9, 12, 9, 11, 18, 8, 18, 11, 20, 12, 5, 13, 5, 7, 19, 10, 1, 1, 10, 9, 12, 5, 1, 8, 7, 1, 7, 18, 6, 9, 12, 6, 4, 4]
bestever    2857    in generation 18
[12, 6, 4, 4, 6, 2, 16, 18, 18, 14, 16, 2, 18, 20, 7, 9, 3, 20, 17, 17, 20, 2, 10, 2, 19, 8, 15, 14, 3, 4, 5, 6, 4, 16, 18, 6, 16, 3, 3, 3, 15, 8, 16, 14, 11, 7, 17, 6, 4, 14, 11, 17, 15, 6, 4, 4, 6, 5, 17, 14, 2, 5, 5, 14, 8, 15, 14, 16, 1, 5, 16, 4, 3, 16, 6, 13, 13, 4, 20, 19, 5, 13, 8, 14, 15, 16, 19, 13, 17, 2, 13, 18, 7, 13, 1, 20, 13, 15, 7, 3, 20, 1, 19, 19, 12, 13, 8, 17, 15, 13, 8, 17, 19, 15, 2, 2, 8, 11, 12, 20, 10, 1, 7, 10, 19, 9, 12, 9, 11, 18, 15, 15, 14, 3, 11, 10, 1, 7, 10, 19, 9, 11, 8, 18, 11, 12, 5, 10, 3, 14, 9, 16, 20, 11, 2, 12, 20, 2, 17, 10, 1, 7, 10, 17, 3, 19, 9, 12, 9, 11, 18, 8, 18, 11, 20, 12, 5, 13, 5, 7, 19, 10, 1, 1, 10, 9, 12, 5, 1, 8, 7, 1, 7, 18, 6, 9, 12, 6, 4, 9]
bestever    2750    in generation 19
[6, 4, 4, 6, 2, 4, 16, 6, 4, 18, 18, 14, 16, 2, 18, 20, 7, 3, 20, 17, 17, 20, 2, 10, 2, 19, 8, 15, 14, 3, 5, 6, 4, 16, 18, 6, 16, 3, 3, 3, 15, 8, 16, 14, 7, 17, 6, 4, 14, 17, 15, 6, 4, 4, 6, 5, 17, 14, 2, 5, 5, 5, 14, 8, 15, 14, 16, 16, 4, 3, 16, 17, 13, 13, 4, 20, 19, 13, 8, 14, 15, 16, 19, 13, 17, 2, 13, 13, 20, 13, 15, 3, 20, 19, 19, 13, 8, 17, 15, 13, 6, 19, 15, 7, 9, 12, 9, 8, 18, 12, 5, 7, 1, 1, 2, 2, 8, 11, 12, 20, 10, 1, 7, 10, 19, 9, 12, 9, 11, 18, 15, 15, 14, 3, 11, 10, 1, 7, 10, 19, 9, 11, 8, 18, 11, 12, 5, 10, 3, 14, 9, 16, 20, 11, 2, 12, 20, 2, 17, 10, 1, 7, 10, 17, 3, 19, 9, 12, 9, 11, 18, 8, 18, 11, 20, 12, 5, 13, 5, 7, 19, 10, 1, 1, 10, 9, 12, 5, 1, 8, 7, 1, 7, 1, 11, 18, 11, 6, 9, 12]
bestever    2642    in generation 24
[6, 4, 4, 6, 2, 4, 16, 6, 4, 18, 18, 14, 16, 2, 18, 20, 7, 3, 20, 17, 17, 20, 2, 10, 2, 19, 8, 15, 14, 3, 5, 6, 4, 16, 18, 6, 16, 3, 3, 3, 15, 8, 16, 14, 7, 17, 6, 4, 14, 17, 15, 6, 4, 4, 6, 5, 17, 14, 2, 5, 5, 5, 14, 8, 15, 14, 16, 16, 4, 3, 16, 17, 13, 13, 4, 20, 19, 13, 8, 14, 15, 16, 19, 13, 17, 2, 13, 13, 20, 13, 15, 3, 20, 19, 19, 13, 8, 17, 15, 13, 6, 19, 15, 7, 9, 12, 9, 8, 18, 12, 5, 7, 1, 1, 2, 2, 8, 11, 12, 20, 10, 1, 7, 10, 19, 9, 12, 9, 11, 18, 15, 15, 14, 3, 11, 10, 1, 7, 10, 19, 9, 11, 8, 18, 11, 12, 5, 10, 3, 14, 9, 16, 20, 11, 2, 12, 20, 2, 17, 10, 1, 7, 10, 17, 3, 19, 9, 12, 11, 18, 8, 18, 11, 20, 5, 13, 5, 7, 19, 10, 1, 9, 12, 1, 10, 9, 12, 5, 1, 8, 7, 1, 7, 1, 11, 18, 11, 6, 9, 12]
bestever    2634    in generation 34
[6, 4, 4, 6, 2, 4, 16, 6, 4, 18, 18, 14, 16, 2, 18, 20, 7, 3, 20, 17, 17, 20, 2, 10, 2, 19, 8, 15, 14, 3, 5, 6, 4, 16, 18, 6, 16, 3, 3, 3, 15, 8, 16, 14, 7, 17, 6, 4, 14, 17, 15, 6, 4, 4, 6, 5, 17, 14, 2, 5, 5, 5, 14, 8, 15, 14, 16, 16, 4, 3, 16, 17, 13, 13, 4, 20, 19, 13, 8, 14, 15, 16, 19, 13, 17, 2, 13, 13, 20, 13, 15, 3, 20, 19, 19, 13, 8, 17, 15, 13, 6, 19, 15, 7, 9, 12, 9, 8, 18, 12, 5, 7, 1, 1, 2, 2, 8, 11, 12, 20, 10, 1, 7, 10, 19, 9, 12, 9, 11, 18, 15, 15, 14, 3, 11, 10, 1, 7, 10, 19, 9, 11, 8, 18, 11, 12, 5, 10, 3, 14, 9, 16, 20, 11, 2, 12, 20, 2, 17, 10, 1, 7, 10, 17, 3, 19, 9, 12, 11, 18, 8, 18, 11, 20, 5, 13, 5, 7, 19, 10, 1, 9, 12, 1, 10, 9, 12, 5, 6, 7, 1, 1, 8, 11, 1, 7, 12, 9, 11, 18]
bestever    2593    in generation 36
[6, 4, 4, 6, 2, 4, 16, 6, 4, 18, 18, 14, 16, 2, 18, 20, 7, 3, 20, 17, 17, 20, 2, 10, 2, 19, 8, 15, 14, 3, 5, 6, 4, 16, 18, 6, 16, 3, 3, 3, 15, 8, 16, 14, 7, 17, 6, 4, 14, 17, 15, 6, 4, 4, 6, 5, 17, 14, 2, 5, 5, 5, 14, 8, 15, 14, 16, 16, 4, 3, 16, 17, 13, 13, 4, 20, 19, 13, 8, 14, 15, 16, 19, 13, 17, 2, 13, 13, 20, 13, 15, 3, 20, 19, 19, 13, 8, 17, 15, 13, 6, 19, 15, 7, 9, 12, 9, 8, 18, 12, 5, 7, 1, 1, 2, 2, 8, 11, 12, 20, 10, 1, 7, 10, 19, 9, 12, 9, 11, 18, 15, 15, 14, 3, 11, 10, 1, 7, 10, 19, 9, 11, 8, 18, 11, 12, 5, 10, 3, 14, 9, 16, 20, 11, 2, 12, 20, 2, 17, 10, 1, 7, 10, 17, 3, 19, 9, 12, 11, 18, 8, 18, 20, 5, 13, 5, 7, 19, 10, 1, 1, 10, 9, 12, 11, 9, 12, 5, 1, 8, 7, 1, 7, 1, 11, 18, 11, 6, 9, 12]
bestever    2550    in generation 37
[6, 4, 4, 6, 2, 4, 16, 6, 4, 18, 18, 14, 16, 2, 18, 20, 7, 3, 20, 17, 17, 20, 2, 10, 2, 19, 8, 15, 14, 3, 5, 6, 4, 16, 18, 6, 16, 3, 3, 3, 15, 8, 16, 14, 7, 17, 6, 4, 14, 17, 15, 6, 4, 4, 6, 5, 17, 14, 2, 5, 5, 5, 14, 8, 15, 14, 16, 16, 4, 3, 16, 17, 13, 13, 4, 20, 19, 13, 8, 14, 15, 16, 19, 13, 17, 2, 13, 13, 20, 13, 15, 3, 20, 19, 19, 13, 8, 17, 15, 13, 6, 19, 15, 7, 9, 12, 9, 8, 18, 12, 5, 7, 1, 1, 2, 2, 8, 11, 12, 20, 10, 1, 7, 10, 19, 9, 17, 9, 11, 18, 15, 15, 14, 3, 11, 10, 1, 7, 10, 19, 9, 11, 8, 18, 11, 12, 5, 10, 3, 14, 9, 16, 20, 11, 2, 12, 20, 2, 17, 10, 1, 7, 10, 12, 3, 19, 9, 12, 11, 18, 8, 18, 20, 5, 13, 5, 7, 19, 10, 1, 9, 12, 1, 10, 9, 12, 5, 1, 8, 11, 7, 1, 7, 1, 11, 18, 11, 6, 9, 12]
bestever    2535    in generation 44
[6, 4, 4, 6, 2, 4, 16, 6, 4, 18, 18, 14, 16, 2, 18, 20, 7, 3, 20, 17, 17, 20, 2, 10, 2, 19, 8, 15, 14, 3, 5, 6, 4, 16, 18, 6, 16, 3, 3, 3, 15, 8, 16, 14, 7, 17, 6, 4, 14, 17, 15, 6, 4, 4, 6, 5, 17, 14, 2, 5, 5, 5, 14, 8, 15, 14, 16, 16, 4, 3, 16, 17, 13, 13, 4, 20, 19, 13, 8, 14, 15, 16, 19, 13, 17, 2, 13, 13, 20, 13, 15, 3, 20, 19, 19, 13, 8, 17, 15, 13, 6, 12, 15, 7, 9, 12, 9, 8, 18, 12, 5, 7, 1, 1, 2, 2, 8, 11, 12, 20, 10, 1, 7, 10, 19, 9, 17, 9, 11, 18, 15, 15, 14, 3, 11, 10, 1, 7, 10, 19, 9, 11, 8, 18, 11, 12, 5, 10, 3, 14, 9, 16, 20, 11, 2, 19, 20, 2, 17, 10, 1, 7, 10, 12, 3, 19, 9, 12, 11, 18, 8, 18, 20, 5, 13, 5, 7, 19, 10, 1, 9, 12, 1, 10, 9, 12, 5, 1, 8, 11, 7, 1, 7, 1, 11, 18, 11, 6, 9, 12]
bestever    2489    in generation 71
[4, 4, 6, 2, 4, 16, 6, 4, 18, 18, 14, 16, 2, 18, 20, 3, 20, 17, 17, 20, 2, 10, 2, 19, 8, 15, 14, 3, 5, 6, 4, 16, 6, 16, 3, 3, 3, 15, 8, 16, 14, 17, 4, 14, 17, 15, 6, 4, 4, 6, 5, 17, 14, 5, 5, 5, 14, 8, 15, 14, 16, 16, 4, 3, 16, 17, 13, 13, 4, 20, 19, 13, 6, 2, 7, 18, 7, 9, 8, 14, 15, 16, 19, 13, 17, 2, 13, 13, 20, 13, 15, 3, 20, 19, 19, 13, 8, 17, 15, 13, 6, 12, 15, 7, 9, 12, 9, 8, 18, 12, 5, 7, 1, 1, 2, 2, 8, 11, 12, 20, 10, 1, 7, 10, 19, 9, 17, 1, 11, 18, 15, 15, 14, 3, 11, 10, 1, 7, 10, 19, 9, 11, 8, 18, 11, 12, 5, 10, 3, 14, 9, 16, 20, 11, 2, 19, 20, 2, 17, 10, 1, 7, 10, 12, 3, 19, 9, 12, 11, 18, 8, 18, 20, 5, 13, 5, 7, 19, 10, 1, 9, 12, 1, 10, 9, 12, 5, 1, 8, 11, 7, 9, 7, 1, 11, 18, 11, 6, 12, 6]
bestever    2486    in generation 76
[4, 4, 6, 2, 4, 16, 6, 4, 18, 18, 14, 16, 2, 18, 20, 3, 20, 17, 17, 20, 2, 10, 2, 19, 8, 15, 14, 3, 5, 6, 4, 16, 6, 16, 3, 3, 3, 15, 8, 16, 14, 17, 4, 14, 17, 15, 6, 4, 4, 6, 5, 17, 14, 5, 5, 5, 14, 8, 15, 14, 16, 16, 4, 3, 16, 17, 13, 13, 4, 20, 19, 13, 6, 2, 7, 18, 7, 9, 8, 14, 15, 16, 19, 13, 17, 2, 13, 13, 20, 13, 15, 3, 20, 19, 19, 13, 8, 17, 15, 13, 6, 12, 15, 7, 9, 12, 9, 8, 18, 12, 5, 7, 1, 1, 2, 10, 8, 11, 12, 20, 10, 1, 7, 10, 19, 9, 17, 1, 11, 18, 15, 15, 14, 3, 11, 10, 1, 7, 10, 19, 9, 11, 8, 18, 11, 12, 5, 10, 3, 14, 9, 16, 20, 11, 2, 19, 20, 2, 17, 10, 1, 7, 10, 12, 3, 19, 9, 12, 11, 18, 8, 18, 20, 5, 13, 5, 7, 19, 2, 1, 9, 12, 1, 10, 9, 12, 5, 1, 8, 11, 7, 9, 7, 1, 11, 18, 11, 6, 12, 6]
bestever    2469    in generation 80
[4, 4, 6, 2, 4, 16, 6, 4, 18, 18, 14, 16, 2, 18, 20, 3, 20, 17, 17, 20, 2, 10, 2, 2, 8, 15, 14, 3, 5, 6, 4, 16, 6, 16, 3, 3, 3, 15, 8, 16, 14, 17, 4, 14, 17, 15, 6, 4, 4, 6, 5, 17, 14, 5, 5, 5, 14, 8, 15, 14, 16, 16, 4, 3, 16, 17, 13, 13, 4, 20, 19, 13, 6, 19, 7, 18, 7, 9, 8, 14, 15, 16, 19, 13, 17, 2, 13, 13, 20, 13, 15, 3, 20, 19, 19, 13, 8, 17, 15, 13, 6, 12, 15, 7, 9, 12, 9, 8, 18, 12, 5, 7, 1, 1, 2, 2, 8, 11, 12, 20, 10, 1, 7, 10, 19, 9, 17, 1, 11, 18, 15, 15, 14, 3, 11, 10, 1, 7, 10, 19, 9, 11, 8, 18, 11, 12, 5, 10, 3, 14, 9, 16, 20, 11, 2, 19, 20, 2, 17, 10, 1, 7, 10, 12, 3, 19, 9, 11, 18, 8, 18, 20, 5, 13, 5, 7, 12, 19, 10, 1, 9, 12, 1, 10, 9, 12, 5, 1, 8, 11, 7, 9, 7, 1, 11, 18, 11, 6, 12, 6]
bestever    2424    in generation 82
[4, 4, 6, 2, 4, 16, 6, 4, 18, 18, 14, 16, 2, 18, 20, 3, 20, 17, 17, 20, 2, 2, 2, 8, 15, 14, 3, 5, 6, 4, 16, 6, 16, 3, 3, 3, 15, 8, 16, 14, 17, 4, 14, 17, 15, 6, 4, 4, 6, 5, 17, 14, 5, 5, 5, 14, 8, 15, 14, 16, 16, 4, 3, 16, 17, 13, 13, 4, 20, 19, 13, 6, 19, 7, 18, 7, 9, 8, 14, 15, 16, 19, 13, 17, 2, 13, 13, 20, 13, 15, 3, 20, 19, 19, 13, 8, 17, 15, 13, 6, 12, 15, 12, 8, 2, 20, 1, 1, 9, 2, 10, 1, 7, 10, 12, 9, 11, 8, 18, 5, 7, 12, 7, 10, 19, 9, 17, 1, 11, 18, 15, 15, 14, 3, 11, 10, 1, 7, 10, 19, 9, 11, 8, 18, 11, 12, 5, 10, 3, 14, 9, 16, 20, 11, 2, 19, 20, 2, 17, 10, 1, 7, 10, 12, 3, 19, 9, 11, 18, 8, 18, 20, 5, 13, 5, 7, 12, 19, 10, 1, 9, 12, 1, 10, 9, 12, 5, 1, 8, 11, 7, 9, 7, 1, 11, 18, 11, 6, 12, 6]
bestever    2412    in generation 84
[4, 4, 6, 2, 4, 16, 6, 4, 18, 18, 14, 16, 2, 18, 20, 3, 20, 17, 17, 20, 2, 2, 2, 8, 15, 14, 3, 5, 6, 4, 16, 6, 16, 3, 3, 3, 15, 8, 16, 14, 17, 4, 14, 17, 15, 6, 4, 4, 6, 5, 17, 14, 5, 5, 5, 14, 8, 15, 14, 16, 16, 4, 3, 16, 17, 13, 13, 4, 20, 19, 13, 6, 19, 7, 18, 7, 9, 8, 14, 15, 16, 19, 13, 17, 2, 13, 13, 20, 13, 15, 3, 20, 19, 19, 13, 8, 17, 15, 13, 12, 15, 12, 8, 2, 20, 1, 1, 9, 2, 10, 1, 7, 10, 12, 9, 11, 8, 18, 5, 7, 12, 7, 10, 19, 9, 17, 1, 11, 18, 15, 15, 14, 3, 11, 10, 1, 7, 10, 19, 9, 11, 8, 18, 11, 5, 10, 3, 14, 9, 16, 12, 6, 20, 11, 2, 19, 20, 2, 17, 10, 1, 7, 10, 12, 3, 19, 9, 11, 18, 8, 18, 20, 5, 13, 5, 7, 12, 19, 10, 1, 9, 12, 1, 10, 9, 12, 5, 1, 8, 11, 7, 9, 7, 1, 11, 18, 11, 6, 12, 6]
bestever    2363    in generation 96
[4, 4, 6, 2, 4, 16, 6, 4, 18, 18, 14, 16, 2, 18, 20, 3, 20, 17, 17, 20, 2, 2, 2, 8, 15, 14, 3, 5, 6, 4, 16, 6, 16, 3, 3, 3, 15, 8, 16, 14, 17, 4, 14, 17, 15, 6, 4, 4, 6, 5, 17, 14, 5, 5, 5, 14, 8, 15, 14, 16, 16, 4, 3, 16, 17, 13, 13, 4, 20, 19, 13, 6, 19, 7, 18, 7, 9, 8, 14, 15, 16, 19, 13, 17, 2, 13, 13, 20, 1, 15, 3, 20, 19, 19, 13, 8, 17, 15, 13, 12, 15, 12, 8, 2, 20, 1, 1, 9, 2, 10, 13, 7, 10, 12, 9, 11, 8, 18, 5, 7, 12, 7, 10, 19, 9, 17, 1, 11, 18, 15, 15, 14, 3, 11, 10, 1, 7, 10, 19, 9, 11, 8, 18, 11, 5, 10, 3, 14, 9, 16, 12, 6, 20, 11, 2, 19, 20, 2, 17, 10, 1, 7, 10, 12, 3, 19, 9, 11, 18, 8, 18, 20, 5, 13, 5, 7, 12, 19, 10, 1, 9, 12, 1, 10, 9, 12, 5, 1, 8, 11, 7, 9, 7, 1, 11, 18, 11, 6, 12, 6]
bestever    2354    in generation 104
[4, 4, 6, 2, 4, 16, 6, 4, 18, 18, 14, 16, 2, 18, 20, 3, 20, 17, 17, 20, 2, 2, 2, 8, 15, 14, 3, 5, 6, 4, 16, 6, 16, 3, 3, 3, 15, 8, 16, 14, 17, 4, 14, 17, 15, 6, 14, 4, 6, 5, 17, 14, 5, 5, 5, 14, 8, 15, 14, 16, 16, 4, 3, 16, 17, 13, 13, 4, 20, 19, 13, 6, 19, 7, 18, 7, 9, 8, 14, 15, 16, 19, 13, 17, 2, 13, 13, 20, 1, 15, 3, 20, 19, 19, 13, 8, 17, 15, 13, 12, 15, 12, 8, 2, 20, 1, 1, 9, 2, 10, 13, 7, 10, 12, 9, 11, 8, 18, 5, 7, 12, 7, 10, 19, 9, 17, 1, 11, 18, 15, 15, 14, 3, 11, 10, 1, 7, 10, 19, 9, 11, 8, 18, 11, 5, 10, 3, 4, 9, 16, 12, 6, 20, 11, 2, 19, 20, 2, 17, 10, 1, 7, 10, 12, 3, 19, 9, 11, 18, 8, 18, 20, 5, 13, 5, 7, 12, 19, 10, 1, 9, 12, 1, 10, 9, 12, 5, 1, 8, 11, 7, 9, 7, 1, 11, 18, 11, 6, 12, 6]
bestever    2346    in generation 110
[4, 4, 6, 2, 4, 16, 6, 4, 18, 18, 14, 16, 2, 18, 20, 3, 20, 17, 17, 20, 2, 2, 2, 8, 15, 14, 3, 5, 6, 4, 16, 6, 16, 3, 3, 3, 15, 8, 16, 14, 17, 4, 14, 17, 15, 6, 14, 4, 6, 5, 17, 14, 5, 5, 5, 14, 8, 15, 14, 16, 16, 4, 3, 16, 17, 13, 13, 4, 20, 19, 13, 6, 19, 7, 18, 7, 9, 8, 14, 15, 16, 19, 13, 17, 2, 13, 13, 20, 1, 15, 3, 20, 19, 19, 13, 8, 17, 15, 13, 12, 15, 12, 8, 2, 20, 1, 1, 9, 2, 10, 13, 7, 10, 12, 9, 11, 8, 18, 5, 7, 12, 10, 19, 9, 17, 11, 18, 15, 15, 14, 3, 11, 10, 10, 19, 9, 11, 5, 10, 3, 4, 16, 6, 20, 11, 2, 19, 20, 7, 11, 8, 18, 7, 1, 1, 9, 12, 2, 17, 10, 1, 7, 10, 12, 3, 19, 9, 11, 18, 8, 18, 20, 5, 13, 5, 7, 12, 19, 10, 1, 9, 12, 1, 10, 9, 12, 5, 1, 8, 11, 7, 9, 7, 1, 11, 18, 11, 6, 12, 6]
bestever    2320    in generation 112
[4, 4, 6, 2, 4, 16, 6, 4, 18, 18, 14, 16, 2, 18, 20, 3, 20, 17, 17, 20, 2, 2, 2, 8, 15, 14, 3, 5, 6, 4, 16, 6, 16, 3, 3, 3, 15, 8, 16, 14, 17, 4, 14, 17, 15, 6, 14, 4, 6, 5, 17, 14, 5, 5, 5, 14, 8, 15, 14, 16, 16, 4, 3, 16, 17, 13, 13, 4, 20, 19, 13, 6, 19, 7, 18, 7, 9, 8, 14, 15, 16, 12, 13, 17, 2, 13, 13, 20, 1, 15, 3, 20, 19, 19, 13, 8, 17, 15, 13, 12, 15, 12, 8, 2, 20, 1, 1, 9, 2, 10, 13, 7, 10, 12, 9, 11, 8, 18, 5, 7, 19, 7, 10, 19, 9, 17, 1, 11, 18, 15, 15, 14, 3, 11, 10, 1, 7, 10, 19, 9, 11, 8, 18, 11, 5, 10, 3, 4, 9, 16, 12, 6, 20, 11, 2, 19, 20, 2, 17, 10, 1, 7, 10, 12, 3, 19, 9, 11, 18, 8, 18, 20, 5, 13, 5, 7, 12, 19, 10, 1, 9, 12, 1, 10, 9, 12, 5, 1, 8, 11, 7, 9, 7, 1, 11, 18, 11, 6, 12, 6]
bestever    2319    in generation 113
[4, 4, 6, 2, 4, 16, 6, 4, 18, 18, 14, 16, 2, 18, 20, 3, 20, 17, 17, 20, 2, 2, 2, 8, 15, 14, 3, 5, 6, 4, 16, 6, 16, 3, 3, 3, 15, 8, 16, 14, 17, 4, 14, 17, 15, 6, 14, 4, 6, 5, 17, 14, 5, 5, 5, 14, 8, 15, 14, 16, 16, 4, 3, 16, 17, 13, 13, 4, 20, 19, 13, 6, 19, 7, 18, 7, 9, 8, 14, 15, 16, 19, 13, 17, 2, 13, 13, 20, 1, 15, 3, 20, 19, 19, 13, 8, 17, 15, 13, 12, 15, 8, 2, 20, 1, 1, 9, 2, 10, 13, 7, 10, 12, 9, 11, 8, 18, 5, 12, 7, 10, 19, 17, 1, 11, 18, 15, 15, 14, 3, 11, 10, 1, 7, 10, 19, 9, 11, 5, 3, 4, 9, 16, 12, 6, 20, 11, 2, 20, 2, 17, 10, 1, 7, 10, 12, 19, 9, 11, 8, 18, 7, 10, 12, 3, 19, 9, 11, 18, 8, 18, 20, 5, 13, 5, 7, 12, 19, 10, 1, 9, 12, 1, 10, 9, 12, 5, 1, 8, 11, 7, 9, 7, 1, 11, 18, 11, 6, 12, 6]
bestever    2307    in generation 114
[4, 4, 6, 2, 4, 16, 6, 4, 18, 18, 14, 16, 2, 18, 20, 3, 20, 17, 17, 20, 2, 2, 2, 8, 15, 14, 3, 5, 6, 4, 16, 6, 16, 3, 3, 3, 15, 8, 16, 14, 17, 4, 14, 17, 15, 6, 14, 4, 6, 5, 17, 14, 5, 5, 5, 14, 8, 15, 14, 16, 16, 4, 3, 16, 17, 13, 13, 4, 20, 19, 13, 6, 19, 7, 18, 7, 9, 8, 14, 15, 16, 19, 13, 17, 2, 13, 13, 20, 1, 15, 3, 20, 19, 19, 13, 8, 17, 15, 13, 12, 15, 8, 2, 20, 1, 1, 9, 2, 10, 13, 7, 10, 12, 9, 11, 8, 18, 5, 12, 6, 10, 19, 17, 1, 11, 18, 15, 15, 14, 3, 11, 10, 1, 7, 10, 19, 9, 11, 5, 3, 4, 9, 16, 12, 7, 20, 11, 2, 20, 2, 17, 10, 1, 7, 10, 12, 19, 9, 11, 8, 18, 7, 10, 12, 3, 19, 9, 11, 18, 8, 18, 20, 5, 13, 5, 7, 12, 19, 10, 1, 9, 12, 1, 10, 9, 12, 5, 1, 8, 11, 7, 9, 7, 1, 11, 18, 11, 6, 12, 6]
bestever    2294    in generation 165
[4, 4, 6, 2, 4, 16, 6, 4, 18, 18, 14, 16, 2, 18, 20, 3, 20, 17, 17, 20, 2, 2, 2, 8, 15, 14, 3, 5, 6, 4, 16, 6, 16, 3, 3, 3, 15, 8, 16, 14, 17, 4, 14, 17, 15, 6, 14, 4, 6, 5, 17, 14, 5, 5, 5, 14, 8, 15, 14, 16, 16, 4, 3, 16, 17, 13, 13, 4, 20, 15, 13, 6, 19, 7, 18, 7, 9, 8, 14, 15, 16, 19, 13, 17, 2, 13, 13, 20, 1, 15, 3, 20, 19, 19, 13, 8, 17, 15, 13, 12, 15, 8, 2, 20, 1, 1, 9, 2, 10, 13, 7, 10, 12, 9, 11, 8, 18, 5, 12, 6, 10, 19, 17, 1, 11, 18, 15, 19, 14, 3, 11, 10, 1, 7, 10, 19, 9, 11, 5, 3, 4, 9, 16, 12, 7, 20, 11, 2, 20, 2, 17, 10, 1, 7, 10, 12, 19, 9, 11, 8, 18, 7, 10, 12, 3, 19, 9, 11, 18, 8, 18, 20, 5, 13, 5, 7, 12, 19, 10, 1, 9, 12, 1, 10, 9, 12, 5, 1, 8, 11, 7, 9, 7, 1, 11, 18, 11, 6, 12, 6]
bestever    2264    in generation 172
[4, 4, 6, 2, 4, 16, 6, 4, 18, 18, 14, 16, 2, 18, 20, 3, 20, 17, 17, 20, 2, 2, 2, 8, 15, 14, 3, 5, 6, 4, 16, 6, 16, 3, 3, 3, 15, 8, 16, 14, 17, 4, 14, 17, 15, 6, 14, 4, 6, 5, 17, 14, 5, 5, 5, 14, 8, 15, 14, 16, 16, 3, 16, 17, 13, 13, 4, 20, 15, 13, 6, 19, 7, 18, 7, 9, 8, 14, 15, 16, 19, 13, 17, 2, 13, 13, 20, 1, 15, 3, 20, 19, 19, 13, 8, 17, 15, 13, 12, 15, 8, 2, 20, 1, 1, 9, 2, 10, 13, 7, 10, 12, 9, 11, 8, 18, 5, 6, 10, 19, 17, 1, 11, 15, 19, 14, 3, 11, 10, 7, 10, 19, 9, 11, 4, 18, 12, 1, 5, 3, 4, 9, 16, 12, 7, 20, 11, 2, 20, 2, 17, 10, 1, 7, 10, 12, 19, 9, 11, 8, 18, 7, 10, 12, 3, 19, 9, 11, 18, 8, 18, 20, 5, 13, 5, 7, 12, 19, 10, 1, 9, 12, 1, 10, 9, 12, 5, 1, 8, 11, 7, 9, 7, 1, 11, 18, 11, 6, 12, 6]
bestever    2255    in generation 194
[4, 4, 6, 2, 4, 16, 6, 4, 18, 18, 14, 16, 2, 18, 20, 3, 20, 17, 17, 20, 2, 2, 2, 8, 15, 14, 3, 5, 6, 4, 16, 6, 16, 3, 3, 3, 15, 8, 16, 14, 17, 4, 14, 17, 15, 6, 14, 4, 6, 5, 17, 14, 5, 5, 5, 14, 8, 15, 14, 16, 16, 3, 16, 17, 13, 13, 4, 20, 15, 13, 6, 19, 7, 18, 7, 9, 8, 14, 15, 16, 19, 13, 17, 2, 13, 13, 20, 1, 15, 3, 20, 19, 19, 13, 8, 17, 15, 13, 12, 15, 8, 2, 20, 1, 1, 9, 2, 10, 13, 7, 10, 12, 9, 11, 8, 18, 5, 6, 10, 19, 17, 11, 15, 19, 14, 3, 11, 10, 7, 10, 19, 9, 11, 4, 18, 12, 1, 5, 3, 4, 9, 16, 7, 20, 11, 2, 20, 2, 17, 10, 1, 10, 19, 8, 18, 7, 3, 19, 9, 11, 11, 18, 8, 18, 20, 5, 7, 12, 10, 1, 9, 12, 12, 13, 5, 7, 12, 19, 10, 1, 9, 12, 1, 10, 9, 12, 5, 1, 8, 11, 7, 9, 7, 1, 11, 18, 11, 6, 12, 6]
bestever    2226    in generation 254
[4, 4, 6, 2, 4, 16, 6, 4, 18, 18, 14, 16, 2, 18, 20, 3, 20, 17, 17, 20, 2, 2, 2, 8, 15, 14, 3, 5, 6, 4, 16, 6, 16, 3, 3, 3, 15, 8, 16, 14, 17, 4, 14, 17, 15, 6, 14, 4, 6, 5, 17, 14, 5, 5, 5, 14, 8, 15, 14, 16, 16, 3, 16, 17, 13, 13, 4, 20, 15, 13, 6, 19, 7, 18, 7, 9, 8, 14, 15, 16, 19, 13, 17, 2, 13, 13, 20, 1, 15, 3, 20, 19, 19, 13, 8, 17, 15, 13, 12, 15, 8, 2, 20, 1, 1, 9, 2, 10, 13, 7, 10, 12, 9, 11, 8, 18, 5, 6, 10, 19, 17, 11, 15, 19, 14, 3, 11, 10, 7, 10, 19, 9, 11, 4, 18, 12, 1, 5, 3, 4, 9, 16, 7, 20, 11, 2, 20, 2, 18, 10, 1, 10, 19, 8, 18, 7, 3, 19, 9, 11, 17, 8, 18, 20, 5, 7, 12, 10, 12, 13, 5, 7, 9, 12, 1, 11, 12, 19, 10, 1, 9, 12, 1, 10, 9, 12, 5, 1, 8, 11, 7, 9, 7, 1, 11, 18, 11, 6, 12, 6]
bestever    2219    in generation 260
[4, 4, 6, 2, 4, 16, 6, 4, 18, 18, 14, 16, 2, 18, 20, 3, 20, 17, 17, 20, 2, 2, 2, 8, 15, 14, 3, 5, 6, 4, 16, 6, 16, 3, 3, 3, 15, 8, 16, 14, 17, 4, 14, 17, 15, 6, 14, 4, 6, 5, 17, 14, 5, 5, 5, 14, 8, 15, 14, 16, 16, 3, 16, 17, 13, 13, 4, 20, 15, 13, 6, 19, 7, 18, 7, 9, 8, 14, 15, 16, 19, 13, 17, 2, 13, 13, 20, 1, 15, 3, 20, 19, 19, 13, 8, 17, 15, 13, 12, 15, 8, 2, 20, 1, 1, 9, 2, 10, 13, 7, 10, 12, 9, 11, 8, 18, 5, 6, 10, 19, 17, 11, 15, 19, 14, 3, 11, 10, 7, 10, 19, 9, 11, 4, 18, 12, 1, 5, 3, 4, 9, 16, 7, 20, 2, 20, 2, 18, 10, 10, 19, 8, 18, 7, 3, 19, 9, 11, 17, 8, 18, 20, 5, 7, 12, 10, 13, 5, 9, 12, 1, 11, 7, 12, 1, 11, 12, 19, 10, 1, 9, 12, 1, 10, 9, 12, 5, 1, 8, 11, 7, 9, 7, 1, 11, 18, 11, 6, 12, 6]
bestever    2218    in generation 280
[4, 4, 6, 2, 4, 16, 6, 4, 18, 18, 14, 16, 2, 18, 20, 3, 20, 17, 17, 20, 2, 2, 2, 8, 15, 14, 3, 5, 6, 4, 16, 6, 16, 3, 3, 3, 15, 8, 16, 14, 17, 4, 14, 17, 15, 6, 14, 4, 6, 5, 17, 14, 5, 5, 5, 14, 8, 15, 14, 16, 16, 3, 16, 17, 13, 13, 4, 20, 15, 13, 6, 19, 7, 18, 7, 9, 8, 14, 15, 16, 19, 13, 17, 2, 13, 13, 20, 1, 15, 3, 20, 19, 19, 13, 8, 17, 15, 13, 12, 15, 8, 2, 20, 1, 1, 9, 2, 10, 13, 7, 10, 12, 9, 11, 8, 18, 5, 10, 19, 17, 11, 15, 19, 14, 3, 11, 10, 7, 10, 19, 6, 9, 11, 4, 18, 12, 1, 5, 3, 4, 9, 16, 7, 20, 2, 20, 2, 18, 10, 10, 19, 8, 18, 7, 3, 19, 9, 11, 17, 8, 18, 20, 5, 7, 12, 10, 13, 5, 9, 12, 1, 11, 7, 12, 1, 11, 12, 19, 10, 1, 9, 12, 1, 10, 9, 12, 5, 1, 8, 11, 7, 9, 7, 1, 11, 18, 11, 6, 12, 6]
bestever    2215    in generation 282
[4, 4, 6, 2, 4, 16, 6, 4, 18, 18, 14, 16, 2, 18, 20, 3, 20, 17, 17, 20, 2, 2, 2, 8, 15, 14, 3, 5, 6, 4, 16, 6, 16, 3, 3, 3, 15, 8, 16, 14, 17, 4, 14, 17, 15, 6, 14, 4, 6, 5, 17, 14, 5, 2, 5, 14, 8, 15, 14, 16, 16, 3, 16, 17, 13, 13, 4, 20, 15, 13, 6, 19, 7, 18, 7, 9, 8, 14, 15, 16, 19, 13, 17, 5, 13, 13, 20, 1, 15, 3, 20, 19, 19, 13, 8, 17, 15, 13, 12, 15, 8, 2, 20, 1, 1, 9, 2, 10, 13, 7, 10, 12, 9, 11, 8, 18, 5, 6, 10, 19, 17, 11, 15, 19, 14, 3, 11, 10, 7, 10, 19, 9, 11, 4, 18, 12, 1, 5, 3, 4, 9, 16, 7, 20, 2, 20, 2, 18, 10, 10, 19, 8, 18, 7, 3, 19, 9, 11, 17, 8, 18, 20, 5, 7, 12, 10, 13, 5, 9, 12, 1, 11, 7, 12, 1, 11, 12, 19, 10, 1, 9, 12, 1, 10, 9, 12, 5, 1, 8, 11, 7, 9, 7, 1, 11, 18, 11, 6, 12, 6]
bestever    2214    in generation 284
[4, 4, 6, 2, 4, 16, 6, 4, 18, 18, 14, 16, 2, 18, 20, 3, 20, 17, 17, 20, 2, 2, 2, 8, 15, 14, 3, 5, 6, 4, 16, 6, 16, 3, 3, 3, 15, 8, 16, 14, 17, 4, 14, 17, 15, 6, 14, 4, 6, 5, 17, 14, 5, 2, 5, 14, 8, 15, 14, 16, 16, 3, 16, 17, 13, 13, 4, 20, 15, 13, 6, 19, 7, 18, 7, 9, 8, 14, 15, 16, 19, 13, 17, 5, 13, 13, 20, 1, 15, 3, 20, 19, 19, 13, 8, 17, 15, 13, 12, 15, 8, 2, 20, 1, 1, 9, 2, 10, 13, 7, 10, 12, 9, 11, 8, 18, 5, 10, 19, 17, 11, 15, 19, 14, 3, 11, 10, 7, 10, 19, 9, 11, 4, 18, 1, 5, 3, 12, 6, 4, 9, 16, 7, 20, 2, 20, 2, 18, 10, 10, 19, 8, 18, 7, 3, 19, 9, 11, 17, 8, 18, 20, 5, 7, 12, 10, 13, 5, 9, 12, 1, 11, 7, 12, 1, 11, 12, 19, 10, 1, 9, 12, 1, 10, 9, 12, 5, 1, 8, 11, 7, 9, 7, 1, 11, 18, 11, 6, 12, 6]
bestever    2207    in generation 309
[4, 4, 6, 2, 4, 16, 6, 4, 18, 18, 14, 16, 2, 18, 20, 3, 20, 17, 3, 20, 2, 2, 2, 8, 15, 14, 17, 5, 6, 4, 16, 6, 16, 3, 3, 3, 15, 8, 16, 14, 17, 4, 14, 17, 15, 6, 14, 4, 6, 5, 17, 14, 5, 2, 5, 14, 8, 15, 14, 16, 16, 3, 16, 17, 13, 13, 4, 20, 15, 13, 6, 19, 7, 18, 7, 9, 8, 14, 15, 16, 19, 13, 17, 5, 13, 13, 20, 1, 15, 3, 20, 19, 19, 13, 8, 17, 15, 13, 12, 15, 8, 2, 20, 1, 1, 9, 2, 10, 13, 7, 10, 12, 9, 11, 8, 18, 5, 10, 19, 17, 11, 15, 19, 14, 3, 11, 10, 7, 10, 19, 9, 11, 4, 18, 1, 5, 3, 12, 6, 4, 9, 16, 7, 20, 2, 20, 2, 18, 10, 10, 19, 8, 18, 7, 3, 19, 9, 11, 17, 8, 18, 20, 5, 7, 12, 10, 13, 5, 9, 12, 1, 11, 7, 12, 1, 11, 12, 19, 10, 1, 9, 12, 1, 10, 9, 12, 5, 1, 8, 11, 7, 9, 7, 1, 11, 18, 11, 6, 12, 6]
bestever    2205    in generation 352
[4, 4, 6, 2, 4, 16, 6, 4, 18, 18, 14, 16, 2, 18, 20, 3, 20, 17, 3, 20, 2, 2, 2, 8, 15, 14, 17, 5, 6, 4, 16, 6, 16, 3, 3, 3, 15, 8, 16, 14, 17, 4, 14, 17, 15, 6, 14, 4, 6, 5, 17, 14, 5, 2, 5, 14, 8, 15, 14, 16, 16, 3, 16, 17, 13, 13, 4, 20, 15, 13, 6, 19, 7, 18, 7, 9, 8, 14, 15, 16, 19, 13, 17, 5, 13, 13, 20, 1, 15, 3, 20, 19, 19, 13, 8, 17, 15, 13, 12, 15, 8, 2, 20, 1, 4, 9, 2, 10, 13, 7, 10, 12, 9, 11, 8, 18, 5, 10, 19, 17, 11, 15, 19, 14, 3, 11, 10, 7, 10, 19, 9, 11, 4, 18, 1, 5, 3, 12, 6, 1, 9, 16, 7, 20, 2, 20, 2, 18, 10, 10, 19, 8, 18, 7, 3, 19, 9, 11, 17, 8, 18, 20, 5, 7, 12, 10, 13, 5, 9, 12, 1, 11, 7, 12, 1, 11, 12, 19, 10, 1, 9, 12, 1, 10, 9, 12, 5, 1, 8, 11, 7, 9, 7, 1, 11, 18, 11, 6, 12, 6]
bestever    2198    in generation 368
[4, 4, 6, 2, 4, 16, 6, 4, 18, 18, 14, 16, 2, 18, 20, 3, 20, 17, 3, 20, 2, 2, 2, 8, 15, 14, 17, 5, 6, 4, 16, 6, 16, 3, 3, 3, 15, 8, 16, 14, 17, 4, 14, 17, 15, 6, 14, 4, 6, 5, 17, 14, 5, 2, 5, 14, 8, 15, 14, 16, 16, 3, 16, 17, 13, 13, 4, 20, 15, 13, 6, 19, 7, 18, 7, 9, 8, 14, 15, 16, 19, 20, 17, 5, 13, 13, 13, 1, 15, 3, 20, 19, 19, 13, 8, 17, 15, 13, 12, 15, 8, 2, 20, 1, 4, 9, 2, 10, 13, 7, 10, 12, 9, 11, 8, 18, 5, 10, 19, 17, 11, 15, 19, 14, 3, 11, 10, 7, 10, 19, 9, 11, 4, 18, 1, 5, 3, 12, 6, 1, 9, 16, 7, 20, 2, 20, 2, 18, 10, 10, 19, 8, 18, 7, 3, 19, 9, 11, 17, 8, 18, 20, 5, 7, 12, 10, 13, 5, 9, 12, 1, 11, 7, 12, 1, 11, 12, 19, 10, 1, 9, 12, 1, 10, 9, 12, 5, 1, 8, 11, 7, 9, 7, 1, 11, 18, 11, 6, 12, 6]
bestever    2194    in generation 374
[4, 4, 6, 2, 4, 16, 6, 4, 18, 18, 14, 16, 2, 18, 20, 3, 20, 17, 3, 20, 2, 2, 2, 8, 15, 14, 17, 5, 6, 4, 16, 6, 16, 3, 3, 3, 15, 8, 16, 14, 17, 4, 14, 17, 15, 6, 14, 4, 6, 5, 17, 14, 5, 2, 5, 14, 8, 15, 14, 16, 16, 3, 16, 17, 13, 13, 4, 20, 15, 13, 6, 19, 7, 18, 7, 9, 8, 14, 15, 16, 19, 20, 17, 5, 13, 13, 13, 15, 3, 20, 19, 19, 13, 8, 17, 15, 13, 15, 8, 2, 20, 4, 9, 2, 10, 13, 7, 10, 9, 11, 8, 18, 5, 10, 19, 17, 11, 15, 19, 14, 3, 10, 7, 10, 19, 4, 18, 1, 3, 6, 1, 9, 16, 20, 2, 20, 2, 18, 10, 19, 8, 3, 19, 9, 11, 17, 8, 18, 7, 5, 9, 12, 1, 11, 7, 12, 1, 11, 12, 10, 18, 20, 5, 7, 12, 10, 13, 5, 9, 12, 1, 11, 7, 12, 1, 11, 12, 19, 10, 1, 9, 12, 1, 10, 9, 12, 5, 1, 8, 11, 7, 9, 7, 1, 11, 18, 11, 6, 12, 6]
bestever    2181    in generation 382
[4, 4, 6, 2, 4, 16, 6, 4, 18, 18, 14, 16, 2, 18, 20, 3, 20, 17, 3, 20, 2, 2, 2, 8, 6, 14, 17, 5, 6, 4, 16, 6, 16, 3, 3, 3, 15, 8, 16, 14, 17, 4, 14, 17, 15, 15, 14, 4, 6, 5, 17, 14, 5, 2, 5, 14, 8, 15, 14, 16, 16, 3, 16, 17, 13, 13, 4, 20, 15, 13, 6, 19, 7, 18, 7, 9, 8, 14, 15, 16, 19, 13, 17, 5, 13, 13, 20, 1, 15, 3, 20, 19, 19, 13, 8, 17, 15, 13, 12, 15, 8, 2, 20, 1, 4, 9, 2, 10, 13, 7, 10, 12, 9, 11, 8, 18, 5, 10, 19, 17, 11, 15, 19, 14, 3, 11, 10, 7, 10, 19, 9, 11, 4, 18, 1, 5, 3, 12, 6, 1, 9, 16, 7, 20, 2, 20, 2, 18, 10, 10, 19, 8, 18, 7, 3, 19, 9, 11, 17, 8, 18, 20, 5, 7, 12, 10, 13, 5, 9, 12, 1, 11, 7, 12, 1, 11, 12, 19, 10, 1, 9, 12, 1, 10, 9, 12, 5, 1, 8, 11, 7, 9, 7, 1, 11, 18, 11, 6, 12, 6]
bestever    2167    in generation 391
[4, 4, 6, 2, 4, 16, 6, 4, 18, 18, 14, 16, 2, 18, 20, 3, 20, 17, 3, 20, 2, 2, 2, 8, 6, 14, 17, 5, 6, 4, 16, 6, 16, 3, 3, 3, 15, 8, 16, 14, 17, 4, 14, 17, 15, 15, 14, 4, 6, 5, 17, 14, 5, 2, 5, 14, 8, 15, 14, 16, 16, 3, 16, 17, 13, 13, 4, 20, 15, 13, 6, 19, 7, 18, 7, 9, 8, 14, 15, 16, 19, 13, 17, 5, 13, 13, 20, 1, 15, 3, 20, 19, 19, 13, 8, 17, 15, 13, 12, 15, 8, 2, 20, 1, 4, 9, 2, 10, 13, 7, 10, 12, 9, 11, 8, 18, 5, 10, 19, 17, 11, 15, 19, 14, 3, 11, 10, 7, 10, 19, 9, 11, 4, 18, 1, 5, 3, 12, 6, 1, 9, 16, 7, 20, 2, 20, 2, 18, 10, 10, 19, 8, 18, 7, 3, 19, 9, 11, 17, 8, 18, 20, 5, 7, 12, 10, 13, 5, 9, 12, 1, 11, 7, 12, 1, 11, 12, 19, 10, 1, 9, 12, 1, 10, 9, 12, 5, 1, 8, 11, 11, 9, 7, 1, 7, 18, 11, 6, 12, 6]
bestever    2166    in generation 457
[4, 4, 6, 2, 4, 16, 6, 4, 18, 18, 14, 16, 2, 18, 20, 3, 20, 17, 3, 20, 2, 2, 2, 8, 6, 14, 17, 5, 6, 4, 16, 6, 16, 3, 3, 3, 15, 8, 16, 14, 17, 4, 14, 17, 15, 15, 14, 4, 6, 5, 17, 14, 5, 2, 5, 14, 8, 15, 14, 16, 16, 3, 16, 17, 13, 13, 4, 20, 15, 13, 6, 19, 7, 18, 7, 9, 8, 14, 15, 16, 19, 13, 17, 5, 13, 13, 20, 1, 15, 3, 20, 19, 19, 13, 8, 17, 15, 13, 12, 15, 8, 2, 20, 1, 4, 3, 2, 10, 13, 7, 10, 12, 9, 11, 8, 18, 5, 10, 19, 17, 11, 15, 19, 14, 9, 11, 10, 7, 10, 19, 9, 11, 4, 18, 1, 5, 3, 12, 6, 1, 9, 16, 7, 20, 2, 20, 2, 18, 10, 10, 19, 8, 18, 7, 3, 19, 9, 11, 17, 8, 18, 20, 5, 7, 12, 10, 13, 5, 9, 12, 1, 11, 7, 12, 1, 11, 12, 19, 10, 1, 9, 12, 1, 10, 9, 12, 5, 1, 8, 11, 11, 9, 7, 1, 7, 18, 11, 6, 12, 6]
bestever    2165    in generation 498
[4, 4, 6, 2, 4, 16, 6, 4, 18, 18, 14, 16, 2, 18, 20, 3, 20, 17, 3, 20, 2, 2, 2, 8, 6, 14, 17, 5, 6, 4, 16, 6, 16, 3, 3, 3, 15, 8, 16, 14, 17, 4, 14, 17, 15, 15, 14, 4, 6, 5, 17, 14, 5, 2, 5, 14, 8, 15, 14, 16, 16, 3, 16, 17, 13, 13, 4, 20, 15, 13, 6, 19, 7, 18, 7, 9, 8, 14, 15, 16, 19, 13, 17, 5, 13, 13, 20, 1, 15, 3, 20, 19, 19, 13, 8, 17, 15, 13, 12, 15, 8, 2, 20, 1, 4, 3, 2, 10, 13, 7, 10, 12, 9, 11, 8, 18, 5, 10, 19, 17, 11, 15, 19, 14, 9, 11, 10, 7, 10, 19, 9, 11, 4, 18, 1, 5, 3, 12, 6, 1, 9, 16, 7, 20, 2, 20, 2, 18, 10, 10, 19, 8, 18, 7, 3, 19, 9, 17, 18, 20, 5, 7, 12, 10, 13, 5, 9, 12, 1, 11, 7, 12, 1, 11, 12, 19, 10, 9, 12, 1, 10, 1, 8, 11, 9, 12, 5, 1, 8, 11, 11, 9, 7, 1, 7, 18, 11, 6, 12, 6]
bestever    2157    in generation 558
[4, 4, 6, 2, 4, 16, 6, 4, 18, 18, 14, 16, 2, 18, 20, 3, 20, 17, 3, 20, 2, 2, 2, 8, 6, 14, 17, 5, 6, 4, 16, 6, 16, 3, 3, 3, 15, 8, 16, 14, 17, 4, 14, 8, 15, 15, 14, 4, 6, 5, 17, 14, 5, 2, 5, 14, 17, 15, 14, 16, 16, 3, 16, 17, 13, 13, 4, 20, 15, 13, 6, 19, 7, 18, 7, 9, 8, 14, 15, 16, 19, 13, 17, 5, 13, 13, 20, 1, 15, 3, 20, 19, 19, 13, 8, 17, 15, 13, 12, 15, 8, 2, 20, 1, 4, 3, 2, 10, 13, 7, 10, 12, 9, 11, 8, 18, 5, 10, 19, 17, 11, 15, 19, 14, 9, 11, 10, 7, 10, 19, 9, 11, 4, 18, 1, 5, 3, 12, 6, 1, 9, 16, 7, 20, 2, 20, 2, 18, 10, 10, 19, 8, 18, 7, 3, 19, 9, 17, 18, 20, 5, 7, 12, 10, 13, 5, 9, 12, 1, 11, 7, 12, 1, 11, 12, 19, 10, 9, 12, 1, 10, 1, 8, 11, 9, 12, 5, 1, 8, 11, 11, 9, 7, 1, 7, 18, 11, 6, 12, 6]
bestever    2152    in generation 581
[4, 4, 6, 2, 4, 16, 6, 4, 18, 18, 14, 16, 2, 18, 20, 3, 20, 17, 3, 20, 2, 2, 2, 8, 6, 14, 17, 5, 6, 4, 16, 6, 16, 3, 3, 3, 15, 8, 16, 14, 17, 4, 14, 8, 15, 15, 14, 4, 6, 5, 17, 14, 5, 2, 5, 14, 17, 15, 14, 16, 16, 3, 16, 17, 13, 13, 4, 20, 15, 13, 6, 19, 7, 10, 7, 9, 8, 14, 15, 16, 19, 13, 17, 5, 13, 13, 20, 1, 15, 3, 20, 19, 19, 13, 8, 17, 15, 13, 12, 15, 8, 2, 20, 1, 4, 3, 2, 10, 13, 7, 10, 12, 9, 11, 8, 18, 5, 10, 19, 17, 11, 15, 19, 14, 9, 11, 10, 7, 18, 19, 9, 11, 4, 18, 1, 5, 3, 12, 6, 1, 9, 16, 7, 20, 2, 20, 2, 18, 10, 10, 19, 8, 18, 7, 3, 19, 9, 17, 18, 20, 5, 7, 12, 10, 13, 5, 9, 12, 1, 11, 7, 12, 1, 11, 12, 19, 10, 9, 12, 1, 10, 1, 8, 11, 9, 12, 5, 1, 8, 11, 11, 9, 7, 1, 7, 18, 11, 6, 12, 6]
bestever    2149    in generation 608
[4, 4, 6, 2, 4, 16, 6, 4, 18, 18, 14, 16, 2, 18, 20, 3, 20, 17, 3, 20, 2, 2, 2, 8, 6, 14, 17, 5, 6, 4, 16, 6, 16, 3, 3, 3, 15, 20, 16, 14, 17, 4, 14, 8, 15, 15, 14, 4, 6, 5, 17, 14, 5, 2, 5, 14, 17, 15, 14, 16, 16, 3, 16, 17, 13, 13, 4, 20, 15, 13, 6, 19, 7, 10, 7, 9, 8, 14, 15, 16, 19, 13, 17, 5, 13, 13, 8, 1, 15, 3, 20, 19, 19, 13, 8, 17, 15, 13, 12, 15, 8, 2, 20, 1, 4, 3, 2, 10, 13, 7, 10, 12, 9, 11, 8, 18, 5, 10, 19, 17, 11, 15, 19, 14, 9, 11, 10, 7, 18, 19, 9, 11, 4, 18, 1, 5, 3, 12, 6, 1, 9, 16, 7, 20, 2, 20, 2, 18, 10, 10, 19, 8, 18, 7, 3, 19, 9, 17, 18, 20, 5, 7, 12, 10, 13, 5, 9, 12, 1, 11, 7, 12, 1, 11, 12, 19, 10, 9, 12, 1, 10, 1, 8, 11, 9, 12, 5, 1, 8, 11, 11, 9, 7, 1, 7, 18, 11, 6, 12, 6]
bestever    2141    in generation 646
[4, 4, 6, 2, 4, 16, 6, 4, 18, 18, 14, 16, 2, 18, 20, 3, 20, 17, 3, 20, 2, 2, 2, 19, 6, 14, 17, 5, 6, 4, 16, 6, 16, 3, 3, 3, 15, 20, 16, 14, 17, 4, 14, 8, 15, 15, 14, 4, 6, 5, 17, 14, 5, 2, 5, 14, 17, 15, 14, 16, 16, 3, 16, 17, 13, 13, 4, 20, 15, 13, 6, 19, 7, 10, 7, 9, 8, 14, 15, 16, 19, 13, 17, 5, 13, 13, 8, 1, 15, 3, 20, 8, 19, 13, 8, 17, 15, 13, 12, 15, 8, 2, 20, 1, 4, 3, 2, 10, 13, 7, 10, 12, 9, 11, 8, 18, 5, 10, 19, 17, 11, 15, 19, 14, 9, 11, 10, 7, 18, 19, 9, 11, 4, 18, 1, 5, 3, 12, 6, 1, 9, 16, 7, 20, 2, 20, 2, 18, 10, 10, 19, 8, 18, 7, 3, 19, 9, 17, 18, 20, 5, 7, 12, 10, 13, 5, 9, 12, 1, 11, 7, 12, 1, 11, 12, 19, 10, 9, 12, 1, 10, 1, 8, 11, 9, 12, 5, 1, 8, 11, 11, 9, 7, 1, 7, 18, 11, 6, 12, 6]
bestever    2126    in generation 655
[4, 4, 6, 2, 4, 16, 6, 4, 18, 18, 14, 16, 2, 18, 20, 3, 20, 17, 3, 20, 2, 2, 2, 19, 6, 14, 17, 5, 6, 4, 16, 6, 16, 3, 3, 3, 15, 20, 16, 14, 17, 4, 14, 8, 15, 15, 14, 4, 6, 5, 17, 14, 5, 2, 5, 14, 17, 15, 14, 16, 16, 3, 16, 17, 13, 13, 4, 20, 15, 13, 6, 19, 7, 10, 7, 9, 8, 14, 15, 16, 19, 13, 17, 5, 13, 13, 8, 1, 15, 3, 20, 8, 19, 13, 8, 17, 15, 13, 12, 15, 8, 2, 20, 1, 4, 3, 2, 10, 13, 7, 10, 12, 9, 11, 8, 18, 5, 10, 19, 17, 11, 15, 19, 14, 9, 11, 10, 7, 18, 19, 9, 4, 18, 1, 5, 3, 12, 6, 9, 16, 7, 20, 2, 20, 2, 18, 10, 10, 19, 8, 18, 7, 3, 19, 9, 17, 18, 20, 5, 12, 10, 13, 5, 9, 12, 1, 11, 7, 1, 11, 7, 12, 1, 11, 12, 19, 10, 9, 12, 1, 10, 1, 8, 11, 9, 12, 5, 1, 8, 11, 11, 9, 7, 1, 7, 18, 11, 6, 12, 6]
bestever    2125    in generation 665
[4, 4, 6, 2, 4, 16, 6, 4, 18, 18, 14, 16, 2, 18, 20, 3, 20, 17, 3, 20, 2, 2, 2, 19, 6, 14, 17, 5, 6, 4, 16, 6, 16, 3, 3, 3, 15, 20, 16, 14, 17, 4, 14, 8, 15, 15, 14, 4, 6, 5, 17, 14, 5, 2, 5, 14, 17, 15, 14, 16, 16, 3, 16, 17, 13, 13, 4, 20, 15, 13, 6, 19, 7, 10, 7, 9, 8, 14, 15, 16, 19, 13, 17, 5, 13, 13, 8, 1, 15, 3, 20, 8, 19, 13, 8, 17, 15, 13, 12, 15, 8, 2, 20, 1, 4, 3, 2, 10, 13, 7, 10, 12, 9, 11, 8, 18, 5, 10, 19, 17, 11, 15, 19, 14, 3, 11, 10, 7, 18, 19, 9, 4, 18, 1, 5, 3, 12, 6, 9, 16, 7, 20, 2, 20, 2, 18, 10, 10, 19, 8, 18, 7, 9, 19, 9, 17, 18, 20, 5, 12, 10, 13, 5, 9, 12, 1, 11, 7, 1, 11, 7, 12, 1, 11, 12, 19, 10, 9, 12, 1, 10, 1, 8, 11, 9, 12, 5, 1, 8, 11, 11, 9, 7, 1, 7, 18, 11, 6, 12, 6]
bestever    2121    in generation 666
[4, 4, 6, 2, 4, 16, 6, 4, 18, 18, 14, 16, 2, 18, 20, 3, 20, 17, 3, 20, 2, 2, 2, 19, 6, 14, 17, 5, 6, 4, 16, 6, 16, 3, 3, 3, 15, 20, 13, 14, 17, 4, 14, 8, 15, 15, 14, 4, 6, 5, 17, 14, 5, 2, 5, 14, 17, 15, 14, 16, 16, 3, 16, 17, 13, 13, 4, 20, 15, 13, 6, 19, 7, 10, 7, 9, 8, 14, 15, 16, 19, 16, 17, 5, 13, 13, 8, 1, 15, 3, 20, 8, 19, 13, 8, 17, 15, 13, 12, 15, 8, 2, 20, 1, 4, 3, 2, 10, 13, 7, 10, 12, 9, 11, 8, 18, 5, 10, 19, 17, 11, 15, 19, 14, 9, 11, 10, 7, 18, 19, 9, 4, 18, 1, 5, 3, 12, 6, 9, 16, 7, 20, 2, 20, 2, 18, 10, 10, 19, 8, 18, 7, 3, 19, 9, 17, 18, 20, 5, 12, 10, 13, 5, 9, 12, 1, 11, 7, 1, 11, 7, 12, 1, 11, 12, 19, 10, 9, 12, 1, 10, 1, 8, 11, 9, 12, 5, 1, 8, 11, 11, 9, 7, 1, 7, 18, 11, 6, 12, 6]
bestever    2120    in generation 676
[4, 4, 6, 2, 4, 16, 6, 4, 18, 18, 14, 16, 2, 18, 20, 3, 20, 17, 3, 20, 2, 2, 2, 19, 6, 14, 17, 5, 6, 4, 16, 6, 16, 3, 3, 3, 15, 20, 13, 14, 17, 4, 14, 8, 15, 15, 14, 4, 6, 5, 17, 14, 5, 2, 5, 14, 17, 15, 14, 16, 16, 3, 16, 17, 13, 13, 4, 20, 15, 13, 6, 19, 7, 10, 7, 9, 8, 14, 15, 16, 19, 16, 17, 5, 13, 13, 8, 1, 15, 3, 20, 8, 19, 13, 8, 17, 15, 13, 12, 15, 8, 2, 20, 1, 4, 3, 2, 10, 13, 7, 10, 12, 9, 11, 8, 18, 5, 10, 19, 17, 11, 15, 19, 14, 9, 11, 10, 7, 18, 19, 9, 4, 18, 1, 5, 3, 12, 6, 9, 16, 7, 20, 2, 20, 12, 18, 10, 10, 19, 8, 18, 7, 3, 19, 9, 17, 18, 20, 5, 12, 10, 13, 5, 9, 12, 1, 11, 7, 1, 11, 7, 12, 1, 11, 2, 19, 10, 9, 12, 1, 10, 1, 8, 11, 9, 12, 5, 1, 8, 11, 11, 9, 7, 1, 7, 18, 11, 6, 12, 6]
bestever    2118    in generation 829
[4, 4, 6, 2, 4, 16, 16, 6, 4, 18, 3, 20, 2, 2, 2, 19, 6, 14, 17, 5, 6, 4, 16, 6, 16, 18, 14, 2, 18, 20, 3, 20, 17, 3, 3, 3, 15, 20, 13, 14, 17, 4, 14, 8, 15, 15, 14, 4, 6, 5, 17, 14, 5, 2, 5, 14, 17, 15, 20, 14, 16, 16, 3, 16, 17, 13, 13, 4, 15, 13, 6, 19, 7, 10, 7, 9, 8, 14, 15, 16, 19, 16, 17, 5, 13, 13, 8, 1, 15, 3, 20, 8, 19, 13, 8, 17, 15, 13, 12, 15, 8, 2, 20, 1, 4, 3, 2, 10, 13, 19, 10, 12, 9, 11, 8, 18, 5, 10, 19, 17, 11, 15, 7, 14, 9, 11, 10, 7, 18, 19, 9, 4, 18, 1, 5, 3, 12, 6, 9, 16, 7, 20, 2, 20, 12, 18, 10, 10, 19, 8, 18, 7, 3, 19, 9, 17, 18, 20, 5, 12, 10, 13, 5, 9, 12, 1, 11, 7, 1, 11, 7, 12, 1, 11, 2, 19, 10, 9, 12, 1, 10, 1, 8, 11, 9, 12, 5, 1, 8, 11, 11, 9, 7, 1, 7, 18, 11, 6, 12, 6]
bestever    2113    in generation 836
[4, 4, 6, 2, 4, 16, 16, 6, 4, 18, 3, 20, 2, 2, 2, 19, 6, 14, 17, 5, 6, 4, 16, 6, 16, 18, 14, 2, 18, 20, 3, 20, 17, 3, 3, 3, 15, 20, 13, 14, 17, 4, 14, 8, 15, 15, 14, 4, 6, 5, 17, 14, 5, 2, 5, 14, 17, 15, 20, 14, 16, 16, 3, 16, 17, 13, 13, 4, 15, 13, 6, 19, 7, 10, 7, 9, 8, 14, 15, 16, 19, 16, 17, 5, 13, 13, 8, 1, 15, 3, 20, 8, 19, 13, 8, 17, 15, 13, 12, 15, 8, 2, 20, 1, 4, 3, 2, 10, 13, 19, 10, 12, 9, 11, 8, 18, 5, 10, 19, 17, 11, 15, 7, 14, 9, 10, 10, 7, 18, 19, 9, 4, 18, 1, 5, 3, 12, 6, 9, 16, 7, 20, 2, 20, 12, 18, 11, 10, 19, 8, 18, 7, 3, 19, 9, 17, 18, 20, 5, 12, 10, 13, 5, 9, 12, 1, 11, 7, 1, 11, 7, 12, 1, 11, 2, 19, 10, 9, 12, 1, 10, 1, 8, 11, 9, 12, 5, 1, 8, 11, 11, 9, 7, 1, 7, 18, 11, 6, 12, 6]
bestever    2094    in generation 889
[4, 4, 6, 2, 4, 16, 16, 6, 4, 18, 3, 20, 2, 2, 2, 19, 6, 14, 17, 5, 3, 4, 16, 6, 16, 18, 14, 2, 18, 20, 3, 20, 17, 3, 3, 3, 15, 20, 13, 14, 17, 4, 14, 8, 15, 15, 14, 4, 6, 5, 17, 14, 5, 2, 5, 14, 17, 15, 20, 14, 16, 16, 6, 16, 17, 13, 13, 4, 15, 13, 6, 19, 7, 10, 7, 9, 8, 14, 15, 16, 19, 16, 17, 5, 13, 13, 8, 1, 15, 3, 20, 8, 19, 13, 8, 17, 15, 13, 12, 15, 8, 2, 20, 1, 4, 3, 2, 10, 13, 19, 10, 12, 9, 11, 8, 18, 5, 10, 19, 17, 11, 15, 7, 14, 9, 10, 10, 7, 18, 19, 9, 4, 18, 1, 5, 3, 12, 6, 9, 16, 7, 20, 2, 20, 12, 18, 11, 10, 19, 8, 18, 7, 3, 19, 9, 17, 18, 20, 5, 12, 10, 13, 5, 9, 12, 1, 11, 7, 1, 11, 7, 12, 1, 11, 2, 19, 10, 9, 12, 1, 10, 1, 8, 11, 9, 12, 5, 1, 8, 11, 11, 9, 7, 1, 7, 18, 11, 6, 12, 6]
bestever    2092    in generation 892
[4, 4, 6, 2, 4, 16, 16, 6, 4, 18, 3, 20, 2, 2, 2, 19, 6, 14, 17, 5, 3, 4, 16, 6, 16, 18, 14, 2, 18, 20, 3, 20, 17, 3, 3, 3, 15, 20, 13, 14, 17, 4, 14, 8, 15, 15, 14, 4, 6, 5, 17, 14, 5, 2, 5, 14, 17, 15, 20, 14, 16, 16, 6, 16, 17, 13, 13, 4, 15, 13, 6, 19, 7, 10, 7, 9, 8, 14, 15, 16, 19, 16, 17, 5, 13, 13, 8, 1, 15, 3, 20, 8, 19, 13, 8, 17, 15, 13, 12, 15, 8, 2, 20, 1, 4, 3, 2, 10, 13, 19, 10, 12, 9, 11, 8, 18, 5, 10, 19, 17, 15, 7, 14, 9, 10, 10, 7, 18, 19, 9, 4, 18, 1, 5, 3, 12, 6, 9, 16, 7, 20, 2, 20, 12, 18, 10, 19, 8, 18, 3, 19, 9, 17, 18, 20, 5, 12, 10, 13, 5, 1, 7, 11, 7, 11, 11, 9, 12, 1, 11, 7, 12, 1, 11, 2, 19, 10, 9, 12, 1, 10, 1, 8, 11, 9, 12, 5, 1, 8, 11, 11, 9, 7, 1, 7, 18, 11, 6, 12, 6]
bestever    2091    in generation 926
[4, 4, 6, 2, 4, 16, 16, 4, 6, 18, 3, 20, 2, 2, 2, 19, 6, 14, 17, 5, 3, 4, 16, 6, 16, 18, 14, 2, 18, 20, 3, 20, 17, 3, 3, 3, 15, 20, 13, 14, 17, 4, 14, 8, 15, 15, 14, 4, 6, 5, 17, 14, 5, 2, 5, 14, 17, 15, 20, 14, 16, 16, 6, 16, 17, 13, 13, 4, 15, 13, 6, 19, 7, 10, 7, 9, 4, 14, 15, 16, 19, 16, 17, 5, 13, 13, 8, 1, 15, 3, 20, 8, 19, 13, 8, 17, 15, 13, 12, 15, 8, 2, 20, 1, 4, 3, 2, 10, 13, 19, 10, 12, 9, 8, 18, 5, 10, 19, 17, 15, 7, 14, 9, 10, 10, 7, 18, 19, 9, 8, 18, 1, 5, 3, 12, 6, 9, 16, 7, 20, 2, 20, 18, 10, 19, 12, 11, 8, 18, 3, 19, 9, 17, 18, 20, 5, 12, 10, 13, 5, 1, 7, 11, 7, 11, 11, 9, 12, 1, 11, 7, 12, 1, 11, 2, 19, 10, 9, 12, 1, 10, 1, 8, 11, 9, 12, 5, 1, 8, 11, 11, 9, 7, 1, 7, 18, 11, 6, 12, 6]
bestever    2090    in generation 969
[4, 4, 6, 2, 4, 16, 16, 4, 6, 18, 3, 20, 2, 2, 2, 19, 6, 14, 17, 5, 3, 4, 16, 6, 16, 18, 14, 2, 18, 20, 3, 20, 17, 3, 3, 3, 15, 20, 13, 14, 17, 4, 14, 8, 15, 15, 14, 4, 6, 5, 17, 14, 5, 2, 5, 14, 17, 15, 20, 14, 16, 16, 6, 16, 17, 13, 13, 4, 15, 13, 6, 19, 7, 11, 7, 9, 8, 14, 15, 16, 19, 16, 17, 5, 13, 13, 8, 1, 15, 3, 20, 18, 19, 13, 8, 17, 15, 13, 12, 15, 4, 2, 20, 1, 4, 3, 2, 10, 13, 19, 10, 12, 9, 8, 18, 5, 10, 19, 17, 15, 7, 14, 9, 10, 10, 7, 18, 19, 9, 8, 18, 1, 5, 3, 12, 6, 9, 16, 7, 20, 2, 20, 18, 10, 19, 12, 11, 8, 18, 3, 19, 17, 8, 20, 5, 12, 10, 1, 5, 1, 7, 11, 7, 11, 11, 9, 10, 7, 12, 1, 11, 9, 12, 1, 2, 19, 10, 9, 12, 13, 10, 1, 8, 11, 9, 12, 5, 1, 8, 11, 11, 9, 7, 1, 7, 18, 11, 6, 12, 6]
bestever    2087    in generation 1146
[4, 4, 6, 2, 4, 16, 16, 4, 6, 18, 3, 20, 2, 2, 2, 19, 6, 14, 17, 5, 3, 4, 16, 6, 16, 18, 14, 2, 18, 20, 3, 20, 17, 3, 3, 3, 15, 20, 13, 14, 17, 4, 14, 8, 15, 15, 14, 4, 6, 5, 17, 14, 5, 2, 5, 14, 17, 15, 20, 14, 16, 16, 6, 16, 17, 13, 13, 4, 15, 13, 6, 19, 7, 11, 7, 9, 8, 14, 15, 16, 19, 16, 17, 5, 13, 13, 8, 1, 15, 3, 20, 18, 19, 13, 8, 17, 15, 13, 12, 15, 4, 2, 20, 1, 4, 3, 2, 10, 13, 19, 10, 12, 9, 8, 18, 5, 10, 13, 19, 17, 15, 7, 14, 9, 10, 10, 7, 18, 19, 9, 8, 18, 1, 5, 3, 12, 6, 9, 16, 7, 20, 2, 20, 18, 10, 19, 12, 11, 8, 18, 3, 19, 17, 8, 20, 5, 12, 10, 1, 5, 1, 7, 11, 7, 11, 11, 9, 10, 7, 12, 1, 11, 9, 12, 1, 2, 19, 10, 9, 12, 10, 1, 8, 11, 9, 12, 5, 1, 8, 11, 11, 9, 7, 1, 7, 18, 11, 6, 12, 6]
bestever    2086    in generation 1208
[4, 4, 6, 2, 4, 16, 16, 4, 6, 18, 3, 20, 2, 2, 2, 19, 6, 14, 17, 5, 3, 4, 16, 6, 16, 18, 14, 2, 18, 20, 3, 20, 17, 3, 3, 3, 15, 20, 13, 14, 17, 4, 14, 8, 15, 15, 14, 4, 6, 5, 17, 14, 5, 2, 5, 14, 17, 15, 20, 14, 16, 16, 6, 16, 17, 13, 13, 4, 15, 13, 6, 19, 7, 11, 7, 9, 8, 14, 15, 16, 19, 16, 17, 5, 13, 13, 8, 1, 15, 3, 20, 18, 19, 13, 8, 17, 15, 13, 12, 15, 4, 2, 20, 1, 4, 3, 2, 10, 13, 19, 10, 12, 9, 8, 18, 5, 10, 13, 19, 17, 15, 7, 14, 9, 10, 10, 7, 18, 19, 9, 8, 18, 1, 5, 3, 12, 20, 16, 7, 20, 2, 9, 18, 10, 19, 12, 11, 8, 18, 3, 19, 17, 8, 20, 5, 12, 10, 1, 5, 1, 7, 11, 7, 11, 11, 9, 10, 7, 12, 1, 11, 9, 12, 1, 2, 19, 10, 9, 12, 10, 1, 8, 11, 9, 12, 5, 1, 8, 11, 11, 9, 7, 1, 7, 18, 6, 11, 6, 12, 6]
bestever    2083    in generation 1318
[4, 4, 6, 2, 4, 16, 16, 4, 6, 18, 3, 20, 2, 2, 2, 19, 6, 14, 17, 5, 3, 4, 16, 6, 16, 18, 14, 3, 3, 15, 20, 2, 18, 20, 3, 20, 17, 3, 13, 14, 17, 4, 14, 8, 15, 15, 14, 4, 6, 5, 17, 14, 5, 2, 5, 14, 17, 15, 20, 14, 16, 16, 6, 16, 17, 13, 13, 4, 15, 13, 19, 7, 11, 7, 9, 8, 14, 15, 16, 19, 16, 17, 5, 13, 13, 8, 1, 6, 15, 3, 20, 18, 19, 13, 8, 17, 15, 13, 12, 15, 4, 2, 20, 1, 4, 3, 2, 10, 13, 19, 10, 12, 9, 8, 18, 5, 10, 13, 19, 17, 15, 7, 14, 9, 10, 10, 7, 18, 19, 9, 8, 18, 1, 5, 3, 12, 20, 16, 7, 20, 2, 9, 18, 10, 19, 12, 11, 8, 18, 3, 19, 17, 8, 20, 5, 12, 10, 1, 5, 1, 7, 11, 7, 11, 11, 9, 10, 7, 12, 1, 11, 9, 12, 1, 2, 19, 10, 9, 12, 10, 1, 8, 11, 9, 12, 5, 1, 8, 11, 11, 9, 7, 1, 7, 18, 6, 11, 6, 12, 6]
bestever    2082    in generation 1341
[4, 6, 6, 2, 4, 16, 16, 4, 6, 18, 3, 20, 2, 2, 2, 19, 4, 14, 17, 5, 3, 4, 16, 6, 16, 18, 14, 3, 3, 15, 20, 2, 18, 20, 3, 20, 17, 3, 13, 14, 17, 4, 14, 8, 15, 15, 14, 4, 6, 5, 17, 14, 5, 2, 5, 14, 17, 15, 20, 14, 16, 16, 6, 16, 17, 13, 13, 4, 15, 13, 19, 7, 11, 7, 9, 8, 14, 15, 16, 19, 16, 17, 5, 13, 13, 8, 1, 6, 15, 3, 20, 18, 19, 13, 8, 17, 15, 13, 12, 15, 4, 2, 20, 1, 4, 3, 2, 10, 13, 19, 10, 12, 9, 8, 18, 5, 10, 13, 19, 17, 15, 7, 14, 9, 10, 10, 7, 18, 19, 9, 8, 18, 1, 5, 3, 12, 20, 16, 7, 20, 2, 9, 18, 10, 19, 12, 11, 8, 18, 3, 19, 17, 8, 20, 5, 12, 10, 1, 5, 1, 7, 11, 7, 11, 11, 9, 10, 7, 12, 1, 11, 9, 12, 1, 2, 19, 10, 9, 12, 10, 1, 8, 11, 9, 12, 5, 1, 8, 11, 11, 9, 7, 1, 7, 18, 6, 11, 6, 12, 6]
bestever    2078    in generation 1433
[4, 6, 6, 2, 4, 16, 16, 4, 6, 18, 3, 20, 2, 2, 2, 19, 4, 14, 17, 5, 3, 4, 16, 6, 16, 18, 14, 3, 3, 15, 20, 2, 18, 20, 3, 20, 17, 3, 13, 14, 17, 4, 14, 8, 15, 15, 14, 4, 6, 5, 17, 14, 5, 2, 5, 14, 17, 15, 20, 14, 16, 16, 6, 16, 17, 13, 13, 4, 15, 13, 19, 7, 11, 7, 9, 8, 14, 15, 16, 19, 16, 17, 5, 13, 13, 8, 1, 6, 15, 3, 20, 18, 19, 13, 8, 17, 15, 13, 12, 15, 4, 2, 20, 1, 4, 3, 2, 10, 13, 19, 10, 12, 9, 8, 18, 5, 10, 13, 19, 17, 15, 7, 14, 9, 10, 10, 7, 18, 19, 9, 8, 18, 1, 5, 3, 12, 20, 16, 7, 20, 2, 9, 18, 10, 19, 12, 11, 8, 10, 3, 19, 17, 8, 20, 5, 12, 10, 1, 5, 1, 7, 11, 7, 11, 11, 9, 10, 7, 12, 1, 11, 9, 12, 1, 2, 19, 18, 9, 10, 8, 9, 12, 1, 11, 12, 5, 1, 8, 11, 11, 9, 7, 1, 7, 18, 6, 11, 6, 12, 6]
bestever    2077    in generation 1441
[4, 6, 6, 2, 4, 16, 16, 4, 6, 18, 3, 20, 2, 2, 2, 19, 4, 14, 17, 5, 3, 4, 16, 6, 16, 18, 14, 3, 3, 15, 20, 2, 18, 20, 3, 20, 17, 3, 13, 14, 17, 4, 14, 8, 15, 15, 14, 4, 6, 5, 17, 14, 5, 2, 5, 14, 17, 15, 20, 14, 16, 16, 6, 16, 17, 13, 13, 4, 15, 13, 19, 7, 9, 8, 14, 15, 16, 19, 16, 17, 5, 13, 13, 8, 6, 15, 3, 20, 19, 13, 8, 17, 15, 13, 15, 4, 2, 20, 18, 12, 1, 11, 7, 1, 4, 3, 2, 10, 13, 19, 10, 12, 9, 8, 18, 5, 10, 13, 19, 17, 15, 7, 14, 9, 10, 10, 7, 18, 19, 9, 8, 18, 1, 5, 3, 12, 20, 16, 7, 20, 2, 9, 18, 10, 19, 12, 11, 8, 10, 3, 19, 17, 8, 20, 5, 12, 10, 1, 5, 1, 7, 11, 7, 11, 11, 9, 10, 7, 12, 1, 11, 9, 12, 1, 2, 19, 18, 9, 10, 8, 9, 12, 1, 11, 12, 5, 1, 8, 11, 11, 9, 7, 1, 7, 18, 6, 11, 6, 12, 6]
bestever    2074    in generation 1504
[4, 6, 6, 2, 4, 16, 16, 4, 6, 18, 3, 20, 2, 2, 2, 19, 4, 14, 17, 5, 3, 4, 16, 6, 16, 18, 14, 3, 3, 15, 20, 2, 18, 20, 3, 20, 17, 3, 13, 14, 17, 4, 14, 8, 15, 15, 14, 4, 6, 5, 17, 14, 5, 2, 5, 14, 17, 15, 20, 14, 16, 16, 6, 16, 17, 13, 13, 4, 15, 13, 19, 9, 8, 14, 15, 16, 19, 16, 17, 5, 13, 13, 8, 1, 6, 15, 3, 20, 19, 13, 8, 17, 15, 13, 15, 4, 2, 20, 4, 3, 2, 10, 13, 7, 7, 18, 12, 1, 19, 10, 12, 9, 8, 18, 5, 10, 13, 19, 17, 15, 7, 14, 9, 10, 10, 7, 18, 19, 9, 8, 18, 1, 5, 3, 20, 16, 20, 2, 9, 10, 19, 18, 12, 11, 7, 12, 11, 8, 10, 3, 19, 17, 8, 20, 5, 12, 10, 1, 5, 1, 7, 11, 7, 11, 11, 9, 10, 7, 12, 1, 11, 9, 12, 1, 2, 19, 18, 9, 10, 8, 9, 12, 1, 11, 12, 5, 1, 8, 11, 11, 9, 7, 1, 7, 18, 6, 11, 6, 12, 6]
bestever    2063    in generation 1552
[4, 6, 6, 2, 4, 16, 16, 4, 6, 18, 3, 20, 2, 2, 2, 19, 4, 14, 17, 5, 3, 4, 16, 6, 16, 18, 14, 3, 3, 15, 20, 2, 18, 20, 3, 20, 17, 3, 13, 14, 17, 4, 14, 8, 15, 15, 14, 4, 6, 5, 17, 14, 5, 2, 5, 14, 17, 15, 20, 14, 16, 16, 6, 16, 17, 13, 13, 4, 15, 13, 19, 9, 8, 14, 15, 16, 19, 16, 17, 5, 13, 13, 8, 1, 6, 15, 3, 20, 19, 13, 8, 17, 15, 13, 15, 4, 2, 20, 4, 3, 2, 10, 13, 7, 7, 18, 12, 1, 19, 10, 12, 9, 8, 18, 5, 10, 13, 19, 17, 15, 7, 14, 9, 10, 10, 7, 18, 19, 9, 8, 18, 1, 5, 3, 20, 16, 20, 2, 9, 10, 19, 18, 12, 11, 7, 12, 11, 8, 10, 3, 19, 17, 8, 20, 5, 12, 10, 1, 5, 1, 18, 11, 7, 11, 11, 9, 10, 7, 12, 1, 11, 9, 12, 1, 2, 19, 18, 9, 10, 8, 9, 12, 1, 11, 12, 5, 1, 8, 11, 11, 9, 7, 1, 7, 7, 6, 11, 6, 12, 6]
bestever    2060    in generation 1602
[4, 6, 6, 2, 4, 16, 16, 4, 6, 18, 3, 20, 2, 2, 2, 19, 4, 14, 17, 5, 3, 4, 16, 6, 16, 2, 14, 3, 3, 15, 20, 2, 18, 20, 3, 20, 17, 3, 13, 14, 17, 4, 14, 8, 15, 15, 14, 4, 6, 5, 17, 14, 5, 2, 5, 14, 17, 15, 20, 14, 16, 16, 6, 16, 17, 13, 13, 4, 15, 3, 19, 9, 8, 14, 15, 16, 19, 16, 17, 5, 13, 13, 8, 1, 6, 15, 3, 20, 19, 13, 8, 17, 15, 13, 15, 4, 18, 20, 4, 3, 2, 10, 13, 7, 7, 18, 12, 1, 19, 10, 12, 9, 8, 18, 5, 10, 13, 19, 17, 15, 7, 14, 9, 10, 10, 7, 18, 19, 9, 8, 18, 1, 5, 13, 20, 16, 20, 2, 9, 10, 19, 18, 12, 11, 7, 12, 11, 8, 10, 3, 19, 17, 8, 20, 5, 12, 10, 1, 5, 1, 18, 11, 7, 11, 11, 9, 10, 7, 12, 1, 11, 9, 12, 1, 2, 19, 18, 9, 10, 8, 9, 12, 1, 11, 12, 5, 1, 8, 11, 11, 9, 7, 1, 7, 7, 6, 11, 6, 12, 6]
bestever    2059    in generation 1615
[4, 6, 6, 2, 4, 16, 16, 4, 6, 18, 3, 20, 2, 2, 2, 19, 4, 14, 17, 5, 3, 4, 16, 6, 16, 2, 14, 3, 3, 15, 20, 2, 18, 20, 3, 20, 17, 3, 13, 14, 17, 4, 14, 8, 15, 15, 14, 4, 6, 5, 17, 14, 5, 2, 5, 14, 17, 15, 20, 14, 16, 16, 6, 16, 17, 13, 13, 4, 15, 3, 19, 9, 8, 14, 15, 16, 19, 16, 17, 5, 13, 13, 8, 1, 6, 15, 3, 20, 19, 13, 8, 17, 15, 13, 15, 4, 18, 20, 4, 3, 2, 10, 13, 7, 7, 18, 12, 1, 19, 10, 12, 9, 8, 18, 5, 10, 13, 19, 17, 15, 7, 14, 9, 10, 10, 7, 18, 19, 9, 8, 18, 1, 5, 13, 20, 16, 20, 2, 10, 19, 18, 12, 11, 7, 8, 10, 3, 19, 17, 8, 20, 5, 12, 10, 5, 1, 18, 11, 7, 11, 11, 9, 10, 7, 12, 1, 11, 9, 12, 1, 11, 9, 12, 1, 2, 19, 18, 9, 10, 8, 9, 12, 1, 11, 12, 5, 1, 8, 11, 11, 9, 7, 1, 7, 7, 6, 11, 6, 12, 6]
bestever    1971    in generation 1616
[4, 6, 6, 2, 4, 16, 16, 4, 6, 4, 3, 20, 2, 2, 2, 19, 4, 14, 17, 5, 3, 4, 16, 6, 16, 2, 14, 3, 3, 15, 20, 2, 18, 20, 3, 20, 17, 3, 13, 14, 17, 4, 14, 8, 15, 15, 14, 4, 6, 5, 17, 14, 5, 2, 5, 14, 17, 15, 20, 14, 16, 16, 6, 16, 17, 13, 13, 4, 15, 3, 19, 9, 8, 14, 15, 16, 19, 16, 17, 5, 13, 13, 8, 1, 6, 15, 3, 20, 19, 13, 8, 17, 15, 13, 15, 4, 18, 20, 18, 3, 2, 10, 13, 7, 7, 18, 12, 1, 19, 10, 12, 9, 8, 18, 5, 10, 13, 19, 17, 15, 7, 14, 9, 10, 10, 7, 18, 19, 9, 8, 18, 1, 5, 13, 20, 16, 20, 2, 9, 10, 19, 18, 12, 11, 7, 12, 11, 8, 10, 3, 19, 17, 8, 20, 5, 12, 10, 1, 5, 1, 18, 11, 7, 11, 11, 9, 10, 7, 12, 1, 11, 9, 12, 1, 2, 19, 18, 9, 10, 8, 9, 12, 1, 11, 12, 5, 1, 8, 11, 11, 9, 7, 1, 7, 7, 6, 11, 6, 12, 6]
bestever    1970    in generation 1673
[4, 6, 6, 2, 4, 16, 16, 4, 6, 4, 3, 20, 2, 2, 2, 19, 4, 14, 17, 5, 3, 4, 16, 6, 16, 2, 14, 3, 3, 15, 20, 2, 18, 20, 3, 20, 17, 3, 13, 14, 17, 4, 14, 8, 15, 15, 14, 4, 6, 5, 17, 14, 5, 2, 5, 14, 17, 15, 20, 14, 16, 16, 6, 16, 17, 13, 13, 4, 15, 3, 19, 9, 8, 14, 15, 16, 19, 16, 17, 5, 13, 13, 8, 1, 6, 15, 3, 20, 19, 13, 8, 17, 10, 13, 15, 4, 18, 20, 18, 3, 2, 10, 13, 7, 7, 18, 12, 19, 15, 12, 9, 8, 18, 5, 10, 13, 19, 17, 15, 7, 14, 10, 10, 18, 19, 8, 18, 1, 5, 13, 20, 16, 20, 2, 9, 10, 19, 18, 7, 8, 3, 19, 17, 8, 20, 5, 12, 10, 1, 5, 1, 18, 11, 7, 11, 11, 9, 8, 7, 12, 1, 11, 9, 12, 11, 9, 10, 7, 12, 1, 11, 9, 12, 1, 2, 19, 18, 9, 10, 8, 9, 12, 1, 11, 12, 5, 1, 10, 11, 11, 9, 7, 1, 7, 7, 6, 11, 6, 12, 6]
bestever    1956    in generation 1678
[4, 6, 6, 2, 4, 16, 16, 4, 6, 4, 3, 20, 2, 2, 2, 19, 4, 14, 17, 5, 3, 4, 16, 6, 16, 2, 14, 3, 3, 15, 20, 2, 18, 20, 3, 20, 17, 3, 13, 14, 17, 4, 14, 8, 15, 15, 14, 4, 6, 5, 17, 14, 5, 2, 5, 14, 17, 15, 20, 14, 16, 16, 6, 16, 17, 13, 13, 4, 15, 3, 19, 9, 8, 14, 15, 16, 19, 16, 17, 5, 13, 13, 8, 1, 6, 15, 3, 20, 19, 13, 8, 17, 10, 13, 15, 4, 18, 20, 18, 3, 2, 10, 13, 7, 7, 18, 12, 19, 15, 12, 9, 8, 18, 5, 10, 13, 19, 17, 15, 7, 14, 10, 10, 18, 19, 8, 18, 1, 5, 13, 20, 16, 20, 2, 9, 10, 19, 18, 8, 3, 19, 17, 8, 12, 10, 11, 11, 9, 7, 12, 7, 9, 1, 20, 5, 12, 10, 1, 5, 1, 18, 11, 7, 11, 11, 9, 8, 7, 12, 1, 11, 9, 12, 1, 2, 19, 18, 9, 10, 8, 9, 12, 1, 11, 12, 5, 1, 10, 11, 11, 9, 7, 1, 7, 7, 6, 11, 6, 12, 6]
bestever    1950    in generation 1706
[4, 6, 6, 2, 4, 16, 16, 4, 6, 4, 3, 20, 2, 2, 2, 19, 4, 14, 17, 5, 3, 4, 16, 6, 16, 2, 14, 3, 3, 15, 20, 2, 18, 20, 3, 20, 17, 3, 13, 14, 17, 4, 14, 8, 15, 15, 14, 4, 6, 5, 17, 14, 5, 2, 5, 14, 17, 15, 20, 14, 16, 16, 6, 16, 17, 13, 13, 4, 15, 3, 19, 9, 8, 14, 15, 16, 19, 16, 17, 5, 13, 13, 8, 1, 6, 15, 3, 20, 19, 13, 8, 17, 10, 13, 15, 4, 18, 20, 18, 3, 2, 10, 13, 7, 7, 18, 12, 19, 15, 12, 9, 8, 18, 5, 10, 13, 19, 17, 15, 7, 14, 10, 10, 18, 19, 8, 18, 1, 5, 13, 20, 16, 20, 2, 9, 10, 19, 18, 8, 3, 19, 17, 8, 12, 10, 11, 11, 9, 7, 12, 7, 9, 1, 20, 5, 12, 10, 1, 5, 1, 18, 11, 11, 11, 9, 8, 7, 12, 1, 11, 9, 12, 1, 2, 19, 18, 9, 10, 8, 9, 12, 1, 11, 12, 5, 1, 10, 11, 11, 7, 9, 7, 1, 7, 7, 6, 11, 6, 12, 6]
bestever    1934    in generation 1775
[4, 6, 6, 2, 4, 16, 16, 4, 6, 4, 3, 20, 2, 2, 2, 19, 4, 14, 17, 5, 3, 4, 16, 6, 16, 2, 14, 3, 3, 15, 20, 2, 18, 20, 3, 20, 17, 3, 13, 14, 17, 4, 14, 8, 15, 15, 14, 4, 6, 5, 17, 14, 5, 2, 5, 14, 17, 15, 20, 14, 16, 16, 6, 16, 17, 13, 13, 4, 15, 3, 19, 9, 8, 14, 15, 16, 19, 16, 17, 5, 13, 13, 8, 1, 6, 15, 3, 20, 19, 13, 8, 17, 10, 13, 15, 4, 18, 20, 18, 3, 2, 10, 13, 7, 7, 18, 12, 19, 15, 12, 9, 8, 18, 5, 10, 13, 19, 17, 15, 7, 14, 10, 10, 18, 19, 8, 18, 1, 5, 13, 20, 16, 20, 2, 9, 10, 19, 18, 8, 3, 19, 17, 8, 12, 10, 11, 11, 9, 7, 12, 7, 9, 1, 20, 5, 12, 10, 1, 18, 1, 5, 11, 11, 11, 9, 8, 7, 12, 1, 11, 9, 12, 1, 2, 19, 18, 9, 10, 8, 9, 12, 1, 11, 12, 5, 1, 10, 11, 11, 7, 9, 7, 1, 7, 7, 6, 11, 6, 12, 6]
bestever    1933    in generation 1795
[4, 6, 6, 2, 4, 16, 16, 4, 6, 4, 3, 20, 2, 2, 2, 19, 4, 14, 17, 5, 3, 4, 16, 6, 16, 2, 14, 3, 3, 15, 20, 2, 18, 20, 3, 20, 17, 3, 13, 14, 17, 4, 14, 8, 15, 15, 14, 4, 6, 5, 17, 14, 5, 2, 5, 14, 17, 15, 20, 14, 16, 16, 6, 16, 17, 13, 13, 4, 15, 3, 19, 9, 8, 14, 15, 16, 19, 16, 17, 5, 13, 13, 8, 1, 6, 15, 3, 20, 19, 13, 8, 17, 10, 13, 15, 4, 18, 20, 18, 3, 2, 10, 13, 7, 7, 18, 3, 19, 15, 12, 9, 8, 18, 5, 10, 13, 19, 17, 15, 7, 14, 10, 10, 18, 19, 8, 18, 1, 5, 13, 20, 16, 20, 2, 9, 10, 19, 18, 8, 12, 19, 17, 8, 12, 10, 11, 11, 9, 7, 12, 7, 9, 1, 20, 5, 12, 10, 1, 18, 1, 5, 11, 11, 11, 9, 8, 7, 12, 1, 11, 9, 12, 1, 2, 19, 18, 9, 10, 8, 9, 12, 1, 11, 12, 5, 1, 10, 11, 11, 7, 9, 7, 1, 7, 7, 6, 11, 6, 12, 6]
bestever    1927    in generation 1820
[4, 6, 6, 2, 4, 16, 16, 4, 6, 4, 3, 20, 2, 2, 2, 19, 4, 14, 17, 5, 3, 4, 16, 6, 16, 2, 14, 3, 3, 15, 20, 2, 18, 20, 3, 20, 17, 3, 13, 14, 17, 4, 14, 8, 15, 15, 14, 4, 6, 5, 17, 14, 5, 2, 5, 14, 17, 15, 20, 14, 16, 16, 6, 16, 17, 13, 13, 4, 15, 3, 19, 9, 8, 14, 15, 16, 19, 16, 17, 5, 13, 13, 8, 1, 6, 15, 3, 20, 19, 13, 8, 17, 10, 13, 15, 4, 18, 20, 18, 3, 2, 10, 13, 7, 7, 18, 3, 19, 15, 12, 9, 8, 18, 5, 10, 13, 19, 17, 15, 14, 10, 10, 18, 19, 8, 18, 1, 5, 13, 20, 16, 20, 2, 9, 10, 19, 18, 8, 12, 19, 17, 8, 12, 10, 11, 11, 9, 7, 12, 7, 9, 1, 20, 5, 12, 10, 1, 18, 1, 5, 11, 11, 9, 8, 7, 12, 1, 9, 12, 1, 2, 19, 18, 9, 10, 8, 9, 12, 1, 11, 11, 11, 7, 12, 5, 1, 10, 11, 11, 7, 9, 7, 1, 7, 7, 6, 11, 6, 12, 6]
bestever    1917    in generation 1840
[4, 6, 6, 2, 4, 16, 16, 4, 6, 4, 3, 20, 2, 2, 2, 19, 4, 14, 17, 5, 3, 4, 16, 6, 16, 2, 14, 3, 3, 15, 20, 2, 18, 20, 3, 20, 17, 3, 13, 14, 17, 4, 14, 8, 15, 15, 14, 4, 6, 5, 17, 14, 5, 2, 5, 14, 17, 15, 20, 14, 16, 16, 6, 16, 17, 13, 13, 4, 15, 3, 19, 9, 8, 14, 15, 16, 19, 16, 17, 5, 13, 13, 8, 1, 6, 15, 3, 20, 19, 13, 10, 17, 10, 13, 15, 4, 18, 20, 18, 3, 2, 10, 13, 7, 7, 18, 3, 19, 15, 12, 9, 8, 18, 5, 8, 13, 19, 17, 15, 14, 10, 10, 18, 19, 8, 18, 1, 5, 13, 20, 16, 20, 2, 9, 10, 19, 18, 8, 12, 19, 17, 8, 12, 10, 11, 11, 9, 7, 12, 7, 9, 1, 20, 5, 12, 10, 1, 18, 1, 5, 11, 11, 9, 8, 7, 12, 1, 9, 12, 1, 2, 19, 18, 9, 10, 8, 9, 12, 1, 11, 11, 11, 7, 12, 5, 1, 10, 11, 11, 7, 9, 7, 1, 7, 7, 6, 11, 6, 12, 6]
bestever    1915    in generation 1930
[4, 6, 6, 2, 4, 16, 16, 4, 6, 4, 3, 20, 2, 2, 2, 19, 4, 14, 17, 5, 3, 4, 16, 6, 16, 2, 14, 3, 3, 15, 20, 2, 18, 20, 3, 20, 17, 3, 13, 14, 17, 4, 14, 8, 15, 15, 14, 5, 6, 5, 17, 14, 5, 2, 4, 14, 17, 15, 20, 14, 16, 16, 6, 16, 17, 13, 13, 4, 15, 3, 19, 9, 8, 14, 15, 16, 19, 16, 17, 5, 13, 13, 8, 1, 6, 15, 3, 20, 19, 13, 10, 17, 10, 13, 15, 4, 18, 20, 18, 3, 2, 10, 13, 7, 7, 18, 3, 19, 15, 12, 9, 8, 18, 5, 8, 11, 19, 17, 15, 14, 10, 10, 18, 19, 8, 18, 1, 5, 13, 20, 16, 20, 2, 9, 10, 19, 18, 8, 12, 19, 17, 8, 12, 10, 9, 7, 12, 7, 9, 1, 20, 5, 12, 1, 18, 1, 5, 11, 11, 9, 8, 7, 12, 1, 2, 19, 18, 10, 9, 12, 1, 11, 11, 9, 10, 8, 9, 12, 1, 13, 11, 11, 7, 12, 5, 1, 10, 11, 11, 7, 9, 7, 1, 7, 7, 6, 11, 6, 12, 6]
bestever    1899    in generation 2270
[4, 6, 6, 2, 4, 16, 16, 4, 6, 4, 3, 20, 2, 2, 2, 2, 4, 14, 17, 5, 3, 4, 16, 6, 16, 2, 14, 3, 3, 15, 20, 19, 18, 20, 3, 20, 17, 3, 13, 14, 17, 4, 14, 8, 15, 15, 14, 5, 6, 5, 17, 14, 5, 2, 4, 14, 17, 15, 20, 14, 16, 16, 6, 16, 17, 13, 13, 4, 15, 3, 19, 9, 8, 14, 15, 16, 19, 16, 17, 5, 13, 13, 8, 1, 6, 15, 3, 20, 19, 13, 10, 17, 10, 13, 15, 4, 18, 20, 18, 3, 2, 10, 13, 7, 7, 18, 3, 19, 15, 7, 12, 7, 12, 9, 8, 18, 5, 8, 11, 19, 17, 15, 14, 10, 10, 18, 19, 8, 18, 1, 5, 13, 20, 16, 20, 2, 9, 10, 19, 18, 8, 12, 19, 17, 8, 12, 10, 9, 9, 1, 20, 5, 12, 1, 18, 1, 5, 11, 11, 9, 8, 7, 12, 1, 2, 19, 18, 10, 9, 12, 1, 11, 11, 9, 10, 8, 9, 12, 1, 13, 11, 11, 7, 12, 5, 1, 10, 11, 11, 7, 9, 7, 1, 7, 7, 6, 11, 6, 12, 6]
bestever    1898    in generation 2294
[4, 6, 6, 2, 4, 16, 16, 4, 6, 3, 20, 2, 2, 2, 2, 4, 14, 17, 5, 3, 4, 16, 6, 16, 2, 14, 3, 3, 15, 20, 19, 18, 20, 3, 20, 17, 3, 13, 14, 17, 4, 14, 8, 15, 15, 14, 5, 6, 5, 17, 14, 5, 2, 4, 14, 17, 15, 20, 14, 16, 16, 6, 16, 17, 13, 13, 4, 15, 3, 19, 9, 8, 14, 15, 16, 19, 16, 17, 5, 13, 13, 8, 1, 6, 15, 3, 20, 19, 13, 10, 17, 10, 13, 15, 4, 18, 20, 18, 3, 2, 10, 13, 7, 18, 3, 19, 15, 12, 8, 18, 5, 8, 4, 19, 17, 15, 14, 10, 10, 18, 19, 8, 18, 5, 13, 12, 1, 11, 7, 20, 16, 20, 2, 9, 10, 19, 18, 8, 12, 19, 17, 12, 10, 9, 9, 1, 20, 5, 12, 1, 18, 1, 5, 11, 11, 9, 8, 7, 11, 9, 8, 7, 12, 1, 2, 19, 18, 10, 9, 12, 1, 11, 11, 9, 10, 8, 9, 12, 1, 13, 11, 7, 12, 5, 1, 10, 11, 11, 7, 9, 7, 7, 1, 7, 7, 6, 11, 6, 12, 6]
bestever    1896    in generation 2315
[4, 6, 6, 2, 4, 16, 16, 4, 6, 3, 20, 2, 2, 2, 2, 4, 14, 17, 5, 3, 4, 16, 6, 16, 2, 14, 3, 3, 15, 20, 19, 18, 20, 3, 20, 17, 3, 13, 14, 17, 4, 14, 8, 15, 15, 14, 5, 6, 5, 17, 14, 5, 2, 4, 14, 17, 15, 20, 14, 16, 16, 6, 16, 17, 13, 13, 4, 15, 3, 19, 9, 8, 14, 15, 16, 19, 16, 17, 5, 13, 13, 8, 1, 6, 15, 3, 20, 19, 13, 10, 17, 10, 13, 15, 4, 18, 20, 18, 3, 2, 10, 13, 7, 18, 3, 19, 15, 12, 8, 18, 5, 8, 4, 19, 17, 15, 14, 10, 10, 18, 19, 8, 18, 5, 13, 12, 1, 11, 7, 20, 16, 20, 2, 9, 10, 19, 18, 8, 12, 19, 17, 12, 10, 9, 9, 1, 20, 5, 12, 1, 18, 1, 5, 11, 11, 9, 8, 7, 11, 9, 8, 7, 12, 1, 2, 19, 18, 10, 9, 12, 1, 11, 11, 9, 10, 8, 9, 12, 1, 13, 11, 7, 7, 5, 1, 10, 11, 11, 7, 9, 7, 7, 1, 12, 7, 6, 11, 6, 12, 6]
bestever    1892    in generation 2375
[4, 6, 6, 2, 4, 6, 16, 4, 16, 3, 20, 2, 2, 2, 2, 4, 14, 17, 5, 3, 4, 16, 6, 16, 2, 14, 3, 3, 15, 20, 19, 18, 20, 3, 20, 17, 3, 13, 14, 17, 4, 14, 8, 15, 15, 14, 5, 6, 5, 17, 14, 5, 2, 4, 14, 17, 15, 20, 14, 16, 16, 6, 16, 17, 13, 13, 4, 15, 3, 19, 9, 8, 14, 15, 16, 19, 16, 17, 5, 13, 13, 8, 1, 6, 15, 3, 20, 19, 13, 10, 17, 10, 13, 15, 4, 18, 20, 18, 3, 2, 10, 13, 7, 18, 3, 19, 15, 12, 8, 18, 5, 8, 4, 19, 17, 15, 14, 10, 10, 18, 19, 8, 18, 5, 13, 12, 1, 20, 16, 20, 2, 9, 10, 19, 18, 8, 12, 19, 17, 12, 10, 9, 9, 1, 20, 5, 1, 12, 11, 7, 18, 1, 5, 11, 11, 9, 8, 7, 11, 9, 8, 7, 12, 1, 2, 19, 18, 10, 9, 12, 1, 11, 11, 9, 10, 8, 9, 12, 1, 13, 11, 7, 7, 5, 1, 10, 11, 11, 7, 9, 7, 7, 1, 12, 7, 6, 11, 6, 12, 6]
bestever    1891    in generation 2385
[4, 6, 6, 2, 4, 6, 16, 4, 16, 3, 20, 2, 2, 2, 2, 4, 14, 17, 5, 3, 4, 16, 6, 16, 2, 14, 3, 3, 15, 20, 19, 18, 20, 3, 20, 17, 3, 13, 14, 17, 4, 14, 8, 15, 15, 14, 5, 6, 5, 17, 14, 5, 2, 4, 14, 17, 15, 20, 14, 16, 16, 16, 17, 13, 13, 4, 15, 3, 19, 9, 8, 14, 15, 16, 19, 16, 17, 5, 13, 13, 8, 1, 6, 15, 3, 20, 19, 13, 10, 17, 10, 13, 15, 4, 18, 20, 18, 3, 2, 10, 13, 7, 18, 3, 19, 15, 12, 8, 18, 5, 8, 4, 19, 17, 15, 14, 10, 10, 18, 19, 8, 18, 5, 13, 12, 1, 20, 16, 20, 2, 9, 10, 19, 18, 8, 12, 19, 17, 12, 10, 9, 9, 1, 20, 5, 1, 12, 11, 7, 18, 1, 5, 11, 11, 9, 8, 7, 11, 9, 8, 7, 12, 1, 2, 19, 18, 10, 9, 12, 1, 11, 11, 9, 10, 8, 9, 1, 13, 11, 7, 7, 5, 1, 10, 11, 11, 7, 9, 7, 7, 1, 12, 6, 12, 7, 6, 11, 6, 12, 6]
bestever    1888    in generation 2477
[4, 6, 6, 2, 4, 6, 16, 4, 16, 3, 20, 2, 2, 2, 2, 4, 14, 17, 5, 3, 4, 16, 6, 16, 2, 14, 3, 3, 15, 20, 19, 18, 20, 3, 20, 17, 3, 13, 14, 17, 4, 14, 8, 15, 15, 14, 5, 6, 5, 17, 14, 5, 2, 4, 14, 17, 15, 20, 14, 16, 16, 16, 17, 13, 13, 4, 15, 3, 19, 9, 8, 14, 15, 16, 19, 16, 17, 5, 7, 13, 8, 1, 15, 3, 20, 19, 13, 10, 17, 10, 13, 15, 4, 18, 20, 18, 3, 2, 10, 13, 18, 3, 19, 15, 12, 8, 18, 5, 8, 4, 19, 17, 15, 14, 10, 10, 18, 19, 8, 18, 5, 13, 12, 1, 20, 16, 20, 2, 9, 10, 19, 18, 8, 12, 19, 17, 12, 9, 9, 1, 20, 5, 1, 12, 11, 18, 5, 9, 8, 7, 8, 7, 12, 2, 19, 1, 11, 11, 10, 9, 1, 11, 7, 13, 18, 10, 9, 1, 11, 11, 9, 10, 8, 9, 1, 13, 11, 7, 7, 5, 1, 10, 11, 11, 12, 6, 7, 9, 7, 7, 1, 12, 6, 12, 7, 6, 11, 6, 12, 6]
bestever    1881    in generation 2485
[4, 6, 6, 2, 4, 6, 16, 4, 16, 3, 20, 2, 2, 2, 2, 4, 14, 17, 5, 3, 4, 16, 6, 16, 2, 14, 3, 3, 15, 20, 19, 18, 20, 3, 20, 17, 3, 13, 14, 17, 4, 14, 8, 15, 15, 14, 5, 6, 5, 17, 14, 5, 20, 4, 14, 17, 15, 20, 14, 16, 16, 16, 17, 13, 13, 4, 15, 3, 19, 9, 8, 14, 15, 16, 19, 16, 17, 5, 7, 13, 8, 1, 15, 3, 20, 19, 13, 10, 17, 10, 13, 15, 4, 18, 20, 18, 3, 2, 10, 13, 18, 3, 19, 15, 12, 8, 18, 5, 8, 4, 19, 17, 15, 14, 10, 10, 18, 19, 8, 18, 5, 13, 12, 1, 20, 16, 2, 2, 9, 10, 19, 18, 8, 12, 19, 17, 12, 9, 9, 1, 20, 5, 1, 12, 11, 18, 5, 9, 8, 7, 8, 7, 12, 2, 19, 1, 11, 11, 10, 9, 1, 11, 7, 13, 18, 10, 9, 1, 11, 11, 9, 10, 8, 9, 1, 13, 11, 7, 7, 5, 1, 10, 11, 11, 12, 6, 7, 9, 7, 7, 1, 12, 6, 12, 7, 6, 11, 6, 12, 6]
bestever    1859    in generation 2551
[4, 6, 6, 2, 4, 6, 16, 4, 16, 3, 20, 2, 2, 2, 2, 4, 14, 17, 5, 3, 4, 16, 6, 16, 2, 14, 3, 3, 15, 20, 19, 18, 20, 3, 20, 17, 3, 13, 14, 17, 4, 14, 8, 15, 15, 14, 5, 6, 5, 17, 14, 5, 20, 4, 14, 17, 15, 20, 14, 16, 16, 16, 17, 13, 13, 4, 15, 3, 19, 9, 8, 14, 15, 16, 19, 16, 17, 5, 7, 13, 8, 1, 15, 3, 20, 19, 13, 10, 17, 10, 13, 15, 4, 18, 20, 18, 3, 2, 10, 13, 18, 9, 19, 15, 12, 8, 18, 5, 8, 4, 19, 17, 15, 14, 10, 10, 18, 19, 8, 18, 5, 13, 12, 1, 20, 16, 2, 2, 9, 10, 19, 18, 8, 12, 19, 17, 12, 9, 9, 1, 20, 5, 1, 12, 11, 18, 5, 9, 8, 7, 8, 7, 12, 2, 19, 1, 11, 11, 10, 9, 1, 11, 7, 13, 18, 10, 9, 1, 11, 11, 3, 10, 8, 9, 1, 13, 11, 7, 7, 5, 1, 10, 11, 11, 12, 6, 7, 9, 7, 7, 1, 12, 6, 12, 7, 6, 11, 6, 12, 6]
bestever    1772    in generation 2768
[4, 2, 4, 16, 4, 16, 3, 20, 2, 2, 2, 2, 4, 14, 17, 5, 3, 4, 2, 16, 16, 14, 3, 3, 15, 20, 19, 18, 20, 3, 20, 17, 3, 13, 14, 17, 4, 14, 8, 15, 15, 14, 5, 5, 17, 14, 5, 20, 4, 14, 17, 15, 20, 14, 16, 16, 16, 17, 13, 13, 4, 15, 3, 19, 9, 8, 14, 15, 16, 19, 16, 17, 5, 7, 13, 8, 1, 15, 3, 20, 19, 13, 10, 17, 10, 13, 15, 4, 18, 20, 18, 3, 2, 10, 13, 18, 9, 19, 15, 12, 8, 18, 5, 8, 4, 19, 17, 15, 14, 10, 10, 18, 19, 8, 18, 5, 13, 12, 1, 20, 16, 2, 2, 9, 10, 19, 18, 8, 12, 19, 17, 12, 9, 9, 1, 20, 5, 1, 11, 18, 5, 9, 8, 7, 8, 2, 19, 1, 11, 10, 9, 1, 11, 12, 6, 6, 7, 12, 6, 11, 7, 13, 18, 10, 9, 1, 11, 11, 3, 10, 8, 9, 1, 13, 11, 7, 7, 5, 1, 10, 11, 11, 6, 12, 6, 6, 7, 9, 7, 7, 1, 12, 6, 12, 7, 6, 11, 6, 12, 6]
bestever    1762    in generation 3012
[4, 2, 4, 16, 4, 16, 3, 20, 2, 2, 2, 2, 4, 14, 17, 5, 3, 4, 2, 16, 16, 14, 3, 3, 15, 20, 19, 18, 20, 3, 20, 17, 3, 13, 14, 17, 4, 14, 8, 5, 15, 14, 5, 15, 17, 14, 5, 20, 4, 14, 17, 15, 20, 14, 16, 16, 16, 17, 13, 13, 4, 15, 3, 19, 9, 8, 14, 15, 16, 19, 16, 17, 5, 13, 8, 1, 15, 3, 20, 19, 13, 10, 17, 10, 13, 15, 4, 18, 20, 18, 3, 2, 10, 13, 18, 9, 19, 15, 12, 8, 18, 5, 8, 4, 19, 17, 15, 14, 10, 10, 18, 19, 8, 18, 5, 13, 12, 1, 20, 16, 2, 2, 9, 10, 19, 18, 8, 12, 19, 17, 12, 9, 9, 1, 20, 5, 1, 11, 18, 5, 9, 8, 8, 2, 13, 19, 1, 11, 10, 9, 1, 11, 12, 6, 6, 7, 12, 11, 7, 18, 10, 11, 3, 10, 9, 11, 7, 7, 1, 8, 9, 1, 13, 11, 7, 7, 5, 1, 10, 11, 11, 6, 12, 6, 6, 6, 7, 9, 7, 7, 1, 12, 6, 12, 7, 6, 11, 6, 12, 6]
bestever    1753    in generation 4023
[16, 2, 4, 16, 2, 16, 3, 20, 4, 2, 2, 2, 4, 14, 17, 5, 3, 4, 2, 16, 16, 14, 3, 3, 15, 20, 19, 18, 20, 3, 20, 17, 3, 13, 14, 4, 17, 4, 14, 8, 5, 15, 14, 5, 15, 17, 14, 5, 20, 4, 14, 17, 15, 20, 14, 16, 13, 16, 17, 13, 4, 15, 3, 19, 9, 8, 14, 15, 16, 19, 16, 17, 5, 13, 8, 1, 15, 3, 20, 19, 13, 10, 17, 10, 13, 15, 4, 18, 20, 18, 3, 2, 10, 13, 18, 19, 9, 12, 8, 18, 5, 6, 8, 4, 19, 17, 15, 14, 10, 10, 18, 19, 8, 18, 5, 13, 12, 11, 20, 16, 2, 2, 15, 10, 19, 12, 19, 7, 17, 12, 9, 9, 1, 20, 1, 11, 18, 6, 5, 9, 8, 18, 5, 9, 8, 8, 2, 13, 19, 1, 10, 12, 7, 12, 18, 10, 11, 3, 10, 1, 1, 9, 1, 9, 11, 7, 7, 1, 8, 9, 1, 5, 11, 7, 11, 7, 13, 11, 10, 11, 11, 6, 6, 6, 12, 6, 7, 7, 9, 7, 1, 12, 6, 12, 7, 6, 11, 6, 12, 6]
bestever    1745    in generation 4166
[16, 2, 4, 16, 2, 16, 3, 20, 4, 2, 2, 2, 4, 14, 17, 5, 3, 4, 2, 16, 16, 14, 3, 3, 15, 20, 19, 18, 20, 3, 20, 17, 3, 13, 14, 4, 17, 4, 14, 8, 5, 15, 14, 5, 15, 17, 14, 5, 20, 4, 14, 17, 15, 20, 14, 16, 13, 16, 17, 13, 4, 15, 3, 19, 9, 8, 14, 15, 16, 19, 16, 17, 5, 13, 8, 1, 15, 3, 20, 19, 13, 10, 17, 10, 13, 15, 4, 18, 20, 18, 3, 2, 10, 13, 18, 19, 9, 12, 8, 18, 5, 6, 8, 4, 19, 17, 15, 14, 10, 10, 18, 19, 8, 18, 5, 13, 12, 11, 20, 16, 2, 2, 15, 10, 19, 12, 19, 7, 17, 12, 9, 9, 1, 20, 1, 11, 18, 5, 9, 8, 18, 5, 9, 8, 8, 2, 13, 19, 1, 10, 12, 7, 18, 10, 12, 6, 11, 3, 10, 1, 1, 9, 1, 9, 11, 7, 7, 1, 8, 9, 1, 5, 11, 7, 11, 7, 13, 11, 10, 11, 11, 6, 6, 6, 12, 6, 7, 12, 12, 9, 1, 7, 7, 11, 6, 6, 6, 12, 6, 7]
bestever    1743    in generation 4217
[16, 2, 4, 16, 2, 16, 3, 20, 4, 2, 2, 2, 4, 14, 17, 5, 3, 4, 2, 16, 16, 14, 3, 3, 15, 20, 19, 18, 20, 3, 20, 17, 3, 13, 14, 4, 17, 4, 14, 8, 5, 15, 14, 5, 15, 17, 14, 5, 20, 4, 14, 17, 15, 20, 14, 16, 13, 16, 17, 13, 4, 15, 3, 19, 9, 8, 14, 15, 16, 19, 16, 17, 5, 13, 8, 1, 15, 3, 20, 19, 13, 10, 17, 10, 13, 15, 4, 18, 20, 18, 3, 2, 10, 13, 18, 19, 9, 12, 8, 18, 5, 8, 4, 19, 17, 15, 14, 10, 10, 18, 19, 8, 18, 5, 13, 12, 11, 20, 16, 2, 2, 15, 10, 19, 12, 19, 7, 17, 12, 9, 9, 1, 20, 1, 11, 18, 5, 9, 8, 18, 5, 9, 8, 8, 2, 13, 19, 1, 10, 12, 7, 18, 10, 11, 3, 10, 1, 1, 9, 1, 9, 11, 7, 7, 1, 8, 9, 1, 5, 11, 7, 11, 13, 11, 10, 11, 11, 6, 6, 6, 6, 12, 7, 6, 12, 6, 7, 12, 12, 9, 1, 7, 7, 11, 6, 6, 6, 12, 6, 7]
bestever    1739    in generation 4260
[16, 2, 4, 16, 2, 16, 3, 20, 4, 2, 2, 2, 4, 14, 17, 5, 3, 4, 2, 16, 16, 14, 3, 3, 15, 20, 19, 18, 20, 3, 20, 17, 3, 13, 14, 4, 17, 4, 14, 8, 5, 15, 14, 5, 15, 17, 14, 5, 20, 4, 14, 17, 15, 20, 14, 16, 13, 16, 17, 13, 4, 15, 3, 19, 9, 8, 14, 15, 16, 19, 16, 17, 5, 13, 8, 1, 15, 3, 20, 19, 13, 10, 17, 10, 13, 15, 4, 18, 20, 18, 3, 2, 10, 13, 18, 19, 9, 2, 8, 18, 5, 8, 4, 19, 17, 15, 14, 10, 10, 18, 19, 8, 18, 5, 13, 12, 11, 20, 16, 2, 12, 15, 10, 19, 12, 19, 7, 17, 12, 9, 9, 1, 20, 1, 11, 18, 5, 9, 8, 18, 5, 9, 8, 8, 2, 13, 19, 1, 10, 12, 7, 18, 10, 11, 3, 10, 1, 1, 9, 1, 9, 11, 7, 7, 1, 8, 9, 1, 5, 11, 7, 11, 13, 11, 10, 11, 11, 6, 6, 6, 6, 12, 7, 6, 12, 6, 7, 12, 12, 9, 1, 7, 7, 11, 6, 6, 6, 12, 6, 7]
bestever    1738    in generation 4390
[16, 2, 4, 16, 2, 14, 3, 20, 4, 2, 2, 2, 4, 14, 17, 5, 3, 4, 2, 16, 16, 14, 3, 3, 15, 20, 19, 18, 20, 3, 20, 17, 3, 13, 14, 4, 17, 4, 14, 8, 5, 15, 10, 5, 15, 17, 14, 5, 20, 4, 14, 17, 15, 20, 16, 16, 13, 16, 17, 13, 4, 15, 3, 19, 9, 8, 14, 15, 16, 19, 16, 17, 5, 13, 8, 1, 15, 3, 20, 19, 13, 10, 17, 10, 13, 15, 4, 18, 20, 18, 3, 2, 14, 13, 18, 19, 9, 2, 8, 18, 5, 8, 4, 19, 17, 15, 14, 10, 10, 18, 19, 8, 18, 5, 13, 12, 11, 20, 16, 2, 12, 15, 10, 19, 12, 19, 7, 17, 12, 9, 9, 1, 20, 1, 11, 18, 5, 9, 8, 18, 5, 9, 8, 8, 2, 13, 19, 1, 10, 12, 7, 18, 10, 11, 3, 10, 1, 1, 9, 1, 9, 11, 7, 7, 1, 8, 9, 1, 5, 11, 7, 11, 13, 11, 10, 11, 11, 6, 6, 6, 6, 12, 7, 6, 12, 6, 7, 12, 12, 9, 1, 7, 7, 11, 6, 6, 6, 12, 6, 7]
bestever    1734    in generation 4539
[16, 2, 4, 16, 2, 14, 3, 20, 4, 2, 2, 2, 4, 14, 17, 5, 3, 4, 2, 16, 16, 14, 3, 3, 15, 20, 19, 18, 20, 3, 20, 17, 3, 13, 14, 4, 17, 4, 14, 8, 5, 15, 10, 5, 15, 17, 14, 5, 20, 4, 14, 17, 15, 20, 16, 16, 13, 16, 17, 13, 4, 15, 3, 19, 9, 8, 14, 15, 16, 19, 16, 17, 5, 13, 8, 1, 15, 3, 5, 20, 19, 13, 10, 17, 10, 13, 15, 4, 18, 20, 18, 3, 2, 14, 13, 18, 19, 9, 2, 8, 18, 5, 8, 4, 19, 17, 15, 14, 10, 10, 18, 19, 8, 18, 5, 13, 12, 11, 20, 16, 2, 12, 15, 10, 19, 12, 19, 7, 17, 12, 9, 9, 1, 20, 1, 11, 18, 5, 9, 8, 18, 9, 8, 8, 2, 13, 19, 1, 10, 12, 18, 10, 11, 3, 10, 1, 1, 7, 9, 1, 9, 11, 7, 7, 1, 8, 9, 1, 5, 11, 7, 11, 13, 11, 10, 11, 11, 6, 6, 6, 6, 12, 7, 6, 12, 6, 7, 12, 12, 9, 1, 7, 7, 11, 6, 6, 6, 12, 6, 7]
bestever    1732    in generation 4565
[16, 2, 4, 16, 2, 14, 3, 20, 4, 2, 2, 2, 4, 14, 17, 5, 3, 4, 2, 16, 16, 14, 3, 3, 15, 20, 19, 18, 20, 3, 20, 17, 3, 13, 14, 4, 17, 4, 14, 8, 5, 15, 10, 5, 15, 11, 14, 5, 20, 4, 14, 17, 15, 20, 16, 16, 13, 16, 17, 13, 4, 15, 3, 19, 9, 8, 14, 15, 16, 19, 16, 17, 5, 13, 8, 1, 15, 3, 5, 20, 19, 13, 10, 17, 10, 13, 15, 4, 18, 20, 18, 3, 2, 14, 13, 18, 19, 9, 2, 8, 18, 5, 8, 4, 19, 17, 15, 14, 10, 10, 18, 19, 8, 18, 5, 13, 12, 11, 20, 16, 2, 12, 15, 10, 19, 12, 19, 7, 17, 12, 9, 9, 1, 20, 1, 11, 18, 5, 9, 8, 18, 9, 8, 8, 2, 13, 19, 1, 10, 12, 18, 10, 11, 3, 10, 1, 1, 7, 9, 1, 9, 11, 7, 7, 1, 8, 9, 1, 5, 11, 7, 11, 13, 17, 10, 11, 11, 6, 6, 6, 6, 12, 7, 6, 12, 6, 7, 12, 12, 9, 1, 7, 7, 11, 6, 6, 6, 12, 6, 7]
bestever    1731    in generation 4647
[16, 2, 4, 16, 2, 14, 3, 20, 4, 2, 2, 2, 4, 14, 17, 5, 3, 4, 2, 16, 16, 14, 3, 3, 15, 20, 19, 18, 20, 3, 20, 17, 3, 13, 14, 4, 17, 4, 14, 8, 5, 15, 10, 5, 15, 11, 14, 5, 20, 4, 14, 17, 15, 20, 16, 16, 13, 16, 17, 13, 4, 15, 3, 19, 9, 8, 14, 15, 16, 19, 16, 17, 5, 13, 8, 1, 15, 3, 5, 20, 19, 13, 10, 17, 18, 13, 15, 4, 18, 20, 10, 3, 2, 14, 13, 18, 19, 9, 2, 8, 18, 5, 8, 4, 19, 17, 15, 14, 10, 10, 18, 19, 8, 18, 5, 13, 12, 11, 20, 16, 2, 12, 15, 10, 19, 12, 19, 7, 17, 12, 9, 9, 1, 20, 1, 11, 18, 5, 9, 8, 18, 9, 8, 8, 2, 13, 19, 1, 10, 12, 18, 10, 11, 3, 10, 1, 1, 7, 9, 1, 9, 11, 7, 7, 1, 8, 9, 1, 5, 11, 7, 11, 13, 17, 10, 11, 11, 6, 6, 6, 6, 12, 7, 6, 12, 6, 7, 12, 12, 9, 1, 7, 7, 11, 6, 6, 6, 12, 6, 7]
bestever    1730    in generation 4669
[16, 2, 4, 16, 2, 14, 3, 20, 4, 2, 2, 2, 4, 14, 17, 5, 3, 4, 2, 16, 16, 14, 3, 3, 15, 20, 19, 18, 20, 3, 20, 17, 3, 13, 14, 4, 17, 4, 14, 8, 5, 15, 10, 5, 15, 11, 14, 5, 20, 4, 14, 17, 15, 20, 16, 16, 13, 16, 17, 13, 4, 15, 3, 19, 9, 8, 14, 15, 16, 19, 16, 17, 5, 13, 8, 1, 15, 3, 5, 20, 19, 13, 10, 17, 18, 13, 15, 4, 18, 20, 10, 3, 2, 14, 13, 18, 19, 9, 2, 8, 18, 5, 8, 4, 19, 17, 15, 14, 10, 10, 18, 19, 8, 18, 5, 13, 12, 11, 20, 16, 2, 12, 15, 10, 19, 12, 19, 7, 17, 12, 9, 9, 1, 20, 1, 11, 18, 9, 9, 8, 18, 5, 8, 8, 2, 13, 19, 1, 10, 12, 18, 10, 11, 3, 10, 1, 1, 7, 9, 1, 9, 11, 7, 7, 1, 8, 9, 1, 5, 11, 7, 11, 13, 17, 10, 11, 11, 6, 6, 6, 6, 12, 7, 6, 12, 6, 7, 12, 12, 9, 1, 7, 7, 11, 6, 6, 6, 12, 6, 7]
bestever    1728    in generation 4688
[16, 2, 4, 16, 2, 14, 3, 20, 4, 2, 2, 2, 4, 14, 17, 5, 3, 4, 2, 16, 16, 14, 3, 3, 15, 20, 19, 18, 20, 3, 20, 17, 3, 13, 11, 4, 17, 4, 14, 8, 5, 15, 10, 5, 15, 14, 14, 5, 20, 4, 14, 17, 15, 20, 16, 16, 13, 16, 17, 13, 4, 15, 3, 19, 9, 8, 14, 15, 16, 19, 16, 17, 5, 13, 8, 1, 15, 3, 5, 20, 19, 13, 10, 17, 18, 13, 15, 4, 18, 20, 10, 3, 2, 14, 13, 18, 19, 9, 2, 8, 18, 5, 8, 4, 19, 17, 15, 14, 10, 10, 18, 19, 8, 18, 5, 13, 12, 20, 16, 2, 12, 15, 10, 19, 12, 19, 17, 12, 9, 9, 1, 20, 1, 11, 18, 9, 9, 8, 18, 5, 8, 8, 2, 13, 19, 1, 10, 12, 18, 10, 11, 3, 10, 1, 1, 7, 9, 1, 9, 11, 7, 7, 1, 8, 9, 1, 11, 7, 5, 11, 7, 11, 13, 17, 10, 11, 11, 6, 6, 6, 6, 12, 7, 6, 12, 6, 7, 12, 12, 9, 1, 7, 7, 11, 6, 6, 6, 12, 6, 7]
bestever    1726    in generation 4841
[16, 2, 4, 16, 2, 14, 3, 20, 2, 4, 2, 2, 2, 4, 14, 17, 5, 3, 4, 2, 16, 16, 14, 3, 3, 15, 20, 19, 18, 20, 3, 20, 17, 3, 13, 11, 4, 17, 4, 14, 8, 5, 15, 10, 5, 16, 14, 14, 5, 20, 4, 14, 17, 15, 20, 15, 16, 13, 16, 17, 13, 4, 15, 3, 19, 9, 8, 14, 15, 16, 19, 16, 17, 5, 13, 8, 1, 15, 3, 5, 20, 19, 13, 10, 17, 18, 13, 15, 4, 18, 20, 10, 3, 14, 13, 18, 19, 9, 2, 8, 18, 5, 8, 4, 19, 17, 15, 14, 10, 10, 18, 12, 19, 8, 18, 5, 13, 12, 11, 20, 16, 2, 9, 15, 10, 19, 12, 19, 7, 17, 12, 9, 1, 20, 1, 11, 18, 9, 9, 8, 18, 5, 8, 8, 2, 13, 19, 1, 10, 12, 18, 10, 11, 3, 10, 1, 1, 7, 9, 1, 9, 11, 7, 7, 1, 8, 9, 1, 5, 11, 11, 13, 17, 10, 11, 11, 6, 6, 6, 6, 7, 12, 7, 6, 12, 6, 7, 12, 12, 9, 1, 7, 7, 11, 6, 6, 6, 12, 6, 7]
bestever    1719    in generation 4991
[16, 2, 4, 16, 2, 14, 3, 20, 2, 4, 2, 2, 2, 4, 14, 17, 5, 3, 4, 2, 16, 16, 14, 3, 3, 15, 20, 19, 4, 20, 3, 20, 17, 3, 13, 11, 4, 17, 4, 14, 8, 5, 15, 10, 5, 16, 14, 14, 5, 20, 4, 14, 17, 15, 20, 15, 16, 13, 16, 17, 13, 18, 15, 3, 19, 9, 8, 14, 15, 16, 19, 16, 17, 5, 13, 8, 1, 15, 3, 5, 20, 19, 13, 10, 17, 18, 13, 15, 4, 18, 20, 10, 3, 14, 13, 18, 19, 9, 2, 8, 18, 5, 8, 4, 19, 17, 15, 14, 10, 10, 18, 12, 19, 8, 18, 5, 13, 12, 11, 20, 16, 2, 9, 15, 10, 19, 12, 19, 7, 17, 12, 9, 1, 20, 1, 11, 18, 9, 9, 8, 18, 5, 8, 8, 2, 13, 19, 1, 10, 12, 18, 10, 11, 3, 10, 1, 1, 7, 9, 1, 9, 11, 7, 7, 1, 8, 9, 1, 5, 11, 11, 13, 17, 10, 11, 11, 6, 6, 6, 6, 7, 12, 7, 6, 12, 6, 7, 12, 12, 9, 1, 7, 7, 11, 6, 6, 6, 12, 6, 7]
bestever    1715    in generation 5430
[16, 2, 14, 4, 16, 2, 14, 3, 20, 2, 4, 2, 2, 2, 4, 14, 17, 5, 3, 4, 2, 16, 16, 14, 3, 3, 15, 20, 19, 16, 4, 20, 3, 20, 17, 3, 13, 11, 4, 17, 4, 8, 5, 15, 10, 5, 16, 14, 14, 5, 20, 4, 14, 17, 15, 20, 15, 16, 13, 16, 17, 13, 18, 15, 3, 19, 9, 8, 14, 15, 19, 16, 17, 5, 13, 8, 1, 15, 3, 5, 20, 19, 13, 10, 17, 18, 13, 5, 15, 4, 18, 20, 10, 3, 14, 13, 18, 19, 9, 2, 8, 18, 5, 8, 4, 19, 17, 15, 14, 10, 10, 18, 12, 19, 8, 18, 13, 12, 11, 20, 16, 2, 9, 15, 10, 19, 12, 19, 7, 17, 12, 9, 1, 20, 1, 11, 18, 9, 9, 8, 18, 5, 8, 8, 2, 13, 19, 1, 10, 12, 18, 10, 11, 3, 10, 1, 1, 7, 9, 1, 9, 11, 6, 7, 1, 8, 9, 1, 5, 11, 11, 13, 17, 10, 11, 11, 6, 6, 6, 6, 7, 12, 7, 6, 12, 6, 7, 12, 12, 9, 1, 7, 7, 11, 6, 6, 7, 12, 6, 7]
bestever    1713    in generation 5440
[16, 2, 14, 4, 16, 2, 14, 3, 20, 2, 4, 2, 2, 2, 4, 14, 17, 5, 3, 4, 2, 4, 16, 14, 3, 3, 15, 20, 19, 16, 4, 20, 3, 20, 17, 3, 13, 11, 16, 17, 4, 8, 5, 15, 10, 5, 16, 14, 14, 5, 20, 4, 14, 17, 15, 20, 15, 16, 13, 16, 17, 13, 18, 15, 3, 19, 9, 8, 14, 15, 19, 16, 17, 5, 13, 8, 1, 15, 3, 5, 20, 19, 13, 10, 17, 18, 13, 5, 15, 4, 18, 20, 10, 3, 14, 13, 18, 19, 9, 2, 8, 18, 5, 8, 4, 19, 17, 15, 14, 10, 10, 18, 12, 19, 8, 18, 13, 12, 11, 20, 16, 2, 9, 15, 10, 19, 12, 19, 7, 17, 12, 9, 1, 20, 1, 11, 18, 9, 9, 8, 18, 5, 8, 8, 2, 13, 19, 1, 10, 12, 18, 10, 11, 3, 10, 1, 1, 7, 9, 1, 9, 11, 6, 7, 1, 8, 9, 1, 5, 11, 11, 13, 17, 10, 11, 11, 6, 6, 6, 6, 7, 12, 7, 6, 12, 6, 7, 12, 12, 9, 1, 7, 7, 11, 6, 6, 7, 12, 6, 7]
bestever    1709    in generation 5470
[16, 2, 14, 4, 16, 2, 14, 3, 20, 2, 4, 2, 2, 2, 4, 14, 17, 5, 3, 4, 2, 4, 16, 14, 3, 3, 15, 20, 19, 16, 4, 20, 3, 20, 17, 3, 13, 11, 16, 17, 4, 8, 5, 15, 10, 5, 16, 14, 14, 5, 20, 4, 14, 17, 15, 20, 15, 16, 13, 16, 17, 13, 18, 15, 3, 19, 9, 8, 14, 15, 19, 16, 17, 5, 13, 8, 1, 15, 3, 5, 20, 19, 13, 10, 17, 18, 13, 5, 15, 4, 18, 20, 10, 3, 14, 13, 18, 19, 9, 2, 8, 18, 5, 8, 4, 19, 17, 15, 14, 10, 10, 18, 12, 19, 8, 18, 13, 12, 20, 16, 2, 9, 15, 10, 19, 12, 19, 7, 17, 5, 9, 1, 20, 1, 11, 18, 9, 9, 8, 18, 12, 8, 8, 2, 13, 19, 1, 10, 12, 18, 10, 11, 3, 10, 1, 1, 7, 9, 11, 6, 7, 9, 1, 11, 1, 8, 9, 1, 5, 11, 11, 13, 17, 10, 11, 11, 6, 6, 6, 6, 7, 12, 7, 6, 12, 6, 7, 12, 12, 9, 1, 7, 7, 11, 6, 6, 7, 12, 6, 7]
