bestever    3272    in generation 0
[12, 15, 10, 16, 2, 16, 7, 2, 6, 12, 11, 13, 3, 3, 14, 14, 7, 15, 14, 16, 2, 3, 20, 7, 15, 9, 20, 13, 16, 18, 15, 4, 5, 5, 8, 14, 3, 2, 18, 12, 18, 17, 19, 6, 14, 5, 16, 11, 2, 9, 12, 11, 9, 4, 11, 3, 6, 6, 17, 10, 2, 9, 1, 10, 11, 9, 17, 9, 4, 4, 6, 6, 14, 14, 1, 7, 20, 9, 18, 4, 20, 10, 17, 17, 19, 18, 17, 5, 18, 9, 10, 13, 19, 16, 12, 8, 6, 4, 12, 5, 14, 18, 16, 13, 1, 12, 20, 16, 8, 16, 1, 15, 6, 12, 9, 14, 19, 11, 7, 2, 15, 12, 8, 10, 3, 17, 16, 11, 13, 19, 3, 20, 18, 11, 10, 11, 13, 9, 20, 1, 11, 17, 8, 19, 5, 8, 1, 7, 4, 13, 14, 15, 8, 2, 20, 15, 8, 2, 18, 3, 8, 1, 12, 19, 19, 19, 5, 20, 20, 10, 19, 7, 15, 6, 5, 4, 15, 5, 10, 18, 17, 13, 17, 5, 8, 7, 2, 7, 13, 3, 10, 1, 4, 13, 4, 1, 1, 7, 6, 3]
bestever    3186    in generation 2
[12, 15, 10, 16, 2, 16, 7, 2, 6, 12, 11, 13, 3, 3, 14, 14, 7, 15, 14, 16, 2, 18, 20, 7, 15, 9, 20, 13, 16, 18, 15, 4, 5, 5, 8, 14, 3, 2, 18, 12, 18, 17, 19, 6, 14, 5, 16, 11, 2, 9, 12, 11, 9, 4, 11, 3, 6, 6, 17, 10, 2, 9, 1, 10, 11, 9, 17, 9, 4, 4, 6, 6, 14, 14, 1, 7, 20, 9, 18, 4, 20, 10, 17, 17, 19, 18, 17, 5, 18, 9, 10, 13, 19, 16, 12, 8, 6, 4, 12, 5, 14, 18, 16, 13, 1, 12, 20, 16, 8, 16, 1, 15, 6, 12, 9, 14, 19, 11, 7, 2, 15, 12, 8, 10, 3, 17, 16, 11, 13, 19, 3, 20, 18, 11, 10, 11, 13, 9, 20, 1, 11, 17, 8, 19, 5, 8, 1, 7, 4, 13, 14, 15, 8, 2, 20, 15, 8, 2, 18, 3, 8, 1, 12, 19, 19, 19, 5, 20, 20, 10, 19, 7, 15, 6, 5, 4, 15, 5, 10, 3, 17, 13, 17, 5, 8, 7, 2, 7, 13, 3, 10, 1, 4, 13, 4, 1, 1, 7, 6, 3]
bestever    3055    in generation 3
[12, 15, 10, 16, 2, 16, 7, 2, 6, 12, 11, 13, 3, 3, 14, 14, 7, 15, 14, 16, 2, 18, 20, 7, 15, 9, 20, 13, 16, 18, 15, 4, 5, 5, 8, 14, 3, 2, 18, 12, 18, 17, 19, 6, 14, 5, 16, 11, 2, 9, 12, 11, 9, 4, 11, 3, 6, 6, 17, 10, 2, 9, 1, 10, 11, 9, 17, 9, 4, 4, 6, 6, 14, 14, 1, 7, 20, 9, 18, 4, 20, 10, 17, 17, 19, 18, 17, 5, 18, 9, 10, 13, 19, 16, 12, 8, 6, 4, 12, 20, 14, 18, 16, 13, 1, 12, 20, 16, 8, 16, 1, 15, 6, 12, 9, 14, 19, 11, 7, 2, 15, 12, 8, 10, 3, 17, 16, 11, 13, 19, 3, 20, 18, 11, 10, 11, 13, 9, 20, 1, 11, 17, 8, 19, 5, 8, 1, 7, 4, 13, 14, 15, 8, 2, 20, 15, 8, 2, 18, 3, 8, 1, 12, 19, 19, 19, 5, 20, 5, 10, 19, 7, 15, 6, 5, 4, 15, 5, 10, 3, 17, 13, 17, 5, 8, 7, 2, 7, 13, 3, 10, 1, 4, 13, 4, 1, 1, 7, 6, 3]
bestever    3032    in generation 4
[12, 15, 10, 16, 2, 16, 7, 2, 6, 12, 11, 13, 3, 3, 14, 14, 7, 15, 14, 16, 2, 18, 20, 7, 15, 9, 20, 13, 16, 18, 15, 4, 5, 5, 8, 14, 3, 2, 18, 12, 18, 17, 19, 6, 14, 5, 16, 11, 2, 9, 12, 11, 9, 4, 11, 3, 6, 6, 17, 10, 2, 9, 1, 10, 11, 9, 17, 9, 4, 4, 6, 6, 14, 14, 1, 4, 20, 9, 18, 4, 20, 10, 17, 17, 19, 18, 17, 5, 18, 9, 10, 13, 19, 16, 12, 8, 6, 4, 12, 20, 14, 18, 16, 13, 1, 12, 20, 16, 8, 16, 1, 15, 6, 12, 9, 14, 19, 11, 7, 2, 15, 12, 8, 10, 3, 17, 16, 11, 13, 19, 3, 20, 18, 11, 10, 11, 13, 9, 20, 1, 11, 17, 8, 19, 5, 8, 1, 7, 4, 13, 14, 15, 8, 2, 20, 15, 8, 2, 18, 3, 8, 1, 12, 19, 19, 19, 5, 20, 5, 10, 19, 7, 15, 6, 5, 7, 15, 5, 10, 3, 17, 13, 17, 5, 8, 7, 2, 7, 13, 3, 10, 1, 4, 13, 4, 1, 1, 7, 6, 3]
bestever    3005    in generation 9
[12, 15, 10, 16, 2, 16, 7, 2, 6, 12, 11, 13, 3, 3, 14, 14, 7, 15, 14, 16, 2, 18, 20, 7, 15, 9, 20, 13, 16, 18, 15, 4, 5, 4, 8, 14, 3, 2, 18, 12, 18, 17, 19, 6, 14, 5, 16, 11, 2, 9, 12, 11, 9, 4, 11, 3, 6, 6, 17, 10, 2, 9, 1, 10, 11, 9, 17, 9, 4, 4, 6, 6, 14, 14, 1, 4, 20, 9, 18, 4, 20, 10, 17, 17, 19, 18, 17, 5, 18, 9, 10, 13, 19, 16, 12, 8, 6, 5, 12, 20, 14, 18, 16, 13, 1, 12, 20, 16, 8, 16, 1, 15, 6, 12, 9, 14, 19, 11, 7, 2, 15, 12, 8, 10, 3, 17, 16, 11, 13, 19, 3, 20, 18, 11, 10, 11, 13, 9, 20, 1, 11, 17, 8, 19, 5, 8, 1, 7, 4, 13, 14, 15, 8, 2, 20, 15, 8, 2, 18, 3, 8, 1, 12, 19, 19, 19, 5, 20, 5, 10, 19, 7, 15, 6, 5, 7, 15, 5, 10, 3, 17, 13, 17, 5, 8, 7, 2, 7, 13, 3, 10, 1, 4, 13, 4, 1, 1, 7, 6, 3]
bestever    2974    in generation 10
[12, 15, 10, 16, 2, 16, 7, 2, 6, 12, 11, 13, 3, 3, 14, 14, 7, 15, 14, 16, 2, 18, 20, 7, 15, 9, 20, 13, 16, 18, 15, 4, 5, 5, 8, 14, 3, 2, 18, 12, 18, 17, 19, 6, 14, 5, 16, 11, 2, 9, 12, 11, 9, 4, 11, 3, 6, 6, 17, 1, 2, 9, 1, 10, 11, 9, 17, 9, 4, 4, 6, 6, 14, 14, 1, 4, 20, 9, 18, 4, 20, 10, 17, 17, 19, 18, 17, 5, 18, 9, 10, 13, 19, 16, 12, 8, 6, 4, 12, 20, 14, 18, 16, 13, 1, 12, 20, 16, 8, 16, 10, 15, 6, 12, 9, 14, 19, 11, 7, 2, 15, 12, 8, 10, 3, 17, 16, 11, 13, 19, 3, 20, 18, 11, 10, 11, 13, 9, 20, 1, 11, 17, 8, 19, 5, 8, 1, 7, 4, 13, 14, 15, 8, 2, 20, 15, 8, 2, 18, 3, 19, 1, 12, 19, 19, 8, 5, 20, 5, 10, 19, 7, 15, 6, 5, 7, 15, 5, 10, 3, 17, 13, 17, 5, 8, 7, 2, 7, 13, 3, 10, 1, 4, 13, 4, 1, 1, 7, 6, 3]
bestever    2961    in generation 12
[12, 15, 10, 16, 2, 16, 7, 2, 6, 12, 11, 13, 3, 3, 14, 14, 7, 15, 14, 16, 2, 18, 20, 7, 15, 9, 20, 13, 16, 18, 15, 4, 5, 5, 8, 14, 3, 2, 18, 12, 18, 17, 19, 6, 14, 5, 16, 11, 2, 9, 12, 11, 9, 4, 11, 3, 6, 6, 17, 1, 2, 9, 1, 10, 11, 9, 17, 9, 4, 4, 6, 6, 14, 14, 1, 4, 20, 9, 18, 4, 20, 10, 17, 17, 19, 1, 17, 5, 18, 9, 10, 13, 19, 16, 12, 8, 6, 4, 12, 20, 14, 18, 16, 13, 18, 12, 20, 16, 8, 16, 10, 15, 6, 12, 9, 14, 19, 11, 7, 2, 15, 12, 8, 10, 3, 17, 16, 11, 13, 19, 3, 20, 18, 11, 10, 11, 13, 9, 20, 1, 11, 17, 8, 19, 5, 8, 1, 7, 4, 13, 14, 15, 8, 2, 20, 15, 8, 2, 18, 3, 19, 1, 12, 19, 19, 8, 5, 20, 5, 10, 19, 7, 15, 6, 5, 7, 15, 5, 10, 3, 17, 13, 17, 5, 8, 7, 2, 7, 13, 3, 10, 1, 4, 13, 4, 1, 1, 7, 6, 3]
bestever    2960    in generation 13
[12, 15, 10, 12, 2, 16, 7, 2, 6, 12, 11, 13, 3, 3, 14, 14, 7, 15, 14, 16, 2, 18, 20, 7, 15, 9, 20, 13, 16, 18, 15, 4, 5, 5, 8, 14, 3, 2, 18, 12, 18, 17, 19, 6, 14, 5, 16, 11, 2, 9, 12, 11, 9, 4, 11, 3, 6, 6, 17, 1, 2, 9, 1, 10, 11, 9, 17, 9, 4, 4, 6, 6, 14, 14, 1, 4, 20, 9, 18, 4, 20, 10, 17, 17, 19, 18, 17, 5, 18, 9, 10, 13, 19, 16, 16, 8, 6, 4, 12, 20, 14, 18, 16, 13, 1, 12, 20, 16, 8, 16, 10, 15, 6, 12, 9, 14, 19, 11, 7, 2, 15, 12, 8, 10, 3, 17, 16, 11, 13, 19, 3, 20, 18, 11, 10, 11, 13, 9, 20, 1, 11, 17, 8, 19, 5, 8, 1, 7, 4, 13, 14, 15, 8, 2, 20, 15, 8, 2, 18, 3, 19, 1, 12, 19, 19, 8, 5, 20, 5, 10, 19, 7, 15, 6, 5, 7, 15, 5, 10, 3, 17, 13, 17, 5, 8, 7, 2, 7, 13, 3, 10, 1, 4, 13, 4, 1, 1, 7, 6, 3]
bestever    2912    in generation 16
[12, 15, 10, 12, 2, 16, 7, 2, 6, 12, 11, 13, 3, 3, 14, 14, 7, 15, 14, 16, 2, 18, 20, 7, 15, 9, 20, 13, 16, 18, 15, 4, 5, 5, 8, 14, 3, 2, 18, 12, 18, 17, 19, 6, 14, 5, 16, 11, 2, 9, 12, 11, 9, 4, 11, 3, 6, 6, 17, 1, 2, 9, 1, 10, 11, 9, 17, 9, 4, 4, 6, 6, 14, 14, 1, 4, 20, 9, 18, 4, 20, 10, 13, 17, 19, 18, 17, 5, 18, 9, 10, 13, 19, 16, 16, 8, 6, 4, 12, 20, 14, 18, 16, 13, 1, 12, 20, 16, 8, 16, 10, 15, 6, 12, 9, 14, 19, 11, 7, 2, 15, 12, 8, 10, 3, 17, 16, 11, 13, 19, 3, 20, 18, 11, 10, 11, 13, 9, 20, 1, 11, 17, 8, 19, 5, 8, 1, 7, 4, 13, 14, 15, 8, 2, 20, 15, 8, 2, 18, 3, 19, 1, 12, 19, 19, 8, 5, 20, 5, 10, 19, 7, 15, 6, 5, 7, 15, 5, 10, 3, 17, 13, 17, 5, 8, 7, 2, 7, 17, 3, 10, 1, 4, 13, 4, 1, 1, 7, 6, 3]
bestever    2903    in generation 19
[12, 15, 10, 12, 2, 16, 7, 2, 6, 12, 11, 13, 3, 3, 14, 14, 7, 15, 14, 16, 2, 18, 20, 7, 15, 9, 20, 13, 16, 18, 15, 4, 5, 5, 8, 14, 3, 2, 18, 12, 18, 17, 19, 7, 14, 5, 16, 11, 2, 9, 12, 11, 9, 4, 11, 3, 6, 6, 17, 1, 2, 9, 1, 10, 11, 9, 17, 9, 4, 4, 6, 6, 14, 14, 1, 4, 20, 9, 18, 4, 20, 10, 13, 17, 19, 18, 17, 5, 18, 9, 10, 13, 19, 16, 16, 8, 6, 4, 12, 20, 14, 18, 16, 13, 1, 12, 20, 16, 8, 16, 10, 15, 6, 12, 9, 14, 19, 11, 6, 2, 15, 12, 8, 10, 3, 17, 16, 11, 13, 19, 3, 20, 18, 11, 10, 11, 13, 9, 20, 1, 11, 17, 8, 19, 5, 8, 1, 7, 4, 13, 14, 15, 8, 2, 20, 15, 8, 2, 18, 3, 19, 1, 12, 19, 19, 8, 5, 20, 5, 10, 19, 7, 15, 6, 5, 7, 15, 5, 10, 3, 17, 13, 17, 5, 8, 7, 2, 7, 17, 3, 10, 1, 4, 13, 4, 1, 1, 7, 6, 3]
bestever    2850    in generation 21
[12, 15, 15, 12, 2, 16, 7, 2, 6, 12, 11, 13, 3, 3, 14, 14, 7, 15, 14, 16, 2, 18, 20, 7, 15, 9, 20, 13, 16, 18, 15, 4, 5, 5, 8, 14, 3, 2, 18, 12, 18, 17, 19, 7, 14, 5, 16, 11, 2, 9, 12, 11, 9, 4, 11, 3, 6, 6, 17, 1, 2, 9, 1, 10, 11, 9, 17, 9, 4, 4, 6, 6, 14, 14, 1, 4, 20, 9, 18, 4, 20, 10, 13, 17, 19, 18, 17, 5, 18, 9, 10, 13, 19, 16, 16, 8, 6, 4, 12, 20, 14, 18, 16, 13, 1, 12, 20, 16, 8, 16, 10, 15, 6, 12, 9, 14, 19, 11, 6, 2, 15, 12, 8, 10, 3, 17, 16, 11, 13, 19, 3, 20, 18, 11, 10, 11, 13, 9, 20, 1, 11, 17, 8, 19, 5, 8, 1, 7, 4, 13, 14, 15, 8, 2, 20, 15, 8, 2, 18, 3, 19, 1, 12, 19, 19, 8, 5, 20, 5, 10, 19, 7, 10, 6, 5, 7, 15, 5, 10, 3, 17, 13, 17, 5, 8, 7, 2, 7, 17, 3, 10, 1, 4, 13, 4, 1, 1, 7, 6, 3]
bestever    2841    in generation 23
[12, 15, 15, 12, 2, 16, 7, 2, 6, 12, 11, 13, 3, 3, 14, 14, 7, 15, 14, 16, 2, 18, 20, 7, 15, 9, 20, 13, 16, 18, 15, 4, 5, 5, 8, 14, 3, 2, 18, 12, 18, 17, 19, 11, 14, 5, 16, 11, 2, 9, 12, 11, 9, 4, 11, 3, 6, 6, 17, 1, 2, 9, 1, 10, 11, 9, 17, 9, 4, 4, 6, 6, 14, 14, 1, 4, 20, 9, 18, 4, 20, 10, 13, 17, 19, 18, 17, 5, 18, 9, 10, 13, 19, 16, 16, 8, 6, 4, 12, 20, 14, 18, 16, 13, 1, 12, 20, 16, 8, 16, 10, 15, 6, 12, 9, 14, 19, 11, 6, 2, 15, 12, 8, 10, 3, 17, 16, 7, 13, 19, 3, 20, 18, 11, 10, 11, 13, 9, 20, 1, 11, 17, 8, 19, 5, 8, 1, 7, 4, 13, 14, 15, 8, 2, 20, 15, 8, 2, 18, 3, 19, 1, 12, 19, 19, 8, 5, 20, 5, 10, 19, 7, 10, 6, 5, 7, 15, 5, 10, 3, 17, 13, 17, 5, 8, 7, 2, 7, 17, 3, 10, 1, 4, 13, 4, 1, 1, 7, 6, 3]
bestever    2822    in generation 24
[12, 15, 15, 12, 2, 16, 7, 2, 8, 12, 11, 13, 3, 3, 14, 14, 7, 15, 14, 16, 2, 18, 20, 7, 15, 9, 20, 13, 16, 18, 15, 4, 5, 5, 8, 14, 3, 2, 18, 12, 18, 17, 19, 11, 14, 5, 16, 11, 2, 9, 12, 11, 9, 4, 11, 3, 6, 6, 17, 1, 2, 9, 1, 10, 11, 9, 17, 9, 4, 4, 6, 6, 14, 14, 1, 4, 20, 9, 18, 4, 20, 10, 13, 17, 19, 18, 17, 5, 18, 9, 10, 13, 19, 16, 16, 8, 6, 4, 12, 20, 14, 18, 16, 13, 1, 12, 20, 16, 8, 16, 10, 15, 6, 12, 9, 14, 19, 11, 6, 2, 15, 12, 8, 10, 3, 17, 16, 7, 13, 19, 3, 20, 18, 11, 10, 11, 13, 9, 20, 1, 11, 17, 8, 19, 5, 8, 1, 7, 4, 13, 14, 15, 8, 2, 20, 15, 8, 2, 18, 3, 19, 1, 12, 19, 19, 6, 5, 20, 5, 10, 19, 7, 10, 6, 5, 7, 15, 5, 10, 3, 17, 13, 17, 5, 8, 7, 2, 7, 17, 3, 10, 1, 4, 13, 4, 1, 1, 7, 6, 3]
bestever    2802    in generation 27
[12, 15, 15, 12, 2, 16, 7, 2, 8, 12, 11, 13, 3, 3, 14, 14, 7, 15, 14, 16, 2, 18, 20, 7, 15, 9, 20, 13, 16, 18, 15, 4, 5, 5, 8, 14, 3, 2, 18, 12, 18, 17, 19, 11, 14, 5, 16, 11, 2, 9, 12, 11, 17, 4, 11, 3, 6, 6, 17, 1, 2, 9, 1, 10, 11, 9, 9, 9, 4, 4, 6, 6, 14, 14, 1, 4, 20, 9, 18, 4, 20, 10, 13, 17, 19, 18, 17, 5, 18, 9, 10, 13, 19, 16, 16, 8, 6, 4, 12, 20, 14, 18, 16, 13, 1, 12, 20, 16, 8, 16, 10, 15, 6, 12, 9, 14, 19, 11, 6, 2, 15, 12, 8, 10, 3, 17, 16, 7, 13, 19, 3, 20, 18, 11, 10, 11, 13, 9, 20, 1, 11, 17, 8, 19, 5, 8, 1, 7, 4, 13, 14, 15, 8, 2, 20, 15, 8, 2, 18, 3, 19, 1, 12, 19, 19, 6, 5, 20, 5, 10, 19, 7, 10, 6, 5, 7, 15, 5, 10, 3, 17, 13, 17, 5, 8, 7, 2, 7, 17, 3, 10, 1, 4, 13, 4, 1, 1, 7, 6, 3]
bestever    2765    in generation 31
[12, 15, 15, 12, 2, 16, 7, 2, 8, 12, 11, 13, 3, 3, 14, 14, 7, 15, 14, 16, 2, 18, 20, 7, 15, 9, 20, 13, 16, 18, 15, 4, 5, 13, 8, 14, 3, 2, 18, 12, 18, 17, 19, 11, 14, 5, 16, 11, 2, 9, 12, 11, 17, 4, 11, 3, 6, 6, 17, 1, 2, 9, 1, 10, 11, 9, 9, 9, 4, 4, 6, 6, 14, 14, 1, 4, 20, 9, 18, 4, 20, 10, 5, 17, 19, 18, 17, 5, 18, 9, 10, 13, 19, 16, 16, 8, 6, 4, 12, 20, 14, 18, 16, 13, 1, 12, 20, 16, 8, 16, 10, 15, 6, 12, 9, 14, 19, 11, 6, 2, 15, 12, 8, 10, 3, 17, 16, 7, 13, 19, 3, 20, 18, 11, 10, 11, 13, 9, 20, 1, 11, 17, 8, 19, 5, 8, 1, 7, 4, 13, 14, 15, 8, 2, 20, 15, 8, 2, 18, 3, 19, 1, 12, 19, 19, 6, 5, 20, 5, 10, 19, 7, 10, 6, 5, 7, 15, 5, 10, 3, 17, 13, 17, 5, 8, 7, 2, 7, 17, 3, 10, 1, 4, 13, 4, 1, 1, 7, 6, 3]
bestever    2746    in generation 35
[12, 15, 15, 12, 2, 16, 7, 2, 8, 12, 11, 13, 3, 3, 14, 14, 7, 15, 14, 16, 2, 18, 20, 7, 15, 9, 20, 13, 16, 18, 15, 4, 5, 13, 8, 14, 3, 2, 18, 12, 18, 17, 19, 11, 14, 5, 16, 11, 20, 9, 12, 11, 17, 4, 11, 3, 6, 6, 17, 1, 2, 9, 1, 10, 11, 9, 9, 9, 4, 4, 6, 6, 14, 14, 1, 4, 20, 9, 18, 4, 20, 10, 5, 17, 19, 18, 17, 5, 18, 9, 10, 13, 19, 16, 16, 8, 6, 4, 12, 20, 14, 18, 16, 13, 1, 12, 2, 16, 8, 16, 10, 15, 6, 12, 9, 14, 19, 11, 6, 2, 15, 12, 8, 10, 3, 17, 16, 7, 13, 19, 3, 20, 18, 11, 10, 11, 13, 9, 20, 1, 11, 17, 8, 19, 5, 8, 1, 7, 4, 13, 14, 15, 8, 2, 20, 15, 8, 2, 18, 3, 19, 1, 12, 19, 19, 6, 5, 20, 5, 10, 19, 7, 10, 6, 5, 7, 15, 5, 10, 3, 17, 13, 17, 5, 8, 7, 2, 7, 17, 3, 10, 1, 4, 13, 4, 1, 1, 7, 6, 3]
bestever    2675    in generation 37
[12, 15, 15, 12, 2, 16, 7, 2, 19, 12, 11, 13, 3, 3, 14, 14, 7, 15, 14, 16, 2, 18, 20, 7, 15, 9, 20, 13, 16, 18, 15, 4, 5, 13, 8, 14, 3, 2, 18, 12, 18, 17, 19, 11, 14, 5, 16, 11, 20, 9, 12, 11, 17, 4, 11, 3, 6, 6, 17, 1, 2, 9, 1, 10, 11, 9, 9, 9, 4, 4, 6, 6, 14, 14, 1, 4, 20, 9, 18, 4, 20, 10, 5, 17, 19, 18, 17, 5, 18, 9, 10, 13, 19, 16, 16, 8, 6, 4, 12, 20, 14, 18, 16, 13, 1, 12, 2, 16, 8, 16, 10, 15, 6, 12, 9, 14, 19, 11, 6, 2, 15, 12, 8, 10, 3, 17, 16, 7, 13, 8, 3, 20, 18, 11, 10, 11, 13, 9, 20, 1, 11, 17, 8, 19, 5, 8, 1, 7, 4, 13, 14, 15, 8, 2, 20, 15, 8, 2, 18, 3, 19, 1, 12, 19, 19, 6, 5, 20, 5, 10, 19, 7, 10, 6, 5, 7, 15, 5, 10, 3, 17, 13, 17, 5, 8, 7, 2, 7, 17, 3, 10, 1, 4, 13, 4, 1, 1, 7, 6, 3]
bestever    2661    in generation 50
[12, 15, 15, 12, 2, 16, 7, 2, 19, 12, 11, 13, 3, 3, 14, 14, 7, 15, 14, 16, 2, 18, 20, 7, 15, 9, 20, 13, 16, 18, 15, 4, 5, 13, 8, 14, 3, 2, 18, 12, 18, 17, 19, 11, 14, 5, 16, 11, 20, 9, 12, 11, 17, 4, 11, 3, 6, 6, 11, 1, 2, 9, 1, 10, 17, 9, 9, 9, 4, 4, 6, 6, 14, 14, 1, 4, 20, 9, 18, 4, 20, 10, 5, 17, 19, 18, 17, 5, 18, 9, 10, 13, 19, 16, 16, 8, 6, 4, 12, 20, 14, 18, 16, 13, 1, 12, 2, 16, 8, 16, 10, 15, 6, 12, 9, 14, 19, 11, 6, 2, 15, 12, 8, 10, 3, 17, 16, 7, 13, 8, 3, 20, 18, 11, 10, 11, 13, 9, 20, 1, 11, 17, 8, 19, 5, 8, 1, 7, 4, 13, 14, 15, 8, 2, 20, 15, 8, 2, 18, 3, 19, 1, 12, 19, 19, 6, 5, 20, 5, 10, 19, 7, 10, 6, 5, 7, 15, 5, 10, 3, 17, 13, 17, 5, 8, 7, 2, 7, 17, 3, 10, 1, 4, 13, 4, 1, 1, 7, 6, 3]
bestever    2639    in generation 53
[12, 15, 15, 12, 2, 16, 7, 2, 19, 12, 11, 13, 3, 3, 14, 14, 7, 15, 14, 16, 2, 18, 20, 7, 15, 9, 20, 13, 16, 18, 15, 4, 5, 13, 8, 14, 3, 2, 18, 12, 18, 17, 19, 11, 14, 5, 16, 11, 20, 9, 12, 11, 17, 4, 11, 3, 6, 6, 11, 1, 2, 9, 1, 10, 14, 9, 9, 9, 4, 4, 6, 6, 14, 17, 1, 4, 20, 9, 18, 4, 20, 10, 5, 17, 19, 18, 17, 5, 18, 9, 10, 13, 19, 16, 16, 8, 6, 4, 12, 20, 14, 18, 16, 13, 1, 12, 2, 16, 8, 16, 10, 15, 6, 12, 9, 14, 19, 11, 6, 2, 15, 12, 8, 10, 3, 17, 16, 7, 13, 8, 3, 20, 18, 11, 10, 11, 13, 9, 20, 1, 11, 17, 8, 19, 5, 8, 1, 7, 4, 13, 14, 15, 8, 2, 20, 15, 8, 2, 18, 3, 19, 1, 12, 19, 19, 6, 5, 20, 5, 10, 19, 7, 10, 6, 5, 7, 15, 5, 10, 3, 17, 13, 17, 5, 8, 7, 2, 7, 17, 3, 10, 1, 4, 13, 4, 1, 1, 7, 6, 3]
bestever    2622    in generation 64
[12, 15, 15, 12, 2, 16, 7, 2, 19, 12, 11, 13, 3, 3, 14, 14, 7, 15, 14, 16, 2, 18, 20, 7, 15, 9, 20, 13, 16, 18, 15, 4, 5, 13, 8, 14, 3, 2, 18, 12, 18, 17, 19, 11, 14, 5, 16, 11, 20, 9, 12, 11, 18, 4, 11, 3, 6, 6, 11, 1, 2, 9, 1, 10, 14, 9, 9, 9, 4, 4, 6, 6, 14, 17, 1, 4, 20, 9, 17, 4, 20, 10, 5, 17, 19, 18, 17, 5, 18, 9, 10, 13, 19, 16, 16, 8, 6, 4, 12, 20, 14, 18, 16, 13, 1, 12, 2, 16, 8, 16, 10, 15, 6, 12, 9, 14, 19, 11, 6, 2, 15, 12, 8, 10, 3, 17, 16, 7, 13, 8, 3, 20, 18, 11, 10, 11, 13, 9, 20, 1, 11, 17, 8, 19, 5, 8, 1, 7, 4, 13, 14, 15, 8, 2, 20, 15, 8, 2, 18, 3, 19, 1, 12, 19, 19, 6, 5, 20, 5, 10, 19, 7, 10, 6, 5, 7, 15, 5, 10, 3, 17, 13, 17, 5, 8, 7, 2, 7, 17, 3, 10, 1, 4, 13, 4, 1, 1, 7, 6, 3]
bestever    2621    in generation 67
[12, 15, 15, 12, 2, 16, 7, 2, 19, 12, 11, 13, 3, 3, 14, 14, 7, 15, 14, 16, 2, 18, 20, 7, 15, 9, 20, 13, 16, 18, 15, 4, 5, 13, 8, 14, 3, 2, 18, 12, 18, 17, 19, 11, 14, 5, 16, 11, 20, 9, 12, 11, 18, 4, 11, 3, 6, 6, 11, 1, 2, 9, 1, 10, 14, 9, 9, 9, 4, 4, 6, 6, 14, 17, 1, 4, 20, 9, 17, 4, 20, 10, 5, 17, 19, 18, 17, 5, 18, 9, 10, 13, 19, 16, 16, 8, 6, 4, 12, 20, 14, 18, 16, 13, 1, 12, 2, 16, 8, 11, 10, 15, 6, 12, 9, 14, 19, 16, 6, 2, 15, 12, 8, 10, 3, 17, 16, 7, 13, 8, 3, 20, 18, 11, 10, 11, 13, 9, 20, 1, 11, 17, 8, 19, 5, 8, 1, 7, 4, 13, 14, 15, 8, 2, 20, 15, 8, 2, 18, 3, 19, 1, 12, 19, 19, 6, 5, 20, 5, 10, 19, 7, 10, 6, 5, 7, 15, 5, 10, 3, 17, 13, 17, 5, 8, 7, 2, 7, 17, 3, 10, 1, 4, 13, 4, 1, 1, 7, 6, 3]
bestever    2620    in generation 79
[12, 15, 15, 12, 2, 16, 7, 2, 19, 12, 11, 13, 3, 3, 14, 14, 7, 15, 14, 16, 2, 18, 20, 7, 15, 9, 20, 13, 16, 18, 15, 4, 5, 13, 8, 14, 3, 2, 18, 12, 18, 17, 19, 11, 14, 5, 16, 11, 20, 9, 12, 11, 18, 4, 11, 3, 6, 6, 11, 1, 2, 9, 1, 10, 14, 9, 9, 9, 4, 4, 6, 6, 14, 17, 2, 4, 20, 9, 17, 4, 14, 10, 5, 17, 19, 18, 17, 5, 18, 9, 10, 13, 19, 16, 16, 8, 6, 4, 12, 20, 20, 18, 16, 13, 1, 12, 2, 16, 8, 11, 10, 15, 6, 12, 9, 14, 19, 16, 6, 2, 15, 12, 8, 10, 3, 17, 16, 7, 13, 8, 3, 20, 18, 11, 10, 11, 13, 9, 20, 1, 11, 17, 8, 19, 5, 8, 1, 7, 4, 13, 14, 15, 8, 2, 20, 15, 8, 1, 18, 3, 19, 1, 12, 19, 19, 6, 5, 20, 5, 10, 19, 7, 10, 6, 5, 7, 15, 5, 10, 3, 17, 13, 17, 5, 8, 7, 2, 7, 17, 3, 10, 1, 4, 13, 4, 1, 1, 7, 6, 3]
bestever    2619    in generation 81
[12, 15, 15, 12, 2, 16, 7, 2, 19, 12, 11, 13, 3, 3, 14, 14, 7, 15, 14, 16, 2, 18, 20, 7, 15, 9, 20, 13, 16, 18, 15, 4, 5, 13, 8, 14, 3, 2, 18, 12, 18, 17, 19, 11, 14, 5, 16, 11, 20, 9, 12, 11, 18, 4, 11, 3, 6, 6, 11, 1, 2, 9, 1, 10, 14, 9, 9, 9, 4, 4, 6, 6, 14, 17, 2, 4, 20, 9, 17, 4, 14, 10, 5, 17, 19, 18, 17, 5, 18, 9, 10, 13, 19, 16, 16, 8, 6, 4, 12, 20, 20, 18, 16, 13, 1, 12, 2, 16, 8, 11, 10, 15, 6, 12, 9, 14, 19, 16, 6, 2, 15, 12, 8, 10, 3, 17, 16, 7, 13, 8, 3, 20, 18, 11, 10, 11, 13, 9, 20, 19, 11, 17, 8, 19, 5, 8, 1, 7, 4, 13, 14, 15, 8, 2, 20, 15, 8, 1, 18, 3, 1, 1, 12, 19, 19, 6, 5, 20, 5, 10, 19, 7, 10, 6, 5, 7, 15, 5, 10, 3, 17, 13, 17, 5, 8, 7, 2, 7, 17, 3, 10, 1, 4, 13, 4, 1, 1, 7, 6, 3]
bestever    2601    in generation 82
[12, 15, 15, 12, 2, 16, 7, 2, 19, 12, 11, 13, 3, 3, 14, 14, 7, 15, 14, 16, 2, 18, 20, 7, 15, 9, 20, 13, 16, 18, 15, 4, 5, 13, 8, 14, 3, 2, 18, 12, 18, 17, 19, 11, 14, 5, 16, 11, 20, 9, 12, 11, 18, 4, 11, 3, 6, 6, 11, 1, 15, 9, 1, 10, 14, 9, 9, 9, 4, 4, 6, 6, 14, 17, 2, 4, 20, 9, 17, 4, 14, 10, 5, 17, 19, 18, 17, 5, 18, 9, 10, 13, 19, 16, 16, 8, 6, 4, 12, 20, 20, 18, 16, 13, 1, 12, 2, 16, 8, 11, 10, 15, 6, 12, 9, 14, 19, 16, 6, 2, 2, 12, 8, 10, 3, 17, 16, 7, 13, 8, 3, 20, 18, 11, 10, 11, 13, 9, 20, 19, 11, 17, 8, 19, 5, 8, 1, 7, 4, 13, 14, 15, 8, 2, 20, 15, 8, 1, 18, 3, 1, 1, 12, 19, 19, 6, 5, 20, 5, 10, 19, 7, 10, 6, 5, 7, 15, 5, 10, 3, 17, 13, 17, 5, 8, 7, 2, 7, 17, 3, 10, 1, 4, 13, 4, 1, 1, 7, 6, 3]
bestever    2600    in generation 91
[12, 15, 15, 12, 2, 16, 7, 2, 19, 12, 11, 13, 3, 3, 14, 14, 7, 15, 14, 16, 2, 18, 20, 7, 15, 9, 20, 13, 16, 18, 15, 4, 5, 13, 8, 14, 3, 2, 18, 12, 18, 17, 19, 11, 14, 5, 16, 11, 20, 9, 12, 11, 18, 4, 11, 3, 6, 6, 11, 1, 15, 9, 1, 10, 14, 9, 9, 9, 4, 4, 6, 6, 14, 17, 2, 4, 20, 9, 17, 4, 14, 10, 16, 17, 19, 18, 17, 5, 18, 9, 10, 13, 19, 16, 16, 8, 6, 4, 12, 20, 20, 18, 16, 13, 1, 12, 2, 16, 8, 11, 10, 15, 6, 12, 9, 14, 19, 16, 6, 2, 2, 12, 8, 10, 3, 17, 5, 7, 13, 8, 3, 20, 18, 11, 10, 11, 13, 9, 20, 19, 11, 17, 8, 19, 5, 8, 1, 7, 4, 13, 14, 15, 8, 2, 20, 15, 8, 1, 18, 3, 1, 1, 12, 19, 19, 6, 5, 20, 5, 10, 19, 7, 10, 6, 5, 7, 15, 5, 10, 3, 17, 13, 17, 5, 8, 7, 2, 7, 17, 3, 10, 1, 4, 13, 4, 1, 1, 7, 6, 3]
bestever    2589    in generation 93
[12, 15, 15, 12, 2, 16, 7, 2, 19, 12, 11, 13, 3, 3, 14, 14, 7, 15, 14, 16, 2, 18, 20, 7, 15, 9, 20, 13, 16, 18, 15, 4, 5, 13, 8, 14, 3, 2, 18, 12, 18, 17, 19, 11, 14, 5, 16, 11, 20, 9, 12, 11, 18, 4, 11, 3, 6, 6, 11, 1, 15, 9, 1, 10, 14, 9, 9, 9, 4, 4, 6, 6, 14, 17, 2, 4, 20, 9, 17, 4, 14, 10, 16, 17, 19, 18, 17, 5, 18, 9, 10, 13, 19, 16, 16, 8, 6, 4, 12, 20, 20, 18, 16, 13, 1, 12, 5, 16, 8, 11, 10, 15, 6, 12, 9, 14, 19, 16, 6, 2, 2, 12, 8, 10, 3, 17, 5, 7, 13, 8, 3, 20, 18, 11, 10, 11, 13, 9, 20, 19, 11, 17, 8, 19, 5, 8, 1, 7, 4, 13, 14, 15, 8, 2, 20, 15, 8, 1, 18, 3, 1, 1, 12, 19, 19, 6, 5, 20, 5, 10, 19, 7, 10, 6, 5, 7, 15, 2, 10, 3, 17, 13, 17, 5, 8, 7, 2, 7, 17, 3, 10, 1, 4, 13, 4, 1, 1, 7, 6, 3]
bestever    2588    in generation 94
[12, 15, 15, 12, 2, 16, 7, 2, 19, 12, 11, 13, 3, 3, 14, 14, 7, 15, 14, 16, 2, 18, 20, 7, 15, 9, 20, 13, 16, 18, 15, 4, 5, 13, 8, 14, 3, 2, 18, 12, 18, 17, 19, 11, 14, 5, 16, 11, 20, 9, 12, 11, 18, 4, 11, 3, 6, 6, 11, 1, 15, 9, 1, 10, 14, 9, 9, 9, 4, 4, 6, 6, 14, 17, 2, 4, 20, 9, 17, 4, 14, 10, 16, 17, 19, 18, 17, 5, 18, 9, 10, 13, 19, 16, 16, 8, 6, 4, 12, 20, 20, 18, 16, 13, 1, 12, 2, 16, 8, 11, 10, 15, 6, 12, 9, 14, 19, 16, 6, 2, 2, 12, 8, 10, 3, 17, 5, 7, 13, 8, 3, 20, 18, 11, 10, 11, 13, 9, 20, 19, 11, 17, 8, 19, 5, 8, 5, 7, 4, 13, 2, 15, 8, 2, 20, 15, 8, 1, 18, 3, 1, 1, 12, 19, 19, 6, 5, 20, 5, 10, 19, 7, 10, 6, 5, 7, 15, 1, 10, 3, 17, 13, 17, 5, 8, 7, 14, 7, 17, 3, 10, 1, 4, 13, 4, 1, 1, 7, 6, 3]
bestever    2533    in generation 95
[12, 15, 15, 12, 2, 16, 7, 2, 19, 12, 11, 13, 3, 3, 14, 14, 7, 15, 14, 16, 2, 20, 18, 7, 15, 9, 20, 13, 16, 18, 15, 4, 5, 13, 8, 14, 3, 2, 18, 12, 18, 17, 19, 11, 14, 5, 16, 11, 20, 9, 12, 11, 18, 4, 11, 3, 6, 6, 11, 1, 15, 9, 1, 10, 14, 9, 9, 9, 4, 4, 6, 6, 14, 17, 2, 4, 20, 9, 17, 4, 14, 10, 16, 17, 19, 18, 17, 5, 18, 9, 10, 13, 19, 16, 16, 8, 6, 4, 12, 20, 20, 18, 16, 13, 1, 12, 2, 16, 8, 11, 10, 15, 6, 12, 9, 14, 19, 16, 6, 2, 2, 12, 8, 10, 3, 17, 5, 7, 13, 8, 3, 20, 18, 11, 10, 11, 13, 9, 20, 19, 11, 17, 8, 19, 5, 8, 5, 7, 4, 13, 2, 15, 8, 2, 20, 15, 8, 1, 18, 3, 1, 1, 12, 19, 19, 6, 5, 20, 5, 10, 19, 7, 10, 6, 5, 7, 15, 1, 10, 3, 17, 13, 17, 5, 8, 7, 14, 7, 17, 3, 10, 1, 4, 13, 4, 1, 1, 7, 6, 3]
bestever    2527    in generation 97
[12, 15, 15, 12, 2, 16, 7, 2, 19, 12, 11, 13, 3, 3, 14, 14, 7, 15, 14, 16, 2, 20, 18, 7, 15, 9, 20, 13, 15, 18, 15, 4, 5, 13, 8, 14, 3, 2, 18, 12, 18, 17, 19, 11, 14, 5, 16, 11, 20, 9, 12, 11, 18, 4, 11, 3, 6, 6, 11, 1, 16, 9, 1, 10, 14, 9, 9, 9, 4, 4, 6, 6, 14, 17, 2, 4, 20, 9, 17, 4, 14, 10, 16, 17, 19, 18, 17, 5, 18, 9, 10, 13, 19, 16, 16, 8, 6, 4, 12, 20, 20, 18, 16, 13, 1, 12, 2, 16, 8, 11, 10, 15, 6, 12, 9, 14, 19, 16, 6, 2, 2, 12, 8, 10, 3, 17, 5, 7, 13, 8, 3, 20, 18, 11, 10, 11, 13, 9, 20, 19, 11, 17, 8, 19, 5, 8, 5, 7, 4, 13, 2, 15, 8, 2, 20, 15, 8, 1, 18, 3, 1, 1, 12, 19, 19, 6, 5, 20, 5, 10, 19, 7, 10, 6, 5, 7, 15, 1, 10, 3, 17, 13, 17, 5, 8, 7, 14, 7, 17, 3, 10, 1, 4, 13, 4, 1, 1, 7, 6, 3]
bestever    2507    in generation 99
[12, 15, 15, 12, 2, 16, 7, 2, 19, 12, 11, 13, 3, 3, 14, 14, 7, 15, 14, 16, 2, 20, 18, 7, 15, 9, 20, 13, 15, 18, 15, 4, 5, 13, 8, 14, 3, 2, 18, 12, 18, 17, 19, 11, 14, 5, 16, 11, 20, 9, 12, 11, 18, 4, 11, 3, 6, 6, 11, 1, 16, 9, 1, 10, 14, 9, 9, 9, 4, 4, 6, 6, 14, 17, 2, 9, 20, 9, 17, 4, 14, 10, 16, 17, 19, 18, 17, 5, 18, 9, 10, 13, 19, 16, 16, 8, 6, 4, 12, 20, 20, 18, 16, 13, 1, 12, 2, 16, 8, 11, 10, 15, 6, 12, 9, 14, 19, 16, 6, 2, 2, 12, 8, 10, 3, 17, 5, 7, 13, 8, 3, 20, 18, 11, 10, 11, 13, 4, 20, 19, 11, 17, 8, 19, 5, 8, 5, 7, 4, 13, 2, 15, 8, 2, 20, 15, 8, 1, 18, 3, 1, 1, 12, 19, 19, 6, 5, 20, 5, 10, 19, 7, 10, 6, 5, 7, 15, 1, 10, 3, 17, 13, 17, 5, 8, 7, 14, 7, 17, 3, 10, 1, 4, 13, 4, 1, 1, 7, 6, 3]
bestever    2506    in generation 100
[12, 15, 15, 12, 2, 15, 7, 2, 19, 12, 11, 13, 3, 3, 14, 14, 7, 15, 14, 16, 2, 20, 18, 7, 15, 9, 20, 13, 15, 18, 16, 4, 5, 13, 8, 14, 3, 2, 18, 12, 18, 17, 19, 11, 14, 5, 16, 11, 20, 9, 12, 11, 18, 4, 11, 3, 6, 6, 11, 1, 16, 9, 1, 10, 14, 9, 9, 9, 4, 4, 6, 6, 14, 17, 2, 9, 20, 9, 17, 4, 14, 10, 16, 17, 19, 18, 17, 5, 18, 9, 10, 13, 19, 16, 16, 8, 6, 4, 12, 20, 20, 18, 16, 13, 1, 12, 2, 16, 8, 11, 10, 15, 6, 12, 9, 14, 19, 16, 6, 2, 2, 12, 8, 10, 3, 17, 5, 7, 13, 8, 3, 20, 18, 11, 10, 11, 13, 4, 20, 19, 11, 17, 8, 19, 5, 8, 5, 7, 4, 13, 2, 15, 8, 2, 20, 15, 8, 1, 18, 3, 1, 1, 12, 19, 19, 6, 5, 20, 5, 10, 19, 7, 10, 6, 5, 7, 15, 1, 10, 3, 17, 13, 17, 5, 8, 7, 14, 7, 17, 3, 10, 1, 4, 13, 4, 1, 1, 7, 6, 3]
bestever    2490    in generation 102
[12, 15, 15, 12, 2, 15, 7, 2, 19, 12, 11, 13, 3, 3, 14, 14, 7, 15, 14, 16, 2, 20, 18, 7, 15, 9, 20, 13, 15, 18, 16, 4, 5, 13, 8, 14, 3, 2, 18, 12, 18, 17, 19, 11, 14, 5, 16, 11, 20, 9, 12, 11, 18, 4, 11, 3, 6, 6, 11, 1, 16, 9, 1, 4, 14, 9, 9, 9, 4, 4, 6, 6, 14, 17, 2, 9, 20, 9, 17, 4, 14, 10, 16, 17, 19, 18, 17, 5, 18, 9, 10, 13, 19, 16, 16, 8, 6, 4, 12, 20, 20, 18, 16, 13, 1, 12, 2, 16, 8, 11, 10, 15, 6, 12, 9, 14, 19, 16, 6, 2, 2, 12, 8, 10, 3, 17, 5, 7, 13, 8, 3, 20, 18, 11, 10, 11, 13, 4, 20, 19, 11, 17, 8, 19, 5, 8, 5, 7, 10, 13, 2, 15, 8, 2, 20, 15, 8, 1, 18, 3, 1, 1, 12, 19, 19, 6, 5, 20, 5, 10, 19, 7, 10, 6, 5, 7, 15, 1, 10, 3, 17, 13, 17, 5, 8, 7, 14, 7, 17, 3, 10, 1, 4, 13, 4, 1, 1, 7, 6, 3]
bestever    2454    in generation 108
[12, 15, 15, 12, 2, 15, 7, 2, 19, 12, 11, 13, 3, 3, 14, 14, 7, 15, 14, 16, 2, 20, 18, 7, 15, 9, 20, 13, 15, 18, 16, 4, 5, 13, 8, 14, 3, 2, 18, 12, 18, 17, 19, 11, 11, 5, 16, 11, 20, 9, 12, 14, 18, 4, 11, 3, 6, 6, 11, 1, 16, 9, 1, 4, 14, 9, 9, 9, 4, 4, 6, 6, 14, 17, 2, 9, 20, 9, 17, 4, 14, 10, 16, 17, 19, 18, 17, 5, 18, 9, 10, 13, 19, 16, 16, 8, 6, 4, 12, 20, 20, 18, 16, 13, 1, 12, 2, 16, 8, 11, 10, 15, 6, 12, 9, 14, 19, 16, 6, 2, 2, 12, 8, 10, 3, 17, 5, 7, 13, 8, 3, 20, 18, 11, 10, 11, 13, 4, 20, 19, 11, 17, 8, 19, 5, 8, 5, 7, 10, 13, 2, 15, 8, 2, 20, 15, 8, 1, 18, 3, 1, 1, 12, 19, 19, 6, 5, 20, 5, 10, 19, 7, 10, 6, 5, 7, 15, 1, 10, 3, 17, 13, 17, 5, 8, 7, 14, 7, 17, 3, 10, 1, 4, 13, 4, 1, 1, 7, 6, 3]
bestever    2438    in generation 119
[12, 15, 15, 12, 2, 15, 7, 2, 19, 12, 11, 13, 3, 3, 14, 14, 7, 15, 14, 16, 2, 20, 18, 7, 15, 13, 20, 13, 15, 18, 16, 4, 5, 9, 8, 14, 3, 2, 18, 12, 18, 17, 19, 11, 11, 5, 16, 11, 20, 9, 12, 14, 18, 4, 11, 3, 6, 6, 11, 1, 16, 9, 1, 4, 14, 9, 9, 9, 4, 4, 6, 6, 14, 17, 2, 9, 20, 9, 17, 4, 14, 10, 16, 17, 19, 18, 17, 5, 18, 9, 10, 13, 19, 16, 16, 8, 6, 4, 12, 20, 20, 18, 16, 13, 1, 12, 2, 16, 8, 11, 10, 15, 6, 12, 9, 14, 19, 16, 6, 2, 2, 12, 8, 10, 3, 17, 5, 7, 13, 8, 3, 20, 18, 11, 10, 11, 13, 4, 20, 19, 11, 17, 8, 19, 5, 8, 5, 7, 10, 13, 2, 15, 8, 2, 20, 15, 8, 1, 18, 3, 1, 1, 12, 19, 19, 6, 5, 20, 5, 10, 19, 7, 10, 6, 5, 7, 15, 1, 10, 3, 17, 13, 17, 5, 8, 7, 14, 7, 17, 3, 10, 1, 4, 13, 4, 1, 1, 7, 6, 3]
bestever    2435    in generation 127
[12, 15, 15, 12, 2, 15, 7, 2, 19, 12, 11, 13, 3, 3, 14, 14, 7, 15, 14, 16, 2, 9, 18, 7, 15, 13, 20, 13, 15, 18, 16, 4, 5, 9, 8, 14, 3, 2, 18, 12, 18, 17, 19, 11, 11, 5, 16, 11, 20, 9, 12, 14, 18, 4, 11, 3, 6, 6, 11, 1, 16, 9, 1, 4, 14, 20, 9, 9, 4, 4, 6, 6, 14, 17, 2, 9, 20, 9, 17, 4, 14, 10, 16, 17, 19, 18, 17, 5, 18, 9, 10, 13, 19, 16, 16, 8, 6, 4, 12, 20, 20, 18, 16, 13, 1, 12, 2, 16, 8, 11, 10, 15, 6, 12, 9, 14, 19, 16, 6, 2, 2, 12, 8, 10, 3, 17, 5, 7, 13, 8, 3, 20, 18, 11, 10, 11, 13, 4, 20, 19, 11, 17, 8, 19, 5, 8, 5, 7, 10, 13, 2, 15, 8, 2, 20, 15, 8, 1, 18, 3, 1, 1, 12, 19, 19, 6, 5, 20, 5, 10, 19, 7, 10, 6, 5, 7, 15, 1, 10, 3, 17, 13, 17, 5, 8, 7, 14, 7, 17, 3, 10, 1, 4, 13, 4, 1, 1, 7, 6, 3]
bestever    2417    in generation 139
[12, 15, 15, 12, 2, 15, 7, 2, 19, 12, 11, 13, 3, 3, 14, 14, 7, 15, 14, 16, 2, 9, 18, 7, 15, 13, 20, 13, 15, 18, 16, 4, 5, 9, 8, 14, 3, 2, 18, 12, 18, 17, 19, 11, 11, 5, 16, 11, 20, 9, 12, 14, 18, 4, 11, 3, 6, 6, 11, 1, 16, 9, 1, 4, 14, 20, 9, 9, 4, 4, 6, 6, 14, 17, 2, 9, 20, 9, 17, 4, 14, 10, 16, 17, 19, 18, 17, 5, 18, 9, 10, 13, 19, 16, 16, 8, 6, 4, 12, 20, 20, 18, 16, 13, 1, 12, 2, 16, 8, 11, 10, 15, 6, 12, 9, 14, 19, 16, 6, 2, 2, 12, 8, 10, 3, 17, 5, 7, 13, 8, 3, 20, 18, 11, 10, 11, 13, 4, 20, 19, 11, 17, 8, 19, 5, 8, 5, 7, 10, 13, 2, 15, 8, 2, 20, 15, 8, 1, 18, 3, 1, 14, 12, 19, 19, 6, 5, 20, 5, 10, 19, 7, 10, 6, 5, 7, 15, 1, 10, 3, 17, 13, 17, 5, 8, 7, 1, 7, 17, 3, 10, 1, 4, 13, 4, 1, 1, 7, 6, 3]
bestever    2415    in generation 155
[12, 15, 15, 12, 2, 15, 7, 2, 15, 12, 11, 13, 3, 3, 14, 14, 7, 15, 14, 16, 2, 9, 18, 7, 15, 13, 20, 13, 19, 18, 16, 4, 5, 9, 8, 14, 3, 2, 18, 12, 18, 17, 19, 11, 11, 5, 16, 11, 20, 9, 12, 14, 18, 4, 11, 3, 6, 6, 11, 1, 16, 9, 1, 4, 14, 20, 9, 9, 4, 4, 6, 6, 14, 17, 2, 9, 20, 9, 17, 4, 14, 10, 16, 17, 19, 18, 17, 5, 18, 9, 10, 13, 19, 16, 16, 8, 6, 4, 12, 20, 20, 18, 16, 13, 1, 12, 2, 16, 8, 11, 10, 15, 6, 12, 9, 14, 19, 16, 6, 2, 2, 12, 8, 10, 3, 17, 5, 7, 13, 8, 3, 20, 18, 11, 10, 11, 13, 4, 20, 19, 11, 17, 8, 19, 5, 8, 5, 7, 10, 13, 2, 15, 8, 2, 20, 15, 8, 1, 18, 3, 1, 14, 12, 19, 19, 6, 5, 20, 5, 10, 19, 7, 10, 6, 5, 7, 15, 1, 10, 3, 17, 13, 17, 5, 8, 7, 1, 7, 17, 3, 10, 1, 4, 13, 4, 1, 1, 7, 6, 3]
bestever    2404    in generation 168
[12, 15, 15, 12, 2, 15, 7, 2, 15, 12, 11, 13, 3, 3, 14, 14, 7, 15, 14, 16, 2, 9, 18, 7, 15, 13, 20, 13, 19, 18, 16, 4, 5, 9, 8, 14, 3, 2, 18, 12, 18, 17, 19, 11, 11, 5, 16, 11, 20, 9, 12, 14, 18, 4, 11, 3, 6, 6, 11, 1, 16, 9, 1, 4, 14, 20, 9, 9, 4, 4, 6, 6, 14, 17, 2, 9, 20, 9, 17, 4, 14, 10, 16, 17, 19, 18, 17, 5, 18, 9, 10, 13, 19, 16, 16, 8, 6, 4, 12, 20, 20, 18, 16, 13, 1, 12, 2, 16, 8, 11, 10, 15, 6, 12, 9, 14, 19, 16, 6, 2, 2, 12, 8, 10, 3, 17, 5, 7, 13, 8, 3, 20, 18, 11, 10, 11, 13, 4, 20, 19, 11, 5, 8, 19, 5, 8, 5, 7, 10, 13, 2, 15, 8, 2, 20, 15, 8, 1, 18, 3, 1, 14, 12, 19, 19, 6, 5, 20, 5, 10, 19, 7, 10, 6, 5, 7, 15, 1, 10, 3, 17, 13, 17, 17, 8, 7, 1, 7, 17, 3, 10, 1, 4, 13, 4, 1, 1, 7, 6, 3]
bestever    2397    in generation 182
[12, 15, 15, 12, 2, 15, 7, 2, 15, 12, 11, 13, 3, 3, 14, 14, 7, 15, 14, 16, 2, 9, 18, 7, 15, 13, 20, 13, 19, 18, 16, 4, 5, 9, 8, 14, 3, 2, 18, 12, 18, 17, 19, 11, 11, 5, 16, 11, 20, 9, 12, 14, 18, 4, 11, 3, 6, 6, 11, 1, 16, 9, 1, 4, 14, 20, 9, 9, 4, 4, 6, 6, 14, 17, 2, 9, 20, 9, 17, 4, 14, 10, 16, 17, 19, 18, 17, 5, 18, 9, 10, 13, 19, 16, 16, 8, 6, 4, 12, 20, 3, 18, 16, 13, 1, 12, 2, 16, 8, 11, 10, 15, 6, 12, 9, 14, 19, 16, 6, 2, 2, 12, 8, 10, 20, 17, 5, 7, 13, 8, 3, 20, 18, 11, 10, 11, 13, 4, 20, 19, 11, 5, 8, 19, 5, 8, 5, 7, 10, 13, 2, 15, 8, 2, 20, 15, 8, 1, 18, 3, 1, 14, 12, 19, 19, 6, 5, 20, 5, 10, 19, 7, 10, 6, 5, 7, 15, 1, 10, 3, 17, 13, 17, 17, 8, 7, 1, 7, 17, 3, 10, 1, 4, 13, 4, 1, 1, 7, 6, 3]
bestever    2382    in generation 197
[12, 15, 15, 12, 2, 15, 7, 2, 15, 12, 11, 13, 3, 3, 14, 14, 7, 15, 14, 16, 2, 9, 18, 7, 15, 13, 20, 13, 19, 18, 16, 4, 5, 9, 8, 14, 3, 2, 18, 12, 18, 17, 19, 11, 11, 5, 16, 11, 20, 9, 12, 14, 18, 4, 11, 3, 6, 6, 11, 1, 16, 9, 1, 4, 14, 20, 9, 9, 4, 4, 6, 6, 14, 17, 2, 9, 20, 9, 17, 4, 14, 10, 16, 17, 19, 18, 17, 5, 18, 9, 10, 13, 19, 16, 16, 8, 6, 4, 12, 20, 3, 18, 16, 13, 1, 12, 2, 16, 8, 11, 10, 15, 6, 12, 9, 14, 19, 16, 6, 2, 2, 12, 8, 10, 20, 17, 5, 7, 13, 8, 3, 20, 18, 11, 10, 11, 13, 4, 20, 19, 11, 5, 8, 19, 5, 8, 5, 7, 10, 13, 2, 15, 8, 2, 20, 15, 8, 1, 18, 3, 1, 14, 12, 19, 19, 6, 15, 20, 5, 10, 19, 7, 10, 6, 5, 7, 5, 1, 10, 3, 17, 13, 17, 17, 8, 7, 1, 7, 17, 3, 10, 1, 4, 13, 4, 1, 1, 7, 6, 3]
bestever    2377    in generation 207
[12, 15, 15, 12, 2, 15, 7, 2, 15, 12, 11, 13, 3, 3, 14, 14, 7, 15, 14, 16, 2, 9, 18, 7, 15, 13, 20, 13, 19, 18, 16, 4, 5, 9, 8, 14, 3, 2, 18, 12, 18, 17, 19, 15, 11, 5, 16, 11, 20, 9, 12, 14, 18, 4, 11, 3, 6, 6, 11, 1, 16, 9, 1, 4, 14, 20, 9, 9, 4, 4, 6, 6, 14, 17, 2, 9, 20, 9, 17, 4, 14, 10, 16, 17, 19, 18, 17, 5, 18, 9, 10, 13, 19, 16, 16, 8, 6, 4, 12, 20, 3, 18, 16, 13, 1, 12, 2, 16, 8, 11, 10, 11, 6, 12, 9, 14, 19, 16, 6, 2, 2, 12, 8, 10, 20, 17, 5, 7, 13, 8, 3, 20, 18, 11, 10, 11, 13, 4, 20, 19, 11, 5, 8, 19, 5, 8, 5, 7, 10, 13, 2, 15, 8, 2, 20, 15, 8, 1, 18, 3, 1, 14, 12, 19, 19, 6, 15, 20, 5, 10, 19, 7, 10, 6, 5, 7, 5, 1, 10, 3, 17, 13, 17, 17, 8, 7, 1, 7, 17, 3, 10, 1, 4, 13, 4, 1, 1, 7, 6, 3]
bestever    2355    in generation 208
[12, 15, 15, 12, 2, 15, 7, 2, 15, 12, 11, 13, 3, 3, 14, 14, 7, 15, 14, 16, 2, 14, 18, 7, 15, 13, 20, 13, 19, 18, 16, 4, 5, 9, 8, 14, 3, 2, 18, 12, 18, 17, 19, 11, 11, 5, 16, 11, 20, 9, 12, 14, 18, 4, 11, 3, 6, 6, 11, 1, 16, 9, 1, 4, 9, 20, 9, 9, 4, 4, 6, 6, 14, 17, 2, 9, 20, 9, 17, 4, 14, 10, 16, 17, 19, 18, 17, 5, 18, 9, 10, 13, 19, 16, 16, 8, 6, 4, 12, 20, 3, 18, 16, 13, 1, 12, 2, 16, 8, 11, 10, 15, 6, 12, 9, 14, 19, 16, 6, 2, 2, 12, 8, 10, 20, 17, 5, 7, 13, 8, 3, 20, 18, 11, 10, 11, 13, 4, 20, 19, 11, 5, 8, 19, 5, 8, 5, 7, 10, 13, 2, 15, 8, 2, 20, 15, 8, 1, 18, 3, 1, 14, 12, 19, 19, 6, 15, 20, 5, 10, 19, 7, 10, 6, 5, 7, 5, 1, 10, 3, 17, 13, 17, 17, 8, 7, 1, 7, 17, 3, 10, 1, 4, 13, 4, 1, 1, 7, 6, 3]
bestever    2348    in generation 215
[12, 15, 15, 12, 2, 15, 7, 2, 15, 12, 11, 13, 3, 3, 14, 14, 7, 15, 14, 16, 2, 14, 18, 7, 15, 13, 20, 13, 19, 18, 16, 4, 5, 9, 8, 14, 3, 2, 18, 12, 18, 17, 19, 11, 11, 5, 16, 11, 20, 9, 12, 14, 18, 4, 11, 3, 6, 6, 11, 1, 16, 9, 10, 4, 9, 20, 9, 9, 4, 4, 6, 6, 14, 17, 2, 9, 20, 9, 17, 4, 14, 1, 16, 17, 19, 18, 17, 5, 18, 9, 10, 13, 19, 16, 16, 8, 6, 4, 12, 20, 3, 18, 16, 13, 1, 12, 2, 16, 8, 11, 10, 15, 6, 12, 9, 14, 19, 16, 6, 2, 2, 12, 8, 10, 20, 17, 5, 7, 13, 8, 3, 20, 18, 11, 10, 11, 13, 4, 20, 19, 11, 5, 8, 19, 5, 8, 5, 7, 10, 13, 2, 15, 8, 2, 20, 15, 8, 1, 18, 3, 1, 14, 12, 19, 19, 6, 15, 20, 5, 10, 19, 7, 10, 6, 5, 7, 5, 1, 10, 3, 17, 13, 17, 17, 8, 7, 1, 7, 17, 3, 10, 1, 4, 13, 4, 1, 1, 7, 6, 3]
bestever    2334    in generation 220
[12, 15, 15, 12, 2, 15, 7, 2, 15, 12, 11, 13, 3, 3, 14, 14, 7, 15, 14, 16, 2, 14, 18, 7, 15, 13, 20, 13, 19, 18, 16, 4, 5, 9, 8, 14, 3, 2, 18, 12, 18, 17, 19, 11, 11, 5, 16, 11, 20, 9, 12, 14, 18, 4, 2, 3, 6, 6, 11, 1, 16, 9, 10, 4, 9, 20, 9, 9, 4, 4, 6, 6, 14, 17, 2, 9, 20, 9, 17, 4, 14, 1, 16, 17, 19, 18, 17, 5, 18, 9, 10, 13, 19, 16, 16, 8, 6, 4, 12, 20, 3, 18, 16, 13, 1, 12, 2, 16, 8, 11, 10, 15, 6, 12, 9, 14, 19, 16, 6, 11, 2, 12, 8, 10, 20, 17, 5, 7, 13, 8, 3, 20, 18, 11, 10, 11, 13, 4, 20, 19, 11, 5, 8, 19, 5, 8, 5, 7, 10, 13, 2, 15, 8, 2, 20, 15, 8, 1, 18, 3, 1, 14, 12, 19, 19, 6, 15, 20, 5, 10, 19, 7, 10, 6, 5, 7, 5, 1, 10, 3, 17, 13, 17, 17, 8, 7, 1, 7, 17, 3, 10, 1, 4, 13, 4, 1, 1, 7, 6, 3]
bestever    2333    in generation 232
[12, 15, 15, 12, 2, 15, 7, 2, 15, 12, 11, 13, 3, 3, 14, 14, 7, 15, 14, 16, 2, 14, 18, 7, 15, 13, 20, 13, 19, 18, 16, 4, 5, 9, 8, 14, 3, 2, 18, 12, 18, 15, 19, 11, 11, 5, 16, 11, 20, 9, 12, 14, 18, 4, 2, 3, 6, 6, 11, 1, 16, 9, 10, 4, 9, 20, 9, 9, 4, 4, 6, 6, 14, 17, 2, 9, 20, 9, 17, 4, 14, 1, 16, 17, 19, 18, 17, 5, 18, 9, 10, 13, 19, 16, 16, 8, 6, 4, 12, 20, 3, 18, 16, 13, 1, 12, 2, 16, 8, 11, 10, 15, 6, 12, 9, 14, 19, 16, 6, 11, 2, 12, 8, 10, 20, 17, 5, 7, 13, 8, 3, 20, 18, 11, 10, 11, 13, 4, 20, 19, 11, 5, 8, 19, 5, 8, 5, 7, 10, 13, 2, 17, 8, 2, 20, 15, 8, 1, 18, 3, 1, 14, 12, 19, 19, 6, 15, 20, 5, 10, 19, 7, 10, 6, 5, 7, 5, 1, 10, 3, 17, 13, 17, 17, 8, 7, 1, 7, 17, 3, 10, 1, 4, 13, 4, 1, 1, 7, 6, 3]
bestever    2332    in generation 236
[12, 15, 15, 12, 2, 15, 7, 2, 15, 12, 11, 13, 3, 3, 14, 14, 7, 15, 14, 16, 2, 14, 18, 7, 15, 13, 20, 13, 19, 18, 16, 4, 5, 9, 8, 14, 3, 2, 18, 12, 18, 15, 19, 11, 11, 5, 16, 11, 20, 9, 12, 14, 18, 4, 2, 3, 6, 6, 11, 1, 16, 9, 10, 4, 9, 20, 9, 9, 4, 4, 6, 6, 14, 17, 2, 9, 20, 9, 17, 4, 14, 1, 16, 17, 19, 18, 17, 5, 18, 9, 10, 13, 19, 16, 16, 8, 6, 4, 12, 20, 3, 18, 16, 13, 1, 12, 2, 16, 8, 11, 10, 15, 6, 12, 9, 14, 19, 11, 6, 11, 2, 12, 8, 10, 20, 17, 5, 7, 13, 8, 3, 20, 18, 11, 10, 11, 13, 4, 20, 19, 16, 5, 8, 19, 5, 8, 5, 7, 10, 13, 2, 17, 8, 2, 20, 15, 8, 1, 18, 3, 1, 14, 12, 19, 19, 6, 15, 20, 5, 10, 19, 7, 10, 6, 5, 7, 5, 1, 10, 3, 17, 13, 17, 17, 8, 7, 1, 7, 17, 3, 10, 1, 4, 13, 4, 1, 1, 7, 6, 3]
bestever    2327    in generation 244
[12, 15, 15, 12, 2, 15, 7, 2, 15, 12, 11, 13, 3, 3, 14, 14, 7, 15, 14, 16, 2, 14, 18, 7, 15, 13, 20, 13, 19, 18, 16, 4, 5, 9, 8, 14, 3, 2, 18, 12, 18, 15, 19, 11, 11, 5, 16, 11, 20, 9, 12, 14, 18, 4, 18, 3, 6, 6, 11, 1, 16, 9, 10, 4, 9, 20, 9, 9, 4, 4, 6, 6, 14, 2, 2, 9, 20, 9, 17, 4, 14, 1, 16, 17, 19, 18, 17, 5, 18, 9, 10, 13, 19, 16, 16, 8, 6, 4, 12, 20, 3, 2, 16, 13, 1, 12, 2, 16, 8, 11, 10, 15, 6, 12, 9, 14, 19, 16, 6, 11, 2, 12, 8, 10, 20, 17, 5, 7, 13, 8, 3, 20, 18, 11, 10, 11, 13, 4, 20, 19, 11, 5, 8, 19, 5, 8, 5, 7, 10, 13, 2, 17, 8, 17, 20, 15, 8, 1, 18, 3, 1, 14, 12, 19, 19, 6, 15, 20, 5, 10, 19, 7, 10, 6, 5, 7, 5, 1, 10, 3, 17, 13, 17, 17, 8, 7, 1, 7, 17, 3, 10, 1, 4, 13, 4, 1, 1, 7, 6, 3]
bestever    2325    in generation 254
[12, 15, 15, 12, 2, 15, 7, 2, 15, 12, 11, 13, 3, 3, 14, 14, 7, 15, 14, 16, 2, 14, 18, 7, 15, 13, 20, 13, 19, 18, 16, 4, 5, 9, 8, 14, 3, 2, 18, 12, 18, 15, 19, 11, 11, 5, 16, 11, 20, 9, 12, 14, 18, 4, 18, 3, 6, 6, 11, 1, 16, 9, 10, 10, 9, 20, 9, 9, 4, 4, 6, 6, 14, 2, 2, 9, 20, 9, 17, 4, 14, 1, 16, 17, 19, 18, 17, 5, 18, 9, 10, 13, 19, 16, 16, 8, 6, 4, 12, 20, 3, 2, 16, 13, 1, 12, 2, 16, 8, 11, 10, 15, 6, 12, 9, 14, 19, 16, 6, 11, 2, 12, 8, 10, 20, 17, 5, 7, 13, 8, 3, 20, 18, 11, 4, 11, 13, 4, 20, 19, 11, 5, 8, 19, 5, 8, 5, 7, 10, 13, 2, 17, 8, 17, 20, 15, 8, 1, 18, 3, 1, 14, 12, 19, 19, 6, 15, 20, 5, 10, 19, 7, 10, 6, 5, 7, 5, 1, 10, 3, 17, 13, 17, 17, 8, 7, 1, 7, 17, 3, 10, 1, 4, 13, 4, 1, 1, 7, 6, 3]
bestever    2323    in generation 257
[12, 15, 15, 12, 2, 15, 7, 2, 15, 12, 11, 13, 3, 3, 14, 14, 7, 15, 14, 16, 2, 14, 18, 7, 15, 13, 20, 13, 19, 18, 16, 9, 5, 4, 8, 14, 3, 2, 18, 12, 18, 15, 19, 11, 11, 5, 16, 11, 20, 9, 12, 14, 18, 4, 18, 3, 6, 6, 11, 1, 16, 9, 10, 10, 9, 20, 9, 9, 4, 4, 6, 6, 14, 2, 2, 9, 20, 9, 17, 4, 14, 1, 16, 17, 19, 18, 17, 5, 18, 9, 10, 13, 19, 16, 16, 8, 6, 4, 12, 20, 3, 2, 16, 13, 1, 12, 2, 16, 8, 11, 10, 15, 6, 12, 9, 14, 19, 16, 6, 11, 2, 12, 8, 10, 20, 17, 5, 7, 13, 8, 3, 20, 18, 11, 4, 11, 13, 4, 20, 19, 11, 5, 8, 19, 5, 8, 5, 7, 10, 13, 2, 17, 8, 17, 20, 15, 8, 1, 18, 3, 1, 14, 12, 19, 19, 6, 15, 20, 5, 10, 19, 7, 10, 6, 5, 7, 5, 1, 10, 3, 17, 13, 17, 17, 8, 7, 1, 7, 17, 3, 10, 1, 4, 13, 4, 1, 1, 7, 6, 3]
bestever    2320    in generation 261
[12, 15, 15, 12, 2, 15, 7, 2, 15, 12, 11, 13, 3, 3, 14, 14, 7, 15, 14, 16, 2, 14, 18, 7, 15, 13, 20, 13, 19, 18, 16, 9, 5, 4, 8, 14, 3, 2, 18, 12, 18, 15, 19, 11, 11, 5, 16, 11, 20, 9, 12, 14, 18, 4, 18, 3, 6, 6, 11, 1, 16, 9, 10, 10, 9, 20, 9, 9, 4, 4, 6, 6, 14, 2, 2, 9, 20, 9, 17, 4, 14, 1, 16, 17, 19, 18, 17, 5, 18, 9, 10, 13, 19, 16, 16, 8, 6, 4, 12, 20, 3, 2, 16, 13, 1, 12, 2, 16, 8, 11, 10, 15, 17, 12, 9, 14, 19, 16, 6, 11, 2, 12, 8, 10, 20, 6, 5, 7, 13, 8, 3, 20, 18, 11, 4, 11, 13, 4, 20, 19, 11, 5, 8, 19, 5, 8, 5, 7, 10, 13, 2, 17, 8, 17, 20, 15, 8, 1, 18, 3, 1, 14, 12, 19, 19, 6, 15, 20, 5, 10, 19, 7, 10, 6, 5, 7, 5, 1, 10, 3, 17, 13, 17, 17, 8, 7, 1, 7, 17, 3, 10, 1, 4, 13, 4, 1, 1, 7, 6, 3]
bestever    2317    in generation 262
[12, 15, 15, 12, 2, 15, 7, 2, 15, 12, 11, 13, 3, 3, 14, 14, 7, 15, 14, 16, 2, 14, 18, 7, 9, 13, 20, 13, 19, 18, 16, 9, 5, 4, 8, 14, 3, 2, 18, 12, 18, 15, 19, 11, 11, 5, 16, 11, 20, 9, 12, 14, 18, 4, 18, 3, 6, 6, 11, 1, 16, 9, 10, 10, 9, 20, 15, 9, 4, 4, 6, 6, 14, 2, 2, 9, 20, 9, 17, 4, 14, 1, 16, 17, 19, 18, 17, 5, 18, 9, 10, 13, 19, 16, 16, 8, 6, 4, 12, 20, 3, 2, 16, 13, 1, 12, 2, 16, 8, 11, 10, 15, 6, 12, 9, 14, 19, 16, 6, 11, 2, 12, 8, 10, 20, 17, 5, 7, 13, 8, 3, 20, 18, 11, 4, 11, 13, 4, 20, 19, 11, 5, 8, 19, 5, 8, 5, 7, 10, 13, 2, 17, 8, 17, 20, 15, 8, 1, 18, 3, 1, 14, 12, 19, 19, 6, 15, 20, 5, 10, 19, 7, 10, 6, 5, 7, 5, 1, 10, 3, 17, 13, 17, 17, 8, 7, 1, 7, 17, 3, 10, 1, 4, 13, 4, 1, 1, 7, 6, 3]
bestever    2314    in generation 264
[12, 15, 15, 12, 2, 15, 7, 2, 15, 12, 11, 13, 3, 3, 14, 14, 7, 15, 14, 16, 2, 14, 18, 7, 15, 13, 20, 13, 19, 18, 16, 9, 5, 4, 8, 14, 3, 2, 18, 12, 18, 15, 19, 11, 11, 5, 16, 9, 20, 9, 12, 14, 18, 4, 18, 3, 6, 6, 11, 1, 16, 11, 10, 10, 9, 20, 9, 9, 4, 4, 6, 6, 14, 2, 2, 9, 20, 9, 17, 4, 14, 1, 16, 17, 19, 18, 17, 5, 18, 9, 10, 13, 19, 16, 16, 8, 6, 4, 12, 20, 3, 2, 16, 13, 1, 12, 2, 16, 8, 11, 10, 15, 6, 12, 9, 14, 19, 16, 6, 11, 2, 12, 8, 10, 20, 17, 5, 7, 13, 8, 3, 20, 18, 11, 4, 11, 13, 4, 20, 19, 11, 5, 8, 19, 5, 8, 5, 7, 10, 13, 2, 17, 8, 17, 20, 15, 8, 1, 18, 3, 1, 14, 12, 19, 19, 6, 15, 20, 5, 10, 19, 7, 10, 6, 5, 7, 5, 1, 10, 3, 17, 13, 17, 17, 8, 7, 1, 7, 17, 3, 10, 1, 4, 7, 4, 1, 1, 13, 6, 3]
bestever    2312    in generation 269
[12, 15, 15, 12, 2, 15, 7, 2, 15, 12, 11, 13, 3, 3, 14, 14, 7, 15, 14, 16, 2, 14, 18, 7, 15, 13, 20, 13, 19, 18, 16, 9, 5, 4, 8, 14, 3, 2, 18, 12, 18, 15, 19, 11, 11, 5, 16, 9, 20, 9, 12, 14, 18, 4, 18, 3, 6, 6, 11, 1, 16, 11, 10, 10, 9, 20, 9, 9, 4, 4, 6, 6, 14, 2, 2, 9, 20, 9, 17, 4, 14, 2, 16, 17, 19, 18, 17, 5, 18, 9, 10, 13, 19, 16, 16, 8, 6, 4, 12, 20, 3, 2, 16, 13, 1, 12, 2, 16, 8, 11, 10, 15, 6, 12, 9, 14, 19, 16, 6, 11, 1, 12, 8, 10, 20, 17, 5, 7, 13, 8, 3, 20, 18, 11, 4, 11, 13, 4, 20, 19, 11, 5, 8, 19, 5, 8, 5, 7, 10, 13, 2, 17, 8, 17, 20, 15, 8, 1, 18, 3, 1, 14, 12, 19, 19, 6, 15, 20, 5, 10, 19, 7, 10, 6, 5, 7, 5, 1, 10, 3, 17, 13, 17, 17, 8, 7, 1, 7, 17, 3, 10, 1, 4, 7, 4, 1, 1, 13, 6, 3]
bestever    2311    in generation 271
[12, 15, 15, 12, 2, 15, 7, 2, 15, 12, 11, 13, 3, 3, 14, 14, 7, 15, 14, 16, 2, 14, 18, 7, 15, 13, 20, 13, 19, 18, 16, 9, 5, 4, 8, 14, 3, 2, 18, 12, 18, 15, 19, 11, 11, 5, 16, 9, 20, 9, 12, 14, 18, 4, 18, 3, 6, 6, 11, 1, 16, 11, 10, 10, 9, 20, 9, 9, 4, 4, 6, 6, 14, 2, 2, 9, 20, 9, 17, 4, 14, 2, 16, 17, 19, 18, 17, 5, 18, 9, 10, 13, 19, 16, 16, 8, 8, 4, 12, 20, 3, 2, 16, 13, 1, 12, 2, 16, 8, 11, 10, 15, 6, 12, 9, 14, 19, 16, 6, 11, 1, 12, 6, 10, 20, 17, 5, 7, 13, 8, 3, 20, 18, 11, 4, 11, 13, 4, 20, 19, 11, 5, 8, 19, 5, 8, 5, 7, 10, 13, 2, 17, 8, 17, 20, 15, 8, 1, 18, 3, 1, 14, 12, 19, 19, 6, 15, 20, 5, 10, 19, 7, 10, 6, 5, 7, 5, 1, 10, 3, 17, 13, 17, 17, 8, 7, 1, 7, 17, 3, 10, 1, 4, 7, 4, 1, 1, 13, 6, 3]
bestever    2303    in generation 275
[12, 15, 15, 12, 2, 15, 7, 2, 15, 12, 11, 13, 3, 3, 14, 14, 7, 15, 14, 16, 2, 14, 18, 7, 15, 13, 20, 13, 19, 18, 16, 9, 5, 4, 8, 14, 3, 2, 18, 12, 18, 15, 19, 11, 11, 5, 16, 9, 20, 9, 12, 14, 18, 4, 18, 3, 6, 6, 11, 1, 16, 11, 10, 10, 9, 20, 9, 9, 4, 4, 6, 6, 14, 2, 2, 9, 20, 9, 17, 4, 14, 2, 16, 17, 19, 18, 17, 5, 18, 9, 10, 13, 19, 16, 16, 8, 8, 4, 12, 20, 3, 2, 16, 13, 1, 12, 2, 16, 8, 11, 4, 15, 6, 12, 9, 14, 19, 16, 6, 11, 1, 12, 6, 10, 20, 17, 5, 7, 13, 8, 3, 20, 18, 11, 10, 11, 13, 4, 20, 19, 11, 5, 8, 19, 5, 8, 5, 7, 10, 13, 2, 17, 8, 17, 20, 15, 8, 1, 18, 3, 1, 14, 12, 19, 19, 6, 15, 20, 5, 10, 19, 7, 10, 6, 5, 7, 5, 1, 10, 3, 17, 13, 17, 17, 8, 7, 1, 7, 17, 3, 10, 1, 4, 7, 4, 1, 1, 13, 6, 3]
bestever    2297    in generation 288
[12, 15, 15, 12, 2, 15, 7, 2, 15, 12, 11, 13, 3, 3, 14, 14, 7, 15, 14, 16, 2, 14, 18, 7, 15, 13, 20, 13, 19, 18, 16, 9, 5, 4, 8, 14, 3, 2, 18, 12, 18, 15, 11, 11, 11, 5, 16, 9, 20, 9, 12, 14, 18, 4, 18, 3, 6, 6, 19, 1, 16, 11, 10, 10, 9, 20, 9, 9, 4, 4, 6, 6, 14, 2, 2, 9, 20, 9, 17, 4, 14, 2, 16, 17, 19, 18, 17, 5, 18, 9, 10, 13, 19, 16, 16, 8, 8, 4, 12, 20, 3, 2, 16, 13, 1, 12, 2, 16, 8, 11, 4, 15, 6, 12, 9, 14, 19, 16, 6, 11, 1, 12, 6, 10, 20, 17, 5, 7, 13, 8, 3, 20, 18, 11, 10, 11, 13, 4, 20, 19, 11, 5, 8, 19, 5, 8, 5, 7, 10, 13, 2, 17, 8, 17, 20, 15, 8, 1, 18, 3, 1, 14, 12, 19, 19, 6, 15, 20, 5, 10, 19, 7, 10, 6, 5, 7, 5, 1, 10, 3, 17, 13, 17, 17, 8, 7, 1, 7, 17, 3, 10, 1, 4, 7, 4, 1, 1, 13, 6, 3]
bestever    2273    in generation 289
[12, 15, 15, 12, 2, 15, 7, 2, 15, 12, 11, 13, 3, 3, 14, 14, 7, 15, 14, 16, 2, 14, 18, 7, 15, 13, 20, 13, 19, 18, 16, 9, 5, 4, 9, 14, 3, 2, 18, 12, 18, 15, 11, 11, 11, 5, 16, 9, 20, 9, 12, 14, 18, 4, 18, 3, 6, 6, 19, 1, 16, 11, 10, 10, 9, 20, 8, 9, 4, 4, 6, 6, 14, 2, 2, 9, 20, 9, 17, 4, 14, 2, 16, 17, 19, 18, 17, 5, 18, 9, 10, 13, 19, 16, 16, 8, 8, 4, 12, 20, 3, 2, 16, 13, 1, 12, 2, 16, 8, 11, 4, 15, 6, 12, 9, 14, 19, 16, 6, 11, 1, 12, 6, 10, 20, 17, 5, 7, 13, 8, 3, 20, 18, 11, 10, 11, 13, 4, 20, 19, 11, 5, 8, 19, 5, 8, 5, 7, 10, 13, 2, 17, 8, 17, 20, 15, 8, 1, 18, 3, 1, 14, 12, 19, 19, 6, 15, 20, 5, 10, 19, 7, 10, 6, 5, 7, 5, 1, 10, 3, 17, 13, 17, 17, 8, 7, 1, 7, 17, 3, 10, 1, 4, 7, 4, 1, 1, 13, 6, 3]
bestever    2252    in generation 304
[12, 15, 15, 12, 2, 15, 12, 2, 15, 12, 11, 13, 3, 3, 14, 14, 7, 15, 14, 16, 2, 14, 18, 7, 15, 13, 20, 13, 19, 18, 16, 9, 5, 4, 9, 14, 3, 2, 18, 12, 18, 15, 11, 11, 11, 5, 16, 9, 20, 9, 12, 14, 18, 4, 18, 3, 6, 6, 19, 1, 16, 11, 10, 10, 9, 20, 8, 9, 4, 4, 6, 6, 14, 2, 2, 9, 20, 9, 17, 4, 14, 2, 16, 17, 19, 18, 17, 5, 18, 9, 10, 13, 19, 16, 16, 8, 8, 4, 12, 20, 3, 2, 16, 13, 1, 12, 2, 16, 8, 11, 4, 15, 6, 12, 9, 14, 19, 16, 6, 11, 1, 12, 6, 10, 20, 17, 5, 7, 13, 8, 3, 20, 18, 11, 10, 11, 13, 4, 20, 19, 11, 5, 8, 19, 5, 8, 5, 7, 10, 13, 2, 17, 8, 17, 20, 15, 8, 1, 18, 3, 1, 14, 7, 19, 19, 6, 15, 20, 5, 10, 19, 7, 10, 6, 5, 7, 5, 1, 10, 3, 17, 13, 17, 17, 8, 7, 1, 7, 17, 3, 10, 1, 4, 7, 4, 1, 1, 13, 6, 3]
bestever    2212    in generation 309
[12, 15, 15, 12, 2, 15, 12, 2, 11, 12, 11, 13, 3, 3, 14, 14, 7, 15, 14, 16, 2, 14, 18, 7, 15, 13, 20, 13, 19, 18, 16, 9, 5, 4, 9, 14, 3, 2, 18, 12, 18, 15, 11, 15, 11, 5, 16, 9, 20, 9, 12, 14, 18, 4, 18, 3, 6, 6, 19, 1, 16, 11, 10, 10, 9, 20, 8, 9, 4, 4, 6, 6, 14, 2, 2, 9, 20, 9, 17, 4, 14, 2, 16, 17, 19, 18, 17, 5, 18, 9, 10, 13, 19, 16, 16, 8, 8, 4, 12, 20, 3, 2, 16, 13, 1, 12, 2, 16, 8, 11, 4, 15, 6, 12, 9, 14, 19, 16, 6, 11, 1, 12, 6, 10, 20, 17, 5, 7, 13, 8, 3, 20, 18, 11, 10, 11, 13, 4, 20, 19, 11, 5, 8, 19, 5, 8, 5, 7, 10, 13, 2, 17, 8, 17, 20, 15, 8, 1, 18, 3, 1, 14, 7, 19, 19, 6, 15, 20, 5, 10, 19, 7, 10, 6, 5, 7, 5, 1, 10, 3, 17, 13, 17, 17, 8, 7, 1, 7, 17, 3, 10, 1, 4, 7, 4, 1, 1, 13, 6, 3]
bestever    2209    in generation 319
[12, 15, 15, 12, 2, 15, 12, 2, 11, 12, 11, 13, 3, 3, 14, 14, 7, 15, 14, 16, 2, 14, 18, 7, 15, 13, 20, 13, 19, 18, 16, 9, 5, 4, 9, 14, 3, 2, 18, 12, 18, 15, 11, 15, 11, 5, 16, 9, 20, 9, 12, 14, 18, 4, 18, 3, 6, 6, 19, 1, 16, 11, 10, 10, 9, 20, 8, 9, 4, 4, 6, 6, 15, 2, 2, 9, 20, 9, 17, 4, 14, 2, 16, 17, 19, 18, 17, 5, 18, 9, 10, 13, 19, 16, 16, 8, 8, 4, 12, 20, 3, 2, 16, 13, 1, 12, 2, 16, 8, 11, 4, 15, 6, 12, 9, 14, 19, 16, 6, 11, 1, 12, 6, 10, 20, 17, 5, 7, 13, 8, 3, 20, 18, 11, 10, 11, 13, 4, 20, 19, 11, 5, 8, 19, 5, 8, 5, 7, 10, 13, 2, 17, 8, 17, 20, 14, 8, 1, 18, 3, 1, 14, 7, 19, 19, 6, 15, 20, 5, 10, 19, 7, 10, 6, 5, 7, 5, 1, 10, 3, 17, 13, 17, 17, 8, 7, 1, 7, 17, 3, 10, 1, 4, 7, 4, 1, 1, 13, 6, 3]
bestever    2204    in generation 335
[12, 15, 15, 12, 2, 15, 12, 2, 11, 12, 11, 13, 3, 3, 14, 14, 7, 15, 14, 16, 2, 14, 18, 7, 15, 13, 20, 13, 19, 18, 16, 9, 5, 4, 9, 14, 3, 2, 18, 12, 18, 15, 11, 15, 11, 5, 16, 9, 20, 9, 12, 14, 18, 4, 18, 3, 6, 6, 19, 1, 16, 11, 10, 10, 9, 20, 8, 9, 4, 4, 6, 6, 15, 2, 2, 9, 20, 9, 17, 4, 14, 2, 16, 17, 19, 18, 17, 5, 18, 9, 10, 13, 19, 16, 16, 8, 8, 4, 12, 20, 3, 2, 16, 13, 1, 12, 2, 16, 8, 11, 4, 15, 6, 12, 9, 14, 19, 16, 6, 11, 1, 12, 6, 10, 20, 17, 5, 7, 13, 8, 3, 20, 18, 11, 10, 11, 13, 5, 20, 19, 11, 4, 8, 19, 5, 8, 5, 7, 10, 13, 2, 17, 8, 17, 20, 14, 8, 1, 18, 3, 1, 14, 7, 19, 19, 6, 15, 20, 5, 10, 19, 7, 10, 6, 5, 7, 5, 1, 10, 3, 17, 13, 17, 17, 8, 7, 1, 7, 17, 3, 10, 1, 4, 7, 4, 1, 1, 13, 6, 3]
bestever    2167    in generation 337
[12, 15, 15, 12, 2, 15, 12, 2, 11, 12, 11, 13, 3, 3, 14, 14, 7, 15, 14, 16, 2, 14, 18, 7, 15, 13, 20, 13, 19, 18, 16, 9, 5, 4, 9, 14, 3, 2, 18, 12, 18, 15, 11, 15, 11, 5, 16, 9, 20, 9, 12, 14, 18, 4, 18, 3, 6, 6, 19, 1, 16, 11, 10, 10, 9, 20, 8, 9, 4, 4, 6, 6, 15, 2, 2, 9, 20, 9, 17, 4, 14, 2, 16, 17, 19, 18, 17, 5, 18, 9, 10, 13, 19, 16, 16, 8, 8, 4, 12, 20, 3, 2, 16, 13, 1, 12, 2, 16, 8, 11, 4, 15, 6, 12, 9, 14, 19, 16, 6, 11, 1, 12, 6, 10, 20, 17, 5, 7, 13, 8, 3, 20, 18, 11, 10, 11, 13, 5, 20, 19, 11, 4, 8, 19, 5, 8, 7, 7, 10, 13, 2, 17, 8, 17, 20, 14, 8, 1, 18, 3, 1, 14, 5, 19, 19, 6, 15, 20, 5, 10, 19, 7, 10, 6, 5, 7, 5, 1, 10, 3, 17, 13, 17, 17, 8, 7, 1, 7, 17, 3, 10, 1, 4, 7, 4, 1, 1, 13, 6, 3]
bestever    2166    in generation 357
[12, 15, 15, 12, 2, 15, 12, 2, 11, 2, 11, 13, 3, 3, 14, 14, 7, 15, 14, 16, 2, 14, 18, 7, 15, 13, 20, 13, 19, 18, 16, 9, 5, 4, 9, 14, 3, 12, 18, 12, 18, 15, 11, 15, 11, 5, 16, 9, 20, 9, 12, 14, 18, 4, 18, 3, 6, 6, 19, 1, 16, 11, 10, 10, 9, 20, 8, 9, 4, 4, 6, 6, 15, 2, 2, 9, 20, 9, 17, 4, 14, 2, 16, 17, 19, 18, 17, 5, 18, 9, 10, 13, 19, 16, 16, 8, 8, 4, 12, 20, 3, 2, 16, 13, 1, 12, 2, 16, 8, 11, 4, 15, 6, 12, 9, 14, 19, 16, 6, 11, 1, 12, 6, 10, 20, 17, 5, 7, 13, 8, 3, 20, 18, 11, 10, 11, 13, 5, 20, 19, 11, 4, 8, 19, 5, 8, 7, 7, 10, 13, 2, 17, 8, 17, 20, 14, 8, 1, 18, 3, 1, 14, 5, 19, 19, 6, 15, 20, 5, 10, 19, 7, 10, 6, 5, 7, 5, 1, 10, 3, 17, 13, 17, 17, 8, 7, 1, 7, 17, 3, 10, 1, 4, 7, 4, 1, 1, 13, 6, 3]
bestever    2161    in generation 370
[12, 15, 15, 12, 2, 15, 12, 2, 11, 2, 11, 13, 3, 3, 14, 14, 7, 15, 14, 16, 2, 14, 18, 7, 15, 13, 20, 13, 19, 18, 16, 9, 5, 4, 9, 14, 3, 12, 18, 12, 18, 15, 11, 15, 11, 5, 16, 9, 20, 9, 12, 14, 18, 4, 18, 3, 6, 6, 19, 1, 16, 11, 10, 10, 9, 20, 8, 9, 4, 4, 6, 6, 15, 2, 2, 9, 20, 9, 17, 4, 14, 2, 16, 17, 19, 18, 17, 5, 18, 9, 10, 13, 19, 16, 16, 8, 8, 4, 12, 20, 3, 2, 16, 13, 1, 12, 2, 16, 8, 11, 4, 15, 6, 12, 9, 14, 19, 16, 6, 11, 1, 12, 6, 10, 20, 17, 5, 7, 13, 8, 3, 20, 18, 11, 10, 11, 13, 5, 20, 19, 11, 4, 8, 19, 5, 8, 7, 20, 10, 13, 2, 17, 8, 17, 20, 14, 8, 1, 18, 3, 1, 14, 5, 19, 19, 6, 15, 7, 5, 10, 19, 7, 10, 6, 5, 7, 5, 1, 10, 3, 17, 13, 17, 17, 8, 7, 1, 7, 17, 3, 10, 1, 4, 7, 4, 1, 1, 13, 6, 3]
bestever    2158    in generation 374
[12, 15, 15, 12, 2, 15, 12, 2, 11, 2, 11, 13, 3, 3, 14, 14, 7, 15, 14, 16, 2, 14, 18, 7, 15, 13, 20, 13, 19, 18, 16, 9, 2, 4, 9, 14, 3, 12, 18, 12, 18, 15, 11, 15, 11, 5, 16, 9, 20, 9, 12, 14, 18, 4, 18, 3, 6, 6, 19, 1, 16, 11, 10, 10, 9, 20, 8, 9, 4, 4, 6, 6, 15, 5, 2, 9, 20, 9, 17, 4, 14, 2, 16, 17, 19, 18, 17, 5, 18, 9, 10, 13, 19, 16, 16, 8, 8, 4, 12, 20, 3, 2, 16, 13, 1, 12, 2, 16, 8, 11, 4, 15, 6, 12, 9, 14, 19, 16, 6, 11, 1, 12, 6, 10, 20, 17, 5, 7, 13, 8, 3, 20, 18, 11, 10, 11, 13, 5, 20, 19, 11, 4, 8, 19, 5, 8, 7, 20, 10, 13, 2, 17, 8, 17, 20, 14, 8, 1, 18, 3, 1, 14, 5, 19, 19, 6, 15, 7, 5, 10, 19, 7, 10, 6, 5, 7, 5, 1, 10, 3, 17, 13, 17, 17, 8, 7, 1, 7, 17, 3, 10, 1, 4, 7, 4, 1, 1, 13, 6, 3]
bestever    2143    in generation 394
[12, 15, 15, 12, 2, 15, 12, 2, 11, 2, 11, 13, 3, 3, 14, 14, 7, 15, 14, 16, 2, 14, 18, 7, 15, 13, 20, 13, 19, 18, 16, 9, 2, 4, 9, 14, 3, 12, 18, 12, 18, 15, 11, 15, 11, 5, 16, 9, 20, 9, 12, 14, 18, 4, 18, 3, 6, 6, 19, 1, 16, 11, 10, 10, 9, 20, 8, 9, 4, 4, 6, 6, 15, 5, 2, 18, 20, 9, 17, 4, 14, 2, 16, 17, 19, 18, 17, 5, 9, 9, 10, 13, 19, 16, 16, 8, 8, 4, 12, 20, 3, 2, 16, 13, 1, 12, 2, 16, 8, 11, 4, 15, 6, 12, 9, 14, 19, 16, 6, 11, 1, 12, 6, 10, 20, 17, 5, 7, 13, 8, 3, 20, 18, 11, 10, 11, 13, 5, 20, 19, 11, 4, 8, 19, 5, 8, 7, 20, 10, 13, 2, 17, 8, 17, 20, 14, 8, 1, 18, 3, 1, 14, 5, 19, 19, 6, 15, 7, 5, 10, 19, 7, 10, 6, 5, 7, 5, 1, 10, 3, 17, 13, 17, 17, 8, 7, 1, 7, 17, 3, 10, 1, 4, 7, 4, 1, 1, 13, 6, 3]
bestever    2136    in generation 397
[12, 15, 15, 12, 2, 15, 12, 2, 11, 2, 11, 13, 3, 3, 14, 14, 7, 15, 14, 16, 2, 14, 18, 7, 15, 13, 20, 13, 19, 18, 16, 9, 2, 4, 9, 14, 3, 12, 18, 12, 18, 15, 11, 15, 11, 5, 16, 9, 20, 9, 12, 14, 18, 4, 18, 3, 6, 6, 19, 1, 16, 11, 10, 10, 9, 20, 8, 9, 4, 4, 6, 6, 15, 5, 2, 18, 20, 9, 17, 4, 14, 2, 16, 17, 19, 18, 17, 5, 9, 9, 10, 13, 19, 16, 16, 8, 8, 4, 12, 20, 3, 2, 16, 13, 1, 12, 2, 16, 8, 11, 4, 15, 6, 12, 9, 14, 19, 16, 6, 11, 1, 12, 6, 10, 20, 17, 5, 7, 13, 8, 3, 20, 18, 11, 10, 11, 13, 5, 20, 19, 11, 4, 8, 19, 5, 8, 7, 20, 10, 13, 2, 17, 8, 17, 20, 14, 8, 1, 18, 3, 1, 14, 5, 19, 19, 6, 15, 7, 5, 10, 19, 7, 10, 6, 5, 7, 5, 1, 10, 3, 17, 13, 17, 17, 8, 7, 1, 3, 17, 3, 10, 1, 4, 7, 4, 1, 1, 13, 6, 7]
bestever    2122    in generation 458
[12, 15, 15, 12, 2, 15, 12, 2, 11, 2, 11, 13, 3, 3, 14, 14, 7, 15, 14, 16, 2, 14, 18, 7, 15, 13, 20, 13, 19, 18, 16, 9, 2, 4, 9, 14, 3, 12, 18, 12, 18, 15, 11, 15, 11, 5, 16, 9, 20, 9, 12, 14, 18, 4, 18, 3, 6, 6, 19, 1, 16, 11, 10, 10, 9, 20, 8, 9, 4, 4, 6, 6, 15, 5, 2, 18, 20, 9, 17, 4, 14, 2, 16, 17, 19, 18, 17, 5, 9, 9, 10, 13, 19, 16, 16, 8, 8, 4, 12, 20, 3, 2, 16, 13, 1, 12, 2, 16, 8, 11, 4, 15, 6, 12, 9, 14, 19, 16, 6, 11, 1, 12, 6, 10, 20, 17, 5, 7, 13, 8, 3, 20, 18, 11, 10, 11, 13, 5, 20, 19, 11, 4, 8, 19, 5, 8, 6, 20, 10, 13, 2, 17, 8, 17, 20, 14, 8, 1, 18, 3, 1, 14, 5, 19, 19, 6, 15, 7, 5, 10, 19, 7, 10, 6, 5, 7, 5, 1, 10, 3, 17, 13, 17, 17, 8, 7, 1, 3, 17, 3, 10, 1, 4, 7, 4, 1, 1, 13, 7, 7]
bestever    2121    in generation 495
[12, 15, 15, 12, 2, 15, 12, 2, 11, 2, 11, 13, 3, 3, 14, 14, 7, 15, 14, 16, 2, 14, 18, 7, 15, 13, 20, 13, 19, 18, 16, 9, 2, 4, 9, 14, 3, 12, 18, 12, 18, 15, 11, 15, 11, 5, 16, 9, 20, 9, 12, 14, 18, 4, 18, 3, 6, 6, 19, 1, 16, 11, 10, 10, 9, 20, 8, 9, 4, 4, 6, 6, 15, 5, 2, 18, 20, 9, 17, 4, 14, 2, 16, 17, 19, 18, 17, 5, 9, 9, 10, 13, 19, 16, 16, 8, 8, 4, 12, 20, 3, 2, 16, 13, 1, 12, 2, 16, 8, 11, 4, 15, 6, 12, 9, 14, 19, 16, 6, 11, 1, 12, 6, 10, 20, 17, 5, 7, 13, 8, 3, 20, 18, 11, 10, 11, 13, 5, 20, 19, 11, 4, 8, 19, 5, 8, 6, 20, 10, 13, 2, 17, 8, 17, 20, 14, 8, 1, 18, 3, 1, 14, 5, 19, 19, 6, 15, 7, 5, 10, 19, 7, 10, 6, 5, 7, 5, 1, 10, 3, 3, 13, 17, 17, 8, 7, 1, 17, 17, 3, 10, 1, 4, 7, 4, 1, 1, 13, 7, 7]
bestever    2120    in generation 538
[12, 15, 15, 12, 2, 15, 12, 2, 11, 2, 11, 13, 3, 3, 14, 14, 7, 15, 14, 16, 2, 14, 18, 7, 15, 13, 20, 13, 19, 18, 16, 9, 2, 4, 9, 14, 3, 12, 18, 12, 18, 15, 11, 15, 11, 5, 16, 9, 20, 9, 12, 14, 18, 4, 18, 3, 6, 6, 19, 1, 16, 11, 10, 10, 9, 20, 8, 9, 4, 4, 6, 6, 15, 5, 2, 18, 20, 9, 17, 4, 14, 2, 16, 1, 19, 18, 17, 5, 9, 9, 10, 13, 19, 16, 16, 8, 8, 4, 12, 20, 3, 2, 16, 13, 1, 12, 2, 16, 8, 11, 4, 15, 6, 12, 9, 14, 19, 16, 6, 11, 1, 12, 6, 10, 20, 17, 5, 7, 13, 8, 3, 20, 18, 11, 10, 11, 13, 5, 20, 19, 11, 4, 8, 19, 5, 8, 6, 20, 10, 13, 2, 17, 8, 17, 20, 14, 8, 1, 18, 3, 1, 14, 5, 19, 19, 6, 15, 7, 5, 10, 19, 7, 10, 6, 5, 7, 5, 1, 10, 3, 3, 13, 17, 17, 8, 7, 1, 17, 17, 3, 10, 17, 4, 7, 4, 1, 1, 13, 7, 7]
bestever    2117    in generation 540
[12, 15, 15, 12, 2, 15, 12, 2, 11, 2, 11, 13, 3, 3, 14, 14, 7, 15, 14, 16, 2, 14, 18, 7, 15, 13, 20, 13, 19, 18, 16, 9, 2, 4, 9, 14, 3, 12, 18, 12, 18, 15, 11, 15, 11, 5, 16, 9, 20, 9, 12, 14, 18, 4, 18, 3, 6, 6, 19, 1, 16, 11, 10, 10, 9, 20, 8, 9, 4, 4, 6, 6, 15, 5, 2, 18, 20, 9, 17, 4, 14, 2, 16, 1, 19, 18, 17, 5, 9, 9, 10, 13, 19, 16, 16, 8, 8, 4, 12, 20, 3, 2, 16, 13, 1, 12, 2, 16, 8, 11, 4, 15, 6, 12, 9, 14, 19, 16, 6, 11, 1, 12, 6, 10, 20, 17, 5, 7, 13, 8, 3, 20, 18, 11, 10, 11, 13, 5, 20, 19, 11, 4, 8, 19, 5, 8, 6, 20, 10, 13, 2, 17, 8, 17, 20, 14, 7, 1, 18, 3, 1, 14, 5, 19, 19, 6, 15, 7, 5, 10, 19, 8, 10, 6, 5, 7, 5, 1, 10, 3, 3, 13, 17, 17, 8, 7, 1, 17, 17, 3, 10, 17, 4, 7, 4, 1, 1, 13, 7, 7]
bestever    2097    in generation 543
[12, 15, 15, 12, 2, 15, 12, 2, 11, 2, 11, 13, 3, 3, 14, 14, 7, 15, 14, 16, 2, 14, 18, 7, 15, 13, 20, 13, 19, 18, 16, 9, 2, 4, 9, 14, 3, 12, 18, 12, 18, 15, 11, 15, 11, 5, 16, 9, 20, 9, 12, 14, 18, 4, 18, 3, 6, 6, 19, 1, 16, 11, 10, 1, 9, 20, 8, 9, 4, 4, 6, 6, 15, 5, 2, 18, 20, 9, 17, 4, 14, 2, 16, 1, 19, 18, 17, 5, 9, 9, 10, 13, 19, 16, 16, 8, 8, 4, 12, 20, 3, 2, 16, 13, 1, 12, 2, 16, 8, 11, 4, 15, 6, 12, 9, 14, 19, 16, 6, 11, 1, 12, 6, 10, 20, 17, 5, 7, 13, 8, 3, 20, 18, 11, 10, 11, 13, 5, 20, 19, 11, 4, 8, 19, 5, 8, 6, 20, 10, 13, 2, 17, 8, 17, 20, 14, 7, 10, 18, 3, 1, 14, 5, 19, 19, 6, 15, 7, 5, 10, 19, 8, 10, 6, 5, 7, 5, 1, 10, 3, 3, 13, 17, 17, 8, 7, 1, 17, 17, 3, 10, 17, 4, 7, 4, 1, 1, 13, 7, 7]
bestever    2088    in generation 564
[12, 15, 15, 12, 2, 15, 12, 2, 11, 2, 11, 13, 3, 3, 14, 14, 7, 15, 14, 16, 2, 14, 18, 7, 15, 13, 20, 11, 19, 18, 16, 9, 2, 4, 9, 14, 3, 12, 18, 12, 18, 15, 13, 15, 11, 5, 16, 9, 20, 9, 12, 14, 18, 4, 18, 3, 6, 6, 19, 1, 16, 11, 10, 1, 9, 20, 8, 9, 4, 4, 6, 6, 15, 5, 2, 18, 20, 9, 17, 4, 14, 2, 16, 1, 19, 18, 17, 5, 9, 9, 10, 13, 19, 16, 16, 8, 8, 4, 12, 20, 3, 2, 16, 13, 1, 12, 2, 16, 8, 11, 4, 15, 6, 12, 9, 14, 19, 16, 6, 11, 1, 12, 6, 10, 20, 17, 5, 7, 13, 8, 3, 20, 18, 11, 10, 11, 13, 5, 20, 19, 11, 4, 8, 19, 5, 8, 6, 20, 10, 13, 2, 17, 8, 17, 20, 14, 7, 10, 18, 3, 1, 14, 5, 19, 19, 6, 15, 7, 5, 10, 19, 8, 10, 6, 5, 7, 5, 1, 10, 3, 3, 13, 17, 17, 8, 7, 1, 17, 17, 3, 10, 17, 4, 7, 4, 1, 1, 13, 7, 7]
bestever    2075    in generation 572
[12, 15, 15, 12, 2, 15, 12, 2, 11, 2, 11, 13, 3, 3, 14, 14, 7, 15, 14, 16, 2, 14, 18, 7, 15, 13, 20, 11, 19, 18, 16, 9, 2, 4, 9, 14, 3, 12, 18, 12, 18, 15, 13, 15, 11, 5, 16, 9, 20, 9, 12, 14, 18, 4, 18, 3, 6, 6, 19, 1, 16, 11, 10, 1, 9, 20, 8, 9, 4, 4, 6, 6, 15, 5, 2, 18, 20, 9, 17, 4, 14, 2, 16, 1, 19, 18, 17, 5, 9, 9, 10, 13, 19, 16, 16, 8, 8, 6, 12, 20, 3, 2, 16, 13, 1, 12, 2, 16, 8, 11, 4, 15, 6, 12, 9, 14, 19, 16, 6, 11, 1, 12, 6, 10, 20, 17, 5, 7, 13, 8, 3, 20, 18, 11, 10, 11, 13, 5, 20, 19, 11, 4, 8, 19, 5, 8, 6, 20, 10, 13, 2, 17, 8, 17, 20, 14, 7, 10, 18, 3, 1, 14, 5, 19, 19, 4, 15, 7, 5, 10, 19, 8, 10, 6, 5, 7, 5, 1, 10, 3, 3, 13, 17, 17, 8, 7, 1, 17, 17, 3, 10, 17, 4, 7, 4, 1, 1, 13, 7, 7]
bestever    2058    in generation 598
[12, 15, 15, 12, 2, 15, 12, 2, 11, 2, 11, 13, 3, 3, 14, 14, 7, 15, 14, 16, 2, 14, 18, 7, 15, 13, 20, 11, 19, 18, 16, 9, 2, 4, 9, 14, 3, 12, 18, 12, 18, 15, 13, 15, 11, 5, 16, 9, 20, 9, 12, 14, 18, 4, 18, 3, 6, 6, 19, 1, 16, 11, 17, 1, 9, 20, 8, 9, 4, 4, 6, 6, 15, 5, 2, 18, 20, 9, 17, 4, 14, 2, 16, 1, 19, 18, 17, 5, 9, 9, 10, 13, 19, 16, 16, 8, 8, 6, 12, 20, 3, 2, 16, 13, 1, 12, 2, 16, 8, 11, 4, 15, 6, 12, 9, 14, 19, 16, 6, 11, 1, 12, 6, 10, 20, 17, 5, 7, 13, 8, 3, 20, 18, 11, 10, 11, 13, 5, 20, 19, 11, 4, 8, 19, 5, 8, 6, 20, 10, 13, 2, 17, 8, 10, 20, 14, 7, 10, 18, 3, 1, 14, 5, 19, 19, 4, 15, 7, 5, 10, 19, 8, 10, 6, 5, 7, 5, 1, 10, 3, 3, 13, 17, 17, 8, 7, 1, 17, 17, 3, 10, 17, 4, 7, 4, 1, 1, 13, 7, 7]
bestever    2055    in generation 658
[12, 15, 15, 12, 2, 15, 12, 2, 11, 2, 11, 13, 3, 3, 14, 14, 7, 15, 14, 16, 2, 14, 18, 7, 15, 13, 20, 11, 19, 18, 16, 9, 2, 4, 9, 14, 3, 15, 18, 12, 18, 15, 13, 12, 11, 7, 16, 9, 20, 9, 12, 14, 18, 4, 18, 3, 6, 6, 19, 1, 16, 11, 17, 1, 9, 20, 8, 9, 4, 4, 6, 6, 15, 5, 2, 18, 20, 9, 17, 4, 14, 2, 16, 1, 19, 18, 17, 5, 9, 9, 10, 13, 19, 16, 16, 8, 8, 6, 12, 20, 3, 2, 16, 13, 1, 12, 2, 16, 8, 11, 4, 15, 6, 12, 9, 14, 19, 16, 6, 11, 1, 12, 6, 10, 20, 17, 5, 5, 13, 8, 3, 20, 18, 11, 10, 11, 13, 5, 20, 19, 11, 4, 8, 19, 5, 8, 6, 20, 10, 13, 2, 17, 8, 10, 20, 14, 7, 10, 18, 3, 1, 14, 5, 19, 19, 4, 15, 7, 5, 10, 19, 8, 10, 6, 5, 7, 5, 1, 10, 3, 3, 13, 17, 17, 8, 7, 1, 17, 17, 3, 10, 17, 4, 7, 4, 1, 1, 13, 7, 7]
bestever    2044    in generation 659
[12, 15, 15, 12, 2, 15, 12, 2, 11, 2, 11, 13, 3, 3, 14, 14, 7, 15, 14, 16, 2, 14, 18, 7, 15, 13, 20, 11, 19, 18, 16, 9, 2, 4, 9, 14, 3, 15, 18, 12, 18, 15, 13, 12, 11, 5, 16, 9, 20, 9, 12, 14, 18, 4, 18, 3, 6, 6, 19, 1, 16, 11, 17, 1, 9, 20, 8, 9, 4, 4, 6, 6, 15, 5, 2, 18, 20, 9, 17, 4, 14, 2, 16, 1, 19, 18, 17, 5, 9, 9, 10, 13, 19, 16, 16, 8, 8, 6, 12, 20, 3, 2, 16, 13, 1, 12, 2, 16, 8, 11, 4, 15, 6, 12, 9, 14, 19, 16, 6, 11, 1, 12, 6, 10, 20, 17, 5, 7, 13, 8, 3, 20, 18, 11, 10, 11, 13, 5, 20, 19, 11, 4, 8, 19, 5, 8, 6, 20, 10, 13, 2, 17, 8, 10, 20, 14, 7, 10, 18, 3, 1, 14, 5, 6, 19, 4, 15, 7, 5, 10, 19, 8, 10, 19, 5, 7, 5, 1, 10, 3, 3, 13, 17, 17, 8, 7, 1, 17, 17, 3, 10, 17, 4, 7, 4, 1, 1, 13, 7, 7]
bestever    2041    in generation 743
[12, 15, 15, 12, 2, 15, 12, 2, 11, 2, 11, 13, 3, 3, 14, 14, 7, 15, 14, 16, 2, 14, 18, 7, 15, 13, 20, 11, 19, 18, 16, 9, 2, 4, 9, 14, 3, 15, 18, 12, 18, 15, 13, 12, 11, 7, 16, 2, 20, 9, 12, 14, 18, 4, 18, 3, 6, 6, 19, 1, 16, 11, 17, 1, 9, 20, 8, 9, 4, 4, 6, 6, 15, 5, 2, 18, 20, 9, 17, 4, 14, 9, 16, 1, 19, 18, 17, 5, 9, 9, 10, 13, 19, 16, 16, 8, 8, 6, 12, 20, 3, 2, 16, 13, 1, 12, 2, 16, 8, 11, 4, 15, 6, 12, 9, 14, 19, 16, 6, 11, 1, 12, 6, 10, 20, 17, 5, 7, 13, 8, 3, 20, 18, 11, 10, 11, 13, 5, 20, 19, 11, 4, 8, 19, 5, 8, 6, 20, 10, 13, 2, 17, 8, 10, 20, 14, 5, 10, 18, 3, 1, 14, 5, 6, 19, 4, 15, 7, 5, 10, 19, 8, 10, 19, 5, 7, 5, 1, 10, 3, 3, 13, 17, 17, 8, 7, 1, 17, 17, 3, 10, 17, 4, 7, 4, 1, 1, 13, 7, 7]
bestever    2029    in generation 805
[12, 15, 15, 12, 2, 15, 12, 2, 11, 2, 11, 13, 3, 3, 14, 14, 7, 15, 15, 16, 2, 14, 18, 7, 15, 13, 20, 11, 19, 18, 16, 9, 2, 4, 9, 14, 3, 15, 18, 12, 18, 15, 13, 12, 11, 14, 16, 2, 20, 9, 12, 14, 18, 4, 18, 3, 6, 6, 19, 1, 16, 11, 17, 1, 9, 20, 8, 9, 4, 4, 6, 6, 15, 5, 2, 18, 20, 9, 17, 4, 14, 9, 16, 1, 19, 18, 17, 5, 9, 9, 10, 13, 19, 16, 16, 8, 8, 6, 12, 20, 3, 2, 16, 13, 1, 12, 2, 16, 8, 11, 4, 7, 6, 12, 9, 14, 19, 16, 6, 11, 1, 12, 6, 10, 20, 17, 5, 7, 13, 8, 3, 20, 18, 11, 10, 11, 13, 5, 20, 19, 11, 4, 8, 19, 5, 8, 6, 20, 10, 13, 2, 17, 8, 10, 20, 14, 5, 10, 18, 3, 1, 14, 5, 6, 19, 4, 15, 7, 5, 10, 19, 8, 10, 19, 5, 7, 5, 1, 10, 3, 3, 13, 17, 17, 8, 7, 1, 17, 17, 3, 10, 17, 4, 7, 4, 1, 1, 13, 7, 7]
bestever    2024    in generation 811
[12, 15, 15, 12, 2, 15, 12, 2, 11, 2, 11, 13, 3, 3, 14, 14, 7, 15, 15, 16, 2, 14, 18, 7, 15, 13, 20, 11, 19, 18, 16, 9, 2, 4, 9, 14, 3, 15, 18, 12, 18, 15, 13, 12, 11, 14, 16, 2, 20, 9, 12, 14, 18, 4, 18, 3, 6, 6, 19, 1, 16, 11, 17, 1, 9, 20, 8, 9, 4, 4, 6, 6, 15, 5, 2, 18, 20, 9, 17, 4, 14, 9, 16, 1, 19, 18, 17, 5, 9, 9, 10, 13, 19, 16, 16, 8, 8, 6, 12, 20, 3, 2, 16, 13, 1, 12, 2, 16, 8, 11, 4, 7, 6, 12, 9, 14, 19, 16, 6, 11, 1, 12, 6, 10, 20, 17, 5, 7, 13, 8, 3, 20, 18, 11, 10, 11, 15, 5, 20, 19, 11, 4, 8, 19, 5, 8, 6, 20, 10, 13, 2, 17, 8, 10, 20, 14, 5, 10, 18, 3, 1, 14, 5, 6, 19, 4, 13, 7, 5, 10, 19, 8, 10, 19, 5, 7, 5, 1, 10, 3, 3, 13, 17, 17, 8, 7, 1, 17, 17, 3, 10, 17, 4, 7, 4, 1, 1, 13, 7, 7]
bestever    2022    in generation 823
[12, 15, 15, 12, 2, 15, 12, 2, 11, 2, 11, 13, 3, 3, 14, 14, 7, 15, 15, 16, 2, 14, 18, 7, 15, 13, 20, 11, 19, 18, 16, 9, 2, 4, 9, 14, 3, 15, 18, 12, 18, 15, 13, 12, 11, 14, 16, 2, 20, 9, 12, 14, 18, 4, 18, 3, 6, 6, 19, 1, 16, 11, 17, 1, 9, 20, 8, 9, 4, 4, 6, 6, 15, 5, 2, 18, 20, 9, 17, 4, 14, 9, 16, 1, 19, 18, 17, 5, 9, 9, 10, 13, 19, 16, 16, 8, 8, 6, 12, 20, 3, 2, 16, 13, 1, 12, 2, 16, 8, 11, 4, 7, 6, 12, 9, 14, 19, 16, 6, 11, 1, 12, 6, 10, 20, 17, 5, 7, 13, 8, 3, 20, 18, 11, 10, 11, 15, 5, 20, 19, 11, 4, 13, 19, 5, 8, 6, 20, 10, 8, 2, 17, 8, 10, 20, 14, 5, 10, 18, 3, 1, 14, 5, 6, 19, 4, 13, 7, 5, 10, 19, 8, 10, 19, 5, 7, 5, 1, 10, 3, 3, 13, 17, 17, 8, 7, 1, 17, 17, 3, 10, 17, 4, 7, 4, 1, 1, 13, 7, 7]
bestever    2020    in generation 832
[12, 15, 15, 12, 2, 15, 12, 2, 11, 2, 11, 13, 3, 3, 14, 14, 7, 15, 15, 16, 2, 14, 18, 7, 15, 13, 20, 11, 19, 18, 16, 9, 2, 4, 9, 14, 3, 15, 18, 12, 18, 15, 13, 12, 11, 14, 16, 2, 20, 9, 12, 14, 18, 4, 18, 3, 6, 6, 19, 1, 16, 11, 17, 1, 9, 20, 8, 9, 4, 4, 6, 6, 15, 5, 2, 18, 20, 9, 17, 4, 14, 9, 16, 1, 19, 18, 17, 5, 9, 9, 10, 13, 19, 16, 16, 8, 8, 6, 12, 20, 3, 2, 16, 13, 1, 12, 2, 16, 8, 11, 4, 7, 6, 12, 9, 14, 19, 16, 6, 11, 1, 12, 6, 10, 20, 17, 5, 18, 13, 8, 3, 20, 18, 11, 10, 11, 15, 5, 20, 19, 11, 4, 13, 19, 5, 8, 6, 20, 10, 8, 2, 17, 8, 10, 20, 14, 5, 10, 7, 3, 1, 14, 5, 6, 19, 4, 13, 7, 5, 10, 19, 8, 10, 19, 5, 7, 5, 1, 10, 3, 3, 13, 17, 17, 8, 7, 1, 17, 17, 3, 10, 17, 4, 7, 4, 1, 1, 13, 7, 7]
bestever    2016    in generation 833
[12, 15, 15, 12, 2, 15, 12, 2, 11, 2, 11, 13, 3, 3, 14, 14, 7, 15, 15, 16, 2, 14, 18, 7, 15, 13, 20, 11, 19, 18, 16, 9, 2, 4, 9, 14, 3, 15, 18, 12, 18, 15, 13, 12, 11, 14, 16, 2, 20, 9, 12, 14, 18, 4, 18, 3, 6, 6, 19, 1, 16, 11, 17, 1, 9, 20, 8, 9, 4, 4, 6, 6, 15, 5, 2, 18, 20, 9, 17, 4, 14, 9, 16, 1, 19, 18, 17, 5, 9, 9, 10, 13, 19, 16, 16, 8, 8, 6, 12, 20, 3, 2, 16, 13, 1, 12, 2, 16, 8, 11, 4, 7, 6, 12, 9, 14, 19, 16, 6, 11, 1, 12, 6, 10, 20, 17, 5, 18, 13, 8, 3, 14, 18, 11, 10, 11, 15, 5, 20, 19, 11, 4, 13, 19, 5, 8, 6, 20, 10, 8, 2, 17, 8, 10, 20, 14, 5, 10, 7, 3, 1, 20, 5, 6, 19, 4, 13, 7, 5, 10, 19, 8, 10, 19, 5, 7, 5, 1, 10, 3, 3, 13, 17, 17, 8, 7, 1, 17, 17, 3, 10, 17, 4, 7, 4, 1, 1, 13, 7, 7]
bestever    2014    in generation 844
[12, 15, 15, 12, 2, 15, 12, 2, 11, 2, 11, 13, 3, 3, 14, 14, 7, 11, 15, 16, 2, 14, 18, 7, 15, 13, 20, 15, 19, 18, 16, 9, 2, 4, 9, 14, 3, 15, 18, 12, 18, 15, 13, 12, 11, 14, 16, 2, 20, 9, 12, 14, 18, 4, 18, 3, 6, 6, 19, 1, 16, 11, 17, 1, 9, 20, 8, 9, 4, 4, 6, 6, 15, 5, 2, 18, 20, 9, 17, 4, 14, 9, 16, 1, 19, 18, 17, 5, 9, 9, 10, 13, 19, 16, 16, 8, 8, 6, 12, 20, 3, 2, 16, 13, 1, 12, 2, 16, 8, 11, 4, 7, 6, 12, 9, 14, 19, 16, 6, 11, 1, 12, 6, 10, 20, 17, 5, 18, 13, 8, 3, 14, 18, 11, 10, 11, 15, 5, 20, 19, 11, 4, 13, 19, 5, 8, 6, 20, 10, 8, 2, 17, 8, 10, 20, 14, 5, 10, 7, 3, 1, 20, 5, 6, 19, 4, 13, 7, 5, 10, 19, 8, 10, 19, 5, 7, 5, 1, 10, 3, 3, 13, 17, 17, 8, 7, 1, 17, 17, 3, 10, 17, 4, 7, 4, 1, 1, 13, 7, 7]
bestever    2013    in generation 847
[12, 15, 15, 12, 2, 15, 12, 2, 11, 2, 11, 13, 3, 3, 14, 14, 7, 11, 15, 16, 2, 14, 18, 7, 15, 13, 20, 15, 19, 18, 16, 9, 2, 4, 9, 14, 3, 15, 18, 12, 18, 15, 13, 12, 11, 14, 16, 2, 20, 9, 12, 14, 18, 4, 18, 3, 6, 6, 19, 1, 16, 11, 17, 1, 9, 20, 8, 9, 4, 4, 6, 6, 15, 5, 2, 18, 20, 9, 17, 4, 14, 9, 16, 1, 19, 2, 17, 5, 9, 9, 10, 13, 19, 16, 16, 8, 8, 6, 12, 20, 3, 2, 16, 13, 1, 12, 2, 16, 8, 11, 4, 7, 6, 12, 9, 14, 19, 16, 6, 11, 1, 12, 6, 10, 20, 17, 5, 18, 13, 8, 3, 14, 18, 11, 10, 11, 15, 5, 20, 19, 11, 4, 13, 19, 5, 8, 6, 20, 10, 8, 18, 17, 8, 10, 20, 14, 5, 10, 7, 3, 1, 20, 5, 6, 19, 4, 13, 7, 5, 10, 19, 8, 10, 19, 5, 7, 5, 1, 10, 3, 3, 13, 17, 17, 8, 7, 1, 17, 17, 3, 10, 17, 4, 7, 4, 1, 1, 13, 7, 7]
bestever    1997    in generation 861
[12, 15, 15, 12, 2, 15, 12, 2, 11, 2, 11, 13, 3, 3, 14, 14, 7, 11, 15, 16, 2, 15, 18, 7, 15, 13, 20, 15, 19, 18, 16, 9, 2, 4, 9, 14, 3, 15, 18, 12, 18, 14, 13, 12, 11, 14, 16, 2, 20, 9, 12, 14, 18, 4, 18, 3, 6, 6, 19, 1, 16, 11, 17, 1, 9, 20, 8, 9, 4, 4, 6, 6, 15, 5, 2, 18, 20, 9, 17, 4, 14, 9, 16, 1, 19, 2, 17, 5, 9, 9, 10, 13, 19, 16, 16, 8, 8, 6, 12, 20, 3, 2, 16, 13, 1, 12, 2, 16, 8, 11, 4, 7, 6, 12, 9, 14, 19, 16, 6, 11, 1, 12, 6, 10, 20, 17, 5, 18, 13, 8, 3, 14, 18, 11, 10, 11, 15, 5, 20, 19, 11, 4, 13, 19, 5, 8, 6, 20, 10, 8, 18, 17, 8, 10, 20, 14, 5, 10, 7, 3, 1, 20, 5, 6, 19, 4, 13, 7, 5, 10, 19, 8, 10, 19, 5, 7, 5, 1, 10, 3, 3, 13, 17, 17, 8, 7, 1, 17, 17, 3, 10, 17, 4, 7, 4, 1, 1, 13, 7, 7]
bestever    1994    in generation 865
[12, 15, 15, 12, 2, 15, 12, 2, 11, 2, 11, 13, 3, 3, 14, 14, 7, 11, 15, 16, 2, 15, 18, 7, 15, 13, 20, 15, 19, 18, 16, 9, 2, 4, 9, 14, 3, 15, 18, 12, 18, 14, 13, 12, 11, 14, 16, 2, 20, 9, 12, 14, 18, 4, 18, 3, 6, 6, 19, 1, 16, 11, 17, 1, 9, 20, 8, 9, 4, 4, 6, 6, 15, 5, 2, 18, 20, 9, 17, 4, 14, 9, 15, 1, 19, 2, 17, 5, 9, 9, 10, 13, 19, 16, 16, 8, 8, 6, 12, 20, 3, 2, 16, 13, 1, 12, 2, 16, 8, 11, 4, 7, 6, 12, 9, 14, 19, 16, 6, 11, 1, 12, 6, 10, 20, 17, 5, 18, 13, 8, 3, 14, 18, 11, 10, 11, 16, 5, 20, 19, 11, 4, 13, 19, 5, 8, 6, 20, 10, 8, 18, 17, 8, 10, 20, 14, 5, 10, 7, 3, 1, 20, 5, 6, 19, 4, 13, 7, 5, 10, 19, 8, 10, 19, 5, 7, 5, 1, 10, 3, 3, 13, 17, 17, 8, 7, 1, 17, 17, 3, 10, 17, 4, 7, 4, 1, 1, 13, 7, 7]
bestever    1992    in generation 880
[12, 15, 15, 12, 2, 15, 12, 2, 11, 2, 11, 13, 3, 3, 14, 14, 7, 11, 15, 16, 2, 15, 18, 7, 15, 13, 20, 15, 19, 18, 16, 9, 2, 4, 9, 14, 3, 15, 18, 12, 18, 14, 13, 12, 11, 14, 16, 2, 20, 9, 12, 14, 18, 4, 18, 3, 6, 6, 19, 1, 16, 11, 17, 1, 9, 15, 8, 9, 4, 4, 6, 6, 15, 5, 2, 18, 20, 9, 17, 4, 14, 9, 20, 1, 19, 2, 17, 5, 9, 9, 10, 13, 19, 16, 16, 8, 8, 6, 12, 20, 3, 2, 16, 13, 1, 12, 2, 16, 8, 11, 4, 7, 6, 12, 9, 14, 19, 16, 6, 11, 1, 12, 6, 10, 20, 17, 5, 18, 13, 8, 3, 14, 18, 11, 10, 11, 16, 5, 20, 19, 11, 4, 13, 19, 5, 8, 6, 20, 10, 8, 18, 17, 8, 10, 20, 14, 5, 10, 7, 3, 1, 20, 5, 6, 19, 4, 13, 7, 5, 10, 19, 8, 10, 19, 5, 7, 5, 1, 10, 3, 3, 13, 17, 17, 8, 7, 1, 17, 17, 3, 10, 17, 4, 7, 4, 1, 1, 13, 7, 7]
bestever    1991    in generation 887
[12, 15, 15, 12, 2, 15, 12, 2, 11, 2, 11, 13, 3, 3, 14, 14, 7, 11, 15, 16, 2, 15, 18, 7, 15, 13, 20, 15, 19, 18, 16, 9, 2, 4, 9, 14, 3, 15, 18, 12, 18, 14, 13, 12, 11, 14, 16, 2, 20, 9, 12, 14, 18, 4, 18, 3, 6, 6, 19, 1, 16, 11, 17, 1, 9, 15, 8, 9, 4, 4, 6, 6, 15, 5, 2, 18, 20, 9, 17, 4, 14, 9, 20, 1, 19, 2, 17, 5, 9, 9, 10, 13, 19, 16, 16, 8, 8, 6, 12, 20, 3, 2, 16, 13, 1, 12, 2, 16, 8, 11, 4, 7, 6, 12, 9, 14, 19, 16, 6, 11, 1, 12, 6, 10, 20, 17, 5, 18, 13, 8, 3, 14, 18, 11, 10, 11, 16, 5, 20, 19, 11, 4, 13, 19, 5, 8, 6, 20, 10, 8, 18, 17, 8, 10, 20, 14, 5, 10, 7, 3, 1, 20, 5, 6, 19, 4, 13, 7, 5, 10, 19, 8, 10, 19, 5, 7, 5, 4, 10, 3, 3, 13, 17, 17, 8, 7, 1, 17, 17, 3, 10, 17, 4, 7, 1, 1, 1, 13, 7, 7]
bestever    1971    in generation 949
[12, 15, 15, 12, 2, 15, 12, 2, 11, 2, 11, 13, 3, 3, 14, 14, 7, 11, 15, 16, 2, 15, 18, 7, 15, 13, 20, 15, 19, 18, 16, 9, 2, 4, 9, 14, 3, 15, 18, 12, 18, 14, 13, 12, 11, 14, 16, 2, 20, 9, 12, 14, 18, 4, 18, 3, 6, 6, 19, 8, 16, 11, 17, 1, 9, 15, 8, 9, 4, 4, 6, 6, 15, 5, 2, 18, 20, 9, 17, 4, 14, 9, 20, 1, 19, 2, 17, 5, 9, 9, 10, 13, 19, 16, 16, 1, 8, 6, 12, 20, 3, 2, 16, 13, 1, 12, 2, 16, 8, 11, 4, 7, 6, 12, 9, 14, 19, 16, 6, 11, 1, 12, 6, 10, 20, 17, 5, 18, 13, 8, 3, 14, 18, 11, 10, 11, 16, 5, 20, 19, 11, 4, 13, 19, 5, 8, 6, 20, 10, 8, 18, 17, 8, 10, 20, 14, 5, 10, 7, 3, 1, 20, 5, 6, 19, 4, 13, 7, 5, 10, 19, 8, 10, 19, 5, 7, 5, 4, 10, 3, 3, 13, 17, 17, 8, 7, 1, 17, 17, 3, 10, 17, 4, 7, 1, 1, 1, 13, 7, 7]
bestever    1948    in generation 1080
[12, 15, 15, 12, 2, 15, 12, 2, 11, 2, 11, 13, 3, 3, 14, 14, 7, 11, 15, 16, 2, 15, 18, 7, 15, 13, 20, 15, 19, 18, 16, 9, 2, 4, 9, 14, 3, 15, 18, 12, 20, 14, 13, 12, 11, 14, 16, 2, 18, 9, 12, 14, 18, 4, 18, 3, 6, 6, 19, 8, 16, 11, 17, 1, 9, 15, 8, 9, 4, 4, 6, 6, 15, 5, 2, 18, 20, 9, 17, 4, 14, 9, 20, 1, 19, 2, 17, 5, 9, 9, 10, 13, 19, 16, 16, 1, 8, 6, 12, 20, 3, 2, 16, 13, 1, 12, 2, 16, 8, 11, 4, 7, 6, 12, 9, 14, 19, 16, 6, 11, 1, 12, 6, 10, 20, 17, 5, 18, 13, 8, 3, 14, 18, 11, 10, 11, 16, 5, 20, 19, 11, 4, 13, 19, 5, 8, 6, 20, 10, 8, 18, 17, 8, 10, 20, 14, 5, 10, 7, 3, 1, 20, 5, 6, 19, 4, 13, 7, 5, 10, 19, 8, 10, 19, 5, 7, 5, 4, 10, 3, 3, 13, 17, 17, 8, 7, 1, 17, 17, 3, 10, 17, 4, 7, 1, 1, 1, 13, 7, 7]
bestever    1940    in generation 1153
[12, 15, 15, 12, 2, 15, 12, 2, 11, 2, 11, 13, 3, 3, 14, 14, 7, 11, 15, 16, 2, 15, 18, 7, 15, 13, 20, 15, 19, 18, 16, 9, 2, 4, 9, 14, 3, 15, 18, 12, 20, 14, 13, 12, 11, 14, 16, 2, 18, 9, 12, 14, 18, 4, 18, 3, 6, 6, 19, 8, 16, 11, 17, 1, 9, 15, 8, 9, 4, 4, 6, 6, 15, 5, 2, 18, 20, 9, 17, 4, 14, 9, 20, 1, 19, 2, 17, 5, 9, 9, 10, 13, 19, 16, 16, 1, 8, 6, 12, 20, 3, 2, 16, 13, 1, 12, 2, 16, 8, 11, 4, 7, 11, 12, 9, 14, 19, 16, 6, 6, 1, 12, 6, 10, 20, 17, 5, 18, 13, 8, 3, 14, 18, 11, 10, 11, 16, 5, 20, 19, 11, 4, 13, 19, 5, 8, 6, 20, 10, 8, 18, 17, 8, 10, 20, 14, 5, 10, 7, 3, 1, 20, 5, 6, 19, 4, 13, 7, 5, 10, 19, 8, 10, 19, 5, 7, 5, 4, 10, 3, 3, 13, 17, 17, 8, 7, 1, 17, 17, 3, 10, 17, 4, 7, 1, 1, 1, 13, 7, 7]
bestever    1938    in generation 1181
[12, 15, 15, 12, 2, 15, 12, 2, 11, 2, 11, 13, 3, 3, 14, 14, 7, 11, 15, 16, 2, 15, 18, 7, 15, 13, 20, 15, 19, 18, 16, 9, 2, 4, 9, 14, 3, 15, 18, 12, 20, 12, 13, 12, 11, 14, 16, 2, 18, 9, 12, 14, 18, 4, 18, 3, 6, 6, 19, 8, 16, 11, 17, 1, 9, 15, 8, 9, 4, 4, 6, 6, 15, 5, 2, 18, 20, 9, 17, 4, 14, 9, 20, 1, 19, 2, 17, 5, 9, 9, 10, 13, 19, 16, 16, 1, 8, 6, 14, 20, 3, 2, 16, 13, 1, 12, 2, 16, 8, 11, 4, 7, 11, 12, 9, 14, 19, 16, 6, 6, 1, 12, 6, 10, 20, 17, 5, 18, 13, 8, 3, 14, 18, 11, 10, 11, 16, 5, 20, 19, 11, 4, 13, 19, 5, 8, 6, 20, 10, 8, 18, 17, 8, 10, 20, 14, 5, 10, 7, 3, 1, 20, 5, 6, 19, 4, 13, 7, 5, 10, 19, 8, 10, 19, 5, 7, 5, 4, 10, 3, 3, 13, 17, 17, 8, 7, 1, 17, 17, 3, 10, 17, 4, 7, 1, 1, 1, 13, 7, 7]
bestever    1936    in generation 1207
[12, 15, 15, 12, 2, 15, 12, 2, 11, 2, 11, 13, 3, 3, 14, 14, 7, 11, 15, 16, 2, 15, 18, 7, 15, 13, 20, 15, 19, 18, 16, 9, 2, 4, 9, 14, 3, 15, 18, 12, 20, 12, 13, 12, 11, 14, 16, 2, 18, 9, 12, 14, 18, 4, 18, 3, 6, 6, 19, 8, 16, 11, 17, 1, 9, 15, 8, 9, 4, 4, 6, 6, 15, 5, 2, 18, 20, 9, 17, 4, 14, 9, 20, 1, 19, 2, 17, 5, 9, 9, 10, 13, 19, 16, 16, 1, 8, 6, 14, 20, 3, 2, 16, 13, 1, 12, 2, 16, 8, 11, 4, 7, 11, 12, 9, 14, 19, 16, 6, 6, 1, 12, 6, 10, 20, 17, 5, 18, 13, 8, 3, 14, 18, 11, 10, 11, 16, 5, 20, 19, 11, 4, 13, 19, 5, 8, 6, 20, 10, 8, 18, 17, 8, 10, 20, 14, 5, 10, 7, 3, 1, 20, 5, 6, 19, 4, 17, 7, 5, 10, 19, 8, 10, 19, 5, 7, 5, 4, 10, 3, 3, 13, 13, 17, 8, 7, 1, 17, 17, 3, 10, 17, 4, 7, 1, 1, 1, 13, 7, 7]
bestever    1929    in generation 1538
[12, 15, 15, 12, 2, 15, 12, 2, 11, 2, 11, 13, 3, 3, 14, 14, 7, 11, 15, 16, 2, 15, 18, 7, 15, 13, 20, 15, 19, 18, 16, 9, 2, 4, 9, 14, 3, 15, 18, 12, 20, 12, 13, 12, 11, 14, 16, 2, 18, 9, 12, 14, 18, 4, 18, 3, 6, 6, 19, 8, 16, 11, 17, 1, 9, 15, 8, 9, 4, 4, 6, 6, 15, 5, 2, 18, 20, 9, 17, 4, 14, 9, 20, 1, 19, 2, 17, 5, 9, 9, 10, 13, 19, 16, 16, 1, 8, 6, 14, 20, 3, 2, 16, 13, 1, 12, 2, 16, 8, 11, 4, 7, 11, 12, 9, 14, 19, 16, 6, 6, 1, 12, 6, 10, 20, 17, 5, 18, 13, 8, 3, 14, 18, 11, 10, 11, 16, 5, 20, 19, 11, 4, 13, 19, 5, 20, 10, 8, 18, 17, 8, 10, 19, 20, 14, 5, 10, 8, 6, 7, 3, 1, 5, 20, 5, 6, 19, 4, 17, 7, 7, 10, 8, 10, 19, 5, 5, 4, 10, 3, 3, 13, 13, 17, 8, 7, 1, 17, 17, 3, 10, 17, 4, 7, 1, 1, 1, 13, 7, 7]
bestever    1928    in generation 1606
[12, 15, 15, 12, 2, 15, 12, 2, 11, 2, 11, 13, 3, 3, 14, 14, 7, 11, 15, 16, 2, 15, 18, 7, 15, 13, 20, 15, 19, 18, 16, 9, 2, 4, 9, 14, 3, 15, 18, 12, 20, 12, 13, 12, 11, 14, 16, 2, 18, 9, 12, 14, 18, 4, 18, 3, 6, 6, 19, 8, 16, 11, 17, 1, 9, 15, 8, 9, 4, 4, 6, 6, 15, 5, 2, 18, 20, 9, 17, 4, 14, 9, 20, 1, 19, 2, 17, 5, 9, 9, 10, 13, 19, 16, 16, 14, 8, 6, 14, 20, 3, 2, 16, 13, 1, 12, 2, 16, 8, 11, 4, 7, 11, 12, 9, 14, 19, 16, 6, 6, 1, 12, 6, 10, 20, 17, 5, 18, 13, 8, 3, 14, 18, 11, 10, 11, 16, 5, 20, 19, 11, 4, 13, 19, 5, 20, 10, 8, 18, 17, 8, 10, 19, 20, 1, 5, 10, 8, 6, 7, 3, 1, 5, 20, 5, 6, 19, 4, 17, 7, 7, 10, 8, 10, 19, 5, 5, 4, 10, 3, 3, 13, 13, 17, 8, 7, 1, 17, 17, 3, 10, 17, 4, 7, 1, 1, 1, 13, 7, 7]
bestever    1926    in generation 1639
[12, 15, 15, 12, 2, 15, 12, 2, 11, 2, 11, 13, 3, 3, 14, 14, 7, 11, 15, 16, 2, 15, 18, 7, 15, 13, 9, 15, 19, 18, 16, 20, 2, 4, 9, 14, 3, 15, 18, 12, 20, 12, 13, 12, 11, 14, 16, 2, 18, 9, 12, 14, 18, 4, 18, 3, 6, 6, 19, 8, 16, 11, 17, 1, 9, 15, 8, 9, 4, 4, 6, 6, 15, 5, 2, 18, 20, 9, 17, 4, 14, 9, 20, 1, 19, 2, 17, 5, 9, 9, 10, 13, 19, 16, 16, 14, 8, 6, 14, 20, 3, 2, 16, 13, 1, 12, 2, 16, 8, 11, 4, 7, 11, 12, 9, 14, 19, 16, 6, 6, 1, 12, 6, 10, 20, 17, 5, 18, 13, 8, 3, 14, 18, 11, 10, 11, 16, 5, 20, 19, 11, 4, 13, 19, 5, 20, 10, 8, 18, 17, 8, 10, 19, 20, 1, 5, 10, 8, 6, 7, 3, 1, 5, 20, 5, 6, 19, 4, 17, 7, 7, 10, 8, 10, 19, 5, 5, 4, 10, 3, 3, 13, 13, 17, 8, 7, 1, 17, 17, 3, 10, 17, 4, 7, 1, 1, 1, 13, 7, 7]
bestever    1921    in generation 1760
[12, 15, 15, 12, 2, 15, 12, 2, 11, 2, 11, 13, 3, 3, 14, 14, 7, 11, 15, 16, 2, 15, 18, 7, 15, 13, 9, 15, 19, 18, 16, 20, 2, 4, 9, 14, 3, 15, 18, 12, 20, 12, 13, 12, 11, 14, 16, 2, 18, 9, 12, 18, 14, 18, 4, 18, 3, 6, 6, 19, 8, 16, 11, 17, 1, 9, 18, 8, 9, 4, 4, 6, 6, 15, 5, 2, 18, 20, 9, 17, 4, 14, 9, 20, 1, 19, 2, 17, 5, 9, 9, 10, 13, 19, 16, 16, 14, 8, 6, 14, 20, 3, 2, 16, 13, 1, 12, 2, 16, 8, 11, 4, 7, 11, 12, 9, 14, 19, 16, 6, 6, 1, 12, 6, 10, 20, 17, 5, 13, 8, 3, 14, 18, 11, 10, 11, 16, 5, 20, 19, 11, 4, 13, 19, 5, 20, 10, 8, 15, 17, 8, 10, 19, 20, 1, 5, 10, 8, 6, 7, 3, 1, 5, 20, 5, 6, 19, 4, 17, 7, 7, 10, 8, 10, 19, 5, 5, 4, 10, 3, 3, 13, 13, 17, 8, 7, 1, 17, 17, 3, 10, 17, 4, 7, 1, 1, 1, 13, 7, 7]
bestever    1917    in generation 1800
[12, 15, 15, 12, 2, 15, 12, 2, 11, 2, 11, 13, 3, 3, 14, 14, 7, 11, 15, 16, 2, 15, 18, 7, 15, 13, 9, 15, 19, 18, 16, 20, 2, 4, 9, 14, 3, 15, 18, 12, 20, 12, 13, 12, 11, 14, 16, 2, 18, 9, 12, 18, 14, 18, 4, 18, 3, 6, 6, 19, 8, 16, 11, 17, 1, 9, 18, 8, 9, 4, 4, 6, 6, 15, 5, 2, 18, 20, 9, 17, 4, 14, 9, 20, 1, 19, 2, 17, 5, 9, 9, 10, 13, 19, 16, 16, 14, 8, 6, 14, 20, 3, 2, 16, 13, 1, 12, 2, 16, 8, 11, 4, 7, 11, 12, 9, 14, 19, 16, 6, 6, 1, 12, 6, 10, 20, 17, 5, 13, 8, 3, 14, 18, 11, 10, 11, 16, 5, 20, 19, 11, 4, 13, 19, 5, 20, 10, 8, 15, 17, 8, 10, 19, 20, 1, 5, 10, 8, 6, 7, 3, 1, 5, 20, 5, 6, 19, 3, 17, 7, 7, 10, 8, 10, 19, 5, 5, 4, 10, 3, 4, 13, 13, 17, 8, 7, 1, 17, 17, 3, 10, 17, 4, 7, 1, 1, 1, 13, 7, 7]
bestever    1913    in generation 1860
[12, 15, 15, 12, 2, 15, 12, 2, 11, 2, 11, 13, 3, 3, 14, 14, 7, 11, 15, 16, 2, 15, 18, 7, 15, 13, 9, 15, 19, 18, 16, 20, 2, 4, 9, 14, 3, 15, 18, 12, 20, 12, 13, 12, 11, 14, 16, 2, 18, 9, 12, 18, 14, 18, 4, 18, 3, 6, 6, 19, 8, 16, 11, 17, 1, 9, 18, 8, 9, 4, 4, 6, 6, 15, 5, 2, 18, 20, 9, 17, 4, 14, 9, 20, 1, 19, 2, 17, 5, 9, 9, 10, 13, 19, 16, 16, 14, 8, 6, 4, 20, 3, 2, 16, 13, 1, 12, 2, 16, 8, 11, 4, 7, 11, 12, 9, 14, 19, 16, 6, 6, 1, 12, 6, 10, 20, 17, 5, 13, 8, 3, 14, 18, 11, 10, 11, 16, 5, 20, 19, 11, 4, 13, 19, 5, 20, 10, 8, 15, 17, 8, 10, 19, 20, 1, 5, 10, 8, 6, 7, 3, 1, 5, 20, 5, 6, 19, 3, 17, 7, 7, 10, 8, 10, 19, 5, 5, 14, 10, 3, 4, 13, 13, 17, 8, 7, 1, 17, 17, 3, 10, 17, 4, 7, 1, 1, 1, 13, 7, 7]
bestever    1902    in generation 1881
[12, 15, 15, 12, 2, 15, 12, 2, 11, 2, 11, 13, 3, 3, 14, 14, 7, 11, 15, 16, 2, 15, 18, 7, 15, 13, 9, 15, 19, 18, 16, 20, 2, 4, 9, 14, 3, 15, 18, 12, 20, 12, 13, 12, 11, 14, 9, 2, 18, 9, 12, 18, 14, 18, 4, 18, 3, 6, 6, 19, 8, 16, 2, 17, 1, 16, 18, 8, 9, 4, 4, 6, 6, 15, 5, 11, 18, 20, 9, 17, 4, 14, 9, 20, 1, 19, 2, 17, 5, 9, 9, 10, 13, 19, 16, 16, 14, 8, 6, 4, 20, 3, 2, 16, 13, 1, 12, 2, 16, 8, 11, 4, 7, 6, 12, 9, 14, 19, 16, 6, 11, 1, 12, 6, 10, 20, 17, 5, 13, 8, 3, 14, 18, 11, 10, 11, 16, 5, 20, 19, 11, 4, 13, 19, 5, 20, 10, 8, 15, 17, 8, 10, 19, 20, 1, 5, 10, 8, 6, 7, 3, 1, 5, 20, 5, 6, 19, 3, 17, 7, 7, 10, 8, 10, 19, 5, 5, 14, 10, 3, 4, 13, 13, 17, 8, 7, 1, 17, 17, 3, 10, 17, 4, 7, 1, 1, 1, 13, 7, 7]
bestever    1887    in generation 1894
[12, 15, 11, 12, 2, 15, 12, 2, 15, 2, 11, 13, 3, 3, 14, 14, 7, 11, 15, 16, 2, 15, 18, 7, 15, 13, 9, 15, 19, 18, 16, 20, 2, 4, 9, 14, 3, 15, 18, 12, 20, 12, 13, 12, 11, 14, 9, 2, 18, 9, 12, 18, 14, 18, 4, 18, 3, 6, 6, 19, 8, 16, 2, 17, 1, 16, 18, 8, 9, 4, 4, 6, 6, 15, 5, 11, 18, 20, 9, 17, 4, 14, 9, 20, 1, 19, 2, 17, 5, 9, 9, 10, 13, 19, 16, 16, 14, 8, 6, 4, 20, 3, 2, 16, 13, 1, 12, 2, 16, 8, 11, 4, 7, 6, 12, 9, 14, 19, 16, 6, 11, 1, 12, 6, 10, 20, 17, 5, 13, 8, 3, 14, 18, 11, 10, 11, 16, 5, 20, 19, 11, 4, 13, 19, 5, 20, 10, 8, 15, 17, 8, 10, 19, 20, 1, 5, 10, 8, 6, 7, 3, 1, 5, 20, 5, 6, 19, 3, 17, 7, 7, 10, 8, 10, 19, 5, 5, 14, 10, 3, 4, 13, 13, 17, 8, 7, 1, 17, 17, 3, 10, 17, 4, 7, 1, 1, 1, 13, 7, 7]
bestever    1879    in generation 1913
[12, 15, 11, 12, 2, 15, 12, 2, 15, 2, 11, 13, 3, 3, 14, 14, 7, 11, 15, 16, 2, 2, 18, 7, 15, 13, 9, 15, 19, 18, 16, 20, 2, 4, 9, 14, 3, 15, 18, 12, 20, 12, 13, 12, 11, 14, 9, 2, 18, 9, 12, 18, 14, 18, 4, 18, 3, 6, 6, 19, 8, 16, 15, 17, 1, 16, 18, 8, 9, 4, 4, 6, 6, 15, 5, 11, 18, 20, 9, 17, 4, 14, 9, 20, 1, 19, 2, 17, 5, 9, 9, 10, 13, 19, 16, 16, 14, 8, 6, 4, 20, 3, 2, 16, 13, 1, 12, 2, 16, 8, 11, 4, 7, 6, 12, 9, 14, 19, 16, 6, 11, 1, 12, 6, 10, 20, 17, 5, 13, 8, 3, 14, 18, 11, 10, 11, 16, 5, 20, 19, 11, 4, 13, 19, 5, 20, 10, 8, 15, 17, 8, 10, 19, 20, 1, 5, 10, 8, 6, 7, 3, 1, 5, 20, 5, 6, 19, 3, 17, 7, 7, 10, 8, 10, 19, 5, 5, 14, 10, 3, 4, 13, 13, 17, 8, 7, 1, 17, 17, 3, 10, 17, 4, 7, 1, 1, 1, 13, 7, 7]
bestever    1870    in generation 1941
[12, 15, 11, 12, 2, 15, 12, 2, 15, 2, 11, 13, 3, 3, 14, 14, 7, 11, 15, 16, 2, 2, 18, 7, 15, 13, 9, 15, 19, 18, 16, 20, 2, 4, 9, 14, 3, 15, 18, 12, 20, 12, 13, 12, 11, 14, 9, 2, 18, 9, 12, 18, 14, 18, 4, 18, 3, 6, 6, 19, 8, 16, 15, 17, 1, 16, 18, 8, 9, 4, 4, 6, 6, 15, 5, 11, 18, 20, 9, 17, 4, 14, 9, 20, 1, 19, 2, 17, 5, 9, 9, 10, 13, 19, 16, 16, 14, 8, 6, 4, 20, 3, 2, 16, 13, 1, 12, 2, 16, 8, 11, 4, 7, 6, 12, 9, 14, 19, 16, 6, 11, 1, 12, 6, 10, 20, 17, 5, 13, 8, 3, 14, 18, 11, 10, 11, 16, 5, 20, 19, 11, 4, 13, 19, 5, 20, 10, 8, 15, 5, 8, 10, 19, 20, 1, 17, 10, 8, 6, 7, 3, 1, 5, 20, 5, 6, 19, 3, 17, 7, 7, 10, 8, 10, 19, 5, 5, 14, 10, 3, 4, 13, 13, 17, 8, 7, 1, 17, 17, 3, 10, 17, 4, 7, 1, 1, 1, 13, 7, 7]
bestever    1867    in generation 3416
[12, 15, 11, 12, 12, 2, 15, 12, 2, 15, 2, 11, 13, 3, 3, 14, 14, 7, 11, 15, 16, 2, 2, 18, 7, 15, 13, 9, 15, 3, 18, 16, 20, 2, 4, 9, 14, 19, 15, 18, 12, 20, 13, 12, 11, 14, 9, 2, 18, 9, 12, 18, 14, 18, 4, 18, 3, 6, 6, 19, 8, 16, 15, 17, 1, 16, 18, 8, 9, 4, 9, 4, 6, 6, 15, 5, 11, 9, 18, 20, 9, 17, 4, 14, 20, 1, 19, 2, 17, 8, 5, 10, 9, 10, 13, 19, 16, 16, 14, 8, 6, 4, 18, 20, 3, 2, 16, 13, 1, 12, 2, 16, 1, 4, 7, 6, 12, 9, 14, 19, 16, 6, 11, 1, 12, 6, 20, 17, 5, 13, 8, 3, 14, 11, 10, 11, 16, 20, 5, 20, 19, 11, 4, 13, 19, 5, 20, 10, 8, 15, 5, 8, 10, 19, 11, 17, 10, 8, 6, 7, 3, 1, 5, 20, 5, 6, 19, 3, 17, 7, 7, 10, 4, 8, 10, 19, 5, 5, 14, 10, 3, 13, 13, 17, 8, 7, 1, 17, 10, 3, 17, 17, 4, 7, 1, 1, 1, 13, 7, 7]
bestever    1866    in generation 3471
[12, 15, 11, 12, 12, 2, 15, 12, 2, 15, 2, 11, 13, 3, 3, 14, 14, 7, 11, 15, 16, 2, 2, 18, 7, 15, 13, 9, 15, 3, 18, 16, 20, 2, 4, 9, 14, 19, 15, 18, 12, 20, 13, 12, 11, 14, 9, 2, 18, 9, 12, 18, 14, 18, 4, 18, 3, 6, 6, 19, 8, 16, 15, 17, 1, 16, 18, 8, 9, 4, 9, 4, 6, 6, 15, 5, 11, 9, 18, 20, 9, 17, 4, 14, 20, 1, 19, 2, 17, 8, 5, 10, 9, 10, 13, 19, 16, 16, 14, 8, 6, 4, 18, 20, 3, 2, 16, 13, 1, 12, 2, 16, 1, 4, 7, 6, 12, 9, 14, 19, 16, 6, 11, 1, 12, 6, 20, 17, 5, 13, 8, 3, 14, 11, 10, 11, 16, 20, 5, 20, 19, 11, 4, 13, 19, 5, 20, 10, 8, 15, 5, 8, 10, 19, 11, 17, 10, 8, 6, 7, 3, 1, 5, 20, 5, 6, 19, 3, 17, 7, 7, 10, 4, 8, 10, 19, 5, 5, 14, 10, 3, 13, 13, 17, 8, 7, 1, 17, 10, 3, 17, 17, 4, 1, 1, 7, 1, 13, 7, 7]
bestever    1862    in generation 3591
[12, 15, 11, 12, 12, 2, 15, 12, 2, 15, 2, 11, 13, 3, 3, 14, 14, 7, 11, 15, 16, 2, 2, 18, 7, 15, 13, 9, 15, 3, 18, 16, 20, 2, 4, 9, 14, 19, 15, 18, 12, 20, 13, 12, 11, 14, 9, 2, 18, 9, 12, 18, 14, 18, 4, 18, 3, 6, 6, 19, 8, 16, 15, 17, 1, 16, 18, 8, 9, 4, 9, 4, 6, 6, 15, 5, 11, 9, 18, 20, 9, 17, 4, 14, 20, 1, 19, 2, 17, 8, 14, 5, 10, 9, 10, 13, 19, 16, 16, 14, 8, 6, 4, 18, 20, 3, 2, 16, 13, 1, 12, 2, 16, 1, 4, 7, 6, 12, 9, 14, 19, 16, 6, 11, 1, 12, 6, 20, 17, 5, 13, 8, 3, 14, 11, 10, 11, 16, 20, 5, 20, 19, 11, 4, 13, 19, 5, 20, 10, 8, 15, 5, 8, 10, 19, 11, 17, 10, 8, 6, 7, 3, 1, 5, 20, 5, 6, 19, 3, 17, 7, 7, 10, 4, 8, 10, 19, 5, 5, 10, 3, 13, 13, 17, 8, 7, 1, 17, 10, 3, 17, 17, 4, 1, 1, 7, 1, 13, 7, 7]
bestever    1857    in generation 3600
[12, 15, 11, 12, 12, 2, 15, 12, 2, 15, 2, 11, 13, 3, 3, 14, 14, 7, 11, 15, 16, 2, 2, 18, 7, 15, 13, 9, 15, 3, 18, 16, 20, 2, 4, 9, 14, 19, 15, 18, 12, 20, 13, 12, 11, 14, 9, 2, 18, 9, 12, 18, 14, 18, 4, 18, 3, 6, 6, 19, 8, 16, 15, 17, 1, 16, 18, 8, 9, 4, 9, 4, 6, 6, 15, 5, 11, 9, 18, 20, 9, 17, 4, 14, 20, 1, 19, 2, 17, 8, 14, 5, 10, 9, 10, 13, 19, 16, 16, 14, 8, 6, 4, 18, 20, 3, 2, 16, 13, 16, 12, 2, 16, 1, 4, 7, 6, 12, 9, 14, 19, 16, 6, 11, 1, 12, 6, 20, 17, 5, 13, 8, 3, 14, 11, 10, 11, 1, 20, 5, 20, 19, 11, 4, 13, 19, 5, 20, 10, 8, 15, 5, 8, 10, 19, 11, 17, 10, 8, 6, 7, 3, 1, 5, 20, 5, 6, 19, 3, 17, 7, 7, 10, 4, 8, 10, 19, 5, 5, 10, 3, 13, 13, 17, 8, 7, 1, 17, 10, 3, 17, 17, 4, 1, 1, 7, 1, 13, 7, 7]
bestever    1855    in generation 3623
[12, 15, 11, 12, 12, 2, 15, 12, 2, 15, 2, 11, 13, 3, 3, 14, 14, 7, 11, 15, 16, 2, 2, 18, 7, 15, 13, 9, 15, 3, 18, 16, 20, 2, 4, 9, 14, 19, 15, 18, 12, 20, 13, 12, 11, 14, 9, 2, 18, 9, 12, 18, 14, 18, 4, 18, 3, 6, 6, 19, 8, 16, 15, 17, 1, 16, 18, 8, 9, 4, 9, 4, 6, 6, 15, 5, 11, 9, 18, 20, 9, 17, 4, 14, 20, 1, 19, 2, 17, 8, 14, 5, 10, 9, 10, 13, 19, 16, 16, 14, 8, 6, 4, 18, 20, 3, 2, 16, 13, 16, 12, 2, 16, 1, 4, 7, 6, 12, 9, 14, 19, 16, 6, 11, 1, 12, 6, 20, 17, 5, 13, 8, 3, 14, 11, 10, 11, 1, 20, 5, 20, 19, 11, 4, 13, 19, 5, 20, 10, 8, 15, 5, 8, 10, 19, 11, 17, 10, 8, 6, 7, 3, 1, 5, 20, 5, 6, 19, 3, 17, 7, 7, 10, 4, 8, 10, 19, 5, 5, 10, 3, 13, 13, 17, 8, 17, 1, 7, 10, 3, 17, 17, 4, 1, 1, 7, 1, 13, 7, 7]
bestever    1854    in generation 3770
[12, 15, 11, 12, 12, 2, 15, 12, 2, 15, 2, 11, 13, 3, 3, 14, 14, 7, 11, 15, 16, 2, 2, 18, 7, 15, 13, 9, 15, 6, 18, 16, 20, 2, 4, 9, 14, 19, 15, 18, 12, 20, 13, 12, 11, 14, 9, 2, 18, 9, 12, 18, 14, 18, 4, 18, 3, 6, 3, 19, 8, 16, 15, 17, 1, 16, 18, 8, 9, 4, 9, 4, 6, 6, 15, 5, 11, 9, 18, 20, 9, 17, 4, 14, 20, 1, 19, 2, 17, 8, 14, 5, 10, 9, 10, 13, 19, 16, 16, 14, 8, 6, 4, 18, 20, 3, 2, 16, 13, 16, 12, 2, 16, 1, 4, 7, 6, 12, 9, 14, 19, 16, 6, 11, 1, 12, 6, 20, 17, 5, 13, 8, 3, 14, 11, 10, 11, 1, 20, 5, 20, 19, 11, 4, 13, 19, 5, 20, 10, 8, 15, 5, 8, 10, 19, 11, 17, 10, 8, 6, 7, 3, 1, 5, 20, 5, 6, 19, 3, 17, 7, 7, 10, 4, 8, 10, 19, 5, 5, 10, 3, 13, 13, 17, 8, 17, 1, 7, 10, 3, 17, 17, 4, 1, 1, 7, 1, 13, 7, 7]
bestever    1848    in generation 3777
[12, 15, 11, 12, 12, 2, 15, 12, 2, 12, 2, 11, 13, 3, 3, 14, 14, 7, 11, 15, 16, 2, 2, 18, 7, 15, 13, 9, 15, 6, 18, 16, 20, 2, 4, 9, 14, 19, 15, 18, 12, 20, 13, 12, 11, 14, 9, 2, 18, 9, 15, 18, 14, 18, 4, 18, 3, 6, 3, 19, 8, 16, 15, 17, 1, 16, 18, 8, 9, 4, 9, 4, 6, 6, 15, 5, 11, 9, 18, 20, 9, 17, 4, 14, 20, 1, 19, 2, 17, 8, 14, 5, 10, 9, 10, 13, 19, 16, 16, 14, 8, 6, 4, 18, 20, 3, 2, 16, 13, 16, 12, 2, 16, 1, 4, 7, 6, 12, 9, 14, 19, 16, 6, 11, 1, 12, 6, 20, 17, 5, 13, 8, 3, 14, 11, 10, 11, 1, 20, 5, 20, 19, 11, 4, 13, 19, 5, 20, 10, 8, 15, 5, 8, 10, 19, 11, 17, 10, 8, 6, 7, 3, 1, 5, 20, 5, 6, 19, 3, 17, 7, 7, 10, 4, 8, 10, 19, 5, 5, 10, 3, 13, 13, 17, 8, 17, 1, 7, 10, 3, 17, 17, 4, 1, 1, 7, 1, 13, 7, 7]
bestever    1845    in generation 3852
[12, 15, 11, 12, 12, 2, 15, 12, 12, 12, 2, 11, 13, 3, 3, 14, 14, 7, 11, 15, 16, 2, 2, 18, 7, 15, 13, 9, 15, 6, 18, 16, 20, 2, 4, 9, 14, 19, 15, 18, 12, 20, 13, 12, 11, 14, 9, 2, 18, 9, 15, 18, 14, 18, 4, 18, 3, 6, 3, 19, 8, 16, 15, 17, 1, 16, 18, 8, 9, 4, 9, 4, 6, 6, 15, 5, 11, 9, 18, 20, 9, 17, 4, 14, 20, 1, 19, 2, 17, 8, 14, 5, 10, 9, 10, 13, 19, 16, 16, 14, 8, 6, 4, 18, 20, 3, 2, 16, 13, 16, 2, 2, 16, 1, 4, 7, 6, 12, 9, 14, 19, 16, 6, 11, 1, 12, 6, 20, 17, 5, 13, 8, 3, 14, 11, 10, 11, 1, 20, 5, 20, 19, 11, 4, 13, 19, 5, 20, 10, 8, 15, 5, 8, 10, 19, 11, 17, 10, 8, 6, 7, 3, 1, 5, 20, 5, 6, 19, 3, 17, 7, 7, 10, 4, 8, 10, 19, 5, 5, 10, 3, 13, 13, 17, 8, 17, 1, 7, 10, 3, 17, 17, 4, 1, 1, 7, 1, 13, 7, 7]
bestever    1841    in generation 3862
[12, 15, 11, 12, 12, 2, 15, 12, 15, 12, 2, 11, 13, 3, 3, 14, 14, 7, 11, 15, 16, 2, 2, 18, 7, 15, 13, 9, 15, 6, 18, 16, 20, 2, 4, 9, 14, 19, 15, 18, 12, 20, 13, 12, 11, 14, 9, 2, 18, 9, 15, 18, 14, 18, 4, 18, 3, 6, 3, 19, 8, 16, 12, 17, 1, 16, 18, 8, 9, 4, 9, 4, 6, 6, 15, 5, 11, 9, 18, 20, 9, 17, 4, 14, 20, 1, 19, 2, 17, 8, 14, 5, 10, 9, 10, 13, 19, 16, 16, 14, 8, 6, 4, 18, 20, 3, 2, 16, 13, 16, 2, 2, 16, 1, 4, 7, 6, 12, 9, 14, 19, 16, 6, 11, 1, 12, 6, 20, 17, 5, 13, 8, 3, 14, 11, 10, 11, 1, 20, 5, 20, 19, 11, 4, 13, 19, 5, 20, 10, 8, 15, 5, 8, 10, 19, 11, 17, 10, 8, 6, 7, 3, 1, 5, 20, 5, 6, 19, 3, 17, 7, 7, 10, 4, 8, 10, 19, 5, 5, 10, 3, 13, 13, 17, 8, 17, 1, 7, 10, 3, 17, 17, 4, 1, 1, 7, 1, 13, 7, 7]
bestever    1832    in generation 3924
[12, 15, 11, 12, 12, 2, 15, 12, 15, 12, 2, 11, 13, 3, 3, 14, 14, 7, 11, 15, 16, 2, 2, 18, 7, 15, 13, 9, 15, 6, 18, 16, 20, 2, 4, 9, 14, 19, 15, 18, 12, 20, 13, 12, 11, 14, 9, 2, 18, 9, 15, 6, 14, 18, 4, 18, 3, 18, 3, 19, 8, 16, 12, 17, 1, 16, 18, 8, 9, 4, 9, 4, 6, 6, 15, 5, 11, 9, 18, 20, 9, 17, 4, 14, 20, 1, 19, 2, 17, 8, 14, 5, 10, 9, 10, 13, 19, 16, 16, 14, 8, 6, 4, 18, 20, 3, 2, 16, 13, 16, 2, 2, 16, 1, 4, 7, 6, 12, 9, 14, 19, 16, 6, 11, 1, 12, 6, 20, 17, 5, 13, 8, 3, 14, 11, 10, 11, 1, 20, 5, 20, 19, 11, 4, 13, 19, 5, 20, 10, 8, 15, 5, 8, 10, 19, 11, 17, 10, 8, 6, 7, 3, 1, 5, 20, 5, 6, 19, 3, 17, 7, 7, 10, 4, 8, 10, 19, 5, 5, 10, 3, 13, 13, 17, 8, 17, 1, 7, 10, 3, 17, 17, 4, 1, 1, 7, 1, 13, 7, 7]
bestever    1828    in generation 3969
[12, 15, 11, 12, 12, 2, 15, 12, 15, 12, 2, 11, 13, 3, 3, 14, 14, 7, 11, 15, 16, 2, 2, 18, 7, 15, 13, 9, 15, 6, 18, 16, 20, 2, 4, 9, 14, 19, 15, 18, 12, 20, 13, 12, 11, 14, 9, 2, 18, 9, 15, 6, 14, 18, 4, 18, 3, 18, 3, 19, 8, 16, 12, 17, 1, 16, 18, 8, 9, 4, 9, 4, 6, 6, 15, 5, 17, 9, 18, 20, 9, 11, 4, 14, 20, 1, 19, 2, 17, 8, 14, 5, 12, 9, 10, 13, 19, 16, 16, 14, 8, 6, 4, 18, 20, 3, 2, 16, 13, 16, 2, 2, 16, 1, 4, 7, 6, 10, 9, 14, 19, 16, 6, 11, 1, 12, 6, 20, 17, 5, 13, 8, 3, 14, 11, 10, 11, 1, 20, 5, 20, 19, 11, 4, 13, 19, 5, 20, 10, 8, 15, 5, 8, 10, 19, 11, 17, 10, 8, 6, 7, 3, 1, 5, 20, 5, 6, 19, 3, 17, 7, 7, 10, 4, 8, 10, 19, 5, 5, 10, 3, 13, 13, 17, 8, 17, 1, 7, 10, 3, 17, 17, 4, 1, 1, 7, 1, 13, 7, 7]
bestever    1822    in generation 4078
[12, 15, 11, 12, 12, 2, 15, 12, 15, 12, 2, 11, 13, 3, 3, 14, 14, 16, 11, 15, 16, 2, 2, 18, 7, 15, 13, 9, 15, 6, 18, 7, 20, 2, 4, 9, 14, 19, 15, 18, 12, 20, 13, 12, 11, 14, 9, 2, 18, 9, 15, 6, 14, 18, 4, 18, 3, 18, 3, 19, 8, 16, 12, 17, 1, 16, 18, 8, 9, 4, 9, 4, 6, 6, 15, 5, 17, 9, 18, 20, 9, 11, 4, 14, 20, 1, 19, 2, 17, 8, 14, 5, 12, 9, 10, 13, 19, 16, 16, 14, 8, 6, 4, 18, 20, 3, 2, 16, 13, 16, 2, 2, 16, 1, 4, 7, 6, 10, 9, 14, 19, 16, 6, 11, 1, 12, 6, 20, 17, 5, 13, 8, 3, 14, 11, 10, 11, 1, 20, 5, 20, 19, 11, 4, 13, 19, 5, 20, 10, 8, 15, 5, 8, 10, 19, 11, 17, 10, 8, 6, 7, 3, 1, 5, 20, 5, 6, 19, 3, 17, 7, 7, 10, 4, 8, 10, 19, 5, 5, 10, 3, 13, 13, 17, 8, 17, 1, 7, 10, 3, 17, 17, 4, 1, 1, 7, 1, 13, 7, 7]
bestever    1816    in generation 4108
[12, 15, 11, 12, 12, 2, 15, 12, 15, 12, 2, 11, 13, 3, 3, 14, 14, 16, 11, 15, 16, 2, 2, 18, 7, 15, 13, 9, 15, 6, 18, 7, 20, 2, 4, 9, 14, 19, 15, 18, 12, 20, 13, 12, 11, 14, 9, 2, 18, 9, 15, 6, 14, 18, 4, 18, 3, 18, 3, 19, 8, 16, 12, 17, 1, 16, 18, 8, 9, 4, 9, 4, 6, 6, 15, 5, 17, 9, 18, 20, 9, 11, 14, 14, 20, 1, 19, 2, 17, 8, 14, 5, 12, 9, 10, 13, 19, 16, 16, 4, 8, 6, 4, 18, 20, 3, 2, 16, 13, 16, 2, 2, 16, 1, 4, 7, 6, 10, 9, 14, 19, 16, 6, 11, 1, 12, 6, 20, 17, 5, 13, 8, 3, 14, 11, 10, 11, 1, 20, 5, 20, 19, 11, 4, 13, 19, 5, 20, 10, 8, 15, 5, 8, 10, 19, 11, 17, 10, 8, 6, 7, 3, 1, 5, 20, 5, 6, 19, 3, 17, 7, 7, 10, 4, 8, 10, 19, 5, 5, 10, 3, 13, 13, 17, 8, 17, 1, 7, 10, 3, 17, 17, 4, 1, 1, 7, 1, 13, 7, 7]
bestever    1812    in generation 4345
[12, 15, 11, 12, 12, 2, 15, 12, 15, 12, 2, 11, 13, 3, 3, 14, 14, 16, 11, 15, 16, 2, 2, 18, 7, 15, 13, 9, 15, 6, 18, 7, 20, 2, 4, 9, 14, 19, 15, 18, 11, 12, 20, 13, 12, 14, 9, 2, 18, 9, 15, 6, 14, 18, 4, 18, 3, 18, 3, 2, 19, 8, 16, 12, 17, 1, 16, 18, 8, 9, 4, 9, 4, 6, 6, 15, 5, 17, 9, 18, 20, 9, 11, 14, 14, 20, 1, 19, 2, 17, 8, 16, 5, 12, 9, 10, 13, 19, 16, 14, 4, 8, 6, 4, 18, 15, 20, 3, 2, 16, 13, 16, 2, 16, 1, 4, 7, 6, 10, 9, 14, 19, 16, 6, 11, 1, 12, 6, 20, 17, 5, 13, 8, 3, 14, 11, 10, 11, 1, 20, 5, 20, 19, 11, 4, 13, 19, 5, 13, 20, 10, 8, 5, 8, 10, 19, 11, 17, 10, 8, 6, 7, 3, 1, 5, 20, 5, 6, 19, 3, 17, 7, 7, 10, 4, 8, 10, 19, 5, 5, 10, 3, 13, 17, 8, 17, 1, 7, 10, 3, 17, 17, 4, 1, 1, 7, 1, 13, 7, 7]
bestever    1809    in generation 4487
[12, 15, 11, 12, 12, 2, 15, 12, 15, 12, 2, 11, 13, 3, 3, 14, 14, 16, 11, 15, 16, 2, 2, 18, 7, 15, 13, 9, 15, 6, 18, 7, 20, 2, 4, 9, 14, 19, 15, 18, 11, 12, 20, 13, 12, 14, 9, 2, 18, 9, 15, 6, 14, 18, 4, 18, 3, 18, 3, 2, 19, 8, 16, 12, 17, 1, 16, 18, 8, 9, 4, 9, 4, 6, 6, 15, 5, 17, 9, 18, 20, 9, 11, 14, 14, 20, 1, 19, 2, 17, 8, 16, 5, 12, 9, 10, 13, 19, 16, 14, 4, 8, 6, 4, 18, 15, 20, 3, 2, 16, 13, 16, 2, 16, 1, 4, 7, 6, 10, 9, 14, 19, 16, 6, 11, 1, 12, 6, 20, 17, 5, 13, 8, 3, 14, 11, 10, 11, 1, 20, 5, 20, 19, 11, 4, 13, 19, 5, 13, 20, 10, 8, 5, 8, 10, 19, 11, 17, 10, 8, 6, 7, 3, 1, 5, 20, 5, 6, 19, 3, 17, 7, 7, 10, 4, 8, 10, 19, 5, 13, 10, 3, 5, 17, 8, 17, 1, 7, 10, 3, 17, 17, 4, 1, 1, 7, 1, 13, 7, 7]
bestever    1807    in generation 4756
[12, 15, 11, 12, 12, 2, 15, 12, 12, 15, 2, 11, 13, 3, 3, 14, 14, 16, 11, 15, 16, 2, 2, 18, 7, 15, 13, 9, 15, 6, 18, 7, 20, 2, 4, 9, 14, 12, 15, 18, 11, 19, 20, 13, 12, 14, 9, 2, 18, 9, 15, 6, 14, 18, 4, 18, 3, 18, 3, 2, 19, 8, 16, 12, 17, 1, 16, 18, 8, 9, 4, 9, 4, 6, 6, 15, 5, 17, 9, 18, 20, 9, 11, 7, 14, 14, 20, 1, 19, 2, 17, 8, 16, 5, 12, 9, 10, 13, 19, 16, 14, 4, 8, 6, 4, 18, 15, 20, 3, 2, 16, 13, 16, 2, 16, 1, 4, 7, 6, 10, 9, 14, 19, 16, 6, 11, 1, 12, 6, 20, 17, 5, 13, 8, 3, 14, 11, 10, 11, 1, 20, 5, 20, 19, 11, 4, 13, 19, 5, 13, 20, 10, 8, 5, 8, 10, 19, 11, 17, 10, 8, 6, 3, 1, 5, 20, 5, 6, 19, 3, 17, 7, 7, 10, 4, 8, 10, 19, 5, 13, 10, 4, 5, 17, 8, 17, 1, 7, 10, 3, 17, 17, 3, 1, 1, 7, 1, 13, 7, 7]
bestever    1799    in generation 4769
[12, 15, 11, 12, 12, 2, 15, 12, 12, 15, 2, 11, 13, 3, 3, 14, 14, 16, 11, 15, 16, 2, 2, 18, 7, 15, 13, 9, 15, 6, 18, 7, 20, 2, 4, 9, 14, 12, 15, 18, 11, 19, 20, 13, 12, 14, 9, 2, 18, 9, 15, 6, 14, 18, 4, 18, 3, 18, 3, 2, 19, 8, 16, 12, 17, 1, 16, 18, 8, 9, 4, 9, 4, 6, 6, 15, 5, 17, 9, 18, 20, 9, 11, 7, 14, 14, 20, 1, 19, 2, 17, 8, 16, 5, 12, 9, 10, 13, 19, 16, 14, 4, 8, 6, 4, 18, 15, 20, 3, 2, 16, 13, 16, 2, 16, 1, 4, 7, 6, 10, 9, 14, 19, 16, 6, 11, 1, 12, 6, 20, 17, 5, 13, 8, 3, 14, 11, 10, 11, 1, 20, 5, 20, 19, 11, 4, 13, 19, 5, 13, 17, 10, 8, 5, 8, 10, 19, 11, 17, 10, 8, 6, 3, 1, 5, 20, 5, 6, 19, 3, 20, 7, 7, 10, 4, 8, 10, 19, 5, 13, 10, 4, 5, 17, 8, 17, 1, 7, 10, 3, 17, 17, 3, 1, 1, 7, 1, 13, 7, 7]
bestever    1793    in generation 4772
[12, 15, 11, 12, 12, 2, 15, 12, 12, 15, 2, 11, 13, 3, 3, 14, 14, 16, 11, 15, 16, 2, 2, 18, 7, 15, 13, 9, 15, 6, 18, 7, 20, 2, 4, 9, 14, 12, 18, 18, 11, 19, 20, 13, 12, 14, 9, 2, 18, 9, 15, 6, 14, 18, 4, 15, 3, 18, 3, 2, 19, 8, 16, 12, 17, 1, 16, 18, 8, 9, 4, 9, 4, 6, 6, 15, 5, 17, 9, 18, 20, 9, 11, 7, 14, 14, 20, 1, 19, 2, 17, 8, 16, 5, 12, 9, 10, 13, 19, 16, 14, 4, 8, 6, 4, 18, 15, 20, 3, 2, 16, 13, 16, 2, 16, 1, 4, 7, 6, 10, 9, 14, 19, 16, 6, 11, 1, 12, 6, 20, 17, 5, 13, 8, 3, 14, 11, 10, 11, 1, 20, 5, 20, 19, 11, 4, 13, 19, 5, 13, 17, 10, 8, 5, 8, 10, 19, 11, 17, 10, 8, 6, 3, 1, 5, 20, 5, 6, 19, 3, 20, 7, 7, 10, 4, 8, 10, 19, 5, 13, 10, 4, 5, 17, 8, 17, 1, 7, 10, 3, 17, 17, 3, 1, 1, 7, 1, 13, 7, 7]
bestever    1791    in generation 4857
[12, 15, 11, 12, 12, 2, 15, 12, 12, 15, 2, 11, 13, 3, 3, 14, 14, 16, 11, 15, 16, 2, 2, 18, 7, 15, 13, 9, 15, 6, 18, 7, 20, 2, 4, 9, 14, 12, 18, 18, 11, 19, 20, 13, 12, 14, 9, 2, 18, 9, 15, 6, 14, 18, 4, 15, 3, 18, 3, 2, 19, 8, 16, 12, 17, 1, 16, 18, 8, 9, 4, 9, 4, 6, 6, 15, 5, 17, 9, 18, 20, 14, 11, 7, 14, 14, 20, 1, 19, 2, 17, 8, 16, 5, 12, 9, 10, 13, 19, 16, 14, 4, 8, 6, 4, 18, 15, 20, 3, 2, 16, 13, 16, 2, 16, 1, 4, 7, 6, 10, 9, 14, 19, 16, 6, 11, 1, 12, 6, 20, 17, 5, 13, 8, 3, 9, 11, 10, 11, 1, 20, 5, 20, 19, 11, 4, 13, 19, 5, 13, 17, 10, 8, 5, 8, 10, 19, 11, 17, 10, 8, 6, 3, 1, 5, 20, 5, 6, 19, 3, 20, 7, 7, 10, 4, 8, 10, 19, 5, 13, 10, 4, 5, 17, 8, 17, 1, 7, 10, 3, 17, 17, 3, 1, 1, 7, 1, 13, 7, 7]
bestever    1779    in generation 4886
[12, 15, 11, 12, 12, 2, 15, 12, 12, 15, 2, 11, 13, 3, 3, 14, 14, 16, 11, 15, 16, 2, 2, 18, 7, 15, 13, 9, 15, 6, 18, 7, 20, 2, 4, 9, 14, 12, 18, 18, 11, 19, 20, 13, 12, 14, 9, 2, 18, 9, 15, 6, 14, 18, 4, 15, 3, 18, 3, 2, 19, 8, 16, 12, 17, 1, 16, 18, 8, 9, 4, 9, 4, 6, 6, 15, 5, 17, 9, 18, 20, 14, 11, 2, 14, 14, 20, 1, 19, 2, 17, 8, 16, 5, 12, 9, 10, 13, 19, 16, 14, 4, 8, 6, 4, 18, 15, 20, 3, 7, 16, 13, 16, 2, 16, 1, 4, 7, 6, 10, 9, 14, 19, 16, 6, 11, 1, 12, 6, 20, 17, 5, 13, 8, 3, 9, 11, 10, 11, 1, 20, 5, 20, 19, 11, 4, 13, 19, 5, 13, 17, 10, 8, 5, 8, 10, 19, 11, 17, 10, 8, 6, 3, 1, 5, 20, 5, 6, 19, 3, 20, 7, 7, 10, 4, 8, 10, 19, 5, 13, 10, 4, 5, 17, 8, 17, 1, 7, 10, 3, 17, 17, 3, 1, 1, 7, 1, 13, 7, 7]
bestever    1774    in generation 5134
[12, 15, 11, 12, 12, 2, 15, 12, 12, 15, 2, 11, 13, 3, 3, 14, 14, 16, 11, 15, 16, 2, 2, 18, 7, 15, 13, 9, 15, 6, 18, 7, 20, 2, 4, 9, 14, 12, 18, 18, 11, 19, 20, 13, 12, 14, 9, 2, 18, 9, 15, 6, 14, 18, 4, 15, 3, 18, 3, 2, 19, 8, 16, 12, 17, 1, 16, 18, 8, 9, 4, 9, 4, 6, 6, 15, 5, 17, 9, 18, 20, 14, 11, 2, 14, 14, 20, 1, 19, 2, 17, 8, 16, 5, 12, 9, 10, 13, 19, 16, 14, 4, 8, 6, 4, 18, 15, 20, 3, 7, 16, 13, 16, 2, 16, 1, 4, 6, 6, 10, 9, 14, 19, 16, 6, 11, 1, 12, 6, 20, 17, 5, 13, 8, 3, 9, 11, 10, 11, 1, 20, 5, 20, 19, 11, 4, 13, 19, 5, 13, 17, 10, 8, 5, 8, 10, 19, 11, 17, 10, 8, 7, 3, 1, 5, 20, 5, 6, 19, 3, 20, 7, 7, 10, 4, 8, 10, 19, 5, 13, 10, 4, 5, 17, 8, 17, 1, 7, 10, 3, 17, 17, 3, 1, 1, 7, 1, 13, 7, 7]
bestever    1771    in generation 5932
[12, 15, 11, 12, 12, 2, 15, 12, 12, 15, 2, 11, 13, 3, 3, 14, 14, 16, 11, 15, 16, 2, 2, 18, 7, 15, 13, 9, 15, 6, 18, 7, 20, 2, 4, 9, 14, 12, 18, 18, 11, 19, 20, 13, 12, 14, 9, 2, 18, 9, 15, 6, 14, 18, 4, 15, 3, 18, 3, 2, 19, 8, 16, 12, 17, 1, 16, 18, 8, 9, 4, 9, 4, 6, 6, 15, 5, 17, 9, 18, 20, 14, 11, 2, 14, 14, 20, 1, 19, 2, 10, 17, 8, 16, 5, 12, 9, 13, 19, 16, 14, 4, 8, 6, 4, 18, 15, 20, 3, 7, 16, 13, 16, 2, 16, 1, 1, 6, 4, 6, 6, 10, 9, 14, 19, 16, 6, 11, 1, 12, 6, 20, 17, 5, 13, 8, 3, 9, 11, 10, 11, 20, 5, 20, 19, 11, 4, 13, 19, 5, 13, 17, 10, 8, 5, 8, 10, 19, 20, 17, 10, 8, 7, 3, 7, 1, 5, 11, 5, 19, 3, 20, 7, 10, 4, 8, 10, 19, 5, 13, 10, 4, 5, 17, 8, 17, 1, 7, 10, 3, 17, 17, 13, 3, 1, 1, 7, 1, 7, 7]
bestever    1767    in generation 7709
[12, 12, 15, 11, 12, 12, 2, 15, 12, 12, 15, 2, 11, 13, 3, 3, 14, 14, 16, 11, 15, 16, 2, 2, 18, 15, 15, 13, 9, 15, 14, 18, 7, 20, 2, 6, 9, 14, 12, 18, 18, 11, 19, 20, 13, 12, 4, 9, 2, 18, 9, 15, 6, 14, 18, 4, 7, 3, 18, 3, 2, 19, 8, 16, 12, 17, 1, 16, 18, 8, 9, 4, 9, 4, 6, 6, 15, 5, 17, 9, 18, 20, 14, 11, 2, 14, 14, 20, 1, 19, 2, 10, 17, 15, 16, 5, 9, 13, 19, 16, 14, 4, 8, 6, 18, 4, 8, 20, 3, 7, 16, 13, 1, 11, 16, 2, 16, 1, 6, 4, 6, 6, 10, 9, 14, 19, 16, 6, 11, 1, 12, 6, 20, 17, 5, 13, 8, 3, 9, 11, 10, 11, 20, 5, 20, 19, 4, 13, 19, 5, 13, 17, 10, 8, 5, 8, 10, 19, 20, 17, 10, 8, 7, 3, 7, 1, 5, 11, 5, 19, 3, 20, 7, 10, 4, 8, 10, 19, 5, 13, 10, 4, 5, 17, 8, 17, 1, 7, 10, 3, 17, 17, 13, 3, 1, 1, 7, 1, 7, 7]
bestever    1762    in generation 7726
[12, 12, 15, 11, 12, 12, 2, 15, 12, 12, 15, 2, 11, 13, 3, 3, 14, 14, 16, 11, 15, 16, 2, 2, 18, 15, 15, 13, 9, 15, 14, 18, 9, 20, 2, 6, 7, 14, 12, 18, 18, 11, 19, 20, 13, 12, 4, 9, 2, 18, 9, 15, 6, 14, 18, 4, 7, 3, 18, 3, 2, 19, 8, 16, 12, 17, 1, 16, 18, 8, 9, 4, 9, 4, 6, 6, 15, 5, 17, 9, 18, 20, 14, 11, 2, 14, 14, 20, 1, 19, 2, 10, 17, 15, 16, 5, 9, 13, 19, 16, 14, 4, 8, 6, 18, 4, 8, 20, 3, 7, 16, 13, 1, 11, 16, 2, 16, 1, 6, 4, 6, 6, 10, 9, 14, 19, 16, 6, 11, 1, 12, 6, 20, 17, 5, 13, 8, 3, 9, 11, 10, 11, 20, 5, 20, 19, 4, 13, 19, 5, 13, 17, 10, 8, 5, 8, 10, 19, 20, 17, 10, 8, 7, 3, 7, 1, 5, 11, 5, 19, 3, 20, 7, 10, 4, 8, 10, 19, 5, 13, 10, 4, 5, 17, 8, 17, 1, 7, 10, 3, 17, 17, 13, 3, 1, 1, 7, 1, 7, 7]
bestever    1759    in generation 7986
[12, 12, 15, 11, 12, 12, 2, 15, 12, 12, 15, 2, 11, 11, 3, 3, 14, 14, 16, 13, 15, 16, 2, 2, 18, 15, 15, 13, 9, 15, 14, 18, 9, 20, 2, 6, 7, 14, 12, 18, 18, 11, 19, 20, 13, 12, 4, 18, 2, 9, 9, 15, 6, 14, 18, 4, 7, 3, 18, 3, 2, 19, 8, 16, 12, 17, 1, 16, 18, 8, 9, 4, 9, 4, 6, 6, 15, 5, 17, 9, 18, 20, 14, 11, 2, 14, 14, 20, 1, 19, 2, 10, 17, 15, 16, 5, 9, 13, 19, 16, 14, 4, 8, 6, 18, 4, 8, 20, 3, 7, 16, 13, 1, 11, 16, 2, 16, 1, 6, 4, 6, 6, 10, 11, 9, 14, 19, 16, 6, 11, 1, 12, 6, 20, 17, 5, 10, 13, 8, 3, 9, 11, 20, 5, 20, 19, 4, 13, 19, 5, 13, 17, 10, 8, 5, 8, 10, 19, 20, 17, 10, 8, 7, 3, 7, 1, 5, 11, 5, 19, 3, 20, 7, 10, 4, 8, 10, 19, 5, 13, 10, 4, 5, 17, 8, 17, 1, 7, 10, 3, 17, 17, 13, 3, 1, 1, 7, 1, 7, 7]
bestever    1758    in generation 8014
[12, 12, 15, 11, 12, 12, 2, 15, 12, 12, 15, 2, 11, 11, 3, 3, 14, 14, 16, 13, 15, 16, 2, 2, 18, 15, 15, 13, 9, 15, 14, 18, 9, 20, 2, 6, 7, 14, 12, 18, 18, 11, 19, 20, 13, 12, 4, 18, 2, 9, 9, 15, 6, 14, 18, 4, 7, 3, 18, 3, 2, 19, 8, 16, 12, 17, 1, 16, 18, 8, 9, 4, 9, 4, 6, 6, 15, 5, 17, 9, 18, 20, 14, 11, 2, 14, 14, 20, 1, 19, 2, 10, 17, 15, 16, 5, 9, 13, 19, 16, 14, 4, 8, 6, 18, 4, 8, 20, 3, 7, 16, 13, 1, 11, 16, 2, 16, 1, 6, 4, 6, 6, 10, 11, 9, 14, 19, 16, 6, 11, 1, 12, 6, 20, 17, 5, 10, 13, 8, 3, 9, 11, 20, 5, 20, 19, 4, 13, 19, 5, 13, 10, 10, 8, 5, 8, 10, 19, 20, 17, 17, 8, 7, 3, 7, 1, 5, 11, 5, 19, 3, 20, 7, 10, 4, 8, 10, 19, 5, 13, 10, 4, 5, 17, 8, 17, 1, 7, 10, 3, 17, 17, 13, 3, 1, 1, 7, 1, 7, 7]
bestever    1754    in generation 8023
[12, 12, 15, 11, 12, 12, 2, 15, 12, 12, 15, 2, 11, 11, 3, 3, 14, 14, 16, 13, 15, 16, 2, 2, 18, 15, 15, 13, 9, 15, 14, 18, 9, 20, 2, 6, 7, 14, 12, 18, 18, 11, 19, 20, 13, 12, 4, 18, 2, 9, 9, 15, 6, 14, 18, 4, 7, 3, 18, 3, 2, 19, 8, 16, 12, 17, 1, 16, 18, 8, 9, 4, 9, 4, 6, 6, 15, 5, 17, 9, 18, 20, 14, 11, 2, 14, 14, 20, 1, 19, 2, 10, 11, 15, 16, 5, 9, 13, 19, 16, 14, 4, 8, 6, 18, 4, 8, 20, 3, 7, 16, 13, 1, 17, 16, 2, 16, 1, 6, 4, 6, 6, 10, 11, 9, 14, 19, 16, 6, 11, 1, 12, 6, 20, 17, 5, 10, 13, 8, 3, 9, 11, 20, 5, 20, 19, 4, 13, 19, 5, 13, 10, 10, 8, 5, 8, 10, 19, 20, 17, 17, 8, 7, 3, 7, 1, 5, 11, 5, 19, 3, 20, 7, 10, 4, 8, 10, 19, 5, 13, 10, 4, 5, 17, 8, 17, 1, 7, 10, 3, 17, 17, 13, 3, 1, 1, 7, 1, 7, 7]
bestever    1752    in generation 8116
[12, 12, 15, 11, 12, 12, 2, 15, 12, 2, 15, 2, 11, 11, 3, 3, 14, 14, 19, 13, 15, 16, 12, 2, 18, 15, 15, 13, 9, 15, 14, 18, 9, 20, 2, 6, 7, 14, 12, 18, 18, 11, 16, 20, 13, 12, 4, 18, 2, 9, 9, 15, 6, 14, 18, 4, 7, 3, 18, 3, 2, 19, 8, 16, 12, 17, 1, 16, 18, 8, 9, 4, 9, 4, 6, 6, 15, 5, 17, 9, 18, 20, 14, 11, 2, 14, 14, 20, 1, 19, 2, 10, 11, 15, 16, 5, 9, 13, 19, 16, 14, 4, 8, 6, 18, 4, 8, 20, 3, 7, 16, 13, 1, 17, 16, 2, 16, 1, 6, 4, 6, 6, 10, 11, 9, 14, 19, 16, 6, 11, 1, 12, 6, 20, 17, 5, 10, 13, 8, 3, 9, 11, 20, 5, 20, 19, 4, 13, 19, 5, 13, 10, 10, 8, 5, 8, 10, 19, 20, 17, 17, 8, 7, 3, 7, 1, 5, 11, 5, 19, 3, 20, 7, 10, 4, 8, 10, 19, 5, 13, 10, 4, 5, 17, 8, 17, 1, 7, 10, 3, 17, 17, 13, 3, 1, 1, 7, 1, 7, 7]
bestever    1750    in generation 8118
[12, 12, 15, 11, 12, 12, 2, 15, 12, 2, 15, 2, 11, 11, 3, 3, 14, 14, 19, 13, 15, 16, 12, 2, 18, 15, 15, 13, 9, 15, 14, 18, 9, 20, 2, 6, 7, 14, 12, 18, 18, 11, 16, 20, 13, 12, 4, 1, 2, 9, 9, 15, 6, 14, 18, 4, 7, 3, 18, 3, 2, 19, 8, 16, 12, 17, 1, 16, 18, 8, 9, 4, 9, 4, 6, 6, 15, 5, 17, 9, 18, 20, 14, 11, 2, 14, 14, 20, 18, 19, 2, 10, 11, 15, 16, 5, 9, 13, 19, 16, 14, 4, 8, 6, 18, 4, 8, 20, 3, 7, 16, 13, 1, 17, 16, 2, 16, 1, 6, 4, 6, 6, 10, 11, 9, 14, 19, 16, 6, 11, 1, 12, 6, 20, 17, 5, 10, 13, 8, 3, 9, 11, 20, 5, 20, 19, 4, 13, 19, 5, 13, 10, 10, 8, 5, 8, 10, 19, 20, 17, 17, 8, 7, 3, 7, 1, 5, 11, 5, 19, 3, 20, 7, 10, 4, 8, 10, 19, 5, 13, 10, 4, 5, 17, 8, 17, 1, 7, 10, 3, 17, 17, 13, 3, 1, 1, 7, 1, 7, 7]
