bestever    3382    in generation 0
[15, 2, 1, 6, 17, 15, 17, 16, 12, 17, 18, 1, 12, 12, 6, 19, 4, 19, 6, 19, 20, 4, 3, 17, 19, 2, 16, 13, 11, 2, 2, 18, 20, 13, 10, 12, 6, 16, 11, 1, 13, 16, 1, 3, 15, 8, 12, 6, 17, 8, 8, 3, 17, 9, 4, 8, 11, 14, 4, 8, 20, 12, 3, 18, 16, 6, 18, 19, 12, 9, 15, 19, 10, 7, 1, 12, 2, 11, 1, 10, 9, 13, 5, 6, 16, 3, 11, 17, 4, 16, 12, 10, 14, 1, 18, 1, 20, 17, 14, 5, 2, 20, 5, 14, 8, 11, 19, 15, 7, 9, 7, 3, 1, 5, 4, 3, 14, 9, 20, 7, 7, 15, 14, 18, 7, 6, 4, 13, 9, 18, 3, 9, 13, 5, 20, 4, 5, 11, 2, 14, 2, 14, 19, 9, 13, 19, 14, 13, 12, 15, 17, 9, 8, 20, 8, 15, 16, 7, 13, 8, 5, 16, 10, 3, 6, 7, 3, 11, 7, 5, 2, 1, 11, 18, 16, 20, 19, 11, 18, 14, 7, 4, 4, 10, 18, 5, 10, 10, 17, 10, 2, 10, 13, 15, 9, 5, 15, 20, 6, 8]
bestever    3223    in generation 2
[18, 12, 1, 19, 17, 4, 16, 13, 19, 9, 1, 1, 6, 1, 7, 19, 13, 16, 13, 14, 12, 6, 18, 2, 9, 20, 15, 18, 20, 19, 17, 2, 18, 12, 16, 6, 12, 1, 13, 11, 10, 13, 11, 19, 18, 6, 13, 16, 4, 11, 15, 17, 8, 6, 16, 5, 10, 10, 17, 2, 2, 11, 14, 1, 17, 8, 11, 6, 16, 14, 3, 19, 3, 7, 18, 10, 16, 5, 9, 2, 14, 1, 1, 6, 8, 9, 15, 8, 15, 15, 13, 7, 7, 16, 3, 20, 5, 19, 8, 3, 20, 4, 20, 19, 12, 15, 9, 19, 14, 15, 11, 4, 20, 20, 17, 20, 3, 5, 10, 12, 12, 16, 4, 18, 3, 10, 5, 9, 9, 2, 11, 14, 1, 17, 1, 4, 6, 8, 3, 9, 15, 7, 13, 4, 3, 7, 13, 5, 12, 10, 18, 4, 3, 8, 3, 9, 17, 9, 2, 10, 5, 11, 11, 17, 14, 12, 5, 7, 12, 8, 20, 19, 4, 10, 2, 17, 4, 15, 18, 14, 20, 6, 6, 8, 7, 14, 13, 8, 16, 2, 11, 10, 7, 5, 15, 14, 5, 18, 7, 2]
bestever    3151    in generation 3
[1, 19, 17, 4, 16, 13, 19, 9, 1, 1, 6, 1, 19, 16, 2, 6, 1, 13, 16, 17, 13, 14, 12, 18, 9, 15, 17, 18, 19, 17, 2, 18, 12, 16, 6, 12, 2, 1, 18, 13, 11, 9, 10, 13, 11, 18, 19, 9, 6, 9, 4, 11, 17, 8, 6, 4, 5, 5, 11, 10, 10, 11, 19, 17, 2, 10, 12, 13, 7, 16, 20, 20, 3, 11, 14, 5, 7, 8, 20, 10, 2, 15, 14, 20, 6, 6, 8, 12, 11, 16, 14, 19, 3, 16, 7, 18, 10, 16, 4, 5, 9, 2, 14, 1, 1, 4, 6, 8, 9, 15, 8, 15, 15, 13, 7, 7, 16, 3, 20, 15, 5, 19, 8, 3, 20, 20, 19, 12, 15, 4, 3, 14, 1, 17, 1, 4, 6, 8, 3, 9, 15, 7, 13, 4, 3, 7, 13, 5, 12, 10, 18, 6, 20, 8, 3, 9, 17, 9, 2, 10, 5, 11, 11, 17, 14, 12, 5, 7, 12, 8, 20, 19, 4, 10, 2, 17, 4, 15, 18, 14, 20, 7, 3, 14, 13, 8, 16, 2, 11, 10, 7, 5, 15, 14, 5, 18, 3, 2, 18, 12]
bestever    2972    in generation 4
[18, 12, 1, 19, 17, 4, 16, 13, 19, 9, 1, 1, 6, 1, 7, 19, 13, 16, 13, 14, 12, 6, 18, 2, 9, 20, 18, 20, 19, 17, 2, 18, 12, 16, 6, 12, 1, 13, 11, 10, 13, 11, 19, 18, 6, 13, 16, 4, 11, 17, 8, 6, 16, 5, 10, 10, 17, 2, 11, 14, 1, 17, 11, 16, 14, 3, 19, 3, 7, 10, 9, 1, 1, 6, 9, 13, 7, 3, 20, 19, 3, 12, 9, 11, 17, 20, 3, 10, 12, 12, 16, 6, 13, 8, 3, 2, 5, 11, 14, 5, 7, 8, 20, 10, 2, 15, 18, 14, 18, 5, 10, 16, 4, 5, 9, 9, 2, 14, 1, 1, 4, 6, 8, 9, 15, 8, 15, 15, 13, 7, 7, 16, 3, 20, 15, 5, 19, 8, 3, 4, 20, 4, 20, 15, 19, 12, 15, 4, 3, 8, 3, 9, 17, 9, 2, 10, 5, 11, 11, 17, 14, 12, 5, 7, 12, 8, 20, 19, 4, 10, 2, 17, 4, 15, 18, 17, 4, 15, 18, 14, 20, 6, 6, 8, 7, 14, 13, 8, 16, 2, 11, 10, 7, 5, 15, 14, 5, 18, 7, 2]
bestever    2942    in generation 5
[18, 12, 1, 19, 17, 4, 16, 13, 19, 9, 1, 1, 6, 1, 7, 19, 13, 16, 13, 14, 12, 6, 18, 2, 9, 20, 15, 18, 20, 19, 17, 2, 18, 12, 16, 6, 12, 1, 13, 11, 10, 13, 11, 19, 18, 6, 13, 16, 4, 11, 15, 17, 8, 6, 16, 5, 10, 10, 17, 2, 2, 11, 14, 1, 17, 8, 11, 6, 16, 14, 3, 19, 3, 7, 10, 16, 5, 9, 1, 1, 6, 8, 9, 13, 7, 7, 16, 3, 20, 5, 19, 3, 20, 4, 12, 9, 14, 15, 11, 4, 17, 20, 3, 10, 12, 12, 16, 18, 3, 10, 9, 9, 14, 1, 1, 6, 9, 15, 7, 13, 13, 18, 8, 3, 2, 5, 11, 14, 5, 7, 8, 20, 10, 2, 15, 5, 19, 8, 3, 4, 20, 4, 20, 15, 19, 12, 15, 4, 3, 8, 3, 9, 17, 9, 2, 10, 5, 11, 11, 17, 14, 12, 5, 7, 12, 8, 20, 19, 4, 10, 17, 4, 15, 18, 17, 4, 15, 14, 20, 6, 6, 8, 7, 14, 7, 18, 13, 8, 16, 2, 11, 10, 5, 15, 14, 5, 18, 2, 7, 2]
bestever    2812    in generation 6
[12, 1, 19, 17, 4, 16, 13, 19, 9, 1, 1, 6, 1, 19, 13, 16, 13, 12, 6, 18, 9, 20, 18, 20, 19, 17, 12, 16, 6, 12, 1, 13, 11, 10, 13, 11, 19, 18, 6, 13, 16, 11, 17, 6, 16, 10, 10, 2, 2, 1, 17, 11, 16, 14, 3, 19, 3, 16, 9, 1, 1, 6, 9, 7, 7, 16, 3, 20, 5, 3, 12, 14, 11, 17, 3, 10, 12, 16, 18, 3, 10, 14, 6, 7, 13, 18, 2, 5, 11, 14, 5, 7, 8, 10, 2, 15, 5, 8, 4, 20, 4, 20, 15, 19, 12, 15, 4, 8, 9, 17, 9, 9, 14, 1, 1, 6, 9, 15, 7, 13, 13, 18, 8, 3, 2, 5, 11, 14, 5, 7, 8, 20, 10, 2, 15, 5, 19, 8, 3, 4, 20, 4, 20, 15, 19, 12, 15, 4, 3, 8, 3, 9, 17, 9, 2, 10, 5, 11, 11, 17, 14, 12, 5, 7, 12, 8, 20, 19, 4, 10, 17, 4, 15, 18, 17, 4, 15, 14, 20, 6, 6, 8, 7, 14, 7, 18, 13, 8, 16, 2, 11, 10, 5, 15, 14, 18, 2, 7, 2, 18]
bestever    2707    in generation 9
[12, 1, 19, 17, 4, 16, 13, 19, 9, 1, 1, 6, 1, 19, 13, 16, 13, 12, 6, 18, 9, 20, 18, 20, 19, 17, 12, 16, 6, 12, 1, 13, 11, 10, 13, 11, 19, 18, 6, 13, 16, 11, 17, 6, 16, 10, 10, 2, 2, 1, 11, 16, 14, 3, 19, 3, 16, 9, 1, 1, 6, 9, 7, 7, 16, 3, 20, 5, 3, 12, 14, 11, 17, 3, 10, 12, 16, 18, 3, 10, 14, 6, 7, 13, 18, 2, 5, 11, 14, 5, 7, 8, 15, 5, 8, 4, 20, 4, 20, 15, 19, 12, 15, 8, 9, 17, 9, 9, 14, 1, 1, 6, 9, 7, 13, 13, 18, 3, 2, 5, 11, 14, 7, 8, 20, 10, 2, 15, 5, 19, 8, 3, 4, 20, 4, 20, 15, 19, 12, 15, 4, 8, 17, 2, 10, 5, 15, 4, 3, 8, 3, 9, 17, 9, 2, 10, 5, 11, 11, 17, 14, 12, 5, 7, 12, 8, 20, 19, 4, 10, 17, 4, 15, 18, 17, 4, 15, 14, 20, 6, 6, 8, 7, 14, 7, 18, 13, 8, 16, 2, 11, 10, 5, 15, 14, 18, 2, 7, 2, 18]
bestever    2643    in generation 12
[12, 1, 19, 17, 4, 16, 13, 19, 9, 1, 1, 6, 1, 19, 13, 16, 13, 12, 6, 18, 9, 20, 18, 20, 19, 17, 12, 16, 6, 12, 1, 13, 11, 10, 13, 11, 19, 18, 6, 13, 16, 11, 17, 6, 16, 10, 10, 2, 2, 1, 11, 16, 14, 3, 19, 3, 16, 9, 1, 1, 6, 9, 7, 7, 16, 3, 20, 5, 3, 12, 14, 11, 17, 3, 10, 12, 16, 18, 3, 10, 14, 6, 7, 13, 18, 2, 5, 11, 14, 5, 7, 8, 15, 5, 8, 4, 20, 4, 20, 15, 19, 12, 15, 8, 9, 17, 9, 9, 14, 1, 1, 6, 9, 7, 13, 13, 3, 2, 5, 11, 14, 7, 8, 20, 10, 15, 5, 19, 8, 3, 4, 20, 4, 20, 15, 19, 12, 15, 4, 8, 17, 2, 10, 5, 15, 4, 3, 8, 3, 9, 17, 9, 2, 10, 5, 11, 11, 17, 12, 5, 12, 8, 20, 19, 4, 10, 17, 4, 15, 18, 17, 4, 15, 8, 14, 7, 18, 14, 20, 6, 6, 8, 7, 14, 7, 18, 13, 16, 2, 2, 11, 10, 5, 15, 14, 18, 2, 7, 2, 18]
bestever    2619    in generation 16
[12, 1, 19, 17, 16, 13, 19, 9, 1, 1, 6, 1, 19, 13, 16, 13, 12, 6, 18, 9, 20, 18, 20, 19, 17, 12, 16, 6, 12, 1, 13, 11, 10, 13, 11, 19, 18, 6, 13, 16, 11, 17, 6, 16, 10, 10, 1, 11, 16, 14, 3, 19, 3, 16, 9, 1, 1, 6, 9, 7, 7, 16, 3, 20, 5, 3, 12, 14, 11, 3, 10, 16, 18, 3, 14, 6, 7, 13, 18, 2, 5, 11, 14, 5, 7, 8, 15, 5, 8, 20, 19, 12, 9, 9, 9, 14, 1, 1, 6, 9, 7, 13, 13, 3, 2, 14, 7, 8, 20, 4, 20, 15, 19, 12, 15, 4, 8, 2, 10, 5, 15, 4, 8, 17, 2, 10, 5, 11, 17, 3, 4, 20, 4, 20, 15, 19, 12, 15, 4, 8, 17, 2, 10, 5, 15, 4, 3, 8, 3, 9, 17, 9, 2, 10, 5, 11, 11, 17, 12, 5, 12, 8, 20, 19, 4, 10, 17, 4, 15, 18, 17, 4, 15, 8, 14, 7, 18, 14, 20, 6, 6, 8, 7, 14, 7, 18, 13, 16, 2, 2, 11, 10, 5, 15, 14, 18, 2, 7, 2, 18]
bestever    2601    in generation 17
[12, 1, 19, 17, 4, 16, 13, 19, 9, 1, 1, 6, 1, 19, 13, 16, 13, 12, 6, 18, 9, 20, 18, 20, 19, 17, 12, 16, 6, 12, 1, 13, 11, 10, 13, 11, 19, 6, 13, 16, 11, 17, 6, 16, 10, 10, 1, 11, 16, 14, 3, 19, 3, 16, 9, 1, 1, 6, 9, 7, 7, 16, 3, 20, 5, 3, 12, 14, 11, 17, 3, 10, 12, 16, 3, 10, 14, 6, 7, 13, 2, 5, 11, 14, 5, 7, 8, 15, 5, 8, 4, 20, 4, 20, 15, 19, 12, 15, 8, 9, 17, 9, 9, 14, 1, 1, 6, 9, 13, 13, 3, 2, 5, 8, 20, 19, 8, 3, 4, 2, 2, 11, 5, 10, 15, 18, 14, 7, 18, 20, 4, 20, 15, 19, 12, 15, 4, 8, 17, 2, 10, 5, 15, 4, 3, 8, 3, 9, 17, 9, 10, 5, 11, 11, 17, 12, 5, 12, 8, 20, 19, 4, 10, 17, 4, 15, 7, 18, 2, 18, 17, 4, 15, 8, 14, 7, 18, 14, 20, 6, 6, 8, 7, 14, 7, 18, 13, 16, 2, 2, 11, 10, 5, 15, 14, 18, 2, 7, 2, 18]
bestever    2570    in generation 18
[12, 1, 19, 17, 4, 16, 13, 19, 9, 1, 1, 6, 1, 19, 13, 16, 13, 12, 6, 18, 9, 20, 18, 20, 19, 17, 12, 16, 6, 12, 1, 13, 11, 10, 13, 11, 19, 18, 6, 13, 16, 11, 6, 16, 10, 10, 1, 11, 16, 14, 3, 19, 3, 16, 9, 1, 1, 6, 9, 7, 7, 16, 3, 20, 5, 3, 12, 14, 11, 3, 12, 16, 18, 3, 14, 6, 7, 13, 18, 2, 5, 11, 14, 5, 7, 8, 15, 5, 8, 20, 20, 19, 12, 8, 9, 9, 9, 14, 1, 1, 6, 9, 7, 13, 13, 3, 2, 5, 14, 7, 20, 10, 3, 4, 20, 20, 15, 19, 15, 4, 8, 17, 2, 15, 4, 8, 2, 10, 11, 17, 5, 12, 8, 20, 15, 19, 12, 15, 4, 8, 17, 2, 10, 5, 15, 4, 3, 8, 3, 9, 17, 9, 2, 10, 5, 11, 11, 17, 12, 5, 19, 4, 10, 17, 4, 10, 17, 4, 15, 18, 17, 4, 15, 8, 14, 7, 18, 14, 20, 6, 6, 8, 7, 14, 7, 18, 13, 16, 2, 2, 11, 10, 5, 15, 14, 18, 2, 7, 2, 18]
bestever    2556    in generation 19
[12, 1, 19, 17, 4, 16, 13, 19, 9, 1, 1, 6, 1, 19, 13, 16, 13, 12, 6, 18, 9, 20, 20, 19, 17, 12, 16, 6, 12, 1, 13, 11, 10, 13, 11, 19, 18, 6, 13, 16, 11, 17, 6, 16, 10, 10, 1, 11, 16, 14, 3, 19, 3, 16, 9, 1, 1, 6, 9, 7, 7, 16, 3, 20, 5, 3, 12, 14, 11, 17, 3, 10, 12, 16, 18, 3, 14, 6, 7, 13, 18, 2, 5, 11, 14, 5, 7, 8, 15, 5, 4, 20, 4, 19, 12, 9, 17, 9, 9, 14, 1, 1, 6, 9, 7, 13, 13, 3, 2, 14, 7, 2, 15, 8, 2, 11, 5, 8, 20, 10, 15, 18, 8, 20, 10, 15, 5, 19, 8, 3, 4, 20, 20, 15, 19, 12, 15, 4, 8, 17, 2, 5, 15, 4, 3, 8, 3, 9, 9, 2, 10, 5, 11, 11, 17, 12, 5, 12, 8, 20, 19, 4, 10, 17, 4, 10, 17, 4, 15, 18, 17, 4, 15, 8, 14, 7, 18, 14, 20, 6, 6, 8, 7, 14, 7, 18, 13, 16, 2, 2, 11, 10, 5, 15, 14, 18, 2, 7, 2, 18]
bestever    2544    in generation 21
[12, 1, 19, 17, 16, 13, 19, 9, 1, 1, 6, 1, 19, 13, 16, 13, 12, 6, 18, 9, 20, 20, 19, 17, 12, 16, 6, 12, 1, 13, 11, 10, 13, 11, 19, 18, 6, 13, 16, 11, 17, 6, 16, 10, 10, 1, 11, 16, 14, 3, 19, 3, 16, 9, 1, 1, 6, 9, 7, 7, 16, 3, 20, 5, 3, 12, 14, 11, 17, 3, 10, 12, 16, 18, 3, 14, 6, 7, 13, 18, 2, 5, 11, 14, 5, 7, 8, 15, 5, 4, 20, 4, 19, 12, 9, 17, 9, 9, 14, 1, 1, 6, 9, 7, 13, 13, 3, 2, 14, 7, 2, 15, 2, 11, 5, 8, 20, 10, 15, 18, 8, 20, 10, 15, 5, 19, 8, 3, 4, 20, 20, 15, 19, 12, 15, 4, 8, 17, 4, 8, 2, 5, 15, 4, 3, 8, 3, 9, 9, 2, 10, 5, 11, 11, 17, 12, 5, 12, 8, 20, 19, 4, 10, 17, 4, 10, 17, 4, 15, 18, 17, 4, 15, 8, 14, 7, 18, 14, 20, 6, 6, 8, 7, 14, 7, 18, 13, 16, 2, 2, 11, 10, 5, 15, 14, 18, 2, 7, 2, 18]
bestever    2523    in generation 26
[12, 1, 19, 17, 16, 13, 19, 9, 1, 1, 6, 1, 19, 13, 16, 13, 12, 6, 18, 9, 20, 20, 19, 17, 12, 16, 6, 12, 1, 13, 11, 10, 13, 11, 19, 18, 6, 13, 16, 11, 17, 6, 16, 10, 10, 1, 11, 16, 14, 3, 19, 3, 16, 9, 1, 1, 6, 9, 7, 7, 16, 3, 20, 5, 3, 12, 14, 11, 17, 3, 10, 12, 16, 18, 3, 14, 6, 7, 13, 18, 2, 5, 11, 14, 5, 7, 8, 15, 5, 4, 20, 4, 19, 12, 9, 17, 9, 9, 14, 1, 1, 6, 9, 7, 13, 13, 3, 2, 14, 7, 2, 15, 2, 11, 5, 8, 20, 10, 15, 18, 8, 20, 10, 15, 5, 19, 8, 3, 4, 20, 20, 15, 19, 12, 15, 4, 15, 17, 4, 8, 2, 5, 15, 4, 3, 8, 3, 9, 9, 2, 10, 5, 11, 11, 17, 12, 5, 12, 8, 20, 19, 4, 10, 17, 4, 10, 17, 4, 15, 18, 17, 4, 15, 8, 14, 7, 18, 14, 20, 6, 6, 8, 7, 14, 7, 18, 13, 16, 2, 2, 11, 10, 5, 8, 14, 18, 2, 7, 2, 18]
bestever    2495    in generation 33
[12, 1, 19, 17, 16, 13, 19, 9, 1, 1, 6, 1, 19, 13, 16, 13, 12, 6, 9, 20, 20, 19, 12, 16, 6, 12, 1, 13, 11, 10, 13, 11, 19, 18, 6, 13, 16, 11, 6, 16, 10, 10, 1, 11, 16, 14, 3, 19, 3, 16, 9, 1, 1, 6, 9, 7, 7, 16, 3, 20, 5, 3, 12, 14, 11, 3, 12, 16, 18, 3, 14, 6, 7, 13, 18, 5, 11, 14, 5, 7, 8, 15, 5, 20, 19, 9, 9, 9, 14, 1, 1, 6, 7, 13, 13, 3, 14, 7, 2, 15, 2, 5, 20, 15, 18, 20, 3, 20, 19, 8, 2, 15, 8, 9, 2, 10, 11, 17, 5, 12, 8, 20, 19, 4, 12, 15, 4, 15, 17, 4, 8, 2, 5, 15, 4, 3, 8, 3, 9, 9, 2, 10, 5, 11, 11, 17, 12, 5, 12, 8, 20, 19, 4, 10, 17, 4, 10, 17, 4, 15, 18, 17, 10, 17, 4, 10, 17, 4, 15, 18, 17, 4, 15, 8, 14, 7, 18, 14, 20, 6, 6, 8, 7, 14, 7, 18, 13, 16, 2, 2, 11, 10, 5, 8, 14, 18, 2, 7, 2, 18]
bestever    2450    in generation 34
[1, 19, 17, 16, 13, 19, 9, 1, 1, 6, 1, 19, 13, 16, 13, 12, 6, 9, 20, 20, 19, 12, 16, 6, 12, 1, 13, 11, 10, 13, 11, 6, 16, 11, 6, 16, 1, 11, 16, 14, 3, 3, 16, 9, 1, 1, 6, 9, 16, 3, 5, 3, 12, 14, 11, 3, 16, 3, 6, 5, 7, 9, 9, 9, 14, 1, 1, 6, 7, 13, 13, 14, 7, 18, 19, 2, 11, 5, 12, 20, 19, 18, 10, 18, 17, 14, 5, 12, 8, 20, 19, 10, 17, 9, 7, 13, 13, 3, 2, 14, 7, 2, 15, 2, 11, 5, 8, 20, 10, 15, 18, 8, 20, 10, 15, 5, 19, 8, 3, 4, 20, 20, 15, 19, 12, 15, 4, 15, 17, 4, 8, 2, 5, 15, 4, 3, 8, 3, 9, 9, 2, 10, 5, 11, 11, 17, 12, 5, 12, 8, 20, 19, 4, 10, 17, 4, 10, 17, 4, 15, 18, 17, 4, 15, 8, 10, 17, 4, 15, 18, 17, 4, 8, 14, 7, 7, 18, 14, 20, 6, 6, 8, 7, 14, 7, 18, 13, 16, 2, 2, 11, 10, 5, 14, 18, 2, 7, 2, 18, 12]
bestever    2379    in generation 37
[1, 19, 17, 16, 13, 19, 9, 1, 1, 6, 1, 19, 13, 16, 13, 12, 6, 9, 20, 20, 19, 12, 16, 6, 12, 1, 13, 11, 10, 13, 11, 6, 16, 11, 6, 16, 1, 11, 16, 14, 3, 3, 16, 9, 1, 1, 6, 9, 16, 3, 5, 3, 12, 14, 11, 3, 16, 3, 6, 5, 7, 9, 9, 9, 14, 1, 1, 6, 7, 13, 13, 14, 7, 18, 19, 2, 11, 5, 12, 20, 19, 18, 10, 17, 14, 5, 12, 8, 20, 19, 10, 17, 9, 7, 13, 13, 3, 2, 2, 15, 2, 11, 5, 8, 20, 10, 15, 8, 20, 10, 15, 5, 19, 8, 3, 4, 20, 20, 15, 19, 12, 15, 4, 15, 17, 4, 8, 5, 15, 4, 3, 3, 9, 9, 11, 5, 10, 18, 8, 14, 7, 18, 2, 2, 11, 17, 12, 5, 12, 8, 20, 19, 4, 10, 17, 4, 10, 17, 4, 15, 18, 17, 4, 15, 8, 10, 17, 4, 15, 18, 17, 4, 8, 14, 7, 7, 18, 14, 20, 6, 6, 8, 7, 14, 7, 18, 13, 16, 2, 2, 11, 10, 5, 14, 18, 2, 7, 2, 18, 12]
bestever    2361    in generation 42
[1, 19, 17, 16, 13, 19, 9, 1, 1, 6, 1, 19, 13, 16, 13, 12, 6, 9, 20, 20, 19, 12, 16, 6, 12, 1, 13, 11, 10, 13, 11, 6, 16, 11, 6, 16, 1, 11, 16, 14, 3, 3, 16, 9, 1, 1, 6, 9, 16, 3, 5, 3, 12, 14, 11, 3, 3, 6, 5, 7, 9, 9, 9, 14, 1, 1, 6, 7, 13, 13, 14, 7, 18, 19, 11, 5, 12, 20, 19, 18, 10, 5, 8, 20, 19, 10, 9, 7, 13, 3, 15, 5, 20, 10, 15, 20, 15, 19, 3, 4, 20, 15, 4, 4, 12, 19, 17, 13, 16, 2, 2, 12, 15, 4, 15, 2, 5, 3, 8, 2, 11, 5, 8, 20, 10, 10, 17, 4, 18, 17, 4, 15, 8, 14, 7, 18, 8, 3, 9, 9, 2, 2, 11, 11, 17, 12, 5, 12, 8, 20, 19, 4, 10, 17, 4, 15, 18, 8, 10, 17, 4, 17, 4, 15, 8, 10, 17, 15, 18, 17, 8, 14, 7, 7, 18, 14, 20, 6, 6, 7, 14, 7, 18, 13, 16, 2, 2, 11, 10, 5, 8, 14, 5, 14, 18, 2, 7, 2, 18, 12]
bestever    2328    in generation 49
[1, 19, 17, 16, 13, 19, 9, 1, 1, 6, 1, 19, 13, 16, 13, 12, 6, 9, 20, 20, 19, 12, 16, 6, 1, 13, 11, 10, 13, 11, 6, 16, 11, 6, 16, 1, 11, 16, 14, 3, 3, 16, 9, 1, 1, 6, 9, 3, 5, 3, 11, 3, 3, 6, 5, 7, 9, 9, 9, 14, 1, 1, 13, 13, 7, 12, 12, 19, 6, 18, 16, 14, 11, 5, 12, 20, 19, 10, 5, 8, 20, 19, 10, 9, 7, 13, 3, 15, 5, 20, 10, 15, 20, 15, 19, 3, 4, 20, 15, 4, 4, 12, 19, 17, 13, 16, 2, 2, 12, 15, 4, 15, 2, 5, 3, 8, 2, 11, 5, 8, 20, 10, 10, 17, 4, 18, 17, 4, 15, 8, 14, 7, 18, 8, 3, 9, 9, 2, 2, 11, 11, 17, 12, 5, 12, 8, 20, 19, 4, 10, 17, 4, 15, 18, 17, 10, 18, 8, 14, 7, 4, 17, 4, 15, 8, 10, 17, 15, 18, 17, 8, 14, 7, 7, 18, 14, 20, 6, 6, 7, 14, 7, 18, 13, 16, 2, 2, 11, 10, 5, 8, 14, 5, 14, 18, 2, 7, 2, 18, 12]
bestever    2310    in generation 66
[1, 19, 17, 16, 13, 19, 9, 1, 1, 6, 1, 19, 13, 16, 13, 12, 6, 9, 20, 20, 19, 12, 16, 6, 1, 13, 11, 10, 13, 11, 6, 16, 11, 6, 16, 1, 11, 16, 14, 3, 3, 16, 9, 1, 1, 6, 9, 3, 5, 3, 14, 11, 3, 3, 6, 5, 7, 9, 9, 9, 14, 1, 1, 7, 13, 13, 7, 12, 12, 19, 6, 18, 16, 11, 5, 20, 19, 10, 5, 8, 20, 10, 9, 7, 13, 3, 15, 5, 20, 10, 8, 12, 18, 15, 20, 15, 19, 3, 4, 20, 15, 4, 4, 12, 19, 17, 13, 16, 2, 2, 12, 15, 4, 15, 2, 5, 3, 19, 11, 5, 8, 20, 10, 17, 4, 17, 4, 15, 8, 8, 3, 9, 9, 2, 11, 11, 17, 12, 5, 12, 20, 19, 4, 10, 8, 18, 14, 14, 7, 18, 10, 17, 4, 15, 8, 10, 17, 4, 17, 4, 15, 8, 10, 17, 15, 17, 8, 14, 7, 18, 7, 18, 2, 2, 18, 14, 20, 6, 6, 7, 14, 7, 18, 13, 16, 2, 2, 11, 10, 5, 8, 14, 5, 14, 18, 2, 7, 2, 18, 12]
bestever    2305    in generation 103
[1, 19, 17, 16, 13, 19, 9, 1, 1, 6, 1, 19, 13, 16, 13, 12, 6, 9, 20, 20, 19, 12, 16, 6, 1, 13, 11, 10, 13, 11, 6, 16, 11, 6, 16, 1, 11, 16, 14, 3, 3, 16, 9, 1, 1, 6, 9, 3, 5, 3, 11, 3, 3, 6, 5, 7, 9, 9, 9, 14, 1, 1, 7, 13, 13, 12, 12, 19, 6, 18, 16, 11, 5, 20, 19, 10, 5, 8, 20, 10, 9, 13, 3, 15, 5, 20, 10, 8, 12, 15, 20, 15, 19, 3, 4, 20, 15, 4, 4, 12, 19, 17, 13, 16, 12, 15, 4, 15, 2, 5, 3, 19, 11, 5, 8, 20, 10, 17, 4, 17, 4, 15, 8, 8, 3, 9, 9, 11, 11, 17, 12, 5, 12, 20, 19, 4, 10, 8, 14, 7, 10, 17, 4, 15, 17, 4, 7, 2, 17, 10, 8, 18, 2, 18, 14, 14, 7, 2, 2, 4, 15, 8, 10, 17, 15, 17, 8, 14, 7, 18, 7, 18, 2, 18, 14, 20, 6, 14, 7, 13, 18, 2, 18, 2, 11, 10, 5, 8, 5, 6, 7, 14, 16, 14, 18, 2, 7, 2, 18, 12]
bestever    2298    in generation 127
[1, 19, 17, 16, 13, 19, 9, 1, 1, 6, 1, 19, 13, 16, 13, 12, 6, 9, 20, 20, 19, 12, 16, 6, 1, 13, 11, 10, 13, 11, 6, 16, 11, 6, 16, 1, 11, 16, 14, 3, 3, 16, 9, 1, 1, 6, 9, 3, 5, 3, 11, 3, 3, 6, 5, 7, 9, 9, 9, 14, 1, 1, 7, 13, 13, 12, 12, 19, 6, 18, 16, 11, 5, 20, 19, 10, 5, 8, 20, 10, 9, 13, 3, 15, 5, 20, 10, 8, 12, 15, 20, 15, 19, 3, 4, 20, 15, 4, 4, 12, 19, 17, 13, 16, 12, 15, 4, 15, 2, 5, 3, 19, 11, 5, 8, 20, 10, 17, 4, 17, 4, 15, 8, 8, 3, 9, 9, 11, 11, 17, 12, 5, 12, 20, 19, 4, 10, 8, 14, 7, 10, 17, 4, 15, 17, 4, 2, 17, 10, 8, 18, 2, 18, 14, 4, 15, 8, 10, 17, 15, 20, 6, 14, 7, 13, 11, 5, 5, 14, 7, 7, 2, 18, 2, 18, 14, 2, 8, 10, 17, 8, 14, 7, 18, 7, 18, 2, 2, 18, 6, 7, 14, 16, 14, 18, 2, 7, 2, 18, 12]
bestever    2289    in generation 128
[16, 13, 9, 1, 1, 6, 1, 19, 13, 16, 13, 12, 6, 9, 20, 20, 19, 16, 6, 1, 13, 11, 10, 13, 11, 6, 16, 11, 6, 16, 1, 11, 1, 19, 19, 17, 12, 16, 14, 3, 3, 16, 9, 1, 1, 6, 9, 3, 5, 3, 11, 3, 3, 6, 5, 7, 9, 9, 9, 14, 1, 1, 7, 13, 13, 12, 12, 19, 6, 18, 16, 11, 5, 20, 19, 10, 5, 8, 20, 10, 9, 13, 3, 15, 5, 20, 10, 8, 12, 15, 20, 15, 19, 3, 4, 20, 15, 4, 4, 12, 19, 17, 13, 16, 12, 15, 4, 15, 2, 5, 3, 19, 11, 5, 8, 20, 10, 17, 4, 17, 4, 15, 8, 8, 3, 9, 9, 11, 11, 17, 12, 5, 12, 20, 19, 4, 10, 8, 14, 7, 10, 17, 4, 15, 17, 4, 7, 2, 17, 10, 8, 18, 2, 18, 14, 14, 7, 2, 2, 4, 15, 8, 10, 17, 15, 17, 8, 14, 7, 18, 7, 18, 2, 18, 14, 20, 6, 14, 7, 13, 18, 2, 18, 2, 11, 10, 5, 8, 5, 6, 7, 14, 16, 14, 18, 2, 7, 2, 18, 12]
bestever    2278    in generation 130
[16, 13, 9, 1, 1, 6, 1, 19, 13, 16, 13, 12, 6, 9, 20, 15, 19, 16, 6, 1, 13, 11, 10, 13, 11, 6, 16, 11, 6, 16, 1, 11, 1, 19, 19, 17, 12, 16, 14, 3, 3, 16, 9, 1, 1, 6, 9, 3, 5, 3, 11, 3, 3, 6, 5, 7, 9, 9, 9, 14, 1, 1, 7, 13, 13, 12, 12, 19, 6, 18, 16, 11, 5, 20, 19, 10, 5, 8, 20, 10, 9, 13, 3, 15, 5, 20, 10, 8, 12, 15, 20, 15, 19, 3, 4, 20, 15, 4, 4, 12, 19, 17, 13, 16, 12, 15, 4, 15, 2, 5, 3, 19, 11, 5, 8, 20, 10, 17, 4, 17, 4, 15, 8, 8, 3, 9, 9, 11, 11, 17, 12, 5, 12, 20, 19, 4, 10, 8, 14, 7, 10, 17, 4, 15, 17, 4, 7, 2, 17, 10, 8, 18, 2, 18, 14, 14, 7, 2, 2, 4, 20, 8, 10, 17, 15, 17, 8, 14, 7, 18, 7, 18, 2, 18, 14, 20, 6, 14, 7, 13, 18, 2, 18, 2, 11, 10, 5, 8, 5, 6, 7, 14, 16, 14, 18, 2, 7, 2, 18, 12]
bestever    2250    in generation 133
[16, 13, 9, 1, 1, 6, 1, 19, 13, 16, 13, 12, 6, 9, 20, 20, 19, 16, 6, 1, 13, 11, 10, 13, 11, 6, 16, 11, 6, 16, 1, 11, 1, 19, 19, 17, 12, 16, 14, 3, 3, 16, 9, 1, 1, 6, 9, 3, 5, 3, 11, 3, 3, 6, 5, 7, 9, 9, 9, 14, 1, 1, 13, 13, 12, 12, 19, 6, 16, 11, 5, 20, 19, 10, 5, 8, 20, 10, 13, 3, 15, 5, 20, 10, 8, 12, 15, 20, 15, 19, 3, 4, 20, 15, 4, 4, 12, 19, 17, 15, 4, 15, 2, 5, 3, 19, 11, 9, 12, 13, 18, 7, 16, 5, 8, 20, 10, 17, 4, 17, 4, 15, 8, 8, 3, 9, 9, 11, 11, 17, 12, 5, 12, 20, 19, 4, 10, 8, 14, 7, 10, 17, 4, 15, 17, 4, 7, 2, 17, 10, 8, 18, 2, 18, 14, 14, 7, 2, 2, 4, 15, 8, 10, 17, 15, 17, 8, 14, 7, 18, 7, 18, 2, 18, 14, 20, 6, 14, 7, 13, 18, 2, 18, 2, 11, 10, 5, 8, 5, 6, 7, 14, 16, 14, 18, 2, 7, 2, 18, 12]
bestever    2248    in generation 141
[16, 13, 9, 1, 1, 6, 1, 19, 13, 16, 13, 12, 6, 9, 17, 20, 19, 16, 6, 1, 13, 11, 10, 13, 11, 6, 16, 11, 6, 16, 1, 11, 1, 19, 19, 17, 12, 16, 14, 3, 3, 16, 9, 1, 1, 6, 9, 3, 5, 3, 11, 3, 3, 6, 5, 7, 9, 9, 9, 14, 1, 1, 13, 13, 12, 12, 19, 6, 16, 11, 5, 20, 19, 10, 5, 8, 20, 10, 13, 3, 15, 5, 20, 10, 8, 12, 15, 20, 15, 19, 3, 4, 20, 15, 4, 4, 12, 19, 20, 15, 4, 15, 2, 5, 3, 19, 11, 9, 12, 13, 18, 7, 16, 5, 8, 20, 10, 17, 4, 17, 4, 15, 8, 8, 3, 9, 9, 11, 11, 17, 12, 5, 12, 20, 19, 4, 10, 8, 14, 7, 10, 17, 4, 15, 17, 4, 7, 2, 17, 10, 8, 18, 2, 18, 14, 14, 7, 2, 2, 4, 15, 8, 10, 17, 15, 17, 8, 14, 7, 18, 7, 18, 2, 18, 14, 20, 6, 14, 7, 13, 18, 2, 18, 2, 11, 10, 5, 8, 5, 6, 7, 14, 16, 14, 18, 2, 7, 2, 18, 12]
bestever    2239    in generation 165
[16, 13, 9, 1, 1, 6, 1, 19, 13, 16, 13, 12, 6, 9, 17, 20, 19, 16, 6, 1, 13, 11, 10, 13, 11, 6, 16, 11, 6, 16, 1, 11, 1, 19, 19, 17, 12, 16, 14, 3, 3, 16, 9, 1, 1, 6, 9, 3, 5, 3, 11, 3, 3, 6, 5, 7, 9, 9, 9, 1, 1, 13, 13, 12, 12, 19, 6, 16, 11, 5, 20, 19, 10, 5, 8, 20, 10, 13, 3, 15, 5, 20, 10, 8, 12, 15, 20, 15, 19, 3, 4, 20, 15, 4, 4, 12, 19, 20, 15, 4, 5, 3, 19, 11, 9, 12, 13, 7, 16, 5, 8, 20, 10, 17, 4, 17, 4, 8, 3, 9, 9, 11, 11, 17, 12, 5, 12, 20, 19, 4, 10, 17, 18, 2, 4, 15, 4, 10, 8, 14, 2, 14, 7, 18, 2, 14, 2, 2, 4, 15, 8, 10, 17, 15, 17, 8, 14, 7, 18, 7, 15, 8, 10, 17, 15, 17, 8, 14, 7, 18, 7, 18, 2, 18, 14, 20, 6, 14, 7, 13, 18, 2, 18, 2, 11, 10, 5, 8, 5, 6, 7, 14, 16, 14, 18, 2, 7, 2, 18, 12]
bestever    2235    in generation 189
[16, 13, 9, 1, 1, 6, 1, 19, 13, 16, 13, 12, 6, 9, 17, 20, 19, 16, 6, 1, 13, 11, 10, 13, 11, 6, 16, 11, 6, 16, 1, 11, 1, 19, 19, 17, 12, 16, 14, 3, 3, 16, 9, 1, 1, 6, 9, 3, 5, 3, 11, 3, 3, 6, 5, 7, 9, 9, 9, 1, 1, 13, 13, 12, 12, 19, 6, 16, 11, 5, 20, 19, 10, 5, 8, 20, 10, 13, 3, 15, 5, 20, 10, 8, 12, 15, 20, 15, 19, 3, 4, 20, 15, 4, 4, 12, 19, 20, 15, 4, 5, 3, 19, 11, 9, 12, 13, 7, 16, 5, 8, 20, 10, 17, 4, 17, 4, 8, 3, 9, 9, 11, 11, 17, 12, 5, 12, 20, 19, 4, 10, 17, 18, 2, 4, 15, 4, 10, 8, 14, 2, 14, 7, 18, 2, 14, 2, 2, 4, 15, 8, 10, 17, 15, 17, 8, 14, 7, 18, 7, 15, 8, 10, 17, 15, 17, 8, 14, 7, 18, 7, 18, 2, 18, 14, 20, 6, 14, 7, 13, 18, 16, 5, 11, 5, 12, 2, 2, 10, 2, 8, 7, 18, 2, 18, 14, 6, 14, 7, 18]
bestever    2232    in generation 238
[16, 13, 9, 1, 1, 6, 1, 19, 13, 16, 13, 12, 6, 9, 17, 20, 19, 16, 6, 1, 13, 11, 10, 13, 11, 6, 16, 11, 6, 16, 1, 11, 1, 19, 19, 17, 12, 16, 14, 3, 3, 16, 9, 1, 1, 6, 9, 3, 5, 3, 11, 3, 3, 6, 5, 7, 9, 9, 9, 1, 1, 13, 13, 12, 12, 19, 6, 16, 11, 5, 20, 19, 10, 5, 8, 20, 10, 13, 3, 15, 5, 20, 10, 8, 12, 15, 20, 15, 19, 3, 4, 20, 15, 4, 4, 12, 19, 20, 15, 4, 5, 3, 19, 11, 9, 12, 13, 7, 16, 5, 8, 20, 10, 17, 4, 17, 4, 8, 3, 9, 9, 11, 11, 17, 12, 20, 19, 4, 10, 17, 2, 4, 15, 4, 10, 8, 14, 14, 7, 18, 14, 2, 4, 15, 8, 17, 15, 17, 8, 14, 18, 7, 15, 10, 17, 15, 5, 12, 2, 2, 10, 2, 8, 7, 18, 17, 8, 14, 7, 18, 7, 18, 18, 14, 20, 6, 14, 7, 13, 18, 16, 2, 5, 11, 5, 12, 2, 2, 10, 2, 8, 7, 18, 2, 18, 14, 6, 14, 7, 18]
bestever    2227    in generation 239
[16, 13, 9, 1, 1, 6, 1, 19, 13, 16, 13, 12, 6, 9, 17, 20, 19, 16, 6, 1, 13, 11, 10, 16, 11, 6, 16, 11, 6, 16, 1, 11, 1, 19, 19, 17, 12, 16, 14, 3, 3, 16, 9, 1, 1, 6, 9, 3, 5, 3, 11, 3, 3, 6, 5, 7, 9, 9, 9, 1, 1, 13, 13, 12, 12, 19, 6, 13, 11, 5, 20, 19, 10, 5, 8, 20, 10, 13, 3, 15, 5, 20, 10, 8, 12, 15, 20, 15, 19, 3, 4, 20, 15, 4, 4, 12, 19, 20, 15, 4, 5, 3, 19, 11, 9, 12, 13, 7, 16, 5, 8, 20, 10, 17, 4, 17, 4, 8, 3, 9, 9, 11, 11, 17, 12, 5, 12, 20, 19, 4, 10, 17, 18, 2, 4, 15, 4, 10, 8, 14, 2, 14, 7, 18, 2, 14, 2, 2, 4, 15, 8, 10, 17, 15, 17, 8, 14, 7, 18, 7, 15, 8, 10, 17, 15, 17, 8, 14, 7, 18, 7, 18, 18, 14, 20, 6, 14, 7, 13, 18, 16, 2, 5, 11, 5, 12, 2, 2, 10, 2, 8, 7, 18, 2, 18, 14, 6, 14, 7, 18]
bestever    2225    in generation 252
[16, 13, 9, 1, 1, 6, 1, 19, 13, 16, 13, 12, 6, 9, 17, 20, 19, 16, 6, 1, 13, 11, 10, 16, 11, 6, 16, 11, 6, 16, 1, 11, 1, 19, 19, 17, 12, 16, 14, 3, 3, 16, 9, 1, 1, 6, 9, 3, 5, 3, 11, 3, 3, 6, 5, 7, 9, 9, 9, 1, 1, 13, 13, 12, 12, 19, 6, 13, 11, 5, 20, 19, 10, 5, 8, 20, 10, 13, 3, 15, 5, 20, 10, 8, 12, 15, 20, 15, 19, 3, 4, 20, 15, 4, 4, 12, 19, 20, 15, 4, 5, 3, 19, 11, 9, 12, 13, 7, 16, 5, 8, 20, 10, 17, 4, 17, 4, 8, 3, 9, 9, 11, 11, 17, 12, 5, 12, 20, 19, 4, 10, 17, 18, 2, 4, 15, 4, 10, 8, 14, 2, 14, 7, 18, 2, 14, 2, 4, 15, 8, 10, 17, 15, 17, 8, 14, 7, 18, 7, 15, 8, 17, 15, 17, 8, 14, 7, 18, 7, 18, 18, 14, 20, 6, 14, 7, 13, 18, 16, 5, 2, 11, 5, 12, 2, 2, 10, 2, 10, 2, 8, 7, 18, 2, 18, 14, 6, 14, 7, 18]
bestever    2224    in generation 271
[16, 13, 9, 1, 1, 6, 1, 19, 13, 16, 13, 12, 6, 9, 17, 20, 19, 16, 6, 1, 13, 11, 10, 16, 11, 6, 16, 11, 6, 16, 1, 11, 1, 19, 19, 17, 12, 16, 14, 3, 3, 16, 9, 1, 1, 6, 9, 3, 5, 3, 11, 3, 3, 6, 5, 9, 9, 9, 1, 1, 13, 13, 12, 12, 19, 6, 13, 11, 5, 20, 19, 10, 5, 8, 20, 10, 13, 3, 15, 5, 20, 10, 8, 12, 15, 20, 15, 19, 3, 4, 20, 15, 4, 4, 12, 19, 20, 15, 4, 3, 19, 11, 9, 12, 13, 7, 16, 5, 20, 10, 4, 4, 3, 9, 9, 11, 11, 12, 5, 12, 20, 19, 4, 10, 17, 18, 2, 4, 15, 4, 10, 14, 2, 14, 7, 18, 2, 14, 2, 4, 15, 8, 10, 17, 15, 17, 8, 8, 7, 5, 8, 17, 17, 8, 17, 14, 7, 18, 7, 15, 8, 17, 15, 17, 8, 14, 7, 18, 7, 18, 18, 14, 20, 6, 14, 7, 13, 18, 16, 5, 2, 11, 5, 12, 2, 2, 10, 2, 10, 2, 8, 7, 18, 2, 18, 14, 6, 14, 7, 18]
bestever    2186    in generation 278
[16, 13, 9, 1, 1, 6, 1, 19, 13, 16, 13, 12, 6, 9, 17, 20, 19, 16, 6, 1, 13, 11, 10, 16, 11, 6, 16, 11, 6, 16, 1, 11, 1, 19, 19, 17, 12, 16, 14, 3, 3, 16, 9, 1, 1, 6, 9, 3, 5, 3, 11, 3, 3, 6, 5, 9, 9, 9, 1, 1, 13, 13, 12, 12, 19, 6, 13, 11, 5, 20, 19, 10, 5, 8, 20, 10, 13, 3, 15, 5, 20, 10, 8, 12, 15, 20, 15, 19, 3, 4, 20, 15, 4, 4, 12, 19, 20, 15, 4, 3, 19, 11, 9, 12, 13, 7, 16, 5, 20, 10, 4, 4, 3, 9, 9, 11, 11, 12, 5, 12, 20, 19, 4, 10, 17, 18, 2, 4, 15, 4, 10, 14, 2, 14, 7, 18, 2, 14, 2, 4, 15, 8, 10, 17, 15, 17, 8, 8, 7, 5, 8, 17, 17, 8, 17, 14, 2, 2, 18, 18, 6, 6, 13, 7, 16, 11, 5, 12, 20, 18, 2, 10, 14, 2, 14, 7, 18, 2, 14, 2, 10, 7, 5, 8, 14, 7, 18, 7, 15, 8, 17, 15, 17, 8, 14, 7, 18, 7, 18, 18]
bestever    2152    in generation 298
[16, 13, 9, 1, 1, 6, 1, 19, 13, 16, 13, 12, 6, 9, 17, 20, 19, 16, 6, 1, 13, 11, 10, 16, 11, 6, 16, 11, 6, 16, 1, 11, 1, 19, 19, 17, 12, 16, 14, 3, 3, 16, 9, 1, 1, 6, 9, 3, 13, 3, 11, 3, 3, 6, 5, 9, 9, 9, 1, 1, 13, 13, 12, 12, 19, 6, 13, 11, 5, 20, 19, 10, 5, 8, 20, 10, 13, 3, 15, 5, 20, 10, 8, 12, 15, 20, 15, 19, 3, 4, 20, 15, 4, 4, 12, 19, 20, 15, 4, 3, 19, 11, 9, 12, 5, 7, 16, 5, 20, 10, 4, 4, 3, 9, 9, 11, 11, 12, 5, 12, 20, 19, 4, 10, 17, 18, 2, 4, 15, 4, 10, 14, 2, 14, 7, 18, 2, 14, 2, 4, 15, 8, 10, 17, 15, 17, 8, 8, 7, 5, 8, 17, 17, 8, 17, 14, 2, 2, 18, 18, 6, 6, 13, 7, 16, 11, 5, 12, 20, 18, 2, 10, 14, 2, 14, 7, 18, 2, 14, 2, 10, 7, 5, 8, 14, 7, 18, 7, 15, 8, 17, 15, 17, 8, 14, 7, 18, 7, 18, 18]
bestever    2149    in generation 314
[16, 13, 9, 1, 1, 6, 1, 19, 13, 16, 13, 12, 6, 9, 17, 20, 19, 16, 6, 1, 13, 11, 10, 16, 11, 6, 16, 11, 6, 16, 1, 11, 1, 19, 19, 17, 12, 16, 14, 3, 3, 16, 9, 1, 1, 6, 9, 3, 13, 3, 11, 3, 3, 6, 5, 9, 9, 9, 1, 1, 13, 13, 12, 12, 19, 6, 13, 11, 5, 20, 19, 10, 5, 8, 20, 10, 13, 3, 15, 5, 20, 10, 8, 12, 20, 15, 19, 3, 4, 20, 15, 4, 4, 12, 19, 20, 15, 4, 3, 19, 11, 9, 12, 5, 16, 5, 20, 10, 4, 3, 9, 9, 11, 11, 12, 5, 12, 20, 19, 4, 10, 17, 18, 2, 4, 15, 4, 15, 4, 10, 14, 2, 14, 2, 2, 4, 15, 8, 10, 17, 15, 17, 8, 8, 5, 8, 17, 17, 8, 17, 2, 2, 6, 13, 16, 18, 6, 7, 11, 5, 12, 20, 18, 2, 10, 14, 7, 18, 14, 7, 14, 2, 14, 7, 18, 2, 14, 2, 10, 7, 5, 8, 14, 7, 18, 7, 15, 8, 17, 15, 17, 8, 14, 7, 18, 7, 18, 7, 18, 18]
bestever    2146    in generation 338
[16, 13, 9, 1, 1, 6, 1, 19, 13, 16, 13, 12, 6, 9, 20, 19, 16, 6, 1, 13, 11, 10, 16, 11, 6, 16, 11, 6, 16, 1, 11, 1, 19, 19, 12, 16, 14, 3, 3, 16, 9, 1, 1, 6, 9, 3, 13, 3, 11, 3, 3, 6, 5, 9, 9, 9, 1, 1, 13, 13, 12, 12, 19, 6, 13, 11, 5, 20, 19, 10, 5, 20, 10, 13, 3, 15, 5, 20, 10, 12, 20, 15, 19, 3, 4, 20, 15, 4, 4, 12, 19, 20, 15, 4, 3, 19, 11, 9, 12, 16, 5, 20, 10, 4, 3, 9, 9, 11, 11, 12, 5, 12, 20, 19, 4, 10, 17, 18, 2, 4, 15, 4, 15, 4, 10, 14, 2, 14, 2, 2, 4, 15, 8, 10, 17, 15, 17, 8, 8, 5, 8, 17, 17, 8, 5, 8, 17, 17, 8, 17, 2, 2, 6, 13, 16, 18, 6, 7, 11, 5, 12, 20, 18, 2, 10, 14, 7, 18, 14, 7, 14, 2, 14, 7, 18, 2, 14, 2, 10, 7, 5, 8, 14, 7, 18, 7, 15, 8, 17, 15, 17, 8, 14, 7, 18, 7, 18, 7, 18, 18]
bestever    2113    in generation 341
[16, 13, 9, 1, 1, 6, 1, 19, 13, 16, 13, 12, 6, 9, 20, 19, 16, 6, 1, 13, 11, 10, 16, 11, 6, 16, 11, 6, 16, 1, 11, 1, 19, 19, 12, 16, 14, 3, 3, 16, 9, 1, 1, 6, 9, 3, 13, 3, 11, 3, 3, 6, 5, 9, 9, 9, 1, 1, 13, 13, 12, 12, 19, 6, 13, 11, 5, 20, 19, 10, 5, 20, 10, 13, 3, 15, 5, 20, 10, 12, 20, 15, 19, 3, 4, 20, 15, 4, 4, 12, 19, 20, 15, 4, 3, 19, 11, 9, 12, 16, 5, 20, 10, 4, 3, 9, 9, 11, 11, 12, 5, 12, 20, 19, 4, 10, 17, 18, 2, 4, 15, 4, 15, 4, 10, 14, 2, 14, 2, 2, 4, 8, 10, 17, 17, 8, 8, 5, 8, 17, 17, 8, 5, 8, 17, 2, 2, 6, 13, 16, 18, 6, 7, 11, 5, 12, 20, 18, 2, 10, 14, 7, 18, 14, 14, 2, 14, 7, 18, 2, 14, 2, 10, 7, 5, 7, 18, 7, 15, 8, 17, 15, 17, 8, 14, 7, 15, 8, 17, 15, 17, 8, 14, 7, 18, 7, 18, 7, 18, 18]
bestever    2109    in generation 363
[16, 13, 9, 1, 1, 6, 1, 19, 13, 16, 13, 12, 6, 9, 20, 19, 16, 6, 1, 13, 11, 10, 16, 11, 6, 16, 11, 6, 16, 1, 11, 1, 19, 19, 12, 16, 14, 3, 3, 16, 9, 1, 1, 6, 9, 3, 13, 3, 11, 3, 3, 6, 5, 9, 9, 9, 1, 1, 13, 13, 12, 12, 19, 13, 11, 5, 20, 19, 10, 5, 20, 10, 13, 3, 15, 5, 20, 10, 12, 20, 15, 19, 3, 4, 20, 15, 4, 4, 12, 19, 20, 15, 4, 3, 19, 11, 9, 12, 16, 5, 20, 10, 4, 3, 15, 9, 11, 11, 12, 5, 12, 20, 19, 4, 10, 17, 18, 2, 4, 15, 4, 9, 4, 10, 14, 14, 2, 2, 4, 8, 10, 17, 17, 8, 8, 5, 8, 17, 17, 8, 5, 8, 17, 2, 2, 6, 2, 6, 13, 16, 18, 6, 7, 11, 5, 12, 20, 18, 2, 10, 14, 7, 18, 14, 14, 2, 14, 7, 18, 2, 14, 2, 10, 7, 5, 7, 18, 7, 15, 8, 17, 15, 17, 8, 14, 7, 15, 8, 17, 15, 17, 8, 14, 7, 18, 7, 18, 7, 18, 18]
bestever    2081    in generation 430
[16, 13, 9, 1, 1, 6, 1, 19, 13, 16, 13, 12, 6, 9, 20, 19, 16, 6, 1, 13, 10, 16, 6, 16, 11, 6, 16, 1, 11, 1, 19, 19, 12, 16, 14, 3, 3, 16, 9, 1, 1, 6, 9, 3, 13, 3, 11, 3, 3, 6, 5, 9, 9, 9, 1, 1, 13, 13, 12, 12, 19, 13, 11, 5, 20, 19, 10, 5, 20, 10, 13, 3, 15, 5, 20, 10, 12, 20, 15, 19, 3, 11, 11, 4, 20, 15, 4, 4, 12, 19, 20, 15, 4, 3, 19, 11, 9, 12, 16, 5, 20, 10, 4, 3, 15, 9, 11, 11, 12, 5, 12, 20, 19, 4, 10, 17, 18, 2, 4, 15, 4, 9, 4, 10, 14, 14, 2, 2, 4, 8, 10, 17, 17, 8, 8, 5, 8, 17, 8, 5, 2, 2, 6, 2, 6, 13, 16, 6, 7, 11, 5, 12, 20, 18, 2, 10, 14, 7, 18, 14, 2, 14, 7, 18, 2, 2, 10, 7, 5, 7, 18, 7, 17, 14, 15, 8, 18, 7, 15, 8, 17, 14, 17, 8, 14, 15, 8, 17, 17, 15, 17, 8, 14, 7, 18, 7, 18, 7, 18, 18]
bestever    2076    in generation 469
[16, 13, 9, 1, 1, 6, 1, 19, 13, 16, 13, 12, 6, 9, 20, 19, 16, 6, 1, 13, 10, 16, 6, 16, 11, 6, 16, 1, 11, 1, 19, 19, 12, 16, 14, 3, 3, 16, 9, 1, 1, 6, 9, 3, 13, 3, 11, 3, 3, 6, 5, 9, 9, 9, 1, 1, 13, 13, 12, 12, 19, 13, 11, 5, 20, 19, 10, 5, 20, 10, 13, 3, 15, 5, 20, 10, 12, 20, 15, 19, 3, 11, 11, 4, 20, 15, 4, 4, 12, 19, 20, 15, 4, 3, 19, 11, 9, 12, 16, 5, 20, 10, 4, 3, 15, 9, 11, 11, 12, 5, 12, 20, 19, 4, 10, 17, 2, 4, 15, 4, 9, 4, 10, 14, 14, 2, 2, 4, 8, 10, 17, 17, 8, 8, 5, 8, 17, 8, 5, 2, 2, 6, 2, 6, 13, 16, 6, 11, 5, 12, 20, 2, 10, 14, 14, 2, 14, 15, 18, 2, 2, 10, 7, 5, 7, 18, 7, 17, 14, 15, 8, 7, 15, 8, 17, 14, 17, 8, 14, 15, 8, 17, 17, 17, 8, 14, 7, 18, 7, 18, 7, 18, 18, 7, 18, 7, 18, 7, 18, 18]
bestever    2062    in generation 475
[1, 1, 6, 1, 19, 13, 16, 13, 12, 6, 9, 20, 19, 16, 6, 1, 13, 10, 16, 6, 16, 11, 6, 16, 1, 11, 16, 9, 13, 1, 19, 19, 12, 16, 14, 3, 3, 16, 9, 1, 1, 6, 9, 3, 13, 3, 11, 3, 3, 6, 5, 9, 9, 9, 1, 1, 13, 13, 12, 12, 19, 13, 11, 5, 20, 19, 10, 5, 20, 10, 13, 3, 15, 5, 20, 10, 12, 20, 15, 19, 3, 11, 11, 4, 20, 15, 4, 4, 12, 19, 20, 15, 4, 3, 19, 11, 9, 12, 16, 5, 20, 10, 4, 3, 15, 9, 11, 11, 12, 5, 12, 20, 19, 4, 10, 17, 2, 4, 15, 4, 9, 4, 10, 14, 14, 2, 2, 4, 8, 10, 17, 17, 8, 8, 5, 8, 17, 8, 5, 2, 2, 6, 2, 6, 13, 16, 6, 11, 5, 12, 20, 2, 10, 14, 14, 2, 14, 15, 18, 2, 2, 10, 7, 5, 7, 18, 7, 17, 14, 15, 8, 7, 15, 8, 17, 14, 17, 8, 14, 15, 8, 17, 17, 17, 8, 14, 7, 18, 7, 18, 7, 18, 18, 7, 18, 7, 18, 7, 18, 18]
bestever    2060    in generation 508
[1, 1, 6, 1, 19, 13, 16, 13, 12, 6, 9, 20, 19, 16, 6, 1, 13, 10, 16, 6, 13, 11, 6, 16, 1, 11, 16, 9, 13, 1, 19, 19, 12, 16, 14, 3, 3, 16, 9, 1, 1, 6, 9, 3, 13, 3, 11, 3, 3, 6, 5, 9, 9, 9, 1, 1, 16, 13, 12, 12, 19, 13, 11, 5, 20, 19, 10, 5, 20, 10, 13, 3, 15, 5, 20, 10, 12, 20, 15, 19, 3, 11, 11, 4, 20, 15, 4, 4, 12, 19, 20, 15, 4, 3, 19, 11, 9, 12, 16, 5, 20, 10, 4, 3, 15, 9, 11, 11, 12, 5, 12, 20, 19, 4, 10, 17, 2, 4, 15, 4, 9, 4, 10, 14, 14, 2, 2, 4, 8, 10, 17, 17, 8, 8, 5, 8, 17, 8, 5, 2, 2, 6, 2, 6, 13, 16, 6, 11, 5, 12, 20, 2, 10, 14, 14, 2, 14, 15, 18, 2, 2, 10, 7, 5, 7, 18, 7, 17, 14, 15, 8, 7, 15, 8, 17, 14, 17, 8, 14, 15, 8, 17, 17, 17, 8, 14, 7, 18, 7, 18, 7, 18, 18, 7, 18, 7, 18, 7, 18, 18]
bestever    2043    in generation 534
[1, 1, 6, 1, 19, 13, 16, 13, 12, 6, 9, 20, 19, 16, 6, 1, 13, 10, 16, 6, 13, 11, 6, 16, 1, 11, 16, 9, 13, 1, 19, 19, 12, 16, 14, 3, 3, 16, 9, 1, 1, 6, 9, 3, 13, 3, 11, 3, 3, 6, 5, 9, 9, 9, 1, 1, 16, 13, 12, 12, 19, 13, 11, 5, 20, 19, 10, 5, 20, 10, 13, 3, 15, 5, 20, 10, 12, 20, 15, 19, 3, 11, 11, 4, 20, 15, 4, 4, 12, 19, 20, 15, 4, 3, 19, 11, 9, 12, 16, 5, 20, 10, 4, 3, 15, 9, 11, 11, 12, 5, 2, 20, 19, 4, 10, 2, 4, 4, 9, 4, 10, 14, 2, 2, 4, 8, 10, 5, 5, 2, 2, 6, 2, 6, 13, 16, 6, 11, 5, 12, 20, 2, 10, 12, 14, 18, 2, 2, 10, 7, 5, 18, 7, 14, 7, 14, 15, 8, 7, 15, 8, 18, 14, 17, 8, 14, 15, 8, 17, 17, 17, 8, 15, 8, 17, 14, 17, 8, 14, 15, 8, 17, 17, 17, 8, 14, 7, 18, 7, 18, 7, 18, 18, 7, 18, 7, 18, 7, 18, 17]
bestever    2038    in generation 562
[1, 1, 6, 1, 19, 13, 16, 13, 12, 6, 9, 20, 19, 16, 6, 1, 13, 10, 16, 6, 13, 11, 6, 16, 1, 11, 16, 9, 13, 1, 19, 19, 12, 16, 14, 3, 3, 16, 9, 1, 1, 6, 9, 3, 13, 3, 11, 3, 3, 6, 5, 9, 9, 9, 1, 1, 16, 13, 12, 12, 19, 13, 11, 5, 20, 19, 10, 5, 20, 10, 13, 3, 15, 5, 20, 10, 12, 2, 15, 19, 3, 11, 11, 4, 20, 15, 4, 4, 12, 19, 20, 15, 4, 3, 19, 11, 9, 12, 16, 5, 20, 10, 4, 3, 15, 9, 11, 11, 12, 5, 2, 20, 19, 4, 10, 2, 4, 4, 9, 4, 10, 14, 2, 2, 4, 8, 10, 5, 5, 2, 20, 6, 2, 6, 13, 16, 6, 11, 5, 12, 20, 2, 10, 12, 14, 18, 2, 2, 10, 7, 5, 18, 7, 14, 7, 14, 15, 8, 7, 15, 8, 18, 14, 17, 8, 14, 15, 8, 17, 17, 17, 8, 15, 8, 17, 14, 17, 8, 14, 15, 8, 17, 17, 17, 8, 14, 7, 18, 7, 18, 7, 18, 18, 7, 18, 7, 18, 7, 18, 17]
bestever    1994    in generation 594
[1, 1, 6, 1, 19, 13, 16, 13, 12, 6, 20, 19, 16, 6, 1, 13, 10, 16, 6, 13, 11, 6, 16, 1, 11, 16, 13, 1, 19, 19, 12, 16, 14, 3, 3, 16, 9, 1, 1, 6, 9, 3, 13, 3, 11, 3, 3, 6, 5, 9, 9, 9, 9, 9, 1, 1, 16, 13, 12, 12, 19, 13, 11, 5, 20, 19, 10, 5, 20, 10, 13, 3, 15, 5, 20, 10, 12, 2, 15, 19, 3, 11, 11, 4, 20, 15, 4, 4, 12, 19, 20, 15, 4, 3, 19, 11, 9, 12, 16, 5, 20, 10, 4, 3, 15, 9, 11, 11, 12, 5, 2, 20, 19, 4, 10, 2, 4, 4, 9, 4, 10, 14, 2, 2, 4, 8, 10, 5, 5, 2, 20, 6, 2, 6, 13, 16, 6, 11, 5, 12, 20, 2, 10, 12, 14, 18, 2, 2, 10, 7, 5, 18, 7, 14, 7, 14, 15, 8, 7, 15, 8, 18, 14, 17, 8, 14, 15, 8, 17, 17, 17, 8, 15, 8, 17, 14, 17, 8, 14, 15, 8, 17, 17, 17, 8, 14, 7, 18, 7, 18, 7, 18, 18, 7, 18, 7, 18, 7, 18, 17]
bestever    1993    in generation 667
[1, 1, 6, 1, 19, 13, 16, 13, 12, 6, 20, 19, 16, 6, 1, 13, 10, 16, 6, 13, 11, 6, 16, 1, 11, 16, 13, 1, 19, 19, 12, 16, 14, 3, 3, 16, 9, 1, 1, 6, 9, 3, 13, 3, 11, 3, 3, 6, 5, 9, 9, 9, 9, 9, 1, 1, 16, 13, 12, 12, 19, 13, 11, 5, 20, 19, 10, 5, 20, 10, 13, 3, 15, 5, 20, 10, 12, 2, 15, 19, 3, 11, 11, 4, 20, 15, 4, 4, 12, 19, 20, 15, 4, 3, 19, 11, 9, 12, 16, 5, 20, 10, 4, 3, 15, 9, 11, 11, 12, 17, 2, 20, 19, 4, 10, 2, 4, 4, 9, 4, 10, 14, 2, 2, 4, 8, 10, 5, 5, 2, 20, 6, 2, 6, 13, 16, 6, 11, 5, 12, 20, 2, 10, 12, 14, 18, 2, 2, 10, 7, 5, 18, 7, 14, 7, 14, 15, 8, 7, 15, 8, 18, 14, 17, 8, 15, 8, 17, 17, 14, 8, 17, 15, 8, 17, 14, 5, 8, 14, 15, 8, 17, 17, 17, 8, 14, 7, 18, 7, 18, 7, 18, 18, 7, 18, 7, 18, 7, 18, 17]
bestever    1984    in generation 696
[16, 6, 13, 11, 6, 16, 1, 16, 13, 1, 19, 19, 12, 6, 13, 6, 1, 1, 13, 20, 10, 6, 16, 1, 11, 16, 13, 1, 19, 19, 12, 16, 14, 3, 3, 16, 9, 1, 1, 6, 9, 3, 13, 3, 11, 3, 3, 6, 5, 9, 9, 9, 9, 9, 1, 1, 16, 13, 12, 12, 19, 13, 11, 5, 20, 19, 10, 5, 20, 10, 13, 3, 15, 5, 20, 10, 12, 2, 15, 19, 3, 11, 11, 4, 20, 15, 4, 4, 12, 19, 20, 15, 4, 3, 19, 11, 9, 12, 16, 5, 20, 10, 4, 3, 15, 9, 11, 11, 12, 17, 2, 20, 19, 4, 10, 2, 4, 4, 9, 4, 10, 14, 2, 2, 4, 8, 10, 5, 5, 2, 20, 6, 2, 6, 13, 16, 6, 11, 5, 12, 20, 2, 10, 12, 14, 18, 2, 2, 10, 7, 5, 18, 7, 14, 7, 14, 15, 8, 7, 15, 8, 18, 14, 17, 8, 15, 8, 17, 17, 14, 8, 17, 15, 8, 17, 14, 5, 8, 14, 15, 8, 17, 17, 17, 8, 14, 7, 18, 7, 18, 7, 18, 18, 7, 18, 7, 18, 7, 18, 17]
bestever    1975    in generation 741
[16, 6, 13, 11, 6, 16, 1, 16, 13, 1, 19, 19, 12, 6, 13, 6, 1, 1, 13, 20, 10, 6, 16, 1, 11, 16, 13, 1, 19, 19, 12, 16, 14, 3, 3, 16, 9, 1, 1, 6, 9, 3, 13, 3, 11, 3, 3, 6, 5, 9, 9, 9, 9, 9, 1, 1, 16, 13, 12, 12, 19, 13, 11, 5, 20, 19, 10, 5, 20, 10, 13, 3, 15, 5, 12, 10, 12, 2, 15, 19, 3, 11, 11, 4, 20, 15, 4, 4, 20, 19, 20, 15, 4, 3, 19, 11, 9, 12, 16, 5, 20, 10, 4, 3, 15, 9, 11, 11, 12, 17, 2, 20, 19, 4, 10, 2, 4, 4, 9, 4, 10, 14, 2, 2, 4, 8, 10, 5, 5, 2, 20, 6, 2, 6, 13, 16, 6, 11, 5, 12, 20, 2, 10, 12, 14, 18, 2, 2, 10, 7, 5, 18, 7, 14, 7, 14, 15, 8, 7, 15, 8, 18, 14, 17, 8, 15, 8, 17, 17, 14, 8, 17, 15, 8, 17, 14, 5, 8, 14, 15, 8, 17, 17, 17, 8, 14, 7, 18, 7, 18, 7, 18, 18, 7, 18, 7, 18, 7, 18, 17]
bestever    1970    in generation 748
[16, 6, 13, 11, 6, 1, 16, 13, 1, 19, 19, 12, 6, 13, 6, 1, 1, 13, 20, 6, 16, 1, 11, 16, 13, 1, 19, 19, 12, 16, 14, 3, 3, 16, 9, 1, 1, 6, 9, 3, 13, 11, 3, 3, 6, 5, 9, 9, 9, 1, 1, 16, 13, 12, 12, 19, 13, 20, 10, 5, 20, 10, 13, 3, 15, 5, 10, 2, 15, 19, 3, 11, 4, 20, 15, 4, 4, 20, 19, 20, 19, 11, 9, 12, 16, 5, 10, 3, 9, 11, 12, 15, 4, 3, 19, 11, 9, 12, 16, 5, 20, 10, 4, 3, 15, 9, 11, 11, 12, 17, 2, 20, 19, 4, 10, 2, 4, 4, 9, 4, 10, 14, 2, 2, 4, 8, 10, 5, 5, 2, 20, 6, 2, 6, 13, 16, 6, 11, 5, 12, 20, 2, 10, 12, 14, 18, 2, 2, 10, 7, 5, 18, 7, 14, 7, 14, 15, 8, 7, 15, 8, 18, 14, 17, 8, 15, 8, 17, 17, 14, 8, 17, 15, 8, 17, 14, 5, 8, 14, 15, 8, 17, 17, 17, 8, 14, 7, 18, 7, 18, 7, 18, 18, 7, 18, 7, 18, 7, 18, 17]
bestever    1964    in generation 775
[16, 6, 13, 11, 6, 1, 16, 13, 1, 19, 19, 12, 6, 13, 6, 1, 1, 13, 20, 6, 16, 1, 11, 16, 13, 1, 19, 19, 12, 16, 14, 3, 3, 16, 9, 1, 1, 9, 3, 13, 11, 3, 3, 6, 5, 9, 9, 9, 1, 1, 16, 13, 12, 12, 19, 13, 20, 10, 5, 20, 10, 13, 3, 15, 10, 2, 15, 19, 3, 11, 4, 20, 15, 4, 4, 20, 19, 20, 19, 11, 9, 12, 16, 10, 3, 9, 11, 12, 15, 4, 3, 19, 11, 9, 12, 16, 5, 20, 10, 4, 3, 15, 9, 11, 11, 12, 17, 2, 19, 4, 4, 4, 9, 4, 10, 14, 2, 4, 8, 10, 5, 5, 2, 20, 6, 2, 10, 5, 5, 2, 20, 6, 2, 6, 13, 16, 6, 11, 5, 12, 20, 2, 10, 12, 14, 18, 2, 2, 17, 7, 5, 18, 7, 14, 7, 14, 15, 8, 7, 15, 8, 18, 14, 17, 8, 15, 8, 17, 17, 14, 8, 17, 15, 8, 17, 14, 5, 8, 14, 15, 8, 17, 17, 10, 8, 14, 7, 18, 7, 18, 7, 18, 18, 7, 18, 7, 18, 7, 18, 17]
bestever    1963    in generation 824
[16, 6, 13, 11, 6, 1, 16, 13, 1, 19, 19, 12, 6, 13, 6, 1, 1, 13, 20, 6, 16, 1, 11, 16, 13, 1, 19, 19, 12, 16, 14, 3, 3, 16, 9, 1, 1, 9, 3, 13, 11, 3, 3, 6, 5, 9, 9, 9, 1, 1, 16, 13, 12, 12, 19, 13, 20, 10, 5, 20, 10, 13, 3, 15, 10, 2, 15, 19, 3, 11, 4, 20, 15, 4, 4, 20, 19, 20, 19, 11, 9, 12, 16, 10, 3, 9, 11, 12, 15, 4, 3, 19, 11, 9, 12, 16, 5, 20, 10, 4, 3, 15, 9, 11, 11, 12, 17, 2, 19, 4, 4, 4, 9, 4, 10, 14, 2, 4, 8, 10, 5, 5, 2, 20, 18, 2, 10, 5, 5, 2, 20, 6, 2, 6, 13, 16, 6, 11, 5, 12, 20, 2, 10, 12, 14, 2, 2, 17, 7, 5, 14, 6, 7, 7, 14, 15, 8, 7, 15, 8, 18, 14, 17, 8, 15, 8, 17, 17, 14, 8, 17, 15, 8, 17, 14, 5, 8, 14, 15, 8, 17, 17, 10, 8, 14, 7, 18, 7, 18, 18, 7, 18, 7, 18, 18, 7, 18, 7, 18, 17]
bestever    1962    in generation 833
[16, 6, 13, 11, 6, 1, 16, 13, 1, 19, 19, 12, 6, 13, 6, 1, 1, 13, 20, 6, 16, 1, 11, 16, 13, 1, 19, 19, 12, 16, 14, 3, 3, 16, 9, 1, 1, 9, 3, 13, 11, 3, 3, 6, 5, 9, 9, 9, 1, 1, 16, 13, 12, 12, 19, 13, 20, 10, 5, 20, 10, 13, 3, 15, 10, 2, 15, 19, 3, 11, 4, 20, 15, 4, 4, 20, 19, 20, 19, 11, 9, 12, 16, 10, 3, 9, 11, 12, 15, 4, 3, 19, 11, 9, 12, 16, 5, 20, 10, 4, 3, 15, 9, 11, 11, 12, 17, 2, 19, 4, 4, 4, 9, 4, 10, 14, 2, 4, 8, 10, 5, 5, 2, 20, 2, 10, 5, 5, 2, 20, 6, 2, 6, 13, 16, 6, 11, 5, 12, 20, 2, 10, 12, 14, 2, 2, 17, 7, 5, 14, 6, 7, 7, 14, 15, 8, 15, 8, 14, 17, 8, 15, 8, 17, 18, 18, 7, 17, 14, 8, 17, 15, 8, 17, 14, 5, 8, 14, 15, 8, 17, 17, 10, 8, 14, 7, 18, 7, 18, 7, 18, 18, 7, 18, 17, 7, 18, 18, 7, 18]
bestever    1925    in generation 892
[16, 6, 13, 11, 6, 1, 16, 13, 1, 19, 19, 12, 6, 13, 6, 1, 1, 13, 20, 6, 16, 1, 11, 16, 13, 1, 19, 19, 12, 16, 14, 3, 3, 16, 9, 1, 1, 9, 3, 13, 11, 3, 3, 6, 5, 9, 9, 9, 1, 1, 16, 13, 12, 12, 19, 13, 20, 10, 5, 20, 10, 13, 3, 15, 10, 2, 15, 19, 3, 4, 20, 15, 4, 4, 20, 19, 20, 11, 12, 16, 10, 3, 9, 11, 12, 15, 4, 3, 19, 11, 9, 19, 11, 9, 12, 16, 5, 20, 10, 4, 3, 15, 9, 11, 11, 12, 17, 2, 19, 4, 4, 4, 9, 4, 10, 14, 2, 4, 8, 10, 5, 5, 2, 20, 2, 10, 5, 5, 2, 20, 6, 2, 6, 13, 16, 6, 11, 5, 12, 20, 2, 10, 12, 14, 2, 2, 17, 7, 5, 14, 6, 7, 7, 14, 15, 8, 15, 8, 14, 17, 8, 15, 8, 17, 18, 18, 7, 17, 14, 8, 17, 15, 8, 17, 14, 5, 8, 14, 15, 8, 17, 17, 10, 8, 14, 7, 18, 7, 18, 7, 18, 18, 7, 18, 17, 7, 18, 18, 7, 18]
bestever    1906    in generation 999
[16, 6, 13, 11, 6, 1, 16, 13, 1, 19, 19, 12, 6, 13, 6, 1, 1, 13, 20, 6, 16, 1, 11, 3, 16, 13, 1, 19, 19, 12, 16, 14, 3, 3, 16, 9, 1, 1, 9, 3, 13, 11, 3, 3, 6, 5, 19, 9, 9, 1, 1, 16, 13, 12, 12, 9, 13, 20, 10, 5, 20, 10, 13, 3, 15, 10, 2, 15, 19, 3, 4, 20, 15, 4, 4, 20, 19, 20, 11, 12, 16, 10, 9, 11, 12, 15, 4, 3, 19, 11, 9, 19, 11, 9, 12, 16, 5, 20, 10, 4, 3, 15, 9, 11, 11, 12, 17, 2, 19, 4, 4, 4, 9, 4, 10, 14, 2, 4, 8, 10, 5, 5, 2, 20, 2, 10, 5, 5, 2, 20, 6, 2, 6, 13, 16, 6, 11, 5, 12, 20, 2, 10, 12, 14, 2, 2, 17, 7, 5, 14, 6, 7, 7, 14, 15, 8, 15, 8, 14, 17, 8, 15, 8, 17, 18, 18, 7, 17, 14, 8, 17, 15, 8, 17, 14, 5, 8, 14, 15, 8, 17, 17, 10, 8, 14, 7, 18, 7, 18, 7, 18, 18, 7, 18, 17, 7, 18, 18, 7, 18]
bestever    1902    in generation 1025
[6, 13, 11, 6, 1, 16, 13, 1, 19, 19, 12, 6, 13, 6, 1, 1, 13, 20, 6, 16, 1, 11, 3, 16, 13, 1, 19, 19, 12, 16, 14, 3, 3, 16, 9, 1, 1, 3, 13, 11, 3, 3, 6, 5, 19, 9, 9, 1, 1, 16, 13, 12, 12, 9, 13, 20, 10, 5, 20, 10, 13, 3, 15, 10, 2, 15, 19, 3, 4, 20, 15, 16, 9, 4, 4, 20, 19, 20, 11, 12, 16, 10, 9, 11, 12, 15, 4, 3, 19, 11, 9, 19, 11, 9, 12, 16, 5, 20, 10, 4, 3, 15, 9, 11, 11, 12, 17, 2, 19, 4, 4, 4, 9, 4, 10, 14, 2, 4, 8, 10, 5, 5, 2, 20, 2, 10, 5, 5, 2, 20, 6, 2, 6, 13, 16, 6, 11, 5, 12, 20, 2, 10, 12, 14, 2, 2, 17, 7, 5, 14, 6, 7, 14, 15, 8, 15, 8, 14, 17, 8, 15, 8, 17, 17, 14, 8, 17, 15, 8, 17, 14, 5, 8, 14, 15, 8, 7, 18, 17, 17, 7, 18, 10, 8, 14, 7, 18, 7, 18, 7, 18, 18, 7, 18, 17, 7, 18, 18, 7, 18]
bestever    1894    in generation 1083
[6, 13, 11, 6, 1, 16, 13, 1, 19, 19, 12, 6, 13, 6, 1, 1, 13, 20, 6, 16, 1, 11, 3, 16, 13, 1, 19, 19, 12, 16, 14, 3, 3, 12, 9, 1, 1, 3, 13, 11, 3, 3, 6, 5, 19, 9, 9, 1, 1, 16, 13, 12, 16, 9, 13, 20, 10, 5, 20, 10, 13, 3, 15, 10, 2, 15, 19, 3, 4, 20, 15, 16, 9, 4, 4, 20, 19, 20, 11, 12, 16, 10, 9, 11, 12, 15, 4, 3, 19, 11, 9, 19, 11, 9, 12, 16, 5, 20, 10, 4, 3, 15, 9, 11, 11, 12, 17, 2, 19, 4, 4, 4, 9, 4, 10, 14, 2, 4, 8, 10, 5, 5, 2, 20, 2, 5, 20, 6, 2, 6, 13, 16, 6, 5, 2, 10, 11, 5, 12, 20, 2, 10, 12, 14, 2, 2, 17, 7, 5, 14, 6, 7, 14, 15, 8, 15, 8, 14, 17, 8, 15, 8, 17, 17, 14, 8, 17, 15, 8, 17, 14, 5, 8, 14, 15, 8, 7, 18, 17, 17, 7, 18, 10, 8, 14, 7, 7, 18, 18, 7, 18, 18, 7, 18, 17, 7, 18, 18, 7, 18]
bestever    1877    in generation 1290
[6, 13, 11, 6, 1, 16, 13, 1, 19, 19, 6, 12, 6, 13, 6, 1, 1, 13, 20, 6, 16, 1, 11, 3, 16, 13, 1, 6, 19, 19, 12, 16, 14, 3, 3, 12, 9, 1, 1, 3, 13, 11, 3, 15, 3, 6, 5, 19, 9, 9, 1, 1, 16, 13, 12, 16, 9, 13, 20, 10, 5, 20, 10, 13, 3, 10, 2, 4, 15, 19, 3, 4, 20, 15, 16, 9, 4, 20, 19, 20, 11, 12, 16, 10, 9, 11, 12, 15, 4, 3, 19, 11, 9, 19, 11, 9, 12, 16, 5, 20, 10, 4, 3, 15, 9, 11, 11, 12, 2, 19, 4, 4, 4, 9, 4, 10, 14, 2, 4, 8, 15, 10, 5, 5, 7, 2, 20, 17, 5, 20, 6, 2, 13, 16, 5, 2, 10, 11, 5, 12, 20, 2, 10, 12, 14, 2, 2, 5, 14, 6, 7, 14, 15, 17, 2, 8, 17, 8, 14, 8, 15, 8, 14, 17, 14, 8, 17, 15, 8, 17, 14, 5, 8, 18, 7, 18, 17, 15, 8, 7, 18, 17, 7, 7, 18, 10, 8, 14, 7, 7, 18, 18, 17, 18, 18, 7, 18, 17, 7, 18]
bestever    1871    in generation 1350
[6, 13, 11, 6, 1, 16, 13, 1, 19, 19, 6, 12, 6, 13, 6, 1, 1, 13, 20, 6, 16, 1, 11, 19, 16, 13, 1, 6, 19, 19, 12, 16, 14, 3, 3, 12, 9, 1, 1, 3, 13, 11, 3, 15, 3, 6, 5, 19, 9, 9, 1, 1, 16, 13, 12, 16, 9, 13, 20, 10, 5, 20, 10, 13, 3, 10, 2, 4, 15, 19, 3, 4, 20, 15, 16, 9, 4, 20, 19, 20, 11, 12, 16, 10, 9, 11, 12, 15, 4, 3, 19, 11, 9, 19, 11, 9, 12, 16, 5, 20, 10, 4, 3, 15, 9, 11, 11, 12, 2, 3, 4, 4, 4, 9, 4, 10, 14, 2, 4, 8, 15, 10, 5, 5, 7, 2, 20, 17, 5, 20, 6, 2, 13, 16, 5, 2, 10, 11, 5, 12, 20, 2, 10, 12, 14, 2, 2, 5, 14, 6, 7, 17, 15, 14, 2, 8, 17, 8, 14, 8, 15, 8, 14, 17, 14, 8, 17, 15, 8, 17, 14, 5, 8, 18, 7, 18, 17, 15, 8, 7, 18, 17, 7, 7, 18, 10, 8, 14, 7, 7, 18, 18, 17, 18, 18, 7, 18, 17, 7, 18]
bestever    1863    in generation 1478
[6, 13, 11, 6, 1, 16, 13, 1, 19, 19, 6, 12, 20, 13, 6, 1, 1, 13, 20, 6, 16, 1, 11, 19, 16, 3, 13, 1, 6, 19, 19, 12, 16, 14, 3, 12, 12, 9, 1, 1, 3, 13, 11, 3, 15, 6, 5, 19, 9, 9, 8, 1, 1, 16, 13, 12, 13, 6, 10, 5, 20, 10, 13, 3, 10, 2, 4, 15, 19, 16, 9, 3, 4, 20, 15, 16, 9, 4, 20, 19, 20, 11, 3, 16, 10, 9, 11, 12, 15, 4, 3, 19, 11, 9, 19, 11, 9, 12, 16, 5, 14, 16, 5, 20, 10, 4, 3, 15, 9, 11, 11, 4, 12, 2, 3, 4, 4, 4, 9, 4, 10, 14, 2, 15, 10, 5, 5, 7, 2, 20, 17, 5, 14, 20, 6, 2, 2, 10, 11, 5, 12, 20, 2, 10, 12, 14, 2, 2, 5, 6, 7, 17, 15, 14, 2, 8, 18, 8, 13, 8, 15, 8, 14, 17, 14, 8, 17, 15, 8, 17, 14, 5, 8, 18, 7, 18, 17, 15, 8, 7, 17, 17, 7, 7, 18, 10, 8, 14, 7, 7, 18, 18, 17, 18, 18, 7, 18, 17, 7, 18]
bestever    1862    in generation 1556
[6, 13, 11, 6, 1, 16, 13, 1, 19, 19, 6, 12, 20, 13, 6, 1, 1, 13, 20, 6, 16, 1, 11, 19, 16, 3, 13, 1, 6, 19, 19, 12, 16, 14, 3, 12, 12, 9, 1, 1, 3, 13, 11, 3, 15, 6, 5, 19, 9, 9, 8, 1, 1, 16, 13, 12, 13, 6, 10, 5, 20, 10, 13, 3, 10, 2, 4, 15, 19, 16, 9, 3, 4, 20, 15, 16, 9, 4, 20, 19, 20, 11, 3, 16, 10, 9, 11, 12, 4, 3, 19, 11, 9, 19, 11, 9, 12, 16, 5, 16, 5, 20, 10, 4, 3, 15, 9, 11, 11, 4, 12, 2, 3, 4, 4, 4, 9, 4, 10, 14, 2, 15, 10, 5, 5, 7, 2, 20, 17, 5, 14, 20, 2, 2, 10, 11, 5, 12, 20, 2, 10, 12, 14, 2, 2, 5, 6, 17, 15, 14, 15, 14, 2, 8, 18, 8, 13, 8, 15, 8, 14, 17, 14, 8, 17, 15, 8, 17, 14, 5, 8, 15, 8, 7, 17, 17, 7, 7, 18, 10, 8, 14, 7, 7, 18, 18, 17, 18, 18, 7, 18, 17, 7, 18, 6, 7, 18, 17, 7, 18]
bestever    1858    in generation 1702
[6, 13, 11, 6, 1, 16, 13, 1, 19, 19, 6, 12, 20, 13, 6, 1, 1, 13, 20, 6, 16, 1, 11, 19, 16, 3, 13, 1, 6, 19, 19, 12, 16, 14, 3, 12, 12, 9, 1, 1, 3, 13, 11, 3, 15, 6, 5, 19, 9, 9, 8, 1, 1, 16, 13, 12, 13, 11, 10, 5, 20, 10, 13, 3, 10, 2, 4, 15, 19, 16, 9, 3, 4, 20, 15, 16, 9, 4, 20, 14, 20, 11, 3, 16, 10, 9, 11, 12, 4, 3, 19, 6, 9, 19, 11, 9, 12, 16, 5, 16, 5, 20, 10, 4, 3, 15, 9, 11, 11, 4, 12, 2, 10, 3, 4, 4, 4, 9, 4, 14, 2, 15, 10, 5, 8, 5, 7, 2, 20, 17, 5, 19, 20, 2, 2, 10, 11, 5, 12, 20, 2, 10, 12, 14, 2, 2, 10, 8, 14, 7, 7, 18, 18, 17, 18, 5, 6, 17, 15, 14, 15, 14, 2, 8, 18, 8, 13, 8, 15, 8, 14, 17, 14, 8, 17, 15, 8, 17, 14, 5, 15, 8, 7, 17, 17, 7, 7, 18, 18, 7, 18, 17, 7, 18, 6, 7, 18, 17, 7, 18]
bestever    1849    in generation 1899
[6, 13, 19, 6, 1, 16, 13, 1, 19, 11, 6, 12, 20, 13, 6, 1, 1, 13, 20, 6, 16, 1, 11, 19, 16, 3, 13, 1, 6, 19, 19, 12, 16, 14, 3, 12, 12, 9, 1, 1, 3, 13, 11, 3, 15, 6, 5, 19, 9, 9, 8, 1, 1, 16, 13, 13, 13, 11, 10, 5, 20, 10, 19, 12, 3, 10, 2, 4, 15, 19, 16, 9, 3, 4, 4, 20, 15, 16, 9, 4, 20, 14, 20, 11, 3, 16, 10, 9, 11, 4, 3, 12, 6, 9, 19, 11, 9, 12, 16, 5, 16, 5, 20, 10, 3, 15, 9, 11, 11, 4, 12, 2, 10, 3, 4, 2, 15, 17, 4, 4, 9, 4, 14, 2, 20, 10, 5, 8, 5, 5, 19, 20, 8, 2, 10, 11, 5, 12, 20, 2, 10, 12, 14, 2, 2, 10, 8, 14, 7, 18, 18, 17, 18, 5, 6, 17, 15, 14, 15, 14, 2, 8, 18, 6, 13, 8, 15, 2, 14, 17, 14, 8, 17, 15, 8, 14, 5, 15, 8, 7, 17, 7, 7, 17, 17, 7, 7, 18, 18, 7, 18, 17, 7, 18, 8, 7, 18, 17, 7, 18]
bestever    1843    in generation 1934
[6, 13, 19, 6, 1, 16, 13, 1, 19, 11, 6, 12, 20, 13, 6, 1, 1, 13, 20, 6, 16, 1, 11, 19, 16, 3, 13, 1, 6, 19, 19, 12, 16, 14, 3, 12, 12, 9, 1, 1, 3, 13, 11, 3, 15, 6, 5, 19, 9, 9, 8, 1, 1, 16, 13, 13, 13, 11, 10, 5, 20, 10, 19, 12, 3, 10, 2, 4, 15, 19, 16, 9, 3, 4, 4, 20, 15, 16, 9, 4, 20, 14, 20, 11, 3, 16, 10, 9, 11, 4, 3, 12, 6, 9, 19, 11, 9, 12, 16, 5, 16, 5, 20, 10, 3, 9, 11, 11, 4, 12, 2, 10, 3, 4, 2, 15, 17, 4, 4, 9, 4, 14, 2, 20, 10, 5, 8, 5, 5, 19, 20, 8, 2, 10, 11, 5, 12, 20, 2, 10, 12, 2, 10, 8, 14, 7, 18, 17, 5, 6, 17, 15, 14, 15, 14, 2, 15, 14, 2, 8, 6, 13, 8, 15, 2, 14, 17, 14, 8, 17, 15, 8, 14, 5, 15, 8, 7, 17, 17, 17, 7, 7, 18, 18, 7, 18, 7, 18, 18, 7, 18, 17, 7, 18, 8, 7, 18, 17, 7, 18]
bestever    1839    in generation 2105
[6, 13, 19, 6, 1, 16, 13, 1, 19, 11, 6, 12, 20, 13, 6, 1, 1, 13, 20, 6, 16, 1, 11, 19, 16, 3, 13, 1, 6, 19, 19, 12, 16, 14, 3, 12, 12, 9, 1, 1, 3, 13, 11, 3, 15, 6, 5, 19, 9, 9, 1, 1, 16, 13, 13, 13, 11, 10, 5, 20, 10, 19, 12, 3, 10, 2, 4, 15, 19, 16, 9, 3, 4, 4, 20, 15, 16, 9, 4, 20, 17, 14, 20, 11, 3, 16, 10, 9, 11, 4, 3, 12, 6, 9, 19, 11, 9, 12, 16, 5, 16, 5, 20, 10, 3, 9, 11, 11, 4, 12, 7, 2, 10, 3, 4, 2, 15, 17, 4, 7, 9, 4, 18, 2, 20, 10, 5, 5, 5, 19, 20, 8, 2, 5, 6, 15, 2, 15, 14, 8, 8, 15, 14, 14, 2, 8, 8, 13, 8, 10, 11, 5, 4, 20, 14, 2, 10, 12, 2, 10, 8, 14, 12, 17, 15, 2, 14, 17, 14, 8, 17, 15, 8, 14, 5, 15, 8, 7, 17, 17, 7, 18, 18, 7, 18, 17, 7, 18, 18, 7, 18, 17, 7, 18, 6, 7, 18, 17, 18, 7]
bestever    1834    in generation 2145
[6, 13, 19, 6, 1, 16, 13, 1, 19, 11, 6, 12, 20, 13, 6, 1, 1, 13, 20, 6, 16, 1, 11, 19, 16, 3, 13, 1, 6, 19, 19, 12, 16, 14, 3, 12, 12, 9, 1, 1, 3, 13, 11, 3, 15, 6, 5, 19, 9, 9, 1, 1, 16, 13, 13, 13, 11, 10, 5, 20, 10, 19, 12, 3, 10, 2, 4, 15, 19, 16, 9, 3, 4, 4, 20, 15, 16, 9, 4, 20, 17, 14, 20, 11, 3, 16, 10, 9, 11, 4, 3, 12, 6, 9, 19, 11, 9, 12, 16, 5, 16, 5, 20, 10, 3, 9, 11, 11, 4, 12, 7, 2, 10, 3, 4, 2, 15, 17, 4, 7, 9, 4, 18, 2, 20, 10, 5, 5, 5, 19, 20, 8, 2, 5, 6, 15, 2, 15, 14, 8, 8, 15, 14, 2, 8, 13, 8, 10, 11, 5, 4, 20, 14, 2, 8, 14, 10, 12, 2, 10, 8, 14, 12, 17, 15, 2, 14, 17, 14, 8, 17, 15, 8, 14, 5, 15, 8, 17, 17, 7, 7, 18, 18, 7, 18, 17, 7, 18, 6, 7, 18, 18, 7, 17, 7, 18, 18, 7, 18, 17]
bestever    1831    in generation 2296
[6, 13, 19, 6, 6, 1, 16, 13, 1, 19, 11, 6, 12, 20, 13, 6, 1, 1, 13, 20, 6, 16, 1, 11, 19, 16, 3, 13, 1, 19, 19, 12, 16, 14, 9, 12, 12, 3, 1, 1, 3, 13, 11, 3, 15, 6, 5, 19, 9, 9, 7, 1, 16, 13, 13, 3, 13, 11, 10, 5, 20, 10, 19, 12, 3, 10, 2, 4, 15, 19, 16, 9, 3, 4, 4, 20, 15, 16, 9, 4, 20, 17, 9, 20, 11, 3, 16, 10, 9, 1, 11, 4, 3, 12, 6, 9, 19, 11, 14, 12, 16, 5, 16, 5, 20, 10, 3, 9, 11, 11, 4, 12, 7, 2, 10, 4, 2, 15, 17, 4, 7, 9, 6, 2, 20, 10, 5, 5, 19, 20, 8, 2, 5, 6, 15, 2, 15, 14, 8, 8, 15, 14, 2, 8, 13, 8, 10, 11, 5, 4, 5, 4, 20, 14, 2, 8, 14, 10, 12, 2, 10, 8, 14, 12, 17, 15, 2, 14, 17, 14, 8, 17, 15, 8, 14, 5, 15, 8, 17, 17, 7, 7, 18, 18, 18, 17, 7, 18, 18, 7, 18, 18, 7, 17, 7, 18, 18, 7, 18, 17]
bestever    1822    in generation 2387
[6, 13, 19, 6, 6, 1, 16, 13, 1, 19, 11, 6, 12, 20, 13, 6, 1, 1, 13, 20, 6, 16, 1, 11, 19, 16, 3, 13, 1, 19, 19, 12, 16, 14, 9, 12, 12, 3, 1, 1, 3, 13, 11, 3, 15, 6, 5, 19, 9, 9, 7, 1, 16, 13, 13, 3, 13, 11, 10, 5, 20, 10, 19, 12, 3, 10, 2, 4, 15, 19, 16, 9, 3, 4, 4, 20, 15, 16, 9, 4, 20, 17, 9, 20, 11, 3, 16, 10, 9, 1, 11, 4, 3, 12, 6, 9, 19, 11, 14, 12, 16, 5, 16, 5, 13, 10, 3, 9, 11, 11, 4, 12, 7, 2, 10, 4, 2, 15, 4, 7, 9, 6, 2, 20, 10, 5, 5, 19, 20, 8, 2, 5, 6, 15, 2, 15, 14, 17, 8, 8, 15, 14, 2, 8, 20, 8, 10, 11, 5, 4, 5, 4, 20, 14, 2, 8, 14, 10, 12, 2, 10, 8, 14, 12, 17, 15, 2, 14, 17, 14, 8, 17, 15, 8, 14, 5, 15, 8, 17, 17, 7, 7, 18, 18, 18, 17, 7, 18, 18, 7, 18, 18, 7, 17, 7, 18, 18, 7, 18, 17]
bestever    1820    in generation 2409
[6, 13, 19, 6, 6, 1, 16, 13, 1, 19, 11, 6, 12, 20, 13, 6, 1, 1, 13, 20, 6, 16, 1, 11, 19, 16, 3, 13, 1, 19, 19, 12, 16, 14, 9, 12, 12, 3, 1, 1, 3, 13, 11, 3, 15, 6, 5, 19, 9, 9, 7, 1, 16, 13, 13, 3, 13, 11, 10, 5, 20, 10, 19, 12, 3, 10, 2, 4, 15, 19, 16, 9, 3, 4, 4, 20, 15, 16, 9, 4, 20, 17, 9, 20, 11, 3, 16, 10, 9, 1, 11, 4, 3, 12, 6, 9, 19, 11, 14, 12, 16, 5, 16, 5, 13, 10, 3, 9, 11, 11, 4, 12, 7, 2, 10, 4, 2, 15, 4, 7, 9, 6, 2, 20, 10, 5, 5, 19, 20, 8, 2, 5, 6, 15, 2, 15, 14, 8, 8, 14, 2, 8, 20, 8, 10, 11, 5, 17, 15, 4, 5, 4, 20, 14, 2, 8, 14, 10, 12, 2, 10, 8, 14, 12, 17, 15, 2, 14, 17, 14, 8, 17, 15, 8, 14, 5, 15, 8, 17, 17, 7, 7, 18, 18, 18, 17, 7, 18, 18, 7, 18, 18, 7, 17, 7, 18, 18, 7, 18, 17]
bestever    1819    in generation 2561
[6, 13, 19, 6, 6, 1, 16, 13, 1, 19, 11, 6, 12, 20, 13, 6, 1, 1, 13, 20, 6, 16, 1, 11, 19, 16, 3, 13, 1, 19, 19, 12, 16, 14, 9, 12, 12, 3, 1, 1, 3, 13, 11, 3, 15, 6, 5, 19, 9, 9, 7, 1, 16, 3, 13, 13, 3, 13, 11, 10, 5, 20, 10, 19, 4, 3, 10, 2, 4, 15, 19, 16, 9, 4, 12, 9, 15, 16, 20, 4, 20, 17, 9, 20, 11, 3, 16, 10, 9, 1, 11, 4, 3, 12, 6, 9, 19, 11, 14, 12, 16, 5, 16, 5, 13, 10, 3, 9, 11, 11, 4, 12, 7, 2, 10, 4, 2, 15, 4, 7, 9, 6, 2, 20, 10, 5, 5, 19, 20, 8, 2, 5, 6, 15, 2, 15, 14, 4, 8, 8, 14, 11, 2, 8, 20, 8, 10, 5, 17, 15, 4, 5, 20, 14, 2, 8, 14, 10, 12, 2, 10, 8, 14, 12, 17, 15, 2, 14, 17, 14, 8, 17, 15, 8, 14, 5, 15, 8, 17, 7, 7, 18, 18, 17, 18, 17, 7, 18, 18, 7, 18, 18, 7, 17, 7, 18, 18, 7, 18, 17]
bestever    1818    in generation 2565
[6, 13, 19, 6, 6, 1, 16, 13, 1, 19, 11, 6, 12, 20, 13, 6, 1, 1, 13, 20, 6, 16, 1, 11, 19, 16, 3, 13, 1, 19, 19, 12, 16, 14, 9, 12, 12, 3, 1, 1, 3, 13, 11, 3, 15, 6, 5, 19, 9, 9, 7, 1, 16, 3, 13, 13, 3, 13, 11, 10, 5, 20, 10, 19, 4, 3, 10, 2, 4, 15, 19, 16, 9, 4, 12, 9, 15, 16, 20, 4, 20, 17, 9, 20, 11, 3, 16, 10, 9, 1, 11, 4, 3, 12, 6, 9, 19, 11, 14, 12, 16, 5, 16, 5, 13, 10, 3, 9, 11, 11, 4, 12, 7, 2, 10, 4, 2, 15, 4, 7, 9, 6, 2, 20, 10, 5, 5, 19, 20, 8, 2, 5, 6, 15, 2, 15, 14, 4, 8, 8, 14, 11, 2, 8, 20, 8, 10, 5, 17, 15, 4, 5, 20, 14, 2, 8, 14, 10, 12, 2, 10, 8, 14, 12, 17, 15, 2, 14, 17, 14, 8, 17, 15, 8, 14, 5, 15, 8, 17, 7, 7, 18, 18, 17, 18, 17, 7, 18, 18, 7, 18, 18, 7, 17, 17, 7, 18, 7, 18, 18]
bestever    1816    in generation 6932
[6, 6, 19, 14, 13, 13, 6, 1, 16, 20, 1, 19, 4, 12, 3, 6, 4, 9, 13, 6, 1, 1, 12, 16, 6, 19, 13, 1, 16, 1, 13, 19, 19, 20, 16, 3, 9, 14, 17, 15, 13, 4, 10, 1, 6, 11, 13, 12, 12, 10, 2, 11, 1, 1, 2, 3, 17, 3, 5, 16, 9, 9, 11, 19, 20, 3, 10, 9, 8, 13, 3, 5, 11, 10, 17, 19, 9, 19, 5, 14, 12, 20, 3, 9, 16, 6, 3, 16, 19, 9, 1, 2, 16, 17, 19, 15, 12, 4, 8, 11, 3, 8, 11, 9, 10, 20, 11, 11, 15, 16, 5, 3, 4, 5, 20, 9, 20, 12, 2, 10, 4, 16, 7, 14, 11, 13, 17, 6, 20, 2, 14, 5, 12, 10, 17, 2, 20, 10, 4, 5, 12, 2, 5, 10, 15, 14, 2, 4, 7, 20, 11, 14, 5, 2, 18, 7, 18, 10, 13, 6, 7, 12, 5, 14, 15, 7, 18, 8, 8, 4, 15, 7, 8, 17, 18, 15, 14, 7, 18, 8, 17, 4, 18, 15, 14, 18, 7, 15, 8, 2, 17, 15, 7, 18, 8, 17, 7, 18, 8, 18]
bestever    1815    in generation 7150
[6, 6, 19, 14, 13, 13, 6, 1, 16, 20, 1, 19, 4, 12, 3, 6, 4, 9, 13, 6, 1, 1, 12, 16, 6, 19, 13, 1, 16, 1, 13, 19, 19, 20, 16, 3, 9, 14, 17, 15, 13, 4, 10, 1, 6, 11, 13, 12, 12, 10, 2, 11, 1, 1, 2, 13, 3, 17, 3, 5, 16, 9, 9, 11, 19, 20, 3, 10, 9, 8, 3, 5, 11, 10, 17, 19, 9, 19, 18, 5, 9, 14, 13, 12, 20, 3, 9, 16, 6, 3, 16, 19, 1, 2, 16, 17, 19, 15, 12, 4, 8, 11, 3, 8, 11, 9, 20, 10, 20, 11, 11, 7, 16, 5, 3, 4, 5, 20, 9, 12, 2, 10, 4, 16, 15, 14, 11, 13, 17, 6, 20, 2, 14, 5, 12, 10, 17, 2, 20, 10, 4, 5, 12, 2, 5, 10, 15, 14, 2, 4, 7, 20, 14, 5, 5, 2, 18, 7, 18, 10, 6, 7, 12, 11, 14, 15, 7, 18, 8, 8, 4, 15, 7, 4, 17, 18, 15, 14, 7, 17, 8, 18, 8, 15, 14, 18, 7, 15, 8, 2, 17, 15, 7, 18, 8, 17, 7, 18, 8, 18]
bestever    1810    in generation 7270
[6, 6, 19, 14, 13, 13, 6, 1, 16, 20, 1, 19, 4, 12, 3, 6, 4, 9, 13, 6, 1, 1, 12, 16, 6, 19, 13, 1, 16, 1, 13, 19, 19, 20, 16, 3, 9, 14, 17, 13, 4, 10, 1, 6, 11, 13, 12, 12, 10, 6, 2, 11, 1, 1, 2, 13, 3, 17, 3, 5, 16, 9, 9, 11, 19, 20, 3, 10, 9, 3, 5, 11, 10, 17, 19, 9, 19, 5, 9, 14, 13, 12, 20, 3, 9, 16, 6, 3, 16, 3, 1, 2, 16, 17, 19, 15, 12, 4, 11, 3, 11, 9, 20, 10, 20, 11, 11, 7, 16, 5, 19, 4, 5, 20, 9, 12, 2, 10, 4, 16, 15, 7, 8, 18, 11, 13, 20, 2, 5, 12, 10, 2, 20, 8, 10, 4, 5, 12, 2, 5, 10, 15, 14, 2, 4, 7, 20, 14, 5, 5, 2, 10, 6, 12, 15, 14, 11, 14, 4, 15, 17, 8, 17, 18, 15, 14, 7, 17, 8, 18, 8, 15, 7, 18, 8, 4, 17, 18, 15, 14, 7, 17, 8, 18, 14, 18, 7, 15, 8, 2, 17, 15, 7, 18, 8, 7, 7, 18, 8, 18]
bestever    1808    in generation 7384
[6, 6, 19, 13, 13, 6, 1, 16, 20, 1, 19, 4, 12, 3, 14, 6, 4, 9, 13, 6, 1, 1, 12, 16, 20, 6, 19, 13, 1, 16, 1, 13, 19, 19, 16, 3, 9, 14, 17, 13, 4, 10, 1, 6, 11, 13, 12, 12, 10, 6, 2, 11, 1, 1, 2, 13, 3, 17, 3, 19, 5, 16, 9, 9, 11, 19, 20, 3, 10, 9, 3, 5, 11, 10, 17, 19, 9, 19, 5, 9, 14, 13, 12, 20, 3, 9, 16, 6, 3, 16, 3, 1, 2, 16, 17, 15, 12, 4, 11, 3, 11, 9, 20, 10, 20, 11, 11, 7, 16, 5, 19, 4, 5, 20, 9, 12, 2, 10, 4, 16, 15, 8, 11, 13, 20, 2, 5, 12, 10, 2, 20, 8, 10, 4, 5, 12, 2, 5, 10, 15, 14, 2, 4, 20, 14, 5, 5, 2, 10, 6, 12, 15, 14, 11, 14, 4, 15, 17, 14, 18, 7, 17, 15, 7, 18, 8, 7, 17, 8, 18, 8, 15, 7, 18, 8, 4, 17, 18, 15, 14, 7, 17, 8, 18, 14, 18, 7, 15, 8, 2, 17, 15, 7, 18, 8, 7, 7, 18, 8, 18]
bestever    1807    in generation 8083
[6, 6, 19, 13, 13, 6, 1, 16, 20, 1, 19, 14, 4, 6, 12, 3, 6, 4, 6, 9, 13, 6, 1, 1, 12, 16, 6, 14, 19, 13, 10, 1, 16, 19, 13, 19, 1, 16, 3, 9, 20, 17, 11, 13, 1, 4, 10, 19, 11, 13, 2, 1, 12, 12, 16, 1, 3, 17, 3, 3, 1, 5, 16, 9, 9, 11, 19, 20, 13, 7, 9, 19, 5, 11, 10, 17, 8, 19, 9, 19, 5, 9, 14, 10, 12, 15, 9, 20, 2, 11, 9, 3, 6, 10, 13, 16, 3, 2, 16, 7, 17, 15, 12, 4, 11, 3, 20, 10, 20, 11, 11, 7, 3, 4, 5, 20, 9, 12, 18, 2, 10, 16, 17, 15, 11, 13, 20, 14, 8, 8, 4, 18, 5, 12, 10, 2, 12, 20, 3, 4, 5, 12, 8, 16, 2, 5, 10, 15, 14, 8, 14, 5, 5, 2, 4, 14, 2, 2, 4, 20, 14, 5, 2, 15, 17, 10, 17, 15, 17, 4, 18, 6, 15, 14, 11, 15, 15, 17, 18, 8, 7, 18, 7, 8, 8, 14, 17, 15, 7, 8, 7, 7, 7, 18, 8, 7, 18, 18, 18, 18]
